[name]
unknown

[dist]
# distance from previous block
# <min> <max>
0	14

[block]
# block no. 0 follows, 64 sequences, length 41
# corresponding to MSA columns:
# 14-54
name=unknown_A
#
# <colnr> <probs for GDERKNQSTAVLIFYWHMCP>
#	G	D	E	R	K	N	Q	S	T	A	V	L	I	F	Y	W	H	M	C	P
0	0.02719	0.00621	0.00761	0.00633	0.00865	0.00543	0.02327	0.05019	0.02888	0.08677	0.15224	0.12988	0.11582	0.00683	0.00419	0.00115	0.00292	0.02936	0.00357	0.30349
1	0.00874	0.00574	0.00671	0.00623	0.00765	0.00569	0.00455	0.06150	0.13896	0.11934	0.04107	0.24813	0.09950	0.15870	0.00752	0.00187	0.00309	0.00712	0.02455	0.04331
2	0.13797	0.00772	0.00930	0.00733	0.01036	0.00747	0.00602	0.10338	0.06024	0.56437	0.01419	0.01278	0.00929	0.00497	0.00392	0.00128	0.00355	0.00389	0.02536	0.00660
3	0.05812	0.02671	0.07441	0.03196	0.08520	0.05646	0.02181	0.06407	0.02935	0.10049	0.01213	0.07133	0.03846	0.07680	0.19597	0.00276	0.04155	0.00466	0.00283	0.00493
4	0.00670	0.00449	0.00549	0.00558	0.00650	0.00421	0.00397	0.02699	0.03653	0.07307	0.15433	0.38166	0.17290	0.08988	0.00651	0.00174	0.00260	0.00901	0.00396	0.00388
5	0.01658	0.00903	0.01071	0.00829	0.01143	0.00915	0.00682	0.37230	0.03950	0.41479	0.04785	0.01304	0.01015	0.00523	0.00420	0.00127	0.00392	0.00414	0.00465	0.00692
6	0.04674	0.00903	0.02987	0.33539	0.31615	0.00962	0.05840	0.05442	0.03600	0.03784	0.00831	0.01083	0.00645	0.00451	0.01814	0.00140	0.00523	0.00376	0.00227	0.00566
7	0.00698	0.00540	0.00716	0.00687	0.03217	0.00530	0.05476	0.00922	0.10361	0.03100	0.08424	0.17628	0.10950	0.28284	0.03064	0.00239	0.00360	0.00701	0.00330	0.03772
8	0.01475	0.00897	0.01003	0.00788	0.01068	0.00946	0.00644	0.46570	0.01553	0.20667	0.01218	0.01207	0.00854	0.00499	0.00390	0.00120	0.00378	0.00387	0.18696	0.00640
9	0.01799	0.00713	0.00958	0.00738	0.01051	0.00627	0.00608	0.05040	0.01218	0.76538	0.05044	0.01469	0.01138	0.00528	0.00421	0.00128	0.00351	0.00430	0.00508	0.00694
10	0.01014	0.01054	0.01386	0.18085	0.28080	0.14326	0.04633	0.01247	0.04033	0.01177	0.00823	0.05322	0.00727	0.00507	0.00588	0.00138	0.15707	0.00403	0.00216	0.00533
11	0.00894	0.00873	0.01326	0.31913	0.16684	0.04274	0.03819	0.01084	0.00795	0.01088	0.00702	0.01045	0.00597	0.00641	0.03969	0.03308	0.25942	0.00370	0.00191	0.00486
12	0.00861	0.00738	0.00861	0.00615	0.00984	0.00554	0.00492	0.01046	0.00861	0.01354	0.00738	0.00861	0.00615	0.00308	0.00308	0.00062	0.00308	0.00246	0.00246	0.87941
13	0.00506	0.00420	0.00431	0.00429	0.00556	0.00357	0.00315	0.00608	0.00933	0.01129	0.08584	0.03844	0.71623	0.07689	0.00619	0.00160	0.00225	0.00848	0.00379	0.00345
14	0.00916	0.00931	0.01398	0.01161	0.01206	0.01249	0.09467	0.01035	0.00673	0.01035	0.00577	0.00931	0.00554	0.00687	0.01270	0.00177	0.75706	0.00377	0.00185	0.00466
15	0.00669	0.00521	0.00592	0.00559	0.00676	0.00526	0.00407	0.01022	0.18623	0.01405	0.33641	0.02864	0.18249	0.17498	0.00796	0.00188	0.00268	0.00685	0.00395	0.00414
16	0.00548	0.00453	0.00480	0.00480	0.00616	0.00403	0.00364	0.02404	0.03958	0.01202	0.07141	0.09038	0.65299	0.01034	0.00494	0.00144	0.00230	0.04948	0.00391	0.00372
17	0.00532	0.00398	0.00493	0.00528	0.00604	0.00362	0.00378	0.00650	0.00942	0.01246	0.25088	0.38064	0.22989	0.02387	0.00535	0.00155	0.00228	0.03662	0.00403	0.00356
18	0.05353	0.00561	0.00638	0.00584	0.00726	0.00560	0.00437	0.09539	0.06099	0.07590	0.23296	0.12978	0.14677	0.11471	0.00664	0.00170	0.00284	0.00685	0.03251	0.00437
19	0.00984	0.00821	0.00882	0.00775	0.01006	0.00901	0.00604	0.09759	0.53190	0.01717	0.06804	0.04955	0.07635	0.00621	0.00426	0.00133	0.00319	0.00519	0.00406	0.07541
20	0.01098	0.00652	0.00787	0.00696	0.00883	0.00651	0.00536	0.15751	0.09018	0.21592	0.10851	0.27570	0.04650	0.00815	0.00460	0.00141	0.00309	0.00704	0.02301	0.00533
21	0.00543	0.00394	0.00494	0.00556	0.00601	0.00370	0.00375	0.02516	0.00838	0.01106	0.05878	0.62899	0.11355	0.09188	0.00671	0.00185	0.00256	0.01055	0.00377	0.00342
22	0.00569	0.00406	0.00505	0.00546	0.00610	0.00378	0.00381	0.00683	0.02234	0.02654	0.15177	0.43624	0.15230	0.10711	0.00696	0.00185	0.00257	0.04417	0.00385	0.00352
23	0.01615	0.00794	0.00982	0.00774	0.01067	0.00772	0.00630	0.17934	0.09576	0.51709	0.06399	0.01477	0.01174	0.02552	0.00462	0.00136	0.00363	0.00439	0.00475	0.00672
24	0.01579	0.00943	0.01079	0.00843	0.01152	0.00985	0.00691	0.42987	0.08608	0.30160	0.01383	0.01291	0.03331	0.00526	0.00416	0.00127	0.00397	0.00413	0.02405	0.00684
25	0.00724	0.00519	0.00593	0.00568	0.00697	0.00507	0.00419	0.01024	0.15436	0.07060	0.16643	0.11712	0.26729	0.12479	0.00702	0.00178	0.00273	0.02917	0.00395	0.00424
26	0.05038	0.00753	0.00950	0.00754	0.01053	0.00712	0.00615	0.07669	0.10788	0.61606	0.01581	0.04366	0.01073	0.00542	0.00416	0.00131	0.00353	0.00441	0.00482	0.00678
27	0.00593	0.00445	0.00668	0.00668	0.00742	0.00519	0.00519	0.00742	0.00668	0.00964	0.01113	0.01632	0.01038	0.03115	0.83756	0.00668	0.01113	0.00445	0.00223	0.00371
28	0.00515	0.00369	0.00486	0.00567	0.00598	0.00344	0.00380	0.00595	0.00821	0.01100	0.08463	0.74665	0.04242	0.04012	0.00578	0.00173	0.00242	0.01123	0.00387	0.00339
29	0.03367	0.01008	0.01137	0.06120	0.01298	0.01108	0.00759	0.51738	0.09643	0.12949	0.01153	0.01202	0.00833	0.00518	0.00430	0.00130	0.01793	0.02280	0.01870	0.00664
30	0.00546	0.00421	0.00498	0.00483	0.00596	0.00373	0.00360	0.00701	0.01071	0.01425	0.48105	0.05929	0.36102	0.00946	0.00492	0.00136	0.00203	0.00815	0.00426	0.00373
31	0.00538	0.00409	0.00482	0.00492	0.00581	0.00368	0.00352	0.00656	0.00955	0.01250	0.28062	0.19466	0.33113	0.09452	0.00661	0.00170	0.00234	0.02014	0.00395	0.00352
32	0.01038	0.38108	0.21018	0.06872	0.01564	0.06391	0.14644	0.01299	0.00898	0.02541	0.00695	0.00845	0.00558	0.00380	0.00368	0.00114	0.01622	0.00306	0.00191	0.00550
33	0.00823	0.06504	0.21444	0.00934	0.02653	0.02730	0.05797	0.06650	0.00883	0.01216	0.01226	0.06669	0.07501	0.03875	0.21534	0.00279	0.08088	0.00468	0.00241	0.00484
34	0.00748	0.00524	0.00716	0.00677	0.00780	0.00589	0.00522	0.08955	0.00813	0.04595	0.01144	0.01673	0.01054	0.11455	0.63136	0.00562	0.00939	0.00454	0.00258	0.00406
35	0.00652	0.00482	0.00583	0.03232	0.03205	0.00471	0.00404	0.03631	0.03306	0.02509	0.17465	0.11715	0.19739	0.29596	0.01035	0.00229	0.00311	0.00724	0.00346	0.00364
36	0.02836	0.03201	0.03699	0.00879	0.03908	0.22998	0.00687	0.15636	0.02923	0.01483	0.00955	0.02296	0.04358	0.00436	0.00363	0.00098	0.00467	0.00328	0.00275	0.32172
37	0.36954	0.08841	0.12868	0.04849	0.01140	0.08401	0.00737	0.02551	0.04974	0.01489	0.02810	0.02509	0.03599	0.00475	0.00402	0.00129	0.06206	0.00325	0.00248	0.00493
38	0.02618	0.03888	0.02715	0.02722	0.00912	0.04636	0.01713	0.18389	0.02445	0.01295	0.01020	0.11490	0.00992	0.05804	0.03474	0.30709	0.04040	0.00471	0.00270	0.00399
39	0.01073	0.00981	0.06259	0.01091	0.05861	0.03111	0.18205	0.24087	0.01982	0.04776	0.05647	0.04375	0.06110	0.10865	0.02527	0.00177	0.01512	0.00503	0.00316	0.00543
40	0.05823	0.03029	0.12080	0.02079	0.03252	0.05878	0.02141	0.09551	0.00986	0.01352	0.05053	0.35150	0.07485	0.00839	0.00461	0.00143	0.01280	0.00722	0.00323	0.02374

[dist]
# distance from previous block
# <min> <max>
1	21

[block]
# block no. 1 follows, 64 sequences, length 9
# corresponding to MSA columns:
# 76-84
name=unknown_B
#
# <colnr> <probs for GDERKNQSTAVLIFYWHMCP>
#	G	D	E	R	K	N	Q	S	T	A	V	L	I	F	Y	W	H	M	C	P
0	0.04011	0.21021	0.19303	0.00981	0.01350	0.08422	0.09299	0.10659	0.02522	0.06589	0.00886	0.02321	0.01846	0.00522	0.03008	0.00136	0.02974	0.00344	0.00250	0.03557
1	0.08515	0.02012	0.04080	0.00687	0.00912	0.03218	0.02884	0.17016	0.02389	0.06076	0.01136	0.05415	0.00925	0.01998	0.01829	0.00128	0.02198	0.00399	0.29804	0.08380
2	0.00862	0.00708	0.00820	0.00847	0.09022	0.03733	0.00582	0.07238	0.20351	0.03737	0.27545	0.06795	0.14584	0.00738	0.00457	0.00135	0.00306	0.00634	0.00398	0.00507
3	0.01139	0.04749	0.02925	0.01011	0.02489	0.05610	0.02381	0.23146	0.05471	0.03304	0.02272	0.02422	0.00771	0.03100	0.02110	0.00164	0.35722	0.00391	0.00279	0.00543
4	0.00592	0.00425	0.00580	0.00585	0.00630	0.00467	0.00415	0.00683	0.00652	0.00912	0.01248	0.06615	0.01303	0.32819	0.49611	0.00544	0.00808	0.00543	0.00242	0.00326
5	0.00644	0.00491	0.00713	0.00686	0.00764	0.00554	0.02713	0.03122	0.00744	0.01064	0.03926	0.10223	0.01302	0.08754	0.55352	0.00509	0.04580	0.00536	0.02945	0.00378
6	0.00844	0.00806	0.01154	0.17498	0.05939	0.03624	0.03257	0.01011	0.02124	0.01055	0.00817	0.04258	0.00768	0.05137	0.11082	0.00233	0.37387	0.00420	0.02137	0.00449
7	0.04731	0.11705	0.03870	0.00815	0.03611	0.10809	0.00664	0.08689	0.04633	0.12195	0.00886	0.00937	0.00679	0.00392	0.00344	0.00095	0.00415	0.00295	0.00289	0.33946
8	0.05783	0.02331	0.00997	0.02033	0.01086	0.00766	0.03189	0.18039	0.01121	0.14036	0.00996	0.03739	0.00791	0.02984	0.02310	0.00120	0.00385	0.00352	0.00324	0.38621

[dist]
# distance from previous block
# <min> <max>
2	11

[block]
# block no. 2 follows, 64 sequences, length 8
# corresponding to MSA columns:
# 96-103
name=unknown_C
#
# <colnr> <probs for GDERKNQSTAVLIFYWHMCP>
#	G	D	E	R	K	N	Q	S	T	A	V	L	I	F	Y	W	H	M	C	P
0	0.10944	0.15840	0.06828	0.03805	0.08609	0.26321	0.03939	0.08432	0.03125	0.07336	0.00785	0.00877	0.00610	0.00416	0.00361	0.00116	0.00544	0.00304	0.00253	0.00554
1	0.14092	0.10912	0.06006	0.01014	0.10180	0.09417	0.04270	0.12033	0.06004	0.05480	0.03316	0.11281	0.03188	0.00557	0.00390	0.00127	0.00436	0.00453	0.00299	0.00542
2	0.00683	0.00367	0.00532	0.00540	0.00550	0.00362	0.00361	0.00565	0.00616	0.00829	0.06556	0.10999	0.01206	0.05029	0.01442	0.68092	0.00338	0.00492	0.00226	0.00216
3	0.03873	0.00942	0.02431	0.01028	0.08653	0.07697	0.08830	0.15114	0.16847	0.01629	0.11699	0.01870	0.13029	0.00616	0.00455	0.00134	0.01809	0.02451	0.00347	0.00547
4	0.01000	0.02618	0.09409	0.02279	0.10721	0.04276	0.13378	0.11584	0.02487	0.04558	0.03343	0.11344	0.03650	0.00559	0.00456	0.00127	0.03126	0.01711	0.00288	0.13089
5	0.00590	0.06284	0.00629	0.00552	0.00659	0.00481	0.00415	0.00752	0.03977	0.01234	0.20514	0.30027	0.24222	0.01111	0.03930	0.00167	0.00281	0.03410	0.00382	0.00381
6	0.01615	0.12649	0.08623	0.01215	0.05942	0.06370	0.03218	0.32585	0.09409	0.09352	0.01270	0.01408	0.00997	0.00651	0.00535	0.00175	0.02328	0.00449	0.00427	0.00782
7	0.03676	0.23471	0.09806	0.00901	0.03112	0.17153	0.03294	0.05446	0.06151	0.03946	0.02543	0.08219	0.00918	0.04162	0.02115	0.00140	0.01799	0.00398	0.00257	0.02494

[dist]
# distance from previous block
# <min> <max>
5	18

[block]
# block no. 3 follows, 64 sequences, length 15
# corresponding to MSA columns:
# 122-136
name=unknown_D
#
# <colnr> <probs for GDERKNQSTAVLIFYWHMCP>
#	G	D	E	R	K	N	Q	S	T	A	V	L	I	F	Y	W	H	M	C	P
0	0.06318	0.16207	0.04286	0.03068	0.04241	0.06695	0.04120	0.17221	0.11249	0.03508	0.04720	0.03983	0.00999	0.05714	0.00489	0.00138	0.00438	0.01851	0.00304	0.04452
1	0.01378	0.01850	0.00934	0.02411	0.03153	0.00698	0.00609	0.11352	0.04360	0.41301	0.04191	0.07500	0.07861	0.02067	0.02249	0.00146	0.02116	0.00506	0.00427	0.04889
2	0.01125	0.18493	0.16348	0.01069	0.04964	0.12113	0.10162	0.07232	0.03283	0.06405	0.00828	0.00958	0.00650	0.00571	0.05438	0.00148	0.02635	0.00330	0.00240	0.07007
3	0.00931	0.00955	0.01469	0.11449	0.07316	0.03502	0.12789	0.01094	0.00748	0.01082	0.00632	0.00968	0.00567	0.00600	0.01023	0.00164	0.53657	0.00381	0.00189	0.00486
4	0.00573	0.00434	0.00592	0.00603	0.00669	0.00468	0.00447	0.00689	0.00741	0.01016	0.05113	0.16716	0.12353	0.10491	0.44444	0.00449	0.02905	0.00658	0.00284	0.00354
5	0.01037	0.00634	0.00825	0.00726	0.00904	0.00676	0.00578	0.12451	0.06959	0.19001	0.06861	0.01591	0.01205	0.01845	0.42264	0.00400	0.00736	0.00452	0.00343	0.00513
6	0.00623	0.00437	0.00548	0.00574	0.00644	0.00420	0.00402	0.03700	0.03446	0.03371	0.20719	0.47859	0.06395	0.08069	0.00640	0.00174	0.00256	0.00949	0.00397	0.00377
7	0.00831	0.00541	0.00634	0.00600	0.00730	0.01866	0.00446	0.01090	0.11631	0.13007	0.17840	0.14730	0.13042	0.12813	0.02148	0.00188	0.00307	0.04419	0.02697	0.00439
8	0.02672	0.07928	0.10121	0.06187	0.03236	0.09879	0.13037	0.02586	0.03059	0.03453	0.00782	0.00925	0.00616	0.00365	0.00364	0.00100	0.00483	0.00313	0.00234	0.33659
9	0.00539	0.00395	0.00498	0.00567	0.00614	0.00373	0.00391	0.00649	0.03003	0.01094	0.04878	0.59683	0.11491	0.08275	0.00657	0.00185	0.00260	0.05726	0.00377	0.00345
10	0.00961	0.09173	0.13621	0.22730	0.14472	0.11504	0.06693	0.01267	0.05124	0.01209	0.03842	0.02923	0.03798	0.00462	0.00406	0.00127	0.00535	0.00396	0.00225	0.00532
11	0.00603	0.00404	0.00459	0.00457	0.00463	0.00402	0.00260	0.00615	0.00639	0.00857	0.06222	0.02741	0.01656	0.80291	0.02016	0.00386	0.00390	0.00613	0.00264	0.00260
12	0.01123	0.07449	0.06953	0.09997	0.30163	0.09961	0.04864	0.07819	0.01039	0.07090	0.02664	0.01129	0.03251	0.00448	0.00447	0.00126	0.04267	0.00377	0.00249	0.00585
13	0.08260	0.09366	0.01203	0.20356	0.02913	0.01067	0.01971	0.21795	0.13957	0.03384	0.01041	0.04482	0.00844	0.00511	0.00420	0.00131	0.02633	0.02440	0.00309	0.02917
14	0.02721	0.08389	0.02076	0.02253	0.06459	0.06945	0.03101	0.03604	0.10207	0.04567	0.17671	0.05837	0.07683	0.09290	0.00616	0.00155	0.02270	0.01562	0.00328	0.04266

[dist]
# distance from previous block
# <min> <max>
1	18

[block]
# block no. 4 follows, 64 sequences, length 8
# corresponding to MSA columns:
# 155,156,159-164
name=unknown_E
#
# <colnr> <probs for GDERKNQSTAVLIFYWHMCP>
#	G	D	E	R	K	N	Q	S	T	A	V	L	I	F	Y	W	H	M	C	P
0	0.00603	0.00424	0.00532	0.00586	0.03237	0.00387	0.00392	0.00693	0.00874	0.04756	0.11038	0.37011	0.25017	0.08808	0.00687	0.03052	0.00259	0.00911	0.00374	0.00361
1	0.00872	0.00843	0.05967	0.00797	0.07236	0.00612	0.00615	0.01080	0.00869	0.01351	0.00742	0.00875	0.00613	0.00318	0.00321	0.00070	0.00340	0.00259	0.00239	0.75980
2	0.00940	0.06950	0.29444	0.01078	0.08432	0.06981	0.02276	0.04634	0.06420	0.03486	0.03530	0.06848	0.04572	0.03361	0.03689	0.00160	0.04530	0.00437	0.00255	0.01977
3	0.00605	0.04123	0.00608	0.00555	0.00659	0.03382	0.00408	0.00710	0.00891	0.01140	0.11926	0.29971	0.29246	0.05279	0.02743	0.00170	0.02781	0.00849	0.00357	0.03598
4	0.04011	0.30774	0.17412	0.00882	0.03680	0.06519	0.00845	0.08042	0.00991	0.07292	0.00790	0.02442	0.00638	0.00404	0.00337	0.00104	0.00464	0.00295	0.00242	0.13835
5	0.16043	0.14663	0.09802	0.00944	0.01225	0.34610	0.03492	0.05074	0.00998	0.01267	0.00663	0.00796	0.00546	0.00503	0.02847	0.00133	0.05389	0.00280	0.00219	0.00506
6	0.00956	0.00691	0.00763	0.00689	0.00868	0.02437	0.00527	0.11489	0.22435	0.10087	0.11810	0.17145	0.13749	0.03772	0.00517	0.00150	0.00310	0.00675	0.00413	0.00516
7	0.00693	0.00474	0.00562	0.00542	0.00650	0.00454	0.00390	0.00897	0.08221	0.07430	0.22212	0.14748	0.20993	0.17045	0.02657	0.00203	0.00289	0.00757	0.00387	0.00395

[dist]
# distance from previous block
# <min> <max>
2	31

[block]
# block no. 5 follows, 64 sequences, length 12
# corresponding to MSA columns:
# 196-207
name=unknown_F
#
# <colnr> <probs for GDERKNQSTAVLIFYWHMCP>
#	G	D	E	R	K	N	Q	S	T	A	V	L	I	F	Y	W	H	M	C	P
0	0.05270	0.10539	0.12076	0.02197	0.03326	0.17233	0.02081	0.18654	0.06293	0.10258	0.03750	0.01078	0.01965	0.00476	0.00415	0.00122	0.03022	0.00353	0.00304	0.00586
1	0.12254	0.15982	0.06971	0.00916	0.02350	0.15119	0.03576	0.10183	0.01097	0.07898	0.05363	0.03453	0.03357	0.00539	0.00445	0.00132	0.04712	0.00386	0.00303	0.04964
2	0.03149	0.08290	0.01142	0.02099	0.03589	0.31595	0.00721	0.14425	0.06102	0.03017	0.02490	0.04387	0.00852	0.03027	0.09036	0.00182	0.03096	0.00375	0.00276	0.02151
3	0.00985	0.09557	0.38835	0.01001	0.01407	0.06065	0.01079	0.07642	0.16643	0.01435	0.03781	0.01129	0.02142	0.00521	0.01832	0.00139	0.04595	0.00363	0.00258	0.00590
4	0.04032	0.00920	0.04197	0.29565	0.30476	0.03168	0.06103	0.01154	0.00896	0.01251	0.04445	0.01203	0.03147	0.00445	0.00464	0.00132	0.04928	0.00395	0.00216	0.02863
5	0.02440	0.02756	0.00685	0.03916	0.00785	0.00518	0.02872	0.00740	0.00782	0.01070	0.08402	0.09584	0.15711	0.13301	0.34139	0.00388	0.00637	0.00620	0.00286	0.00365
6	0.00553	0.00419	0.00509	0.00533	0.00614	0.00389	0.00379	0.00716	0.04512	0.01275	0.26473	0.35456	0.21539	0.03983	0.00559	0.00158	0.00230	0.00932	0.00404	0.00368
7	0.00529	0.00394	0.00494	0.00537	0.00607	0.00359	0.00382	0.00643	0.00928	0.01231	0.22681	0.44410	0.20218	0.01130	0.00513	0.00154	0.00228	0.03803	0.00403	0.00355
8	0.00879	0.00811	0.01355	0.03700	0.04130	0.00811	0.27594	0.07979	0.11980	0.01532	0.19618	0.06480	0.05592	0.00635	0.00477	0.00141	0.00439	0.04993	0.00338	0.00516
9	0.01057	0.20515	0.18647	0.05565	0.05553	0.04227	0.03551	0.10307	0.04813	0.03010	0.00788	0.00907	0.00620	0.00408	0.00402	0.00112	0.04185	0.00309	0.00238	0.14786
10	0.02247	0.09076	0.17300	0.00897	0.01203	0.04338	0.04970	0.17036	0.12116	0.03022	0.01034	0.01305	0.00860	0.11891	0.09033	0.00215	0.00546	0.00395	0.00283	0.02231
11	0.01040	0.13934	0.06363	0.02442	0.04272	0.10343	0.00670	0.08846	0.02529	0.07561	0.01253	0.14171	0.04648	0.07169	0.00524	0.00139	0.00422	0.00485	0.00293	0.12895

[dist]
# distance from previous block
# <min> <max>
7	31

[block]
# block no. 6 follows, 64 sequences, length 10
# corresponding to MSA columns:
# 243-252
name=unknown_G
#
# <colnr> <probs for GDERKNQSTAVLIFYWHMCP>
#	G	D	E	R	K	N	Q	S	T	A	V	L	I	F	Y	W	H	M	C	P
0	0.02356	0.05063	0.13123	0.00944	0.04745	0.10427	0.01818	0.15458	0.04092	0.06937	0.03568	0.06240	0.03127	0.00750	0.07516	0.00169	0.03908	0.00417	0.00295	0.09047
1	0.05399	0.41802	0.14966	0.00903	0.01267	0.10765	0.06055	0.08231	0.00984	0.01249	0.00742	0.04531	0.00648	0.00426	0.00338	0.00110	0.00509	0.00314	0.00217	0.00544
2	0.52835	0.11611	0.05690	0.00702	0.00994	0.11558	0.00617	0.06256	0.00888	0.04691	0.00661	0.00742	0.00513	0.00399	0.00297	0.00121	0.00417	0.00251	0.00256	0.00499
3	0.00905	0.04076	0.00941	0.00868	0.07100	0.00806	0.02506	0.04959	0.29658	0.04456	0.13850	0.03316	0.13845	0.00721	0.00540	0.04432	0.03823	0.02302	0.00371	0.00526
4	0.00862	0.04563	0.03713	0.00971	0.06115	0.00793	0.14045	0.01349	0.23609	0.03805	0.19639	0.03572	0.10762	0.01924	0.00479	0.00140	0.00374	0.02403	0.00357	0.00525
5	0.00695	0.00371	0.00544	0.00547	0.00554	0.00377	0.00367	0.00564	0.00565	0.00760	0.00851	0.04212	0.00874	0.07685	0.08788	0.71002	0.00425	0.00413	0.00196	0.00207
6	0.00974	0.00931	0.01561	0.23325	0.43703	0.01003	0.08156	0.03980	0.05636	0.01326	0.00824	0.01080	0.00660	0.00413	0.00467	0.00133	0.04633	0.00386	0.00219	0.00590
7	0.00751	0.00479	0.00615	0.00628	0.00723	0.00466	0.00461	0.02598	0.03672	0.11899	0.05502	0.50201	0.10831	0.01080	0.00540	0.00159	0.03767	0.04812	0.00399	0.00415
8	0.02405	0.00798	0.01198	0.51146	0.05939	0.00931	0.03279	0.13856	0.04295	0.01398	0.04636	0.06446	0.00902	0.00505	0.00425	0.00137	0.00491	0.00443	0.00259	0.00509
9	0.04164	0.02968	0.01093	0.00921	0.04540	0.18204	0.00703	0.11920	0.02642	0.07158	0.00820	0.00990	0.00673	0.03983	0.00596	0.00125	0.14252	0.00322	0.00271	0.23657

[dist]
# distance from previous block
# <min> <max>
2	8

[block]
# block no. 7 follows, 64 sequences, length 48
# corresponding to MSA columns:
# 261-308
name=unknown_H
#
# <colnr> <probs for GDERKNQSTAVLIFYWHMCP>
#	G	D	E	R	K	N	Q	S	T	A	V	L	I	F	Y	W	H	M	C	P
0	0.01012	0.18330	0.14929	0.17458	0.18208	0.01111	0.09048	0.07093	0.02693	0.03351	0.00819	0.02685	0.00657	0.00414	0.00391	0.00124	0.00520	0.00362	0.00223	0.00576
1	0.00615	0.00453	0.00584	0.00577	0.00667	0.00461	0.00430	0.00774	0.05253	0.01136	0.15063	0.06573	0.16664	0.08309	0.27201	0.08907	0.00541	0.03340	0.00314	0.02139
2	0.00862	0.00741	0.01202	0.02352	0.20814	0.01839	0.13344	0.04047	0.00921	0.05419	0.02744	0.09669	0.09810	0.02352	0.19379	0.00262	0.01531	0.01940	0.00278	0.00497
3	0.03962	0.13343	0.18198	0.07535	0.04728	0.14882	0.07152	0.04133	0.04399	0.05639	0.00881	0.03118	0.01678	0.00527	0.02459	0.00139	0.06087	0.00358	0.00236	0.00544
4	0.03626	0.00482	0.00635	0.00659	0.03503	0.00507	0.00461	0.03526	0.01839	0.02717	0.05005	0.12110	0.06165	0.13619	0.28777	0.11095	0.00590	0.01789	0.02532	0.00361
5	0.02415	0.00459	0.00567	0.00547	0.00650	0.00425	0.00387	0.00910	0.00893	0.16381	0.13084	0.25643	0.10691	0.20817	0.00859	0.00205	0.00290	0.00765	0.03615	0.00399
6	0.00891	0.00757	0.01120	0.17158	0.23900	0.01918	0.02121	0.05744	0.06011	0.03670	0.06994	0.11830	0.04005	0.02363	0.02997	0.02274	0.02841	0.01494	0.01402	0.00511
7	0.02839	0.02583	0.02814	0.00898	0.03565	0.03011	0.03149	0.34702	0.08120	0.04790	0.04683	0.01369	0.01877	0.08132	0.05298	0.06567	0.04288	0.00422	0.00338	0.00555
8	0.09508	0.00642	0.00673	0.00632	0.00775	0.05290	0.00471	0.09258	0.02790	0.09048	0.15622	0.27525	0.08948	0.06235	0.00560	0.00158	0.00312	0.00729	0.00383	0.00441
9	0.00709	0.00485	0.00671	0.00712	0.05314	0.00499	0.00493	0.01920	0.00804	0.07312	0.05443	0.13654	0.09002	0.14070	0.34981	0.00398	0.00647	0.02189	0.00302	0.00395
10	0.01039	0.08289	0.15814	0.03641	0.14340	0.06965	0.02993	0.13070	0.07938	0.03202	0.08156	0.05197	0.01100	0.03171	0.03153	0.00152	0.00493	0.00433	0.00286	0.00567
11	0.02496	0.04900	0.02293	0.13230	0.28120	0.14815	0.00951	0.09945	0.07272	0.03147	0.03386	0.03210	0.02425	0.00470	0.00403	0.00124	0.00497	0.00393	0.01348	0.00572
12	0.00576	0.00419	0.00496	0.00532	0.00600	0.00401	0.00368	0.00732	0.05705	0.01166	0.09364	0.39063	0.17703	0.12885	0.00719	0.00186	0.00258	0.02114	0.06357	0.00356
13	0.00846	0.00784	0.03853	0.04831	0.12431	0.02402	0.10817	0.08936	0.05218	0.01375	0.06103	0.14785	0.07268	0.04781	0.05995	0.00189	0.00466	0.06517	0.01915	0.00487
14	0.05116	0.09031	0.17677	0.03318	0.02992	0.04698	0.07391	0.20296	0.13952	0.06770	0.02096	0.01071	0.00773	0.00461	0.00420	0.00128	0.02525	0.00367	0.00305	0.00613
15	0.00910	0.00739	0.01068	0.17668	0.15241	0.03729	0.02827	0.04414	0.00941	0.08361	0.04468	0.22781	0.01427	0.00734	0.00537	0.00148	0.07446	0.05770	0.00303	0.00490
16	0.00526	0.00421	0.00462	0.00476	0.00584	0.00373	0.00347	0.00648	0.02449	0.01142	0.09141	0.16540	0.53558	0.07752	0.00627	0.00167	0.00238	0.03818	0.00381	0.00351
17	0.01052	0.01100	0.03199	0.05974	0.13259	0.10353	0.29009	0.08236	0.02351	0.02423	0.00984	0.03397	0.03807	0.00567	0.03256	0.00155	0.09647	0.00444	0.00242	0.00546
18	0.29250	0.06648	0.14003	0.02066	0.06239	0.07419	0.06890	0.10256	0.04270	0.03673	0.00812	0.01892	0.00643	0.00441	0.00379	0.00128	0.02335	0.01850	0.00261	0.00546
19	0.01726	0.00822	0.01021	0.00790	0.01101	0.00794	0.00647	0.22985	0.03423	0.57069	0.01460	0.01350	0.00965	0.03274	0.00472	0.00137	0.00382	0.00414	0.00477	0.00691
20	0.00914	0.19752	0.62060	0.01114	0.03760	0.01116	0.01336	0.03158	0.00897	0.01275	0.00717	0.00839	0.00535	0.00388	0.00368	0.00122	0.00571	0.00292	0.00182	0.00600
21	0.01050	0.00915	0.00965	0.02679	0.04190	0.08483	0.00633	0.06735	0.22342	0.04890	0.01138	0.02227	0.02098	0.00453	0.00373	0.00103	0.00378	0.02078	0.00316	0.37953
22	0.00654	0.00444	0.00503	0.00496	0.00523	0.00451	0.00299	0.00754	0.06833	0.02348	0.03391	0.06511	0.01601	0.71409	0.01841	0.00360	0.00383	0.00621	0.00281	0.00298
23	0.01123	0.83266	0.02148	0.00721	0.01072	0.03984	0.00713	0.01256	0.00853	0.00978	0.00579	0.00669	0.00533	0.00357	0.00270	0.00089	0.00453	0.00223	0.00179	0.00532
24	0.00521	0.00414	0.00467	0.00471	0.00584	0.00361	0.00347	0.00647	0.00992	0.01269	0.26370	0.14482	0.49552	0.01027	0.00496	0.00141	0.00210	0.00881	0.00406	0.00361
25	0.05230	0.00503	0.00594	0.00558	0.00672	0.00485	0.00402	0.04012	0.02031	0.13552	0.11743	0.15586	0.11275	0.23015	0.00928	0.03065	0.00310	0.02358	0.03282	0.00401
26	0.00513	0.00403	0.00464	0.00495	0.00590	0.00354	0.00357	0.00620	0.00924	0.01172	0.13318	0.31414	0.43756	0.01113	0.00506	0.00150	0.00223	0.02880	0.00395	0.00352
27	0.00518	0.00422	0.00459	0.00459	0.00586	0.00364	0.00347	0.00644	0.00988	0.01232	0.19480	0.05848	0.61884	0.01022	0.00495	0.00141	0.00215	0.04136	0.00400	0.00360
28	0.33046	0.00703	0.00702	0.00622	0.00828	0.00758	0.00485	0.05942	0.12904	0.11129	0.12325	0.05635	0.04932	0.07678	0.00520	0.00156	0.00315	0.00470	0.00359	0.00491
29	0.00908	0.00623	0.00731	0.00663	0.00824	0.00640	0.00508	0.11505	0.16166	0.09164	0.25544	0.14286	0.06105	0.04951	0.00545	0.00152	0.00292	0.03363	0.02537	0.00494
30	0.03457	0.00725	0.00963	0.00742	0.01058	0.00645	0.00612	0.05764	0.01216	0.76238	0.03080	0.01411	0.01055	0.00517	0.00416	0.00128	0.00355	0.00418	0.00504	0.00696
31	0.00602	0.00457	0.00684	0.00679	0.00751	0.00539	0.00530	0.00749	0.00667	0.00965	0.01098	0.01613	0.01025	0.03052	0.81565	0.00655	0.03334	0.00443	0.00221	0.00373
32	0.01650	0.00458	0.00551	0.00558	0.00654	0.00431	0.00402	0.05063	0.00959	0.05653	0.15166	0.35291	0.20186	0.08159	0.00634	0.00172	0.00263	0.02974	0.00393	0.00384
33	0.16872	0.00697	0.00828	0.00703	0.00960	0.00683	0.00578	0.01662	0.10305	0.43346	0.03713	0.01872	0.04324	0.00610	0.00415	0.00139	0.00339	0.10929	0.00434	0.00591
34	0.00663	0.00474	0.00660	0.00745	0.00841	0.00471	0.00646	0.00854	0.00974	0.01278	0.08866	0.04554	0.02517	0.01123	0.00567	0.00186	0.00367	0.73442	0.00389	0.00383
35	0.00684	0.00429	0.00562	0.00563	0.00612	0.00431	0.00398	0.00696	0.00734	0.04513	0.04769	0.14757	0.11301	0.17647	0.04790	0.25353	0.04083	0.05304	0.02070	0.00306
36	0.00627	0.00493	0.00692	0.00674	0.00750	0.02656	0.02436	0.00758	0.00683	0.00957	0.01148	0.03823	0.01118	0.13417	0.67121	0.00594	0.00981	0.00480	0.00230	0.00362
37	0.01085	0.00919	0.00954	0.00846	0.01084	0.03151	0.00661	0.06932	0.71042	0.03573	0.03927	0.01537	0.01285	0.00563	0.00423	0.00138	0.00344	0.00466	0.00420	0.00649
38	0.00556	0.00403	0.00471	0.00484	0.00539	0.00376	0.00319	0.00630	0.00826	0.01088	0.17245	0.19628	0.20542	0.33759	0.01128	0.00246	0.00288	0.00809	0.00347	0.00317
39	0.03350	0.00465	0.00560	0.00536	0.00657	0.00433	0.00397	0.00863	0.02623	0.10001	0.27234	0.14676	0.23428	0.07931	0.04808	0.00188	0.00292	0.00761	0.00399	0.00402
40	0.16689	0.01041	0.01402	0.02573	0.27385	0.03755	0.10562	0.24281	0.03297	0.03844	0.00854	0.00983	0.00651	0.00418	0.00394	0.00127	0.00479	0.00360	0.00289	0.00616
41	0.00526	0.00377	0.00500	0.00565	0.00607	0.00351	0.00387	0.00628	0.00888	0.01207	0.21809	0.65192	0.03032	0.01191	0.00520	0.00159	0.00230	0.01076	0.00403	0.00351
42	0.00603	0.00406	0.00471	0.00471	0.00478	0.00413	0.00275	0.00616	0.00609	0.00819	0.01292	0.02625	0.01470	0.78378	0.09083	0.00425	0.00463	0.00590	0.00249	0.00262
43	0.00729	0.00650	0.00762	0.04518	0.03930	0.08077	0.03157	0.03016	0.03238	0.01192	0.12392	0.15310	0.13859	0.07569	0.17482	0.00267	0.00516	0.02614	0.00317	0.00405
44	0.03197	0.44730	0.23940	0.00854	0.01262	0.01308	0.00918	0.09123	0.02203	0.04280	0.04149	0.00898	0.00717	0.00410	0.00333	0.00109	0.00473	0.00293	0.00230	0.00572
45	0.00656	0.00470	0.00653	0.00747	0.00839	0.00467	0.00645	0.00838	0.00946	0.01230	0.02243	0.09541	0.03954	0.01155	0.00569	0.00189	0.00371	0.73723	0.00383	0.00379
46	0.00973	0.00923	0.01404	0.45159	0.22159	0.05834	0.05936	0.05304	0.04257	0.02875	0.00819	0.01086	0.00629	0.00413	0.00417	0.00132	0.00541	0.00376	0.00221	0.00542
47	0.00965	0.00999	0.05065	0.13592	0.51409	0.02162	0.10415	0.01257	0.03168	0.01324	0.03842	0.02294	0.00799	0.00412	0.00425	0.00129	0.00515	0.00408	0.00220	0.00601

[dist]
# distance from previous block
# <min> <max>
2	5

[block]
# block no. 8 follows, 64 sequences, length 25
# corresponding to MSA columns:
# 315-339
name=unknown_I
#
# <colnr> <probs for GDERKNQSTAVLIFYWHMCP>
#	G	D	E	R	K	N	Q	S	T	A	V	L	I	F	Y	W	H	M	C	P
0	0.01553	0.01151	0.01232	0.00950	0.01278	0.01276	0.00783	0.77646	0.05775	0.02576	0.01030	0.01024	0.00733	0.00502	0.00416	0.00125	0.00451	0.00379	0.00416	0.00704
1	0.01192	0.01268	0.01469	0.06378	0.43799	0.25023	0.02523	0.05787	0.03267	0.01309	0.00768	0.00961	0.00632	0.00414	0.00436	0.00122	0.03494	0.00345	0.00224	0.00590
2	0.00663	0.00457	0.00513	0.00516	0.00540	0.00439	0.00311	0.00669	0.00717	0.00955	0.04992	0.06890	0.07619	0.68984	0.01830	0.00366	0.00395	0.02530	0.00302	0.00310
3	0.00754	0.00403	0.00583	0.01967	0.00615	0.00414	0.00394	0.02716	0.02906	0.00806	0.00757	0.01261	0.00734	0.01376	0.01537	0.81643	0.00366	0.00364	0.00194	0.00212
4	0.00534	0.00401	0.00499	0.00569	0.00630	0.00375	0.00402	0.00660	0.03679	0.01111	0.02658	0.59346	0.19191	0.01212	0.00522	0.00164	0.00248	0.07056	0.00387	0.00355
5	0.11001	0.00817	0.00975	0.00761	0.01075	0.00796	0.00626	0.17296	0.05538	0.51307	0.01368	0.01239	0.00900	0.00492	0.00396	0.00126	0.00367	0.00385	0.00452	0.04082
6	0.00681	0.00460	0.00559	0.00576	0.00638	0.00455	0.00392	0.03585	0.05849	0.04971	0.04764	0.38543	0.03453	0.28994	0.01038	0.00240	0.00316	0.03770	0.00353	0.00363
7	0.15861	0.00852	0.00940	0.00759	0.01028	0.00896	0.00614	0.30081	0.04808	0.25332	0.02552	0.01414	0.00969	0.08623	0.00559	0.00156	0.00387	0.03163	0.00402	0.00602
8	0.01308	0.00828	0.00945	0.00786	0.01046	0.00876	0.00629	0.18001	0.32067	0.24110	0.09150	0.01615	0.03650	0.00576	0.00425	0.00132	0.00343	0.00472	0.02400	0.00641
9	0.00524	0.00401	0.00484	0.00526	0.00608	0.00360	0.00381	0.00636	0.00919	0.01186	0.14947	0.37647	0.31971	0.01132	0.00513	0.00154	0.00233	0.06627	0.00396	0.00354
10	0.00747	0.00517	0.00621	0.00595	0.00710	0.00512	0.00440	0.05697	0.09218	0.06005	0.28292	0.19542	0.08999	0.10399	0.00664	0.00172	0.00274	0.03849	0.02321	0.00424
11	0.04691	0.01376	0.01181	0.00966	0.01254	0.26300	0.00771	0.48675	0.06099	0.03289	0.00922	0.00947	0.00681	0.00477	0.00398	0.00120	0.00532	0.00342	0.00350	0.00626
12	0.01552	0.01182	0.01229	0.00955	0.01278	0.04495	0.00784	0.74532	0.05745	0.02513	0.01016	0.01014	0.00726	0.00499	0.00414	0.00125	0.00462	0.00374	0.00408	0.00695
13	0.25150	0.00767	0.00796	0.00693	0.00929	0.00831	0.00550	0.06652	0.26179	0.16259	0.08052	0.05415	0.02903	0.00568	0.00385	0.00134	0.00319	0.00450	0.02405	0.00563
14	0.00796	0.00522	0.00563	0.00521	0.00616	0.00543	0.00365	0.10966	0.05200	0.01340	0.01462	0.02109	0.05839	0.36058	0.03795	0.00251	0.00352	0.00510	0.27807	0.00382
15	0.04736	0.00734	0.00967	0.00744	0.01064	0.00657	0.00615	0.06201	0.01213	0.76126	0.01569	0.01367	0.00992	0.00509	0.00412	0.00128	0.00358	0.00409	0.00500	0.00698
16	0.00565	0.00388	0.00463	0.00498	0.00511	0.00377	0.00303	0.00594	0.00685	0.00909	0.01756	0.33035	0.04396	0.51975	0.01484	0.00309	0.00338	0.00824	0.00305	0.00286
17	0.00559	0.00393	0.00471	0.00508	0.00551	0.00372	0.00336	0.00628	0.00787	0.01049	0.07998	0.33601	0.13678	0.30130	0.01059	0.00241	0.00292	0.03519	0.03511	0.00317
18	0.00557	0.00386	0.00474	0.00522	0.00540	0.00373	0.00331	0.00602	0.00722	0.00961	0.03388	0.41930	0.03609	0.40022	0.01260	0.00276	0.00318	0.03104	0.00325	0.00300
19	0.06548	0.00738	0.00961	0.00741	0.01059	0.00667	0.00612	0.06496	0.01206	0.74106	0.01545	0.01350	0.00978	0.00506	0.00409	0.00128	0.00358	0.00405	0.00495	0.00693
20	0.00512	0.00367	0.00481	0.00567	0.00597	0.00342	0.00379	0.00587	0.00808	0.01075	0.05118	0.76606	0.05615	0.04093	0.00580	0.00174	0.00244	0.01136	0.00384	0.00337
21	0.00871	0.00490	0.00674	0.00623	0.00742	0.00494	0.00472	0.01004	0.00860	0.19122	0.14696	0.04792	0.01641	0.15075	0.36087	0.00402	0.00654	0.00539	0.00335	0.00428
22	0.00919	0.00696	0.00775	0.00703	0.00877	0.00756	0.00531	0.03666	0.42621	0.06813	0.16126	0.06084	0.05233	0.11533	0.00659	0.00173	0.00310	0.00582	0.00409	0.00534
23	0.02759	0.00924	0.00984	0.00823	0.01081	0.01028	0.00656	0.31789	0.37135	0.05149	0.01514	0.01475	0.05286	0.02415	0.00451	0.00138	0.00366	0.00447	0.04946	0.00635
24	0.00971	0.00970	0.03112	0.01127	0.01420	0.04400	0.30547	0.07672	0.22428	0.01490	0.04232	0.04596	0.08500	0.03384	0.00510	0.00145	0.00483	0.00528	0.00315	0.03171

[dist]
# distance from previous block
# <min> <max>
0	1

[block]
# block no. 9 follows, 64 sequences, length 40
# corresponding to MSA columns:
# 341-380
name=unknown_J
#
# <colnr> <probs for GDERKNQSTAVLIFYWHMCP>
#	G	D	E	R	K	N	Q	S	T	A	V	L	I	F	Y	W	H	M	C	P
0	0.00589	0.00440	0.00522	0.00515	0.00609	0.00414	0.00371	0.03728	0.00955	0.01260	0.24909	0.14223	0.29065	0.11392	0.06212	0.02973	0.00307	0.00786	0.00373	0.00358
1	0.00544	0.00395	0.00500	0.00563	0.00614	0.00376	0.00390	0.00663	0.02983	0.01121	0.06391	0.57709	0.11304	0.05274	0.03639	0.00191	0.00280	0.03581	0.03133	0.00350
2	0.17694	0.16264	0.12796	0.01165	0.13208	0.16708	0.04838	0.03528	0.00927	0.01325	0.00699	0.00895	0.00584	0.00425	0.00413	0.00122	0.05713	0.01943	0.00216	0.00535
3	0.00957	0.00731	0.01007	0.09137	0.19035	0.02522	0.01692	0.03050	0.11776	0.11911	0.12704	0.07532	0.11599	0.00740	0.03612	0.00155	0.00397	0.00562	0.00347	0.00534
4	0.00982	0.00958	0.05312	0.05327	0.27090	0.03587	0.02507	0.04966	0.04410	0.02645	0.00824	0.01007	0.00672	0.00504	0.03929	0.00130	0.04807	0.00333	0.00240	0.29770
5	0.00615	0.00442	0.00559	0.00518	0.00637	0.00398	0.00391	0.00798	0.01135	0.03399	0.67853	0.03092	0.13595	0.00847	0.00481	0.00129	0.00206	0.00740	0.00442	0.03723
6	0.01296	0.01034	0.01077	0.00882	0.02866	0.06952	0.00693	0.33118	0.19741	0.06766	0.01104	0.01099	0.00819	0.00463	0.00390	0.00113	0.00410	0.00362	0.00366	0.20450
7	0.02742	0.00485	0.00629	0.00618	0.00746	0.00443	0.00462	0.01024	0.00929	0.23866	0.03769	0.40736	0.09383	0.04623	0.00561	0.00165	0.00289	0.07671	0.00414	0.00445
8	0.00593	0.00444	0.00553	0.02342	0.00694	0.00432	0.00421	0.03873	0.04603	0.01232	0.12857	0.50970	0.12594	0.04455	0.00572	0.00166	0.00259	0.02177	0.00388	0.00375
9	0.01481	0.01138	0.01184	0.00935	0.01242	0.04467	0.00762	0.66598	0.11063	0.02404	0.01105	0.03776	0.00830	0.00529	0.00418	0.00127	0.00447	0.00407	0.00407	0.00680
10	0.00527	0.00382	0.00496	0.00580	0.00622	0.00357	0.00406	0.00613	0.00821	0.01077	0.02424	0.64928	0.10301	0.04564	0.00594	0.00178	0.00261	0.10149	0.00380	0.00340
11	0.00964	0.00746	0.00797	0.00682	0.00888	0.00783	0.00533	0.29172	0.12904	0.01745	0.07283	0.04905	0.29770	0.06250	0.00561	0.00152	0.00326	0.00626	0.00397	0.00515
12	0.00826	0.02072	0.78800	0.01175	0.01769	0.00948	0.03424	0.01294	0.00882	0.01310	0.00852	0.00977	0.03006	0.00413	0.00400	0.00132	0.00604	0.00329	0.00183	0.00605
13	0.83767	0.00791	0.00617	0.00549	0.00805	0.00910	0.00452	0.01241	0.00726	0.04416	0.00628	0.00716	0.00481	0.00392	0.00263	0.00128	0.00320	0.00234	0.02107	0.00457
14	0.00511	0.00390	0.00469	0.00516	0.00590	0.00349	0.00362	0.00610	0.00895	0.01156	0.12756	0.46514	0.31070	0.01158	0.00511	0.00154	0.00225	0.01021	0.00394	0.00349
15	0.00861	0.00738	0.00861	0.00615	0.00984	0.00554	0.00492	0.01046	0.00861	0.01354	0.00738	0.00861	0.00615	0.00308	0.00308	0.00062	0.00308	0.00246	0.00246	0.87941
16	0.00604	0.00403	0.00453	0.00453	0.00453	0.00403	0.00252	0.00604	0.00604	0.00805	0.01309	0.02718	0.01510	0.85402	0.02114	0.00403	0.00403	0.00604	0.00252	0.00252
17	0.00515	0.00388	0.00474	0.00522	0.00590	0.00350	0.00364	0.00613	0.00890	0.01159	0.14136	0.48369	0.26261	0.02678	0.00542	0.00159	0.00229	0.01021	0.00393	0.00347
18	0.00657	0.00465	0.00580	0.00549	0.00662	0.00441	0.00412	0.00897	0.06643	0.04624	0.58458	0.06261	0.10716	0.04208	0.00551	0.00146	0.00227	0.02656	0.00438	0.00410
19	0.01033	0.00562	0.00714	0.00608	0.00795	0.00517	0.00478	0.06851	0.01212	0.26247	0.44624	0.02533	0.10619	0.00743	0.00463	0.00131	0.00263	0.00636	0.00464	0.00505
20	0.00705	0.00522	0.00574	0.00539	0.00701	0.00492	0.00415	0.01005	0.14280	0.07645	0.15162	0.03283	0.49188	0.00903	0.00476	0.00139	0.00243	0.02879	0.00412	0.00435
21	0.00525	0.00422	0.00465	0.00455	0.00577	0.00365	0.00339	0.00657	0.01012	0.01289	0.29463	0.03674	0.55046	0.03226	0.00534	0.00144	0.00211	0.00829	0.00405	0.00361
22	0.88336	0.00803	0.00611	0.00546	0.00803	0.00932	0.00450	0.01221	0.00707	0.01864	0.00578	0.00675	0.00450	0.00386	0.00257	0.00129	0.00321	0.00225	0.00257	0.00450
23	0.00604	0.00403	0.00453	0.00453	0.00453	0.00403	0.00252	0.00604	0.00604	0.00805	0.01309	0.02718	0.01510	0.85402	0.02114	0.00403	0.00403	0.00604	0.00252	0.00252
24	0.02806	0.04393	0.04238	0.06421	0.54332	0.14236	0.03677	0.02670	0.00984	0.01301	0.00749	0.00965	0.00620	0.00384	0.00399	0.00121	0.00542	0.00347	0.00208	0.00607
25	0.01013	0.03290	0.01275	0.04272	0.03746	0.10913	0.00894	0.01123	0.00741	0.03673	0.00619	0.00926	0.00573	0.00700	0.02770	0.00175	0.62273	0.00352	0.00198	0.00473
26	0.01013	0.00987	0.01741	0.02413	0.71743	0.00980	0.09995	0.01269	0.00950	0.01351	0.00827	0.01139	0.00703	0.00389	0.00424	0.00127	0.00513	0.02583	0.00211	0.00640
27	0.00565	0.00439	0.00516	0.00500	0.00616	0.00400	0.00373	0.00760	0.04392	0.01428	0.45004	0.07907	0.33705	0.00940	0.00490	0.00137	0.00209	0.00811	0.00425	0.00384
28	0.01254	0.02274	0.01347	0.12865	0.27816	0.09015	0.02307	0.21366	0.01224	0.10878	0.00983	0.05062	0.00784	0.00474	0.00415	0.00127	0.00492	0.00405	0.00299	0.00613
29	0.00527	0.00392	0.00475	0.00531	0.00589	0.00360	0.00368	0.00609	0.00830	0.01068	0.04167	0.45551	0.24492	0.11930	0.00723	0.00192	0.00262	0.06231	0.00370	0.00334
30	0.01557	0.00783	0.00961	0.00782	0.01072	0.00778	0.00631	0.03734	0.30499	0.51961	0.01644	0.01454	0.01108	0.00532	0.00419	0.00133	0.00347	0.00436	0.00479	0.00689
31	0.04562	0.02689	0.10090	0.03342	0.13327	0.00957	0.02909	0.21693	0.10472	0.16767	0.06580	0.01286	0.01013	0.01913	0.00440	0.00133	0.00431	0.00408	0.00355	0.00632
32	0.00922	0.00747	0.03932	0.02556	0.02165	0.06792	0.00591	0.03543	0.02966	0.11364	0.01318	0.05138	0.05134	0.13357	0.22551	0.00307	0.04246	0.02241	0.00290	0.09840
33	0.00885	0.00543	0.00669	0.00601	0.00764	0.00517	0.00465	0.02894	0.10177	0.17156	0.38466	0.07683	0.14654	0.00808	0.00471	0.00136	0.00254	0.01930	0.00447	0.00479
34	0.00694	0.00485	0.00636	0.00646	0.00740	0.00470	0.02433	0.06230	0.03748	0.05489	0.09804	0.54351	0.06463	0.01095	0.00508	0.00158	0.00277	0.04968	0.00398	0.00406
35	0.05821	0.07860	0.05962	0.08308	0.27037	0.13082	0.09105	0.04740	0.05007	0.02549	0.04009	0.01056	0.00763	0.00426	0.00420	0.00125	0.02558	0.00365	0.00238	0.00570
36	0.01226	0.02137	0.03405	0.04601	0.09460	0.00876	0.09798	0.14354	0.07501	0.21859	0.01251	0.05215	0.00987	0.00740	0.06814	0.00177	0.03799	0.03572	0.01631	0.00596
37	0.00919	0.00684	0.00798	0.02283	0.03959	0.00730	0.00531	0.23366	0.07245	0.01522	0.08326	0.07482	0.03291	0.30252	0.04985	0.00254	0.00419	0.02158	0.00338	0.00457
38	0.01153	0.05873	0.14705	0.10143	0.12998	0.12595	0.06141	0.16327	0.10802	0.02747	0.00925	0.02128	0.00714	0.00446	0.00405	0.00126	0.00534	0.00369	0.00270	0.00598
39	0.04187	0.00976	0.01279	0.11993	0.26644	0.04340	0.01810	0.24260	0.07214	0.04217	0.06914	0.02385	0.00970	0.00482	0.00415	0.00128	0.00456	0.00411	0.00311	0.00609

[dist]
# distance from previous block
# <min> <max>
4	13

[block]
# block no. 10 follows, 64 sequences, length 7
# corresponding to MSA columns:
# 394-400
name=unknown_K
#
# <colnr> <probs for GDERKNQSTAVLIFYWHMCP>
#	G	D	E	R	K	N	Q	S	T	A	V	L	I	F	Y	W	H	M	C	P
0	0.00553	0.00423	0.00508	0.00502	0.00612	0.00379	0.00380	0.00709	0.01059	0.01409	0.44787	0.07403	0.33111	0.00964	0.00497	0.00140	0.00215	0.05553	0.00423	0.00373
1	0.04745	0.00688	0.00826	0.05607	0.00964	0.02784	0.00573	0.14321	0.01007	0.11661	0.07499	0.01776	0.04613	0.17273	0.17941	0.00295	0.06169	0.00478	0.00318	0.00464
2	0.02987	0.26023	0.14560	0.02740	0.06627	0.04907	0.08158	0.07809	0.04220	0.01321	0.05606	0.04571	0.00884	0.00487	0.00456	0.00124	0.07350	0.00380	0.00240	0.00547
3	0.04994	0.00656	0.00831	0.00675	0.00915	0.00615	0.00544	0.09711	0.01243	0.42126	0.30651	0.01948	0.02011	0.00628	0.00437	0.00129	0.00306	0.00525	0.00473	0.00583
4	0.00695	0.00493	0.00610	0.00612	0.00740	0.00468	0.00495	0.05529	0.01068	0.04746	0.22547	0.07979	0.24357	0.00992	0.00513	0.00155	0.00286	0.26902	0.00409	0.00406
5	0.02519	0.00841	0.04165	0.05980	0.07977	0.00858	0.04415	0.17905	0.10706	0.07988	0.01307	0.10519	0.02331	0.03753	0.02638	0.00159	0.04837	0.01766	0.08790	0.00547
6	0.01110	0.04320	0.18576	0.05538	0.07875	0.04206	0.10191	0.19419	0.06140	0.05884	0.02970	0.01270	0.06160	0.00496	0.00458	0.00131	0.03957	0.00412	0.00291	0.00595

[dist]
# distance from previous block
# <min> <max>
0	1

[block]
# block no. 11 follows, 64 sequences, length 21
# corresponding to MSA columns:
# 402-422
name=unknown_L
#
# <colnr> <probs for GDERKNQSTAVLIFYWHMCP>
#	G	D	E	R	K	N	Q	S	T	A	V	L	I	F	Y	W	H	M	C	P
0	0.00992	0.01331	0.29997	0.01033	0.01345	0.03668	0.04273	0.04416	0.07433	0.08658	0.05564	0.01252	0.04242	0.00564	0.00673	0.00145	0.23189	0.00402	0.00264	0.00557
1	0.41892	0.00802	0.00776	0.00663	0.00918	0.00881	0.00534	0.08230	0.16477	0.16675	0.01078	0.01109	0.00795	0.03224	0.00393	0.00138	0.00337	0.00339	0.04191	0.00549
2	0.23945	0.00717	0.00770	0.02238	0.02721	0.00759	0.01524	0.15349	0.05544	0.03823	0.12185	0.08752	0.12731	0.00689	0.00449	0.03571	0.00322	0.00526	0.00350	0.03035
