[name]
unknown

[dist]
# distance from previous block
# <min> <max>
0	115

[block]
# block no. 0 follows, 62 sequences, length 12
# corresponding to MSA columns:
# 117-128
name=unknown_A
#
# <colnr> <probs for GDERKNQSTAVLIFYWHMCP>
#	G	D	E	R	K	N	Q	S	T	A	V	L	I	F	Y	W	H	M	C	P
0	0.00949	0.07265	0.01345	0.05992	0.01209	0.01284	0.00906	0.03347	0.00718	0.01068	0.00610	0.00984	0.00593	0.03273	0.01250	0.00182	0.67988	0.00370	0.00195	0.00473
1	0.00744	0.08953	0.00875	0.00698	0.00831	0.00729	0.00565	0.04479	0.05890	0.01183	0.04363	0.01990	0.12423	0.01990	0.42619	0.00416	0.05909	0.03228	0.01681	0.00434
2	0.81566	0.00815	0.00653	0.00574	0.00843	0.00930	0.00473	0.01313	0.00761	0.07991	0.00674	0.00748	0.00505	0.00405	0.00276	0.00132	0.00332	0.00245	0.00283	0.00481
3	0.00944	0.00742	0.00875	0.00633	0.00994	0.00566	0.00504	0.01125	0.00896	0.07016	0.00841	0.00990	0.00693	0.03391	0.00390	0.00080	0.00322	0.00278	0.00271	0.78449
4	0.02856	0.00678	0.00755	0.00642	0.00840	0.00685	0.00508	0.24342	0.01344	0.06780	0.25910	0.02462	0.21150	0.00749	0.00452	0.00131	0.00295	0.00621	0.08293	0.00506
5	0.00799	0.00629	0.00694	0.00672	0.00821	0.00681	0.00504	0.01405	0.36855	0.01493	0.06188	0.21090	0.10770	0.00908	0.03518	0.00165	0.00308	0.00698	0.11298	0.00504
6	0.01530	0.00715	0.00878	0.00700	0.00962	0.00684	0.00565	0.15691	0.01259	0.45530	0.03258	0.01497	0.01089	0.04017	0.00472	0.00135	0.00343	0.00429	0.19621	0.00626
7	0.00625	0.00430	0.00548	0.00562	0.00647	0.00399	0.00405	0.00789	0.02839	0.04410	0.37703	0.35485	0.09273	0.01041	0.00509	0.00149	0.00229	0.00925	0.02637	0.00394
8	0.03585	0.01017	0.04657	0.13084	0.54870	0.01015	0.06082	0.01321	0.05109	0.01371	0.00831	0.01077	0.00676	0.00407	0.00452	0.00133	0.03082	0.00385	0.00219	0.00627
9	0.00589	0.00417	0.00473	0.00476	0.00515	0.00400	0.00296	0.00634	0.00748	0.00978	0.08475	0.07634	0.17704	0.55093	0.03552	0.00330	0.00365	0.00715	0.00309	0.00297
10	0.00711	0.00668	0.04609	0.00824	0.03206	0.02377	0.02148	0.00849	0.00780	0.01104	0.09993	0.13147	0.01516	0.09266	0.29395	0.01804	0.16352	0.00580	0.00268	0.00405
11	0.16115	0.15423	0.10859	0.07565	0.10737	0.06665	0.04501	0.12238	0.03455	0.06202	0.00844	0.00990	0.00655	0.00433	0.00372	0.00125	0.00493	0.01476	0.00267	0.00584

[dist]
# distance from previous block
# <min> <max>
1	4

[block]
# block no. 1 follows, 62 sequences, length 16
# corresponding to MSA columns:
# 140-155
name=unknown_B
#
# <colnr> <probs for GDERKNQSTAVLIFYWHMCP>
#	G	D	E	R	K	N	Q	S	T	A	V	L	I	F	Y	W	H	M	C	P
0	0.00727	0.00567	0.00830	0.05854	0.06872	0.00628	0.02112	0.04809	0.00798	0.01103	0.01311	0.17794	0.02844	0.07730	0.29215	0.09351	0.06199	0.00595	0.00265	0.00398
1	0.00584	0.00407	0.00490	0.00512	0.00596	0.00374	0.00368	0.00724	0.00982	0.01373	0.28084	0.29745	0.19047	0.01006	0.00485	0.00143	0.00218	0.00883	0.13605	0.00374
2	0.00558	0.00396	0.00515	0.00567	0.00606	0.00386	0.00384	0.00631	0.00791	0.01061	0.07029	0.46987	0.07824	0.15617	0.11409	0.03232	0.00388	0.00937	0.00348	0.00334
3	0.01426	0.00721	0.00885	0.00718	0.00973	0.00700	0.00579	0.13812	0.07958	0.39575	0.16273	0.01727	0.01569	0.00588	0.00426	0.00129	0.00328	0.00484	0.10506	0.00623
4	0.62015	0.00807	0.00729	0.00618	0.00893	0.00886	0.00508	0.05885	0.00905	0.18753	0.00872	0.00901	0.00622	0.00433	0.00308	0.00130	0.00339	0.00286	0.03581	0.00528
5	0.00766	0.00856	0.11554	0.03120	0.01073	0.06548	0.06152	0.00978	0.00823	0.01157	0.06160	0.01551	0.01103	0.03836	0.42774	0.00419	0.03022	0.00442	0.07226	0.00438
6	0.88052	0.00823	0.00625	0.00560	0.00823	0.00955	0.00461	0.01251	0.00724	0.01909	0.00592	0.00691	0.00461	0.00395	0.00263	0.00132	0.00329	0.00230	0.00263	0.00461
7	0.00967	0.00754	0.00878	0.00659	0.00991	0.00624	0.00528	0.09222	0.01029	0.04745	0.05548	0.02851	0.00949	0.00420	0.00351	0.00083	0.00322	0.01951	0.03689	0.63440
8	0.02509	0.04002	0.02408	0.00634	0.00750	0.06903	0.00481	0.03926	0.03164	0.01168	0.06218	0.08230	0.15237	0.22483	0.12110	0.00281	0.03476	0.01781	0.03847	0.00392
9	0.00522	0.00395	0.00483	0.00540	0.00607	0.00355	0.00375	0.00619	0.00899	0.01167	0.10976	0.53029	0.26069	0.01212	0.00527	0.00160	0.00233	0.01074	0.00402	0.00355
10	0.00954	0.01102	0.11841	0.08069	0.23210	0.03662	0.12595	0.03381	0.00918	0.01300	0.03719	0.01181	0.00792	0.02056	0.05623	0.00179	0.15449	0.00407	0.03009	0.00553
11	0.00668	0.00548	0.03676	0.00587	0.00743	0.00460	0.02601	0.00878	0.04248	0.05736	0.35477	0.09728	0.31202	0.00920	0.00495	0.00141	0.00253	0.00797	0.00421	0.00423
12	0.00650	0.00508	0.00653	0.00649	0.00707	0.03474	0.00476	0.00758	0.00689	0.00952	0.01200	0.04599	0.01215	0.23867	0.55252	0.00567	0.02676	0.00514	0.00240	0.00354
13	0.01146	0.36421	0.14216	0.04461	0.06772	0.18830	0.04365	0.02671	0.00974	0.01148	0.02173	0.00880	0.00642	0.00493	0.03041	0.00129	0.00585	0.00299	0.00204	0.00549
14	0.00634	0.00487	0.00703	0.02011	0.00792	0.00517	0.03202	0.01933	0.00861	0.01195	0.19064	0.07634	0.08872	0.05041	0.39613	0.02811	0.02099	0.01836	0.00309	0.00385
15	0.01010	0.07612	0.13543	0.10052	0.16755	0.05898	0.02368	0.07210	0.03771	0.04368	0.04649	0.05562	0.05064	0.03368	0.00553	0.00144	0.06798	0.00452	0.00267	0.00555

[dist]
# distance from previous block
# <min> <max>
1	16

[block]
# block no. 2 follows, 62 sequences, length 21
# corresponding to MSA columns:
# 172-176,181-185,190-200
name=unknown_C
#
# <colnr> <probs for GDERKNQSTAVLIFYWHMCP>
#	G	D	E	R	K	N	Q	S	T	A	V	L	I	F	Y	W	H	M	C	P
0	0.39076	0.04029	0.00904	0.00789	0.04549	0.07428	0.00605	0.08250	0.04786	0.07764	0.07301	0.01208	0.04401	0.00514	0.00413	0.00132	0.05462	0.00362	0.01510	0.00519
1	0.01084	0.03962	0.30546	0.05060	0.13044	0.07674	0.10675	0.10687	0.05514	0.03266	0.02621	0.01057	0.00723	0.00438	0.00436	0.00132	0.01844	0.00373	0.00248	0.00617
2	0.00664	0.00581	0.03441	0.03670	0.10130	0.00529	0.03494	0.02795	0.00930	0.01260	0.10540	0.48327	0.04612	0.01041	0.00514	0.00160	0.00326	0.06201	0.00362	0.00423
3	0.00621	0.00480	0.00564	0.00595	0.03009	0.02412	0.00419	0.00762	0.01025	0.02937	0.30817	0.22330	0.27219	0.01005	0.00502	0.00145	0.00245	0.02037	0.02485	0.00392
4	0.05590	0.01147	0.00967	0.00946	0.06896	0.28458	0.00651	0.11742	0.03065	0.01275	0.00965	0.02656	0.00921	0.23161	0.03978	0.03744	0.02701	0.00418	0.00264	0.00458
5	0.03146	0.01231	0.15971	0.09399	0.12887	0.03009	0.16888	0.16758	0.07355	0.01633	0.02391	0.01216	0.03352	0.00460	0.00433	0.00134	0.00536	0.00418	0.02177	0.00606
6	0.00891	0.00748	0.03158	0.18860	0.11993	0.00755	0.09204	0.07166	0.01019	0.02429	0.10125	0.03263	0.02515	0.02252	0.01779	0.00142	0.00426	0.00470	0.22305	0.00498
7	0.00936	0.00948	0.01656	0.30429	0.15546	0.03605	0.25583	0.02828	0.03774	0.01278	0.01010	0.05165	0.03160	0.00471	0.00469	0.00141	0.01759	0.00471	0.00231	0.00540
8	0.00612	0.00441	0.00513	0.00508	0.00633	0.00387	0.00380	0.00746	0.01025	0.05679	0.24597	0.14693	0.44004	0.01030	0.00506	0.00146	0.00229	0.03061	0.00422	0.00389
9	0.00603	0.00409	0.00466	0.00476	0.00484	0.00403	0.00275	0.00616	0.00654	0.00866	0.01574	0.11131	0.05248	0.72863	0.01928	0.00376	0.00387	0.00691	0.00278	0.00271
10	0.01110	0.03148	0.03873	0.05719	0.39694	0.09825	0.02725	0.05617	0.02093	0.02720	0.00775	0.00999	0.00644	0.00460	0.00577	0.00133	0.14841	0.00361	0.00227	0.04459
11	0.00921	0.06536	0.03667	0.50171	0.18955	0.03138	0.01126	0.01208	0.03236	0.02845	0.00865	0.01150	0.01989	0.00478	0.01902	0.00144	0.00547	0.00378	0.00212	0.00531
12	0.01591	0.01981	0.01210	0.01090	0.01316	0.78691	0.00821	0.06190	0.01251	0.01134	0.00678	0.00782	0.00558	0.00443	0.00386	0.00111	0.00750	0.00280	0.00231	0.00506
13	0.01036	0.00994	0.01697	0.08063	0.77071	0.01007	0.01298	0.01291	0.00961	0.01370	0.00797	0.01059	0.00667	0.00382	0.00422	0.00127	0.00510	0.00379	0.00209	0.00661
14	0.00546	0.00433	0.00490	0.00476	0.00601	0.00377	0.00357	0.00694	0.01071	0.01390	0.37913	0.03699	0.48466	0.00988	0.00502	0.00139	0.00209	0.00843	0.00427	0.00377
15	0.00959	0.00983	0.01368	0.01155	0.01187	0.04292	0.05454	0.01068	0.00692	0.01044	0.00579	0.00937	0.00563	0.00712	0.01309	0.00181	0.76478	0.00376	0.00189	0.00473
16	0.66530	0.00920	0.00763	0.00669	0.00906	0.05992	0.00547	0.06567	0.00836	0.01815	0.00642	0.00763	0.00509	0.00441	0.00391	0.00134	0.08379	0.00261	0.02457	0.00479
17	0.00521	0.00424	0.00454	0.00466	0.00583	0.00366	0.00340	0.00626	0.00945	0.01160	0.08811	0.14248	0.61106	0.05919	0.00605	0.00163	0.00233	0.02284	0.00392	0.00355
18	0.01289	0.06223	0.05430	0.03498	0.04851	0.02694	0.06119	0.29716	0.05897	0.12242	0.07533	0.02363	0.01091	0.02110	0.00450	0.00133	0.00437	0.00433	0.06875	0.00617
19	0.06434	0.00457	0.00509	0.00502	0.00605	0.00434	0.00360	0.00749	0.02116	0.01331	0.27554	0.10231	0.27351	0.15104	0.02205	0.00196	0.00272	0.00768	0.02455	0.00367
20	0.08913	0.07100	0.02392	0.02712	0.05765	0.12052	0.05180	0.34022	0.05463	0.01876	0.01042	0.03130	0.03159	0.01732	0.00447	0.00131	0.02166	0.00393	0.01724	0.00601

[dist]
# distance from previous block
# <min> <max>
1	12

[block]
# block no. 3 follows, 62 sequences, length 18
# corresponding to MSA columns:
# 213-230
name=unknown_D
#
# <colnr> <probs for GDERKNQSTAVLIFYWHMCP>
#	G	D	E	R	K	N	Q	S	T	A	V	L	I	F	Y	W	H	M	C	P
0	0.24271	0.15008	0.08868	0.06084	0.03951	0.07398	0.00767	0.13626	0.04740	0.01622	0.03051	0.02402	0.02253	0.01851	0.00384	0.00128	0.00449	0.00340	0.00275	0.02533
1	0.00999	0.00901	0.02172	0.11955	0.19467	0.09012	0.03045	0.04569	0.08316	0.05468	0.06372	0.07650	0.02777	0.03578	0.02288	0.02020	0.01848	0.06733	0.00302	0.00528
2	0.00628	0.00433	0.00518	0.00510	0.00613	0.00391	0.00370	0.00764	0.01014	0.04839	0.33357	0.15161	0.26209	0.08161	0.00637	0.00164	0.00237	0.00825	0.04786	0.00382
3	0.04176	0.00507	0.00627	0.00599	0.00740	0.00472	0.00454	0.02844	0.01026	0.18255	0.16739	0.27599	0.12138	0.00926	0.00477	0.00147	0.00270	0.04657	0.06891	0.00455
4	0.00800	0.00468	0.00569	0.00543	0.00674	0.00417	0.00401	0.00926	0.00996	0.15812	0.17146	0.20537	0.26511	0.06297	0.00591	0.00160	0.00257	0.00810	0.05659	0.00425
5	0.00866	0.00593	0.00789	0.00721	0.00826	0.00669	0.00556	0.12386	0.00875	0.05563	0.01071	0.01561	0.00976	0.09723	0.41867	0.13281	0.06556	0.00440	0.00266	0.00414
6	0.88052	0.00823	0.00625	0.00560	0.00823	0.00955	0.00461	0.01251	0.00724	0.01909	0.00592	0.00691	0.00461	0.00395	0.00263	0.00132	0.00329	0.00230	0.00263	0.00461
7	0.35889	0.02625	0.00902	0.00706	0.01004	0.00881	0.00584	0.14272	0.01139	0.33460	0.03871	0.01123	0.00857	0.00480	0.00362	0.00130	0.00362	0.00350	0.00397	0.00605
8	0.00874	0.00816	0.01351	0.58775	0.17885	0.00957	0.02685	0.02635	0.04398	0.01206	0.00828	0.01156	0.00642	0.00523	0.03421	0.00158	0.00567	0.00388	0.00210	0.00523
9	0.01615	0.01267	0.01271	0.00990	0.01319	0.08712	0.00810	0.73828	0.01929	0.02534	0.00989	0.00999	0.00708	0.00504	0.00422	0.00126	0.00495	0.00373	0.00407	0.00703
10	0.00628	0.00441	0.00537	0.00541	0.00605	0.00428	0.00368	0.00768	0.04329	0.02903	0.23133	0.20773	0.09103	0.28686	0.04650	0.00259	0.00331	0.00794	0.00366	0.00356
11	0.04432	0.00935	0.01000	0.02358	0.02349	0.05227	0.00678	0.36235	0.06833	0.10166	0.06132	0.07864	0.04733	0.00644	0.00437	0.00135	0.00402	0.04344	0.04497	0.00599
12	0.00556	0.00425	0.00492	0.00493	0.00591	0.00382	0.00355	0.00679	0.00986	0.01286	0.29133	0.11362	0.36768	0.11959	0.00725	0.00179	0.00243	0.02623	0.00401	0.00359
13	0.00710	0.00572	0.02767	0.00629	0.00753	0.00543	0.00481	0.06747	0.10641	0.01430	0.17391	0.28479	0.12969	0.06230	0.00598	0.00167	0.00285	0.04198	0.03977	0.00431
14	0.06080	0.11483	0.08187	0.06848	0.08419	0.07264	0.03597	0.22260	0.05656	0.03484	0.00880	0.00986	0.00677	0.00489	0.02148	0.00130	0.00501	0.00338	0.00288	0.10286
15	0.02531	0.00464	0.00591	0.00644	0.03596	0.00442	0.00431	0.02329	0.00849	0.04665	0.05237	0.36381	0.12497	0.13186	0.02334	0.07633	0.00318	0.03599	0.00352	0.01922
16	0.04929	0.29964	0.13680	0.03776	0.03853	0.08481	0.05429	0.11997	0.01087	0.07545	0.02327	0.03547	0.00748	0.00451	0.00369	0.00118	0.00507	0.00346	0.00262	0.00581
17	0.03334	0.23638	0.16730	0.02092	0.05475	0.02526	0.13697	0.06046	0.06172	0.04015	0.00917	0.02576	0.02041	0.00515	0.01665	0.01654	0.05719	0.00374	0.00242	0.00572

[dist]
# distance from previous block
# <min> <max>
0	11

[block]
# block no. 4 follows, 62 sequences, length 19
# corresponding to MSA columns:
# 275-293
name=unknown_E
#
# <colnr> <probs for GDERKNQSTAVLIFYWHMCP>
#	G	D	E	R	K	N	Q	S	T	A	V	L	I	F	Y	W	H	M	C	P
0	0.02334	0.00647	0.03171	0.05289	0.00899	0.05624	0.02394	0.01971	0.01937	0.03455	0.14254	0.21784	0.07561	0.12527	0.06697	0.01373	0.02041	0.02082	0.02649	0.01311
1	0.01023	0.03610	0.06905	0.01079	0.12301	0.03618	0.03126	0.15050	0.14654	0.04099	0.09770	0.13257	0.04854	0.00708	0.01568	0.00146	0.00412	0.01960	0.01291	0.00569
2	0.04883	0.06969	0.05384	0.05746	0.03961	0.03697	0.03747	0.14747	0.01911	0.01416	0.03996	0.09282	0.09020	0.13232	0.03073	0.00195	0.06254	0.01707	0.00299	0.00482
3	0.00924	0.06786	0.08818	0.02664	0.09286	0.05984	0.09389	0.04990	0.04895	0.01304	0.03196	0.09842	0.01106	0.09977	0.04761	0.00186	0.02840	0.00489	0.04470	0.08096
4	0.00856	0.02016	0.71261	0.01229	0.01800	0.00984	0.07178	0.01311	0.00894	0.01328	0.00818	0.03811	0.00626	0.00446	0.00452	0.00139	0.03693	0.00361	0.00190	0.00609
5	0.00893	0.00853	0.01386	0.08871	0.37569	0.03752	0.09468	0.01104	0.00911	0.01244	0.01170	0.17460	0.01166	0.02222	0.05600	0.00181	0.02218	0.03142	0.00253	0.00537
6	0.12474	0.00627	0.00743	0.04422	0.00934	0.01780	0.00560	0.05647	0.01004	0.17275	0.06850	0.16043	0.07903	0.05016	0.02692	0.00179	0.01531	0.13463	0.00384	0.00474
7	0.00756	0.00619	0.00623	0.00595	0.00729	0.06587	0.00446	0.03795	0.10021	0.01474	0.25039	0.11788	0.20467	0.00884	0.02051	0.00145	0.00293	0.00708	0.12548	0.00433
8	0.11939	0.08868	0.02748	0.03162	0.01194	0.22684	0.01913	0.07921	0.04652	0.04364	0.00789	0.00904	0.00632	0.00448	0.00454	0.00115	0.08655	0.00303	0.01950	0.16305
9	0.00956	0.30904	0.52629	0.01062	0.01594	0.01231	0.03590	0.01323	0.00890	0.01228	0.00707	0.00831	0.00545	0.00389	0.00362	0.00120	0.00571	0.00290	0.00182	0.00599
10	0.00759	0.00425	0.00574	0.00574	0.00582	0.03155	0.00386	0.00594	0.00587	0.00763	0.00800	0.04605	0.00815	0.01437	0.01575	0.81193	0.00378	0.00400	0.00194	0.00202
11	0.00517	0.00432	0.00451	0.00446	0.00584	0.00365	0.00335	0.00639	0.01004	0.01231	0.15693	0.03961	0.70786	0.01047	0.00503	0.00142	0.00213	0.00879	0.00406	0.00365
12	0.00680	0.00550	0.00637	0.00655	0.03308	0.00546	0.00478	0.01026	0.16957	0.01361	0.16151	0.05579	0.31470	0.08105	0.00640	0.00172	0.00286	0.10568	0.00397	0.00434
13	0.06187	0.08455	0.01162	0.00852	0.01116	0.03334	0.00704	0.32430	0.11653	0.10864	0.01205	0.01225	0.03539	0.00584	0.01891	0.00140	0.08022	0.00394	0.05623	0.00620
14	0.25963	0.00709	0.00728	0.00632	0.00856	0.00748	0.00508	0.09607	0.08217	0.14923	0.09214	0.01689	0.07170	0.00581	0.00378	0.00130	0.00310	0.02936	0.14177	0.00524
15	0.02670	0.03814	0.45518	0.01084	0.02618	0.00947	0.05737	0.03718	0.08559	0.08035	0.05138	0.01261	0.03846	0.00490	0.00449	0.00136	0.03324	0.00396	0.01654	0.00605
16	0.00621	0.00428	0.00499	0.00498	0.00509	0.00437	0.00301	0.00632	0.00649	0.00864	0.01514	0.06422	0.06380	0.68555	0.04111	0.03304	0.03093	0.00642	0.00267	0.00275
17	0.05256	0.04081	0.01173	0.00958	0.04145	0.03828	0.03484	0.45218	0.03650	0.04146	0.01201	0.13770	0.01049	0.00667	0.01956	0.00144	0.01746	0.00502	0.02411	0.00614
18	0.02348	0.09645	0.04194	0.00923	0.05350	0.12082	0.02104	0.10570	0.03646	0.09850	0.04878	0.02727	0.01080	0.07195	0.16330	0.00254	0.03049	0.02950	0.00300	0.00522

[dist]
# distance from previous block
# <min> <max>
1	6

[block]
# block no. 5 follows, 62 sequences, length 16
# corresponding to MSA columns:
# 301-316
name=unknown_F
#
# <colnr> <probs for GDERKNQSTAVLIFYWHMCP>
#	G	D	E	R	K	N	Q	S	T	A	V	L	I	F	Y	W	H	M	C	P
0	0.02696	0.03079	0.09687	0.04937	0.10910	0.11904	0.11894	0.07126	0.16915	0.03172	0.03162	0.05478	0.00980	0.02838	0.00513	0.01384	0.02010	0.00449	0.00291	0.00575
1	0.00795	0.00479	0.00602	0.00585	0.00700	0.00448	0.00432	0.00942	0.02528	0.14198	0.19171	0.27738	0.15237	0.06071	0.00615	0.00165	0.02108	0.02441	0.04319	0.00426
2	0.00611	0.00437	0.00595	0.00615	0.00665	0.00477	0.00445	0.00720	0.00721	0.01033	0.01479	0.22745	0.01572	0.16066	0.40127	0.00450	0.03181	0.00666	0.07041	0.00355
3	0.00540	0.00406	0.00502	0.00545	0.00621	0.00368	0.00389	0.00656	0.00949	0.01248	0.20539	0.41943	0.24199	0.01156	0.00525	0.00157	0.00234	0.04249	0.00411	0.00364
4	0.00525	0.00375	0.00500	0.00588	0.00619	0.00350	0.00395	0.00609	0.00845	0.01134	0.08541	0.78435	0.02907	0.01297	0.00540	0.00170	0.00243	0.01175	0.00401	0.00350
5	0.01179	0.01167	0.01017	0.00918	0.01154	0.19716	0.00707	0.02134	0.63388	0.01612	0.01488	0.01402	0.01129	0.00546	0.00422	0.00136	0.00434	0.00434	0.00384	0.00633
6	0.01492	0.00895	0.00985	0.00782	0.01060	0.02985	0.00637	0.38106	0.01502	0.24354	0.01353	0.01330	0.02895	0.00524	0.00400	0.00123	0.00382	0.00408	0.19150	0.00639
7	0.00763	0.00685	0.00982	0.00893	0.00932	0.00903	0.00724	0.00887	0.00668	0.01005	0.00860	0.01315	0.00820	0.02013	0.43879	0.00444	0.41181	0.00416	0.00208	0.00421
8	0.01570	0.05536	0.01249	0.01081	0.01306	0.79898	0.00818	0.01681	0.01191	0.01040	0.00655	0.00764	0.00548	0.00435	0.00379	0.00109	0.00754	0.00272	0.00218	0.00496
9	0.00868	0.00817	0.05771	0.09258	0.20337	0.00770	0.04315	0.04353	0.07866	0.02953	0.20992	0.03985	0.07789	0.00637	0.00471	0.00137	0.01812	0.02909	0.03430	0.00531
10	0.00583	0.00429	0.00545	0.00526	0.00626	0.00392	0.00391	0.00761	0.01143	0.01584	0.65651	0.09633	0.14288	0.00933	0.00505	0.00138	0.00206	0.00821	0.00453	0.00392
11	0.00578	0.00443	0.00575	0.00620	0.00675	0.00455	0.00443	0.00710	0.03685	0.01106	0.03713	0.49894	0.11975	0.04734	0.12276	0.00250	0.04754	0.02386	0.00358	0.00368
12	0.02383	0.00841	0.05946	0.03303	0.10183	0.00822	0.05018	0.06830	0.13702	0.03490	0.09780	0.03510	0.16542	0.00702	0.01576	0.00148	0.08774	0.00550	0.05370	0.00528
13	0.00634	0.00455	0.00525	0.02101	0.00658	0.00431	0.00388	0.02008	0.03063	0.01429	0.28054	0.06124	0.28783	0.03616	0.02540	0.00156	0.00255	0.02150	0.16238	0.00392
14	0.03551	0.47064	0.01711	0.00826	0.01129	0.15547	0.00735	0.12105	0.04031	0.01315	0.00766	0.00904	0.00657	0.00438	0.00357	0.00107	0.02805	0.01967	0.03434	0.00552
15	0.00765	0.00601	0.00742	0.02503	0.00873	0.00590	0.02707	0.11223	0.06613	0.01429	0.08642	0.33162	0.13062	0.03256	0.02721	0.00165	0.00329	0.00801	0.00375	0.09440

[dist]
# distance from previous block
# <min> <max>
6	14

[block]
# block no. 6 follows, 62 sequences, length 18
# corresponding to MSA columns:
# 331-348
name=unknown_G
#
# <colnr> <probs for GDERKNQSTAVLIFYWHMCP>
#	G	D	E	R	K	N	Q	S	T	A	V	L	I	F	Y	W	H	M	C	P
0	0.01039	0.01016	0.06230	0.07121	0.37456	0.02070	0.01037	0.12804	0.08437	0.01536	0.01293	0.01464	0.09331	0.00563	0.01660	0.00143	0.04384	0.01524	0.00280	0.00612
1	0.03826	0.00814	0.00964	0.00969	0.11684	0.03170	0.00667	0.18621	0.06266	0.12257	0.06549	0.04553	0.17498	0.02757	0.01474	0.00148	0.03283	0.00546	0.03395	0.00559
2	0.00923	0.06340	0.00974	0.00788	0.00936	0.02785	0.00627	0.13526	0.12378	0.01544	0.18072	0.16195	0.06000	0.00798	0.00635	0.00148	0.15835	0.00631	0.00363	0.00501
3	0.02598	0.01830	0.04734	0.02287	0.02447	0.00546	0.01991	0.01046	0.00869	0.07045	0.02208	0.04389	0.01100	0.06038	0.10658	0.00199	0.01623	0.00436	0.43354	0.04600
4	0.57274	0.04336	0.02442	0.00768	0.02415	0.20218	0.01819	0.02868	0.00885	0.02795	0.00642	0.00743	0.00506	0.00407	0.00306	0.00125	0.00454	0.00254	0.00253	0.00489
5	0.03841	0.01842	0.65708	0.01074	0.01591	0.00883	0.01328	0.01233	0.00901	0.01363	0.09327	0.01158	0.00916	0.00526	0.00496	0.06112	0.00556	0.00363	0.00213	0.00569
6	0.00961	0.09774	0.01577	0.33317	0.41695	0.01042	0.01174	0.01212	0.00911	0.01239	0.00775	0.01058	0.00630	0.00398	0.00404	0.00128	0.00516	0.00363	0.02247	0.00577
7	0.01549	0.01079	0.01166	0.00904	0.01218	0.01179	0.00743	0.67636	0.01835	0.07552	0.01101	0.01108	0.00783	0.00510	0.00412	0.00125	0.00433	0.00387	0.09590	0.00689
8	0.00505	0.00422	0.00440	0.00455	0.00581	0.00357	0.00334	0.00608	0.00947	0.01140	0.04016	0.16186	0.70318	0.01116	0.00509	0.00148	0.00220	0.00945	0.00395	0.00357
9	0.00518	0.00370	0.00494	0.00592	0.00617	0.00346	0.00395	0.00592	0.00815	0.01086	0.02345	0.84768	0.02814	0.01333	0.00543	0.00173	0.00247	0.01210	0.00395	0.00346
10	0.00608	0.00456	0.00684	0.00684	0.00760	0.00532	0.00532	0.00760	0.00684	0.00988	0.01140	0.01672	0.01064	0.03191	0.83360	0.00684	0.01140	0.00456	0.00228	0.00380
11	0.01607	0.01165	0.01255	0.00967	0.01304	0.01286	0.00797	0.75306	0.04940	0.05421	0.01071	0.01057	0.00756	0.00514	0.00426	0.00128	0.00460	0.00388	0.00429	0.00722
12	0.78982	0.00812	0.00664	0.00580	0.00851	0.00920	0.00478	0.01337	0.00776	0.10414	0.00707	0.00771	0.00523	0.00409	0.00281	0.00132	0.00333	0.00251	0.00291	0.00489
13	0.01371	0.01046	0.01123	0.00912	0.01202	0.01167	0.00740	0.51368	0.24550	0.02293	0.01325	0.01351	0.02573	0.00635	0.02933	0.00150	0.00439	0.02010	0.02133	0.00679
14	0.00523	0.00428	0.00462	0.00462	0.00589	0.00366	0.00343	0.00647	0.01005	0.01253	0.19214	0.09430	0.61689	0.01055	0.00505	0.00144	0.00215	0.00894	0.00409	0.00366
15	0.00988	0.01884	0.02930	0.18570	0.30498	0.03084	0.05130	0.03706	0.09886	0.02616	0.00952	0.01299	0.00804	0.09357	0.00675	0.00166	0.06229	0.00417	0.00245	0.00565
16	0.00737	0.00588	0.02255	0.02291	0.05179	0.00550	0.00527	0.09269	0.01222	0.01701	0.55686	0.06996	0.07924	0.00814	0.00485	0.00134	0.00266	0.00712	0.00427	0.02237
17	0.02838	0.00789	0.00751	0.02366	0.00872	0.14916	0.01908	0.02233	0.09367	0.02155	0.12695	0.26474	0.06829	0.10058	0.00670	0.00174	0.01748	0.00727	0.02004	0.00426

[dist]
# distance from previous block
# <min> <max>
2	4

[block]
# block no. 7 follows, 62 sequences, length 61
# corresponding to MSA columns:
# 353-377,386-421
name=unknown_H
#
# <colnr> <probs for GDERKNQSTAVLIFYWHMCP>
#	G	D	E	R	K	N	Q	S	T	A	V	L	I	F	Y	W	H	M	C	P
0	0.03509	0.11924	0.09631	0.09453	0.40401	0.01059	0.03715	0.02632	0.03117	0.04023	0.02099	0.02185	0.00743	0.00424	0.00416	0.00127	0.01799	0.00375	0.01756	0.00611
1	0.00682	0.00479	0.00599	0.00547	0.00683	0.00434	0.00415	0.00897	0.03419	0.05701	0.61459	0.03049	0.13874	0.00843	0.00487	0.00132	0.00221	0.00734	0.00450	0.04896
2	0.00631	0.00495	0.00684	0.01867	0.00794	0.00525	0.03048	0.00832	0.05924	0.01134	0.02957	0.22287	0.13190	0.03243	0.32959	0.00367	0.02394	0.02976	0.03296	0.00396
3	0.00589	0.00440	0.00518	0.00495	0.00619	0.00388	0.00372	0.00748	0.01102	0.03342	0.46040	0.03542	0.38357	0.00953	0.00501	0.00138	0.00211	0.00818	0.00438	0.00390
4	0.01434	0.01144	0.00942	0.00819	0.01043	0.30009	0.00634	0.07007	0.04901	0.23855	0.03123	0.05359	0.01025	0.00539	0.00396	0.00120	0.00473	0.00413	0.16209	0.00554
5	0.01909	0.00724	0.00987	0.00757	0.01086	0.00625	0.00625	0.02074	0.01218	0.82687	0.01679	0.01448	0.01053	0.00527	0.00428	0.00132	0.00362	0.00428	0.00527	0.00724
6	0.88052	0.00823	0.00625	0.00560	0.00823	0.00955	0.00461	0.01251	0.00724	0.01909	0.00592	0.00691	0.00461	0.00395	0.00263	0.00132	0.00329	0.00230	0.00263	0.00461
7	0.01058	0.00914	0.00962	0.00866	0.01106	0.01058	0.00673	0.02261	0.81623	0.01780	0.01732	0.01588	0.01299	0.00577	0.00433	0.00144	0.00337	0.00481	0.00433	0.00673
8	0.00595	0.00435	0.00559	0.00528	0.00631	0.00398	0.00396	0.00789	0.01188	0.01667	0.76625	0.03244	0.09581	0.00885	0.00502	0.00135	0.00202	0.00779	0.00463	0.00398
9	0.00708	0.00527	0.00762	0.00809	0.00921	0.00524	0.04357	0.02721	0.00984	0.01284	0.02169	0.08284	0.03677	0.03999	0.00630	0.00197	0.00399	0.66266	0.00380	0.00401
10	0.40541	0.14031	0.02513	0.00778	0.01069	0.17316	0.00655	0.15898	0.01076	0.01732	0.00686	0.00769	0.00540	0.00420	0.00320	0.00120	0.00465	0.00268	0.00270	0.00531
11	0.81044	0.00823	0.00667	0.04425	0.00930	0.00958	0.00501	0.01278	0.03499	0.01867	0.00639	0.00742	0.00494	0.00403	0.00277	0.00133	0.00340	0.00246	0.00266	0.00469
12	0.00586	0.00439	0.00517	0.00494	0.00618	0.00388	0.00372	0.00745	0.01100	0.03211	0.45828	0.03548	0.38702	0.00955	0.00501	0.00138	0.00211	0.00819	0.00437	0.00390
13	0.00547	0.00484	0.03335	0.00560	0.00670	0.00398	0.02237	0.00661	0.00906	0.01159	0.09038	0.34400	0.36635	0.06213	0.00616	0.00170	0.00264	0.00961	0.00381	0.00365
14	0.00546	0.00426	0.00496	0.00492	0.00605	0.00376	0.00364	0.00690	0.01053	0.01378	0.36988	0.11981	0.41051	0.01016	0.00507	0.00143	0.00212	0.00876	0.00426	0.00376
15	0.00739	0.00370	0.00554	0.00554	0.00554	0.00370	0.00370	0.00554	0.00554	0.00739	0.00739	0.01293	0.00739	0.01478	0.01663	0.87620	0.00370	0.00370	0.00185	0.00185
16	0.01154	0.61456	0.13531	0.00842	0.01227	0.09136	0.00859	0.04068	0.02317	0.01125	0.00656	0.00748	0.00564	0.00385	0.00310	0.00101	0.00507	0.00254	0.00198	0.00561
17	0.00558	0.00399	0.00524	0.00611	0.00651	0.00385	0.00424	0.00684	0.03591	0.01135	0.02267	0.72576	0.02654	0.01310	0.02180	0.00181	0.00276	0.06367	0.02866	0.00362
18	0.02025	0.04256	0.04986	0.08319	0.04786	0.12825	0.02201	0.04022	0.03419	0.02270	0.01133	0.03292	0.04243	0.22502	0.09002	0.00261	0.09297	0.00465	0.00250	0.00444
19	0.01261	0.02574	0.06384	0.03833	0.13712	0.04949	0.00888	0.29491	0.24867	0.03292	0.01180	0.02243	0.00894	0.00505	0.00421	0.00132	0.00453	0.00410	0.01848	0.00663
20	0.12310	0.01505	0.38571	0.16082	0.07316	0.02873	0.06014	0.04576	0.00936	0.02904	0.00787	0.00967	0.00579	0.00412	0.00395	0.00134	0.00558	0.00336	0.02168	0.00576
21	0.01288	0.01351	0.17450	0.05901	0.29388	0.01109	0.10488	0.10205	0.07511	0.07154	0.01163	0.02699	0.00927	0.00563	0.00511	0.00167	0.00586	0.00466	0.00333	0.00738
22	0.00718	0.00639	0.00788	0.00908	0.13315	0.04332	0.01815	0.00948	0.06946	0.01321	0.16149	0.14671	0.29318	0.00919	0.01868	0.00151	0.00325	0.02583	0.00366	0.01920
23	0.00608	0.00477	0.00668	0.04520	0.03367	0.00449	0.03954	0.00744	0.00943	0.02391	0.17923	0.36472	0.19870	0.03003	0.00553	0.00160	0.00284	0.02840	0.00385	0.00390
24	0.00955	0.00886	0.01208	0.05884	0.01191	0.03696	0.02140	0.03776	0.00754	0.03739	0.00724	0.02484	0.00676	0.00971	0.09366	0.02945	0.57525	0.00396	0.00215	0.00466
25	0.02815	0.01508	0.01183	0.05330	0.04987	0.45612	0.00827	0.06834	0.09104	0.07766	0.02393	0.01008	0.00745	0.00494	0.00484	0.00126	0.07617	0.00341	0.00279	0.00547
26	0.00531	0.00376	0.00490	0.00576	0.00597	0.00354	0.00377	0.00596	0.00789	0.01053	0.02216	0.74193	0.02651	0.12132	0.00752	0.00204	0.00268	0.01133	0.00377	0.00334
27	0.00965	0.04826	0.03815	0.03849	0.16234	0.05688	0.02164	0.01563	0.32933	0.01483	0.08999	0.10592	0.02492	0.00627	0.00455	0.00139	0.01715	0.00540	0.00343	0.00579
28	0.54485	0.18778	0.06027	0.00687	0.00999	0.01082	0.03103	0.01307	0.00807	0.06891	0.00713	0.02288	0.00570	0.00413	0.00297	0.00124	0.00387	0.00274	0.00259	0.00508
29	0.00931	0.00931	0.01303	0.01117	0.01117	0.01303	0.00931	0.01024	0.00652	0.01024	0.00559	0.00931	0.00559	0.00745	0.01396	0.00186	0.84267	0.00372	0.00186	0.00465
30	0.00934	0.03204	0.71404	0.01204	0.03243	0.00987	0.02810	0.03967	0.00955	0.05149	0.01834	0.00960	0.00617	0.00417	0.00407	0.00134	0.00603	0.00331	0.00209	0.00632
31	0.88052	0.00823	0.00625	0.00560	0.00823	0.00955	0.00461	0.01251	0.00724	0.01909	0.00592	0.00691	0.00461	0.00395	0.00263	0.00132	0.00329	0.00230	0.00263	0.00461
32	0.01606	0.01135	0.01236	0.00946	0.01287	0.01231	0.00780	0.71169	0.01888	0.08821	0.01060	0.01048	0.00745	0.00503	0.00421	0.00125	0.00453	0.00381	0.00425	0.04739
33	0.00511	0.00431	0.00442	0.00439	0.00579	0.00362	0.00329	0.00626	0.00988	0.01193	0.10337	0.04024	0.76166	0.01062	0.00503	0.00143	0.00214	0.00888	0.00401	0.00362
34	0.00618	0.00414	0.00471	0.00471	0.00473	0.00416	0.00266	0.00623	0.00621	0.00830	0.01334	0.02750	0.01532	0.82491	0.04700	0.00421	0.00435	0.00614	0.00257	0.00262
35	0.29008	0.05195	0.00839	0.00697	0.00893	0.11465	0.00558	0.05296	0.00884	0.05613	0.00911	0.01144	0.00762	0.02449	0.24364	0.00288	0.01613	0.00340	0.07215	0.00465
36	0.00713	0.00464	0.00601	0.00553	0.00673	0.00428	0.00419	0.01973	0.01197	0.07677	0.70096	0.04536	0.05355	0.00844	0.00491	0.00134	0.00217	0.00742	0.02458	0.00428
37	0.00990	0.00962	0.04608	0.03600	0.21977	0.03177	0.16983	0.01457	0.18383	0.04926	0.13569	0.01643	0.04732	0.00532	0.00454	0.00136	0.00461	0.00504	0.00318	0.00589
38	0.00949	0.00571	0.00685	0.00620	0.00790	0.00542	0.00483	0.07967	0.03863	0.17586	0.16687	0.07896	0.22500	0.06544	0.00595	0.00162	0.00299	0.07882	0.02902	0.00478
39	0.01528	0.16470	0.01442	0.00945	0.01278	0.09455	0.00795	0.58775	0.01717	0.02217	0.00908	0.00935	0.00674	0.00477	0.00394	0.00119	0.00495	0.00344	0.00361	0.00669
40	0.01165	0.24929	0.05497	0.02405	0.08790	0.10740	0.05407	0.10341	0.03996	0.03966	0.00921	0.01133	0.01850	0.00446	0.00373	0.00111	0.00489	0.03978	0.00261	0.13200
41	0.05282	0.34357	0.05880	0.00931	0.03651	0.21555	0.00798	0.11072	0.05503	0.01337	0.00755	0.00849	0.00623	0.00444	0.00386	0.01516	0.02340	0.00290	0.01876	0.00556
42	0.70037	0.04746	0.00742	0.00602	0.00861	0.04076	0.00493	0.01305	0.01818	0.06952	0.00732	0.02350	0.00591	0.02829	0.00340	0.00138	0.00355	0.00277	0.00279	0.00478
43	0.01094	0.04882	0.05905	0.15666	0.43755	0.04352	0.04983	0.08449	0.02364	0.03286	0.00834	0.01050	0.00660	0.00407	0.00417	0.00128	0.00531	0.00374	0.00235	0.00626
44	0.00652	0.00510	0.00750	0.05539	0.05679	0.00570	0.00581	0.02111	0.00757	0.01058	0.01368	0.20656	0.01425	0.07939	0.45308	0.00460	0.03349	0.00627	0.00267	0.00395
45	0.00582	0.00426	0.00505	0.00514	0.00620	0.00379	0.00377	0.00715	0.01008	0.03400	0.26799	0.22354	0.35118	0.01049	0.00507	0.00147	0.00225	0.02470	0.02424	0.00379
46	0.01178	0.00581	0.00740	0.00626	0.00842	0.00518	0.00495	0.01383	0.04547	0.37513	0.24653	0.04073	0.19541	0.00759	0.00467	0.00136	0.00282	0.00642	0.00475	0.00546
47	0.01607	0.01187	0.01271	0.00977	0.01316	0.01315	0.00806	0.79537	0.03453	0.02665	0.01035	0.01032	0.00734	0.00512	0.00426	0.00128	0.00466	0.00385	0.00426	0.00723
48	0.00793	0.00397	0.00397	0.00397	0.00496	0.00397	0.00297	0.00991	0.00892	0.01586	0.01388	0.01586	0.01091	0.00496	0.00297	0.00099	0.00198	0.00397	0.87408	0.00397
49	0.01618	0.01192	0.01277	0.00979	0.01320	0.01320	0.00809	0.80973	0.02001	0.02682	0.01022	0.01022	0.00724	0.00511	0.00426	0.00128	0.00468	0.00383	0.00426	0.00724
50	0.01138	0.85302	0.02230	0.00728	0.01092	0.01684	0.00728	0.01274	0.00865	0.01001	0.00592	0.00683	0.00546	0.00364	0.00273	0.00091	0.00455	0.00228	0.00182	0.00546
51	0.01138	0.85302	0.02230	0.00728	0.01092	0.01684	0.00728	0.01274	0.00865	0.01001	0.00592	0.00683	0.00546	0.00364	0.00273	0.00091	0.00455	0.00228	0.00182	0.00546
52	0.00804	0.00756	0.01276	0.84023	0.02931	0.00945	0.01182	0.01087	0.00851	0.01087	0.00756	0.01134	0.00567	0.00425	0.00425	0.00142	0.00567	0.00378	0.00189	0.00473
53	0.01615	0.01162	0.01255	0.00966	0.01303	0.01280	0.00796	0.75091	0.04228	0.06352	0.01072	0.01057	0.00755	0.00513	0.00426	0.00128	0.00460	0.00388	0.00431	0.00722
54	0.00521	0.00432	0.00456	0.00450	0.00586	0.00367	0.00337	0.00645	0.01012	0.01249	0.18197	0.03931	0.68270	0.01041	0.00503	0.00142	0.00213	0.00875	0.00408	0.00367
55	0.00968	0.00924	0.01563	0.24148	0.58515	0.00971	0.01239	0.01224	0.00938	0.01302	0.00908	0.01178	0.03421	0.00415	0.00425	0.00131	0.00512	0.00397	0.00211	0.00610
56	0.00530	0.00392	0.00495	0.00554	0.00613	0.00358	0.00383	0.00632	0.00909	0.01203	0.16302	0.56346	0.17308	0.01208	0.00529	0.00161	0.00233	0.01079	0.00408	0.00358
57	0.00731	0.00400	0.00588	0.00583	0.00604	0.00417	0.00406	0.02008	0.00610	0.00835	0.00830	0.01364	0.00805	0.01758	0.16620	0.68487	0.00510	0.00386	0.01826	0.00234
58	0.01245	0.63574	0.03301	0.00816	0.01159	0.14843	0.00764	0.07892	0.01014	0.01151	0.00640	0.00728	0.00561	0.00389	0.00306	0.00098	0.00509	0.00249	0.00208	0.00553
59	0.00623	0.00452	0.00591	0.03838	0.03256	0.00448	0.00450	0.00721	0.02052	0.02390	0.02029	0.40824	0.07167	0.24517	0.00995	0.00236	0.01392	0.07321	0.00343	0.00354
60	0.01011	0.07652	0.26491	0.01427	0.18922	0.01062	0.08121	0.05646	0.06115	0.03684	0.03606	0.01113	0.00787	0.01779	0.00542	0.00139	0.09203	0.00381	0.00242	0.02076

[dist]
# distance from previous block
# <min> <max>
1	9

[block]
# block no. 8 follows, 62 sequences, length 21
# corresponding to MSA columns:
# 431-451
name=unknown_I
#
# <colnr> <probs for GDERKNQSTAVLIFYWHMCP>
#	G	D	E	R	K	N	Q	S	T	A	V	L	I	F	Y	W	H	M	C	P
0	0.01106	0.04759	0.20754	0.05993	0.24955	0.06550	0.07096	0.09599	0.06009	0.03962	0.00882	0.01038	0.00677	0.00433	0.00447	0.00131	0.03280	0.00368	0.01337	0.00624
1	0.00736	0.00927	0.16298	0.00799	0.00991	0.08479	0.04835	0.00925	0.00916	0.01226	0.08847	0.41096	0.03389	0.02756	0.00516	0.00155	0.00390	0.00808	0.05481	0.00432
2	0.00546	0.00400	0.00533	0.00629	0.02313	0.00373	0.00425	0.00645	0.00876	0.01172	0.10976	0.65817	0.07275	0.01242	0.00536	0.00167	0.00253	0.05061	0.00399	0.00361
3	0.05406	0.00919	0.01056	0.00830	0.01138	0.00949	0.00684	0.37727	0.03877	0.33002	0.01333	0.01330	0.00927	0.00532	0.00416	0.00130	0.00398	0.02650	0.06017	0.00681
4	0.01013	0.00912	0.02683	0.01927	0.01045	0.06345	0.00638	0.09920	0.43641	0.01694	0.12061	0.03051	0.08293	0.04224	0.00518	0.00150	0.00363	0.00540	0.00403	0.00580
5	0.65528	0.00789	0.00708	0.00605	0.00878	0.00862	0.00497	0.01429	0.00853	0.20633	0.03222	0.00939	0.00702	0.00439	0.00308	0.00132	0.00333	0.00292	0.00330	0.00520
6	0.00734	0.00371	0.00550	0.00550	0.00550	0.00371	0.00365	0.00557	0.00557	0.00743	0.00765	0.01357	0.00773	0.05019	0.01684	0.83925	0.00371	0.00380	0.00188	0.00188
7	0.81843	0.00837	0.00665	0.00584	0.00852	0.00962	0.00481	0.04871	0.00795	0.04108	0.00641	0.00726	0.00489	0.00404	0.00275	0.00131	0.00336	0.00243	0.00278	0.00480
8	0.00931	0.00931	0.01303	0.01117	0.01117	0.01303	0.00931	0.01024	0.00652	0.01024	0.00559	0.00931	0.00559	0.00745	0.01396	0.00186	0.84267	0.00372	0.00186	0.00465
9	0.32534	0.00902	0.00858	0.02797	0.01055	0.03416	0.00619	0.05110	0.40177	0.03195	0.01254	0.01327	0.00972	0.00523	0.00376	0.00140	0.00360	0.03447	0.00359	0.00578
10	0.01814	0.00876	0.01081	0.00829	0.01162	0.00851	0.00685	0.27689	0.01472	0.56713	0.01465	0.01310	0.00946	0.00521	0.00427	0.00130	0.00397	0.00413	0.00494	0.00724
11	0.00804	0.00756	0.01276	0.84023	0.02931	0.00945	0.01182	0.01087	0.00851	0.01087	0.00756	0.01134	0.00567	0.00425	0.00425	0.00142	0.00567	0.00378	0.00189	0.00473
12	0.00503	0.00431	0.00431	0.00431	0.00575	0.00359	0.00323	0.00611	0.00970	0.01149	0.04310	0.04095	0.82219	0.01078	0.00503	0.00144	0.00216	0.00898	0.00395	0.00359
13	0.00739	0.00370	0.00554	0.00554	0.00554	0.00370	0.00370	0.00554	0.00554	0.00739	0.00739	0.01293	0.00739	0.01478	0.01663	0.87620	0.00370	0.00370	0.00185	0.00185
14	0.05686	0.06589	0.01276	0.02810	0.01306	0.42128	0.03253	0.18615	0.04808	0.01475	0.00792	0.00902	0.00632	0.00542	0.02677	0.00136	0.05232	0.00321	0.00271	0.00550
15	0.00522	0.00373	0.00497	0.00590	0.00618	0.00348	0.00395	0.00601	0.00830	0.01110	0.05446	0.81599	0.02861	0.01315	0.00542	0.00171	0.00245	0.01193	0.00398	0.00348
16	0.00991	0.03360	0.14259	0.06763	0.31601	0.03334	0.14801	0.04234	0.02955	0.01376	0.00945	0.05633	0.00809	0.00472	0.00458	0.00135	0.02590	0.01895	0.02792	0.00595
17	0.00615	0.00414	0.00474	0.00473	0.00486	0.00412	0.00277	0.00625	0.00652	0.00867	0.03460	0.02786	0.05895	0.73509	0.04514	0.02961	0.00418	0.00625	0.00267	0.00268
18	0.02609	0.00461	0.00582	0.00572	0.00634	0.00481	0.00399	0.00764	0.00731	0.05451	0.03253	0.09584	0.07898	0.36597	0.25909	0.00419	0.02396	0.00623	0.00289	0.00347
19	0.06391	0.25362	0.05492	0.03184	0.11022	0.21486	0.07084	0.06973	0.03141	0.02295	0.00751	0.00881	0.00612	0.00415	0.00380	0.00116	0.01876	0.00311	0.01665	0.00562
20	0.03172	0.19083	0.04224	0.00958	0.05437	0.29420	0.02491	0.01360	0.02404	0.04954	0.06115	0.02513	0.06407	0.02270	0.00445	0.00124	0.02378	0.02323	0.02131	0.01791

[dist]
# distance from previous block
# <min> <max>
0	63

[block]
# block no. 9 follows, 62 sequences, length 18
# corresponding to MSA columns:
# 515-532
name=unknown_J
#
# <colnr> <probs for GDERKNQSTAVLIFYWHMCP>
#	G	D	E	R	K	N	Q	S	T	A	V	L	I	F	Y	W	H	M	C	P
0	0.00910	0.06188	0.03588	0.02811	0.12915	0.00824	0.00697	0.06148	0.21002	0.03304	0.13507	0.08256	0.06763	0.08092	0.00599	0.00162	0.00366	0.02977	0.00356	0.00534
1	0.04685	0.02908	0.01687	0.10924	0.44057	0.06907	0.14124	0.02924	0.03495	0.03007	0.00833	0.01058	0.00665	0.00397	0.00423	0.00130	0.00548	0.00386	0.00229	0.00613
2	0.00533	0.00413	0.00487	0.00517	0.00610	0.00367	0.00373	0.00650	0.00963	0.01240	0.18767	0.31402	0.37611	0.01127	0.00519	0.00153	0.00228	0.03267	0.00409	0.00364
3	0.00610	0.00434	0.00514	0.00527	0.00607	0.00402	0.00377	0.00709	0.00895	0.03131	0.15085	0.13011	0.25903	0.25153	0.00993	0.00229	0.00298	0.10406	0.00370	0.00348
4	0.01594	0.01180	0.01264	0.00974	0.01311	0.01309	0.00803	0.77667	0.05344	0.02644	0.01051	0.01045	0.00748	0.00514	0.00426	0.00128	0.00463	0.00387	0.00426	0.00722
5	0.02801	0.00640	0.00773	0.00674	0.00862	0.00650	0.02515	0.04963	0.19723	0.12416	0.33897	0.02270	0.06145	0.00691	0.00448	0.00133	0.00282	0.00592	0.09001	0.00524
6	0.31692	0.01063	0.01050	0.00833	0.01147	0.01193	0.00688	0.53234	0.01556	0.02413	0.00872	0.00907	0.00632	0.00470	0.00369	0.00129	0.00420	0.00330	0.00369	0.00632
7	0.00853	0.02201	0.82841	0.01213	0.01842	0.00988	0.01572	0.01348	0.00898	0.01348	0.00764	0.00898	0.00539	0.00404	0.00404	0.00135	0.00629	0.00314	0.00180	0.00629
8	0.01138	0.85302	0.02230	0.00728	0.01092	0.01684	0.00728	0.01274	0.00865	0.01001	0.00592	0.00683	0.00546	0.00364	0.00273	0.00091	0.00455	0.00228	0.00182	0.00546
9	0.00831	0.00487	0.00493	0.00483	0.00591	0.02324	0.00360	0.06743	0.00968	0.01581	0.01483	0.13491	0.01300	0.00616	0.00344	0.00112	0.00238	0.00510	0.66630	0.00415
10	0.01123	0.00926	0.00984	0.00870	0.01120	0.01061	0.00681	0.07398	0.73745	0.04532	0.01684	0.01546	0.01253	0.00571	0.00432	0.00143	0.00346	0.00473	0.00436	0.00678
11	0.01116	0.00580	0.00696	0.00615	0.00796	0.00563	0.00486	0.08522	0.03619	0.23195	0.10139	0.09195	0.03288	0.00673	0.00412	0.00129	0.00287	0.05197	0.29975	0.00517
12	0.00815	0.00768	0.01297	0.80280	0.06585	0.00948	0.01187	0.01097	0.00856	0.01101	0.00758	0.01131	0.00572	0.00423	0.00425	0.00141	0.00564	0.00378	0.00190	0.00482
13	0.00678	0.00526	0.00613	0.00591	0.00720	0.00516	0.00445	0.05096	0.11464	0.01515	0.33039	0.16864	0.22394	0.00950	0.00498	0.00145	0.00248	0.02834	0.00429	0.00433
14	0.00739	0.00370	0.00554	0.00554	0.00554	0.00370	0.00370	0.00554	0.00554	0.00739	0.00739	0.01293	0.00739	0.01478	0.01663	0.87620	0.00370	0.00370	0.00185	0.00185
15	0.02553	0.14525	0.16076	0.06488	0.08533	0.13556	0.06722	0.06592	0.08496	0.07089	0.00983	0.01079	0.02727	0.00455	0.00418	0.00126	0.02371	0.00360	0.00262	0.00589
16	0.00599	0.00441	0.00559	0.00555	0.00648	0.00437	0.00412	0.00723	0.00862	0.02707	0.14468	0.06591	0.26141	0.12749	0.28436	0.00360	0.00555	0.02055	0.00335	0.00366
17	0.02983	0.10592	0.10888	0.05046	0.08764	0.07411	0.04254	0.06235	0.09741	0.01390	0.05568	0.08864	0.06023	0.00611	0.00478	0.00135	0.05340	0.02117	0.03026	0.00535

[dist]
# distance from previous block
# <min> <max>
3	13

[block]
# block no. 10 follows, 62 sequences, length 7
# corresponding to MSA columns:
# 547-553
name=unknown_K
#
# <colnr> <probs for GDERKNQSTAVLIFYWHMCP>
#	G	D	E	R	K	N	Q	S	T	A	V	L	I	F	Y	W	H	M	C	P
0	0.00534	0.00385	0.00502	0.00584	0.00622	0.00359	0.00400	0.00620	0.00845	0.01121	0.06606	0.68155	0.07672	0.04768	0.00608	0.00180	0.00257	0.05041	0.00393	0.00348
1	0.00952	0.00936	0.05579	0.09815	0.17202	0.05853	0.08956	0.03363	0.10081	0.04746	0.12778	0.04814	0.08131	0.00633	0.02010	0.00145	0.00460	0.00523	0.00311	0.02712
2	0.00919	0.01025	0.09319	0.01252	0.01592	0.02755	0.40240	0.01227	0.02590	0.03420	0.01230	0.06767	0.04642	0.00632	0.04304	0.00160	0.00576	0.02732	0.08035	0.06581
3	0.00932	0.02340	0.11499	0.06376	0.10807	0.03193	0.02035	0.09809	0.06604	0.04804	0.14198	0.11967	0.03616	0.03134	0.03358	0.00165	0.00438	0.02441	0.01755	0.00529
4	0.02843	0.17891	0.20680	0.04030	0.10199	0.10437	0.08626	0.04222	0.00997	0.08860	0.00843	0.01024	0.00661	0.00443	0.00443	0.00127	0.04858	0.01991	0.00239	0.00587
5	0.00776	0.00592	0.00633	0.00602	0.00747	0.04348	0.00459	0.02685	0.11106	0.05714	0.24465	0.10870	0.24026	0.00877	0.00476	0.00141	0.00275	0.04276	0.06488	0.00446
6	0.00670	0.00500	0.00673	0.00648	0.00714	0.00560	0.00485	0.03416	0.00772	0.01071	0.07499	0.04195	0.08476	0.15834	0.37839	0.07694	0.07777	0.00548	0.00269	0.00361

[dist]
# distance from previous block
# <min> <max>
0	1

[block]
# block no. 11 follows, 62 sequences, length 15
# corresponding to MSA columns:
# 555-569
name=unknown_L
#
# <colnr> <probs for GDERKNQSTAVLIFYWHMCP>
