[name]
unknown

[dist]
# distance from previous block
# <min> <max>
0	17

[block]
# block no. 0 follows, 62 sequences, length 12
# corresponding to MSA columns:
# 35-46
name=unknown_A
#
# <colnr> <probs for GDERKNQSTAVLIFYWHMCP>
#	G	D	E	R	K	N	Q	S	T	A	V	L	I	F	Y	W	H	M	C	P
0	0.01054	0.17064	0.11518	0.00914	0.03466	0.07013	0.03561	0.17399	0.05225	0.01564	0.11033	0.06518	0.07230	0.00621	0.00423	0.00129	0.00444	0.03955	0.00320	0.00550
1	0.05062	0.05366	0.15800	0.03428	0.04228	0.09350	0.03171	0.13093	0.03062	0.06597	0.09625	0.02122	0.02038	0.00509	0.00458	0.00124	0.05168	0.00395	0.00298	0.10106
2	0.02851	0.02472	0.06059	0.03953	0.01318	0.03994	0.10314	0.20271	0.14638	0.10393	0.01460	0.03152	0.07644	0.02744	0.01374	0.00147	0.00459	0.02252	0.00357	0.04148
3	0.11406	0.09038	0.01179	0.03040	0.04828	0.09780	0.05431	0.13570	0.03084	0.05702	0.02274	0.06187	0.07771	0.00610	0.01425	0.00136	0.05006	0.02705	0.00306	0.06523
4	0.01059	0.12833	0.05122	0.02487	0.08967	0.06605	0.06714	0.05963	0.03301	0.06609	0.01173	0.05657	0.06432	0.00486	0.00387	0.00109	0.00436	0.00408	0.00279	0.24976
5	0.08344	0.16314	0.06861	0.00818	0.01138	0.08124	0.00723	0.14741	0.08891	0.18049	0.04839	0.01239	0.03635	0.00498	0.00383	0.00121	0.00431	0.00376	0.00349	0.04127
6	0.07171	0.04367	0.01085	0.00935	0.03826	0.12344	0.00726	0.20662	0.04392	0.01524	0.00922	0.01161	0.00778	0.01332	0.25811	0.00302	0.11484	0.00376	0.00278	0.00525
7	0.00768	0.08643	0.00868	0.00694	0.00820	0.00702	0.00551	0.09383	0.00868	0.01198	0.05604	0.04408	0.01211	0.06097	0.52786	0.03378	0.00862	0.00473	0.00264	0.00421
8	0.00607	0.00454	0.00672	0.00668	0.00747	0.00518	0.00518	0.00764	0.00740	0.01065	0.09817	0.01833	0.01380	0.02943	0.74486	0.00625	0.01039	0.00489	0.00254	0.00382
9	0.00613	0.00472	0.00666	0.00677	0.00723	0.00539	0.00503	0.00722	0.00714	0.01005	0.01463	0.26503	0.01583	0.10144	0.43127	0.00458	0.08757	0.00688	0.00277	0.00366
10	0.00536	0.00420	0.00485	0.00495	0.00601	0.00369	0.00361	0.00664	0.01008	0.01302	0.27009	0.20181	0.42919	0.01068	0.00511	0.00147	0.00217	0.00923	0.00417	0.00369
11	0.01032	0.53885	0.08948	0.00768	0.01082	0.08058	0.00744	0.01197	0.00923	0.01112	0.08604	0.09953	0.01120	0.00526	0.00345	0.00109	0.00449	0.00396	0.00235	0.00514

[dist]
# distance from previous block
# <min> <max>
1	3

[block]
# block no. 1 follows, 62 sequences, length 32
# corresponding to MSA columns:
# 50-81
name=unknown_B
#
# <colnr> <probs for GDERKNQSTAVLIFYWHMCP>
#	G	D	E	R	K	N	Q	S	T	A	V	L	I	F	Y	W	H	M	C	P
0	0.01094	0.02695	0.11596	0.06939	0.09417	0.07229	0.03232	0.04078	0.12795	0.11245	0.07400	0.01421	0.01095	0.03650	0.00546	0.00142	0.05818	0.01696	0.02108	0.05804
1	0.02417	0.00846	0.01023	0.01005	0.09791	0.05662	0.04568	0.06854	0.23204	0.06329	0.15382	0.04467	0.06879	0.00787	0.05380	0.00169	0.02122	0.00537	0.00370	0.02208
2	0.00618	0.00446	0.00631	0.00631	0.00704	0.00504	0.00479	0.00756	0.00702	0.01019	0.01296	0.01870	0.04122	0.11385	0.66010	0.00594	0.00964	0.00485	0.06414	0.00368
3	0.01048	0.05942	0.14762	0.05036	0.11470	0.05274	0.25364	0.06297	0.12834	0.01445	0.00960	0.02411	0.00750	0.00440	0.00457	0.00134	0.02452	0.00418	0.00254	0.02251
4	0.01015	0.00917	0.07266	0.02688	0.10218	0.00754	0.02388	0.07880	0.07012	0.07185	0.02246	0.03220	0.03658	0.00499	0.02022	0.00114	0.00401	0.00376	0.00298	0.39842
5	0.01134	0.01022	0.06577	0.01086	0.01443	0.00914	0.23464	0.18510	0.05522	0.07444	0.02477	0.02806	0.00889	0.00467	0.00427	0.00122	0.00480	0.02758	0.04345	0.18114
6	0.01096	0.05808	0.05210	0.08508	0.16221	0.09342	0.27934	0.02701	0.03311	0.06614	0.03746	0.02732	0.01838	0.00452	0.00467	0.00134	0.02618	0.00440	0.00253	0.00576
7	0.00930	0.00755	0.00887	0.00636	0.01012	0.00570	0.00510	0.01118	0.00898	0.05146	0.00799	0.00909	0.00650	0.00325	0.00320	0.00066	0.00317	0.00260	0.00265	0.83627
8	0.01350	0.03223	0.01145	0.00962	0.01190	0.28918	0.00757	0.23491	0.17022	0.01661	0.01054	0.04159	0.00853	0.00546	0.00491	0.00129	0.07724	0.00392	0.04353	0.00581
9	0.00864	0.00704	0.00831	0.00625	0.00952	0.00540	0.00489	0.01035	0.00877	0.03634	0.00971	0.10006	0.00905	0.02937	0.00398	0.00087	0.00312	0.00371	0.00275	0.73188
10	0.00752	0.00662	0.00882	0.06823	0.08453	0.05327	0.05079	0.02434	0.06231	0.01248	0.04970	0.40639	0.04356	0.00969	0.00505	0.00159	0.00372	0.09349	0.00349	0.00442
11	0.01131	0.48552	0.09921	0.00959	0.01335	0.02687	0.13946	0.03922	0.00956	0.06942	0.00842	0.05513	0.00729	0.00438	0.00356	0.00113	0.00502	0.00356	0.00232	0.00565
12	0.01388	0.39066	0.01661	0.00932	0.01216	0.47020	0.00780	0.01510	0.01054	0.01023	0.00628	0.00730	0.00547	0.00405	0.00334	0.00101	0.00628	0.00253	0.00203	0.00517
13	0.00530	0.00377	0.00497	0.00581	0.00610	0.00353	0.00388	0.00609	0.00831	0.01116	0.07945	0.74437	0.02829	0.05946	0.00630	0.00183	0.00253	0.01146	0.00393	0.00345
14	0.00528	0.00431	0.00470	0.00495	0.00610	0.00379	0.00363	0.00661	0.03208	0.01155	0.03671	0.24703	0.57157	0.01132	0.00514	0.00153	0.00232	0.03375	0.00396	0.00366
15	0.01301	0.08302	0.07467	0.09513	0.11006	0.02327	0.04304	0.32714	0.06887	0.07795	0.02338	0.01105	0.00783	0.00474	0.00430	0.00129	0.01761	0.00383	0.00331	0.00648
16	0.00681	0.00508	0.00669	0.00658	0.00769	0.00493	0.03040	0.04550	0.05519	0.02702	0.26963	0.31316	0.09263	0.01027	0.00518	0.00156	0.00279	0.10054	0.00417	0.00418
17	0.00609	0.00451	0.00661	0.00661	0.00730	0.00520	0.00504	0.00745	0.00677	0.00971	0.01160	0.01785	0.01113	0.11520	0.75099	0.00656	0.01066	0.00472	0.00231	0.00367
18	0.51207	0.05977	0.00967	0.00773	0.01037	0.22127	0.02958	0.04344	0.00925	0.04022	0.00665	0.00762	0.00522	0.00417	0.00331	0.00125	0.01824	0.00263	0.00259	0.00495
19	0.00517	0.00375	0.00489	0.00581	0.00614	0.00347	0.00390	0.00594	0.00826	0.01091	0.02484	0.79052	0.08441	0.01315	0.00540	0.00171	0.00245	0.01188	0.00395	0.00347
20	0.01128	0.17696	0.21469	0.01166	0.02757	0.09769	0.17463	0.12570	0.06358	0.01461	0.00958	0.01066	0.03379	0.00439	0.00405	0.00125	0.00571	0.00373	0.00250	0.00595
21	0.02582	0.44412	0.05868	0.00844	0.01210	0.03623	0.07428	0.05086	0.02618	0.03525	0.00776	0.03068	0.00667	0.00401	0.00332	0.00100	0.00457	0.00305	0.00232	0.16467
22	0.00537	0.00424	0.00485	0.00508	0.00611	0.00377	0.00368	0.00671	0.02365	0.01240	0.17045	0.27035	0.43488	0.01108	0.00514	0.00151	0.00227	0.02071	0.00408	0.00368
23	0.01736	0.00892	0.01079	0.00836	0.01160	0.00887	0.00688	0.29785	0.05646	0.48715	0.03116	0.01341	0.01011	0.00531	0.00429	0.00131	0.00395	0.00422	0.00485	0.00715
24	0.01116	0.08308	0.02976	0.19572	0.19415	0.08643	0.20699	0.03479	0.01002	0.07332	0.00839	0.01059	0.00646	0.00413	0.00451	0.00131	0.02719	0.00389	0.00234	0.00577
25	0.01403	0.01142	0.01729	0.01276	0.01650	0.01177	0.31481	0.44862	0.01563	0.07845	0.01007	0.01100	0.00717	0.00454	0.00455	0.00134	0.00556	0.00432	0.00352	0.00666
26	0.00576	0.00415	0.00545	0.00553	0.00630	0.00384	0.00399	0.00737	0.01081	0.01511	0.56976	0.28928	0.03636	0.01016	0.00515	0.00146	0.00215	0.00908	0.00445	0.00384
27	0.04101	0.00783	0.02414	0.00776	0.01101	0.00700	0.00647	0.04356	0.08464	0.69494	0.01619	0.01419	0.01041	0.00525	0.00423	0.00133	0.00367	0.00424	0.00502	0.00711
28	0.00804	0.00756	0.01276	0.84023	0.02931	0.00945	0.01182	0.01087	0.00851	0.01087	0.00756	0.01134	0.00567	0.00425	0.00425	0.00142	0.00567	0.00378	0.00189	0.00473
29	0.00990	0.00801	0.00866	0.00789	0.00985	0.00904	0.00598	0.04038	0.58833	0.03868	0.03321	0.07212	0.01457	0.11021	0.02223	0.00188	0.00357	0.00547	0.00408	0.00593
30	0.01519	0.01868	0.01265	0.01267	0.10802	0.70091	0.00876	0.03885	0.02482	0.01140	0.00702	0.00821	0.00580	0.00436	0.00390	0.00113	0.00721	0.00293	0.00227	0.00524
31	0.01083	0.02166	0.11221	0.00856	0.03866	0.00764	0.02230	0.09488	0.05778	0.11066	0.01867	0.03096	0.00824	0.00429	0.00374	0.00100	0.00390	0.01125	0.00308	0.42968

[dist]
# distance from previous block
# <min> <max>
0	1

[block]
# block no. 2 follows, 62 sequences, length 30
# corresponding to MSA columns:
# 83-112
name=unknown_C
#
# <colnr> <probs for GDERKNQSTAVLIFYWHMCP>
#	G	D	E	R	K	N	Q	S	T	A	V	L	I	F	Y	W	H	M	C	P
0	0.01119	0.72311	0.02018	0.00737	0.01071	0.05482	0.00708	0.01296	0.03780	0.01081	0.06401	0.00895	0.00818	0.00411	0.00300	0.00097	0.00448	0.00277	0.00213	0.00538
1	0.81903	0.00829	0.00649	0.00581	0.00843	0.00962	0.00476	0.01322	0.06442	0.01900	0.00673	0.00755	0.00520	0.00408	0.00275	0.00133	0.00330	0.00248	0.00275	0.00476
2	0.08483	0.01089	0.05011	0.00948	0.03371	0.01152	0.00771	0.38025	0.31131	0.02160	0.01288	0.01252	0.02350	0.00527	0.00415	0.00135	0.00412	0.00412	0.00397	0.00671
3	0.01007	0.01062	0.07402	0.13013	0.66450	0.01001	0.01309	0.01281	0.00949	0.01348	0.00792	0.01053	0.00651	0.00387	0.00421	0.00129	0.00522	0.00374	0.00206	0.00645
4	0.41991	0.04089	0.00926	0.00806	0.06718	0.03501	0.00607	0.01593	0.00956	0.33496	0.01035	0.01016	0.00714	0.00446	0.00343	0.00129	0.00373	0.00320	0.00358	0.00584
5	0.00623	0.00471	0.00618	0.00579	0.00674	0.00466	0.00443	0.00812	0.01149	0.01621	0.70663	0.03106	0.07243	0.00879	0.00568	0.00140	0.06149	0.02950	0.00443	0.00404
6	0.01053	0.01011	0.01727	0.02612	0.82392	0.01011	0.01306	0.01306	0.00969	0.01390	0.00800	0.01053	0.00674	0.00379	0.00421	0.00126	0.00505	0.00379	0.00211	0.00674
7	0.00518	0.00370	0.00494	0.00592	0.00617	0.00346	0.00395	0.00592	0.00815	0.01086	0.02345	0.84768	0.02814	0.01333	0.00543	0.00173	0.00247	0.01210	0.00395	0.00346
8	0.00804	0.00756	0.01276	0.84023	0.02931	0.00945	0.01182	0.01087	0.00851	0.01087	0.00756	0.01134	0.00567	0.00425	0.00425	0.00142	0.00567	0.00378	0.00189	0.00473
9	0.01053	0.01011	0.01727	0.02612	0.82392	0.01011	0.01306	0.01306	0.00969	0.01390	0.00800	0.01053	0.00674	0.00379	0.00421	0.00126	0.00505	0.00379	0.00211	0.00674
10	0.01618	0.01192	0.01277	0.00979	0.01320	0.01320	0.00809	0.80973	0.02001	0.02682	0.01022	0.01022	0.00724	0.00511	0.00426	0.00128	0.00468	0.00383	0.00426	0.00724
11	0.00608	0.00455	0.00678	0.00678	0.00752	0.00529	0.00524	0.00756	0.00682	0.00983	0.01145	0.01703	0.01077	0.05474	0.81096	0.00676	0.01119	0.00460	0.00229	0.00377
12	0.01053	0.01011	0.01727	0.02612	0.82392	0.01011	0.01306	0.01306	0.00969	0.01390	0.00800	0.01053	0.00674	0.00379	0.00421	0.00126	0.00505	0.00379	0.00211	0.00674
13	0.04038	0.01731	0.01170	0.01024	0.01273	0.60997	0.00785	0.10801	0.01285	0.11785	0.00829	0.00882	0.00631	0.00457	0.00391	0.00115	0.00669	0.00305	0.00284	0.00549
14	0.00970	0.01046	0.01942	0.01475	0.01702	0.01183	0.43194	0.01203	0.00838	0.01203	0.00718	0.01046	0.00605	0.00541	0.00923	0.00164	0.40082	0.00441	0.00202	0.00523
15	0.00511	0.00431	0.00442	0.00439	0.00580	0.00363	0.00330	0.00626	0.00989	0.01194	0.10542	0.04022	0.75960	0.01061	0.00503	0.00143	0.00214	0.00888	0.00401	0.00363
16	0.01385	0.01296	0.01483	0.01168	0.01477	0.21011	0.20144	0.29986	0.04511	0.05891	0.01043	0.04545	0.00834	0.00512	0.00444	0.00132	0.00579	0.02626	0.00328	0.00605
17	0.01120	0.80269	0.07112	0.00757	0.01137	0.01642	0.00779	0.01279	0.00867	0.01022	0.00602	0.00696	0.00546	0.00366	0.00281	0.00094	0.00466	0.00233	0.00182	0.00551
18	0.00523	0.00378	0.00495	0.00579	0.00616	0.00350	0.00391	0.00607	0.00849	0.01130	0.07583	0.74564	0.07788	0.01288	0.00538	0.00169	0.00242	0.01162	0.00400	0.00350
19	0.01229	0.00910	0.01036	0.00809	0.02302	0.00874	0.00642	0.32005	0.04302	0.07753	0.01050	0.05688	0.00844	0.00473	0.00385	0.00103	0.00377	0.00379	0.00353	0.38486
20	0.77793	0.00816	0.00664	0.00588	0.00847	0.00937	0.00483	0.04183	0.00786	0.04608	0.00671	0.00776	0.00519	0.00538	0.04255	0.00158	0.00374	0.00253	0.00276	0.00475
21	0.01011	0.00973	0.01627	0.11778	0.64031	0.01037	0.01249	0.01249	0.00919	0.01314	0.00768	0.01049	0.00649	0.00426	0.00533	0.00135	0.10044	0.00378	0.00205	0.00627
22	0.00802	0.00689	0.00929	0.00828	0.00828	0.00890	0.00635	0.00831	0.00629	0.00923	0.00848	0.01611	0.00919	0.29860	0.01692	0.10213	0.45843	0.00457	0.00211	0.00362
23	0.02788	0.03408	0.07137	0.01081	0.01391	0.09722	0.17245	0.17816	0.19307	0.02921	0.05545	0.03229	0.02086	0.00622	0.03631	0.00155	0.00531	0.00456	0.00330	0.00597
24	0.00828	0.00723	0.00703	0.00636	0.00823	0.07134	0.00489	0.07998	0.15306	0.02456	0.14293	0.04168	0.37945	0.00830	0.00467	0.00136	0.00306	0.00688	0.00397	0.03673
25	0.00785	0.00819	0.10105	0.00756	0.04849	0.00606	0.01990	0.06896	0.01017	0.02438	0.04007	0.05797	0.33350	0.00706	0.00432	0.00120	0.00334	0.00591	0.00325	0.24079
26	0.04982	0.01005	0.03664	0.00965	0.10879	0.10122	0.00693	0.05085	0.03247	0.04429	0.00817	0.00929	0.00654	0.00368	0.00349	0.00089	0.00410	0.00290	0.00265	0.50757
27	0.02907	0.07442	0.17018	0.00969	0.06088	0.03892	0.00849	0.09182	0.23813	0.05826	0.01521	0.02858	0.10142	0.00553	0.00412	0.00130	0.00425	0.00446	0.00330	0.05197
28	0.07097	0.06312	0.06386	0.33598	0.16172	0.04933	0.02731	0.01195	0.00879	0.01243	0.00729	0.00988	0.00583	0.00414	0.00443	0.00127	0.05182	0.00337	0.00206	0.10444
29	0.01002	0.05915	0.25475	0.06995	0.05416	0.12571	0.00985	0.01389	0.10275	0.03598	0.06796	0.01301	0.04819	0.00495	0.00428	0.00125	0.02599	0.00390	0.00265	0.09161

[dist]
# distance from previous block
# <min> <max>
0	16

[block]
# block no. 3 follows, 62 sequences, length 7
# corresponding to MSA columns:
# 129-135
name=unknown_D
#
# <colnr> <probs for GDERKNQSTAVLIFYWHMCP>
#	G	D	E	R	K	N	Q	S	T	A	V	L	I	F	Y	W	H	M	C	P
0	0.00543	0.00409	0.00477	0.00504	0.00578	0.00370	0.00346	0.00634	0.00891	0.01152	0.14384	0.29789	0.31008	0.15991	0.00810	0.00199	0.00258	0.00931	0.00381	0.00343
1	0.01282	0.01079	0.05708	0.00971	0.01314	0.06070	0.10778	0.25114	0.06948	0.12082	0.01115	0.05678	0.00870	0.00492	0.00416	0.00120	0.00460	0.00418	0.00348	0.18736
2	0.11110	0.02964	0.01176	0.00900	0.01189	0.04615	0.08069	0.22841	0.01195	0.06167	0.01071	0.01245	0.04796	0.00512	0.00495	0.00124	0.09069	0.03104	0.00314	0.19044
3	0.11830	0.00632	0.00780	0.06477	0.07053	0.00629	0.03358	0.04139	0.03685	0.05381	0.08164	0.04896	0.37924	0.00797	0.00455	0.00141	0.00319	0.02524	0.00358	0.00457
4	0.00732	0.00448	0.00569	0.00568	0.00679	0.00401	0.00414	0.00856	0.00999	0.12740	0.22203	0.36393	0.19264	0.01053	0.00508	0.00151	0.00245	0.00927	0.00432	0.00415
5	0.00592	0.00413	0.00526	0.00569	0.00597	0.00415	0.00384	0.00657	0.00729	0.00979	0.01738	0.29611	0.01991	0.37977	0.12318	0.00348	0.00453	0.09074	0.00313	0.00317
6	0.05885	0.23756	0.01794	0.05653	0.01501	0.01202	0.23310	0.05679	0.00964	0.08497	0.00877	0.01173	0.00725	0.00487	0.00545	0.00135	0.12571	0.04442	0.00251	0.00551

[dist]
# distance from previous block
# <min> <max>
10	39

[block]
# block no. 4 follows, 62 sequences, length 8
# corresponding to MSA columns:
# 177-184
name=unknown_E
#
# <colnr> <probs for GDERKNQSTAVLIFYWHMCP>
#	G	D	E	R	K	N	Q	S	T	A	V	L	I	F	Y	W	H	M	C	P
0	0.00646	0.04206	0.11627	0.00664	0.00816	0.00536	0.00585	0.00797	0.00858	0.01131	0.04782	0.19671	0.15322	0.19200	0.00866	0.00215	0.00366	0.16997	0.00329	0.00387
1	0.08097	0.58626	0.06870	0.00804	0.01157	0.12145	0.00775	0.05204	0.00955	0.01181	0.00632	0.00724	0.00548	0.00386	0.00302	0.00101	0.00497	0.00247	0.00205	0.00546
2	0.00912	0.03590	0.03695	0.02751	0.03236	0.02620	0.06108	0.07249	0.00906	0.05265	0.01373	0.05584	0.11751	0.00890	0.00830	0.28851	0.00396	0.00469	0.00273	0.13251
3	0.03296	0.29446	0.18662	0.01196	0.10637	0.16321	0.06750	0.04121	0.03586	0.01256	0.00734	0.00860	0.00595	0.00400	0.00364	0.00115	0.00567	0.00305	0.00212	0.00578
4	0.00759	0.03910	0.08603	0.00722	0.00885	0.00596	0.00623	0.03518	0.05180	0.05418	0.07745	0.25148	0.05945	0.04052	0.09702	0.00226	0.00436	0.15731	0.00358	0.00443
5	0.00784	0.00493	0.00589	0.00620	0.00693	0.00463	0.00429	0.00870	0.00932	0.04324	0.07982	0.41354	0.02262	0.07916	0.05390	0.00218	0.00342	0.00870	0.23036	0.00435
6	0.03948	0.06712	0.03397	0.11655	0.16769	0.09579	0.08182	0.16558	0.05526	0.07544	0.01003	0.05458	0.00810	0.00486	0.00418	0.00130	0.00513	0.00416	0.00294	0.00601
7	0.01148	0.04822	0.04000	0.12766	0.13022	0.09517	0.14739	0.11336	0.06895	0.05954	0.00930	0.01117	0.00721	0.00618	0.05492	0.00167	0.05513	0.00396	0.00267	0.00582

[dist]
# distance from previous block
# <min> <max>
12	40

[block]
# block no. 5 follows, 62 sequences, length 15
# corresponding to MSA columns:
# 225-239
name=unknown_F
#
# <colnr> <probs for GDERKNQSTAVLIFYWHMCP>
#	G	D	E	R	K	N	Q	S	T	A	V	L	I	F	Y	W	H	M	C	P
0	0.01121	0.01050	0.01263	0.00965	0.01289	0.14673	0.14967	0.03264	0.00998	0.08099	0.00868	0.02978	0.00705	0.00417	0.00444	0.00103	0.05625	0.00349	0.00266	0.40556
1	0.61986	0.14940	0.04668	0.00664	0.00960	0.03404	0.01824	0.01264	0.00776	0.01670	0.00610	0.00718	0.00490	0.00396	0.00302	0.00124	0.02008	0.00242	0.00242	0.02713
2	0.00607	0.00414	0.00461	0.00461	0.00475	0.00407	0.00264	0.00618	0.00654	0.00857	0.01637	0.02915	0.09595	0.76669	0.02000	0.00386	0.00393	0.00647	0.00272	0.00268
3	0.01216	0.36136	0.12422	0.01022	0.01381	0.19926	0.10507	0.05234	0.01026	0.03152	0.01900	0.00863	0.00629	0.00413	0.00384	0.00113	0.02594	0.00306	0.00218	0.00557
4	0.00894	0.00663	0.00769	0.00628	0.00878	0.00593	0.00494	0.06638	0.08704	0.07840	0.21233	0.02129	0.16071	0.00639	0.00421	0.00112	0.00286	0.00536	0.00380	0.30091
5	0.01345	0.18251	0.18770	0.04353	0.01373	0.04173	0.00915	0.21184	0.01256	0.19336	0.04308	0.01103	0.00842	0.00470	0.00392	0.00123	0.00481	0.00358	0.00330	0.00636
6	0.01115	0.52362	0.04411	0.01149	0.13436	0.07648	0.08884	0.01298	0.00925	0.01114	0.00794	0.00921	0.03522	0.00398	0.00339	0.00106	0.00509	0.00308	0.00200	0.00560
7	0.00518	0.00370	0.00494	0.00592	0.00617	0.00346	0.00395	0.00592	0.00815	0.01086	0.02345	0.84768	0.02814	0.01333	0.00543	0.00173	0.00247	0.01210	0.00395	0.00346
8	0.08484	0.00774	0.01111	0.00845	0.01179	0.00696	0.08616	0.01939	0.01158	0.68323	0.01513	0.01360	0.00967	0.00500	0.00423	0.00133	0.00395	0.00420	0.00475	0.00689
9	0.00595	0.00425	0.00500	0.00526	0.00577	0.00406	0.00360	0.00663	0.00790	0.01023	0.05044	0.12571	0.18082	0.42342	0.01337	0.00287	0.00344	0.13483	0.00330	0.00315
10	0.14173	0.38705	0.04173	0.00992	0.09248	0.12917	0.00796	0.12078	0.01056	0.01418	0.00685	0.00785	0.00570	0.00402	0.00327	0.00110	0.00492	0.00273	0.00235	0.00565
11	0.04429	0.30769	0.04079	0.00698	0.00902	0.04471	0.00591	0.01104	0.08893	0.01142	0.01372	0.29257	0.01471	0.08347	0.00559	0.00157	0.00384	0.00624	0.00290	0.00463
12	0.01038	0.24794	0.07126	0.01102	0.03915	0.03902	0.22112	0.09778	0.01048	0.01349	0.01204	0.01468	0.08863	0.03458	0.00472	0.00134	0.00517	0.03780	0.00254	0.03688
13	0.34963	0.04410	0.01049	0.00821	0.01066	0.02968	0.12286	0.06358	0.00980	0.04014	0.15654	0.01544	0.01318	0.00641	0.03336	0.00156	0.02445	0.05192	0.00312	0.00489
14	0.14420	0.09311	0.01053	0.00796	0.01046	0.03041	0.02111	0.14974	0.28346	0.04060	0.01418	0.04013	0.04430	0.04173	0.00478	0.00148	0.00386	0.04857	0.00362	0.00576

[dist]
# distance from previous block
# <min> <max>
9	55

[block]
# block no. 6 follows, 62 sequences, length 9
# corresponding to MSA columns:
# 297-305
name=unknown_G
#
# <colnr> <probs for GDERKNQSTAVLIFYWHMCP>
#	G	D	E	R	K	N	Q	S	T	A	V	L	I	F	Y	W	H	M	C	P
0	0.23402	0.07860	0.03177	0.00880	0.01150	0.03924	0.14362	0.09877	0.02162	0.01509	0.00905	0.01252	0.02049	0.14409	0.00698	0.00172	0.03576	0.00383	0.00262	0.07991
1	0.13351	0.17786	0.19111	0.00820	0.01197	0.00986	0.02526	0.02910	0.04148	0.05175	0.04361	0.03127	0.00819	0.00440	0.00371	0.00112	0.02144	0.00333	0.00258	0.20026
2	0.01296	0.45952	0.09806	0.00856	0.01227	0.06612	0.03538	0.04253	0.04520	0.16911	0.00896	0.00924	0.00686	0.00418	0.00343	0.00110	0.00479	0.00304	0.00271	0.00598
3	0.00941	0.00730	0.00806	0.00721	0.00900	0.04762	0.00562	0.18184	0.04469	0.03663	0.14038	0.12751	0.06179	0.05903	0.07565	0.00200	0.00424	0.08572	0.00374	0.08257
4	0.01067	0.14940	0.01810	0.02300	0.68957	0.01122	0.01210	0.01301	0.00952	0.01326	0.00766	0.00992	0.00653	0.00377	0.00397	0.00121	0.00497	0.00354	0.00206	0.00653
5	0.00955	0.00846	0.01307	0.64699	0.08132	0.01012	0.01129	0.14303	0.01049	0.01371	0.00803	0.01110	0.00600	0.00436	0.00425	0.00138	0.00547	0.00379	0.00230	0.00528
6	0.00783	0.00755	0.01338	0.43479	0.02146	0.00844	0.17151	0.01028	0.00885	0.01164	0.03940	0.15147	0.04628	0.00619	0.00509	0.00149	0.04149	0.00576	0.00247	0.00465
7	0.00928	0.00884	0.01291	0.26678	0.11701	0.01117	0.01012	0.01283	0.14132	0.01213	0.00843	0.01117	0.00698	0.00574	0.00819	0.00158	0.34400	0.00393	0.00231	0.00528
8	0.00557	0.00412	0.00517	0.00542	0.00620	0.00376	0.00389	0.00688	0.00996	0.01341	0.34276	0.33127	0.17601	0.03565	0.00569	0.00160	0.00232	0.03243	0.00420	0.00369

[dist]
# distance from previous block
# <min> <max>
0	59

# created by:
# /st0/software/busco_prod/Augustus/scripts/msa2prfl.pl ./align_prep/42720.fa
