[name]
unknown

[dist]
# distance from previous block
# <min> <max>
4	75

[block]
# block no. 0 follows, 71 sequences, length 24
# corresponding to MSA columns:
# 77-100
name=unknown_A
#
# <colnr> <probs for GDERKNQSTAVLIFYWHMCP>
#	G	D	E	R	K	N	Q	S	T	A	V	L	I	F	Y	W	H	M	C	P
0	0.65562	0.00902	0.04712	0.00659	0.02995	0.05507	0.00544	0.09622	0.02438	0.01697	0.00609	0.00694	0.00469	0.00378	0.00289	0.00118	0.01862	0.00238	0.00247	0.00457
1	0.02638	0.61442	0.01744	0.00761	0.02507	0.10368	0.01902	0.05185	0.06230	0.01051	0.00631	0.00709	0.00546	0.00363	0.00304	0.00093	0.02589	0.00241	0.00195	0.00501
2	0.00799	0.00790	0.03146	0.52195	0.19794	0.03579	0.01013	0.01097	0.06378	0.01104	0.03696	0.02249	0.01712	0.00415	0.00386	0.00124	0.00473	0.00371	0.00203	0.00476
3	0.00485	0.00350	0.00464	0.00548	0.00584	0.00328	0.00385	0.00567	0.00760	0.01003	0.02195	0.71770	0.06724	0.01172	0.00493	0.00157	0.00237	0.11107	0.00356	0.00317
4	0.00656	0.00451	0.00581	0.00604	0.00716	0.00435	0.00500	0.00854	0.04630	0.06269	0.17283	0.03587	0.16753	0.03038	0.00522	0.00157	0.00290	0.41926	0.00372	0.00376
5	0.01095	0.00874	0.00899	0.00782	0.01009	0.05989	0.00617	0.12949	0.53954	0.09276	0.05164	0.01441	0.01175	0.00525	0.00392	0.00126	0.00341	0.02415	0.00386	0.00590
6	0.00467	0.00334	0.00445	0.00534	0.00556	0.00311	0.00356	0.00534	0.00734	0.00979	0.02113	0.86275	0.02536	0.01201	0.00489	0.00156	0.00222	0.01090	0.00356	0.00311
7	0.00764	0.01904	0.79643	0.01082	0.01627	0.00873	0.03159	0.01196	0.00822	0.01226	0.03754	0.00890	0.00603	0.00379	0.00369	0.00122	0.00554	0.00302	0.00172	0.00558
8	0.00664	0.00528	0.00619	0.00641	0.00742	0.00566	0.00472	0.01126	0.32175	0.01230	0.01897	0.47622	0.01991	0.00931	0.00455	0.00148	0.00263	0.07135	0.00369	0.00427
9	0.00916	0.00992	0.04800	0.01874	0.42052	0.02512	0.30201	0.01171	0.00859	0.01203	0.00731	0.00978	0.00595	0.00434	0.02961	0.00138	0.06466	0.00379	0.00189	0.00550
10	0.01050	0.76963	0.04618	0.00698	0.01023	0.08410	0.00688	0.01182	0.00806	0.00915	0.00543	0.00628	0.00492	0.00335	0.00258	0.00085	0.00438	0.00211	0.00167	0.00491
11	0.89233	0.00741	0.00564	0.00504	0.00741	0.00860	0.00415	0.01127	0.00653	0.01720	0.00534	0.00623	0.00415	0.00356	0.00237	0.00119	0.00297	0.00208	0.00237	0.00415
12	0.00799	0.01989	0.00719	0.00641	0.00808	0.03552	0.00495	0.10299	0.29706	0.01402	0.07045	0.10700	0.24845	0.01898	0.00456	0.00133	0.01790	0.01893	0.00362	0.00467
13	0.01142	0.00608	0.00750	0.00630	0.00835	0.00590	0.00499	0.08170	0.12806	0.34180	0.22489	0.05704	0.04486	0.00607	0.00404	0.00121	0.00278	0.00513	0.04658	0.00531
14	0.00479	0.00350	0.00451	0.00513	0.00558	0.00322	0.00354	0.00567	0.00803	0.01067	0.13862	0.63410	0.12134	0.01113	0.00481	0.00148	0.00216	0.02485	0.00365	0.00321
15	0.00870	0.01038	0.06577	0.01507	0.01882	0.00921	0.72422	0.01187	0.00905	0.01238	0.04992	0.02951	0.00772	0.00368	0.00449	0.00129	0.00610	0.00469	0.00207	0.00508
16	0.89233	0.00741	0.00564	0.00504	0.00741	0.00860	0.00415	0.01127	0.00653	0.01720	0.00534	0.00623	0.00415	0.00356	0.00237	0.00119	0.00297	0.00208	0.00237	0.00415
17	0.00548	0.00409	0.00608	0.00608	0.00673	0.00475	0.00469	0.00679	0.00614	0.00884	0.01035	0.01549	0.00977	0.06417	0.81489	0.00606	0.00999	0.00417	0.00207	0.00338
18	0.01433	0.01051	0.01125	0.00865	0.01165	0.01162	0.00714	0.80195	0.01770	0.02384	0.00931	0.00937	0.00663	0.00460	0.00380	0.00114	0.00414	0.00346	0.03248	0.00642
19	0.00558	0.00372	0.00418	0.00418	0.00418	0.00372	0.00232	0.00558	0.00558	0.00743	0.01208	0.02509	0.01394	0.86525	0.01952	0.00372	0.00372	0.00558	0.00232	0.00232
20	0.89233	0.00741	0.00564	0.00504	0.00741	0.00860	0.00415	0.01127	0.00653	0.01720	0.00534	0.00623	0.00415	0.00356	0.00237	0.00119	0.00297	0.00208	0.00237	0.00415
21	0.04645	0.00686	0.00904	0.00699	0.00984	0.00632	0.00578	0.06413	0.01104	0.73872	0.01409	0.01243	0.00898	0.00477	0.00412	0.00120	0.03463	0.00375	0.00450	0.00636
22	0.00938	0.07467	0.34823	0.00955	0.03462	0.04846	0.06249	0.06026	0.00895	0.06195	0.00736	0.00841	0.00554	0.00360	0.00365	0.00103	0.02486	0.00286	0.00214	0.22201
23	0.00830	0.00761	0.01001	0.01267	0.32386	0.07434	0.00731	0.04061	0.07046	0.01406	0.34671	0.01807	0.03875	0.00558	0.00409	0.00117	0.00344	0.00495	0.00311	0.00489

[dist]
# distance from previous block
# <min> <max>
0	1

[block]
# block no. 1 follows, 71 sequences, length 48
# corresponding to MSA columns:
# 102-149
name=unknown_B
#
# <colnr> <probs for GDERKNQSTAVLIFYWHMCP>
#	G	D	E	R	K	N	Q	S	T	A	V	L	I	F	Y	W	H	M	C	P
0	0.01225	0.00855	0.02054	0.00745	0.01052	0.00828	0.01695	0.34613	0.06032	0.15999	0.04161	0.01053	0.00818	0.00423	0.00358	0.00100	0.00353	0.00336	0.00349	0.26952
1	0.01287	0.00690	0.00812	0.00666	0.00898	0.03849	0.00534	0.09378	0.11133	0.41736	0.17266	0.01655	0.04703	0.00553	0.00396	0.00119	0.00309	0.00457	0.02997	0.00562
2	0.01684	0.00711	0.00926	0.00710	0.01008	0.00650	0.00586	0.13103	0.01195	0.73026	0.01431	0.01252	0.00908	0.00473	0.00385	0.00118	0.00340	0.00380	0.00462	0.00652
3	0.89233	0.00741	0.00564	0.00504	0.00741	0.00860	0.00415	0.01127	0.00653	0.01720	0.00534	0.00623	0.00415	0.00356	0.00237	0.00119	0.00297	0.00208	0.00237	0.00415
4	0.00769	0.01983	0.84538	0.01093	0.01659	0.00890	0.01417	0.01214	0.00810	0.01214	0.00688	0.00810	0.00486	0.00364	0.00364	0.00121	0.00567	0.00283	0.00162	0.00567
5	0.00484	0.00345	0.00455	0.00520	0.00553	0.00323	0.00352	0.00567	0.00787	0.01064	0.16063	0.68497	0.02673	0.04714	0.00544	0.00159	0.00222	0.01000	0.00362	0.00317
6	0.00543	0.00392	0.00513	0.00482	0.00573	0.00362	0.00362	0.00724	0.01085	0.01538	0.83931	0.02864	0.03618	0.00784	0.00452	0.00121	0.00181	0.00693	0.00422	0.00362
7	0.00558	0.00372	0.00418	0.00418	0.00418	0.00372	0.00232	0.00558	0.00558	0.00743	0.01208	0.02509	0.01394	0.86525	0.01952	0.00372	0.00372	0.00558	0.00232	0.00232
8	0.00905	0.01034	0.02262	0.01616	0.02004	0.00970	0.82741	0.01228	0.00905	0.01228	0.00776	0.01034	0.00582	0.00323	0.00452	0.00129	0.00646	0.00452	0.00194	0.00517
9	0.00954	0.00824	0.00867	0.00780	0.00997	0.00954	0.00607	0.02037	0.83441	0.01604	0.01561	0.01431	0.01170	0.00520	0.00390	0.00130	0.00303	0.00433	0.00390	0.00607
10	0.89233	0.00741	0.00564	0.00504	0.00741	0.00860	0.00415	0.01127	0.00653	0.01720	0.00534	0.00623	0.00415	0.00356	0.00237	0.00119	0.00297	0.00208	0.00237	0.00415
11	0.00618	0.00441	0.00618	0.00706	0.00794	0.00441	0.00618	0.00794	0.00883	0.01147	0.02030	0.04325	0.02207	0.01059	0.00530	0.00177	0.00353	0.81553	0.00353	0.00353
12	0.00588	0.00402	0.00527	0.00490	0.00588	0.00370	0.00370	0.00767	0.01086	0.04710	0.80776	0.02804	0.03516	0.00772	0.00450	0.00121	0.00186	0.00682	0.00424	0.00373
13	0.89233	0.00741	0.00564	0.00504	0.00741	0.00860	0.00415	0.01127	0.00653	0.01720	0.00534	0.00623	0.00415	0.00356	0.00237	0.00119	0.00297	0.00208	0.00237	0.00415
14	0.00548	0.00411	0.00616	0.00616	0.00685	0.00479	0.00479	0.00685	0.00616	0.00890	0.01027	0.01506	0.00959	0.02876	0.85006	0.00616	0.01027	0.00411	0.00205	0.00342
15	0.00795	0.00681	0.00795	0.00568	0.00909	0.00511	0.00454	0.00965	0.00795	0.01249	0.00681	0.00795	0.00568	0.00284	0.00284	0.00057	0.00284	0.00227	0.00227	0.88869
16	0.00774	0.03778	0.82791	0.01084	0.01645	0.00904	0.01401	0.01213	0.00809	0.01208	0.00685	0.00805	0.00486	0.00364	0.00362	0.00121	0.00563	0.00282	0.00162	0.00565
17	0.01462	0.01032	0.01121	0.00863	0.01166	0.01132	0.00712	0.73809	0.04348	0.08940	0.00988	0.00968	0.00692	0.00463	0.00384	0.00116	0.00410	0.00351	0.00391	0.00651
18	0.00466	0.00383	0.00410	0.00415	0.00529	0.00327	0.00307	0.00570	0.00885	0.01091	0.13486	0.12311	0.65549	0.00972	0.00457	0.00131	0.00196	0.00825	0.00364	0.00327
19	0.00966	0.00830	0.00874	0.00783	0.01002	0.00959	0.00610	0.03996	0.81462	0.01624	0.01545	0.01418	0.01158	0.00519	0.00390	0.00130	0.00306	0.00431	0.00390	0.00608
20	0.01025	0.86756	0.02009	0.00656	0.00984	0.01517	0.00656	0.01148	0.00779	0.00902	0.00533	0.00615	0.00492	0.00328	0.00246	0.00082	0.00410	0.00205	0.00164	0.00492
21	0.00795	0.00681	0.00795	0.00568	0.00909	0.00511	0.00454	0.00965	0.00795	0.01249	0.00681	0.00795	0.00568	0.00284	0.00284	0.00057	0.00284	0.00227	0.00227	0.88869
22	0.01458	0.01074	0.01151	0.00882	0.01189	0.01189	0.00729	0.82855	0.01803	0.02416	0.00921	0.00921	0.00652	0.00460	0.00384	0.00115	0.00422	0.00345	0.00384	0.00652
23	0.00548	0.00411	0.00616	0.00616	0.00685	0.00479	0.00479	0.00685	0.00616	0.00890	0.01027	0.01506	0.00959	0.02876	0.85006	0.00616	0.01027	0.00411	0.00205	0.00342
24	0.00782	0.01811	0.71512	0.05838	0.04094	0.00895	0.07369	0.01201	0.00816	0.01203	0.00695	0.00842	0.00498	0.00362	0.00372	0.00122	0.00566	0.00301	0.00166	0.00556
25	0.89233	0.00741	0.00564	0.00504	0.00741	0.00860	0.00415	0.01127	0.00653	0.01720	0.00534	0.00623	0.00415	0.00356	0.00237	0.00119	0.00297	0.00208	0.00237	0.00415
26	0.00905	0.01034	0.02262	0.01616	0.02004	0.00970	0.82741	0.01228	0.00905	0.01228	0.00776	0.01034	0.00582	0.00323	0.00452	0.00129	0.00646	0.00452	0.00194	0.00517
27	0.00453	0.00388	0.00388	0.00388	0.00518	0.00324	0.00291	0.00550	0.00874	0.01036	0.03884	0.03690	0.83978	0.00971	0.00453	0.00129	0.00194	0.00809	0.00356	0.00324
28	0.00467	0.00334	0.00445	0.00534	0.00556	0.00311	0.00356	0.00534	0.00734	0.00979	0.02113	0.86275	0.02536	0.01201	0.00489	0.00156	0.00222	0.01090	0.00356	0.00311
29	0.00540	0.00392	0.00509	0.00479	0.00571	0.00361	0.00360	0.00718	0.01079	0.01522	0.81409	0.02890	0.06150	0.00790	0.00452	0.00121	0.00181	0.00697	0.00420	0.00361
30	0.00470	0.00387	0.00392	0.00391	0.00513	0.00328	0.00291	0.00570	0.00868	0.01059	0.06211	0.03531	0.75328	0.03670	0.00493	0.00135	0.00199	0.00779	0.04063	0.00323
31	0.00954	0.00824	0.00867	0.00780	0.00997	0.00954	0.00607	0.02037	0.83441	0.01604	0.01561	0.01431	0.01170	0.00520	0.00390	0.00130	0.00303	0.00433	0.00390	0.00607
32	0.00551	0.00397	0.00544	0.00544	0.00587	0.00440	0.00389	0.00638	0.00595	0.00836	0.01093	0.01873	0.01118	0.33476	0.54623	0.00527	0.00787	0.00464	0.00215	0.00302
33	0.00795	0.00681	0.00795	0.00568	0.00909	0.00511	0.00454	0.00965	0.00795	0.01249	0.00681	0.00795	0.00568	0.00284	0.00284	0.00057	0.00284	0.00227	0.00227	0.88869
34	0.00470	0.00336	0.00449	0.00537	0.00561	0.00314	0.00361	0.00539	0.00737	0.00982	0.02112	0.84557	0.02529	0.01198	0.00490	0.00156	0.00225	0.02777	0.00356	0.00312
35	0.00539	0.00392	0.00507	0.00478	0.00571	0.00360	0.00359	0.00716	0.01076	0.01516	0.80569	0.02899	0.06993	0.00792	0.00452	0.00121	0.00181	0.00698	0.00419	0.00360
36	0.89233	0.00741	0.00564	0.00504	0.00741	0.00860	0.00415	0.01127	0.00653	0.01720	0.00534	0.00623	0.00415	0.00356	0.00237	0.00119	0.00297	0.00208	0.00237	0.00415
37	0.01432	0.01827	0.01087	0.00988	0.01185	0.84986	0.00741	0.01531	0.01087	0.00938	0.00593	0.00691	0.00494	0.00395	0.00346	0.00099	0.00691	0.00247	0.00198	0.00444
38	0.00548	0.00411	0.00616	0.00616	0.00685	0.00479	0.00479	0.00685	0.00616	0.00890	0.01027	0.01506	0.00959	0.02876	0.85006	0.00616	0.01027	0.00411	0.00205	0.00342
39	0.89233	0.00741	0.00564	0.00504	0.00741	0.00860	0.00415	0.01127	0.00653	0.01720	0.00534	0.00623	0.00415	0.00356	0.00237	0.00119	0.00297	0.00208	0.00237	0.00415
40	0.00585	0.00402	0.00524	0.00487	0.00587	0.00368	0.00368	0.00763	0.01080	0.04696	0.78617	0.02827	0.05683	0.00777	0.00450	0.00121	0.00187	0.00685	0.00422	0.00372
41	0.00830	0.00692	0.00806	0.00578	0.00917	0.00530	0.00464	0.03190	0.00828	0.02796	0.00703	0.00808	0.00577	0.00292	0.00288	0.00059	0.00288	0.00233	0.00236	0.84883
42	0.01095	0.72991	0.01871	0.00692	0.01017	0.01464	0.00668	0.14274	0.00944	0.01145	0.00595	0.00664	0.00518	0.00349	0.00268	0.00087	0.00412	0.00228	0.00199	0.00518
43	0.00741	0.00652	0.01050	0.69442	0.02273	0.00792	0.00946	0.01008	0.04373	0.03254	0.02082	0.02432	0.00728	0.05901	0.00490	0.00145	0.00475	0.02590	0.00203	0.00423
44	0.01047	0.11304	0.22108	0.01305	0.20334	0.19191	0.05512	0.05090	0.04717	0.02388	0.00719	0.00847	0.00568	0.00381	0.00383	0.00112	0.02948	0.00302	0.00203	0.00541
45	0.00681	0.00496	0.04697	0.00660	0.03052	0.00411	0.02768	0.00792	0.00807	0.12457	0.03891	0.62545	0.03222	0.00999	0.00464	0.00146	0.00271	0.00902	0.00355	0.00386
46	0.00722	0.00720	0.05230	0.09344	0.19456	0.04158	0.06327	0.00905	0.00842	0.01120	0.05821	0.17612	0.05861	0.04791	0.00510	0.00147	0.00394	0.14207	0.00269	0.01563
47	0.00973	0.74597	0.04472	0.00654	0.00962	0.01377	0.00648	0.01121	0.02136	0.00947	0.00670	0.05468	0.00636	0.00386	0.00267	0.00088	0.00394	0.00267	0.03456	0.00481

[dist]
# distance from previous block
# <min> <max>
2	5

[block]
# block no. 2 follows, 71 sequences, length 72
# corresponding to MSA columns:
# 155-226
name=unknown_C
#
# <colnr> <probs for GDERKNQSTAVLIFYWHMCP>
#	G	D	E	R	K	N	Q	S	T	A	V	L	I	F	Y	W	H	M	C	P
0	0.14751	0.03818	0.09824	0.01031	0.03655	0.10574	0.18766	0.18790	0.05406	0.08517	0.00833	0.00912	0.00611	0.00394	0.00366	0.00118	0.00484	0.00334	0.00271	0.00545
1	0.00465	0.00340	0.00438	0.00516	0.00552	0.00313	0.00348	0.00536	0.00751	0.00986	0.02326	0.76364	0.12309	0.01174	0.00485	0.00153	0.00219	0.01056	0.00356	0.00313
2	0.00817	0.00695	0.00807	0.00578	0.00918	0.00534	0.00464	0.03713	0.00829	0.01289	0.00690	0.00799	0.00571	0.00290	0.00287	0.00059	0.00289	0.00231	0.00232	0.85909
3	0.00881	0.00828	0.01383	0.34716	0.49278	0.00898	0.01116	0.04174	0.00867	0.01190	0.00713	0.00976	0.00572	0.00362	0.00381	0.00119	0.00476	0.00341	0.00190	0.00538
4	0.00566	0.00436	0.00644	0.00633	0.00695	0.00519	0.00493	0.00695	0.00612	0.00887	0.01001	0.01500	0.00946	0.05642	0.76946	0.00580	0.06247	0.00411	0.00204	0.00343
5	0.00554	0.00370	0.00419	0.00423	0.00424	0.00369	0.00237	0.00557	0.00565	0.00753	0.01244	0.05871	0.01440	0.83101	0.01893	0.00363	0.00366	0.00579	0.00237	0.00236
6	0.00769	0.01983	0.84538	0.01093	0.01659	0.00890	0.01417	0.01214	0.00810	0.01214	0.00688	0.00810	0.00486	0.00364	0.00364	0.00121	0.00567	0.00283	0.00162	0.00567
7	0.01458	0.01074	0.01151	0.00882	0.01189	0.01189	0.00729	0.82855	0.01803	0.02416	0.00921	0.00921	0.00652	0.00460	0.00384	0.00115	0.00422	0.00345	0.00384	0.00652
8	0.01426	0.04467	0.01135	0.00947	0.01180	0.58794	0.00735	0.24219	0.01276	0.01350	0.00682	0.00753	0.00538	0.00411	0.00353	0.00103	0.00607	0.00273	0.00248	0.00504
9	0.00824	0.00780	0.01322	0.54367	0.23816	0.00892	0.05915	0.04331	0.00842	0.01123	0.00705	0.00997	0.00546	0.00376	0.00398	0.00124	0.01621	0.00348	0.00185	0.00488
10	0.00455	0.00388	0.00391	0.00390	0.00519	0.00324	0.00293	0.00553	0.00878	0.01045	0.05365	0.03675	0.82491	0.00968	0.00453	0.00129	0.00194	0.00807	0.00357	0.00324
11	0.00839	0.00839	0.01174	0.01007	0.01007	0.01174	0.00839	0.00923	0.00587	0.00923	0.00503	0.00839	0.00503	0.00671	0.01258	0.00168	0.85823	0.00336	0.00168	0.00419
12	0.00499	0.00390	0.00452	0.00436	0.00546	0.00343	0.00327	0.00639	0.00982	0.01292	0.44760	0.03268	0.42942	0.00875	0.00453	0.00125	0.00187	0.00750	0.00390	0.00343
13	0.01663	0.00682	0.00941	0.00795	0.06297	0.00606	0.00608	0.04385	0.01105	0.76496	0.01443	0.01270	0.00918	0.00466	0.00385	0.00118	0.00338	0.00381	0.00453	0.00650
14	0.89233	0.00741	0.00564	0.00504	0.00741	0.00860	0.00415	0.01127	0.00653	0.01720	0.00534	0.00623	0.00415	0.00356	0.00237	0.00119	0.00297	0.00208	0.00237	0.00415
15	0.00467	0.00336	0.00443	0.00528	0.00555	0.00312	0.00353	0.00535	0.00740	0.00981	0.02184	0.82960	0.05805	0.01192	0.00488	0.00155	0.00221	0.01079	0.00356	0.00312
16	0.00538	0.00392	0.00506	0.00478	0.00570	0.00360	0.00358	0.00715	0.01075	0.01513	0.79963	0.02905	0.07601	0.00793	0.00452	0.00121	0.00182	0.00699	0.00419	0.00360
17	0.00523	0.00391	0.00485	0.00462	0.00561	0.00353	0.00346	0.00685	0.01038	0.01426	0.66183	0.03047	0.21435	0.00825	0.00452	0.00123	0.00184	0.00719	0.00407	0.00353
18	0.04978	0.00714	0.00913	0.00703	0.00999	0.00661	0.00581	0.12967	0.01178	0.70023	0.01394	0.01227	0.00888	0.00468	0.00380	0.00118	0.00338	0.00373	0.00453	0.00644
19	0.00936	0.04107	0.01202	0.00975	0.01032	0.01189	0.00816	0.12839	0.00771	0.01139	0.00565	0.00842	0.00525	0.00628	0.01093	0.00157	0.70196	0.00332	0.00199	0.00456
20	0.00548	0.00411	0.00616	0.00616	0.00685	0.00479	0.00479	0.00685	0.00616	0.00890	0.01027	0.01506	0.00959	0.02876	0.85006	0.00616	0.01027	0.00411	0.00205	0.00342
21	0.00954	0.00824	0.00867	0.00780	0.00997	0.00954	0.00607	0.02037	0.83441	0.01604	0.01561	0.01431	0.01170	0.00520	0.00390	0.00130	0.00303	0.00433	0.00390	0.00607
22	0.00796	0.10988	0.75772	0.01046	0.01588	0.00957	0.01336	0.01207	0.00806	0.01181	0.00672	0.00789	0.00486	0.00360	0.00352	0.00117	0.00550	0.00275	0.00162	0.00559
23	0.00862	0.14539	0.53089	0.01194	0.09267	0.02233	0.10088	0.01216	0.00829	0.02270	0.00687	0.00822	0.00515	0.00354	0.00357	0.00115	0.00540	0.00296	0.00173	0.00553
24	0.00554	0.00414	0.00606	0.00603	0.00664	0.00480	0.00461	0.00676	0.00610	0.00876	0.01036	0.01595	0.00994	0.11146	0.75362	0.00584	0.02375	0.00424	0.00207	0.00333
25	0.01458	0.01074	0.01151	0.00882	0.01189	0.01189	0.00729	0.82855	0.01803	0.02416	0.00921	0.00921	0.00652	0.00460	0.00384	0.00115	0.00422	0.00345	0.00384	0.00652
26	0.00839	0.00839	0.01174	0.01007	0.01007	0.01174	0.00839	0.00923	0.00587	0.00923	0.00503	0.00839	0.00503	0.00671	0.01258	0.00168	0.85823	0.00336	0.00168	0.00419
27	0.00613	0.00410	0.00585	0.00572	0.00600	0.00464	0.00414	0.00617	0.00563	0.00789	0.00891	0.01506	0.00895	0.16416	0.35129	0.31404	0.07268	0.00403	0.00193	0.00268
28	0.00467	0.00334	0.00445	0.00534	0.00556	0.00311	0.00356	0.00534	0.00734	0.00979	0.02113	0.86275	0.02536	0.01201	0.00489	0.00156	0.00222	0.01090	0.00356	0.00311
29	0.01720	0.00653	0.00890	0.00682	0.00979	0.00564	0.00564	0.01869	0.01097	0.84399	0.01513	0.01305	0.00949	0.00475	0.00386	0.00119	0.00326	0.00386	0.00475	0.00653
30	0.01098	0.01044	0.05538	0.01610	0.39510	0.09830	0.07418	0.06610	0.11084	0.09818	0.00903	0.01013	0.00692	0.00395	0.00396	0.00117	0.01728	0.00353	0.00255	0.00586
31	0.01458	0.01074	0.01151	0.00882	0.01189	0.01189	0.00729	0.82855	0.01803	0.02416	0.00921	0.00921	0.00652	0.00460	0.00384	0.00115	0.00422	0.00345	0.00384	0.00652
32	0.01458	0.01074	0.01151	0.00882	0.01189	0.01189	0.00729	0.82855	0.01803	0.02416	0.00921	0.00921	0.00652	0.00460	0.00384	0.00115	0.00422	0.00345	0.00384	0.00652
33	0.00467	0.00334	0.00445	0.00534	0.00556	0.00311	0.00356	0.00534	0.00734	0.00979	0.02113	0.86275	0.02536	0.01201	0.00489	0.00156	0.00222	0.01090	0.00356	0.00311
34	0.75276	0.00762	0.00637	0.00549	0.00797	0.00864	0.00452	0.07884	0.00781	0.08165	0.00641	0.00700	0.00476	0.00374	0.00261	0.00118	0.00309	0.00233	0.00268	0.00453
35	0.01007	0.16350	0.02838	0.02270	0.12913	0.01005	0.34762	0.03509	0.07132	0.08793	0.03979	0.01062	0.00760	0.00382	0.00401	0.00117	0.01553	0.00386	0.00241	0.00540
36	0.00666	0.00333	0.00500	0.00500	0.00500	0.00333	0.00333	0.00500	0.00500	0.00666	0.00666	0.01166	0.00666	0.01332	0.01499	0.88844	0.00333	0.00333	0.00167	0.00167
37	0.00467	0.00334	0.00445	0.00534	0.00556	0.00311	0.00356	0.00534	0.00734	0.00979	0.02113	0.86275	0.02536	0.01201	0.00489	0.00156	0.00222	0.01090	0.00356	0.00311
38	0.00932	0.00933	0.01709	0.04604	0.62685	0.00923	0.20120	0.01183	0.00877	0.01239	0.00733	0.00971	0.00599	0.00339	0.00397	0.00118	0.00501	0.00367	0.00190	0.00581
39	0.00825	0.04074	0.61851	0.06500	0.12478	0.03085	0.02348	0.02344	0.00837	0.01206	0.00690	0.00837	0.00507	0.00363	0.00365	0.00119	0.00547	0.00294	0.00171	0.00559
40	0.00881	0.01539	0.47047	0.01261	0.01735	0.00925	0.31148	0.04691	0.00893	0.04058	0.00755	0.00914	0.00544	0.00361	0.00409	0.00125	0.01618	0.00352	0.00194	0.00553
41	0.66366	0.03045	0.01755	0.00628	0.00866	0.16932	0.02178	0.01205	0.00747	0.01531	0.00561	0.00656	0.00443	0.00363	0.00265	0.00114	0.00384	0.00223	0.01311	0.00426
42	0.00479	0.00389	0.00425	0.00416	0.00534	0.00335	0.00312	0.00601	0.00936	0.01183	0.27425	0.03447	0.60345	0.00916	0.00453	0.00127	0.00190	0.00775	0.00375	0.00335
43	0.00795	0.00681	0.00795	0.00568	0.00909	0.00511	0.00454	0.00965	0.00795	0.01249	0.00681	0.00795	0.00568	0.00284	0.00284	0.00057	0.00284	0.00227	0.00227	0.88869
44	0.03354	0.00654	0.00884	0.00679	0.00974	0.00569	0.00561	0.01855	0.01089	0.82855	0.01494	0.01292	0.00939	0.00472	0.00383	0.00119	0.00326	0.00382	0.00470	0.00648
45	0.00499	0.00393	0.00453	0.00450	0.00561	0.00347	0.00344	0.00633	0.00949	0.01226	0.32733	0.04515	0.47109	0.00913	0.00460	0.00130	0.00203	0.07362	0.00380	0.00340
46	0.00548	0.00411	0.00616	0.00616	0.00685	0.00479	0.00479	0.00685	0.00616	0.00890	0.01027	0.01506	0.00959	0.02876	0.85006	0.00616	0.01027	0.00411	0.00205	0.00342
47	0.89233	0.00741	0.00564	0.00504	0.00741	0.00860	0.00415	0.01127	0.00653	0.01720	0.00534	0.00623	0.00415	0.00356	0.00237	0.00119	0.00297	0.00208	0.00237	0.00415
48	0.00531	0.00391	0.00496	0.00470	0.00566	0.00357	0.00352	0.00701	0.01057	0.01471	0.73365	0.02973	0.14225	0.00809	0.00452	0.00122	0.00183	0.00709	0.00413	0.00357
49	0.01025	0.86756	0.02009	0.00656	0.00984	0.01517	0.00656	0.01148	0.00779	0.00902	0.00533	0.00615	0.00492	0.00328	0.00246	0.00082	0.00410	0.00205	0.00164	0.00492
50	0.00969	0.00831	0.00875	0.00783	0.01003	0.00961	0.00611	0.04450	0.81004	0.01628	0.01541	0.01415	0.01155	0.00518	0.00390	0.00130	0.00307	0.00431	0.00390	0.00608
51	0.00724	0.00681	0.01150	0.85604	0.02641	0.00852	0.01065	0.00980	0.00767	0.00980	0.00681	0.01022	0.00511	0.00383	0.00383	0.00128	0.00511	0.00341	0.00170	0.00426
52	0.02658	0.00796	0.00934	0.04648	0.01087	0.05468	0.00633	0.19484	0.03969	0.45363	0.01336	0.03009	0.00974	0.00526	0.00395	0.00123	0.00375	0.07224	0.00406	0.00594
53	0.00476	0.00341	0.00454	0.00534	0.00563	0.00318	0.00363	0.00554	0.00764	0.01025	0.08214	0.78072	0.02609	0.01167	0.00488	0.00154	0.00223	0.03006	0.00361	0.00316
54	0.00954	0.00824	0.00867	0.00780	0.00997	0.00954	0.00607	0.02037	0.83441	0.01604	0.01561	0.01431	0.01170	0.00520	0.00390	0.00130	0.00303	0.00433	0.00390	0.00607
55	0.00947	0.00917	0.01590	0.02318	0.80235	0.00914	0.05049	0.01179	0.00875	0.01251	0.00724	0.00953	0.00606	0.00341	0.00383	0.00115	0.00465	0.00347	0.00190	0.00603
56	0.00785	0.00755	0.01084	0.17513	0.06674	0.01968	0.00838	0.00934	0.01774	0.01004	0.03507	0.03476	0.03923	0.00642	0.00886	0.00152	0.47883	0.05574	0.00205	0.00423
57	0.00465	0.00344	0.00435	0.00507	0.00549	0.00314	0.00344	0.00537	0.00760	0.00989	0.02437	0.71163	0.17438	0.01159	0.00483	0.00151	0.00217	0.01039	0.00356	0.00314
58	0.00780	0.00712	0.01139	0.76857	0.02483	0.00877	0.01025	0.06251	0.04083	0.01096	0.00731	0.01032	0.00546	0.00394	0.00384	0.00127	0.00497	0.00345	0.00193	0.00447
59	0.00962	0.26968	0.34603	0.00917	0.01311	0.09851	0.03788	0.04583	0.09685	0.01189	0.02307	0.00856	0.00630	0.00384	0.00335	0.00108	0.00495	0.00288	0.00205	0.00534
60	0.04053	0.02295	0.08139	0.07073	0.20275	0.12324	0.00858	0.24781	0.01158	0.08254	0.00845	0.00963	0.00640	0.01856	0.00390	0.00117	0.00460	0.00327	0.04633	0.00559
61	0.89233	0.00741	0.00564	0.00504	0.00741	0.00860	0.00415	0.01127	0.00653	0.01720	0.00534	0.00623	0.00415	0.00356	0.00237	0.00119	0.00297	0.00208	0.00237	0.00415
62	0.01458	0.01074	0.01151	0.00882	0.01189	0.01189	0.00729	0.82855	0.01803	0.02416	0.00921	0.00921	0.00652	0.00460	0.00384	0.00115	0.00422	0.00345	0.00384	0.00652
63	0.00763	0.00612	0.00721	0.00727	0.00875	0.00668	0.00600	0.01346	0.38161	0.01349	0.01891	0.02993	0.04953	0.00812	0.00464	0.00154	0.00324	0.41750	0.00370	0.00467
64	0.00467	0.00334	0.00445	0.00534	0.00556	0.00311	0.00356	0.00534	0.00734	0.00979	0.02113	0.86275	0.02536	0.01201	0.00489	0.00156	0.00222	0.01090	0.00356	0.00311
65	0.82136	0.00745	0.00597	0.00524	0.00766	0.00852	0.00431	0.03266	0.00707	0.06314	0.00598	0.00668	0.00451	0.00365	0.00249	0.00119	0.00301	0.00221	0.00254	0.00434
66	0.00742	0.00699	0.01182	0.79129	0.08979	0.00856	0.01074	0.00995	0.00775	0.01001	0.00685	0.01017	0.00519	0.00380	0.00383	0.00127	0.00507	0.00341	0.00172	0.00440
67	0.00478	0.00353	0.00438	0.00500	0.00545	0.00325	0.00342	0.00550	0.00754	0.00977	0.02404	0.57839	0.19704	0.08850	0.00615	0.00170	0.00235	0.04267	0.00345	0.00309
68	0.04490	0.00614	0.00755	0.00618	0.00843	0.00583	0.00496	0.11555	0.01071	0.45557	0.01412	0.10048	0.01064	0.00538	0.00367	0.00116	0.00296	0.00441	0.18585	0.00548
69	0.00550	0.00413	0.00542	0.00557	0.00628	0.00396	0.03661	0.02143	0.04721	0.01104	0.08260	0.51301	0.11444	0.06587	0.00557	0.00157	0.00248	0.00881	0.05509	0.00342
70	0.00871	0.03074	0.06839	0.06752	0.02834	0.00916	0.58271	0.04663	0.00909	0.01231	0.00893	0.09225	0.00761	0.00420	0.00438	0.00129	0.00574	0.00485	0.00214	0.00501
71	0.00996	0.02862	0.02485	0.02885	0.55295	0.10664	0.00999	0.06435	0.04160	0.01272	0.00881	0.06701	0.01810	0.00429	0.00382	0.00115	0.00457	0.00387	0.00223	0.00562

[dist]
# distance from previous block
# <min> <max>
0	23

[block]
# block no. 3 follows, 71 sequences, length 29
# corresponding to MSA columns:
# 250-278
name=unknown_D
#
# <colnr> <probs for GDERKNQSTAVLIFYWHMCP>
#	G	D	E	R	K	N	Q	S	T	A	V	L	I	F	Y	W	H	M	C	P
0	0.00949	0.30755	0.38446	0.00910	0.01318	0.10459	0.02989	0.02199	0.00852	0.02530	0.01959	0.00837	0.02304	0.00381	0.00340	0.00106	0.01686	0.00277	0.00184	0.00519
1	0.00565	0.00464	0.00506	0.00488	0.00597	0.03359	0.00363	0.00759	0.06074	0.01298	0.41858	0.07790	0.30799	0.02786	0.00481	0.00131	0.00218	0.00721	0.00381	0.00361
2	0.00849	0.00673	0.00786	0.00580	0.00897	0.00533	0.00463	0.02308	0.04565	0.06329	0.03471	0.01023	0.03647	0.00349	0.00308	0.00069	0.00283	0.00283	0.00263	0.72320
3	0.00825	0.07645	0.69041	0.01113	0.03427	0.00950	0.06087	0.04383	0.00853	0.01241	0.00692	0.00817	0.00501	0.00363	0.00362	0.00119	0.00553	0.00292	0.00173	0.00563
4	0.00656	0.00337	0.00496	0.00496	0.00498	0.00339	0.00329	0.00507	0.00506	0.00676	0.00711	0.01265	0.00722	0.07251	0.03168	0.80999	0.00349	0.00350	0.00172	0.00174
5	0.00767	0.25457	0.03707	0.03980	0.10067	0.00823	0.00609	0.03513	0.00913	0.01225	0.28199	0.03557	0.05879	0.01707	0.06424	0.00148	0.00374	0.00464	0.01749	0.00439
6	0.01063	0.78918	0.01924	0.00687	0.01003	0.09220	0.00664	0.01183	0.00807	0.00905	0.00539	0.00622	0.00492	0.00334	0.00255	0.00084	0.00436	0.00209	0.00167	0.00488
7	0.00795	0.00681	0.00795	0.00568	0.00909	0.00511	0.00454	0.00965	0.00795	0.01249	0.00681	0.00795	0.00568	0.00284	0.00284	0.00057	0.00284	0.00227	0.00227	0.88869
8	0.01432	0.01827	0.01087	0.00988	0.01185	0.84986	0.00741	0.01531	0.01087	0.00938	0.00593	0.00691	0.00494	0.00395	0.00346	0.00099	0.00691	0.00247	0.00198	0.00444
9	0.00709	0.00502	0.00624	0.00584	0.02127	0.00497	0.00435	0.04012	0.12948	0.06522	0.58690	0.05062	0.04309	0.00724	0.00437	0.00123	0.00222	0.00633	0.00412	0.00427
10	0.00872	0.05627	0.24521	0.04234	0.32783	0.00910	0.17282	0.01165	0.00851	0.02332	0.00822	0.04229	0.01842	0.00389	0.00388	0.00120	0.00509	0.00376	0.00194	0.00552
11	0.01398	0.08882	0.01163	0.00960	0.01169	0.78053	0.00734	0.01499	0.01061	0.00935	0.00588	0.00685	0.00494	0.00390	0.00337	0.00097	0.00668	0.00243	0.00195	0.00448
12	0.00467	0.00336	0.00443	0.00529	0.00555	0.00312	0.00354	0.00534	0.00739	0.00981	0.02179	0.83226	0.05543	0.01193	0.00488	0.00155	0.00221	0.01080	0.00356	0.00312
13	0.00541	0.00392	0.00510	0.00480	0.00572	0.00361	0.00360	0.00719	0.01080	0.01526	0.82044	0.02884	0.05513	0.00788	0.00452	0.00121	0.00181	0.00696	0.00421	0.00361
14	0.01618	0.03829	0.04616	0.00727	0.01038	0.00698	0.00627	0.12925	0.01170	0.66553	0.01361	0.01206	0.00872	0.00463	0.00379	0.00117	0.00353	0.00369	0.00437	0.00643
15	0.04135	0.00966	0.10712	0.04958	0.51344	0.00852	0.05335	0.03165	0.01675	0.01266	0.02256	0.02434	0.07586	0.00424	0.00394	0.00119	0.01224	0.00392	0.00214	0.00552
16	0.00543	0.00392	0.00513	0.00482	0.00573	0.00362	0.00362	0.00724	0.01085	0.01538	0.83931	0.02864	0.03618	0.00784	0.00452	0.00121	0.00181	0.00693	0.00422	0.00362
17	0.01458	0.01074	0.01151	0.00882	0.01189	0.01189	0.00729	0.82855	0.01803	0.02416	0.00921	0.00921	0.00652	0.00460	0.00384	0.00115	0.00422	0.00345	0.00384	0.00652
18	0.00708	0.00596	0.00675	0.01798	0.03915	0.00630	0.00488	0.01250	0.36533	0.01371	0.16455	0.08890	0.23688	0.00730	0.00425	0.00130	0.00255	0.00625	0.00373	0.00464
19	0.01012	0.04891	0.02843	0.01911	0.60401	0.03308	0.02229	0.05684	0.03198	0.04632	0.00772	0.00942	0.00626	0.00356	0.00368	0.00110	0.00444	0.00331	0.00218	0.05725
20	0.00886	0.01602	0.55282	0.01261	0.13586	0.00898	0.06144	0.04445	0.05872	0.05238	0.00799	0.00909	0.00579	0.00377	0.00375	0.00121	0.00522	0.00318	0.00205	0.00579
21	0.00875	0.00695	0.00814	0.00586	0.00923	0.00540	0.00471	0.04103	0.00851	0.06208	0.00740	0.00830	0.00594	0.00302	0.00294	0.00063	0.00292	0.00241	0.00248	0.80332
22	0.00766	0.00679	0.01065	0.02759	0.28372	0.00683	0.07331	0.03867	0.04818	0.01400	0.35231	0.01885	0.05521	0.00574	0.00449	0.00121	0.03172	0.00520	0.00308	0.00478
23	0.00545	0.00413	0.00510	0.00552	0.00618	0.00409	0.00388	0.00771	0.12276	0.01150	0.14081	0.57626	0.07132	0.01033	0.00468	0.00146	0.00226	0.00925	0.00370	0.00360
24	0.00549	0.00407	0.00599	0.00599	0.00662	0.00470	0.00458	0.00674	0.00611	0.00877	0.01043	0.01593	0.00996	0.10073	0.77860	0.00595	0.00971	0.00423	0.00208	0.00333
25	0.00943	0.05331	0.03898	0.01042	0.15984	0.02160	0.03785	0.08618	0.26015	0.05915	0.08592	0.08567	0.01250	0.02396	0.02284	0.00138	0.00374	0.00467	0.01705	0.00536
26	0.00761	0.00642	0.00757	0.00556	0.00863	0.00491	0.00442	0.00932	0.00835	0.01289	0.12045	0.01077	0.00984	0.00352	0.00307	0.00065	0.00270	0.00291	0.00254	0.76788
27	0.00929	0.04679	0.02158	0.02529	0.17211	0.04794	0.02401	0.10324	0.01894	0.01337	0.00792	0.02718	0.01639	0.00392	0.01486	0.00093	0.00382	0.00301	0.00237	0.43706
28	0.01103	0.03730	0.10831	0.00992	0.11099	0.02635	0.01749	0.16633	0.12740	0.13442	0.02852	0.02578	0.00816	0.00445	0.00410	0.00112	0.04502	0.00355	0.00304	0.12675

[dist]
# distance from previous block
# <min> <max>
2	9

[block]
# block no. 4 follows, 71 sequences, length 40
# corresponding to MSA columns:
# 288-327
name=unknown_E
#
# <colnr> <probs for GDERKNQSTAVLIFYWHMCP>
#	G	D	E	R	K	N	Q	S	T	A	V	L	I	F	Y	W	H	M	C	P
0	0.00753	0.00700	0.01214	0.08011	0.24704	0.00680	0.18276	0.00959	0.00897	0.02977	0.13688	0.08460	0.15849	0.00587	0.00428	0.00125	0.00393	0.00559	0.00272	0.00465
1	0.00873	0.00841	0.01041	0.08563	0.24040	0.10996	0.02401	0.04384	0.12756	0.01220	0.03993	0.18200	0.04880	0.00607	0.00437	0.00127	0.03355	0.00527	0.00273	0.00485
2	0.54231	0.04966	0.00783	0.02976	0.04686	0.01820	0.00516	0.03182	0.04592	0.01545	0.00629	0.00728	0.00500	0.00360	0.00290	0.00108	0.02141	0.00238	0.00237	0.15473
3	0.00924	0.00768	0.01108	0.03609	0.33644	0.00690	0.00765	0.02740	0.00876	0.07204	0.03596	0.00971	0.00715	0.00343	0.00339	0.00089	0.00360	0.00305	0.00238	0.40717
4	0.01118	0.50471	0.04468	0.00765	0.01055	0.20485	0.00693	0.01378	0.12046	0.03246	0.00717	0.00768	0.00596	0.00375	0.00296	0.00095	0.00463	0.00253	0.00211	0.00504
5	0.83737	0.00784	0.00609	0.00572	0.03080	0.03771	0.00448	0.01142	0.00674	0.01680	0.00541	0.00634	0.00423	0.00357	0.00245	0.00118	0.00315	0.00213	0.00235	0.00422
6	0.00929	0.00891	0.01521	0.09634	0.77007	0.00906	0.01167	0.01159	0.00864	0.01229	0.00718	0.00955	0.00599	0.00345	0.00380	0.00115	0.00460	0.00342	0.00188	0.00591
7	0.00783	0.00672	0.00739	0.00611	0.00847	0.02636	0.00477	0.01216	0.24976	0.01394	0.18779	0.01587	0.06303	0.00502	0.00362	0.00097	0.00272	0.00421	0.00323	0.37002
8	0.00486	0.00359	0.00424	0.00465	0.00534	0.00324	0.00325	0.00578	0.00810	0.01066	0.08704	0.43839	0.30939	0.02733	0.00488	0.00144	0.00210	0.00902	0.06349	0.00321
9	0.00736	0.00693	0.01171	0.81315	0.06839	0.00855	0.01071	0.00990	0.00772	0.00994	0.00684	0.01018	0.00516	0.00381	0.00383	0.00127	0.00508	0.00341	0.00171	0.00435
10	0.00471	0.00389	0.00413	0.00407	0.00529	0.00331	0.00306	0.00585	0.00917	0.01137	0.20007	0.03524	0.67792	0.00933	0.00453	0.00128	0.00192	0.00786	0.00369	0.00331
11	0.00498	0.00360	0.00471	0.00506	0.00562	0.00333	0.00356	0.00614	0.00887	0.01215	0.36449	0.47952	0.06334	0.01017	0.00472	0.00140	0.00204	0.00912	0.00384	0.00333
12	0.01517	0.00596	0.00790	0.00623	0.00878	0.00523	0.00509	0.01671	0.01049	0.68085	0.04269	0.01378	0.01045	0.00481	0.00369	0.00114	0.00297	0.00391	0.14820	0.00595
13	0.00503	0.00389	0.00459	0.00445	0.00549	0.00344	0.00332	0.00645	0.00986	0.01311	0.47957	0.06001	0.36945	0.00876	0.00454	0.00125	0.00188	0.00755	0.00392	0.00344
14	0.01025	0.86756	0.02009	0.00656	0.00984	0.01517	0.00656	0.01148	0.00779	0.00902	0.00533	0.00615	0.00492	0.00328	0.00246	0.00082	0.00410	0.00205	0.00164	0.00492
15	0.00572	0.00398	0.00522	0.00487	0.00583	0.00367	0.00367	0.00752	0.01086	0.03606	0.81874	0.02825	0.03551	0.00776	0.00451	0.00121	0.00185	0.00686	0.00423	0.00369
16	0.89233	0.00741	0.00564	0.00504	0.00741	0.00860	0.00415	0.01127	0.00653	0.01720	0.00534	0.00623	0.00415	0.00356	0.00237	0.00119	0.00297	0.00208	0.00237	0.00415
17	0.00602	0.00433	0.00598	0.00683	0.00769	0.00429	0.00589	0.00769	0.00873	0.01133	0.02109	0.09304	0.05490	0.01064	0.00524	0.00173	0.00339	0.73417	0.00353	0.00349
18	0.00949	0.00911	0.01556	0.02353	0.84133	0.00911	0.01177	0.01177	0.00873	0.01253	0.00721	0.00949	0.00607	0.00342	0.00380	0.00114	0.00456	0.00342	0.00190	0.00607
19	0.00550	0.00402	0.00574	0.00574	0.00628	0.00456	0.00427	0.00658	0.00604	0.00859	0.01066	0.01720	0.01051	0.20718	0.67290	0.00564	0.00887	0.00442	0.00211	0.00319
20	0.01432	0.01827	0.01087	0.00988	0.01185	0.84986	0.00741	0.01531	0.01087	0.00938	0.00593	0.00691	0.00494	0.00395	0.00346	0.00099	0.00691	0.00247	0.00198	0.00444
21	0.00905	0.01034	0.02262	0.01616	0.02004	0.00970	0.82741	0.01228	0.00905	0.01228	0.00776	0.01034	0.00582	0.00323	0.00452	0.00129	0.00646	0.00452	0.00194	0.00517
22	0.00456	0.00389	0.00393	0.00392	0.00520	0.00325	0.00294	0.00556	0.00881	0.01053	0.06681	0.03661	0.81170	0.00965	0.00453	0.00129	0.00194	0.00805	0.00358	0.00325
23	0.00724	0.00681	0.01150	0.85604	0.02641	0.00852	0.01065	0.00980	0.00767	0.00980	0.00681	0.01022	0.00511	0.00383	0.00383	0.00128	0.00511	0.00341	0.00170	0.00426
24	0.00715	0.00357	0.00357	0.00357	0.00447	0.00357	0.00268	0.00893	0.00804	0.01429	0.01251	0.01429	0.00983	0.00447	0.00268	0.00089	0.00179	0.00357	0.88654	0.00357
25	0.00558	0.00372	0.00418	0.00418	0.00418	0.00372	0.00232	0.00558	0.00558	0.00743	0.01208	0.02509	0.01394	0.86525	0.01952	0.00372	0.00372	0.00558	0.00232	0.00232
26	0.00525	0.00385	0.00493	0.00487	0.00572	0.00353	0.00362	0.00681	0.01007	0.01392	0.61077	0.14295	0.12377	0.00871	0.00460	0.00128	0.00194	0.03585	0.00403	0.00350
27	0.00989	0.03306	0.01390	0.23496	0.44565	0.11282	0.03015	0.01204	0.00881	0.05195	0.00730	0.00946	0.00581	0.00365	0.00375	0.00115	0.00496	0.00331	0.00199	0.00537
28	0.00719	0.00673	0.01134	0.83010	0.02581	0.00840	0.01047	0.00971	0.00762	0.00977	0.00692	0.01037	0.00525	0.00459	0.02965	0.00143	0.00527	0.00343	0.00171	0.00423
29	0.89233	0.00741	0.00564	0.00504	0.00741	0.00860	0.00415	0.01127	0.00653	0.01720	0.00534	0.00623	0.00415	0.00356	0.00237	0.00119	0.00297	0.00208	0.00237	0.00415
30	0.00569	0.00399	0.00516	0.00483	0.00580	0.00365	0.00363	0.00744	0.01075	0.03661	0.77590	0.02867	0.07768	0.00786	0.00451	0.00121	0.00185	0.00692	0.00420	0.00367
31	0.00817	0.01920	0.78734	0.01078	0.01627	0.00911	0.01369	0.06897	0.00879	0.01298	0.00704	0.00817	0.00497	0.00371	0.00366	0.00121	0.00557	0.00288	0.00177	0.00573
32	0.00465	0.00341	0.00437	0.00514	0.00551	0.00313	0.00347	0.00536	0.00753	0.00986	0.02353	0.75099	0.13557	0.01170	0.00484	0.00152	0.00219	0.01052	0.00356	0.00313
33	0.00768	0.00680	0.01050	0.01467	0.41747	0.00686	0.00806	0.01033	0.09705	0.01195	0.01397	0.26997	0.03031	0.00689	0.00427	0.00134	0.00356	0.07061	0.00278	0.00492
34	0.00543	0.00392	0.00513	0.00482	0.00573	0.00362	0.00362	0.00724	0.01085	0.01538	0.83931	0.02864	0.03618	0.00784	0.00452	0.00121	0.00181	0.00693	0.00422	0.00362
35	0.00539	0.00392	0.00508	0.00479	0.00571	0.00360	0.00359	0.00717	0.01077	0.01518	0.80759	0.02897	0.06802	0.00791	0.00452	0.00121	0.00181	0.00698	0.00419	0.00360
36	0.00795	0.00681	0.00795	0.00568	0.00909	0.00511	0.00454	0.00965	0.00795	0.01249	0.00681	0.00795	0.00568	0.00284	0.00284	0.00057	0.00284	0.00227	0.00227	0.88869
37	0.00681	0.00413	0.00605	0.00580	0.00585	0.00467	0.00416	0.00575	0.00522	0.00721	0.00677	0.01164	0.00675	0.02751	0.07430	0.68148	0.12859	0.00343	0.00171	0.00217
38	0.01162	0.58201	0.01699	0.00768	0.01052	0.29581	0.00685	0.01277	0.00882	0.00914	0.00553	0.00641	0.00493	0.00351	0.00280	0.00088	0.00505	0.00219	0.00175	0.00476
39	0.00614	0.00507	0.00787	0.00725	0.00815	0.00593	0.06097	0.00796	0.03915	0.00944	0.00985	0.01412	0.00901	0.02413	0.68479	0.00524	0.08503	0.00408	0.00209	0.00372

[dist]
# distance from previous block
# <min> <max>
4	7

[block]
# block no. 5 follows, 71 sequences, length 29
# corresponding to MSA columns:
# 335-363
name=unknown_F
#
# <colnr> <probs for GDERKNQSTAVLIFYWHMCP>
#	G	D	E	R	K	N	Q	S	T	A	V	L	I	F	Y	W	H	M	C	P
0	0.00806	0.10353	0.70971	0.01131	0.06911	0.00954	0.01325	0.01205	0.00811	0.01186	0.00675	0.00799	0.00494	0.00359	0.00353	0.00117	0.00544	0.00279	0.00164	0.00562
1	0.00843	0.13341	0.53390	0.01130	0.04679	0.02401	0.12809	0.01200	0.00825	0.01172	0.00679	0.00817	0.00509	0.00350	0.00357	0.00114	0.00542	0.00296	0.00171	0.04375
2	0.00548	0.00408	0.00603	0.00603	0.00667	0.00472	0.00463	0.00676	0.00612	0.00880	0.01039	0.01573	0.00987	0.08401	0.79520	0.00600	0.00984	0.00420	0.00207	0.00335
3	0.01025	0.86756	0.02009	0.00656	0.00984	0.01517	0.00656	0.01148	0.00779	0.00902	0.00533	0.00615	0.00492	0.00328	0.00246	0.00082	0.00410	0.00205	0.00164	0.00492
4	0.89233	0.00741	0.00564	0.00504	0.00741	0.00860	0.00415	0.01127	0.00653	0.01720	0.00534	0.00623	0.00415	0.00356	0.00237	0.00119	0.00297	0.00208	0.00237	0.00415
5	0.00467	0.00334	0.00445	0.00534	0.00556	0.00311	0.00356	0.00534	0.00734	0.00979	0.02113	0.86275	0.02536	0.01201	0.00489	0.00156	0.00222	0.01090	0.00356	0.00311
6	0.00558	0.00372	0.00418	0.00418	0.00418	0.00372	0.00232	0.00558	0.00558	0.00743	0.01208	0.02509	0.01394	0.86525	0.01952	0.00372	0.00372	0.00558	0.00232	0.00232
7	0.00465	0.00384	0.00408	0.00412	0.00528	0.00327	0.00305	0.00570	0.00888	0.01092	0.13442	0.10331	0.67589	0.00967	0.00456	0.00131	0.00195	0.00818	0.00364	0.00327
8	0.01458	0.01074	0.01151	0.00882	0.01189	0.01189	0.00729	0.82855	0.01803	0.02416	0.00921	0.00921	0.00652	0.00460	0.00384	0.00115	0.00422	0.00345	0.00384	0.00652
9	0.01432	0.01827	0.01087	0.00988	0.01185	0.84986	0.00741	0.01531	0.01087	0.00938	0.00593	0.00691	0.00494	0.00395	0.00346	0.00099	0.00691	0.00247	0.00198	0.00444
10	0.89233	0.00741	0.00564	0.00504	0.00741	0.00860	0.00415	0.01127	0.00653	0.01720	0.00534	0.00623	0.00415	0.00356	0.00237	0.00119	0.00297	0.00208	0.00237	0.00415
11	0.00795	0.00681	0.00795	0.00568	0.00909	0.00511	0.00454	0.00965	0.00795	0.01249	0.00681	0.00795	0.00568	0.00284	0.00284	0.00057	0.00284	0.00227	0.00227	0.88869
12	0.89233	0.00741	0.00564	0.00504	0.00741	0.00860	0.00415	0.01127	0.00653	0.01720	0.00534	0.00623	0.00415	0.00356	0.00237	0.00119	0.00297	0.00208	0.00237	0.00415
13	0.01047	0.82230	0.01960	0.00674	0.00995	0.05965	0.00661	0.01169	0.00795	0.00904	0.00536	0.00619	0.00492	0.00332	0.00251	0.00083	0.00425	0.00207	0.00166	0.00490
14	0.00795	0.00681	0.00795	0.00568	0.00909	0.00511	0.00454	0.00965	0.00795	0.01249	0.00681	0.00795	0.00568	0.00284	0.00284	0.00057	0.00284	0.00227	0.00227	0.88869
15	0.01438	0.00928	0.01142	0.00869	0.01172	0.00966	0.07587	0.50726	0.01498	0.24197	0.01195	0.01153	0.04336	0.00475	0.00393	0.00118	0.00405	0.00385	0.00391	0.00627
16	0.00609	0.00506	0.00551	0.00528	0.00633	0.05847	0.00397	0.00817	0.05672	0.01392	0.56230	0.07714	0.14041	0.00801	0.00446	0.00124	0.00229	0.02699	0.00391	0.00373
17	0.00535	0.00382	0.00522	0.00606	0.00659	0.00369	0.00469	0.00654	0.00813	0.01075	0.05623	0.47485	0.02441	0.01122	0.00505	0.00163	0.00277	0.35610	0.00358	0.00331
18	0.02099	0.18732	0.05206	0.00876	0.04600	0.05299	0.03992	0.10198	0.29360	0.02470	0.03048	0.01059	0.00839	0.00441	0.00392	0.00112	0.04402	0.00342	0.00285	0.06250
19	0.00987	0.22980	0.39189	0.01006	0.06102	0.04878	0.01044	0.13837	0.04213	0.01327	0.00717	0.00805	0.00547	0.00376	0.00339	0.00109	0.00494	0.00281	0.00209	0.00560
20	0.00677	0.00521	0.00615	0.00605	0.00717	0.00546	0.00446	0.01119	0.28518	0.03034	0.25463	0.32161	0.02358	0.00839	0.00443	0.00136	0.00240	0.00742	0.00389	0.00432
21	0.02944	0.00649	0.00712	0.00613	0.00783	0.04336	0.00480	0.17760	0.05654	0.09127	0.43238	0.02093	0.05993	0.00646	0.00413	0.00118	0.00276	0.00544	0.03155	0.00464
22	0.01166	0.03665	0.22120	0.03156	0.08907	0.03080	0.06856	0.15584	0.06128	0.21037	0.03807	0.01079	0.00791	0.00426	0.00382	0.00118	0.00449	0.00357	0.00303	0.00588
