[name]
unknown

[dist]
# distance from previous block
# <min> <max>
0	57

[block]
# block no. 0 follows, 58 sequences, length 9
# corresponding to MSA columns:
# 57-65
name=unknown_A
#
# <colnr> <probs for GDERKNQSTAVLIFYWHMCP>
#	G	D	E	R	K	N	Q	S	T	A	V	L	I	F	Y	W	H	M	C	P
0	0.00548	0.00412	0.00509	0.00574	0.00639	0.00372	0.00396	0.00647	0.00934	0.01216	0.09863	0.56361	0.23324	0.01290	0.00556	0.00170	0.00247	0.01147	0.00422	0.00372
1	0.01060	0.00911	0.00964	0.00871	0.01112	0.01043	0.00676	0.02217	0.72884	0.01835	0.05821	0.01880	0.05449	0.00648	0.00462	0.00151	0.00341	0.00542	0.00455	0.00678
2	0.01671	0.02132	0.01268	0.01152	0.01383	0.82483	0.00864	0.01786	0.01268	0.01095	0.00691	0.00807	0.00576	0.00461	0.00403	0.00115	0.00807	0.00288	0.00230	0.00519
3	0.01158	0.78868	0.02226	0.00752	0.01116	0.01679	0.00742	0.01306	0.00933	0.01103	0.06068	0.00895	0.00820	0.00419	0.00303	0.00099	0.00460	0.00278	0.00212	0.00564
4	0.01196	0.84548	0.02344	0.00765	0.01148	0.01770	0.00765	0.01339	0.00909	0.01052	0.00622	0.00718	0.00574	0.00383	0.00287	0.00096	0.00478	0.00239	0.00191	0.00574
5	0.87439	0.00865	0.00657	0.00588	0.00865	0.01003	0.00484	0.01315	0.00761	0.02007	0.00623	0.00727	0.00484	0.00415	0.00277	0.00138	0.00346	0.00242	0.00277	0.00484
6	0.00928	0.00795	0.00928	0.00663	0.01060	0.00596	0.00530	0.01126	0.00928	0.01458	0.00795	0.00928	0.00663	0.00331	0.00331	0.00066	0.00331	0.00265	0.00265	0.87014
7	0.00706	0.00566	0.00688	0.00628	0.00820	0.00463	0.00459	0.00838	0.00898	0.01281	0.01902	0.43103	0.07509	0.00928	0.00466	0.00131	0.00288	0.00821	0.00351	0.37154
8	0.05555	0.25881	0.01521	0.00956	0.01219	0.33132	0.00793	0.10609	0.01162	0.01359	0.00748	0.00875	0.00628	0.00478	0.00461	0.00120	0.08256	0.00302	0.05394	0.00553

[dist]
# distance from previous block
# <min> <max>
0	1

[block]
# block no. 1 follows, 58 sequences, length 15
# corresponding to MSA columns:
# 67-81
name=unknown_B
#
# <colnr> <probs for GDERKNQSTAVLIFYWHMCP>
#	G	D	E	R	K	N	Q	S	T	A	V	L	I	F	Y	W	H	M	C	P
0	0.03667	0.04334	0.12831	0.08835	0.09981	0.04596	0.12335	0.04663	0.05392	0.11681	0.02599	0.03616	0.05840	0.03161	0.00531	0.00153	0.01809	0.03073	0.00309	0.00596
1	0.01179	0.04197	0.00959	0.00771	0.00962	0.00837	0.00602	0.15979	0.08308	0.16717	0.04930	0.05018	0.04307	0.17005	0.09504	0.00260	0.05782	0.00540	0.01592	0.00550
2	0.01476	0.01037	0.01103	0.00871	0.01163	0.01136	0.00711	0.59555	0.01802	0.02521	0.01174	0.01228	0.00861	0.00533	0.00413	0.00126	0.00419	0.00406	0.22795	0.00672
3	0.00961	0.00868	0.01058	0.00764	0.01159	0.03362	0.06042	0.01170	0.00948	0.01444	0.00799	0.00943	0.00661	0.00339	0.00347	0.00074	0.00376	0.00284	0.00261	0.78140
4	0.00640	0.00475	0.00696	0.00696	0.00768	0.00547	0.00530	0.00784	0.00712	0.01021	0.01219	0.01874	0.01169	0.11410	0.74521	0.00691	0.01122	0.00496	0.00243	0.00387
5	0.00635	0.00471	0.00546	0.00552	0.00681	0.00419	0.00425	0.00776	0.01050	0.04000	0.18023	0.06925	0.44952	0.05412	0.00632	0.00173	0.00270	0.13233	0.00426	0.00398
6	0.03711	0.04352	0.01520	0.38811	0.31190	0.01058	0.01201	0.01288	0.00942	0.05332	0.00835	0.01131	0.00658	0.00452	0.00497	0.00143	0.05675	0.00389	0.00227	0.00589
7	0.00870	0.00760	0.00920	0.00781	0.00971	0.03858	0.00617	0.03962	0.00868	0.01258	0.01084	0.02829	0.03783	0.05674	0.25789	0.00316	0.14602	0.00419	0.00259	0.30378
8	0.00616	0.00421	0.00506	0.00546	0.00558	0.00412	0.00336	0.00650	0.00735	0.00979	0.01809	0.31199	0.02121	0.52684	0.01628	0.00338	0.00372	0.03454	0.00326	0.00308
9	0.00673	0.00470	0.00581	0.00548	0.00675	0.00421	0.00413	0.00854	0.01193	0.05649	0.55613	0.05738	0.23574	0.00965	0.00525	0.00144	0.00225	0.00838	0.00474	0.00426
10	0.01166	0.35667	0.07163	0.03876	0.05511	0.03780	0.29933	0.01430	0.00999	0.05297	0.00812	0.00988	0.00646	0.00397	0.00408	0.00125	0.00602	0.00375	0.00225	0.00602
11	0.01161	0.01185	0.22745	0.01041	0.03230	0.00900	0.02780	0.01529	0.08878	0.21320	0.01199	0.01341	0.00902	0.01121	0.17404	0.00267	0.11640	0.00422	0.00319	0.00614
12	0.00542	0.00436	0.00483	0.00508	0.00622	0.00378	0.00367	0.00654	0.00997	0.01241	0.10571	0.25555	0.53708	0.01186	0.00540	0.00158	0.00234	0.01020	0.00422	0.00378
13	0.00988	0.00979	0.05231	0.13373	0.24664	0.07593	0.05467	0.01244	0.03480	0.04885	0.04535	0.16364	0.05249	0.00671	0.00492	0.00147	0.01958	0.00600	0.01524	0.00558
14	0.01143	0.01053	0.03888	0.20767	0.28548	0.03755	0.09162	0.05951	0.08410	0.07430	0.02381	0.01238	0.00821	0.00469	0.00485	0.00142	0.03016	0.00427	0.00279	0.00636

[dist]
# distance from previous block
# <min> <max>
0	1

[block]
# block no. 2 follows, 58 sequences, length 24
# corresponding to MSA columns:
# 89-112
name=unknown_C
#
# <colnr> <probs for GDERKNQSTAVLIFYWHMCP>
#	G	D	E	R	K	N	Q	S	T	A	V	L	I	F	Y	W	H	M	C	P
0	0.01002	0.02049	0.01156	0.12668	0.08962	0.06158	0.00859	0.07669	0.04756	0.03940	0.01000	0.01354	0.00860	0.02921	0.27593	0.00343	0.15501	0.00426	0.00261	0.00523
1	0.01045	0.00904	0.01012	0.00891	0.04254	0.00921	0.00669	0.01879	0.48339	0.01704	0.01407	0.01375	0.01082	0.00498	0.00409	0.00120	0.00353	0.00413	0.00376	0.32349
2	0.04303	0.49588	0.09553	0.00894	0.01264	0.07563	0.00864	0.11860	0.04701	0.01397	0.00757	0.00847	0.00632	0.00440	0.00383	0.00115	0.03704	0.00291	0.00243	0.00603
3	0.00777	0.00389	0.00583	0.00583	0.00583	0.00389	0.00389	0.00583	0.00583	0.00777	0.00777	0.01360	0.00777	0.01554	0.01748	0.86985	0.00389	0.00389	0.00194	0.00194
4	0.01089	0.31255	0.18353	0.04743	0.13282	0.04516	0.10345	0.01355	0.00942	0.01239	0.00731	0.00926	0.00607	0.00437	0.00489	0.00129	0.08424	0.00338	0.00202	0.00602
5	0.00547	0.00414	0.00505	0.00566	0.00637	0.00372	0.00393	0.00646	0.00939	0.01214	0.09338	0.53182	0.27068	0.01281	0.00555	0.00169	0.00246	0.01135	0.00421	0.00372
6	0.01272	0.01029	0.01199	0.01170	0.11865	0.01142	0.00824	0.29350	0.35065	0.02103	0.04511	0.02968	0.01197	0.00680	0.03417	0.00164	0.00449	0.00480	0.00414	0.00698
7	0.00562	0.00454	0.00500	0.00488	0.00625	0.00392	0.00366	0.00707	0.01099	0.01397	0.29207	0.03995	0.56514	0.01063	0.00528	0.00148	0.00222	0.00901	0.00440	0.00392
8	0.00894	0.00465	0.00540	0.00506	0.00635	0.00443	0.00385	0.01096	0.01070	0.10358	0.25142	0.04172	0.02097	0.00663	0.00398	0.00121	0.00229	0.00558	0.49774	0.00454
9	0.00617	0.00469	0.00570	0.00561	0.00672	0.00434	0.00414	0.00833	0.04749	0.01563	0.47896	0.14987	0.22531	0.01023	0.00531	0.00150	0.00228	0.00894	0.00461	0.00416
10	0.00928	0.00795	0.00928	0.00663	0.01060	0.00596	0.00530	0.01126	0.00928	0.01458	0.00795	0.00928	0.00663	0.00331	0.00331	0.00066	0.00331	0.00265	0.00265	0.87014
11	0.01346	0.33877	0.01712	0.00998	0.01249	0.28799	0.00848	0.06904	0.01067	0.01194	0.00670	0.00826	0.00590	0.00502	0.00580	0.00125	0.17639	0.00298	0.00223	0.00551
12	0.01070	0.12107	0.05495	0.06954	0.01637	0.01058	0.27230	0.07435	0.09039	0.05187	0.09063	0.01581	0.05696	0.00529	0.00460	0.00138	0.00521	0.00502	0.03710	0.00586
13	0.12517	0.01135	0.02257	0.01635	0.02046	0.01098	0.63155	0.01392	0.00999	0.01499	0.00852	0.01123	0.00649	0.00393	0.00516	0.00147	0.03378	0.00474	0.00234	0.04502
14	0.00940	0.00918	0.01635	0.51842	0.23023	0.01030	0.11715	0.01240	0.00948	0.01263	0.00822	0.01173	0.00636	0.00425	0.00457	0.00145	0.00601	0.00415	0.00208	0.00565
15	0.01633	0.12313	0.01475	0.00994	0.01355	0.01438	0.00839	0.69553	0.01945	0.02585	0.01014	0.01027	0.00736	0.00516	0.00426	0.00129	0.00490	0.00381	0.00413	0.00736
16	0.00777	0.00389	0.00583	0.00583	0.00583	0.00389	0.00389	0.00583	0.00583	0.00777	0.00777	0.01360	0.00777	0.01554	0.01748	0.86985	0.00389	0.00389	0.00194	0.00194
17	0.00690	0.11686	0.00762	0.00537	0.00725	0.02589	0.00431	0.03363	0.01062	0.01275	0.08746	0.03576	0.61042	0.00983	0.00491	0.00142	0.00282	0.00808	0.00387	0.00422
18	0.70609	0.00891	0.00740	0.00653	0.00932	0.01025	0.00533	0.04569	0.11437	0.03887	0.00826	0.00884	0.00627	0.00449	0.00311	0.00140	0.00354	0.00288	0.00314	0.00531
19	0.01107	0.01063	0.01816	0.02746	0.81489	0.01063	0.01373	0.01373	0.01019	0.01461	0.00841	0.01107	0.00709	0.00399	0.00443	0.00133	0.00531	0.00399	0.00221	0.00709
20	0.13350	0.00775	0.00988	0.00768	0.01105	0.00703	0.00634	0.02065	0.01211	0.71204	0.01613	0.01417	0.01025	0.00535	0.00427	0.00138	0.00376	0.00422	0.00517	0.00725
21	0.00903	0.00868	0.01187	0.01031	0.01042	0.01174	0.00839	0.00989	0.00705	0.01058	0.00982	0.01478	0.06564	0.11895	0.01507	0.00224	0.66416	0.00466	0.00222	0.00452
22	0.00670	0.00501	0.00626	0.00627	0.00644	0.00544	0.00425	0.00720	0.00750	0.01021	0.04780	0.21179	0.03457	0.45869	0.01607	0.00318	0.11404	0.04210	0.00311	0.00335
23	0.01603	0.00719	0.00939	0.00728	0.01049	0.00607	0.00592	0.01778	0.01198	0.55776	0.07583	0.01786	0.07956	0.00591	0.00442	0.00128	0.00347	0.00486	0.00489	0.15203

[dist]
# distance from previous block
# <min> <max>
0	2

[block]
# block no. 3 follows, 58 sequences, length 10
# corresponding to MSA columns:
# 115-124
name=unknown_D
#
# <colnr> <probs for GDERKNQSTAVLIFYWHMCP>
#	G	D	E	R	K	N	Q	S	T	A	V	L	I	F	Y	W	H	M	C	P
0	0.01208	0.21624	0.03032	0.03283	0.06777	0.13617	0.00819	0.06208	0.25476	0.01482	0.01161	0.01202	0.02927	0.00503	0.00426	0.00125	0.02824	0.00379	0.00306	0.06621
1	0.00755	0.00493	0.00624	0.00622	0.00751	0.00435	0.00457	0.00884	0.00993	0.09875	0.12255	0.40988	0.14632	0.01097	0.00525	0.00157	0.00276	0.04897	0.00425	0.08859
2	0.01297	0.01040	0.01221	0.04603	0.03898	0.01183	0.00849	0.16879	0.32427	0.04911	0.06076	0.01642	0.01303	0.00778	0.02879	0.00191	0.15462	0.00508	0.02151	0.00701
3	0.01687	0.00768	0.01002	0.03433	0.01165	0.00719	0.00666	0.04317	0.10837	0.56982	0.04432	0.03985	0.01300	0.00605	0.00456	0.00141	0.00375	0.02520	0.02150	0.02460
4	0.01266	0.01086	0.01420	0.16016	0.05089	0.04178	0.11252	0.23377	0.25495	0.04291	0.01225	0.01298	0.00905	0.00513	0.00459	0.00144	0.00513	0.00446	0.00362	0.00665
5	0.00645	0.00456	0.00603	0.00603	0.00643	0.00496	0.00415	0.00725	0.00685	0.00953	0.01304	0.02342	0.01372	0.43813	0.42395	0.00576	0.00816	0.00565	0.00255	0.00335
6	0.03391	0.00518	0.00581	0.00561	0.00716	0.00468	0.00421	0.04109	0.01060	0.10091	0.07142	0.21454	0.45696	0.01073	0.00518	0.00155	0.00265	0.00913	0.00431	0.00437
7	0.00668	0.00601	0.05485	0.00754	0.00872	0.00599	0.00622	0.00886	0.03797	0.01098	0.01263	0.05879	0.01189	0.02979	0.70397	0.00636	0.01087	0.00512	0.00254	0.00425
8	0.01216	0.00917	0.01032	0.00879	0.01160	0.00966	0.00716	0.21793	0.28840	0.06640	0.01562	0.02000	0.01302	0.00656	0.00463	0.00143	0.00398	0.14521	0.00421	0.14377
9	0.04226	0.06365	0.01494	0.08916	0.24506	0.07663	0.03984	0.17034	0.05505	0.06737	0.00955	0.01091	0.00736	0.00457	0.00440	0.00129	0.02000	0.00379	0.00301	0.07080

[dist]
# distance from previous block
# <min> <max>
0	9

[block]
# block no. 4 follows, 58 sequences, length 14
# corresponding to MSA columns:
# 134-136,138-148
name=unknown_E
#
# <colnr> <probs for GDERKNQSTAVLIFYWHMCP>
#	G	D	E	R	K	N	Q	S	T	A	V	L	I	F	Y	W	H	M	C	P
0	0.08439	0.08573	0.11690	0.01198	0.12394	0.09736	0.06016	0.05602	0.08475	0.04506	0.01348	0.03683	0.08078	0.00557	0.00427	0.00134	0.00498	0.03081	0.00298	0.05267
1	0.13095	0.36419	0.01452	0.00760	0.03141	0.03348	0.02139	0.04323	0.04327	0.01386	0.06056	0.01750	0.19023	0.00604	0.00379	0.00123	0.00399	0.00459	0.00294	0.00524
2	0.01512	0.19564	0.07594	0.01080	0.01375	0.59269	0.00903	0.01664	0.01167	0.01110	0.00685	0.00798	0.00575	0.00442	0.00380	0.00113	0.00726	0.00281	0.00219	0.00541
3	0.05788	0.03284	0.05775	0.01117	0.11421	0.02938	0.00833	0.26352	0.06221	0.10393	0.08567	0.03911	0.03039	0.00576	0.00466	0.00135	0.02651	0.00462	0.00380	0.05692
4	0.00682	0.00477	0.00607	0.00609	0.00662	0.00502	0.00425	0.03417	0.00795	0.01102	0.05236	0.09568	0.01706	0.38169	0.27199	0.00457	0.00644	0.04466	0.02923	0.00355
5	0.00817	0.11023	0.20560	0.02670	0.04960	0.00841	0.02692	0.01089	0.05518	0.01258	0.04200	0.26821	0.04627	0.03014	0.00617	0.04566	0.03246	0.00682	0.00298	0.00501
6	0.87439	0.00865	0.00657	0.00588	0.00865	0.01003	0.00484	0.01315	0.00761	0.02007	0.00623	0.00727	0.00484	0.00415	0.00277	0.00138	0.00346	0.00242	0.00277	0.00484
7	0.00928	0.00795	0.00928	0.00663	0.01060	0.00596	0.00530	0.01126	0.00928	0.01458	0.00795	0.00928	0.00663	0.00331	0.00331	0.00066	0.00331	0.00265	0.00265	0.87014
8	0.00664	0.00475	0.00599	0.00588	0.00611	0.00517	0.00389	0.00714	0.00671	0.00926	0.01307	0.02498	0.01430	0.57240	0.24745	0.00501	0.04959	0.00589	0.00258	0.00318
9	0.01142	0.11680	0.02884	0.00939	0.06393	0.10105	0.00714	0.08328	0.07148	0.09212	0.03879	0.09970	0.06430	0.02007	0.06674	0.00180	0.01960	0.01748	0.00337	0.08268
10	0.01037	0.01095	0.07862	0.09924	0.07963	0.02502	0.23758	0.10279	0.08955	0.01584	0.08584	0.05369	0.01199	0.02790	0.00585	0.00157	0.04942	0.00526	0.00301	0.00588
11	0.00942	0.00832	0.03137	0.05684	0.04967	0.00656	0.00639	0.02650	0.00972	0.03125	0.02823	0.01181	0.04553	0.00403	0.00364	0.00085	0.00362	0.00332	0.00279	0.66013
12	0.01027	0.01188	0.06631	0.06065	0.05736	0.08571	0.41929	0.02990	0.01070	0.01409	0.05587	0.07818	0.02741	0.00521	0.00494	0.00144	0.00628	0.00548	0.00263	0.04643
13	0.02164	0.01023	0.06451	0.18708	0.10183	0.09261	0.03804	0.05952	0.02155	0.03060	0.02175	0.10529	0.04383	0.03164	0.02248	0.00161	0.02828	0.02879	0.00284	0.08588

[dist]
# distance from previous block
# <min> <max>
1	36

[block]
# block no. 5 follows, 58 sequences, length 9
# corresponding to MSA columns:
# 189-197
name=unknown_F
#
# <colnr> <probs for GDERKNQSTAVLIFYWHMCP>
#	G	D	E	R	K	N	Q	S	T	A	V	L	I	F	Y	W	H	M	C	P
0	0.17097	0.30261	0.10203	0.00893	0.03008	0.08016	0.03261	0.02908	0.02885	0.02753	0.02119	0.00936	0.00693	0.00571	0.04631	0.00146	0.00526	0.00304	0.00244	0.08544
1	0.01180	0.07464	0.04413	0.05016	0.08573	0.00891	0.00797	0.04997	0.02937	0.20942	0.01198	0.03693	0.00977	0.03723	0.19862	0.02497	0.09501	0.00448	0.00322	0.00569
2	0.00879	0.00952	0.04518	0.01105	0.05222	0.08283	0.21633	0.01192	0.07858	0.01389	0.10255	0.07930	0.25368	0.00757	0.00505	0.00147	0.00464	0.00693	0.00341	0.00510
3	0.00882	0.02084	0.70967	0.01194	0.01786	0.00985	0.01498	0.01405	0.04405	0.01471	0.08273	0.01197	0.00938	0.00478	0.00436	0.00142	0.00606	0.00382	0.00228	0.00641
4	0.00756	0.00395	0.00581	0.00584	0.00589	0.00397	0.00390	0.00597	0.00602	0.00806	0.00891	0.04499	0.00918	0.06178	0.04965	0.75575	0.00419	0.00439	0.00208	0.00213
5	0.00876	0.00555	0.00592	0.00555	0.00687	0.02346	0.00425	0.01164	0.08371	0.05292	0.14190	0.02139	0.09675	0.00663	0.00439	0.00125	0.03793	0.00537	0.47116	0.00462
6	0.00595	0.00423	0.00546	0.00634	0.00678	0.00409	0.00436	0.00742	0.04749	0.01213	0.02378	0.72582	0.02771	0.01310	0.00554	0.00177	0.00267	0.04226	0.04925	0.00385
7	0.00570	0.00437	0.00522	0.00537	0.00639	0.00389	0.00389	0.00708	0.01062	0.01396	0.30910	0.25482	0.33088	0.01129	0.00540	0.00156	0.00230	0.00985	0.00442	0.00389
8	0.01303	0.56605	0.07599	0.00905	0.01266	0.23476	0.00854	0.01465	0.01008	0.01089	0.00653	0.00757	0.00574	0.00407	0.00328	0.00104	0.00580	0.00259	0.00202	0.00565

[dist]
# distance from previous block
# <min> <max>
0	1

[block]
# block no. 6 follows, 58 sequences, length 15
# corresponding to MSA columns:
# 199-213
name=unknown_G
#
# <colnr> <probs for GDERKNQSTAVLIFYWHMCP>
#	G	D	E	R	K	N	Q	S	T	A	V	L	I	F	Y	W	H	M	C	P
0	0.58575	0.00968	0.00871	0.00724	0.01027	0.01092	0.00597	0.23445	0.01167	0.06720	0.00814	0.00869	0.00597	0.00457	0.00334	0.00137	0.00389	0.00299	0.00340	0.00578
1	0.01158	0.00983	0.01037	0.00919	0.01180	0.01134	0.00719	0.08349	0.74635	0.01944	0.01763	0.01623	0.01319	0.00602	0.00455	0.00150	0.00365	0.00498	0.00455	0.00712
2	0.00987	0.00830	0.00960	0.00691	0.01085	0.00657	0.00555	0.07195	0.01018	0.01562	0.00817	0.00939	0.00670	0.00347	0.00340	0.00071	0.00344	0.00276	0.00279	0.80378
3	0.02007	0.00761	0.01038	0.00796	0.01142	0.00657	0.00657	0.02180	0.01280	0.81799	0.01765	0.01523	0.01107	0.00554	0.00450	0.00138	0.00381	0.00450	0.00554	0.00761
4	0.01604	0.01039	0.01165	0.00934	0.01257	0.01118	0.00758	0.36807	0.25369	0.22834	0.01475	0.01367	0.01030	0.00562	0.00450	0.00141	0.00422	0.00446	0.00477	0.00745
5	0.00993	0.00464	0.00501	0.00468	0.00606	0.00450	0.00360	0.01197	0.00985	0.12566	0.01501	0.01648	0.01141	0.00526	0.00331	0.00109	0.00232	0.00421	0.75038	0.00464
6	0.01609	0.00822	0.01007	0.00814	0.01111	0.00811	0.00658	0.11201	0.18475	0.45104	0.09576	0.01686	0.01432	0.00598	0.00455	0.00140	0.00366	0.00491	0.02937	0.00706
7	0.01358	0.53108	0.01977	0.00936	0.01268	0.29970	0.03291	0.01499	0.01039	0.01079	0.00655	0.00764	0.00578	0.00410	0.00335	0.00104	0.00602	0.00265	0.00206	0.00556
8	0.00544	0.00452	0.00477	0.00484	0.00622	0.00385	0.00363	0.00666	0.01030	0.01256	0.10537	0.09082	0.67842	0.01135	0.00534	0.00154	0.00233	0.03402	0.00421	0.00381
9	0.77021	0.00852	0.00704	0.00614	0.00899	0.00961	0.00506	0.01420	0.00825	0.11737	0.00762	0.00824	0.00560	0.00432	0.00298	0.00138	0.00350	0.00268	0.00311	0.00518
10	0.00545	0.00411	0.00505	0.00572	0.00637	0.00370	0.00395	0.00640	0.00924	0.01195	0.07254	0.57510	0.24819	0.01301	0.00557	0.00171	0.00248	0.01156	0.00419	0.00370
11	0.01070	0.01138	0.01224	0.01079	0.01138	0.18623	0.00866	0.01173	0.00812	0.01064	0.00726	0.01140	0.00704	0.05702	0.10556	0.00252	0.51654	0.00394	0.00212	0.00473
12	0.00942	0.00924	0.01304	0.01168	0.03485	0.01266	0.00938	0.01046	0.00706	0.01090	0.00730	0.05735	0.00751	0.00929	0.05222	0.00218	0.72405	0.00446	0.00211	0.00484
13	0.00559	0.00402	0.00527	0.00617	0.00655	0.00375	0.00421	0.00648	0.00884	0.01176	0.06165	0.70829	0.06579	0.03773	0.00619	0.00187	0.00267	0.04536	0.00414	0.00366
14	0.00959	0.00845	0.03241	0.03886	0.03966	0.07763	0.00678	0.08471	0.11600	0.02673	0.04449	0.02169	0.05558	0.09713	0.17852	0.00295	0.00602	0.08691	0.04921	0.01666

[dist]
# distance from previous block
# <min> <max>
0	5

[block]
# block no. 7 follows, 58 sequences, length 29
# corresponding to MSA columns:
# 219-247
name=unknown_H
#
# <colnr> <probs for GDERKNQSTAVLIFYWHMCP>
#	G	D	E	R	K	N	Q	S	T	A	V	L	I	F	Y	W	H	M	C	P
0	0.14187	0.05907	0.13366	0.01201	0.14170	0.04552	0.02105	0.03212	0.06270	0.04314	0.00924	0.01125	0.00752	0.00922	0.13504	0.00227	0.06545	0.00365	0.00260	0.06093
1	0.00992	0.04582	0.19508	0.01244	0.15752	0.00880	0.04214	0.03203	0.02867	0.01475	0.00834	0.00988	0.00665	0.00380	0.00384	0.00104	0.00469	0.00323	0.00244	0.40892
2	0.00622	0.00444	0.00511	0.00503	0.00560	0.00422	0.00326	0.00698	0.00873	0.01161	0.21135	0.03284	0.18315	0.46120	0.02935	0.00312	0.00352	0.00745	0.00353	0.00331
3	0.01201	0.80789	0.02298	0.00783	0.01154	0.03504	0.00773	0.01343	0.00911	0.01054	0.00623	0.00726	0.00574	0.00394	0.00318	0.00098	0.02451	0.00244	0.00192	0.00571
4	0.00554	0.00398	0.00527	0.00619	0.00654	0.00371	0.00420	0.00645	0.00893	0.01195	0.08374	0.74935	0.04612	0.01357	0.00568	0.00178	0.00258	0.02651	0.00421	0.00369
5	0.00625	0.00453	0.00589	0.00563	0.00665	0.00417	0.00419	0.00825	0.01235	0.01739	0.74450	0.08245	0.06191	0.00950	0.00530	0.00143	0.00214	0.00841	0.00486	0.00417
6	0.00551	0.00442	0.00492	0.00505	0.00624	0.00383	0.00369	0.00676	0.01034	0.01304	0.18241	0.19033	0.52489	0.01143	0.00536	0.00155	0.00230	0.00981	0.00430	0.00383
7	0.01700	0.01253	0.01342	0.01029	0.01387	0.01387	0.00850	0.79997	0.02103	0.02819	0.01074	0.01074	0.00761	0.00537	0.00447	0.00134	0.00492	0.00403	0.00447	0.00761
8	0.87439	0.00865	0.00657	0.00588	0.00865	0.01003	0.00484	0.01315	0.00761	0.02007	0.00623	0.00727	0.00484	0.00415	0.00277	0.00138	0.00346	0.00242	0.00277	0.00484
9	0.00928	0.00795	0.00928	0.00663	0.01060	0.00596	0.00530	0.01126	0.00928	0.01458	0.00795	0.00928	0.00663	0.00331	0.00331	0.00066	0.00331	0.00265	0.00265	0.87014
10	0.01671	0.02132	0.01268	0.01152	0.01383	0.82483	0.00864	0.01786	0.01268	0.01095	0.00691	0.00807	0.00576	0.00461	0.00403	0.00115	0.00807	0.00288	0.00230	0.00519
11	0.00707	0.00541	0.00753	0.00895	0.13446	0.00527	0.00528	0.00847	0.00979	0.01368	0.34077	0.09241	0.02634	0.27846	0.03493	0.00254	0.00367	0.00720	0.00364	0.00413
12	0.73641	0.00790	0.00635	0.00594	0.00831	0.00902	0.00473	0.01205	0.00776	0.01870	0.00915	0.13947	0.00877	0.00572	0.00324	0.00145	0.00332	0.00406	0.00299	0.00465
13	0.03342	0.00920	0.04305	0.57365	0.23067	0.01013	0.01269	0.01216	0.00924	0.01258	0.00802	0.01149	0.00621	0.00433	0.00441	0.00144	0.00575	0.00391	0.00206	0.00557
14	0.01538	0.01860	0.01133	0.01036	0.01246	0.69452	0.00777	0.01668	0.01215	0.01186	0.00813	0.00943	0.00667	0.00471	0.00389	0.00113	0.00712	0.00309	0.13971	0.00502
15	0.01525	0.01058	0.01163	0.00935	0.01248	0.01155	0.00758	0.42939	0.23971	0.13661	0.04234	0.01396	0.01109	0.00572	0.00450	0.00139	0.00422	0.00453	0.02085	0.00728
16	0.10548	0.01110	0.01171	0.00913	0.01258	0.01193	0.00746	0.51333	0.09726	0.02422	0.01058	0.01074	0.00777	0.00499	0.00412	0.00126	0.00437	0.00374	0.00401	0.14422
17	0.15390	0.02373	0.01081	0.04667	0.01252	0.16211	0.00715	0.10135	0.01259	0.39438	0.02402	0.01213	0.00885	0.00510	0.00412	0.00133	0.00476	0.00381	0.00415	0.00652
18	0.02819	0.00836	0.00849	0.00758	0.00964	0.13534	0.00575	0.01377	0.01103	0.26436	0.10239	0.27093	0.01878	0.00817	0.00474	0.00142	0.00387	0.00696	0.00421	0.08601
19	0.00625	0.00462	0.00672	0.00689	0.00755	0.00520	0.00518	0.00761	0.00736	0.01044	0.01413	0.14889	0.01443	0.08186	0.64399	0.00615	0.01001	0.00616	0.00270	0.00386
20	0.00847	0.00540	0.00613	0.00566	0.00752	0.00474	0.00445	0.03736	0.01116	0.15361	0.07596	0.03712	0.54860	0.01008	0.00519	0.00152	0.00276	0.06520	0.00444	0.00463
21	0.07283	0.00676	0.00756	0.00756	0.00902	0.00736	0.00567	0.04217	0.30388	0.01551	0.02033	0.38614	0.02078	0.00991	0.00505	0.00167	0.00320	0.06522	0.00421	0.00518
22	0.01753	0.01108	0.01245	0.00962	0.01311	0.01180	0.00792	0.55543	0.05762	0.23705	0.01294	0.01222	0.00882	0.00545	0.00448	0.00136	0.00456	0.00420	0.00476	0.00758
23	0.01607	0.01207	0.01290	0.01010	0.01352	0.01344	0.00828	0.67672	0.14580	0.02669	0.01193	0.01168	0.00857	0.00548	0.00449	0.00137	0.00470	0.00419	0.00449	0.00752
24	0.69933	0.00849	0.00783	0.13716	0.01229	0.00987	0.00612	0.01326	0.00805	0.05377	0.00700	0.00836	0.00530	0.00426	0.00311	0.00140	0.00387	0.00276	0.00277	0.00499
25	0.01126	0.14233	0.01223	0.00887	0.01161	0.01217	0.00717	0.02212	0.68014	0.01741	0.01630	0.01518	0.01240	0.00571	0.00428	0.00143	0.00374	0.00463	0.00413	0.00687
26	0.00599	0.00444	0.00558	0.00555	0.00654	0.00403	0.00407	0.00768	0.01147	0.01571	0.53351	0.18683	0.17120	0.01043	0.00536	0.00150	0.00223	0.00919	0.00465	0.00403
27	0.73669	0.00809	0.00668	0.00626	0.00875	0.00926	0.00522	0.01253	0.00804	0.01901	0.00900	0.01412	0.00816	0.00546	0.00331	0.00149	0.00356	0.12665	0.00298	0.00473
28	0.06845	0.00853	0.01070	0.00825	0.01169	0.00805	0.00681	0.15776	0.01395	0.63381	0.01578	0.01398	0.01011	0.00543	0.00440	0.00138	0.00398	0.00430	0.00519	0.00745

[dist]
# distance from previous block
# <min> <max>
0	1

[block]
# block no. 8 follows, 58 sequences, length 7
# corresponding to MSA columns:
# 249-255
name=unknown_I
#
# <colnr> <probs for GDERKNQSTAVLIFYWHMCP>
#	G	D	E	R	K	N	Q	S	T	A	V	L	I	F	Y	W	H	M	C	P
0	0.00671	0.00488	0.00646	0.00727	0.00822	0.00475	0.00604	0.00836	0.00984	0.01266	0.02616	0.12463	0.13766	0.07324	0.00722	0.00212	0.00372	0.54212	0.00402	0.00392
1	0.01041	0.11270	0.61718	0.01202	0.01771	0.12773	0.01443	0.01461	0.00987	0.01331	0.00767	0.00900	0.00569	0.00426	0.00407	0.00133	0.00662	0.00314	0.00195	0.00631
2	0.19351	0.00896	0.01031	0.00807	0.01142	0.00897	0.00667	0.19990	0.01365	0.47279	0.01372	0.01257	0.00900	0.00522	0.00414	0.00137	0.00399	0.00397	0.00473	0.00705
3	0.00897	0.00514	0.00684	0.00622	0.00768	0.00491	0.00482	0.01086	0.01122	0.16310	0.41110	0.02603	0.06156	0.01327	0.17225	0.00256	0.00444	0.00653	0.06772	0.00477
4	0.00687	0.00570	0.00667	0.08426	0.00956	0.00577	0.00515	0.01026	0.16260	0.01329	0.06513	0.17425	0.38410	0.01019	0.00555	0.03084	0.00297	0.00841	0.00398	0.00446
5	0.01210	0.00916	0.01030	0.00883	0.01098	0.01060	0.00706	0.16742	0.35683	0.06553	0.01430	0.01443	0.01082	0.00602	0.00581	0.00146	0.12807	0.00451	0.14938	0.00639
6	0.42818	0.03592	0.00929	0.00780	0.01042	0.18178	0.00624	0.06065	0.03177	0.09561	0.00863	0.00965	0.00668	0.00729	0.08132	0.00187	0.00540	0.00311	0.00303	0.00536

[dist]
# distance from previous block
# <min> <max>
0	2

[block]
# block no. 9 follows, 58 sequences, length 14
# corresponding to MSA columns:
# 259-272
name=unknown_J
#
# <colnr> <probs for GDERKNQSTAVLIFYWHMCP>
#	G	D	E	R	K	N	Q	S	T	A	V	L	I	F	Y	W	H	M	C	P
0	0.00817	0.00668	0.00831	0.00890	0.09246	0.00684	0.00613	0.04054	0.19323	0.01642	0.28391	0.02921	0.17889	0.00915	0.02879	0.00166	0.00335	0.06792	0.00425	0.00519
1	0.01083	0.01052	0.01684	0.13716	0.63509	0.04089	0.01293	0.01344	0.01006	0.01403	0.00827	0.01098	0.00686	0.00404	0.00436	0.00131	0.00541	0.00387	0.00221	0.05089
2	0.04879	0.01003	0.01159	0.00894	0.01236	0.01031	0.00738	0.41430	0.01667	0.36508	0.01365	0.01272	0.00911	0.00539	0.00438	0.00135	0.00430	0.00418	0.03206	0.00740
3	0.00559	0.00453	0.00487	0.00479	0.00611	0.00391	0.00354	0.00687	0.01052	0.01316	0.21187	0.04011	0.59589	0.06089	0.00634	0.00166	0.00236	0.00897	0.00424	0.00381
4	0.13664	0.00832	0.01013	0.00795	0.01128	0.00797	0.00654	0.09276	0.05638	0.59146	0.01547	0.01380	0.01004	0.00536	0.00426	0.00139	0.00385	0.00420	0.00500	0.00720
5	0.00558	0.00405	0.00527	0.00601	0.00649	0.00374	0.00411	0.00660	0.00934	0.01252	0.15374	0.65234	0.08759	0.01303	0.00561	0.00173	0.00249	0.01173	0.00428	0.00374
6	0.01644	0.01211	0.01302	0.01009	0.01351	0.01337	0.00829	0.76102	0.02042	0.02737	0.01142	0.05143	0.00869	0.00579	0.00454	0.00137	0.00481	0.00445	0.00446	0.00741
7	0.00696	0.00437	0.00634	0.00634	0.00672	0.00475	0.00453	0.00693	0.00656	0.00912	0.01058	0.01751	0.01048	0.13186	0.39804	0.35123	0.00775	0.00465	0.00226	0.00301
8	0.07069	0.01002	0.11712	0.00963	0.06323	0.00786	0.00816	0.06610	0.01218	0.51937	0.01449	0.01351	0.00953	0.00515	0.00428	0.00136	0.00422	0.00413	0.05186	0.00708
9	0.00684	0.00522	0.00711	0.00688	0.00728	0.00609	0.00502	0.00777	0.00690	0.00980	0.01204	0.02097	0.01243	0.32942	0.43272	0.00552	0.10660	0.00532	0.00246	0.00363
10	0.00918	0.06211	0.09222	0.09286	0.02937	0.11431	0.00714	0.04782	0.00900	0.01132	0.01173	0.01881	0.03350	0.31562	0.12374	0.00322	0.00629	0.00486	0.00252	0.00439
11	0.01359	0.26484	0.06532	0.00973	0.01319	0.16673	0.02362	0.21015	0.08852	0.01632	0.00888	0.00956	0.00703	0.00466	0.00409	0.00119	0.02505	0.00331	0.00293	0.06127
12	0.32874	0.00982	0.10472	0.12295	0.04465	0.02461	0.00789	0.03488	0.02819	0.04513	0.01144	0.12563	0.02402	0.00605	0.00400	0.00145	0.00427	0.02874	0.00297	0.03984
13	0.01049	0.17067	0.08538	0.04138	0.02864	0.12841	0.05534	0.02819	0.02767	0.03620	0.13804	0.05535	0.05793	0.03351	0.00581	0.00147	0.07223	0.01508	0.00297	0.00524

[dist]
# distance from previous block
# <min> <max>
4	7

[block]
# block no. 10 follows, 58 sequences, length 18
# corresponding to MSA columns:
# 288-305
name=unknown_K
#
# <colnr> <probs for GDERKNQSTAVLIFYWHMCP>
#	G	D	E	R	K	N	Q	S	T	A	V	L	I	F	Y	W	H	M	C	P
0	0.00682	0.00616	0.02969	0.02452	0.00902	0.00574	0.04940	0.00974	0.10821	0.01373	0.13832	0.22764	0.29051	0.01020	0.00552	0.00159	0.02437	0.03029	0.00404	0.00448
1	0.00650	0.00471	0.00607	0.00662	0.00735	0.00463	0.00501	0.00821	0.03916	0.01270	0.11774	0.27157	0.07520	0.13689	0.02903	0.00233	0.00353	0.25490	0.00399	0.00387
2	0.04615	0.03795	0.19875	0.10358	0.25353	0.04123	0.05243	0.02578	0.02866	0.06017	0.03333	0.01337	0.05732	0.00495	0.00462	0.00139	0.02373	0.00424	0.00260	0.00620
3	0.01012	0.02854	0.29271	0.05230	0.05410	0.02219	0.07488	0.04677	0.09004	0.07717	0.01560	0.04988	0.09050	0.00628	0.00470	0.00149	0.00519	0.06838	0.00310	0.00603
4	0.01809	0.00718	0.00970	0.00759	0.01073	0.00623	0.00621	0.01984	0.01269	0.70493	0.10034	0.01816	0.04501	0.00613	0.00461	0.00139	0.00357	0.00506	0.00542	0.00712
5	0.01636	0.00968	0.01098	0.00861	0.01173	0.01012	0.00705	0.42116	0.04379	0.25918	0.01363	0.01319	0.00944	0.00542	0.00428	0.00131	0.00411	0.00422	0.13868	0.00706
6	0.06163	0.01195	0.17892	0.11630	0.23579	0.00974	0.05251	0.04386	0.02914	0.08292	0.03247	0.01368	0.02403	0.00532	0.00515	0.02372	0.03443	0.02957	0.00274	0.00616
7	0.00788	0.00719	0.01162	0.23479	0.18648	0.00745	0.06610	0.00994	0.00961	0.01262	0.04816	0.14921	0.19527	0.00780	0.00523	0.02154	0.00438	0.00683	0.00299	0.00492
8	0.06603	0.01184	0.01262	0.00983	0.01327	0.01308	0.00808	0.65481	0.08347	0.06455	0.01141	0.01123	0.00810	0.00536	0.00438	0.00136	0.00467	0.00404	0.00443	0.00741
9	0.00675	0.00462	0.00561	0.00557	0.00654	0.00442	0.00412	0.00884	0.03680	0.01571	0.40826	0.10590	0.08444	0.07693	0.00639	0.00167	0.00251	0.05531	0.15552	0.00409
10	0.01077	0.12702	0.20013	0.14327	0.24172	0.03598	0.11189	0.03512	0.01015	0.03085	0.00825	0.01042	0.00643	0.00416	0.00428	0.00134	0.00596	0.00376	0.00221	0.00630
11	0.00627	0.00440	0.00554	0.00575	0.00665	0.00398	0.00412	0.00764	0.01053	0.04300	0.31635	0.36328	0.18305	0.01142	0.00543	0.00159	0.00240	0.01010	0.00448	0.00402
12	0.00577	0.00471	0.00504	0.00494	0.00637	0.00410	0.00370	0.02639	0.01083	0.01350	0.18017	0.07549	0.62154	0.01091	0.00528	0.00150	0.00232	0.00921	0.00430	0.00394
13	0.01163	0.15822	0.21673	0.03414	0.17899	0.08685	0.12646	0.05628	0.04261	0.03429	0.00863	0.01020	0.00670	0.00426	0.00421	0.00131	0.00601	0.00369	0.00239	0.00640
14	0.00979	0.00839	0.01232	0.04416	0.14046	0.01035	0.00903	0.03096	0.00821	0.05586	0.00894	0.02708	0.00818	0.03130	0.17599	0.02888	0.37821	0.00435	0.00240	0.00512
15	0.00545	0.00389	0.00519	0.00623	0.00649	0.00363	0.00415	0.00623	0.00856	0.01142	0.02465	0.83987	0.02959	0.01401	0.00571	0.00182	0.00260	0.01272	0.00415	0.00363
16	0.00629	0.00466	0.00662	0.02122	0.00777	0.00509	0.00510	0.00756	0.00782	0.01080	0.04906	0.09392	0.11018	0.04578	0.53889	0.05762	0.00881	0.00616	0.00284	0.00381
17	0.10065	0.13530	0.16116	0.14714	0.06285	0.13504	0.03781	0.04557	0.01021	0.03784	0.02577	0.01944	0.01539	0.00477	0.00449	0.00134	0.04350	0.00360	0.00243	0.00570

[dist]
# distance from previous block
# <min> <max>
4	9

[block]
# block no. 11 follows, 58 sequences, length 14
# corresponding to MSA columns:
# 320-333
name=unknown_L
#
# <colnr> <probs for GDERKNQSTAVLIFYWHMCP>
#	G	D	E	R	K	N	Q	S	T	A	V	L	I	F	Y	W	H	M	C	P
0	0.07849	0.22310	0.18584	0.08156	0.05973	0.09392	0.05660	0.08263	0.03179	0.02838	0.03317	0.01018	0.00741	0.00447	0.00392	0.00127	0.00557	0.00346	0.00251	0.00601
1	0.00880	0.00622	0.00737	0.00670	0.00843	0.00630	0.00516	0.01358	0.22699	0.09267	0.39919	0.02783	0.12670	0.00909	0.03337	0.00165	0.00302	0.00699	0.00470	0.00525
2	0.01099	0.50315	0.17183	0.04862	0.05892	0.01487	0.08119	0.01346	0.00926	0.01182	0.00700	0.00856	0.00591	0.00408	0.00392	0.00117	0.03431	0.00304	0.00196	0.00594
3	0.00555	0.00403	0.00514	0.00591	0.00634	0.00373	0.00397	0.00639	0.00884	0.01167	0.06952	0.64905	0.12102	0.06811	0.00676	0.00192	0.00265	0.01167	0.00410	0.00362
4	0.00641	0.00471	0.00679	0.00679	0.00745	0.00537	0.00509	0.00773	0.00707	0.01009	0.01235	0.01959	0.01206	0.17328	0.68654	0.00670	0.01066	0.00509	0.00245	0.00377
5	0.01645	0.01316	0.01290	0.01025	0.01357	0.11212	0.00832	0.60229	0.10125	0.04742	0.01124	0.01116	0.00811	0.00535	0.00443	0.00134	0.00513	0.00401	0.00425	0.00726
6	0.00569	0.00454	0.00511	0.00509	0.00639	0.00396	0.00384	0.00714	0.01087	0.01388	0.27641	0.07693	0.51139	0.01083	0.00534	0.00152	0.00231	0.04046	0.00439	0.00392
7	0.01639	0.02065	0.01253	0.01138	0.01370	0.77800	0.00855	0.01820	0.05838	0.01139	0.00756	0.00856	0.00622	0.00469	0.00406	0.00117	0.00781	0.00301	0.00243	0.00529
8	0.00598	0.00456	0.00549	0.00526	0.00647	0.00407	0.00394	0.00776	0.01183	0.01597	0.55489	0.03665	0.30107	0.00988	0.00528	0.00144	0.00216	0.00854	0.00467	0.00407
9	0.00928	0.00795	0.00928	0.00663	0.01060	0.00596	0.00530	0.01126	0.00928	0.01458	0.00795	0.00928	0.00663	0.00331	0.00331	0.00066	0.00331	0.00265	0.00265	0.87014
10	0.00550	0.00401	0.00520	0.00612	0.00655	0.00371	0.00419	0.00637	0.00881	0.01157	0.02684	0.72358	0.11367	0.01366	0.00568	0.00179	0.00262	0.04232	0.00415	0.00367
11	0.00880	0.00765	0.00936	0.07125	0.13173	0.06138	0.00694	0.05442	0.05029	0.02953	0.22904	0.10719	0.15617	0.02864	0.00563	0.00153	0.02477	0.00693	0.00375	0.00501
12	0.01087	0.24909	0.20859	0.01233	0.09940	0.03736	0.09672	0.01392	0.02920	0.03435	0.00805	0.00954	0.00645	0.00412	0.00422	0.00119	0.03411	0.00332	0.00226	0.13490
13	0.08319	0.03948	0.15528	0.00978	0.01343	0.01182	0.00905	0.43038	0.07851	0.02204	0.01174	0.09398	0.00967	0.00595	0.00438	0.00141	0.00476	0.00467	0.00377	0.00671

[dist]
# distance from previous block
# <min> <max>
2	7

[block]
# block no. 12 follows, 58 sequences, length 18
# corresponding to MSA columns:
# 342-356,358-360
name=unknown_M
#
# <colnr> <probs for GDERKNQSTAVLIFYWHMCP>
#	G	D	E	R	K	N	Q	S	T	A	V	L	I	F	Y	W	H	M	C	P
0	0.02378	0.01048	0.03585	0.15389	0.53565	0.02229	0.04218	0.02492	0.01006	0.01431	0.00829	0.01095	0.00677	0.00404	0.00434	0.00131	0.00537	0.00386	0.00225	0.07939
1	0.01068	0.00564	0.00679	0.00592	0.00790	0.00501	0.00459	0.01246	0.03305	0.27464	0.14164	0.02920	0.31327	0.06260	0.00600	0.00161	0.00290	0.00697	0.06400	0.00513
2	0.00795	0.00821	0.07949	0.02977	0.14017	0.00739	0.05608	0.01872	0.00966	0.01331	0.11157	0.07243	0.11799	0.04540	0.10703	0.00238	0.07229	0.09210	0.00312	0.00491
3	0.00657	0.00487	0.00701	0.00694	0.00756	0.00563	0.00523	0.00779	0.00703	0.01005	0.01199	0.01907	0.01172	0.16233	0.64526	0.02999	0.03975	0.00501	0.00242	0.00376
4	0.01546	0.00829	0.00990	0.00820	0.01110	0.00841	0.00657	0.05202	0.31904	0.41062	0.03349	0.01608	0.01259	0.00579	0.00444	0.00141	0.00360	0.00475	0.06113	0.00711
5	0.01138	0.04151	0.01091	0.00776	0.01126	0.00829	0.00636	0.11990	0.01094	0.08277	0.00887	0.00994	0.00702	0.00423	0.00463	0.00095	0.08224	0.00310	0.00305	0.56489
6	0.00637	0.00518	0.00543	0.00517	0.00677	0.00466	0.00393	0.07265	0.01130	0.01399	0.11827	0.06207	0.64698	0.01069	0.00523	0.00149	0.00248	0.00895	0.00426	0.00414
7	0.00670	0.07408	0.00705	0.00636	0.00692	0.00509	0.00457	0.00704	0.00797	0.01050	0.01832	0.45792	0.02116	0.06580	0.04378	0.18394	0.00366	0.06237	0.00334	0.00345
8	0.01071	0.09876	0.38740	0.01298	0.04789	0.11105	0.14352	0.02879	0.01022	0.01382	0.00813	0.00977	0.00619	0.00415	0.00418	0.00129	0.00634	0.00351	0.02621	0.06509
9	0.01591	0.01904	0.01235	0.01109	0.01351	0.65327	0.00841	0.06955	0.12922	0.01320	0.00881	0.00950	0.00703	0.00487	0.00414	0.00122	0.00720	0.00327	0.00277	0.00562
10	0.01006	0.00930	0.01575	0.26581	0.15470	0.01009	0.18096	0.02546	0.13190	0.03642	0.01058	0.01313	0.00820	0.00685	0.06850	0.00191	0.01829	0.00451	0.02171	0.00590
11	0.00783	0.00422	0.00646	0.07458	0.00791	0.00439	0.00460	0.00629	0.00609	0.00807	0.00779	0.01346	0.00762	0.01462	0.01640	0.79759	0.00406	0.00389	0.00195	0.00219
12	0.18143	0.02358	0.04408	0.11475	0.10225	0.05683	0.00754	0.05543	0.05434	0.05525	0.04234	0.01325	0.02083	0.00498	0.00380	0.00130	0.00413	0.00392	0.20453	0.00543
13	0.04627	0.01131	0.01242	0.00971	0.01292	0.01249	0.00799	0.56403	0.06538	0.07907	0.01109	0.01124	0.00801	0.00544	0.00504	0.00136	0.06162	0.00399	0.01938	0.05124
14	0.00832	0.00684	0.00673	0.00631	0.00802	0.07335	0.00487	0.06384	0.03989	0.05769	0.14900	0.06640	0.42664	0.00971	0.00513	0.00149	0.00316	0.05384	0.00422	0.00456
15	0.00635	0.00462	0.00622	0.00622	0.00680	0.00504	0.00446	0.00738	0.00716	0.00992	0.01499	0.02329	0.06804	0.30660	0.49648	0.00583	0.00872	0.00569	0.00262	0.00354
16	0.03559	0.08278	0.14801	0.01007	0.01373	0.05797	0.04712	0.22383	0.11329	0.12726	0.02949	0.01238	0.00917	0.00703	0.06072	0.00175	0.00556	0.00406	0.00357	0.00661
17	0.26727	0.06502	0.10292	0.02107	0.09447	0.03637	0.00793	0.02219	0.03923	0.04367	0.00861	0.02081	0.00705	0.00486	0.01589	0.00130	0.01978	0.01689	0.00271	0.20194

[dist]
# distance from previous block
# <min> <max>
0	36

[block]
# block no. 13 follows, 58 sequences, length 19
# corresponding to MSA columns:
# 397-415
name=unknown_N
#
# <colnr> <probs for GDERKNQSTAVLIFYWHMCP>
#	G	D	E	R	K	N	Q	S	T	A	V	L	I	F	Y	W	H	M	C	P
0	0.22972	0.03414	0.08630	0.01119	0.07084	0.04596	0.09043	0.07857	0.09569	0.01665	0.03805	0.04721	0.00914	0.00587	0.01561	0.00155	0.11023	0.00422	0.00291	0.00572
1	0.10514	0.06495	0.02746	0.04720	0.07255	0.00970	0.13271	0.11381	0.06811	0.09325	0.01568	0.03733	0.09639	0.00684	0.02293	0.00159	0.00482	0.07025	0.00344	0.00585
2	0.06447	0.02053	0.02019	0.00684	0.01979	0.00566	0.05067	0.01809	0.05441	0.01341	0.06182	0.21586	0.37897	0.01077	0.02472	0.00170	0.00324	0.02068	0.00386	0.00433
3	0.01096	0.01051	0.05225	0.03102	0.04329	0.01044	0.21518	0.14194	0.23309	0.01757	0.03585	0.01924	0.03145	0.00621	0.00512	0.00155	0.01823	0.10627	0.00358	0.00625
4	0.00655	0.00435	0.00509	0.00509	0.00515	0.00441	0.00297	0.00659	0.00653	0.00876	0.01366	0.02773	0.01552	0.74698	0.08181	0.04224	0.00488	0.00626	0.00265	0.00277
5	0.02379	0.07603	0.13063	0.11318	0.16135	0.10318	0.07315	0.06668	0.02860	0.07059	0.02381	0.02398	0.01716	0.00531	0.01370	0.00145	0.04329	0.01536	0.00269	0.00609
6	0.00876	0.00481	0.00664	0.00631	0.00669	0.00496	0.00438	0.09122	0.00746	0.00997	0.00809	0.01329	0.00775	0.01445	0.01608	0.77646	0.00400	0.00390	0.00221	0.00255
7	0.10703	0.02749	0.01436	0.03158	0.06834	0.16164	0.14526	0.12940	0.09197	0.14534	0.01107	0.01222	0.00825	0.00492	0.00436	0.00137	0.00552	0.02014	0.00342	0.00633
8	0.00947	0.00813	0.00937	0.00689	0.01071	0.00652	0.00549	0.01261	0.09504	0.01502	0.00905	0.01007	0.00738	0.00361	0.00345	0.00075	0.00334	0.00291	0.00285	0.77733
9	0.01307	0.40695	0.01779	0.00994	0.05085	0.21762	0.03038	0.09855	0.01141	0.01304	0.03459	0.01063	0.02626	0.03624	0.00436	0.00124	0.00556	0.00335	0.00249	0.00567
10	0.00653	0.00451	0.00542	0.00592	0.03570	0.00448	0.00332	0.00674	0.00693	0.00927	0.01533	0.13977	0.01774	0.69743	0.01974	0.00388	0.00413	0.00726	0.00289	0.00300
11	0.03567	0.06769	0.05222	0.01735	0.34160	0.03716	0.08319	0.04516	0.09647	0.10505	0.03099	0.02434	0.01934	0.00487	0.00458	0.00137	0.01895	0.00435	0.00302	0.00663
12	0.05359	0.01000	0.01364	0.04529	0.18418	0.04022	0.08072	0.09406	0.16929	0.11967	0.02471	0.05141	0.01029	0.00603	0.01763	0.00155	0.06306	0.00475	0.00347	0.00645
13	0.10223	0.00806	0.01109	0.00919	0.01097	0.03013	0.11576	0.03741	0.04393	0.04495	0.35224	0.02039	0.02198	0.00711	0.00668	0.00152	0.16186	0.00577	0.00368	0.00504
14	0.02845	0.01034	0.11219	0.22486	0.05722	0.05479	0.03333	0.01187	0.04810	0.01233	0.04372	0.01303	0.00879	0.01013	0.12518	0.06031	0.13383	0.00417	0.00234	0.00504
15	0.01160	0.16960	0.14042	0.08307	0.28114	0.09697	0.04628	0.06216	0.02487	0.01403	0.00809	0.00994	0.00651	0.00420	0.00409	0.00127	0.00575	0.00352	0.00229	0.02421
16	0.05518	0.16403	0.13373	0.01129	0.06309	0.06128	0.06474	0.23035	0.03231	0.10734	0.02877	0.01087	0.00800	0.00475	0.00412	0.00130	0.00525	0.00374	0.00326	0.00661
17	0.18759	0.00910	0.00989	0.02302	0.05724	0.09595	0.05465	0.05010	0.02952	0.04425	0.12322	0.02116	0.15726	0.00702	0.00523	0.00147	0.06568	0.04918	0.00342	0.00506
18	0.00790	0.00620	0.00896	0.03092	0.04183	0.00660	0.05426	0.00953	0.03249	0.06173	0.03354	0.29779	0.12147	0.07080	0.06934	0.00229	0.11981	0.01660	0.00347	0.00447

[dist]
# distance from previous block
# <min> <max>
2	17

[block]
# block no. 14 follows, 58 sequences, length 26
# corresponding to MSA columns:
# 433-458
name=unknown_O
#
# <colnr> <probs for GDERKNQSTAVLIFYWHMCP>
#	G	D	E	R	K	N	Q	S	T	A	V	L	I	F	Y	W	H	M	C	P
0	0.06354	0.04204	0.11403	0.07777	0.03808	0.05108	0.02301	0.17363	0.06378	0.05615	0.08060	0.03885	0.02261	0.00538	0.00423	0.00129	0.00460	0.00435	0.01832	0.11666
1	0.10474	0.02273	0.04850	0.00984	0.05835	0.00904	0.02032	0.01093	0.02408	0.05490	0.02596	0.17883	0.06770	0.00894	0.02458	0.00180	0.26331	0.04640	0.01413	0.00492
2	0.02994	0.01303	0.01117	0.00991	0.01213	0.27330	0.01998	0.10333	0.28442	0.01581	0.02706	0.04438	0.01069	0.00817	0.07275	0.00188	0.04826	0.00446	0.00343	0.00592
3	0.01196	0.84548	0.02344	0.00765	0.01148	0.01770	0.00765	0.01339	0.00909	0.01052	0.00622	0.00718	0.00574	0.00383	0.00287	0.00096	0.00478	0.00239	0.00191	0.00574
4	0.29480	0.00937	0.00940	0.03499	0.02682	0.05749	0.00689	0.20394	0.01223	0.08908	0.01258	0.06780	0.01129	0.00661	0.00426	0.00150	0.00429	0.13736	0.00368	0.00563
5	0.02583	0.11853	0.04381	0.28486	0.07441	0.01035	0.00949	0.09341	0.01046	0.07617	0.04210	0.03823	0.02731	0.00720	0.04735	0.03324	0.04463	0.00435	0.00279	0.00550
6	0.00776	0.00508	0.00625	0.00584	0.00720	0.00480	0.00443	0.01030	0.06217	0.08203	0.46227	0.06839	0.13585	0.00959	0.03076	0.00159	0.00269	0.00755	0.08086	0.00458
