[name]
unknown

[dist]
# distance from previous block
# <min> <max>
0	77

[block]
# block no. 0 follows, 73 sequences, length 24
# corresponding to MSA columns:
# 77-100
name=unknown_A
#
# <colnr> <probs for GDERKNQSTAVLIFYWHMCP>
#	G	D	E	R	K	N	Q	S	T	A	V	L	I	F	Y	W	H	M	C	P
0	0.00986	0.18577	0.10598	0.00976	0.04231	0.08241	0.16756	0.15142	0.03667	0.02399	0.06784	0.02110	0.05029	0.00449	0.00369	0.00111	0.00456	0.02363	0.00251	0.00504
1	0.00762	0.01970	0.02560	0.05107	0.08710	0.05090	0.05551	0.07071	0.01599	0.02613	0.03133	0.07033	0.05781	0.18940	0.16379	0.00262	0.06330	0.00472	0.00241	0.00397
2	0.00636	0.00332	0.00495	0.00499	0.00504	0.00336	0.00337	0.00503	0.00506	0.00680	0.00733	0.04469	0.00744	0.01410	0.07647	0.79083	0.00372	0.00360	0.00173	0.00181
3	0.01946	0.03931	0.00763	0.00649	0.02834	0.00609	0.00496	0.12597	0.07168	0.20797	0.11787	0.17704	0.12339	0.00695	0.00406	0.00123	0.00283	0.02024	0.00374	0.02478
4	0.01008	0.04164	0.23536	0.03665	0.10714	0.10297	0.18038	0.16601	0.04537	0.01382	0.00805	0.00928	0.01824	0.00381	0.00377	0.00115	0.00523	0.00338	0.00225	0.00543
5	0.00745	0.00784	0.10847	0.13289	0.19103	0.00689	0.04710	0.00998	0.05497	0.04647	0.01284	0.12144	0.08917	0.00868	0.12027	0.00191	0.02073	0.00485	0.00241	0.00460
6	0.00464	0.00332	0.00442	0.00517	0.00546	0.00310	0.00349	0.00540	0.00752	0.01011	0.10082	0.78403	0.02585	0.01136	0.00475	0.00149	0.00214	0.01029	0.00355	0.00310
7	0.00967	0.54257	0.14184	0.06040	0.05144	0.02581	0.00801	0.06717	0.02292	0.01077	0.02498	0.00755	0.00578	0.00353	0.00290	0.00094	0.00431	0.00251	0.00186	0.00503
8	0.03160	0.01561	0.01058	0.00926	0.01144	0.61304	0.00711	0.19868	0.04549	0.01285	0.00689	0.00755	0.00543	0.00405	0.00346	0.00102	0.00594	0.00270	0.00243	0.00486
9	0.00810	0.00649	0.00759	0.00575	0.00868	0.00523	0.00461	0.06261	0.00857	0.04013	0.00995	0.05191	0.04934	0.00408	0.00317	0.00075	0.00284	0.04180	0.00258	0.67582
10	0.00899	0.00757	0.00811	0.00730	0.00927	0.00863	0.00566	0.05676	0.68533	0.01577	0.09586	0.04889	0.01408	0.00558	0.00391	0.00127	0.00288	0.00470	0.00383	0.00561
11	0.00487	0.00365	0.00490	0.00589	0.04538	0.00339	0.00382	0.00575	0.00776	0.01038	0.11579	0.65715	0.09590	0.01069	0.00467	0.00144	0.00221	0.00963	0.00348	0.00325
12	0.01332	0.01052	0.01050	0.00841	0.01114	0.09440	0.00680	0.54528	0.17455	0.05890	0.01013	0.00990	0.00733	0.00454	0.00372	0.00113	0.00410	0.00345	0.00361	0.01828
13	0.00666	0.01949	0.00618	0.03329	0.00715	0.00493	0.00425	0.08825	0.04303	0.03586	0.55064	0.02495	0.12653	0.00766	0.02342	0.00129	0.00243	0.00616	0.00384	0.00397
14	0.00462	0.00333	0.00430	0.00503	0.00536	0.00308	0.00338	0.00524	0.00724	0.00951	0.02205	0.73536	0.11439	0.02986	0.00530	0.02323	0.00220	0.01007	0.00341	0.00301
15	0.00778	0.00667	0.00778	0.00556	0.00889	0.00500	0.00445	0.00945	0.00778	0.01223	0.00667	0.00778	0.00556	0.00278	0.00278	0.00056	0.00278	0.00222	0.00222	0.89108
16	0.02271	0.00922	0.01063	0.05069	0.01097	0.10365	0.03956	0.18107	0.07936	0.01274	0.00767	0.01038	0.00665	0.07629	0.03614	0.00169	0.33005	0.00352	0.00238	0.00462
17	0.01003	0.87041	0.01966	0.00642	0.00963	0.01485	0.00642	0.01123	0.00762	0.00883	0.00522	0.00602	0.00481	0.00321	0.00241	0.00080	0.00401	0.00201	0.00160	0.00481
18	0.00552	0.00399	0.00525	0.00518	0.00548	0.00441	0.00359	0.00615	0.00572	0.00799	0.01076	0.01952	0.01139	0.45817	0.39289	0.00463	0.03968	0.00473	0.00213	0.00283
19	0.00626	0.00550	0.00629	0.00641	0.02816	0.06959	0.03773	0.03472	0.06017	0.01122	0.10631	0.43005	0.16483	0.00912	0.00444	0.00135	0.00278	0.00807	0.00336	0.00366
20	0.00751	0.00706	0.01073	0.56020	0.11493	0.02915	0.00918	0.01013	0.04727	0.01044	0.00856	0.04449	0.03036	0.00416	0.00371	0.00117	0.00447	0.00367	0.00198	0.09085
21	0.00878	0.00730	0.00842	0.03067	0.00982	0.00631	0.00509	0.12796	0.05870	0.01399	0.00752	0.00839	0.00601	0.00319	0.00301	0.00070	0.00305	0.00254	0.00252	0.68603
22	0.05444	0.03611	0.06927	0.00927	0.01181	0.02522	0.19209	0.08259	0.10510	0.14960	0.07755	0.05365	0.01022	0.02076	0.00496	0.00129	0.08374	0.00427	0.00296	0.00509
23	0.02438	0.10097	0.16254	0.03243	0.04066	0.19101	0.15672	0.06923	0.02111	0.05918	0.00728	0.00844	0.00558	0.00387	0.01330	0.00110	0.00521	0.00302	0.00216	0.09179

[dist]
# distance from previous block
# <min> <max>
7	36

[block]
# block no. 1 follows, 73 sequences, length 28
# corresponding to MSA columns:
# 138-165
name=unknown_B
#
# <colnr> <probs for GDERKNQSTAVLIFYWHMCP>
#	G	D	E	R	K	N	Q	S	T	A	V	L	I	F	Y	W	H	M	C	P
0	0.02192	0.21412	0.07664	0.02134	0.09388	0.04013	0.02646	0.13885	0.03863	0.14511	0.03782	0.02105	0.02852	0.00416	0.00338	0.00103	0.00393	0.00330	0.00275	0.07700
1	0.00597	0.02461	0.00583	0.00542	0.00604	0.00487	0.00391	0.00747	0.06581	0.02178	0.01106	0.01820	0.01105	0.34644	0.44012	0.00457	0.00684	0.00453	0.00227	0.00321
2	0.00883	0.03867	0.01610	0.00694	0.02058	0.02843	0.01911	0.04565	0.28141	0.06798	0.09551	0.04496	0.25430	0.03003	0.00473	0.00141	0.00311	0.00572	0.00374	0.02280
3	0.00861	0.00527	0.00666	0.05847	0.00836	0.00523	0.00472	0.02503	0.13650	0.19950	0.26216	0.11139	0.08872	0.04749	0.01357	0.00140	0.00274	0.00587	0.00381	0.00448
4	0.20849	0.00577	0.00657	0.00607	0.02939	0.00580	0.00453	0.03637	0.05819	0.22295	0.13439	0.15496	0.03993	0.05050	0.00450	0.00135	0.00278	0.00515	0.00351	0.01881
5	0.00476	0.00347	0.00451	0.00526	0.00559	0.00329	0.00356	0.00582	0.03773	0.00996	0.04236	0.79087	0.04611	0.01134	0.00473	0.00150	0.00219	0.01026	0.00351	0.00317
6	0.01459	0.00759	0.00914	0.00724	0.00997	0.00760	0.00590	0.20379	0.17226	0.48143	0.01352	0.01218	0.00905	0.00469	0.00375	0.00117	0.00333	0.00377	0.02279	0.00624
7	0.00844	0.00469	0.00598	0.00533	0.00677	0.00433	0.00410	0.02461	0.04384	0.22307	0.41449	0.10585	0.08661	0.00717	0.00420	0.00121	0.00227	0.00621	0.03650	0.00432
8	0.00592	0.00348	0.00466	0.00470	0.00477	0.00353	0.00302	0.00529	0.00531	0.00714	0.00950	0.05284	0.01032	0.34659	0.09278	0.42760	0.00398	0.00449	0.00199	0.00210
9	0.06124	0.00671	0.00814	0.00656	0.00902	0.00652	0.00531	0.13730	0.07770	0.46850	0.07255	0.04499	0.03578	0.00520	0.00376	0.00117	0.00307	0.00423	0.03656	0.00570
10	0.01238	0.00743	0.00864	0.00706	0.00946	0.00767	0.00567	0.23730	0.20025	0.29121	0.09636	0.03740	0.05119	0.00542	0.00390	0.00119	0.00317	0.00445	0.00408	0.00576
11	0.00457	0.00333	0.00429	0.00505	0.00538	0.00307	0.00339	0.00525	0.00729	0.00959	0.02232	0.76188	0.11061	0.02844	0.00503	0.00154	0.00218	0.01027	0.00346	0.00304
12	0.00512	0.00392	0.00461	0.00466	0.00560	0.00357	0.00346	0.02808	0.00904	0.01180	0.26761	0.18374	0.35387	0.04071	0.00506	0.00140	0.00213	0.05865	0.00363	0.00333
13	0.00548	0.00394	0.00550	0.00552	0.00604	0.00443	0.00409	0.00655	0.00609	0.00881	0.01096	0.05745	0.01089	0.18572	0.58870	0.00497	0.02015	0.00457	0.05698	0.00315
14	0.00717	0.00675	0.01141	0.82703	0.05728	0.00836	0.01046	0.00966	0.00754	0.00969	0.00668	0.00997	0.00504	0.00374	0.00375	0.00125	0.00498	0.00333	0.00167	0.00424
15	0.00495	0.00352	0.00466	0.00534	0.00568	0.00339	0.00373	0.00584	0.01940	0.00984	0.05880	0.62584	0.02313	0.07375	0.03707	0.01666	0.00271	0.08926	0.00334	0.00308
16	0.01024	0.00843	0.00890	0.00773	0.00999	0.00964	0.00609	0.17904	0.65617	0.01721	0.01397	0.01302	0.01041	0.00496	0.00377	0.00123	0.00317	0.00405	0.02602	0.00596
17	0.83358	0.04766	0.00625	0.00504	0.00742	0.00865	0.00421	0.01120	0.00654	0.03504	0.00544	0.00624	0.00422	0.00350	0.00236	0.00114	0.00296	0.00207	0.00234	0.00415
18	0.01000	0.75629	0.09151	0.00694	0.01030	0.05357	0.00711	0.01147	0.00779	0.00911	0.00538	0.00622	0.00481	0.00327	0.00255	0.00084	0.00427	0.00209	0.00162	0.00486
19	0.00974	0.46473	0.30958	0.00817	0.01214	0.04012	0.00908	0.06257	0.00854	0.03543	0.00628	0.00709	0.00502	0.00348	0.00297	0.00097	0.00463	0.00243	0.00183	0.00520
20	0.00982	0.79941	0.08882	0.00678	0.01018	0.01433	0.00704	0.01129	0.00765	0.00908	0.00534	0.00618	0.00481	0.00324	0.00250	0.00083	0.00414	0.00207	0.00160	0.00488
21	0.00463	0.00380	0.00408	0.00407	0.00523	0.00325	0.00306	0.00573	0.00888	0.01102	0.18183	0.06042	0.65654	0.00926	0.00446	0.00127	0.00192	0.02373	0.00360	0.00324
22	0.00638	0.00418	0.00529	0.00496	0.00605	0.00389	0.00373	0.00834	0.04694	0.08664	0.56444	0.10671	0.10328	0.00778	0.00434	0.00122	0.00200	0.00681	0.02323	0.00381
23	0.00471	0.00358	0.00436	0.00479	0.00548	0.00323	0.00344	0.00567	0.00817	0.01057	0.13181	0.43031	0.29931	0.01039	0.00465	0.00141	0.00211	0.05927	0.00356	0.00318
24	0.13823	0.00540	0.00663	0.00606	0.00751	0.00575	0.00474	0.08626	0.00819	0.16437	0.01181	0.14564	0.01081	0.03352	0.34419	0.00322	0.00583	0.00469	0.00293	0.00422
25	0.00869	0.00635	0.00708	0.00628	0.00808	0.00667	0.00488	0.11144	0.30851	0.09302	0.15076	0.08357	0.17548	0.00674	0.00409	0.00125	0.00267	0.00569	0.00385	0.00490
26	0.01096	0.31550	0.01490	0.09541	0.11635	0.14869	0.04846	0.10002	0.05489	0.05085	0.00721	0.00822	0.00576	0.00369	0.00325	0.00101	0.00465	0.00284	0.00220	0.00513
27	0.12302	0.20888	0.08575	0.00758	0.03047	0.12004	0.00658	0.09903	0.07647	0.09144	0.01007	0.06039	0.04473	0.00459	0.00328	0.00108	0.00400	0.00345	0.01419	0.00496

[dist]
# distance from previous block
# <min> <max>
0	7

[block]
# block no. 2 follows, 73 sequences, length 10
# corresponding to MSA columns:
# 173-182
name=unknown_C
#
# <colnr> <probs for GDERKNQSTAVLIFYWHMCP>
#	G	D	E	R	K	N	Q	S	T	A	V	L	I	F	Y	W	H	M	C	P
0	0.03374	0.05154	0.14857	0.04440	0.01234	0.20409	0.06938	0.05578	0.00926	0.07206	0.03866	0.00892	0.00659	0.00382	0.00373	0.00100	0.03733	0.00294	0.00228	0.19358
1	0.05024	0.00575	0.00840	0.15848	0.21684	0.00612	0.00641	0.00833	0.01964	0.00998	0.03171	0.04555	0.01085	0.34261	0.03118	0.00229	0.00409	0.03554	0.00222	0.00379
2	0.00533	0.00395	0.00468	0.00455	0.00560	0.00355	0.00339	0.00690	0.03094	0.03601	0.40916	0.11399	0.34094	0.00862	0.00443	0.00125	0.00193	0.00745	0.00383	0.00349
3	0.00583	0.00412	0.00496	0.00507	0.00593	0.00387	0.00365	0.04969	0.02483	0.04652	0.14834	0.38884	0.22036	0.05013	0.00521	0.00147	0.00230	0.02178	0.00359	0.00349
4	0.00728	0.00686	0.01160	0.78672	0.09676	0.00839	0.01051	0.00975	0.00759	0.00982	0.00670	0.00994	0.00508	0.00372	0.00375	0.00124	0.00495	0.00333	0.00168	0.00432
5	0.00670	0.00463	0.00604	0.00562	0.00645	0.00454	0.04675	0.04639	0.04461	0.06406	0.09195	0.21737	0.05656	0.34973	0.01025	0.00226	0.00315	0.02645	0.00308	0.00341
6	0.01159	0.01032	0.03685	0.03264	0.01098	0.20506	0.02967	0.08072	0.27713	0.15252	0.01154	0.05549	0.00894	0.00476	0.00370	0.00114	0.00417	0.00382	0.00321	0.05575
7	0.00477	0.00375	0.00430	0.00439	0.00536	0.00331	0.00325	0.00590	0.00881	0.01127	0.23704	0.15391	0.46370	0.02996	0.00487	0.00136	0.00202	0.04519	0.00362	0.00324
8	0.00997	0.09021	0.03767	0.00944	0.01235	0.03932	0.22252	0.10168	0.20110	0.07576	0.02580	0.03612	0.03560	0.00440	0.00378	0.00113	0.00421	0.00402	0.00287	0.08205
9	0.13083	0.00801	0.03600	0.00661	0.02915	0.05053	0.00533	0.06216	0.00877	0.12734	0.00769	0.00829	0.00586	0.00333	0.00299	0.00081	0.00328	0.00253	0.00262	0.49786

[dist]
# distance from previous block
# <min> <max>
2	3

[block]
# block no. 3 follows, 73 sequences, length 18
# corresponding to MSA columns:
# 186-203
name=unknown_D
#
# <colnr> <probs for GDERKNQSTAVLIFYWHMCP>
#	G	D	E	R	K	N	Q	S	T	A	V	L	I	F	Y	W	H	M	C	P
0	0.01099	0.00880	0.00955	0.00859	0.05642	0.03711	0.00644	0.28384	0.38018	0.04646	0.03590	0.04783	0.01023	0.00502	0.00380	0.00118	0.00349	0.00411	0.00359	0.03645
1	0.00540	0.00361	0.00411	0.00417	0.00418	0.00360	0.00236	0.00544	0.00557	0.00743	0.01242	0.08163	0.01440	0.81004	0.01812	0.00349	0.00354	0.00581	0.00236	0.00233
2	0.08396	0.03684	0.06131	0.00956	0.06464	0.05014	0.15232	0.10444	0.08441	0.17485	0.07531	0.02558	0.05056	0.00466	0.00379	0.00117	0.00404	0.00407	0.00309	0.00526
3	0.02885	0.23170	0.32032	0.01114	0.05575	0.01048	0.20436	0.01178	0.00805	0.03664	0.00670	0.00814	0.00518	0.00353	0.00384	0.00112	0.04239	0.00303	0.00179	0.00519
4	0.00532	0.00352	0.00462	0.00517	0.00556	0.00329	0.00352	0.00607	0.00753	0.04804	0.09528	0.64945	0.02392	0.09457	0.00611	0.00169	0.00236	0.02733	0.00348	0.00318
5	0.00637	0.00485	0.03130	0.04420	0.00766	0.00473	0.01587	0.02290	0.03509	0.05354	0.10913	0.13926	0.09022	0.02672	0.30722	0.00298	0.00529	0.00553	0.08341	0.00373
6	0.01106	0.13050	0.14158	0.01210	0.21768	0.06047	0.03201	0.11120	0.09017	0.13339	0.00881	0.00941	0.00658	0.00392	0.00364	0.00111	0.01487	0.00320	0.00260	0.00570
7	0.01003	0.00873	0.05001	0.05243	0.13318	0.03255	0.13484	0.14384	0.13200	0.09947	0.08907	0.04117	0.03008	0.00521	0.01922	0.00128	0.00420	0.00432	0.00303	0.00534
8	0.00563	0.00399	0.00488	0.00464	0.00571	0.00361	0.00348	0.00727	0.02640	0.05128	0.51906	0.07743	0.25618	0.00822	0.00441	0.00122	0.00192	0.00713	0.00393	0.00359
9	0.04022	0.02539	0.06900	0.08116	0.11494	0.03759	0.01975	0.18153	0.14267	0.08403	0.06292	0.05922	0.00996	0.01420	0.00407	0.00121	0.02020	0.00405	0.02258	0.00530
10	0.03082	0.04694	0.26614	0.06265	0.15151	0.07863	0.08668	0.10918	0.04613	0.03509	0.01685	0.00902	0.00600	0.00387	0.00394	0.00116	0.03462	0.00320	0.00218	0.00539
11	0.01772	0.01345	0.42817	0.01073	0.09017	0.02163	0.06966	0.06162	0.05073	0.04668	0.01012	0.08356	0.03520	0.03867	0.00440	0.00131	0.00470	0.00403	0.00227	0.00520
12	0.00542	0.00509	0.07132	0.02188	0.00697	0.00435	0.00464	0.02462	0.00724	0.00986	0.05602	0.30373	0.09435	0.11998	0.24375	0.00296	0.00487	0.00680	0.00278	0.00336
13	0.02141	0.06789	0.21174	0.04823	0.03428	0.15525	0.08582	0.03418	0.08362	0.13546	0.03241	0.03901	0.00783	0.00476	0.02069	0.00124	0.00490	0.00355	0.00255	0.00517
14	0.06106	0.02869	0.18992	0.04693	0.06667	0.10800	0.06856	0.07617	0.07408	0.12232	0.00938	0.01070	0.02330	0.04037	0.02174	0.03642	0.00470	0.00341	0.00253	0.00506
15	0.07757	0.00780	0.00772	0.00683	0.00853	0.15221	0.03747	0.06627	0.06800	0.14807	0.11474	0.18431	0.04775	0.03479	0.00441	0.00129	0.00352	0.00540	0.01887	0.00444
16	0.00964	0.01728	0.11925	0.01948	0.08669	0.02372	0.11201	0.08088	0.03757	0.16781	0.07311	0.11975	0.04433	0.00617	0.03194	0.00136	0.00411	0.00482	0.00302	0.03708
17	0.01167	0.06778	0.09405	0.03657	0.11651	0.06565	0.05376	0.24326	0.06465	0.13517	0.00963	0.01013	0.02267	0.00463	0.01874	0.00122	0.02148	0.00341	0.00291	0.01614

[dist]
# distance from previous block
# <min> <max>
11	24

[block]
# block no. 4 follows, 73 sequences, length 13
# corresponding to MSA columns:
# 229-241
name=unknown_E
#
# <colnr> <probs for GDERKNQSTAVLIFYWHMCP>
#	G	D	E	R	K	N	Q	S	T	A	V	L	I	F	Y	W	H	M	C	P
0	0.00933	0.00726	0.03491	0.01831	0.03304	0.04416	0.01706	0.02628	0.11654	0.15575	0.01249	0.06639	0.06397	0.00707	0.08339	0.00150	0.03355	0.00401	0.01244	0.25255
1	0.05243	0.00689	0.00784	0.00573	0.00891	0.00562	0.00460	0.07090	0.00854	0.01340	0.03400	0.00845	0.00652	0.00310	0.00288	0.00065	0.00285	0.00245	0.00240	0.75185
2	0.08227	0.00943	0.07236	0.03638	0.05256	0.04448	0.27401	0.04971	0.08748	0.07523	0.02789	0.05839	0.00799	0.00438	0.00432	0.00121	0.05127	0.00405	0.00252	0.05408
3	0.00488	0.00356	0.00455	0.00506	0.00550	0.00330	0.00340	0.00556	0.00704	0.00945	0.01940	0.63852	0.06753	0.11333	0.03892	0.00188	0.00267	0.00916	0.00321	0.05307
4	0.00545	0.00367	0.00426	0.00426	0.00432	0.00373	0.00249	0.00557	0.00551	0.00740	0.01166	0.02368	0.01326	0.79338	0.09334	0.00385	0.00421	0.00533	0.00225	0.00237
5	0.00832	0.00749	0.01151	0.48215	0.20058	0.00866	0.00961	0.06371	0.12057	0.01202	0.00823	0.01044	0.00630	0.00391	0.00372	0.00120	0.00446	0.00347	0.02872	0.00491
6	0.00589	0.00461	0.00597	0.00584	0.00680	0.00457	0.04258	0.03186	0.12127	0.01197	0.15566	0.41876	0.10906	0.02569	0.00473	0.00140	0.00245	0.00805	0.02911	0.00372
7	0.26905	0.00788	0.00822	0.00682	0.00921	0.00852	0.00556	0.34369	0.01179	0.14448	0.01054	0.10135	0.00882	0.00527	0.00352	0.00121	0.00339	0.04204	0.00343	0.00522
8	0.02183	0.00376	0.00444	0.00441	0.00480	0.00379	0.00289	0.00628	0.00675	0.00967	0.14400	0.04717	0.04273	0.47646	0.11548	0.00308	0.00382	0.00546	0.09034	0.00281
9	0.06367	0.00639	0.02889	0.00830	0.01016	0.00596	0.22503	0.03477	0.02432	0.05966	0.18050	0.26722	0.04478	0.00704	0.00441	0.00131	0.01370	0.00658	0.00313	0.00417
10	0.00864	0.03033	0.03340	0.02410	0.04788	0.04263	0.09040	0.10671	0.11630	0.01239	0.01067	0.12141	0.02746	0.02092	0.04116	0.00154	0.19288	0.01973	0.00258	0.04887
11	0.09326	0.20589	0.08234	0.05020	0.01150	0.12312	0.03655	0.11739	0.00976	0.14857	0.00806	0.02759	0.00621	0.00394	0.00324	0.00103	0.00430	0.00295	0.00258	0.06152
12	0.09293	0.03323	0.06165	0.09488	0.04164	0.09611	0.18301	0.14182	0.02259	0.08202	0.06093	0.01024	0.00767	0.00406	0.00387	0.00115	0.02248	0.00352	0.00258	0.03361

[dist]
# distance from previous block
# <min> <max>
2	12

[block]
# block no. 5 follows, 73 sequences, length 12
# corresponding to MSA columns:
# 254-265
name=unknown_F
#
# <colnr> <probs for GDERKNQSTAVLIFYWHMCP>
#	G	D	E	R	K	N	Q	S	T	A	V	L	I	F	Y	W	H	M	C	P
0	0.05001	0.00484	0.03831	0.00513	0.00615	0.00438	0.00389	0.00796	0.00763	0.10374	0.20069	0.04146	0.05553	0.31191	0.13975	0.00280	0.00407	0.00531	0.00298	0.00346
1	0.00873	0.03752	0.13260	0.09358	0.31288	0.05849	0.07310	0.01149	0.04731	0.02933	0.03281	0.01025	0.00705	0.00592	0.07863	0.00157	0.02773	0.00343	0.00204	0.02552
2	0.33736	0.00803	0.00797	0.00696	0.00869	0.06090	0.00562	0.07776	0.11332	0.01408	0.00745	0.00892	0.00613	0.00738	0.10969	0.00182	0.16492	0.00293	0.00243	0.04764
3	0.01083	0.00931	0.01206	0.08705	0.01308	0.05016	0.12335	0.38024	0.01226	0.01642	0.04915	0.06429	0.00844	0.00515	0.00528	0.00126	0.13950	0.00409	0.00288	0.00519
4	0.00672	0.00605	0.00811	0.06713	0.04935	0.03902	0.07874	0.00892	0.06554	0.01187	0.17095	0.18989	0.12006	0.00669	0.00406	0.00116	0.00308	0.00598	0.00301	0.15369
5	0.00684	0.00577	0.00761	0.19322	0.07753	0.02545	0.00598	0.04174	0.10324	0.01103	0.05609	0.21800	0.06665	0.14055	0.00648	0.00167	0.00346	0.02193	0.00281	0.00394
6	0.01023	0.77090	0.07156	0.00670	0.01004	0.01396	0.00684	0.01165	0.00781	0.05331	0.00582	0.00650	0.00505	0.00331	0.00255	0.00085	0.00407	0.00215	0.00176	0.00494
7	0.00544	0.00373	0.00464	0.00503	0.00569	0.00348	0.00359	0.00661	0.02790	0.04174	0.10369	0.47082	0.15248	0.04667	0.00516	0.00150	0.00227	0.05836	0.04788	0.00332
8	0.03620	0.00615	0.00748	0.00622	0.00831	0.00598	0.00495	0.14798	0.04279	0.36127	0.11948	0.11460	0.03373	0.00591	0.00385	0.00118	0.00287	0.00494	0.08085	0.00522
9	0.00489	0.00353	0.00445	0.00478	0.00531	0.00326	0.00330	0.00577	0.00812	0.01090	0.25097	0.42235	0.14027	0.08097	0.00611	0.02768	0.00218	0.00855	0.00351	0.00310
10	0.00870	0.00857	0.00798	0.06094	0.00927	0.22114	0.02797	0.07500	0.03928	0.01025	0.02832	0.03381	0.05021	0.25235	0.11387	0.00246	0.03943	0.00431	0.00238	0.00375
11	0.02515	0.00439	0.00609	0.01592	0.00684	0.00430	0.05603	0.00751	0.05520	0.03675	0.15144	0.34832	0.03856	0.13456	0.01727	0.04875	0.00288	0.02381	0.01283	0.00339

[dist]
# distance from previous block
# <min> <max>
3	21

[block]
# block no. 6 follows, 73 sequences, length 19
# corresponding to MSA columns:
# 287-305
name=unknown_G
#
# <colnr> <probs for GDERKNQSTAVLIFYWHMCP>
#	G	D	E	R	K	N	Q	S	T	A	V	L	I	F	Y	W	H	M	C	P
0	0.01138	0.02954	0.02985	0.04773	0.28617	0.03680	0.02280	0.37055	0.07599	0.01713	0.00878	0.03069	0.00690	0.00422	0.00374	0.00114	0.00428	0.00356	0.00286	0.00589
1	0.00982	0.10450	0.14739	0.05473	0.17347	0.08664	0.04234	0.10908	0.05399	0.03126	0.00770	0.02877	0.00629	0.00469	0.02149	0.00125	0.09102	0.00329	0.00220	0.02006
2	0.00971	0.25344	0.30487	0.02554	0.02803	0.03673	0.05239	0.09560	0.04822	0.06133	0.00846	0.02603	0.02596	0.00399	0.00338	0.00108	0.00461	0.00313	0.00221	0.00530
3	0.00709	0.00667	0.01125	0.85913	0.02584	0.00834	0.01042	0.00959	0.00750	0.00959	0.00667	0.01000	0.00500	0.00375	0.00375	0.00125	0.00500	0.00333	0.00167	0.00417
4	0.00465	0.00383	0.00411	0.00422	0.00538	0.00330	0.00323	0.00571	0.00862	0.01050	0.08193	0.07267	0.68083	0.00958	0.00452	0.00132	0.00206	0.08683	0.00352	0.00321
5	0.02497	0.08241	0.10040	0.00901	0.05530	0.06073	0.08662	0.15138	0.05652	0.10519	0.15703	0.02776	0.03420	0.00496	0.00402	0.00115	0.02605	0.00415	0.00302	0.00512
6	0.00630	0.00539	0.03329	0.00498	0.00642	0.03821	0.00395	0.04476	0.02161	0.05435	0.08043	0.04621	0.50293	0.06997	0.04382	0.00163	0.00293	0.02587	0.00332	0.00362
7	0.00491	0.00351	0.00441	0.00490	0.00526	0.00331	0.00331	0.00560	0.00730	0.00969	0.09291	0.48376	0.09265	0.20316	0.00796	0.00196	0.00252	0.05666	0.00327	0.00295
8	0.21069	0.00695	0.00772	0.01725	0.00892	0.00719	0.00522	0.15881	0.06842	0.29921	0.03922	0.06460	0.02504	0.01968	0.00381	0.00124	0.00315	0.02337	0.02427	0.00524
9	0.00941	0.23778	0.41858	0.00955	0.02744	0.05423	0.05004	0.08860	0.00896	0.03164	0.00686	0.00810	0.00530	0.02370	0.00368	0.00113	0.00500	0.00279	0.00192	0.00530
10	0.00879	0.01060	0.06502	0.01555	0.01943	0.00945	0.78872	0.01201	0.00881	0.01201	0.00755	0.01001	0.00564	0.00318	0.00438	0.00126	0.00628	0.00434	0.00188	0.00509
11	0.00507	0.00361	0.00419	0.00436	0.00470	0.00346	0.00276	0.00550	0.00663	0.00866	0.05338	0.20046	0.17309	0.46661	0.03914	0.00273	0.00313	0.00701	0.00282	0.00269
12	0.01005	0.00867	0.04062	0.02175	0.01033	0.10992	0.07535	0.08535	0.22039	0.12478	0.06598	0.05953	0.05365	0.03730	0.05773	0.00159	0.00427	0.00455	0.00323	0.00499
13	0.02229	0.00952	0.03433	0.03097	0.07215	0.03862	0.48004	0.03929	0.02812	0.11424	0.01903	0.03816	0.00717	0.00398	0.00454	0.00125	0.04449	0.00425	0.00240	0.00517
14	0.00532	0.00364	0.00435	0.00449	0.00471	0.00362	0.00283	0.00573	0.00627	0.00849	0.05578	0.15484	0.04742	0.55451	0.08022	0.00318	0.00371	0.02457	0.02371	0.00263
15	0.00602	0.00415	0.00492	0.00492	0.00591	0.00388	0.00357	0.00771	0.06939	0.07398	0.14063	0.27605	0.27883	0.06155	0.02530	0.00157	0.00243	0.00768	0.01794	0.00359
16	0.03017	0.05289	0.06988	0.00841	0.03284	0.03265	0.02633	0.32258	0.13661	0.17833	0.05070	0.02315	0.00904	0.00464	0.00371	0.00115	0.00384	0.00371	0.00351	0.00585
17	0.02424	0.00874	0.06431	0.02551	0.05967	0.06570	0.07541	0.10164	0.08119	0.29928	0.02509	0.09655	0.02257	0.00519	0.00411	0.00121	0.02636	0.00439	0.00339	0.00545
18	0.02561	0.02153	0.00592	0.00509	0.00649	0.01544	0.00395	0.03479	0.01031	0.13822	0.50031	0.03979	0.16344	0.00727	0.00422	0.00119	0.00222	0.00624	0.00396	0.00403

[dist]
# distance from previous block
# <min> <max>
1	6

[block]
# block no. 7 follows, 73 sequences, length 13
# corresponding to MSA columns:
# 312-324
name=unknown_H
#
# <colnr> <probs for GDERKNQSTAVLIFYWHMCP>
#	G	D	E	R	K	N	Q	S	T	A	V	L	I	F	Y	W	H	M	C	P
0	0.01207	0.12241	0.05905	0.00940	0.05688	0.09931	0.04097	0.35687	0.11247	0.05147	0.00903	0.02449	0.00691	0.00434	0.00371	0.00111	0.01746	0.00336	0.00299	0.00569
1	0.00904	0.03673	0.11593	0.02373	0.02215	0.02206	0.08867	0.07581	0.13574	0.11926	0.09638	0.08867	0.09777	0.00572	0.00393	0.00121	0.00356	0.00496	0.04377	0.00491
2	0.04514	0.04712	0.12264	0.03143	0.05259	0.00623	0.03804	0.03223	0.03572	0.07363	0.14162	0.06698	0.11429	0.00588	0.01585	0.00118	0.00329	0.00470	0.07931	0.08211
3	0.00540	0.00394	0.00437	0.00421	0.00542	0.00340	0.00315	0.00651	0.00897	0.06110	0.20406	0.05419	0.57218	0.04034	0.00494	0.00134	0.00202	0.00741	0.00364	0.00340
4	0.21318	0.00754	0.00765	0.00675	0.00889	0.00856	0.00534	0.07584	0.46017	0.06217	0.01208	0.01178	0.00908	0.00567	0.04236	0.00143	0.00331	0.00360	0.04927	0.00532
5	0.03233	0.01040	0.08864	0.01641	0.43391	0.07477	0.05871	0.06653	0.04057	0.05369	0.02154	0.00950	0.00651	0.00391	0.00432	0.00117	0.06597	0.00336	0.00221	0.00556
6	0.02320	0.00402	0.00476	0.00466	0.00573	0.00367	0.00354	0.00698	0.02477	0.03242	0.40824	0.08371	0.31715	0.00853	0.00443	0.00126	0.00202	0.05363	0.00379	0.00349
7	0.01309	0.06839	0.01122	0.00836	0.01115	0.19549	0.00679	0.48598	0.04288	0.01804	0.00803	0.00837	0.00603	0.00412	0.00348	0.00102	0.00452	0.00299	0.00306	0.09701
8	0.00470	0.00333	0.00433	0.00512	0.00543	0.00310	0.00348	0.00544	0.00732	0.00983	0.02120	0.76677	0.06648	0.01129	0.00469	0.00149	0.00218	0.02993	0.04081	0.00308
9	0.00479	0.00380	0.00433	0.00447	0.00544	0.00338	0.00330	0.00605	0.02543	0.01109	0.18366	0.21457	0.46706	0.00959	0.00452	0.00132	0.00202	0.03831	0.00361	0.00328
10	0.00978	0.00828	0.00874	0.00773	0.00993	0.00954	0.00605	0.09382	0.76335	0.01642	0.01470	0.01354	0.01099	0.00504	0.00381	0.00126	0.00307	0.00416	0.00381	0.00598
11	0.01068	0.09383	0.13496	0.00961	0.07960	0.05959	0.05691	0.11157	0.03881	0.08129	0.00840	0.00940	0.00652	0.00390	0.00356	0.00104	0.00430	0.00305	0.00264	0.28034
12	0.06102	0.03277	0.05904	0.04423	0.02386	0.01944	0.05126	0.40519	0.04338	0.10311	0.02427	0.05662	0.00823	0.02590	0.00408	0.00122	0.00398	0.00385	0.02298	0.00556

[dist]
# distance from previous block
# <min> <max>
0	3

[block]
# block no. 8 follows, 73 sequences, length 41
# corresponding to MSA columns:
# 328-368
name=unknown_I
#
# <colnr> <probs for GDERKNQSTAVLIFYWHMCP>
#	G	D	E	R	K	N	Q	S	T	A	V	L	I	F	Y	W	H	M	C	P
0	0.04322	0.00949	0.10880	0.10668	0.26689	0.03610	0.03443	0.09294	0.07330	0.09522	0.01021	0.06638	0.03073	0.00453	0.00377	0.00119	0.00423	0.00395	0.00259	0.00537
1	0.06596	0.09220	0.03944	0.05078	0.13696	0.06936	0.03366	0.25296	0.06861	0.12476	0.00878	0.00930	0.00648	0.00409	0.00369	0.00112	0.02011	0.00321	0.00290	0.00563
2	0.00784	0.01468	0.00792	0.01868	0.02256	0.06094	0.08002	0.03183	0.02919	0.09925	0.21331	0.10663	0.18242	0.02869	0.00495	0.00129	0.04521	0.00596	0.03452	0.00410
3	0.00456	0.00337	0.00427	0.00496	0.00538	0.00308	0.00337	0.00530	0.00750	0.00980	0.04303	0.70121	0.16791	0.01126	0.00472	0.00147	0.00212	0.01009	0.00350	0.00308
4	0.00773	0.00661	0.00770	0.00553	0.00879	0.00497	0.00440	0.00936	0.00773	0.01212	0.00677	0.00812	0.00572	0.02057	0.00311	0.00062	0.00280	0.00229	0.00222	0.87281
5	0.01045	0.70382	0.01766	0.00688	0.00978	0.14599	0.00644	0.01160	0.00808	0.00891	0.00589	0.03861	0.00557	0.00364	0.00265	0.00086	0.00438	0.00240	0.00173	0.00467
6	0.00778	0.00667	0.00778	0.00556	0.00889	0.00500	0.00445	0.00945	0.00778	0.01223	0.00667	0.00778	0.00556	0.00278	0.00278	0.00056	0.00278	0.00222	0.00222	0.89108
7	0.00917	0.00798	0.00922	0.06265	0.08595	0.00912	0.00668	0.03432	0.67158	0.01514	0.03683	0.01361	0.01111	0.00491	0.00382	0.00125	0.00322	0.00416	0.00351	0.00577
8	0.01053	0.01585	0.01790	0.08633	0.08907	0.03895	0.02857	0.07406	0.09574	0.24760	0.04450	0.12277	0.08017	0.00593	0.00400	0.00123	0.00350	0.02478	0.00343	0.00510
9	0.01174	0.51609	0.01588	0.00771	0.01041	0.34767	0.00673	0.01285	0.00887	0.02415	0.00562	0.00644	0.00490	0.00350	0.00282	0.00087	0.00509	0.00220	0.00179	0.00466
10	0.00457	0.00326	0.00435	0.00522	0.00544	0.00305	0.00348	0.00522	0.00718	0.00958	0.02068	0.86570	0.02481	0.01175	0.00479	0.00152	0.00218	0.01067	0.00348	0.00305
11	0.32115	0.41156	0.01308	0.00643	0.00887	0.03168	0.00580	0.01132	0.03875	0.01194	0.00558	0.00663	0.00482	0.00379	0.00363	0.00105	0.10522	0.00226	0.00195	0.00450
12	0.00652	0.00326	0.00489	0.00489	0.00489	0.00326	0.00326	0.00489	0.00489	0.00652	0.00652	0.01140	0.00652	0.01303	0.01466	0.89084	0.00326	0.00326	0.00163	0.00163
13	0.09721	0.03987	0.00836	0.00655	0.00875	0.05618	0.00530	0.32079	0.06699	0.07131	0.01969	0.01065	0.00776	0.00435	0.00323	0.00104	0.00331	0.00328	0.24924	0.01613
14	0.39334	0.22067	0.04734	0.02479	0.04091	0.13825	0.04877	0.02766	0.00785	0.01307	0.00567	0.00672	0.00461	0.00348	0.00277	0.00105	0.00417	0.00234	0.00203	0.00452
15	0.00542	0.00377	0.00476	0.00476	0.00499	0.00400	0.00311	0.00589	0.00565	0.00777	0.01121	0.02116	0.01217	0.57787	0.30736	0.00446	0.00585	0.00496	0.00218	0.00265
16	0.00739	0.00605	0.00969	0.58180	0.03990	0.00703	0.00849	0.00961	0.00839	0.06995	0.16902	0.01464	0.04318	0.00478	0.00391	0.00123	0.00412	0.00420	0.00242	0.00421
17	0.89465	0.00726	0.00551	0.00493	0.00726	0.00842	0.00406	0.01103	0.00638	0.01683	0.00522	0.00609	0.00406	0.00348	0.00232	0.00116	0.00290	0.00203	0.00232	0.00406
18	0.01272	0.00567	0.00701	0.00564	0.00786	0.00519	0.00455	0.06905	0.01003	0.45461	0.01306	0.01266	0.00900	0.00443	0.00331	0.00102	0.00273	0.00356	0.31269	0.05519
19	0.00443	0.00380	0.00380	0.00380	0.00507	0.00317	0.00285	0.00538	0.00855	0.01014	0.03801	0.03611	0.84322	0.00950	0.00443	0.00127	0.00190	0.00792	0.00348	0.00317
20	0.00851	0.00910	0.01644	0.01262	0.01439	0.01056	0.39083	0.01042	0.00719	0.01042	0.00616	0.00910	0.00528	0.00498	0.00865	0.00147	0.46376	0.00382	0.00176	0.00455
21	0.01018	0.78500	0.05042	0.00678	0.01000	0.06698	0.00675	0.01149	0.00782	0.00896	0.00531	0.00614	0.00481	0.00326	0.00251	0.00083	0.00424	0.00206	0.00162	0.00481
22	0.00443	0.00380	0.00380	0.00380	0.00507	0.00317	0.00285	0.00538	0.00855	0.01014	0.03801	0.03611	0.84322	0.00950	0.00443	0.00127	0.00190	0.00792	0.00348	0.00317
23	0.00546	0.00364	0.00409	0.00409	0.00409	0.00364	0.00227	0.00546	0.00546	0.00727	0.01182	0.02455	0.01364	0.86815	0.01910	0.00364	0.00364	0.00546	0.00227	0.00227
24	0.00943	0.02594	0.06843	0.01212	0.01530	0.00840	0.45669	0.07044	0.03451	0.09023	0.01068	0.01594	0.00901	0.00477	0.00434	0.00131	0.00517	0.14964	0.00259	0.00504
25	0.01019	0.38587	0.17738	0.06825	0.06547	0.03179	0.01850	0.04475	0.00846	0.10202	0.00696	0.00791	0.00546	0.00372	0.00357	0.00103	0.04874	0.00269	0.00205	0.00517
26	0.01371	0.01738	0.01068	0.00967	0.01151	0.80957	0.00730	0.01467	0.01038	0.00917	0.00575	0.00684	0.00484	0.00401	0.00384	0.00100	0.05095	0.00246	0.00192	0.00434
27	0.01653	0.00645	0.00870	0.00671	0.00958	0.00567	0.00553	0.01835	0.04388	0.81403	0.01482	0.01282	0.00937	0.00466	0.00377	0.00117	0.00318	0.00379	0.00461	0.00637
28	0.01920	0.06297	0.33907	0.02606	0.07516	0.03158	0.00935	0.04396	0.05256	0.16122	0.04072	0.06836	0.01806	0.00471	0.00394	0.00119	0.03013	0.00380	0.00262	0.00534
29	0.00974	0.00930	0.05848	0.10575	0.49070	0.06118	0.00995	0.02364	0.05171	0.08487	0.00941	0.02204	0.03852	0.00400	0.00374	0.00115	0.00440	0.00361	0.00228	0.00554
30	0.00691	0.00598	0.00757	0.02709	0.00734	0.03529	0.02774	0.00744	0.00596	0.00839	0.00896	0.01705	0.00969	0.45855	0.01479	0.00262	0.30627	0.00444	0.03476	0.00316
31	0.00811	0.00666	0.00781	0.00560	0.00892	0.00502	0.00449	0.00977	0.00789	0.04307	0.00697	0.00796	0.00569	0.00285	0.00282	0.00058	0.00279	0.00228	0.00231	0.85841
32	0.00919	0.32944	0.36751	0.00884	0.01276	0.02305	0.02828	0.06055	0.02688	0.02747	0.00661	0.00767	0.00521	0.00410	0.01696	0.00114	0.05459	0.00266	0.00185	0.00521
33	0.00758	0.00706	0.01172	0.73313	0.12071	0.00851	0.01044	0.03753	0.00796	0.01037	0.00679	0.00989	0.00516	0.00373	0.00375	0.00123	0.00491	0.00334	0.00176	0.00445
34	0.00851	0.03437	0.04487	0.00775	0.04120	0.02379	0.00601	0.01587	0.53670	0.01407	0.04632	0.08790	0.04127	0.00554	0.00380	0.00121	0.00307	0.00468	0.00340	0.06968
35	0.00673	0.00347	0.00359	0.00368	0.00449	0.00345	0.00272	0.00836	0.00779	0.01351	0.01316	0.10660	0.01127	0.00517	0.00286	0.00094	0.00179	0.00428	0.79269	0.00345
36	0.00567	0.00389	0.00503	0.00470	0.00565	0.00358	0.00354	0.00741	0.01046	0.03831	0.76381	0.02731	0.05803	0.00752	0.00434	0.00117	0.00181	0.00661	0.03755	0.00361
37	0.00526	0.00394	0.00489	0.00465	0.00563	0.00363	0.00349	0.00712	0.03449	0.01408	0.65933	0.04593	0.17757	0.00800	0.00442	0.00121	0.00184	0.00699	0.00399	0.00353
38	0.00752	0.01941	0.84871	0.01069	0.01624	0.00871	0.01386	0.01188	0.00792	0.01188	0.00673	0.00792	0.00475	0.00356	0.00356	0.00119	0.00554	0.00277	0.00158	0.00554
39	0.00933	0.00806	0.00848	0.00764	0.00976	0.00933	0.00594	0.01994	0.83797	0.01569	0.01527	0.01400	0.01145	0.00509	0.00382	0.00127	0.00297	0.00424	0.00382	0.00594
40	0.08897	0.00764	0.04087	0.04754	0.15820	0.00656	0.04601	0.01174	0.00837	0.16220	0.00822	0.00913	0.00619	0.00340	0.00323	0.00091	0.00351	0.00288	0.02016	0.36426

[dist]
# distance from previous block
# <min> <max>
1	9

[block]
# block no. 9 follows, 73 sequences, length 120
# corresponding to MSA columns:
# 378-497
name=unknown_J
#
# <colnr> <probs for GDERKNQSTAVLIFYWHMCP>
#	G	D	E	R	K	N	Q	S	T	A	V	L	I	F	Y	W	H	M	C	P
0	0.00948	0.03207	0.12757	0.03075	0.46001	0.03151	0.06522	0.03951	0.04087	0.04886	0.00778	0.01830	0.00623	0.00363	0.00375	0.00111	0.01296	0.00335	0.00211	0.05493
1	0.03002	0.15325	0.06222	0.01679	0.02032	0.01049	0.00686	0.29419	0.24432	0.06562	0.01038	0.02730	0.00790	0.00446	0.00350	0.00111	0.00372	0.00346	0.00321	0.03087
2	0.00709	0.00667	0.01125	0.85913	0.02584	0.00834	0.01042	0.00959	0.00750	0.00959	0.00667	0.01000	0.00500	0.00375	0.00375	0.00125	0.00500	0.00333	0.00167	0.00417
3	0.00763	0.00668	0.03878	0.00665	0.02497	0.00665	0.00528	0.11790	0.21017	0.01450	0.22037	0.03297	0.18182	0.00742	0.03726	0.00141	0.04108	0.00540	0.00348	0.02958
4	0.00546	0.00364	0.00409	0.00409	0.00409	0.00364	0.00227	0.00546	0.00546	0.00727	0.01182	0.02455	0.01364	0.86815	0.01910	0.00364	0.00364	0.00546	0.00227	0.00227
5	0.00982	0.00862	0.00874	0.00778	0.00994	0.04546	0.00606	0.06698	0.75495	0.01588	0.01450	0.01340	0.01088	0.00500	0.00380	0.00125	0.00320	0.00411	0.00373	0.00590
6	0.00536	0.00402	0.00603	0.00603	0.00670	0.00469	0.00469	0.00670	0.00603	0.00871	0.01005	0.01474	0.00938	0.02814	0.85328	0.00603	0.01005	0.00402	0.00201	0.00335
7	0.05641	0.00919	0.02911	0.12017	0.29996	0.00903	0.35543	0.03119	0.00869	0.03341	0.00737	0.00961	0.00570	0.00339	0.00394	0.00120	0.00520	0.00373	0.00199	0.00527
8	0.00937	0.33130	0.02902	0.01169	0.01516	0.01126	0.46571	0.01172	0.00844	0.03077	0.02791	0.00906	0.00618	0.00337	0.00373	0.00109	0.01383	0.00354	0.00190	0.00496
9	0.00443	0.00380	0.00380	0.00380	0.00507	0.00317	0.00285	0.00538	0.00855	0.01014	0.03801	0.03611	0.84322	0.00950	0.00443	0.00127	0.00190	0.00792	0.00348	0.00317
10	0.01301	0.19763	0.01256	0.00899	0.01113	0.65280	0.00710	0.01403	0.00986	0.00910	0.00565	0.00665	0.00483	0.00380	0.00342	0.00095	0.02983	0.00235	0.00186	0.00444
11	0.00806	0.01163	0.26047	0.26180	0.01918	0.02651	0.25380	0.03828	0.00838	0.01151	0.00728	0.00959	0.00545	0.00446	0.03524	0.00139	0.00567	0.00350	0.02293	0.00487
12	0.01589	0.01922	0.00880	0.00672	0.00954	0.00600	0.00553	0.03447	0.06928	0.74187	0.01507	0.01317	0.02695	0.00475	0.00377	0.00117	0.00318	0.00386	0.00450	0.00626
13	0.01435	0.01037	0.01117	0.00857	0.01157	0.01143	0.00708	0.80521	0.01741	0.05099	0.00920	0.00913	0.00648	0.00451	0.00375	0.00113	0.00410	0.00339	0.00378	0.00638
14	0.01401	0.01788	0.01063	0.00967	0.01160	0.85309	0.00725	0.01498	0.01063	0.00918	0.00580	0.00677	0.00483	0.00387	0.00338	0.00097	0.00677	0.00242	0.00193	0.00435
15	0.00539	0.00393	0.00443	0.00428	0.00549	0.00340	0.00322	0.00657	0.00916	0.05985	0.24846	0.07423	0.54045	0.00885	0.00441	0.00125	0.00195	0.00752	0.00372	0.00345
16	0.00548	0.00386	0.00495	0.00472	0.00565	0.00352	0.00352	0.00708	0.01017	0.03659	0.68292	0.08837	0.11293	0.00806	0.00443	0.00121	0.00185	0.00709	0.00403	0.00354
17	0.33453	0.00678	0.00760	0.00608	0.00877	0.00668	0.00502	0.03053	0.00929	0.53167	0.01123	0.01028	0.00734	0.00422	0.00325	0.00116	0.00310	0.00314	0.00379	0.00554
18	0.01023	0.01158	0.01119	0.00979	0.01046	0.30522	0.00787	0.01111	0.00745	0.00908	0.00523	0.00770	0.00489	0.00562	0.00920	0.00141	0.56305	0.00298	0.00174	0.00419
19	0.00614	0.00496	0.00739	0.03581	0.05969	0.00587	0.00566	0.02656	0.00647	0.00932	0.00926	0.01362	0.00858	0.03510	0.65977	0.00500	0.09123	0.00389	0.00200	0.00367
20	0.00457	0.00326	0.00435	0.00522	0.00544	0.00305	0.00348	0.00522	0.00718	0.00958	0.02068	0.86570	0.02481	0.01175	0.00479	0.00152	0.00218	0.01067	0.00348	0.00305
21	0.00564	0.00477	0.00638	0.00784	0.16486	0.00438	0.00479	0.00706	0.00905	0.01189	0.25271	0.06960	0.40393	0.00796	0.00433	0.00124	0.00240	0.02403	0.00335	0.00380
22	0.01088	0.10598	0.15875	0.03898	0.18391	0.08527	0.03052	0.09617	0.00959	0.14552	0.00901	0.00985	0.03378	0.00417	0.00414	0.00114	0.06120	0.00326	0.00246	0.00543
23	0.02369	0.06233	0.01056	0.02909	0.05122	0.06658	0.05415	0.08141	0.49247	0.04705	0.01222	0.01191	0.00920	0.00456	0.00367	0.00119	0.00367	0.00379	0.02563	0.00563
24	0.88248	0.00742	0.01708	0.00501	0.00738	0.00842	0.00420	0.01104	0.00641	0.01676	0.00524	0.00612	0.00407	0.00348	0.00234	0.00116	0.00294	0.00204	0.00231	0.00408
25	0.00448	0.00378	0.00388	0.00389	0.00511	0.00318	0.00291	0.00546	0.00861	0.01036	0.07799	0.06324	0.77533	0.00948	0.00445	0.00127	0.00190	0.00795	0.00352	0.00318
26	0.00897	0.00912	0.05099	0.06664	0.61523	0.00882	0.05870	0.01216	0.08797	0.01247	0.02734	0.01020	0.00704	0.00363	0.00378	0.00115	0.00444	0.00355	0.00208	0.00572
27	0.00744	0.00684	0.01101	0.37031	0.28191	0.00735	0.00900	0.00957	0.00820	0.01118	0.08705	0.03705	0.06125	0.00450	0.00380	0.00116	0.00408	0.00407	0.00216	0.07207
28	0.83977	0.02751	0.00649	0.00539	0.00779	0.00861	0.03608	0.01107	0.00651	0.01646	0.00532	0.00625	0.00414	0.00346	0.00241	0.00116	0.00306	0.00212	0.00229	0.00412
29	0.00998	0.84847	0.01945	0.00651	0.00963	0.01476	0.00647	0.01118	0.00758	0.00883	0.00521	0.00607	0.00482	0.00330	0.00266	0.00082	0.02582	0.00204	0.00161	0.00480
30	0.00502	0.00382	0.00462	0.00442	0.00543	0.00342	0.00331	0.00652	0.00994	0.01343	0.57846	0.03068	0.30072	0.00827	0.00443	0.00121	0.00181	0.00716	0.00392	0.00342
31	0.00545	0.00387	0.00503	0.00472	0.00565	0.00356	0.00355	0.00719	0.01057	0.02638	0.80968	0.02803	0.05680	0.00768	0.00442	0.00118	0.00179	0.00677	0.00412	0.00357
32	0.00627	0.00457	0.00621	0.00696	0.00791	0.00465	0.00604	0.00859	0.06408	0.01153	0.01956	0.04043	0.02091	0.01001	0.00509	0.00170	0.00342	0.76499	0.00348	0.00362
33	0.00447	0.00380	0.00386	0.00384	0.00509	0.00318	0.00288	0.00546	0.00865	0.01036	0.07514	0.03573	0.80595	0.00942	0.00443	0.00126	0.00189	0.00787	0.00351	0.00318
34	0.00536	0.00402	0.00603	0.00603	0.00670	0.00469	0.00469	0.00670	0.00603	0.00871	0.01005	0.01474	0.00938	0.02814	0.85328	0.00603	0.01005	0.00402	0.00201	0.00335
35	0.01543	0.00864	0.01010	0.00774	0.01070	0.00886	0.00640	0.46294	0.01451	0.39736	0.01164	0.01071	0.00770	0.00457	0.00376	0.00114	0.00370	0.00356	0.00416	0.00638
36	0.00990	0.00740	0.00866	0.00732	0.00914	0.00833	0.00586	0.40527	0.05239	0.01618	0.00981	0.01237	0.00819	0.06216	0.34015	0.00322	0.02202	0.00379	0.00295	0.00489
37	0.00709	0.00667	0.01125	0.85913	0.02584	0.00834	0.01042	0.00959	0.00750	0.00959	0.00667	0.01000	0.00500	0.00375	0.00375	0.00125	0.00500	0.00333	0.00167	0.00417
38	0.81385	0.00755	0.00604	0.00527	0.00766	0.00871	0.00434	0.08640	0.00742	0.01746	0.00557	0.00636	0.00428	0.00358	0.00245	0.00116	0.00301	0.00216	0.00245	0.00428
39	0.00531	0.00383	0.00501	0.00472	0.00560	0.00354	0.00354	0.00708	0.01062	0.01504	0.84277	0.02802	0.03540	0.00767	0.00442	0.00118	0.00177	0.00678	0.00413	0.00354
40	0.00993	0.83752	0.05170	0.00658	0.00988	0.01461	0.00671	0.01126	0.00763	0.00894	0.00527	0.00609	0.00481	0.00322	0.00245	0.00082	0.00407	0.00204	0.00160	0.00484
41	0.00459	0.00327	0.00435	0.00520	0.00541	0.00306	0.00345	0.00523	0.00714	0.00952	0.02046	0.84495	0.02454	0.03288	0.00514	0.00158	0.00221	0.01054	0.00345	0.00303
42	0.00574	0.00413	0.00564	0.00626	0.00709	0.00403	0.00526	0.00736	0.00889	0.01177	0.17317	0.10138	0.05615	0.00994	0.00498	0.00159	0.00299	0.57662	0.00358	0.00343
43	0.00514	0.00380	0.00453	0.00435	0.00535	0.00342	0.00326	0.00665	0.00978	0.01342	0.53338	0.02969	0.29046	0.00804	0.00431	0.00119	0.00181	0.00693	0.06106	0.00342
44	0.01317	0.00708	0.00820	0.00653	0.00891	0.00718	0.00532	0.29684	0.03166	0.32289	0.01213	0.01182	0.00842	0.00453	0.00346	0.00108	0.00313	0.00357	0.23845	0.00561
45	0.00525	0.00383	0.00493	0.00465	0.00557	0.00351	0.00349	0.00696	0.01047	0.01468	0.78367	0.02862	0.09472	0.00780	0.00443	0.00119	0.00178	0.00687	0.00408	0.00351
46	0.00570	0.00405	0.00553	0.00632	0.00698	0.00401	0.00519	0.00706	0.00806	0.01054	0.01929	0.20297	0.02150	0.08952	0.00638	0.00186	0.00322	0.58522	0.00335	0.00327
47	0.85496	0.00722	0.00566	0.00501	0.00736	0.00829	0.00413	0.01136	0.00658	0.05438	0.00566	0.00640	0.00430	0.00354	0.00239	0.00116	0.00292	0.00211	0.00243	0.00417
48	0.00544	0.00401	0.00511	0.00480	0.00575	0.00376	0.00361	0.00754	0.04460	0.01486	0.77477	0.02779	0.06846	0.00764	0.00440	0.00119	0.00182	0.00673	0.00409	0.00362
49	0.00457	0.00326	0.00435	0.00522	0.00544	0.00305	0.00348	0.00522	0.00718	0.00958	0.02068	0.86570	0.02481	0.01175	0.00479	0.00152	0.00218	0.01067	0.00348	0.00305
50	0.00929	0.00891	0.01523	0.02303	0.84475	0.00891	0.01151	0.01151	0.00854	0.01226	0.00706	0.00929	0.00594	0.00334	0.00371	0.00111	0.00446	0.00334	0.00186	0.00594
51	0.01664	0.00669	0.00889	0.00682	0.00973	0.00597	0.00563	0.07828	0.01125	0.78663	0.01437	0.01249	0.00907	0.00463	0.00377	0.00116	0.00326	0.00374	0.00458	0.00638
