[name]
unknown

[dist]
# distance from previous block
# <min> <max>
1	127

[block]
# block no. 0 follows, 61 sequences, length 36
# corresponding to MSA columns:
# 129-151,156-168
name=unknown_A
#
# <colnr> <probs for GDERKNQSTAVLIFYWHMCP>
#	G	D	E	R	K	N	Q	S	T	A	V	L	I	F	Y	W	H	M	C	P
0	0.00806	0.00546	0.00675	0.03144	0.02417	0.00525	0.00488	0.04105	0.06038	0.09543	0.15330	0.20807	0.17444	0.08306	0.00641	0.00171	0.00299	0.03809	0.01802	0.03104
1	0.02371	0.03494	0.06844	0.10989	0.21809	0.05347	0.06039	0.04222	0.11306	0.05750	0.01178	0.01559	0.02534	0.00671	0.03786	0.03343	0.00525	0.07377	0.00283	0.00575
2	0.03662	0.00960	0.01149	0.08095	0.12779	0.10691	0.05413	0.10533	0.10607	0.03668	0.02346	0.13893	0.05665	0.00750	0.03193	0.00161	0.03257	0.02311	0.00320	0.00545
3	0.00754	0.00529	0.00641	0.00608	0.00712	0.00545	0.00445	0.06250	0.07778	0.03028	0.07951	0.03864	0.17303	0.16294	0.16332	0.14000	0.00485	0.01772	0.00324	0.00386
4	0.03831	0.00455	0.00558	0.00576	0.00658	0.00442	0.00411	0.00787	0.02112	0.05315	0.10872	0.29759	0.13338	0.16657	0.08127	0.00254	0.00369	0.04734	0.00370	0.00376
5	0.00569	0.00415	0.00523	0.00582	0.00631	0.00391	0.00393	0.00682	0.03254	0.01134	0.06577	0.59452	0.07137	0.12104	0.00750	0.00199	0.00274	0.02129	0.00384	0.02420
6	0.04152	0.01083	0.11173	0.02742	0.01207	0.05409	0.00764	0.23912	0.04191	0.01714	0.02859	0.05265	0.00923	0.01915	0.11200	0.00195	0.00539	0.00404	0.00309	0.20045
7	0.00603	0.00449	0.00525	0.00525	0.00621	0.00411	0.00369	0.00744	0.03356	0.02244	0.21409	0.20625	0.26436	0.16220	0.00814	0.00196	0.00266	0.00857	0.00391	0.02939
8	0.00705	0.00491	0.00557	0.00542	0.00647	0.00476	0.00386	0.03768	0.06580	0.03720	0.15004	0.15524	0.21234	0.18415	0.00834	0.00200	0.00283	0.00763	0.09475	0.00397
9	0.00936	0.00683	0.03632	0.00799	0.03125	0.00681	0.00620	0.09998	0.09266	0.10889	0.01544	0.15882	0.03805	0.01740	0.32220	0.02084	0.00667	0.00589	0.00341	0.00501
10	0.01026	0.00622	0.00753	0.00681	0.00833	0.00635	0.00508	0.09916	0.10899	0.16738	0.05451	0.17032	0.03025	0.16086	0.08335	0.02912	0.00420	0.00639	0.03000	0.00492
11	0.02306	0.00555	0.00645	0.00600	0.00749	0.00545	0.00451	0.01137	0.15574	0.09054	0.30351	0.08583	0.20231	0.06558	0.00602	0.00161	0.00267	0.00734	0.00434	0.00464
12	0.00621	0.00419	0.00534	0.00577	0.00649	0.00384	0.00407	0.00727	0.00927	0.05575	0.14539	0.49481	0.14674	0.04864	0.00605	0.00174	0.00257	0.03795	0.00412	0.00379
13	0.01470	0.16187	0.01443	0.01069	0.03222	0.47827	0.02986	0.12898	0.06543	0.01350	0.00787	0.00871	0.00636	0.00447	0.00383	0.00114	0.00643	0.00308	0.00259	0.00560
14	0.00986	0.01013	0.01122	0.04112	0.01128	0.16370	0.00813	0.01100	0.00785	0.01048	0.00745	0.01104	0.00691	0.01200	0.17893	0.02343	0.43518	0.00377	0.03203	0.00450
15	0.00738	0.00618	0.00665	0.00622	0.00794	0.00634	0.00475	0.01277	0.30758	0.01520	0.19910	0.03010	0.35588	0.00859	0.00483	0.00144	0.00260	0.00725	0.00430	0.00490
16	0.00893	0.00766	0.00893	0.00638	0.01021	0.00574	0.00510	0.01085	0.00893	0.01404	0.00766	0.00893	0.00638	0.00319	0.00319	0.00064	0.00319	0.00255	0.00255	0.87495
17	0.05361	0.00784	0.01012	0.05355	0.07999	0.00730	0.02820	0.10271	0.02268	0.08148	0.01022	0.08152	0.00885	0.00572	0.00501	0.07829	0.00382	0.00405	0.00300	0.35207
18	0.02712	0.00615	0.00748	0.00640	0.00807	0.00586	0.04219	0.03595	0.09005	0.01289	0.09421	0.02308	0.09912	0.31074	0.02934	0.00239	0.00380	0.01545	0.00318	0.17654
19	0.00607	0.00438	0.00520	0.00511	0.00615	0.00393	0.00369	0.00740	0.01029	0.03767	0.35041	0.12679	0.30394	0.10142	0.00694	0.00174	0.00242	0.00847	0.00419	0.00379
20	0.00777	0.00474	0.00766	0.00812	0.07869	0.00469	0.04774	0.00683	0.00646	0.00879	0.00879	0.06768	0.00882	0.01310	0.01410	0.67772	0.00394	0.00439	0.01731	0.00266
21	0.02516	0.08040	0.04541	0.08418	0.12983	0.04378	0.02833	0.09463	0.03338	0.20453	0.10484	0.04160	0.02459	0.00541	0.00425	0.00129	0.00434	0.00456	0.00352	0.03598
22	0.00546	0.00416	0.00495	0.00521	0.00606	0.00373	0.00369	0.00662	0.00971	0.01269	0.23413	0.31136	0.31028	0.05438	0.00609	0.00167	0.00235	0.00968	0.00412	0.00365
23	0.02304	0.00424	0.00494	0.00541	0.00627	0.00386	0.00390	0.00654	0.00903	0.01164	0.05584	0.36446	0.34864	0.05700	0.00619	0.00176	0.00259	0.07717	0.00392	0.00359
24	0.00922	0.19229	0.07061	0.00896	0.01079	0.04663	0.05351	0.02355	0.02640	0.01139	0.06248	0.09128	0.01141	0.07916	0.03714	0.04327	0.21003	0.00477	0.00246	0.00467
25	0.00599	0.00416	0.00513	0.00523	0.00563	0.00399	0.00341	0.00685	0.00875	0.01201	0.29560	0.20372	0.02707	0.37911	0.01258	0.00268	0.00307	0.00807	0.00365	0.00330
26	0.00642	0.00475	0.00542	0.00527	0.00649	0.00434	0.00389	0.04510	0.01047	0.03478	0.22420	0.12134	0.39365	0.08623	0.00662	0.00171	0.00257	0.02875	0.00410	0.00391
27	0.06453	0.00587	0.00665	0.00640	0.00761	0.01855	0.00472	0.07831	0.05807	0.05925	0.07610	0.22117	0.08298	0.15960	0.08090	0.00247	0.00405	0.04387	0.01461	0.00430
28	0.01219	0.73236	0.02116	0.00780	0.01138	0.06051	0.00749	0.08335	0.00995	0.01166	0.00641	0.00726	0.00569	0.00386	0.00296	0.00096	0.00479	0.00247	0.00208	0.00566
29	0.00614	0.00461	0.00503	0.00487	0.00633	0.00400	0.00367	0.00764	0.02826	0.05635	0.16011	0.07162	0.60546	0.01028	0.00505	0.00145	0.00228	0.00867	0.00419	0.00397
30	0.00698	0.00475	0.00560	0.00553	0.00634	0.00482	0.00393	0.03270	0.06000	0.01249	0.09749	0.10612	0.10728	0.21286	0.09574	0.06550	0.00393	0.02201	0.14222	0.00370
31	0.00860	0.00703	0.00926	0.05326	0.03960	0.03257	0.05852	0.09204	0.05626	0.02318	0.05137	0.19581	0.01690	0.16913	0.02205	0.00216	0.05225	0.08941	0.01609	0.00451
32	0.00713	0.00565	0.00551	0.00541	0.00566	0.07736	0.00330	0.00732	0.00683	0.00865	0.01283	0.02564	0.01444	0.72025	0.07364	0.00409	0.00498	0.00585	0.00256	0.00290
33	0.00722	0.00397	0.00575	0.00577	0.00587	0.00404	0.00393	0.00584	0.00611	0.00812	0.01091	0.08371	0.05729	0.01435	0.01511	0.72049	0.03238	0.00476	0.00217	0.00221
34	0.00811	0.00510	0.00623	0.00592	0.00700	0.00496	0.00433	0.03693	0.04715	0.09719	0.20827	0.09587	0.08512	0.22500	0.02294	0.02579	0.00331	0.06989	0.03678	0.00412
35	0.03560	0.00893	0.03227	0.35811	0.26848	0.02162	0.05100	0.01160	0.00881	0.01225	0.00830	0.02358	0.00692	0.01715	0.07176	0.00188	0.05023	0.00403	0.00209	0.00537

[dist]
# distance from previous block
# <min> <max>
4	10

[block]
# block no. 1 follows, 61 sequences, length 63
# corresponding to MSA columns:
# 179-241
name=unknown_B
#
# <colnr> <probs for GDERKNQSTAVLIFYWHMCP>
#	G	D	E	R	K	N	Q	S	T	A	V	L	I	F	Y	W	H	M	C	P
0	0.00998	0.03022	0.03624	0.40174	0.28546	0.10678	0.01171	0.01266	0.02042	0.01208	0.00788	0.01080	0.00628	0.00485	0.02428	0.00147	0.00588	0.00369	0.00206	0.00554
1	0.01163	0.19289	0.01321	0.07337	0.03712	0.09707	0.00750	0.19212	0.13753	0.01656	0.13323	0.02519	0.02388	0.00559	0.00410	0.00126	0.00443	0.01422	0.00337	0.00577
2	0.00928	0.01888	0.02068	0.00705	0.00948	0.00644	0.01616	0.06707	0.10228	0.08259	0.08879	0.15902	0.07940	0.00720	0.00440	0.00126	0.00323	0.05153	0.00373	0.26156
3	0.00652	0.03463	0.04023	0.00732	0.02951	0.00577	0.00561	0.00857	0.05515	0.01107	0.01687	0.24053	0.06804	0.03739	0.40738	0.00422	0.00726	0.00685	0.00296	0.00413
4	0.01065	0.01044	0.01352	0.14223	0.22653	0.11078	0.02212	0.08022	0.03382	0.01313	0.00818	0.01100	0.00690	0.00811	0.09759	0.00205	0.19106	0.00383	0.00233	0.00552
5	0.06169	0.12331	0.42484	0.05403	0.04572	0.04101	0.01155	0.01278	0.02887	0.01356	0.07898	0.01268	0.05173	0.00490	0.00413	0.00131	0.01707	0.00382	0.00233	0.00568
6	0.01280	0.00621	0.00823	0.00725	0.00913	0.01977	0.00566	0.01413	0.01007	0.41460	0.01731	0.21758	0.01535	0.04747	0.11316	0.00232	0.03885	0.03034	0.00426	0.00550
7	0.00717	0.00629	0.00814	0.01019	0.18730	0.03655	0.00610	0.02154	0.01019	0.01332	0.17276	0.19670	0.27627	0.00916	0.00495	0.00145	0.00315	0.02059	0.00366	0.00451
8	0.01205	0.08307	0.01611	0.05674	0.34943	0.11339	0.09025	0.03879	0.06754	0.08705	0.00944	0.01107	0.00742	0.00520	0.03266	0.00146	0.00561	0.00384	0.00263	0.00624
9	0.05202	0.10571	0.26803	0.01377	0.14804	0.02507	0.12354	0.08611	0.02252	0.03633	0.02048	0.03993	0.00786	0.00467	0.00428	0.00133	0.01432	0.01742	0.00249	0.00610
10	0.00528	0.00379	0.00501	0.00593	0.00624	0.00352	0.00398	0.00608	0.00844	0.01125	0.05430	0.79348	0.05023	0.01325	0.00547	0.00173	0.00247	0.01199	0.00403	0.00352
11	0.01047	0.20880	0.15603	0.01375	0.18453	0.07251	0.10733	0.03397	0.00968	0.01282	0.00826	0.03949	0.00710	0.00555	0.04326	0.00145	0.00572	0.00368	0.00219	0.07341
12	0.03988	0.04850	0.03552	0.10657	0.02936	0.29424	0.10246	0.08312	0.05227	0.03328	0.04403	0.02983	0.02672	0.00512	0.00474	0.00131	0.05095	0.00402	0.00270	0.00538
13	0.01061	0.00626	0.02419	0.00615	0.00800	0.00592	0.00493	0.13207	0.01187	0.15795	0.16841	0.08307	0.03983	0.00662	0.00410	0.00125	0.00285	0.00553	0.31530	0.00510
14	0.01097	0.13909	0.19076	0.02595	0.12926	0.04668	0.10865	0.09948	0.10638	0.02475	0.00960	0.01964	0.00762	0.00493	0.01739	0.00137	0.00543	0.01530	0.00263	0.03412
15	0.01395	0.05923	0.01218	0.00965	0.01243	0.19222	0.00771	0.30175	0.29679	0.01909	0.01175	0.01159	0.00886	0.00520	0.00431	0.00130	0.01790	0.00390	0.00370	0.00650
16	0.00620	0.00443	0.00639	0.00646	0.00703	0.00496	0.00479	0.00722	0.00683	0.00966	0.01237	0.07689	0.01244	0.13985	0.60284	0.07106	0.00932	0.00531	0.00244	0.00351
17	0.04865	0.08713	0.28944	0.02514	0.08744	0.11792	0.05858	0.10386	0.02003	0.03356	0.00804	0.00944	0.00617	0.00475	0.01591	0.00136	0.04434	0.00335	0.00239	0.03251
18	0.00938	0.17801	0.57108	0.02858	0.01681	0.01987	0.02621	0.02458	0.03210	0.01317	0.00826	0.01039	0.00644	0.00436	0.00394	0.00130	0.00586	0.03155	0.00202	0.00609
19	0.00723	0.00386	0.00560	0.00560	0.00566	0.00392	0.00373	0.00586	0.00580	0.00779	0.00856	0.01528	0.00876	0.12078	0.08080	0.69814	0.00440	0.00413	0.00200	0.00212
20	0.00874	0.00858	0.09359	0.05097	0.16502	0.00763	0.03481	0.10171	0.00999	0.01415	0.02736	0.11299	0.05535	0.05830	0.13155	0.00237	0.01554	0.00543	0.09084	0.00509
21	0.01869	0.06128	0.23231	0.05073	0.15677	0.05959	0.09139	0.04625	0.02141	0.08799	0.03687	0.01337	0.00891	0.02233	0.02135	0.00150	0.00556	0.04158	0.00264	0.01946
22	0.06646	0.00780	0.01054	0.05032	0.18796	0.00815	0.05055	0.03564	0.19647	0.01488	0.08101	0.02088	0.17197	0.07181	0.00583	0.00161	0.00384	0.00558	0.00335	0.00537
23	0.05354	0.00704	0.00912	0.00728	0.01013	0.00644	0.00592	0.02998	0.05982	0.58849	0.15749	0.01743	0.01577	0.00591	0.00439	0.00134	0.00336	0.00488	0.00504	0.00661
24	0.02602	0.00888	0.04518	0.04169	0.08685	0.00877	0.00764	0.20034	0.10859	0.18793	0.02611	0.04931	0.01145	0.06350	0.07229	0.00202	0.00482	0.03868	0.00381	0.00610
25	0.00867	0.04023	0.20493	0.04448	0.10494	0.04750	0.04362	0.03558	0.06242	0.01402	0.13656	0.05743	0.07883	0.00802	0.05613	0.00174	0.00504	0.04154	0.00299	0.00532
26	0.00562	0.00430	0.00515	0.00511	0.00619	0.00383	0.00377	0.00714	0.01081	0.01440	0.43256	0.14421	0.32092	0.01019	0.00514	0.00144	0.00215	0.00886	0.00437	0.00383
27	0.01152	0.85121	0.02257	0.00737	0.01106	0.01704	0.00737	0.01290	0.00875	0.01013	0.00599	0.00691	0.00553	0.00369	0.00276	0.00092	0.00461	0.00230	0.00184	0.00553
28	0.01000	0.02913	0.33256	0.19727	0.13956	0.11765	0.01258	0.04515	0.00998	0.01311	0.00942	0.01125	0.04478	0.00451	0.00417	0.00133	0.00593	0.00367	0.00214	0.00580
29	0.00579	0.00421	0.00499	0.00536	0.00630	0.00375	0.00382	0.00678	0.00913	0.04417	0.04389	0.41300	0.38012	0.01259	0.03369	0.00177	0.00271	0.01019	0.00401	0.00374
30	0.01104	0.00965	0.00989	0.00909	0.03064	0.05151	0.00683	0.07469	0.63970	0.01745	0.01597	0.01604	0.01241	0.06868	0.00566	0.00163	0.00382	0.00478	0.00408	0.00645
31	0.62686	0.01144	0.00809	0.00726	0.00971	0.21652	0.00578	0.01371	0.00853	0.01676	0.00615	0.00729	0.00493	0.00425	0.00343	0.00130	0.03823	0.00250	0.00252	0.00475
32	0.04936	0.00841	0.00922	0.00800	0.01040	0.10370	0.00653	0.06823	0.01182	0.38107	0.06264	0.03417	0.01447	0.00811	0.04415	0.00171	0.00453	0.16331	0.00431	0.00585
33	0.01234	0.59778	0.05216	0.00842	0.01180	0.19479	0.00788	0.02729	0.00967	0.01065	0.00643	0.00752	0.00571	0.00469	0.02620	0.00115	0.00557	0.00253	0.00198	0.00543
34	0.00559	0.00411	0.00517	0.00582	0.00639	0.00383	0.00401	0.02851	0.00907	0.01194	0.07719	0.64981	0.14748	0.01258	0.00538	0.00167	0.00248	0.01125	0.00405	0.00366
35	0.00748	0.00374	0.00561	0.00561	0.00561	0.00374	0.00374	0.00561	0.00561	0.00748	0.00748	0.01309	0.00748	0.01496	0.01684	0.87467	0.00374	0.00374	0.00187	0.00187
36	0.00832	0.00785	0.01326	0.77757	0.08888	0.00962	0.01206	0.01117	0.00870	0.01124	0.00769	0.01142	0.00582	0.00427	0.00430	0.00142	0.00570	0.00383	0.00193	0.00494
37	0.00915	0.04456	0.08916	0.37118	0.03673	0.03854	0.23409	0.01210	0.00917	0.01201	0.00929	0.01215	0.04107	0.00456	0.00507	0.00143	0.05817	0.00425	0.00208	0.00523
38	0.01599	0.04221	0.01254	0.01090	0.01326	0.74585	0.00829	0.07850	0.01274	0.01182	0.00693	0.00795	0.00569	0.00448	0.00389	0.00112	0.00745	0.00285	0.00237	0.00519
39	0.00618	0.00425	0.00489	0.00492	0.00513	0.00416	0.00292	0.00640	0.00671	0.00896	0.01569	0.11105	0.05129	0.68236	0.04160	0.00379	0.00410	0.00685	0.00280	0.02595
40	0.00640	0.00476	0.00550	0.00527	0.00632	0.00456	0.00378	0.02256	0.04597	0.02505	0.22991	0.03173	0.29526	0.21577	0.07623	0.00253	0.00351	0.00735	0.00376	0.00378
41	0.01616	0.01190	0.01277	0.00984	0.01322	0.01317	0.00811	0.79183	0.02002	0.02683	0.01060	0.02655	0.00774	0.00533	0.00433	0.00130	0.00470	0.00404	0.00430	0.00725
42	0.04405	0.01044	0.01559	0.17881	0.32273	0.04381	0.10318	0.15650	0.04035	0.01605	0.02187	0.01116	0.00731	0.00433	0.00432	0.00134	0.00535	0.00399	0.00263	0.00620
43	0.00975	0.03183	0.01432	0.37294	0.21841	0.05015	0.01131	0.03556	0.00899	0.01206	0.00732	0.01050	0.00602	0.00491	0.00637	0.00146	0.18696	0.00373	0.00205	0.00538
44	0.00616	0.00459	0.00678	0.00678	0.00750	0.00531	0.00521	0.00760	0.00688	0.00990	0.01167	0.01763	0.01108	0.08359	0.78069	0.00675	0.01108	0.00472	0.00233	0.00377
45	0.01152	0.85121	0.02257	0.00737	0.01106	0.01704	0.00737	0.01290	0.00875	0.01013	0.00599	0.00691	0.00553	0.00369	0.00276	0.00092	0.00461	0.00230	0.00184	0.00553
46	0.00618	0.00446	0.00611	0.00608	0.00662	0.00488	0.00438	0.00727	0.00717	0.01010	0.08235	0.02187	0.01494	0.29304	0.49917	0.00556	0.00834	0.00542	0.00262	0.00347
47	0.01011	0.01244	0.10038	0.19261	0.06820	0.24207	0.03346	0.01245	0.02166	0.01225	0.09318	0.03668	0.10258	0.00590	0.00466	0.00135	0.02692	0.01550	0.00265	0.00496
48	0.00994	0.00727	0.00833	0.00767	0.00932	0.00772	0.00579	0.28334	0.09962	0.03331	0.01834	0.45276	0.01921	0.00965	0.00495	0.00155	0.00339	0.00842	0.00417	0.00525
49	0.00557	0.00437	0.00504	0.00490	0.00612	0.00384	0.00366	0.00710	0.01092	0.01431	0.41245	0.05365	0.43275	0.00996	0.00509	0.00141	0.00212	0.00854	0.00435	0.00384
50	0.01008	0.07524	0.01059	0.00873	0.01044	0.21907	0.06581	0.09349	0.01078	0.01276	0.01597	0.37734	0.03829	0.00870	0.00471	0.00145	0.00463	0.02403	0.00327	0.00463
51	0.00897	0.12535	0.63152	0.01114	0.01664	0.02988	0.02380	0.01315	0.00931	0.01324	0.04741	0.01089	0.03151	0.00447	0.00401	0.00131	0.00586	0.00348	0.00204	0.00603
52	0.00877	0.00916	0.02880	0.43834	0.02495	0.00967	0.32484	0.01184	0.00925	0.01220	0.00930	0.05253	0.00771	0.00470	0.00472	0.00147	0.00614	0.02829	0.00218	0.00513
53	0.00620	0.00470	0.00644	0.00668	0.00746	0.00506	0.00511	0.00802	0.04240	0.01128	0.05288	0.20959	0.07703	0.03492	0.40107	0.00424	0.02062	0.08924	0.00318	0.00390
54	0.06128	0.04665	0.05530	0.01335	0.18005	0.04000	0.07272	0.12589	0.03276	0.13898	0.01114	0.01488	0.00916	0.00556	0.00533	0.00143	0.08706	0.08917	0.00317	0.00611
55	0.00888	0.11068	0.05996	0.00751	0.00959	0.00767	0.03156	0.10293	0.05038	0.05411	0.10190	0.21849	0.10881	0.02632	0.01920	0.00161	0.00373	0.06811	0.00368	0.00489
56	0.00529	0.00382	0.00502	0.00597	0.00631	0.00355	0.00405	0.00610	0.00838	0.01109	0.02478	0.77852	0.07069	0.01331	0.00549	0.00174	0.00253	0.03585	0.00400	0.00352
57	0.01013	0.08233	0.03720	0.29377	0.06546	0.01022	0.15930	0.09338	0.05137	0.04253	0.02390	0.02350	0.03649	0.00488	0.00436	0.00137	0.00525	0.01986	0.02916	0.00554
58	0.01105	0.06530	0.29547	0.06034	0.12531	0.15760	0.12084	0.01417	0.00999	0.05607	0.00869	0.04009	0.00694	0.00445	0.00421	0.00131	0.00615	0.00383	0.00226	0.00591
59	0.01674	0.03311	0.01004	0.00770	0.01064	0.01733	0.00633	0.05634	0.04395	0.60388	0.01567	0.01494	0.01060	0.00826	0.09287	0.00192	0.00460	0.01529	0.02307	0.00674
60	0.00733	0.07175	0.01059	0.41193	0.03973	0.00773	0.00843	0.00927	0.00865	0.01118	0.02756	0.29763	0.03928	0.00781	0.00466	0.00151	0.00433	0.02346	0.00278	0.00439
61	0.03504	0.16815	0.31291	0.03132	0.01288	0.03262	0.00963	0.01125	0.00897	0.02303	0.01340	0.16965	0.04375	0.02950	0.00476	0.00148	0.00477	0.07914	0.00262	0.00512
62	0.01349	0.11802	0.15733	0.01049	0.02673	0.21249	0.02579	0.26071	0.04624	0.03638	0.00914	0.02724	0.00716	0.00541	0.02349	0.00137	0.00584	0.00356	0.00295	0.00614

[dist]
# distance from previous block
# <min> <max>
0	11

[block]
# block no. 2 follows, 61 sequences, length 12
# corresponding to MSA columns:
# 253-264
name=unknown_C
#
# <colnr> <probs for GDERKNQSTAVLIFYWHMCP>
#	G	D	E	R	K	N	Q	S	T	A	V	L	I	F	Y	W	H	M	C	P
0	0.10022	0.08987	0.13913	0.03932	0.11185	0.27158	0.08699	0.02860	0.01047	0.02691	0.05039	0.01011	0.00767	0.00438	0.00395	0.00124	0.00596	0.00345	0.00237	0.00554
1	0.01216	0.69528	0.02084	0.00867	0.04315	0.13733	0.00774	0.01355	0.00931	0.01035	0.00617	0.00718	0.00558	0.00380	0.00299	0.00096	0.00509	0.00243	0.00191	0.00550
2	0.01030	0.00688	0.04443	0.00678	0.00873	0.00617	0.00543	0.09789	0.03649	0.18670	0.12488	0.07347	0.08804	0.16545	0.08314	0.00238	0.00426	0.00595	0.00386	0.03876
3	0.03093	0.14905	0.14629	0.02635	0.01335	0.00976	0.12757	0.03603	0.02359	0.08144	0.02781	0.07236	0.04576	0.02823	0.00563	0.02265	0.06554	0.00456	0.00272	0.08038
4	0.00982	0.00787	0.01115	0.03986	0.16170	0.00847	0.04582	0.03729	0.18062	0.08284	0.10159	0.13585	0.03238	0.03071	0.00615	0.00156	0.09124	0.00597	0.00352	0.00558
5	0.00555	0.00426	0.00511	0.00536	0.00634	0.00382	0.00397	0.00688	0.01006	0.01310	0.24794	0.25158	0.33646	0.01110	0.00526	0.00155	0.00237	0.07135	0.00420	0.00374
6	0.00773	0.00670	0.01060	0.06070	0.24112	0.00662	0.05023	0.00979	0.00992	0.01337	0.11947	0.11475	0.11493	0.00839	0.00507	0.00156	0.00396	0.20691	0.00334	0.00485
7	0.04592	0.13779	0.15515	0.01097	0.03972	0.02947	0.08182	0.29170	0.03760	0.01778	0.00877	0.01003	0.00677	0.00613	0.04846	0.00160	0.05759	0.00361	0.00289	0.00622
8	0.00738	0.00638	0.01006	0.21184	0.21159	0.00671	0.00831	0.00919	0.00897	0.01204	0.03804	0.34491	0.04856	0.00860	0.00491	0.00155	0.00398	0.04925	0.00306	0.00467
9	0.00586	0.00401	0.00478	0.00518	0.00538	0.00388	0.00321	0.00627	0.00731	0.00980	0.01902	0.35644	0.05693	0.44983	0.01399	0.00298	0.00335	0.00872	0.03000	0.00306
10	0.01108	0.00897	0.01155	0.32822	0.03805	0.01025	0.00896	0.29541	0.09150	0.01776	0.01288	0.03471	0.06771	0.00550	0.00435	0.00138	0.00466	0.00455	0.03671	0.00579
11	0.03406	0.01046	0.01081	0.00907	0.01190	0.04640	0.00723	0.27308	0.44064	0.08705	0.01445	0.01355	0.01055	0.00548	0.00429	0.00138	0.00404	0.00436	0.00430	0.00689

[dist]
# distance from previous block
# <min> <max>
0	3

[block]
# block no. 3 follows, 61 sequences, length 42
# corresponding to MSA columns:
# 268-309
name=unknown_D
#
# <colnr> <probs for GDERKNQSTAVLIFYWHMCP>
#	G	D	E	R	K	N	Q	S	T	A	V	L	I	F	Y	W	H	M	C	P
0	0.37335	0.00764	0.00720	0.00627	0.00846	0.00844	0.00495	0.14663	0.05582	0.05824	0.01066	0.03823	0.00882	0.08285	0.00505	0.00155	0.00340	0.00382	0.16358	0.00502
1	0.00627	0.00448	0.00608	0.00697	0.00766	0.00437	0.00556	0.00771	0.00921	0.01208	0.04215	0.31828	0.04240	0.05718	0.00661	0.00200	0.00340	0.44994	0.00392	0.00373
2	0.00577	0.00443	0.00535	0.00592	0.00666	0.00423	0.00416	0.00770	0.08312	0.01197	0.04660	0.56287	0.19719	0.01209	0.00531	0.00165	0.00253	0.02453	0.00405	0.00386
3	0.00813	0.00766	0.01292	0.83826	0.02967	0.00957	0.01196	0.01101	0.00861	0.01101	0.00766	0.01148	0.00574	0.00431	0.00431	0.00144	0.00574	0.00383	0.00191	0.00479
4	0.01610	0.02023	0.01223	0.01106	0.01332	0.80232	0.00832	0.04522	0.01249	0.01113	0.00679	0.00786	0.00561	0.00446	0.00390	0.00112	0.00766	0.00281	0.00229	0.00508
5	0.00623	0.00418	0.00480	0.00483	0.00487	0.00420	0.00277	0.00631	0.00636	0.00851	0.01384	0.05558	0.01590	0.78786	0.05342	0.00420	0.00441	0.00640	0.00265	0.00269
6	0.43804	0.00782	0.00821	0.00669	0.00970	0.00795	0.00552	0.01694	0.00989	0.43247	0.01164	0.01093	0.00774	0.00468	0.00352	0.00133	0.00350	0.00336	0.00403	0.00603
7	0.79935	0.00946	0.00687	0.00617	0.00879	0.08555	0.00500	0.01308	0.00778	0.01852	0.00606	0.00707	0.00475	0.00404	0.00278	0.00131	0.00374	0.00237	0.00262	0.00470
8	0.00513	0.00435	0.00443	0.00445	0.00585	0.00365	0.00332	0.00625	0.00986	0.01183	0.07167	0.06587	0.76686	0.01091	0.00510	0.00146	0.00219	0.00914	0.00403	0.00365
9	0.11537	0.00769	0.00880	0.00732	0.00973	0.00787	0.00585	0.21473	0.04517	0.22108	0.23189	0.07437	0.01855	0.00665	0.00441	0.00136	0.00337	0.00548	0.00447	0.00585
10	0.04267	0.44961	0.05262	0.01060	0.01427	0.14618	0.18979	0.02689	0.00978	0.01178	0.00686	0.00827	0.00576	0.00385	0.00355	0.00111	0.00575	0.00307	0.00205	0.00554
11	0.01001	0.00946	0.01598	0.09858	0.67416	0.00960	0.01226	0.01255	0.00992	0.01409	0.08300	0.01272	0.00985	0.00434	0.00434	0.00130	0.00489	0.00420	0.00235	0.00638
12	0.00981	0.04395	0.11716	0.45286	0.14599	0.01053	0.03103	0.11248	0.01037	0.01388	0.00803	0.01073	0.00608	0.00428	0.00423	0.00136	0.00559	0.00372	0.00224	0.00567
13	0.00525	0.00375	0.00500	0.00600	0.00625	0.00350	0.00400	0.00600	0.00825	0.01100	0.02374	0.84580	0.02849	0.01350	0.00550	0.00175	0.00250	0.01225	0.00400	0.00350
14	0.00621	0.00441	0.00586	0.00586	0.00626	0.00481	0.00406	0.00701	0.00661	0.00921	0.01251	0.02229	0.01310	0.42157	0.44547	0.00561	0.00803	0.00540	0.00245	0.00326
15	0.01197	0.01128	0.01016	0.00905	0.01138	0.17157	0.00699	0.12831	0.45958	0.01716	0.02875	0.07911	0.02330	0.00619	0.00438	0.00139	0.00434	0.00500	0.00392	0.00618
16	0.01023	0.00979	0.01670	0.16637	0.68522	0.01012	0.01300	0.01284	0.00960	0.01354	0.00803	0.01080	0.00664	0.00392	0.00427	0.00131	0.00523	0.00384	0.00209	0.00647
17	0.01638	0.01135	0.01240	0.00958	0.01296	0.01239	0.00789	0.67037	0.06591	0.11888	0.01153	0.01118	0.00805	0.00523	0.00432	0.00131	0.00454	0.00399	0.00443	0.00730
18	0.00575	0.00420	0.00594	0.00639	0.00689	0.00447	0.00462	0.00685	0.00749	0.01036	0.01715	0.39164	0.01902	0.06574	0.41710	0.00445	0.00708	0.00814	0.00309	0.00363
19	0.00776	0.00521	0.00637	0.01762	0.00790	0.00505	0.00501	0.07179	0.02173	0.07047	0.05524	0.27028	0.19916	0.01038	0.00511	0.00159	0.00299	0.16844	0.06359	0.00432
20	0.87904	0.00833	0.00633	0.00566	0.00833	0.00966	0.00467	0.01266	0.00733	0.01933	0.00600	0.00700	0.00467	0.00400	0.00267	0.00133	0.00333	0.00233	0.00267	0.00467
21	0.01071	0.00925	0.00974	0.00877	0.01120	0.01071	0.00682	0.02289	0.81396	0.01802	0.01753	0.01607	0.01315	0.00584	0.00438	0.00146	0.00341	0.00487	0.00438	0.00682
22	0.01066	0.01023	0.01748	0.02644	0.82174	0.01023	0.01322	0.01322	0.00981	0.01407	0.00810	0.01066	0.00682	0.00384	0.00426	0.00128	0.00512	0.00384	0.00213	0.00682
23	0.00701	0.00548	0.00727	0.00821	0.08227	0.00556	0.01649	0.03568	0.06841	0.01218	0.05498	0.36552	0.05940	0.19285	0.00902	0.00217	0.02354	0.03636	0.00352	0.00410
24	0.00661	0.00547	0.00772	0.01029	0.17259	0.02483	0.00598	0.00774	0.00866	0.01161	0.02014	0.65543	0.02352	0.01131	0.00521	0.00164	0.00316	0.01030	0.00358	0.00421
25	0.00512	0.00436	0.00440	0.00439	0.00583	0.00365	0.00329	0.00623	0.00988	0.01177	0.06253	0.04123	0.80101	0.01086	0.00509	0.00145	0.00218	0.00906	0.00402	0.00365
26	0.00873	0.02166	0.77962	0.01262	0.01887	0.01006	0.06197	0.01365	0.00916	0.01365	0.00779	0.00924	0.00552	0.00407	0.00415	0.00137	0.00642	0.00329	0.00184	0.00633
27	0.00902	0.10970	0.26811	0.01235	0.01650	0.00998	0.28755	0.01274	0.04152	0.01356	0.08515	0.07697	0.02694	0.00524	0.00452	0.00138	0.00558	0.00505	0.00253	0.00561
28	0.00613	0.00461	0.00682	0.00688	0.00757	0.00533	0.00528	0.00756	0.00703	0.01007	0.01260	0.09353	0.01240	0.04404	0.72721	0.00631	0.02504	0.00533	0.00246	0.00381
29	0.00598	0.00520	0.00561	0.00583	0.00684	0.05232	0.01923	0.00704	0.00942	0.01165	0.07211	0.38024	0.36778	0.01140	0.00521	0.00156	0.00276	0.02220	0.00390	0.00373
30	0.01142	0.23010	0.17878	0.07312	0.08611	0.08401	0.02322	0.05705	0.08073	0.07339	0.03200	0.02265	0.02022	0.00467	0.00390	0.00124	0.00511	0.00367	0.00266	0.00596
31	0.00953	0.01617	0.41918	0.07811	0.33744	0.02209	0.01433	0.01327	0.00934	0.01351	0.00782	0.00988	0.00602	0.00408	0.00436	0.00134	0.02169	0.00349	0.00196	0.00638
32	0.00642	0.00471	0.00562	0.00533	0.00653	0.00446	0.00401	0.00900	0.06921	0.01614	0.53869	0.03131	0.18523	0.00865	0.00484	0.00135	0.00216	0.00748	0.08472	0.00418
33	0.00676	0.00584	0.00599	0.00636	0.00720	0.08051	0.00449	0.02755	0.03690	0.01221	0.09103	0.53038	0.14571	0.01141	0.00519	0.00159	0.00299	0.01007	0.00392	0.00391
34	0.01015	0.10710	0.27999	0.02085	0.08247	0.11883	0.04700	0.02267	0.06749	0.01282	0.00973	0.04529	0.00850	0.00618	0.03072	0.00155	0.06843	0.05219	0.00237	0.00567
35	0.14868	0.00517	0.00493	0.00471	0.00615	0.00540	0.00363	0.03115	0.03923	0.01629	0.01639	0.01760	0.10991	0.00614	0.01935	0.00125	0.00255	0.00441	0.55278	0.00426
36	0.00531	0.00378	0.00500	0.00593	0.00618	0.00354	0.00394	0.00605	0.00824	0.01101	0.03998	0.79223	0.02817	0.05069	0.00622	0.00185	0.00256	0.01189	0.00395	0.00347
37	0.01100	0.25866	0.10500	0.04714	0.02644	0.17235	0.11253	0.01338	0.03386	0.01148	0.00888	0.01060	0.03844	0.00615	0.04967	0.00155	0.08181	0.00355	0.00216	0.00534
38	0.00685	0.03073	0.03258	0.00693	0.03243	0.00556	0.00505	0.03480	0.00798	0.01091	0.05042	0.11818	0.03889	0.26365	0.27251	0.02553	0.00627	0.04415	0.00285	0.00374
39	0.00542	0.00400	0.00506	0.00584	0.00638	0.00369	0.00411	0.00633	0.00865	0.01123	0.02716	0.58649	0.17987	0.03887	0.00598	0.00179	0.00264	0.08901	0.00395	0.00354
40	0.01337	0.33709	0.04096	0.00897	0.01188	0.30762	0.00775	0.08897	0.02500	0.02901	0.00770	0.00865	0.00634	0.00436	0.00367	0.00108	0.02311	0.00289	0.06613	0.00546
41	0.01087	0.13303	0.30243	0.01406	0.17113	0.07027	0.06356	0.06056	0.03279	0.03919	0.00863	0.02221	0.00689	0.00448	0.00438	0.00130	0.03169	0.01403	0.00233	0.00618

[dist]
# distance from previous block
# <min> <max>
1	20

[block]
# block no. 4 follows, 61 sequences, length 66
# corresponding to MSA columns:
# 342-407
name=unknown_E
#
# <colnr> <probs for GDERKNQSTAVLIFYWHMCP>
#	G	D	E	R	K	N	Q	S	T	A	V	L	I	F	Y	W	H	M	C	P
0	0.02850	0.00880	0.01610	0.01239	0.01520	0.02017	0.40432	0.05476	0.02520	0.02890	0.11454	0.14678	0.03244	0.02198	0.00536	0.00155	0.00517	0.04956	0.00315	0.00512
1	0.00872	0.00585	0.00711	0.00677	0.00824	0.00589	0.00513	0.04156	0.17378	0.11009	0.23038	0.25939	0.06084	0.00925	0.00499	0.00152	0.00284	0.04827	0.00444	0.00494
2	0.01016	0.05506	0.05338	0.11538	0.36880	0.00954	0.05480	0.02730	0.03079	0.02867	0.00830	0.01036	0.00669	0.00385	0.00399	0.00115	0.00483	0.00354	0.00233	0.20108
3	0.00827	0.00670	0.00769	0.04152	0.00963	0.00729	0.00567	0.06648	0.32959	0.01492	0.02121	0.36531	0.07943	0.00932	0.00490	0.00157	0.00312	0.00817	0.00409	0.00514
4	0.01367	0.40560	0.01702	0.00848	0.01191	0.03858	0.00754	0.33878	0.03024	0.04023	0.00854	0.00926	0.00681	0.02323	0.00394	0.00117	0.00466	0.00317	0.00305	0.02412
5	0.00621	0.00423	0.00496	0.00498	0.00510	0.00430	0.00297	0.00643	0.00644	0.00865	0.01408	0.03972	0.03110	0.72254	0.11727	0.00441	0.00498	0.00622	0.00262	0.00279
6	0.00625	0.00423	0.00497	0.00497	0.00507	0.00432	0.00295	0.00644	0.00635	0.00855	0.01332	0.02680	0.01506	0.74818	0.12154	0.00451	0.00508	0.00606	0.00257	0.00276
7	0.01004	0.01052	0.01871	0.01433	0.01660	0.01199	0.38166	0.03564	0.05197	0.01287	0.00786	0.01083	0.00652	0.00555	0.00910	0.00164	0.38209	0.00445	0.00223	0.00541
8	0.00985	0.38314	0.01677	0.38273	0.01935	0.01288	0.00931	0.01281	0.07512	0.01130	0.00786	0.00992	0.00637	0.00417	0.00360	0.00120	0.00497	0.00324	0.02015	0.00527
9	0.01178	0.00566	0.00658	0.00568	0.00756	0.00548	0.00448	0.05310	0.05000	0.25358	0.05846	0.01624	0.01245	0.00536	0.00364	0.00116	0.00270	0.00435	0.48645	0.00529
10	0.01023	0.01019	0.01546	0.30763	0.47947	0.07774	0.01238	0.01278	0.00959	0.01271	0.00783	0.01071	0.00634	0.00405	0.00425	0.00132	0.00555	0.00375	0.00206	0.00596
11	0.00778	0.00714	0.01293	0.01066	0.01264	0.00685	0.29722	0.01050	0.07327	0.02852	0.01740	0.44015	0.01861	0.02792	0.00560	0.00166	0.00437	0.00875	0.00336	0.00466
12	0.01515	0.01126	0.01210	0.00957	0.01276	0.01251	0.00780	0.61772	0.17996	0.04523	0.01215	0.02367	0.00889	0.00543	0.00434	0.00133	0.00441	0.00421	0.00435	0.00717
13	0.00557	0.00394	0.00493	0.00554	0.00581	0.00377	0.00359	0.00615	0.00772	0.01022	0.02162	0.52376	0.07564	0.26099	0.03805	0.00262	0.00328	0.01001	0.00353	0.00326
14	0.87904	0.00833	0.00633	0.00566	0.00833	0.00966	0.00467	0.01266	0.00733	0.01933	0.00600	0.00700	0.00467	0.00400	0.00267	0.00133	0.00333	0.00233	0.00267	0.00467
15	0.01173	0.00871	0.00966	0.00830	0.01052	0.00987	0.00660	0.16376	0.39668	0.07797	0.04348	0.01494	0.01196	0.00581	0.00500	0.00139	0.07249	0.00454	0.13034	0.00627
16	0.01087	0.00933	0.00983	0.00880	0.01126	0.01079	0.00686	0.04412	0.79248	0.01827	0.01734	0.01592	0.01299	0.00583	0.00438	0.00146	0.00345	0.00484	0.00438	0.00683
17	0.01859	0.00717	0.00976	0.00754	0.01074	0.00621	0.00621	0.02028	0.01232	0.77999	0.06146	0.01563	0.01232	0.00552	0.00437	0.00133	0.00357	0.00452	0.00530	0.00715
18	0.00537	0.00380	0.00496	0.00585	0.00607	0.00358	0.00384	0.00603	0.00801	0.01069	0.02255	0.75004	0.02699	0.11131	0.00742	0.00203	0.00270	0.01155	0.00384	0.00339
19	0.00604	0.00439	0.00480	0.00478	0.00609	0.00381	0.00355	0.00730	0.00995	0.04605	0.12609	0.12914	0.54313	0.01027	0.00494	0.00144	0.00225	0.00870	0.07344	0.00385
20	0.00525	0.00375	0.00500	0.00600	0.00625	0.00350	0.00400	0.00600	0.00825	0.01100	0.02374	0.84580	0.02849	0.01350	0.00550	0.00175	0.00250	0.01225	0.00400	0.00350
21	0.01063	0.01208	0.02281	0.01760	0.07574	0.07871	0.62228	0.01377	0.01003	0.01327	0.00826	0.01106	0.00640	0.00402	0.00565	0.00145	0.07366	0.00470	0.00216	0.00572
22	0.87904	0.00833	0.00633	0.00566	0.00833	0.00966	0.00467	0.01266	0.00733	0.01933	0.00600	0.00700	0.00467	0.00400	0.00267	0.00133	0.00333	0.00233	0.00267	0.00467
23	0.87904	0.00833	0.00633	0.00566	0.00833	0.00966	0.00467	0.01266	0.00733	0.01933	0.00600	0.00700	0.00467	0.00400	0.00267	0.00133	0.00333	0.00233	0.00267	0.00467
24	0.01637	0.01207	0.01293	0.00991	0.01336	0.01336	0.00819	0.80738	0.02025	0.02715	0.01034	0.01034	0.00733	0.00517	0.00431	0.00129	0.00474	0.00388	0.00431	0.00733
25	0.00531	0.00379	0.00504	0.00600	0.00628	0.00354	0.00403	0.00609	0.00832	0.01111	0.03807	0.80539	0.02846	0.02519	0.00573	0.00178	0.00254	0.02582	0.00399	0.00350
26	0.00626	0.00418	0.00470	0.00470	0.00470	0.00418	0.00261	0.00626	0.00626	0.00835	0.01357	0.02819	0.01566	0.84862	0.02192	0.00418	0.00418	0.00626	0.00261	0.00261
27	0.87904	0.00833	0.00633	0.00566	0.00833	0.00966	0.00467	0.01266	0.00733	0.01933	0.00600	0.00700	0.00467	0.00400	0.00267	0.00133	0.00333	0.00233	0.00267	0.00467
28	0.00545	0.00389	0.00515	0.00609	0.00641	0.00367	0.00419	0.00628	0.00833	0.01105	0.02349	0.72199	0.04001	0.05304	0.00631	0.00188	0.00271	0.08265	0.00393	0.00350
29	0.03549	0.00470	0.00526	0.00510	0.00584	0.00493	0.00355	0.04619	0.00808	0.01269	0.01301	0.02036	0.01241	0.33789	0.14770	0.00324	0.00460	0.00493	0.32040	0.00362
30	0.00942	0.00942	0.01319	0.01131	0.01131	0.01319	0.00942	0.01037	0.00660	0.01037	0.00565	0.00942	0.00565	0.00754	0.01414	0.00188	0.84073	0.00377	0.00188	0.00471
31	0.00527	0.00384	0.00497	0.00581	0.00621	0.00354	0.00393	0.00612	0.00859	0.01136	0.06355	0.72796	0.10694	0.01302	0.00544	0.00170	0.00245	0.01172	0.00403	0.00354
32	0.87904	0.00833	0.00633	0.00566	0.00833	0.00966	0.00467	0.01266	0.00733	0.01933	0.00600	0.00700	0.00467	0.00400	0.00267	0.00133	0.00333	0.00233	0.00267	0.00467
33	0.00610	0.00440	0.00576	0.00542	0.00644	0.00406	0.00406	0.00813	0.01219	0.01727	0.81947	0.03218	0.04064	0.00881	0.00508	0.00135	0.00203	0.00779	0.00474	0.00406
34	0.00550	0.00434	0.00484	0.00480	0.00596	0.00381	0.00352	0.00676	0.01012	0.01291	0.25385	0.07104	0.49478	0.07956	0.00651	0.00167	0.00234	0.01994	0.00409	0.00367
35	0.01024	0.00980	0.01672	0.16275	0.68875	0.01012	0.01301	0.01285	0.00961	0.01356	0.00803	0.01080	0.00664	0.00392	0.00427	0.00131	0.00522	0.00384	0.00210	0.00648
36	0.37138	0.00806	0.00868	0.02547	0.01040	0.00829	0.00586	0.07989	0.01077	0.39762	0.01169	0.01113	0.00783	0.00474	0.00362	0.00133	0.00363	0.00346	0.02003	0.00612
37	0.00544	0.00388	0.00517	0.00614	0.00645	0.00366	0.00424	0.00628	0.00835	0.01110	0.02335	0.74622	0.02776	0.03807	0.00603	0.00184	0.00269	0.08586	0.00395	0.00352
38	0.00567	0.00411	0.00553	0.00603	0.00646	0.00419	0.00420	0.00657	0.00763	0.01034	0.01944	0.43300	0.05879	0.13723	0.26595	0.00369	0.00555	0.00887	0.00327	0.00349
39	0.00974	0.18953	0.06035	0.00729	0.00922	0.09381	0.00606	0.10592	0.00968	0.01220	0.02382	0.07357	0.01210	0.28671	0.04029	0.00241	0.00492	0.02972	0.01819	0.00447
40	0.01087	0.01172	0.01983	0.06493	0.30238	0.09528	0.36338	0.01423	0.04840	0.01361	0.00865	0.01109	0.00681	0.00393	0.00460	0.00136	0.00629	0.00433	0.00226	0.00607
41	0.30611	0.05495	0.01146	0.06523	0.11793	0.35309	0.00792	0.01453	0.00984	0.01398	0.00666	0.00809	0.00543	0.00417	0.00349	0.00122	0.00564	0.00281	0.00232	0.00513
42	0.00532	0.00382	0.00516	0.00607	0.00637	0.00365	0.00411	0.00614	0.00814	0.01091	0.02273	0.77743	0.02703	0.01505	0.07364	0.00218	0.00324	0.01162	0.00386	0.00353
43	0.00739	0.00533	0.00664	0.00745	0.00806	0.00486	0.00525	0.00793	0.00986	0.01325	0.05440	0.63720	0.05912	0.01388	0.00625	0.00207	0.00334	0.13860	0.00457	0.00454
44	0.00893	0.00766	0.00893	0.00638	0.01021	0.00574	0.00510	0.01085	0.00893	0.01404	0.00766	0.00893	0.00638	0.00319	0.00319	0.00064	0.00319	0.00255	0.00255	0.87495
45	0.01258	0.01455	0.01293	0.33164	0.08632	0.43047	0.01013	0.02985	0.01078	0.01134	0.00723	0.00949	0.00576	0.00435	0.00409	0.00125	0.00671	0.00329	0.00214	0.00511
46	0.00539	0.00438	0.00478	0.00468	0.00600	0.00376	0.00351	0.00676	0.01052	0.01331	0.27367	0.03870	0.58892	0.01029	0.00509	0.00142	0.00214	0.00871	0.00422	0.00376
47	0.00513	0.00433	0.00443	0.00447	0.00584	0.00365	0.00332	0.00621	0.00973	0.01167	0.05728	0.08282	0.75263	0.02261	0.00535	0.00151	0.00222	0.00919	0.00400	0.00362
48	0.16319	0.01046	0.01037	0.00836	0.01122	0.05648	0.00679	0.45644	0.03133	0.06054	0.07465	0.01207	0.00995	0.00523	0.00398	0.00128	0.00419	0.00391	0.06332	0.00624
49	0.85969	0.00831	0.00641	0.00571	0.00839	0.00959	0.00470	0.01285	0.00744	0.03745	0.00625	0.00717	0.00480	0.00403	0.00270	0.00133	0.00334	0.00238	0.00273	0.00473
50	0.01593	0.01205	0.01266	0.00985	0.01319	0.03270	0.00808	0.72715	0.08213	0.02604	0.01082	0.01073	0.00774	0.00521	0.00430	0.00130	0.00471	0.00393	0.00426	0.00723
51	0.11513	0.01007	0.01121	0.00868	0.01200	0.01061	0.00717	0.45645	0.01616	0.29083	0.01206	0.01140	0.00813	0.00509	0.00413	0.00131	0.00422	0.00385	0.00446	0.00703
52	0.00657	0.00484	0.00628	0.00667	0.00773	0.00471	0.00548	0.00870	0.03760	0.01386	0.23783	0.04120	0.13175	0.05054	0.00631	0.00183	0.00321	0.41678	0.00413	0.00398
53	0.87904	0.00833	0.00633	0.00566	0.00833	0.00966	0.00467	0.01266	0.00733	0.01933	0.00600	0.00700	0.00467	0.00400	0.00267	0.00133	0.00333	0.00233	0.00267	0.00467
54	0.03947	0.00801	0.01031	0.00793	0.01126	0.00738	0.00655	0.12947	0.01330	0.69525	0.01581	0.01388	0.01006	0.00528	0.00429	0.00133	0.00381	0.00422	0.00513	0.00727
55	0.01033	0.00509	0.00601	0.00536	0.00694	0.00485	0.00416	0.04072	0.01073	0.19288	0.16878	0.04842	0.01711	0.00612	0.00383	0.00118	0.00249	0.00510	0.45505	0.00485
56	0.00589	0.00444	0.00547	0.00533	0.00647	0.00402	0.00408	0.00765	0.01134	0.01534	0.53703	0.03612	0.25704	0.00965	0.00516	0.00143	0.00223	0.07291	0.00447	0.00394
57	0.19035	0.00753	0.00927	0.00727	0.01047	0.00699	0.00600	0.01934	0.01133	0.66451	0.01481	0.01314	0.00947	0.00507	0.00400	0.00133	0.00360	0.00393	0.00480	0.00680
58	0.08098	0.01003	0.01135	0.00876	0.01211	0.01047	0.00724	0.45663	0.01636	0.32298	0.01249	0.01170	0.00837	0.00514	0.00420	0.00131	0.00424	0.00393	0.00457	0.00713
59	0.00570	0.00405	0.00528	0.00605	0.00651	0.00384	0.00430	0.00670	0.00870	0.01162	0.07734	0.54838	0.06230	0.08098	0.00682	0.00193	0.00281	0.13341	0.01972	0.00355
60	0.00688	0.00441	0.00521	0.00500	0.00599	0.00416	0.00362	0.00834	0.00980	0.04730	0.29867	0.02835	0.16825	0.15673	0.05366	0.00211	0.00303	0.00668	0.17796	0.00384
61	0.23634	0.00631	0.00600	0.00539	0.00722	0.00682	0.00426	0.09355	0.04532	0.04681	0.01183	0.01306	0.00908	0.00482	0.00316	0.00115	0.00275	0.00361	0.48775	0.00477
62	0.00938	0.00633	0.00671	0.00610	0.00775	0.00683	0.00472	0.09116	0.23883	0.01784	0.10901	0.01739	0.01474	0.00571	0.00377	0.00120	0.00267	0.00469	0.44002	0.00514
63	0.00583	0.00426	0.00581	0.00648	0.00700	0.00405	0.02348	0.02645	0.00877	0.01172	0.02315	0.71203	0.04076	0.01272	0.00544	0.00173	0.00277	0.07412	0.01975	0.00370
64	0.01196	0.05700	0.07630	0.00892	0.01216	0.03537	0.00767	0.24455	0.32450	0.01892	0.01335	0.01306	0.03643	0.00518	0.00411	0.00126	0.00415	0.00409	0.00371	0.11731
65	0.01347	0.27262	0.05344	0.00972	0.03814	0.39166	0.00800	0.01493	0.01073	0.06639	0.01031	0.01091	0.07312	0.00477	0.00369	0.00111	0.00591	0.00331	0.00244	0.00533

[dist]
# distance from previous block
# <min> <max>
0	4

[block]
# block no. 5 follows, 61 sequences, length 8
# corresponding to MSA columns:
# 412-419
name=unknown_F
#
# <colnr> <probs for GDERKNQSTAVLIFYWHMCP>
#	G	D	E	R	K	N	Q	S	T	A	V	L	I	F	Y	W	H	M	C	P
0	0.02485	0.25421	0.33983	0.01144	0.05631	0.03792	0.08510	0.02664	0.03323	0.02539	0.02155	0.00997	0.00687	0.02857	0.00452	0.00133	0.02088	0.00337	0.00215	0.00589
1	0.00897	0.05029	0.65770	0.01279	0.01850	0.01052	0.11440	0.01348	0.00910	0.01338	0.00769	0.00935	0.00560	0.00419	0.00465	0.00138	0.04653	0.00342	0.00187	0.00619
2	0.00537	0.00389	0.00508	0.00591	0.00634	0.00361	0.00407	0.00629	0.00872	0.01157	0.08204	0.69119	0.09141	0.01289	0.00546	0.00171	0.00250	0.04433	0.00405	0.00357
3	0.00977	0.06012	0.16532	0.02646	0.03763	0.07731	0.03326	0.08871	0.02215	0.07022	0.02987	0.11549	0.17468	0.04869	0.00538	0.00152	0.00446	0.02055	0.00322	0.00518
4	0.02258	0.09710	0.19815	0.05853	0.05486	0.02524	0.08346	0.06932	0.04113	0.03122	0.03897	0.01236	0.02931	0.00453	0.00397	0.00118	0.00482	0.01993	0.02325	0.18010
5	0.00707	0.00643	0.00662	0.00668	0.00759	0.09425	0.00492	0.00857	0.03589	0.01223	0.14608	0.33261	0.18442	0.01129	0.03754	0.00176	0.06299	0.02535	0.00372	0.00399
6	0.00536	0.00379	0.00497	0.00586	0.00608	0.00357	0.00385	0.00603	0.00804	0.01072	0.02266	0.75891	0.02713	0.10225	0.00724	0.00201	0.00268	0.01161	0.00385	0.00340
7	0.01045	0.05423	0.01031	0.00864	0.02520	0.15556	0.03168	0.11818	0.13415	0.01575	0.19908	0.06389	0.08765	0.00706	0.00487	0.00137	0.03159	0.03145	0.00367	0.00521

[dist]
# distance from previous block
# <min> <max>
10	35

[block]
# block no. 6 follows, 61 sequences, length 30
# corresponding to MSA columns:
# 469-498
name=unknown_G
#
# <colnr> <probs for GDERKNQSTAVLIFYWHMCP>
#	G	D	E	R	K	N	Q	S	T	A	V	L	I	F	Y	W	H	M	C	P
0	0.00889	0.03574	0.18257	0.01108	0.01440	0.05149	0.22893	0.03501	0.05474	0.01443	0.16795	0.06749	0.06993	0.00628	0.00474	0.00141	0.00501	0.03156	0.00306	0.00529
1	0.01186	0.38631	0.07659	0.01099	0.09493	0.09157	0.00912	0.10545	0.01018	0.01285	0.00684	0.00836	0.00589	0.00463	0.00523	0.00121	0.14704	0.00300	0.00220	0.00574
2	0.04302	0.00909	0.17088	0.00873	0.05804	0.00658	0.00746	0.01172	0.09053	0.09632	0.07569	0.24928	0.08277	0.03968	0.00537	0.00160	0.00372	0.03088	0.00358	0.00507
3	0.01201	0.01435	0.09713	0.22775	0.12678	0.27603	0.06486	0.08178	0.03421	0.01330	0.00798	0.00997	0.00620	0.00434	0.00420	0.00129	0.00633	0.00354	0.00232	0.00563
4	0.00695	0.00561	0.03009	0.00687	0.00802	0.00541	0.00546	0.08634	0.00954	0.01274	0.02101	0.27634	0.12342	0.03293	0.22187	0.00309	0.00542	0.13127	0.00349	0.00412
5	0.64588	0.00807	0.00710	0.00639	0.00874	0.00942	0.00519	0.01332	0.09396	0.03314	0.00800	0.00923	0.00635	0.00725	0.08800	0.00194	0.03739	0.00293	0.00283	0.00486
6	0.01147	0.05206	0.01230	0.01159	0.11180	0.18740	0.04955	0.10335	0.19264	0.01471	0.01273	0.15331	0.01170	0.01677	0.00500	0.00142	0.03803	0.00529	0.00320	0.00567
