[name]
unknown

[dist]
# distance from previous block
# <min> <max>
2	216

[block]
# block no. 0 follows, 71 sequences, length 6
# corresponding to MSA columns:
# 219-224
name=unknown_A
#
# <colnr> <probs for GDERKNQSTAVLIFYWHMCP>
#	G	D	E	R	K	N	Q	S	T	A	V	L	I	F	Y	W	H	M	C	P
0	0.12200	0.00662	0.00849	0.00653	0.00936	0.00579	0.06401	0.01229	0.00893	0.26857	0.04377	0.03886	0.07000	0.00453	0.00347	0.00100	0.00312	0.00377	0.00323	0.31568
1	0.00899	0.00761	0.00939	0.00841	0.11824	0.00649	0.00583	0.11324	0.00932	0.01397	0.00717	0.00831	0.00584	0.00314	0.00309	0.00072	0.00324	0.00257	0.00242	0.66201
2	0.01000	0.00824	0.01383	0.06099	0.59152	0.00816	0.03918	0.01214	0.00904	0.12113	0.05048	0.04101	0.00865	0.00413	0.00391	0.00118	0.00426	0.00395	0.00244	0.00578
3	0.89233	0.00741	0.00564	0.00504	0.00741	0.00860	0.00415	0.01127	0.00653	0.01720	0.00534	0.00623	0.00415	0.00356	0.00237	0.00119	0.00297	0.00208	0.00237	0.00415
4	0.00965	0.00782	0.00886	0.00649	0.00981	0.00685	0.00525	0.22002	0.01054	0.01549	0.00743	0.00827	0.00590	0.00329	0.00310	0.00072	0.00319	0.00257	0.00267	0.66207
5	0.00949	0.00911	0.01556	0.02353	0.84133	0.00911	0.01177	0.01177	0.00873	0.01253	0.00721	0.00949	0.00607	0.00342	0.00380	0.00114	0.00456	0.00342	0.00190	0.00607

[dist]
# distance from previous block
# <min> <max>
6	7

[block]
# block no. 1 follows, 71 sequences, length 13
# corresponding to MSA columns:
# 235-247
name=unknown_B
#
# <colnr> <probs for GDERKNQSTAVLIFYWHMCP>
#	G	D	E	R	K	N	Q	S	T	A	V	L	I	F	Y	W	H	M	C	P
0	0.01432	0.01827	0.01087	0.00988	0.01185	0.84986	0.00741	0.01531	0.01087	0.00938	0.00593	0.00691	0.00494	0.00395	0.00346	0.00099	0.00691	0.00247	0.00198	0.00444
1	0.00842	0.00725	0.02333	0.00849	0.06387	0.00725	0.06617	0.01406	0.36371	0.04852	0.04387	0.12532	0.07106	0.00598	0.00402	0.00123	0.00320	0.01784	0.00336	0.11306
2	0.00502	0.00420	0.00441	0.00439	0.00564	0.00377	0.00327	0.00684	0.07736	0.01111	0.08731	0.10283	0.65152	0.00941	0.00451	0.00131	0.00205	0.00794	0.00363	0.00349
3	0.79734	0.00808	0.06041	0.00542	0.00794	0.00841	0.00478	0.01116	0.00681	0.01680	0.04048	0.00729	0.00554	0.00374	0.00255	0.00119	0.00309	0.00233	0.00240	0.00423
4	0.00467	0.00334	0.00445	0.00534	0.00556	0.00311	0.00356	0.00534	0.00734	0.00979	0.02113	0.86275	0.02536	0.01201	0.00489	0.00156	0.00222	0.01090	0.00356	0.00311
5	0.89233	0.00741	0.00564	0.00504	0.00741	0.00860	0.00415	0.01127	0.00653	0.01720	0.00534	0.00623	0.00415	0.00356	0.00237	0.00119	0.00297	0.00208	0.00237	0.00415
6	0.00773	0.00738	0.01267	0.66769	0.18134	0.00867	0.03987	0.01026	0.00792	0.01040	0.00692	0.01009	0.00532	0.00373	0.00385	0.00125	0.00505	0.00345	0.00175	0.00464
7	0.01509	0.00815	0.00942	0.00752	0.01030	0.04447	0.00610	0.16886	0.17354	0.49351	0.01372	0.01232	0.00918	0.00477	0.00384	0.00119	0.00355	0.00381	0.00429	0.00634
8	0.00455	0.00382	0.00395	0.00404	0.00522	0.00322	0.00298	0.00548	0.00859	0.01030	0.03689	0.12780	0.75013	0.00996	0.00457	0.00132	0.00197	0.00840	0.00356	0.00322
9	0.01105	0.00779	0.01379	0.10932	0.16940	0.00750	0.23490	0.01323	0.00932	0.27370	0.01166	0.06727	0.02617	0.00467	0.00414	0.00126	0.00451	0.02190	0.00296	0.00545
10	0.01200	0.01343	0.01143	0.01001	0.02688	0.43658	0.06805	0.10965	0.06118	0.01174	0.00737	0.00890	0.00608	0.00675	0.08528	0.00163	0.11288	0.00314	0.00228	0.00474
11	0.01234	0.00742	0.01236	0.00962	0.02796	0.00690	0.24006	0.01512	0.07862	0.39717	0.10168	0.01489	0.01180	0.02315	0.00449	0.00129	0.00404	0.02176	0.00369	0.00563
12	0.00776	0.00748	0.01309	0.65070	0.15857	0.00871	0.07869	0.01032	0.00795	0.01045	0.00696	0.01011	0.00533	0.00372	0.00388	0.00126	0.00513	0.00350	0.00175	0.00463

[dist]
# distance from previous block
# <min> <max>
1	5

[block]
# block no. 2 follows, 71 sequences, length 17
# corresponding to MSA columns:
# 253-269
name=unknown_C
#
# <colnr> <probs for GDERKNQSTAVLIFYWHMCP>
#	G	D	E	R	K	N	Q	S	T	A	V	L	I	F	Y	W	H	M	C	P
0	0.01328	0.01639	0.01039	0.00919	0.01140	0.71130	0.00694	0.01438	0.01039	0.00989	0.00607	0.00708	0.00506	0.00377	0.00336	0.00092	0.00625	0.00244	0.00202	0.14948
1	0.01120	0.04927	0.15165	0.06390	0.08406	0.02618	0.24547	0.05067	0.02949	0.22378	0.02051	0.01061	0.00709	0.00392	0.00395	0.00120	0.00494	0.00374	0.00273	0.00565
2	0.15051	0.00448	0.00468	0.00446	0.00577	0.00427	0.00340	0.00715	0.00924	0.01352	0.35883	0.02851	0.37596	0.00794	0.00417	0.00124	0.00206	0.00663	0.00363	0.00354
3	0.00808	0.01169	0.27097	0.01216	0.10912	0.02526	0.19957	0.02421	0.07135	0.01205	0.02798	0.01118	0.00749	0.00899	0.18029	0.00226	0.00640	0.00377	0.00209	0.00510
4	0.00528	0.00401	0.00542	0.00541	0.00616	0.00430	0.00408	0.00643	0.00682	0.00929	0.04587	0.02135	0.19099	0.11388	0.54759	0.00467	0.00746	0.00523	0.00249	0.00327
5	0.00559	0.14509	0.00701	0.00554	0.00626	0.00509	0.00405	0.00635	0.00741	0.00966	0.01854	0.72225	0.02201	0.01058	0.00449	0.00144	0.00253	0.00945	0.00324	0.00341
6	0.00904	0.00746	0.00853	0.00619	0.00955	0.00622	0.00499	0.14397	0.00960	0.01441	0.00721	0.00816	0.00582	0.00313	0.00300	0.00066	0.00307	0.00247	0.00253	0.74400
7	0.04998	0.82882	0.01944	0.00649	0.00973	0.01488	0.00645	0.01147	0.00773	0.00939	0.00533	0.00615	0.00489	0.00329	0.00246	0.00084	0.00405	0.00205	0.00167	0.00489
8	0.89233	0.00741	0.00564	0.00504	0.00741	0.00860	0.00415	0.01127	0.00653	0.01720	0.00534	0.00623	0.00415	0.00356	0.00237	0.00119	0.00297	0.00208	0.00237	0.00415
9	0.00856	0.05157	0.55361	0.00941	0.01384	0.00795	0.03361	0.01206	0.00889	0.10805	0.14432	0.01201	0.01056	0.00443	0.00379	0.00120	0.00471	0.00364	0.00241	0.00538
10	0.00580	0.00466	0.03256	0.00647	0.00742	0.00434	0.00550	0.00745	0.00846	0.01135	0.12186	0.12390	0.04684	0.01313	0.14364	0.00236	0.00430	0.44311	0.00332	0.00354
11	0.00740	0.00703	0.01153	0.74177	0.02420	0.00895	0.01034	0.00972	0.00742	0.00972	0.00657	0.00997	0.00510	0.00422	0.00502	0.00133	0.12034	0.00340	0.00170	0.00425
12	0.00556	0.00380	0.00458	0.00458	0.00472	0.00393	0.00282	0.00583	0.00569	0.00773	0.01171	0.02306	0.01306	0.69613	0.18743	0.00421	0.00504	0.00528	0.00227	0.00255
13	0.00970	0.00834	0.00977	0.00977	0.10563	0.00940	0.02462	0.01917	0.70256	0.03471	0.01446	0.01364	0.01088	0.00494	0.00390	0.00128	0.00329	0.00422	0.00365	0.00606
14	0.00927	0.00796	0.00844	0.00761	0.00970	0.00916	0.00591	0.01953	0.78149	0.01600	0.06854	0.01523	0.01328	0.00537	0.00394	0.00129	0.00296	0.00450	0.00392	0.00591
15	0.00968	0.67880	0.20386	0.00753	0.01134	0.01378	0.00825	0.01163	0.00786	0.00972	0.00568	0.00658	0.00491	0.00336	0.00272	0.00091	0.00445	0.00222	0.00164	0.00509
16	0.00903	0.10690	0.01454	0.01888	0.60918	0.00904	0.01025	0.01111	0.00864	0.01195	0.00914	0.01464	0.00856	0.00458	0.00389	0.00120	0.00433	0.13646	0.00214	0.00552

[dist]
# distance from previous block
# <min> <max>
1	7

[block]
# block no. 3 follows, 71 sequences, length 46
# corresponding to MSA columns:
# 277-322
name=unknown_D
#
# <colnr> <probs for GDERKNQSTAVLIFYWHMCP>
#	G	D	E	R	K	N	Q	S	T	A	V	L	I	F	Y	W	H	M	C	P
0	0.00796	0.09336	0.74354	0.01074	0.01613	0.00948	0.04308	0.01209	0.00810	0.01188	0.00678	0.00801	0.00490	0.00360	0.00357	0.00118	0.00556	0.00283	0.00163	0.00558
1	0.01460	0.17229	0.01092	0.00662	0.00970	0.00740	0.00566	0.01606	0.00995	0.56947	0.01210	0.01102	0.00809	0.00420	0.00345	0.00103	0.00337	0.00329	0.00381	0.12696
2	0.10868	0.27235	0.01314	0.00815	0.01073	0.37598	0.00675	0.12713	0.01046	0.02551	0.00629	0.00703	0.00514	0.00381	0.00310	0.00098	0.00520	0.00246	0.00222	0.00488
3	0.00666	0.00333	0.00500	0.00500	0.00500	0.00333	0.00333	0.00500	0.00500	0.00666	0.00666	0.01166	0.00666	0.01332	0.01499	0.88844	0.00333	0.00333	0.00167	0.00167
4	0.00545	0.00393	0.00515	0.00488	0.00579	0.00364	0.00368	0.00725	0.01080	0.01528	0.81821	0.02902	0.03581	0.00791	0.00454	0.00122	0.00185	0.02777	0.00420	0.00362
5	0.00949	0.00911	0.01556	0.02353	0.84133	0.00911	0.01177	0.01177	0.00873	0.01253	0.00721	0.00949	0.00607	0.00342	0.00380	0.00114	0.00456	0.00342	0.00190	0.00607
6	0.00479	0.00342	0.00458	0.00547	0.00575	0.00322	0.00376	0.00554	0.00746	0.00992	0.02107	0.79864	0.02510	0.01190	0.00493	0.00157	0.00233	0.07385	0.00356	0.00315
7	0.00747	0.00701	0.01181	0.81182	0.02587	0.00863	0.03309	0.03021	0.00796	0.01022	0.00690	0.01020	0.00517	0.00384	0.00385	0.00128	0.00513	0.00344	0.00176	0.00434
8	0.01458	0.01074	0.01151	0.00882	0.01189	0.01189	0.00729	0.82855	0.01803	0.02416	0.00921	0.00921	0.00652	0.00460	0.00384	0.00115	0.00422	0.00345	0.00384	0.00652
9	0.00542	0.00406	0.00525	0.00522	0.02870	0.00372	0.00375	0.00713	0.01052	0.01464	0.71082	0.02920	0.14131	0.00796	0.00450	0.00122	0.00190	0.00699	0.00407	0.00364
10	0.00954	0.00824	0.00867	0.00780	0.00997	0.00954	0.00607	0.02037	0.83441	0.01604	0.01561	0.01431	0.01170	0.00520	0.00390	0.00130	0.00303	0.00433	0.00390	0.00607
11	0.00941	0.01003	0.02125	0.01531	0.01890	0.00962	0.73449	0.01241	0.00894	0.05345	0.00795	0.01035	0.00595	0.00353	0.00500	0.00131	0.06044	0.00442	0.00206	0.00518
12	0.00769	0.01983	0.84538	0.01093	0.01659	0.00890	0.01417	0.01214	0.00810	0.01214	0.00688	0.00810	0.00486	0.00364	0.00364	0.00121	0.00567	0.00283	0.00162	0.00567
13	0.01350	0.01423	0.01084	0.05139	0.01237	0.45375	0.00738	0.26578	0.10748	0.01472	0.00809	0.00863	0.00621	0.00429	0.00364	0.00109	0.00555	0.00303	0.00276	0.00526
14	0.01585	0.00775	0.00958	0.00732	0.01035	0.00740	0.00604	0.25037	0.01280	0.55461	0.01289	0.01161	0.00839	0.00458	0.00378	0.00114	0.00351	0.00364	0.00432	0.06408
15	0.00467	0.00334	0.00445	0.00534	0.00556	0.00311	0.00356	0.00534	0.00734	0.00979	0.02113	0.86275	0.02536	0.01201	0.00489	0.00156	0.00222	0.01090	0.00356	0.00311
16	0.01030	0.80590	0.05058	0.00684	0.01016	0.04443	0.00687	0.01164	0.00791	0.00915	0.00541	0.00625	0.00492	0.00332	0.00254	0.00084	0.00426	0.00209	0.00165	0.00493
17	0.00840	0.08801	0.73382	0.01035	0.01568	0.00924	0.01309	0.01244	0.00822	0.05615	0.00719	0.00820	0.00511	0.00367	0.00356	0.00118	0.00541	0.00282	0.00179	0.00565
18	0.00558	0.00372	0.00418	0.00418	0.00418	0.00372	0.00232	0.00558	0.00558	0.00743	0.01208	0.02509	0.01394	0.86525	0.01952	0.00372	0.00372	0.00558	0.00232	0.00232
19	0.00467	0.00334	0.00445	0.00534	0.00556	0.00311	0.00356	0.00534	0.00734	0.00979	0.02113	0.86275	0.02536	0.01201	0.00489	0.00156	0.00222	0.01090	0.00356	0.00311
20	0.01408	0.01474	0.01095	0.00934	0.01173	0.47696	0.00727	0.31950	0.07218	0.01538	0.00784	0.00830	0.00601	0.00428	0.00363	0.00107	0.00563	0.00297	0.00281	0.00534
21	0.00954	0.00824	0.00867	0.00780	0.00997	0.00954	0.00607	0.02037	0.83441	0.01604	0.01561	0.01431	0.01170	0.00520	0.00390	0.00130	0.00303	0.00433	0.00390	0.00607
22	0.01720	0.00653	0.00890	0.00682	0.00979	0.00564	0.00564	0.01869	0.01097	0.84399	0.01513	0.01305	0.00949	0.00475	0.00386	0.00119	0.00326	0.00386	0.00475	0.00653
23	0.00934	0.01651	0.60891	0.01084	0.01583	0.00850	0.10543	0.01330	0.02212	0.14053	0.00839	0.00922	0.00579	0.00379	0.00378	0.00122	0.00534	0.00321	0.00218	0.00575
24	0.00470	0.00336	0.00448	0.00537	0.00561	0.00314	0.00361	0.00539	0.00737	0.00982	0.02112	0.84596	0.02529	0.01198	0.00490	0.00156	0.00225	0.02739	0.00356	0.00312
25	0.01720	0.00653	0.00890	0.00682	0.00979	0.00564	0.00564	0.01869	0.01097	0.84399	0.01513	0.01305	0.00949	0.00475	0.00386	0.00119	0.00326	0.00386	0.00475	0.00653
26	0.01056	0.76752	0.04143	0.00693	0.01021	0.04893	0.00684	0.05229	0.00843	0.00987	0.00559	0.00639	0.00500	0.00338	0.00260	0.00085	0.00426	0.00216	0.00176	0.00500
27	0.00963	0.00865	0.01222	0.01540	0.40325	0.00932	0.02053	0.01585	0.39241	0.03111	0.01122	0.01178	0.00873	0.00436	0.00410	0.00123	0.02745	0.00387	0.00288	0.00602
28	0.01025	0.86756	0.02009	0.00656	0.00984	0.01517	0.00656	0.01148	0.00779	0.00902	0.00533	0.00615	0.00492	0.00328	0.00246	0.00082	0.00410	0.00205	0.00164	0.00492
29	0.00558	0.00372	0.00418	0.00418	0.00418	0.00372	0.00232	0.00558	0.00558	0.00743	0.01208	0.02509	0.01394	0.86525	0.01952	0.00372	0.00372	0.00558	0.00232	0.00232
30	0.01102	0.00837	0.00915	0.00804	0.02188	0.00939	0.00625	0.12077	0.62862	0.10995	0.01464	0.01346	0.01073	0.00505	0.00389	0.00127	0.00323	0.00416	0.00396	0.00618
31	0.01662	0.00666	0.00888	0.00690	0.00980	0.00593	0.00567	0.01881	0.07352	0.78110	0.01516	0.01315	0.00966	0.00478	0.00386	0.00120	0.00325	0.00389	0.00468	0.00649
32	0.00909	0.48314	0.39433	0.00854	0.01290	0.01233	0.01001	0.01178	0.00793	0.01044	0.00603	0.00703	0.00489	0.00344	0.00300	0.00100	0.00481	0.00241	0.00163	0.00526
33	0.00801	0.00760	0.01288	0.57265	0.30381	0.00872	0.01103	0.01047	0.00803	0.01073	0.00695	0.00997	0.00544	0.00369	0.00382	0.00123	0.00492	0.00341	0.00177	0.00488
34	0.15425	0.00915	0.03909	0.05119	0.01045	0.09704	0.01676	0.07493	0.04892	0.01216	0.01827	0.01029	0.00669	0.07759	0.04430	0.00178	0.31720	0.00337	0.00221	0.00436
35	0.01303	0.01091	0.01419	0.01075	0.01389	0.08821	0.23241	0.43670	0.04663	0.08046	0.00920	0.00979	0.00661	0.00420	0.00399	0.00118	0.00497	0.00372	0.00321	0.00594
36	0.04727	0.01409	0.01404	0.01127	0.01396	0.42559	0.24524	0.11606	0.05273	0.01272	0.00733	0.00854	0.00570	0.00387	0.00379	0.00112	0.00609	0.00327	0.00231	0.00499
37	0.00531	0.00391	0.00497	0.00470	0.00566	0.00357	0.00353	0.00701	0.01058	0.01473	0.73624	0.02970	0.13965	0.00808	0.00452	0.00122	0.00183	0.00708	0.00414	0.00357
38	0.00924	0.00900	0.01571	0.09826	0.66287	0.00913	0.09254	0.01187	0.03110	0.01235	0.00746	0.00977	0.00611	0.00348	0.00387	0.00117	0.00475	0.00355	0.00194	0.00582
39	0.00456	0.00389	0.00393	0.00392	0.00520	0.00325	0.00294	0.00556	0.00881	0.01054	0.06712	0.03661	0.81139	0.00964	0.00453	0.00129	0.00194	0.00805	0.00358	0.00325
40	0.00457	0.00389	0.00393	0.00392	0.00520	0.00325	0.00294	0.00557	0.00882	0.01056	0.07047	0.03657	0.80803	0.00964	0.00453	0.00129	0.00194	0.00805	0.00359	0.00325
41	0.00859	0.00822	0.01421	0.41282	0.34368	0.00900	0.09302	0.04316	0.00863	0.01168	0.00716	0.00991	0.00561	0.00364	0.00389	0.00122	0.00499	0.00352	0.00189	0.00515
42	0.00616	0.00419	0.00554	0.00568	0.00667	0.00394	0.00458	0.00779	0.00972	0.05438	0.38109	0.08559	0.09946	0.00910	0.00479	0.00144	0.00254	0.29975	0.00390	0.00367
43	0.30591	0.47212	0.02725	0.00649	0.00936	0.10542	0.00597	0.01185	0.00771	0.01185	0.00542	0.00629	0.00466	0.00345	0.00256	0.00097	0.00406	0.00212	0.00192	0.00462
44	0.06676	0.01326	0.01029	0.00878	0.01102	0.44437	0.01788	0.08596	0.02146	0.16530	0.00801	0.00851	0.00601	0.00428	0.00414	0.00109	0.06611	0.00289	0.00269	0.05120
45	0.28701	0.04003	0.00986	0.06037	0.01135	0.13116	0.06805	0.07051	0.25733	0.01508	0.00905	0.00952	0.00691	0.00416	0.00335	0.00119	0.00408	0.00317	0.00278	0.00504

[dist]
# distance from previous block
# <min> <max>
5	29

[block]
# block no. 4 follows, 71 sequences, length 58
# corresponding to MSA columns:
# 353-410
name=unknown_E
#
# <colnr> <probs for GDERKNQSTAVLIFYWHMCP>
#	G	D	E	R	K	N	Q	S	T	A	V	L	I	F	Y	W	H	M	C	P
0	0.00481	0.00346	0.00459	0.00544	0.00577	0.00324	0.00378	0.00559	0.00754	0.00997	0.02181	0.74905	0.05995	0.01178	0.00492	0.00157	0.00234	0.08767	0.00356	0.00316
1	0.01131	0.00930	0.00966	0.00819	0.01065	0.03011	0.00650	0.28706	0.54549	0.01856	0.01326	0.01245	0.00983	0.00497	0.00387	0.00124	0.00352	0.00400	0.00383	0.00618
2	0.04675	0.01285	0.04460	0.02240	0.11682	0.37083	0.07179	0.04922	0.09532	0.01190	0.00889	0.09082	0.00787	0.00470	0.00374	0.00113	0.00527	0.00380	0.00240	0.02888
3	0.00939	0.18877	0.53148	0.00957	0.01426	0.01004	0.02192	0.05975	0.01912	0.07938	0.00766	0.00872	0.00566	0.00382	0.00347	0.00114	0.00502	0.01317	0.00206	0.00561
4	0.00861	0.01401	0.37543	0.05186	0.03553	0.00918	0.34384	0.01282	0.06798	0.03135	0.00806	0.00970	0.00588	0.00362	0.00404	0.00125	0.00570	0.00369	0.00199	0.00546
5	0.00792	0.01003	0.19096	0.22901	0.21922	0.00816	0.05659	0.01123	0.06057	0.01180	0.02083	0.02974	0.00881	0.00485	0.00405	0.00130	0.00473	0.11295	0.00220	0.00504
6	0.08496	0.02216	0.13458	0.06299	0.14602	0.04071	0.05995	0.06714	0.00902	0.08124	0.01250	0.18121	0.05765	0.00587	0.00396	0.00127	0.00407	0.01712	0.00271	0.00487
7	0.01071	0.05459	0.21523	0.02304	0.21289	0.03770	0.07767	0.01375	0.05566	0.20077	0.02806	0.01130	0.03292	0.00416	0.00380	0.00118	0.00453	0.00363	0.00268	0.00572
8	0.00628	0.00478	0.00661	0.03005	0.12590	0.00455	0.00523	0.00770	0.02230	0.04964	0.06176	0.32137	0.21914	0.00918	0.00459	0.00141	0.00277	0.10949	0.00336	0.00388
9	0.01042	0.13254	0.04531	0.21018	0.02662	0.25151	0.00785	0.10155	0.00950	0.01104	0.00734	0.01057	0.00643	0.09715	0.00561	0.00140	0.04157	0.01680	0.00210	0.00452
10	0.01048	0.10535	0.18693	0.04522	0.13772	0.02714	0.10959	0.04442	0.00914	0.17494	0.00971	0.05797	0.01872	0.00447	0.00416	0.00120	0.04100	0.00383	0.00255	0.00546
11	0.00796	0.00734	0.01207	0.02888	0.55562	0.00725	0.01910	0.00983	0.00859	0.01198	0.05986	0.17042	0.07326	0.00573	0.00410	0.00124	0.00380	0.00536	0.00246	0.00514
12	0.00884	0.00955	0.01821	0.01450	0.07553	0.01039	0.47456	0.01115	0.00789	0.01120	0.00674	0.00958	0.00555	0.00449	0.00737	0.00142	0.31227	0.00403	0.00184	0.00489
13	0.00805	0.02077	0.02783	0.35978	0.19292	0.00854	0.12791	0.03016	0.00843	0.01126	0.00956	0.01408	0.04066	0.00467	0.00445	0.00130	0.04237	0.08043	0.00207	0.00475
14	0.00953	0.01051	0.21956	0.01026	0.08193	0.02672	0.09748	0.08039	0.03858	0.13362	0.03529	0.09949	0.05154	0.00573	0.00425	0.00129	0.01552	0.07019	0.00292	0.00521
15	0.00767	0.00738	0.00914	0.02217	0.00882	0.09520	0.07629	0.00844	0.00672	0.00891	0.00941	0.08846	0.01014	0.31807	0.02363	0.00235	0.28670	0.00483	0.00213	0.00352
16	0.01151	0.01168	0.32573	0.00950	0.06591	0.00718	0.02689	0.04610	0.00972	0.33751	0.02631	0.04710	0.04780	0.00479	0.00387	0.00122	0.00423	0.00398	0.00317	0.00580
17	0.01136	0.03395	0.02132	0.07906	0.26285	0.28399	0.00846	0.10521	0.01026	0.04376	0.02855	0.01041	0.00714	0.07158	0.00491	0.00130	0.00515	0.00334	0.00232	0.00508
18	0.01004	0.19218	0.19798	0.07822	0.24513	0.16485	0.02395	0.02456	0.00885	0.01109	0.00652	0.00808	0.00529	0.00358	0.00344	0.00107	0.00521	0.00285	0.00181	0.00530
19	0.00467	0.00334	0.00445	0.00534	0.00556	0.00311	0.00356	0.00534	0.00734	0.00979	0.02113	0.86275	0.02536	0.01201	0.00489	0.00156	0.00222	0.01090	0.00356	0.00311
20	0.00676	0.00585	0.00635	0.02293	0.03466	0.00606	0.00463	0.01177	0.33918	0.01278	0.04215	0.02629	0.45054	0.00755	0.00424	0.00129	0.00252	0.00632	0.00362	0.00449
21	0.00525	0.00390	0.00478	0.00456	0.00556	0.00352	0.00342	0.00685	0.01026	0.01411	0.62078	0.03030	0.23326	0.00821	0.00448	0.00122	0.00184	0.00713	0.02704	0.00352
22	0.00795	0.00681	0.00795	0.00568	0.00909	0.00511	0.00454	0.00965	0.00795	0.01249	0.00681	0.00795	0.00568	0.00284	0.00284	0.00057	0.00284	0.00227	0.00227	0.88869
23	0.00745	0.00703	0.01187	0.77925	0.10157	0.00857	0.01075	0.00998	0.00776	0.01005	0.00685	0.01015	0.00520	0.00379	0.00383	0.00126	0.00506	0.00341	0.00172	0.00443
24	0.00724	0.00681	0.01150	0.85604	0.02641	0.00852	0.01065	0.00980	0.00767	0.00980	0.00681	0.01022	0.00511	0.00383	0.00383	0.00128	0.00511	0.00341	0.00170	0.00426
25	0.00795	0.00681	0.00795	0.00568	0.00909	0.00511	0.00454	0.00965	0.00795	0.01249	0.00681	0.00795	0.00568	0.00284	0.00284	0.00057	0.00284	0.00227	0.00227	0.88869
26	0.01062	0.00857	0.04821	0.06215	0.34947	0.03184	0.04729	0.01279	0.02216	0.19888	0.02989	0.01151	0.02219	0.00574	0.05546	0.00150	0.05973	0.00372	0.00264	0.01564
27	0.00666	0.00333	0.00500	0.00500	0.00500	0.00333	0.00333	0.00500	0.00500	0.00666	0.00666	0.01166	0.00666	0.01332	0.01499	0.88844	0.00333	0.00333	0.00167	0.00167
28	0.01132	0.38580	0.05667	0.00792	0.01071	0.20916	0.00705	0.11723	0.08554	0.01194	0.02498	0.00854	0.00664	0.02492	0.00366	0.00106	0.01677	0.00278	0.00228	0.00505
29	0.00979	0.01314	0.30715	0.05754	0.29506	0.03199	0.04080	0.11273	0.03726	0.04644	0.00790	0.00926	0.00593	0.00378	0.00377	0.00118	0.00496	0.00328	0.00221	0.00583
30	0.11000	0.13239	0.10530	0.00901	0.03592	0.17949	0.02756	0.24050	0.08733	0.01541	0.00795	0.01852	0.00620	0.00414	0.00342	0.00110	0.00470	0.00303	0.00264	0.00539
31	0.00752	0.00671	0.01099	0.00953	0.01147	0.00675	0.22742	0.01135	0.16403	0.01250	0.01678	0.02868	0.04868	0.00756	0.00480	0.00153	0.00416	0.41192	0.00317	0.00444
32	0.01077	0.07050	0.01008	0.00787	0.01027	0.01027	0.00632	0.25180	0.49422	0.01753	0.01333	0.05889	0.01047	0.00527	0.00383	0.00124	0.00341	0.00428	0.00370	0.00595
33	0.00940	0.00844	0.01411	0.23553	0.57399	0.00886	0.01109	0.03083	0.00878	0.05127	0.00753	0.00984	0.00600	0.00361	0.00381	0.00118	0.00463	0.00344	0.00203	0.00564
34	0.00563	0.00413	0.00513	0.00523	0.00555	0.00439	0.00352	0.00663	0.04678	0.00885	0.01474	0.21885	0.04602	0.40653	0.16046	0.00334	0.04206	0.00650	0.00266	0.00300
35	0.00831	0.01478	0.41956	0.01337	0.01805	0.00917	0.41581	0.01210	0.00863	0.01229	0.02636	0.00968	0.00605	0.00354	0.00410	0.00125	0.00597	0.00376	0.00184	0.00537
36	0.00464	0.00348	0.00431	0.00497	0.00546	0.00315	0.00340	0.00538	0.00769	0.00993	0.02561	0.65398	0.23124	0.01143	0.00480	0.00149	0.00215	0.01019	0.00356	0.00315
37	0.02554	0.22506	0.48504	0.00976	0.01424	0.10475	0.04332	0.01247	0.00840	0.02903	0.00658	0.00765	0.00501	0.00360	0.00335	0.00109	0.00536	0.00268	0.00176	0.00532
38	0.00762	0.00717	0.01191	0.71396	0.13138	0.00864	0.01061	0.01048	0.04111	0.01040	0.00722	0.01029	0.00550	0.00383	0.00383	0.00126	0.00496	0.00345	0.00182	0.00457
39	0.00817	0.00786	0.02912	0.01196	0.03206	0.00720	0.45750	0.01046	0.00864	0.06935	0.01278	0.26450	0.01260	0.00629	0.00459	0.00138	0.00480	0.04346	0.00268	0.00461
40	0.00769	0.01983	0.84538	0.01093	0.01659	0.00890	0.01417	0.01214	0.00810	0.01214	0.00688	0.00810	0.00486	0.00364	0.00364	0.00121	0.00567	0.00283	0.00162	0.00567
41	0.01219	0.01327	0.01304	0.01586	0.38268	0.37301	0.00934	0.11174	0.01077	0.01257	0.00690	0.00834	0.00564	0.00379	0.00365	0.00107	0.00553	0.00301	0.00217	0.00542
42	0.00766	0.17751	0.42777	0.00853	0.01215	0.04243	0.00959	0.01036	0.00804	0.01095	0.03169	0.21578	0.01067	0.00573	0.00374	0.00121	0.00448	0.00473	0.00218	0.00480
43	0.03244	0.00687	0.02783	0.00689	0.00980	0.00588	0.00578	0.04654	0.01093	0.74722	0.01479	0.04690	0.00982	0.00499	0.00386	0.00120	0.00330	0.00407	0.00455	0.00632
44	0.00558	0.00372	0.00418	0.00418	0.00418	0.00372	0.00232	0.00558	0.00558	0.00743	0.01208	0.02509	0.01394	0.86525	0.01952	0.00372	0.00372	0.00558	0.00232	0.00232
45	0.00467	0.00334	0.00445	0.00534	0.00556	0.00311	0.00356	0.00534	0.00734	0.00979	0.02113	0.86275	0.02536	0.01201	0.00489	0.00156	0.00222	0.01090	0.00356	0.00311
46	0.00989	0.16783	0.42333	0.01029	0.04806	0.12098	0.03337	0.05249	0.04736	0.04141	0.00733	0.00823	0.00552	0.00376	0.00347	0.00111	0.00525	0.00285	0.00201	0.00547
47	0.00666	0.00333	0.00500	0.00500	0.00500	0.00333	0.00333	0.00500	0.00500	0.00666	0.00666	0.01166	0.00666	0.01332	0.01499	0.88844	0.00333	0.00333	0.00167	0.00167
48	0.00724	0.00681	0.01150	0.85604	0.02641	0.00852	0.01065	0.00980	0.00767	0.00980	0.00681	0.01022	0.00511	0.00383	0.00383	0.00128	0.00511	0.00341	0.00170	0.00426
49	0.00724	0.00681	0.01150	0.85604	0.02641	0.00852	0.01065	0.00980	0.00767	0.00980	0.00681	0.01022	0.00511	0.00383	0.00383	0.00128	0.00511	0.00341	0.00170	0.00426
50	0.04566	0.08581	0.18064	0.03709	0.29405	0.02650	0.17166	0.05364	0.01921	0.01269	0.00712	0.00894	0.00562	0.00363	0.00401	0.00118	0.03174	0.00334	0.00196	0.00552
51	0.00466	0.00339	0.00440	0.00520	0.00553	0.00313	0.00350	0.00535	0.00747	0.00984	0.02281	0.78451	0.10252	0.01179	0.00486	0.00153	0.00220	0.01063	0.00356	0.00313
52	0.01720	0.00653	0.00890	0.00682	0.00979	0.00564	0.00564	0.01869	0.01097	0.84399	0.01513	0.01305	0.00949	0.00475	0.00386	0.00119	0.00326	0.00386	0.00475	0.00653
53	0.01029	0.02805	0.02540	0.04022	0.03629	0.00830	0.08152	0.17623	0.11160	0.12993	0.08463	0.06061	0.04505	0.02197	0.01989	0.00142	0.08159	0.02851	0.00331	0.00519
54	0.00469	0.00334	0.00444	0.00532	0.00554	0.00313	0.00354	0.00534	0.00731	0.00975	0.02097	0.84758	0.02515	0.02747	0.00516	0.00160	0.00225	0.01080	0.00354	0.00310
55	0.00931	0.00990	0.01932	0.01416	0.01765	0.00973	0.62797	0.03745	0.18606	0.01343	0.00948	0.01116	0.00710	0.00369	0.00437	0.00129	0.00567	0.00445	0.00241	0.00540
56	0.00811	0.03972	0.73521	0.01114	0.01648	0.04299	0.06956	0.01226	0.00826	0.01197	0.00686	0.00815	0.00493	0.00362	0.00367	0.00120	0.00573	0.00292	0.00166	0.00557
57	0.01255	0.10990	0.03278	0.00864	0.01102	0.39394	0.00698	0.18613	0.09104	0.02310	0.07997	0.01001	0.00868	0.00447	0.00357	0.00106	0.00514	0.00322	0.00273	0.00508

[dist]
# distance from previous block
# <min> <max>
1	3

[block]
# block no. 5 follows, 71 sequences, length 52
# corresponding to MSA columns:
# 414-465
name=unknown_F
#
# <colnr> <probs for GDERKNQSTAVLIFYWHMCP>
#	G	D	E	R	K	N	Q	S	T	A	V	L	I	F	Y	W	H	M	C	P
0	0.01016	0.82032	0.03590	0.00699	0.01034	0.01485	0.03648	0.01152	0.00784	0.00920	0.00545	0.00634	0.00495	0.00329	0.00256	0.00084	0.00422	0.00215	0.00165	0.00494
1	0.00467	0.00334	0.00445	0.00534	0.00556	0.00311	0.00356	0.00534	0.00734	0.00979	0.02113	0.86275	0.02536	0.01201	0.00489	0.00156	0.00222	0.01090	0.00356	0.00311
2	0.00470	0.00338	0.00447	0.00528	0.00556	0.00314	0.00355	0.00543	0.00753	0.01006	0.05891	0.80481	0.04544	0.01177	0.00487	0.00153	0.00220	0.01065	0.00359	0.00314
3	0.00476	0.00340	0.00455	0.00544	0.00570	0.00319	0.00371	0.00549	0.00742	0.00988	0.02109	0.81663	0.02517	0.01193	0.00492	0.00157	0.00230	0.05618	0.00356	0.00314
4	0.00954	0.00824	0.00867	0.00780	0.00997	0.00954	0.00607	0.02037	0.83441	0.01604	0.01561	0.01431	0.01170	0.00520	0.00390	0.00130	0.00303	0.00433	0.00390	0.00607
5	0.00795	0.00681	0.00795	0.00568	0.00909	0.00511	0.00454	0.00965	0.00795	0.01249	0.00681	0.00795	0.00568	0.00284	0.00284	0.00057	0.00284	0.00227	0.00227	0.88869
6	0.00558	0.00372	0.00418	0.00418	0.00418	0.00372	0.00232	0.00558	0.00558	0.00743	0.01208	0.02509	0.01394	0.86525	0.01952	0.00372	0.00372	0.00558	0.00232	0.00232
7	0.00769	0.01983	0.84538	0.01093	0.01659	0.00890	0.01417	0.01214	0.00810	0.01214	0.00688	0.00810	0.00486	0.00364	0.00364	0.00121	0.00567	0.00283	0.00162	0.00567
8	0.00732	0.00690	0.01165	0.82584	0.05597	0.00854	0.01069	0.00987	0.00771	0.00990	0.00683	0.01020	0.00515	0.00382	0.00383	0.00127	0.00509	0.00341	0.00171	0.00433
9	0.01432	0.01827	0.01087	0.00988	0.01185	0.84986	0.00741	0.01531	0.01087	0.00938	0.00593	0.00691	0.00494	0.00395	0.00346	0.00099	0.00691	0.00247	0.00198	0.00444
10	0.00458	0.00371	0.00406	0.00434	0.00530	0.00320	0.00312	0.00545	0.00830	0.01018	0.03326	0.29736	0.58292	0.01044	0.00465	0.00138	0.00203	0.00898	0.00356	0.00320
11	0.00757	0.01836	0.75990	0.01068	0.01591	0.00853	0.02992	0.01175	0.00815	0.01206	0.00801	0.02646	0.00635	0.00423	0.00379	0.00126	0.00548	0.05434	0.00178	0.00547
12	0.00543	0.00392	0.00513	0.00482	0.00573	0.00362	0.00362	0.00724	0.01085	0.01538	0.83931	0.02864	0.03618	0.00784	0.00452	0.00121	0.00181	0.00693	0.00422	0.00362
13	0.00666	0.00333	0.00500	0.00500	0.00500	0.00333	0.00333	0.00500	0.00500	0.00666	0.00666	0.01166	0.00666	0.01332	0.01499	0.88844	0.00333	0.00333	0.00167	0.00167
14	0.00821	0.00780	0.01324	0.49874	0.37616	0.00877	0.01113	0.01064	0.00812	0.01097	0.00699	0.00991	0.00552	0.00365	0.00382	0.00122	0.00487	0.00341	0.00179	0.00504
15	0.00905	0.01034	0.02262	0.01616	0.02004	0.00970	0.82741	0.01228	0.00905	0.01228	0.00776	0.01034	0.00582	0.00323	0.00452	0.00129	0.00646	0.00452	0.00194	0.00517
16	0.00467	0.00334	0.00445	0.00534	0.00556	0.00311	0.00356	0.00534	0.00734	0.00979	0.02113	0.86275	0.02536	0.01201	0.00489	0.00156	0.00222	0.01090	0.00356	0.00311
17	0.00666	0.00333	0.00500	0.00500	0.00500	0.00333	0.00333	0.00500	0.00500	0.00666	0.00666	0.01166	0.00666	0.01332	0.01499	0.88844	0.00333	0.00333	0.00167	0.00167
18	0.00724	0.00681	0.01150	0.85604	0.02641	0.00852	0.01065	0.00980	0.00767	0.00980	0.00681	0.01022	0.00511	0.00383	0.00383	0.00128	0.00511	0.00341	0.00170	0.00426
19	0.00543	0.00392	0.00513	0.00482	0.00573	0.00362	0.00362	0.00724	0.01085	0.01538	0.83931	0.02864	0.03618	0.00784	0.00452	0.00121	0.00181	0.00693	0.00422	0.00362
20	0.00546	0.00407	0.00511	0.00487	0.00587	0.00378	0.00369	0.00744	0.03643	0.01457	0.67401	0.02985	0.14497	0.00811	0.00453	0.00124	0.00193	0.03634	0.00410	0.00364
21	0.00774	0.03745	0.82824	0.01084	0.01645	0.00903	0.01401	0.01213	0.00809	0.01208	0.00685	0.00805	0.00486	0.00364	0.00362	0.00121	0.00563	0.00282	0.00162	0.00565
22	0.00724	0.00681	0.01150	0.85604	0.02641	0.00852	0.01065	0.00980	0.00767	0.00980	0.00681	0.01022	0.00511	0.00383	0.00383	0.00128	0.00511	0.00341	0.00170	0.00426
23	0.01195	0.00821	0.00870	0.00697	0.00926	0.00895	0.00566	0.53866	0.01450	0.02067	0.01037	0.01101	0.00769	0.00455	0.00343	0.00106	0.00336	0.00350	0.31604	0.00548
24	0.01025	0.86756	0.02009	0.00656	0.00984	0.01517	0.00656	0.01148	0.00779	0.00902	0.00533	0.00615	0.00492	0.00328	0.00246	0.00082	0.00410	0.00205	0.00164	0.00492
25	0.00467	0.00334	0.00445	0.00534	0.00556	0.00311	0.00356	0.00534	0.00734	0.00979	0.02113	0.86275	0.02536	0.01201	0.00489	0.00156	0.00222	0.01090	0.00356	0.00311
26	0.00519	0.00391	0.00480	0.00458	0.00558	0.00352	0.00343	0.00678	0.01030	0.01406	0.62968	0.03080	0.24663	0.00833	0.00452	0.00123	0.00184	0.00724	0.00405	0.00352
27	0.00543	0.00392	0.00513	0.00482	0.00573	0.00362	0.00362	0.00724	0.01085	0.01538	0.83931	0.02864	0.03618	0.00784	0.00452	0.00121	0.00181	0.00693	0.00422	0.00362
28	0.00905	0.01034	0.02262	0.01616	0.02004	0.00970	0.82741	0.01228	0.00905	0.01228	0.00776	0.01034	0.00582	0.00323	0.00452	0.00129	0.00646	0.00452	0.00194	0.00517
29	0.00453	0.00388	0.00388	0.00388	0.00518	0.00324	0.00291	0.00550	0.00874	0.01036	0.03884	0.03690	0.83978	0.00971	0.00453	0.00129	0.00194	0.00809	0.00356	0.00324
30	0.00596	0.00404	0.00530	0.00491	0.00591	0.00371	0.00371	0.00776	0.01086	0.05320	0.80169	0.02793	0.03496	0.00770	0.00449	0.00121	0.00188	0.00679	0.00424	0.00375
31	0.01025	0.86756	0.02009	0.00656	0.00984	0.01517	0.00656	0.01148	0.00779	0.00902	0.00533	0.00615	0.00492	0.00328	0.00246	0.00082	0.00410	0.00205	0.00164	0.00492
32	0.01720	0.00653	0.00890	0.00682	0.00979	0.00564	0.00564	0.01869	0.01097	0.84399	0.01513	0.01305	0.00949	0.00475	0.00386	0.00119	0.00326	0.00386	0.00475	0.00653
33	0.00724	0.00681	0.01150	0.85604	0.02641	0.00852	0.01065	0.00980	0.00767	0.00980	0.00681	0.01022	0.00511	0.00383	0.00383	0.00128	0.00511	0.00341	0.00170	0.00426
34	0.01281	0.34805	0.01447	0.00845	0.01104	0.44523	0.00704	0.07695	0.01023	0.02498	0.00611	0.00690	0.00513	0.00375	0.00311	0.00094	0.00555	0.00241	0.00204	0.00483
35	0.00795	0.00681	0.00795	0.00568	0.00909	0.00511	0.00454	0.00965	0.00795	0.01249	0.00681	0.00795	0.00568	0.00284	0.00284	0.00057	0.00284	0.00227	0.00227	0.88869
36	0.00467	0.00334	0.00445	0.00534	0.00556	0.00311	0.00356	0.00534	0.00734	0.00979	0.02113	0.86275	0.02536	0.01201	0.00489	0.00156	0.00222	0.01090	0.00356	0.00311
37	0.00530	0.01838	0.00475	0.00506	0.00536	0.00357	0.00333	0.00582	0.00697	0.02602	0.01850	0.56309	0.03763	0.25497	0.00900	0.00215	0.00272	0.02120	0.00320	0.00300
38	0.00558	0.00372	0.00418	0.00418	0.00418	0.00372	0.00232	0.00558	0.00558	0.00743	0.01208	0.02509	0.01394	0.86525	0.01952	0.00372	0.00372	0.00558	0.00232	0.00232
39	0.00724	0.00681	0.01150	0.85604	0.02641	0.00852	0.01065	0.00980	0.00767	0.00980	0.00681	0.01022	0.00511	0.00383	0.00383	0.00128	0.00511	0.00341	0.00170	0.00426
40	0.01458	0.01074	0.01151	0.00882	0.01189	0.01189	0.00729	0.82855	0.01803	0.02416	0.00921	0.00921	0.00652	0.00460	0.00384	0.00115	0.00422	0.00345	0.00384	0.00652
41	0.00626	0.00540	0.02248	0.07704	0.06805	0.00509	0.00514	0.00887	0.09050	0.01329	0.36748	0.06239	0.18512	0.00711	0.00425	0.00121	0.00258	0.00618	0.00349	0.05806
42	0.01025	0.86756	0.02009	0.00656	0.00984	0.01517	0.00656	0.01148	0.00779	0.00902	0.00533	0.00615	0.00492	0.00328	0.00246	0.00082	0.00410	0.00205	0.00164	0.00492
43	0.00467	0.00334	0.00445	0.00534	0.00556	0.00311	0.00356	0.00534	0.00734	0.00979	0.02113	0.86275	0.02536	0.01201	0.00489	0.00156	0.00222	0.01090	0.00356	0.00311
44	0.00804	0.08953	0.73999	0.01034	0.01564	0.00923	0.01311	0.01210	0.00819	0.02856	0.02694	0.00853	0.00571	0.00374	0.00357	0.00118	0.00540	0.00289	0.00175	0.00557
45	0.00920	0.00944	0.03239	0.14423	0.45307	0.12008	0.00983	0.01119	0.00876	0.02235	0.03066	0.09011	0.02133	0.00464	0.00400	0.00119	0.01607	0.00415	0.00215	0.00517
46	0.00602	0.00450	0.00648	0.00632	0.00715	0.00521	0.00494	0.05563	0.00687	0.00981	0.01021	0.01472	0.00940	0.02732	0.79982	0.00586	0.00991	0.00407	0.00216	0.00361
47	0.00568	0.00419	0.00534	0.00501	0.00599	0.00398	0.00377	0.00804	0.06156	0.01542	0.78860	0.02776	0.03467	0.00768	0.00448	0.00121	0.00188	0.00677	0.00420	0.00377
48	0.01003	0.04860	0.03720	0.01846	0.55064	0.09822	0.02135	0.03715	0.07709	0.01252	0.00787	0.02162	0.00659	0.00388	0.00402	0.00115	0.03233	0.00344	0.00213	0.00574
49	0.05799	0.03191	0.64377	0.01028	0.01530	0.00947	0.02489	0.13779	0.00955	0.01422	0.00714	0.00816	0.00509	0.00377	0.00360	0.00120	0.00528	0.00290	0.00201	0.00569
50	0.00549	0.00407	0.00502	0.00535	0.00600	0.00395	0.00375	0.03979	0.05438	0.01159	0.15603	0.53149	0.10190	0.04583	0.00531	0.00153	0.00232	0.00910	0.00365	0.00348
51	0.01199	0.48129	0.01610	0.00781	0.01071	0.16977	0.00694	0.20701	0.01075	0.01271	0.00636	0.00708	0.00531	0.00382	0.00325	0.00095	0.02823	0.00250	0.00223	0.00519

[dist]
# distance from previous block
# <min> <max>
0	6

[block]
# block no. 6 follows, 71 sequences, length 57
# corresponding to MSA columns:
# 472-528
name=unknown_G
#
# <colnr> <probs for GDERKNQSTAVLIFYWHMCP>
#	G	D	E	R	K	N	Q	S	T	A	V	L	I	F	Y	W	H	M	C	P
0	0.03789	0.15525	0.25428	0.01069	0.11007	0.02509	0.01724	0.07498	0.00935	0.03846	0.00800	0.02449	0.00658	0.00439	0.00419	0.00120	0.05215	0.00319	0.00239	0.16012
1	0.04029	0.00746	0.06215	0.47205	0.01918	0.00764	0.05133	0.01069	0.06289	0.05278	0.00967	0.12035	0.00840	0.00492	0.00389	0.00126	0.00441	0.00437	0.00231	0.05396
2	0.00949	0.00911	0.01556	0.02353	0.84133	0.00911	0.01177	0.01177	0.00873	0.01253	0.00721	0.00949	0.00607	0.00342	0.00380	0.00114	0.00456	0.00342	0.00190	0.00607
3	0.00929	0.01102	0.11871	0.17926	0.23497	0.07438	0.26881	0.01206	0.00878	0.03493	0.00739	0.00963	0.00566	0.00355	0.00399	0.00121	0.00555	0.00363	0.00192	0.00527
4	0.01433	0.01792	0.01090	0.00983	0.01186	0.81021	0.00740	0.05379	0.01120	0.01008	0.00608	0.00702	0.00501	0.00398	0.00348	0.00100	0.00679	0.00252	0.00206	0.00454
5	0.00471	0.00336	0.00449	0.00538	0.00562	0.00315	0.00363	0.00541	0.00738	0.00983	0.02111	0.84176	0.02527	0.01198	0.00490	0.00156	0.00226	0.03151	0.00356	0.00312
6	0.00467	0.00334	0.00445	0.00534	0.00556	0.00311	0.00356	0.00534	0.00734	0.00979	0.02113	0.86275	0.02536	0.01201	0.00489	0.00156	0.00222	0.01090	0.00356	0.00311
7	0.00467	0.00334	0.00445	0.00534	0.00556	0.00311	0.00356	0.00534	0.00734	0.00979	0.02113	0.86275	0.02536	0.01201	0.00489	0.00156	0.00222	0.01090	0.00356	0.00311
8	0.00532	0.00392	0.00498	0.00471	0.00566	0.00357	0.00353	0.00703	0.01060	0.01477	0.74281	0.02964	0.13305	0.00806	0.00452	0.00122	0.00182	0.00707	0.00414	0.00357
9	0.01432	0.01827	0.01087	0.00988	0.01185	0.84986	0.00741	0.01531	0.01087	0.00938	0.00593	0.00691	0.00494	0.00395	0.00346	0.00099	0.00691	0.00247	0.00198	0.00444
10	0.00949	0.00911	0.01556	0.02353	0.84133	0.00911	0.01177	0.01177	0.00873	0.01253	0.00721	0.00949	0.00607	0.00342	0.00380	0.00114	0.00456	0.00342	0.00190	0.00607
11	0.01720	0.00653	0.00890	0.00682	0.00979	0.00564	0.00564	0.01869	0.01097	0.84399	0.01513	0.01305	0.00949	0.00475	0.00386	0.00119	0.00326	0.00386	0.00475	0.00653
12	0.01025	0.86756	0.02009	0.00656	0.00984	0.01517	0.00656	0.01148	0.00779	0.00902	0.00533	0.00615	0.00492	0.00328	0.00246	0.00082	0.00410	0.00205	0.00164	0.00492
13	0.00490	0.00350	0.00471	0.00560	0.00592	0.00331	0.00395	0.00573	0.00757	0.01004	0.02101	0.73900	0.02486	0.01180	0.00495	0.00159	0.00242	0.13240	0.00355	0.00318
14	0.00467	0.00334	0.00445	0.00534	0.00556	0.00311	0.00356	0.00534	0.00734	0.00979	0.02113	0.86275	0.02536	0.01201	0.00489	0.00156	0.00222	0.01090	0.00356	0.00311
15	0.00987	0.00840	0.00886	0.00787	0.01010	0.00969	0.00615	0.07411	0.78012	0.01658	0.01518	0.01397	0.01136	0.00516	0.00390	0.00129	0.00311	0.00428	0.00390	0.00610
16	0.00741	0.03107	0.04186	0.38379	0.07837	0.00725	0.02277	0.00967	0.03239	0.02485	0.04074	0.04589	0.00877	0.10978	0.04256	0.00169	0.00456	0.00400	0.00216	0.10043
17	0.02988	0.09689	0.12008	0.08107	0.34886	0.10147	0.02740	0.03567	0.04049	0.05574	0.00756	0.00903	0.00595	0.00368	0.00358	0.00111	0.00479	0.00313	0.00213	0.02146
18	0.00905	0.01034	0.02262	0.01616	0.02004	0.00970	0.82741	0.01228	0.00905	0.01228	0.00776	0.01034	0.00582	0.00323	0.00452	0.00129	0.00646	0.00452	0.00194	0.00517
19	0.00724	0.00681	0.01150	0.85604	0.02641	0.00852	0.01065	0.00980	0.00767	0.00980	0.00681	0.01022	0.00511	0.00383	0.00383	0.00128	0.00511	0.00341	0.00170	0.00426
20	0.00544	0.00460	0.00588	0.05742	0.09207	0.00430	0.00453	0.00690	0.02233	0.01137	0.15945	0.13595	0.45842	0.00863	0.00445	0.00130	0.00243	0.00744	0.00339	0.00368
21	0.01160	0.00980	0.19447	0.00886	0.06153	0.00713	0.03251	0.08607	0.06438	0.32016	0.02533	0.01536	0.11881	0.00521	0.00395	0.00122	0.00385	0.02058	0.00347	0.00570
22	0.00666	0.00333	0.00500	0.00500	0.00500	0.00333	0.00333	0.00500	0.00500	0.00666	0.00666	0.01166	0.00666	0.01332	0.01499	0.88844	0.00333	0.00333	0.00167	0.00167
23	0.03324	0.00676	0.00892	0.00688	0.00980	0.00606	0.00567	0.06359	0.02178	0.75958	0.02710	0.01296	0.00966	0.00477	0.00384	0.00119	0.00329	0.00385	0.00463	0.00643
24	0.00972	0.14160	0.18356	0.09622	0.36229	0.08203	0.01076	0.03282	0.00882	0.02753	0.00691	0.00861	0.00554	0.00358	0.00354	0.00111	0.00493	0.00302	0.00189	0.00552
25	0.00555	0.00420	0.00624	0.00620	0.00684	0.00493	0.00480	0.00687	0.00614	0.00886	0.01020	0.01522	0.00961	0.05524	0.80191	0.00597	0.03162	0.00414	0.00205	0.00341
26	0.00551	0.00369	0.00420	0.00426	0.00427	0.00368	0.00241	0.00556	0.00569	0.00759	0.01269	0.08159	0.01471	0.80770	0.01853	0.00357	0.00362	0.00593	0.00241	0.00238
27	0.00802	0.00768	0.00945	0.04858	0.24275	0.10543	0.02878	0.01014	0.06118	0.02949	0.04941	0.10009	0.25078	0.00657	0.00425	0.00124	0.01306	0.01574	0.00283	0.00454
28	0.01203	0.04298	0.13546	0.03165	0.09794	0.02111	0.03819	0.27098	0.02677	0.18940	0.01077	0.08687	0.00849	0.00492	0.00387	0.00120	0.00421	0.00410	0.00324	0.00583
29	0.00918	0.00935	0.01350	0.21616	0.38958	0.10217	0.04330	0.01123	0.00846	0.01123	0.03844	0.01001	0.00673	0.00414	0.00490	0.00123	0.10988	0.00348	0.00192	0.00510
30	0.27345	0.05412	0.01039	0.00967	0.08982	0.44523	0.01833	0.02524	0.00924	0.01223	0.00591	0.00702	0.00485	0.00379	0.00327	0.00107	0.01722	0.00248	0.00209	0.00457
31	0.00474	0.00420	0.00404	0.00401	0.00532	0.02164	0.00301	0.00572	0.00879	0.01034	0.03813	0.03625	0.82163	0.00959	0.00451	0.00129	0.00205	0.00797	0.00353	0.00326
32	0.01276	0.03040	0.01230	0.10737	0.10891	0.26230	0.04019	0.30234	0.01257	0.04740	0.00774	0.00878	0.00586	0.00415	0.00387	0.00112	0.02061	0.00317	0.00269	0.00546
33	0.00553	0.00391	0.00515	0.00515	0.00549	0.00424	0.00353	0.00620	0.00586	0.00815	0.01119	0.02018	0.01181	0.45596	0.42589	0.00491	0.00692	0.00486	0.00219	0.00286
34	0.00946	0.00722	0.00802	0.00705	0.00903	0.00793	0.00551	0.08787	0.49065	0.07546	0.22851	0.01748	0.01743	0.00580	0.00405	0.00125	0.00284	0.00490	0.00404	0.00551
35	0.00558	0.00372	0.00418	0.00418	0.00418	0.00372	0.00232	0.00558	0.00558	0.00743	0.01208	0.02509	0.01394	0.86525	0.01952	0.00372	0.00372	0.00558	0.00232	0.00232
36	0.00556	0.00378	0.00449	0.00449	0.00459	0.00388	0.00271	0.00577	0.00567	0.00766	0.01180	0.02354	0.01327	0.73578	0.14806	0.00410	0.00473	0.00535	0.00228	0.00249
37	0.01458	0.01074	0.01151	0.00882	0.01189	0.01189	0.00729	0.82855	0.01803	0.02416	0.00921	0.00921	0.00652	0.00460	0.00384	0.00115	0.00422	0.00345	0.00384	0.00652
38	0.01720	0.00653	0.00890	0.00682	0.00979	0.00564	0.00564	0.01869	0.01097	0.84399	0.01513	0.01305	0.00949	0.00475	0.00386	0.00119	0.00326	0.00386	0.00475	0.00653
39	0.01085	0.00572	0.00813	0.04797	0.08418	0.00545	0.01421	0.03671	0.00925	0.35204	0.04610	0.21904	0.01401	0.06783	0.05873	0.00177	0.00370	0.00574	0.00364	0.00494
40	0.00899	0.02365	0.09507	0.27625	0.27751	0.11453	0.03307	0.01186	0.05771	0.01128	0.00850	0.02924	0.02761	0.00409	0.00380	0.00119	0.00497	0.00359	0.00202	0.00508
41	0.01720	0.00653	0.00890	0.00682	0.00979	0.00564	0.00564	0.01869	0.01097	0.84399	0.01513	0.01305	0.00949	0.00475	0.00386	0.00119	0.00326	0.00386	0.00475	0.00653
