[name]
unknown

[dist]
# distance from previous block
# <min> <max>
4	88

[block]
# block no. 0 follows, 72 sequences, length 23
# corresponding to MSA columns:
# 100-122
name=unknown_A
#
# <colnr> <probs for GDERKNQSTAVLIFYWHMCP>
#	G	D	E	R	K	N	Q	S	T	A	V	L	I	F	Y	W	H	M	C	P
0	0.24445	0.00556	0.00620	0.02390	0.02715	0.00574	0.00433	0.02070	0.03056	0.07271	0.06971	0.09502	0.02716	0.10912	0.08622	0.07076	0.00367	0.00433	0.00272	0.08998
1	0.04163	0.03763	0.00660	0.00570	0.00698	0.02496	0.00427	0.10911	0.04379	0.08631	0.07560	0.19293	0.12054	0.15261	0.00717	0.04015	0.00305	0.03374	0.00328	0.00392
2	0.05859	0.09929	0.05932	0.06741	0.01270	0.04748	0.18747	0.09439	0.02455	0.07423	0.06540	0.04049	0.06564	0.01963	0.03569	0.00142	0.03466	0.00422	0.00262	0.00477
3	0.02629	0.09118	0.04732	0.06583	0.11053	0.05157	0.05927	0.06354	0.00850	0.06149	0.01125	0.16897	0.03042	0.00985	0.15522	0.00209	0.02481	0.00485	0.00251	0.00452
4	0.00504	0.00353	0.00459	0.00510	0.00536	0.00343	0.00342	0.00547	0.00694	0.00925	0.04459	0.55498	0.07048	0.13658	0.02456	0.07993	0.02196	0.00877	0.00313	0.00289
5	0.00969	0.49850	0.16124	0.03930	0.01143	0.12871	0.00782	0.01143	0.00814	0.00960	0.00698	0.07828	0.00655	0.00414	0.00303	0.00098	0.00459	0.00300	0.00183	0.00476
6	0.03368	0.02142	0.08652	0.10748	0.16165	0.04647	0.02911	0.06104	0.03416	0.27621	0.01138	0.01169	0.05011	0.00430	0.00371	0.00114	0.00409	0.00361	0.00301	0.04924
7	0.00934	0.05199	0.04333	0.21641	0.45754	0.06182	0.01050	0.06024	0.00894	0.01197	0.00705	0.00931	0.00573	0.00421	0.02488	0.00126	0.00492	0.00325	0.00193	0.00537
8	0.00743	0.00634	0.00783	0.00719	0.00817	0.04215	0.02003	0.04048	0.14583	0.02284	0.01149	0.07246	0.02885	0.07836	0.33770	0.00340	0.14830	0.00455	0.00253	0.00408
9	0.03131	0.00674	0.01094	0.46525	0.05079	0.00814	0.06168	0.00913	0.00734	0.01006	0.00888	0.15395	0.00848	0.00556	0.00539	0.00137	0.14416	0.00465	0.00203	0.00414
10	0.00493	0.00375	0.00438	0.00450	0.00535	0.00338	0.00326	0.00582	0.00829	0.01060	0.16655	0.16592	0.41441	0.07211	0.03381	0.04548	0.00247	0.03846	0.00340	0.00312
11	0.02024	0.02658	0.01153	0.15729	0.26206	0.00893	0.00842	0.24735	0.04365	0.04117	0.01065	0.09799	0.03753	0.00499	0.00387	0.00120	0.00405	0.00431	0.00279	0.00540
12	0.04058	0.35227	0.38101	0.00871	0.01271	0.01132	0.02426	0.03481	0.00795	0.01106	0.00627	0.00753	0.00505	0.00457	0.03575	0.00125	0.04546	0.00259	0.00172	0.00512
13	0.01014	0.86900	0.01987	0.00649	0.00973	0.01501	0.00649	0.01136	0.00771	0.00892	0.00527	0.00608	0.00487	0.00324	0.00243	0.00081	0.00406	0.00203	0.00162	0.00487
14	0.00573	0.00369	0.00471	0.00495	0.00548	0.00347	0.00342	0.00621	0.00732	0.05170	0.07625	0.34796	0.14658	0.14342	0.03704	0.11599	0.00285	0.02708	0.00314	0.00302
15	0.00690	0.00583	0.00874	0.07526	0.04664	0.00679	0.04697	0.06102	0.00749	0.01050	0.02053	0.08702	0.01997	0.02546	0.37622	0.00350	0.14150	0.04345	0.00229	0.00394
16	0.00480	0.00378	0.00430	0.00462	0.00545	0.00341	0.00329	0.00595	0.03364	0.01021	0.04850	0.34523	0.42918	0.05190	0.00534	0.00150	0.00218	0.03001	0.00349	0.00322
17	0.06307	0.00467	0.00517	0.00474	0.00627	0.00425	0.00362	0.00885	0.03997	0.16207	0.09538	0.06404	0.45919	0.05571	0.00504	0.00139	0.00236	0.00662	0.00366	0.00393
18	0.05868	0.00754	0.01049	0.07446	0.04971	0.00705	0.11989	0.02820	0.12302	0.05824	0.00864	0.00994	0.00678	0.02553	0.00377	0.00100	0.00366	0.00316	0.00253	0.39771
19	0.04953	0.00629	0.00821	0.06319	0.15629	0.05213	0.00615	0.00935	0.05619	0.03063	0.02204	0.04790	0.00979	0.14273	0.30907	0.00332	0.01660	0.00424	0.00229	0.00406
20	0.00646	0.00442	0.02299	0.00494	0.00573	0.00401	0.00354	0.00760	0.02908	0.08019	0.23161	0.09403	0.07744	0.36845	0.01067	0.00229	0.00292	0.03708	0.00324	0.00332
21	0.00599	0.00411	0.00507	0.00532	0.02365	0.00378	0.00372	0.02778	0.00857	0.06708	0.13830	0.32421	0.25438	0.08188	0.00580	0.00156	0.00239	0.02935	0.00356	0.00350
22	0.06776	0.00757	0.01996	0.14630	0.23938	0.00795	0.06036	0.04916	0.11957	0.05421	0.04076	0.03394	0.00860	0.00649	0.07340	0.02382	0.00455	0.00386	0.01287	0.01950

[dist]
# distance from previous block
# <min> <max>
0	1

[block]
# block no. 1 follows, 72 sequences, length 8
# corresponding to MSA columns:
# 124-131
name=unknown_B
#
# <colnr> <probs for GDERKNQSTAVLIFYWHMCP>
#	G	D	E	R	K	N	Q	S	T	A	V	L	I	F	Y	W	H	M	C	P
0	0.10188	0.00514	0.00592	0.00531	0.00678	0.02468	0.00404	0.01022	0.00930	0.22223	0.29190	0.10928	0.07772	0.07536	0.00522	0.00141	0.00259	0.00577	0.03107	0.00419
1	0.02643	0.00507	0.00572	0.03641	0.00695	0.02853	0.00395	0.07639	0.00865	0.03003	0.14169	0.21397	0.12636	0.21195	0.00781	0.00183	0.00293	0.00659	0.00317	0.05558
2	0.03132	0.04394	0.03126	0.07420	0.11955	0.04465	0.06381	0.08986	0.07058	0.03975	0.03033	0.03383	0.01847	0.00494	0.02285	0.00121	0.08603	0.00357	0.03454	0.15531
3	0.04441	0.00526	0.00792	0.00715	0.00799	0.00617	0.06631	0.00763	0.00643	0.00961	0.04427	0.01454	0.00975	0.08837	0.52281	0.00445	0.13711	0.00413	0.00209	0.00358
4	0.04969	0.00509	0.00696	0.00631	0.02481	0.00476	0.06536	0.02330	0.00885	0.16453	0.14807	0.16290	0.16687	0.09668	0.01817	0.00160	0.00298	0.01858	0.02045	0.00406
5	0.00619	0.00450	0.00625	0.06943	0.04287	0.00477	0.00469	0.02824	0.03742	0.00974	0.06931	0.06937	0.11997	0.07118	0.23498	0.20536	0.00501	0.00501	0.00247	0.00324
6	0.02480	0.08922	0.01244	0.02924	0.08211	0.20008	0.10636	0.13604	0.02448	0.06688	0.02344	0.08246	0.00815	0.00483	0.00431	0.00116	0.06415	0.00390	0.03099	0.00495
7	0.00814	0.00707	0.06953	0.00763	0.07918	0.04453	0.00573	0.09427	0.04907	0.06094	0.22222	0.13773	0.05665	0.00661	0.00401	0.00121	0.00303	0.02732	0.11068	0.00445

[dist]
# distance from previous block
# <min> <max>
1	2

[block]
# block no. 2 follows, 72 sequences, length 14
# corresponding to MSA columns:
# 134-147
name=unknown_C
#
# <colnr> <probs for GDERKNQSTAVLIFYWHMCP>
#	G	D	E	R	K	N	Q	S	T	A	V	L	I	F	Y	W	H	M	C	P
0	0.00899	0.00847	0.01228	0.31518	0.13877	0.03780	0.09015	0.06278	0.23197	0.01282	0.00929	0.01087	0.00710	0.00418	0.00414	0.00125	0.03261	0.00370	0.00246	0.00519
1	0.35183	0.05258	0.01125	0.01131	0.20118	0.10429	0.06738	0.03502	0.00793	0.01358	0.00602	0.00761	0.00496	0.00390	0.00420	0.00119	0.10618	0.00277	0.00209	0.00476
2	0.00821	0.00797	0.01390	0.44552	0.30451	0.00880	0.10364	0.01102	0.03827	0.01112	0.00730	0.01002	0.00570	0.00363	0.00386	0.00122	0.00494	0.00353	0.00186	0.00499
3	0.00757	0.00465	0.00531	0.00499	0.00578	0.03427	0.00340	0.00831	0.00770	0.13828	0.13522	0.13765	0.01722	0.39901	0.01102	0.00233	0.00313	0.00590	0.04769	0.02058
4	0.01137	0.01081	0.01372	0.01061	0.01335	0.14683	0.25446	0.27003	0.07978	0.01569	0.00867	0.00980	0.00657	0.00414	0.00425	0.00116	0.04510	0.00363	0.06848	0.02155
5	0.05197	0.00666	0.00647	0.00625	0.00730	0.12098	0.00464	0.02499	0.12336	0.01088	0.01186	0.10754	0.01145	0.14514	0.25619	0.00303	0.00559	0.02095	0.07098	0.00380
6	0.00648	0.00333	0.00486	0.00486	0.00486	0.00333	0.00319	0.00500	0.00500	0.00666	0.00713	0.01286	0.00731	0.09898	0.01527	0.80059	0.00333	0.00352	0.00171	0.00171
7	0.07140	0.00431	0.00606	0.00601	0.00681	0.00502	0.00469	0.00710	0.00612	0.00941	0.00980	0.01425	0.00908	0.02659	0.78858	0.00573	0.00962	0.00391	0.00206	0.00344
8	0.00692	0.00652	0.04661	0.00723	0.02018	0.02137	0.08964	0.01932	0.14396	0.02784	0.11524	0.11482	0.20643	0.00907	0.07614	0.01713	0.02077	0.02059	0.00314	0.02707
9	0.00532	0.00368	0.00422	0.00429	0.00448	0.00362	0.00258	0.00555	0.00603	0.00793	0.01547	0.09609	0.10374	0.66393	0.05487	0.00335	0.00366	0.00616	0.00252	0.00251
10	0.00818	0.01666	0.63678	0.01062	0.05407	0.00867	0.01220	0.09033	0.02748	0.01329	0.03696	0.01059	0.03432	0.00418	0.00372	0.00121	0.00507	0.01808	0.00206	0.00553
11	0.04107	0.04186	0.10431	0.04981	0.17002	0.10517	0.09631	0.13516	0.01019	0.13206	0.00839	0.00957	0.00628	0.00522	0.04860	0.00141	0.02324	0.00333	0.00255	0.00545
12	0.01030	0.00881	0.02228	0.01023	0.02800	0.03888	0.23127	0.19379	0.09710	0.07631	0.02955	0.03815	0.02078	0.00682	0.06413	0.04616	0.06528	0.00419	0.00284	0.00511
13	0.00898	0.00481	0.00614	0.00537	0.00688	0.00447	0.00422	0.04663	0.01066	0.22746	0.46005	0.02222	0.02395	0.00650	0.00407	0.00116	0.00232	0.03273	0.11696	0.00443

[dist]
# distance from previous block
# <min> <max>
0	2

[block]
# block no. 3 follows, 72 sequences, length 16
# corresponding to MSA columns:
# 150-165
name=unknown_D
#
# <colnr> <probs for GDERKNQSTAVLIFYWHMCP>
#	G	D	E	R	K	N	Q	S	T	A	V	L	I	F	Y	W	H	M	C	P
0	0.02408	0.07830	0.11194	0.08331	0.19506	0.03985	0.03508	0.04897	0.02277	0.06182	0.01009	0.12375	0.00949	0.11115	0.00566	0.00149	0.00418	0.00446	0.02382	0.00474
1	0.01003	0.00994	0.04337	0.11797	0.33392	0.10758	0.05256	0.08310	0.05508	0.04520	0.00905	0.02118	0.03600	0.00426	0.00430	0.00119	0.05399	0.00363	0.00231	0.00535
2	0.01007	0.01083	0.04353	0.00938	0.02197	0.27005	0.10230	0.07009	0.00905	0.04120	0.02443	0.01072	0.00727	0.02518	0.23016	0.00253	0.10113	0.00349	0.00220	0.00442
3	0.24949	0.02849	0.03875	0.00669	0.04834	0.00684	0.00530	0.04116	0.00812	0.07769	0.00705	0.00787	0.00550	0.00328	0.00286	0.00085	0.00314	0.00243	0.00246	0.45371
4	0.05455	0.28291	0.04238	0.02116	0.05620	0.25764	0.05960	0.10131	0.03690	0.01178	0.00651	0.00755	0.00535	0.00381	0.00356	0.00103	0.03801	0.00270	0.00210	0.00497
5	0.03825	0.01023	0.01144	0.10520	0.20552	0.21712	0.05100	0.07085	0.02722	0.05421	0.02147	0.06021	0.02255	0.00491	0.01424	0.00123	0.04834	0.00379	0.02731	0.00490
6	0.00677	0.00624	0.02643	0.05570	0.06883	0.04038	0.01435	0.02092	0.09074	0.01148	0.04243	0.25792	0.17737	0.00739	0.00410	0.00122	0.00300	0.01781	0.00303	0.14388
7	0.01322	0.00555	0.00718	0.00585	0.00795	0.00503	0.00463	0.03056	0.00963	0.53885	0.01400	0.03197	0.01021	0.10242	0.03255	0.00157	0.00323	0.00410	0.16620	0.00528
8	0.00479	0.00370	0.00441	0.00483	0.00563	0.00332	0.00356	0.00579	0.00828	0.01052	0.08777	0.35414	0.37369	0.01045	0.00471	0.00143	0.00220	0.10402	0.00357	0.00322
9	0.00976	0.00753	0.00980	0.11900	0.13931	0.02476	0.02714	0.21135	0.05350	0.07950	0.11765	0.01606	0.12104	0.00533	0.00393	0.00118	0.00362	0.00453	0.03993	0.00508
10	0.00546	0.00391	0.00531	0.00531	0.00571	0.00431	0.00376	0.00627	0.00586	0.00822	0.01088	0.01888	0.01121	0.36518	0.51731	0.00512	0.00755	0.00465	0.00214	0.00295
11	0.00839	0.00635	0.00743	0.00568	0.00852	0.00518	0.00450	0.01071	0.07397	0.08738	0.05508	0.03090	0.05606	0.00406	0.00321	0.00078	0.00271	0.00335	0.02655	0.59919
12	0.00806	0.00823	0.03871	0.55615	0.19950	0.05540	0.01035	0.02416	0.00821	0.01058	0.00806	0.01072	0.03803	0.00394	0.00378	0.00121	0.00492	0.00348	0.00185	0.00465
13	0.00915	0.00785	0.02592	0.02350	0.04486	0.03369	0.04071	0.07375	0.00901	0.05995	0.01910	0.00871	0.00629	0.00323	0.00313	0.00074	0.00338	0.00267	0.00247	0.62189
14	0.00781	0.00713	0.00818	0.03060	0.12083	0.10903	0.02781	0.03324	0.07863	0.03057	0.11774	0.23122	0.10301	0.00768	0.02469	0.00137	0.00356	0.01719	0.00308	0.03662
15	0.08013	0.01961	0.06311	0.03420	0.16819	0.05378	0.00743	0.08746	0.11789	0.20804	0.02426	0.01996	0.00792	0.00420	0.00357	0.00111	0.00383	0.00343	0.00307	0.08883

[dist]
# distance from previous block
# <min> <max>
1	22

[block]
# block no. 4 follows, 72 sequences, length 22
# corresponding to MSA columns:
# 188-209
name=unknown_E
#
# <colnr> <probs for GDERKNQSTAVLIFYWHMCP>
#	G	D	E	R	K	N	Q	S	T	A	V	L	I	F	Y	W	H	M	C	P
0	0.00874	0.08703	0.32835	0.01014	0.06152	0.06732	0.07769	0.03871	0.12712	0.02028	0.07229	0.01193	0.04275	0.01682	0.00403	0.00121	0.01281	0.00369	0.00237	0.00522
1	0.00507	0.00374	0.00464	0.00488	0.00554	0.00348	0.00348	0.00628	0.02041	0.01151	0.28752	0.31624	0.16715	0.09395	0.00609	0.00160	0.00224	0.04933	0.00362	0.00325
2	0.00794	0.04031	0.67632	0.01207	0.06661	0.00908	0.11116	0.01199	0.00815	0.01197	0.00689	0.00831	0.00499	0.00353	0.00369	0.00120	0.00559	0.00302	0.00166	0.00555
3	0.00959	0.01069	0.15920	0.05635	0.14209	0.02976	0.08368	0.16310	0.19287	0.01483	0.01069	0.04454	0.02276	0.00463	0.00388	0.00122	0.00435	0.01838	0.02185	0.00554
4	0.00543	0.00394	0.00567	0.00571	0.00624	0.00445	0.00425	0.00645	0.00602	0.00855	0.01084	0.05568	0.01082	0.16253	0.65475	0.03025	0.00855	0.00459	0.00213	0.00315
5	0.01012	0.00849	0.00896	0.00786	0.01012	0.00976	0.00617	0.13237	0.72286	0.01698	0.01456	0.01345	0.01087	0.00506	0.00385	0.00127	0.00316	0.00417	0.00385	0.00606
6	0.00549	0.00400	0.00592	0.00592	0.00651	0.00459	0.00452	0.00659	0.00599	0.00859	0.01004	0.01525	0.00955	0.07457	0.75439	0.05936	0.00938	0.00410	0.00202	0.00322
7	0.04260	0.00854	0.02901	0.17857	0.38883	0.00862	0.13318	0.04668	0.01835	0.05025	0.00877	0.03414	0.02744	0.00396	0.00387	0.00120	0.00464	0.00384	0.00218	0.00534
8	0.03851	0.05816	0.61193	0.01145	0.01647	0.00925	0.17777	0.01198	0.00813	0.01206	0.00685	0.00830	0.00497	0.00350	0.00368	0.00120	0.00560	0.00308	0.00169	0.00542
9	0.00828	0.00547	0.00655	0.00628	0.00762	0.00565	0.00468	0.01247	0.28314	0.14466	0.06781	0.35762	0.01837	0.03388	0.00477	0.00144	0.00267	0.02020	0.00382	0.00460
10	0.00581	0.00515	0.04020	0.00685	0.00780	0.00547	0.03727	0.00730	0.00625	0.00905	0.00966	0.01424	0.00897	0.03971	0.72283	0.00542	0.05845	0.00401	0.00199	0.00357
11	0.02509	0.46195	0.19548	0.02153	0.02474	0.13822	0.00817	0.01211	0.00830	0.03020	0.00625	0.00721	0.00516	0.00352	0.00292	0.00095	0.00470	0.00240	0.03615	0.00494
12	0.00567	0.00478	0.02905	0.00523	0.00665	0.00409	0.02717	0.00725	0.03024	0.03558	0.05092	0.04731	0.52070	0.00889	0.00457	0.00135	0.01145	0.15371	0.04182	0.00358
13	0.00544	0.00394	0.00483	0.00456	0.00562	0.00353	0.00344	0.00699	0.01015	0.03695	0.59220	0.03020	0.26175	0.00819	0.00446	0.00122	0.00187	0.00710	0.00401	0.00355
14	0.00479	0.00352	0.00475	0.00549	0.00572	0.00348	0.00375	0.00549	0.00716	0.00963	0.01986	0.79750	0.02369	0.01233	0.03856	0.00172	0.03580	0.01023	0.00339	0.00313
15	0.00752	0.00720	0.01248	0.71492	0.11564	0.00856	0.06014	0.01005	0.00778	0.01014	0.00684	0.01004	0.00520	0.00371	0.00383	0.00125	0.00508	0.00344	0.00172	0.00446
16	0.00493	0.00352	0.00473	0.00543	0.00574	0.00345	0.00378	0.00571	0.00709	0.00951	0.01870	0.61378	0.02186	0.09004	0.11107	0.00231	0.00343	0.07861	0.00322	0.00308
17	0.01444	0.01023	0.01109	0.00854	0.01154	0.01122	0.00705	0.74212	0.04550	0.08474	0.00976	0.00956	0.00684	0.00458	0.00380	0.00115	0.00406	0.00347	0.00386	0.00643
18	0.02392	0.05881	0.04251	0.00804	0.04132	0.02275	0.00641	0.00896	0.00660	0.06018	0.00830	0.01221	0.00766	0.07878	0.33052	0.01661	0.25672	0.00366	0.00206	0.00400
19	0.00496	0.00395	0.00474	0.00470	0.00567	0.00373	0.00353	0.00616	0.00860	0.01122	0.23725	0.09866	0.41800	0.01219	0.13715	0.00204	0.02350	0.00721	0.00341	0.00334
20	0.00474	0.00337	0.00448	0.00533	0.00558	0.00317	0.00361	0.00543	0.00727	0.00968	0.02052	0.78792	0.02448	0.04438	0.00541	0.00163	0.00233	0.05412	0.00347	0.00307
21	0.00795	0.00653	0.00917	0.05515	0.19507	0.02059	0.00679	0.04252	0.09586	0.04543	0.15417	0.01528	0.01299	0.05009	0.21096	0.00252	0.05729	0.00434	0.00271	0.00458

[dist]
# distance from previous block
# <min> <max>
0	2

[block]
# block no. 5 follows, 72 sequences, length 43
# corresponding to MSA columns:
# 212-254
name=unknown_F
#
# <colnr> <probs for GDERKNQSTAVLIFYWHMCP>
#	G	D	E	R	K	N	Q	S	T	A	V	L	I	F	Y	W	H	M	C	P
0	0.00883	0.22255	0.28405	0.04589	0.07044	0.02132	0.09094	0.03709	0.08728	0.01190	0.04246	0.00948	0.00706	0.00419	0.01321	0.00118	0.03162	0.00320	0.00206	0.00524
1	0.00568	0.02991	0.00668	0.00621	0.00696	0.00535	0.00491	0.00696	0.00638	0.00900	0.01202	0.03711	0.06446	0.02420	0.67541	0.00512	0.06534	0.02266	0.00216	0.00346
2	0.60183	0.07038	0.00897	0.01783	0.04590	0.10110	0.06208	0.01162	0.00728	0.01477	0.00560	0.00675	0.00448	0.00359	0.00294	0.00114	0.02482	0.00237	0.00218	0.00435
3	0.00537	0.00384	0.00478	0.00455	0.00547	0.00353	0.00339	0.00700	0.01015	0.01429	0.66048	0.02838	0.13961	0.02887	0.00472	0.00125	0.00185	0.00676	0.06219	0.00349
4	0.00905	0.00959	0.10541	0.18892	0.19446	0.03167	0.07731	0.02810	0.23235	0.03661	0.00973	0.01095	0.00737	0.00406	0.00379	0.00121	0.00441	0.00364	0.03597	0.00540
5	0.02390	0.00888	0.10439	0.00869	0.09397	0.00700	0.00694	0.12888	0.01016	0.23130	0.01764	0.00971	0.00695	0.00375	0.00341	0.00095	0.00359	0.00304	0.00302	0.32384
6	0.47853	0.12162	0.03317	0.00845	0.10746	0.14864	0.01377	0.02030	0.00781	0.02242	0.00580	0.00683	0.00467	0.00355	0.00279	0.00109	0.00403	0.00235	0.00215	0.00458
7	0.00969	0.46751	0.10230	0.00925	0.01258	0.01262	0.17518	0.05101	0.05149	0.01098	0.00661	0.00783	0.00547	0.00365	0.00375	0.00104	0.05918	0.00287	0.00190	0.00508
8	0.00768	0.00678	0.00727	0.02571	0.00844	0.04763	0.00522	0.01289	0.35562	0.01298	0.11153	0.01933	0.17002	0.02579	0.06410	0.00166	0.07496	0.00508	0.03274	0.00458
9	0.00490	0.00386	0.00442	0.00428	0.00538	0.00338	0.00321	0.00624	0.00962	0.01257	0.41367	0.03268	0.46482	0.00874	0.00448	0.00124	0.00186	0.00747	0.00383	0.00338
10	0.32129	0.00701	0.00774	0.00624	0.00890	0.00706	0.00513	0.06974	0.03329	0.45553	0.03453	0.01078	0.00816	0.00438	0.00332	0.00117	0.00314	0.00327	0.00378	0.00554
11	0.00499	0.00375	0.00468	0.00505	0.00582	0.00343	0.00378	0.00617	0.00867	0.01138	0.21535	0.32087	0.24276	0.01010	0.00472	0.00142	0.00224	0.13785	0.00367	0.00329
12	0.00974	0.56461	0.01552	0.00666	0.00917	0.09024	0.00605	0.03074	0.00796	0.02452	0.00733	0.00925	0.02489	0.05681	0.10894	0.00168	0.01674	0.00274	0.00190	0.00451
13	0.00740	0.00442	0.00539	0.00514	0.00610	0.00462	0.00391	0.06283	0.00799	0.06469	0.02222	0.01780	0.01122	0.14666	0.23936	0.00286	0.00475	0.06128	0.31768	0.00368
14	0.00913	0.00732	0.00902	0.00839	0.03004	0.03577	0.06035	0.02778	0.37732	0.07932	0.03985	0.02198	0.01416	0.00654	0.00444	0.00140	0.01838	0.24018	0.00355	0.00510
15	0.01417	0.01808	0.01075	0.00977	0.01172	0.85149	0.00733	0.01514	0.01075	0.00928	0.00586	0.00684	0.00489	0.00391	0.00342	0.00098	0.00684	0.00244	0.00195	0.00440
16	0.00996	0.00961	0.01459	0.06323	0.68547	0.06463	0.01097	0.07267	0.00941	0.01291	0.00718	0.00923	0.00592	0.00352	0.00374	0.00112	0.00466	0.00332	0.00202	0.00584
17	0.00793	0.03224	0.00822	0.00564	0.00901	0.00535	0.00455	0.00960	0.00786	0.01226	0.00670	0.00781	0.00560	0.00282	0.00280	0.00057	0.00285	0.00224	0.00223	0.86373
18	0.00548	0.00476	0.05451	0.00604	0.00684	0.00401	0.00481	0.03074	0.00802	0.01071	0.03964	0.53886	0.03304	0.03601	0.00525	0.00161	0.00279	0.20008	0.00339	0.00342
19	0.00553	0.00370	0.00419	0.00422	0.00424	0.00370	0.00241	0.00558	0.00561	0.00747	0.01218	0.02533	0.01401	0.84256	0.01891	0.00362	0.00367	0.02843	0.00233	0.00233
20	0.00474	0.00379	0.00426	0.00437	0.00540	0.00331	0.00324	0.00585	0.00886	0.01119	0.19364	0.15766	0.52840	0.00961	0.00456	0.00132	0.00200	0.04088	0.00365	0.00327
21	0.00526	0.00372	0.00417	0.00418	0.00453	0.00355	0.00258	0.00565	0.00670	0.00876	0.09606	0.05567	0.18340	0.58366	0.01442	0.00289	0.00309	0.00632	0.00276	0.00263
22	0.00485	0.00354	0.00455	0.00524	0.00569	0.00329	0.00371	0.00570	0.00770	0.01010	0.05625	0.59293	0.12976	0.04272	0.00536	0.00160	0.00236	0.10802	0.00350	0.00314
23	0.00651	0.00331	0.00494	0.00499	0.00501	0.00331	0.00335	0.00501	0.00509	0.00678	0.00733	0.04197	0.00751	0.01308	0.01430	0.84241	0.00326	0.01835	0.00175	0.00173
24	0.00519	0.00356	0.00450	0.00488	0.00505	0.00354	0.00314	0.00557	0.00633	0.00850	0.01541	0.36405	0.01790	0.39434	0.09305	0.03083	0.00369	0.02498	0.00277	0.00273
25	0.01658	0.00715	0.00923	0.00708	0.01003	0.00660	0.00585	0.15346	0.01201	0.70907	0.01399	0.01228	0.00890	0.00467	0.00381	0.00117	0.00338	0.00375	0.00454	0.00645
26	0.00564	0.00373	0.00469	0.00517	0.00573	0.00353	0.00360	0.03181	0.00797	0.04052	0.04370	0.62534	0.07738	0.02150	0.00472	0.00146	0.00226	0.01972	0.08814	0.00337
27	0.00659	0.00329	0.00494	0.00494	0.00494	0.00329	0.00329	0.00494	0.00494	0.00659	0.00659	0.01153	0.00659	0.01318	0.01482	0.88966	0.00329	0.00329	0.00165	0.00165
28	0.01384	0.01712	0.01155	0.01012	0.01226	0.74676	0.06141	0.06283	0.01105	0.01033	0.00617	0.00720	0.00503	0.00390	0.00351	0.00101	0.00665	0.00263	0.00206	0.00456
29	0.00453	0.00371	0.00400	0.00421	0.00523	0.00318	0.00305	0.00544	0.00835	0.01020	0.04977	0.23912	0.62581	0.01013	0.00457	0.00134	0.00199	0.00866	0.00353	0.00318
30	0.86589	0.00744	0.00576	0.00510	0.00747	0.00861	0.00420	0.03688	0.00681	0.01723	0.00540	0.00625	0.00418	0.00355	0.00239	0.00117	0.00297	0.00210	0.00239	0.00418
31	0.01568	0.00617	0.00821	0.00640	0.00910	0.00541	0.00525	0.02994	0.01063	0.73140	0.01537	0.01370	0.03551	0.00482	0.00373	0.00115	0.00307	0.00391	0.08445	0.00609
32	0.00612	0.00497	0.00587	0.00600	0.03942	0.00496	0.00426	0.00960	0.19763	0.01323	0.30375	0.13796	0.23554	0.00802	0.00436	0.00128	0.00226	0.00696	0.00376	0.00406
33	0.00778	0.00664	0.00777	0.00559	0.00887	0.00500	0.00446	0.00947	0.00796	0.01246	0.03557	0.00857	0.00666	0.00298	0.00287	0.00058	0.00277	0.00241	0.00231	0.85928
34	0.01599	0.00717	0.00909	0.00703	0.00989	0.00675	0.00579	0.16771	0.03554	0.64288	0.01381	0.01228	0.00892	0.00467	0.00377	0.00116	0.00335	0.00374	0.03409	0.00634
35	0.00546	0.00365	0.00415	0.00421	0.00422	0.00364	0.00238	0.00550	0.00563	0.00750	0.01253	0.07905	0.01452	0.81149	0.01837	0.00354	0.00358	0.00586	0.00238	0.00235
36	0.00478	0.00370	0.00492	0.00527	0.00590	0.00336	0.03104	0.00567	0.00787	0.01026	0.07842	0.58627	0.21696	0.01078	0.00472	0.00145	0.00225	0.00966	0.00351	0.00321
37	0.01417	0.01808	0.01075	0.00977	0.01172	0.85149	0.00733	0.01514	0.01075	0.00928	0.00586	0.00684	0.00489	0.00391	0.00342	0.00098	0.00684	0.00244	0.00195	0.00440
38	0.00583	0.00456	0.00598	0.00591	0.00649	0.03306	0.00443	0.00692	0.00617	0.00865	0.01026	0.01628	0.01001	0.18051	0.63540	0.00528	0.02926	0.00425	0.01753	0.00324
39	0.01403	0.01781	0.01088	0.01017	0.03632	0.82656	0.00746	0.01504	0.01068	0.00937	0.00590	0.00691	0.00492	0.00389	0.00343	0.00098	0.00677	0.00247	0.00195	0.00444
40	0.00803	0.00659	0.00741	0.00667	0.00831	0.03953	0.03837	0.10793	0.23388	0.03874	0.08515	0.20680	0.18190	0.00753	0.00425	0.00130	0.00295	0.00649	0.00360	0.00457
41	0.00818	0.00731	0.01101	0.01264	0.27145	0.00748	0.09406	0.01246	0.22997	0.02692	0.07420	0.08924	0.09091	0.00580	0.00414	0.00127	0.00360	0.04124	0.00299	0.00512
42	0.53925	0.15132	0.03850	0.00708	0.04598	0.06864	0.01871	0.03477	0.00745	0.01454	0.00559	0.00664	0.00453	0.00366	0.00305	0.00112	0.04025	0.00229	0.00216	0.00447

[dist]
# distance from previous block
# <min> <max>
0	1

[block]
# block no. 6 follows, 72 sequences, length 21
# corresponding to MSA columns:
# 256-276
name=unknown_G
#
# <colnr> <probs for GDERKNQSTAVLIFYWHMCP>
#	G	D	E	R	K	N	Q	S	T	A	V	L	I	F	Y	W	H	M	C	P
0	0.01070	0.02495	0.08125	0.03112	0.18326	0.12353	0.08371	0.06613	0.13363	0.11256	0.01967	0.05782	0.00832	0.00462	0.00421	0.00120	0.04125	0.00392	0.00273	0.00542
1	0.03069	0.00777	0.00980	0.00715	0.01046	0.00680	0.07908	0.16115	0.00988	0.04657	0.00754	0.00846	0.00589	0.00325	0.00317	0.00077	0.00340	0.00272	0.00260	0.59287
2	0.00462	0.00330	0.00440	0.00528	0.00550	0.00308	0.00352	0.00528	0.00726	0.00968	0.02090	0.86424	0.02508	0.01188	0.00484	0.00154	0.00220	0.01078	0.00352	0.00308
3	0.00652	0.00456	0.00593	0.00627	0.07242	0.00422	0.00426	0.00832	0.03296	0.07958	0.43533	0.07861	0.20986	0.00768	0.00433	0.00122	0.00221	0.00669	0.02508	0.00395
4	0.00851	0.00865	0.01159	0.00995	0.01002	0.04159	0.00826	0.00934	0.00598	0.00913	0.00501	0.00825	0.00498	0.00654	0.01212	0.00164	0.82933	0.00329	0.00167	0.00416
5	0.00991	0.00625	0.00665	0.00560	0.00733	0.00664	0.00446	0.31487	0.01184	0.03427	0.05731	0.01303	0.00995	0.00466	0.00320	0.00100	0.00269	0.00368	0.49198	0.00468
6	0.00461	0.00363	0.00417	0.00449	0.00532	0.00318	0.00319	0.00552	0.00827	0.01043	0.09797	0.36570	0.44935	0.01036	0.00462	0.00138	0.00202	0.00902	0.00358	0.00318
7	0.00931	0.02541	0.07626	0.04582	0.63531	0.01945	0.03910	0.03157	0.04555	0.01264	0.01904	0.00971	0.00652	0.00357	0.00376	0.00114	0.00458	0.00343	0.00201	0.00583
8	0.00539	0.00435	0.00478	0.00455	0.00582	0.00401	0.00345	0.02828	0.07162	0.01258	0.28827	0.03155	0.50451	0.00856	0.00441	0.00125	0.00202	0.00725	0.00376	0.00361
9	0.12989	0.00744	0.00846	0.00678	0.00924	0.00765	0.00552	0.28221	0.02500	0.28449	0.17945	0.01391	0.01311	0.00512	0.00375	0.00117	0.00320	0.00407	0.00397	0.00555
10	0.06646	0.17286	0.07310	0.01102	0.11984	0.36337	0.05378	0.03765	0.00933	0.01089	0.00611	0.00740	0.00507	0.00378	0.00372	0.00105	0.04513	0.00267	0.00192	0.00485
11	0.00857	0.00511	0.00616	0.00549	0.00715	0.00475	0.00435	0.07430	0.03129	0.20238	0.21144	0.05025	0.29367	0.00769	0.00433	0.00127	0.00253	0.07092	0.00396	0.00437
12	0.01122	0.05355	0.02970	0.11019	0.19894	0.01017	0.04003	0.30338	0.14052	0.05029	0.00931	0.01009	0.00696	0.00416	0.00375	0.00116	0.00424	0.00351	0.00294	0.00587
13	0.00877	0.02423	0.01543	0.03299	0.08523	0.03226	0.37549	0.03246	0.01722	0.04590	0.02013	0.07557	0.06601	0.00510	0.00542	0.00132	0.12538	0.01559	0.01072	0.00477
14	0.00539	0.00384	0.00486	0.00481	0.00567	0.00352	0.00357	0.00685	0.00968	0.02739	0.52384	0.15201	0.14833	0.02658	0.00483	0.00133	0.00201	0.04257	0.01946	0.00347
15	0.00537	0.00364	0.00429	0.00443	0.00450	0.00364	0.00263	0.00555	0.00582	0.00780	0.01326	0.15649	0.01533	0.68543	0.06334	0.00347	0.00380	0.00626	0.00248	0.00248
16	0.00497	0.00386	0.00452	0.00438	0.00541	0.00345	0.00326	0.00632	0.00947	0.01250	0.42470	0.03144	0.39736	0.03644	0.03388	0.00148	0.00219	0.00724	0.00375	0.00336
17	0.00981	0.75977	0.12625	0.00704	0.01059	0.01421	0.00746	0.01144	0.00774	0.00932	0.00547	0.00633	0.00486	0.00329	0.00258	0.00086	0.00426	0.00213	0.00162	0.00496
18	0.00823	0.10174	0.08296	0.00662	0.00985	0.02601	0.03166	0.01025	0.02488	0.02821	0.02521	0.04577	0.00742	0.01664	0.00334	0.00082	0.00338	0.01227	0.00230	0.55245
19	0.07055	0.41617	0.10512	0.08457	0.01349	0.02788	0.15914	0.01136	0.00793	0.01923	0.00643	0.01753	0.00541	0.01547	0.00335	0.00105	0.00465	0.00286	0.00181	0.02598
20	0.01003	0.02223	0.02663	0.00549	0.00737	0.00511	0.00447	0.04818	0.03894	0.26960	0.19241	0.01806	0.07441	0.03279	0.00417	0.00118	0.00260	0.00466	0.20453	0.02714

[dist]
# distance from previous block
# <min> <max>
9	16

[block]
# block no. 7 follows, 72 sequences, length 14
# corresponding to MSA columns:
# 294-307
name=unknown_H
#
# <colnr> <probs for GDERKNQSTAVLIFYWHMCP>
#	G	D	E	R	K	N	Q	S	T	A	V	L	I	F	Y	W	H	M	C	P
0	0.05868	0.03943	0.00870	0.03645	0.04503	0.02889	0.00521	0.02076	0.00818	0.06679	0.00763	0.03629	0.00638	0.00340	0.00300	0.00074	0.00315	0.00272	0.00241	0.61616
1	0.06236	0.19347	0.09492	0.00976	0.04598	0.24107	0.08019	0.07744	0.02180	0.01166	0.00635	0.00763	0.00521	0.00394	0.00421	0.00108	0.09220	0.00277	0.00202	0.03593
2	0.00556	0.00396	0.00490	0.00490	0.00577	0.00375	0.00358	0.00734	0.04404	0.01289	0.36306	0.25608	0.08493	0.00912	0.03604	0.00142	0.00231	0.00725	0.10851	0.03458
3	0.00902	0.03535	0.02747	0.07017	0.36835	0.00849	0.14135	0.05365	0.05560	0.03156	0.00979	0.04131	0.03863	0.02753	0.00429	0.00123	0.00441	0.01330	0.00230	0.05620
4	0.00548	0.00421	0.00492	0.00517	0.00604	0.00410	0.00373	0.00783	0.12478	0.01154	0.11787	0.39355	0.22565	0.00956	0.00449	0.00138	0.00220	0.02337	0.04053	0.00361
5	0.00965	0.00942	0.00967	0.03397	0.01008	0.20336	0.03517	0.03991	0.04191	0.06664	0.07823	0.01437	0.11428	0.02880	0.02086	0.00145	0.27115	0.00418	0.00256	0.00432
6	0.00599	0.00490	0.00616	0.03059	0.00698	0.04091	0.00451	0.00700	0.00650	0.00883	0.04099	0.01818	0.06155	0.22647	0.45266	0.00439	0.06332	0.00462	0.00222	0.00324
7	0.00501	0.00380	0.00477	0.00510	0.00573	0.00362	0.00370	0.00602	0.00826	0.01092	0.18526	0.38906	0.21061	0.04192	0.00551	0.00151	0.03143	0.07098	0.00354	0.00324
8	0.01103	0.49113	0.06064	0.00793	0.02110	0.19999	0.01889	0.06084	0.02632	0.02351	0.00709	0.00783	0.02951	0.00379	0.00310	0.00094	0.01692	0.00256	0.00198	0.00490
9	0.00812	0.13927	0.64826	0.01111	0.06223	0.00973	0.04682	0.01190	0.00804	0.01160	0.00664	0.00790	0.00492	0.00352	0.00348	0.00114	0.00536	0.00279	0.00163	0.00550
10	0.00970	0.17732	0.21475	0.00989	0.07359	0.05118	0.08187	0.03480	0.07934	0.08966	0.01784	0.05339	0.00763	0.02095	0.00404	0.00117	0.02365	0.00356	0.00238	0.04328
11	0.00956	0.10649	0.19711	0.01086	0.12854	0.01935	0.09830	0.10073	0.04674	0.07964	0.00922	0.03934	0.00780	0.11386	0.01494	0.00153	0.00461	0.00381	0.00243	0.00516
12	0.00567	0.00437	0.00631	0.06300	0.00802	0.00435	0.05081	0.00717	0.05812	0.01045	0.08308	0.44363	0.07032	0.02392	0.00583	0.08427	0.00284	0.06127	0.00318	0.00338
13	0.00754	0.05412	0.02569	0.00629	0.00744	0.04268	0.00504	0.01904	0.03684	0.09218	0.01528	0.21058	0.01590	0.11784	0.11645	0.00231	0.00426	0.20006	0.01663	0.00382

[dist]
# distance from previous block
# <min> <max>
2	18

[block]
# block no. 8 follows, 72 sequences, length 9
# corresponding to MSA columns:
# 327-335
name=unknown_I
#
# <colnr> <probs for GDERKNQSTAVLIFYWHMCP>
#	G	D	E	R	K	N	Q	S	T	A	V	L	I	F	Y	W	H	M	C	P
0	0.00892	0.03797	0.08898	0.02475	0.19189	0.04124	0.05702	0.04308	0.05609	0.03707	0.02783	0.02597	0.02026	0.03532	0.00419	0.00108	0.01673	0.00339	0.00235	0.27586
1	0.01186	0.03486	0.09965	0.01116	0.11884	0.22929	0.06501	0.20792	0.06179	0.06355	0.00944	0.01056	0.03220	0.00434	0.00374	0.00113	0.00500	0.02152	0.00269	0.00544
2	0.01231	0.00859	0.00974	0.09147	0.01179	0.04619	0.00668	0.36271	0.10308	0.16579	0.01100	0.03880	0.00835	0.02507	0.07925	0.00167	0.00454	0.00387	0.00348	0.00562
3	0.04895	0.00680	0.00833	0.00685	0.05117	0.00565	0.02592	0.01052	0.05299	0.05541	0.00921	0.04459	0.03377	0.00369	0.00312	0.00077	0.00297	0.00308	0.00253	0.62367
4	0.05657	0.00840	0.04766	0.04632	0.24625	0.00812	0.11782	0.05987	0.14156	0.03561	0.04782	0.01480	0.07294	0.00481	0.00393	0.00122	0.00403	0.04826	0.00272	0.03130
5	0.00547	0.00396	0.00507	0.00516	0.00535	0.00426	0.00345	0.00595	0.00605	0.00829	0.01318	0.21286	0.01493	0.44809	0.18343	0.00355	0.05937	0.00628	0.00248	0.00281
6	0.00615	0.00534	0.00839	0.49418	0.01725	0.00620	0.00745	0.00790	0.00754	0.00979	0.04302	0.26008	0.05085	0.05339	0.00499	0.00147	0.00389	0.00597	0.00243	0.00371
7	0.03831	0.00792	0.03033	0.01063	0.01352	0.00717	0.38633	0.01223	0.02613	0.18696	0.04773	0.08249	0.05141	0.00502	0.00421	0.00125	0.00448	0.03110	0.01866	0.03412
8	0.00987	0.13342	0.09821	0.01075	0.17029	0.05562	0.04682	0.06255	0.04939	0.07746	0.00862	0.05703	0.00720	0.00402	0.00344	0.00100	0.00409	0.00338	0.00242	0.19442

[dist]
# distance from previous block
# <min> <max>
6	9

[block]
# block no. 9 follows, 72 sequences, length 43
# corresponding to MSA columns:
# 345-387
name=unknown_J
#
# <colnr> <probs for GDERKNQSTAVLIFYWHMCP>
#	G	D	E	R	K	N	Q	S	T	A	V	L	I	F	Y	W	H	M	C	P
0	0.01865	0.00915	0.01141	0.04981	0.20552	0.08467	0.05346	0.05269	0.30925	0.02434	0.01066	0.04979	0.00869	0.00480	0.00455	0.00124	0.07542	0.00399	0.00279	0.01911
1	0.00897	0.59572	0.01553	0.00634	0.00890	0.03585	0.00587	0.01033	0.01818	0.00963	0.06104	0.07764	0.00926	0.00641	0.07119	0.00134	0.00427	0.01806	0.00206	0.03341
2	0.00717	0.00608	0.06047	0.00632	0.00740	0.00596	0.00505	0.10826	0.05139	0.01080	0.03304	0.01585	0.01017	0.22938	0.27630	0.11042	0.04571	0.00423	0.00238	0.00360
3	0.02226	0.39067	0.06126	0.02193	0.11034	0.04130	0.08106	0.18412	0.01795	0.02606	0.00688	0.00785	0.00554	0.00362	0.00321	0.00101	0.00450	0.00282	0.00222	0.00540
4	0.00901	0.00643	0.00742	0.00577	0.00851	0.00556	0.00458	0.01208	0.13899	0.11450	0.01089	0.01122	0.03597	0.00384	0.00313	0.00081	0.00273	0.00312	0.11264	0.50280
5	0.05968	0.00616	0.00761	0.00607	0.00850	0.00575	0.00495	0.08152	0.01051	0.54235	0.01338	0.01254	0.00896	0.00456	0.00347	0.00110	0.00295	0.00363	0.21067	0.00565
6	0.00903	0.00470	0.00613	0.00578	0.00721	0.00436	0.00463	0.01070	0.02446	0.25280	0.16564	0.13065	0.05647	0.00766	0.00428	0.00133	0.00267	0.19081	0.10636	0.00435
7	0.00476	0.00339	0.00450	0.00529	0.00553	0.00322	0.00356	0.00543	0.00714	0.00954	0.01984	0.74975	0.02359	0.07008	0.04044	0.00188	0.00266	0.03299	0.00338	0.00305
8	0.00452	0.00383	0.00391	0.00392	0.00516	0.00321	0.00293	0.00551	0.00870	0.01045	0.07283	0.05958	0.78337	0.00959	0.00449	0.00128	0.00192	0.00803	0.00355	0.00321
9	0.00543	0.00402	0.00588	0.00588	0.00648	0.00462	0.00447	0.00663	0.00603	0.00864	0.01036	0.01601	0.00996	0.12230	0.75849	0.00582	0.00943	0.00423	0.00206	0.00326
10	0.00943	0.00815	0.00858	0.00772	0.00986	0.00943	0.00600	0.02015	0.83621	0.01586	0.01544	0.01415	0.01158	0.00515	0.00386	0.00129	0.00300	0.00429	0.00386	0.00600
11	0.01442	0.01062	0.01138	0.00873	0.01176	0.01176	0.00721	0.83041	0.01783	0.02390	0.00911	0.00911	0.00645	0.00455	0.00379	0.00114	0.00417	0.00341	0.00379	0.00645
12	0.89350	0.00733	0.00557	0.00499	0.00733	0.00851	0.00411	0.01115	0.00645	0.01702	0.00528	0.00616	0.00411	0.00352	0.00235	0.00117	0.00293	0.00205	0.00235	0.00411
13	0.00943	0.00815	0.00858	0.00772	0.00986	0.00943	0.00600	0.02015	0.83621	0.01586	0.01544	0.01415	0.01158	0.00515	0.00386	0.00129	0.00300	0.00429	0.00386	0.00600
14	0.00968	0.00827	0.00872	0.00777	0.00996	0.00955	0.00606	0.06085	0.79510	0.01627	0.01512	0.01390	0.01132	0.00512	0.00386	0.00128	0.00306	0.00424	0.00386	0.00603
15	0.83706	0.00755	0.00595	0.00523	0.00762	0.00872	0.00431	0.06375	0.00718	0.01746	0.00553	0.00635	0.00426	0.00359	0.00244	0.00117	0.00301	0.00214	0.00244	0.00426
16	0.00489	0.00361	0.00498	0.00621	0.04977	0.00340	0.00393	0.00562	0.00730	0.00978	0.02001	0.80401	0.02387	0.02673	0.00504	0.00156	0.00235	0.01030	0.00341	0.00322
17	0.00786	0.00674	0.00786	0.00562	0.00899	0.00506	0.00449	0.00955	0.00786	0.01236	0.00674	0.00786	0.00562	0.00281	0.00281	0.00056	0.00281	0.00225	0.00225	0.88990
18	0.00939	0.00901	0.01539	0.02328	0.84306	0.00901	0.01164	0.01164	0.00864	0.01239	0.00713	0.00939	0.00601	0.00338	0.00375	0.00113	0.00451	0.00338	0.00188	0.00601
19	0.01431	0.00863	0.00998	0.00759	0.01064	0.00866	0.00625	0.43271	0.01398	0.30012	0.01073	0.01021	0.00732	0.00434	0.00365	0.00106	0.00365	0.00337	0.00387	0.13892
20	0.13561	0.00666	0.00835	0.00656	0.00937	0.00618	0.00540	0.01758	0.05390	0.68930	0.01367	0.01206	0.00879	0.00456	0.00362	0.00118	0.00318	0.00360	0.00433	0.00611
21	0.00462	0.00385	0.00403	0.00399	0.00521	0.00326	0.00299	0.00571	0.00897	0.01102	0.16401	0.03522	0.71545	0.00932	0.00448	0.00127	0.00190	0.00782	0.00362	0.00326
22	0.00656	0.00538	0.00622	0.00687	0.00784	0.07237	0.00583	0.00814	0.00883	0.01102	0.02055	0.07087	0.09134	0.00993	0.00501	0.00164	0.00358	0.65113	0.00337	0.00352
23	0.01391	0.01083	0.01107	0.00860	0.01156	0.06526	0.00704	0.71146	0.04027	0.02212	0.00895	0.00904	0.00645	0.00444	0.00372	0.00110	0.00424	0.00332	0.00360	0.05302
24	0.00659	0.00329	0.00494	0.00494	0.00494	0.00329	0.00329	0.00494	0.00494	0.00659	0.00659	0.01153	0.00659	0.01318	0.01482	0.88966	0.00329	0.00329	0.00165	0.00165
25	0.00748	0.00717	0.01245	0.72763	0.10006	0.00855	0.06321	0.01003	0.00777	0.01009	0.00684	0.01005	0.00519	0.00372	0.00383	0.00125	0.00509	0.00344	0.00172	0.00443
26	0.00939	0.00901	0.01539	0.02328	0.84306	0.00901	0.01164	0.01164	0.00864	0.01239	0.00713	0.00939	0.00601	0.00338	0.00375	0.00113	0.00451	0.00338	0.00188	0.00601
27	0.01411	0.00647	0.00833	0.00677	0.00924	0.00607	0.00552	0.09187	0.06889	0.55542	0.05873	0.05677	0.01223	0.00559	0.00397	0.00123	0.00316	0.05655	0.02322	0.00585
28	0.03276	0.00635	0.00745	0.00672	0.02470	0.05043	0.05720	0.09306	0.09190	0.03558	0.10196	0.06304	0.01392	0.32362	0.02934	0.00223	0.01187	0.00505	0.03892	0.00390
29	0.00529	0.00397	0.00483	0.00516	0.00595	0.00375	0.00391	0.00663	0.03061	0.01079	0.12239	0.19219	0.25469	0.11943	0.00662	0.00174	0.00261	0.21271	0.00344	0.00326
30	0.40229	0.00729	0.00763	0.00621	0.00885	0.00757	0.00513	0.11011	0.00969	0.36761	0.01012	0.01011	0.00697	0.00428	0.00320	0.00118	0.00321	0.01967	0.00353	0.00536
31	0.03652	0.00715	0.00768	0.00634	0.00848	0.00760	0.00508	0.29494	0.12844	0.08655	0.01139	0.01174	0.00845	0.00448	0.00331	0.00104	0.00298	0.00351	0.31231	0.05202
32	0.02768	0.00842	0.02111	0.03358	0.08668	0.02005	0.06376	0.27504	0.06934	0.16295	0.06079	0.03248	0.01830	0.02470	0.02420	0.00137	0.03392	0.01259	0.00335	0.01967
33	0.00499	0.00351	0.00444	0.00493	0.00519	0.00334	0.00324	0.00563	0.00723	0.00972	0.11373	0.50164	0.03406	0.24934	0.00883	0.00210	0.00259	0.02929	0.00326	0.00293
34	0.00549	0.00376	0.00457	0.00455	0.00473	0.00387	0.00284	0.00586	0.00596	0.00813	0.06485	0.02317	0.01439	0.65345	0.17536	0.00397	0.00478	0.00533	0.00237	0.00259
35	0.66871	0.00752	0.00649	0.00554	0.00803	0.00836	0.00453	0.06969	0.05148	0.05938	0.00670	0.00727	0.00506	0.00368	0.00264	0.00113	0.00303	0.00237	0.00264	0.07576
36	0.00834	0.00688	0.00953	0.11294	0.02298	0.02340	0.01762	0.03164	0.02981	0.07674	0.00809	0.01123	0.00702	0.03791	0.21320	0.01714	0.29869	0.00357	0.00218	0.06109
37	0.00661	0.00470	0.00537	0.00503	0.00642	0.00440	0.00391	0.05521	0.05349	0.07416	0.21191	0.03036	0.41371	0.03290	0.00485	0.00135	0.00236	0.07567	0.00375	0.00386
38	0.00621	0.00526	0.01639	0.00613	0.00708	0.05858	0.00493	0.00790	0.03941	0.01105	0.11133	0.13714	0.12679	0.06765	0.05509	0.00191	0.00356	0.32678	0.00330	0.00351
39	0.00859	0.00762	0.01219	0.35835	0.21338	0.00907	0.02207	0.01050	0.00756	0.06384	0.00708	0.01007	0.00579	0.02777	0.00638	0.00139	0.21824	0.00346	0.00194	0.00473
40	0.00495	0.00386	0.00456	0.00491	0.00587	0.00348	0.00381	0.00609	0.00854	0.01071	0.08191	0.19465	0.44243	0.01012	0.00473	0.00143	0.00234	0.19878	0.00356	0.00327
41	0.06247	0.16788	0.07204	0.06640	0.23345	0.13326	0.00864	0.07945	0.09850	0.01261	0.00752	0.00871	0.00604	0.00409	0.01306	0.00114	0.01425	0.00298	0.00221	0.00529
42	0.02195	0.04169	0.08623	0.06736	0.15200	0.15500	0.01793	0.24639	0.07088	0.01511	0.00790	0.00885	0.00607	0.00392	0.00357	0.00107	0.00468	0.00309	0.00257	0.08372

[dist]
# distance from previous block
# <min> <max>
0	1

[block]
# block no. 10 follows, 72 sequences, length 68
# corresponding to MSA columns:
# 389-456
name=unknown_K
#
# <colnr> <probs for GDERKNQSTAVLIFYWHMCP>
#	G	D	E	R	K	N	Q	S	T	A	V	L	I	F	Y	W	H	M	C	P
0	0.10384	0.17222	0.09575	0.03176	0.09830	0.29163	0.03004	0.08873	0.03310	0.01225	0.00656	0.00760	0.00527	0.00373	0.00326	0.00104	0.00514	0.00268	0.00211	0.00499
1	0.03301	0.07482	0.02497	0.00871	0.02869	0.01150	0.01523	0.66213	0.04453	0.02154	0.00895	0.00913	0.00650	0.00440	0.00363	0.00111	0.00408	0.00331	0.02762	0.00615
2	0.00972	0.00991	0.00805	0.00730	0.00904	0.27481	0.00557	0.03930	0.25917	0.02272	0.21558	0.01724	0.09425	0.00579	0.00393	0.00116	0.00386	0.00465	0.00331	0.00465
3	0.00543	0.00391	0.00495	0.00470	0.00564	0.00358	0.00352	0.00704	0.01024	0.02519	0.67949	0.02938	0.13948	0.03727	0.00499	0.00130	0.00193	0.02441	0.00402	0.00352
4	0.00536	0.00376	0.00485	0.00504	0.00532	0.00392	0.00340	0.00595	0.00612	0.00835	0.01328	0.16595	0.01475	0.43257	0.26710	0.00396	0.00537	0.03965	0.00248	0.00281
5	0.00945	0.00805	0.00847	0.00755	0.00970	0.00921	0.00589	0.07053	0.73481	0.01604	0.01641	0.01517	0.06102	0.00538	0.00389	0.00128	0.00301	0.00446	0.00383	0.00586
6	0.03341	0.00706	0.00889	0.00688	0.00970	0.00664	0.00567	0.16562	0.01186	0.62965	0.01355	0.01216	0.00877	0.00463	0.00371	0.00115	0.00331	0.00369	0.05744	0.00623
7	0.00611	0.00437	0.00611	0.00698	0.00786	0.00437	0.00611	0.00786	0.00873	0.01135	0.02008	0.04278	0.02183	0.01048	0.00524	0.00175	0.00349	0.81753	0.00349	0.00349
8	0.00786	0.00674	0.00786	0.00562	0.00899	0.00506	0.00449	0.00955	0.00786	0.01236	0.00674	0.00786	0.00562	0.00281	0.00281	0.00056	0.00281	0.00225	0.00225	0.88990
9	0.00465	0.00334	0.00441	0.00522	0.00550	0.00310	0.00351	0.00536	0.00744	0.00992	0.05512	0.80849	0.04656	0.01165	0.00482	0.00152	0.00218	0.01055	0.00355	0.00310
10	0.00543	0.00400	0.00577	0.00577	0.00634	0.00457	0.00434	0.00657	0.00600	0.00857	0.01045	0.01653	0.01019	0.16606	0.71503	0.00570	0.00909	0.00430	0.00208	0.00321
11	0.00830	0.00830	0.01162	0.00996	0.00996	0.01162	0.00830	0.00913	0.00581	0.00913	0.00498	0.00830	0.00498	0.00664	0.01245	0.00166	0.85977	0.00332	0.00166	0.00415
12	0.10499	0.01011	0.01068	0.00826	0.01122	0.01117	0.00682	0.71268	0.01637	0.05703	0.00895	0.00896	0.00633	0.00445	0.00365	0.00114	0.00401	0.00329	0.00368	0.00621
13	0.00943	0.00815	0.00858	0.00772	0.00986	0.00943	0.00600	0.02015	0.83621	0.01586	0.01544	0.01415	0.01158	0.00515	0.00386	0.00129	0.00300	0.00429	0.00386	0.00600
14	0.06951	0.00661	0.00867	0.00669	0.00959	0.00591	0.00553	0.03902	0.01077	0.77476	0.01423	0.01241	0.00900	0.00462	0.00373	0.00117	0.00323	0.00370	0.00453	0.00631
