[name]
unknown

[dist]
# distance from previous block
# <min> <max>
0	73

[block]
# block no. 0 follows, 54 sequences, length 15
# corresponding to MSA columns:
# 86-100
name=unknown_A
#
# <colnr> <probs for GDERKNQSTAVLIFYWHMCP>
#	G	D	E	R	K	N	Q	S	T	A	V	L	I	F	Y	W	H	M	C	P
0	0.06385	0.25907	0.01606	0.01077	0.08087	0.03854	0.00839	0.05612	0.12115	0.05517	0.03104	0.01138	0.00883	0.00535	0.00565	0.00135	0.13046	0.00372	0.00301	0.08924
1	0.27419	0.02018	0.00848	0.00730	0.00940	0.00893	0.00564	0.13446	0.06200	0.04446	0.02521	0.04876	0.01119	0.14678	0.11628	0.03503	0.00523	0.00473	0.00341	0.02835
2	0.36134	0.16992	0.03836	0.01082	0.10939	0.09318	0.00813	0.10323	0.03751	0.01830	0.00795	0.00904	0.00635	0.00456	0.00360	0.00134	0.00492	0.00311	0.00286	0.00608
3	0.00740	0.00538	0.00669	0.00718	0.00803	0.00531	0.00518	0.10331	0.01090	0.01443	0.02530	0.61896	0.07078	0.01334	0.00588	0.00186	0.00316	0.07812	0.00442	0.00440
4	0.68829	0.01095	0.07761	0.00740	0.01078	0.01111	0.00665	0.10951	0.00994	0.02167	0.00732	0.00831	0.00554	0.00454	0.00328	0.00146	0.00413	0.00284	0.00306	0.00563
5	0.01014	0.00966	0.01020	0.00932	0.01065	0.13405	0.00735	0.06583	0.06973	0.01324	0.01407	0.01721	0.07856	0.01929	0.35273	0.00416	0.16086	0.00496	0.00291	0.00507
6	0.09040	0.06015	0.03400	0.01343	0.11146	0.56492	0.00952	0.01764	0.01230	0.03412	0.00771	0.00901	0.00631	0.00471	0.00414	0.00126	0.00739	0.00317	0.00252	0.00582
7	0.82287	0.05243	0.00786	0.00630	0.00927	0.01100	0.00526	0.01387	0.00811	0.02063	0.00656	0.00765	0.00516	0.00436	0.00292	0.00144	0.00372	0.00255	0.00287	0.00516
8	0.00771	0.10734	0.00829	0.00616	0.00722	0.00636	0.00451	0.00888	0.00971	0.03205	0.26037	0.10320	0.04005	0.29362	0.08198	0.00305	0.00437	0.00731	0.00369	0.00410
9	0.01046	0.05450	0.13709	0.09768	0.24352	0.01007	0.02136	0.03714	0.01040	0.02479	0.02557	0.04761	0.02228	0.00511	0.00498	0.00133	0.04805	0.00431	0.00262	0.19113
10	0.00655	0.00522	0.00674	0.10627	0.00995	0.00502	0.00523	0.00851	0.01187	0.01580	0.42993	0.06094	0.29072	0.00996	0.00547	0.00154	0.00280	0.00862	0.00451	0.00437
11	0.01580	0.01191	0.01287	0.01034	0.01362	0.01337	0.00840	0.50888	0.24456	0.04617	0.01371	0.01335	0.00998	0.00595	0.00504	0.00148	0.02981	0.00457	0.02250	0.00770
12	0.00650	0.00528	0.00820	0.00796	0.00892	0.00491	0.10079	0.00777	0.00954	0.01269	0.06706	0.58345	0.08858	0.05632	0.00685	0.00197	0.00342	0.01156	0.00409	0.00414
13	0.01526	0.01785	0.01192	0.01080	0.01291	0.57335	0.00810	0.07777	0.01272	0.01268	0.00900	0.01212	0.00800	0.08893	0.10620	0.00234	0.00837	0.00375	0.00266	0.00526
14	0.00674	0.00503	0.00744	0.00744	0.00824	0.00582	0.00573	0.00833	0.00754	0.01085	0.01275	0.01921	0.01208	0.07966	0.77172	0.00741	0.01218	0.00515	0.00254	0.00413

[dist]
# distance from previous block
# <min> <max>
2	6

[block]
# block no. 1 follows, 54 sequences, length 6
# corresponding to MSA columns:
# 107-112
name=unknown_B
#
# <colnr> <probs for GDERKNQSTAVLIFYWHMCP>
#	G	D	E	R	K	N	Q	S	T	A	V	L	I	F	Y	W	H	M	C	P
0	0.00743	0.00616	0.00793	0.04741	0.00980	0.02090	0.04620	0.03937	0.02910	0.01362	0.06539	0.31247	0.22552	0.02959	0.03275	0.02597	0.00375	0.00924	0.00392	0.06346
1	0.00900	0.00764	0.00879	0.00670	0.01017	0.00606	0.00529	0.01153	0.04953	0.01551	0.08408	0.01754	0.12571	0.00540	0.00404	0.00094	0.00323	0.00446	0.00333	0.62105
2	0.01107	0.40500	0.27388	0.00969	0.01430	0.06135	0.01060	0.01388	0.01018	0.01299	0.04675	0.01208	0.05664	0.00495	0.00386	0.00122	0.00551	0.00361	0.00236	0.04010
3	0.00951	0.00811	0.01276	0.00997	0.01284	0.00732	0.20107	0.06149	0.01139	0.04983	0.10396	0.14018	0.12680	0.03640	0.00575	0.00153	0.00437	0.00699	0.00366	0.18604
4	0.03356	0.07352	0.11406	0.01180	0.01566	0.12347	0.09354	0.31587	0.03533	0.07078	0.01079	0.01248	0.00823	0.00544	0.00490	0.00144	0.02739	0.03122	0.00357	0.00694
5	0.00928	0.00826	0.00914	0.00853	0.00991	0.09389	0.04539	0.08244	0.05451	0.01492	0.07185	0.36422	0.08523	0.01035	0.00611	0.00168	0.06427	0.00887	0.04624	0.00490

[dist]
# distance from previous block
# <min> <max>
4	7

[block]
# block no. 2 follows, 54 sequences, length 28
# corresponding to MSA columns:
# 120-147
name=unknown_C
#
# <colnr> <probs for GDERKNQSTAVLIFYWHMCP>
#	G	D	E	R	K	N	Q	S	T	A	V	L	I	F	Y	W	H	M	C	P
0	0.02936	0.12968	0.27463	0.01265	0.03418	0.21286	0.07424	0.03933	0.07909	0.01438	0.00886	0.01021	0.00692	0.00487	0.00490	0.00140	0.04995	0.00362	0.00249	0.00637
1	0.00615	0.00444	0.00579	0.00658	0.00710	0.00417	0.00456	0.02158	0.00994	0.01331	0.12079	0.65681	0.06424	0.01379	0.00594	0.00185	0.00277	0.04171	0.00448	0.00401
2	0.03154	0.00974	0.01639	0.06698	0.31680	0.00968	0.15735	0.01482	0.07093	0.08494	0.10750	0.01761	0.06316	0.00564	0.00498	0.00149	0.00515	0.00543	0.00331	0.00654
3	0.00626	0.00482	0.00633	0.00743	0.05556	0.00444	0.00484	0.00757	0.01038	0.01380	0.18911	0.45496	0.19204	0.01249	0.00575	0.00173	0.00273	0.01112	0.00442	0.00421
4	0.00929	0.00709	0.00709	0.00662	0.00855	0.05524	0.00506	0.02940	0.12170	0.09992	0.03394	0.10020	0.43449	0.00994	0.00524	0.00157	0.00324	0.01978	0.03655	0.00509
5	0.00674	0.00453	0.00515	0.00526	0.00537	0.00447	0.00305	0.00692	0.00729	0.00976	0.01718	0.11211	0.04677	0.70262	0.02104	0.00411	0.00425	0.00757	0.02280	0.00303
6	0.01150	0.01103	0.01883	0.07747	0.75767	0.01116	0.01439	0.01432	0.01066	0.01520	0.00884	0.01172	0.00740	0.00423	0.00467	0.00141	0.00564	0.00420	0.00232	0.00733
7	0.06682	0.01272	0.01306	0.01031	0.01374	0.05886	0.00842	0.61711	0.01956	0.05903	0.01157	0.03431	0.00868	0.00693	0.03551	0.00166	0.00545	0.00438	0.00444	0.00744
8	0.00581	0.00414	0.00551	0.00657	0.00686	0.00388	0.00441	0.00664	0.00901	0.01201	0.02570	0.79605	0.03076	0.03447	0.00646	0.00198	0.00281	0.02877	0.00434	0.00382
9	0.03388	0.00635	0.00799	0.00785	0.00910	0.00649	0.02281	0.12487	0.03677	0.05062	0.04310	0.53289	0.02476	0.01187	0.00581	0.00179	0.01874	0.04500	0.00440	0.00491
10	0.01167	0.01120	0.01914	0.02894	0.80488	0.01120	0.01447	0.01447	0.01074	0.01540	0.00887	0.01167	0.00747	0.00420	0.00467	0.00140	0.00560	0.00420	0.00233	0.00747
11	0.01019	0.00985	0.01599	0.50169	0.32148	0.03423	0.01349	0.01315	0.01003	0.01329	0.00853	0.01211	0.00672	0.00453	0.00468	0.00150	0.00609	0.00416	0.00219	0.00608
12	0.01372	0.67626	0.02238	0.00873	0.01249	0.14517	0.00819	0.01520	0.01033	0.04102	0.00712	0.00803	0.00626	0.00423	0.00329	0.00106	0.00556	0.00269	0.00223	0.00603
13	0.01296	0.21878	0.25629	0.01016	0.01482	0.05078	0.01057	0.14059	0.01244	0.08703	0.04264	0.01110	0.00856	0.00481	0.00411	0.00126	0.00543	0.00360	0.00303	0.10105
14	0.01022	0.00881	0.01077	0.01165	0.14092	0.00956	0.00773	0.04302	0.38164	0.01806	0.15662	0.02281	0.11888	0.00734	0.00532	0.00155	0.02811	0.00622	0.00432	0.00644
15	0.01173	0.01013	0.01066	0.00960	0.01226	0.01173	0.00746	0.02505	0.79636	0.01972	0.01919	0.01759	0.01439	0.00640	0.00480	0.00160	0.00373	0.00533	0.00480	0.00746
16	0.01134	0.01087	0.01855	0.12303	0.71335	0.01112	0.01431	0.01418	0.01058	0.01501	0.00881	0.01178	0.00733	0.00426	0.00467	0.00142	0.00568	0.00420	0.00231	0.00720
17	0.00963	0.04646	0.74613	0.01363	0.02040	0.01122	0.05835	0.01492	0.01001	0.01483	0.00847	0.01004	0.00604	0.00444	0.00450	0.00148	0.00697	0.00357	0.00201	0.00691
18	0.01129	0.01082	0.01846	0.13751	0.69927	0.01110	0.01428	0.01414	0.01056	0.01494	0.00880	0.01179	0.00731	0.00427	0.00467	0.00142	0.00569	0.00420	0.00230	0.00716
19	0.01932	0.00961	0.01192	0.08150	0.01444	0.04196	0.00795	0.16424	0.01474	0.55981	0.01587	0.01455	0.01028	0.00566	0.00471	0.00145	0.00462	0.00453	0.00515	0.00767
20	0.00594	0.00427	0.00549	0.00637	0.00688	0.00396	0.00440	0.00696	0.00952	0.01268	0.06366	0.65201	0.11431	0.01388	0.00589	0.00185	0.00273	0.04503	0.03025	0.00391
21	0.08226	0.03144	0.01157	0.03467	0.03714	0.28961	0.02493	0.09466	0.03084	0.10977	0.06528	0.04616	0.06881	0.00629	0.00453	0.00139	0.00554	0.01247	0.03679	0.00585
22	0.01160	0.43351	0.32532	0.01063	0.01575	0.01508	0.03199	0.05496	0.03643	0.01392	0.00803	0.00914	0.00643	0.00437	0.00380	0.00125	0.00582	0.00315	0.00225	0.00656
23	0.00592	0.00426	0.00547	0.00634	0.00674	0.00398	0.00427	0.00676	0.00910	0.01202	0.04215	0.64927	0.09222	0.09316	0.00772	0.00214	0.00293	0.03752	0.00425	0.00378
24	0.00752	0.00572	0.00750	0.00745	0.00852	0.01594	0.04204	0.06377	0.02193	0.02553	0.11482	0.49899	0.09820	0.01238	0.00606	0.02250	0.00325	0.02908	0.00434	0.00443
25	0.03452	0.02497	0.15437	0.07177	0.14988	0.16594	0.05300	0.15599	0.06777	0.02589	0.02153	0.02295	0.00826	0.00506	0.00458	0.00142	0.00618	0.00413	0.00301	0.01880
26	0.00728	0.00537	0.00669	0.00692	0.00771	0.00550	0.00498	0.05586	0.04213	0.01332	0.05946	0.35642	0.07466	0.15497	0.10623	0.00298	0.01690	0.06445	0.00394	0.00421
27	0.00737	0.00560	0.00645	0.00638	0.00765	0.00537	0.00470	0.09124	0.02612	0.01524	0.14709	0.27260	0.28749	0.05916	0.00669	0.00185	0.00299	0.03711	0.00445	0.00445

[dist]
# distance from previous block
# <min> <max>
2	27

[block]
# block no. 3 follows, 54 sequences, length 36
# corresponding to MSA columns:
# 181-216
name=unknown_D
#
# <colnr> <probs for GDERKNQSTAVLIFYWHMCP>
#	G	D	E	R	K	N	Q	S	T	A	V	L	I	F	Y	W	H	M	C	P
0	0.01350	0.60580	0.06000	0.00919	0.01303	0.16272	0.00872	0.03848	0.02906	0.01212	0.00722	0.00820	0.00631	0.00431	0.00341	0.00110	0.00574	0.00278	0.00224	0.00608
1	0.01143	0.56175	0.21251	0.00937	0.01386	0.01575	0.01016	0.01425	0.03223	0.01226	0.00778	0.00916	0.00666	0.00630	0.05765	0.00158	0.00598	0.00300	0.00212	0.00619
2	0.00813	0.00643	0.00683	0.00656	0.00800	0.03671	0.00492	0.05656	0.05563	0.03086	0.08695	0.17502	0.31088	0.05370	0.00661	0.00175	0.02976	0.03107	0.06608	0.01753
3	0.00882	0.00575	0.00677	0.00653	0.00757	0.00575	0.00453	0.01146	0.12785	0.09472	0.08046	0.15943	0.06895	0.35144	0.01310	0.00288	0.00377	0.03173	0.00402	0.00448
4	0.00844	0.00542	0.00640	0.00622	0.00768	0.00498	0.00458	0.02986	0.04044	0.10821	0.09200	0.27823	0.26565	0.04171	0.00606	0.00172	0.00289	0.00935	0.05711	0.02304
5	0.00685	0.00512	0.02230	0.00642	0.00754	0.00441	0.00486	0.00827	0.01060	0.05217	0.16376	0.36913	0.22810	0.01237	0.00578	0.00175	0.00285	0.07889	0.00454	0.00429
6	0.01083	0.00625	0.00688	0.00621	0.00792	0.00643	0.00481	0.10813	0.07190	0.08613	0.07164	0.06166	0.01504	0.00697	0.01955	0.00140	0.00307	0.00527	0.49458	0.00535
7	0.00819	0.00410	0.00614	0.00614	0.00614	0.00410	0.00410	0.00614	0.00614	0.00819	0.00819	0.01433	0.00819	0.01638	0.01843	0.86282	0.00410	0.00410	0.00205	0.00205
8	0.01205	0.00883	0.00971	0.00814	0.01055	0.00930	0.00645	0.39219	0.01657	0.02237	0.15659	0.11442	0.14487	0.00838	0.00506	0.00149	0.00376	0.00695	0.05624	0.00606
9	0.01117	0.01261	0.02722	0.02050	0.07828	0.01187	0.73460	0.01506	0.01110	0.01512	0.00949	0.01265	0.00718	0.00399	0.00550	0.00158	0.00779	0.00547	0.00238	0.00644
10	0.00674	0.00497	0.00637	0.00652	0.00754	0.00461	0.02342	0.00825	0.02487	0.03195	0.14068	0.30340	0.22334	0.09621	0.00767	0.00205	0.00310	0.08983	0.00433	0.00414
11	0.00674	0.00503	0.00746	0.00746	0.00826	0.00583	0.00575	0.00835	0.00754	0.01086	0.01274	0.01911	0.01204	0.07335	0.77797	0.00743	0.01225	0.00514	0.00254	0.00415
12	0.01596	0.00867	0.01075	0.00802	0.01191	0.00739	0.00655	0.09115	0.01272	0.39346	0.01352	0.01290	0.00931	0.00481	0.00420	0.00113	0.00390	0.00386	0.00442	0.37537
13	0.01141	0.01104	0.01914	0.09483	0.70259	0.01118	0.05178	0.01430	0.01065	0.01511	0.00886	0.01180	0.00735	0.00423	0.00472	0.00142	0.00577	0.00427	0.00232	0.00723
14	0.00600	0.00430	0.00560	0.00653	0.00702	0.00401	0.00456	0.00705	0.00951	0.01271	0.06264	0.65788	0.08404	0.01397	0.00594	0.00187	0.00280	0.07353	0.02612	0.00392
15	0.01393	0.00724	0.00888	0.00746	0.01001	0.00681	0.00592	0.09392	0.06069	0.34664	0.12356	0.08992	0.16176	0.00817	0.00506	0.00152	0.00343	0.00686	0.03189	0.00634
16	0.00856	0.00686	0.00752	0.00705	0.00889	0.00698	0.00544	0.09992	0.18074	0.01694	0.12787	0.11518	0.32609	0.01010	0.00541	0.00163	0.00312	0.05183	0.00461	0.00525
17	0.01450	0.38433	0.07363	0.00989	0.01360	0.19314	0.00904	0.18685	0.01326	0.01578	0.00844	0.00983	0.00701	0.00481	0.00384	0.00120	0.00590	0.01748	0.02110	0.00635
18	0.02414	0.16976	0.24582	0.01083	0.01476	0.20186	0.02617	0.09077	0.02739	0.01452	0.01018	0.08283	0.00915	0.04570	0.00527	0.00152	0.00622	0.00438	0.00270	0.00604
19	0.01671	0.01332	0.03350	0.01116	0.01478	0.05665	0.04897	0.62754	0.01986	0.04214	0.01177	0.04848	0.00899	0.00633	0.01617	0.00153	0.00552	0.00467	0.00438	0.00753
20	0.01102	0.01043	0.01755	0.26038	0.55881	0.01108	0.01393	0.03383	0.01065	0.01479	0.00879	0.01192	0.00714	0.00439	0.00468	0.00145	0.00579	0.00420	0.00233	0.00683
21	0.02474	0.05045	0.01297	0.05074	0.07595	0.25606	0.00856	0.17583	0.07002	0.07788	0.05956	0.03463	0.03335	0.01989	0.00488	0.00142	0.00569	0.00455	0.00358	0.02925
22	0.00604	0.00473	0.00547	0.00543	0.00669	0.00416	0.00402	0.00763	0.01166	0.01523	0.35834	0.11580	0.41543	0.01126	0.00561	0.00158	0.00235	0.00969	0.00471	0.00416
23	0.00905	0.00853	0.01441	0.78031	0.07397	0.01051	0.01317	0.01218	0.00950	0.01223	0.00841	0.01252	0.00635	0.00469	0.00471	0.00156	0.00625	0.00419	0.00211	0.00536
24	0.00999	0.00755	0.00964	0.00860	0.01053	0.02026	0.06197	0.11921	0.07619	0.07535	0.06664	0.22381	0.16946	0.01003	0.00583	0.00170	0.03041	0.08309	0.00436	0.00538
25	0.09537	0.00851	0.01156	0.00987	0.01206	0.04078	0.14534	0.09072	0.06610	0.04013	0.07422	0.25075	0.01847	0.01006	0.04871	0.00196	0.00489	0.03909	0.02604	0.00538
26	0.03983	0.01012	0.01173	0.00917	0.01262	0.01039	0.00753	0.34719	0.06314	0.35624	0.01502	0.01403	0.01014	0.00573	0.00459	0.00142	0.00436	0.00449	0.06460	0.00766
27	0.01079	0.01116	0.01460	0.01247	0.01282	0.07382	0.03439	0.01194	0.00781	0.01147	0.00655	0.01048	0.00636	0.00859	0.03573	0.00213	0.71748	0.00411	0.00211	0.00519
28	0.01111	0.02470	0.09014	0.03611	0.07530	0.01158	0.43586	0.04300	0.08144	0.02746	0.04164	0.01410	0.02396	0.00499	0.00584	0.00158	0.05670	0.00524	0.00281	0.00645
29	0.00611	0.00482	0.00535	0.00538	0.00657	0.00432	0.00386	0.00764	0.03114	0.01360	0.18428	0.13693	0.45486	0.10481	0.00769	0.00195	0.00268	0.00963	0.00437	0.00402
30	0.01130	0.01089	0.01775	0.01374	0.01715	0.01131	0.34332	0.05497	0.35396	0.01738	0.01465	0.04224	0.01167	0.05006	0.00620	0.00176	0.00563	0.00572	0.00364	0.00665
31	0.17554	0.00858	0.00916	0.00781	0.01050	0.00902	0.00622	0.15397	0.14341	0.17466	0.06151	0.07132	0.11827	0.00720	0.00461	0.00152	0.00368	0.00578	0.02092	0.00631
32	0.05259	0.08944	0.03075	0.10916	0.20129	0.03485	0.05203	0.04770	0.14872	0.04377	0.01388	0.08526	0.03562	0.00618	0.00469	0.00150	0.00499	0.02797	0.00326	0.00636
33	0.00601	0.00433	0.00551	0.00620	0.00661	0.00414	0.00414	0.00681	0.00878	0.01163	0.03804	0.53804	0.10510	0.16088	0.06837	0.00276	0.00374	0.01121	0.00399	0.00371
34	0.00600	0.00468	0.00541	0.00567	0.00678	0.00416	0.00417	0.00730	0.01060	0.01349	0.15949	0.21694	0.41443	0.05208	0.00663	0.00183	0.00270	0.06920	0.00443	0.00400
35	0.04561	0.09980	0.03480	0.12606	0.27894	0.02250	0.08961	0.04269	0.04992	0.05425	0.02875	0.03423	0.02121	0.01735	0.00524	0.00150	0.03364	0.00460	0.00282	0.00645

[dist]
# distance from previous block
# <min> <max>
2	21

[block]
# block no. 4 follows, 54 sequences, length 21
# corresponding to MSA columns:
# 238-258
name=unknown_E
#
# <colnr> <probs for GDERKNQSTAVLIFYWHMCP>
#	G	D	E	R	K	N	Q	S	T	A	V	L	I	F	Y	W	H	M	C	P
0	0.45144	0.01100	0.01183	0.05128	0.16401	0.08390	0.04806	0.05159	0.01005	0.01848	0.02845	0.00998	0.00702	0.00470	0.00414	0.00146	0.03057	0.00343	0.00281	0.00579
1	0.01135	0.01088	0.01857	0.11987	0.71643	0.01112	0.01431	0.01419	0.01059	0.01502	0.00881	0.01177	0.00733	0.00426	0.00467	0.00142	0.00568	0.00420	0.00231	0.00721
2	0.01268	0.02691	0.10088	0.13011	0.31018	0.08746	0.06552	0.10162	0.01207	0.06106	0.00979	0.03021	0.00779	0.00490	0.00485	0.00145	0.01861	0.00432	0.00278	0.00679
3	0.09497	0.00609	0.00702	0.00664	0.00798	0.00636	0.00496	0.08096	0.01018	0.03449	0.09093	0.07046	0.14298	0.18640	0.20131	0.00362	0.00576	0.03084	0.00362	0.00444
4	0.13007	0.01083	0.01135	0.00916	0.01236	0.05459	0.00742	0.33472	0.05086	0.22839	0.05357	0.05176	0.01170	0.00615	0.00457	0.00146	0.00453	0.00478	0.00466	0.00709
5	0.01163	0.01142	0.01797	0.11530	0.65122	0.05481	0.01375	0.01436	0.01070	0.01482	0.00871	0.01154	0.00725	0.00427	0.00461	0.00139	0.00577	0.00409	0.00233	0.03406
6	0.00732	0.00520	0.00673	0.00657	0.00715	0.00567	0.00459	0.04420	0.00792	0.01097	0.01363	0.02405	0.01416	0.41402	0.40110	0.00586	0.00845	0.00587	0.00279	0.00374
7	0.00587	0.00418	0.00557	0.00663	0.00694	0.00393	0.00450	0.00674	0.00906	0.01206	0.02562	0.76861	0.03058	0.03799	0.00655	0.00200	0.00287	0.05213	0.00433	0.00383
8	0.01152	0.01078	0.01789	0.09857	0.58213	0.02261	0.05535	0.01430	0.01073	0.03780	0.02239	0.01214	0.00803	0.00433	0.00464	0.00137	0.00557	0.00424	0.00250	0.07311
9	0.01332	0.51830	0.06353	0.00894	0.01289	0.01625	0.00855	0.19881	0.04890	0.01621	0.01036	0.01087	0.04533	0.00494	0.00371	0.00119	0.00499	0.00347	0.00290	0.00653
10	0.01050	0.00773	0.00868	0.00793	0.00966	0.00831	0.00593	0.17153	0.20750	0.03806	0.01936	0.19181	0.05744	0.14659	0.02261	0.02917	0.00405	0.02646	0.02117	0.00552
11	0.00638	0.00483	0.00560	0.00569	0.00701	0.00426	0.00431	0.00786	0.01119	0.03231	0.21294	0.14180	0.44836	0.01173	0.00569	0.00166	0.00260	0.07700	0.00459	0.00419
12	0.17753	0.00851	0.00926	0.00688	0.01080	0.00714	0.00554	0.01263	0.00956	0.04318	0.00837	0.00958	0.00678	0.00374	0.00342	0.00087	0.00354	0.00281	0.00292	0.66693
13	0.00767	0.00538	0.00635	0.00618	0.00746	0.00495	0.00446	0.04848	0.01070	0.05508	0.12182	0.24903	0.23943	0.13506	0.00830	0.00207	0.00313	0.03193	0.00426	0.04826
14	0.00715	0.00433	0.00593	0.00620	0.00656	0.00416	0.00428	0.00685	0.00830	0.01108	0.11556	0.21218	0.07243	0.05929	0.01278	0.40707	0.00347	0.04604	0.00330	0.00305
15	0.00576	0.00416	0.00546	0.00645	0.00682	0.00385	0.00434	0.00664	0.00924	0.01226	0.04876	0.76824	0.07161	0.01448	0.00598	0.00189	0.00270	0.01309	0.00440	0.00385
16	0.07038	0.00866	0.01071	0.00929	0.01152	0.04586	0.08600	0.17880	0.01296	0.07574	0.04389	0.23915	0.07128	0.02039	0.00556	0.00171	0.00439	0.09401	0.00416	0.00554
17	0.75367	0.00967	0.00790	0.00682	0.00986	0.01112	0.00562	0.11781	0.00992	0.02230	0.00720	0.00815	0.00550	0.00455	0.00316	0.00145	0.00385	0.00278	0.00316	0.00550
18	0.00855	0.00642	0.00717	0.00704	0.00848	0.00672	0.00520	0.06032	0.21861	0.01631	0.05979	0.30212	0.11873	0.02313	0.00543	0.00167	0.00304	0.00866	0.12743	0.00516
19	0.00741	0.00519	0.00685	0.00703	0.02680	0.00565	0.00497	0.02113	0.00819	0.01194	0.01483	0.02309	0.03836	0.25270	0.38493	0.00514	0.02190	0.02372	0.12614	0.00401
20	0.01243	0.79293	0.06741	0.00836	0.01255	0.01824	0.00858	0.01416	0.00960	0.01130	0.00666	0.00769	0.00605	0.00406	0.00310	0.00103	0.00515	0.00257	0.00202	0.00610

[dist]
# distance from previous block
# <min> <max>
0	1

[block]
# block no. 5 follows, 54 sequences, length 18
# corresponding to MSA columns:
# 260-277
name=unknown_F
#
# <colnr> <probs for GDERKNQSTAVLIFYWHMCP>
#	G	D	E	R	K	N	Q	S	T	A	V	L	I	F	Y	W	H	M	C	P
0	0.01232	0.76316	0.09617	0.00856	0.01286	0.01796	0.00892	0.01419	0.00961	0.01144	0.00673	0.00778	0.00604	0.00407	0.00316	0.00105	0.00522	0.00261	0.00201	0.00613
1	0.01225	0.00953	0.01307	0.18737	0.20742	0.04554	0.00997	0.09041	0.05930	0.12825	0.02494	0.07751	0.04820	0.00722	0.03122	0.00170	0.00526	0.01718	0.00350	0.02018
2	0.02928	0.00987	0.01066	0.00882	0.01158	0.04577	0.00702	0.30191	0.08882	0.16113	0.08954	0.06160	0.06674	0.04153	0.01824	0.00170	0.00443	0.01786	0.00465	0.01884
3	0.00790	0.00608	0.00693	0.00644	0.00784	0.04132	0.00487	0.01073	0.06695	0.04465	0.61539	0.03312	0.11108	0.00929	0.00542	0.00149	0.00269	0.00807	0.00498	0.00478
4	0.06883	0.01055	0.01195	0.00934	0.01281	0.01101	0.00767	0.41154	0.03707	0.29584	0.01424	0.03202	0.00996	0.00587	0.00459	0.00144	0.00448	0.00456	0.03865	0.00759
5	0.01258	0.01140	0.01666	0.20802	0.37816	0.05326	0.04035	0.14199	0.04146	0.03614	0.00972	0.01202	0.00756	0.00471	0.00470	0.00145	0.00582	0.00425	0.00285	0.00691
6	0.06468	0.01104	0.03875	0.00973	0.01301	0.05046	0.04515	0.22738	0.16865	0.17816	0.05806	0.03353	0.04013	0.00617	0.00471	0.00146	0.00457	0.00502	0.00448	0.03488
7	0.01190	0.00717	0.00791	0.00691	0.00899	0.00749	0.00543	0.11819	0.16355	0.11912	0.09780	0.01839	0.01531	0.00616	0.00419	0.00132	0.00312	0.00503	0.38609	0.00593
8	0.01200	0.00844	0.01194	0.09174	0.10340	0.02322	0.05083	0.10934	0.02555	0.15606	0.03599	0.08160	0.04810	0.01170	0.14171	0.00256	0.02301	0.02725	0.02956	0.00602
9	0.01294	0.06476	0.09060	0.06766	0.18105	0.09273	0.09148	0.09054	0.12605	0.07539	0.05162	0.01345	0.01025	0.00515	0.00468	0.00144	0.00568	0.00448	0.00327	0.00681
10	0.06048	0.07846	0.14941	0.01073	0.02627	0.02347	0.04169	0.28871	0.07375	0.04340	0.01218	0.08527	0.01014	0.00737	0.03996	0.00174	0.01975	0.00488	0.01562	0.00672
11	0.00600	0.00439	0.00546	0.00619	0.00667	0.00411	0.00414	0.00704	0.02452	0.01207	0.04403	0.59197	0.13391	0.11634	0.00817	0.00219	0.00293	0.01186	0.00421	0.00381
12	0.00854	0.02940	0.06496	0.06013	0.03966	0.06528	0.04210	0.04078	0.03467	0.01363	0.03292	0.43316	0.02144	0.02895	0.00584	0.00178	0.00429	0.04793	0.01969	0.00485
13	0.01223	0.18124	0.19675	0.01348	0.10067	0.02608	0.10669	0.13356	0.02917	0.04294	0.02741	0.02663	0.00863	0.02612	0.00553	0.01476	0.03445	0.00422	0.00284	0.00659
14	0.01264	0.00757	0.00797	0.00682	0.00894	0.03521	0.00538	0.17678	0.03288	0.13277	0.05890	0.01759	0.03820	0.00601	0.00407	0.00127	0.00335	0.00479	0.43308	0.00578
15	0.00686	0.00457	0.00514	0.00514	0.00514	0.00457	0.00286	0.00686	0.00686	0.00914	0.01486	0.03086	0.01714	0.83430	0.02400	0.00457	0.00457	0.00686	0.00286	0.00286
16	0.20780	0.03677	0.01402	0.01233	0.06293	0.35253	0.11627	0.03137	0.03399	0.03020	0.00918	0.05491	0.00786	0.00519	0.00426	0.00139	0.00645	0.00403	0.00280	0.00571
17	0.17295	0.14972	0.06295	0.01134	0.05670	0.34659	0.00908	0.05224	0.01136	0.01451	0.00730	0.00873	0.00606	0.00487	0.00471	0.00133	0.06816	0.00309	0.00250	0.00579

[dist]
# distance from previous block
# <min> <max>
4	8

[block]
# block no. 6 follows, 54 sequences, length 37
# corresponding to MSA columns:
# 287-323
name=unknown_G
#
# <colnr> <probs for GDERKNQSTAVLIFYWHMCP>
#	G	D	E	R	K	N	Q	S	T	A	V	L	I	F	Y	W	H	M	C	P
0	0.02690	0.01145	0.01497	0.03310	0.26549	0.08985	0.05020	0.11833	0.05937	0.24475	0.03012	0.01346	0.00977	0.00518	0.00471	0.00143	0.00530	0.00446	0.00387	0.00730
1	0.00615	0.00461	0.00575	0.00639	0.00709	0.00435	0.00444	0.00787	0.05166	0.01340	0.12541	0.57610	0.14271	0.01328	0.00583	0.00180	0.00268	0.01187	0.00450	0.00412
2	0.00796	0.00421	0.00615	0.00615	0.00620	0.00427	0.00410	0.00637	0.00631	0.00847	0.00914	0.01621	0.00930	0.09604	0.07415	0.72139	0.00473	0.00443	0.00216	0.00227
3	0.03416	0.02130	0.08882	0.02365	0.19049	0.07260	0.06592	0.05966	0.15490	0.02471	0.08309	0.01880	0.08174	0.03819	0.00558	0.00161	0.00506	0.01997	0.00343	0.00631
4	0.00679	0.00491	0.00598	0.00605	0.00722	0.00448	0.00448	0.00864	0.03126	0.04198	0.31463	0.22846	0.26041	0.01148	0.00567	0.00165	0.00259	0.04424	0.00473	0.00436
5	0.00686	0.00457	0.00514	0.00514	0.00514	0.00457	0.00286	0.00686	0.00686	0.00914	0.01486	0.03086	0.01714	0.83430	0.02400	0.00457	0.00457	0.00686	0.00286	0.00286
6	0.01056	0.03397	0.08395	0.05959	0.03773	0.01103	0.19742	0.05539	0.05234	0.04070	0.01131	0.03149	0.02364	0.01939	0.11102	0.00245	0.17617	0.02097	0.00278	0.01810
7	0.01087	0.07632	0.36047	0.01165	0.06030	0.04363	0.01180	0.07381	0.04547	0.04835	0.10221	0.01467	0.03368	0.00645	0.03147	0.00160	0.00574	0.00440	0.00301	0.05411
8	0.01105	0.01254	0.07281	0.01677	0.02145	0.01085	0.56743	0.03541	0.01110	0.02798	0.00956	0.01225	0.00726	0.00476	0.02463	0.00158	0.00718	0.00495	0.00254	0.13789
9	0.00688	0.00550	0.00583	0.00571	0.00733	0.00505	0.00427	0.04086	0.07059	0.02963	0.04053	0.14890	0.58888	0.01153	0.00552	0.00163	0.00269	0.00973	0.00445	0.00447
10	0.00596	0.00447	0.00555	0.00619	0.00690	0.00412	0.00429	0.00733	0.02847	0.01321	0.12573	0.55249	0.19125	0.01336	0.00584	0.00179	0.00262	0.01190	0.00449	0.00402
11	0.01487	0.06728	0.01501	0.05633	0.09222	0.41476	0.05981	0.05588	0.05780	0.04011	0.04189	0.01144	0.00873	0.00513	0.00472	0.00133	0.02771	0.00387	0.01511	0.00600
12	0.00642	0.00453	0.00602	0.00646	0.00689	0.00466	0.00445	0.00740	0.00822	0.01138	0.03769	0.35375	0.02175	0.21044	0.25528	0.00421	0.00613	0.00894	0.03164	0.00375
13	0.00829	0.00583	0.00659	0.00600	0.00774	0.00547	0.00462	0.07678	0.03455	0.06264	0.29117	0.03478	0.36279	0.00971	0.00528	0.00150	0.00269	0.00819	0.06054	0.00484
14	0.08790	0.01106	0.03923	0.10744	0.30503	0.05661	0.02356	0.06677	0.02605	0.01559	0.02966	0.01286	0.02391	0.00746	0.06334	0.00195	0.10839	0.00428	0.00266	0.00624
15	0.01224	0.04367	0.25088	0.01328	0.01765	0.06175	0.18619	0.07209	0.13404	0.07217	0.02515	0.01260	0.00881	0.00521	0.00552	0.00153	0.06293	0.00446	0.00307	0.00676
16	0.02463	0.00535	0.00637	0.00598	0.00749	0.00490	0.00452	0.02687	0.02488	0.07701	0.39456	0.10187	0.27738	0.01026	0.00546	0.00155	0.00257	0.00883	0.00485	0.00466
17	0.00632	0.00469	0.00553	0.00563	0.00678	0.00416	0.00408	0.00769	0.01103	0.03294	0.25110	0.23575	0.36603	0.02904	0.00604	0.00170	0.00251	0.01022	0.00461	0.00415
18	0.00972	0.00771	0.00844	0.03458	0.00994	0.07274	0.02191	0.07851	0.07234	0.05851	0.27432	0.13590	0.10553	0.04309	0.00598	0.00165	0.00364	0.00762	0.04276	0.00512
19	0.00912	0.00766	0.00879	0.00825	0.02847	0.05405	0.02693	0.07303	0.08341	0.02963	0.22014	0.10892	0.17092	0.03756	0.03466	0.00189	0.05106	0.02047	0.01996	0.00508
20	0.00963	0.02331	0.74256	0.01446	0.06105	0.01100	0.04335	0.01491	0.01003	0.01496	0.00852	0.01014	0.00609	0.00445	0.00453	0.00149	0.00693	0.00359	0.00202	0.00697
21	0.01503	0.08523	0.01345	0.01046	0.01341	0.24515	0.00832	0.22944	0.27109	0.01913	0.01271	0.03432	0.00999	0.00578	0.00450	0.00140	0.00559	0.00435	0.00384	0.00682
22	0.01193	0.01230	0.14226	0.02925	0.09303	0.05068	0.08369	0.03023	0.03771	0.12044	0.06743	0.01404	0.01073	0.00521	0.00516	0.00133	0.05252	0.01831	0.00321	0.21056
23	0.11429	0.16984	0.20357	0.01188	0.07464	0.09424	0.03217	0.06600	0.05752	0.04889	0.03583	0.01096	0.00823	0.00500	0.00469	0.00139	0.04797	0.00367	0.00280	0.00641
24	0.01447	0.01143	0.01217	0.01011	0.01324	0.01291	0.00809	0.37723	0.42375	0.02418	0.01569	0.03063	0.01178	0.00622	0.00478	0.00152	0.00438	0.00499	0.00475	0.00765
25	0.00632	0.00479	0.00570	0.00621	0.00709	0.00444	0.00436	0.04703	0.01026	0.01317	0.03220	0.53748	0.27690	0.01340	0.00581	0.00179	0.00275	0.01183	0.00439	0.00409
26	0.01727	0.01255	0.01354	0.01056	0.01416	0.01385	0.00866	0.67330	0.09355	0.06008	0.01260	0.02649	0.00917	0.00590	0.00475	0.00144	0.00496	0.00453	0.00476	0.00789
27	0.01296	0.74728	0.04318	0.00855	0.01252	0.08666	0.00839	0.01454	0.00991	0.01123	0.00667	0.00770	0.00605	0.00412	0.00317	0.00104	0.00539	0.00259	0.00205	0.00602
28	0.01013	0.04863	0.54286	0.02832	0.07183	0.01066	0.04530	0.04763	0.01069	0.03184	0.02190	0.02678	0.04038	0.00504	0.00455	0.00145	0.00623	0.00414	0.00245	0.03919
29	0.01036	0.01005	0.01526	0.60262	0.11636	0.06215	0.04698	0.05540	0.01060	0.01349	0.00858	0.01215	0.00654	0.00469	0.00472	0.00152	0.00636	0.00418	0.00230	0.00570
30	0.00724	0.00564	0.00836	0.00791	0.00885	0.00633	0.04011	0.02601	0.00812	0.01144	0.01425	0.05397	0.03909	0.13338	0.57239	0.00617	0.03800	0.00577	0.00273	0.00423
31	0.00950	0.00849	0.06056	0.00785	0.01005	0.00797	0.00649	0.12692	0.18952	0.01884	0.29332	0.04537	0.11424	0.05160	0.02659	0.00184	0.00372	0.00696	0.00452	0.00566
32	0.05329	0.05936	0.01400	0.01244	0.11882	0.03965	0.00895	0.34955	0.20679	0.04426	0.01240	0.01250	0.00926	0.00540	0.00450	0.00141	0.00484	0.00426	0.00408	0.03425
33	0.01198	0.03303	0.15059	0.04769	0.39965	0.05832	0.03108	0.03224	0.01094	0.05807	0.00914	0.01115	0.00722	0.00440	0.00464	0.00134	0.01872	0.00387	0.00256	0.10336
34	0.01252	0.21142	0.33521	0.01227	0.02847	0.01318	0.09693	0.13215	0.03198	0.06896	0.00951	0.01052	0.00704	0.00463	0.00432	0.00138	0.00606	0.00374	0.00278	0.00693
35	0.01152	0.42226	0.32334	0.01040	0.01526	0.08153	0.01157	0.01450	0.01002	0.01264	0.00818	0.04410	0.00711	0.00474	0.00381	0.00125	0.00597	0.00340	0.00214	0.00626
36	0.01500	0.00923	0.01069	0.00870	0.01160	0.00942	0.00707	0.34845	0.01655	0.21889	0.10017	0.05820	0.11033	0.00766	0.00506	0.00152	0.00410	0.04561	0.00497	0.00679

[dist]
# distance from previous block
# <min> <max>
0	11

[block]
# block no. 7 follows, 54 sequences, length 21
# corresponding to MSA columns:
# 335-355
name=unknown_H
#
# <colnr> <probs for GDERKNQSTAVLIFYWHMCP>
#	G	D	E	R	K	N	Q	S	T	A	V	L	I	F	Y	W	H	M	C	P
0	0.02231	0.05679	0.28766	0.04298	0.01669	0.02074	0.14717	0.05964	0.01114	0.02835	0.07740	0.05526	0.09202	0.01994	0.00550	0.00158	0.02622	0.01967	0.00298	0.00597
1	0.02895	0.00603	0.00713	0.00691	0.00815	0.00599	0.00497	0.09419	0.04436	0.08680	0.06379	0.34096	0.08791	0.16559	0.00896	0.00225	0.00350	0.02453	0.00429	0.00472
2	0.01110	0.01078	0.01764	0.24013	0.57611	0.03426	0.01395	0.01395	0.01046	0.01440	0.00869	0.01182	0.00711	0.00436	0.00467	0.00144	0.00587	0.00416	0.00227	0.00682
3	0.00688	0.00520	0.00759	0.00750	0.00825	0.00606	0.00576	0.00842	0.00772	0.01111	0.04194	0.01985	0.01323	0.09968	0.68924	0.00689	0.04262	0.00530	0.00263	0.00414
4	0.01256	0.16826	0.08230	0.01069	0.02937	0.20897	0.05438	0.05838	0.07483	0.03886	0.01407	0.04975	0.08390	0.00764	0.04479	0.00170	0.03405	0.01660	0.00302	0.00588
5	0.00916	0.00877	0.01510	0.72957	0.05750	0.01069	0.05715	0.01228	0.00951	0.01232	0.00841	0.01249	0.00637	0.00475	0.00504	0.00158	0.02756	0.00427	0.00212	0.00537
6	0.02543	0.00606	0.03661	0.00688	0.00838	0.00524	0.00540	0.02558	0.02796	0.10495	0.28803	0.29103	0.09902	0.01077	0.00553	0.00166	0.00298	0.03894	0.00471	0.00484
7	0.00923	0.00592	0.02406	0.00721	0.00871	0.00528	0.01759	0.02663	0.02334	0.15342	0.11879	0.34271	0.11284	0.03978	0.03348	0.00201	0.00359	0.05594	0.00455	0.00492
8	0.04072	0.00930	0.01048	0.00919	0.01152	0.07106	0.06097	0.03001	0.30286	0.09424	0.07668	0.05842	0.07460	0.05070	0.03326	0.00194	0.00457	0.04919	0.00426	0.00605
9	0.15948	0.01065	0.01107	0.00896	0.01204	0.05385	0.02659	0.30880	0.06530	0.14342	0.04563	0.01401	0.02687	0.00571	0.00434	0.00141	0.00444	0.00438	0.08634	0.00674
10	0.09441	0.00942	0.01109	0.00865	0.01209	0.00938	0.00712	0.25101	0.01536	0.44967	0.01513	0.01399	0.01002	0.00563	0.00447	0.00142	0.00421	0.00437	0.06503	0.00751
11	0.00627	0.00504	0.00564	0.00565	0.00704	0.00457	0.00424	0.00839	0.05551	0.01455	0.21910	0.12302	0.47205	0.01143	0.00561	0.00162	0.00254	0.03886	0.00459	0.00428
12	0.01140	0.06141	0.01367	0.05705	0.02605	0.13276	0.13452	0.12076	0.01191	0.01538	0.01342	0.16095	0.01293	0.04092	0.03225	0.00182	0.02742	0.02881	0.09114	0.00543
13	0.00690	0.00504	0.00667	0.00752	0.00831	0.00499	0.00579	0.00914	0.06140	0.01379	0.07848	0.43107	0.02948	0.01322	0.00609	0.00196	0.00337	0.29805	0.00445	0.00430
14	0.00591	0.00422	0.00548	0.00639	0.00673	0.00396	0.00428	0.00674	0.00906	0.01203	0.04717	0.68506	0.06291	0.08991	0.00765	0.00214	0.00291	0.02942	0.00426	0.00377
15	0.01072	0.03690	0.01014	0.00874	0.01085	0.15217	0.03649	0.08642	0.15225	0.01604	0.09119	0.11507	0.17358	0.00859	0.00510	0.00154	0.00442	0.05346	0.02089	0.00546
16	0.01188	0.01235	0.01691	0.19007	0.23686	0.15578	0.13646	0.01508	0.05525	0.02792	0.00973	0.02884	0.00798	0.00608	0.03536	0.00171	0.03849	0.00450	0.00255	0.00618
17	0.00788	0.00539	0.00666	0.00692	0.00800	0.00523	0.00505	0.03043	0.07896	0.06832	0.08455	0.44120	0.11701	0.04363	0.00643	0.00189	0.00309	0.07020	0.00452	0.00461
18	0.00724	0.00519	0.00621	0.00626	0.00747	0.00482	0.00453	0.03266	0.03288	0.05020	0.11783	0.33473	0.25946	0.04400	0.03968	0.00203	0.00323	0.01004	0.00438	0.02714
19	0.03714	0.05191	0.14439	0.05379	0.18010	0.07951	0.07867	0.13732	0.04957	0.03915	0.06778	0.03819	0.01083	0.00540	0.00468	0.00144	0.00569	0.00465	0.00314	0.00665
20	0.02404	0.03353	0.16072	0.04285	0.09964	0.09162	0.02166	0.02588	0.02408	0.03893	0.03116	0.16626	0.05672	0.03028	0.02274	0.00181	0.07129	0.04811	0.00312	0.00556

[dist]
# distance from previous block
# <min> <max>
6	24

[block]
# block no. 8 follows, 54 sequences, length 10
# corresponding to MSA columns:
# 382-391
name=unknown_I
#
# <colnr> <probs for GDERKNQSTAVLIFYWHMCP>
#	G	D	E	R	K	N	Q	S	T	A	V	L	I	F	Y	W	H	M	C	P
0	0.04116	0.18704	0.48534	0.01245	0.05043	0.03780	0.01387	0.09214	0.01117	0.01576	0.00827	0.00955	0.00623	0.00450	0.00415	0.00137	0.00627	0.00335	0.00233	0.00680
1	0.01466	0.04980	0.02989	0.02434	0.08751	0.21077	0.04493	0.14943	0.11105	0.09930	0.03954	0.02620	0.02321	0.00569	0.00505	0.00141	0.04005	0.00444	0.00358	0.02916
2	0.00646	0.00467	0.00577	0.00631	0.00686	0.00451	0.00429	0.03335	0.00923	0.01214	0.02531	0.48252	0.12347	0.18073	0.04806	0.00267	0.00366	0.03217	0.00399	0.00383
3	0.00810	0.00469	0.00748	0.00713	0.00750	0.00465	0.05058	0.00691	0.00686	0.00919	0.01031	0.07640	0.01059	0.01621	0.04948	0.68487	0.00458	0.02952	0.00233	0.00260
4	0.04113	0.20131	0.13566	0.04881	0.26705	0.10348	0.02527	0.08407	0.01149	0.01519	0.00820	0.01000	0.00667	0.00449	0.00435	0.00133	0.01882	0.00356	0.00244	0.00668
5	0.01062	0.00957	0.01041	0.06549	0.05653	0.14238	0.02771	0.06430	0.04088	0.05423	0.01714	0.28090	0.04884	0.01144	0.07954	0.00217	0.04858	0.00743	0.01662	0.00522
6	0.00621	0.00443	0.00553	0.00618	0.00660	0.00420	0.00418	0.00701	0.00890	0.01171	0.04693	0.45023	0.10243	0.23302	0.01081	0.00260	0.00332	0.07807	0.00399	0.00365
7	0.15105	0.04342	0.01140	0.00911	0.01199	0.13599	0.00730	0.29794	0.05971	0.05864	0.06732	0.05542	0.05831	0.00642	0.00447	0.00143	0.00482	0.00489	0.00402	0.00636
8	0.01018	0.00844	0.02580	0.02393	0.02352	0.04390	0.00651	0.18180	0.08724	0.01652	0.01787	0.30116	0.03057	0.11395	0.02966	0.00218	0.03297	0.00791	0.03061	0.00528
9	0.03890	0.01014	0.01504	0.05678	0.37547	0.01039	0.04315	0.14979	0.02797	0.04554	0.03778	0.04158	0.01014	0.00521	0.00458	0.00139	0.00492	0.00468	0.07411	0.04242

[dist]
# distance from previous block
# <min> <max>
0	6

[block]
# block no. 9 follows, 54 sequences, length 9
# corresponding to MSA columns:
# 398-406
name=unknown_J
#
# <colnr> <probs for GDERKNQSTAVLIFYWHMCP>
#	G	D	E	R	K	N	Q	S	T	A	V	L	I	F	Y	W	H	M	C	P
0	0.01474	0.23533	0.07791	0.01041	0.01364	0.37873	0.00898	0.09181	0.03684	0.01386	0.00916	0.01046	0.02239	0.02518	0.00449	0.00130	0.00659	0.00339	0.02886	0.00592
1	0.00775	0.00570	0.00719	0.00734	0.00822	0.00593	0.00537	0.03865	0.07826	0.03838	0.09700	0.43245	0.05936	0.05730	0.03717	0.00217	0.05458	0.04837	0.00425	0.00457
2	0.05563	0.01228	0.01690	0.05734	0.33704	0.10789	0.11258	0.10530	0.03727	0.04834	0.02337	0.01215	0.00828	0.00549	0.02595	0.00158	0.00612	0.00430	0.00293	0.01927
3	0.02395	0.00663	0.00786	0.00777	0.02359	0.00665	0.00562	0.06279	0.15921	0.06216	0.07169	0.38693	0.08540	0.01049	0.00534	0.00165	0.00321	0.00922	0.00446	0.05538
4	0.00908	0.00702	0.00953	0.05521	0.13900	0.00749	0.00690	0.09092	0.03409	0.01404	0.01441	0.04768	0.04216	0.23881	0.19842	0.00372	0.00643	0.00570	0.06448	0.00492
5	0.04553	0.01449	0.21373	0.14435	0.27919	0.03668	0.12221	0.04043	0.01082	0.03519	0.00897	0.01137	0.00686	0.00444	0.00467	0.00147	0.00633	0.00413	0.00241	0.00672
6	0.04324	0.01149	0.01181	0.00961	0.01258	0.11272	0.00775	0.27813	0.05480	0.24958	0.06933	0.02884	0.01204	0.00619	0.00526	0.00146	0.04989	0.00470	0.02359	0.00701
7	0.00854	0.00553	0.00695	0.00695	0.00819	0.00542	0.00518	0.03930	0.05372	0.09721	0.09217	0.32977	0.11403	0.03921	0.09026	0.00242	0.00410	0.05678	0.02952	0.00475
8	0.00605	0.00436	0.00575	0.00660	0.00703	0.00419	0.00459	0.00700	0.00897	0.01191	0.02511	0.59685	0.07065	0.08142	0.07490	0.00260	0.00381	0.07029	0.00410	0.00383

[dist]
# distance from previous block
# <min> <max>
0	1

[block]
# block no. 10 follows, 54 sequences, length 8
# corresponding to MSA columns:
# 408-415
name=unknown_K
#
# <colnr> <probs for GDERKNQSTAVLIFYWHMCP>
#	G	D	E	R	K	N	Q	S	T	A	V	L	I	F	Y	W	H	M	C	P
0	0.10830	0.02381	0.03197	0.05675	0.03451	0.06423	0.17164	0.05551	0.09949	0.04357	0.05097	0.05752	0.06045	0.00676	0.00559	0.00160	0.05607	0.06203	0.00340	0.00582
1	0.00765	0.00502	0.00645	0.00699	0.00775	0.00485	0.00491	0.02958	0.04931	0.07156	0.02409	0.63154	0.02738	0.05561	0.00678	0.00200	0.00311	0.04658	0.00443	0.00441
2	0.00749	0.00549	0.00700	0.00672	0.00814	0.00504	0.03790	0.03819	0.01095	0.05598	0.10335	0.22777	0.33101	0.06132	0.00679	0.00187	0.00318	0.07300	0.00436	0.00442
3	0.04294	0.09049	0.04220	0.07753	0.23301	0.04587	0.05384	0.07004	0.04434	0.03818	0.08081	0.04349	0.05021	0.00615	0.01678	0.00149	0.00513	0.00496	0.00312	0.04943
4	0.03765	0.00917	0.04137	0.00962	0.04289	0.02548	0.05694	0.10728	0.15435	0.12448	0.13750	0.05460	0.09488	0.02371	0.02619	0.00172	0.00430	0.00615	0.03556	0.00617
5	0.00667	0.00494	0.00619	0.00681	0.00756	0.00479	0.00484	0.03644	0.05098	0.01377	0.08386	0.58536	0.09675	0.01328	0.00587	0.00184	0.00291	0.05845	0.00447	0.00426
6	0.00912	0.00590	0.00754	0.04800	0.00909	0.00614	0.00532	0.07472	0.02607	0.07435	0.05959	0.08565	0.06147	0.21361	0.15627	0.09324	0.00556	0.02080	0.03318	0.00437
7	0.05282	0.09578	0.16322	0.01211	0.08237	0.04236	0.04573	0.21674	0.08842	0.05308	0.01262	0.01333	0.04719	0.00630	0.02978	0.00160	0.00557	0.00430	0.01984	0.00683

[dist]
# distance from previous block
# <min> <max>
0	19

[block]
# block no. 11 follows, 54 sequences, length 15
# corresponding to MSA columns:
# 435-449
name=unknown_L
#
# <colnr> <probs for GDERKNQSTAVLIFYWHMCP>
#	G	D	E	R	K	N	Q	S	T	A	V	L	I	F	Y	W	H	M	C	P
0	0.02958	0.15052	0.03846	0.02542	0.10835	0.07410	0.00861	0.18958	0.03838	0.04920	0.02797	0.04042	0.03376	0.00858	0.05396	0.06505	0.00552	0.04313	0.00332	0.00609
1	0.01215	0.10557	0.03765	0.01001	0.01207	0.19695	0.02446	0.09027	0.01975	0.02628	0.04371	0.11330	0.03596	0.00786	0.02248	0.00163	0.16209	0.01968	0.03977	0.01835
2	0.09082	0.01200	0.05850	0.05502	0.43165	0.03555	0.08046	0.06074	0.06152	0.01668	0.00938	0.01153	0.00750	0.00452	0.00470	0.00143	0.01776	0.00413	0.00268	0.03345
3	0.03731	0.13956	0.15427	0.01343	0.14212	0.03760	0.02410	0.19220	0.01329	0.11994	0.02269	0.01131	0.00807	0.00501	0.00476	0.00138	0.03680	0.00387	0.00329	0.02899
4	0.02847	0.00587	0.00669	0.00667	0.00799	0.02767	0.00500	0.03262	0.04498	0.05258	0.23389	0.26045	0.19091	0.01113	0.00557	0.00167	0.00300	0.06563	0.00460	0.00461
5	0.00656	0.00485	0.00646	0.00682	0.00761	0.00477	0.00493	0.00774	0.00866	0.01187	0.02061	0.38165	0.04946	0.10408	0.22729	0.00364	0.00577	0.06663	0.00360	0.06700
6	0.01206	0.01175	0.01809	0.10032	0.64930	0.06289	0.01377	0.04749	0.01127	0.01546	0.00883	0.01153	0.00729	0.00435	0.00465	0.00140	0.00583	0.00413	0.00242	0.00716
7	0.00942	0.00676	0.00847	0.00856	0.04012	0.00688	0.00618	0.09417	0.09504	0.06739	0.02097	0.35790	0.05244	0.02697	0.06543	0.00218	0.01681	0.06039	0.00419	0.04972
8	0.01003	0.00652	0.00765	0.00689	0.00880	0.00627	0.00525	0.08718	0.08175	0.13616	0.17431	0.15521	0.22917	0.03882	0.00597	0.00167	0.00315	0.00822	0.00474	0.02223
9	0.09496	0.01081	0.01156	0.00927	0.01245	0.01180	0.00754	0.45135	0.11153	0.08798	0.07743	0.01514	0.03191	0.00612	0.00460	0.00144	0.00435	0.00475	0.03787	0.00715
10	0.01096	0.01048	0.01786	0.23186	0.60749	0.01102	0.01412	0.01385	0.01040	0.01455	0.00874	0.01190	0.00717	0.00433	0.00468	0.00144	0.00578	0.00420	0.00227	0.00690
11	0.01355	0.01130	0.01398	0.17890	0.21738	0.12008	0.01049	0.11464	0.04024	0.12945	0.01199	0.01365	0.03039	0.00740	0.06424	0.00189	0.00622	0.00439	0.00326	0.00656
12	0.00765	0.00506	0.00634	0.00657	0.00743	0.00485	0.00466	0.04144	0.01006	0.06406	0.08231	0.38993	0.10220	0.15572	0.03741	0.00248	0.00362	0.05980	0.00421	0.00422
13	0.00613	0.00453	0.00536	0.00573	0.00642	0.00418	0.00391	0.00705	0.00946	0.01226	0.10320	0.30414	0.24669	0.21612	0.01032	0.00245	0.00311	0.04115	0.00408	0.00371
14	0.01196	0.01142	0.01861	0.07705	0.60805	0.03198	0.06511	0.07126	0.01164	0.01619	0.02587	0.01219	0.00816	0.00446	0.00474	0.00142	0.00577	0.00436	0.00256	0.00718

[dist]
# distance from previous block
# <min> <max>
0	16

[block]
# block no. 12 follows, 54 sequences, length 22
# corresponding to MSA columns:
# 466-487
name=unknown_M
#
# <colnr> <probs for GDERKNQSTAVLIFYWHMCP>
#	G	D	E	R	K	N	Q	S	T	A	V	L	I	F	Y	W	H	M	C	P
0	0.03991	0.05204	0.01414	0.04328	0.16921	0.10052	0.00928	0.25954	0.05984	0.05411	0.02649	0.01221	0.02100	0.00509	0.00440	0.00130	0.00517	0.00404	0.00353	0.11489
