[name]
unknown

[dist]
# distance from previous block
# <min> <max>
7	68

[block]
# block no. 0 follows, 68 sequences, length 16
# corresponding to MSA columns:
# 83-98
name=unknown_A
#
# <colnr> <probs for GDERKNQSTAVLIFYWHMCP>
#	G	D	E	R	K	N	Q	S	T	A	V	L	I	F	Y	W	H	M	C	P
0	0.31769	0.04182	0.03312	0.00856	0.04335	0.22330	0.04294	0.02214	0.00843	0.03263	0.00754	0.05523	0.00664	0.00682	0.07912	0.00168	0.05885	0.00328	0.00233	0.00454
1	0.04710	0.15656	0.30718	0.00899	0.01278	0.02185	0.05089	0.09160	0.03294	0.09184	0.03208	0.03522	0.03633	0.00558	0.03357	0.00139	0.00485	0.02121	0.00259	0.00545
2	0.00816	0.04065	0.26996	0.01039	0.06746	0.03104	0.10667	0.02691	0.10899	0.01268	0.01519	0.04103	0.14985	0.00568	0.00427	0.00130	0.01514	0.05239	0.00261	0.02965
3	0.00614	0.00458	0.00574	0.00589	0.02930	0.00441	0.00418	0.00860	0.09514	0.03183	0.41858	0.22018	0.13249	0.00887	0.00466	0.00135	0.00223	0.00782	0.00403	0.00397
4	0.00917	0.00764	0.01009	0.00835	0.00988	0.00873	0.06005	0.21043	0.02552	0.01450	0.11059	0.01480	0.03458	0.07489	0.12528	0.00225	0.21612	0.00441	0.00286	0.04985
5	0.01243	0.00990	0.04958	0.00850	0.01134	0.01018	0.02859	0.48300	0.14833	0.04793	0.09373	0.01326	0.02850	0.00522	0.00404	0.00122	0.00389	0.00420	0.03003	0.00613
6	0.00919	0.00711	0.00879	0.09607	0.01144	0.00587	0.00554	0.02927	0.00872	0.08970	0.00790	0.00899	0.00620	0.00327	0.00317	0.00074	0.00326	0.00265	0.00256	0.68957
7	0.00842	0.00507	0.00580	0.00537	0.00676	0.00511	0.00414	0.04345	0.12421	0.09859	0.18017	0.07281	0.05597	0.00642	0.00382	0.00118	0.00238	0.03169	0.33418	0.00445
8	0.00577	0.00438	0.00518	0.00528	0.00597	0.02707	0.00375	0.01953	0.00882	0.01195	0.27726	0.26808	0.10348	0.11908	0.09058	0.00219	0.00332	0.00773	0.02715	0.00343
9	0.00510	0.00422	0.00451	0.00455	0.00576	0.00376	0.00337	0.00676	0.05944	0.01142	0.10224	0.14877	0.60626	0.00992	0.00470	0.00137	0.00211	0.00843	0.00376	0.00354
10	0.00512	0.00389	0.00471	0.00481	0.00570	0.00348	0.00349	0.00641	0.00959	0.01276	0.37202	0.24451	0.28945	0.00983	0.00478	0.00137	0.00202	0.00860	0.00397	0.00348
11	0.00967	0.00901	0.01213	0.07809	0.08046	0.02721	0.00875	0.13363	0.00847	0.01216	0.00646	0.00960	0.00584	0.03493	0.01022	0.00163	0.54124	0.00355	0.00212	0.00481
12	0.88866	0.00767	0.00583	0.00521	0.00767	0.00889	0.00429	0.01166	0.00675	0.01779	0.00552	0.00644	0.00429	0.00368	0.00245	0.00123	0.00307	0.00215	0.00245	0.00429
13	0.05083	0.00909	0.03607	0.18785	0.34110	0.02033	0.07209	0.05409	0.07723	0.02269	0.03316	0.01117	0.01861	0.00424	0.00438	0.00127	0.04418	0.00378	0.00233	0.00552
14	0.00860	0.00589	0.00663	0.00592	0.00750	0.00611	0.00458	0.12894	0.15734	0.05520	0.25626	0.06440	0.07313	0.00658	0.00403	0.00121	0.00256	0.00556	0.19485	0.00471
15	0.06331	0.02212	0.06102	0.06727	0.06206	0.12704	0.00793	0.29665	0.12808	0.01706	0.02232	0.03370	0.00782	0.00480	0.00420	0.00122	0.04020	0.00365	0.00305	0.02650

[dist]
# distance from previous block
# <min> <max>
3	8

[block]
# block no. 1 follows, 68 sequences, length 6
# corresponding to MSA columns:
# 108-113
name=unknown_B
#
# <colnr> <probs for GDERKNQSTAVLIFYWHMCP>
#	G	D	E	R	K	N	Q	S	T	A	V	L	I	F	Y	W	H	M	C	P
0	0.34795	0.00851	0.01015	0.07829	0.12583	0.02990	0.07055	0.10313	0.06174	0.05167	0.01022	0.01110	0.06652	0.00441	0.00348	0.00124	0.00395	0.00350	0.00275	0.00511
1	0.00883	0.00788	0.03904	0.06909	0.01057	0.07102	0.03727	0.13488	0.08075	0.04475	0.16275	0.10265	0.12365	0.00791	0.03887	0.00152	0.02188	0.02861	0.00341	0.00468
2	0.00504	0.00397	0.00455	0.00452	0.00560	0.00348	0.00335	0.00633	0.00969	0.01255	0.32907	0.11788	0.46073	0.00957	0.00472	0.00133	0.00199	0.00822	0.00393	0.00348
3	0.04953	0.04484	0.09052	0.02946	0.04716	0.04071	0.27218	0.08405	0.05782	0.05592	0.06051	0.01451	0.10113	0.00484	0.00413	0.00125	0.00473	0.00453	0.02698	0.00521
4	0.00643	0.00450	0.00575	0.00531	0.00618	0.00445	0.00394	0.00785	0.00981	0.05778	0.53306	0.02739	0.09864	0.14086	0.00767	0.00169	0.06455	0.00661	0.00384	0.00370
5	0.00811	0.00756	0.03222	0.04504	0.05186	0.00811	0.11064	0.06713	0.12061	0.01265	0.07592	0.07397	0.05002	0.07907	0.09484	0.00213	0.14765	0.00509	0.00277	0.00462

[dist]
# distance from previous block
# <min> <max>
1	4

[block]
# block no. 2 follows, 68 sequences, length 11
# corresponding to MSA columns:
# 118-128
name=unknown_C
#
# <colnr> <probs for GDERKNQSTAVLIFYWHMCP>
#	G	D	E	R	K	N	Q	S	T	A	V	L	I	F	Y	W	H	M	C	P
0	0.01109	0.10128	0.02796	0.04112	0.06270	0.19912	0.01813	0.13822	0.02503	0.02293	0.00827	0.03641	0.00707	0.00425	0.00352	0.00099	0.00457	0.02848	0.00254	0.25633
1	0.01013	0.05071	0.06801	0.01227	0.10592	0.03753	0.24710	0.13284	0.10271	0.04001	0.11259	0.01335	0.01101	0.03223	0.00470	0.00133	0.00477	0.00438	0.00288	0.00550
2	0.00675	0.00429	0.00527	0.00529	0.00582	0.00427	0.00353	0.00785	0.05180	0.07764	0.03442	0.23329	0.01739	0.43149	0.06559	0.00297	0.00376	0.03218	0.00309	0.00332
3	0.00815	0.00674	0.00781	0.00595	0.00890	0.00549	0.00469	0.07573	0.00922	0.01368	0.05150	0.08272	0.06112	0.00458	0.00340	0.00080	0.00289	0.00381	0.00278	0.64004
4	0.01008	0.03332	0.03731	0.03685	0.01056	0.01635	0.03216	0.07608	0.12876	0.12882	0.05678	0.03225	0.02451	0.03909	0.00431	0.00113	0.00346	0.00385	0.01438	0.30997
5	0.00771	0.00743	0.01236	0.01002	0.01200	0.04801	0.30530	0.06007	0.00950	0.01256	0.09509	0.35206	0.03490	0.00771	0.00473	0.00141	0.00424	0.00747	0.00307	0.00435
6	0.00815	0.00736	0.02599	0.13596	0.03814	0.03173	0.04597	0.05206	0.15912	0.01296	0.10257	0.01470	0.01169	0.04552	0.17122	0.00235	0.03438	0.00427	0.01716	0.07869
7	0.00679	0.00422	0.00552	0.00534	0.00586	0.00440	0.00367	0.00736	0.00643	0.07808	0.01184	0.02052	0.01207	0.44922	0.32036	0.04147	0.00627	0.00496	0.00248	0.00316
8	0.00836	0.04071	0.38163	0.00856	0.01293	0.00755	0.02783	0.03593	0.00878	0.03412	0.01013	0.01098	0.07525	0.00404	0.00354	0.00101	0.00435	0.00324	0.00225	0.31881
9	0.00578	0.00436	0.00524	0.00494	0.00607	0.00402	0.00372	0.04576	0.01086	0.01473	0.55128	0.06019	0.25108	0.00862	0.00466	0.00128	0.00204	0.00747	0.00414	0.00376
10	0.01325	0.04076	0.01113	0.00955	0.01145	0.51826	0.00745	0.08257	0.04376	0.04624	0.02906	0.01045	0.00741	0.00498	0.00488	0.00118	0.10885	0.04142	0.00249	0.00485

[dist]
# distance from previous block
# <min> <max>
0	1

[block]
# block no. 3 follows, 68 sequences, length 16
# corresponding to MSA columns:
# 130-145
name=unknown_D
#
# <colnr> <probs for GDERKNQSTAVLIFYWHMCP>
#	G	D	E	R	K	N	Q	S	T	A	V	L	I	F	Y	W	H	M	C	P
0	0.03100	0.07873	0.14349	0.02973	0.03072	0.28825	0.05100	0.07335	0.01034	0.12712	0.00835	0.00932	0.00632	0.00545	0.04627	0.00140	0.02311	0.00314	0.02765	0.00527
1	0.47851	0.02494	0.00970	0.01819	0.02639	0.04645	0.07793	0.12259	0.01941	0.03415	0.00681	0.00799	0.00528	0.00420	0.00406	0.00126	0.08790	0.00285	0.01653	0.00486
2	0.16055	0.00717	0.00891	0.00770	0.00916	0.06621	0.11470	0.00990	0.04581	0.01210	0.05894	0.08596	0.02278	0.12177	0.13896	0.00245	0.07903	0.00476	0.03911	0.00402
3	0.00577	0.00384	0.00432	0.00432	0.00432	0.00384	0.00240	0.00577	0.00577	0.00769	0.01249	0.02595	0.01441	0.86066	0.02018	0.00384	0.00384	0.00577	0.00240	0.00240
4	0.00966	0.00926	0.01581	0.07965	0.78182	0.00938	0.01209	0.01203	0.00895	0.01276	0.00743	0.00986	0.00621	0.00356	0.00393	0.00119	0.00475	0.00353	0.00195	0.00615
5	0.01536	0.00629	0.00822	0.00655	0.00915	0.00565	0.00532	0.03365	0.03663	0.63611	0.01537	0.04818	0.01055	0.00518	0.00385	0.00120	0.00311	0.00425	0.13926	0.00612
6	0.00622	0.00490	0.00576	0.00587	0.00689	0.00503	0.00432	0.00957	0.19573	0.01223	0.10912	0.29036	0.16803	0.05283	0.06008	0.00189	0.00308	0.05041	0.00367	0.00400
7	0.00523	0.00393	0.00484	0.00484	0.00575	0.00354	0.00354	0.00666	0.00999	0.01350	0.47954	0.18635	0.23896	0.00941	0.00475	0.00134	0.00199	0.00824	0.00406	0.00354
8	0.00825	0.00827	0.05217	0.03467	0.01057	0.03445	0.03490	0.02224	0.00748	0.03647	0.01165	0.05956	0.08950	0.00873	0.06310	0.00190	0.44821	0.06121	0.00234	0.00432
9	0.00509	0.00365	0.00484	0.00545	0.00589	0.00340	0.00380	0.00612	0.00857	0.01165	0.22807	0.61730	0.02894	0.01127	0.00498	0.00153	0.00224	0.04000	0.00385	0.00337
10	0.09249	0.03621	0.09374	0.00853	0.01138	0.04209	0.04863	0.25154	0.20618	0.03935	0.08728	0.02596	0.01078	0.00553	0.02166	0.00135	0.00417	0.00405	0.00339	0.00571
11	0.03532	0.05219	0.04304	0.09319	0.05339	0.00666	0.00622	0.01036	0.00818	0.01259	0.00694	0.00840	0.00571	0.00315	0.00309	0.00075	0.00345	0.00253	0.00221	0.64261
12	0.77084	0.03937	0.00690	0.00576	0.00821	0.09180	0.00472	0.01208	0.00724	0.01669	0.00558	0.00651	0.00440	0.00371	0.00257	0.00119	0.00351	0.00219	0.00239	0.00435
13	0.00806	0.01490	0.51277	0.01000	0.03354	0.00795	0.04131	0.02442	0.04554	0.04539	0.04870	0.04237	0.08299	0.00570	0.02949	0.00141	0.00502	0.00412	0.00237	0.03395
14	0.01375	0.01681	0.02594	0.04727	0.02702	0.67513	0.00772	0.03205	0.01096	0.02633	0.02032	0.00799	0.00585	0.00409	0.00359	0.00102	0.00650	0.00273	0.00218	0.06275
15	0.01062	0.03679	0.03367	0.15442	0.11589	0.24582	0.02771	0.04717	0.05997	0.04395	0.06833	0.04137	0.02613	0.00475	0.00385	0.00116	0.00491	0.00388	0.02158	0.04804

[dist]
# distance from previous block
# <min> <max>
0	1

[block]
# block no. 4 follows, 68 sequences, length 8
# corresponding to MSA columns:
# 147-154
name=unknown_E
#
# <colnr> <probs for GDERKNQSTAVLIFYWHMCP>
#	G	D	E	R	K	N	Q	S	T	A	V	L	I	F	Y	W	H	M	C	P
0	0.00517	0.00366	0.00450	0.00497	0.00526	0.00347	0.00321	0.00572	0.00731	0.00969	0.06540	0.47016	0.09010	0.29104	0.00998	0.00230	0.00276	0.00899	0.00330	0.00299
1	0.03514	0.00862	0.09876	0.06003	0.13567	0.00799	0.03399	0.05935	0.18915	0.01348	0.04485	0.06504	0.06525	0.00838	0.08883	0.03294	0.02892	0.01570	0.00284	0.00506
2	0.00589	0.00396	0.00482	0.00478	0.00532	0.00375	0.00318	0.00673	0.00825	0.03756	0.28980	0.14521	0.08185	0.36869	0.01126	0.00240	0.00282	0.00714	0.00341	0.00317
3	0.00912	0.08221	0.20204	0.02761	0.04480	0.00934	0.10853	0.06677	0.14640	0.04063	0.08565	0.01407	0.07174	0.00515	0.00469	0.00128	0.06753	0.00428	0.00278	0.00538
4	0.03012	0.00640	0.00792	0.00699	0.00848	0.00699	0.02890	0.07188	0.17309	0.07403	0.14268	0.06612	0.11956	0.05442	0.09471	0.00202	0.09204	0.00555	0.00346	0.00464
5	0.00913	0.16234	0.06297	0.03160	0.00999	0.12166	0.02149	0.08261	0.00954	0.02770	0.07060	0.11069	0.04615	0.00907	0.09274	0.03681	0.00487	0.06441	0.02120	0.00442
6	0.07494	0.38313	0.08005	0.00960	0.07968	0.05003	0.07214	0.04609	0.08947	0.03083	0.00753	0.00839	0.00609	0.00375	0.00322	0.00104	0.00446	0.00287	0.00223	0.04448
7	0.34774	0.05328	0.04741	0.00877	0.05658	0.34827	0.00676	0.01365	0.03329	0.01340	0.00631	0.00731	0.00509	0.00385	0.00312	0.00111	0.00500	0.00250	0.00223	0.03431

[dist]
# distance from previous block
# <min> <max>
1	22

[block]
# block no. 5 follows, 68 sequences, length 11
# corresponding to MSA columns:
# 177-187
name=unknown_F
#
# <colnr> <probs for GDERKNQSTAVLIFYWHMCP>
#	G	D	E	R	K	N	Q	S	T	A	V	L	I	F	Y	W	H	M	C	P
0	0.01088	0.00955	0.02502	0.11431	0.09005	0.04004	0.13461	0.24364	0.11456	0.04228	0.02965	0.01277	0.04635	0.02932	0.00493	0.00135	0.03790	0.00418	0.00301	0.00560
1	0.17676	0.03752	0.04567	0.07473	0.15691	0.00830	0.03258	0.11061	0.04197	0.06778	0.04781	0.11062	0.05032	0.00547	0.00382	0.00126	0.00377	0.00460	0.01439	0.00511
2	0.02581	0.01011	0.06053	0.02197	0.03040	0.09371	0.08513	0.10238	0.28824	0.01491	0.05259	0.03563	0.05167	0.00530	0.00455	0.00127	0.05399	0.00436	0.00314	0.05429
3	0.00504	0.00376	0.00458	0.00492	0.00557	0.00342	0.00342	0.00602	0.00862	0.01135	0.20422	0.39644	0.23860	0.07787	0.00607	0.00164	0.00225	0.00918	0.00373	0.00330
4	0.01070	0.05343	0.01077	0.03922	0.13332	0.06289	0.00723	0.11605	0.33689	0.06492	0.07787	0.01436	0.04462	0.00517	0.00397	0.00124	0.00378	0.00429	0.00345	0.00581
5	0.00552	0.00380	0.00447	0.00490	0.00560	0.00359	0.00346	0.00688	0.03195	0.01155	0.04506	0.44669	0.18919	0.01034	0.02237	0.00149	0.00233	0.00862	0.18875	0.00346
6	0.05632	0.04108	0.01020	0.07962	0.03012	0.21844	0.03231	0.05317	0.11351	0.01230	0.07078	0.03530	0.02567	0.04870	0.07224	0.00178	0.08717	0.00405	0.00262	0.00463
7	0.00569	0.00416	0.00595	0.00595	0.00651	0.00473	0.00443	0.00681	0.00625	0.00889	0.01101	0.01772	0.01084	0.20136	0.67459	0.00585	0.00922	0.00456	0.00218	0.00331
8	0.01034	0.00999	0.06879	0.00876	0.04120	0.14336	0.03480	0.07299	0.21056	0.08493	0.15599	0.01593	0.05400	0.00678	0.04639	0.00150	0.02053	0.00455	0.00337	0.00526
9	0.00851	0.00712	0.00868	0.00629	0.00970	0.00555	0.03515	0.03017	0.00865	0.03615	0.00913	0.01007	0.04969	0.00343	0.00315	0.00069	0.00307	0.00283	0.00252	0.75946
10	0.00590	0.00495	0.00629	0.00645	0.00723	0.04821	0.05220	0.00692	0.00818	0.01060	0.04386	0.56290	0.07308	0.04044	0.00544	0.00161	0.00298	0.08403	0.00343	0.02531

[dist]
# distance from previous block
# <min> <max>
0	5

[block]
# block no. 6 follows, 68 sequences, length 25
# corresponding to MSA columns:
# 194-218
name=unknown_G
#
# <colnr> <probs for GDERKNQSTAVLIFYWHMCP>
#	G	D	E	R	K	N	Q	S	T	A	V	L	I	F	Y	W	H	M	C	P
0	0.00950	0.05374	0.14126	0.03063	0.01671	0.07065	0.41511	0.06734	0.02847	0.01286	0.00924	0.09503	0.00795	0.00459	0.00445	0.00130	0.01900	0.00468	0.00228	0.00522
1	0.01316	0.10859	0.01135	0.00894	0.01105	0.57109	0.00693	0.01477	0.04576	0.05347	0.10918	0.01049	0.00964	0.00460	0.00364	0.00105	0.00581	0.00323	0.00252	0.00473
2	0.00875	0.00829	0.03552	0.04080	0.34098	0.00732	0.05180	0.01102	0.02238	0.02395	0.01900	0.05626	0.02679	0.00406	0.00369	0.00101	0.00394	0.00374	0.00233	0.32837
3	0.00831	0.00729	0.00946	0.04398	0.09108	0.00592	0.02676	0.01021	0.00840	0.01288	0.02893	0.00911	0.00672	0.00319	0.00317	0.00071	0.00328	0.00270	0.00233	0.71557
4	0.00515	0.00400	0.00468	0.00459	0.00566	0.00353	0.00341	0.00655	0.01000	0.01320	0.42538	0.09064	0.39044	0.00926	0.00471	0.00131	0.00196	0.00799	0.00401	0.00353
5	0.00867	0.00867	0.01214	0.01041	0.01041	0.01214	0.00867	0.00954	0.00607	0.00954	0.00520	0.00867	0.00520	0.00694	0.01301	0.00173	0.85340	0.00347	0.00173	0.00434
6	0.00497	0.00356	0.00472	0.00556	0.00588	0.00334	0.00382	0.00576	0.00779	0.01035	0.04287	0.74290	0.04805	0.03007	0.00539	0.00166	0.00240	0.06400	0.00367	0.00325
7	0.00810	0.00390	0.00407	0.00393	0.00500	0.00384	0.00298	0.00993	0.00852	0.07109	0.01312	0.01469	0.01014	0.00464	0.00285	0.00094	0.00195	0.00372	0.82267	0.00390
8	0.00510	0.00373	0.00480	0.00522	0.00582	0.00343	0.00369	0.00622	0.00894	0.01204	0.27736	0.48150	0.12549	0.01076	0.00491	0.00147	0.00217	0.03007	0.00389	0.00341
9	0.00491	0.00378	0.00451	0.00495	0.00571	0.00338	0.00354	0.00589	0.00857	0.01098	0.10736	0.42344	0.34399	0.01101	0.00489	0.00148	0.00220	0.04233	0.00375	0.00334
10	0.00564	0.00428	0.00593	0.07875	0.02966	0.00418	0.00462	0.00720	0.00966	0.01333	0.45322	0.28328	0.04888	0.00907	0.00473	0.00138	0.00242	0.02625	0.00383	0.00369
11	0.41599	0.00717	0.00766	0.00621	0.00900	0.00723	0.00513	0.01582	0.00924	0.46333	0.01101	0.01027	0.00729	0.00435	0.00329	0.00123	0.00323	0.00315	0.00379	0.00563
12	0.00948	0.00915	0.03418	0.24665	0.54508	0.00943	0.01162	0.06358	0.00933	0.01295	0.00747	0.00997	0.00601	0.00373	0.00393	0.00122	0.00487	0.00352	0.00203	0.00579
13	0.01050	0.83266	0.05033	0.00695	0.01043	0.01545	0.00707	0.01190	0.00807	0.00944	0.00557	0.00643	0.00509	0.00341	0.00259	0.00086	0.00430	0.00215	0.00170	0.00512
14	0.01507	0.01111	0.01190	0.00912	0.01230	0.01230	0.00754	0.82270	0.01864	0.02499	0.00952	0.00952	0.00674	0.00476	0.00397	0.00119	0.00436	0.00357	0.00397	0.00674
15	0.00918	0.04471	0.03718	0.00880	0.09748	0.08957	0.02475	0.01139	0.04007	0.01252	0.00737	0.00864	0.00609	0.00371	0.01725	0.00087	0.00391	0.00267	0.00228	0.57157
16	0.32225	0.00679	0.01803	0.00640	0.00793	0.06803	0.02299	0.00967	0.00791	0.04637	0.01362	0.29739	0.01447	0.00844	0.03122	0.00158	0.00356	0.10628	0.00305	0.00400
17	0.00952	0.00884	0.05563	0.01040	0.12963	0.06381	0.05644	0.08116	0.19991	0.05720	0.19595	0.08603	0.01630	0.00593	0.00423	0.00127	0.00376	0.00521	0.00343	0.00533
18	0.00572	0.00401	0.00516	0.00516	0.00544	0.00430	0.00344	0.00630	0.00601	0.00830	0.01173	0.02174	0.01259	0.52359	0.35475	0.00487	0.00659	0.00515	0.00229	0.00286
19	0.01060	0.86304	0.02078	0.00678	0.01018	0.01569	0.00678	0.01187	0.00806	0.00933	0.00551	0.00636	0.00509	0.00339	0.00254	0.00085	0.00424	0.00212	0.00170	0.00509
20	0.01062	0.00750	0.00843	0.00739	0.00945	0.00804	0.00605	0.30999	0.13319	0.05829	0.02856	0.03452	0.06617	0.00676	0.00426	0.00135	0.00346	0.18686	0.10381	0.00531
21	0.00873	0.00784	0.00845	0.00629	0.00963	0.05349	0.00499	0.01119	0.07308	0.01303	0.00771	0.00868	0.00632	0.00319	0.00306	0.00067	0.00319	0.00253	0.00246	0.76546
22	0.12515	0.05798	0.06215	0.09459	0.13627	0.03189	0.06484	0.05132	0.04461	0.16396	0.00881	0.00985	0.00654	0.00421	0.00433	0.00121	0.06810	0.00334	0.00271	0.05816
23	0.00871	0.07463	0.03867	0.00761	0.02411	0.02687	0.02879	0.15811	0.05466	0.03179	0.07687	0.01537	0.05490	0.02654	0.33647	0.01753	0.00658	0.00434	0.00283	0.00464
24	0.00926	0.00945	0.01788	0.16336	0.41729	0.00952	0.29007	0.01200	0.00895	0.01238	0.00758	0.01025	0.00602	0.00354	0.00419	0.00126	0.00549	0.00393	0.00194	0.00564

[dist]
# distance from previous block
# <min> <max>
2	5

[block]
# block no. 7 follows, 68 sequences, length 50
# corresponding to MSA columns:
# 224-273
name=unknown_H
#
# <colnr> <probs for GDERKNQSTAVLIFYWHMCP>
#	G	D	E	R	K	N	Q	S	T	A	V	L	I	F	Y	W	H	M	C	P
0	0.31528	0.01471	0.42241	0.00969	0.03172	0.03200	0.06052	0.03838	0.00826	0.01469	0.00665	0.00788	0.00492	0.00378	0.00347	0.00125	0.01427	0.00280	0.00206	0.00527
1	0.54200	0.04269	0.05422	0.04314	0.01014	0.00855	0.06341	0.02073	0.00774	0.03201	0.05636	0.02909	0.00729	0.00412	0.00303	0.00119	0.00354	0.00302	0.00252	0.06519
2	0.02786	0.01415	0.01061	0.00918	0.01158	0.46788	0.00700	0.03791	0.02551	0.12556	0.03545	0.01047	0.00798	0.00482	0.00418	0.00118	0.02960	0.00326	0.02030	0.14553
3	0.24083	0.09368	0.02715	0.00828	0.01070	0.23205	0.00684	0.18682	0.05293	0.01544	0.00709	0.00796	0.00561	0.00439	0.00418	0.00118	0.08437	0.00282	0.00260	0.00511
4	0.00492	0.00359	0.00459	0.00531	0.00572	0.00332	0.00362	0.00569	0.00785	0.01031	0.04567	0.66494	0.13458	0.04755	0.00565	0.00166	0.00236	0.03579	0.00364	0.00323
5	0.01023	0.35672	0.26913	0.00992	0.03991	0.08766	0.07768	0.02970	0.00886	0.03907	0.00691	0.00811	0.00553	0.00446	0.02932	0.00123	0.00539	0.00283	0.00192	0.00538
6	0.00734	0.00609	0.00669	0.05109	0.00859	0.06485	0.00506	0.03887	0.16826	0.03148	0.01844	0.52135	0.02811	0.00952	0.00463	0.00148	0.00307	0.01729	0.00357	0.00419
7	0.01711	0.00657	0.00896	0.00697	0.00989	0.00569	0.00571	0.01860	0.01115	0.79499	0.01597	0.05802	0.01068	0.00530	0.00404	0.00125	0.00332	0.00437	0.00484	0.00656
8	0.00513	0.00400	0.00439	0.00431	0.00549	0.00348	0.00322	0.00644	0.00963	0.01250	0.27620	0.04450	0.53564	0.00916	0.00457	0.00129	0.00196	0.00776	0.05682	0.00348
9	0.00917	0.00953	0.05952	0.24726	0.41230	0.00927	0.15374	0.01188	0.00880	0.02931	0.00760	0.01017	0.00597	0.00366	0.00406	0.00125	0.00525	0.00371	0.00196	0.00559
10	0.00960	0.00921	0.01572	0.09852	0.76338	0.00937	0.01206	0.01199	0.00893	0.01270	0.00742	0.00988	0.00619	0.00357	0.00393	0.00119	0.00476	0.00353	0.00194	0.00611
11	0.00503	0.00358	0.00475	0.00559	0.00588	0.00338	0.00384	0.00582	0.00773	0.01032	0.04653	0.72182	0.02567	0.05688	0.00588	0.00173	0.00248	0.07623	0.00363	0.00323
12	0.00831	0.00808	0.01429	0.53860	0.24126	0.00911	0.10167	0.01096	0.00838	0.01117	0.00726	0.01038	0.00563	0.00378	0.00403	0.00128	0.00529	0.00365	0.00184	0.00501
13	0.00611	0.00455	0.00554	0.00559	0.00662	0.00447	0.00429	0.00881	0.10745	0.01379	0.34137	0.14913	0.13222	0.00888	0.00466	0.00139	0.00238	0.13167	0.05716	0.00390
14	0.41945	0.00717	0.00765	0.00621	0.00899	0.00724	0.00512	0.01579	0.00923	0.46006	0.01097	0.01024	0.00727	0.00434	0.00328	0.00123	0.00323	0.00314	0.00378	0.00562
15	0.43972	0.00737	0.00755	0.00621	0.00891	0.00768	0.00510	0.04679	0.04101	0.35955	0.01045	0.00999	0.00711	0.00432	0.00322	0.00122	0.00322	0.00309	0.02200	0.00547
16	0.00717	0.00658	0.01096	0.71809	0.02408	0.00814	0.01001	0.00960	0.00773	0.01002	0.00800	0.04056	0.00658	0.00742	0.10727	0.00195	0.00584	0.00388	0.00187	0.00426
17	0.00508	0.00370	0.00485	0.00567	0.00613	0.00347	0.00408	0.00600	0.00801	0.01049	0.02368	0.62934	0.11280	0.01191	0.00509	0.00162	0.00250	0.14860	0.00368	0.00331
18	0.00773	0.00531	0.00708	0.00774	0.00877	0.00520	0.00652	0.00940	0.03588	0.03884	0.02060	0.05703	0.02186	0.01122	0.00624	0.04847	0.00388	0.69018	0.00387	0.00417
19	0.00984	0.01059	0.02251	0.01612	0.02006	0.00998	0.76443	0.04449	0.00978	0.03885	0.00832	0.01074	0.00616	0.00345	0.00463	0.00133	0.00649	0.00461	0.00217	0.00545
20	0.01678	0.00691	0.00914	0.00714	0.01006	0.00622	0.00584	0.06743	0.03622	0.72612	0.01557	0.05251	0.01046	0.00526	0.00404	0.00125	0.00338	0.00432	0.00477	0.00657
21	0.00573	0.00397	0.00499	0.00499	0.00521	0.00420	0.00323	0.00619	0.00596	0.00818	0.01189	0.02260	0.01296	0.59215	0.28669	0.00466	0.00603	0.00528	0.00231	0.00277
22	0.01000	0.00881	0.00903	0.00813	0.01036	0.03320	0.00631	0.02092	0.80591	0.01639	0.01586	0.01458	0.01191	0.00534	0.00402	0.00134	0.00325	0.00443	0.00398	0.00623
23	0.01223	0.03980	0.01541	0.01192	0.01472	0.36117	0.30699	0.02703	0.01035	0.08295	0.00886	0.04255	0.00736	0.00445	0.00412	0.00121	0.00620	0.03525	0.00242	0.00502
24	0.00886	0.30015	0.55345	0.00990	0.01490	0.01137	0.02642	0.01233	0.00828	0.01149	0.00660	0.00774	0.00506	0.00363	0.00338	0.00112	0.00534	0.00269	0.00169	0.00559
25	0.00928	0.09720	0.24264	0.01408	0.01851	0.01028	0.50740	0.01272	0.00901	0.02928	0.00769	0.00970	0.00574	0.00349	0.00421	0.00126	0.00615	0.00394	0.00195	0.00549
26	0.00631	0.00448	0.00619	0.00703	0.00786	0.00448	0.00602	0.00797	0.00883	0.01150	0.02035	0.06019	0.02223	0.07724	0.00661	0.00198	0.00364	0.72997	0.00355	0.00354
27	0.00717	0.00615	0.00810	0.20975	0.01223	0.05290	0.01635	0.03358	0.00805	0.02300	0.03659	0.26090	0.01462	0.09448	0.09114	0.00219	0.07083	0.04539	0.00272	0.00384
28	0.00919	0.00763	0.01128	0.58209	0.04817	0.02866	0.00965	0.08459	0.04415	0.07688	0.00937	0.04342	0.01897	0.00457	0.00401	0.00130	0.00483	0.00395	0.00242	0.00488
29	0.01308	0.01406	0.02959	0.00901	0.01099	0.50045	0.00702	0.04299	0.03414	0.10909	0.06507	0.06573	0.01899	0.00535	0.00431	0.00117	0.04498	0.01638	0.00279	0.00482
30	0.81145	0.04125	0.00680	0.00584	0.02745	0.01999	0.00466	0.02189	0.00706	0.01733	0.00562	0.00657	0.00441	0.00368	0.00253	0.00121	0.00322	0.00220	0.00243	0.00441
31	0.00566	0.00389	0.00483	0.00508	0.00532	0.00393	0.00335	0.00619	0.00659	0.00893	0.02402	0.18263	0.01699	0.49396	0.12239	0.00349	0.00436	0.07807	0.01750	0.00285
32	0.60852	0.00932	0.00832	0.00701	0.00974	0.01040	0.00568	0.26266	0.01098	0.02073	0.00762	0.00857	0.00586	0.00457	0.00330	0.00137	0.00376	0.00288	0.00320	0.00549
33	0.01087	0.01237	0.01333	0.05554	0.04010	0.32158	0.18424	0.03161	0.00960	0.01117	0.00887	0.04315	0.04480	0.00477	0.00509	0.00120	0.11180	0.00383	0.00219	0.08389
34	0.00749	0.00705	0.01189	0.85113	0.02731	0.00881	0.01101	0.01013	0.00793	0.01013	0.00705	0.01057	0.00529	0.00396	0.00396	0.00132	0.00529	0.00352	0.00176	0.00440
35	0.01122	0.00871	0.00922	0.00783	0.01020	0.00983	0.00622	0.27985	0.45620	0.01907	0.01356	0.01308	0.01010	0.00508	0.00384	0.00124	0.00336	0.00408	0.12122	0.00608
36	0.00580	0.00391	0.00452	0.00459	0.00470	0.00390	0.00278	0.00601	0.00620	0.00824	0.02902	0.02779	0.02582	0.76068	0.01843	0.00359	0.00377	0.07515	0.00256	0.00255
37	0.04397	0.00966	0.01651	0.23676	0.01968	0.06832	0.38602	0.02733	0.00925	0.07306	0.00805	0.01026	0.00597	0.00369	0.00414	0.00124	0.00567	0.00389	0.00223	0.06429
38	0.00600	0.00401	0.00461	0.00452	0.00476	0.00390	0.00267	0.00622	0.00629	0.02163	0.05117	0.06439	0.01564	0.73380	0.01781	0.00345	0.00364	0.00593	0.00259	0.03698
39	0.00706	0.00520	0.04005	0.00579	0.00710	0.00462	0.00469	0.00904	0.02086	0.09655	0.59958	0.03292	0.02940	0.00957	0.08189	0.00174	0.02947	0.00630	0.00401	0.00415
40	0.00800	0.02017	0.81181	0.01149	0.01728	0.00924	0.04261	0.01256	0.00841	0.01256	0.00715	0.00845	0.00506	0.00375	0.00380	0.00126	0.00589	0.00299	0.00169	0.00584
41	0.00818	0.09412	0.76853	0.01091	0.01655	0.00977	0.01396	0.01250	0.00834	0.01227	0.00698	0.00820	0.00503	0.00373	0.00366	0.00122	0.00572	0.00286	0.00168	0.00579
42	0.02626	0.00735	0.05726	0.01613	0.02812	0.05189	0.00581	0.04804	0.18204	0.01193	0.02860	0.01827	0.02355	0.16020	0.19326	0.06278	0.00542	0.06605	0.00279	0.00424
43	0.03482	0.04540	0.05099	0.00767	0.01007	0.00822	0.03834	0.12755	0.25718	0.12604	0.15026	0.06050	0.02349	0.00589	0.00409	0.00128	0.00338	0.01922	0.02006	0.00553
44	0.02183	0.03577	0.02750	0.04994	0.10586	0.06838	0.02379	0.06391	0.11817	0.02293	0.03200	0.09791	0.01019	0.00637	0.01335	0.07265	0.05786	0.02412	0.02111	0.12637
45	0.01177	0.49454	0.01656	0.00765	0.01056	0.02715	0.00694	0.22964	0.01082	0.04019	0.00718	0.00840	0.00606	0.03796	0.00448	0.00114	0.06828	0.00282	0.00245	0.00542
46	0.03813	0.00906	0.01288	0.01070	0.03790	0.00981	0.21762	0.05778	0.49633	0.01567	0.01291	0.01308	0.00976	0.00555	0.03329	0.00150	0.00442	0.00438	0.00333	0.00590
47	0.09594	0.01873	0.03324	0.00686	0.00857	0.00630	0.06081	0.04890	0.14512	0.04485	0.06470	0.30000	0.13402	0.00812	0.00436	0.00139	0.00303	0.00710	0.00351	0.00444
48	0.05431	0.00587	0.00640	0.00573	0.00699	0.00613	0.00419	0.20569	0.00993	0.01356	0.04547	0.06805	0.17237	0.30170	0.07427	0.00255	0.00394	0.00578	0.00315	0.00392
49	0.06315	0.01609	0.02078	0.17661	0.13191	0.10220	0.05700	0.05731	0.00862	0.02780	0.01941	0.02331	0.02120	0.22878	0.02799	0.00203	0.00490	0.00419	0.00232	0.00437

[dist]
# distance from previous block
# <min> <max>
2	15

[block]
# block no. 8 follows, 68 sequences, length 47
# corresponding to MSA columns:
# 290-299,301-337
name=unknown_I
#
# <colnr> <probs for GDERKNQSTAVLIFYWHMCP>
#	G	D	E	R	K	N	Q	S	T	A	V	L	I	F	Y	W	H	M	C	P
0	0.03459	0.05412	0.12380	0.05761	0.09085	0.03499	0.03443	0.01338	0.16401	0.11052	0.08467	0.04330	0.05911	0.04026	0.00461	0.00134	0.00392	0.00449	0.01071	0.02927
1	0.01738	0.00666	0.02810	0.04361	0.06680	0.00614	0.02288	0.09550	0.00960	0.03543	0.02319	0.12727	0.01437	0.02787	0.00490	0.01402	0.00362	0.25134	0.00310	0.19822
2	0.02432	0.00746	0.01185	0.56141	0.07045	0.00945	0.01017	0.00999	0.00753	0.01030	0.00709	0.03761	0.00599	0.00491	0.00609	0.00142	0.20393	0.00374	0.00184	0.00446
3	0.01241	0.03257	0.04808	0.03074	0.03623	0.29716	0.14121	0.18330	0.02664	0.04212	0.00878	0.01135	0.00715	0.00452	0.00396	0.00117	0.00562	0.05758	0.00266	0.04675
4	0.00990	0.05894	0.23699	0.09826	0.01449	0.12598	0.02715	0.02982	0.32944	0.01352	0.01047	0.01091	0.00788	0.00445	0.00382	0.00124	0.00482	0.00355	0.00270	0.00566
5	0.00618	0.00445	0.00512	0.00481	0.00615	0.00401	0.00366	0.00810	0.05311	0.06720	0.35202	0.03193	0.42123	0.00869	0.00460	0.00130	0.00210	0.00740	0.00405	0.00388
6	0.00962	0.00921	0.01553	0.02297	0.76553	0.00938	0.01171	0.01188	0.00894	0.01287	0.03426	0.01040	0.00724	0.00386	0.00443	0.00121	0.04919	0.00365	0.00203	0.00610
7	0.00500	0.00403	0.00446	0.00435	0.00555	0.00348	0.00326	0.00631	0.00979	0.01249	0.31281	0.03522	0.56056	0.00938	0.00468	0.00131	0.00196	0.00796	0.00392	0.00348
8	0.00858	0.00853	0.01196	0.01028	0.01030	0.01191	0.00855	0.00946	0.00608	0.00953	0.00538	0.00890	0.00536	0.00768	0.03999	0.00189	0.82607	0.00350	0.00175	0.00431
9	0.00516	0.00399	0.00470	0.00463	0.00567	0.00353	0.00343	0.00656	0.01000	0.01323	0.43217	0.10521	0.36885	0.00929	0.00471	0.00132	0.00197	0.00803	0.00402	0.00353
10	0.00501	0.00371	0.00468	0.00511	0.00573	0.00338	0.00358	0.00608	0.00882	0.01177	0.24245	0.49135	0.17208	0.01085	0.00489	0.00147	0.00213	0.00966	0.00386	0.00338
11	0.00829	0.00786	0.01212	0.55444	0.12206	0.02317	0.01997	0.01179	0.10777	0.01130	0.00808	0.01077	0.00625	0.00425	0.00453	0.00131	0.05884	0.00361	0.00208	0.02151
12	0.01437	0.01038	0.01125	0.00881	0.01179	0.01141	0.00728	0.70687	0.04807	0.05177	0.01065	0.01180	0.00796	0.00511	0.00403	0.00123	0.00420	0.04593	0.02059	0.00651
13	0.00967	0.24569	0.23685	0.03898	0.06587	0.02258	0.01912	0.08762	0.03190	0.01292	0.00715	0.00825	0.00568	0.00362	0.00331	0.00099	0.00452	0.00276	0.00213	0.19037
14	0.00839	0.00822	0.04146	0.14648	0.50647	0.00812	0.01036	0.01056	0.00844	0.01183	0.00963	0.12851	0.00913	0.00680	0.06683	0.00165	0.00494	0.00464	0.00217	0.00535
15	0.01125	0.00923	0.00993	0.00877	0.03221	0.01050	0.00676	0.23418	0.59194	0.01873	0.01415	0.01326	0.01053	0.00517	0.00401	0.00130	0.00350	0.00422	0.00396	0.00640
16	0.00684	0.00523	0.00645	0.00647	0.03404	0.00532	0.00464	0.01072	0.20479	0.03042	0.44289	0.17010	0.04024	0.00803	0.00455	0.00133	0.00237	0.00709	0.00409	0.00439
17	0.02357	0.02237	0.03035	0.03799	0.21680	0.00784	0.02719	0.10202	0.01122	0.44825	0.02433	0.01193	0.00855	0.00447	0.00395	0.00121	0.00399	0.00381	0.00375	0.00641
18	0.00828	0.06342	0.68598	0.01180	0.01728	0.00966	0.12400	0.01254	0.00849	0.01241	0.00715	0.00858	0.00516	0.00369	0.00383	0.00125	0.00589	0.00313	0.00172	0.00575
19	0.00476	0.00371	0.00433	0.00483	0.00557	0.00328	0.00337	0.00560	0.00826	0.01039	0.03032	0.47893	0.39990	0.01132	0.00489	0.00148	0.00217	0.00993	0.00368	0.00328
20	0.00746	0.00708	0.01223	0.74445	0.02558	0.00856	0.06527	0.01003	0.00800	0.01030	0.00799	0.06106	0.00658	0.00443	0.00408	0.00134	0.00520	0.00406	0.00189	0.00440
21	0.01162	0.60102	0.01798	0.00769	0.01073	0.10525	0.00709	0.13140	0.00985	0.01168	0.00615	0.00703	0.00534	0.00386	0.00342	0.00096	0.04917	0.00245	0.00207	0.00524
22	0.00917	0.00702	0.00853	0.00640	0.00942	0.00595	0.00516	0.02450	0.00847	0.09711	0.00850	0.00964	0.01888	0.00495	0.04671	0.00106	0.06985	0.00281	0.00260	0.65324
23	0.01270	0.38220	0.02725	0.00876	0.01137	0.44866	0.00742	0.01388	0.00966	0.00958	0.00585	0.00688	0.00510	0.00387	0.00344	0.00097	0.03332	0.00240	0.00188	0.00482
24	0.00543	0.00422	0.00567	0.04089	0.04965	0.00406	0.00441	0.00664	0.00856	0.01141	0.18193	0.36122	0.18305	0.03095	0.06951	0.00187	0.00310	0.02036	0.00350	0.00357
25	0.01779	0.00675	0.00920	0.00705	0.01012	0.00583	0.00583	0.01932	0.01135	0.83867	0.01564	0.01350	0.00981	0.00491	0.00399	0.00123	0.00337	0.00399	0.00491	0.00675
26	0.00936	0.01070	0.02340	0.01671	0.02072	0.01003	0.82152	0.01270	0.00936	0.01270	0.00802	0.01070	0.00602	0.00334	0.00468	0.00134	0.00668	0.00468	0.00201	0.00535
27	0.00936	0.01070	0.02340	0.01671	0.02072	0.01003	0.82152	0.01270	0.00936	0.01270	0.00802	0.01070	0.00602	0.00334	0.00468	0.00134	0.00668	0.00468	0.00201	0.00535
28	0.01481	0.01890	0.01124	0.01021	0.01226	0.84474	0.00766	0.01583	0.01124	0.00970	0.00613	0.00715	0.00511	0.00409	0.00358	0.00102	0.00715	0.00255	0.00204	0.00460
29	0.00987	0.01876	0.04215	0.04515	0.09433	0.03492	0.06769	0.15353	0.01031	0.01475	0.00755	0.00884	0.00599	0.00346	0.00344	0.00088	0.00400	0.00293	0.00250	0.46895
30	0.01181	0.06184	0.01448	0.03445	0.38393	0.29644	0.04131	0.04527	0.01004	0.02553	0.00705	0.00876	0.00582	0.00390	0.00406	0.00113	0.03340	0.00317	0.00209	0.00552
31	0.35360	0.00710	0.00790	0.00634	0.00918	0.00701	0.00524	0.01637	0.00957	0.52213	0.01174	0.01078	0.00769	0.00443	0.00340	0.00123	0.00326	0.00328	0.00396	0.00580
32	0.01130	0.01034	0.01391	0.01793	0.49198	0.07044	0.01008	0.18609	0.11964	0.01576	0.00895	0.01022	0.00706	0.00408	0.00392	0.00119	0.00460	0.00360	0.00267	0.00626
33	0.01162	0.42065	0.04193	0.08906	0.05759	0.29800	0.00802	0.01310	0.00919	0.00983	0.00602	0.00728	0.00518	0.00370	0.00314	0.00098	0.00541	0.00250	0.00183	0.00494
34	0.04099	0.00894	0.01089	0.10354	0.05890	0.05370	0.04292	0.14891	0.21480	0.25612	0.01218	0.01195	0.00858	0.00467	0.00395	0.00125	0.00410	0.00386	0.00366	0.00609
35	0.82515	0.00824	0.00618	0.00551	0.00796	0.05273	0.00450	0.01203	0.00708	0.03398	0.00576	0.00662	0.00445	0.00373	0.00254	0.00122	0.00329	0.00221	0.00248	0.00436
36	0.48147	0.05304	0.05347	0.00771	0.08398	0.00844	0.00591	0.02723	0.00801	0.15521	0.00791	0.00911	0.00605	0.03894	0.00417	0.03534	0.00355	0.00285	0.00274	0.00489
37	0.00498	0.00355	0.00467	0.00553	0.00581	0.00336	0.00371	0.00590	0.02334	0.01034	0.02155	0.82396	0.02561	0.01212	0.00499	0.00159	0.00231	0.01098	0.02240	0.00329
38	0.00575	0.00390	0.00459	0.00459	0.00468	0.00399	0.00274	0.00594	0.00585	0.00789	0.01225	0.02459	0.01383	0.75198	0.12805	0.00417	0.00473	0.00557	0.00237	0.00255
39	0.44650	0.06427	0.09822	0.01913	0.01050	0.04959	0.00660	0.20515	0.01012	0.01775	0.00675	0.00753	0.00511	0.00393	0.00305	0.00117	0.00397	0.00261	0.00265	0.03539
40	0.00602	0.00504	0.00627	0.00590	0.00664	0.00553	0.00456	0.00676	0.00788	0.01029	0.08477	0.05534	0.40182	0.04092	0.02717	0.09184	0.20203	0.02480	0.00299	0.00342
41	0.01779	0.00675	0.00920	0.00705	0.01012	0.00583	0.00583	0.01932	0.01135	0.83867	0.01564	0.01350	0.00981	0.00491	0.00399	0.00123	0.00337	0.00399	0.00491	0.00675
42	0.06463	0.00465	0.00532	0.00577	0.00683	0.01930	0.00465	0.00740	0.00867	0.01163	0.02532	0.15808	0.27086	0.02430	0.00509	0.00159	0.00292	0.33740	0.03204	0.00353
43	0.01014	0.52241	0.20857	0.03203	0.04379	0.05251	0.02067	0.03437	0.00858	0.01073	0.00617	0.00730	0.00519	0.00363	0.00322	0.00101	0.02005	0.00252	0.00179	0.00531
44	0.01294	0.02470	0.15830	0.00755	0.01051	0.00628	0.00703	0.04418	0.01019	0.46266	0.01506	0.19774	0.01235	0.00632	0.00416	0.00131	0.00364	0.00535	0.00396	0.00578
45	0.00493	0.00367	0.00460	0.00519	0.00576	0.00334	0.00363	0.00584	0.00832	0.01088	0.10536	0.56538	0.20934	0.01141	0.00495	0.00152	0.00224	0.03658	0.00375	0.00331
46	0.00917	0.03226	0.07145	0.17930	0.37478	0.04974	0.06224	0.02638	0.03893	0.01253	0.04350	0.01157	0.02896	0.00416	0.00404	0.00122	0.01423	0.00380	0.02629	0.00545

[dist]
# distance from previous block
# <min> <max>
5	15

[block]
# block no. 9 follows, 68 sequences, length 14
# corresponding to MSA columns:
# 358-371
name=unknown_J
#
# <colnr> <probs for GDERKNQSTAVLIFYWHMCP>
#	G	D	E	R	K	N	Q	S	T	A	V	L	I	F	Y	W	H	M	C	P
0	0.01141	0.11506	0.01064	0.05932	0.03836	0.04860	0.00609	0.02717	0.05101	0.22091	0.00969	0.01023	0.00725	0.01796	0.00363	0.00098	0.00365	0.00306	0.01801	0.33698
1	0.03690	0.00492	0.00580	0.00521	0.00673	0.00454	0.00402	0.05406	0.01072	0.12924	0.37185	0.04347	0.29128	0.00804	0.00448	0.00128	0.00231	0.00683	0.00412	0.00421
2	0.00831	0.00890	0.01851	0.01375	0.01689	0.00846	0.59606	0.01110	0.00891	0.01202	0.01150	0.03514	0.05913	0.00778	0.11016	0.00201	0.00659	0.05767	0.00227	0.00484
3	0.01305	0.00551	0.00714	0.00585	0.00801	0.00493	0.00470	0.01472	0.01056	0.48809	0.15778	0.01663	0.01472	0.00539	0.00380	0.00115	0.00273	0.00447	0.22531	0.00546
4	0.01745	0.00729	0.00954	0.00731	0.01039	0.00664	0.00604	0.12011	0.01226	0.73659	0.01487	0.01300	0.00943	0.00489	0.00398	0.00122	0.00350	0.00393	0.00479	0.00675
5	0.00816	0.00443	0.00556	0.00502	0.00628	0.00410	0.00382	0.00988	0.01031	0.15887	0.46051	0.02317	0.02515	0.04717	0.00485	0.00129	0.00222	0.00574	0.20931	0.00419
6	0.00543	0.00410	0.00515	0.00572	0.00661	0.00382	0.00454	0.00672	0.00881	0.01123	0.05811	0.23718	0.28733	0.01090	0.00509	0.00159	0.00273	0.32779	0.00370	0.00345
7	0.00547	0.00395	0.00502	0.00515	0.00559	0.00408	0.00353	0.00617	0.00662	0.00891	0.01652	0.14048	0.11384	0.35519	0.29767	0.00409	0.00572	0.00633	0.00264	0.00302
8	0.00672	0.00410	0.00545	0.00592	0.00670	0.00379	0.00438	0.00774	0.00844	0.11442	0.02224	0.55015	0.08173	0.01105	0.00497	0.00158	0.00265	0.15039	0.00383	0.00375
9	0.01060	0.86304	0.02078	0.00678	0.01018	0.01569	0.00678	0.01187	0.00806	0.00933	0.00551	0.00636	0.00509	0.00339	0.00254	0.00085	0.00424	0.00212	0.00170	0.00509
10	0.06333	0.00853	0.00963	0.00783	0.01061	0.00905	0.00634	0.22877	0.28962	0.30236	0.01365	0.01250	0.00948	0.00496	0.00391	0.00126	0.00353	0.00394	0.00423	0.00645
11	0.00892	0.00857	0.01154	0.01063	0.05976	0.01129	0.00827	0.01212	0.18390	0.01126	0.00785	0.01025	0.00689	0.00701	0.03296	0.00174	0.59622	0.00371	0.00226	0.00485
12	0.00654	0.00364	0.00530	0.00530	0.00543	0.00377	0.00361	0.00559	0.00546	0.00741	0.00820	0.01422	0.00827	0.10883	0.17136	0.62438	0.00483	0.00385	0.00187	0.00214
13	0.01012	0.65283	0.05844	0.11351	0.01324	0.03357	0.04897	0.01182	0.00820	0.00976	0.00592	0.00722	0.00516	0.00350	0.00291	0.00096	0.00464	0.00247	0.00173	0.00504

[dist]
# distance from previous block
# <min> <max>
2	4

[block]
# block no. 10 follows, 68 sequences, length 45
# corresponding to MSA columns:
# 376-420
name=unknown_K
#
# <colnr> <probs for GDERKNQSTAVLIFYWHMCP>
#	G	D	E	R	K	N	Q	S	T	A	V	L	I	F	Y	W	H	M	C	P
0	0.00516	0.00372	0.00487	0.00567	0.00605	0.00354	0.00398	0.00614	0.02047	0.01032	0.02168	0.66188	0.05091	0.06311	0.00600	0.00176	0.00257	0.11528	0.00361	0.00328
1	0.00475	0.00396	0.00414	0.00422	0.00542	0.00335	0.00312	0.00576	0.00899	0.01090	0.07698	0.12281	0.71160	0.01019	0.00472	0.00136	0.00203	0.00861	0.00372	0.00335
2	0.00709	0.00571	0.00685	0.04323	0.02062	0.00617	0.00514	0.02967	0.30307	0.01311	0.05971	0.44542	0.02009	0.00901	0.00458	0.00147	0.00279	0.00801	0.00374	0.00452
3	0.37416	0.00771	0.00773	0.00663	0.00917	0.00841	0.00534	0.01673	0.27697	0.23126	0.01163	0.01101	0.00829	0.00456	0.00337	0.00127	0.00317	0.00339	0.00361	0.00558
4	0.00867	0.00867	0.01214	0.01041	0.01041	0.01214	0.00867	0.00954	0.00607	0.00954	0.00520	0.00867	0.00520	0.00694	0.01301	0.00173	0.85340	0.00347	0.00173	0.00434
5	0.01779	0.00675	0.00920	0.00705	0.01012	0.00583	0.00583	0.01932	0.01135	0.83867	0.01564	0.01350	0.00981	0.00491	0.00399	0.00123	0.00337	0.00399	0.00491	0.00675
6	0.01779	0.00675	0.00920	0.00705	0.01012	0.00583	0.00583	0.01932	0.01135	0.83867	0.01564	0.01350	0.00981	0.00491	0.00399	0.00123	0.00337	0.00399	0.00491	0.00675
7	0.00483	0.00345	0.00460	0.00552	0.00575	0.00322	0.00368	0.00552	0.00759	0.01012	0.02185	0.85807	0.02622	0.01242	0.00506	0.00161	0.00230	0.01127	0.00368	0.00322
8	0.88866	0.00767	0.00583	0.00521	0.00767	0.00889	0.00429	0.01166	0.00675	0.01779	0.00552	0.00644	0.00429	0.00368	0.00245	0.00123	0.00307	0.00215	0.00245	0.00429
9	0.88866	0.00767	0.00583	0.00521	0.00767	0.00889	0.00429	0.01166	0.00675	0.01779	0.00552	0.00644	0.00429	0.00368	0.00245	0.00123	0.00307	0.00215	0.00245	0.00429
10	0.77463	0.00817	0.00623	0.00554	0.00793	0.04957	0.00451	0.04233	0.00748	0.01753	0.00602	0.00696	0.00468	0.00378	0.00258	0.00120	0.00326	0.00229	0.04092	0.00437
11	0.03575	0.26816	0.01253	0.00758	0.01013	0.12715	0.00634	0.04626	0.29502	0.06080	0.05175	0.01227	0.04068	0.00481	0.00353	0.00113	0.00398	0.00365	0.00306	0.00544
12	0.16518	0.47407	0.02546	0.00727	0.01027	0.12432	0.00660	0.07549	0.00919	0.04909	0.00637	0.00710	0.00529	0.00377	0.00301	0.00100	0.01683	0.00241	0.00219	0.00508
13	0.01963	0.13006	0.15502	0.18619	0.06547	0.11859	0.03305	0.06295	0.02743	0.02242	0.00885	0.03654	0.03119	0.00507	0.01828	0.00131	0.05425	0.01649	0.00218	0.00504
14	0.00506	0.00399	0.00456	0.00453	0.00560	0.00354	0.00335	0.00631	0.00944	0.01219	0.29145	0.08872	0.46921	0.03606	0.03685	0.00159	0.00236	0.00794	0.00380	0.00344
15	0.01055	0.00979	0.01540	0.07037	0.63092	0.05963	0.05083	0.03137	0.00947	0.06191	0.00791	0.00995	0.00636	0.00369	0.00395	0.00119	0.00490	0.00356	0.00218	0.00606
16	0.00506	0.00358	0.00478	0.00568	0.00600	0.00338	0.00397	0.00591	0.00778	0.01042	0.02156	0.74807	0.02549	0.01209	0.00506	0.00162	0.00244	0.10114	0.02268	0.00328
17	0.05581	0.00679	0.00905	0.00697	0.01001	0.00596	0.00576	0.01899	0.01115	0.80283	0.01520	0.01319	0.00957	0.00485	0.00392	0.00123	0.00336	0.00391	0.00480	0.00664
18	0.00473	0.00402	0.00408	0.00406	0.00538	0.00337	0.00305	0.00577	0.00914	0.01095	0.07717	0.03776	0.79716	0.00995	0.00469	0.00133	0.00200	0.00831	0.00371	0.00337
19	0.00608	0.00437	0.00457	0.00453	0.00460	0.03329	0.00259	0.00612	0.00596	0.00776	0.01227	0.02529	0.01409	0.83067	0.01960	0.00375	0.00396	0.00565	0.00239	0.00248
20	0.88866	0.00767	0.00583	0.00521	0.00767	0.00889	0.00429	0.01166	0.00675	0.01779	0.00552	0.00644	0.00429	0.00368	0.00245	0.00123	0.00307	0.00215	0.00245	0.00429
21	0.05769	0.01094	0.01160	0.00893	0.01207	0.01213	0.00738	0.78314	0.01806	0.02464	0.00932	0.00937	0.00662	0.00471	0.00389	0.00119	0.00430	0.00350	0.00389	0.00662
22	0.00871	0.00879	0.01277	0.01076	0.01098	0.01203	0.05384	0.00972	0.00625	0.00972	0.00536	0.00879	0.00525	0.00674	0.01255	0.00171	0.80635	0.00354	0.00175	0.00439
23	0.77649	0.00790	0.00641	0.00562	0.00812	0.00909	0.00462	0.06116	0.04765	0.03384	0.00647	0.00717	0.00493	0.00385	0.00265	0.00123	0.00315	0.00238	0.00267	0.00459
