[name]
unknown

[dist]
# distance from previous block
# <min> <max>
472	3230

[block]
# block no. 0 follows, 57 sequences, length 28
# corresponding to MSA columns:
# 5141-5168
name=unknown_A
#
# <colnr> <probs for GDERKNQSTAVLIFYWHMCP>
#	G	D	E	R	K	N	Q	S	T	A	V	L	I	F	Y	W	H	M	C	P
0	0.05085	0.06266	0.02844	0.00946	0.02645	0.03574	0.00768	0.38467	0.17079	0.03833	0.01430	0.04091	0.05456	0.00594	0.00438	0.00137	0.00440	0.00464	0.02923	0.02520
1	0.00671	0.02112	0.05880	0.00732	0.04320	0.00525	0.00551	0.00856	0.02954	0.01336	0.15426	0.28843	0.19434	0.05147	0.02267	0.00180	0.00328	0.02389	0.00387	0.05660
2	0.01192	0.26023	0.34152	0.01140	0.03026	0.07395	0.04977	0.10648	0.03115	0.03139	0.00835	0.00941	0.00640	0.00438	0.00397	0.00127	0.00595	0.00331	0.00243	0.00646
3	0.01023	0.19786	0.12447	0.02660	0.06211	0.05809	0.02516	0.05431	0.04979	0.02500	0.01069	0.04791	0.00997	0.14787	0.11109	0.00257	0.02385	0.00450	0.00261	0.00534
4	0.00560	0.00419	0.00517	0.00579	0.00645	0.00380	0.00399	0.00661	0.00950	0.01240	0.11585	0.53536	0.22572	0.02987	0.00598	0.00177	0.00253	0.01141	0.00426	0.00376
5	0.00996	0.01060	0.09922	0.17298	0.26557	0.00976	0.07009	0.04495	0.06622	0.02969	0.04446	0.07812	0.04159	0.00579	0.00504	0.00148	0.03037	0.00522	0.00282	0.00608
6	0.03906	0.07503	0.18281	0.06390	0.02859	0.08487	0.03991	0.13164	0.03833	0.07689	0.04122	0.07915	0.03015	0.00627	0.00471	0.00145	0.01836	0.04841	0.00325	0.00600
7	0.02557	0.01150	0.06277	0.10101	0.27942	0.05522	0.17281	0.02570	0.03565	0.03109	0.00947	0.02407	0.00793	0.02319	0.01801	0.00164	0.08706	0.01930	0.00246	0.00612
8	0.03209	0.00737	0.00975	0.00812	0.03359	0.00661	0.00636	0.03223	0.02893	0.61363	0.04214	0.03861	0.04668	0.00611	0.00452	0.00140	0.00363	0.00503	0.06619	0.00702
9	0.04485	0.02369	0.11752	0.06167	0.18641	0.09830	0.04784	0.16127	0.04409	0.07214	0.01040	0.04109	0.00830	0.00641	0.04194	0.00167	0.01863	0.00425	0.00305	0.00646
10	0.04993	0.06735	0.10903	0.04637	0.14395	0.05520	0.03794	0.15892	0.01263	0.14563	0.05248	0.06016	0.01100	0.00567	0.00448	0.00140	0.00502	0.02290	0.00347	0.00646
11	0.00784	0.00633	0.02267	0.01871	0.05192	0.01859	0.04278	0.04359	0.00962	0.04308	0.04129	0.38834	0.06904	0.08702	0.05784	0.00229	0.03474	0.04618	0.00368	0.00444
12	0.71362	0.04241	0.05333	0.00718	0.02956	0.03965	0.00602	0.01337	0.00815	0.01890	0.00703	0.03143	0.00580	0.00450	0.00307	0.00139	0.00393	0.00286	0.00273	0.00508
13	0.00675	0.00517	0.00754	0.00814	0.05493	0.00554	0.02208	0.00794	0.00775	0.01078	0.01526	0.20094	0.01639	0.20080	0.37052	0.00477	0.02531	0.02256	0.00290	0.00393
14	0.01011	0.10651	0.07142	0.02535	0.03884	0.03565	0.02206	0.10126	0.03929	0.05771	0.21357	0.04779	0.12972	0.00743	0.00540	0.00144	0.05899	0.01828	0.00373	0.00545
15	0.00643	0.00437	0.00553	0.00589	0.00662	0.00402	0.00410	0.00759	0.00989	0.04530	0.21187	0.44372	0.12718	0.07293	0.00680	0.00186	0.00264	0.01042	0.01887	0.00394
16	0.00678	0.03037	0.00646	0.00578	0.00717	0.02638	0.00440	0.02538	0.02851	0.01542	0.39906	0.08362	0.31190	0.00997	0.00525	0.00148	0.00259	0.02074	0.00447	0.00428
17	0.01211	0.11822	0.11787	0.07438	0.06565	0.06762	0.02368	0.14612	0.01186	0.05156	0.00873	0.00996	0.00676	0.00423	0.00393	0.00112	0.00503	0.00331	0.00282	0.26504
18	0.01066	0.03412	0.09559	0.01304	0.16280	0.02784	0.09108	0.08083	0.01130	0.08990	0.05434	0.13115	0.09853	0.00703	0.00509	0.00147	0.02541	0.02277	0.00338	0.03368
19	0.07114	0.19324	0.06502	0.02803	0.06389	0.08411	0.03712	0.09215	0.11161	0.11782	0.01157	0.06915	0.00949	0.00540	0.00411	0.00132	0.00488	0.00429	0.00330	0.02239
20	0.02770	0.15420	0.28982	0.01052	0.03146	0.02758	0.03171	0.07902	0.05948	0.09809	0.05369	0.03334	0.02388	0.02630	0.00507	0.00145	0.03317	0.00424	0.00301	0.00629
21	0.02416	0.09408	0.04858	0.00839	0.01034	0.03287	0.02545	0.05970	0.05387	0.05534	0.05396	0.13116	0.03757	0.04083	0.16007	0.00270	0.07456	0.05277	0.00328	0.03033
22	0.02657	0.15417	0.19754	0.07785	0.05921	0.02609	0.03627	0.05802	0.06628	0.11004	0.04920	0.02143	0.00972	0.03093	0.00496	0.00143	0.02034	0.00408	0.01800	0.02784
23	0.04558	0.08927	0.17200	0.02790	0.09693	0.04673	0.08340	0.09753	0.02813	0.06506	0.07143	0.06545	0.01174	0.03119	0.00540	0.00152	0.03227	0.01937	0.00305	0.00603
24	0.04145	0.02055	0.05568	0.04839	0.05450	0.06380	0.03955	0.07502	0.03361	0.02676	0.03147	0.31167	0.02830	0.02596	0.00561	0.00165	0.02195	0.07444	0.00351	0.03613
25	0.02901	0.04136	0.12516	0.06330	0.11549	0.07398	0.03798	0.12019	0.02524	0.03141	0.08279	0.10057	0.07507	0.00669	0.00483	0.00144	0.01763	0.02129	0.00325	0.02332
26	0.03403	0.06996	0.03620	0.04337	0.13251	0.09543	0.02330	0.09110	0.04363	0.12242	0.04652	0.09953	0.02709	0.00623	0.00520	0.00140	0.06409	0.00503	0.00336	0.04958
27	0.05886	0.06492	0.09634	0.08157	0.08639	0.02603	0.02751	0.15472	0.07345	0.03330	0.04733	0.10311	0.01156	0.00728	0.03625	0.00167	0.05513	0.00504	0.00321	0.02632

[dist]
# distance from previous block
# <min> <max>
96	876

[block]
# block no. 1 follows, 57 sequences, length 19
# corresponding to MSA columns:
# 6262-6271,6276-6284
name=unknown_B
#
# <colnr> <probs for GDERKNQSTAVLIFYWHMCP>
#	G	D	E	R	K	N	Q	S	T	A	V	L	I	F	Y	W	H	M	C	P
0	0.04275	0.01099	0.11064	0.10149	0.10446	0.08396	0.02250	0.06563	0.06388	0.06803	0.05742	0.06275	0.07337	0.00697	0.00480	0.00152	0.00490	0.10484	0.00338	0.00570
1	0.03556	0.04218	0.11181	0.06150	0.13547	0.02955	0.02996	0.10230	0.04840	0.12970	0.02830	0.12201	0.07689	0.00674	0.00468	0.00147	0.00462	0.01923	0.00353	0.00611
2	0.01039	0.03012	0.03108	0.15674	0.17107	0.00914	0.05624	0.09923	0.01087	0.06925	0.01393	0.13259	0.03811	0.03974	0.03236	0.00184	0.04039	0.04813	0.00314	0.00565
3	0.04332	0.00762	0.00966	0.00782	0.01076	0.00709	0.00630	0.08164	0.05494	0.53754	0.04751	0.09820	0.05323	0.00685	0.00469	0.00146	0.00366	0.00568	0.00515	0.00688
4	0.01374	0.05453	0.05258	0.04196	0.14962	0.04539	0.11141	0.11148	0.08809	0.19184	0.01245	0.01300	0.02652	0.00497	0.00465	0.00136	0.01805	0.00432	0.00352	0.05050
5	0.09809	0.09800	0.34881	0.01312	0.09371	0.01114	0.09837	0.04688	0.04659	0.07303	0.00952	0.01122	0.00718	0.00456	0.00423	0.00140	0.00570	0.01933	0.00262	0.00650
6	0.00931	0.00744	0.00892	0.02684	0.01005	0.06239	0.04544	0.04858	0.01009	0.04498	0.01881	0.32142	0.03455	0.15341	0.06701	0.00269	0.03167	0.06836	0.00379	0.02426
7	0.48694	0.11916	0.01109	0.00819	0.04040	0.04643	0.00656	0.15981	0.01103	0.06260	0.00789	0.00861	0.00601	0.00448	0.00335	0.00133	0.00424	0.00294	0.00312	0.00580
8	0.00630	0.00466	0.00625	0.00676	0.00727	0.00480	0.00485	0.02487	0.00881	0.01198	0.05707	0.50895	0.03542	0.05898	0.16302	0.00299	0.03550	0.04385	0.00375	0.00389
9	0.00985	0.08375	0.00972	0.00775	0.02995	0.00828	0.00595	0.09112	0.18993	0.06387	0.27683	0.06960	0.11936	0.00789	0.00483	0.00143	0.00322	0.00668	0.00441	0.00559
10	0.00866	0.00611	0.00738	0.00653	0.00842	0.00561	0.00503	0.09128	0.01223	0.06803	0.32501	0.13901	0.12530	0.00879	0.00500	0.00139	0.00288	0.03246	0.00440	0.13650
11	0.03944	0.00602	0.03032	0.00588	0.00729	0.04180	0.00457	0.00797	0.01036	0.01340	0.16345	0.17826	0.39989	0.03077	0.00571	0.00164	0.00291	0.04219	0.00409	0.00406
12	0.01257	0.07621	0.09817	0.01016	0.03862	0.03037	0.04207	0.25565	0.05801	0.03126	0.00954	0.01038	0.00731	0.00449	0.00422	0.00114	0.01946	0.00352	0.00322	0.28365
13	0.02918	0.04351	0.12425	0.07011	0.17727	0.06658	0.08041	0.11334	0.04001	0.06872	0.01195	0.03413	0.05345	0.00535	0.00502	0.00142	0.04688	0.00448	0.00295	0.02101
14	0.05924	0.09279	0.24453	0.03059	0.10147	0.04224	0.05033	0.10602	0.02554	0.08357	0.07783	0.01309	0.01028	0.00504	0.00431	0.00136	0.00529	0.01725	0.00302	0.02620
15	0.04986	0.11824	0.31339	0.04485	0.10187	0.01132	0.15377	0.04401	0.03122	0.03258	0.00950	0.05224	0.00772	0.00476	0.00438	0.00141	0.00591	0.00424	0.00243	0.00631
16	0.00681	0.04280	0.00662	0.00614	0.00682	0.00508	0.00434	0.00767	0.00826	0.03109	0.06554	0.26647	0.06470	0.24188	0.17458	0.02536	0.00517	0.02360	0.00337	0.00371
17	0.01039	0.08479	0.26425	0.03700	0.09637	0.04697	0.04072	0.07824	0.02369	0.04989	0.02985	0.12753	0.04828	0.00653	0.00462	0.00146	0.00522	0.03522	0.00298	0.00598
18	0.05132	0.01305	0.10077	0.04975	0.18364	0.09454	0.17225	0.13673	0.03754	0.01658	0.00981	0.04186	0.00796	0.00492	0.00480	0.00142	0.02660	0.00442	0.03572	0.00630

[dist]
# distance from previous block
# <min> <max>
42	165

[block]
# block no. 2 follows, 57 sequences, length 26
# corresponding to MSA columns:
# 6497-6512,6516-6525
name=unknown_C
#
# <colnr> <probs for GDERKNQSTAVLIFYWHMCP>
#	G	D	E	R	K	N	Q	S	T	A	V	L	I	F	Y	W	H	M	C	P
0	0.02188	0.01042	0.14279	0.06080	0.16677	0.00833	0.02117	0.05800	0.07722	0.05659	0.09887	0.07791	0.12476	0.00672	0.00471	0.00143	0.00433	0.00581	0.00341	0.04808
1	0.05900	0.08741	0.19682	0.06425	0.09073	0.02645	0.02487	0.12952	0.03036	0.10697	0.06805	0.03480	0.01078	0.02207	0.01957	0.00155	0.00519	0.01210	0.00321	0.00629
2	0.01263	0.11731	0.14657	0.01212	0.05296	0.13684	0.12130	0.12345	0.01210	0.07296	0.02606	0.01395	0.05257	0.00577	0.01571	0.00146	0.03717	0.03001	0.00295	0.00613
3	0.00614	0.00452	0.00556	0.00602	0.00667	0.00431	0.00419	0.00763	0.04305	0.01259	0.13655	0.40941	0.13680	0.14056	0.00831	0.00214	0.00292	0.05474	0.00411	0.00382
4	0.01043	0.04322	0.09382	0.10705	0.27386	0.05927	0.03096	0.07394	0.04750	0.01543	0.11250	0.01641	0.07075	0.00606	0.01829	0.00149	0.00516	0.00487	0.00296	0.00607
5	0.01201	0.08218	0.17605	0.02635	0.13044	0.03908	0.08178	0.15008	0.05945	0.07409	0.07152	0.01450	0.05170	0.00534	0.00451	0.00138	0.00523	0.00455	0.00324	0.00651
6	0.02557	0.06012	0.11878	0.06253	0.08510	0.00850	0.04292	0.03192	0.03477	0.17133	0.05026	0.13219	0.05767	0.02272	0.00597	0.03527	0.03940	0.00580	0.00346	0.00574
7	0.07417	0.00751	0.00978	0.00768	0.01094	0.00663	0.00627	0.01980	0.01218	0.66515	0.01786	0.05864	0.03393	0.00604	0.00448	0.00140	0.00370	0.00492	0.00519	0.04375
8	0.01093	0.03215	0.05470	0.12247	0.42178	0.03330	0.06166	0.07350	0.03658	0.01510	0.02426	0.02758	0.00845	0.00625	0.05029	0.00172	0.00591	0.00434	0.00255	0.00648
9	0.02228	0.07333	0.13765	0.09251	0.34780	0.07858	0.02906	0.07420	0.03502	0.05382	0.00905	0.01083	0.00705	0.00441	0.00433	0.00135	0.00570	0.00379	0.00257	0.00667
10	0.00886	0.00750	0.01005	0.00960	0.04770	0.07692	0.10006	0.01011	0.00905	0.06234	0.01624	0.32457	0.01752	0.13746	0.07643	0.01875	0.05121	0.00789	0.00328	0.00446
11	0.50083	0.05125	0.04385	0.00813	0.02077	0.13885	0.00676	0.06499	0.00971	0.04364	0.00743	0.00864	0.00585	0.00577	0.03828	0.00161	0.03257	0.00291	0.00280	0.00535
12	0.00613	0.00438	0.00576	0.00644	0.00696	0.00426	0.00464	0.00715	0.00881	0.01171	0.05626	0.42542	0.06892	0.12946	0.07826	0.01523	0.00394	0.14874	0.00385	0.00368
13	0.00657	0.00454	0.00572	0.00621	0.00705	0.00411	0.00441	0.00758	0.00922	0.05020	0.02684	0.51710	0.16131	0.05894	0.00655	0.00188	0.00289	0.07437	0.00412	0.04038
14	0.00882	0.00519	0.00620	0.05159	0.00820	0.00503	0.00454	0.03308	0.00994	0.07144	0.05283	0.19960	0.01644	0.03114	0.00465	0.00137	0.00282	0.00629	0.40912	0.07173
15	0.00656	0.00471	0.00548	0.00533	0.00669	0.00412	0.00398	0.00804	0.01115	0.05909	0.29870	0.11849	0.42987	0.01068	0.00535	0.00152	0.00236	0.00916	0.00455	0.00418
16	0.01033	0.00842	0.00977	0.00705	0.01103	0.00671	0.00567	0.07609	0.01047	0.03728	0.00855	0.00968	0.00691	0.00359	0.00348	0.00075	0.00350	0.00285	0.00291	0.77495
17	0.03786	0.01777	0.45209	0.04233	0.15291	0.03385	0.03140	0.06966	0.06057	0.03067	0.00980	0.01113	0.02063	0.00461	0.00437	0.00142	0.00597	0.00379	0.00248	0.00668
18	0.01474	0.05260	0.08632	0.01173	0.06728	0.15530	0.02622	0.36291	0.08736	0.03946	0.04412	0.01179	0.00917	0.00523	0.00442	0.00134	0.00551	0.00404	0.00364	0.00683
19	0.01496	0.00981	0.06588	0.01068	0.04945	0.00872	0.09605	0.15250	0.04024	0.33235	0.05926	0.01753	0.01256	0.00595	0.00473	0.00145	0.00457	0.06310	0.04341	0.00681
20	0.00662	0.00479	0.00619	0.00620	0.00657	0.00519	0.00429	0.00735	0.00719	0.00988	0.01507	0.07117	0.03880	0.43616	0.28882	0.00495	0.04198	0.03258	0.00278	0.00341
21	0.05473	0.00541	0.00685	0.00689	0.04575	0.00497	0.03781	0.00825	0.01092	0.01487	0.29704	0.09511	0.37513	0.00985	0.00520	0.00150	0.00271	0.00851	0.00422	0.00428
22	0.04412	0.00980	0.04982	0.02806	0.05486	0.00897	0.00786	0.20730	0.02876	0.37849	0.04992	0.01382	0.01066	0.00533	0.00441	0.00133	0.00426	0.00429	0.00452	0.08343
23	0.04823	0.07232	0.01122	0.00880	0.01160	0.01132	0.00702	0.11600	0.51772	0.01891	0.01563	0.05366	0.01234	0.00598	0.00436	0.00142	0.00379	0.00487	0.00416	0.07067
24	0.01264	0.01052	0.01113	0.01009	0.05017	0.05599	0.00754	0.20114	0.39858	0.04128	0.01526	0.07584	0.01225	0.00618	0.00455	0.00142	0.00417	0.00509	0.00420	0.07196
25	0.01148	0.03300	0.00984	0.00867	0.04362	0.07789	0.00649	0.07224	0.06063	0.15341	0.21243	0.02133	0.06590	0.06336	0.05252	0.00195	0.06665	0.01422	0.00399	0.02038

[dist]
# distance from previous block
# <min> <max>
2	22

[block]
# block no. 3 follows, 57 sequences, length 19
# corresponding to MSA columns:
# 6548-6556,6562-6571
name=unknown_D
#
# <colnr> <probs for GDERKNQSTAVLIFYWHMCP>
#	G	D	E	R	K	N	Q	S	T	A	V	L	I	F	Y	W	H	M	C	P
0	0.21450	0.05638	0.04112	0.04689	0.14513	0.29060	0.06997	0.03997	0.01074	0.01478	0.00740	0.00908	0.00599	0.00444	0.00419	0.00132	0.02608	0.00328	0.00244	0.00569
1	0.00680	0.03317	0.00671	0.00602	0.00714	0.00515	0.00447	0.00934	0.07024	0.01620	0.52890	0.14674	0.07432	0.05699	0.00628	0.00165	0.00254	0.00842	0.00458	0.00435
2	0.00809	0.00590	0.00759	0.00785	0.06169	0.00579	0.00543	0.02491	0.11207	0.05866	0.45804	0.13143	0.07655	0.00901	0.00520	0.00149	0.00275	0.00794	0.00464	0.00497
3	0.00691	0.00486	0.00616	0.00606	0.00714	0.00458	0.00445	0.00924	0.05669	0.04547	0.48959	0.22963	0.09132	0.01032	0.00538	0.00154	0.00241	0.00913	0.00474	0.00439
4	0.00657	0.00442	0.00574	0.00605	0.00686	0.00404	0.00429	0.00789	0.01041	0.05575	0.28449	0.46182	0.10082	0.01189	0.00554	0.00165	0.00250	0.01062	0.00454	0.00410
5	0.00945	0.01009	0.11198	0.00762	0.01192	0.00687	0.00690	0.01241	0.04904	0.01492	0.00858	0.00979	0.00694	0.00362	0.00354	0.00081	0.00379	0.00289	0.00268	0.71614
6	0.01178	0.02795	0.01175	0.13348	0.10213	0.05307	0.00841	0.15343	0.19821	0.06861	0.09774	0.01784	0.08367	0.00618	0.00464	0.00143	0.00442	0.00515	0.00384	0.00625
7	0.01409	0.05874	0.04546	0.01000	0.03660	0.04013	0.00816	0.33287	0.18898	0.08545	0.04373	0.01410	0.01087	0.00624	0.02242	0.00149	0.00472	0.02191	0.00411	0.04995
8	0.00744	0.00643	0.01075	0.00938	0.01069	0.00721	0.12644	0.00933	0.00807	0.01157	0.05657	0.01736	0.01204	0.04143	0.56062	0.00552	0.08715	0.00507	0.00252	0.00443
9	0.00637	0.00468	0.00674	0.00687	0.00751	0.00525	0.00512	0.00768	0.00737	0.01044	0.01403	0.12335	0.01433	0.13139	0.62004	0.00623	0.00997	0.00609	0.00269	0.00384
10	0.01283	0.13248	0.22500	0.01258	0.05629	0.30560	0.06820	0.03092	0.05936	0.01318	0.00858	0.01044	0.00693	0.00470	0.00433	0.00130	0.01788	0.02101	0.00238	0.00600
11	0.01158	0.04241	0.16412	0.01669	0.25296	0.02858	0.12105	0.11585	0.04596	0.04886	0.01141	0.01298	0.04607	0.00592	0.03403	0.00162	0.02609	0.00438	0.00281	0.00661
12	0.00550	0.00401	0.00519	0.00614	0.00653	0.00369	0.00413	0.00633	0.00884	0.01163	0.02705	0.75920	0.10722	0.01393	0.00574	0.00181	0.00260	0.01255	0.00421	0.00369
13	0.00777	0.00588	0.00709	0.02804	0.00876	0.00602	0.00536	0.11202	0.07826	0.01477	0.04788	0.44804	0.11647	0.02281	0.01837	0.00183	0.00332	0.05850	0.00420	0.00460
14	0.05707	0.03139	0.04573	0.12879	0.12675	0.04151	0.03652	0.09019	0.12235	0.12029	0.01350	0.03336	0.02791	0.00601	0.00491	0.00150	0.02958	0.07295	0.00346	0.00623
15	0.01297	0.01310	0.04521	0.10928	0.18111	0.19246	0.04404	0.18095	0.03963	0.02759	0.01036	0.06665	0.00880	0.01984	0.00498	0.00144	0.01680	0.00451	0.01412	0.00617
16	0.03924	0.08320	0.28475	0.05901	0.09988	0.05591	0.01150	0.04670	0.05145	0.05108	0.01003	0.06258	0.00842	0.00662	0.03873	0.00169	0.07627	0.00422	0.00260	0.00611
17	0.03007	0.03938	0.06921	0.08433	0.07545	0.05566	0.11947	0.16289	0.07358	0.13355	0.03781	0.03542	0.05156	0.00556	0.00462	0.00142	0.00518	0.00483	0.00355	0.00643
18	0.00943	0.02225	0.18475	0.05273	0.02595	0.04109	0.02487	0.03480	0.07752	0.03830	0.04888	0.12473	0.01377	0.02154	0.00582	0.05848	0.00462	0.07188	0.00313	0.13547

[dist]
# distance from previous block
# <min> <max>
15	145

[block]
# block no. 4 follows, 57 sequences, length 6
# corresponding to MSA columns:
# 6809-6814
name=unknown_E
#
# <colnr> <probs for GDERKNQSTAVLIFYWHMCP>
#	G	D	E	R	K	N	Q	S	T	A	V	L	I	F	Y	W	H	M	C	P
0	0.02598	0.15422	0.01350	0.03928	0.01239	0.05388	0.07505	0.04210	0.12911	0.03925	0.10503	0.05351	0.04863	0.00658	0.00539	0.00141	0.07810	0.04677	0.00334	0.06648
1	0.17573	0.13219	0.09651	0.00890	0.01234	0.01179	0.00813	0.19841	0.15205	0.08187	0.01191	0.01395	0.00941	0.00552	0.00409	0.00141	0.00447	0.06124	0.00363	0.00644
2	0.20230	0.03872	0.05927	0.00768	0.00982	0.00812	0.02725	0.01171	0.04646	0.06214	0.13558	0.13214	0.08797	0.00773	0.00556	0.00153	0.09134	0.02501	0.00354	0.03612
3	0.04795	0.00749	0.00845	0.03667	0.07153	0.06822	0.00607	0.03254	0.00969	0.03412	0.05785	0.12719	0.12694	0.14891	0.03278	0.00214	0.04549	0.05116	0.00331	0.08150
4	0.01547	0.01124	0.01218	0.00980	0.01306	0.01244	0.00795	0.46420	0.28792	0.09546	0.01409	0.01334	0.01011	0.00570	0.00456	0.00142	0.00441	0.00448	0.00466	0.00752
5	0.00655	0.04722	0.00681	0.00650	0.00749	0.00513	0.00491	0.00845	0.04882	0.01347	0.16794	0.38564	0.13287	0.01177	0.00552	0.00170	0.00289	0.12792	0.00425	0.00416

[dist]
# distance from previous block
# <min> <max>
7	13

[block]
# block no. 5 follows, 57 sequences, length 21
# corresponding to MSA columns:
# 6829-6849
name=unknown_F
#
# <colnr> <probs for GDERKNQSTAVLIFYWHMCP>
#	G	D	E	R	K	N	Q	S	T	A	V	L	I	F	Y	W	H	M	C	P
0	0.01059	0.04458	0.04233	0.16038	0.19283	0.06354	0.02706	0.05476	0.01039	0.01437	0.00856	0.01116	0.00706	0.00498	0.02675	0.00131	0.00523	0.01584	0.00249	0.29580
1	0.01434	0.01516	0.14145	0.02415	0.08695	0.15778	0.01029	0.35708	0.02699	0.03139	0.02749	0.02801	0.00828	0.00538	0.00495	0.00138	0.04480	0.00404	0.00338	0.00672
2	0.00618	0.00481	0.00576	0.00623	0.00749	0.00440	0.00507	0.00772	0.01036	0.01291	0.05721	0.08388	0.43415	0.01197	0.00574	0.00177	0.00307	0.32310	0.00422	0.00397
3	0.00560	0.00461	0.00494	0.00497	0.00638	0.00395	0.00376	0.00692	0.01063	0.01310	0.14840	0.06223	0.64849	0.01129	0.00541	0.00155	0.00237	0.04718	0.00431	0.00390
4	0.01159	0.00853	0.01014	0.00768	0.01105	0.00770	0.00622	0.11943	0.01139	0.11666	0.03009	0.01280	0.05125	0.00487	0.00477	0.00103	0.07184	0.00371	0.00338	0.50588
5	0.01811	0.00763	0.01009	0.00794	0.01108	0.00687	0.00647	0.07957	0.01339	0.64369	0.08949	0.05691	0.01472	0.00635	0.00469	0.00142	0.00373	0.00526	0.00540	0.00720
6	0.00551	0.00427	0.00503	0.00553	0.00639	0.00378	0.00388	0.00654	0.00966	0.01230	0.08685	0.44407	0.36458	0.01270	0.00557	0.00168	0.00245	0.01115	0.00426	0.00378
7	0.01167	0.00993	0.01047	0.00930	0.01193	0.01146	0.00727	0.07575	0.75198	0.01960	0.01794	0.01650	0.01342	0.00610	0.00461	0.00153	0.00368	0.00505	0.00461	0.00721
8	0.01063	0.01203	0.02568	0.01851	0.02271	0.01166	0.73129	0.01422	0.01039	0.01422	0.00890	0.01203	0.00680	0.00416	0.00613	0.00157	0.07557	0.00523	0.00227	0.00602
9	0.01005	0.00845	0.00919	0.00833	0.01052	0.00951	0.00644	0.02016	0.60474	0.01876	0.21804	0.02118	0.02112	0.00693	0.00480	0.00151	0.00322	0.00590	0.00471	0.00644
10	0.00631	0.00464	0.00592	0.00573	0.00683	0.00426	0.00434	0.00829	0.01227	0.01700	0.64966	0.05615	0.13768	0.00985	0.00541	0.00149	0.00229	0.05286	0.00482	0.00420
11	0.00539	0.00459	0.00464	0.00463	0.00614	0.00384	0.00347	0.00658	0.01042	0.01245	0.07283	0.04326	0.78359	0.01140	0.00536	0.00153	0.00229	0.00952	0.00424	0.00384
12	0.87276	0.00876	0.00666	0.00596	0.00876	0.01017	0.00491	0.01332	0.00771	0.02033	0.00631	0.00736	0.00491	0.00421	0.00280	0.00140	0.00351	0.00245	0.00280	0.00491
13	0.00932	0.05023	0.72535	0.01325	0.01968	0.01085	0.08062	0.01434	0.00965	0.01424	0.00816	0.00971	0.00584	0.00425	0.00434	0.00143	0.00671	0.00348	0.00195	0.00662
14	0.00649	0.00481	0.00703	0.00703	0.00775	0.00553	0.00535	0.00793	0.00721	0.01033	0.01237	0.01908	0.01188	0.12118	0.73636	0.00697	0.01130	0.00504	0.00246	0.00391
15	0.00563	0.00404	0.00534	0.00619	0.00659	0.00376	0.00420	0.00659	0.00922	0.01239	0.12115	0.72112	0.04991	0.01353	0.00572	0.00178	0.00256	0.01223	0.00430	0.00376
16	0.00695	0.00519	0.00704	0.00683	0.00721	0.00599	0.00493	0.00773	0.00692	0.00979	0.01211	0.02132	0.01257	0.33887	0.39679	0.04113	0.09720	0.00538	0.00248	0.00356
17	0.01122	0.01077	0.01839	0.02781	0.81248	0.01077	0.01391	0.01391	0.01032	0.01480	0.00852	0.01122	0.00718	0.00404	0.00449	0.00135	0.00538	0.00404	0.00224	0.00718
18	0.00676	0.00527	0.00783	0.00766	0.00840	0.00634	0.00601	0.00832	0.00725	0.01055	0.01163	0.01715	0.01089	0.03184	0.75626	0.00685	0.07970	0.00478	0.00239	0.00412
19	0.00702	0.00550	0.00783	0.00760	0.00835	0.00657	0.00588	0.00898	0.04482	0.01081	0.01205	0.01800	0.01138	0.09534	0.64692	0.00630	0.08502	0.00493	0.00252	0.00417
20	0.02926	0.01045	0.01429	0.52529	0.02537	0.12643	0.09349	0.01284	0.00978	0.01233	0.00798	0.01116	0.00614	0.00435	0.00439	0.00138	0.00619	0.00384	0.00217	0.09287

[dist]
# distance from previous block
# <min> <max>
1	10

[block]
# block no. 6 follows, 57 sequences, length 28
# corresponding to MSA columns:
# 6861-6888
name=unknown_G
#
# <colnr> <probs for GDERKNQSTAVLIFYWHMCP>
#	G	D	E	R	K	N	Q	S	T	A	V	L	I	F	Y	W	H	M	C	P
0	0.04107	0.13929	0.35492	0.02541	0.13481	0.03990	0.01245	0.09074	0.02270	0.06012	0.00901	0.01056	0.00687	0.00453	0.00413	0.00133	0.00570	0.01488	0.00256	0.01903
1	0.04525	0.03496	0.01274	0.02644	0.01349	0.08384	0.03658	0.38107	0.17793	0.04487	0.03044	0.02526	0.00978	0.00547	0.00441	0.00135	0.00482	0.00430	0.00403	0.05298
2	0.00844	0.00787	0.01322	0.78172	0.02986	0.00981	0.01218	0.01137	0.00896	0.01152	0.00829	0.01242	0.00635	0.00625	0.05242	0.00185	0.00640	0.00408	0.00204	0.00498
3	0.00991	0.00991	0.01388	0.01190	0.01190	0.01388	0.00991	0.01091	0.00694	0.01091	0.00595	0.00991	0.00595	0.00793	0.01487	0.00198	0.83246	0.00397	0.00198	0.00496
4	0.00962	0.02246	0.71909	0.03230	0.05187	0.05805	0.01606	0.01449	0.00978	0.01411	0.00808	0.00961	0.00581	0.00432	0.00430	0.00142	0.00671	0.00337	0.00195	0.00659
5	0.00864	0.00813	0.01373	0.80615	0.05430	0.01009	0.01262	0.01165	0.00910	0.01167	0.00807	0.01206	0.00607	0.00452	0.00453	0.00151	0.00602	0.00403	0.00202	0.00510
6	0.00648	0.00481	0.00706	0.00706	0.00779	0.00554	0.00539	0.00795	0.00722	0.01036	0.01234	0.01892	0.01181	0.11001	0.74743	0.00701	0.01141	0.00502	0.00246	0.00392
7	0.00662	0.00443	0.00504	0.00508	0.00512	0.00443	0.00293	0.00670	0.00675	0.00898	0.01467	0.03053	0.01687	0.80699	0.02238	0.00430	0.00438	0.03820	0.00280	0.00280
8	0.00787	0.00394	0.00590	0.00590	0.00590	0.00394	0.00394	0.00590	0.00590	0.00787	0.00787	0.01377	0.00787	0.01574	0.01771	0.86816	0.00394	0.00394	0.00197	0.00197
9	0.00587	0.00461	0.00531	0.00513	0.00644	0.00405	0.00385	0.00751	0.01155	0.01514	0.41989	0.03883	0.43485	0.01039	0.00535	0.00148	0.00222	0.00889	0.00459	0.00405
10	0.00991	0.00991	0.01388	0.01190	0.01190	0.01388	0.00991	0.01091	0.00694	0.01091	0.00595	0.00991	0.00595	0.00793	0.01487	0.00198	0.83246	0.00397	0.00198	0.00496
11	0.00940	0.00805	0.00940	0.00671	0.01074	0.00604	0.00537	0.01141	0.00940	0.01477	0.00805	0.00940	0.00671	0.00336	0.00336	0.00067	0.00336	0.00268	0.00268	0.86845
12	0.00648	0.00484	0.00720	0.00720	0.00798	0.00562	0.00556	0.00804	0.00726	0.01046	0.01222	0.01823	0.01152	0.06342	0.79362	0.00718	0.01185	0.00492	0.00244	0.00400
13	0.01428	0.01156	0.01192	0.00988	0.01293	0.04176	0.00791	0.38847	0.40666	0.02320	0.01447	0.01375	0.01066	0.00576	0.00456	0.00144	0.00441	0.00455	0.00449	0.00735
14	0.00627	0.00448	0.00612	0.00716	0.00775	0.00433	0.00551	0.00760	0.00941	0.01240	0.02456	0.50741	0.02834	0.01349	0.00598	0.00194	0.00328	0.33588	0.00419	0.00389
15	0.01127	0.00973	0.01025	0.00922	0.01178	0.01127	0.00717	0.02408	0.80430	0.01896	0.01844	0.01691	0.01383	0.00615	0.00461	0.00154	0.00359	0.00512	0.00461	0.00717
16	0.00552	0.00394	0.00526	0.00631	0.00657	0.00368	0.00421	0.00631	0.00868	0.01157	0.02498	0.83779	0.02997	0.01420	0.00578	0.00184	0.00263	0.01288	0.00421	0.00368
17	0.00647	0.00485	0.00728	0.00728	0.00809	0.00566	0.00566	0.00809	0.00728	0.01052	0.01214	0.01780	0.01133	0.03398	0.82279	0.00728	0.01214	0.00485	0.00243	0.00405
18	0.00787	0.00394	0.00590	0.00590	0.00590	0.00394	0.00394	0.00590	0.00590	0.00787	0.00787	0.01377	0.00787	0.01574	0.01771	0.86816	0.00394	0.00394	0.00197	0.00197
19	0.01650	0.01210	0.01294	0.01003	0.01347	0.01339	0.00825	0.72350	0.05063	0.02753	0.01139	0.01145	0.00816	0.00546	0.00446	0.00135	0.00477	0.00413	0.05299	0.00749
20	0.01176	0.09825	0.15064	0.00991	0.02906	0.04636	0.00894	0.14617	0.23042	0.04267	0.06261	0.05751	0.01217	0.00588	0.00463	0.00138	0.02375	0.00469	0.00359	0.04961
21	0.01398	0.03403	0.01303	0.05983	0.10554	0.13322	0.00880	0.31668	0.12903	0.03810	0.03459	0.01396	0.05546	0.00566	0.00465	0.00138	0.01727	0.00444	0.00372	0.00664
22	0.01693	0.02160	0.01284	0.01167	0.01401	0.82256	0.00876	0.01809	0.01284	0.01109	0.00700	0.00817	0.00584	0.00467	0.00409	0.00117	0.00817	0.00292	0.00233	0.00525
23	0.00940	0.00805	0.00940	0.00671	0.01074	0.00604	0.00537	0.01141	0.00940	0.01477	0.00805	0.00940	0.00671	0.00336	0.00336	0.00067	0.00336	0.00268	0.00268	0.86845
24	0.00909	0.00642	0.00808	0.00776	0.05528	0.00627	0.00557	0.13165	0.01377	0.06616	0.52197	0.02878	0.10433	0.00835	0.00512	0.00142	0.00288	0.00723	0.00472	0.00514
25	0.02978	0.00619	0.05452	0.00889	0.08041	0.00527	0.00633	0.00877	0.00951	0.03825	0.08241	0.47025	0.02535	0.03207	0.00593	0.00181	0.00341	0.12251	0.00392	0.00443
26	0.16352	0.22891	0.15034	0.00932	0.02543	0.01279	0.00891	0.17077	0.05146	0.07295	0.00902	0.00965	0.00685	0.00464	0.00400	0.00128	0.02645	0.00327	0.00302	0.03740
27	0.06107	0.11178	0.02814	0.01025	0.01281	0.52248	0.00808	0.09018	0.01253	0.01334	0.03293	0.01037	0.00774	0.05370	0.00508	0.00138	0.00680	0.00334	0.00262	0.00538

[dist]
# distance from previous block
# <min> <max>
2	9

[block]
# block no. 7 follows, 57 sequences, length 22
# corresponding to MSA columns:
# 6898,6900-6920
name=unknown_H
#
# <colnr> <probs for GDERKNQSTAVLIFYWHMCP>
#	G	D	E	R	K	N	Q	S	T	A	V	L	I	F	Y	W	H	M	C	P
0	0.05292	0.10000	0.11078	0.10065	0.04532	0.19612	0.05894	0.12086	0.06985	0.05768	0.00925	0.01044	0.00705	0.00476	0.00445	0.00133	0.02604	0.00364	0.00285	0.01708
1	0.01233	0.04183	0.01168	0.05454	0.01268	0.25808	0.00793	0.09178	0.09471	0.03201	0.08384	0.03337	0.08464	0.00670	0.00636	0.00146	0.15257	0.00482	0.00321	0.00545
2	0.01111	0.01055	0.01790	0.14330	0.61515	0.01087	0.05558	0.05385	0.01072	0.01502	0.00861	0.01138	0.00702	0.00417	0.00454	0.00138	0.00558	0.00411	0.00233	0.00683
3	0.01190	0.00898	0.00976	0.00852	0.01110	0.00987	0.00670	0.09606	0.51657	0.10284	0.06230	0.01998	0.10185	0.00677	0.00472	0.00150	0.00353	0.00561	0.00468	0.00676
4	0.01017	0.00970	0.01650	0.34322	0.50525	0.01049	0.01339	0.01299	0.00982	0.01354	0.00834	0.01156	0.00673	0.00423	0.00450	0.00141	0.00564	0.00403	0.00215	0.00633
5	0.29702	0.00786	0.00863	0.00702	0.01000	0.00785	0.00575	0.05351	0.01122	0.42267	0.01340	0.01276	0.00904	0.00510	0.00381	0.00136	0.00358	0.00381	0.10923	0.00637
6	0.01264	0.00599	0.00786	0.00682	0.00898	0.00532	0.00542	0.01437	0.01198	0.37667	0.21511	0.09072	0.11684	0.00836	0.00501	0.00149	0.00312	0.06225	0.03535	0.00572
7	0.05370	0.00877	0.01081	0.00826	0.01183	0.00817	0.00680	0.17145	0.01391	0.52457	0.01475	0.01342	0.00968	0.00522	0.00432	0.00130	0.00400	0.00413	0.00490	0.12001
8	0.00536	0.00459	0.00459	0.00459	0.00612	0.00383	0.00344	0.00650	0.01033	0.01224	0.04590	0.04361	0.81065	0.01148	0.00536	0.00153	0.00230	0.00956	0.00421	0.00383
9	0.00633	0.00503	0.02153	0.00631	0.00728	0.00455	0.00472	0.00849	0.05489	0.01476	0.33268	0.35736	0.10051	0.01132	0.00550	0.00164	0.00261	0.04581	0.00449	0.00420
10	0.44868	0.08496	0.01102	0.04097	0.05273	0.08378	0.00701	0.15208	0.01114	0.05913	0.00793	0.00883	0.00604	0.00451	0.00347	0.00134	0.00451	0.00303	0.00307	0.00577
11	0.00635	0.00463	0.00597	0.00563	0.00673	0.00425	0.00422	0.00843	0.01267	0.01781	0.76324	0.03445	0.08984	0.00940	0.00535	0.00143	0.00215	0.00828	0.00494	0.00425
12	0.00990	0.14112	0.44336	0.12713	0.01932	0.01150	0.06474	0.06107	0.01025	0.01425	0.02173	0.03937	0.00744	0.00474	0.00428	0.00139	0.00607	0.00390	0.00225	0.00621
13	0.01537	0.01142	0.01297	0.01006	0.01337	0.01243	0.04416	0.61942	0.04699	0.03690	0.07952	0.01392	0.02523	0.00582	0.00462	0.00137	0.00467	0.00463	0.02997	0.00715
14	0.00642	0.00546	0.04314	0.00586	0.00714	0.00451	0.00464	0.00841	0.01185	0.01651	0.61586	0.04656	0.12061	0.07523	0.00671	0.00168	0.00255	0.00807	0.00457	0.00421
15	0.01097	0.29178	0.22774	0.00919	0.01321	0.10609	0.00947	0.04010	0.01063	0.02485	0.08820	0.01328	0.06067	0.00513	0.00392	0.00119	0.00517	0.00385	0.00262	0.07194
16	0.01211	0.84348	0.02374	0.00775	0.01163	0.01793	0.00775	0.01357	0.00921	0.01066	0.00630	0.00727	0.00582	0.00388	0.00291	0.00097	0.00485	0.00242	0.00194	0.00582
17	0.01425	0.08113	0.01346	0.01156	0.08678	0.36865	0.00836	0.13111	0.03951	0.01494	0.00857	0.02428	0.00710	0.00464	0.00401	0.00113	0.00602	0.00336	0.00280	0.16835
18	0.01572	0.01907	0.01258	0.07614	0.01503	0.66247	0.00884	0.05107	0.04381	0.01228	0.00793	0.00927	0.00645	0.00530	0.01910	0.00133	0.00765	0.00320	0.01740	0.00538
19	0.01009	0.00808	0.00949	0.00715	0.01085	0.00655	0.00579	0.04604	0.04133	0.04829	0.01025	0.01331	0.00875	0.00437	0.00374	0.00088	0.00352	0.06466	0.00308	0.69379
20	0.04115	0.00690	0.07111	0.00745	0.00874	0.00634	0.00604	0.04131	0.04952	0.01267	0.01756	0.30063	0.04931	0.09132	0.22949	0.00346	0.04160	0.00769	0.00329	0.00439
21	0.07792	0.00850	0.01078	0.00780	0.01178	0.00687	0.07839	0.01185	0.00938	0.01518	0.00802	0.00950	0.00658	0.00347	0.00350	0.00081	0.00376	0.00291	0.00266	0.72036

[dist]
# distance from previous block
# <min> <max>
0	3

[block]
# block no. 8 follows, 57 sequences, length 10
# corresponding to MSA columns:
# 6924-6933
name=unknown_I
#
# <colnr> <probs for GDERKNQSTAVLIFYWHMCP>
#	G	D	E	R	K	N	Q	S	T	A	V	L	I	F	Y	W	H	M	C	P
0	0.82055	0.00888	0.00737	0.00728	0.05746	0.01020	0.00545	0.01336	0.00787	0.02000	0.00644	0.00759	0.00504	0.00420	0.00291	0.00140	0.00362	0.00255	0.00277	0.00504
1	0.00597	0.00444	0.00562	0.00645	0.00696	0.00429	0.00440	0.00772	0.07161	0.01219	0.02559	0.73022	0.07071	0.01341	0.00567	0.00180	0.00269	0.01209	0.00424	0.00396
2	0.00680	0.00530	0.00775	0.00756	0.00824	0.00635	0.00587	0.00826	0.00721	0.01044	0.01169	0.01783	0.01116	0.08413	0.69461	0.00660	0.08884	0.00488	0.00241	0.00405
3	0.01067	0.01132	0.01256	0.01095	0.01176	0.18274	0.04179	0.01184	0.00837	0.01088	0.00785	0.01229	0.00755	0.07331	0.13256	0.00276	0.43972	0.00413	0.00219	0.00477
4	0.01096	0.01051	0.01793	0.10437	0.73791	0.01070	0.01378	0.01368	0.01020	0.01450	0.00848	0.01130	0.00707	0.00408	0.00449	0.00136	0.00545	0.00404	0.00222	0.00697
5	0.01552	0.01148	0.01225	0.00960	0.01288	0.01262	0.00786	0.65126	0.06774	0.02614	0.01429	0.01411	0.07168	0.00595	0.00454	0.00137	0.00456	0.00458	0.04436	0.00721
6	0.00539	0.00445	0.00474	0.00497	0.00622	0.00379	0.00361	0.00646	0.00997	0.01209	0.04130	0.21815	0.63907	0.01207	0.00545	0.00160	0.00237	0.01029	0.00421	0.00379
7	0.00600	0.00463	0.00551	0.00547	0.00669	0.00413	0.00415	0.00767	0.01144	0.01509	0.40200	0.07313	0.35855	0.01063	0.00544	0.00154	0.00238	0.06692	0.00457	0.00406
8	0.00589	0.00461	0.00533	0.00515	0.00645	0.00405	0.00386	0.00754	0.01159	0.01523	0.43155	0.03868	0.42313	0.01036	0.00535	0.00148	0.00222	0.00887	0.00460	0.00405
9	0.04172	0.00930	0.01316	0.06741	0.21185	0.01052	0.05038	0.01520	0.23931	0.01492	0.01457	0.06071	0.07015	0.00649	0.00649	0.00158	0.15177	0.00525	0.00315	0.00606

[dist]
# distance from previous block
# <min> <max>
2	5

[block]
# block no. 9 follows, 57 sequences, length 36
# corresponding to MSA columns:
# 6939-6974
name=unknown_J
#
# <colnr> <probs for GDERKNQSTAVLIFYWHMCP>
#	G	D	E	R	K	N	Q	S	T	A	V	L	I	F	Y	W	H	M	C	P
0	0.15391	0.14265	0.11586	0.00977	0.03762	0.06652	0.00859	0.15245	0.18113	0.05478	0.01097	0.02845	0.00850	0.00510	0.00398	0.00135	0.00477	0.00381	0.00335	0.00644
1	0.00970	0.00922	0.01566	0.48362	0.36849	0.01037	0.01316	0.01258	0.00960	0.01297	0.00826	0.01171	0.00653	0.00432	0.00451	0.00144	0.00576	0.00403	0.00211	0.00596
2	0.01371	0.06759	0.05303	0.01013	0.03691	0.16683	0.00814	0.26058	0.14864	0.03555	0.04242	0.01362	0.02590	0.04880	0.00529	0.00146	0.00515	0.00423	0.00360	0.04842
3	0.00580	0.00454	0.00525	0.00521	0.00643	0.00399	0.00386	0.00731	0.01118	0.01457	0.35321	0.11856	0.42221	0.01085	0.00539	0.00152	0.00226	0.00934	0.00452	0.00399
4	0.01062	0.01015	0.01722	0.15058	0.66665	0.01044	0.01337	0.01331	0.01012	0.01423	0.00964	0.01237	0.03245	0.00435	0.00452	0.00138	0.00539	0.00421	0.00227	0.00674
5	0.00580	0.00449	0.00480	0.00484	0.00579	0.00402	0.00329	0.00660	0.00913	0.01133	0.06548	0.08227	0.48101	0.27861	0.01108	0.00246	0.00298	0.00873	0.00377	0.00349
6	0.01162	0.00966	0.01026	0.00918	0.01177	0.01109	0.00715	0.02400	0.77397	0.04949	0.01842	0.01685	0.01373	0.00613	0.00461	0.00153	0.00360	0.00510	0.00465	0.00719
7	0.00845	0.00422	0.00422	0.00422	0.00528	0.00422	0.00317	0.01056	0.00950	0.01689	0.01478	0.01689	0.01161	0.00528	0.00317	0.00106	0.00211	0.00422	0.86591	0.00422
8	0.02933	0.00830	0.00984	0.00727	0.01104	0.00690	0.00587	0.08290	0.01124	0.17850	0.03463	0.01145	0.00877	0.00419	0.00375	0.00092	0.00357	0.00335	0.00351	0.57466
9	0.01249	0.07960	0.01197	0.00942	0.01221	0.06751	0.00751	0.12227	0.58412	0.01897	0.01569	0.01474	0.01184	0.00577	0.00442	0.00144	0.00418	0.00462	0.00423	0.00700
10	0.00898	0.00861	0.01503	0.64199	0.11335	0.01008	0.08148	0.01200	0.00939	0.01226	0.00880	0.01346	0.00698	0.00471	0.00466	0.00152	0.00604	0.03318	0.00214	0.00533
11	0.01068	0.01284	0.09098	0.05630	0.04548	0.01149	0.60888	0.04247	0.01073	0.01472	0.00893	0.01182	0.00674	0.00414	0.00558	0.00153	0.04325	0.00497	0.00231	0.00615
12	0.00855	0.00798	0.01301	0.74995	0.02907	0.00985	0.01189	0.01200	0.05046	0.01199	0.01030	0.01375	0.04276	0.00493	0.00457	0.00151	0.00574	0.00433	0.00225	0.00509
13	0.00991	0.00991	0.01388	0.01190	0.01190	0.01388	0.00991	0.01091	0.00694	0.01091	0.00595	0.00991	0.00595	0.00793	0.01487	0.00198	0.83246	0.00397	0.00198	0.00496
14	0.01551	0.08742	0.01426	0.01327	0.11375	0.62865	0.00927	0.01692	0.01215	0.01160	0.00767	0.00984	0.00664	0.00477	0.00411	0.00120	0.00742	0.02769	0.00235	0.00551
15	0.00577	0.00468	0.00513	0.00507	0.00644	0.00410	0.00378	0.00741	0.02776	0.01392	0.24683	0.08174	0.54956	0.01092	0.00536	0.00152	0.00230	0.00928	0.00442	0.00401
16	0.00787	0.00394	0.00590	0.00590	0.00590	0.00394	0.00394	0.00590	0.00590	0.00787	0.00787	0.01377	0.00787	0.01574	0.01771	0.86816	0.00394	0.00394	0.00197	0.00197
17	0.00635	0.00454	0.00614	0.00632	0.00676	0.00490	0.00442	0.00728	0.00728	0.01010	0.01501	0.15826	0.01620	0.30797	0.41205	0.00538	0.00789	0.00679	0.00283	0.00354
18	0.01589	0.01948	0.01297	0.11416	0.01617	0.68264	0.00923	0.05398	0.01277	0.01197	0.00732	0.00879	0.00595	0.00469	0.00416	0.00122	0.00775	0.00311	0.00240	0.00534
19	0.01806	0.01089	0.01243	0.00958	0.01312	0.01144	0.00790	0.50549	0.04739	0.29553	0.01354	0.01265	0.00912	0.00552	0.00454	0.00138	0.00455	0.00428	0.00490	0.00769
20	0.00555	0.00400	0.00528	0.00629	0.00662	0.00372	0.00425	0.00639	0.00878	0.01164	0.02577	0.78899	0.06029	0.01405	0.00578	0.00183	0.00265	0.03023	0.00421	0.00370
21	0.00948	0.00873	0.01432	0.56149	0.21130	0.01014	0.01229	0.05272	0.00997	0.01321	0.00911	0.05071	0.00752	0.00492	0.00458	0.00148	0.00567	0.00445	0.00230	0.00561
22	0.00664	0.00508	0.00755	0.00746	0.00821	0.00603	0.00581	0.00820	0.00725	0.01051	0.01189	0.01765	0.01117	0.04774	0.76989	0.00698	0.05063	0.00485	0.00241	0.00406
23	0.00561	0.00401	0.00536	0.00641	0.00672	0.00376	0.00436	0.00647	0.00877	0.01167	0.02492	0.79763	0.02977	0.01411	0.00581	0.00185	0.00271	0.05215	0.00420	0.00371
24	0.00615	0.00596	0.05358	0.00693	0.00840	0.00475	0.05817	0.00770	0.00992	0.01290	0.11318	0.35233	0.30376	0.01141	0.00548	0.00165	0.00307	0.02650	0.00403	0.00414
25	0.01279	0.03991	0.12689	0.01554	0.07546	0.24500	0.30804	0.02543	0.01115	0.04626	0.00851	0.01049	0.00656	0.00443	0.00510	0.00140	0.04452	0.00409	0.00239	0.00604
26	0.01041	0.00858	0.01331	0.67502	0.04983	0.03902	0.01174	0.01319	0.00972	0.11243	0.00926	0.01233	0.00671	0.00466	0.00452	0.00148	0.00583	0.00405	0.00248	0.00544
27	0.01711	0.04004	0.01308	0.01050	0.01356	0.33287	0.00834	0.33791	0.04788	0.11939	0.01039	0.01051	0.00760	0.00514	0.00431	0.00128	0.00604	0.00367	0.00372	0.00666
28	0.04952	0.00798	0.00830	0.00836	0.02915	0.09130	0.00645	0.03428	0.10740	0.01479	0.12064	0.10173	0.13895	0.00944	0.00578	0.00166	0.05179	0.20373	0.00392	0.00482
29	0.01278	0.38089	0.14314	0.00967	0.01350	0.12306	0.01991	0.11304	0.05278	0.03095	0.03720	0.00996	0.00792	0.00468	0.00399	0.00120	0.02323	0.00331	0.00264	0.00615
30	0.35383	0.12770	0.12001	0.00997	0.08229	0.04200	0.00838	0.13731	0.01098	0.01855	0.04535	0.00982	0.00760	0.00461	0.00361	0.00133	0.00463	0.00325	0.00287	0.00590
31	0.03317	0.00588	0.03009	0.00678	0.03060	0.00520	0.00498	0.03649	0.00986	0.03535	0.05726	0.28519	0.30284	0.02811	0.00637	0.04074	0.02343	0.00889	0.00386	0.04490
32	0.03450	0.14582	0.05882	0.00953	0.02286	0.27281	0.00787	0.05024	0.09810	0.08090	0.08853	0.06047	0.01224	0.00573	0.00420	0.00128	0.00535	0.00438	0.00325	0.03312
33	0.00785	0.09516	0.06225	0.00716	0.00850	0.06027	0.00579	0.00908	0.00910	0.01179	0.10621	0.23033	0.05510	0.18490	0.03531	0.02072	0.03419	0.04887	0.00329	0.00413
34	0.15146	0.43994	0.13919	0.00940	0.03512	0.06328	0.03277	0.01444	0.00953	0.05809	0.00742	0.00840	0.00603	0.00414	0.00338	0.00117	0.00515	0.00285	0.00232	0.00592
35	0.10115	0.35684	0.14424	0.04410	0.01356	0.06677	0.03212	0.04204	0.02845	0.03764	0.00937	0.08771	0.00847	0.00520	0.00376	0.00126	0.00509	0.00394	0.00255	0.00575

[dist]
# distance from previous block
# <min> <max>
10	106

# created by:
# /st0/software/busco_prod/Augustus/scripts/msa2prfl.pl ./align_prep/4466.fa
