[name]
unknown

[dist]
# distance from previous block
# <min> <max>
0	261

[block]
# block no. 0 follows, 74 sequences, length 35
# corresponding to MSA columns:
# 360-394
name=unknown_A
#
# <colnr> <probs for GDERKNQSTAVLIFYWHMCP>
#	G	D	E	R	K	N	Q	S	T	A	V	L	I	F	Y	W	H	M	C	P
0	0.00728	0.00630	0.02081	0.01540	0.00841	0.02842	0.00468	0.00874	0.00764	0.02499	0.00989	0.13939	0.00978	0.03044	0.03186	0.00109	0.01585	0.05881	0.00247	0.56776
1	0.00532	0.00392	0.00569	0.00569	0.00626	0.00449	0.00430	0.00645	0.00588	0.00841	0.01020	0.01598	0.00989	0.14920	0.73431	0.00562	0.00903	0.00418	0.00203	0.00316
2	0.02823	0.00823	0.01000	0.03419	0.02936	0.01779	0.02934	0.38276	0.01317	0.32746	0.01162	0.07198	0.00857	0.00491	0.00378	0.00116	0.00371	0.00400	0.00382	0.00590
3	0.01056	0.21457	0.19899	0.02924	0.12650	0.03775	0.02064	0.12959	0.04661	0.11466	0.00838	0.03217	0.00651	0.00397	0.00338	0.00107	0.00433	0.00315	0.00245	0.00546
4	0.00471	0.00344	0.00445	0.00501	0.00549	0.00318	0.00351	0.00564	0.00794	0.01060	0.17219	0.58569	0.11311	0.01059	0.00465	0.00143	0.00211	0.04954	0.00356	0.00314
5	0.00898	0.00516	0.00573	0.00514	0.00665	0.00532	0.00400	0.03107	0.20590	0.14358	0.08856	0.01480	0.01213	0.00483	0.00324	0.00104	0.00229	0.00397	0.44307	0.00454
6	0.01142	0.13473	0.21413	0.02448	0.04474	0.21305	0.03732	0.12096	0.02382	0.11381	0.02274	0.00864	0.00622	0.00388	0.00343	0.00106	0.00496	0.00293	0.00241	0.00525
7	0.00538	0.00412	0.00498	0.00488	0.00584	0.00394	0.00361	0.00768	0.09469	0.01312	0.46802	0.17219	0.18084	0.00836	0.00438	0.00125	0.00197	0.00732	0.00383	0.00359
8	0.00547	0.00360	0.00416	0.00423	0.00437	0.00361	0.00256	0.00577	0.00581	0.00807	0.01243	0.08102	0.01389	0.67780	0.05730	0.00330	0.00365	0.02419	0.07628	0.00248
9	0.00886	0.10619	0.51186	0.01075	0.01522	0.11978	0.13817	0.02662	0.00847	0.01132	0.00655	0.00785	0.00489	0.00348	0.00352	0.00112	0.00558	0.00288	0.00170	0.00520
10	0.00891	0.01158	0.29181	0.04016	0.26174	0.02035	0.05318	0.03072	0.03913	0.08913	0.10759	0.01145	0.00941	0.00411	0.00375	0.00115	0.00442	0.00364	0.00238	0.00539
11	0.00452	0.00363	0.00403	0.00421	0.00516	0.00314	0.00305	0.00547	0.00834	0.01042	0.12155	0.24330	0.55064	0.00976	0.00447	0.00131	0.00193	0.00839	0.00352	0.00314
12	0.00750	0.03820	0.83181	0.01049	0.01592	0.00876	0.01355	0.01174	0.00783	0.01169	0.00663	0.00779	0.00470	0.00352	0.00350	0.00117	0.00545	0.00273	0.00157	0.00547
13	0.10707	0.02048	0.05628	0.01057	0.09726	0.18086	0.12557	0.13656	0.02826	0.14730	0.01945	0.00917	0.00641	0.00400	0.00386	0.00113	0.03461	0.00323	0.00268	0.00524
14	0.00810	0.01248	0.36981	0.00857	0.01206	0.00851	0.00901	0.01521	0.41916	0.01349	0.01319	0.01293	0.07176	0.00472	0.00372	0.00122	0.00395	0.00385	0.00280	0.00550
15	0.01255	0.00952	0.01029	0.00793	0.01087	0.01019	0.00649	0.61383	0.09992	0.02071	0.00916	0.00921	0.00669	0.00423	0.00356	0.00104	0.00375	0.00324	0.00347	0.15336
16	0.15487	0.00953	0.01060	0.00960	0.11187	0.01043	0.00703	0.56985	0.01430	0.05398	0.00831	0.00863	0.00601	0.00416	0.00348	0.00112	0.00389	0.00314	0.00329	0.00589
17	0.00701	0.00660	0.01113	0.86063	0.02556	0.00825	0.01031	0.00948	0.00742	0.00948	0.00660	0.00990	0.00495	0.00371	0.00371	0.00124	0.00495	0.00330	0.00165	0.00412
18	0.00452	0.00323	0.00431	0.00517	0.00538	0.00301	0.00345	0.00517	0.00711	0.00948	0.02046	0.86713	0.02455	0.01163	0.00474	0.00151	0.00215	0.01055	0.00345	0.00301
19	0.01104	0.01016	0.13166	0.01485	0.34792	0.00865	0.08791	0.14056	0.02927	0.16779	0.00888	0.00977	0.00649	0.00378	0.00374	0.00114	0.00442	0.00343	0.00265	0.00589
20	0.00625	0.00617	0.00573	0.00627	0.07608	0.12435	0.00426	0.00735	0.00874	0.01021	0.02922	0.02906	0.60402	0.00800	0.00416	0.00121	0.00283	0.03665	0.02589	0.00355
21	0.00628	0.00532	0.00613	0.00574	0.00717	0.00543	0.03127	0.01057	0.29010	0.01238	0.11121	0.15258	0.32554	0.00786	0.00423	0.00128	0.00241	0.00678	0.00357	0.00414
22	0.01252	0.08048	0.05323	0.02972	0.29273	0.02754	0.02747	0.06756	0.00983	0.34685	0.00998	0.01019	0.00703	0.00391	0.00360	0.00110	0.00401	0.00335	0.00303	0.00588
23	0.00537	0.00435	0.00568	0.00670	0.09489	0.00420	0.00431	0.02138	0.00779	0.01018	0.02350	0.30301	0.32977	0.02394	0.09781	0.00187	0.02134	0.00751	0.02292	0.00348
24	0.00768	0.00422	0.00485	0.00459	0.00577	0.00408	0.00347	0.00982	0.07100	0.12615	0.12291	0.12769	0.08387	0.00620	0.00349	0.00109	0.00208	0.00525	0.40183	0.00395
25	0.04483	0.01012	0.08002	0.00808	0.01105	0.01003	0.00705	0.56986	0.06203	0.09404	0.02373	0.00985	0.00725	0.00444	0.00362	0.00112	0.00387	0.00339	0.03965	0.00597
26	0.00942	0.30904	0.30370	0.02080	0.03432	0.02996	0.13110	0.02226	0.00827	0.07513	0.00710	0.02057	0.00555	0.00356	0.00330	0.00105	0.00483	0.00294	0.00192	0.00517
27	0.00537	0.00363	0.00425	0.00431	0.00439	0.00367	0.00257	0.00554	0.00559	0.00749	0.01210	0.05622	0.01380	0.75081	0.08141	0.00365	0.00402	0.02647	0.00231	0.00239
28	0.00520	0.00357	0.00427	0.00447	0.00462	0.00355	0.00277	0.00549	0.00595	0.00794	0.01424	0.20000	0.03562	0.59236	0.06985	0.00321	0.00367	0.02816	0.00254	0.00253
29	0.00681	0.07802	0.03924	0.01821	0.00816	0.02579	0.03266	0.06989	0.06552	0.01088	0.01509	0.30123	0.08209	0.01201	0.17972	0.00227	0.03951	0.00620	0.00278	0.00392
30	0.00984	0.07415	0.22415	0.07205	0.11210	0.01002	0.07405	0.25166	0.01049	0.01445	0.00733	0.00906	0.00571	0.03240	0.00481	0.00125	0.07561	0.00323	0.00229	0.00536
31	0.00521	0.00396	0.00462	0.00443	0.00553	0.00357	0.00333	0.00689	0.03853	0.02772	0.43835	0.05045	0.37724	0.00831	0.00436	0.00121	0.00188	0.00714	0.00380	0.00347
32	0.00469	0.00341	0.00445	0.00520	0.00560	0.00317	0.00366	0.00550	0.00748	0.00984	0.04259	0.67829	0.10159	0.01117	0.00474	0.00150	0.00226	0.09832	0.00346	0.00308
33	0.02081	0.06416	0.18426	0.05212	0.25534	0.02840	0.19064	0.05588	0.02083	0.01220	0.02004	0.06332	0.00713	0.00401	0.00378	0.00116	0.00484	0.00383	0.00204	0.00521
34	0.02109	0.01781	0.05720	0.10539	0.10720	0.06743	0.18214	0.11677	0.08271	0.02402	0.03051	0.06753	0.00836	0.03277	0.00480	0.00129	0.04982	0.00413	0.01411	0.00490

[dist]
# distance from previous block
# <min> <max>
0	8

[block]
# block no. 1 follows, 74 sequences, length 21
# corresponding to MSA columns:
# 403-423
name=unknown_B
#
# <colnr> <probs for GDERKNQSTAVLIFYWHMCP>
#	G	D	E	R	K	N	Q	S	T	A	V	L	I	F	Y	W	H	M	C	P
0	0.01046	0.28947	0.03473	0.02915	0.05501	0.10522	0.06984	0.10136	0.13919	0.03579	0.00780	0.00859	0.00623	0.00399	0.00392	0.00106	0.06978	0.00297	0.00233	0.02311
1	0.00815	0.00665	0.00854	0.03975	0.04448	0.00610	0.05623	0.04690	0.13361	0.05965	0.06407	0.01480	0.13862	0.00468	0.00353	0.00095	0.00303	0.00401	0.00289	0.35336
2	0.05694	0.15241	0.06790	0.16773	0.10655	0.05702	0.09297	0.16726	0.02266	0.03070	0.00705	0.00853	0.00546	0.00379	0.00378	0.00112	0.03776	0.00307	0.00221	0.00509
3	0.02280	0.20424	0.02314	0.01098	0.11918	0.20531	0.13283	0.11312	0.03238	0.02088	0.00767	0.03534	0.00660	0.00411	0.00363	0.00107	0.01930	0.03024	0.00222	0.00496
4	0.00456	0.00330	0.00433	0.00513	0.00544	0.00306	0.00349	0.00526	0.00724	0.00957	0.02156	0.78509	0.07847	0.01144	0.00473	0.00150	0.00218	0.03718	0.00344	0.00304
5	0.00645	0.04470	0.07729	0.00550	0.00722	0.00520	0.00473	0.03051	0.09168	0.04080	0.36830	0.04850	0.22649	0.00710	0.00410	0.00118	0.00245	0.00605	0.00353	0.01822
6	0.00758	0.00808	0.09718	0.06732	0.13212	0.00653	0.07035	0.01041	0.07055	0.01238	0.11670	0.01277	0.03088	0.00440	0.01309	0.00103	0.00365	0.02028	0.00243	0.31227
7	0.00518	0.00400	0.00476	0.00458	0.00563	0.00369	0.00346	0.00711	0.05362	0.01314	0.50179	0.04750	0.29793	0.00819	0.00437	0.00122	0.00190	0.02460	0.00383	0.00350
8	0.00851	0.00728	0.00743	0.00673	0.00849	0.06190	0.00519	0.01541	0.50931	0.04049	0.21915	0.01801	0.06462	0.00582	0.00393	0.00121	0.00283	0.00489	0.00374	0.00505
9	0.00638	0.00572	0.00649	0.00640	0.00721	0.11442	0.00492	0.00763	0.00659	0.00871	0.00977	0.04397	0.00924	0.02416	0.71449	0.00516	0.00924	0.00401	0.00203	0.00343
10	0.00464	0.00328	0.00427	0.00502	0.00521	0.00309	0.00329	0.00520	0.00689	0.00918	0.01933	0.75822	0.02312	0.12249	0.00657	0.00178	0.00234	0.00989	0.00329	0.00292
11	0.00602	0.00408	0.00477	0.00490	0.00541	0.00415	0.00339	0.03415	0.06075	0.01024	0.02587	0.20303	0.01610	0.37024	0.01033	0.00228	0.00295	0.09930	0.12893	0.00310
12	0.00447	0.00370	0.00392	0.00404	0.00513	0.00315	0.00299	0.00542	0.00837	0.01018	0.06874	0.14293	0.69005	0.00963	0.00445	0.00129	0.00194	0.02299	0.00347	0.00314
13	0.01355	0.01717	0.01057	0.00957	0.01138	0.80879	0.00722	0.01450	0.01026	0.00908	0.00569	0.00677	0.00479	0.00397	0.00383	0.00099	0.05325	0.00244	0.00190	0.00429
14	0.00779	0.00760	0.01352	0.54001	0.23191	0.00854	0.11688	0.01028	0.00785	0.01046	0.00681	0.00973	0.00527	0.00353	0.00379	0.00120	0.00498	0.00344	0.00173	0.00468
15	0.00457	0.00327	0.00435	0.00514	0.00539	0.00305	0.00345	0.00529	0.00733	0.00982	0.07362	0.81297	0.02523	0.01137	0.00471	0.00149	0.00213	0.01030	0.00349	0.00305
16	0.81307	0.00703	0.00549	0.00489	0.00712	0.00810	0.00402	0.03444	0.00673	0.01667	0.00572	0.00662	0.00444	0.00353	0.00236	0.00113	0.00283	0.00214	0.05962	0.00405
17	0.00770	0.00660	0.00770	0.00550	0.00880	0.00495	0.00440	0.00935	0.00770	0.01210	0.00660	0.00770	0.00550	0.00275	0.00275	0.00055	0.00275	0.00220	0.00220	0.89224
18	0.00960	0.76162	0.12681	0.00690	0.01037	0.01390	0.00730	0.01120	0.00758	0.00912	0.00535	0.00620	0.00476	0.00322	0.00253	0.00084	0.00417	0.00208	0.00159	0.00486
19	0.00530	0.00398	0.00597	0.00597	0.00663	0.00464	0.00464	0.00663	0.00597	0.00862	0.00994	0.01458	0.00928	0.02784	0.85484	0.00597	0.00994	0.00398	0.00199	0.00331
20	0.00715	0.01479	0.57790	0.00944	0.01375	0.00748	0.06963	0.02248	0.00825	0.02436	0.03033	0.02628	0.14494	0.00485	0.00381	0.00121	0.00472	0.02158	0.00210	0.00496

[dist]
# distance from previous block
# <min> <max>
0	1

[block]
# block no. 2 follows, 74 sequences, length 49
# corresponding to MSA columns:
# 425-473
name=unknown_C
#
# <colnr> <probs for GDERKNQSTAVLIFYWHMCP>
#	G	D	E	R	K	N	Q	S	T	A	V	L	I	F	Y	W	H	M	C	P
0	0.61981	0.25405	0.00958	0.00542	0.00796	0.03251	0.00477	0.01107	0.00678	0.01419	0.00518	0.00603	0.00425	0.00338	0.00235	0.00104	0.00329	0.00201	0.00208	0.00424
1	0.00460	0.00331	0.00437	0.00516	0.00547	0.00309	0.00352	0.00533	0.00733	0.00974	0.04785	0.77219	0.05924	0.01135	0.00473	0.00149	0.00218	0.04255	0.00347	0.00305
2	0.00744	0.01920	0.85032	0.01058	0.01607	0.00862	0.01371	0.01176	0.00784	0.01176	0.00666	0.00784	0.00470	0.00353	0.00353	0.00118	0.00549	0.00274	0.00157	0.00549
3	0.00452	0.00324	0.00429	0.00513	0.00537	0.00302	0.00343	0.00517	0.00714	0.00949	0.02087	0.84705	0.04436	0.01158	0.00473	0.00150	0.00215	0.01049	0.00345	0.00302
4	0.89577	0.00718	0.00546	0.00488	0.00718	0.00833	0.00402	0.01091	0.00632	0.01665	0.00517	0.00603	0.00402	0.00345	0.00230	0.00115	0.00287	0.00201	0.00230	0.00402
5	0.00461	0.00329	0.00426	0.00500	0.00523	0.00308	0.00330	0.00520	0.00697	0.00925	0.02010	0.75018	0.05078	0.10233	0.00622	0.00172	0.00230	0.00992	0.00332	0.00294
6	0.89577	0.00718	0.00546	0.00488	0.00718	0.00833	0.00402	0.01091	0.00632	0.01665	0.00517	0.00603	0.00402	0.00345	0.00230	0.00115	0.00287	0.00201	0.00230	0.00402
7	0.00754	0.05279	0.81759	0.01041	0.01581	0.00886	0.01342	0.01173	0.00783	0.01164	0.00660	0.00776	0.00470	0.00351	0.00348	0.00116	0.00543	0.00271	0.00157	0.00546
8	0.22614	0.00880	0.00859	0.00743	0.00949	0.06154	0.00594	0.15420	0.35816	0.01604	0.00998	0.01006	0.00761	0.00463	0.00427	0.00123	0.09432	0.00331	0.00306	0.00521
9	0.00452	0.00341	0.00419	0.00480	0.00534	0.00308	0.00333	0.00528	0.00754	0.00968	0.02546	0.60184	0.26471	0.01094	0.00465	0.00144	0.00211	0.03118	0.00345	0.00306
10	0.00450	0.00332	0.00421	0.00493	0.00532	0.00304	0.00334	0.00520	0.00734	0.00957	0.02339	0.72490	0.16488	0.01125	0.00468	0.00146	0.00211	0.01009	0.00345	0.00304
11	0.00493	0.00385	0.00456	0.00489	0.00588	0.00348	0.00387	0.00612	0.00848	0.01063	0.08890	0.13223	0.45103	0.00977	0.00464	0.00141	0.00235	0.24627	0.00348	0.00323
12	0.00915	0.00878	0.01500	0.03739	0.83208	0.00881	0.01137	0.01136	0.00843	0.01208	0.00698	0.00920	0.00586	0.00331	0.00368	0.00110	0.00442	0.00331	0.00183	0.00585
13	0.01282	0.00674	0.00812	0.00669	0.00914	0.00667	0.00537	0.04725	0.28298	0.45611	0.01701	0.01534	0.09821	0.00524	0.00382	0.00119	0.00298	0.00430	0.00417	0.00583
14	0.00445	0.00363	0.00394	0.00413	0.00512	0.00312	0.00300	0.00536	0.00822	0.01009	0.06529	0.23423	0.61680	0.00986	0.00447	0.00131	0.00194	0.00844	0.00347	0.00312
15	0.12807	0.00883	0.01069	0.00822	0.01107	0.00934	0.09353	0.43346	0.03051	0.17990	0.00964	0.00967	0.00673	0.00422	0.00356	0.00113	0.00386	0.00338	0.03843	0.00576
16	0.00797	0.03753	0.70943	0.01056	0.01561	0.02225	0.05858	0.03877	0.04296	0.01219	0.00708	0.00818	0.00509	0.00359	0.00356	0.00117	0.00536	0.00289	0.00175	0.00547
17	0.14717	0.00816	0.00851	0.00684	0.00930	0.02279	0.00558	0.39288	0.05343	0.15404	0.01003	0.01006	0.00716	0.00432	0.00332	0.00109	0.00337	0.00325	0.14326	0.00546
18	0.00731	0.00525	0.00591	0.00558	0.00676	0.00585	0.00422	0.02872	0.28547	0.01269	0.01250	0.01502	0.01042	0.10158	0.20291	0.00248	0.00429	0.00403	0.27486	0.00416
19	0.89577	0.00718	0.00546	0.00488	0.00718	0.00833	0.00402	0.01091	0.00632	0.01665	0.00517	0.00603	0.00402	0.00345	0.00230	0.00115	0.00287	0.00201	0.00230	0.00402
20	0.00757	0.00704	0.01182	0.43701	0.32217	0.00792	0.00988	0.00980	0.00774	0.01053	0.03424	0.01071	0.00672	0.00624	0.09377	0.00169	0.00518	0.00348	0.00183	0.00466
21	0.01183	0.00995	0.07099	0.00979	0.09959	0.01897	0.01690	0.39815	0.19331	0.07253	0.01010	0.01011	0.00736	0.00429	0.00367	0.00112	0.00390	0.00345	0.00332	0.05067
22	0.00782	0.00584	0.00766	0.00659	0.00844	0.00554	0.06297	0.07339	0.10821	0.07939	0.08607	0.24090	0.06591	0.00691	0.00404	0.00119	0.00290	0.05183	0.00331	0.17109
23	0.01381	0.00778	0.01192	0.00929	0.03861	0.00732	0.18123	0.13125	0.03337	0.47367	0.02113	0.01151	0.00817	0.00422	0.00385	0.00115	0.00395	0.00381	0.00371	0.03027
24	0.00973	0.00982	0.01724	0.02691	0.18251	0.06011	0.44166	0.09876	0.00958	0.03487	0.00784	0.02528	0.00619	0.00420	0.02365	0.00131	0.02901	0.00398	0.00216	0.00520
25	0.00460	0.00364	0.00414	0.00429	0.00521	0.00318	0.00311	0.00564	0.00857	0.01092	0.20353	0.23340	0.47750	0.00955	0.00447	0.00130	0.00192	0.00825	0.00358	0.00318
26	0.00879	0.00842	0.01435	0.17520	0.69707	0.00872	0.01119	0.01104	0.00826	0.01165	0.00691	0.00932	0.00571	0.00338	0.00368	0.00113	0.00451	0.00331	0.00180	0.00556
27	0.01114	0.00845	0.02597	0.01174	0.22661	0.07975	0.05627	0.07934	0.08994	0.22175	0.01177	0.10959	0.00985	0.00514	0.00389	0.00120	0.00396	0.03513	0.00311	0.00541
28	0.00938	0.35403	0.13882	0.09367	0.19746	0.01132	0.05854	0.07557	0.00862	0.01133	0.00636	0.00780	0.00519	0.00341	0.00319	0.00101	0.00453	0.00276	0.00183	0.00519
29	0.00516	0.00380	0.00550	0.00576	0.00630	0.00419	0.00435	0.00629	0.00637	0.00892	0.01311	0.22225	0.01381	0.05215	0.57126	0.00456	0.00746	0.05311	0.00243	0.00321
30	0.02355	0.00853	0.01365	0.24563	0.27628	0.05264	0.13259	0.01056	0.00792	0.01088	0.03726	0.00983	0.00641	0.00409	0.00515	0.00124	0.14367	0.00351	0.00185	0.00478
31	0.00796	0.07355	0.56140	0.03678	0.14020	0.00895	0.03955	0.02681	0.01824	0.01183	0.02235	0.00897	0.01984	0.00367	0.00354	0.00114	0.00505	0.00303	0.00177	0.00539
32	0.00636	0.02090	0.05032	0.00570	0.00698	0.00494	0.00457	0.02439	0.13265	0.03947	0.19113	0.26556	0.10853	0.01951	0.04591	0.00155	0.00286	0.03117	0.03357	0.00392
33	0.89577	0.00718	0.00546	0.00488	0.00718	0.00833	0.00402	0.01091	0.00632	0.01665	0.00517	0.00603	0.00402	0.00345	0.00230	0.00115	0.00287	0.00201	0.00230	0.00402
34	0.00992	0.87178	0.01945	0.00635	0.00953	0.01469	0.00635	0.01111	0.00754	0.00873	0.00516	0.00595	0.00476	0.00318	0.00238	0.00079	0.00397	0.00198	0.00159	0.00476
35	0.00450	0.00331	0.00423	0.00496	0.00533	0.00303	0.00335	0.00519	0.00731	0.00956	0.02299	0.74446	0.14558	0.01130	0.00469	0.00147	0.00211	0.01015	0.00345	0.00303
36	0.89577	0.00718	0.00546	0.00488	0.00718	0.00833	0.00402	0.01091	0.00632	0.01665	0.00517	0.00603	0.00402	0.00345	0.00230	0.00115	0.00287	0.00201	0.00230	0.00402
37	0.03669	0.02369	0.07942	0.07843	0.03098	0.00689	0.19222	0.01048	0.13880	0.01196	0.08533	0.18414	0.09272	0.00619	0.00411	0.00127	0.00375	0.00573	0.00279	0.00439
38	0.00484	0.00370	0.00444	0.00441	0.00533	0.00330	0.00325	0.00615	0.00930	0.01239	0.44074	0.14661	0.32449	0.00880	0.00443	0.00125	0.00185	0.00765	0.00377	0.00330
39	0.01587	0.00649	0.00859	0.00670	0.00949	0.00586	0.00550	0.01826	0.09834	0.76079	0.01469	0.01276	0.00941	0.00464	0.00374	0.00116	0.00314	0.00378	0.00451	0.00627
40	0.00777	0.00798	0.02803	0.02292	0.02876	0.04058	0.39648	0.04634	0.00865	0.01146	0.01193	0.11339	0.03842	0.00804	0.09440	0.00182	0.00549	0.12078	0.00241	0.00435
41	0.02862	0.04484	0.12392	0.01551	0.36332	0.08092	0.12988	0.05763	0.01937	0.07329	0.00811	0.00949	0.02084	0.00364	0.00367	0.00112	0.00479	0.00336	0.00217	0.00549
42	0.01389	0.00804	0.00938	0.00743	0.01004	0.00828	0.00604	0.41520	0.04045	0.33000	0.01247	0.10126	0.00948	0.00529	0.00383	0.00117	0.00350	0.00428	0.00402	0.00595
43	0.00722	0.00681	0.01151	0.78057	0.10400	0.00830	0.01041	0.00967	0.00752	0.00974	0.00663	0.00983	0.00504	0.00367	0.00371	0.00122	0.00490	0.00330	0.00167	0.00429
44	0.10633	0.01000	0.00978	0.00871	0.06621	0.14915	0.00656	0.37638	0.01295	0.10714	0.07255	0.01125	0.00881	0.00462	0.00360	0.00112	0.00411	0.03206	0.00325	0.00539
45	0.12818	0.00799	0.09685	0.03987	0.11343	0.04637	0.00649	0.08344	0.04167	0.01420	0.26704	0.07491	0.03809	0.00574	0.00380	0.00118	0.00330	0.02004	0.00299	0.00444
46	0.00847	0.00941	0.02022	0.01471	0.01816	0.00885	0.74542	0.01145	0.00874	0.01181	0.00879	0.01338	0.00730	0.00388	0.00446	0.00130	0.00596	0.09083	0.00204	0.00484
47	0.00855	0.00711	0.00921	0.11779	0.09981	0.00629	0.00614	0.07204	0.00857	0.04057	0.00708	0.00839	0.00565	0.00312	0.00308	0.00076	0.00332	0.00260	0.00228	0.58764
48	0.00912	0.00746	0.00804	0.00720	0.00923	0.00840	0.00559	0.01812	0.70267	0.05150	0.06450	0.04241	0.01292	0.00532	0.00381	0.00124	0.00285	0.00448	0.00377	0.03137

[dist]
# distance from previous block
# <min> <max>
0	2

[block]
# block no. 3 follows, 74 sequences, length 6
# corresponding to MSA columns:
# 476-481
name=unknown_D
#
# <colnr> <probs for GDERKNQSTAVLIFYWHMCP>
#	G	D	E	R	K	N	Q	S	T	A	V	L	I	F	Y	W	H	M	C	P
0	0.00758	0.00458	0.00637	0.00680	0.00796	0.00445	0.00590	0.00924	0.00886	0.13624	0.01890	0.03750	0.01954	0.00941	0.00492	0.00163	0.00338	0.69929	0.00359	0.00385
1	0.00540	0.00360	0.00405	0.00405	0.00405	0.00360	0.00225	0.00540	0.00540	0.00720	0.01170	0.02429	0.01349	0.86955	0.01889	0.00360	0.00360	0.00540	0.00225	0.00225
2	0.00898	0.00861	0.01469	0.10274	0.76806	0.00876	0.01129	0.01121	0.00835	0.01187	0.00695	0.00925	0.00579	0.00335	0.00368	0.00112	0.00446	0.00331	0.00182	0.00571
3	0.00934	0.00724	0.00829	0.00625	0.00924	0.00640	0.00501	0.17572	0.05022	0.05590	0.00860	0.05325	0.00712	0.00376	0.00314	0.00078	0.00302	0.00304	0.00276	0.58094
4	0.01003	0.00893	0.07267	0.01568	0.42825	0.00821	0.06662	0.01373	0.15098	0.13982	0.04058	0.01116	0.00829	0.00396	0.00377	0.00115	0.00407	0.00368	0.00265	0.00577
5	0.00978	0.03338	0.00927	0.04678	0.05532	0.05258	0.00583	0.14528	0.02828	0.07743	0.00843	0.03057	0.00690	0.00380	0.00324	0.00085	0.00345	0.02639	0.00265	0.44981

[dist]
# distance from previous block
# <min> <max>
0	4

[block]
# block no. 4 follows, 74 sequences, length 18
# corresponding to MSA columns:
# 486-503
name=unknown_E
#
# <colnr> <probs for GDERKNQSTAVLIFYWHMCP>
#	G	D	E	R	K	N	Q	S	T	A	V	L	I	F	Y	W	H	M	C	P
0	0.00461	0.00337	0.00436	0.00512	0.00550	0.00312	0.00355	0.00537	0.00737	0.00966	0.02246	0.70923	0.12264	0.01126	0.00472	0.00149	0.00221	0.06747	0.00344	0.00306
1	0.00946	0.16794	0.02148	0.00774	0.04441	0.02356	0.00606	0.08636	0.46342	0.01413	0.02132	0.02460	0.00974	0.04126	0.00411	0.00123	0.00334	0.00377	0.04073	0.00535
2	0.00681	0.00442	0.00535	0.00491	0.00622	0.00408	0.00375	0.00892	0.07242	0.12434	0.42188	0.05187	0.25545	0.00762	0.00426	0.00121	0.00208	0.00655	0.00393	0.00394
3	0.19406	0.33386	0.05614	0.02635	0.00940	0.05307	0.00599	0.05287	0.02927	0.04696	0.02057	0.10996	0.00787	0.00460	0.00318	0.00105	0.02071	0.00340	0.00231	0.01836
4	0.05276	0.11326	0.32824	0.00908	0.03351	0.05601	0.05246	0.02274	0.16980	0.02669	0.04427	0.03445	0.02214	0.00457	0.01340	0.00120	0.00445	0.00349	0.00235	0.00513
5	0.00656	0.00409	0.00531	0.00484	0.00598	0.00371	0.00369	0.00821	0.01038	0.11451	0.68803	0.02648	0.08910	0.00736	0.00430	0.00117	0.00193	0.00643	0.00410	0.00381
6	0.00557	0.00356	0.00432	0.00432	0.00436	0.00361	0.00258	0.00539	0.00534	0.00717	0.01069	0.02142	0.01201	0.66642	0.07717	0.15280	0.00398	0.00493	0.00212	0.00222
7	0.01035	0.14736	0.12781	0.03028	0.22516	0.13417	0.10879	0.07700	0.01975	0.05538	0.02519	0.00886	0.00623	0.00365	0.00351	0.00107	0.00489	0.00313	0.00214	0.00528
8	0.02897	0.03940	0.01007	0.02287	0.01092	0.50932	0.01634	0.03209	0.14409	0.11138	0.00858	0.00888	0.00654	0.00410	0.00342	0.00104	0.00528	0.00291	0.02898	0.00483
9	0.00486	0.00347	0.00451	0.00523	0.00552	0.00331	0.00351	0.03113	0.00736	0.00982	0.01973	0.80493	0.02352	0.04737	0.00530	0.00158	0.00227	0.01011	0.00340	0.00309
10	0.00930	0.00947	0.02878	0.09667	0.18589	0.14999	0.10733	0.02611	0.16186	0.03326	0.04331	0.09800	0.00969	0.00486	0.00400	0.00119	0.01849	0.00432	0.00254	0.00493
11	0.00970	0.05284	0.26372	0.01294	0.23544	0.04776	0.06991	0.03528	0.05860	0.11380	0.01972	0.03360	0.00731	0.00408	0.00368	0.00115	0.00459	0.01803	0.00235	0.00548
12	0.00439	0.00376	0.00376	0.00376	0.00501	0.00313	0.00282	0.00533	0.00846	0.01003	0.03760	0.03572	0.84489	0.00940	0.00439	0.00125	0.00188	0.00783	0.00345	0.00313
13	0.01655	0.00649	0.00872	0.00669	0.00956	0.00571	0.00552	0.05256	0.01091	0.81409	0.01440	0.01248	0.00907	0.00459	0.00373	0.00115	0.00320	0.00372	0.00456	0.00632
14	0.00928	0.00874	0.01373	0.14787	0.42221	0.04423	0.10152	0.05094	0.07892	0.03363	0.00833	0.02294	0.00680	0.00390	0.00390	0.00117	0.01407	0.02025	0.00219	0.00536
15	0.01198	0.00794	0.00888	0.00725	0.00967	0.00843	0.00586	0.36379	0.18134	0.18138	0.01498	0.03899	0.09711	0.01697	0.00407	0.00123	0.00336	0.02728	0.00384	0.00566
16	0.01044	0.01119	0.09677	0.01003	0.02969	0.13072	0.15495	0.12886	0.34298	0.02943	0.01052	0.01073	0.00786	0.00425	0.00379	0.00118	0.00452	0.00368	0.00291	0.00552
17	0.78952	0.00727	0.00581	0.00520	0.00747	0.00844	0.00424	0.01197	0.10620	0.01652	0.00636	0.00697	0.00490	0.00364	0.00247	0.00116	0.00288	0.00227	0.00247	0.00424

[dist]
# distance from previous block
# <min> <max>
0	3

[block]
# block no. 5 follows, 74 sequences, length 16
# corresponding to MSA columns:
# 507-522
name=unknown_F
#
# <colnr> <probs for GDERKNQSTAVLIFYWHMCP>
#	G	D	E	R	K	N	Q	S	T	A	V	L	I	F	Y	W	H	M	C	P
0	0.00867	0.00974	0.02039	0.01480	0.01802	0.00967	0.71482	0.01147	0.00832	0.01147	0.00713	0.00974	0.00552	0.00361	0.00550	0.00130	0.12889	0.00422	0.00184	0.00487
1	0.05578	0.00943	0.02411	0.01042	0.13038	0.11516	0.07504	0.20198	0.11074	0.10330	0.01069	0.10420	0.00901	0.00500	0.00379	0.00118	0.00414	0.01734	0.00303	0.00530
2	0.00884	0.00954	0.13328	0.25553	0.41607	0.00841	0.03264	0.01139	0.00823	0.06996	0.00738	0.00946	0.00567	0.00354	0.00369	0.00116	0.00468	0.00328	0.00194	0.00534
3	0.00919	0.00882	0.01507	0.02278	0.84640	0.00882	0.01139	0.01139	0.00845	0.01213	0.00698	0.00919	0.00588	0.00331	0.00367	0.00110	0.00441	0.00331	0.00184	0.00588
4	0.02088	0.00408	0.00435	0.00422	0.00551	0.00359	0.00324	0.02658	0.00898	0.03423	0.14170	0.03309	0.64597	0.00884	0.00434	0.00125	0.00203	0.04019	0.00355	0.00338
5	0.40026	0.00994	0.00948	0.05567	0.08819	0.17539	0.05707	0.11819	0.00910	0.03618	0.00640	0.00745	0.00492	0.00366	0.00306	0.00111	0.00425	0.00264	0.00236	0.00467
6	0.00549	0.00453	0.00611	0.00756	0.12611	0.00436	0.00480	0.00679	0.02587	0.01039	0.03559	0.34691	0.28249	0.00926	0.00467	0.00138	0.02421	0.08669	0.00318	0.00360
7	0.00439	0.00376	0.00376	0.00376	0.00501	0.00313	0.00282	0.00533	0.00846	0.01003	0.03760	0.03572	0.84489	0.00940	0.00439	0.00125	0.00188	0.00783	0.00345	0.00313
8	0.03132	0.01039	0.01324	0.13864	0.46929	0.19302	0.03253	0.01204	0.02961	0.01122	0.00680	0.00879	0.00558	0.00357	0.00374	0.00111	0.01892	0.00313	0.00188	0.00519
9	0.00845	0.00797	0.01321	0.27571	0.37897	0.00823	0.07523	0.04056	0.00838	0.01171	0.00692	0.00925	0.00554	0.00338	0.00361	0.00108	0.00447	0.00323	0.00190	0.13220
10	0.00558	0.00399	0.00552	0.00638	0.00706	0.00393	0.00529	0.00700	0.00815	0.01066	0.01987	0.26699	0.02223	0.01063	0.00502	0.00165	0.00307	0.60022	0.00343	0.00331
11	0.00461	0.00333	0.00438	0.00516	0.00548	0.00310	0.00353	0.00536	0.00736	0.00978	0.05133	0.75715	0.06575	0.01131	0.00472	0.00149	0.00218	0.04747	0.00347	0.00306
12	0.05068	0.00816	0.00861	0.00743	0.00964	0.00926	0.00587	0.19835	0.55699	0.01727	0.07602	0.01345	0.01168	0.00503	0.00374	0.00121	0.00310	0.00410	0.00372	0.00571
13	0.01443	0.00739	0.00926	0.12923	0.01203	0.04903	0.00638	0.10751	0.03962	0.55199	0.01238	0.01159	0.00812	0.00442	0.00369	0.00115	0.00366	0.00357	0.01871	0.00584
14	0.00758	0.00434	0.00467	0.00450	0.00560	0.00446	0.00357	0.09961	0.00896	0.01450	0.01284	0.01731	0.01086	0.00519	0.00308	0.00101	0.00223	0.12056	0.66535	0.00377
15	0.00959	0.09985	0.19814	0.07673	0.09091	0.04294	0.26393	0.14927	0.00983	0.01319	0.00713	0.00873	0.00539	0.00353	0.00372	0.00114	0.00524	0.00335	0.00207	0.00529

[dist]
# distance from previous block
# <min> <max>
1	3

[block]
# block no. 6 follows, 74 sequences, length 37
# corresponding to MSA columns:
# 526-562
name=unknown_G
#
# <colnr> <probs for GDERKNQSTAVLIFYWHMCP>
#	G	D	E	R	K	N	Q	S	T	A	V	L	I	F	Y	W	H	M	C	P
0	0.00888	0.00885	0.02735	0.03428	0.00931	0.20674	0.02506	0.09698	0.10572	0.01331	0.25426	0.06948	0.03356	0.01767	0.02919	0.00132	0.00393	0.02025	0.01655	0.01731
1	0.00744	0.01920	0.85032	0.01058	0.01607	0.00862	0.01371	0.01176	0.00784	0.01176	0.00666	0.00784	0.00470	0.00353	0.00353	0.00118	0.00549	0.00274	0.00157	0.00549
2	0.01538	0.00632	0.00828	0.00648	0.00915	0.00571	0.00531	0.04036	0.06215	0.71008	0.01432	0.01270	0.00927	0.00460	0.00365	0.00113	0.00306	0.00373	0.07229	0.00607
3	0.00911	0.00874	0.01492	0.05328	0.81652	0.00880	0.01135	0.01132	0.00841	0.01203	0.00697	0.00921	0.00585	0.00332	0.00368	0.00111	0.00443	0.00331	0.00183	0.00582
4	0.00539	0.00363	0.00422	0.00422	0.00428	0.00369	0.00246	0.00551	0.00545	0.00733	0.01154	0.02342	0.01311	0.79369	0.09424	0.00381	0.00417	0.00527	0.00223	0.00235
5	0.00462	0.00329	0.00426	0.00499	0.00522	0.00309	0.00329	0.00520	0.00695	0.00923	0.02003	0.74062	0.05156	0.11114	0.00637	0.00174	0.00231	0.00986	0.00331	0.00293
6	0.00465	0.00382	0.00414	0.00426	0.00541	0.00330	0.00330	0.00573	0.00855	0.01043	0.08003	0.05942	0.66568	0.00948	0.00450	0.00132	0.00209	0.11722	0.00348	0.00319
7	0.00701	0.00660	0.01113	0.86063	0.02556	0.00825	0.01031	0.00948	0.00742	0.00948	0.00660	0.00990	0.00495	0.00371	0.00371	0.00124	0.00495	0.00330	0.00165	0.00412
8	0.01290	0.00951	0.01020	0.00798	0.01057	0.01050	0.00645	0.70392	0.05029	0.02119	0.00949	0.01090	0.00736	0.10490	0.00548	0.00141	0.00398	0.00362	0.00355	0.00582
9	0.00452	0.00323	0.00431	0.00517	0.00538	0.00301	0.00345	0.00517	0.00711	0.00948	0.02046	0.86713	0.02455	0.01163	0.00474	0.00151	0.00215	0.01055	0.00345	0.00301
10	0.00798	0.01808	0.76539	0.01064	0.01590	0.00850	0.05526	0.01208	0.00802	0.05403	0.00711	0.00819	0.00498	0.00356	0.00358	0.00118	0.00541	0.00288	0.00174	0.00550
11	0.55702	0.00863	0.00758	0.00630	0.00881	0.04097	0.00517	0.28569	0.01025	0.02973	0.00656	0.00710	0.00488	0.00381	0.00283	0.00113	0.00342	0.00249	0.00279	0.00483
12	0.00919	0.00879	0.01485	0.02230	0.81977	0.00883	0.01122	0.01166	0.03491	0.01223	0.00724	0.00934	0.00605	0.00336	0.00368	0.00111	0.00436	0.00334	0.00190	0.00588
13	0.00452	0.00323	0.00431	0.00517	0.00538	0.00301	0.00345	0.00517	0.00711	0.00948	0.02046	0.86713	0.02455	0.01163	0.00474	0.00151	0.00215	0.01055	0.00345	0.00301
14	0.00701	0.00660	0.01113	0.86063	0.02556	0.00825	0.01031	0.00948	0.00742	0.00948	0.00660	0.00990	0.00495	0.00371	0.00371	0.00124	0.00495	0.00330	0.00165	0.00412
15	0.00440	0.00376	0.00379	0.00378	0.00502	0.00314	0.00283	0.00536	0.00850	0.01013	0.05441	0.03556	0.82802	0.00936	0.00439	0.00125	0.00188	0.00781	0.00346	0.00314
16	0.70705	0.00858	0.00690	0.00602	0.00827	0.10524	0.03098	0.03010	0.02077	0.01555	0.00555	0.00649	0.00435	0.00361	0.00282	0.00114	0.02790	0.00223	0.00228	0.00417
17	0.00609	0.00437	0.00528	0.00545	0.00609	0.00438	0.00380	0.12522	0.00847	0.01129	0.03721	0.54885	0.04303	0.14981	0.00688	0.00178	0.00267	0.02263	0.00330	0.00339
18	0.13116	0.00700	0.00855	0.00665	0.00946	0.00668	0.00549	0.13106	0.01101	0.62496	0.01261	0.01125	0.00811	0.00442	0.00354	0.00114	0.00325	0.00345	0.00417	0.00602
19	0.04160	0.03778	0.68767	0.01008	0.01494	0.10690	0.01228	0.01218	0.00813	0.02615	0.00660	0.00768	0.00477	0.00357	0.00344	0.00114	0.00545	0.00267	0.00169	0.00529
20	0.00908	0.00887	0.01558	0.02131	0.71910	0.00874	0.10649	0.01137	0.00846	0.01210	0.00703	0.00923	0.00584	0.00327	0.00372	0.00110	0.00456	0.00339	0.00186	0.03890
21	0.01095	0.00883	0.00936	0.00790	0.01031	0.01003	0.00629	0.30615	0.55047	0.01829	0.01293	0.01211	0.00957	0.00483	0.00375	0.00121	0.00334	0.00390	0.00375	0.00603
22	0.00506	0.00377	0.00471	0.00450	0.00544	0.00342	0.00337	0.00662	0.01001	0.01378	0.66268	0.05256	0.19426	0.00806	0.00439	0.00119	0.00179	0.00704	0.00394	0.00342
23	0.07326	0.00361	0.00437	0.00496	0.00547	0.00348	0.00342	0.00587	0.00736	0.01056	0.06915	0.66237	0.07741	0.01033	0.00442	0.00142	0.00215	0.00921	0.03806	0.00315
24	0.00567	0.00467	0.00504	0.00474	0.00592	0.03484	0.00359	0.03077	0.04948	0.01307	0.43964	0.02885	0.34409	0.00794	0.00430	0.00120	0.00210	0.00677	0.00374	0.00358
25	0.14207	0.00797	0.00910	0.00708	0.00991	0.00813	0.00585	0.32196	0.01256	0.42083	0.01114	0.01029	0.00737	0.00438	0.00352	0.00114	0.00346	0.00334	0.00393	0.00599
26	0.00471	0.00337	0.00452	0.00535	0.00566	0.00317	0.00374	0.00551	0.00736	0.00980	0.04090	0.75041	0.02444	0.01137	0.00477	0.00152	0.00229	0.10458	0.00346	0.00307
27	0.01540	0.00832	0.00985	0.00756	0.01048	0.00843	0.00624	0.41899	0.01398	0.44333	0.01183	0.01080	0.00778	0.00453	0.00372	0.00113	0.00361	0.00354	0.00416	0.00631
28	0.00904	0.00896	0.01675	0.14430	0.37169	0.02018	0.31953	0.01158	0.00852	0.04206	0.00738	0.00969	0.00575	0.00335	0.00394	0.00118	0.00517	0.00371	0.00193	0.00528
29	0.01537	0.00623	0.00817	0.00636	0.00900	0.00559	0.00522	0.06589	0.01070	0.70255	0.01401	0.01255	0.00905	0.00455	0.00360	0.00111	0.00305	0.00368	0.10734	0.00598
30	0.00506	0.00361	0.00435	0.00469	0.00508	0.00344	0.00318	0.00566	0.00691	0.00900	0.04296	0.26802	0.14935	0.35756	0.01044	0.00233	0.00284	0.10977	0.00298	0.00279
31	0.00567	0.00412	0.00500	0.00512	0.00590	0.02357	0.00374	0.01708	0.01873	0.03890	0.35135	0.35538	0.08998	0.00912	0.00447	0.00132	0.00219	0.04021	0.01469	0.00345
32	0.00978	0.01102	0.12365	0.03051	0.14199	0.17116	0.06605	0.04399	0.17348	0.05543	0.03894	0.04608	0.03432	0.00478	0.00380	0.00117	0.00448	0.03160	0.00265	0.00510
33	0.00666	0.00580	0.00770	0.00730	0.02328	0.04497	0.01480	0.00749	0.00607	0.00856	0.00856	0.04204	0.00853	0.11227	0.37542	0.06348	0.24774	0.00402	0.00193	0.00339
34	0.02042	0.16464	0.65981	0.01000	0.01497	0.00969	0.04825	0.01164	0.00781	0.01131	0.00642	0.00758	0.00474	0.00345	0.00335	0.00111	0.00522	0.00267	0.00159	0.00532
35	0.05746	0.00919	0.02615	0.02436	0.05690	0.16378	0.09772	0.03111	0.01967	0.11629	0.00903	0.06176	0.00785	0.01571	0.06470	0.00161	0.17273	0.02977	0.02969	0.00453
36	0.04487	0.07762	0.08598	0.03523	0.26701	0.11203	0.03182	0.06444	0.04025	0.07543	0.04806	0.02483	0.01561	0.00478	0.02341	0.01564	0.01456	0.00342	0.00237	0.01262

[dist]
# distance from previous block
# <min> <max>
2	17

[block]
# block no. 7 follows, 74 sequences, length 66
# corresponding to MSA columns:
# 580-645
name=unknown_H
#
# <colnr> <probs for GDERKNQSTAVLIFYWHMCP>
#	G	D	E	R	K	N	Q	S	T	A	V	L	I	F	Y	W	H	M	C	P
0	0.00894	0.13411	0.05716	0.01024	0.17830	0.05272	0.03154	0.06327	0.03075	0.08232	0.03917	0.21005	0.03063	0.00604	0.00400	0.00120	0.02203	0.03006	0.00272	0.00473
1	0.00560	0.00406	0.00495	0.00501	0.00588	0.00384	0.00361	0.00742	0.07565	0.03995	0.24624	0.33394	0.16819	0.04109	0.01842	0.00147	0.00228	0.00783	0.00359	0.02097
2	0.00879	0.09958	0.16458	0.00744	0.03555	0.00757	0.00678	0.07484	0.15265	0.10365	0.20996	0.02664	0.07569	0.00542	0.00377	0.00115	0.00331	0.00449	0.00321	0.00497
3	0.00954	0.03750	0.29172	0.03363	0.21069	0.04913	0.09945	0.04535	0.05410	0.09160	0.01499	0.00982	0.00645	0.00410	0.01497	0.00122	0.00491	0.01315	0.00222	0.00548
4	0.05855	0.00641	0.00849	0.00655	0.00939	0.00567	0.00541	0.02760	0.01050	0.79931	0.01412	0.01227	0.00891	0.00454	0.00366	0.00115	0.00316	0.00365	0.00447	0.00621
5	0.00777	0.12258	0.73208	0.01017	0.01534	0.00937	0.02994	0.01168	0.00782	0.01139	0.00650	0.00765	0.00473	0.00348	0.00341	0.00113	0.00532	0.00268	0.00158	0.00539
6	0.01700	0.18425	0.35470	0.08674	0.01495	0.02991	0.12794	0.04119	0.00852	0.04777	0.04793	0.00914	0.00660	0.00370	0.00348	0.00111	0.00492	0.00312	0.00197	0.00508
7	0.00726	0.00629	0.00906	0.02801	0.21703	0.03434	0.07017	0.01624	0.02948	0.05110	0.11007	0.10750	0.24738	0.00678	0.00418	0.00124	0.00327	0.04332	0.00297	0.00431
8	0.00483	0.00379	0.00429	0.00444	0.00537	0.00341	0.00328	0.00597	0.02193	0.01047	0.12664	0.14964	0.47012	0.08601	0.00578	0.00153	0.00222	0.08373	0.00342	0.00315
9	0.00780	0.00741	0.01257	0.55558	0.32442	0.00846	0.01070	0.01018	0.00780	0.01045	0.00674	0.00964	0.00529	0.00356	0.00370	0.00119	0.00475	0.00330	0.00172	0.00476
10	0.00928	0.41054	0.30245	0.00982	0.11181	0.01136	0.00943	0.03708	0.00820	0.03819	0.01724	0.00758	0.00546	0.00345	0.00304	0.00099	0.00449	0.00256	0.00181	0.00523
11	0.01384	0.00588	0.00784	0.00623	0.00864	0.00524	0.00506	0.03681	0.02727	0.62093	0.20352	0.01600	0.01504	0.00528	0.00388	0.00115	0.00286	0.00441	0.00444	0.00567
12	0.00545	0.00382	0.00462	0.00456	0.00470	0.00403	0.00287	0.00573	0.00558	0.00756	0.01176	0.02235	0.03173	0.67690	0.16078	0.00388	0.03381	0.00514	0.00221	0.00251
13	0.01032	0.00682	0.00718	0.00595	0.00783	0.00738	0.00477	0.38971	0.04160	0.01830	0.01074	0.01157	0.00810	0.00441	0.00315	0.00099	0.00286	0.00343	0.45004	0.00486
14	0.00819	0.00937	0.04620	0.16608	0.01970	0.00884	0.61785	0.01112	0.00841	0.01134	0.00796	0.05244	0.00642	0.00367	0.00425	0.00126	0.00579	0.00444	0.00190	0.00477
15	0.00535	0.00409	0.00496	0.00482	0.00583	0.00386	0.00365	0.00749	0.07133	0.01330	0.50627	0.07814	0.21804	0.00819	0.00440	0.00124	0.00198	0.04967	0.00384	0.00356
16	0.00770	0.00660	0.00770	0.00550	0.00880	0.00495	0.00440	0.00935	0.00770	0.01210	0.00660	0.00770	0.00550	0.00275	0.00275	0.00055	0.00275	0.00220	0.00220	0.89224
17	0.01372	0.01715	0.01047	0.00947	0.01142	0.80084	0.00713	0.04040	0.03785	0.00974	0.00614	0.00700	0.00504	0.00388	0.00337	0.00097	0.00649	0.00248	0.00203	0.00442
18	0.00530	0.00398	0.00597	0.00597	0.00663	0.00464	0.00464	0.00663	0.00597	0.00862	0.00994	0.01458	0.00928	0.02784	0.85484	0.00597	0.00994	0.00398	0.00199	0.00331
19	0.05843	0.04450	0.62871	0.01015	0.02569	0.00869	0.05325	0.04007	0.00834	0.07794	0.00728	0.00821	0.00513	0.00360	0.00349	0.00116	0.00508	0.00286	0.00194	0.00545
20	0.00513	0.00411	0.00461	0.00460	0.00572	0.00378	0.00348	0.01786	0.06188	0.01163	0.20793	0.11410	0.47141	0.00894	0.00442	0.00129	0.00208	0.06000	0.00361	0.00344
21	0.00467	0.00367	0.00421	0.00429	0.00524	0.00322	0.00314	0.00579	0.00880	0.01134	0.26936	0.19138	0.45311	0.00930	0.00445	0.00128	0.00189	0.00802	0.00363	0.00322
22	0.00443	0.00371	0.00385	0.00392	0.00506	0.00313	0.00290	0.00536	0.00839	0.01012	0.05944	0.11468	0.74319	0.00956	0.00442	0.00128	0.00190	0.00806	0.00347	0.00313
23	0.02440	0.18062	0.12148	0.11328	0.19762	0.18408	0.01901	0.01976	0.05715	0.01084	0.00674	0.00813	0.00545	0.00356	0.00330	0.00103	0.00485	0.00279	0.00190	0.03403
24	0.01107	0.00965	0.04623	0.01002	0.13553	0.12012	0.00714	0.14257	0.24111	0.12436	0.03206	0.02592	0.04950	0.00481	0.00392	0.00116	0.02226	0.00389	0.00318	0.00550
25	0.01307	0.00560	0.00717	0.00581	0.00798	0.00507	0.00466	0.04812	0.00982	0.54138	0.01513	0.01574	0.05539	0.08319	0.00500	0.00134	0.00295	0.02520	0.14213	0.00526
26	0.00511	0.00373	0.00490	0.00530	0.00582	0.00372	0.00379	0.02070	0.00734	0.01902	0.04653	0.50506	0.11139	0.04255	0.15862	0.00234	0.01937	0.02834	0.00315	0.00320
27	0.00878	0.05874	0.36620	0.01477	0.27787	0.05642	0.12303	0.01195	0.01762	0.02016	0.00692	0.00851	0.00533	0.00343	0.00362	0.00113	0.00519	0.00311	0.00177	0.00545
28	0.02446	0.04655	0.02893	0.00783	0.04051	0.05358	0.00617	0.00830	0.00669	0.00949	0.05589	0.01293	0.03706	0.02479	0.37171	0.00336	0.25212	0.00380	0.00202	0.00381
29	0.89577	0.00718	0.00546	0.00488	0.00718	0.00833	0.00402	0.01091	0.00632	0.01665	0.00517	0.00603	0.00402	0.00345	0.00230	0.00115	0.00287	0.00201	0.00230	0.00402
30	0.00469	0.00382	0.00416	0.00412	0.00526	0.00333	0.00309	0.00597	0.02189	0.01124	0.22381	0.06180	0.60429	0.00900	0.00440	0.00125	0.00190	0.01912	0.00360	0.00326
31	0.00672	0.00554	0.03244	0.02888	0.10922	0.00530	0.01640	0.07335	0.00812	0.01089	0.01444	0.17163	0.01566	0.23488	0.00830	0.00202	0.00356	0.24617	0.00283	0.00367
32	0.06208	0.01611	0.17312	0.02887	0.04037	0.51973	0.05957	0.02161	0.00949	0.01045	0.00607	0.00728	0.00483	0.00374	0.00358	0.00105	0.02291	0.00264	0.00187	0.00462
33	0.00458	0.00331	0.00434	0.00511	0.00542	0.00307	0.00347	0.00531	0.00736	0.00977	0.05559	0.76397	0.07273	0.01130	0.00471	0.00148	0.00215	0.02978	0.00347	0.00305
34	0.03505	0.19991	0.09924	0.03465	0.00946	0.02564	0.01610	0.03583	0.03388	0.05691	0.04243	0.25674	0.01260	0.00630	0.00390	0.00117	0.02926	0.02873	0.00265	0.06957
35	0.00883	0.26668	0.26509	0.01137	0.15960	0.03083	0.08253	0.02462	0.04533	0.01097	0.00703	0.00890	0.00583	0.05240	0.00417	0.00119	0.00470	0.00298	0.00183	0.00512
36	0.00852	0.00838	0.01107	0.01063	0.10025	0.05330	0.00793	0.03667	0.03824	0.01007	0.02255	0.00944	0.00625	0.02497	0.05039	0.00174	0.58998	0.00340	0.00189	0.00433
37	0.00672	0.00385	0.00409	0.00403	0.00497	0.00384	0.00301	0.03854	0.02879	0.01369	0.08764	0.09341	0.06487	0.00561	0.00313	0.00099	0.00190	0.00467	0.62268	0.00357
38	0.05204	0.00796	0.03880	0.05471	0.15971	0.00816	0.07472	0.08449	0.23591	0.04145	0.10618	0.01395	0.04240	0.02923	0.00452	0.00127	0.03223	0.00419	0.00295	0.00513
39	0.00457	0.00331	0.00432	0.00504	0.00537	0.00306	0.00341	0.00532	0.00746	0.00993	0.08525	0.74741	0.07949	0.01117	0.00469	0.00146	0.00210	0.01008	0.00350	0.00306
40	0.00925	0.00828	0.01159	0.13571	0.12746	0.00912	0.11104	0.10480	0.38438	0.01456	0.03686	0.01204	0.00912	0.00438	0.00384	0.00121	0.00394	0.00395	0.00296	0.00548
41	0.00805	0.00665	0.00776	0.00563	0.00886	0.00517	0.00450	0.01011	0.04747	0.03840	0.00725	0.00814	0.00589	0.00292	0.00283	0.00060	0.00277	0.00234	0.00235	0.82229
42	0.86177	0.00725	0.00564	0.00500	0.00732	0.00836	0.00411	0.03123	0.00665	0.02851	0.00539	0.00619	0.00415	0.00349	0.00235	0.00115	0.00291	0.00207	0.00236	0.00411
43	0.00457	0.00377	0.00401	0.00395	0.00512	0.00321	0.00296	0.00568	0.00889	0.01104	0.20566	0.03406	0.67620	0.00902	0.00439	0.00124	0.00185	0.00760	0.00358	0.00321
44	0.00770	0.00660	0.00770	0.00550	0.00880	0.00495	0.00440	0.00935	0.00770	0.01210	0.00660	0.00770	0.00550	0.00275	0.00275	0.00055	0.00275	0.00220	0.00220	0.89224
45	0.00463	0.00334	0.00442	0.00517	0.00549	0.00308	0.00348	0.00533	0.00719	0.00965	0.03485	0.82536	0.02415	0.01128	0.00467	0.00147	0.00216	0.01022	0.00342	0.03062
46	0.00917	0.00886	0.01531	0.02253	0.81659	0.00884	0.04100	0.01141	0.00846	0.01212	0.00700	0.00922	0.00587	0.00330	0.00370	0.00111	0.00448	0.00335	0.00184	0.00585
47	0.00790	0.00659	0.00772	0.00552	0.00881	0.00496	0.00442	0.00955	0.00776	0.03147	0.00678	0.00781	0.00558	0.00279	0.00277	0.00056	0.00276	0.00223	0.00225	0.87174
48	0.00598	0.00427	0.00598	0.00684	0.00769	0.00427	0.00598	0.00769	0.00854	0.01111	0.01965	0.04187	0.02136	0.01025	0.00513	0.00171	0.00342	0.82141	0.00342	0.00342
49	0.00452	0.00323	0.00431	0.00517	0.00538	0.00301	0.00345	0.00517	0.00711	0.00948	0.02046	0.86713	0.02455	0.01163	0.00474	0.00151	0.00215	0.01055	0.00345	0.00301
50	0.01665	0.00632	0.00861	0.00660	0.00948	0.00546	0.00546	0.01809	0.01062	0.84897	0.01464	0.01263	0.00919	0.00459	0.00373	0.00115	0.00316	0.00373	0.00459	0.00632
