[name]
unknown

[dist]
# distance from previous block
# <min> <max>
0	554

[block]
# block no. 0 follows, 72 sequences, length 18
# corresponding to MSA columns:
# 556-573
name=unknown_A
#
# <colnr> <probs for GDERKNQSTAVLIFYWHMCP>
#	G	D	E	R	K	N	Q	S	T	A	V	L	I	F	Y	W	H	M	C	P
0	0.01135	0.00574	0.03328	0.00590	0.00811	0.00472	0.00493	0.01273	0.00974	0.45297	0.02284	0.06134	0.27635	0.00698	0.00417	0.00127	0.00286	0.06564	0.00408	0.00502
1	0.00822	0.00812	0.05289	0.32085	0.09465	0.02913	0.19620	0.01065	0.00839	0.05686	0.00997	0.07052	0.00888	0.00500	0.00417	0.00132	0.00490	0.10239	0.00226	0.00462
2	0.00914	0.00937	0.03674	0.11925	0.60832	0.02821	0.11019	0.01156	0.00858	0.01197	0.00712	0.00948	0.00581	0.00342	0.00383	0.00116	0.00488	0.00347	0.00185	0.00564
3	0.00507	0.00376	0.00472	0.00470	0.00554	0.00342	0.00344	0.00649	0.00970	0.01327	0.54067	0.18607	0.18143	0.00886	0.00454	0.00127	0.00189	0.00780	0.00393	0.00342
4	0.00812	0.00756	0.01286	0.58141	0.19156	0.00872	0.06296	0.03442	0.00821	0.02427	0.00705	0.00996	0.00540	0.00375	0.00397	0.00124	0.01850	0.00345	0.00185	0.00474
5	0.00861	0.24661	0.54760	0.03218	0.01473	0.04988	0.02793	0.01192	0.00806	0.01100	0.00637	0.00754	0.00485	0.00352	0.00330	0.00109	0.00525	0.00263	0.00163	0.00530
6	0.72791	0.00963	0.16287	0.00608	0.00903	0.00856	0.00596	0.01131	0.00674	0.01608	0.00557	0.00651	0.00424	0.00354	0.00258	0.00118	0.00343	0.00219	0.00221	0.00439
7	0.00535	0.00361	0.00419	0.00435	0.00439	0.00357	0.00253	0.00547	0.00584	0.00779	0.01362	0.18172	0.01590	0.70693	0.01660	0.00328	0.00340	0.00650	0.00253	0.00244
8	0.00448	0.00384	0.00384	0.00384	0.00512	0.00320	0.00288	0.00544	0.00864	0.01025	0.03842	0.03650	0.84152	0.00960	0.00448	0.00128	0.00192	0.00800	0.00352	0.00320
9	0.00675	0.06285	0.00673	0.00549	0.00667	0.10671	0.00422	0.00840	0.01054	0.01408	0.68490	0.02426	0.03001	0.00699	0.00421	0.00114	0.00255	0.00601	0.00374	0.00376
10	0.01051	0.79297	0.01909	0.00674	0.00991	0.05578	0.00656	0.04439	0.00826	0.00954	0.00546	0.00624	0.00493	0.00333	0.00254	0.00083	0.00420	0.00210	0.00173	0.00491
11	0.01004	0.75937	0.09909	0.00698	0.01044	0.01430	0.00724	0.03813	0.00807	0.00971	0.00554	0.00637	0.00491	0.00332	0.00259	0.00086	0.00421	0.00215	0.00169	0.00499
12	0.03610	0.47267	0.37969	0.00832	0.01257	0.01211	0.00969	0.01163	0.00780	0.01052	0.00594	0.00692	0.00482	0.00341	0.00294	0.00099	0.00470	0.00237	0.00164	0.00517
13	0.04618	0.38875	0.45148	0.00868	0.01312	0.01149	0.01032	0.01169	0.00781	0.01088	0.00607	0.00709	0.00480	0.00344	0.00304	0.00103	0.00482	0.00243	0.00164	0.00522
14	0.02743	0.26008	0.47905	0.00880	0.01320	0.01026	0.01041	0.04941	0.00845	0.03110	0.00872	0.00947	0.06037	0.00397	0.00331	0.00109	0.00474	0.00296	0.00192	0.00526
15	0.10009	0.25115	0.31688	0.00867	0.01256	0.06071	0.03670	0.10946	0.00926	0.04016	0.01817	0.00786	0.00556	0.00371	0.00321	0.00107	0.00470	0.00271	0.00211	0.00526
16	0.02268	0.21170	0.25966	0.04941	0.01253	0.04846	0.07836	0.03289	0.00874	0.02939	0.09492	0.03251	0.08461	0.00471	0.00358	0.00111	0.00438	0.00387	0.00228	0.01420
17	0.07934	0.11801	0.23073	0.02467	0.02179	0.00815	0.05248	0.07004	0.01974	0.08714	0.05888	0.01376	0.13184	0.00479	0.00357	0.00112	0.00392	0.00387	0.00262	0.06354

[dist]
# distance from previous block
# <min> <max>
13	36

[block]
# block no. 1 follows, 72 sequences, length 22
# corresponding to MSA columns:
# 610-631
name=unknown_B
#
# <colnr> <probs for GDERKNQSTAVLIFYWHMCP>
#	G	D	E	R	K	N	Q	S	T	A	V	L	I	F	Y	W	H	M	C	P
0	0.00910	0.25134	0.32541	0.03303	0.01254	0.02127	0.01969	0.06884	0.00891	0.05397	0.07216	0.01053	0.01925	0.00467	0.01838	0.00119	0.03377	0.01657	0.00220	0.01718
1	0.07807	0.41490	0.11576	0.00724	0.01013	0.12965	0.00698	0.01160	0.00844	0.04337	0.08582	0.02184	0.02097	0.00420	0.00329	0.00100	0.02693	0.00296	0.00214	0.00470
2	0.09084	0.55020	0.13612	0.00700	0.01024	0.04325	0.00715	0.01134	0.00787	0.03146	0.02506	0.05148	0.00663	0.00393	0.00284	0.00096	0.00411	0.00276	0.00193	0.00481
3	0.04143	0.01133	0.30791	0.12978	0.10271	0.00760	0.02156	0.01263	0.00852	0.21799	0.00959	0.04937	0.00733	0.03354	0.00443	0.00130	0.02142	0.00366	0.00255	0.00535
4	0.00466	0.00333	0.00444	0.00525	0.00551	0.00311	0.00352	0.00539	0.00746	0.01000	0.06790	0.81634	0.02570	0.01165	0.00482	0.00152	0.00218	0.01056	0.00356	0.00311
5	0.01107	0.68308	0.01803	0.00697	0.01017	0.01430	0.00665	0.18876	0.00990	0.01217	0.00610	0.00674	0.00521	0.00353	0.00273	0.00088	0.00408	0.00233	0.00209	0.00521
6	0.00787	0.09162	0.74557	0.01064	0.01597	0.00937	0.04404	0.01196	0.00802	0.01175	0.00671	0.00793	0.00485	0.00356	0.00354	0.00117	0.00550	0.00280	0.00162	0.00552
7	0.01003	0.83178	0.05612	0.00668	0.01003	0.01473	0.00682	0.01138	0.00772	0.00906	0.00534	0.00617	0.00486	0.00326	0.00248	0.00083	0.00412	0.00206	0.00162	0.00490
8	0.01014	0.86900	0.01987	0.00649	0.00973	0.01501	0.00649	0.01136	0.00771	0.00892	0.00527	0.00608	0.00487	0.00324	0.00243	0.00081	0.00406	0.00203	0.00162	0.00487
9	0.00462	0.00330	0.00440	0.00528	0.00550	0.00308	0.00352	0.00528	0.00726	0.00968	0.02090	0.86424	0.02508	0.01188	0.00484	0.00154	0.00220	0.01078	0.00352	0.00308
10	0.00927	0.53742	0.27086	0.00862	0.01263	0.01266	0.07975	0.01162	0.00790	0.01014	0.00594	0.00702	0.00492	0.00335	0.00296	0.00097	0.00473	0.00247	0.00164	0.00511
11	0.00462	0.00330	0.00440	0.00528	0.00550	0.00308	0.00352	0.00528	0.00726	0.00968	0.02090	0.86424	0.02508	0.01188	0.00484	0.00154	0.00220	0.01078	0.00352	0.00308
12	0.00480	0.00344	0.00457	0.00525	0.00561	0.00321	0.00362	0.00569	0.00791	0.01070	0.16307	0.69149	0.02683	0.01112	0.00479	0.00149	0.00217	0.03743	0.00363	0.00318
13	0.00604	0.00459	0.00672	0.15100	0.01056	0.00484	0.00643	0.00773	0.00829	0.01079	0.01796	0.17554	0.01953	0.00958	0.00493	0.00163	0.00354	0.54358	0.00319	0.00355
14	0.00761	0.01962	0.84707	0.01081	0.01641	0.00881	0.01401	0.01201	0.00801	0.01201	0.00681	0.00801	0.00480	0.00360	0.00360	0.00120	0.00560	0.00280	0.00160	0.00560
15	0.01431	0.01747	0.01065	0.00961	0.01162	0.80770	0.00724	0.01532	0.01075	0.05258	0.00633	0.00715	0.00512	0.00395	0.00344	0.00099	0.00665	0.00251	0.00210	0.00450
16	0.01493	0.00869	0.00978	0.00772	0.01054	0.04609	0.00629	0.30798	0.12615	0.40198	0.01253	0.01145	0.00844	0.00467	0.00380	0.00117	0.00369	0.00368	0.00414	0.00630
17	0.89350	0.00733	0.00557	0.00499	0.00733	0.00851	0.00411	0.01115	0.00645	0.01702	0.00528	0.00616	0.00411	0.00352	0.00235	0.00117	0.00293	0.00205	0.00235	0.00411
18	0.00909	0.00614	0.06353	0.00655	0.00848	0.00506	0.04776	0.01122	0.04324	0.24823	0.29064	0.08382	0.06522	0.02513	0.03162	0.00146	0.00316	0.04126	0.00380	0.00461
19	0.01003	0.06616	0.02784	0.11522	0.27823	0.04487	0.03202	0.04775	0.02321	0.14173	0.03531	0.10452	0.00937	0.00477	0.00379	0.00116	0.00407	0.00423	0.00266	0.04306
20	0.03368	0.00762	0.05259	0.28340	0.04326	0.02554	0.00734	0.03802	0.03263	0.03129	0.07480	0.01076	0.00817	0.00445	0.02489	0.00111	0.00400	0.00323	0.00232	0.31090
21	0.09306	0.03462	0.02658	0.14155	0.01279	0.04498	0.04860	0.12138	0.10883	0.11748	0.04728	0.01057	0.00800	0.00410	0.00349	0.00107	0.00384	0.00334	0.00290	0.16554

[dist]
# distance from previous block
# <min> <max>
0	10

[block]
# block no. 2 follows, 72 sequences, length 8
# corresponding to MSA columns:
# 642-649
name=unknown_C
#
# <colnr> <probs for GDERKNQSTAVLIFYWHMCP>
#	G	D	E	R	K	N	Q	S	T	A	V	L	I	F	Y	W	H	M	C	P
0	0.19481	0.00909	0.07377	0.17771	0.02753	0.04787	0.00722	0.16825	0.02405	0.08607	0.02969	0.00926	0.00648	0.00394	0.00335	0.00110	0.00399	0.00302	0.00267	0.12013
1	0.08842	0.00890	0.01364	0.10248	0.50779	0.00942	0.03818	0.13593	0.00966	0.01418	0.00719	0.00913	0.00577	0.00370	0.00392	0.00117	0.02940	0.00330	0.00219	0.00564
2	0.00648	0.00466	0.00536	0.00521	0.00593	0.00470	0.00358	0.13103	0.00842	0.01114	0.03921	0.27452	0.10969	0.33828	0.03273	0.00238	0.00324	0.00705	0.00307	0.00333
3	0.00902	0.00863	0.01473	0.16203	0.70720	0.00891	0.01146	0.01132	0.00846	0.01194	0.00707	0.00951	0.00585	0.00345	0.00376	0.00115	0.00460	0.00338	0.00185	0.00571
4	0.00731	0.00689	0.01164	0.80168	0.08087	0.00847	0.01061	0.00982	0.00765	0.00987	0.00677	0.01006	0.00512	0.00376	0.00379	0.00125	0.00502	0.00337	0.00170	0.00433
5	0.00528	0.00435	0.00714	0.00691	0.00768	0.00407	0.12917	0.00633	0.00752	0.01006	0.01889	0.73429	0.02214	0.01056	0.00479	0.00150	0.00284	0.00982	0.00328	0.00339
6	0.00860	0.00809	0.01362	0.14815	0.62450	0.00831	0.01056	0.01084	0.00871	0.01230	0.10094	0.01163	0.00921	0.00393	0.00384	0.00115	0.00428	0.00377	0.00211	0.00546
7	0.00850	0.00705	0.01154	0.61120	0.12970	0.00820	0.00992	0.01081	0.00801	0.09427	0.00757	0.01017	0.00563	0.00388	0.00402	0.00123	0.03038	0.00338	0.00203	0.03252

[dist]
# distance from previous block
# <min> <max>
1	36

[block]
# block no. 3 follows, 72 sequences, length 16
# corresponding to MSA columns:
# 686-701
name=unknown_D
#
# <colnr> <probs for GDERKNQSTAVLIFYWHMCP>
#	G	D	E	R	K	N	Q	S	T	A	V	L	I	F	Y	W	H	M	C	P
0	0.05442	0.03898	0.07523	0.09354	0.05628	0.07925	0.04595	0.12876	0.15169	0.10352	0.01933	0.03062	0.00770	0.00445	0.00403	0.00117	0.04166	0.00355	0.00285	0.05702
1	0.07043	0.06278	0.05201	0.12937	0.09458	0.07221	0.03239	0.28302	0.03749	0.02901	0.00761	0.00883	0.00582	0.00419	0.00424	0.00116	0.07108	0.00316	0.00260	0.02804
2	0.28445	0.07897	0.01113	0.16349	0.11227	0.02409	0.10111	0.02467	0.00805	0.06270	0.00986	0.01108	0.08503	0.00417	0.00336	0.00117	0.00401	0.00343	0.00233	0.00463
3	0.00490	0.00349	0.00457	0.00529	0.00561	0.00330	0.00366	0.00566	0.00744	0.00990	0.05973	0.63859	0.04168	0.09602	0.00629	0.00175	0.00245	0.09319	0.00343	0.00307
4	0.02595	0.28559	0.07748	0.04277	0.01125	0.13254	0.00707	0.05018	0.21634	0.05065	0.00879	0.00908	0.00686	0.00397	0.00322	0.00103	0.00423	0.00293	0.00252	0.05757
5	0.01120	0.57577	0.06538	0.00757	0.01074	0.13647	0.02291	0.06810	0.00904	0.05317	0.00625	0.00694	0.00522	0.00353	0.00285	0.00091	0.00456	0.00237	0.00198	0.00503
6	0.00541	0.00392	0.00461	0.00486	0.00545	0.00374	0.00353	0.00616	0.00727	0.00926	0.02138	0.03304	0.23909	0.39404	0.01134	0.00249	0.00315	0.23543	0.00296	0.00288
7	0.00552	0.00368	0.00414	0.00414	0.00414	0.00368	0.00230	0.00552	0.00552	0.00735	0.01195	0.02482	0.01379	0.86672	0.01930	0.00368	0.00368	0.00552	0.00230	0.00230
8	0.01453	0.01091	0.03883	0.00860	0.01163	0.07291	0.00722	0.63226	0.01603	0.13436	0.00959	0.00942	0.00668	0.00449	0.00376	0.00113	0.00429	0.00338	0.00371	0.00627
9	0.00961	0.69009	0.19411	0.00740	0.01114	0.01370	0.00807	0.01149	0.00777	0.00957	0.00560	0.00649	0.00485	0.00332	0.00268	0.00089	0.00438	0.00219	0.00162	0.00502
10	0.00879	0.44030	0.30639	0.04516	0.01247	0.03518	0.00903	0.01117	0.00801	0.01025	0.02405	0.00928	0.05780	0.00390	0.00310	0.00101	0.00454	0.00284	0.00180	0.00495
11	0.00825	0.23427	0.63802	0.00972	0.01473	0.01037	0.01211	0.01185	0.00793	0.01123	0.00642	0.00752	0.00482	0.00351	0.00331	0.00110	0.00521	0.00261	0.00161	0.00542
12	0.05831	0.22200	0.36161	0.00923	0.02877	0.05447	0.05716	0.04784	0.00872	0.05913	0.02097	0.00931	0.03903	0.00391	0.00336	0.00110	0.00477	0.00302	0.00208	0.00522
13	0.07339	0.16408	0.34402	0.02088	0.01263	0.04751	0.05500	0.01150	0.00822	0.05613	0.03281	0.04480	0.02694	0.00413	0.00339	0.00108	0.00451	0.00328	0.00212	0.08358
14	0.11001	0.12872	0.34964	0.04140	0.01293	0.02091	0.03695	0.02854	0.05470	0.07933	0.03929	0.02841	0.00721	0.00404	0.00340	0.00113	0.00441	0.00317	0.00229	0.04352
15	0.06468	0.11125	0.35603	0.03362	0.01302	0.04102	0.05021	0.02530	0.00846	0.09873	0.01888	0.05124	0.01964	0.00438	0.00364	0.00115	0.01497	0.02287	0.00228	0.05864

[dist]
# distance from previous block
# <min> <max>
1	53

[block]
# block no. 4 follows, 72 sequences, length 21
# corresponding to MSA columns:
# 765-785
name=unknown_E
#
# <colnr> <probs for GDERKNQSTAVLIFYWHMCP>
#	G	D	E	R	K	N	Q	S	T	A	V	L	I	F	Y	W	H	M	C	P
0	0.12727	0.03772	0.05426	0.18883	0.03215	0.08846	0.03423	0.04111	0.04505	0.04741	0.13599	0.02588	0.01069	0.02202	0.00469	0.00126	0.07749	0.00380	0.00254	0.01915
1	0.14503	0.14401	0.03619	0.07413	0.01160	0.14612	0.04676	0.04795	0.12655	0.07193	0.00845	0.03085	0.00673	0.00412	0.00344	0.00108	0.01834	0.00312	0.00253	0.07106
2	0.00694	0.16589	0.03146	0.04483	0.03180	0.02662	0.05841	0.00884	0.04941	0.01082	0.08304	0.17256	0.17551	0.02648	0.00441	0.00130	0.00331	0.07898	0.00287	0.01651
3	0.00750	0.00688	0.10022	0.03330	0.07122	0.02416	0.02863	0.00917	0.00861	0.11306	0.09912	0.26062	0.11704	0.00786	0.00457	0.00135	0.02532	0.07391	0.00321	0.00424
4	0.19931	0.61893	0.01606	0.00634	0.00932	0.05503	0.00600	0.01169	0.00768	0.03350	0.00557	0.00632	0.00483	0.00338	0.00250	0.00091	0.00393	0.00210	0.00188	0.00472
5	0.00826	0.06466	0.73664	0.01050	0.01569	0.07608	0.01308	0.01222	0.00821	0.01163	0.00665	0.00781	0.00481	0.00361	0.00353	0.00116	0.00562	0.00273	0.00163	0.00547
6	0.00534	0.00363	0.00430	0.00455	0.00465	0.00358	0.00278	0.00559	0.00609	0.00810	0.01445	0.21991	0.01683	0.62348	0.01521	0.00308	0.00333	0.04992	0.00264	0.00254
7	0.00974	0.73428	0.15107	0.00717	0.01079	0.01402	0.00768	0.01146	0.00775	0.00941	0.00552	0.00639	0.00486	0.00330	0.00262	0.00087	0.00430	0.00215	0.00162	0.00498
8	0.09906	0.78226	0.01843	0.00634	0.00949	0.01435	0.00625	0.01134	0.00758	0.00974	0.00527	0.00609	0.00479	0.00327	0.00242	0.00085	0.00394	0.00203	0.00170	0.00479
9	0.00552	0.00368	0.00414	0.00414	0.00414	0.00368	0.00230	0.00552	0.00552	0.00735	0.01195	0.02482	0.01379	0.86672	0.01930	0.00368	0.00368	0.00552	0.00230	0.00230
10	0.00448	0.00384	0.00384	0.00384	0.00512	0.00320	0.00288	0.00544	0.00864	0.01025	0.03842	0.03650	0.84152	0.00960	0.00448	0.00128	0.00192	0.00800	0.00352	0.00320
11	0.00789	0.11366	0.75548	0.01033	0.01567	0.00949	0.01318	0.01194	0.00797	0.01167	0.00664	0.00779	0.00481	0.00356	0.00347	0.00116	0.00543	0.00272	0.00160	0.00552
12	0.00904	0.33515	0.47718	0.00913	0.01358	0.07406	0.01072	0.01200	0.00810	0.01066	0.00617	0.00721	0.00483	0.00349	0.00315	0.00104	0.00512	0.00249	0.00164	0.00524
13	0.00996	0.81041	0.07693	0.00679	0.01019	0.01458	0.00701	0.01140	0.00773	0.00914	0.00538	0.00622	0.00486	0.00327	0.00251	0.00084	0.00416	0.00208	0.00162	0.00492
14	0.00748	0.08267	0.66257	0.00971	0.01444	0.00862	0.01202	0.01123	0.00803	0.01175	0.06448	0.00978	0.00730	0.00572	0.06693	0.00154	0.00556	0.00312	0.00181	0.00524
15	0.00681	0.00476	0.00545	0.00519	0.00578	0.00492	0.00354	0.12432	0.00778	0.01035	0.01328	0.04392	0.03529	0.58145	0.03922	0.00306	0.00384	0.09526	0.00270	0.00310
16	0.01314	0.16553	0.07534	0.00848	0.01174	0.01212	0.00759	0.62210	0.01528	0.02032	0.00824	0.00848	0.00604	0.00425	0.00354	0.00108	0.00426	0.00312	0.00324	0.00610
17	0.03110	0.61286	0.22156	0.00750	0.01122	0.01301	0.00822	0.01137	0.00770	0.00987	0.00580	0.00683	0.00498	0.00413	0.02928	0.00108	0.00460	0.00228	0.00165	0.00498
18	0.00804	0.20642	0.61871	0.00960	0.01441	0.00990	0.01185	0.01157	0.00794	0.01125	0.00721	0.03182	0.00583	0.00393	0.00342	0.00114	0.00511	0.02481	0.00171	0.00532
19	0.01026	0.51583	0.14440	0.00735	0.01065	0.10893	0.00741	0.01194	0.00839	0.06725	0.00872	0.00921	0.06767	0.00395	0.00298	0.00095	0.00440	0.00276	0.00201	0.00491
20	0.02795	0.11804	0.61118	0.00954	0.01421	0.02827	0.01158	0.01167	0.00803	0.03644	0.00778	0.06691	0.00635	0.00415	0.00351	0.00116	0.00503	0.00326	0.00187	0.02308

[dist]
# distance from previous block
# <min> <max>
13	24

[block]
# block no. 5 follows, 72 sequences, length 40
# corresponding to MSA columns:
# 814-853
name=unknown_F
#
# <colnr> <probs for GDERKNQSTAVLIFYWHMCP>
#	G	D	E	R	K	N	Q	S	T	A	V	L	I	F	Y	W	H	M	C	P
0	0.00901	0.03647	0.05392	0.05890	0.28383	0.05875	0.00790	0.03076	0.00887	0.10748	0.02254	0.18995	0.05648	0.00618	0.00405	0.00125	0.00386	0.05214	0.00277	0.00488
1	0.02762	0.19140	0.03750	0.01044	0.08453	0.09802	0.20248	0.02005	0.02203	0.11040	0.02341	0.03899	0.03610	0.02997	0.00408	0.00116	0.00460	0.00375	0.00241	0.05105
2	0.03914	0.00756	0.00831	0.00674	0.00924	0.05063	0.02434	0.07103	0.19557	0.11459	0.01132	0.05640	0.02030	0.06352	0.00455	0.00117	0.00331	0.00379	0.00308	0.30541
3	0.01104	0.00717	0.00903	0.00734	0.00964	0.00725	0.04911	0.21057	0.12455	0.20358	0.13303	0.07905	0.01357	0.00678	0.04948	0.00144	0.00365	0.00470	0.00374	0.06528
4	0.00979	0.01027	0.08882	0.03029	0.26282	0.02233	0.33548	0.03071	0.00890	0.08458	0.00785	0.00979	0.00599	0.00373	0.00470	0.00124	0.07130	0.00378	0.00214	0.00547
5	0.00572	0.03072	0.00684	0.00612	0.00720	0.02375	0.06853	0.00712	0.02911	0.01067	0.10247	0.31057	0.26122	0.01014	0.04895	0.00161	0.03901	0.02349	0.00322	0.00355
6	0.01230	0.05413	0.03816	0.00798	0.01076	0.01009	0.00669	0.40767	0.24026	0.09795	0.03618	0.02438	0.00915	0.00480	0.00375	0.00116	0.00367	0.00379	0.00369	0.02342
7	0.51309	0.00996	0.05220	0.00761	0.03036	0.12019	0.06043	0.10114	0.02007	0.04453	0.00653	0.00736	0.00494	0.00373	0.00296	0.00115	0.00400	0.00258	0.00247	0.00470
8	0.00479	0.00360	0.00437	0.00469	0.00535	0.00326	0.00328	0.00575	0.00831	0.01090	0.20237	0.39988	0.26010	0.05863	0.00548	0.00151	0.00212	0.00884	0.00359	0.00318
9	0.01145	0.53248	0.01729	0.00786	0.01107	0.01359	0.06242	0.27704	0.01107	0.01400	0.00668	0.00734	0.00544	0.00367	0.00301	0.00095	0.00425	0.00264	0.00235	0.00540
10	0.07024	0.03569	0.07068	0.18938	0.04421	0.04552	0.12561	0.24907	0.01096	0.02826	0.00753	0.00897	0.00562	0.00379	0.00363	0.00112	0.00467	0.00323	0.00249	0.08933
11	0.00866	0.33337	0.47415	0.00982	0.03607	0.01115	0.05518	0.01177	0.00796	0.01088	0.00629	0.00745	0.00491	0.00344	0.00322	0.00106	0.00504	0.00262	0.00163	0.00532
12	0.01043	0.00969	0.01455	0.01767	0.48455	0.05322	0.10383	0.18484	0.01084	0.01479	0.05232	0.01031	0.00761	0.00387	0.00387	0.00114	0.00463	0.00365	0.00241	0.00578
13	0.00468	0.00354	0.00441	0.00491	0.00549	0.00326	0.00343	0.00554	0.00778	0.01013	0.07691	0.52913	0.24628	0.01212	0.06204	0.00176	0.00264	0.00932	0.00346	0.00317
14	0.09236	0.43758	0.01824	0.00945	0.01269	0.06059	0.24657	0.06126	0.00874	0.01154	0.00624	0.00753	0.00515	0.00337	0.00316	0.00101	0.00480	0.00285	0.00193	0.00494
15	0.00767	0.01757	0.69520	0.01117	0.01630	0.00864	0.12028	0.01178	0.00827	0.01220	0.05034	0.00936	0.00654	0.00377	0.00376	0.00121	0.00551	0.00323	0.00178	0.00544
16	0.00511	0.00374	0.00486	0.00559	0.00617	0.00353	0.00423	0.00615	0.00790	0.01024	0.02303	0.45031	0.14654	0.03449	0.00531	0.00163	0.00262	0.27186	0.00348	0.00321
17	0.00534	0.00389	0.00527	0.00532	0.00581	0.00423	0.00383	0.00623	0.00616	0.00852	0.01318	0.06489	0.06791	0.27352	0.50337	0.00481	0.00726	0.00512	0.00229	0.00304
18	0.00823	0.22968	0.64249	0.00974	0.01476	0.01034	0.01215	0.01185	0.00793	0.01125	0.00643	0.00753	0.00482	0.00351	0.00331	0.00110	0.00522	0.00261	0.00161	0.00542
19	0.00482	0.00386	0.00430	0.00419	0.00533	0.00334	0.00314	0.00609	0.00943	0.01211	0.34056	0.03342	0.53821	0.00891	0.00448	0.00125	0.00187	0.00757	0.00377	0.00334
20	0.00548	0.00366	0.00415	0.00418	0.00418	0.00366	0.00234	0.00551	0.00558	0.00743	0.01226	0.05369	0.01418	0.83731	0.01881	0.00360	0.00363	0.00570	0.00234	0.00232
21	0.89350	0.00733	0.00557	0.00499	0.00733	0.00851	0.00411	0.01115	0.00645	0.01702	0.00528	0.00616	0.00411	0.00352	0.00235	0.00117	0.00293	0.00205	0.00235	0.00411
22	0.01096	0.69670	0.01803	0.00715	0.01014	0.18438	0.00666	0.01212	0.00832	0.00900	0.00539	0.00624	0.00487	0.00338	0.00263	0.00084	0.00462	0.00211	0.00169	0.00477
23	0.87622	0.00732	0.00564	0.00502	0.00738	0.00845	0.00414	0.01129	0.00654	0.03336	0.00547	0.00629	0.00421	0.00354	0.00238	0.00117	0.00294	0.00209	0.00239	0.00415
24	0.06119	0.03384	0.27265	0.03182	0.02264	0.07030	0.01930	0.01223	0.06377	0.09386	0.00779	0.00959	0.00618	0.03762	0.01989	0.00147	0.22552	0.00321	0.00219	0.00495
25	0.00929	0.47790	0.37253	0.00834	0.01258	0.01205	0.00967	0.01187	0.00794	0.03799	0.00625	0.00713	0.00499	0.00345	0.00298	0.00099	0.00469	0.00242	0.00172	0.00523
26	0.00542	0.00406	0.00610	0.00610	0.00677	0.00474	0.00474	0.00677	0.00610	0.00880	0.01016	0.01490	0.00948	0.02844	0.85169	0.00610	0.01016	0.00406	0.00203	0.00339
27	0.02768	0.40361	0.17144	0.00814	0.01175	0.02666	0.06341	0.05565	0.00904	0.17781	0.00787	0.00826	0.00589	0.00368	0.00315	0.00101	0.00437	0.00278	0.00238	0.00540
28	0.00659	0.00329	0.00494	0.00494	0.00494	0.00329	0.00329	0.00494	0.00494	0.00659	0.00659	0.01153	0.00659	0.01318	0.01482	0.88966	0.00329	0.00329	0.00165	0.00165
29	0.01650	0.00657	0.00879	0.00681	0.00969	0.00584	0.00560	0.01860	0.06672	0.78951	0.01499	0.01299	0.00954	0.00472	0.00382	0.00118	0.00321	0.00385	0.00464	0.00642
30	0.00462	0.00330	0.00440	0.00528	0.00550	0.00308	0.00352	0.00528	0.00726	0.00968	0.02090	0.86424	0.02508	0.01188	0.00484	0.00154	0.00220	0.01078	0.00352	0.00308
31	0.00825	0.14721	0.65424	0.01012	0.01515	0.00959	0.04172	0.01200	0.00812	0.03403	0.02214	0.00830	0.00554	0.00364	0.00348	0.00114	0.00526	0.00285	0.00175	0.00546
32	0.11732	0.00559	0.00696	0.03405	0.00848	0.00523	0.00486	0.01277	0.00956	0.40725	0.11982	0.07713	0.12039	0.00633	0.00395	0.00125	0.00285	0.04734	0.00395	0.00494
33	0.00789	0.01763	0.67261	0.01190	0.01714	0.00897	0.18648	0.01204	0.00821	0.01204	0.00699	0.00848	0.00501	0.00352	0.00379	0.00122	0.00577	0.00316	0.00167	0.00550
34	0.00983	0.12205	0.39601	0.01049	0.06962	0.23984	0.01038	0.03081	0.00894	0.01105	0.00719	0.05354	0.00604	0.00409	0.00349	0.00110	0.00546	0.00309	0.00187	0.00509
35	0.00740	0.14550	0.44928	0.00892	0.01279	0.00839	0.05262	0.01041	0.00819	0.01134	0.04722	0.06688	0.07784	0.00528	0.00379	0.00122	0.00455	0.07138	0.00217	0.00485
36	0.02588	0.12669	0.47171	0.03450	0.01362	0.02845	0.01054	0.01213	0.03680	0.07782	0.00950	0.01284	0.01913	0.00460	0.00366	0.00121	0.00478	0.09872	0.00220	0.00521
37	0.08750	0.34310	0.25945	0.00735	0.01063	0.00999	0.00786	0.01062	0.00774	0.03650	0.02254	0.11365	0.02226	0.03153	0.00373	0.00117	0.00407	0.01349	0.00212	0.00470
38	0.02263	0.19321	0.32663	0.03444	0.01316	0.01925	0.09188	0.02200	0.00832	0.07159	0.02812	0.09445	0.00813	0.00497	0.02004	0.00123	0.00471	0.00379	0.00219	0.02927
39	0.26765	0.07891	0.14774	0.00818	0.01114	0.04075	0.12674	0.01103	0.00755	0.03765	0.00718	0.03224	0.00610	0.05794	0.00466	0.00128	0.04874	0.00314	0.00214	0.09924

[dist]
# distance from previous block
# <min> <max>
2	31

[block]
# block no. 6 follows, 72 sequences, length 43
# corresponding to MSA columns:
# 888-930
name=unknown_G
#
# <colnr> <probs for GDERKNQSTAVLIFYWHMCP>
#	G	D	E	R	K	N	Q	S	T	A	V	L	I	F	Y	W	H	M	C	P
0	0.04718	0.07115	0.08797	0.06100	0.38043	0.00946	0.06429	0.13016	0.02707	0.02835	0.00820	0.04422	0.00686	0.00406	0.00371	0.00116	0.00445	0.01238	0.00230	0.00558
1	0.03458	0.03044	0.25726	0.03750	0.20588	0.11360	0.04609	0.03266	0.02175	0.09274	0.00770	0.00883	0.00579	0.00365	0.00356	0.00109	0.00486	0.00303	0.00219	0.08680
2	0.04888	0.01898	0.01091	0.06033	0.27641	0.00741	0.03757	0.02235	0.10515	0.03378	0.04555	0.05346	0.00875	0.00412	0.00354	0.00102	0.00361	0.00367	0.00250	0.25203
3	0.00788	0.02779	0.00772	0.00668	0.03813	0.00622	0.02167	0.01165	0.21925	0.07028	0.07087	0.04360	0.23495	0.00608	0.00408	0.00112	0.02606	0.00507	0.00328	0.18762
4	0.06176	0.02260	0.12735	0.00879	0.01190	0.03372	0.08669	0.18389	0.20293	0.18434	0.01120	0.03019	0.00816	0.00453	0.00376	0.00120	0.00409	0.00376	0.00333	0.00581
5	0.00466	0.00333	0.00444	0.00532	0.00556	0.00311	0.00359	0.00535	0.00730	0.00972	0.02088	0.84304	0.02500	0.01185	0.00485	0.00155	0.00223	0.03161	0.00352	0.00309
6	0.00965	0.16460	0.10698	0.04139	0.20303	0.03306	0.25477	0.01250	0.04477	0.05793	0.00762	0.00923	0.00594	0.00359	0.00396	0.00115	0.02899	0.00344	0.00205	0.00536
7	0.00971	0.60970	0.21142	0.00810	0.03406	0.05140	0.00841	0.01169	0.00794	0.00975	0.00571	0.00665	0.00488	0.00336	0.00279	0.00092	0.00455	0.00226	0.00164	0.00505
8	0.00494	0.00386	0.00448	0.00432	0.00540	0.00340	0.00324	0.00633	0.00973	0.01282	0.45533	0.03226	0.42300	0.00864	0.00448	0.00124	0.00185	0.00741	0.00386	0.00340
9	0.00547	0.00384	0.00495	0.00495	0.00524	0.00412	0.00332	0.00604	0.00576	0.00796	0.01120	0.02068	0.01199	0.51689	0.36667	0.00469	0.00638	0.00491	0.00219	0.00275
10	0.00858	0.34704	0.52819	0.00914	0.01384	0.01120	0.01111	0.01176	0.00789	0.01082	0.00621	0.00727	0.00483	0.00346	0.00315	0.00105	0.00501	0.00250	0.00161	0.00532
11	0.00635	0.00526	0.00680	0.00622	0.00736	0.00530	0.00472	0.00739	0.00705	0.01021	0.01271	0.32468	0.01404	0.06420	0.06912	0.00176	0.14808	0.03565	0.00265	0.26045
12	0.03201	0.01249	0.25534	0.01075	0.01470	0.00946	0.21021	0.26462	0.01161	0.12825	0.00879	0.00951	0.00614	0.00394	0.00387	0.00120	0.00497	0.00352	0.00279	0.00582
13	0.00855	0.33695	0.53802	0.00920	0.01392	0.01112	0.01120	0.01177	0.00789	0.01086	0.00623	0.00729	0.00483	0.00347	0.00317	0.00106	0.00503	0.00251	0.00161	0.00533
14	0.00462	0.00330	0.00440	0.00528	0.00550	0.00308	0.00352	0.00528	0.00726	0.00968	0.02090	0.86424	0.02508	0.01188	0.00484	0.00154	0.00220	0.01078	0.00352	0.00308
15	0.00966	0.00870	0.01472	0.08374	0.73531	0.00877	0.01121	0.01189	0.00868	0.05980	0.00755	0.00964	0.00613	0.00348	0.00376	0.00114	0.00447	0.00340	0.00202	0.00590
16	0.03223	0.06999	0.32100	0.02867	0.22830	0.02484	0.04440	0.04303	0.02542	0.13430	0.00822	0.00918	0.00601	0.00374	0.00361	0.00115	0.00474	0.00315	0.00229	0.00572
17	0.00980	0.01080	0.01165	0.35312	0.12842	0.27697	0.00927	0.01156	0.00848	0.00983	0.00635	0.00883	0.00520	0.00459	0.02037	0.00129	0.11409	0.00308	0.00180	0.00449
18	0.00531	0.00379	0.00519	0.00607	0.00659	0.00367	0.00472	0.00647	0.00794	0.01045	0.02052	0.48529	0.02358	0.01123	0.00502	0.00164	0.00280	0.38294	0.00351	0.00327
19	0.00496	0.00356	0.00478	0.00564	0.00603	0.00338	0.00410	0.00587	0.00763	0.01008	0.02111	0.65733	0.04292	0.01151	0.00492	0.00158	0.00249	0.19542	0.00351	0.00318
20	0.00943	0.00815	0.00858	0.00772	0.00986	0.00943	0.00600	0.02015	0.83621	0.01586	0.01544	0.01415	0.01158	0.00515	0.00386	0.00129	0.00300	0.00429	0.00386	0.00600
21	0.00905	0.32503	0.50193	0.00902	0.01363	0.01086	0.01083	0.01214	0.00806	0.05762	0.00671	0.00759	0.00508	0.00354	0.00319	0.00106	0.00491	0.00258	0.00178	0.00539
22	0.02561	0.03891	0.61176	0.03380	0.04755	0.03324	0.03267	0.06556	0.00871	0.03004	0.00722	0.00874	0.00535	0.02988	0.00407	0.00126	0.00531	0.00298	0.00188	0.00546
23	0.01014	0.86900	0.01987	0.00649	0.00973	0.01501	0.00649	0.01136	0.00771	0.00892	0.00527	0.00608	0.00487	0.00324	0.00243	0.00081	0.00406	0.00203	0.00162	0.00487
24	0.00984	0.05105	0.01047	0.03469	0.03425	0.32948	0.08176	0.01175	0.03981	0.01063	0.01212	0.03109	0.02167	0.00638	0.00419	0.00131	0.00508	0.29762	0.00259	0.00423
25	0.00717	0.02555	0.07130	0.00812	0.10301	0.03534	0.03113	0.00880	0.00900	0.07817	0.21666	0.22925	0.12720	0.00764	0.00430	0.00128	0.00303	0.02559	0.00329	0.00417
26	0.00451	0.00384	0.00387	0.00387	0.00514	0.00321	0.00290	0.00549	0.00870	0.01038	0.05978	0.03628	0.82007	0.00956	0.00448	0.00128	0.00192	0.00797	0.00354	0.00321
27	0.00733	0.00691	0.01168	0.79465	0.08776	0.00847	0.01062	0.00984	0.00766	0.00989	0.00677	0.01006	0.00513	0.00376	0.00379	0.00125	0.00501	0.00337	0.00170	0.00435
28	0.00834	0.05682	0.03041	0.12576	0.15291	0.04713	0.00692	0.02979	0.07279	0.07789	0.09198	0.01936	0.21264	0.00594	0.00407	0.00121	0.01236	0.03613	0.00292	0.00464
29	0.00993	0.00870	0.10895	0.02739	0.07815	0.00774	0.00701	0.07760	0.30491	0.15095	0.04454	0.01607	0.13059	0.00540	0.00392	0.00123	0.00341	0.00450	0.00347	0.00554
30	0.01014	0.86900	0.01987	0.00649	0.00973	0.01501	0.00649	0.01136	0.00771	0.00892	0.00527	0.00608	0.00487	0.00324	0.00243	0.00081	0.00406	0.00203	0.00162	0.00487
31	0.00498	0.00500	0.06594	0.00474	0.00618	0.00373	0.00399	0.00641	0.00905	0.01160	0.23231	0.06850	0.52248	0.00883	0.00445	0.00128	0.00222	0.03129	0.00354	0.00347
32	0.00786	0.00674	0.00786	0.00562	0.00899	0.00506	0.00449	0.00955	0.00786	0.01236	0.00674	0.00786	0.00562	0.00281	0.00281	0.00056	0.00281	0.00225	0.00225	0.88990
33	0.00761	0.01962	0.84707	0.01081	0.01641	0.00881	0.01401	0.01201	0.00801	0.01201	0.00681	0.00801	0.00480	0.00360	0.00360	0.00120	0.00560	0.00280	0.00160	0.00560
34	0.00716	0.00674	0.01138	0.85760	0.02612	0.00843	0.01053	0.00969	0.00758	0.00969	0.00674	0.01011	0.00506	0.00379	0.00379	0.00126	0.00506	0.00337	0.00169	0.00421
35	0.00539	0.00389	0.00537	0.00543	0.00586	0.00430	0.00389	0.00628	0.00599	0.00841	0.01144	0.07529	0.01188	0.28944	0.53430	0.00503	0.00760	0.00497	0.00222	0.00303
36	0.00895	0.01023	0.02238	0.01598	0.01982	0.00959	0.82928	0.01215	0.00895	0.01215	0.00767	0.01023	0.00575	0.00320	0.00448	0.00128	0.00639	0.00448	0.00192	0.00512
37	0.00814	0.01104	0.32265	0.01072	0.16251	0.00682	0.00926	0.01098	0.02611	0.10000	0.09171	0.07947	0.09380	0.00565	0.00400	0.00125	0.00402	0.04411	0.00269	0.00505
38	0.00484	0.00354	0.00481	0.00543	0.00584	0.00351	0.00384	0.00571	0.00711	0.00955	0.01939	0.59233	0.06981	0.01561	0.20424	0.00260	0.00409	0.03139	0.00317	0.00317
39	0.00720	0.00679	0.01138	0.83186	0.02563	0.00852	0.01046	0.00967	0.00753	0.00967	0.00669	0.01006	0.00505	0.00388	0.00405	0.00128	0.03101	0.00337	0.00168	0.00421
40	0.01240	0.02728	0.11746	0.03644	0.15166	0.00852	0.05902	0.18089	0.05824	0.27438	0.02862	0.01094	0.00790	0.00425	0.00380	0.00117	0.00416	0.00362	0.00326	0.00600
41	0.35462	0.05640	0.00987	0.03186	0.08526	0.17516	0.02561	0.09616	0.02810	0.06335	0.00684	0.00774	0.00529	0.00389	0.00341	0.00113	0.03534	0.00268	0.00246	0.00482
42	0.00473	0.00361	0.00435	0.00475	0.00545	0.00327	0.00337	0.00563	0.00803	0.01033	0.09921	0.41640	0.32221	0.03483	0.03081	0.00162	0.00238	0.03234	0.00350	0.00317

[dist]
# distance from previous block
# <min> <max>
1	4

[block]
# block no. 7 follows, 72 sequences, length 25
# corresponding to MSA columns:
# 935-959
name=unknown_H
#
# <colnr> <probs for GDERKNQSTAVLIFYWHMCP>
#	G	D	E	R	K	N	Q	S	T	A	V	L	I	F	Y	W	H	M	C	P
0	0.03501	0.05521	0.04597	0.00767	0.04232	0.10687	0.02289	0.00945	0.03719	0.03020	0.01061	0.01349	0.05254	0.01782	0.47349	0.00388	0.02537	0.00382	0.00218	0.00403
1	0.22945	0.01314	0.02607	0.00637	0.00804	0.01620	0.04884	0.01918	0.05100	0.03289	0.01323	0.01613	0.11902	0.01433	0.32911	0.00311	0.00592	0.04144	0.00254	0.00397
2	0.01981	0.34528	0.20636	0.00974	0.07757	0.07699	0.06746	0.03072	0.02137	0.01103	0.00637	0.00753	0.00521	0.00344	0.00322	0.00098	0.01383	0.00262	0.00184	0.08862
3	0.00475	0.00337	0.00444	0.00525	0.00548	0.00318	0.00352	0.00540	0.00717	0.00955	0.02011	0.76108	0.02400	0.08470	0.00609	0.00173	0.00238	0.04137	0.00342	0.00303
4	0.02652	0.14534	0.17961	0.00857	0.01187	0.12911	0.00813	0.29511	0.07290	0.02570	0.02719	0.00913	0.01460	0.00418	0.00347	0.00108	0.00459	0.00308	0.00272	0.02710
5	0.11127	0.33658	0.10618	0.00710	0.01022	0.06504	0.00675	0.07021	0.06533	0.05121	0.00803	0.03022	0.02075	0.00394	0.00301	0.00098	0.00397	0.00283	0.00232	0.09407
6	0.00911	0.10185	0.51200	0.00962	0.01402	0.02732	0.04911	0.05667	0.02468	0.08321	0.05586	0.00994	0.00740	0.01838	0.00387	0.00120	0.00493	0.00322	0.00221	0.00543
7	0.00891	0.44578	0.34984	0.00812	0.01208	0.01145	0.00924	0.01136	0.00784	0.03055	0.00707	0.05269	0.00619	0.02010	0.00338	0.00107	0.00455	0.00291	0.00180	0.00506
8	0.00613	0.00520	0.00866	0.02406	0.03285	0.00508	0.17820	0.00720	0.00692	0.00931	0.01342	0.24487	0.02493	0.34789	0.06598	0.00261	0.00431	0.00654	0.00252	0.00333
9	0.01066	0.10965	0.32236	0.01179	0.07908	0.02655	0.13788	0.06095	0.00983	0.09345	0.01057	0.04901	0.03277	0.00548	0.02032	0.00149	0.00540	0.00409	0.00269	0.00598
10	0.00774	0.02510	0.06458	0.04434	0.05007	0.07446	0.12040	0.04518	0.00846	0.04890	0.01362	0.35446	0.01436	0.02608	0.06323	0.00172	0.00439	0.02594	0.00279	0.00418
11	0.00784	0.01820	0.73395	0.01235	0.11156	0.00885	0.03100	0.01197	0.00810	0.01206	0.00686	0.00821	0.00496	0.00357	0.00364	0.00119	0.00550	0.00290	0.00164	0.00564
12	0.00824	0.00841	0.04420	0.08551	0.40919	0.00797	0.16967	0.01075	0.01859	0.01243	0.11403	0.01353	0.05370	0.00431	0.00400	0.00118	0.00441	0.00427	0.02045	0.00517
13	0.02117	0.08185	0.17756	0.02792	0.07284	0.32982	0.08621	0.03693	0.01761	0.01102	0.00894	0.02517	0.05077	0.00438	0.00365	0.00112	0.00551	0.03064	0.00208	0.00481
14	0.00653	0.00331	0.00490	0.00490	0.00490	0.00331	0.00324	0.00497	0.00497	0.00663	0.00687	0.01224	0.00697	0.05880	0.01506	0.84230	0.00331	0.00341	0.00168	0.00168
15	0.00485	0.00385	0.00437	0.00432	0.00541	0.00337	0.00325	0.00612	0.00934	0.01203	0.32423	0.06363	0.49874	0.00905	0.00452	0.00127	0.00193	0.03259	0.00375	0.00334
16	0.02867	0.00803	0.00928	0.00739	0.01001	0.00831	0.00601	0.34458	0.10928	0.30627	0.06737	0.03908	0.02777	0.00519	0.00387	0.00119	0.00342	0.00418	0.00410	0.00600
17	0.02039	0.26084	0.09241	0.01043	0.12187	0.13962	0.03601	0.14802	0.00998	0.03834	0.00700	0.00820	0.00567	0.00505	0.04580	0.00130	0.03879	0.00286	0.00220	0.00523
18	0.00935	0.00840	0.06893	0.05421	0.36668	0.00755	0.07380	0.01205	0.06179	0.12882	0.02513	0.01483	0.14210	0.00476	0.00395	0.00119	0.00403	0.00434	0.00267	0.00540
19	0.00492	0.00366	0.00465	0.00530	0.00587	0.00341	0.00385	0.00599	0.01941	0.01032	0.05103	0.54147	0.17551	0.01101	0.00481	0.00151	0.00235	0.13816	0.00354	0.00323
20	0.00984	0.00693	0.02347	0.00745	0.06602	0.06840	0.00539	0.09957	0.03517	0.18452	0.07040	0.07493	0.08870	0.12165	0.04816	0.00178	0.00380	0.04141	0.03783	0.00457
21	0.00910	0.06637	0.06593	0.02965	0.10877	0.02450	0.02637	0.15657	0.07326	0.06045	0.20755	0.05310	0.07357	0.00580	0.00398	0.00119	0.00347	0.02216	0.00325	0.00496
22	0.00813	0.21758	0.49569	0.03964	0.01378	0.02289	0.01069	0.02542	0.00812	0.01120	0.02655	0.05491	0.00718	0.02150	0.00377	0.00119	0.00486	0.01995	0.00187	0.00509
23	0.00914	0.00878	0.01442	0.05222	0.71170	0.02350	0.01094	0.01146	0.02453	0.01201	0.00735	0.00972	0.00622	0.00488	0.04935	0.00141	0.03134	0.00341	0.00191	0.00572
24	0.08781	0.01170	0.01177	0.08673	0.08870	0.31867	0.12043	0.07233	0.02374	0.06378	0.00899	0.04363	0.03652	0.00436	0.00369	0.00114	0.00522	0.00358	0.00241	0.00481

[dist]
# distance from previous block
# <min> <max>
2	15

[block]
# block no. 8 follows, 72 sequences, length 38
# corresponding to MSA columns:
# 975-1012
name=unknown_I
#
# <colnr> <probs for GDERKNQSTAVLIFYWHMCP>
#	G	D	E	R	K	N	Q	S	T	A	V	L	I	F	Y	W	H	M	C	P
0	0.00725	0.28504	0.01001	0.00581	0.00726	0.00733	0.01900	0.00812	0.00743	0.05071	0.01453	0.36923	0.04986	0.07792	0.04401	0.02009	0.00342	0.00648	0.00273	0.00379
1	0.02755	0.02458	0.18521	0.06263	0.03078	0.00629	0.12037	0.00896	0.03188	0.01127	0.04656	0.25780	0.11717	0.00717	0.00427	0.00134	0.00382	0.04543	0.00271	0.00423
2	0.04550	0.02745	0.31174	0.01013	0.02864	0.00876	0.15291	0.06121	0.18093	0.02343	0.04633	0.01166	0.03927	0.00429	0.00380	0.00120	0.00454	0.00377	0.00253	0.03191
3	0.00890	0.01194	0.33004	0.00853	0.03824	0.00716	0.00869	0.04796	0.00858	0.08369	0.00753	0.00847	0.00566	0.00348	0.00356	0.00094	0.02971	0.00271	0.00225	0.38197
4	0.00548	0.00368	0.00423	0.00426	0.00430	0.00371	0.00245	0.00556	0.00560	0.00749	0.01215	0.05073	0.01395	0.80252	0.05594	0.00372	0.00392	0.00562	0.00232	0.00237
5	0.03588	0.02041	0.07405	0.09787	0.38488	0.00784	0.06597	0.01054	0.00840	0.04541	0.03476	0.01392	0.11975	0.01527	0.03001	0.00137	0.02222	0.00413	0.00226	0.00508
6	0.02254	0.05315	0.41220	0.04847	0.09808	0.08213	0.08261	0.02473	0.03469	0.04843	0.03235	0.00926	0.00639	0.00387	0.00387	0.00118	0.02550	0.00319	0.00202	0.00535
7	0.01396	0.00673	0.00838	0.00662	0.00911	0.00644	0.00540	0.18908	0.01209	0.48238	0.13375	0.01444	0.01263	0.00509	0.00381	0.00115	0.00310	0.00415	0.07589	0.00580
8	0.00514	0.00387	0.00476	0.00454	0.00553	0.00348	0.00340	0.00673	0.01021	0.01396	0.63917	0.03038	0.23845	0.00822	0.00448	0.00121	0.00182	0.00715	0.00401	0.00348
9	0.55120	0.01738	0.00751	0.04637	0.05699	0.00832	0.00533	0.07376	0.00815	0.11845	0.03307	0.00867	0.00629	0.02015	0.00341	0.00123	0.02360	0.00276	0.00272	0.00465
10	0.01126	0.09807	0.01389	0.01370	0.26468	0.23753	0.09052	0.02775	0.05497	0.07826	0.00777	0.00910	0.00620	0.00456	0.02798	0.00125	0.04181	0.00320	0.00224	0.00526
11	0.01007	0.00501	0.00643	0.00547	0.00728	0.00446	0.00433	0.02484	0.01042	0.34636	0.31999	0.02318	0.16552	0.00677	0.00417	0.00120	0.00246	0.02010	0.02725	0.00471
12	0.00496	0.00374	0.00460	0.00478	0.00555	0.00341	0.00343	0.00630	0.02337	0.01205	0.34082	0.32872	0.22509	0.00963	0.00460	0.00134	0.00199	0.00849	0.00378	0.00335
13	0.03319	0.09624	0.31205	0.08582	0.09944	0.05049	0.05591	0.01122	0.04595	0.01112	0.00797	0.03376	0.00677	0.06127	0.06236	0.00166	0.01451	0.00345	0.00193	0.00489
14	0.00548	0.00371	0.00439	0.00441	0.00450	0.00379	0.00263	0.00566	0.00564	0.00760	0.01198	0.04735	0.01358	0.73924	0.12146	0.00391	0.00443	0.00549	0.00230	0.00245
15	0.00466	0.00383	0.00411	0.00410	0.00527	0.00328	0.00307	0.00576	0.00895	0.01109	0.17475	0.06941	0.65880	0.00939	0.00451	0.00128	0.00193	0.01891	0.00363	0.00327
16	0.01963	0.00836	0.00947	0.00761	0.01009	0.02246	0.02960	0.36340	0.16275	0.15298	0.08857	0.01281	0.01079	0.00491	0.00378	0.00116	0.00348	0.00397	0.07842	0.00577
17	0.00868	0.01693	0.04379	0.08817	0.56928	0.00856	0.10307	0.01098	0.00846	0.01181	0.00920	0.01161	0.05737	0.03065	0.00435	0.00124	0.00461	0.00382	0.00197	0.00545
18	0.01880	0.35669	0.42094	0.00922	0.02439	0.07334	0.02569	0.01197	0.00810	0.01064	0.00613	0.00720	0.00486	0.00347	0.00313	0.00103	0.00505	0.00250	0.00165	0.00520
19	0.01332	0.01567	0.01145	0.03660	0.03410	0.63242	0.05782	0.09140	0.01111	0.02637	0.02057	0.01845	0.00597	0.00408	0.00358	0.00104	0.00624	0.00291	0.00222	0.00468
20	0.00497	0.00344	0.00462	0.00529	0.00557	0.00336	0.00362	0.00561	0.00697	0.00946	0.01818	0.63239	0.02121	0.06083	0.10189	0.04846	0.00326	0.02963	0.02821	0.00302
21	0.00771	0.05395	0.81363	0.01063	0.01614	0.00906	0.01371	0.01198	0.00799	0.01189	0.00674	0.00793	0.00481	0.00359	0.00356	0.00119	0.00554	0.00277	0.00160	0.00558
22	0.00557	0.00418	0.00528	0.00479	0.00598	0.00371	0.00363	0.00729	0.01029	0.01456	0.69685	0.02675	0.08932	0.00736	0.00430	0.00113	0.00191	0.00645	0.00393	0.09674
23	0.00893	0.00691	0.00812	0.00586	0.00918	0.00543	0.00472	0.05122	0.00860	0.07987	0.00752	0.00833	0.00596	0.00305	0.00294	0.00064	0.00291	0.00243	0.00252	0.77486
24	0.00582	0.00404	0.00468	0.00459	0.00483	0.00417	0.00283	0.01974	0.04308	0.00837	0.03423	0.02314	0.01371	0.70288	0.10548	0.00372	0.00429	0.00531	0.00241	0.00268
25	0.00452	0.00379	0.00393	0.00401	0.00517	0.00320	0.00296	0.00546	0.00854	0.01029	0.05330	0.12336	0.73890	0.00981	0.00452	0.00131	0.00195	0.00827	0.00354	0.00320
26	0.00614	0.00403	0.00528	0.00529	0.00572	0.02573	0.00381	0.00599	0.00604	0.00802	0.01191	0.01718	0.09629	0.07338	0.25300	0.41391	0.00522	0.03705	0.01349	0.00252
27	0.04921	0.01075	0.01019	0.03054	0.01124	0.23803	0.03242	0.13802	0.13353	0.24908	0.01035	0.01021	0.00739	0.00450	0.00410	0.00116	0.04712	0.00336	0.00328	0.00552
28	0.00733	0.00649	0.00905	0.00809	0.00849	0.00855	0.00659	0.03514	0.00643	0.00976	0.00750	0.01117	0.00701	0.01478	0.33227	0.00329	0.45979	0.00362	0.05074	0.00390
29	0.00744	0.00702	0.01187	0.75479	0.12679	0.00850	0.01067	0.00993	0.00771	0.01002	0.00679	0.01002	0.00517	0.00374	0.00379	0.00125	0.00499	0.00337	0.00171	0.00443
30	0.00770	0.00721	0.01213	0.65982	0.14646	0.00851	0.03590	0.03453	0.00808	0.01059	0.00727	0.03209	0.00578	0.00394	0.00383	0.00125	0.00492	0.00360	0.00183	0.00455
31	0.01084	0.56470	0.01669	0.09680	0.01196	0.22433	0.00712	0.01213	0.00846	0.00909	0.00557	0.00670	0.00489	0.00347	0.00282	0.00090	0.00486	0.00227	0.00171	0.00468
32	0.00605	0.04969	0.00685	0.00600	0.00660	0.01663	0.00455	0.00700	0.00607	0.00847	0.00986	0.01629	0.00989	0.23844	0.51169	0.00475	0.08161	0.00424	0.00204	0.00327
33	0.00541	0.00399	0.00474	0.00510	0.00588	0.00377	0.00359	0.00706	0.08062	0.03659	0.02502	0.50656	0.25616	0.03072	0.00496	0.00148	0.00226	0.00907	0.00356	0.00346
34	0.00849	0.00707	0.06105	0.00679	0.00850	0.00664	0.00551	0.28428	0.03629	0.02876	0.06356	0.39087	0.06002	0.00821	0.00432	0.00134	0.00309	0.00711	0.00356	0.00455
35	0.00930	0.00761	0.00958	0.00912	0.08107	0.03478	0.00668	0.23585	0.00951	0.01311	0.00798	0.01101	0.00700	0.03677	0.21504	0.09596	0.19923	0.00357	0.00239	0.00445
36	0.10218	0.00802	0.03563	0.12369	0.10448	0.00852	0.00711	0.12196	0.26749	0.02598	0.10194	0.01279	0.01085	0.00530	0.02577	0.00133	0.00373	0.00389	0.00307	0.02627
37	0.00879	0.21824	0.17482	0.02646	0.01115	0.02344	0.03833	0.06315	0.09269	0.03546	0.07221	0.03516	0.01562	0.00686	0.08759	0.00159	0.03155	0.00359	0.00242	0.05087

[dist]
# distance from previous block
# <min> <max>
4	38

[block]
