[name]
unknown

[dist]
# distance from previous block
# <min> <max>
0	46

[block]
# block no. 0 follows, 69 sequences, length 26
# corresponding to MSA columns:
# 68-93
name=unknown_A
#
# <colnr> <probs for GDERKNQSTAVLIFYWHMCP>
#	G	D	E	R	K	N	Q	S	T	A	V	L	I	F	Y	W	H	M	C	P
0	0.07304	0.05209	0.01159	0.12297	0.18841	0.08047	0.00812	0.16161	0.08635	0.03575	0.01731	0.01102	0.00740	0.02545	0.04266	0.00148	0.02393	0.01718	0.00265	0.03052
1	0.06491	0.02310	0.01054	0.15926	0.09764	0.08610	0.05025	0.11951	0.05857	0.03220	0.04462	0.04857	0.00930	0.10208	0.00562	0.00147	0.00435	0.00406	0.00265	0.07520
2	0.02824	0.00996	0.01492	0.02104	0.66921	0.06075	0.01109	0.07802	0.00966	0.01353	0.00733	0.00940	0.00609	0.00377	0.00421	0.00118	0.04007	0.00341	0.00211	0.00603
3	0.12326	0.00784	0.01023	0.32298	0.02721	0.03177	0.00814	0.09217	0.03890	0.01246	0.00759	0.02140	0.00643	0.04721	0.05045	0.00174	0.17996	0.00355	0.00221	0.00450
4	0.81861	0.07706	0.00696	0.00528	0.00778	0.00934	0.00445	0.01154	0.00678	0.01691	0.00546	0.00636	0.00431	0.00362	0.00243	0.00118	0.00313	0.00212	0.00237	0.00431
5	0.00740	0.00697	0.01176	0.85280	0.02700	0.00871	0.01089	0.01002	0.00784	0.01002	0.00697	0.01045	0.00523	0.00392	0.00392	0.00131	0.00523	0.00348	0.00174	0.00436
6	0.01082	0.01051	0.05811	0.02899	0.34848	0.02217	0.17477	0.19662	0.06014	0.02631	0.00849	0.01004	0.00654	0.00393	0.00416	0.00122	0.01637	0.00375	0.00254	0.00603
7	0.10754	0.03181	0.45280	0.01170	0.01639	0.00938	0.23798	0.03338	0.00873	0.04347	0.00745	0.00888	0.00538	0.00366	0.00382	0.00125	0.00555	0.00333	0.00201	0.00552
8	0.00550	0.00408	0.00551	0.00627	0.02400	0.00382	0.00449	0.00656	0.00783	0.01059	0.01943	0.57102	0.02246	0.01185	0.04452	0.00177	0.00303	0.16893	0.00342	0.07494
9	0.00801	0.00729	0.01176	0.78439	0.02580	0.00899	0.01061	0.07607	0.00870	0.01121	0.00717	0.01037	0.00534	0.00398	0.00392	0.00130	0.00515	0.00349	0.00192	0.00454
10	0.01057	0.01072	0.07233	0.01159	0.13710	0.07760	0.04938	0.12615	0.35825	0.01536	0.01099	0.01138	0.00842	0.00477	0.00469	0.00128	0.07662	0.00383	0.00305	0.00590
11	0.02120	0.00506	0.00529	0.00489	0.00638	0.03714	0.00371	0.00781	0.02837	0.04269	0.26080	0.04511	0.42955	0.00823	0.00438	0.00122	0.00232	0.00693	0.00369	0.07525
12	0.00974	0.00887	0.01108	0.22900	0.13346	0.07692	0.02733	0.05393	0.28082	0.04356	0.01218	0.01300	0.05469	0.00479	0.00416	0.00127	0.02289	0.00404	0.00287	0.00541
13	0.04033	0.00755	0.01220	0.57943	0.19507	0.00882	0.01056	0.04426	0.00851	0.01156	0.00765	0.01144	0.00614	0.00413	0.00392	0.00129	0.00492	0.03545	0.00197	0.00481
14	0.03082	0.00818	0.00923	0.00836	0.05657	0.03015	0.00624	0.12421	0.34914	0.18294	0.06950	0.01455	0.04152	0.00521	0.00393	0.00122	0.00337	0.00428	0.00389	0.04669
15	0.11982	0.00809	0.00967	0.05434	0.07859	0.02273	0.01849	0.14305	0.12730	0.19856	0.01247	0.01297	0.05468	0.00487	0.00398	0.00120	0.02650	0.02219	0.00340	0.07707
16	0.13472	0.00898	0.01109	0.29484	0.08095	0.11093	0.05395	0.03529	0.02980	0.07609	0.00772	0.00958	0.00589	0.00455	0.02350	0.00130	0.02769	0.00322	0.00232	0.07758
17	0.05707	0.02465	0.05744	0.37682	0.09628	0.03139	0.00881	0.04274	0.02268	0.06984	0.03923	0.07993	0.00881	0.02676	0.00439	0.00132	0.01439	0.00415	0.00242	0.03088
18	0.07655	0.07341	0.02053	0.13168	0.18529	0.04586	0.04946	0.11948	0.05551	0.03619	0.05542	0.01155	0.00866	0.00458	0.00398	0.00126	0.00453	0.00369	0.00283	0.10954
19	0.08928	0.02543	0.03890	0.18868	0.12387	0.05250	0.09517	0.04715	0.02651	0.09072	0.03898	0.02467	0.05053	0.01867	0.00436	0.00126	0.02902	0.00392	0.00256	0.04783
20	0.06126	0.05804	0.06672	0.15197	0.06745	0.09017	0.11554	0.06607	0.00910	0.04263	0.02703	0.01038	0.02202	0.02229	0.00500	0.00125	0.09303	0.00348	0.00226	0.08432
21	0.02153	0.15405	0.12161	0.04577	0.11410	0.05567	0.07844	0.03509	0.00891	0.09653	0.03327	0.06247	0.00881	0.02301	0.03242	0.00142	0.04930	0.02554	0.00245	0.02962
22	0.00959	0.11187	0.24702	0.00973	0.07249	0.10125	0.02031	0.05548	0.05667	0.05114	0.09620	0.02202	0.03846	0.03110	0.00463	0.00126	0.04059	0.00382	0.00254	0.02386
23	0.02996	0.11830	0.24632	0.00924	0.05869	0.04433	0.04402	0.04312	0.04130	0.09437	0.04479	0.04210	0.09547	0.01650	0.00411	0.00121	0.01659	0.00409	0.00264	0.04284
24	0.01721	0.07120	0.23935	0.03109	0.07291	0.07361	0.13544	0.04497	0.01993	0.01308	0.05781	0.02691	0.02807	0.03089	0.03995	0.00163	0.02955	0.01356	0.00250	0.05036
25	0.02123	0.04456	0.25822	0.02620	0.08069	0.05432	0.06259	0.06536	0.08600	0.06931	0.06627	0.06027	0.00979	0.01693	0.00439	0.00126	0.02977	0.00406	0.00265	0.03614

[dist]
# distance from previous block
# <min> <max>
7	29

[block]
# block no. 1 follows, 69 sequences, length 37
# corresponding to MSA columns:
# 124-160
name=unknown_B
#
# <colnr> <probs for GDERKNQSTAVLIFYWHMCP>
#	G	D	E	R	K	N	Q	S	T	A	V	L	I	F	Y	W	H	M	C	P
0	0.06722	0.14869	0.33163	0.03424	0.05197	0.02991	0.02909	0.07519	0.00913	0.07221	0.00899	0.00994	0.04534	0.00451	0.01271	0.00123	0.04584	0.00321	0.00226	0.01668
1	0.08682	0.14185	0.25962	0.03561	0.02358	0.02123	0.02985	0.11504	0.05699	0.02389	0.03360	0.01054	0.04007	0.01246	0.01258	0.00122	0.02185	0.00331	0.00243	0.06748
2	0.02853	0.18341	0.25335	0.00938	0.05569	0.08599	0.00895	0.11467	0.05941	0.05723	0.03532	0.03457	0.03387	0.00451	0.00358	0.00113	0.00460	0.00347	0.00253	0.01980
3	0.03490	0.13515	0.20479	0.02249	0.04047	0.02216	0.02702	0.11860	0.05638	0.06897	0.04847	0.05741	0.05739	0.00513	0.00399	0.00119	0.02678	0.01752	0.00276	0.04844
4	0.04773	0.17190	0.17546	0.03401	0.07279	0.03779	0.03154	0.06938	0.00971	0.21707	0.02134	0.01798	0.02228	0.01256	0.00388	0.00116	0.01898	0.00337	0.00280	0.02827
5	0.04500	0.16312	0.25742	0.05050	0.06802	0.02356	0.05343	0.04344	0.03508	0.12547	0.05329	0.01070	0.00803	0.02752	0.00405	0.00122	0.00457	0.00339	0.00251	0.01969
6	0.11801	0.11044	0.25367	0.02012	0.07161	0.04974	0.00876	0.13139	0.00991	0.02389	0.05349	0.02410	0.03593	0.00436	0.00350	0.00113	0.00438	0.00335	0.00246	0.06975
7	0.09433	0.07716	0.18210	0.06532	0.04760	0.09522	0.06826	0.11904	0.02146	0.08685	0.04766	0.01051	0.01556	0.00424	0.00366	0.00116	0.00471	0.01150	0.00261	0.04105
8	0.01886	0.29812	0.24417	0.05010	0.05405	0.06579	0.02816	0.08944	0.00931	0.01216	0.00786	0.01955	0.02873	0.01726	0.00361	0.00111	0.00481	0.00303	0.00206	0.04183
9	0.04525	0.15260	0.20957	0.01853	0.06408	0.11633	0.06463	0.03919	0.06442	0.07680	0.02737	0.02379	0.02490	0.00426	0.00371	0.00113	0.01610	0.00338	0.00242	0.04153
10	0.06150	0.10080	0.21567	0.06143	0.03640	0.05827	0.02937	0.07071	0.04251	0.08343	0.04771	0.03594	0.02149	0.02199	0.06651	0.00161	0.01871	0.00371	0.00255	0.01971
11	0.05796	0.17723	0.14147	0.03570	0.12994	0.11114	0.07498	0.07795	0.02340	0.05984	0.00772	0.00952	0.00624	0.04960	0.00457	0.00127	0.02072	0.00319	0.00226	0.00531
12	0.01000	0.24807	0.11554	0.09998	0.08477	0.07080	0.02236	0.05774	0.07676	0.03318	0.00792	0.02339	0.00654	0.00421	0.00401	0.00112	0.05693	0.01176	0.00223	0.06269
13	0.04725	0.03648	0.07753	0.06757	0.32355	0.05806	0.09313	0.12276	0.06056	0.06281	0.00844	0.00981	0.00646	0.00391	0.00384	0.00119	0.00482	0.00350	0.00249	0.00584
14	0.32508	0.05661	0.09020	0.05526	0.06632	0.02510	0.04639	0.08050	0.06617	0.08655	0.00917	0.02602	0.02087	0.00440	0.00339	0.00123	0.00396	0.02493	0.00273	0.00513
15	0.02410	0.01104	0.13868	0.01679	0.38045	0.07151	0.12746	0.01168	0.00886	0.01220	0.00908	0.03414	0.00821	0.02097	0.00459	0.00133	0.02245	0.08892	0.00214	0.00540
16	0.01340	0.00622	0.00807	0.00648	0.00885	0.00569	0.00523	0.09245	0.01181	0.49422	0.25965	0.01838	0.04008	0.00592	0.00416	0.00122	0.00295	0.00496	0.00457	0.00569
17	0.00561	0.00418	0.00620	0.00620	0.00687	0.00485	0.00478	0.00694	0.00627	0.00903	0.01059	0.01590	0.01002	0.06957	0.80681	0.00618	0.01018	0.00427	0.00211	0.00345
18	0.16383	0.20611	0.08000	0.00799	0.01106	0.14271	0.00716	0.22227	0.03438	0.07875	0.00776	0.00817	0.00587	0.00406	0.00327	0.00109	0.00451	0.00281	0.00274	0.00546
19	0.01732	0.00710	0.00936	0.00718	0.01022	0.00640	0.00593	0.09915	0.01194	0.75943	0.01486	0.01295	0.00940	0.00484	0.00394	0.00121	0.00343	0.00390	0.00476	0.00667
20	0.00480	0.00342	0.00454	0.00543	0.00565	0.00320	0.00361	0.00546	0.00747	0.00995	0.02140	0.84102	0.02567	0.03128	0.00534	0.00164	0.00231	0.01102	0.00361	0.00317
21	0.00489	0.00352	0.00465	0.00541	0.00576	0.00327	0.00370	0.00572	0.00794	0.01063	0.10184	0.73363	0.04938	0.01176	0.00497	0.00156	0.00226	0.03216	0.00370	0.00325
22	0.01042	0.00848	0.00948	0.00919	0.07840	0.02254	0.00663	0.05804	0.62067	0.07196	0.04960	0.01439	0.01204	0.00520	0.00399	0.00129	0.00331	0.00436	0.00386	0.00613
23	0.00475	0.00353	0.00442	0.00514	0.00560	0.00321	0.00350	0.00549	0.00781	0.01013	0.02552	0.68224	0.20083	0.01177	0.00492	0.00153	0.00221	0.01053	0.00364	0.00321
24	0.00476	0.00346	0.00450	0.00534	0.00565	0.00319	0.00358	0.00547	0.00762	0.01006	0.02310	0.79185	0.09278	0.01209	0.00497	0.00157	0.00225	0.01091	0.00364	0.00319
25	0.04021	0.05530	0.07411	0.01773	0.48509	0.14015	0.02015	0.05487	0.03655	0.02834	0.00753	0.00913	0.00609	0.00374	0.00371	0.00114	0.00497	0.00324	0.00216	0.00582
26	0.02454	0.03781	0.01079	0.00837	0.01110	0.13529	0.00680	0.35850	0.06919	0.21277	0.01085	0.01063	0.01833	0.00514	0.01828	0.00125	0.02977	0.00352	0.00364	0.02340
27	0.00905	0.25572	0.55479	0.01000	0.02847	0.02121	0.01187	0.02840	0.00850	0.02865	0.00680	0.00786	0.00514	0.00366	0.00340	0.00112	0.00526	0.00271	0.00178	0.00561
28	0.00964	0.08069	0.02989	0.02316	0.05538	0.09901	0.06746	0.03675	0.00760	0.01046	0.00582	0.00847	0.00530	0.00559	0.00918	0.00146	0.51737	0.00329	0.00186	0.02162
29	0.12187	0.13451	0.08116	0.02698	0.20169	0.00914	0.07884	0.04093	0.00863	0.01326	0.01968	0.00864	0.00603	0.00346	0.00331	0.00100	0.00415	0.00292	0.00215	0.23164
30	0.03700	0.09336	0.36277	0.01103	0.10088	0.00945	0.04569	0.06539	0.03874	0.03490	0.03375	0.04007	0.04541	0.00470	0.00436	0.00124	0.05981	0.00375	0.00229	0.00543
31	0.05122	0.07326	0.13849	0.03878	0.17421	0.07115	0.04692	0.05098	0.00916	0.03476	0.01177	0.04625	0.09642	0.00493	0.00385	0.00116	0.01135	0.03288	0.00243	0.10004
32	0.01029	0.05478	0.08602	0.12745	0.26839	0.06339	0.03548	0.08281	0.03621	0.07632	0.03773	0.01137	0.00785	0.00420	0.00383	0.00116	0.00461	0.02716	0.00250	0.05844
33	0.02490	0.06760	0.11572	0.12295	0.18825	0.04583	0.05214	0.04572	0.04182	0.01926	0.02699	0.03610	0.06169	0.03208	0.00466	0.00128	0.03414	0.01501	0.00233	0.06152
34	0.00936	0.07803	0.10578	0.09106	0.34479	0.02603	0.07834	0.05121	0.04198	0.02081	0.01966	0.05367	0.00753	0.00427	0.00410	0.00120	0.02691	0.00385	0.00221	0.02921
35	0.03680	0.12775	0.06622	0.11342	0.19493	0.04888	0.01728	0.09974	0.07172	0.05562	0.02559	0.03376	0.01964	0.00556	0.04433	0.00140	0.00468	0.00364	0.00253	0.02653
36	0.03479	0.12962	0.07288	0.07347	0.15519	0.09863	0.04282	0.07417	0.09562	0.05578	0.03743	0.02416	0.03093	0.00452	0.00404	0.00117	0.03688	0.00364	0.00256	0.02171

[dist]
# distance from previous block
# <min> <max>
30	77

[block]
# block no. 2 follows, 69 sequences, length 23
# corresponding to MSA columns:
# 238-260
name=unknown_C
#
# <colnr> <probs for GDERKNQSTAVLIFYWHMCP>
#	G	D	E	R	K	N	Q	S	T	A	V	L	I	F	Y	W	H	M	C	P
0	0.05291	0.15895	0.20090	0.00821	0.02676	0.02580	0.02284	0.10265	0.02449	0.09690	0.06239	0.05234	0.02102	0.06667	0.01428	0.00142	0.01866	0.01742	0.00273	0.02268
1	0.04524	0.31912	0.21234	0.00850	0.01208	0.02644	0.04781	0.10727	0.04215	0.05578	0.04956	0.03135	0.00789	0.00428	0.00351	0.00110	0.01450	0.00327	0.00242	0.00538
2	0.03221	0.29919	0.23951	0.00865	0.03746	0.05718	0.00863	0.08215	0.00934	0.06987	0.01851	0.01028	0.02590	0.03131	0.01777	0.00124	0.00470	0.01854	0.00229	0.02526
3	0.04411	0.38014	0.25392	0.00816	0.01186	0.07693	0.00868	0.03787	0.00890	0.05474	0.03946	0.01820	0.02234	0.00414	0.00325	0.00106	0.00464	0.01427	0.00215	0.00520
4	0.03229	0.23901	0.18197	0.00769	0.01085	0.04890	0.00757	0.14073	0.04028	0.03784	0.06282	0.04352	0.08039	0.02674	0.00398	0.00119	0.00413	0.00392	0.00268	0.02349
5	0.04573	0.36141	0.29125	0.00836	0.01235	0.02657	0.01998	0.04120	0.03138	0.05039	0.03299	0.00850	0.00649	0.00380	0.00320	0.00104	0.00457	0.00277	0.00211	0.04590
6	0.01168	0.22093	0.10862	0.02168	0.04132	0.12479	0.00773	0.23962	0.01171	0.05751	0.04911	0.01080	0.04041	0.02084	0.00386	0.00113	0.00457	0.00337	0.00275	0.01757
7	0.07759	0.12357	0.29759	0.02805	0.05813	0.10830	0.02435	0.01340	0.09281	0.05413	0.00870	0.02105	0.02159	0.00424	0.00385	0.00118	0.03432	0.00320	0.00226	0.02170
8	0.03093	0.29692	0.10162	0.00858	0.03986	0.22637	0.01662	0.03734	0.02494	0.01086	0.00939	0.11966	0.03338	0.00502	0.00345	0.00108	0.00476	0.00384	0.00224	0.02316
9	0.02933	0.02579	0.22016	0.04808	0.10350	0.05693	0.09201	0.07038	0.02886	0.06441	0.10160	0.04314	0.03087	0.00506	0.00450	0.00127	0.05093	0.01532	0.00262	0.00523
10	0.02979	0.05073	0.04642	0.03078	0.09149	0.02041	0.13259	0.07350	0.13496	0.05739	0.04685	0.02541	0.03926	0.06827	0.04577	0.00167	0.04988	0.00429	0.02116	0.02939
11	0.01066	0.79165	0.04152	0.00703	0.01037	0.06524	0.00696	0.01199	0.00816	0.00933	0.00553	0.00639	0.00503	0.00340	0.00261	0.00086	0.00441	0.00214	0.00170	0.00502
12	0.00922	0.00748	0.03379	0.00656	0.00953	0.00631	0.00539	0.08227	0.05353	0.07603	0.00892	0.02428	0.00734	0.03099	0.06325	0.00128	0.02547	0.00309	0.00272	0.54255
13	0.00557	0.00380	0.00458	0.00470	0.00482	0.00387	0.00287	0.00584	0.00601	0.00811	0.01330	0.13193	0.01517	0.64161	0.12814	0.00385	0.00450	0.00620	0.00250	0.00263
14	0.00903	0.13236	0.45072	0.04073	0.07887	0.10719	0.02055	0.01214	0.00860	0.01150	0.02703	0.00950	0.03172	0.00412	0.00399	0.00118	0.04046	0.00312	0.00186	0.00533
15	0.00851	0.00613	0.00744	0.02209	0.05225	0.01751	0.00522	0.17192	0.04291	0.05764	0.16010	0.15092	0.08244	0.07811	0.04854	0.05114	0.00355	0.02576	0.00346	0.00436
16	0.00862	0.00871	0.01273	0.01070	0.01095	0.01187	0.06146	0.00964	0.00621	0.00964	0.00533	0.00871	0.00520	0.00663	0.01233	0.00169	0.79999	0.00351	0.00173	0.00435
17	0.00570	0.00380	0.00428	0.00428	0.00428	0.00380	0.00238	0.00570	0.00570	0.00760	0.01235	0.02566	0.01425	0.86222	0.01995	0.00380	0.00380	0.00570	0.00238	0.00238
18	0.03432	0.08789	0.04632	0.00975	0.01221	0.61705	0.03301	0.05526	0.01094	0.04900	0.00669	0.00755	0.00535	0.00401	0.00350	0.00104	0.00636	0.00268	0.00221	0.00486
19	0.03755	0.09441	0.03953	0.05515	0.06066	0.05948	0.17493	0.17237	0.02580	0.09307	0.02941	0.09931	0.00943	0.01544	0.00420	0.00126	0.00461	0.01519	0.00289	0.00531
20	0.00697	0.04370	0.13421	0.00656	0.00885	0.00577	0.01679	0.02250	0.01856	0.02823	0.31465	0.01880	0.05676	0.01903	0.13606	0.00194	0.00425	0.00487	0.00304	0.14845
21	0.02255	0.16433	0.08782	0.00848	0.02553	0.10584	0.00741	0.29431	0.05805	0.01611	0.00816	0.02136	0.00644	0.00411	0.00344	0.00102	0.00439	0.00304	0.00277	0.15485
22	0.00953	0.14823	0.44615	0.03058	0.05925	0.03260	0.06550	0.04472	0.02927	0.06028	0.00764	0.00871	0.00566	0.00376	0.00361	0.00115	0.00520	0.00303	0.00206	0.03309

[dist]
# distance from previous block
# <min> <max>
9	14

[block]
# block no. 3 follows, 69 sequences, length 6
# corresponding to MSA columns:
# 276-281
name=unknown_D
#
# <colnr> <probs for GDERKNQSTAVLIFYWHMCP>
#	G	D	E	R	K	N	Q	S	T	A	V	L	I	F	Y	W	H	M	C	P
0	0.06120	0.03818	0.06406	0.05841	0.15285	0.09666	0.07257	0.10623	0.11842	0.03882	0.00972	0.04392	0.00814	0.00479	0.00424	0.00124	0.04011	0.04048	0.00267	0.03729
1	0.04157	0.00763	0.05694	0.00847	0.08946	0.04836	0.02685	0.06708	0.04526	0.10947	0.14444	0.13888	0.10665	0.00662	0.00432	0.00125	0.02186	0.00563	0.02346	0.04579
2	0.03622	0.00981	0.09117	0.09920	0.49109	0.00907	0.04909	0.01219	0.06252	0.01285	0.02938	0.01033	0.00706	0.00386	0.00411	0.00120	0.02884	0.00356	0.00212	0.03633
3	0.00735	0.04965	0.00754	0.00706	0.05459	0.04706	0.01874	0.03043	0.03056	0.00944	0.04009	0.05329	0.04228	0.08322	0.18079	0.32297	0.00508	0.00438	0.00226	0.00323
4	0.00947	0.00916	0.02891	0.13355	0.28168	0.08417	0.04587	0.03647	0.07442	0.03273	0.03031	0.02706	0.02554	0.02883	0.00461	0.00124	0.03402	0.00381	0.01800	0.09016
5	0.01106	0.00900	0.00937	0.03877	0.03260	0.08832	0.00647	0.34679	0.09540	0.03391	0.09383	0.07979	0.05141	0.03224	0.00465	0.00134	0.00392	0.05227	0.00357	0.00530

[dist]
# distance from previous block
# <min> <max>
21	50

[block]
# block no. 4 follows, 69 sequences, length 19
# corresponding to MSA columns:
# 339-357
name=unknown_E
#
# <colnr> <probs for GDERKNQSTAVLIFYWHMCP>
#	G	D	E	R	K	N	Q	S	T	A	V	L	I	F	Y	W	H	M	C	P
0	0.08255	0.00821	0.06394	0.05652	0.12987	0.03577	0.04545	0.06344	0.05249	0.03495	0.01210	0.19625	0.02862	0.00613	0.00434	0.00127	0.03904	0.02852	0.02065	0.08987
1	0.10053	0.03367	0.02404	0.06820	0.18801	0.07065	0.00763	0.16068	0.04259	0.05952	0.07481	0.01176	0.00916	0.04636	0.01738	0.00137	0.03407	0.00365	0.00279	0.04314
2	0.08213	0.03036	0.04037	0.03741	0.07304	0.06363	0.12733	0.17183	0.06158	0.05948	0.03890	0.03853	0.00833	0.00496	0.00512	0.00129	0.12024	0.01279	0.01738	0.00530
3	0.01145	0.02866	0.01108	0.01044	0.12052	0.13920	0.04146	0.27979	0.06971	0.03936	0.01175	0.07133	0.05313	0.07503	0.00541	0.00142	0.01741	0.00442	0.00307	0.00534
4	0.02699	0.00477	0.02708	0.00635	0.03978	0.00438	0.00444	0.03366	0.04545	0.01143	0.06422	0.53456	0.13116	0.01063	0.01454	0.02176	0.00264	0.00900	0.00349	0.00366
5	0.06409	0.16095	0.03336	0.05044	0.14209	0.08294	0.03519	0.18966	0.03406	0.02674	0.00802	0.03539	0.00673	0.01427	0.02966	0.00136	0.07379	0.00342	0.00250	0.00535
6	0.06509	0.07601	0.04766	0.02236	0.08007	0.04424	0.03478	0.26372	0.03283	0.02534	0.00956	0.01170	0.02784	0.07006	0.11693	0.00200	0.00513	0.00362	0.00276	0.05831
7	0.00753	0.00539	0.00765	0.00751	0.04100	0.00619	0.00561	0.02912	0.02853	0.08485	0.02970	0.04986	0.01057	0.06561	0.49146	0.00436	0.11399	0.00448	0.00252	0.00407
8	0.01060	0.00906	0.00976	0.04346	0.04046	0.13590	0.05423	0.17619	0.05569	0.06793	0.02797	0.02676	0.00956	0.22192	0.00819	0.00182	0.02890	0.00417	0.00286	0.06457
9	0.00495	0.00390	0.00450	0.00463	0.00561	0.00349	0.00340	0.00606	0.00887	0.01132	0.18374	0.17986	0.45937	0.02966	0.05479	0.00171	0.00259	0.02456	0.00365	0.00336
10	0.00970	0.00931	0.01591	0.02406	0.83777	0.00931	0.01203	0.01203	0.00893	0.01281	0.00737	0.00970	0.00621	0.00349	0.00388	0.00116	0.00466	0.00349	0.00194	0.00621
11	0.00998	0.01059	0.03855	0.06291	0.28690	0.08692	0.28773	0.07355	0.00979	0.01299	0.00828	0.02515	0.00692	0.00412	0.00440	0.00126	0.02599	0.03632	0.00218	0.00546
12	0.00821	0.00779	0.01321	0.56264	0.31087	0.00892	0.01129	0.01072	0.00822	0.01099	0.00711	0.01019	0.00557	0.00377	0.00391	0.00126	0.00503	0.00349	0.00181	0.00500
13	0.00505	0.00369	0.00475	0.00512	0.00571	0.00339	0.00360	0.00619	0.00897	0.01217	0.32406	0.47425	0.10757	0.01048	0.00483	0.00143	0.00209	0.00937	0.00389	0.00339
14	0.02924	0.00732	0.02166	0.16217	0.28424	0.02301	0.07375	0.01001	0.00842	0.03721	0.05045	0.19050	0.01202	0.02659	0.04462	0.00160	0.00452	0.00541	0.00250	0.00476
15	0.00835	0.19104	0.21097	0.00738	0.01027	0.03730	0.00742	0.06385	0.02713	0.03913	0.05936	0.10285	0.16290	0.00668	0.01593	0.00129	0.00398	0.03666	0.00277	0.00473
16	0.04061	0.00923	0.03031	0.01063	0.06917	0.06165	0.17316	0.06359	0.04112	0.22752	0.03015	0.01086	0.00775	0.00438	0.00480	0.00120	0.09179	0.00370	0.00300	0.11540
17	0.00906	0.00936	0.00732	0.00693	0.00788	0.30534	0.00492	0.02948	0.00815	0.00915	0.01011	0.05668	0.01045	0.32778	0.17774	0.00313	0.00624	0.00448	0.00229	0.00352
18	0.08250	0.13020	0.18108	0.01001	0.08461	0.11885	0.05212	0.09563	0.00963	0.03865	0.00943	0.11478	0.02017	0.00493	0.00366	0.00117	0.00465	0.00401	0.00244	0.03147

[dist]
# distance from previous block
# <min> <max>
3	10

[block]
# block no. 5 follows, 69 sequences, length 26
# corresponding to MSA columns:
# 370-395
name=unknown_F
#
# <colnr> <probs for GDERKNQSTAVLIFYWHMCP>
#	G	D	E	R	K	N	Q	S	T	A	V	L	I	F	Y	W	H	M	C	P
0	0.00601	0.04133	0.02411	0.02257	0.02308	0.04921	0.00440	0.00706	0.00828	0.01080	0.13071	0.45119	0.09833	0.07219	0.00570	0.00157	0.00284	0.00835	0.00332	0.02896
1	0.02253	0.08507	0.03430	0.03442	0.05566	0.07821	0.00729	0.19835	0.40100	0.02454	0.01166	0.01144	0.00879	0.00470	0.00377	0.00121	0.00401	0.00372	0.00336	0.00598
2	0.03171	0.11504	0.16720	0.04250	0.09680	0.06507	0.03482	0.10866	0.01884	0.09908	0.00804	0.00891	0.00606	0.00376	0.00347	0.00103	0.00448	0.00298	0.00250	0.17904
3	0.00538	0.00419	0.00542	0.00603	0.02566	0.00401	0.01856	0.00707	0.07396	0.01094	0.05389	0.58985	0.15862	0.01081	0.00481	0.00150	0.00241	0.00969	0.00362	0.00357
4	0.00976	0.30155	0.15560	0.01150	0.02845	0.01148	0.31557	0.05275	0.00909	0.02934	0.00761	0.03615	0.00624	0.00379	0.00371	0.00114	0.00530	0.00361	0.00204	0.00533
5	0.04209	0.05894	0.03050	0.07130	0.34017	0.03625	0.03962	0.09897	0.08085	0.06380	0.00965	0.06839	0.00814	0.00525	0.02792	0.00135	0.00454	0.00402	0.00261	0.00564
6	0.00980	0.01172	0.19164	0.01131	0.09324	0.09012	0.11874	0.08002	0.08561	0.06049	0.05829	0.06706	0.02735	0.00524	0.00460	0.00129	0.05225	0.02318	0.00272	0.00533
7	0.00503	0.00373	0.00462	0.00518	0.00571	0.00347	0.00355	0.00609	0.03444	0.01048	0.06806	0.57907	0.18405	0.03518	0.00559	0.02682	0.00230	0.00977	0.00360	0.00327
8	0.00717	0.00459	0.00562	0.00543	0.00660	0.00430	0.00401	0.03150	0.05562	0.11881	0.22477	0.28815	0.18816	0.03054	0.00499	0.00143	0.00239	0.00791	0.00396	0.00403
9	0.01055	0.43246	0.12545	0.04024	0.05895	0.08827	0.04835	0.03146	0.00878	0.05895	0.00730	0.04107	0.00627	0.00404	0.00344	0.00104	0.02310	0.00302	0.00205	0.00519
10	0.03523	0.04231	0.03634	0.03812	0.01098	0.03271	0.00612	0.21136	0.01066	0.01544	0.00740	0.00839	0.00586	0.00357	0.00342	0.00084	0.02201	0.00270	0.00263	0.50390
11	0.00552	0.00414	0.00524	0.00582	0.00671	0.00389	0.00470	0.00685	0.00869	0.01107	0.04469	0.17544	0.26572	0.03789	0.00556	0.00168	0.00287	0.39653	0.00360	0.00341
12	0.00587	0.00452	0.00496	0.00530	0.00565	0.04722	0.00355	0.00644	0.00723	0.00934	0.04660	0.31549	0.04233	0.38232	0.01147	0.00253	0.00330	0.08989	0.00303	0.00297
13	0.01188	0.01257	0.04636	0.01281	0.05479	0.20683	0.32066	0.17031	0.07120	0.04089	0.00854	0.00978	0.00641	0.00397	0.00410	0.00121	0.00579	0.00377	0.00259	0.00555
14	0.05718	0.00440	0.00627	0.00623	0.00703	0.00513	0.00486	0.00726	0.00632	0.00960	0.01021	0.01487	0.00948	0.02790	0.79745	0.00600	0.01007	0.00408	0.00212	0.00354
15	0.00889	0.01003	0.09161	0.15084	0.29970	0.02502	0.23222	0.03517	0.00908	0.01246	0.03060	0.05997	0.00784	0.00421	0.00416	0.00126	0.00521	0.00427	0.00212	0.00536
16	0.01122	0.65783	0.01813	0.00739	0.01045	0.14978	0.00684	0.03221	0.05617	0.01007	0.00625	0.00697	0.00547	0.00361	0.00280	0.00090	0.00460	0.00233	0.00192	0.00506
17	0.00514	0.00389	0.00471	0.00476	0.00565	0.00350	0.00348	0.00645	0.00954	0.01271	0.39017	0.18352	0.28810	0.03499	0.00517	0.00142	0.00207	0.02737	0.00390	0.00344
18	0.00903	0.00934	0.00748	0.02482	0.00883	0.29611	0.00545	0.06314	0.00963	0.01110	0.02759	0.41176	0.03703	0.00840	0.00435	0.00134	0.00415	0.03271	0.02381	0.00394
19	0.00561	0.00401	0.00541	0.00552	0.00592	0.00438	0.00390	0.00647	0.00633	0.00891	0.01264	0.13692	0.01343	0.29396	0.42550	0.00461	0.01987	0.00563	0.02788	0.00311
20	0.00941	0.01147	0.21516	0.01074	0.01470	0.00826	0.25538	0.03236	0.09955	0.07602	0.02451	0.01044	0.00722	0.00378	0.00388	0.00112	0.00480	0.00363	0.00251	0.20506
21	0.00710	0.00572	0.00695	0.00666	0.00769	0.05466	0.00518	0.07471	0.04010	0.01097	0.01079	0.03871	0.00983	0.02332	0.63240	0.00499	0.00887	0.00423	0.04318	0.00392
22	0.01812	0.06959	0.07257	0.08142	0.15960	0.03076	0.11311	0.04525	0.02213	0.03531	0.04989	0.11884	0.01043	0.00774	0.09499	0.00176	0.00507	0.00464	0.00247	0.05631
23	0.05061	0.17187	0.06389	0.00889	0.01160	0.16651	0.04965	0.18090	0.15412	0.01451	0.00901	0.04034	0.00736	0.00465	0.00406	0.00117	0.04926	0.00346	0.00273	0.00540
24	0.00724	0.00667	0.00755	0.04004	0.00844	0.11516	0.02292	0.00830	0.00718	0.00931	0.03357	0.06592	0.01144	0.19647	0.32491	0.00374	0.09735	0.02796	0.00229	0.00354
25	0.06879	0.18555	0.16214	0.01160	0.18669	0.05842	0.01997	0.04972	0.11701	0.03266	0.00889	0.03162	0.01707	0.00416	0.00350	0.00113	0.00443	0.00333	0.00238	0.03095

[dist]
# distance from previous block
# <min> <max>
1	5

[block]
# block no. 6 follows, 69 sequences, length 30
# corresponding to MSA columns:
# 401-430
name=unknown_G
#
# <colnr> <probs for GDERKNQSTAVLIFYWHMCP>
#	G	D	E	R	K	N	Q	S	T	A	V	L	I	F	Y	W	H	M	C	P
0	0.01006	0.09076	0.33129	0.02900	0.07112	0.10125	0.05433	0.10407	0.05659	0.03545	0.03323	0.01007	0.00712	0.03178	0.00438	0.00127	0.01707	0.00334	0.00231	0.00551
1	0.00570	0.00441	0.00645	0.00637	0.00704	0.00515	0.00496	0.00705	0.00657	0.00941	0.03649	0.04765	0.04102	0.02612	0.71147	0.00553	0.05817	0.00465	0.00226	0.00353
2	0.00804	0.00812	0.01525	0.57533	0.05704	0.00909	0.24883	0.01084	0.00830	0.01087	0.00727	0.01046	0.00548	0.00372	0.00412	0.00131	0.00561	0.00382	0.00182	0.00470
3	0.00998	0.31079	0.10833	0.12457	0.22476	0.04206	0.02818	0.06594	0.02918	0.01189	0.00692	0.00847	0.00565	0.00367	0.00340	0.00108	0.00477	0.00295	0.00198	0.00545
4	0.00492	0.00360	0.00481	0.00547	0.00588	0.00350	0.00380	0.00577	0.00748	0.00999	0.03395	0.63256	0.09162	0.01495	0.14939	0.00237	0.00366	0.00965	0.00339	0.00326
5	0.00560	0.00420	0.00630	0.00630	0.00700	0.00490	0.00490	0.00700	0.00630	0.00910	0.01050	0.01540	0.00980	0.02940	0.84669	0.00630	0.01050	0.00420	0.00210	0.00350
6	0.00999	0.00608	0.00714	0.00639	0.00815	0.00615	0.00492	0.10302	0.17527	0.19740	0.06798	0.21717	0.08348	0.00728	0.00420	0.00131	0.00281	0.00623	0.08001	0.00503
7	0.00586	0.00390	0.00516	0.00580	0.00636	0.00370	0.00416	0.00706	0.03062	0.05806	0.04575	0.64842	0.03664	0.01132	0.00495	0.00158	0.00251	0.11089	0.00373	0.00354
8	0.00858	0.00858	0.01201	0.01029	0.01029	0.01201	0.00858	0.00943	0.00600	0.00943	0.00515	0.00858	0.00515	0.00686	0.01287	0.00172	0.85505	0.00343	0.00172	0.00429
9	0.01076	0.00520	0.00666	0.00565	0.00749	0.00469	0.00446	0.03212	0.01075	0.34905	0.30745	0.03870	0.08861	0.00651	0.00413	0.00120	0.00253	0.00553	0.10360	0.00493
10	0.00485	0.00351	0.00460	0.00544	0.00579	0.00326	0.00373	0.00561	0.00769	0.01014	0.02290	0.75534	0.08546	0.01203	0.00500	0.00158	0.00232	0.05387	0.00364	0.00322
11	0.01449	0.04946	0.01145	0.00998	0.01204	0.81625	0.00754	0.01551	0.01100	0.00958	0.00604	0.00704	0.00505	0.00401	0.00350	0.00100	0.00697	0.00251	0.00201	0.00456
12	0.00858	0.00858	0.01201	0.01029	0.01029	0.01201	0.00858	0.00943	0.00600	0.00943	0.00515	0.00858	0.00515	0.00686	0.01287	0.00172	0.85505	0.00343	0.00172	0.00429
13	0.00517	0.00402	0.00472	0.00471	0.00572	0.00362	0.00347	0.00674	0.03157	0.01278	0.36558	0.16483	0.35408	0.00939	0.00467	0.00133	0.00201	0.00814	0.00393	0.00353
14	0.00572	0.00411	0.00550	0.00559	0.00606	0.00448	0.00400	0.00687	0.02853	0.00905	0.01260	0.09804	0.01316	0.29817	0.43911	0.00470	0.00702	0.02690	0.01721	0.00318
15	0.00975	0.00948	0.01562	0.05650	0.78334	0.03193	0.01187	0.01205	0.00894	0.01261	0.00732	0.00966	0.00614	0.00352	0.00387	0.00117	0.00475	0.00347	0.00193	0.00609
16	0.00975	0.00842	0.00886	0.00798	0.01019	0.00975	0.00621	0.02083	0.83069	0.01640	0.01596	0.01463	0.01197	0.00532	0.00399	0.00133	0.00310	0.00443	0.00399	0.00621
17	0.00740	0.00697	0.01176	0.85280	0.02700	0.00871	0.01089	0.01002	0.00784	0.01002	0.00697	0.01045	0.00523	0.00392	0.00392	0.00131	0.00523	0.00348	0.00174	0.00436
18	0.01045	0.83272	0.02011	0.00676	0.01007	0.01530	0.00669	0.01208	0.03858	0.00949	0.00584	0.00660	0.00529	0.00343	0.00257	0.00086	0.00415	0.00218	0.00176	0.00507
19	0.00840	0.00780	0.01241	0.63773	0.16132	0.02745	0.01076	0.04285	0.00853	0.02255	0.00720	0.01022	0.00550	0.00394	0.00404	0.00128	0.01783	0.00347	0.00191	0.00479
20	0.00481	0.00398	0.00421	0.00415	0.00540	0.00338	0.00312	0.00596	0.00935	0.01157	0.19155	0.03612	0.68374	0.00956	0.00463	0.00131	0.00196	0.00805	0.00377	0.00338
21	0.00488	0.00354	0.00455	0.00529	0.00566	0.00328	0.00360	0.00561	0.00767	0.01010	0.03738	0.68946	0.10752	0.05735	0.00577	0.00168	0.00236	0.03753	0.00358	0.00318
22	0.01052	0.05618	0.01544	0.02093	0.66569	0.10623	0.01105	0.04461	0.00950	0.01272	0.00720	0.00921	0.00603	0.00360	0.00377	0.00113	0.00490	0.00331	0.00201	0.00597
23	0.01376	0.13233	0.01243	0.00965	0.01174	0.68971	0.00751	0.01479	0.01041	0.00954	0.00593	0.00704	0.00505	0.00410	0.00390	0.00102	0.05201	0.00252	0.00196	0.00460
24	0.01373	0.01652	0.01071	0.00967	0.01176	0.66378	0.00731	0.04102	0.16565	0.01133	0.00802	0.00856	0.00640	0.00430	0.00363	0.00108	0.00624	0.00291	0.00245	0.00492
25	0.03494	0.07257	0.18517	0.01061	0.01406	0.08915	0.21064	0.05009	0.09356	0.10748	0.00925	0.01039	0.00693	0.00604	0.07133	0.00162	0.01457	0.00363	0.00254	0.00543
26	0.00909	0.00866	0.01472	0.19748	0.64222	0.00902	0.01154	0.01147	0.00876	0.01231	0.03250	0.01046	0.00694	0.00372	0.00391	0.00120	0.00469	0.00360	0.00197	0.00574
27	0.00567	0.00458	0.00647	0.00842	0.14847	0.00431	0.00504	0.00676	0.00816	0.01082	0.04765	0.51702	0.16719	0.01018	0.00475	0.00147	0.00266	0.03327	0.00337	0.00375
28	0.01169	0.00972	0.01501	0.03511	0.09287	0.04013	0.25038	0.16707	0.05041	0.13951	0.00916	0.01044	0.00679	0.00452	0.00552	0.00131	0.13795	0.00391	0.00283	0.00568
29	0.03517	0.11875	0.11317	0.01035	0.09535	0.08735	0.08543	0.04226	0.04442	0.19343	0.02277	0.05666	0.03723	0.00484	0.00413	0.00120	0.03517	0.00399	0.00287	0.00546

[dist]
# distance from previous block
# <min> <max>
1	21

[block]
# block no. 7 follows, 69 sequences, length 39
# corresponding to MSA columns:
# 452-490
name=unknown_H
#
# <colnr> <probs for GDERKNQSTAVLIFYWHMCP>
#	G	D	E	R	K	N	Q	S	T	A	V	L	I	F	Y	W	H	M	C	P
0	0.01014	0.18850	0.18548	0.00862	0.01220	0.10894	0.05806	0.08019	0.02213	0.03681	0.00848	0.00934	0.03849	0.00392	0.00355	0.00100	0.01920	0.00300	0.00227	0.19970
1	0.06671	0.43565	0.33242	0.00844	0.01261	0.04753	0.00952	0.01212	0.00814	0.01106	0.00611	0.00712	0.00497	0.00353	0.00302	0.00102	0.00483	0.00243	0.00174	0.02105
2	0.02203	0.09840	0.03300	0.00872	0.06086	0.01868	0.10692	0.02826	0.06788	0.04570	0.01163	0.22240	0.01137	0.00573	0.00383	0.00111	0.00365	0.00512	0.00276	0.24195
3	0.00889	0.09769	0.67269	0.01054	0.01579	0.03034	0.01298	0.08373	0.00921	0.01313	0.00707	0.00816	0.00512	0.00378	0.00363	0.00119	0.00555	0.00287	0.00187	0.00577
4	0.00554	0.00396	0.00500	0.00518	0.00551	0.00403	0.00348	0.00620	0.00691	0.00954	0.06711	0.30265	0.03439	0.33212	0.11493	0.00294	0.03468	0.00727	0.03111	0.01745
5	0.00684	0.00613	0.01013	0.37284	0.13695	0.00676	0.04437	0.00870	0.00791	0.01050	0.01250	0.32124	0.01310	0.01887	0.00457	0.00143	0.00410	0.00637	0.00248	0.00421
6	0.01048	0.86458	0.02054	0.00671	0.01006	0.01551	0.00671	0.01174	0.00797	0.00922	0.00545	0.00629	0.00503	0.00335	0.00252	0.00084	0.00419	0.00210	0.00168	0.00503
7	0.00925	0.01058	0.02313	0.01652	0.02049	0.00991	0.82353	0.01256	0.00925	0.01256	0.00793	0.01058	0.00595	0.00330	0.00463	0.00132	0.00661	0.00463	0.00198	0.00529
8	0.88991	0.00758	0.00576	0.00516	0.00758	0.00879	0.00425	0.01152	0.00667	0.01759	0.00546	0.00637	0.00425	0.00364	0.00243	0.00121	0.00303	0.00212	0.00243	0.00425
9	0.00567	0.00391	0.00484	0.00484	0.00504	0.00411	0.00308	0.00606	0.00587	0.00802	0.01184	0.02279	0.01301	0.62964	0.25083	0.00450	0.00567	0.00528	0.00230	0.00269
10	0.01013	0.00933	0.00920	0.00827	0.01037	0.08329	0.00643	0.01987	0.72213	0.01549	0.01461	0.01369	0.01106	0.00528	0.00434	0.00132	0.04129	0.00422	0.00372	0.00597
11	0.00740	0.00697	0.01176	0.85280	0.02700	0.00871	0.01089	0.01002	0.00784	0.01002	0.00697	0.01045	0.00523	0.00392	0.00392	0.00131	0.00523	0.00348	0.00174	0.00436
12	0.00875	0.00715	0.00829	0.00609	0.00944	0.00576	0.00487	0.02429	0.08061	0.04575	0.00813	0.00892	0.00651	0.00322	0.00306	0.00068	0.00296	0.00259	0.00259	0.76032
13	0.00970	0.00931	0.01591	0.02406	0.83777	0.00931	0.01203	0.01203	0.00893	0.01281	0.00737	0.00970	0.00621	0.00349	0.00388	0.00116	0.00466	0.00349	0.00194	0.00621
14	0.00713	0.00431	0.00545	0.00498	0.00621	0.00391	0.00380	0.00884	0.01063	0.11939	0.57539	0.02688	0.11586	0.00751	0.00437	0.00121	0.00205	0.00652	0.08152	0.00403
15	0.00482	0.00345	0.00460	0.00551	0.00576	0.00322	0.00372	0.00554	0.00755	0.01006	0.02158	0.83489	0.02583	0.01224	0.00502	0.00160	0.00232	0.03546	0.00364	0.00320
16	0.00472	0.00396	0.00410	0.00409	0.00536	0.00334	0.00306	0.00579	0.00911	0.01107	0.11505	0.05351	0.74382	0.00979	0.00464	0.00132	0.00198	0.00822	0.00370	0.00334
17	0.00515	0.00373	0.00488	0.00523	0.00583	0.00345	0.00373	0.00638	0.00914	0.01251	0.36587	0.44307	0.06748	0.01032	0.00484	0.00144	0.00213	0.03749	0.00392	0.00342
18	0.00670	0.00401	0.00535	0.00551	0.00631	0.00367	0.00394	0.00782	0.00901	0.12238	0.24863	0.51437	0.02686	0.01010	0.00476	0.00144	0.00230	0.00905	0.00399	0.00379
19	0.00813	0.00697	0.00813	0.00581	0.00929	0.00523	0.00465	0.00987	0.00813	0.01277	0.00697	0.00813	0.00581	0.00290	0.00290	0.00058	0.00290	0.00232	0.00232	0.88619
20	0.01050	0.00879	0.00928	0.00813	0.01048	0.01010	0.00639	0.13712	0.71318	0.01760	0.01501	0.01387	0.01120	0.00523	0.00398	0.00131	0.00328	0.00430	0.00398	0.00627
21	0.00753	0.00710	0.01198	0.80782	0.07101	0.00874	0.01095	0.01013	0.00790	0.01017	0.00699	0.01041	0.00528	0.00390	0.00392	0.00130	0.00520	0.00348	0.00175	0.00446
22	0.01225	0.30372	0.06843	0.00950	0.01236	0.39126	0.07931	0.01378	0.00957	0.03395	0.00633	0.00741	0.00525	0.00382	0.00356	0.00102	0.02896	0.00265	0.00195	0.00491
23	0.01117	0.00730	0.00835	0.00729	0.02374	0.05502	0.01763	0.07504	0.18205	0.23201	0.12245	0.01633	0.01358	0.10325	0.02658	0.00164	0.03225	0.00453	0.05457	0.00521
24	0.02936	0.00535	0.00662	0.00547	0.00755	0.00488	0.00439	0.01454	0.00981	0.45901	0.01409	0.01378	0.00975	0.00470	0.00338	0.00108	0.00266	0.00378	0.39448	0.00529
25	0.00611	0.00483	0.00679	0.00658	0.00714	0.01708	0.00508	0.00722	0.00624	0.00894	0.00987	0.01528	0.00949	0.09748	0.64242	0.03554	0.10419	0.00419	0.00207	0.00344
26	0.00963	0.21523	0.28730	0.05144	0.10912	0.06889	0.08417	0.03908	0.06542	0.01204	0.00738	0.00868	0.00577	0.00379	0.00368	0.00114	0.01669	0.00307	0.00199	0.00550
27	0.00516	0.00387	0.00476	0.00478	0.00564	0.00350	0.00347	0.00652	0.00971	0.01309	0.45161	0.19738	0.23813	0.02833	0.00504	0.00139	0.00201	0.00817	0.00397	0.00347
28	0.00539	0.00401	0.00505	0.00503	0.00594	0.00370	0.00377	0.00707	0.02268	0.01380	0.52155	0.15193	0.16866	0.00909	0.00472	0.00134	0.00206	0.05658	0.00406	0.00359
29	0.01089	0.07896	0.26661	0.03267	0.06422	0.18249	0.00975	0.14406	0.11957	0.01403	0.00873	0.01018	0.00682	0.00434	0.00373	0.00118	0.00519	0.02850	0.00249	0.00559
30	0.00941	0.01002	0.07111	0.03878	0.39319	0.07209	0.08410	0.04433	0.08786	0.01291	0.01017	0.10391	0.00923	0.00496	0.00410	0.00126	0.00466	0.02996	0.00244	0.00553
31	0.00492	0.00375	0.00454	0.00509	0.00580	0.00339	0.00368	0.00585	0.00821	0.01046	0.04034	0.44862	0.31580	0.02480	0.00515	0.00155	0.00234	0.09880	0.00363	0.00327
32	0.00477	0.00396	0.00419	0.00427	0.00548	0.00338	0.00321	0.00583	0.00898	0.01092	0.08634	0.08985	0.70047	0.01000	0.00469	0.00136	0.00207	0.04322	0.00368	0.00334
33	0.02466	0.05903	0.15849	0.04716	0.36761	0.07270	0.09744	0.05941	0.00949	0.04631	0.00754	0.00925	0.00590	0.00373	0.00392	0.00118	0.01492	0.00336	0.00212	0.00577
34	0.00741	0.00668	0.01031	0.02512	0.36061	0.02411	0.03123	0.00919	0.02513	0.01157	0.03050	0.33891	0.05185	0.00784	0.01500	0.00143	0.00370	0.03192	0.00281	0.00467
35	0.01382	0.00975	0.01060	0.00834	0.01113	0.01066	0.00680	0.64614	0.05285	0.07273	0.01097	0.05904	0.00839	0.00517	0.00392	0.00119	0.00394	0.00404	0.05424	0.00627
36	0.69873	0.04502	0.00786	0.00631	0.00883	0.08253	0.03877	0.05003	0.00777	0.01666	0.00580	0.00674	0.00453	0.00370	0.00269	0.00118	0.00364	0.00233	0.00241	0.00446
37	0.00721	0.00506	0.00581	0.00560	0.00693	0.00490	0.00420	0.06153	0.10249	0.07892	0.05324	0.25009	0.28354	0.04059	0.00509	0.00147	0.00259	0.04094	0.02058	0.01922
38	0.00978	0.41083	0.31981	0.00993	0.08433	0.01205	0.00998	0.02774	0.03095	0.04155	0.00692	0.00786	0.00550	0.00364	0.00319	0.00105	0.00476	0.00267	0.00191	0.00553

[dist]
# distance from previous block
# <min> <max>
0	1

[block]
# block no. 8 follows, 69 sequences, length 16
# corresponding to MSA columns:
# 492-507
name=unknown_I
#
# <colnr> <probs for GDERKNQSTAVLIFYWHMCP>
#	G	D	E	R	K	N	Q	S	T	A	V	L	I	F	Y	W	H	M	C	P
0	0.00696	0.00630	0.01085	0.00881	0.02863	0.00592	0.24737	0.03635	0.01035	0.01422	0.43357	0.02339	0.10898	0.03448	0.00509	0.00135	0.00349	0.00624	0.00342	0.00424
1	0.00895	0.36953	0.50215	0.00933	0.01411	0.01176	0.01127	0.01214	0.00815	0.01110	0.00638	0.00745	0.00499	0.00357	0.00322	0.00107	0.00513	0.00257	0.00166	0.00548
2	0.01192	0.01370	0.01284	0.01581	0.36470	0.43187	0.00930	0.01352	0.00985	0.01093	0.00692	0.00876	0.00587	0.00552	0.06056	0.00143	0.00627	0.00305	0.00199	0.00519
3	0.00884	0.00847	0.01446	0.15653	0.59257	0.00868	0.04676	0.01112	0.00871	0.01212	0.00969	0.04240	0.05383	0.00424	0.00400	0.00122	0.00460	0.00409	0.00207	0.00559
4	0.20836	0.00949	0.01163	0.06646	0.31497	0.05711	0.00850	0.16817	0.06580	0.04149	0.00806	0.00924	0.00623	0.00398	0.00355	0.00119	0.00425	0.00321	0.00265	0.00566
5	0.00914	0.00874	0.01489	0.22731	0.63892	0.00917	0.01175	0.01154	0.00866	0.01212	0.00727	0.00989	0.00597	0.00360	0.00389	0.00120	0.00480	0.00349	0.00189	0.00575
6	0.00566	0.00378	0.00429	0.00432	0.00433	0.00378	0.00243	0.00569	0.00578	0.00770	0.01274	0.06028	0.01474	0.82693	0.01933	0.00371	0.00374	0.00593	0.00243	0.00241
7	0.00963	0.01043	0.05470	0.09085	0.41674	0.11644	0.07019	0.01243	0.05958	0.01210	0.02208	0.01122	0.02005	0.00507	0.03599	0.00140	0.02713	0.01635	0.00214	0.00547
8	0.04608	0.38069	0.07112	0.00873	0.05036	0.09688	0.03865	0.03894	0.11538	0.08652	0.00855	0.02747	0.00692	0.00409	0.00326	0.00106	0.00441	0.00307	0.00246	0.00538
9	0.00964	0.01088	0.06609	0.01570	0.01972	0.00964	0.73463	0.01292	0.00931	0.05880	0.00830	0.01061	0.00611	0.00341	0.00454	0.00131	0.00638	0.00450	0.00213	0.00539
10	0.00569	0.00384	0.00447	0.00447	0.00454	0.00391	0.00262	0.00583	0.00576	0.00775	0.01217	0.02465	0.01382	0.78093	0.10065	0.00404	0.00445	0.00555	0.00235	0.00249
11	0.00715	0.00602	0.00704	0.02582	0.02016	0.07802	0.00502	0.02450	0.00692	0.02291	0.01013	0.01672	0.01006	0.26407	0.40184	0.00436	0.07916	0.00438	0.00221	0.00351
12	0.01061	0.24751	0.18079	0.00897	0.01246	0.01083	0.08936	0.14161	0.06577	0.08664	0.02877	0.01116	0.05411	0.00449	0.00390	0.00115	0.03010	0.00356	0.00267	0.00554
13	0.01069	0.44159	0.10848	0.02433	0.11638	0.05093	0.00815	0.04566	0.00893	0.06708	0.00689	0.00781	0.00563	0.00357	0.00308	0.00096	0.00442	0.00261	0.00209	0.08071
14	0.08404	0.10374	0.06108	0.00719	0.00973	0.00913	0.00615	0.27359	0.05722	0.13224	0.05807	0.01349	0.00994	0.15001	0.00640	0.00161	0.00385	0.00390	0.00330	0.00531
15	0.06372	0.16879	0.07423	0.00788	0.05268	0.02634	0.01896	0.05571	0.08518	0.06000	0.05183	0.26297	0.01425	0.01726	0.00414	0.00131	0.00353	0.02350	0.00303	0.00472

[dist]
# distance from previous block
# <min> <max>
3	8

[block]
# block no. 9 follows, 69 sequences, length 55
# corresponding to MSA columns:
# 517-571
name=unknown_J
#
# <colnr> <probs for GDERKNQSTAVLIFYWHMCP>
#	G	D	E	R	K	N	Q	S	T	A	V	L	I	F	Y	W	H	M	C	P
0	0.01203	0.01124	0.02546	0.01016	0.08673	0.18713	0.00752	0.30690	0.13146	0.01639	0.00996	0.01214	0.00813	0.03168	0.05689	0.00161	0.03443	0.04153	0.00306	0.00555
1	0.00956	0.00917	0.01566	0.07413	0.78878	0.00928	0.01196	0.01191	0.00886	0.01264	0.00735	0.00975	0.00615	0.00352	0.00388	0.00117	0.00469	0.00349	0.00193	0.00610
2	0.00871	0.06648	0.00908	0.00596	0.00941	0.00607	0.00487	0.02315	0.00838	0.04007	0.00718	0.00819	0.00590	0.00303	0.00293	0.00063	0.00303	0.00238	0.00239	0.78217
3	0.02019	0.16956	0.15528	0.01584	0.39180	0.03787	0.03955	0.01246	0.00889	0.06839	0.02924	0.01943	0.00698	0.00383	0.00364	0.00113	0.00470	0.00334	0.00213	0.00574
4	0.01172	0.55042	0.05360	0.00764	0.01101	0.01410	0.00727	0.26293	0.02431	0.01426	0.00691	0.00747	0.00564	0.00382	0.00303	0.00097	0.00428	0.00261	0.00241	0.00559
5	0.00570	0.00380	0.00428	0.00428	0.00428	0.00380	0.00238	0.00570	0.00570	0.00760	0.01235	0.02566	0.01425	0.86222	0.01995	0.00380	0.00380	0.00570	0.00238	0.00238
6	0.00872	0.00981	0.06608	0.24366	0.18733	0.04207	0.30338	0.01152	0.00891	0.01194	0.05195	0.01141	0.01715	0.00389	0.00419	0.00126	0.00550	0.00407	0.00203	0.00512
7	0.00947	0.15204	0.16562	0.05472	0.03468	0.02974	0.06802	0.02930	0.00798	0.07528	0.00733	0.00942	0.00602	0.00709	0.08671	0.00179	0.24445	0.00330	0.00206	0.00498
