[name]
unknown

[dist]
# distance from previous block
# <min> <max>
0	432

[block]
# block no. 0 follows, 70 sequences, length 7
# corresponding to MSA columns:
# 466-472
name=unknown_A
#
# <colnr> <probs for GDERKNQSTAVLIFYWHMCP>
#	G	D	E	R	K	N	Q	S	T	A	V	L	I	F	Y	W	H	M	C	P
0	0.00636	0.00718	0.14345	0.00906	0.10192	0.00530	0.00731	0.00828	0.00829	0.01126	0.01711	0.30792	0.01877	0.00923	0.00478	0.00155	0.00360	0.32149	0.00308	0.00407
1	0.08732	0.12306	0.01158	0.00805	0.01090	0.06173	0.00669	0.41289	0.14790	0.07745	0.00974	0.00962	0.00715	0.00446	0.00356	0.00114	0.00404	0.00330	0.00342	0.00598
2	0.01340	0.01090	0.14593	0.00845	0.01165	0.07047	0.00772	0.20988	0.14383	0.29343	0.01206	0.01211	0.00852	0.00477	0.00388	0.00122	0.00417	0.02780	0.00368	0.00614
3	0.00536	0.00416	0.00495	0.00523	0.00605	0.00399	0.00373	0.00746	0.10091	0.01167	0.15846	0.42467	0.22869	0.01010	0.00468	0.00142	0.00220	0.00891	0.00375	0.00360
4	0.00845	0.00975	0.14803	0.26082	0.29961	0.00824	0.01049	0.01129	0.03005	0.03214	0.00875	0.01071	0.03851	0.00388	0.00375	0.00115	0.00458	0.00345	0.00205	0.10429
5	0.01063	0.00839	0.01277	0.13030	0.31890	0.00835	0.05581	0.10270	0.03216	0.12584	0.00874	0.01008	0.00660	0.00377	0.00374	0.00110	0.00425	0.00342	0.00262	0.14984
6	0.01423	0.00991	0.01039	0.03339	0.01152	0.08728	0.00682	0.42112	0.10232	0.21507	0.01146	0.04015	0.00834	0.00493	0.00389	0.00119	0.00412	0.00385	0.00386	0.00616

[dist]
# distance from previous block
# <min> <max>
5	27

[block]
# block no. 1 follows, 70 sequences, length 41
# corresponding to MSA columns:
# 500-540
name=unknown_B
#
# <colnr> <probs for GDERKNQSTAVLIFYWHMCP>
#	G	D	E	R	K	N	Q	S	T	A	V	L	I	F	Y	W	H	M	C	P
0	0.11972	0.07302	0.10405	0.01186	0.13666	0.05997	0.10541	0.07656	0.10001	0.09283	0.04011	0.01177	0.00872	0.00481	0.00411	0.00136	0.00476	0.00380	0.00307	0.03741
1	0.21681	0.12991	0.05744	0.01268	0.28997	0.04842	0.02587	0.01280	0.00852	0.12338	0.00757	0.00860	0.00584	0.00366	0.00328	0.00111	0.00415	0.00291	0.00238	0.03470
2	0.25912	0.00781	0.01050	0.01297	0.33640	0.00795	0.00761	0.01331	0.03725	0.19622	0.05236	0.01061	0.00814	0.00408	0.00347	0.00117	0.00364	0.00337	0.00289	0.02114
3	0.00834	0.00686	0.00798	0.00583	0.00909	0.00539	0.00466	0.03989	0.02178	0.03283	0.03378	0.00992	0.03451	0.00341	0.00306	0.00067	0.00287	0.00275	0.00254	0.76384
4	0.00655	0.00568	0.00864	0.04424	0.14957	0.00548	0.07528	0.00879	0.04129	0.01357	0.40142	0.03406	0.17606	0.00690	0.00440	0.00124	0.00292	0.00622	0.00342	0.00426
5	0.00474	0.00365	0.00434	0.00476	0.00548	0.00325	0.00334	0.00565	0.00834	0.01068	0.10877	0.44880	0.35271	0.01080	0.00476	0.00143	0.00209	0.00949	0.00367	0.00325
6	0.00834	0.00771	0.01284	0.01906	0.62502	0.00765	0.00976	0.01023	0.00847	0.01195	0.01091	0.22869	0.01116	0.00569	0.00412	0.00126	0.00400	0.00540	0.00235	0.00537
7	0.01392	0.01045	0.01118	0.00875	0.01171	0.01164	0.00717	0.69755	0.14865	0.02312	0.01034	0.01013	0.00743	0.00475	0.00389	0.00119	0.00407	0.00363	0.00389	0.00652
8	0.00960	0.00921	0.01574	0.02380	0.83957	0.00921	0.01190	0.01190	0.00883	0.01267	0.00729	0.00960	0.00614	0.00345	0.00384	0.00115	0.00461	0.00345	0.00192	0.00614
9	0.00960	0.00921	0.01574	0.02380	0.83957	0.00921	0.01190	0.01190	0.00883	0.01267	0.00729	0.00960	0.00614	0.00345	0.00384	0.00115	0.00461	0.00345	0.00192	0.00614
10	0.00790	0.01917	0.76804	0.01154	0.01710	0.00908	0.08906	0.01229	0.00827	0.01229	0.00704	0.00839	0.00500	0.00364	0.00377	0.00124	0.00580	0.00302	0.00167	0.00568
11	0.00960	0.00921	0.01574	0.02380	0.83957	0.00921	0.01190	0.01190	0.00883	0.01267	0.00729	0.00960	0.00614	0.00345	0.00384	0.00115	0.00461	0.00345	0.00192	0.00614
12	0.00792	0.06566	0.79929	0.01081	0.01641	0.00935	0.01391	0.01224	0.00817	0.01211	0.00687	0.00808	0.00491	0.00366	0.00362	0.00121	0.00564	0.00282	0.00164	0.00569
13	0.01030	0.00953	0.01556	0.20422	0.64900	0.00974	0.01206	0.01231	0.00937	0.01321	0.00842	0.01141	0.00708	0.00436	0.00437	0.00141	0.00513	0.00385	0.00230	0.00635
14	0.00699	0.01576	0.62778	0.00960	0.01391	0.00750	0.01156	0.01051	0.00799	0.01166	0.01066	0.22764	0.01024	0.00586	0.00401	0.00132	0.00483	0.00496	0.00214	0.00507
15	0.00947	0.00909	0.01552	0.06842	0.79590	0.00918	0.01184	0.01179	0.00877	0.01252	0.00727	0.00963	0.00609	0.00348	0.00384	0.00116	0.00464	0.00345	0.00191	0.00604
16	0.00960	0.00921	0.01574	0.02380	0.83957	0.00921	0.01190	0.01190	0.00883	0.01267	0.00729	0.00960	0.00614	0.00345	0.00384	0.00115	0.00461	0.00345	0.00192	0.00614
17	0.00778	0.02005	0.84367	0.01105	0.01678	0.00900	0.01432	0.01228	0.00818	0.01228	0.00696	0.00818	0.00491	0.00368	0.00368	0.00123	0.00573	0.00286	0.00164	0.00573
18	0.01069	0.00769	0.01270	0.18667	0.35370	0.00776	0.05332	0.01278	0.00910	0.22014	0.01039	0.07111	0.00835	0.00456	0.00400	0.00124	0.00432	0.01317	0.00274	0.00559
19	0.00778	0.02005	0.84367	0.01105	0.01678	0.00900	0.01432	0.01228	0.00818	0.01228	0.00696	0.00818	0.00491	0.00368	0.00368	0.00123	0.00573	0.00286	0.00164	0.00573
20	0.00960	0.00921	0.01574	0.02380	0.83957	0.00921	0.01190	0.01190	0.00883	0.01267	0.00729	0.00960	0.00614	0.00345	0.00384	0.00115	0.00461	0.00345	0.00192	0.00614
21	0.00965	0.00941	0.05831	0.01349	0.03660	0.00829	0.54247	0.01236	0.00913	0.12733	0.01063	0.12444	0.00900	0.00469	0.00447	0.00132	0.00543	0.00523	0.00256	0.00519
22	0.00855	0.00750	0.01253	0.33025	0.37726	0.00806	0.01960	0.01074	0.00840	0.05452	0.00935	0.10445	0.00839	0.00476	0.00401	0.00127	0.00449	0.01857	0.00221	0.00510
23	0.00960	0.00921	0.01574	0.02380	0.83957	0.00921	0.01190	0.01190	0.00883	0.01267	0.00729	0.00960	0.00614	0.00345	0.00384	0.00115	0.00461	0.00345	0.00192	0.00614
24	0.00943	0.00904	0.01543	0.08500	0.77967	0.00917	0.01181	0.01175	0.00875	0.01246	0.00726	0.00965	0.00607	0.00349	0.00384	0.00116	0.00465	0.00345	0.00190	0.00601
25	0.00862	0.01638	0.59836	0.01102	0.01588	0.00842	0.12166	0.01244	0.00855	0.08557	0.00885	0.05224	0.00689	0.00431	0.00392	0.00127	0.00540	0.02255	0.00210	0.00556
26	0.00915	0.00801	0.08666	0.01003	0.01263	0.00654	0.28847	0.01129	0.00892	0.17957	0.01443	0.27037	0.02641	0.00674	0.00451	0.00138	0.00430	0.04266	0.00310	0.00482
27	0.01695	0.00684	0.00896	0.00699	0.00989	0.02792	0.00576	0.01844	0.01102	0.79270	0.01522	0.01404	0.00990	0.00497	0.00394	0.00121	0.00341	0.03072	0.00468	0.00644
28	0.01325	0.11196	0.14464	0.00977	0.05504	0.04220	0.11825	0.01544	0.00982	0.41308	0.01108	0.02141	0.00764	0.00423	0.00378	0.00117	0.00442	0.00362	0.00327	0.00593
29	0.00935	0.00839	0.01413	0.23388	0.57418	0.00877	0.01113	0.01166	0.00868	0.05664	0.00815	0.01044	0.01990	0.00374	0.00386	0.00119	0.00463	0.00355	0.00205	0.00565
30	0.00941	0.00902	0.01540	0.09124	0.77357	0.00916	0.01181	0.01174	0.00874	0.01244	0.00726	0.00966	0.00606	0.00349	0.00384	0.00116	0.00465	0.00345	0.00190	0.00599
31	0.05414	0.00928	0.01454	0.03611	0.70937	0.04035	0.01096	0.02577	0.00901	0.01304	0.03585	0.01001	0.00704	0.00366	0.00378	0.00115	0.00452	0.00347	0.00206	0.00587
32	0.01508	0.00826	0.07090	0.00844	0.04075	0.02231	0.04934	0.03063	0.07734	0.60095	0.02597	0.01272	0.00938	0.00466	0.00392	0.00121	0.00374	0.00390	0.00417	0.00633
33	0.01191	0.02227	0.04874	0.01253	0.01610	0.03704	0.45040	0.11108	0.02543	0.20962	0.00979	0.01078	0.00687	0.00387	0.00422	0.00124	0.00539	0.00411	0.00288	0.00572
34	0.05021	0.00920	0.01704	0.01241	0.01593	0.02412	0.49162	0.01401	0.02511	0.22024	0.00964	0.01079	0.00682	0.00369	0.00415	0.00121	0.00524	0.00408	0.00275	0.07175
35	0.04524	0.05549	0.05051	0.01141	0.06997	0.03560	0.28439	0.01452	0.07081	0.24043	0.02998	0.01117	0.00791	0.00400	0.00393	0.00118	0.00467	0.00387	0.00295	0.05198
36	0.03061	0.04300	0.03067	0.00852	0.06301	0.03601	0.03679	0.06158	0.08201	0.45067	0.04086	0.01216	0.00934	0.00451	0.00376	0.00114	0.00367	0.00372	0.00383	0.07416
37	0.04027	0.03980	0.03590	0.01607	0.29507	0.07430	0.28322	0.01343	0.00934	0.14199	0.00849	0.00999	0.00637	0.00365	0.00397	0.00119	0.00519	0.00372	0.00239	0.00566
38	0.03417	0.03912	0.05684	0.01768	0.51708	0.07761	0.01010	0.05547	0.00955	0.09253	0.00791	0.00936	0.00623	0.00367	0.00368	0.00111	0.00458	0.00325	0.00231	0.04773
39	0.03603	0.06447	0.43162	0.01082	0.07757	0.11334	0.03004	0.02798	0.02883	0.10024	0.00845	0.00924	0.02025	0.00394	0.00362	0.00116	0.00518	0.00308	0.00221	0.02195
40	0.03166	0.09838	0.05371	0.01434	0.25412	0.02781	0.19581	0.07725	0.06354	0.08967	0.00925	0.04278	0.00747	0.00417	0.00389	0.00119	0.00472	0.01206	0.00253	0.00565

[dist]
# distance from previous block
# <min> <max>
20	53

[block]
# block no. 2 follows, 70 sequences, length 99
# corresponding to MSA columns:
# 600-698
name=unknown_C
#
# <colnr> <probs for GDERKNQSTAVLIFYWHMCP>
#	G	D	E	R	K	N	Q	S	T	A	V	L	I	F	Y	W	H	M	C	P
0	0.02398	0.00754	0.00956	0.00888	0.11301	0.01483	0.00626	0.06826	0.11711	0.30470	0.04070	0.01167	0.00906	0.00425	0.00362	0.00104	0.00336	0.00352	0.00351	0.24514
1	0.05217	0.11444	0.01291	0.01382	0.35734	0.00868	0.00827	0.03478	0.03818	0.24770	0.05609	0.01127	0.00879	0.00416	0.00366	0.00113	0.00387	0.00357	0.00298	0.01618
2	0.04510	0.00832	0.01305	0.01743	0.53648	0.00799	0.00946	0.01319	0.00916	0.19497	0.00893	0.01009	0.00678	0.00369	0.00369	0.00110	0.00407	0.00338	0.00261	0.10050
3	0.14084	0.00891	0.01256	0.01679	0.50709	0.04587	0.00916	0.02054	0.00879	0.08220	0.00759	0.00911	0.00605	0.00356	0.00350	0.00109	0.00416	0.00312	0.00230	0.10679
4	0.40305	0.00752	0.00872	0.00962	0.18265	0.00791	0.00625	0.04717	0.02116	0.19134	0.02129	0.06154	0.00776	0.00448	0.00329	0.00121	0.00339	0.00348	0.00299	0.00517
5	0.00960	0.00916	0.01531	0.02282	0.78862	0.00924	0.01154	0.01243	0.05942	0.01288	0.00781	0.00989	0.00649	0.00357	0.00384	0.00116	0.00451	0.00351	0.00204	0.00614
6	0.06374	0.00907	0.01480	0.02191	0.74997	0.00920	0.01116	0.01227	0.04692	0.01312	0.00757	0.00962	0.00629	0.00355	0.00375	0.00116	0.00444	0.00341	0.00204	0.00602
7	0.05763	0.00575	0.00811	0.06017	0.11183	0.00568	0.02316	0.01008	0.00979	0.13110	0.38519	0.03313	0.05596	0.00634	0.00447	0.00123	0.03249	0.02220	0.00354	0.03213
8	0.01035	0.00887	0.00872	0.00669	0.00978	0.14404	0.00529	0.04606	0.00928	0.10344	0.00802	0.02364	0.00643	0.00351	0.00317	0.00076	0.00364	0.00271	0.00261	0.59300
9	0.07001	0.00696	0.00920	0.00764	0.04833	0.00630	0.00595	0.05200	0.01096	0.70426	0.01392	0.01235	0.00891	0.00462	0.00379	0.00118	0.00337	0.00372	0.00444	0.02208
10	0.53528	0.00733	0.00673	0.00586	0.00819	0.03567	0.00478	0.03692	0.00839	0.19651	0.04404	0.04100	0.00844	0.00472	0.00313	0.00123	0.00319	0.04073	0.00313	0.00471
11	0.00514	0.00391	0.00464	0.00501	0.00577	0.00359	0.00354	0.04018	0.00855	0.01101	0.07040	0.49838	0.30413	0.01081	0.00476	0.00145	0.00221	0.00952	0.00365	0.00336
12	0.01726	0.00666	0.00922	0.00705	0.01006	0.00576	0.01890	0.01879	0.01106	0.82889	0.01517	0.01315	0.00954	0.00477	0.00391	0.00120	0.00335	0.00391	0.00475	0.00658
13	0.01588	0.00668	0.00941	0.00847	0.09014	0.00591	0.00622	0.01745	0.01072	0.70973	0.02434	0.03895	0.01032	0.00505	0.00396	0.00122	0.00338	0.02135	0.00445	0.00635
14	0.00471	0.00341	0.00446	0.00531	0.00560	0.00316	0.00356	0.00541	0.00751	0.00993	0.02247	0.81062	0.07553	0.01200	0.00493	0.00156	0.00223	0.01085	0.00360	0.00316
15	0.00875	0.00901	0.05321	0.21504	0.52249	0.00885	0.06578	0.01121	0.00851	0.01187	0.00781	0.04566	0.00666	0.00392	0.00394	0.00122	0.00482	0.00382	0.00193	0.00551
16	0.00897	0.00793	0.01333	0.42526	0.39472	0.00871	0.01097	0.01136	0.00845	0.06228	0.00759	0.01018	0.00588	0.00374	0.00386	0.00122	0.00480	0.00348	0.00200	0.00528
17	0.00905	0.01027	0.02228	0.06104	0.02060	0.00974	0.78203	0.01228	0.00908	0.01228	0.00779	0.01045	0.00584	0.00330	0.00454	0.00131	0.00646	0.00451	0.00195	0.00518
18	0.00539	0.00427	0.00652	0.00659	0.00736	0.00400	0.08363	0.00654	0.00804	0.01067	0.05880	0.58298	0.06807	0.01076	0.00493	0.00155	0.00281	0.12018	0.00347	0.00344
19	0.00864	0.07071	0.70271	0.01072	0.01605	0.00921	0.04747	0.01268	0.00840	0.06757	0.00746	0.00849	0.00527	0.00372	0.00366	0.00120	0.00550	0.00296	0.00186	0.00572
20	0.00714	0.03464	0.00590	0.00577	0.00660	0.00407	0.00417	0.00802	0.00812	0.15107	0.01973	0.65253	0.02205	0.01053	0.00470	0.00149	0.00255	0.04337	0.00373	0.00382
21	0.00906	0.00914	0.01589	0.05574	0.51555	0.03403	0.19264	0.01142	0.00887	0.01216	0.00982	0.04172	0.05779	0.00415	0.00408	0.00121	0.00489	0.00423	0.00209	0.00553
22	0.00941	0.00902	0.01540	0.09117	0.77364	0.00916	0.01181	0.01174	0.00874	0.01244	0.00726	0.00966	0.00606	0.00349	0.00384	0.00116	0.00465	0.00345	0.00190	0.00599
23	0.01018	0.01029	0.05526	0.01536	0.06845	0.00921	0.63683	0.01321	0.00934	0.11886	0.00873	0.01066	0.00633	0.00349	0.00441	0.00128	0.00597	0.00435	0.00231	0.00548
24	0.01015	0.00564	0.00869	0.03746	0.00977	0.00521	0.10127	0.01156	0.00902	0.31575	0.01682	0.28700	0.03718	0.04815	0.02127	0.00159	0.00355	0.06155	0.00369	0.00470
25	0.00833	0.06765	0.76161	0.01062	0.01610	0.00922	0.01352	0.01252	0.00829	0.04708	0.00722	0.00828	0.00511	0.00371	0.00362	0.00120	0.00554	0.00286	0.00177	0.00572
26	0.00826	0.03802	0.72620	0.01038	0.01557	0.00862	0.01301	0.01228	0.00831	0.06305	0.00824	0.05623	0.00636	0.00422	0.00374	0.00124	0.00535	0.00337	0.00194	0.00562
27	0.00937	0.01625	0.56598	0.01190	0.05458	0.00869	0.13826	0.01317	0.00876	0.12425	0.00823	0.00928	0.00575	0.00376	0.00386	0.00123	0.00547	0.00330	0.00213	0.00579
28	0.00927	0.02356	0.30465	0.05072	0.01613	0.00830	0.27649	0.01245	0.00879	0.12372	0.00956	0.02332	0.00748	0.00567	0.05143	0.00157	0.00570	0.05354	0.00234	0.00531
29	0.00985	0.00771	0.02511	0.47311	0.13383	0.00824	0.09250	0.01227	0.00872	0.17772	0.00873	0.01079	0.00626	0.00394	0.00394	0.00125	0.00486	0.00364	0.00239	0.00513
30	0.00807	0.00584	0.00931	0.35191	0.04406	0.00629	0.04526	0.00983	0.00825	0.13449	0.01364	0.28886	0.02613	0.01593	0.00446	0.00140	0.00390	0.01516	0.00287	0.00433
31	0.00893	0.00756	0.14962	0.03265	0.01008	0.00535	0.05065	0.01067	0.00863	0.23200	0.01614	0.41904	0.01617	0.00802	0.00440	0.00139	0.00344	0.00716	0.00344	0.00465
32	0.00803	0.06699	0.42203	0.21067	0.03519	0.00867	0.05255	0.01129	0.00823	0.04468	0.00931	0.05784	0.03908	0.00444	0.00382	0.00124	0.00507	0.00376	0.00200	0.00512
33	0.00826	0.01930	0.79510	0.01090	0.01648	0.00885	0.02164	0.01260	0.00834	0.05278	0.00737	0.00845	0.00515	0.00373	0.00370	0.00123	0.00562	0.00293	0.00179	0.00577
34	0.00780	0.01988	0.82850	0.01115	0.01684	0.00902	0.02931	0.01228	0.00820	0.01228	0.00697	0.00823	0.00493	0.00368	0.00370	0.00123	0.00574	0.00290	0.00164	0.00572
35	0.00816	0.01827	0.71922	0.01115	0.01648	0.00879	0.08142	0.01237	0.00846	0.04190	0.03331	0.00920	0.00615	0.00382	0.00379	0.00123	0.00559	0.00317	0.00186	0.00565
36	0.00836	0.04662	0.46400	0.19390	0.03063	0.00860	0.05436	0.01177	0.00830	0.06969	0.00843	0.06316	0.00668	0.00430	0.00382	0.00125	0.00518	0.00365	0.00202	0.00527
37	0.00848	0.00809	0.05741	0.46503	0.16156	0.00827	0.08981	0.01098	0.00833	0.07120	0.00867	0.06099	0.00710	0.00436	0.00401	0.00128	0.00491	0.01251	0.00213	0.00488
38	0.00861	0.00691	0.03929	0.30165	0.06245	0.00675	0.03243	0.01005	0.00882	0.09742	0.01508	0.35242	0.02458	0.00802	0.00480	0.00159	0.00415	0.00695	0.00321	0.00483
39	0.00882	0.01368	0.47042	0.13057	0.01548	0.00760	0.01084	0.01205	0.00863	0.14619	0.01210	0.04852	0.08863	0.00486	0.00389	0.00126	0.00474	0.00399	0.00244	0.00531
40	0.00893	0.01147	0.29459	0.15026	0.18717	0.00782	0.03449	0.01175	0.00860	0.11622	0.01892	0.09925	0.02385	0.00484	0.00396	0.00126	0.00465	0.00426	0.00239	0.00534
41	0.00874	0.08518	0.69803	0.01050	0.01579	0.00927	0.03031	0.01273	0.00840	0.07529	0.00749	0.00846	0.00529	0.00373	0.00362	0.00120	0.00544	0.00292	0.00189	0.00573
42	0.00918	0.01736	0.67258	0.01093	0.05302	0.00845	0.01280	0.01311	0.00868	0.13023	0.02291	0.00933	0.00620	0.00391	0.00374	0.00122	0.00526	0.00311	0.00215	0.00583
43	0.00874	0.01589	0.52933	0.04191	0.06868	0.00891	0.18444	0.01256	0.00859	0.06478	0.00783	0.01713	0.00569	0.00374	0.00391	0.00124	0.00562	0.00342	0.00194	0.00563
44	0.00930	0.03019	0.28592	0.21940	0.12306	0.00801	0.02333	0.01211	0.00858	0.14933	0.00966	0.08710	0.00781	0.00464	0.00389	0.00125	0.00470	0.00400	0.00240	0.00532
45	0.00931	0.00732	0.02390	0.34836	0.24361	0.00768	0.02173	0.02132	0.00868	0.14139	0.01024	0.12089	0.00881	0.00497	0.00402	0.00127	0.00436	0.00451	0.00253	0.00508
46	0.00998	0.00582	0.03108	0.03581	0.03971	0.00507	0.05005	0.01146	0.00939	0.31064	0.11559	0.27924	0.05438	0.01749	0.00455	0.00136	0.00310	0.00667	0.00383	0.00478
47	0.01255	0.01149	0.31609	0.00900	0.04275	0.00693	0.01956	0.01519	0.00979	0.43504	0.03531	0.02569	0.03338	0.00467	0.00388	0.00122	0.00419	0.00384	0.00342	0.00601
48	0.01033	0.01439	0.41086	0.04320	0.14466	0.05061	0.08355	0.01356	0.00905	0.16997	0.00862	0.00958	0.00609	0.00385	0.00382	0.00121	0.00521	0.00331	0.00233	0.00580
49	0.01046	0.03456	0.49957	0.02019	0.01461	0.00805	0.06133	0.01382	0.00904	0.24167	0.01720	0.03611	0.00719	0.00426	0.00382	0.00123	0.00492	0.00353	0.00262	0.00581
50	0.00857	0.02388	0.57140	0.02395	0.10332	0.00837	0.04090	0.01220	0.00852	0.07966	0.00967	0.03897	0.04483	0.00430	0.00382	0.00123	0.00512	0.00360	0.00209	0.00560
51	0.01112	0.00940	0.12379	0.13994	0.23418	0.00785	0.08688	0.02297	0.00933	0.25914	0.01031	0.05076	0.00776	0.00435	0.00396	0.00123	0.00452	0.00397	0.00281	0.00572
52	0.01053	0.04561	0.27953	0.04645	0.12531	0.00834	0.07304	0.02353	0.00968	0.15472	0.04621	0.12893	0.01133	0.00594	0.00447	0.00146	0.00481	0.01115	0.00305	0.00591
53	0.00990	0.02773	0.11177	0.13296	0.43914	0.03047	0.05137	0.01236	0.00886	0.10191	0.00840	0.03312	0.00670	0.00392	0.00386	0.00119	0.00476	0.00364	0.00222	0.00570
54	0.00815	0.04422	0.66429	0.01096	0.01604	0.00884	0.09037	0.01211	0.00832	0.04041	0.00808	0.05629	0.00633	0.00414	0.00381	0.00124	0.00548	0.00349	0.00189	0.00554
55	0.02428	0.01299	0.39699	0.01031	0.08437	0.00752	0.02091	0.01443	0.00930	0.32612	0.01076	0.04770	0.00770	0.00445	0.00383	0.00123	0.00453	0.00368	0.00296	0.00595
56	0.02884	0.03816	0.07003	0.00817	0.05674	0.01392	0.00668	0.08713	0.01101	0.55865	0.02301	0.04502	0.02472	0.00496	0.00386	0.00120	0.00361	0.00405	0.00408	0.00617
57	0.00822	0.00743	0.01264	0.48323	0.25163	0.00830	0.04905	0.01057	0.00825	0.04244	0.00883	0.06217	0.02188	0.00437	0.00398	0.00127	0.00477	0.00406	0.00205	0.00486
58	0.01096	0.00928	0.14384	0.14868	0.13148	0.00744	0.09508	0.02190	0.00927	0.27825	0.01124	0.09632	0.00883	0.00486	0.00403	0.00126	0.00442	0.00438	0.00296	0.00553
59	0.01318	0.03778	0.10229	0.08296	0.04131	0.00656	0.02286	0.01509	0.00989	0.49835	0.02786	0.07919	0.03458	0.00524	0.00395	0.00123	0.00373	0.00441	0.00377	0.00578
60	0.00949	0.00910	0.01554	0.06369	0.80053	0.00918	0.01184	0.01180	0.00878	0.01253	0.00727	0.00963	0.00609	0.00347	0.00384	0.00116	0.00463	0.00345	0.00191	0.00605
61	0.00882	0.00904	0.05490	0.27419	0.55377	0.00902	0.01167	0.01131	0.00847	0.01181	0.00715	0.00975	0.00579	0.00359	0.00384	0.00120	0.00483	0.00342	0.00185	0.00557
62	0.00778	0.02005	0.84367	0.01105	0.01678	0.00900	0.01432	0.01228	0.00818	0.01228	0.00696	0.00818	0.00491	0.00368	0.00368	0.00123	0.00573	0.00286	0.00164	0.00573
63	0.00955	0.00919	0.05505	0.16725	0.61102	0.00890	0.01147	0.01196	0.00874	0.05863	0.00765	0.00986	0.00610	0.00361	0.00384	0.00118	0.00469	0.00345	0.00203	0.00583
64	0.00799	0.11278	0.66518	0.01058	0.01567	0.00947	0.05838	0.01188	0.00817	0.01182	0.00754	0.04972	0.00598	0.00403	0.00366	0.00120	0.00543	0.00327	0.00175	0.00549
65	0.00838	0.00802	0.01377	0.46133	0.38827	0.00891	0.03406	0.01086	0.00827	0.01120	0.00710	0.01001	0.00562	0.00367	0.00388	0.00123	0.00496	0.00348	0.00182	0.00515
66	0.01009	0.00579	0.01659	0.00796	0.03523	0.00517	0.10893	0.01148	0.00903	0.31396	0.01686	0.40946	0.01648	0.00799	0.00447	0.00139	0.00328	0.00729	0.00376	0.00479
67	0.00930	0.00953	0.05576	0.10026	0.72397	0.00915	0.01191	0.01173	0.00870	0.01239	0.00724	0.00960	0.00599	0.00350	0.00383	0.00117	0.00471	0.00342	0.00189	0.00595
68	0.00824	0.00775	0.01294	0.32564	0.44561	0.00833	0.01049	0.01054	0.00857	0.01171	0.05987	0.01256	0.05270	0.00423	0.00394	0.00122	0.00450	0.00393	0.00208	0.00516
69	0.00787	0.03895	0.80600	0.01107	0.01671	0.00917	0.03298	0.01227	0.00820	0.01221	0.00694	0.00819	0.00493	0.00367	0.00368	0.00122	0.00571	0.00289	0.00164	0.00570
70	0.00865	0.01109	0.17405	0.19806	0.30172	0.00919	0.21736	0.01167	0.00856	0.01194	0.00728	0.00970	0.00563	0.00354	0.00400	0.00124	0.00543	0.00362	0.00183	0.00544
71	0.00502	0.00383	0.00566	0.00610	0.00656	0.00358	0.05412	0.00587	0.00755	0.01008	0.02052	0.79593	0.02437	0.01158	0.00493	0.00156	0.00253	0.02342	0.00350	0.00328
72	0.00949	0.00910	0.01554	0.06247	0.80173	0.00918	0.01185	0.01181	0.00878	0.01254	0.00727	0.00963	0.00610	0.00347	0.00384	0.00116	0.00463	0.00345	0.00191	0.00606
73	0.01644	0.00681	0.00955	0.04725	0.05977	0.00611	0.00632	0.02675	0.01088	0.74576	0.01437	0.01281	0.00915	0.00467	0.00389	0.00120	0.00347	0.00385	0.00448	0.00646
74	0.00832	0.01851	0.72514	0.01141	0.01684	0.00895	0.09633	0.01257	0.00841	0.04728	0.00740	0.00863	0.00521	0.00369	0.00378	0.00123	0.00571	0.00308	0.00180	0.00572
75	0.89114	0.00750	0.00570	0.00510	0.00750	0.00870	0.00420	0.01140	0.00660	0.01739	0.00540	0.00630	0.00420	0.00360	0.00240	0.00120	0.00300	0.00210	0.00240	0.00420
76	0.00960	0.00916	0.01531	0.02282	0.78862	0.00924	0.01154	0.01243	0.05942	0.01288	0.00781	0.00989	0.00649	0.00357	0.00384	0.00116	0.00451	0.00351	0.00204	0.00614
77	0.00503	0.00358	0.00489	0.00550	0.00581	0.00358	0.00379	0.00575	0.00696	0.00944	0.01783	0.58836	0.02069	0.07178	0.19848	0.02917	0.00424	0.00888	0.00311	0.00312
78	0.00482	0.00344	0.00461	0.00551	0.00577	0.00323	0.00376	0.00556	0.00751	0.01000	0.02132	0.81101	0.02544	0.01206	0.00497	0.00159	0.00233	0.06031	0.00360	0.00317
79	0.01052	0.00900	0.00925	0.00810	0.01042	0.03498	0.00636	0.13709	0.69024	0.01721	0.01455	0.01350	0.01087	0.00513	0.00392	0.00128	0.00336	0.00420	0.00388	0.00615
80	0.00927	0.00888	0.01516	0.14097	0.72490	0.00913	0.01174	0.01162	0.00868	0.01228	0.00724	0.00970	0.00600	0.00351	0.00384	0.00117	0.00468	0.00345	0.00189	0.00588
81	0.00948	0.00910	0.01554	0.06433	0.79990	0.00918	0.01184	0.01180	0.00877	0.01253	0.00727	0.00963	0.00609	0.00347	0.00384	0.00116	0.00463	0.00345	0.00191	0.00605
82	0.00910	0.01079	0.05136	0.01616	0.02014	0.00978	0.79734	0.01241	0.00912	0.01241	0.00781	0.01038	0.00585	0.00328	0.00454	0.00130	0.00651	0.00452	0.00195	0.00525
83	0.00937	0.00907	0.01573	0.09602	0.72855	0.00919	0.05150	0.01175	0.00875	0.01241	0.00728	0.00970	0.00604	0.00348	0.00388	0.00117	0.00475	0.00351	0.00190	0.00594
84	0.00806	0.01805	0.67200	0.01216	0.01751	0.00917	0.18398	0.01231	0.00839	0.01231	0.00714	0.00866	0.00511	0.00360	0.00387	0.00124	0.00590	0.00322	0.00170	0.00562
85	0.00936	0.04523	0.54122	0.01096	0.01576	0.00869	0.13995	0.01300	0.00872	0.13033	0.00868	0.03588	0.00638	0.00403	0.00385	0.00123	0.00535	0.00351	0.00220	0.00567
86	0.00936	0.00872	0.01525	0.12143	0.58491	0.00883	0.09978	0.01167	0.00866	0.04085	0.00781	0.01064	0.00648	0.04346	0.00466	0.00131	0.00480	0.00369	0.00202	0.00566
87	0.01084	0.00890	0.05463	0.08225	0.44671	0.00823	0.08788	0.01313	0.00920	0.19552	0.00955	0.03961	0.00741	0.00407	0.00396	0.00121	0.00452	0.00389	0.00259	0.00589
88	0.00676	0.00462	0.03074	0.00607	0.00706	0.00393	0.03175	0.00779	0.00814	0.12774	0.02084	0.62013	0.07761	0.01038	0.00473	0.00149	0.00264	0.02013	0.00365	0.00380
89	0.00863	0.00762	0.01478	0.04070	0.01453	0.00717	0.42385	0.01093	0.00900	0.10322	0.02604	0.16274	0.05731	0.00618	0.00462	0.00139	0.00477	0.08900	0.00284	0.00469
90	0.00819	0.01885	0.75028	0.01135	0.01685	0.00897	0.08054	0.01250	0.00836	0.03826	0.00729	0.00853	0.00514	0.00368	0.00376	0.00123	0.00572	0.00304	0.00176	0.00572
91	0.00893	0.00755	0.01245	0.47164	0.25123	0.01596	0.02636	0.01129	0.00849	0.08817	0.00856	0.01224	0.00682	0.00422	0.00396	0.00127	0.00479	0.04888	0.00217	0.00501
92	0.00764	0.00725	0.01238	0.73487	0.12451	0.00871	0.02982	0.01020	0.00791	0.01030	0.00696	0.01025	0.00530	0.00381	0.00389	0.00128	0.00513	0.00347	0.00175	0.00455
93	0.00771	0.00673	0.01119	0.71863	0.06047	0.00812	0.01008	0.01009	0.00793	0.04866	0.00832	0.07021	0.00685	0.00448	0.00395	0.00130	0.00485	0.00400	0.00201	0.00441
94	0.01174	0.01249	0.26091	0.01133	0.01538	0.05519	0.27134	0.01466	0.00960	0.28344	0.00991	0.01048	0.00676	0.00393	0.00403	0.00123	0.00526	0.00373	0.00279	0.00578
95	0.01241	0.03854	0.01497	0.01080	0.01397	0.00758	0.35971	0.01460	0.00983	0.37731	0.01270	0.07089	0.02817	0.00471	0.00423	0.00126	0.00462	0.00472	0.00335	0.00563
96	0.00497	0.00354	0.00474	0.00561	0.00592	0.00335	0.00394	0.00578	0.00758	0.01007	0.02098	0.72063	0.02483	0.03732	0.00545	0.00167	0.00248	0.12441	0.00356	0.00318
97	0.00484	0.00354	0.00483	0.04480	0.00660	0.00340	0.00393	0.00561	0.00744	0.00990	0.02070	0.82173	0.02469	0.01176	0.00490	0.00156	0.00238	0.01067	0.00351	0.00320
98	0.01389	0.04484	0.05226	0.00989	0.01324	0.01767	0.24177	0.05263	0.01052	0.46794	0.01208	0.02730	0.00822	0.00436	0.00404	0.00122	0.00445	0.00406	0.00361	0.00601

[dist]
# distance from previous block
# <min> <max>
4	5

[block]
# block no. 3 follows, 70 sequences, length 7
# corresponding to MSA columns:
# 704-710
name=unknown_D
#
# <colnr> <probs for GDERKNQSTAVLIFYWHMCP>
#	G	D	E	R	K	N	Q	S	T	A	V	L	I	F	Y	W	H	M	C	P
0	0.10321	0.00435	0.00506	0.00476	0.00590	0.00416	0.00361	0.00751	0.01018	0.01501	0.62954	0.02767	0.14951	0.00772	0.00433	0.00123	0.00198	0.00664	0.00396	0.00366
1	0.12607	0.00767	0.04932	0.00677	0.00977	0.00667	0.00579	0.07741	0.03762	0.43357	0.05428	0.01182	0.00931	0.00445	0.00357	0.00111	0.00330	0.00351	0.00382	0.14416
2	0.73712	0.00734	0.00628	0.00542	0.00792	0.00817	0.00446	0.01272	0.00739	0.16280	0.00714	0.00751	0.00515	0.00381	0.00266	0.00120	0.00305	0.00242	0.00282	0.00462
3	0.00515	0.00387	0.00528	0.09898	0.00780	0.00386	0.00424	0.00606	0.00759	0.01008	0.07648	0.58400	0.06309	0.09707	0.00628	0.00173	0.00268	0.00922	0.00331	0.00324
4	0.01080	0.10477	0.14769	0.01090	0.01437	0.08690	0.27321	0.06723	0.00987	0.13757	0.01035	0.03006	0.03440	0.00446	0.00400	0.00121	0.00518	0.03910	0.00259	0.00533
5	0.05001	0.03514	0.05824	0.05509	0.36823	0.17151	0.03962	0.05749	0.00948	0.01265	0.00695	0.00865	0.00566	0.00359	0.00359	0.00107	0.00493	0.00305	0.00208	0.10296
6	0.11238	0.06153	0.06714	0.01263	0.23243	0.07440	0.07044	0.11074	0.04178	0.12578	0.00918	0.04875	0.00730	0.00430	0.00368	0.00118	0.00442	0.00364	0.00273	0.00560

[dist]
# distance from previous block
# <min> <max>
1	12

[block]
# block no. 4 follows, 70 sequences, length 18
# corresponding to MSA columns:
# 723-740
name=unknown_E
#
# <colnr> <probs for GDERKNQSTAVLIFYWHMCP>
#	G	D	E	R	K	N	Q	S	T	A	V	L	I	F	Y	W	H	M	C	P
0	0.00975	0.00747	0.00968	0.00910	0.14620	0.00637	0.00614	0.05189	0.00900	0.11213	0.00804	0.00898	0.00630	0.00336	0.00340	0.00080	0.02031	0.00276	0.00260	0.57572
1	0.00959	0.01027	0.09859	0.01853	0.51684	0.00934	0.07170	0.05834	0.12480	0.01381	0.02464	0.01056	0.00741	0.00387	0.00391	0.00120	0.00458	0.00368	0.00233	0.00601
2	0.00971	0.00948	0.09751	0.15871	0.47289	0.00843	0.01077	0.01216	0.00876	0.09729	0.00798	0.00983	0.00618	0.00364	0.00376	0.00114	0.00455	0.00335	0.00218	0.07168
3	0.00712	0.00525	0.00625	0.00544	0.00709	0.00489	0.00420	0.05871	0.07597	0.04966	0.45872	0.02413	0.13813	0.00693	0.00421	0.00114	0.00230	0.00595	0.00387	0.13005
4	0.00778	0.00550	0.00706	0.09272	0.00923	0.00542	0.00503	0.09178	0.03143	0.07725	0.49575	0.02212	0.05037	0.00654	0.00423	0.00117	0.00265	0.00565	0.00382	0.07450
5	0.00742	0.00500	0.00688	0.00643	0.00751	0.00557	0.00502	0.09070	0.00779	0.07667	0.01078	0.01509	0.00964	0.07535	0.64558	0.00517	0.00880	0.00416	0.00249	0.00396
6	0.39746	0.00873	0.02620	0.00890	0.09514	0.03516	0.07110	0.08683	0.05881	0.07787	0.00771	0.00849	0.00581	0.00378	0.00317	0.00114	0.00375	0.00288	0.00268	0.09436
7	0.00972	0.03695	0.09937	0.02117	0.68478	0.02532	0.01173	0.04191	0.00912	0.01289	0.00725	0.00929	0.00598	0.00353	0.00378	0.00115	0.00474	0.00334	0.00196	0.00605
8	0.00914	0.00881	0.01505	0.11775	0.59619	0.00878	0.07566	0.01149	0.00865	0.01232	0.00725	0.00959	0.00597	0.00343	0.00380	0.00112	0.00465	0.00343	0.00194	0.09499
9	0.00950	0.01003	0.09812	0.01920	0.59507	0.00885	0.01089	0.07150	0.00948	0.01361	0.04168	0.01011	0.00728	0.00370	0.00378	0.00112	0.00444	0.00345	0.00216	0.07604
10	0.00995	0.00848	0.01235	0.05807	0.41525	0.00859	0.00893	0.17246	0.02687	0.02752	0.09197	0.01181	0.00953	0.02047	0.00412	0.00116	0.00403	0.00376	0.00267	0.10201
11	0.02689	0.02641	0.09624	0.09070	0.26258	0.08143	0.04327	0.04739	0.11052	0.04104	0.09442	0.01186	0.00973	0.00431	0.00383	0.00117	0.00442	0.00376	0.00257	0.03745
12	0.00965	0.06331	0.18257	0.07576	0.22610	0.04087	0.00967	0.11857	0.13081	0.01406	0.03379	0.02568	0.00796	0.01627	0.00397	0.00121	0.00449	0.00360	0.00250	0.02915
13	0.01012	0.17761	0.03384	0.01018	0.12607	0.01907	0.08792	0.09172	0.11682	0.07037	0.04126	0.01155	0.00859	0.06824	0.00476	0.00126	0.00406	0.00359	0.00269	0.11030
14	0.00999	0.06518	0.16026	0.01593	0.37226	0.00950	0.08040	0.07864	0.06861	0.05565	0.02641	0.01011	0.00711	0.00385	0.00380	0.00116	0.00465	0.00351	0.00236	0.02062
15	0.01028	0.06557	0.22114	0.01036	0.08806	0.04331	0.06687	0.10917	0.10124	0.09467	0.07495	0.01125	0.00910	0.00429	0.00376	0.00114	0.00440	0.00360	0.00279	0.07404
16	0.00852	0.04001	0.11810	0.00863	0.08346	0.06424	0.02947	0.03643	0.05747	0.06595	0.21702	0.02428	0.04947	0.11181	0.00622	0.00150	0.03178	0.00474	0.00297	0.03792
17	0.01959	0.10989	0.37702	0.00930	0.03607	0.02555	0.03375	0.07321	0.03827	0.07521	0.09448	0.03565	0.04601	0.00478	0.00376	0.00119	0.00449	0.00388	0.00257	0.00535

[dist]
# distance from previous block
# <min> <max>
2	44

[block]
# block no. 5 follows, 70 sequences, length 20
# corresponding to MSA columns:
# 785-804
name=unknown_F
#
# <colnr> <probs for GDERKNQSTAVLIFYWHMCP>
#	G	D	E	R	K	N	Q	S	T	A	V	L	I	F	Y	W	H	M	C	P
0	0.04985	0.10014	0.21683	0.00913	0.06495	0.01839	0.02042	0.05671	0.11047	0.18539	0.02937	0.02860	0.00818	0.00457	0.01210	0.00119	0.00415	0.00348	0.00291	0.07316
1	0.03293	0.12810	0.12296	0.01054	0.11267	0.11115	0.07719	0.09335	0.02825	0.08274	0.04683	0.03922	0.02157	0.00435	0.00364	0.00110	0.00454	0.00360	0.00257	0.07270
2	0.05918	0.13611	0.17446	0.01124	0.15878	0.05927	0.03986	0.08183	0.06481	0.10735	0.02973	0.00967	0.00712	0.00398	0.00354	0.00111	0.00446	0.00321	0.00256	0.04172
3	0.10679	0.20581	0.39113	0.00879	0.02648	0.00965	0.01835	0.01223	0.00825	0.09533	0.02460	0.02489	0.00693	0.02380	0.00375	0.00121	0.00459	0.01998	0.00220	0.00527
4	0.06154	0.24038	0.35686	0.00979	0.07596	0.01025	0.02038	0.04337	0.00869	0.06469	0.02044	0.00903	0.02496	0.00384	0.00334	0.00109	0.00462	0.00293	0.00211	0.03573
5	0.05886	0.22760	0.49437	0.00943	0.01404	0.01027	0.04380	0.01207	0.00821	0.03551	0.02979	0.00840	0.00595	0.00370	0.00336	0.00112	0.00498	0.00283	0.00188	0.02385
6	0.00868	0.21658	0.52029	0.00923	0.01374	0.03240	0.01101	0.01197	0.00849	0.03828	0.07035	0.00957	0.00760	0.00398	0.00345	0.00112	0.00494	0.00303	0.01994	0.00535
7	0.01132	0.25291	0.11703	0.00687	0.00987	0.00840	0.00657	0.01316	0.00956	0.29818	0.14680	0.02858	0.03682	0.00496	0.00359	0.00109	0.00354	0.00396	0.00328	0.03354
8	0.00598	0.00439	0.03373	0.00544	0.00630	0.00368	0.00403	0.00701	0.00825	0.07423	0.12752	0.52556	0.10259	0.05234	0.00544	0.00155	0.00245	0.00901	0.00363	0.01687
9	0.00656	0.00468	0.02038	0.00511	0.00651	0.00395	0.00399	0.00800	0.00954	0.08956	0.32748	0.09696	0.24873	0.03921	0.00499	0.00134	0.00234	0.04568	0.00378	0.07123
10	0.00985	0.66376	0.15385	0.00809	0.01184	0.01389	0.07039	0.01178	0.00802	0.00988	0.00583	0.00686	0.00503	0.00337	0.00284	0.00093	0.00458	0.00239	0.00168	0.00512
11	0.01077	0.75004	0.01903	0.00691	0.01016	0.01480	0.00669	0.09289	0.03881	0.01090	0.00616	0.00682	0.00538	0.00352	0.00268	0.00088	0.00412	0.00230	0.00196	0.00518
12	0.00673	0.00337	0.00505	0.00505	0.00505	0.00337	0.00337	0.00505	0.00505	0.00673	0.00673	0.01178	0.00673	0.01347	0.01515	0.88721	0.00337	0.00337	0.00168	0.00168
13	0.00778	0.02005	0.84367	0.01105	0.01678	0.00900	0.01432	0.01228	0.00818	0.01228	0.00696	0.00818	0.00491	0.00368	0.00368	0.00123	0.00573	0.00286	0.00164	0.00573
14	0.01223	0.01196	0.07735	0.02537	0.21069	0.21778	0.15665	0.01462	0.03269	0.18917	0.00898	0.00991	0.00660	0.00392	0.00389	0.00116	0.00532	0.00349	0.00259	0.00561
15	0.00774	0.00437	0.00590	0.00615	0.00717	0.00405	0.00477	0.00891	0.00866	0.17974	0.02061	0.41896	0.05416	0.01014	0.00484	0.00155	0.00283	0.24164	0.00383	0.00398
16	0.03111	0.08640	0.00817	0.00614	0.00810	0.00567	0.00487	0.01265	0.00942	0.40700	0.05571	0.28336	0.05047	0.00732	0.00413	0.00129	0.00291	0.00627	0.00399	0.00502
17	0.00764	0.16798	0.08868	0.00781	0.07175	0.00730	0.00615	0.07509	0.00878	0.03154	0.04311	0.36352	0.04547	0.03975	0.00470	0.00139	0.00336	0.01869	0.00295	0.00433
18	0.11655	0.39596	0.19015	0.00783	0.01148	0.02668	0.00807	0.14985	0.00970	0.04198	0.00673	0.00742	0.00530	0.00372	0.00303	0.00103	0.00438	0.00255	0.00223	0.00536
19	0.02827	0.57794	0.21103	0.00783	0.01162	0.04702	0.00841	0.03216	0.00837	0.02800	0.00609	0.00693	0.00508	0.00350	0.00287	0.00095	0.00459	0.00235	0.00180	0.00519

[dist]
# distance from previous block
# <min> <max>
0	7

[block]
# block no. 6 follows, 70 sequences, length 11
# corresponding to MSA columns:
# 812-822
name=unknown_G
#
# <colnr> <probs for GDERKNQSTAVLIFYWHMCP>
#	G	D	E	R	K	N	Q	S	T	A	V	L	I	F	Y	W	H	M	C	P
0	0.04679	0.03553	0.20403	0.00848	0.06359	0.04145	0.00757	0.01281	0.05018	0.21904	0.16438	0.06442	0.03903	0.00547	0.00391	0.00121	0.00372	0.00456	0.00327	0.02055
1	0.03412	0.01055	0.19878	0.02921	0.03196	0.05176	0.06497	0.05018	0.07724	0.23672	0.10997	0.01338	0.01108	0.00548	0.02922	0.00136	0.00439	0.01426	0.00321	0.02214
2	0.04008	0.19556	0.32673	0.00940	0.03162	0.03178	0.06334	0.04079	0.07846	0.04011	0.05328	0.02971	0.00803	0.00419	0.00353	0.00113	0.00462	0.00337	0.00229	0.03198
3	0.01065	0.16590	0.21936	0.00983	0.05281	0.04595	0.07549	0.15008	0.05960	0.07654	0.02076	0.00992	0.02541	0.00408	0.00359	0.00110	0.00461	0.00329	0.00257	0.05844
4	0.02679	0.03567	0.21980	0.00833	0.04350	0.02264	0.02374	0.06291	0.06436	0.06278	0.05482	0.03272	0.02798	0.00704	0.00688	0.23138	0.01819	0.00375	0.00245	0.04426
5	0.00923	0.06432	0.38855	0.00999	0.05087	0.04317	0.02186	0.07772	0.09378	0.04304	0.06490	0.02527	0.00855	0.00448	0.00412	0.00120	0.04193	0.00352	0.00244	0.04106
6	0.05685	0.06701	0.23533	0.00881	0.04228	0.02670	0.03603	0.03232	0.09783	0.17971	0.07183	0.02054	0.00949	0.00528	0.03285	0.00133	0.00433	0.00363	0.00292	0.06492
7	0.01064	0.10275	0.25930	0.02892	0.03058	0.05015	0.03666	0.07315	0.08330	0.16969	0.02103	0.07809	0.00907	0.00496	0.00382	0.00122	0.00443	0.02382	0.00288	0.00553
8	0.04540	0.07661	0.22742	0.00833	0.01157	0.03016	0.04052	0.08971	0.09832	0.12532	0.02648	0.10990	0.00986	0.01723	0.00401	0.00124	0.00411	0.01390	0.00293	0.05701
9	0.04175	0.10267	0.22524	0.00940	0.06363	0.08190	0.00857	0.06124	0.11590	0.08914	0.04028	0.01061	0.00798	0.02550	0.02458	0.00134	0.04386	0.00334	0.00259	0.04048
10	0.02637	0.10320	0.27169	0.00998	0.03145	0.03634	0.11303	0.12176	0.05032	0.08821	0.04416	0.01074	0.00779	0.00419	0.00373	0.00116	0.00474	0.01994	0.00259	0.04863

[dist]
# distance from previous block
# <min> <max>
20	80

[block]
# block no. 7 follows, 70 sequences, length 70
# corresponding to MSA columns:
# 921-990
name=unknown_H
#
# <colnr> <probs for GDERKNQSTAVLIFYWHMCP>
#	G	D	E	R	K	N	Q	S	T	A	V	L	I	F	Y	W	H	M	C	P
0	0.01037	0.00905	0.08591	0.03242	0.07457	0.03028	0.03204	0.11327	0.04465	0.13826	0.06727	0.03013	0.02186	0.00478	0.00475	0.00114	0.10097	0.00375	0.00293	0.19160
1	0.02365	0.00951	0.02487	0.04418	0.12077	0.05637	0.08506	0.26341	0.10367	0.10295	0.03873	0.04831	0.00898	0.00475	0.00404	0.00120	0.01431	0.00405	0.00322	0.03796
2	0.02412	0.02083	0.02902	0.02507	0.23210	0.02081	0.01892	0.09872	0.10543	0.16664	0.01119	0.01156	0.04352	0.00422	0.00368	0.00108	0.00377	0.00358	0.00303	0.17269
3	0.02376	0.00887	0.01123	0.03277	0.19988	0.04847	0.02549	0.19023	0.10821	0.19018	0.05442	0.01166	0.00912	0.00444	0.00383	0.00115	0.00396	0.00374	0.00334	0.06526
4	0.02445	0.00823	0.03318	0.00920	0.08767	0.01970	0.06064	0.17754	0.07376	0.13320	0.03301	0.07708	0.04708	0.00514	0.00386	0.00113	0.00368	0.02233	0.00326	0.17587
5	0.01273	0.03062	0.02063	0.00897	0.08291	0.01849	0.02871	0.25618	0.04091	0.25246	0.05393	0.02581	0.04341	0.00482	0.00383	0.00112	0.00368	0.00396	0.00364	0.10318
6	0.04577	0.00962	0.06016	0.00842	0.04342	0.06461	0.01855	0.24160	0.10595	0.16083	0.04438	0.01193	0.03968	0.00462	0.00372	0.00111	0.00386	0.00368	0.00342	0.12468
7	0.06958	0.03234	0.05723	0.03130	0.11709	0.02104	0.00709	0.14508	0.03405	0.23702	0.02059	0.01017	0.00735	0.00403	0.00353	0.00105	0.00375	0.00323	0.00318	0.19129
8	0.09664	0.07962	0.03242	0.02059	0.06390	0.19154	0.00685	0.19094	0.05178	0.04320	0.03133	0.00900	0.00686	0.00401	0.00338	0.00102	0.00440	0.00296	0.00271	0.15684
9	0.10183	0.04648	0.22469	0.01317	0.16616	0.07604	0.17345	0.06842	0.04220	0.04021	0.00768	0.00902	0.00581	0.00372	0.00373	0.00119	0.00515	0.00331	0.00221	0.00552
10	0.03547	0.03188	0.05055	0.04066	0.46732	0.01980	0.05390	0.12454	0.05583	0.02572	0.00819	0.00995	0.00655	0.00505	0.04656	0.00143	0.00489	0.00350	0.00234	0.00585
11	0.01075	0.59104	0.13534	0.00787	0.01129	0.16684	0.00788	0.01241	0.00849	0.00964	0.00572	0.00664	0.00497	0.00349	0.00284	0.00092	0.00489	0.00226	0.00172	0.00499
12	0.00479	0.00342	0.00458	0.00548	0.00573	0.00321	0.00372	0.00552	0.00749	0.00998	0.02133	0.82348	0.02549	0.01208	0.00497	0.00158	0.00231	0.04807	0.00360	0.00317
13	0.00732	0.00689	0.01163	0.85444	0.02670	0.00861	0.01077	0.00991	0.00775	0.00991	0.00689	0.01034	0.00517	0.00388	0.00388	0.00129	0.00517	0.00345	0.00172	0.00431
14	0.01474	0.01086	0.01163	0.00892	0.01202	0.01202	0.00737	0.82664	0.01823	0.02443	0.00931	0.00931	0.00659	0.00465	0.00388	0.00116	0.00427	0.00349	0.00388	0.00659
15	0.00804	0.00689	0.00804	0.00574	0.00919	0.00517	0.00459	0.00976	0.00804	0.01263	0.00689	0.00804	0.00574	0.00287	0.00287	0.00057	0.00287	0.00230	0.00230	0.88745
16	0.00458	0.00393	0.00393	0.00393	0.00524	0.00327	0.00295	0.00556	0.00884	0.01047	0.03927	0.03731	0.83800	0.00982	0.00458	0.00131	0.00196	0.00818	0.00360	0.00327
17	0.00723	0.00361	0.00361	0.00361	0.00452	0.00361	0.00271	0.00903	0.00813	0.01445	0.01265	0.01445	0.00994	0.00452	0.00271	0.00090	0.00181	0.00361	0.88528	0.00361
18	0.00743	0.00376	0.00396	0.00386	0.00484	0.00369	0.00291	0.00923	0.00851	0.04498	0.09200	0.01580	0.01248	0.00485	0.00293	0.00094	0.00186	0.00395	0.76828	0.00373
19	0.00458	0.00393	0.00393	0.00393	0.00524	0.00327	0.00295	0.00556	0.00884	0.01047	0.03927	0.03731	0.83800	0.00982	0.00458	0.00131	0.00196	0.00818	0.00360	0.00327
20	0.00475	0.00339	0.00453	0.00543	0.00567	0.00317	0.00365	0.00545	0.00745	0.00993	0.02135	0.84534	0.02558	0.01212	0.00496	0.00158	0.00227	0.02662	0.00360	0.00316
21	0.89114	0.00750	0.00570	0.00510	0.00750	0.00870	0.00420	0.01140	0.00660	0.01739	0.00540	0.00630	0.00420	0.00360	0.00240	0.00120	0.00300	0.00210	0.00240	0.00420
22	0.00848	0.00848	0.01187	0.01018	0.01018	0.01187	0.00848	0.00933	0.00594	0.00933	0.00509	0.00848	0.00509	0.00679	0.01272	0.00170	0.85666	0.00339	0.00170	0.00424
23	0.00549	0.00396	0.00518	0.00488	0.00579	0.00366	0.00366	0.00732	0.01097	0.01555	0.83752	0.02896	0.03658	0.00793	0.00457	0.00122	0.00183	0.00701	0.00427	0.00366
24	0.01036	0.86609	0.02032	0.00663	0.00995	0.01534	0.00663	0.01161	0.00788	0.00912	0.00539	0.00622	0.00498	0.00332	0.00249	0.00083	0.00415	0.00207	0.00166	0.00498
25	0.00964	0.00833	0.00877	0.00789	0.01008	0.00964	0.00614	0.02060	0.83257	0.01622	0.01578	0.01446	0.01183	0.00526	0.00394	0.00131	0.00307	0.00438	0.00394	0.00614
26	0.89114	0.00750	0.00570	0.00510	0.00750	0.00870	0.00420	0.01140	0.00660	0.01739	0.00540	0.00630	0.00420	0.00360	0.00240	0.00120	0.00300	0.00210	0.00240	0.00420
27	0.00960	0.00921	0.01574	0.02380	0.83957	0.00921	0.01190	0.01190	0.00883	0.01267	0.00729	0.00960	0.00614	0.00345	0.00384	0.00115	0.00461	0.00345	0.00192	0.00614
28	0.00964	0.00833	0.00877	0.00789	0.01008	0.00964	0.00614	0.02060	0.83257	0.01622	0.01578	0.01446	0.01183	0.00526	0.00394	0.00131	0.00307	0.00438	0.00394	0.00614
29	0.00960	0.00921	0.01574	0.02380	0.83957	0.00921	0.01190	0.01190	0.00883	0.01267	0.00729	0.00960	0.00614	0.00345	0.00384	0.00115	0.00461	0.00345	0.00192	0.00614
