[name]
unknown

[dist]
# distance from previous block
# <min> <max>
0	137

[block]
# block no. 0 follows, 65 sequences, length 21
# corresponding to MSA columns:
# 146-166
name=unknown_A
#
# <colnr> <probs for GDERKNQSTAVLIFYWHMCP>
#	G	D	E	R	K	N	Q	S	T	A	V	L	I	F	Y	W	H	M	C	P
0	0.00585	0.00432	0.00618	0.00618	0.00682	0.00490	0.00465	0.00707	0.00658	0.00933	0.01225	0.01856	0.03616	0.16208	0.68291	0.00602	0.00960	0.00478	0.00229	0.00347
1	0.00913	0.00801	0.02288	0.03912	0.11611	0.04450	0.04491	0.05552	0.22880	0.04548	0.17263	0.05689	0.10553	0.00657	0.00445	0.00134	0.00361	0.02559	0.00362	0.00530
2	0.00605	0.00469	0.00622	0.00597	0.02184	0.00423	0.04499	0.00757	0.01005	0.03497	0.31692	0.08564	0.34025	0.03681	0.00541	0.00148	0.00255	0.05660	0.00393	0.00384
3	0.43801	0.07942	0.32449	0.00805	0.01199	0.00984	0.00883	0.03376	0.00808	0.01568	0.00684	0.02655	0.00538	0.00405	0.00317	0.00126	0.00439	0.00278	0.00224	0.00517
4	0.01061	0.00965	0.05492	0.03639	0.33126	0.02365	0.05990	0.09182	0.01037	0.07593	0.02560	0.01160	0.02197	0.00413	0.00394	0.00112	0.00445	0.01872	0.00265	0.20133
5	0.00821	0.02053	0.79285	0.05393	0.01830	0.00951	0.01498	0.01287	0.00864	0.01287	0.00736	0.00878	0.00521	0.00391	0.00391	0.00130	0.00604	0.00306	0.00174	0.00599
6	0.00485	0.00416	0.00416	0.00416	0.00554	0.00347	0.00312	0.00589	0.00936	0.01109	0.04158	0.03950	0.82847	0.01040	0.00485	0.00139	0.00208	0.00866	0.00381	0.00347
7	0.88473	0.00794	0.00603	0.00540	0.00794	0.00921	0.00445	0.01207	0.00699	0.01842	0.00572	0.00667	0.00445	0.00381	0.00254	0.00127	0.00318	0.00222	0.00254	0.00445
8	0.00957	0.00927	0.01521	0.27357	0.56563	0.03133	0.01211	0.01206	0.00906	0.01244	0.00756	0.01032	0.00616	0.00381	0.00407	0.00126	0.00512	0.00363	0.00197	0.00587
9	0.88473	0.00794	0.00603	0.00540	0.00794	0.00921	0.00445	0.01207	0.00699	0.01842	0.00572	0.00667	0.00445	0.00381	0.00254	0.00127	0.00318	0.00222	0.00254	0.00445
10	0.01560	0.01150	0.01232	0.00944	0.01273	0.01273	0.00780	0.81645	0.01930	0.02587	0.00986	0.00986	0.00698	0.00493	0.00411	0.00123	0.00452	0.00370	0.00411	0.00698
11	0.00597	0.00398	0.00448	0.00448	0.00448	0.00398	0.00249	0.00597	0.00597	0.00796	0.01293	0.02686	0.01492	0.85574	0.02089	0.00398	0.00398	0.00597	0.00249	0.00249
12	0.01842	0.00699	0.00953	0.00730	0.01048	0.00603	0.00603	0.02000	0.01175	0.83298	0.01619	0.01397	0.01016	0.00508	0.00413	0.00127	0.00349	0.00413	0.00508	0.00699
13	0.01040	0.01020	0.00927	0.00872	0.03196	0.18034	0.00657	0.03099	0.43618	0.01480	0.07686	0.01779	0.08098	0.00613	0.00447	0.00134	0.02480	0.03906	0.00361	0.00553
14	0.00581	0.00420	0.00549	0.00516	0.00613	0.00387	0.00387	0.00775	0.01162	0.01646	0.82797	0.03066	0.03873	0.00839	0.00484	0.00129	0.00194	0.00742	0.00452	0.00387
15	0.00599	0.00457	0.00674	0.00668	0.00734	0.00539	0.00517	0.00735	0.00659	0.00950	0.01109	0.03629	0.01064	0.06477	0.74556	0.00614	0.04970	0.00460	0.00223	0.00365
16	0.00977	0.00932	0.01586	0.12750	0.70896	0.00955	0.01230	0.01223	0.00921	0.01302	0.00802	0.01117	0.00681	0.00391	0.00411	0.00125	0.00492	0.02385	0.00205	0.00619
17	0.66901	0.00728	0.00613	0.00540	0.00780	0.00813	0.00441	0.01262	0.00774	0.10958	0.00793	0.00865	0.00591	0.00408	0.00276	0.00123	0.00304	0.00265	0.12100	0.00465
18	0.00713	0.00638	0.02464	0.08993	0.01022	0.00732	0.00643	0.00970	0.09481	0.01176	0.11894	0.07158	0.08744	0.02614	0.20606	0.00276	0.19092	0.00540	0.01818	0.00426
19	0.02237	0.21327	0.01218	0.02791	0.03207	0.15238	0.04715	0.04157	0.00937	0.03763	0.03652	0.23791	0.03248	0.01966	0.01981	0.00140	0.03032	0.00563	0.01576	0.00460
20	0.00974	0.00812	0.02083	0.03412	0.06052	0.08337	0.00624	0.06056	0.21097	0.09206	0.05627	0.16272	0.12264	0.00723	0.00441	0.00135	0.00358	0.01990	0.00367	0.03172

[dist]
# distance from previous block
# <min> <max>
2	48

[block]
# block no. 1 follows, 65 sequences, length 14
# corresponding to MSA columns:
# 215-228
name=unknown_B
#
# <colnr> <probs for GDERKNQSTAVLIFYWHMCP>
#	G	D	E	R	K	N	Q	S	T	A	V	L	I	F	Y	W	H	M	C	P
0	0.03284	0.08429	0.07339	0.05162	0.13700	0.02690	0.12004	0.12925	0.10060	0.04324	0.03814	0.03427	0.02368	0.04160	0.02796	0.00154	0.02094	0.00426	0.00282	0.00562
1	0.01148	0.00907	0.01002	0.00866	0.04502	0.11177	0.03229	0.09829	0.05854	0.14436	0.08526	0.01354	0.01084	0.06646	0.00597	0.00136	0.08050	0.00398	0.02946	0.17314
2	0.00562	0.00415	0.00517	0.00498	0.00593	0.00379	0.00366	0.00724	0.01075	0.01480	0.61217	0.06687	0.17363	0.05623	0.00576	0.00147	0.00209	0.00774	0.00425	0.00370
3	0.01842	0.00699	0.00953	0.00730	0.01048	0.00603	0.00603	0.02000	0.01175	0.83298	0.01619	0.01397	0.01016	0.00508	0.00413	0.00127	0.00349	0.00413	0.00508	0.00699
4	0.00501	0.00416	0.00437	0.00432	0.00564	0.00353	0.00324	0.00619	0.00972	0.01196	0.16931	0.03807	0.70019	0.01007	0.00485	0.00137	0.00206	0.00846	0.00393	0.00353
5	0.01016	0.00975	0.01666	0.02520	0.83013	0.00975	0.01260	0.01260	0.00935	0.01341	0.00772	0.01016	0.00650	0.00366	0.00406	0.00122	0.00488	0.00366	0.00203	0.00650
6	0.01477	0.00969	0.03702	0.00836	0.01144	0.00973	0.00703	0.46279	0.03829	0.23838	0.06277	0.01397	0.05569	0.00547	0.00419	0.00126	0.00397	0.00432	0.00430	0.00656
7	0.00693	0.00445	0.00580	0.00532	0.00651	0.00406	0.00404	0.00880	0.01154	0.09124	0.72203	0.02948	0.06762	0.00817	0.00478	0.00129	0.00209	0.00717	0.00454	0.00414
8	0.01091	0.00775	0.02267	0.00713	0.00935	0.02221	0.00573	0.25174	0.01254	0.12647	0.16035	0.04100	0.09640	0.07048	0.02334	0.00155	0.03484	0.00517	0.00380	0.08659
9	0.00845	0.00792	0.01288	0.60839	0.18353	0.00934	0.01118	0.01194	0.08324	0.01167	0.00824	0.01119	0.00632	0.00415	0.00410	0.00134	0.00515	0.00374	0.00208	0.00512
10	0.09475	0.01012	0.01094	0.02509	0.01194	0.01110	0.00713	0.56167	0.06752	0.10363	0.01105	0.04762	0.00828	0.00522	0.00402	0.00127	0.00414	0.00401	0.00401	0.00651
11	0.00986	0.00910	0.01517	0.13911	0.61986	0.00949	0.01171	0.01244	0.02957	0.03542	0.00846	0.03456	0.00716	0.00420	0.00446	0.00128	0.03598	0.00392	0.00218	0.00608
12	0.00500	0.00357	0.00476	0.00572	0.00595	0.00333	0.00381	0.00572	0.00786	0.01048	0.02262	0.85306	0.02715	0.01286	0.00524	0.00167	0.00238	0.01167	0.00381	0.00333
13	0.01000	0.00995	0.01475	0.08485	0.61386	0.08944	0.01125	0.01217	0.00934	0.01259	0.00892	0.08737	0.00820	0.00459	0.00414	0.00126	0.00494	0.00429	0.00219	0.00589

[dist]
# distance from previous block
# <min> <max>
0	2

[block]
# block no. 2 follows, 65 sequences, length 58
# corresponding to MSA columns:
# 231-288
name=unknown_C
#
# <colnr> <probs for GDERKNQSTAVLIFYWHMCP>
#	G	D	E	R	K	N	Q	S	T	A	V	L	I	F	Y	W	H	M	C	P
0	0.00994	0.01057	0.06468	0.03745	0.64846	0.00982	0.13296	0.01267	0.00934	0.01330	0.00778	0.01022	0.00637	0.00365	0.00417	0.00125	0.00526	0.00380	0.00202	0.00630
1	0.01003	0.00962	0.01642	0.07024	0.78612	0.00972	0.01253	0.01248	0.00928	0.01325	0.00770	0.01020	0.00645	0.00368	0.00407	0.00123	0.00491	0.00366	0.00202	0.00640
2	0.00500	0.00359	0.00474	0.00567	0.00594	0.00334	0.00379	0.00572	0.00791	0.01050	0.02322	0.82741	0.05242	0.01278	0.00523	0.00166	0.00237	0.01157	0.00381	0.00334
3	0.00509	0.00379	0.00475	0.00535	0.00593	0.00345	0.00372	0.00604	0.00864	0.01132	0.11674	0.56753	0.20361	0.01179	0.00512	0.00157	0.00229	0.02596	0.00389	0.00343
4	0.00903	0.13446	0.63029	0.01120	0.01663	0.01053	0.05952	0.03015	0.02631	0.02435	0.00757	0.00876	0.00553	0.00390	0.00379	0.00125	0.00576	0.00309	0.00190	0.00597
5	0.01535	0.01910	0.01167	0.01051	0.01269	0.79180	0.00792	0.06233	0.01207	0.01095	0.00655	0.00754	0.00538	0.00427	0.00372	0.00107	0.00724	0.00270	0.00223	0.00489
6	0.00504	0.00359	0.00475	0.00567	0.00590	0.00336	0.00376	0.00573	0.00779	0.01038	0.02225	0.82133	0.02668	0.04523	0.00584	0.00176	0.00244	0.01145	0.00376	0.00330
7	0.00828	0.01994	0.74596	0.01197	0.01773	0.00944	0.07914	0.01286	0.00883	0.01311	0.03060	0.00948	0.00623	0.00399	0.00400	0.00131	0.00602	0.00330	0.00184	0.00596
8	0.00775	0.00528	0.00586	0.00525	0.00699	0.00482	0.00408	0.09445	0.01104	0.11108	0.15124	0.03200	0.52694	0.00888	0.00468	0.00134	0.00249	0.00741	0.00410	0.00432
9	0.00823	0.02123	0.83447	0.01170	0.01777	0.00953	0.01517	0.01300	0.00867	0.01300	0.00737	0.00867	0.00520	0.00390	0.00390	0.00130	0.00607	0.00303	0.00173	0.00607
10	0.00493	0.00418	0.00427	0.00430	0.00567	0.00352	0.00326	0.00602	0.00940	0.01122	0.05324	0.03963	0.78508	0.01040	0.00488	0.00140	0.00214	0.03913	0.00382	0.00348
11	0.01472	0.03343	0.01408	0.04320	0.06612	0.00968	0.15807	0.27834	0.01345	0.30905	0.01147	0.01152	0.00784	0.00456	0.00421	0.00127	0.00466	0.00402	0.00379	0.00654
12	0.00485	0.00416	0.00416	0.00416	0.00554	0.00347	0.00312	0.00589	0.00936	0.01109	0.04158	0.03950	0.82847	0.01040	0.00485	0.00139	0.00208	0.00866	0.00381	0.00347
13	0.00500	0.00357	0.00476	0.00572	0.00595	0.00333	0.00381	0.00572	0.00786	0.01048	0.02262	0.85306	0.02715	0.01286	0.00524	0.00167	0.00238	0.01167	0.00381	0.00333
14	0.01002	0.00975	0.01708	0.05938	0.73112	0.00978	0.07705	0.01255	0.00933	0.01327	0.00775	0.01027	0.00644	0.00366	0.00413	0.00124	0.00507	0.00375	0.00203	0.00634
15	0.01212	0.04857	0.02606	0.01624	0.36063	0.24242	0.00977	0.08858	0.12931	0.01399	0.00875	0.00994	0.00701	0.00421	0.00392	0.00119	0.00531	0.00345	0.00254	0.00600
16	0.00544	0.00416	0.00508	0.00559	0.00647	0.00383	0.00425	0.00676	0.02019	0.01155	0.07533	0.31817	0.31213	0.01127	0.00516	0.00159	0.00258	0.19304	0.00385	0.00356
17	0.01066	0.01040	0.01596	0.02258	0.68396	0.06082	0.03140	0.04207	0.05655	0.01386	0.00824	0.01030	0.00678	0.00384	0.00407	0.00122	0.00498	0.00368	0.00224	0.00639
18	0.01005	0.01076	0.01242	0.01074	0.01110	0.15130	0.00880	0.01097	0.00718	0.00991	0.00555	0.00872	0.00537	0.00669	0.01183	0.00167	0.70712	0.00343	0.00185	0.00454
19	0.00903	0.00787	0.00901	0.00694	0.03580	0.02775	0.00531	0.04325	0.00906	0.01380	0.00739	0.00859	0.00611	0.00317	0.00313	0.00066	0.00327	0.00253	0.00248	0.79487
20	0.00898	0.00898	0.01257	0.01078	0.01078	0.01257	0.00898	0.00988	0.00629	0.00988	0.00539	0.00898	0.00539	0.00718	0.01347	0.00180	0.84823	0.00359	0.00180	0.00449
21	0.00535	0.00454	0.00467	0.00457	0.00600	0.00404	0.00345	0.00731	0.07489	0.01197	0.09765	0.03691	0.70458	0.00986	0.00480	0.00138	0.00216	0.00825	0.00389	0.00374
22	0.00581	0.00420	0.00549	0.00516	0.00613	0.00387	0.00387	0.00775	0.01162	0.01646	0.82797	0.03066	0.03873	0.00839	0.00484	0.00129	0.00194	0.00742	0.00452	0.00387
23	0.41840	0.00947	0.03484	0.03029	0.06504	0.03583	0.00659	0.16638	0.07579	0.10835	0.00878	0.00920	0.00642	0.00432	0.00336	0.00127	0.00387	0.00308	0.00316	0.00557
24	0.00500	0.00357	0.00476	0.00572	0.00595	0.00333	0.00381	0.00572	0.00786	0.01048	0.02262	0.85306	0.02715	0.01286	0.00524	0.00167	0.00238	0.01167	0.00381	0.00333
25	0.00524	0.00393	0.00492	0.00559	0.00626	0.00361	0.00408	0.00626	0.00859	0.01104	0.04157	0.48604	0.24398	0.01187	0.00520	0.00162	0.00252	0.14042	0.00382	0.00345
26	0.01072	0.74667	0.11757	0.00763	0.01142	0.02771	0.00800	0.01244	0.00843	0.01006	0.00591	0.00684	0.00526	0.00357	0.00280	0.00093	0.00463	0.00230	0.00176	0.00535
27	0.00781	0.00467	0.00532	0.00504	0.00609	0.00496	0.00386	0.07376	0.00904	0.01466	0.04375	0.01592	0.01133	0.03931	0.17809	0.00228	0.01796	0.00414	0.54800	0.00401
28	0.00923	0.01384	0.33424	0.01313	0.11171	0.03202	0.16888	0.01307	0.05528	0.05028	0.09715	0.02619	0.01018	0.00472	0.00466	0.00133	0.04170	0.00423	0.00247	0.00569
29	0.00937	0.00998	0.01653	0.40053	0.10079	0.08999	0.27151	0.01211	0.00909	0.01157	0.00753	0.01053	0.00580	0.00393	0.00450	0.00134	0.02395	0.00394	0.00195	0.00508
30	0.01162	0.00986	0.01002	0.00864	0.01116	0.04854	0.00681	0.20647	0.58569	0.01878	0.01503	0.01406	0.02374	0.00543	0.00415	0.00134	0.00372	0.00439	0.00406	0.00648
31	0.09496	0.06897	0.03162	0.01146	0.14393	0.02666	0.05879	0.25056	0.11192	0.09438	0.01012	0.02282	0.00766	0.00452	0.00386	0.00122	0.00433	0.00370	0.00326	0.04527
32	0.06221	0.10436	0.01212	0.00912	0.02335	0.07716	0.03903	0.17170	0.34199	0.05105	0.01159	0.01151	0.00877	0.00497	0.00441	0.00129	0.05209	0.00380	0.00343	0.00607
33	0.00919	0.34262	0.01464	0.00826	0.00982	0.02719	0.00721	0.01031	0.00723	0.00965	0.00688	0.01009	0.00664	0.04805	0.15741	0.00238	0.31271	0.00328	0.00189	0.00456
34	0.00584	0.00400	0.00446	0.00445	0.00463	0.00392	0.00258	0.00599	0.00645	0.00846	0.02909	0.02839	0.10978	0.74423	0.01878	0.00364	0.00373	0.00631	0.00267	0.00262
35	0.00728	0.00641	0.00898	0.00819	0.00846	0.00832	0.00648	0.00826	0.00641	0.00950	0.00907	0.04075	0.00922	0.13533	0.31972	0.00387	0.39330	0.00448	0.00211	0.00387
36	0.00499	0.00361	0.00472	0.00560	0.00592	0.00334	0.00376	0.00573	0.00797	0.01052	0.02398	0.79489	0.08445	0.01268	0.00521	0.00165	0.00236	0.01145	0.00381	0.00334
37	0.00542	0.00416	0.00482	0.00479	0.00580	0.00373	0.00352	0.00669	0.00970	0.01266	0.31469	0.06405	0.38040	0.11122	0.00683	0.00170	0.00236	0.05006	0.00390	0.00350
38	0.00682	0.00496	0.00677	0.00761	0.00863	0.00504	0.00661	0.00927	0.05615	0.01257	0.02145	0.04452	0.02299	0.01101	0.00558	0.00186	0.00375	0.75669	0.00380	0.00394
39	0.03384	0.28812	0.55150	0.01003	0.01518	0.01167	0.01226	0.01275	0.00851	0.01209	0.00679	0.00795	0.00520	0.00377	0.00346	0.00116	0.00545	0.00274	0.00176	0.00577
40	0.00587	0.00436	0.00640	0.00640	0.00707	0.00502	0.00489	0.00720	0.00654	0.00938	0.01117	0.01712	0.01069	0.10682	0.76403	0.00636	0.01035	0.00454	0.00223	0.00356
41	0.00765	0.00383	0.00383	0.00383	0.00478	0.00383	0.00287	0.00956	0.00861	0.01530	0.01339	0.01530	0.01052	0.00478	0.00287	0.00096	0.00191	0.00383	0.87853	0.00383
42	0.01656	0.00997	0.01137	0.00872	0.01197	0.01046	0.00720	0.54626	0.01674	0.29968	0.01201	0.01125	0.00806	0.00498	0.00411	0.00124	0.00417	0.00384	0.00444	0.00698
43	0.00530	0.00379	0.00511	0.00606	0.00643	0.00359	0.00433	0.00623	0.00815	0.01081	0.02246	0.70340	0.02650	0.01258	0.00532	0.00171	0.00264	0.15838	0.00380	0.00342
44	0.88473	0.00794	0.00603	0.00540	0.00794	0.00921	0.00445	0.01207	0.00699	0.01842	0.00572	0.00667	0.00445	0.00381	0.00254	0.00127	0.00318	0.00222	0.00254	0.00445
45	0.01097	0.85821	0.02151	0.00702	0.01054	0.01624	0.00702	0.01229	0.00834	0.00966	0.00571	0.00658	0.00527	0.00351	0.00263	0.00088	0.00439	0.00219	0.00176	0.00527
46	0.00500	0.00357	0.00476	0.00572	0.00595	0.00333	0.00381	0.00572	0.00786	0.01048	0.02262	0.85306	0.02715	0.01286	0.00524	0.00167	0.00238	0.01167	0.00381	0.00333
47	0.01308	0.01030	0.01122	0.00915	0.01181	0.01179	0.00741	0.45793	0.31520	0.02137	0.01203	0.01180	0.00890	0.00535	0.00488	0.00134	0.07185	0.00404	0.00395	0.00660
48	0.00592	0.00416	0.00539	0.00539	0.00570	0.00447	0.00362	0.00655	0.00624	0.00863	0.01210	0.02225	0.01292	0.50155	0.37235	0.00510	0.00699	0.00529	0.00236	0.00299
49	0.00569	0.00386	0.00456	0.00483	0.00490	0.00380	0.00287	0.00590	0.00651	0.00868	0.01570	0.26309	0.01842	0.61474	0.01642	0.00332	0.00352	0.00760	0.00287	0.00273
50	0.00486	0.00414	0.00417	0.00420	0.00556	0.00346	0.00314	0.00589	0.00932	0.01107	0.04109	0.06086	0.80743	0.01046	0.00486	0.00139	0.00209	0.00874	0.00381	0.00346
51	0.00897	0.00851	0.01425	0.43029	0.40471	0.00946	0.01179	0.01188	0.03760	0.01210	0.00783	0.01073	0.00621	0.00395	0.00409	0.00130	0.00511	0.00369	0.00201	0.00554
52	0.00953	0.00908	0.01500	0.16769	0.57562	0.00946	0.01156	0.01189	0.00890	0.01269	0.00748	0.01010	0.00622	0.00389	0.00453	0.00123	0.05326	0.00355	0.00201	0.07631
53	0.00824	0.00840	0.05010	0.65001	0.18255	0.00926	0.01180	0.01101	0.00845	0.01116	0.00738	0.01069	0.00566	0.00401	0.00409	0.00134	0.00538	0.00362	0.00186	0.00500
54	0.04387	0.18167	0.04410	0.06409	0.20372	0.26116	0.03239	0.06289	0.03669	0.01247	0.00721	0.00865	0.00591	0.00402	0.00375	0.00113	0.01553	0.00305	0.00219	0.00550
55	0.04888	0.07832	0.20594	0.01378	0.03505	0.02650	0.41264	0.04769	0.00973	0.05663	0.00816	0.00996	0.00605	0.00381	0.00439	0.00131	0.01928	0.00394	0.00223	0.00572
56	0.00500	0.00362	0.00473	0.00560	0.00593	0.00335	0.00376	0.00576	0.00802	0.01061	0.03588	0.78255	0.08481	0.01262	0.00521	0.00164	0.00235	0.01139	0.00382	0.00335
57	0.00806	0.00569	0.01569	0.00631	0.02246	0.00535	0.00491	0.04479	0.10335	0.10924	0.23648	0.03007	0.29051	0.00838	0.00472	0.00139	0.00272	0.09115	0.00414	0.00459

[dist]
# distance from previous block
# <min> <max>
0	1

[block]
# block no. 3 follows, 65 sequences, length 16
# corresponding to MSA columns:
# 290-305
name=unknown_D
#
# <colnr> <probs for GDERKNQSTAVLIFYWHMCP>
#	G	D	E	R	K	N	Q	S	T	A	V	L	I	F	Y	W	H	M	C	P
0	0.01226	0.01268	0.01194	0.01293	0.19687	0.28851	0.00844	0.09863	0.22321	0.01439	0.00998	0.01080	0.00788	0.00537	0.02813	0.00137	0.02549	0.00360	0.02173	0.00578
1	0.00842	0.00838	0.01100	0.00961	0.00988	0.03721	0.00789	0.00933	0.00695	0.01008	0.01118	0.05838	0.11656	0.00782	0.01157	0.00171	0.66288	0.00467	0.00218	0.00430
2	0.00909	0.00764	0.00882	0.00635	0.00997	0.00606	0.00510	0.07563	0.00939	0.01439	0.00750	0.00862	0.00615	0.00319	0.00313	0.00066	0.00316	0.00253	0.00257	0.81005
3	0.00625	0.00404	0.00517	0.00549	0.00622	0.00369	0.00384	0.00723	0.00887	0.07800	0.15221	0.50799	0.12895	0.05473	0.00585	0.00166	0.00244	0.00971	0.00396	0.00369
4	0.00536	0.00408	0.00472	0.00492	0.00594	0.00364	0.00367	0.00663	0.00949	0.01236	0.19213	0.19337	0.40913	0.01026	0.00489	0.00144	0.00224	0.07305	0.04912	0.00357
5	0.08239	0.00968	0.03352	0.14647	0.18077	0.03889	0.06169	0.15339	0.04507	0.10250	0.00909	0.01054	0.00682	0.00452	0.00473	0.00131	0.07305	0.00366	0.02611	0.00579
6	0.03663	0.01015	0.02488	0.01118	0.10422	0.01077	0.06623	0.35285	0.23283	0.05600	0.01174	0.03120	0.00887	0.00497	0.00414	0.00129	0.00426	0.00416	0.00368	0.01997
7	0.00538	0.00410	0.00501	0.00537	0.00627	0.00372	0.00405	0.00665	0.00940	0.01219	0.19064	0.26836	0.30932	0.01085	0.00510	0.00153	0.00242	0.14213	0.00395	0.00356
8	0.00570	0.00391	0.00464	0.00489	0.00505	0.00381	0.00300	0.00605	0.00691	0.00922	0.05927	0.23935	0.04113	0.55538	0.01530	0.00313	0.00341	0.02403	0.00299	0.00283
9	0.00973	0.04713	0.52954	0.01305	0.08185	0.06954	0.12124	0.01358	0.00922	0.05590	0.00785	0.00922	0.00571	0.00389	0.00399	0.00127	0.00599	0.00333	0.00201	0.00596
10	0.00914	0.00852	0.01414	0.35712	0.42552	0.00938	0.01149	0.03451	0.00905	0.01247	0.00800	0.02918	0.00661	0.00419	0.00431	0.00130	0.02510	0.00383	0.02059	0.00555
11	0.00588	0.00434	0.00630	0.00630	0.00693	0.00497	0.00476	0.00714	0.00651	0.00931	0.01127	0.01765	0.01092	0.14751	0.72365	0.00623	0.01000	0.00462	0.00224	0.00350
12	0.00851	0.00730	0.00851	0.00608	0.00973	0.00547	0.00486	0.01034	0.00851	0.01338	0.00730	0.00851	0.00608	0.00304	0.00304	0.00061	0.00304	0.00243	0.00243	0.88083
13	0.01306	0.01070	0.01090	0.00841	0.01167	0.07945	0.00681	0.45377	0.05471	0.02014	0.00908	0.00949	0.00683	0.00430	0.00374	0.00103	0.00423	0.00325	0.00341	0.28502
14	0.00893	0.00798	0.00871	0.00642	0.00992	0.04669	0.00510	0.01123	0.05071	0.01341	0.00774	0.00881	0.00637	0.00323	0.00313	0.00067	0.00327	0.00256	0.00251	0.79262
15	0.01205	0.07412	0.17492	0.01022	0.03220	0.09251	0.07419	0.29272	0.01283	0.03660	0.02137	0.02190	0.00702	0.00434	0.00387	0.00114	0.00502	0.00347	0.00288	0.11662

[dist]
# distance from previous block
# <min> <max>
0	21

[block]
# block no. 4 follows, 65 sequences, length 45
# corresponding to MSA columns:
# 327-371
name=unknown_E
#
# <colnr> <probs for GDERKNQSTAVLIFYWHMCP>
#	G	D	E	R	K	N	Q	S	T	A	V	L	I	F	Y	W	H	M	C	P
0	0.05707	0.00948	0.02631	0.02987	0.01142	0.01107	0.00771	0.35462	0.01216	0.03709	0.00848	0.02350	0.00693	0.00752	0.05521	0.03543	0.27645	0.00375	0.02048	0.00546
1	0.09626	0.04051	0.01160	0.02352	0.03858	0.41907	0.00793	0.01333	0.00922	0.01091	0.00651	0.02744	0.00587	0.00569	0.02187	0.00141	0.25036	0.00315	0.00209	0.00467
2	0.88473	0.00794	0.00603	0.00540	0.00794	0.00921	0.00445	0.01207	0.00699	0.01842	0.00572	0.00667	0.00445	0.00381	0.00254	0.00127	0.00318	0.00222	0.00254	0.00445
3	0.00500	0.00357	0.00476	0.00572	0.00595	0.00333	0.00381	0.00572	0.00786	0.01048	0.02262	0.85306	0.02715	0.01286	0.00524	0.00167	0.00238	0.01167	0.00381	0.00333
4	0.01398	0.01732	0.01183	0.01062	0.01228	0.66370	0.00815	0.01501	0.01050	0.01001	0.00614	0.00774	0.00531	0.00486	0.00578	0.00121	0.18596	0.00285	0.00205	0.00470
5	0.00879	0.01294	0.29771	0.27036	0.11399	0.00951	0.10557	0.03189	0.00894	0.02540	0.00829	0.01056	0.02215	0.00419	0.00452	0.00133	0.04152	0.00367	0.00200	0.01667
6	0.00921	0.00570	0.00702	0.00639	0.01989	0.00554	0.00483	0.01272	0.16358	0.18593	0.36756	0.04477	0.11665	0.02557	0.00491	0.00138	0.00262	0.00637	0.00439	0.00497
7	0.00535	0.00384	0.00479	0.00525	0.00569	0.00360	0.00354	0.00616	0.00823	0.01097	0.14447	0.44995	0.11182	0.18771	0.00841	0.00207	0.00265	0.02860	0.00364	0.00326
8	0.00569	0.00433	0.00526	0.00502	0.00613	0.00397	0.00376	0.00769	0.03772	0.01498	0.58221	0.04962	0.24064	0.00891	0.00483	0.00133	0.00203	0.00774	0.00431	0.00384
9	0.02397	0.00448	0.00578	0.06228	0.03331	0.00430	0.00448	0.00709	0.00942	0.01269	0.26896	0.25479	0.24909	0.01028	0.02893	0.00158	0.00272	0.00836	0.00376	0.00375
10	0.01297	0.01508	0.01188	0.01047	0.01188	0.48441	0.00821	0.06059	0.01014	0.01100	0.00633	0.00824	0.00551	0.00533	0.00717	0.00133	0.30501	0.00306	0.01662	0.00478
11	0.00592	0.00417	0.00544	0.00544	0.00577	0.00450	0.00369	0.00659	0.00625	0.00867	0.01205	0.02198	0.01281	0.48095	0.39279	0.00517	0.00717	0.00526	0.00236	0.00302
12	0.00561	0.00400	0.00512	0.00577	0.00630	0.00381	0.00397	0.00704	0.05250	0.02887	0.07506	0.69082	0.07193	0.01187	0.00511	0.00160	0.00241	0.01068	0.00390	0.00363
13	0.00970	0.01012	0.01996	0.05270	0.32207	0.00988	0.43975	0.01265	0.00940	0.01317	0.00819	0.01085	0.00645	0.00367	0.00459	0.00131	0.01983	0.00429	0.03564	0.00577
14	0.00969	0.01107	0.02422	0.01730	0.02145	0.01038	0.81522	0.01315	0.00969	0.01315	0.00830	0.01107	0.00623	0.00346	0.00484	0.00138	0.00692	0.00484	0.00208	0.00554
15	0.00500	0.00357	0.00476	0.00572	0.00595	0.00333	0.00381	0.00572	0.00786	0.01048	0.02262	0.85306	0.02715	0.01286	0.00524	0.00167	0.00238	0.01167	0.00381	0.00333
16	0.03632	0.00928	0.01076	0.00832	0.01146	0.00956	0.00685	0.42907	0.02893	0.36254	0.03581	0.01218	0.00925	0.00508	0.00410	0.00125	0.00396	0.00396	0.00449	0.00683
17	0.01525	0.01123	0.01202	0.00927	0.01247	0.01244	0.00764	0.77352	0.04224	0.02536	0.01014	0.01015	0.00723	0.00494	0.00408	0.00123	0.00442	0.00373	0.02576	0.00689
18	0.01811	0.00747	0.00983	0.00754	0.01072	0.00676	0.00622	0.10633	0.01257	0.74549	0.01551	0.01353	0.00982	0.00506	0.00413	0.00127	0.00360	0.00408	0.00497	0.00699
19	0.00500	0.00357	0.00476	0.00572	0.00595	0.00333	0.00381	0.00572	0.00786	0.01048	0.02262	0.85306	0.02715	0.01286	0.00524	0.00167	0.00238	0.01167	0.00381	0.00333
20	0.00998	0.01180	0.18080	0.03534	0.40493	0.00954	0.09686	0.06020	0.03021	0.03768	0.00921	0.01261	0.00761	0.00443	0.00436	0.00132	0.01718	0.05749	0.00235	0.00610
21	0.00597	0.00398	0.00448	0.00448	0.00448	0.00398	0.00249	0.00597	0.00597	0.00796	0.01293	0.02686	0.01492	0.85574	0.02089	0.00398	0.00398	0.00597	0.00249	0.00249
22	0.00500	0.00357	0.00476	0.00572	0.00595	0.00333	0.00381	0.00572	0.00786	0.01048	0.02262	0.85306	0.02715	0.01286	0.00524	0.00167	0.00238	0.01167	0.00381	0.00333
23	0.00775	0.00730	0.01231	0.84587	0.02827	0.00912	0.01140	0.01049	0.00821	0.01049	0.00730	0.01094	0.00547	0.00410	0.00410	0.00137	0.00547	0.00365	0.00182	0.00456
24	0.01452	0.15795	0.04857	0.00901	0.01241	0.02607	0.00786	0.57334	0.03305	0.06355	0.00944	0.00952	0.00686	0.00465	0.00384	0.00118	0.00453	0.00343	0.00362	0.00660
25	0.01007	0.01016	0.01748	0.09108	0.58596	0.04161	0.15775	0.01267	0.00940	0.01299	0.00774	0.01028	0.00632	0.00368	0.00419	0.00126	0.00539	0.00383	0.00203	0.00610
26	0.01514	0.01756	0.01180	0.01036	0.01262	0.64378	0.00795	0.17469	0.01295	0.01318	0.00700	0.00795	0.00563	0.00448	0.00416	0.00112	0.03906	0.00289	0.00250	0.00519
27	0.00500	0.00357	0.00476	0.00572	0.00595	0.00333	0.00381	0.00572	0.00786	0.01048	0.02262	0.85306	0.02715	0.01286	0.00524	0.00167	0.00238	0.01167	0.00381	0.00333
28	0.00565	0.00419	0.00526	0.00499	0.00603	0.00380	0.00375	0.00743	0.01124	0.01555	0.69510	0.03216	0.17216	0.00873	0.00484	0.00131	0.00196	0.00763	0.00440	0.00380
29	0.00898	0.00898	0.01257	0.01078	0.01078	0.01257	0.00898	0.00988	0.00629	0.00988	0.00539	0.00898	0.00539	0.00718	0.01347	0.00180	0.84823	0.00359	0.00180	0.00449
30	0.00775	0.00730	0.01231	0.84587	0.02827	0.00912	0.01140	0.01049	0.00821	0.01049	0.00730	0.01094	0.00547	0.00410	0.00410	0.00137	0.00547	0.00365	0.00182	0.00456
31	0.01097	0.85821	0.02151	0.00702	0.01054	0.01624	0.00702	0.01229	0.00834	0.00966	0.00571	0.00658	0.00527	0.00351	0.00263	0.00088	0.00439	0.00219	0.00176	0.00527
32	0.00489	0.00413	0.00423	0.00427	0.00558	0.00347	0.00318	0.00594	0.00934	0.01121	0.06333	0.08341	0.76210	0.01047	0.00487	0.00140	0.00209	0.00879	0.00383	0.00347
33	0.01016	0.00975	0.01666	0.02520	0.83013	0.00975	0.01260	0.01260	0.00935	0.01341	0.00772	0.01016	0.00650	0.00366	0.00406	0.00122	0.00488	0.00366	0.00203	0.00650
34	0.00851	0.00730	0.00851	0.00608	0.00973	0.00547	0.00486	0.01034	0.00851	0.01338	0.00730	0.00851	0.00608	0.00304	0.00304	0.00061	0.00304	0.00243	0.00243	0.88083
35	0.00969	0.01107	0.02422	0.01730	0.02145	0.01038	0.81522	0.01315	0.00969	0.01315	0.00830	0.01107	0.00623	0.00346	0.00484	0.00138	0.00692	0.00484	0.00208	0.00554
36	0.01533	0.01956	0.01163	0.01058	0.01269	0.83926	0.00793	0.01639	0.01163	0.01005	0.00635	0.00740	0.00529	0.00423	0.00370	0.00106	0.00740	0.00264	0.00212	0.00476
37	0.00499	0.00360	0.00473	0.00563	0.00593	0.00334	0.00377	0.00573	0.00794	0.01051	0.02365	0.80890	0.07065	0.01273	0.00522	0.00165	0.00237	0.01151	0.00381	0.00334
38	0.00500	0.00357	0.00476	0.00572	0.00595	0.00333	0.00381	0.00572	0.00786	0.01048	0.02262	0.85306	0.02715	0.01286	0.00524	0.00167	0.00238	0.01167	0.00381	0.00333
39	0.00499	0.00360	0.00474	0.00565	0.00594	0.00334	0.00378	0.00572	0.00792	0.01050	0.02343	0.81868	0.06101	0.01276	0.00522	0.00166	0.00237	0.01154	0.00381	0.00334
40	0.01252	0.03224	0.00899	0.03903	0.00995	0.00836	0.00581	0.34358	0.01343	0.13584	0.01202	0.02527	0.00892	0.00495	0.00364	0.00114	0.00343	0.00388	0.32136	0.00564
41	0.00982	0.00806	0.00973	0.00774	0.01075	0.00777	0.04963	0.03265	0.32848	0.05832	0.01171	0.01192	0.00901	0.00523	0.03456	0.00123	0.00368	0.00362	0.00326	0.39283
42	0.00882	0.00729	0.00854	0.00612	0.00975	0.00549	0.00490	0.01064	0.00861	0.03907	0.00757	0.00868	0.00621	0.00310	0.00307	0.00063	0.00305	0.00249	0.00252	0.85344
43	0.00732	0.00464	0.00617	0.00645	0.03267	0.00428	0.00451	0.01902	0.00934	0.10645	0.18766	0.42471	0.03502	0.02279	0.02172	0.00159	0.00278	0.03112	0.02396	0.04778
44	0.00846	0.00784	0.00981	0.03350	0.05991	0.05365	0.01613	0.05960	0.03885	0.01264	0.14651	0.06609	0.10471	0.03722	0.00833	0.00160	0.30588	0.02185	0.00291	0.00450

[dist]
# distance from previous block
# <min> <max>
2	7

[block]
# block no. 5 follows, 65 sequences, length 101
# corresponding to MSA columns:
# 379-479
name=unknown_F
#
# <colnr> <probs for GDERKNQSTAVLIFYWHMCP>
#	G	D	E	R	K	N	Q	S	T	A	V	L	I	F	Y	W	H	M	C	P
0	0.01015	0.05754	0.30828	0.01018	0.02728	0.00979	0.06426	0.09407	0.20124	0.06631	0.05863	0.01253	0.00973	0.02717	0.00472	0.00138	0.02380	0.00398	0.00296	0.00599
1	0.00681	0.00440	0.00524	0.00526	0.02365	0.00445	0.00308	0.00698	0.00637	0.05257	0.01279	0.02532	0.01423	0.76830	0.01941	0.00371	0.02619	0.00576	0.00260	0.00287
2	0.00864	0.06868	0.21075	0.01129	0.07846	0.02425	0.06988	0.02316	0.00844	0.01190	0.05633	0.01373	0.10296	0.00594	0.00724	0.00144	0.28535	0.00425	0.00224	0.00505
3	0.01051	0.17951	0.26900	0.03550	0.18654	0.03645	0.05624	0.06259	0.02657	0.06442	0.00893	0.01008	0.02780	0.00411	0.00380	0.00120	0.00514	0.00340	0.00229	0.00595
4	0.14997	0.05547	0.03553	0.11197	0.10235	0.05150	0.01690	0.01970	0.00872	0.06376	0.01313	0.23419	0.01339	0.01731	0.00441	0.00145	0.00398	0.08874	0.00294	0.00462
5	0.63826	0.00925	0.01977	0.00773	0.04569	0.06623	0.02927	0.02252	0.00759	0.01652	0.00596	0.00733	0.00480	0.00422	0.00404	0.00132	0.09988	0.00258	0.00240	0.00465
6	0.00590	0.00418	0.00553	0.00555	0.00591	0.00454	0.00382	0.00664	0.00631	0.00878	0.01216	0.03685	0.01285	0.43335	0.42426	0.00523	0.00741	0.00530	0.00237	0.00308
7	0.00877	0.00577	0.01845	0.00664	0.03534	0.00537	0.00501	0.07503	0.03845	0.14021	0.52832	0.02549	0.07565	0.00742	0.00461	0.00129	0.00259	0.00642	0.00440	0.00477
8	0.88473	0.00794	0.00603	0.00540	0.00794	0.00921	0.00445	0.01207	0.00699	0.01842	0.00572	0.00667	0.00445	0.00381	0.00254	0.00127	0.00318	0.00222	0.00254	0.00445
9	0.00527	0.00411	0.00506	0.04650	0.00702	0.00382	0.00406	0.00633	0.00872	0.01111	0.07802	0.36543	0.33526	0.04060	0.00559	0.00162	0.00254	0.06177	0.00371	0.00348
10	0.00728	0.00485	0.00645	0.00617	0.00690	0.01871	0.00455	0.05260	0.02548	0.00973	0.01048	0.01477	0.04503	0.01907	0.32366	0.40140	0.00639	0.00409	0.00224	0.03014
11	0.03564	0.10775	0.36121	0.01034	0.01432	0.27391	0.01075	0.08110	0.01035	0.01289	0.00707	0.00820	0.00545	0.00415	0.00392	0.00118	0.02821	0.00288	0.01520	0.00552
12	0.00503	0.00359	0.00479	0.00575	0.00600	0.00336	0.00386	0.00576	0.00789	0.01051	0.02261	0.83930	0.02709	0.01283	0.00525	0.00167	0.00241	0.02515	0.00381	0.00334
13	0.00851	0.00730	0.00851	0.00608	0.00973	0.00547	0.00486	0.01034	0.00851	0.01338	0.00730	0.00851	0.00608	0.00304	0.00304	0.00061	0.00304	0.00243	0.00243	0.88083
14	0.00504	0.00412	0.00445	0.00446	0.00569	0.00353	0.00331	0.00623	0.00967	0.01206	0.18843	0.09809	0.62023	0.01020	0.00488	0.00139	0.00207	0.00865	0.00394	0.00353
15	0.00500	0.00359	0.00475	0.00567	0.00594	0.00334	0.00379	0.00572	0.00790	0.01049	0.02312	0.83162	0.04827	0.01280	0.00523	0.00166	0.00237	0.01159	0.00381	0.00334
16	0.01002	0.00970	0.01680	0.06375	0.75498	0.00975	0.04939	0.01252	0.00931	0.01326	0.00773	0.01024	0.00644	0.00367	0.00410	0.00123	0.00500	0.00371	0.00202	0.00637
17	0.00490	0.00412	0.00425	0.00431	0.00560	0.00347	0.00320	0.00594	0.00933	0.01123	0.06771	0.09904	0.74188	0.01051	0.00488	0.00140	0.00210	0.00884	0.00384	0.00347
18	0.01842	0.00699	0.00953	0.00730	0.01048	0.00603	0.00603	0.02000	0.01175	0.83298	0.01619	0.01397	0.01016	0.00508	0.00413	0.00127	0.00349	0.00413	0.00508	0.00699
19	0.01097	0.85821	0.02151	0.00702	0.01054	0.01624	0.00702	0.01229	0.00834	0.00966	0.00571	0.00658	0.00527	0.00351	0.00263	0.00088	0.00439	0.00219	0.00176	0.00527
20	0.00597	0.00398	0.00448	0.00448	0.00448	0.00398	0.00249	0.00597	0.00597	0.00796	0.01293	0.02686	0.01492	0.85574	0.02089	0.00398	0.00398	0.00597	0.00249	0.00249
21	0.88473	0.00794	0.00603	0.00540	0.00794	0.00921	0.00445	0.01207	0.00699	0.01842	0.00572	0.00667	0.00445	0.00381	0.00254	0.00127	0.00318	0.00222	0.00254	0.00445
22	0.00597	0.00398	0.00448	0.00448	0.00448	0.00398	0.00249	0.00597	0.00597	0.00796	0.01293	0.02686	0.01492	0.85574	0.02089	0.00398	0.00398	0.00597	0.00249	0.00249
23	0.01842	0.00699	0.00953	0.00730	0.01048	0.00603	0.00603	0.02000	0.01175	0.83298	0.01619	0.01397	0.01016	0.00508	0.00413	0.00127	0.00349	0.00413	0.00508	0.00699
24	0.00780	0.00735	0.01241	0.82818	0.04556	0.00913	0.01143	0.01053	0.00823	0.01055	0.00731	0.01093	0.00549	0.00409	0.00410	0.00136	0.00546	0.00365	0.00183	0.00460
25	0.00584	0.00402	0.00456	0.00455	0.00477	0.00396	0.00271	0.00609	0.00662	0.00875	0.05342	0.02804	0.10469	0.69566	0.04705	0.00366	0.00392	0.00628	0.00272	0.00270
26	0.00500	0.00357	0.00476	0.00572	0.00595	0.00333	0.00381	0.00572	0.00786	0.01048	0.02262	0.85306	0.02715	0.01286	0.00524	0.00167	0.00238	0.01167	0.00381	0.00333
27	0.00851	0.00730	0.00851	0.00608	0.00973	0.00547	0.00486	0.01034	0.00851	0.01338	0.00730	0.00851	0.00608	0.00304	0.00304	0.00061	0.00304	0.00243	0.00243	0.88083
28	0.01549	0.01493	0.01172	0.00980	0.01248	0.40246	0.00770	0.38002	0.01507	0.06565	0.00876	0.02124	0.00666	0.00472	0.00393	0.00116	0.00579	0.00334	0.00322	0.00588
29	0.01045	0.00894	0.00942	0.00840	0.01077	0.01032	0.00656	0.05715	0.78699	0.01756	0.01640	0.01507	0.01228	0.00554	0.00417	0.00139	0.00331	0.00460	0.00417	0.00652
30	0.01567	0.01140	0.01226	0.00940	0.01268	0.01258	0.00776	0.79842	0.01913	0.04414	0.01000	0.00995	0.00705	0.00493	0.00411	0.00123	0.00449	0.00371	0.00413	0.00698
31	0.00583	0.00416	0.00571	0.00666	0.00726	0.00405	0.00525	0.00715	0.00868	0.01141	0.02217	0.43861	0.02534	0.01208	0.00546	0.00178	0.00310	0.41794	0.00379	0.00356
32	0.01842	0.00699	0.00953	0.00730	0.01048	0.00603	0.00603	0.02000	0.01175	0.83298	0.01619	0.01397	0.01016	0.00508	0.00413	0.00127	0.00349	0.00413	0.00508	0.00699
33	0.00858	0.02075	0.80669	0.01155	0.01752	0.00942	0.01486	0.01324	0.00877	0.04061	0.00766	0.00885	0.00537	0.00394	0.00391	0.00130	0.00598	0.00307	0.00185	0.00610
34	0.01021	0.00882	0.00928	0.00835	0.01067	0.01021	0.00650	0.02181	0.82272	0.01717	0.01671	0.01532	0.01253	0.00557	0.00418	0.00139	0.00325	0.00464	0.00418	0.00650
35	0.00500	0.00357	0.00476	0.00572	0.00595	0.00333	0.00381	0.00572	0.00786	0.01048	0.02262	0.85306	0.02715	0.01286	0.00524	0.00167	0.00238	0.01167	0.00381	0.00333
36	0.00765	0.00383	0.00383	0.00383	0.00478	0.00383	0.00287	0.00956	0.00861	0.01530	0.01339	0.01530	0.01052	0.00478	0.00287	0.00096	0.00191	0.00383	0.87853	0.00383
37	0.88473	0.00794	0.00603	0.00540	0.00794	0.00921	0.00445	0.01207	0.00699	0.01842	0.00572	0.00667	0.00445	0.00381	0.00254	0.00127	0.00318	0.00222	0.00254	0.00445
38	0.01560	0.01150	0.01232	0.00944	0.01273	0.01273	0.00780	0.81645	0.01930	0.02587	0.00986	0.00986	0.00698	0.00493	0.00411	0.00123	0.00452	0.00370	0.00411	0.00698
39	0.00851	0.00730	0.00851	0.00608	0.00973	0.00547	0.00486	0.01034	0.00851	0.01338	0.00730	0.00851	0.00608	0.00304	0.00304	0.00061	0.00304	0.00243	0.00243	0.88083
40	0.00500	0.00357	0.00476	0.00572	0.00595	0.00333	0.00381	0.00572	0.00786	0.01048	0.02262	0.85306	0.02715	0.01286	0.00524	0.00167	0.00238	0.01167	0.00381	0.00333
41	0.00586	0.00440	0.00660	0.00660	0.00733	0.00513	0.00513	0.00733	0.00660	0.00953	0.01100	0.01613	0.01026	0.03079	0.83947	0.00660	0.01100	0.00440	0.00220	0.00367
42	0.00661	0.00472	0.00661	0.00756	0.00850	0.00472	0.00661	0.00850	0.00945	0.01228	0.02173	0.04630	0.02362	0.01134	0.00567	0.00189	0.00378	0.80250	0.00378	0.00378
43	0.01842	0.00699	0.00953	0.00730	0.01048	0.00603	0.00603	0.02000	0.01175	0.83298	0.01619	0.01397	0.01016	0.00508	0.00413	0.00127	0.00349	0.00413	0.00508	0.00699
44	0.00851	0.00730	0.00851	0.00608	0.00973	0.00547	0.00486	0.01034	0.00851	0.01338	0.00730	0.00851	0.00608	0.00304	0.00304	0.00061	0.00304	0.00243	0.00243	0.88083
45	0.00823	0.02123	0.83447	0.01170	0.01777	0.00953	0.01517	0.01300	0.00867	0.01300	0.00737	0.00867	0.00520	0.00390	0.00390	0.00130	0.00607	0.00303	0.00173	0.00607
46	0.00485	0.00416	0.00416	0.00416	0.00554	0.00347	0.00312	0.00589	0.00936	0.01109	0.04158	0.03950	0.82847	0.01040	0.00485	0.00139	0.00208	0.00866	0.00381	0.00347
47	0.00500	0.00357	0.00476	0.00572	0.00595	0.00333	0.00381	0.00572	0.00786	0.01048	0.02262	0.85306	0.02715	0.01286	0.00524	0.00167	0.00238	0.01167	0.00381	0.00333
48	0.01136	0.01291	0.01202	0.43049	0.02047	0.37848	0.00970	0.03431	0.00997	0.01068	0.00689	0.00929	0.00543	0.00426	0.00417	0.00124	0.02840	0.00320	0.00201	0.00471
49	0.03546	0.00452	0.00658	0.00656	0.00735	0.00527	0.00511	0.00749	0.00661	0.00983	0.01082	0.01581	0.01007	0.02988	0.81129	0.00642	0.01073	0.00432	0.00221	0.00369
50	0.00890	0.01659	0.46448	0.01426	0.01945	0.00992	0.38050	0.01307	0.00913	0.01307	0.00779	0.00977	0.00567	0.00370	0.00433	0.00134	0.00646	0.00386	0.00189	0.00582
51	0.01030	0.00977	0.01643	0.03984	0.78778	0.00984	0.01241	0.03963	0.00966	0.01378	0.00779	0.01016	0.00650	0.00371	0.00407	0.00122	0.00488	0.00366	0.00210	0.00648
52	0.00586	0.00440	0.00660	0.00660	0.00733	0.00513	0.00513	0.00733	0.00660	0.00953	0.01100	0.01613	0.01026	0.03079	0.83947	0.00660	0.01100	0.00440	0.00220	0.00367
53	0.01475	0.08070	0.01224	0.01020	0.01243	0.73600	0.00779	0.01637	0.05318	0.01038	0.00683	0.00775	0.00566	0.00425	0.00365	0.00106	0.00697	0.00271	0.00219	0.00489
54	0.01829	0.00719	0.00965	0.00740	0.01058	0.00634	0.00611	0.05657	0.01210	0.79592	0.01590	0.01378	0.01002	0.00507	0.00413	0.00127	0.00354	0.00411	0.00504	0.00699
55	0.01027	0.00996	0.01656	0.02489	0.81324	0.02689	0.01250	0.01268	0.00939	0.01334	0.00769	0.01010	0.00648	0.00367	0.00406	0.00122	0.00493	0.00364	0.00203	0.00647
56	0.01784	0.00686	0.00934	0.00721	0.01028	0.00593	0.00593	0.01944	0.01174	0.79548	0.05347	0.01474	0.01147	0.00523	0.00416	0.00127	0.00342	0.00428	0.00505	0.00684
57	0.01097	0.85821	0.02151	0.00702	0.01054	0.01624	0.00702	0.01229	0.00834	0.00966	0.00571	0.00658	0.00527	0.00351	0.00263	0.00088	0.00439	0.00219	0.00176	0.00527
58	0.00500	0.00357	0.00476	0.00572	0.00595	0.00333	0.00381	0.00572	0.00786	0.01048	0.02262	0.85306	0.02715	0.01286	0.00524	0.00167	0.00238	0.01167	0.00381	0.00333
59	0.00713	0.00357	0.00535	0.00535	0.00535	0.00357	0.00357	0.00535	0.00535	0.00713	0.00713	0.01248	0.00713	0.01426	0.01604	0.88057	0.00357	0.00357	0.00178	0.00178
60	0.01560	0.01150	0.01232	0.00944	0.01273	0.01273	0.00780	0.81645	0.01930	0.02587	0.00986	0.00986	0.00698	0.00493	0.00411	0.00123	0.00452	0.00370	0.00411	0.00698
61	0.00599	0.00441	0.00563	0.00528	0.00633	0.00415	0.00397	0.00834	0.04880	0.01635	0.76999	0.03019	0.05834	0.00832	0.00481	0.00130	0.00200	0.00733	0.00448	0.00398
62	0.88473	0.00794	0.00603	0.00540	0.00794	0.00921	0.00445	0.01207	0.00699	0.01842	0.00572	0.00667	0.00445	0.00381	0.00254	0.00127	0.00318	0.00222	0.00254	0.00445
63	0.03753	0.00784	0.00932	0.00773	0.01050	0.00800	0.00620	0.02061	0.37648	0.44451	0.01615	0.01438	0.01108	0.00527	0.00411	0.00133	0.00337	0.00431	0.00461	0.00670
64	0.00577	0.00419	0.00543	0.00512	0.00611	0.00385	0.00384	0.00766	0.01152	0.01622	0.79286	0.03106	0.07399	0.00848	0.00484	0.00130	0.00194	0.00748	0.00449	0.00385
65	0.00510	0.00375	0.00472	0.00535	0.00583	0.00344	0.00364	0.00596	0.00838	0.01104	0.10454	0.59909	0.15769	0.05382	0.00591	0.00170	0.00237	0.01048	0.00381	0.00337
66	0.00587	0.00436	0.00642	0.00642	0.00709	0.00504	0.00491	0.00722	0.00654	0.00940	0.01116	0.01702	0.01065	0.09922	0.77157	0.00638	0.01041	0.00453	0.00222	0.00357
67	0.00823	0.02123	0.83447	0.01170	0.01777	0.00953	0.01517	0.01300	0.00867	0.01300	0.00737	0.00867	0.00520	0.00390	0.00390	0.00130	0.00607	0.00303	0.00173	0.00607
68	0.00661	0.00472	0.00661	0.00756	0.00850	0.00472	0.00661	0.00850	0.00945	0.01228	0.02173	0.04630	0.02362	0.01134	0.00567	0.00189	0.00378	0.80250	0.00378	0.00378
69	0.01094	0.00646	0.00721	0.00623	0.00819	0.00670	0.00492	0.12075	0.17456	0.16509	0.04982	0.01608	0.04810	0.00582	0.01661	0.00126	0.00296	0.00440	0.33856	0.00534
70	0.00692	0.00418	0.00508	0.00487	0.00590	0.00401	0.00371	0.00879	0.01012	0.04291	0.41547	0.02425	0.04239	0.00834	0.05115	0.00148	0.00254	0.02782	0.32612	0.00394
71	0.88473	0.00794	0.00603	0.00540	0.00794	0.00921	0.00445	0.01207	0.00699	0.01842	0.00572	0.00667	0.00445	0.00381	0.00254	0.00127	0.00318	0.00222	0.00254	0.00445
72	0.00967	0.00931	0.01473	0.20792	0.53207	0.03351	0.01153	0.01272	0.06582	0.01286	0.02079	0.01090	0.00712	0.00408	0.00436	0.00128	0.02951	0.00375	0.00217	0.00591
73	0.00879	0.00729	0.00854	0.00611	0.00975	0.00549	0.00490	0.01060	0.00860	0.03603	0.00754	0.00866	0.00619	0.00310	0.00307	0.00063	0.00305	0.00248	0.00251	0.85668
74	0.00851	0.00730	0.00851	0.00608	0.00973	0.00547	0.00486	0.01034	0.00851	0.01338	0.00730	0.00851	0.00608	0.00304	0.00304	0.00061	0.00304	0.00243	0.00243	0.88083
75	0.00597	0.00398	0.00448	0.00448	0.00448	0.00398	0.00249	0.00597	0.00597	0.00796	0.01293	0.02686	0.01492	0.85574	0.02089	0.00398	0.00398	0.00597	0.00249	0.00249
76	0.00942	0.00877	0.01428	0.32453	0.43825	0.00941	0.01139	0.04772	0.02186	0.01295	0.00777	0.01042	0.00621	0.00387	0.00402	0.00124	0.00495	0.00360	0.00210	0.05724
77	0.01842	0.00699	0.00953	0.00730	0.01048	0.00603	0.00603	0.02000	0.01175	0.83298	0.01619	0.01397	0.01016	0.00508	0.00413	0.00127	0.00349	0.00413	0.00508	0.00699
78	0.07192	0.03485	0.01145	0.00879	0.01170	0.08654	0.00721	0.50560	0.01577	0.12250	0.04814	0.01079	0.00844	0.00501	0.00427	0.00123	0.03194	0.00369	0.00382	0.00634
79	0.01533	0.01956	0.01163	0.01058	0.01269	0.83926	0.00793	0.01639	0.01163	0.01005	0.00635	0.00740	0.00529	0.00423	0.00370	0.00106	0.00740	0.00264	0.00212	0.00476
80	0.00898	0.00898	0.01257	0.01078	0.01078	0.01257	0.00898	0.00988	0.00629	0.00988	0.00539	0.00898	0.00539	0.00718	0.01347	0.00180	0.84823	0.00359	0.00180	0.00449
81	0.00528	0.00399	0.00492	0.00537	0.00615	0.00362	0.00393	0.00644	0.00915	0.01192	0.17032	0.37620	0.26594	0.01117	0.00510	0.00154	0.00237	0.09914	0.00393	0.00352
