[name]
unknown

[dist]
# distance from previous block
# <min> <max>
0	86

[block]
# block no. 0 follows, 67 sequences, length 39
# corresponding to MSA columns:
# 86-124
name=unknown_A
#
# <colnr> <probs for GDERKNQSTAVLIFYWHMCP>
#	G	D	E	R	K	N	Q	S	T	A	V	L	I	F	Y	W	H	M	C	P
0	0.00546	0.00404	0.00497	0.00551	0.00615	0.00380	0.00390	0.04092	0.00850	0.01104	0.02494	0.55826	0.19111	0.04552	0.00564	0.00166	0.00252	0.06895	0.00368	0.00344
1	0.01406	0.01742	0.01120	0.06365	0.01319	0.71561	0.00784	0.01612	0.08374	0.01046	0.00716	0.00814	0.00581	0.00424	0.00368	0.00108	0.00675	0.00282	0.00223	0.00479
2	0.00507	0.00403	0.00455	0.00451	0.00564	0.00351	0.00335	0.00636	0.00978	0.01257	0.30740	0.09931	0.50038	0.00968	0.00477	0.00134	0.00201	0.00828	0.00396	0.00351
3	0.00489	0.00349	0.00465	0.00558	0.00582	0.00326	0.00372	0.00558	0.00768	0.01024	0.02210	0.85644	0.02653	0.01256	0.00512	0.00163	0.00233	0.01140	0.00372	0.00326
4	0.00544	0.00398	0.00511	0.00505	0.00591	0.00365	0.00370	0.00704	0.01047	0.01452	0.60972	0.18173	0.11037	0.00918	0.00480	0.00134	0.00198	0.00812	0.00422	0.00365
5	0.00511	0.00375	0.00479	0.00522	0.00582	0.00344	0.00365	0.00621	0.00899	0.01210	0.27163	0.49682	0.13584	0.01092	0.00495	0.00148	0.00216	0.00975	0.00393	0.00344
6	0.88738	0.00776	0.00589	0.00527	0.00776	0.00900	0.00434	0.01179	0.00683	0.01799	0.00558	0.00651	0.00434	0.00372	0.00248	0.00124	0.00310	0.00217	0.00248	0.00434
7	0.01502	0.03330	0.01163	0.00998	0.01232	0.64622	0.00767	0.17366	0.01277	0.03092	0.00707	0.00783	0.00559	0.00427	0.00368	0.00107	0.00654	0.00281	0.00250	0.00513
8	0.88738	0.00776	0.00589	0.00527	0.00776	0.00900	0.00434	0.01179	0.00683	0.01799	0.00558	0.00651	0.00434	0.00372	0.00248	0.00124	0.00310	0.00217	0.00248	0.00434
9	0.84208	0.00771	0.00607	0.00537	0.00789	0.00884	0.00442	0.01219	0.00707	0.06066	0.00612	0.00689	0.00463	0.00379	0.00256	0.00124	0.00312	0.00227	0.00261	0.00447
10	0.00757	0.00713	0.01203	0.84942	0.02762	0.00891	0.01114	0.01025	0.00802	0.01025	0.00713	0.01069	0.00535	0.00401	0.00401	0.00134	0.00535	0.00356	0.00178	0.00446
11	0.00804	0.02074	0.83828	0.01143	0.01736	0.00931	0.01482	0.01270	0.00847	0.01270	0.00720	0.00847	0.00508	0.00381	0.00381	0.00127	0.00593	0.00296	0.00169	0.00593
12	0.00962	0.09844	0.01314	0.01006	0.01070	0.04843	0.00846	0.05705	0.00731	0.01054	0.00559	0.00851	0.00534	0.00639	0.01112	0.00160	0.67785	0.00333	0.00189	0.00462
13	0.01745	0.00682	0.00921	0.00712	0.01014	0.00598	0.00586	0.01932	0.03798	0.79102	0.03487	0.01407	0.01065	0.00505	0.00405	0.00125	0.00337	0.00412	0.00492	0.00674
14	0.00486	0.00359	0.00455	0.00532	0.00575	0.00328	0.00360	0.00561	0.00794	0.01034	0.02537	0.71239	0.16846	0.01214	0.00505	0.00158	0.00227	0.01088	0.00372	0.00328
15	0.00959	0.00598	0.00724	0.00633	0.00810	0.00598	0.00493	0.07301	0.16642	0.17702	0.38253	0.06212	0.04119	0.00697	0.00439	0.00128	0.00264	0.00599	0.02323	0.00506
16	0.00706	0.00387	0.00564	0.00555	0.00568	0.00406	0.00383	0.00607	0.03665	0.00755	0.00749	0.01241	0.00730	0.01435	0.06299	0.77465	0.02732	0.00357	0.00185	0.00210
17	0.00942	0.00864	0.01435	0.21718	0.55927	0.00908	0.01122	0.03390	0.00899	0.02645	0.00794	0.01110	0.00666	0.05318	0.00493	0.00138	0.00482	0.00371	0.00207	0.00570
18	0.00493	0.00355	0.00468	0.00550	0.00581	0.00329	0.00370	0.00571	0.00795	0.01062	0.07277	0.77843	0.05376	0.01222	0.00508	0.00160	0.00229	0.01105	0.00377	0.00329
19	0.01537	0.00847	0.00958	0.00762	0.01040	0.06610	0.00619	0.22735	0.01304	0.45747	0.03286	0.03278	0.05915	0.00611	0.02726	0.00138	0.00400	0.00433	0.00432	0.00623
20	0.00969	0.01075	0.06139	0.01617	0.08035	0.00965	0.63536	0.01313	0.03205	0.04982	0.01846	0.02766	0.00717	0.00378	0.00459	0.00134	0.00618	0.00468	0.00226	0.00553
21	0.01525	0.01123	0.01204	0.00923	0.01244	0.01244	0.00762	0.82067	0.01886	0.02528	0.00963	0.00963	0.00682	0.00481	0.00401	0.00120	0.00441	0.00361	0.00401	0.00682
22	0.02113	0.05772	0.01051	0.01775	0.07282	0.02987	0.00622	0.15621	0.01063	0.09775	0.00835	0.00908	0.00644	0.00362	0.00334	0.00086	0.00363	0.00286	0.00285	0.47838
23	0.01056	0.00834	0.00945	0.04418	0.05512	0.03574	0.00657	0.33582	0.13056	0.01749	0.04210	0.24047	0.01388	0.00718	0.00457	0.01927	0.00371	0.00594	0.00364	0.00538
24	0.00631	0.00424	0.00557	0.00515	0.00621	0.00389	0.00389	0.00819	0.01136	0.05862	0.78963	0.02911	0.03639	0.00803	0.00469	0.00126	0.00197	0.00709	0.00444	0.00394
25	0.11031	0.05398	0.10966	0.02017	0.11828	0.13208	0.02117	0.16538	0.03960	0.16121	0.00911	0.00959	0.00663	0.00431	0.00388	0.00120	0.02132	0.00327	0.00298	0.00587
26	0.00982	0.00973	0.03050	0.03059	0.44031	0.02317	0.11400	0.01308	0.10079	0.02654	0.00831	0.01041	0.00680	0.00440	0.00568	0.00133	0.15267	0.00380	0.00223	0.00583
27	0.00540	0.00450	0.00476	0.00462	0.00599	0.00408	0.00349	0.00754	0.08699	0.01231	0.17615	0.03485	0.61632	0.00937	0.00468	0.00134	0.00212	0.00788	0.00388	0.00374
28	0.00575	0.00415	0.00584	0.00587	0.00638	0.00464	0.00429	0.00674	0.00631	0.00891	0.01156	0.04854	0.01171	0.23739	0.59109	0.02181	0.00858	0.00492	0.00227	0.00325
29	0.00578	0.00414	0.00523	0.00495	0.00599	0.00375	0.00372	0.00750	0.01092	0.03277	0.67240	0.05265	0.15814	0.00854	0.00473	0.00128	0.00196	0.00748	0.00430	0.00377
30	0.01684	0.00657	0.00897	0.00700	0.00985	0.00577	0.00573	0.01833	0.01098	0.75837	0.01540	0.01420	0.01009	0.03476	0.05631	0.00165	0.00388	0.00411	0.00471	0.00648
31	0.00832	0.00713	0.00832	0.00594	0.00950	0.00535	0.00475	0.01010	0.00832	0.01307	0.00713	0.00832	0.00594	0.00297	0.00297	0.00059	0.00297	0.00238	0.00238	0.88357
32	0.88738	0.00776	0.00589	0.00527	0.00776	0.00900	0.00434	0.01179	0.00683	0.01799	0.00558	0.00651	0.00434	0.00372	0.00248	0.00124	0.00310	0.00217	0.00248	0.00434
33	0.01498	0.01911	0.01137	0.01033	0.01240	0.84295	0.00775	0.01601	0.01137	0.00982	0.00620	0.00723	0.00517	0.00413	0.00362	0.00103	0.00723	0.00258	0.00207	0.00465
34	0.80665	0.00768	0.00618	0.00540	0.00796	0.00869	0.00445	0.01218	0.00715	0.06515	0.00623	0.00699	0.00472	0.00377	0.00259	0.00122	0.00312	0.00229	0.00262	0.03497
35	0.75434	0.00874	0.00679	0.00594	0.00847	0.05753	0.00485	0.08866	0.00823	0.01821	0.00600	0.00685	0.00463	0.00385	0.00269	0.00123	0.00347	0.00233	0.00260	0.00460
36	0.01012	0.00866	0.00990	0.00857	0.01092	0.00976	0.05332	0.09544	0.64009	0.01688	0.01584	0.01601	0.02973	0.02291	0.00451	0.00141	0.00351	0.03240	0.00390	0.00610
37	0.01341	0.05540	0.02641	0.08807	0.02372	0.02692	0.05556	0.14762	0.02255	0.35220	0.01428	0.01412	0.08419	0.01531	0.00463	0.00129	0.04056	0.00421	0.00369	0.00587
38	0.03109	0.04166	0.03009	0.03593	0.15044	0.09933	0.00708	0.06977	0.18369	0.01446	0.13645	0.06665	0.05517	0.00572	0.00403	0.00122	0.00381	0.00481	0.02295	0.03567

[dist]
# distance from previous block
# <min> <max>
8	18

[block]
# block no. 1 follows, 67 sequences, length 89
# corresponding to MSA columns:
# 143-231
name=unknown_B
#
# <colnr> <probs for GDERKNQSTAVLIFYWHMCP>
#	G	D	E	R	K	N	Q	S	T	A	V	L	I	F	Y	W	H	M	C	P
0	0.11167	0.02952	0.00866	0.00673	0.00946	0.04946	0.00540	0.18472	0.07713	0.02628	0.02496	0.02335	0.10098	0.00531	0.01922	0.00112	0.00355	0.00376	0.02423	0.28448
1	0.03977	0.12328	0.01184	0.00814	0.01099	0.04934	0.00678	0.48079	0.07051	0.03707	0.05282	0.01257	0.06832	0.00517	0.00385	0.00118	0.00408	0.00393	0.00360	0.00599
2	0.02385	0.00754	0.01017	0.01012	0.17307	0.00660	0.02977	0.02496	0.04999	0.07247	0.06952	0.02868	0.00940	0.00400	0.00353	0.00091	0.00341	0.00347	0.00277	0.46577
3	0.02612	0.01208	0.23234	0.01352	0.23497	0.00913	0.03101	0.16718	0.02253	0.15446	0.00990	0.03683	0.00745	0.00443	0.00396	0.00124	0.00465	0.00376	0.01823	0.00621
4	0.01128	0.35322	0.04779	0.00955	0.02273	0.24310	0.06445	0.01272	0.00879	0.01009	0.00609	0.00767	0.00535	0.00432	0.00503	0.00113	0.16117	0.00278	0.01782	0.00491
5	0.00583	0.00389	0.00437	0.00437	0.00437	0.00389	0.00243	0.00583	0.00583	0.00778	0.01264	0.02624	0.01458	0.85906	0.02041	0.00389	0.00389	0.00583	0.00243	0.00243
6	0.06186	0.20354	0.26375	0.00834	0.01237	0.03327	0.00871	0.08178	0.05183	0.04293	0.00769	0.00845	0.00593	0.00376	0.00331	0.00102	0.00444	0.00277	0.00234	0.19190
7	0.04117	0.00905	0.05562	0.04784	0.21393	0.05489	0.04057	0.04540	0.01035	0.35724	0.01202	0.07459	0.00912	0.00493	0.00404	0.00125	0.00426	0.00427	0.00343	0.00603
8	0.00489	0.00349	0.00465	0.00558	0.00582	0.00326	0.00372	0.00558	0.00768	0.01024	0.02210	0.85644	0.02653	0.01256	0.00512	0.00163	0.00233	0.01140	0.00372	0.00326
9	0.02783	0.00753	0.01325	0.09116	0.09645	0.00730	0.24848	0.02469	0.01024	0.14132	0.25721	0.02923	0.01647	0.00532	0.00443	0.00129	0.00426	0.00518	0.00324	0.00511
10	0.01060	0.14424	0.16940	0.02374	0.26267	0.03419	0.13454	0.07061	0.02652	0.06285	0.00802	0.00947	0.00620	0.00384	0.00396	0.00119	0.01636	0.00344	0.00226	0.00591
11	0.00649	0.00429	0.00490	0.00480	0.00506	0.00432	0.00293	0.02697	0.02631	0.03002	0.01322	0.03689	0.01473	0.74810	0.01836	0.00358	0.00384	0.03974	0.00265	0.00281
12	0.01689	0.00683	0.00901	0.00698	0.00990	0.00610	0.00574	0.06693	0.01169	0.71619	0.02534	0.01371	0.01011	0.00497	0.00395	0.00122	0.00334	0.00403	0.07052	0.00656
13	0.00686	0.00538	0.00794	0.00725	0.02370	0.00517	0.09693	0.03228	0.06404	0.03981	0.34756	0.25974	0.07007	0.00853	0.00474	0.00138	0.00283	0.00775	0.00385	0.00420
14	0.00996	0.08016	0.45839	0.01331	0.18269	0.02429	0.01232	0.10470	0.02161	0.04429	0.00785	0.00901	0.00582	0.00392	0.00378	0.00121	0.00528	0.00316	0.00218	0.00607
15	0.01175	0.01319	0.01327	0.01461	0.25009	0.34078	0.02376	0.03392	0.00947	0.01118	0.00646	0.00855	0.00560	0.00476	0.00633	0.00128	0.23468	0.00319	0.00201	0.00514
16	0.03018	0.27451	0.06876	0.01222	0.17083	0.25069	0.04853	0.07780	0.01017	0.01207	0.00669	0.00794	0.00554	0.00380	0.00344	0.00106	0.00544	0.00284	0.00208	0.00542
17	0.00502	0.00407	0.00445	0.00436	0.00559	0.00350	0.00327	0.00630	0.00980	0.01240	0.27722	0.03601	0.59484	0.00957	0.00474	0.00133	0.00199	0.00810	0.00393	0.00350
18	0.30797	0.24218	0.03543	0.00806	0.03137	0.21857	0.02178	0.04617	0.00910	0.03834	0.00635	0.00724	0.00514	0.00382	0.00302	0.00109	0.00470	0.00249	0.00227	0.00493
19	0.00489	0.00349	0.00465	0.00558	0.00582	0.00326	0.00372	0.00558	0.00768	0.01024	0.02210	0.85644	0.02653	0.01256	0.00512	0.00163	0.00233	0.01140	0.00372	0.00326
20	0.00590	0.00415	0.00543	0.00508	0.00607	0.00382	0.00382	0.00779	0.01135	0.03099	0.81710	0.02966	0.03733	0.00814	0.00472	0.00126	0.00192	0.00719	0.00442	0.00384
21	0.00541	0.00409	0.00498	0.00476	0.00583	0.00367	0.00357	0.00704	0.01071	0.01456	0.60281	0.03246	0.26790	0.00877	0.00473	0.00129	0.00193	0.00760	0.00421	0.00367
22	0.00832	0.00713	0.00832	0.00594	0.00950	0.00535	0.00475	0.01010	0.00832	0.01307	0.00713	0.00832	0.00594	0.00297	0.00297	0.00059	0.00297	0.00238	0.00238	0.88357
23	0.88738	0.00776	0.00589	0.00527	0.00776	0.00900	0.00434	0.01179	0.00683	0.01799	0.00558	0.00651	0.00434	0.00372	0.00248	0.00124	0.00310	0.00217	0.00248	0.00434
24	0.00832	0.00713	0.00832	0.00594	0.00950	0.00535	0.00475	0.01010	0.00832	0.01307	0.00713	0.00832	0.00594	0.00297	0.00297	0.00059	0.00297	0.00238	0.00238	0.88357
25	0.00804	0.02074	0.83828	0.01143	0.01736	0.00931	0.01482	0.01270	0.00847	0.01270	0.00720	0.00847	0.00508	0.00381	0.00381	0.00127	0.00593	0.00296	0.00169	0.00593
26	0.00876	0.00968	0.02065	0.01507	0.01855	0.00906	0.68993	0.01174	0.00930	0.01258	0.03015	0.11093	0.02366	0.00469	0.00478	0.00138	0.00604	0.00564	0.00231	0.00508
27	0.00805	0.00690	0.00800	0.00580	0.00920	0.00520	0.00462	0.00977	0.00838	0.01290	0.00964	0.01058	0.06783	0.00351	0.00310	0.00065	0.00290	0.00283	0.00248	0.81766
28	0.00489	0.00349	0.00465	0.00558	0.00582	0.00326	0.00372	0.00558	0.00768	0.01024	0.02210	0.85644	0.02653	0.01256	0.00512	0.00163	0.00233	0.01140	0.00372	0.00326
29	0.00552	0.00409	0.00514	0.00488	0.00590	0.00372	0.00366	0.00727	0.01098	0.01521	0.70024	0.03140	0.17006	0.00852	0.00473	0.00128	0.00192	0.00745	0.00430	0.00372
30	0.01126	0.70262	0.07722	0.00735	0.01088	0.04972	0.00739	0.01279	0.00856	0.07164	0.00648	0.00715	0.00550	0.00360	0.00281	0.00092	0.00446	0.00236	0.00197	0.00531
31	0.88738	0.00776	0.00589	0.00527	0.00776	0.00900	0.00434	0.01179	0.00683	0.01799	0.00558	0.00651	0.00434	0.00372	0.00248	0.00124	0.00310	0.00217	0.00248	0.00434
32	0.00495	0.00407	0.00436	0.00428	0.00555	0.00348	0.00321	0.00616	0.00964	0.01202	0.21879	0.03665	0.65351	0.00972	0.00474	0.00133	0.00200	0.00819	0.00388	0.00348
33	0.01310	0.01025	0.07368	0.00865	0.01169	0.01021	0.00741	0.32384	0.32773	0.15016	0.01300	0.01223	0.00927	0.00500	0.00403	0.00127	0.00389	0.00398	0.00401	0.00657
34	0.03879	0.28001	0.09641	0.00932	0.04689	0.01218	0.04926	0.16143	0.23796	0.01528	0.00968	0.00996	0.00749	0.00429	0.00354	0.00115	0.00427	0.00335	0.00284	0.00590
35	0.00686	0.00470	0.00632	0.00590	0.01685	0.00462	0.01763	0.00826	0.00974	0.07459	0.47040	0.04581	0.08648	0.09626	0.04641	0.03318	0.05191	0.00648	0.00376	0.00384
36	0.00576	0.00386	0.00440	0.00446	0.00448	0.00384	0.00253	0.00581	0.00597	0.00796	0.01335	0.08841	0.01547	0.79567	0.01927	0.00372	0.00377	0.00625	0.00253	0.00249
37	0.01130	0.01002	0.01320	0.12947	0.14783	0.11383	0.12128	0.03527	0.20509	0.11936	0.01051	0.01145	0.00786	0.00448	0.00446	0.00129	0.04077	0.00390	0.00290	0.00573
38	0.01080	0.01050	0.02633	0.02119	0.64358	0.07690	0.01135	0.07383	0.00995	0.02823	0.00763	0.00968	0.00629	0.00389	0.00435	0.00121	0.04244	0.00349	0.00218	0.00617
39	0.00633	0.00500	0.00607	0.02614	0.02753	0.02025	0.00438	0.03109	0.01062	0.02388	0.49697	0.02894	0.23542	0.00818	0.00496	0.00129	0.03668	0.00695	0.01538	0.00393
40	0.88738	0.00776	0.00589	0.00527	0.00776	0.00900	0.00434	0.01179	0.00683	0.01799	0.00558	0.00651	0.00434	0.00372	0.00248	0.00124	0.00310	0.00217	0.00248	0.00434
41	0.00489	0.00403	0.00430	0.00432	0.00553	0.00343	0.00320	0.00601	0.00935	0.01155	0.15434	0.09858	0.65648	0.01005	0.00477	0.00136	0.00203	0.00851	0.00382	0.00343
42	0.00910	0.00742	0.00908	0.00750	0.07137	0.00591	0.00546	0.03624	0.00886	0.05153	0.00764	0.00872	0.00618	0.00317	0.00313	0.00069	0.00317	0.00258	0.00252	0.74973
43	0.00575	0.00417	0.00535	0.00504	0.00603	0.00387	0.00379	0.00777	0.02474	0.01591	0.78006	0.02973	0.06192	0.00816	0.00469	0.00126	0.00192	0.00719	0.01884	0.00381
44	0.00583	0.00389	0.00437	0.00437	0.00437	0.00389	0.00243	0.00583	0.00583	0.00778	0.01264	0.02624	0.01458	0.85906	0.02041	0.00389	0.00389	0.00583	0.00243	0.00243
45	0.88738	0.00776	0.00589	0.00527	0.00776	0.00900	0.00434	0.01179	0.00683	0.01799	0.00558	0.00651	0.00434	0.00372	0.00248	0.00124	0.00310	0.00217	0.00248	0.00434
46	0.00832	0.00713	0.00832	0.00594	0.00950	0.00535	0.00475	0.01010	0.00832	0.01307	0.00713	0.00832	0.00594	0.00297	0.00297	0.00059	0.00297	0.00238	0.00238	0.88357
47	0.03626	0.01115	0.01189	0.00913	0.01232	0.01235	0.00754	0.80117	0.01857	0.02510	0.00953	0.00955	0.00676	0.00479	0.00398	0.00120	0.00438	0.00358	0.00398	0.00676
48	0.02695	0.00976	0.15103	0.03409	0.08345	0.00745	0.04917	0.05992	0.02339	0.43277	0.04311	0.01251	0.00926	0.00514	0.02150	0.00135	0.00432	0.00390	0.00370	0.01722
49	0.01086	0.02374	0.06621	0.02006	0.59867	0.03547	0.01114	0.06194	0.00990	0.08519	0.00872	0.03464	0.00714	0.00406	0.00397	0.00120	0.00470	0.00375	0.00240	0.00623
50	0.01759	0.00682	0.00923	0.00712	0.01017	0.00596	0.00587	0.01938	0.03112	0.80308	0.02973	0.01396	0.01046	0.00503	0.00405	0.00124	0.00338	0.00410	0.00493	0.00676
51	0.01761	0.00744	0.00969	0.00743	0.01055	0.00681	0.00614	0.13183	0.01251	0.72307	0.01495	0.01309	0.00949	0.00494	0.00403	0.00124	0.00355	0.00397	0.00483	0.00682
52	0.00739	0.02397	0.01057	0.14095	0.01283	0.00627	0.17355	0.00954	0.01956	0.05769	0.24197	0.11970	0.11956	0.00740	0.01900	0.00144	0.00384	0.01717	0.00326	0.00434
53	0.00582	0.00408	0.00534	0.00600	0.00646	0.00401	0.00451	0.00680	0.00781	0.01028	0.01904	0.27835	0.02167	0.25295	0.00965	0.00236	0.00335	0.34498	0.00334	0.00321
54	0.00804	0.02074	0.83828	0.01143	0.01736	0.00931	0.01482	0.01270	0.00847	0.01270	0.00720	0.00847	0.00508	0.00381	0.00381	0.00127	0.00593	0.00296	0.00169	0.00593
55	0.82551	0.00769	0.00614	0.00541	0.00793	0.00878	0.00445	0.01234	0.00716	0.07627	0.00631	0.00702	0.00474	0.00381	0.00259	0.00124	0.00312	0.00230	0.00266	0.00452
56	0.01525	0.01123	0.01204	0.00923	0.01244	0.01244	0.00762	0.82067	0.01886	0.02528	0.00963	0.00963	0.00682	0.00481	0.00401	0.00120	0.00441	0.00361	0.00401	0.00682
57	0.00993	0.00953	0.01628	0.02462	0.83404	0.00953	0.01231	0.01231	0.00913	0.01310	0.00754	0.00993	0.00635	0.00357	0.00397	0.00119	0.00476	0.00357	0.00199	0.00635
58	0.03245	0.00770	0.00859	0.00746	0.00980	0.00831	0.00588	0.03305	0.51098	0.20262	0.07147	0.01660	0.05579	0.00571	0.00411	0.00132	0.00310	0.00473	0.00425	0.00609
59	0.00591	0.00404	0.00465	0.00460	0.00463	0.00415	0.00268	0.00599	0.00598	0.00804	0.02960	0.03692	0.01493	0.80250	0.01965	0.00373	0.03114	0.00586	0.00247	0.00253
60	0.01538	0.01102	0.01190	0.00912	0.01233	0.01211	0.00754	0.78118	0.01849	0.06527	0.00993	0.00983	0.00697	0.00482	0.00401	0.00121	0.00436	0.00363	0.00406	0.00682
61	0.00993	0.00953	0.01628	0.02462	0.83404	0.00953	0.01231	0.01231	0.00913	0.01310	0.00754	0.00993	0.00635	0.00357	0.00397	0.00119	0.00476	0.00357	0.00199	0.00635
62	0.01013	0.59810	0.04907	0.05766	0.03715	0.05879	0.00730	0.02167	0.01973	0.01043	0.04814	0.00987	0.04941	0.00414	0.00306	0.00098	0.00434	0.00295	0.00204	0.00503
63	0.00583	0.00389	0.00437	0.00437	0.00437	0.00389	0.00243	0.00583	0.00583	0.00778	0.01264	0.02624	0.01458	0.85906	0.02041	0.00389	0.00389	0.00583	0.00243	0.00243
64	0.00646	0.00462	0.00646	0.00739	0.00831	0.00462	0.00646	0.00831	0.00923	0.01200	0.02123	0.04524	0.02308	0.01108	0.00554	0.00185	0.00369	0.80704	0.00369	0.00369
65	0.01275	0.14362	0.02573	0.02817	0.25824	0.00950	0.07323	0.04899	0.02967	0.28372	0.01029	0.01094	0.00752	0.01454	0.00425	0.00122	0.02478	0.00363	0.00305	0.00613
66	0.00984	0.00941	0.01534	0.15520	0.66707	0.03555	0.01188	0.01221	0.00906	0.02532	0.00756	0.01002	0.00621	0.00368	0.00397	0.00121	0.00491	0.00355	0.00200	0.00600
67	0.00849	0.00823	0.01153	0.00998	0.01004	0.01139	0.00826	0.00935	0.00618	0.00965	0.00582	0.00945	0.00572	0.00873	0.06913	0.02742	0.75540	0.00357	0.01740	0.00424
68	0.08069	0.09968	0.02298	0.00963	0.01200	0.60559	0.01790	0.07565	0.01115	0.01164	0.00638	0.00736	0.00524	0.00410	0.00358	0.00106	0.01569	0.00263	0.00220	0.00486
69	0.00474	0.00405	0.00407	0.00409	0.00542	0.00338	0.00306	0.00575	0.00912	0.01082	0.04031	0.05265	0.81856	0.01020	0.00475	0.00136	0.00204	0.00851	0.00372	0.00338
70	0.00832	0.00713	0.00832	0.00594	0.00950	0.00535	0.00475	0.01010	0.00832	0.01307	0.00713	0.00832	0.00594	0.00297	0.00297	0.00059	0.00297	0.00238	0.00238	0.88357
71	0.00998	0.00862	0.00907	0.00816	0.01043	0.00998	0.00635	0.02131	0.82679	0.01678	0.01632	0.01496	0.01224	0.00544	0.00408	0.00136	0.00317	0.00453	0.00408	0.00635
72	0.01799	0.00683	0.00931	0.00714	0.01024	0.00589	0.00589	0.01954	0.01148	0.83682	0.01582	0.01365	0.00993	0.00496	0.00403	0.00124	0.00341	0.00403	0.00496	0.00683
73	0.01027	0.08677	0.04591	0.35402	0.07451	0.03550	0.02791	0.09679	0.04122	0.10959	0.05069	0.01211	0.02859	0.00452	0.00393	0.00124	0.00466	0.00381	0.00267	0.00527
74	0.00583	0.00428	0.00595	0.00591	0.00639	0.00484	0.00431	0.00681	0.00625	0.00885	0.01119	0.01880	0.01131	0.28321	0.57140	0.00555	0.02889	0.00475	0.00223	0.00325
75	0.05866	0.04735	0.18251	0.01231	0.14487	0.03470	0.13975	0.01479	0.00966	0.28250	0.01015	0.01091	0.00719	0.02168	0.00427	0.00129	0.00483	0.00367	0.00293	0.00598
76	0.01412	0.01743	0.03710	0.02722	0.01255	0.68085	0.00783	0.07678	0.03140	0.01152	0.04176	0.00867	0.00685	0.00438	0.00372	0.00108	0.00661	0.00294	0.00234	0.00485
77	0.00603	0.00404	0.00453	0.00447	0.00454	0.00406	0.00254	0.02261	0.00610	0.00814	0.01257	0.02590	0.01442	0.84147	0.02007	0.00383	0.00390	0.00579	0.00246	0.00252
78	0.01159	0.16041	0.04534	0.00913	0.04009	0.13570	0.00739	0.14173	0.37565	0.01547	0.01122	0.01106	0.00861	0.00467	0.00372	0.00119	0.00433	0.00359	0.00319	0.00594
79	0.01286	0.36697	0.02594	0.00971	0.07506	0.24102	0.00775	0.17210	0.01129	0.03291	0.00696	0.00775	0.00569	0.00395	0.00330	0.00101	0.00516	0.00272	0.00236	0.00548
80	0.00629	0.00440	0.00611	0.00592	0.00674	0.00474	0.00445	0.00756	0.00705	0.03594	0.07887	0.01821	0.01289	0.15912	0.55532	0.00504	0.00809	0.00468	0.02778	0.04082
81	0.00868	0.12614	0.67535	0.01103	0.01643	0.03932	0.04432	0.01274	0.00857	0.01219	0.00699	0.00826	0.00513	0.00376	0.00368	0.00121	0.00580	0.00291	0.00172	0.00576
82	0.01083	0.16048	0.27141	0.01304	0.21650	0.01018	0.02214	0.06866	0.03554	0.12443	0.00891	0.02534	0.00682	0.00412	0.00373	0.00118	0.00477	0.00339	0.00249	0.00604
83	0.01799	0.00683	0.00931	0.00714	0.01024	0.00589	0.00589	0.01954	0.01148	0.83682	0.01582	0.01365	0.00993	0.00496	0.00403	0.00124	0.00341	0.00403	0.00496	0.00683
84	0.00883	0.00821	0.01350	0.08031	0.58838	0.00830	0.01033	0.02373	0.00914	0.01278	0.04934	0.06555	0.07007	0.00562	0.02746	0.00139	0.00448	0.00461	0.00236	0.00561
85	0.01220	0.03780	0.06894	0.05487	0.26653	0.07600	0.10668	0.07358	0.03613	0.19944	0.00992	0.02346	0.00739	0.00423	0.00402	0.00122	0.00487	0.00380	0.00287	0.00604
86	0.00642	0.00523	0.00742	0.00703	0.00747	0.00645	0.00544	0.00751	0.00628	0.00915	0.00982	0.01584	0.00968	0.15374	0.53153	0.00501	0.19594	0.00436	0.00211	0.00358
87	0.00501	0.00381	0.00461	0.00496	0.00572	0.00341	0.00351	0.00607	0.00896	0.01169	0.20214	0.40393	0.30006	0.01082	0.00491	0.00146	0.00213	0.00952	0.00387	0.00341
88	0.02121	0.16837	0.24606	0.03466	0.05345	0.06281	0.10987	0.03406	0.05533	0.07229	0.03103	0.05633	0.02809	0.00464	0.00384	0.00121	0.00493	0.00393	0.00245	0.00545

[dist]
# distance from previous block
# <min> <max>
1	6

[block]
# block no. 2 follows, 67 sequences, length 42
# corresponding to MSA columns:
# 238-279
name=unknown_C
#
# <colnr> <probs for GDERKNQSTAVLIFYWHMCP>
#	G	D	E	R	K	N	Q	S	T	A	V	L	I	F	Y	W	H	M	C	P
0	0.00798	0.00634	0.00765	0.00722	0.05560	0.03355	0.02448	0.10502	0.04398	0.03836	0.42180	0.02416	0.14316	0.00707	0.00442	0.00122	0.00283	0.00609	0.00387	0.05521
1	0.02693	0.59940	0.08167	0.00853	0.05449	0.05481	0.00782	0.07749	0.00919	0.01139	0.00618	0.00714	0.00534	0.00367	0.00310	0.00096	0.01913	0.00245	0.00196	0.01837
2	0.00760	0.00689	0.00994	0.03681	0.11417	0.02902	0.02658	0.00925	0.02947	0.01012	0.00883	0.01327	0.00825	0.07117	0.36617	0.00377	0.23832	0.00404	0.00208	0.00425
3	0.01133	0.02475	0.01418	0.16742	0.25996	0.24088	0.09796	0.02329	0.00979	0.06041	0.00762	0.00950	0.00599	0.00385	0.00390	0.00116	0.00560	0.00337	0.00219	0.04685
4	0.00549	0.00398	0.00492	0.00490	0.00570	0.00365	0.00353	0.00665	0.00947	0.01278	0.41324	0.12541	0.20453	0.09716	0.00705	0.05259	0.00232	0.02945	0.00381	0.00338
5	0.00568	0.00410	0.00536	0.00505	0.00599	0.00378	0.00378	0.00757	0.01135	0.01608	0.83192	0.02996	0.03784	0.00820	0.00473	0.00126	0.00189	0.00725	0.00441	0.00378
6	0.00487	0.00382	0.00441	0.00479	0.00563	0.00336	0.00339	0.00581	0.00866	0.01094	0.08767	0.39230	0.42799	0.01106	0.00490	0.00147	0.00215	0.00965	0.00377	0.00336
7	0.00993	0.00953	0.01628	0.02462	0.83404	0.00953	0.01231	0.01231	0.00913	0.01310	0.00754	0.00993	0.00635	0.00357	0.00397	0.00119	0.00476	0.00357	0.00199	0.00635
8	0.01799	0.00683	0.00931	0.00714	0.01024	0.00589	0.00589	0.01954	0.01148	0.83682	0.01582	0.01365	0.00993	0.00496	0.00403	0.00124	0.00341	0.00403	0.00496	0.00683
9	0.01226	0.54708	0.01762	0.00771	0.01104	0.01454	0.00711	0.29092	0.03237	0.01508	0.00724	0.00775	0.00590	0.00396	0.00311	0.00099	0.00430	0.00271	0.00257	0.00575
10	0.88738	0.00776	0.00589	0.00527	0.00776	0.00900	0.00434	0.01179	0.00683	0.01799	0.00558	0.00651	0.00434	0.00372	0.00248	0.00124	0.00310	0.00217	0.00248	0.00434
11	0.00492	0.00396	0.00439	0.00450	0.00559	0.00343	0.00329	0.00603	0.00925	0.01161	0.17075	0.18570	0.55198	0.01026	0.00481	0.00139	0.00206	0.00879	0.00384	0.00343
12	0.01799	0.00683	0.00931	0.00714	0.01024	0.00589	0.00589	0.01954	0.01148	0.83682	0.01582	0.01365	0.00993	0.00496	0.00403	0.00124	0.00341	0.00403	0.00496	0.00683
13	0.12799	0.00694	0.00888	0.00690	0.00992	0.00629	0.00570	0.01856	0.01089	0.73322	0.01453	0.01275	0.00922	0.00481	0.00384	0.00124	0.00337	0.00380	0.00465	0.00651
14	0.88738	0.00776	0.00589	0.00527	0.00776	0.00900	0.00434	0.01179	0.00683	0.01799	0.00558	0.00651	0.00434	0.00372	0.00248	0.00124	0.00310	0.00217	0.00248	0.00434
15	0.00993	0.00953	0.01628	0.02462	0.83404	0.00953	0.01231	0.01231	0.00913	0.01310	0.00754	0.00993	0.00635	0.00357	0.00397	0.00119	0.00476	0.00357	0.00199	0.00635
16	0.88738	0.00776	0.00589	0.00527	0.00776	0.00900	0.00434	0.01179	0.00683	0.01799	0.00558	0.00651	0.00434	0.00372	0.00248	0.00124	0.00310	0.00217	0.00248	0.00434
17	0.00568	0.00410	0.00536	0.00505	0.00599	0.00378	0.00378	0.00757	0.01135	0.01608	0.83192	0.02996	0.03784	0.00820	0.00473	0.00126	0.00189	0.00725	0.00441	0.00378
18	0.00489	0.00355	0.00462	0.00544	0.00579	0.00328	0.00367	0.00565	0.00790	0.01044	0.04470	0.76706	0.09371	0.01225	0.00508	0.00160	0.00229	0.01105	0.00374	0.00328
19	0.00479	0.00405	0.00415	0.00422	0.00551	0.00341	0.00316	0.00581	0.00907	0.01083	0.03919	0.08233	0.77068	0.01031	0.00478	0.00138	0.00209	0.02716	0.00372	0.00339
20	0.00877	0.00711	0.00836	0.00600	0.00954	0.00537	0.00481	0.01054	0.00847	0.05195	0.00754	0.00857	0.00613	0.00306	0.00302	0.00062	0.00299	0.00245	0.00250	0.84219
21	0.01033	0.04749	0.22687	0.00969	0.01310	0.06331	0.06320	0.10134	0.31425	0.03805	0.01190	0.02544	0.00931	0.00500	0.00404	0.00130	0.00459	0.04178	0.00309	0.00591
22	0.01247	0.02678	0.01060	0.00882	0.01138	0.14377	0.00699	0.27560	0.42362	0.01825	0.01237	0.01187	0.00925	0.00500	0.00396	0.00125	0.00424	0.00388	0.00369	0.00621
23	0.00915	0.02103	0.01438	0.01776	0.45519	0.00909	0.09796	0.02373	0.07890	0.01288	0.01147	0.06287	0.05732	0.00520	0.00498	0.00132	0.07547	0.03323	0.00244	0.00562
24	0.05039	0.06655	0.49316	0.01247	0.03132	0.00982	0.23217	0.01283	0.00873	0.03477	0.00751	0.00906	0.00547	0.00369	0.00393	0.00126	0.00584	0.00340	0.00192	0.00570
25	0.00801	0.01999	0.78932	0.01144	0.01719	0.00920	0.04278	0.01254	0.00852	0.01266	0.00804	0.00928	0.02530	0.00395	0.00387	0.00128	0.00586	0.00316	0.00175	0.00585
26	0.01783	0.00709	0.00947	0.00726	0.01037	0.00628	0.00600	0.06688	0.01191	0.78886	0.01546	0.01341	0.00974	0.00495	0.00403	0.00124	0.00347	0.00401	0.00491	0.00682
27	0.00632	0.00633	0.05638	0.00811	0.02124	0.00567	0.13698	0.00790	0.00818	0.01110	0.08321	0.28119	0.12771	0.06396	0.10222	0.00219	0.05707	0.00734	0.00298	0.00392
28	0.03613	0.18235	0.28119	0.01112	0.05922	0.01010	0.15720	0.02779	0.00934	0.15183	0.03102	0.01000	0.00707	0.00397	0.00377	0.00119	0.00505	0.00344	0.00247	0.00576
29	0.16487	0.02265	0.00906	0.00701	0.00995	0.04198	0.00577	0.03193	0.03196	0.61326	0.01341	0.01201	0.00870	0.00470	0.00373	0.00123	0.00355	0.00363	0.00432	0.00627
30	0.00492	0.00365	0.00460	0.00524	0.00575	0.00333	0.00359	0.00578	0.00827	0.01084	0.09320	0.62614	0.18657	0.01173	0.00501	0.00154	0.00223	0.01048	0.00378	0.00333
31	0.01030	0.13807	0.05536	0.04294	0.47152	0.07942	0.03661	0.02531	0.02503	0.01221	0.00718	0.00918	0.00603	0.00390	0.00435	0.00118	0.06030	0.00330	0.00199	0.00580
32	0.01022	0.08370	0.29385	0.01053	0.05559	0.00928	0.09016	0.03414	0.16795	0.12725	0.03715	0.02678	0.02617	0.00465	0.00397	0.00126	0.00462	0.00397	0.00288	0.00589
33	0.00499	0.00407	0.00442	0.00445	0.00566	0.00351	0.00336	0.00618	0.00947	0.01178	0.17715	0.07090	0.62395	0.00996	0.00479	0.00137	0.00209	0.04460	0.00384	0.00346
34	0.00639	0.00459	0.00636	0.00724	0.00818	0.00456	0.00631	0.00820	0.00923	0.01195	0.02210	0.04494	0.05917	0.01104	0.00550	0.00182	0.00362	0.77143	0.00369	0.00368
35	0.00582	0.00466	0.01816	0.00588	0.02579	0.00414	0.02920	0.00770	0.01090	0.01523	0.68136	0.05077	0.10875	0.00817	0.00471	0.00128	0.00219	0.00725	0.00416	0.00387
36	0.01024	0.35527	0.28082	0.01002	0.04800	0.04531	0.06589	0.03869	0.04441	0.04415	0.01833	0.00863	0.00622	0.00384	0.00342	0.00110	0.00501	0.00295	0.00209	0.00560
37	0.00923	0.00874	0.01471	0.31011	0.53618	0.00938	0.01180	0.02969	0.00896	0.01239	0.00745	0.01018	0.00601	0.00375	0.00398	0.00124	0.00496	0.00357	0.00196	0.00571
38	0.01163	0.01229	0.12102	0.05241	0.02634	0.13679	0.35994	0.02517	0.00998	0.16519	0.00926	0.02265	0.00679	0.00408	0.00439	0.00128	0.01860	0.00404	0.00257	0.00556
39	0.00583	0.00389	0.00437	0.00437	0.00437	0.00389	0.00243	0.00583	0.00583	0.00778	0.01264	0.02624	0.01458	0.85906	0.02041	0.00389	0.00389	0.00583	0.00243	0.00243
40	0.88738	0.00776	0.00589	0.00527	0.00776	0.00900	0.00434	0.01179	0.00683	0.01799	0.00558	0.00651	0.00434	0.00372	0.00248	0.00124	0.00310	0.00217	0.00248	0.00434
41	0.01283	0.26647	0.10128	0.00879	0.01227	0.01201	0.04618	0.28863	0.05700	0.12786	0.00921	0.00943	0.00679	0.00432	0.00376	0.00114	0.01960	0.00326	0.00308	0.00609

[dist]
# distance from previous block
# <min> <max>
0	1

[block]
# block no. 3 follows, 67 sequences, length 101
# corresponding to MSA columns:
# 281-381
name=unknown_D
#
# <colnr> <probs for GDERKNQSTAVLIFYWHMCP>
#	G	D	E	R	K	N	Q	S	T	A	V	L	I	F	Y	W	H	M	C	P
0	0.01799	0.00683	0.00931	0.00714	0.01024	0.00589	0.00589	0.01954	0.01148	0.83682	0.01582	0.01365	0.00993	0.00496	0.00403	0.00124	0.00341	0.00403	0.00496	0.00683
1	0.88738	0.00776	0.00589	0.00527	0.00776	0.00900	0.00434	0.01179	0.00683	0.01799	0.00558	0.00651	0.00434	0.00372	0.00248	0.00124	0.00310	0.00217	0.00248	0.00434
2	0.01161	0.63056	0.01866	0.00857	0.05600	0.17816	0.00735	0.03030	0.00907	0.01005	0.00589	0.00685	0.00525	0.00361	0.00289	0.00092	0.00490	0.00234	0.00185	0.00515
3	0.01084	0.01623	0.45632	0.01119	0.03580	0.01052	0.05606	0.30950	0.02583	0.01740	0.00830	0.00917	0.00592	0.00418	0.00394	0.00125	0.00534	0.00334	0.00261	0.00624
4	0.00547	0.00408	0.00509	0.00486	0.00587	0.00369	0.00364	0.00716	0.01082	0.01490	0.65564	0.05208	0.19449	0.00869	0.00474	0.00129	0.00193	0.00759	0.00426	0.00369
5	0.00563	0.00410	0.00530	0.00500	0.00596	0.00376	0.00375	0.00748	0.01124	0.01583	0.79342	0.03038	0.07650	0.00829	0.00473	0.00127	0.00190	0.00731	0.00438	0.00376
6	0.00485	0.00407	0.00422	0.00418	0.00549	0.00343	0.00314	0.00598	0.00941	0.01147	0.13676	0.03755	0.73588	0.00992	0.00474	0.00134	0.00201	0.00832	0.00381	0.00343
7	0.00804	0.02074	0.83828	0.01143	0.01736	0.00931	0.01482	0.01270	0.00847	0.01270	0.00720	0.00847	0.00508	0.00381	0.00381	0.00127	0.00593	0.00296	0.00169	0.00593
8	0.00815	0.02002	0.77913	0.01183	0.01762	0.00937	0.07324	0.01271	0.00854	0.01271	0.00726	0.00864	0.00515	0.00378	0.00388	0.00128	0.00599	0.00309	0.00172	0.00589
9	0.00584	0.00395	0.00470	0.00470	0.00484	0.00407	0.00286	0.00611	0.00598	0.00815	0.01233	0.02433	0.01376	0.70846	0.15461	0.00425	0.00497	0.00554	0.01788	0.00264
10	0.00489	0.00349	0.00465	0.00558	0.00582	0.00326	0.00372	0.00558	0.00768	0.01024	0.02210	0.85644	0.02653	0.01256	0.00512	0.00163	0.00233	0.01140	0.00372	0.00326
11	0.00809	0.04306	0.76874	0.01128	0.01694	0.00936	0.03716	0.01254	0.00857	0.01271	0.03089	0.00910	0.00605	0.00391	0.00383	0.00126	0.00579	0.00311	0.00178	0.00583
12	0.88738	0.00776	0.00589	0.00527	0.00776	0.00900	0.00434	0.01179	0.00683	0.01799	0.00558	0.00651	0.00434	0.00372	0.00248	0.00124	0.00310	0.00217	0.00248	0.00434
13	0.01055	0.77680	0.04835	0.00768	0.01124	0.01527	0.06133	0.01209	0.00825	0.00977	0.00580	0.00679	0.00521	0.00344	0.00276	0.00090	0.00451	0.00234	0.00174	0.00519
14	0.00804	0.02074	0.83828	0.01143	0.01736	0.00931	0.01482	0.01270	0.00847	0.01270	0.00720	0.00847	0.00508	0.00381	0.00381	0.00127	0.00593	0.00296	0.00169	0.00593
15	0.00483	0.00380	0.00437	0.00478	0.00561	0.00334	0.00337	0.00572	0.00852	0.01069	0.05108	0.41379	0.44347	0.01122	0.00491	0.00148	0.00216	0.00978	0.00374	0.00334
16	0.01525	0.01123	0.01204	0.00923	0.01244	0.01244	0.00762	0.82067	0.01886	0.02528	0.00963	0.00963	0.00682	0.00481	0.00401	0.00120	0.00441	0.00361	0.00401	0.00682
17	0.00478	0.00402	0.00414	0.00419	0.00546	0.00339	0.00311	0.00580	0.00911	0.01094	0.06212	0.09381	0.75492	0.01026	0.00477	0.00137	0.00205	0.00863	0.00374	0.00339
18	0.00489	0.00349	0.00465	0.00558	0.00582	0.00326	0.00372	0.00558	0.00768	0.01024	0.02210	0.85644	0.02653	0.01256	0.00512	0.00163	0.00233	0.01140	0.00372	0.00326
19	0.01066	0.00768	0.00831	0.00736	0.00954	0.00854	0.00576	0.03258	0.58466	0.11796	0.01564	0.01471	0.01156	0.00525	0.00387	0.00128	0.00302	0.00433	0.14128	0.00601
20	0.00493	0.00397	0.00422	0.00433	0.00536	0.00345	0.00308	0.00582	0.00865	0.01059	0.06634	0.13622	0.60256	0.11448	0.00671	0.00169	0.00229	0.00845	0.00359	0.00327
21	0.01414	0.01042	0.01122	0.00880	0.01176	0.01152	0.00720	0.66521	0.11239	0.03771	0.04663	0.01130	0.00892	0.00504	0.00403	0.00122	0.00410	0.00389	0.01793	0.00658
22	0.01072	0.86147	0.02102	0.00686	0.01029	0.01587	0.00686	0.01201	0.00815	0.00944	0.00558	0.00643	0.00515	0.00343	0.00257	0.00086	0.00429	0.00214	0.00172	0.00515
23	0.88738	0.00776	0.00589	0.00527	0.00776	0.00900	0.00434	0.01179	0.00683	0.01799	0.00558	0.00651	0.00434	0.00372	0.00248	0.00124	0.00310	0.00217	0.00248	0.00434
24	0.00582	0.00442	0.00656	0.00651	0.00718	0.00520	0.00505	0.00720	0.00642	0.00928	0.01063	0.01584	0.01001	0.05321	0.79423	0.00623	0.03616	0.00432	0.00214	0.00357
25	0.01339	0.02433	0.02300	0.00888	0.01183	0.01166	0.00731	0.54140	0.27591	0.02213	0.01166	0.01126	0.00850	0.00498	0.00401	0.00125	0.00404	0.00387	0.00396	0.00663
26	0.00644	0.00510	0.00693	0.00646	0.00708	0.00583	0.01833	0.02118	0.01754	0.01014	0.08958	0.02016	0.08817	0.20778	0.31074	0.03195	0.13537	0.00515	0.00255	0.00351
27	0.00559	0.00396	0.00474	0.00474	0.00518	0.00386	0.00310	0.00629	0.00759	0.01021	0.19035	0.08351	0.12027	0.44614	0.08489	0.00309	0.00372	0.00670	0.00307	0.00299
28	0.01354	0.23438	0.01369	0.00921	0.01165	0.54262	0.00740	0.06757	0.01084	0.01071	0.00644	0.00752	0.00546	0.00503	0.03669	0.00121	0.00643	0.00261	0.00211	0.00488
29	0.00507	0.00359	0.00472	0.00555	0.00580	0.00340	0.00373	0.00575	0.00757	0.01007	0.02106	0.72650	0.02509	0.10156	0.00675	0.00188	0.00256	0.05258	0.00359	0.00319
30	0.00832	0.00713	0.00832	0.00594	0.00950	0.00535	0.00475	0.01010	0.00832	0.01307	0.00713	0.00832	0.00594	0.00297	0.00297	0.00059	0.00297	0.00238	0.00238	0.88357
31	0.01031	0.00695	0.00841	0.00619	0.00952	0.00547	0.00498	0.01219	0.02161	0.19062	0.04531	0.01052	0.00829	0.00367	0.00329	0.00077	0.00302	0.00298	0.00305	0.64284
32	0.01781	0.00712	0.00949	0.00728	0.01039	0.00634	0.00601	0.07354	0.01198	0.78212	0.01540	0.01338	0.00972	0.00495	0.00403	0.00124	0.00348	0.00400	0.00490	0.00682
33	0.00947	0.01082	0.02366	0.01690	0.02096	0.01014	0.81947	0.01285	0.00947	0.01285	0.00811	0.01082	0.00609	0.00338	0.00473	0.00135	0.00676	0.00473	0.00203	0.00541
34	0.01072	0.86147	0.02102	0.00686	0.01029	0.01587	0.00686	0.01201	0.00815	0.00944	0.00558	0.00643	0.00515	0.00343	0.00257	0.00086	0.00429	0.00214	0.00172	0.00515
35	0.00877	0.00877	0.01228	0.01053	0.01053	0.01228	0.00877	0.00965	0.00614	0.00965	0.00526	0.00877	0.00526	0.00702	0.01316	0.00175	0.85172	0.00351	0.00175	0.00439
36	0.00993	0.00953	0.01628	0.02462	0.83404	0.00953	0.01231	0.01231	0.00913	0.01310	0.00754	0.00993	0.00635	0.00357	0.00397	0.00119	0.00476	0.00357	0.00199	0.00635
37	0.00757	0.00713	0.01203	0.84942	0.02762	0.00891	0.01114	0.01025	0.00802	0.01025	0.00713	0.01069	0.00535	0.00401	0.00401	0.00134	0.00535	0.00356	0.00178	0.00446
38	0.00556	0.00422	0.00448	0.00433	0.00574	0.00356	0.00328	0.00670	0.00950	0.05640	0.12233	0.03633	0.70418	0.00967	0.00470	0.00134	0.00209	0.00810	0.00386	0.00361
39	0.78974	0.00731	0.00574	0.00523	0.00745	0.00840	0.00419	0.01112	0.00680	0.01698	0.00680	0.04716	0.00603	0.05921	0.00376	0.00143	0.00312	0.00283	0.00254	0.00417
40	0.01020	0.39140	0.36125	0.00926	0.01354	0.12965	0.01031	0.01286	0.00874	0.01085	0.00634	0.00740	0.00512	0.00369	0.00324	0.00105	0.00539	0.00255	0.00176	0.00540
41	0.45039	0.01328	0.00888	0.00794	0.01025	0.40969	0.02255	0.01384	0.00906	0.01396	0.00593	0.00695	0.00477	0.00391	0.00307	0.00114	0.00516	0.00242	0.00227	0.00451
42	0.01072	0.86147	0.02102	0.00686	0.01029	0.01587	0.00686	0.01201	0.00815	0.00944	0.00558	0.00643	0.00515	0.00343	0.00257	0.00086	0.00429	0.00214	0.00172	0.00515
43	0.01020	0.00956	0.05045	0.01089	0.10559	0.00991	0.07242	0.10264	0.51328	0.01650	0.01400	0.03429	0.02158	0.00516	0.00413	0.00133	0.00387	0.00449	0.00354	0.00619
44	0.88738	0.00776	0.00589	0.00527	0.00776	0.00900	0.00434	0.01179	0.00683	0.01799	0.00558	0.00651	0.00434	0.00372	0.00248	0.00124	0.00310	0.00217	0.00248	0.00434
45	0.00496	0.00356	0.00473	0.00559	0.00589	0.00330	0.00374	0.00568	0.00769	0.01030	0.02180	0.83902	0.02610	0.01237	0.00507	0.00161	0.00234	0.01122	0.00370	0.02133
46	0.01498	0.01911	0.01137	0.01033	0.01240	0.84295	0.00775	0.01601	0.01137	0.00982	0.00620	0.00723	0.00517	0.00413	0.00362	0.00103	0.00723	0.00258	0.00207	0.00465
47	0.00998	0.00862	0.00907	0.00816	0.01043	0.00998	0.00635	0.02131	0.82679	0.01678	0.01632	0.01496	0.01224	0.00544	0.00408	0.00136	0.00317	0.00453	0.00408	0.00635
48	0.88738	0.00776	0.00589	0.00527	0.00776	0.00900	0.00434	0.01179	0.00683	0.01799	0.00558	0.00651	0.00434	0.00372	0.00248	0.00124	0.00310	0.00217	0.00248	0.00434
49	0.88738	0.00776	0.00589	0.00527	0.00776	0.00900	0.00434	0.01179	0.00683	0.01799	0.00558	0.00651	0.00434	0.00372	0.00248	0.00124	0.00310	0.00217	0.00248	0.00434
50	0.00646	0.00462	0.00646	0.00739	0.00831	0.00462	0.00646	0.00831	0.00923	0.01200	0.02123	0.04524	0.02308	0.01108	0.00554	0.00185	0.00369	0.80704	0.00369	0.00369
51	0.88738	0.00776	0.00589	0.00527	0.00776	0.00900	0.00434	0.01179	0.00683	0.01799	0.00558	0.00651	0.00434	0.00372	0.00248	0.00124	0.00310	0.00217	0.00248	0.00434
52	0.01593	0.00687	0.00884	0.00704	0.00984	0.00637	0.00573	0.01904	0.13890	0.64526	0.01569	0.01396	0.01032	0.00502	0.00395	0.00124	0.00326	0.00409	0.07217	0.00651
53	0.00573	0.00430	0.00645	0.00645	0.00716	0.00501	0.00501	0.00716	0.00645	0.00931	0.01074	0.01576	0.01003	0.03008	0.84316	0.00645	0.01074	0.00430	0.00215	0.00358
54	0.01767	0.00698	0.00933	0.00717	0.01024	0.00617	0.00592	0.05781	0.01178	0.78251	0.01547	0.01348	0.00978	0.00495	0.00401	0.00123	0.00343	0.00401	0.02128	0.00677
55	0.00832	0.00713	0.00832	0.00594	0.00950	0.00535	0.00475	0.01010	0.00832	0.01307	0.00713	0.00832	0.00594	0.00297	0.00297	0.00059	0.00297	0.00238	0.00238	0.88357
56	0.01728	0.00670	0.00901	0.00698	0.00995	0.00586	0.00574	0.01905	0.02790	0.77728	0.01569	0.01374	0.00999	0.00496	0.00397	0.00123	0.00333	0.00403	0.05065	0.00665
57	0.00835	0.00716	0.00833	0.00599	0.00952	0.00545	0.00479	0.01034	0.02590	0.01315	0.00733	0.00846	0.00608	0.00302	0.00299	0.00061	0.00297	0.00242	0.00241	0.86472
58	0.00656	0.00433	0.00525	0.00493	0.00621	0.00383	0.00373	0.00803	0.01037	0.09791	0.41830	0.07336	0.32459	0.00880	0.00468	0.00131	0.00212	0.00758	0.00418	0.00392
59	0.17390	0.00699	0.00870	0.00680	0.00979	0.00645	0.00562	0.01815	0.01064	0.68998	0.01399	0.01237	0.00893	0.00474	0.00375	0.00124	0.00336	0.00370	0.00452	0.00638
60	0.00993	0.05302	0.00961	0.00803	0.01034	0.01018	0.00632	0.02058	0.77102	0.01630	0.01615	0.01490	0.02499	0.00541	0.00401	0.00133	0.00321	0.00447	0.00395	0.00624
61	0.01982	0.00851	0.06910	0.02566	0.05733	0.01915	0.00616	0.02384	0.00862	0.02739	0.00731	0.00854	0.00594	0.00318	0.00315	0.00073	0.00344	0.00256	0.00236	0.69721
62	0.01290	0.02110	0.11429	0.03364	0.21717	0.00901	0.10319	0.14475	0.02265	0.26493	0.01050	0.01098	0.00737	0.00424	0.00405	0.00124	0.00466	0.00377	0.00321	0.00635
63	0.00518	0.00385	0.00486	0.00542	0.00599	0.00361	0.00377	0.00649	0.03730	0.01141	0.13985	0.58441	0.13780	0.01134	0.00498	0.00153	0.00228	0.02264	0.00383	0.00347
64	0.00522	0.00391	0.00544	0.00603	0.00656	0.00365	0.03003	0.00618	0.00809	0.01068	0.03729	0.65786	0.08732	0.01184	0.00512	0.00162	0.00260	0.10350	0.00368	0.00340
65	0.01105	0.05500	0.12920	0.06435	0.23878	0.07860	0.17045	0.08898	0.03193	0.08040	0.00847	0.00996	0.00640	0.00391	0.00401	0.00122	0.00535	0.00363	0.00242	0.00588
66	0.00896	0.03169	0.16788	0.04579	0.29212	0.00925	0.23687	0.01224	0.04476	0.01264	0.02256	0.01208	0.03107	0.04854	0.00502	0.00140	0.00530	0.00411	0.00213	0.00558
67	0.00495	0.00411	0.00436	0.00442	0.00571	0.00352	0.00339	0.00610	0.00929	0.01127	0.08967	0.03862	0.71047	0.01011	0.00481	0.00139	0.00217	0.07843	0.00377	0.00344
68	0.00984	0.48841	0.12336	0.20866	0.03083	0.05797	0.00905	0.01190	0.00835	0.01014	0.00622	0.00782	0.00521	0.00366	0.00316	0.00104	0.00492	0.00264	0.00175	0.00508
