[name]
unknown

[dist]
# distance from previous block
# <min> <max>
0	252

[block]
# block no. 0 follows, 66 sequences, length 21
# corresponding to MSA columns:
# 353-373
name=unknown_A
#
# <colnr> <probs for GDERKNQSTAVLIFYWHMCP>
#	G	D	E	R	K	N	Q	S	T	A	V	L	I	F	Y	W	H	M	C	P
0	0.04565	0.00445	0.00572	0.00638	0.02896	0.00437	0.01593	0.02319	0.02666	0.01133	0.04579	0.52883	0.05211	0.11242	0.00683	0.00187	0.00285	0.06959	0.00351	0.00356
1	0.30732	0.09355	0.01176	0.14098	0.07327	0.18422	0.00792	0.01348	0.00946	0.01477	0.00821	0.01055	0.00692	0.00566	0.02095	0.00160	0.04487	0.00334	0.03565	0.00552
2	0.02601	0.02926	0.02876	0.28455	0.07289	0.07673	0.02494	0.03929	0.02905	0.03090	0.07950	0.01816	0.19457	0.00582	0.00426	0.00127	0.01387	0.00488	0.00274	0.03255
3	0.01106	0.03386	0.01297	0.18760	0.18493	0.12440	0.05296	0.13802	0.06521	0.04497	0.01006	0.01143	0.04391	0.00441	0.00397	0.00120	0.00494	0.00374	0.00265	0.05772
4	0.00929	0.08483	0.06093	0.19293	0.02429	0.08892	0.06217	0.02959	0.06342	0.03839	0.05235	0.02947	0.05090	0.00543	0.01600	0.00130	0.04545	0.02584	0.03549	0.08300
5	0.00814	0.04766	0.07723	0.00735	0.00930	0.06935	0.03552	0.02801	0.03878	0.05787	0.05724	0.21184	0.10975	0.01038	0.10678	0.00195	0.03063	0.01403	0.00307	0.07513
6	0.05546	0.06730	0.03659	0.06618	0.09440	0.04535	0.08012	0.04384	0.02433	0.01289	0.03458	0.16266	0.01105	0.02377	0.00426	0.00121	0.00403	0.01340	0.00264	0.21595
7	0.01021	0.00978	0.04133	0.12080	0.05439	0.11468	0.00765	0.08504	0.02371	0.05290	0.00933	0.01087	0.04359	0.00543	0.03164	0.00130	0.11957	0.00340	0.00251	0.25186
8	0.01295	0.01101	0.04230	0.01004	0.06432	0.04886	0.00782	0.43794	0.26650	0.02075	0.02796	0.01169	0.00905	0.00499	0.00407	0.00126	0.00424	0.00394	0.00378	0.00653
9	0.05656	0.03964	0.22654	0.09371	0.25860	0.00866	0.01040	0.01222	0.04594	0.03805	0.08537	0.02557	0.00952	0.00440	0.00387	0.00121	0.00452	0.00378	0.00240	0.06903
10	0.19346	0.12288	0.03239	0.02420	0.09524	0.17741	0.00715	0.07901	0.01990	0.09732	0.00847	0.01003	0.00676	0.00567	0.04828	0.00144	0.00496	0.02294	0.02693	0.01558
11	0.77070	0.00825	0.00833	0.00688	0.00960	0.00925	0.11141	0.01207	0.00726	0.01752	0.00599	0.00716	0.00463	0.00372	0.00281	0.00127	0.00363	0.00254	0.00245	0.00454
12	0.00766	0.00721	0.01217	0.84767	0.02794	0.00901	0.01127	0.01037	0.00811	0.01037	0.00721	0.01082	0.00541	0.00406	0.00406	0.00135	0.00541	0.00361	0.00180	0.00451
13	0.00749	0.02557	0.05295	0.14766	0.06702	0.02006	0.06283	0.00994	0.05305	0.01237	0.16117	0.09142	0.12251	0.00680	0.00561	0.00139	0.11806	0.00568	0.02391	0.00450
14	0.00487	0.00406	0.00425	0.00432	0.00556	0.00344	0.00320	0.00593	0.00926	0.01125	0.09114	0.11490	0.70315	0.01037	0.00483	0.00139	0.00207	0.00876	0.00381	0.00344
15	0.00841	0.00721	0.00841	0.00601	0.00961	0.00541	0.00481	0.01022	0.00841	0.01322	0.00721	0.00841	0.00601	0.00300	0.00300	0.00060	0.00300	0.00240	0.00240	0.88222
16	0.00503	0.00390	0.00459	0.00488	0.00574	0.00345	0.00348	0.00610	0.00911	0.01174	0.18341	0.34724	0.37515	0.01083	0.00494	0.00146	0.00214	0.00946	0.00390	0.00345
17	0.02953	0.02955	0.03013	0.03125	0.01161	0.00966	0.05728	0.36406	0.11469	0.09563	0.04351	0.01286	0.02699	0.00500	0.00393	0.00122	0.00391	0.00406	0.11916	0.00597
18	0.00567	0.00413	0.00511	0.00539	0.00622	0.00380	0.00387	0.00708	0.03359	0.03051	0.18297	0.41826	0.19292	0.02601	0.00522	0.00153	0.00235	0.03924	0.00389	0.02223
19	0.07475	0.30690	0.01357	0.06721	0.02248	0.22508	0.00688	0.02774	0.04076	0.04320	0.02547	0.03269	0.00763	0.02064	0.00365	0.00112	0.00478	0.01470	0.03529	0.02544
20	0.06367	0.00885	0.02800	0.14982	0.24492	0.04929	0.04685	0.01113	0.02742	0.01206	0.00961	0.04266	0.04273	0.02040	0.01526	0.00144	0.14365	0.02222	0.00223	0.05778

[dist]
# distance from previous block
# <min> <max>
0	23

[block]
# block no. 1 follows, 66 sequences, length 7
# corresponding to MSA columns:
# 398-402,409,410
name=unknown_B
#
# <colnr> <probs for GDERKNQSTAVLIFYWHMCP>
#	G	D	E	R	K	N	Q	S	T	A	V	L	I	F	Y	W	H	M	C	P
0	0.09755	0.07680	0.06409	0.07044	0.14507	0.20666	0.01921	0.10914	0.02693	0.03984	0.02376	0.02955	0.00712	0.00494	0.02009	0.00129	0.03030	0.00339	0.00250	0.02131
1	0.06422	0.02431	0.04217	0.02185	0.05312	0.01974	0.03605	0.07793	0.00930	0.07367	0.03255	0.42247	0.01711	0.00844	0.00461	0.00141	0.01933	0.00742	0.01575	0.04856
2	0.00510	0.00365	0.00491	0.00568	0.00596	0.00354	0.00384	0.00585	0.00751	0.01010	0.02044	0.70712	0.02415	0.06441	0.10478	0.00236	0.00345	0.01035	0.00350	0.00328
3	0.00613	0.00525	0.02228	0.04753	0.05932	0.00469	0.00484	0.00801	0.04579	0.02753	0.14237	0.12422	0.41939	0.00890	0.00465	0.00136	0.00264	0.02911	0.00361	0.03235
4	0.01160	0.71375	0.01956	0.00755	0.01078	0.15948	0.00710	0.01285	0.00881	0.00961	0.00575	0.00665	0.00521	0.00359	0.00279	0.00090	0.00486	0.00225	0.00180	0.00512
5	0.00995	0.08837	0.45182	0.05896	0.03331	0.09705	0.02957	0.06610	0.00963	0.03755	0.00748	0.00870	0.00555	0.00389	0.00372	0.00117	0.00554	0.00300	0.00208	0.07658
6	0.00866	0.09882	0.01336	0.65015	0.07548	0.06600	0.01065	0.01108	0.00843	0.01043	0.00701	0.01007	0.00544	0.00397	0.00387	0.00127	0.00539	0.00339	0.00183	0.00471

[dist]
# distance from previous block
# <min> <max>
0	2

[block]
# block no. 2 follows, 66 sequences, length 101
# corresponding to MSA columns:
# 413-513
name=unknown_C
#
# <colnr> <probs for GDERKNQSTAVLIFYWHMCP>
#	G	D	E	R	K	N	Q	S	T	A	V	L	I	F	Y	W	H	M	C	P
0	0.03549	0.00923	0.00986	0.03175	0.02247	0.06079	0.02542	0.18170	0.41043	0.01687	0.01315	0.02395	0.01043	0.04076	0.07476	0.00186	0.00455	0.01716	0.00356	0.00581
1	0.18342	0.15475	0.03592	0.02057	0.07388	0.26997	0.05191	0.06561	0.02197	0.01350	0.05731	0.00923	0.00745	0.00424	0.00357	0.00114	0.01506	0.00307	0.00239	0.00504
2	0.00937	0.03595	0.12358	0.14921	0.41781	0.00957	0.05638	0.03266	0.02218	0.02273	0.00833	0.04268	0.00699	0.00454	0.01391	0.00134	0.03099	0.00389	0.00212	0.00578
3	0.02005	0.00752	0.01999	0.00684	0.03243	0.00596	0.00535	0.03473	0.02947	0.09665	0.01826	0.00970	0.00709	0.01513	0.00347	0.00079	0.00319	0.00281	0.00277	0.67782
4	0.00580	0.00432	0.00639	0.00639	0.00708	0.00500	0.00491	0.00716	0.00648	0.00933	0.01098	0.01658	0.01042	0.08008	0.79206	0.00636	0.01045	0.00444	0.00219	0.00355
5	0.00637	0.00458	0.01472	0.03151	0.03497	0.00422	0.00401	0.00819	0.02026	0.01385	0.23265	0.05846	0.24241	0.00740	0.00408	0.00120	0.00225	0.00629	0.28500	0.01758
6	0.04714	0.26323	0.01443	0.00940	0.04955	0.25843	0.00750	0.25153	0.01241	0.01503	0.00727	0.00803	0.00583	0.00413	0.00342	0.00105	0.00518	0.00283	0.01604	0.01757
7	0.01516	0.01934	0.01150	0.01045	0.01254	0.84113	0.00784	0.01620	0.01150	0.00993	0.00627	0.00732	0.00523	0.00418	0.00366	0.00105	0.00732	0.00261	0.00209	0.00470
8	0.00850	0.03838	0.03255	0.04988	0.06051	0.04386	0.07737	0.04276	0.10059	0.05784	0.23711	0.13426	0.05881	0.00707	0.00449	0.00134	0.00359	0.03278	0.00352	0.00479
9	0.00488	0.00411	0.00423	0.00420	0.00553	0.00346	0.00315	0.00599	0.00946	0.01145	0.11454	0.03823	0.75672	0.01009	0.00479	0.00136	0.00204	0.00845	0.00383	0.00346
10	0.01015	0.00943	0.06061	0.03388	0.06071	0.00980	0.00740	0.10384	0.55672	0.01716	0.07383	0.01483	0.01269	0.00538	0.00414	0.00134	0.00358	0.00450	0.00380	0.00620
11	0.01542	0.01136	0.01218	0.00933	0.01258	0.01258	0.00771	0.81858	0.01908	0.02557	0.00974	0.00974	0.00690	0.00487	0.00406	0.00122	0.00446	0.00365	0.00406	0.00690
12	0.01496	0.01004	0.01105	0.00862	0.01163	0.01087	0.00707	0.59859	0.06630	0.14429	0.01144	0.02330	0.00817	0.00504	0.00402	0.00123	0.00408	0.00389	0.04876	0.00666
13	0.00812	0.00766	0.01262	0.44408	0.30986	0.00849	0.01060	0.01050	0.00866	0.01147	0.01186	0.01429	0.11540	0.00473	0.00414	0.00130	0.00475	0.00427	0.00214	0.00504
14	0.00580	0.00435	0.00652	0.00652	0.00724	0.00507	0.00507	0.00724	0.00652	0.00942	0.01087	0.01594	0.01014	0.03043	0.84134	0.00652	0.01087	0.00435	0.00217	0.00362
15	0.01192	0.01084	0.01012	0.00880	0.01126	0.13565	0.00689	0.18026	0.54115	0.01763	0.01362	0.01288	0.01021	0.00518	0.00404	0.00129	0.00408	0.00410	0.00381	0.00626
16	0.00597	0.00457	0.00572	0.06765	0.00786	0.00419	0.00426	0.00735	0.00932	0.03236	0.23773	0.19863	0.27462	0.02930	0.01520	0.00145	0.00260	0.00773	0.00367	0.07986
17	0.00648	0.00460	0.00641	0.00630	0.00713	0.00513	0.00480	0.00822	0.05653	0.03656	0.01304	0.02930	0.05425	0.07906	0.60396	0.05865	0.00868	0.00473	0.00249	0.00370
18	0.01354	0.03506	0.01140	0.00900	0.01186	0.07577	0.00728	0.47459	0.28037	0.02111	0.01156	0.01122	0.00851	0.00498	0.00401	0.00125	0.00427	0.00383	0.00386	0.00653
19	0.00666	0.00412	0.00473	0.00460	0.00479	0.00406	0.00267	0.00675	0.00625	0.05872	0.01298	0.02577	0.01446	0.80500	0.01963	0.00377	0.00390	0.00579	0.00262	0.00273
20	0.00514	0.00371	0.00469	0.00527	0.00567	0.00345	0.00353	0.00592	0.00808	0.01074	0.11172	0.57274	0.10763	0.12325	0.00713	0.00188	0.00248	0.01003	0.00367	0.00326
21	0.00841	0.00721	0.00841	0.00601	0.00961	0.00541	0.00481	0.01022	0.00841	0.01322	0.00721	0.00841	0.00601	0.00300	0.00300	0.00060	0.00300	0.00240	0.00240	0.88222
22	0.00828	0.00778	0.01310	0.50274	0.30313	0.00881	0.01113	0.01074	0.00847	0.01136	0.00847	0.07241	0.00733	0.00454	0.00412	0.00132	0.00498	0.00419	0.00202	0.00508
23	0.00929	0.01049	0.02276	0.01640	0.02026	0.00983	0.76734	0.01254	0.00946	0.01283	0.00908	0.06283	0.00743	0.00399	0.00481	0.00139	0.00656	0.00520	0.00216	0.00534
24	0.00501	0.00362	0.00473	0.00551	0.00585	0.00335	0.00371	0.00582	0.00810	0.01080	0.08490	0.73533	0.07112	0.02473	0.00536	0.00164	0.00233	0.01097	0.00380	0.00333
25	0.00629	0.00498	0.00732	0.08255	0.08481	0.00545	0.00572	0.00775	0.00728	0.01014	0.01420	0.05237	0.09821	0.09430	0.46149	0.00438	0.00758	0.00507	0.03627	0.00383
26	0.01608	0.00642	0.00866	0.00685	0.00948	0.00567	0.00549	0.01746	0.01066	0.69290	0.01535	0.01546	0.01062	0.10940	0.04868	0.00185	0.00389	0.00431	0.00457	0.00620
27	0.00958	0.01094	0.02394	0.01710	0.02120	0.01026	0.81737	0.01300	0.00958	0.01300	0.00821	0.01094	0.00616	0.00342	0.00479	0.00137	0.00684	0.00479	0.00205	0.00547
28	0.00585	0.00391	0.00444	0.00448	0.00450	0.00390	0.00252	0.00589	0.00599	0.00799	0.01324	0.06634	0.01533	0.81683	0.01991	0.00382	0.00386	0.00617	0.00252	0.00250
29	0.01500	0.01116	0.01226	0.04369	0.02980	0.01238	0.00795	0.76943	0.01843	0.02470	0.00960	0.00979	0.00683	0.00481	0.00406	0.00122	0.00451	0.00365	0.00393	0.00679
30	0.00980	0.00940	0.01604	0.10740	0.75148	0.00958	0.01233	0.01224	0.00913	0.01296	0.00759	0.01012	0.00632	0.00366	0.00402	0.00122	0.00488	0.00361	0.00199	0.00623
31	0.00520	0.00386	0.00487	0.02892	0.00629	0.00362	0.00371	0.00609	0.00831	0.01093	0.12584	0.48394	0.17492	0.10585	0.00676	0.00180	0.00251	0.00960	0.00365	0.00333
32	0.01772	0.00680	0.00926	0.00714	0.01019	0.00588	0.00588	0.01930	0.01161	0.80331	0.04743	0.01445	0.01113	0.00515	0.00411	0.00126	0.00339	0.00421	0.00500	0.00679
33	0.01516	0.01934	0.01150	0.01045	0.01254	0.84113	0.00784	0.01620	0.01150	0.00993	0.00627	0.00732	0.00523	0.00418	0.00366	0.00105	0.00732	0.00261	0.00209	0.00470
34	0.00941	0.00587	0.00661	0.00588	0.00749	0.00602	0.00456	0.14872	0.08836	0.08986	0.15004	0.10351	0.05172	0.00650	0.00392	0.00121	0.00265	0.00545	0.29744	0.00479
35	0.00580	0.00434	0.00648	0.00648	0.00719	0.00505	0.00502	0.00722	0.00651	0.00939	0.01091	0.01616	0.01024	0.04785	0.82405	0.00647	0.01072	0.00438	0.00218	0.00360
36	0.00590	0.00393	0.00442	0.00442	0.00442	0.00393	0.00246	0.00590	0.00590	0.00787	0.01278	0.02655	0.01475	0.85742	0.02065	0.00393	0.00393	0.00590	0.00246	0.00246
37	0.00564	0.00396	0.00515	0.00581	0.00617	0.00387	0.00416	0.00648	0.00764	0.01012	0.01925	0.39653	0.02224	0.24523	0.02717	0.00244	0.00333	0.21826	0.00336	0.00319
38	0.04057	0.00467	0.00539	0.00527	0.00640	0.00455	0.00388	0.00909	0.08825	0.04908	0.26525	0.18856	0.16625	0.04422	0.00514	0.00145	0.00235	0.00733	0.09831	0.00400
39	0.00553	0.00416	0.00513	0.00494	0.00600	0.00376	0.00374	0.00721	0.01082	0.01474	0.59451	0.03317	0.24280	0.00892	0.00482	0.00132	0.00202	0.03844	0.00426	0.00372
40	0.01715	0.00860	0.01046	0.00802	0.01120	0.00847	0.00663	0.32264	0.01444	0.52805	0.01363	0.01227	0.00885	0.00496	0.00407	0.00124	0.00384	0.00392	0.00466	0.00690
41	0.00519	0.00435	0.00455	0.00454	0.00586	0.00385	0.00338	0.00689	0.05943	0.01162	0.08835	0.09571	0.67202	0.01003	0.00478	0.00138	0.00214	0.00845	0.00383	0.00363
42	0.00538	0.00383	0.00517	0.00609	0.00650	0.00366	0.00445	0.00636	0.00813	0.01076	0.02191	0.62748	0.02566	0.03189	0.00565	0.00176	0.00275	0.21547	0.00373	0.00339
43	0.00958	0.01094	0.02394	0.01710	0.02120	0.01026	0.81737	0.01300	0.00958	0.01300	0.00821	0.01094	0.00616	0.00342	0.00479	0.00137	0.00684	0.00479	0.00205	0.00547
44	0.00635	0.00454	0.00631	0.00718	0.00806	0.00450	0.00615	0.00811	0.00930	0.01219	0.06270	0.11915	0.02443	0.01120	0.00552	0.00182	0.00352	0.69150	0.00378	0.00370
45	0.00493	0.00412	0.00430	0.00426	0.00557	0.00348	0.00319	0.00609	0.00958	0.01174	0.15742	0.03776	0.71366	0.00998	0.00479	0.00136	0.00203	0.00838	0.00387	0.00348
46	0.00828	0.00707	0.00832	0.00604	0.00949	0.00539	0.00482	0.01006	0.00832	0.01303	0.00740	0.00880	0.00622	0.00440	0.04566	0.00090	0.00340	0.00250	0.00239	0.83752
47	0.41564	0.01055	0.00903	0.00756	0.01026	0.11294	0.00611	0.29371	0.06794	0.01966	0.00790	0.00836	0.00592	0.00432	0.00330	0.00122	0.00412	0.00292	0.00311	0.00544
48	0.00694	0.00355	0.00522	0.00524	0.00524	0.00355	0.00346	0.00533	0.00536	0.00715	0.00765	0.02695	0.00784	0.06593	0.01598	0.81361	0.00353	0.00380	0.00184	0.00183
49	0.01542	0.01136	0.01218	0.00933	0.01258	0.01258	0.00771	0.81858	0.01908	0.02557	0.00974	0.00974	0.00690	0.00487	0.00406	0.00122	0.00446	0.00365	0.00406	0.00690
50	0.01009	0.00872	0.00917	0.00826	0.01055	0.01009	0.00642	0.02156	0.82478	0.01697	0.01651	0.01514	0.01238	0.00550	0.00413	0.00138	0.00321	0.00459	0.00413	0.00642
51	0.01009	0.00876	0.00954	0.00910	0.05235	0.01007	0.00673	0.02110	0.78329	0.01678	0.01606	0.01488	0.01208	0.00541	0.00412	0.00137	0.00329	0.00454	0.00402	0.00642
52	0.84176	0.00843	0.00624	0.00560	0.00809	0.05143	0.00457	0.01214	0.00714	0.01778	0.00568	0.00663	0.00444	0.00379	0.00257	0.00124	0.00335	0.00222	0.00249	0.00441
53	0.01072	0.00978	0.01203	0.02367	0.06554	0.05120	0.10295	0.11239	0.44446	0.01627	0.01246	0.01256	0.00947	0.00493	0.00458	0.00131	0.04742	0.00416	0.00339	0.05071
54	0.00655	0.00488	0.00677	0.00656	0.00742	0.00559	0.00504	0.06105	0.02829	0.01053	0.01111	0.01649	0.01041	0.10456	0.68870	0.00580	0.00961	0.00445	0.00237	0.00380
55	0.01040	0.00937	0.00932	0.00839	0.01067	0.06119	0.00651	0.02123	0.77477	0.01654	0.01588	0.01466	0.01194	0.00542	0.00410	0.00136	0.00346	0.00447	0.00400	0.00632
56	0.01024	0.00867	0.00922	0.00828	0.01057	0.00997	0.00651	0.06990	0.73375	0.01725	0.01635	0.01636	0.01261	0.00576	0.00420	0.00139	0.00331	0.04524	0.00410	0.00631
57	0.00495	0.00413	0.00425	0.00430	0.00556	0.00352	0.00322	0.00596	0.00905	0.01083	0.03836	0.03862	0.73924	0.06242	0.00581	0.00155	0.00226	0.04891	0.00369	0.00338
58	0.00546	0.00420	0.00467	0.00451	0.00580	0.00362	0.00339	0.00678	0.01001	0.03531	0.28675	0.03562	0.56049	0.00951	0.00477	0.00134	0.00205	0.00806	0.00402	0.00365
59	0.00858	0.00749	0.00925	0.00671	0.01026	0.00594	0.04625	0.01105	0.05867	0.01344	0.00783	0.00896	0.00641	0.00318	0.00316	0.00069	0.00321	0.00266	0.00249	0.78376
60	0.00500	0.00356	0.00468	0.00555	0.00579	0.00334	0.00368	0.00567	0.00768	0.01021	0.02206	0.79120	0.03855	0.06462	0.00612	0.00178	0.00245	0.01114	0.00369	0.00325
61	0.00766	0.00510	0.00606	0.00611	0.00718	0.00521	0.00473	0.13661	0.01019	0.01457	0.03976	0.30598	0.01891	0.00892	0.00446	0.00143	0.00285	0.17544	0.23472	0.00410
62	0.00529	0.00414	0.00448	0.00439	0.00558	0.00359	0.00322	0.00641	0.00944	0.02439	0.19761	0.03578	0.58517	0.08522	0.00619	0.00158	0.00222	0.00801	0.00381	0.00347
63	0.00590	0.00393	0.00442	0.00442	0.00442	0.00393	0.00246	0.00590	0.00590	0.00787	0.01278	0.02655	0.01475	0.85742	0.02065	0.00393	0.00393	0.00590	0.00246	0.00246
64	0.00609	0.00467	0.00578	0.00620	0.00735	0.00450	0.00513	0.00825	0.05958	0.01233	0.09005	0.05786	0.28782	0.01036	0.00518	0.00162	0.00298	0.41662	0.00383	0.00380
65	0.24891	0.00902	0.00934	0.00750	0.01034	0.00980	0.00615	0.35967	0.06809	0.16790	0.01042	0.01029	0.00736	0.00464	0.00358	0.00123	0.00370	0.00341	0.05266	0.00602
66	0.00488	0.00410	0.00416	0.00415	0.00544	0.00346	0.00307	0.00588	0.00914	0.01095	0.06139	0.03817	0.76714	0.05332	0.00560	0.00150	0.00215	0.00839	0.00372	0.00339
67	0.01549	0.01126	0.01211	0.00929	0.01253	0.01243	0.00767	0.80008	0.01890	0.04431	0.00989	0.00983	0.00697	0.00487	0.00406	0.00122	0.00444	0.00366	0.00408	0.00690
68	0.00615	0.00450	0.00573	0.00623	0.00736	0.00424	0.00524	0.00773	0.00944	0.02841	0.06103	0.04221	0.29795	0.01065	0.00527	0.00166	0.00308	0.48564	0.00380	0.00370
69	0.04012	0.00622	0.00810	0.00672	0.00913	0.00563	0.00535	0.02623	0.04003	0.56105	0.02908	0.16902	0.03448	0.00659	0.00423	0.00132	0.00314	0.00556	0.03208	0.00592
70	0.00766	0.00721	0.01217	0.84767	0.02794	0.00901	0.01127	0.01037	0.00811	0.01037	0.00721	0.01082	0.00541	0.00406	0.00406	0.00135	0.00541	0.00361	0.00180	0.00451
71	0.00814	0.02099	0.83640	0.01156	0.01756	0.00942	0.01499	0.01285	0.00857	0.01285	0.00728	0.00857	0.00514	0.00385	0.00385	0.00128	0.00600	0.00300	0.00171	0.00600
72	0.59548	0.00753	0.00712	0.00597	0.00869	0.00805	0.00492	0.01455	0.00848	0.29167	0.00912	0.00901	0.00629	0.00419	0.00304	0.00126	0.00324	0.00283	0.00335	0.00523
73	0.00625	0.00396	0.00556	0.00556	0.00585	0.00425	0.00387	0.00622	0.00594	0.00820	0.01004	0.01742	0.01026	0.23725	0.34641	0.30715	0.00656	0.00446	0.00210	0.00268
74	0.01070	0.81397	0.06585	0.00719	0.01080	0.01569	0.00738	0.01219	0.00826	0.00973	0.00573	0.00662	0.00520	0.00349	0.00267	0.00089	0.00443	0.00221	0.00173	0.00525
75	0.01085	0.85986	0.02126	0.00694	0.01041	0.01605	0.00694	0.01215	0.00824	0.00955	0.00564	0.00651	0.00521	0.00347	0.00260	0.00087	0.00434	0.00217	0.00174	0.00521
76	0.00626	0.00386	0.00517	0.00523	0.00541	0.00397	0.00347	0.00596	0.00599	0.00809	0.01137	0.05234	0.02490	0.33415	0.16504	0.32559	0.00493	0.02352	0.00225	0.00249
77	0.00866	0.00820	0.01413	0.45347	0.32596	0.00910	0.06091	0.01126	0.00864	0.01181	0.00769	0.01072	0.00605	0.00388	0.00403	0.00128	0.00512	0.00369	0.04014	0.00525
78	0.00766	0.00721	0.01217	0.84767	0.02794	0.00901	0.01127	0.01037	0.00811	0.01037	0.00721	0.01082	0.00541	0.00406	0.00406	0.00135	0.00541	0.00361	0.00180	0.00451
79	0.00860	0.00846	0.01184	0.01022	0.01027	0.01174	0.00846	0.00950	0.00622	0.00969	0.00587	0.00980	0.00588	0.03251	0.06392	0.00212	0.77505	0.00367	0.00182	0.00433
80	0.11182	0.00755	0.01149	0.26576	0.23779	0.01864	0.05171	0.01080	0.01814	0.02461	0.01051	0.13024	0.02140	0.00532	0.00402	0.00132	0.00435	0.01259	0.04704	0.00489
81	0.00689	0.00640	0.01020	0.00899	0.01012	0.02668	0.17810	0.00851	0.03108	0.01101	0.01636	0.50994	0.01843	0.00952	0.00619	0.00158	0.12432	0.00854	0.00309	0.00404
82	0.01085	0.85986	0.02126	0.00694	0.01041	0.01605	0.00694	0.01215	0.00824	0.00955	0.00564	0.00651	0.00521	0.00347	0.00260	0.00087	0.00434	0.00217	0.00174	0.00521
83	0.01016	0.00900	0.01434	0.14509	0.57494	0.03538	0.01107	0.01248	0.00924	0.06334	0.00855	0.01103	0.00690	0.00394	0.00396	0.00122	0.00471	0.01311	0.05562	0.00592
84	0.00946	0.06375	0.47020	0.01195	0.10525	0.00948	0.04405	0.09300	0.01007	0.04899	0.07063	0.01131	0.02517	0.00441	0.00396	0.00125	0.00516	0.00364	0.00238	0.00589
85	0.00814	0.02099	0.83640	0.01156	0.01756	0.00942	0.01499	0.01285	0.00857	0.01285	0.00728	0.00857	0.00514	0.00385	0.00385	0.00128	0.00600	0.00300	0.00171	0.00600
86	0.01516	0.01934	0.01150	0.01045	0.01254	0.84113	0.00784	0.01620	0.01150	0.00993	0.00627	0.00732	0.00523	0.00418	0.00366	0.00105	0.00732	0.00261	0.00209	0.00470
87	0.04912	0.06351	0.06378	0.04916	0.07250	0.50510	0.00851	0.03831	0.01037	0.01115	0.00680	0.01888	0.00575	0.00507	0.02725	0.00129	0.05348	0.00296	0.00211	0.00492
88	0.00970	0.00942	0.01583	0.16051	0.64850	0.02332	0.03605	0.01214	0.00905	0.01266	0.00752	0.01013	0.00621	0.00375	0.00418	0.00124	0.01815	0.00363	0.00197	0.00602
89	0.00803	0.05880	0.00923	0.05112	0.09724	0.00705	0.01573	0.04214	0.11796	0.03498	0.03533	0.23687	0.06056	0.04232	0.06054	0.00176	0.02347	0.00617	0.00311	0.08760
90	0.02305	0.00688	0.00790	0.00686	0.00893	0.00722	0.00539	0.05062	0.33655	0.18866	0.20913	0.01811	0.01752	0.00594	0.00412	0.00128	0.00288	0.00498	0.08832	0.00565
91	0.01917	0.02017	0.02609	0.07314	0.33891	0.07247	0.01885	0.03214	0.14586	0.01317	0.02149	0.10142	0.01812	0.00549	0.00478	0.00133	0.06181	0.01740	0.00265	0.00554
92	0.00564	0.00415	0.00537	0.01592	0.00634	0.00384	0.00393	0.00740	0.01090	0.01515	0.66447	0.09418	0.10697	0.00884	0.00483	0.00133	0.00206	0.03062	0.00430	0.00376
93	0.00683	0.00419	0.00537	0.00560	0.00651	0.00378	0.00404	0.00787	0.00894	0.12067	0.10730	0.48263	0.16005	0.02045	0.00512	0.00155	0.00247	0.03880	0.00399	0.00386
94	0.00865	0.02232	0.07142	0.13303	0.16687	0.00786	0.05391	0.01256	0.15557	0.05285	0.15121	0.01723	0.05440	0.06807	0.00545	0.00149	0.00405	0.00485	0.00302	0.00518
95	0.00847	0.01103	0.21730	0.04122	0.24861	0.00834	0.05056	0.03446	0.04545	0.01279	0.02899	0.02912	0.06267	0.07173	0.00590	0.00154	0.04099	0.05876	0.00243	0.01963
96	0.06785	0.39900	0.04440	0.03261	0.09650	0.03558	0.03389	0.08701	0.04281	0.02874	0.02434	0.03904	0.01899	0.00480	0.01485	0.00117	0.00444	0.01622	0.00240	0.00536
97	0.09558	0.08533	0.16857	0.02165	0.07111	0.03083	0.02524	0.10535	0.05804	0.03557	0.04056	0.02159	0.07240	0.01509	0.00429	0.00124	0.03837	0.00388	0.05666	0.04865
98	0.04259	0.26844	0.12233	0.02266	0.07689	0.11412	0.06797	0.10037	0.02252	0.01312	0.00809	0.01945	0.01684	0.00421	0.00364	0.00111	0.01611	0.01560	0.03003	0.03391
99	0.08317	0.04458	0.02185	0.01752	0.03121	0.11635	0.01840	0.10109	0.04135	0.02975	0.03613	0.19958	0.02426	0.07675	0.03294	0.00171	0.05809	0.02330	0.00298	0.03896
100	0.05591	0.09564	0.07488	0.03594	0.11496	0.16996	0.04035	0.16226	0.06390	0.05896	0.00950	0.03762	0.01685	0.01849	0.02626	0.00138	0.00515	0.00367	0.00276	0.00559

[dist]
# distance from previous block
# <min> <max>
0	78

[block]
# block no. 3 follows, 66 sequences, length 36
# corresponding to MSA columns:
# 601-636
name=unknown_D
#
# <colnr> <probs for GDERKNQSTAVLIFYWHMCP>
#	G	D	E	R	K	N	Q	S	T	A	V	L	I	F	Y	W	H	M	C	P
0	0.00525	0.00393	0.00480	0.00505	0.00581	0.00357	0.00359	0.00641	0.00924	0.01226	0.28038	0.31502	0.23778	0.06192	0.00590	0.00160	0.00227	0.02785	0.00391	0.00346
1	0.01025	0.04672	0.08492	0.08201	0.26893	0.01792	0.03632	0.10110	0.00989	0.06672	0.04713	0.01195	0.02081	0.00554	0.02589	0.00145	0.13798	0.01633	0.00251	0.00563
2	0.00683	0.00824	0.18083	0.00696	0.00916	0.00566	0.02407	0.02387	0.06360	0.03714	0.12192	0.15531	0.22956	0.03986	0.04762	0.02131	0.00373	0.00672	0.00328	0.00435
3	0.00869	0.03763	0.05012	0.05684	0.14475	0.04136	0.04650	0.06582	0.04656	0.03529	0.16643	0.01750	0.07688	0.00937	0.12434	0.00204	0.04561	0.01641	0.00293	0.00493
4	0.00987	0.04281	0.17521	0.04971	0.28215	0.00947	0.07495	0.04004	0.11888	0.04789	0.00924	0.02084	0.00723	0.00413	0.00408	0.00122	0.01737	0.00368	0.00246	0.07876
5	0.01022	0.00884	0.02048	0.05696	0.18519	0.02887	0.00786	0.08082	0.39210	0.04448	0.08115	0.01513	0.03932	0.00530	0.00416	0.00130	0.00376	0.00453	0.00352	0.00601
6	0.00904	0.01032	0.14236	0.11530	0.28810	0.00854	0.11708	0.01196	0.02847	0.04199	0.00876	0.02944	0.00722	0.02604	0.06556	0.00168	0.00547	0.00390	0.00220	0.07658
7	0.00705	0.00352	0.00529	0.00529	0.00529	0.00352	0.00352	0.00529	0.00529	0.00705	0.00705	0.01233	0.00705	0.01409	0.01586	0.88196	0.00352	0.00352	0.00176	0.00176
8	0.00990	0.00972	0.03663	0.07329	0.64791	0.00976	0.03091	0.04590	0.00936	0.01331	0.00766	0.01014	0.00638	0.00450	0.02427	0.00137	0.04716	0.00364	0.00207	0.00613
9	0.01215	0.47640	0.03787	0.00906	0.03247	0.28564	0.02475	0.02753	0.00948	0.01021	0.00605	0.00716	0.00530	0.00388	0.00350	0.00100	0.03804	0.00251	0.00191	0.00510
10	0.00519	0.00391	0.00480	0.00504	0.00584	0.00352	0.00361	0.00641	0.00949	0.01263	0.31618	0.34296	0.24466	0.01048	0.00494	0.00144	0.00212	0.00924	0.00402	0.00352
11	0.02880	0.00903	0.02450	0.25215	0.38548	0.02784	0.05171	0.04498	0.00926	0.03372	0.00826	0.01156	0.00678	0.00427	0.00446	0.00130	0.04056	0.03239	0.01740	0.00556
12	0.00619	0.00425	0.00557	0.00518	0.00622	0.00390	0.00390	0.00809	0.01149	0.04567	0.80074	0.02971	0.03727	0.00818	0.00476	0.00128	0.00197	0.00722	0.00449	0.00394
13	0.88607	0.00785	0.00596	0.00534	0.00785	0.00910	0.00439	0.01193	0.00690	0.01820	0.00565	0.00659	0.00439	0.00377	0.00251	0.00126	0.00314	0.00220	0.00251	0.00439
14	0.01069	0.74423	0.07315	0.00801	0.02668	0.02995	0.03737	0.01230	0.00839	0.00996	0.00589	0.00688	0.00526	0.00351	0.00281	0.00092	0.00460	0.00235	0.00176	0.00528
15	0.00535	0.00404	0.00455	0.00455	0.00531	0.00375	0.00311	0.00614	0.00811	0.01036	0.11660	0.06637	0.37435	0.30277	0.06497	0.00259	0.00327	0.00736	0.00329	0.00315
16	0.00535	0.00405	0.00494	0.00489	0.00587	0.00363	0.00360	0.00683	0.01030	0.01388	0.48439	0.14976	0.26870	0.00950	0.00484	0.00136	0.00202	0.00829	0.00416	0.00363
17	0.00752	0.00682	0.02350	0.04175	0.29314	0.00660	0.06729	0.00925	0.00858	0.02246	0.03047	0.32119	0.06524	0.00852	0.03515	0.00160	0.02183	0.00699	0.01739	0.00473
18	0.00497	0.00372	0.00461	0.00522	0.00580	0.00337	0.00360	0.00585	0.00842	0.01096	0.08960	0.58821	0.22738	0.01176	0.00505	0.00155	0.00225	0.01047	0.00382	0.00337
19	0.01205	0.02587	0.06537	0.05496	0.20308	0.26390	0.04663	0.14829	0.04265	0.01412	0.00823	0.02303	0.00664	0.00439	0.00419	0.00120	0.03191	0.00348	0.03445	0.00559
20	0.00952	0.03127	0.24747	0.06269	0.01796	0.05274	0.36239	0.05588	0.00963	0.01333	0.00813	0.01019	0.00610	0.00388	0.00439	0.00129	0.02590	0.00388	0.06792	0.00544
21	0.04612	0.59903	0.01802	0.00783	0.01089	0.23923	0.00709	0.01324	0.00907	0.00999	0.00581	0.00673	0.00518	0.00367	0.00289	0.00093	0.00510	0.00229	0.00186	0.00504
22	0.00974	0.46350	0.38643	0.00910	0.01367	0.03303	0.01057	0.01256	0.00847	0.01104	0.00639	0.00745	0.00518	0.00366	0.00319	0.00106	0.00515	0.00255	0.00173	0.00555
23	0.00798	0.00449	0.00587	0.00560	0.00605	0.03131	0.00389	0.02050	0.00625	0.04258	0.00772	0.01217	0.00723	0.01265	0.02458	0.72202	0.00368	0.00349	0.03295	0.03900
24	0.00551	0.00408	0.00496	0.00482	0.00570	0.00373	0.00347	0.00690	0.01002	0.01362	0.49988	0.07473	0.20989	0.12661	0.00701	0.00168	0.00225	0.00763	0.00400	0.00352
25	0.00841	0.00721	0.00841	0.00601	0.00961	0.00541	0.00481	0.01022	0.00841	0.01322	0.00721	0.00841	0.00601	0.00300	0.00300	0.00060	0.00300	0.00240	0.00240	0.88222
26	0.01762	0.00701	0.00935	0.00721	0.01027	0.00623	0.00594	0.04997	0.02739	0.76352	0.01569	0.01372	0.00998	0.00502	0.00404	0.00125	0.00344	0.00406	0.03148	0.00680
27	0.01085	0.85986	0.02126	0.00694	0.01041	0.01605	0.00694	0.01215	0.00824	0.00955	0.00564	0.00651	0.00521	0.00347	0.00260	0.00087	0.00434	0.00217	0.00174	0.00521
28	0.00547	0.00408	0.00492	0.00515	0.00610	0.00367	0.00384	0.00671	0.00939	0.02517	0.21377	0.24047	0.33416	0.02364	0.00521	0.00151	0.00233	0.09694	0.00392	0.00356
29	0.00513	0.00386	0.00471	0.00515	0.00584	0.00350	0.00364	0.00614	0.00877	0.01143	0.15420	0.42647	0.25775	0.04426	0.00563	0.00161	0.00232	0.04236	0.00382	0.00340
30	0.00501	0.00366	0.00471	0.00541	0.00585	0.00337	0.00369	0.00588	0.00833	0.01103	0.10723	0.67207	0.12491	0.01197	0.00509	0.00158	0.00227	0.01075	0.00384	0.00337
31	0.00493	0.00359	0.00465	0.00550	0.00585	0.00331	0.00370	0.00567	0.00791	0.01041	0.02413	0.77792	0.10254	0.01248	0.00514	0.00162	0.00233	0.01125	0.00377	0.00331
32	0.01342	0.00841	0.00971	0.00801	0.01056	0.00903	0.00644	0.19732	0.31071	0.26342	0.01445	0.01361	0.02415	0.00566	0.00486	0.03293	0.03598	0.00420	0.02082	0.00633
33	0.01208	0.00854	0.00932	0.00771	0.01014	0.00932	0.00618	0.33976	0.24882	0.08199	0.09817	0.01444	0.01244	0.00540	0.00400	0.00124	0.00343	0.00436	0.11664	0.00604
34	0.01161	0.50409	0.01676	0.00769	0.01082	0.02920	0.00695	0.18271	0.14583	0.01416	0.00873	0.02983	0.00729	0.00435	0.00324	0.00105	0.00418	0.00312	0.00268	0.00571
35	0.52733	0.03164	0.08828	0.00732	0.01019	0.16595	0.00644	0.08492	0.00911	0.02771	0.00643	0.00730	0.00494	0.00396	0.00302	0.00121	0.00435	0.00251	0.00251	0.00488

[dist]
# distance from previous block
# <min> <max>
0	4

[block]
# block no. 4 follows, 66 sequences, length 31
# corresponding to MSA columns:
# 642-672
name=unknown_E
#
# <colnr> <probs for GDERKNQSTAVLIFYWHMCP>
#	G	D	E	R	K	N	Q	S	T	A	V	L	I	F	Y	W	H	M	C	P
0	0.18071	0.16049	0.01338	0.00930	0.01205	0.31350	0.10069	0.08257	0.03956	0.02711	0.00769	0.00859	0.01976	0.00411	0.00346	0.00113	0.00540	0.00299	0.00242	0.00508
1	0.00851	0.10837	0.49184	0.05756	0.01659	0.02587	0.12069	0.01213	0.00870	0.01221	0.00914	0.03181	0.04137	0.00427	0.00389	0.00125	0.00554	0.00364	0.01655	0.02007
2	0.01198	0.00558	0.00686	0.00576	0.00778	0.00517	0.00458	0.03977	0.03647	0.36323	0.12631	0.01808	0.07026	0.00574	0.00384	0.00117	0.00269	0.00474	0.27471	0.00527
3	0.00639	0.00448	0.00552	0.00539	0.00581	0.00476	0.00360	0.05341	0.00691	0.00944	0.01231	0.04752	0.01325	0.52903	0.27055	0.00450	0.00604	0.00547	0.00250	0.00310
4	0.00591	0.00423	0.00520	0.00490	0.00605	0.00379	0.00370	0.00757	0.01088	0.04305	0.58597	0.03213	0.25414	0.00872	0.00476	0.00130	0.00201	0.00756	0.00429	0.00382
5	0.00814	0.02099	0.83640	0.01156	0.01756	0.00942	0.01499	0.01285	0.00857	0.01285	0.00728	0.00857	0.00514	0.00385	0.00385	0.00128	0.00600	0.00300	0.00171	0.00600
6	0.01009	0.00872	0.00917	0.00826	0.01055	0.01009	0.00642	0.02156	0.82478	0.01697	0.01651	0.01514	0.01238	0.00550	0.00413	0.00138	0.00321	0.00459	0.00413	0.00642
7	0.00712	0.00517	0.00721	0.00839	0.05739	0.00520	0.00666	0.00947	0.05462	0.03339	0.02057	0.08792	0.03314	0.01035	0.00535	0.00177	0.00366	0.63482	0.00369	0.00410
8	0.01692	0.13829	0.01139	0.00729	0.01049	0.00788	0.00621	0.06299	0.01151	0.66304	0.01406	0.01246	0.00912	0.00477	0.00385	0.00119	0.00364	0.00376	0.00446	0.00664
9	0.00494	0.00353	0.00471	0.00565	0.00588	0.00330	0.00377	0.00565	0.00777	0.01036	0.02236	0.85477	0.02683	0.01271	0.00518	0.00165	0.00235	0.01153	0.00377	0.00330
10	0.01109	0.81315	0.02072	0.00714	0.01053	0.06191	0.00699	0.01237	0.00842	0.00957	0.00568	0.00655	0.00521	0.00351	0.00266	0.00088	0.00450	0.00219	0.00176	0.00518
11	0.88607	0.00785	0.00596	0.00534	0.00785	0.00910	0.00439	0.01193	0.00690	0.01820	0.00565	0.00659	0.00439	0.00377	0.00251	0.00126	0.00314	0.00220	0.00251	0.00439
12	0.00814	0.02099	0.83640	0.01156	0.01756	0.00942	0.01499	0.01285	0.00857	0.01285	0.00728	0.00857	0.00514	0.00385	0.00385	0.00128	0.00600	0.00300	0.00171	0.00600
13	0.01011	0.00858	0.00910	0.00817	0.01041	0.00986	0.00635	0.06688	0.73267	0.01710	0.01645	0.06149	0.01287	0.00587	0.00418	0.00138	0.00324	0.00492	0.00410	0.00628
14	0.01476	0.01850	0.01131	0.01028	0.01239	0.77571	0.00773	0.01662	0.07552	0.01048	0.00708	0.00793	0.00579	0.00429	0.00370	0.00107	0.00699	0.00277	0.00225	0.00484
15	0.00499	0.00357	0.00477	0.00571	0.00597	0.00334	0.00385	0.00574	0.00782	0.01041	0.02233	0.82893	0.02672	0.01266	0.00519	0.00165	0.00240	0.03687	0.00377	0.00331
16	0.01004	0.00964	0.01647	0.02490	0.83211	0.00964	0.01245	0.01245	0.00924	0.01325	0.00763	0.01004	0.00643	0.00361	0.00402	0.00120	0.00482	0.00361	0.00201	0.00643
17	0.02386	0.01099	0.01058	0.00857	0.01125	0.15766	0.02363	0.38989	0.05874	0.06521	0.06557	0.02248	0.00957	0.00494	0.00391	0.00115	0.00442	0.00382	0.05687	0.06689
18	0.00942	0.00900	0.01534	0.24103	0.62087	0.00948	0.01214	0.01190	0.00894	0.01250	0.00752	0.01025	0.00616	0.00373	0.00403	0.00124	0.00497	0.00361	0.00195	0.00592
19	0.00871	0.00951	0.09331	0.04239	0.01308	0.05972	0.22348	0.06202	0.02283	0.02743	0.09667	0.04453	0.10655	0.08179	0.00643	0.00157	0.05783	0.00525	0.03221	0.00470
20	0.06198	0.00737	0.00848	0.00633	0.00966	0.00618	0.00508	0.04106	0.05646	0.10429	0.03114	0.00993	0.00764	0.00363	0.00324	0.00080	0.00310	0.00288	0.00291	0.62785
21	0.00851	0.00810	0.00989	0.00878	0.00945	0.07103	0.00699	0.02327	0.00764	0.02286	0.03539	0.21184	0.01164	0.00783	0.00916	0.00155	0.45520	0.00541	0.00250	0.08297
22	0.01041	0.00797	0.01052	0.08538	0.07557	0.01732	0.04804	0.08051	0.05806	0.12101	0.01032	0.02108	0.02925	0.00440	0.01394	0.00105	0.00387	0.00348	0.00293	0.39490
23	0.02711	0.12510	0.50242	0.01336	0.15486	0.01027	0.06473	0.01286	0.00875	0.03363	0.00738	0.00880	0.00554	0.00376	0.00376	0.00122	0.00552	0.00312	0.00189	0.00592
24	0.00503	0.00380	0.00466	0.00518	0.00585	0.00343	0.00364	0.00600	0.00867	0.01127	0.12340	0.50091	0.26224	0.01144	0.00503	0.00153	0.00225	0.02842	0.00385	0.00341
25	0.01334	0.01122	0.02638	0.02481	0.01246	0.15388	0.06834	0.31983	0.02611	0.11683	0.00961	0.01057	0.00719	0.00684	0.07060	0.00167	0.08095	0.00366	0.02995	0.00577
26	0.01076	0.06058	0.10131	0.01965	0.55440	0.03987	0.01146	0.07430	0.03546	0.04177	0.00815	0.00985	0.00652	0.00385	0.00391	0.00120	0.00488	0.00348	0.00229	0.00630
27	0.00730	0.02342	0.00981	0.16419	0.06612	0.03942	0.09367	0.00934	0.03613	0.02445	0.06488	0.24954	0.12018	0.02084	0.01916	0.00155	0.00401	0.03872	0.00302	0.00427
28	0.01025	0.00557	0.00687	0.00634	0.00800	0.00545	0.00501	0.01310	0.12459	0.24857	0.03026	0.07357	0.06367	0.08309	0.02050	0.00170	0.00324	0.15320	0.13214	0.00487
29	0.02631	0.02955	0.03566	0.09400	0.07526	0.15429	0.01673	0.20104	0.04082	0.03378	0.00991	0.01292	0.00817	0.02321	0.04967	0.00157	0.03125	0.04997	0.10065	0.00523
30	0.03071	0.04243	0.01127	0.03498	0.09133	0.02368	0.02385	0.21642	0.29758	0.11564	0.05979	0.01316	0.01076	0.00504	0.00404	0.00127	0.00388	0.00416	0.00376	0.00625

[dist]
# distance from previous block
# <min> <max>
0	2

[block]
# block no. 5 follows, 66 sequences, length 31
# corresponding to MSA columns:
# 675-705
name=unknown_F
#
# <colnr> <probs for GDERKNQSTAVLIFYWHMCP>
#	G	D	E	R	K	N	Q	S	T	A	V	L	I	F	Y	W	H	M	C	P
0	0.01258	0.02408	0.00837	0.00667	0.00904	0.02398	0.00535	0.08549	0.04240	0.37908	0.16975	0.04184	0.10519	0.00695	0.02563	0.00138	0.00333	0.00524	0.00432	0.03934
1	0.01197	0.02987	0.08291	0.00972	0.07092	0.03889	0.02551	0.25566	0.14751	0.09990	0.02204	0.04541	0.01942	0.00491	0.00395	0.00118	0.00413	0.00401	0.00343	0.11865
2	0.58607	0.02535	0.00847	0.05524	0.04767	0.05310	0.02134	0.11087	0.00901	0.01768	0.02889	0.00814	0.00587	0.00404	0.00302	0.00124	0.00379	0.00273	0.00264	0.00484
3	0.00559	0.00388	0.00502	0.00573	0.00615	0.00370	0.00390	0.00673	0.03952	0.03300	0.02181	0.71753	0.04278	0.06048	0.00599	0.00176	0.00253	0.02670	0.00374	0.00348
4	0.01249	0.00898	0.04386	0.04030	0.28322	0.02646	0.06650	0.07740	0.01889	0.27222	0.04411	0.01351	0.03649	0.03159	0.00467	0.00133	0.00437	0.00420	0.00329	0.00610
5	0.01358	0.06929	0.04398	0.01940	0.05853	0.38598	0.03282	0.17103	0.03487	0.06055	0.00860	0.01038	0.00693	0.00505	0.01844	0.00126	0.01592	0.03524	0.00271	0.00544
6	0.00638	0.00483	0.00548	0.00548	0.00624	0.02021	0.00385	0.00789	0.06784	0.03466	0.07531	0.22451	0.20770	0.24810	0.00961	0.00217	0.03686	0.02595	0.00340	0.00354
7	0.04479	0.02745	0.03421	0.10896	0.15101	0.18847	0.15034	0.04909	0.08745	0.01279	0.00805	0.00993	0.00642	0.00478	0.01913	0.00137	0.08450	0.00361	0.00229	0.00535
8	0.11959	0.00728	0.01997	0.00695	0.00977	0.00683	0.00576	0.05812	0.08117	0.52403	0.03395	0.01454	0.04197	0.00522	0.00391	0.00126	0.00334	0.01285	0.03730	0.00619
9	0.03161	0.06402	0.06245	0.04701	0.19599	0.02406	0.04134	0.11720	0.04630	0.02428	0.04764	0.17105	0.04264	0.00636	0.00441	0.00133	0.02132	0.02769	0.01810	0.00522
10	0.00658	0.00462	0.00553	0.00528	0.00650	0.00430	0.00400	0.02073	0.04839	0.06282	0.35655	0.06358	0.27368	0.05984	0.00573	0.00152	0.00241	0.05992	0.00407	0.00395
11	0.00902	0.00885	0.06742	0.00782	0.01002	0.03463	0.00646	0.03397	0.51482	0.01539	0.07181	0.07642	0.09705	0.00653	0.00445	0.00138	0.01910	0.00544	0.00381	0.00562
12	0.04608	0.00559	0.00639	0.00590	0.00733	0.00572	0.00449	0.05171	0.17294	0.03246	0.41577	0.07713	0.10983	0.01854	0.00469	0.00135	0.00245	0.00662	0.02050	0.00449
13	0.00833	0.08094	0.77814	0.01123	0.01705	0.00990	0.01441	0.01280	0.00854	0.01261	0.00716	0.00842	0.00514	0.00383	0.00377	0.00126	0.00588	0.00294	0.00171	0.00594
14	0.01066	0.75309	0.01955	0.00704	0.01020	0.05987	0.00676	0.01190	0.00839	0.00962	0.00687	0.06718	0.00675	0.00417	0.00284	0.00093	0.00436	0.00286	0.00190	0.00504
15	0.00841	0.00721	0.00841	0.00601	0.00961	0.00541	0.00481	0.01022	0.00841	0.01322	0.00721	0.00841	0.00601	0.00300	0.00300	0.00060	0.00300	0.00240	0.00240	0.88222
16	0.04879	0.04688	0.01161	0.01014	0.01229	0.78138	0.00768	0.01590	0.01121	0.01024	0.00623	0.00726	0.00519	0.00414	0.00358	0.00105	0.00706	0.00258	0.00209	0.00471
17	0.00887	0.01601	0.00851	0.02132	0.02476	0.10680	0.04122	0.12774	0.11013	0.01393	0.03180	0.11028	0.29200	0.00747	0.00438	0.00130	0.00362	0.01749	0.00343	0.04893
18	0.01106	0.81869	0.02078	0.00711	0.01052	0.05646	0.00699	0.01235	0.00840	0.00956	0.00567	0.00655	0.00521	0.00351	0.00265	0.00088	0.00448	0.00219	0.00175	0.00518
19	0.00494	0.00353	0.00471	0.00565	0.00588	0.00330	0.00377	0.00565	0.00777	0.01036	0.02236	0.85477	0.02683	0.01271	0.00518	0.00165	0.00235	0.01153	0.00377	0.00330
20	0.00618	0.03733	0.00745	0.00680	0.00758	0.00595	0.00538	0.00759	0.00657	0.00944	0.01032	0.01514	0.00965	0.02793	0.75733	0.00601	0.06326	0.00421	0.00213	0.00373
21	0.01517	0.01903	0.01152	0.01041	0.01254	0.80946	0.00783	0.04687	0.01179	0.01053	0.00640	0.00741	0.00529	0.00421	0.00367	0.00105	0.00721	0.00265	0.00217	0.00479
22	0.00589	0.00396	0.00456	0.00456	0.00460	0.00400	0.00262	0.00598	0.00594	0.00796	0.01266	0.02589	0.01446	0.80604	0.07163	0.00409	0.00436	0.00580	0.00244	0.00253
23	0.00841	0.07425	0.72587	0.01166	0.01736	0.00991	0.07182	0.01281	0.00862	0.01265	0.00724	0.00860	0.00522	0.00380	0.00384	0.00126	0.00595	0.00307	0.00174	0.00591
24	0.84394	0.00780	0.00613	0.00543	0.00797	0.00895	0.00447	0.01231	0.00713	0.05785	0.00615	0.00694	0.00467	0.00383	0.00259	0.00126	0.00315	0.00229	0.00263	0.00452
25	0.01307	0.01320	0.01155	0.04304	0.04439	0.32833	0.02578	0.22276	0.10640	0.02725	0.03020	0.02200	0.00796	0.02072	0.00492	0.00128	0.06511	0.00363	0.00293	0.00548
26	0.00577	0.00392	0.00492	0.00522	0.00578	0.00364	0.00355	0.00667	0.00850	0.04226	0.19244	0.41593	0.10519	0.16765	0.00788	0.00195	0.00257	0.00903	0.00372	0.00340
27	0.00995	0.16421	0.27887	0.01154	0.12319	0.07541	0.02531	0.06291	0.04986	0.02938	0.01761	0.04224	0.02261	0.00541	0.03062	0.00138	0.03801	0.00362	0.00229	0.00559
28	0.00594	0.00453	0.00564	0.02134	0.02225	0.00446	0.00434	0.02316	0.06680	0.01152	0.07620	0.38290	0.15461	0.10451	0.02376	0.00191	0.00294	0.07591	0.00360	0.00368
29	0.02039	0.18441	0.10299	0.03872	0.06228	0.12407	0.04655	0.03904	0.04842	0.01202	0.04611	0.14537	0.01084	0.01813	0.00439	0.00124	0.03134	0.00459	0.00252	0.05660
30	0.27846	0.29689	0.07756	0.00738	0.01041	0.11412	0.00679	0.04529	0.05342	0.01363	0.00685	0.00780	0.00562	0.00487	0.03501	0.00129	0.00463	0.00258	0.00227	0.02513

[dist]
# distance from previous block
# <min> <max>
1	105

[block]
# block no. 6 follows, 66 sequences, length 83
# corresponding to MSA columns:
# 811-893
name=unknown_G
#
# <colnr> <probs for GDERKNQSTAVLIFYWHMCP>
#	G	D	E	R	K	N	Q	S	T	A	V	L	I	F	Y	W	H	M	C	P
0	0.01003	0.01795	0.04834	0.01509	0.34957	0.04024	0.00917	0.05830	0.25177	0.02873	0.03579	0.05190	0.02144	0.00525	0.00417	0.00130	0.00416	0.03776	0.00303	0.00600
1	0.00604	0.00469	0.00658	0.00647	0.00704	0.00543	0.00491	0.00731	0.01548	0.00972	0.04267	0.08835	0.04031	0.12550	0.52511	0.00493	0.08812	0.00532	0.00246	0.00356
2	0.01137	0.00804	0.00931	0.00703	0.01035	0.00723	0.00569	0.16338	0.08132	0.14429	0.01004	0.01055	0.00757	0.00399	0.00350	0.00090	0.00337	0.01303	0.00329	0.49576
3	0.00528	0.00378	0.00476	0.00533	0.00592	0.00343	0.00369	0.00618	0.00849	0.02931	0.10154	0.59886	0.18520	0.01165	0.00504	0.00155	0.00228	0.01039	0.00386	0.00345
4	0.61339	0.04187	0.00807	0.00663	0.00918	0.12897	0.00539	0.09692	0.03153	0.01743	0.00647	0.00726	0.00503	0.00398	0.00288	0.00121	0.00392	0.00247	0.00263	0.00479
5	0.01004	0.00871	0.00891	0.00727	0.00997	0.09458	0.00574	0.18383	0.02185	0.01510	0.01085	0.13009	0.01027	0.00547	0.00379	0.00102	0.00373	0.05676	0.00303	0.40900
6	0.01088	0.55996	0.19586	0.00842	0.01239	0.04239	0.03228	0.03055	0.00889	0.05587	0.00675	0.00758	0.00552	0.00369	0.00309	0.00101	0.00483	0.00258	0.00198	0.00550
