[name]
unknown

[dist]
# distance from previous block
# <min> <max>
0	276

[block]
# block no. 0 follows, 70 sequences, length 23
# corresponding to MSA columns:
# 425-447
name=unknown_A
#
# <colnr> <probs for GDERKNQSTAVLIFYWHMCP>
#	G	D	E	R	K	N	Q	S	T	A	V	L	I	F	Y	W	H	M	C	P
0	0.26412	0.00580	0.00645	0.00601	0.00759	0.00644	0.00473	0.02934	0.07917	0.08823	0.01192	0.06866	0.04870	0.01481	0.33772	0.00323	0.00589	0.00418	0.00279	0.00424
1	0.00664	0.00486	0.00722	0.00677	0.00776	0.02124	0.04522	0.00806	0.00681	0.06370	0.01090	0.04254	0.01003	0.04502	0.68821	0.00535	0.00924	0.00439	0.00230	0.00374
2	0.00855	0.04267	0.68194	0.01028	0.01536	0.00888	0.01266	0.01316	0.07088	0.06674	0.00846	0.02892	0.00623	0.00406	0.00371	0.00123	0.00524	0.00322	0.00207	0.00573
3	0.00555	0.00396	0.00534	0.00537	0.00576	0.00433	0.00376	0.00634	0.00603	0.00842	0.01153	0.04933	0.01208	0.37528	0.47429	0.00504	0.00734	0.00501	0.00224	0.00299
4	0.00482	0.00345	0.00460	0.00542	0.00571	0.00322	0.00369	0.00561	0.00770	0.01032	0.07475	0.78014	0.02625	0.01182	0.00494	0.00156	0.00226	0.03689	0.00364	0.00320
5	0.00728	0.00379	0.00383	0.00376	0.00473	0.00379	0.00284	0.02676	0.00843	0.01458	0.03066	0.01529	0.03376	0.00474	0.00283	0.00093	0.00187	0.00381	0.82267	0.00367
6	0.00731	0.00686	0.01144	0.78616	0.02525	0.00862	0.01045	0.00977	0.00762	0.00985	0.00694	0.01043	0.00533	0.00493	0.03529	0.00149	0.04279	0.00347	0.00173	0.00427
7	0.00542	0.00405	0.00477	0.00464	0.00579	0.00358	0.00355	0.00685	0.00986	0.03386	0.39498	0.03338	0.40471	0.00890	0.00461	0.00130	0.00204	0.06024	0.00393	0.00355
8	0.19526	0.00980	0.17670	0.05333	0.02509	0.00784	0.07162	0.06138	0.03934	0.17398	0.06407	0.04250	0.00953	0.00507	0.01294	0.00131	0.01357	0.02849	0.00297	0.00520
9	0.01054	0.01620	0.59700	0.00988	0.01480	0.00820	0.01182	0.03702	0.00925	0.23457	0.00925	0.00956	0.00621	0.00401	0.00375	0.00122	0.00504	0.00316	0.00255	0.00599
10	0.01213	0.00660	0.02206	0.00671	0.00884	0.00552	0.00522	0.01302	0.01096	0.37033	0.09355	0.07095	0.30675	0.00830	0.00494	0.00156	0.00323	0.00657	0.03707	0.00570
11	0.00951	0.00925	0.01618	0.04351	0.75758	0.00924	0.07359	0.01189	0.00883	0.01258	0.00732	0.00968	0.00610	0.00345	0.00389	0.00117	0.00477	0.00354	0.00192	0.00603
12	0.00963	0.04050	0.18971	0.09427	0.04158	0.19118	0.14868	0.04013	0.01864	0.03125	0.04770	0.07159	0.03310	0.00475	0.00394	0.00120	0.00525	0.00414	0.01789	0.00489
13	0.00673	0.00337	0.00505	0.00505	0.00505	0.00337	0.00337	0.00505	0.00505	0.00673	0.00673	0.01178	0.00673	0.01347	0.01515	0.88721	0.00337	0.00337	0.00168	0.00168
14	0.00479	0.00385	0.00431	0.00460	0.00561	0.00337	0.00343	0.00580	0.00856	0.01054	0.04702	0.22782	0.55729	0.01041	0.00474	0.00142	0.00218	0.08739	0.00361	0.00328
15	0.02466	0.01862	0.67993	0.01100	0.01614	0.07269	0.06171	0.03449	0.00871	0.01247	0.00750	0.00870	0.01855	0.00381	0.00372	0.00121	0.00572	0.00303	0.00179	0.00556
16	0.02136	0.04338	0.16668	0.04371	0.05479	0.12482	0.10903	0.13259	0.04565	0.12874	0.00980	0.01901	0.02367	0.01584	0.00400	0.00120	0.00487	0.00358	0.03147	0.01580
17	0.00546	0.00384	0.00457	0.00451	0.00544	0.00351	0.00334	0.00697	0.00966	0.01359	0.43512	0.11482	0.22182	0.00828	0.00432	0.00123	0.00190	0.00718	0.14094	0.00351
18	0.00506	0.00410	0.00455	0.00479	0.00580	0.00376	0.00348	0.00675	0.07369	0.01076	0.03107	0.31076	0.48544	0.01025	0.00467	0.00141	0.00218	0.02438	0.00363	0.00346
19	0.28611	0.08812	0.09089	0.04020	0.13008	0.03903	0.11858	0.10077	0.00899	0.01475	0.00673	0.00817	0.00527	0.00377	0.00362	0.00118	0.03199	0.00297	0.01369	0.00510
20	0.00801	0.06821	0.61124	0.01051	0.01523	0.03193	0.06310	0.01177	0.00845	0.01213	0.06169	0.01085	0.00769	0.00427	0.00404	0.00124	0.02939	0.03298	0.00191	0.00536
21	0.01002	0.13141	0.20334	0.02474	0.12794	0.01030	0.06970	0.12900	0.15731	0.03099	0.00890	0.00969	0.00678	0.00402	0.00377	0.00115	0.01600	0.00333	0.00253	0.04908
22	0.02809	0.04706	0.00525	0.00486	0.00590	0.00421	0.00359	0.00656	0.03513	0.01081	0.06587	0.34099	0.39655	0.00998	0.00455	0.00138	0.00226	0.02000	0.00351	0.00345

[dist]
# distance from previous block
# <min> <max>
3	10

[block]
# block no. 1 follows, 70 sequences, length 29
# corresponding to MSA columns:
# 465-493
name=unknown_B
#
# <colnr> <probs for GDERKNQSTAVLIFYWHMCP>
#	G	D	E	R	K	N	Q	S	T	A	V	L	I	F	Y	W	H	M	C	P
0	0.00629	0.02761	0.04842	0.00604	0.00718	0.00461	0.01757	0.03614	0.02016	0.04345	0.20627	0.44375	0.03525	0.00999	0.02915	0.00154	0.00285	0.02940	0.00357	0.02078
1	0.00983	0.05602	0.20445	0.00847	0.03567	0.00708	0.07968	0.04022	0.03188	0.19728	0.06224	0.06164	0.09860	0.00539	0.00389	0.00120	0.00384	0.00461	0.08284	0.00517
2	0.00889	0.00647	0.00690	0.00652	0.00791	0.06781	0.00488	0.03815	0.20102	0.12751	0.08036	0.25618	0.04160	0.07548	0.00555	0.00155	0.00313	0.04168	0.01387	0.00454
3	0.33233	0.02116	0.03740	0.02597	0.05767	0.02988	0.07190	0.01095	0.08447	0.01396	0.01518	0.01548	0.21026	0.00522	0.00347	0.00120	0.00339	0.00416	0.00270	0.05323
4	0.01209	0.33576	0.09403	0.00915	0.05248	0.19732	0.00793	0.19393	0.01102	0.03158	0.00688	0.00761	0.00550	0.00383	0.00324	0.00100	0.00494	0.00267	0.00232	0.01674
5	0.04212	0.01973	0.03193	0.00711	0.00905	0.03171	0.00589	0.21785	0.01064	0.13984	0.03074	0.03658	0.00994	0.01254	0.25905	0.00273	0.02211	0.04209	0.06346	0.00490
6	0.00495	0.00369	0.00463	0.00529	0.00589	0.00340	0.00384	0.00587	0.00798	0.01027	0.02545	0.51018	0.22454	0.02827	0.00522	0.00159	0.00242	0.13971	0.00357	0.00323
7	0.00804	0.00747	0.01256	0.67134	0.08499	0.00884	0.06671	0.05672	0.00853	0.01119	0.00723	0.01031	0.00546	0.00386	0.00390	0.00127	0.00511	0.00353	0.01831	0.00462
8	0.01281	0.36186	0.01477	0.00863	0.01116	0.51079	0.00714	0.01391	0.00973	0.00934	0.00575	0.00668	0.00499	0.00372	0.00309	0.00093	0.00584	0.00233	0.00186	0.00469
9	0.89114	0.00750	0.00570	0.00510	0.00750	0.00870	0.00420	0.01140	0.00660	0.01739	0.00540	0.00630	0.00420	0.00360	0.00240	0.00120	0.00300	0.00210	0.00240	0.00420
10	0.00515	0.00396	0.00476	0.00459	0.00564	0.00357	0.00345	0.00664	0.00992	0.01330	0.49426	0.03139	0.33668	0.00974	0.04839	0.00151	0.00232	0.00730	0.00390	0.00350
11	0.00644	0.01780	0.00664	0.00608	0.00681	0.00557	0.00467	0.00747	0.00707	0.04767	0.06460	0.04199	0.14185	0.14931	0.33677	0.00365	0.13426	0.00521	0.00259	0.00355
12	0.00480	0.00341	0.00450	0.00532	0.00555	0.00320	0.00353	0.00547	0.00742	0.00992	0.04459	0.78904	0.02530	0.06089	0.00579	0.00169	0.00232	0.01060	0.00355	0.00312
13	0.06753	0.00665	0.00881	0.00679	0.00976	0.00587	0.00561	0.01846	0.01084	0.79492	0.01473	0.01280	0.00929	0.00473	0.00381	0.00120	0.00328	0.00380	0.00466	0.00646
14	0.00924	0.00918	0.03270	0.03444	0.55785	0.00923	0.08935	0.01250	0.09673	0.01271	0.00903	0.01139	0.02350	0.00411	0.00447	0.00124	0.05348	0.02087	0.00219	0.00579
15	0.00548	0.00398	0.00504	0.00538	0.00601	0.00379	0.00379	0.05301	0.00901	0.01218	0.22578	0.55507	0.07581	0.01052	0.00477	0.00145	0.00224	0.00942	0.00378	0.00348
16	0.01168	0.00723	0.00843	0.00714	0.00942	0.00757	0.00566	0.08132	0.37230	0.26886	0.16046	0.01623	0.01511	0.00554	0.00404	0.00125	0.00301	0.00463	0.00426	0.00587
17	0.01093	0.01168	0.01614	0.05223	0.20148	0.21865	0.30187	0.01369	0.05677	0.05279	0.00799	0.00973	0.00620	0.00376	0.00417	0.00120	0.01952	0.00369	0.00220	0.00531
18	0.00835	0.00640	0.00924	0.07218	0.22024	0.00654	0.00686	0.02367	0.07444	0.09643	0.27058	0.04110	0.09891	0.00617	0.00457	0.00125	0.03957	0.00534	0.00331	0.00485
19	0.00504	0.00386	0.00427	0.00429	0.00511	0.00347	0.00298	0.00587	0.00820	0.01041	0.14916	0.08759	0.43000	0.24076	0.00872	0.00198	0.00247	0.01939	0.00336	0.00308
20	0.01046	0.09176	0.09302	0.02396	0.11731	0.23542	0.00751	0.03296	0.00941	0.09687	0.02361	0.21842	0.01120	0.00599	0.00389	0.00120	0.00456	0.00497	0.00268	0.00480
21	0.04772	0.02848	0.00872	0.00651	0.03151	0.02763	0.00505	0.05620	0.00864	0.01334	0.00691	0.00800	0.00569	0.00306	0.00294	0.00067	0.00314	0.00239	0.00236	0.73103
22	0.06769	0.15285	0.14511	0.01755	0.03014	0.15058	0.02555	0.14219	0.12618	0.02392	0.02120	0.00911	0.00675	0.00432	0.00408	0.00116	0.06065	0.00310	0.00253	0.00536
23	0.00816	0.00676	0.02031	0.05461	0.10282	0.00655	0.04919	0.04761	0.02693	0.01269	0.01809	0.50554	0.03838	0.03311	0.00608	0.00181	0.04434	0.00859	0.00361	0.00482
24	0.00863	0.00673	0.00875	0.08867	0.14930	0.06780	0.02382	0.01052	0.01961	0.12506	0.30975	0.02079	0.13221	0.00621	0.00421	0.00121	0.00332	0.00540	0.00339	0.00461
25	0.05996	0.00845	0.01098	0.06335	0.27859	0.05835	0.02518	0.06727	0.04803	0.02796	0.01050	0.01214	0.07552	0.03669	0.00437	0.00117	0.01782	0.00363	0.00245	0.18760
26	0.00885	0.00770	0.01038	0.12487	0.20621	0.04801	0.02536	0.10690	0.07602	0.02799	0.26607	0.01658	0.03381	0.00542	0.00424	0.00121	0.01756	0.00472	0.00310	0.00499
27	0.00505	0.00392	0.00442	0.00434	0.00528	0.00355	0.00311	0.00608	0.00860	0.01105	0.22417	0.03179	0.44282	0.17134	0.05587	0.00203	0.00275	0.00719	0.00344	0.00320
28	0.00662	0.00536	0.00666	0.00648	0.02474	0.00598	0.00471	0.00930	0.15059	0.01126	0.13945	0.05154	0.09522	0.21388	0.11991	0.00259	0.10968	0.02923	0.00299	0.00382

[dist]
# distance from previous block
# <min> <max>
2	18

[block]
# block no. 2 follows, 70 sequences, length 54
# corresponding to MSA columns:
# 513-566
name=unknown_C
#
# <colnr> <probs for GDERKNQSTAVLIFYWHMCP>
#	G	D	E	R	K	N	Q	S	T	A	V	L	I	F	Y	W	H	M	C	P
0	0.09687	0.00893	0.03968	0.17895	0.46082	0.00920	0.01026	0.04762	0.08595	0.01344	0.00790	0.00981	0.00627	0.00378	0.00371	0.00120	0.00443	0.00339	0.00219	0.00560
1	0.00520	0.00389	0.00547	0.00626	0.03762	0.00369	0.03008	0.00591	0.00724	0.00969	0.01889	0.66412	0.02237	0.15150	0.00732	0.00191	0.00272	0.00964	0.00328	0.00320
2	0.00896	0.01069	0.08259	0.02431	0.06401	0.06100	0.51088	0.01179	0.00898	0.01210	0.02386	0.02679	0.00741	0.02386	0.00463	0.00129	0.00574	0.03088	0.00209	0.07813
3	0.00566	0.00384	0.00475	0.00475	0.00492	0.00401	0.00300	0.00593	0.00576	0.00785	0.01154	0.02232	0.01271	0.62381	0.22338	0.04034	0.00537	0.00518	0.00226	0.00260
4	0.00874	0.00758	0.01213	0.20937	0.38281	0.00802	0.02432	0.01167	0.08993	0.05476	0.01036	0.11616	0.00932	0.03247	0.00452	0.00134	0.00423	0.00459	0.00245	0.00523
5	0.00750	0.00704	0.00982	0.00874	0.00885	0.00946	0.00706	0.00834	0.00611	0.00922	0.00802	0.10239	0.00853	0.07160	0.11836	0.00241	0.59620	0.00447	0.00200	0.00389
6	0.00918	0.00770	0.00826	0.00751	0.00954	0.00869	0.00591	0.07548	0.61745	0.01579	0.01780	0.03950	0.08110	0.00622	0.00413	0.00135	0.00308	0.07180	0.00387	0.00564
7	0.00863	0.04901	0.48765	0.01271	0.01756	0.04370	0.30090	0.01243	0.00863	0.01209	0.00717	0.00887	0.00526	0.00353	0.00395	0.00123	0.00601	0.00342	0.00177	0.00547
8	0.01448	0.01848	0.01099	0.00999	0.01199	0.84819	0.00749	0.01548	0.01099	0.00949	0.00599	0.00699	0.00499	0.00400	0.00350	0.00100	0.00699	0.00250	0.00200	0.00449
9	0.00458	0.00393	0.00393	0.00393	0.00524	0.00327	0.00295	0.00556	0.00884	0.01047	0.03927	0.03731	0.83800	0.00982	0.00458	0.00131	0.00196	0.00818	0.00360	0.00327
10	0.01285	0.01667	0.10077	0.00992	0.01240	0.59731	0.04125	0.06087	0.03738	0.01135	0.05770	0.00898	0.00727	0.00425	0.00366	0.00107	0.00624	0.00302	0.00227	0.00478
11	0.02086	0.00676	0.00896	0.15102	0.01203	0.05412	0.05226	0.05377	0.02020	0.23220	0.10807	0.10512	0.04682	0.02528	0.08319	0.00178	0.00439	0.00509	0.00333	0.00476
12	0.00559	0.00377	0.00422	0.00422	0.00427	0.00374	0.00237	0.00563	0.00577	0.00764	0.01332	0.02586	0.04765	0.82898	0.01912	0.00366	0.00369	0.00574	0.00240	0.00239
13	0.00533	0.00366	0.00429	0.00454	0.00467	0.00357	0.00273	0.00557	0.00629	0.00832	0.01607	0.25861	0.05716	0.58540	0.01488	0.00303	0.00325	0.00726	0.00276	0.00262
14	0.03254	0.07951	0.04352	0.04284	0.22197	0.03958	0.07069	0.14526	0.03745	0.04706	0.00801	0.03056	0.00663	0.00506	0.02081	0.00135	0.15573	0.00358	0.00241	0.00542
15	0.00509	0.00354	0.00438	0.00490	0.00505	0.00340	0.00308	0.00550	0.00672	0.00894	0.01790	0.50905	0.03273	0.35875	0.01096	0.00246	0.00286	0.00879	0.00309	0.00283
16	0.00582	0.00415	0.00538	0.00549	0.00625	0.00400	0.01643	0.03821	0.02889	0.01305	0.30544	0.40692	0.02670	0.00940	0.00457	0.00138	0.00227	0.03521	0.07683	0.00361
17	0.00973	0.35600	0.21282	0.04161	0.06057	0.10094	0.04307	0.03906	0.00855	0.01067	0.00679	0.00899	0.00588	0.07480	0.00457	0.00125	0.00496	0.00289	0.00185	0.00499
18	0.00808	0.00851	0.09156	0.05961	0.21415	0.02000	0.01699	0.04743	0.02837	0.01122	0.02347	0.04158	0.00863	0.11820	0.12336	0.00232	0.16564	0.00411	0.00216	0.00463
19	0.00555	0.00402	0.00524	0.00545	0.02120	0.00372	0.00396	0.00702	0.00970	0.02481	0.46924	0.19869	0.11908	0.02416	0.00497	0.00140	0.00219	0.08211	0.00393	0.00357
20	0.32163	0.07691	0.06156	0.02808	0.15927	0.14130	0.10033	0.03229	0.00855	0.02800	0.00649	0.00785	0.00513	0.00363	0.00325	0.00115	0.00464	0.00282	0.00216	0.00496
21	0.00541	0.00397	0.00515	0.00535	0.00619	0.00370	0.00414	0.00693	0.00964	0.01306	0.41529	0.17626	0.13124	0.00951	0.00481	0.00142	0.00231	0.18820	0.00391	0.00350
22	0.00804	0.00689	0.00804	0.00574	0.00919	0.00517	0.00459	0.00976	0.00804	0.01263	0.00689	0.00804	0.00574	0.00287	0.00287	0.00057	0.00287	0.00230	0.00230	0.88745
23	0.01060	0.66564	0.09176	0.00741	0.01079	0.07881	0.00739	0.04330	0.03500	0.01024	0.00606	0.00683	0.00525	0.00351	0.00277	0.00091	0.00448	0.00230	0.00184	0.00510
24	0.00720	0.00573	0.00669	0.00667	0.00750	0.03837	0.00499	0.14169	0.00942	0.01247	0.03097	0.52471	0.03004	0.00993	0.00538	0.00150	0.07362	0.07577	0.00343	0.00390
25	0.00571	0.00375	0.00420	0.00420	0.00424	0.00375	0.00237	0.00579	0.00575	0.00783	0.01223	0.02488	0.01391	0.82531	0.01897	0.00363	0.00367	0.00555	0.04186	0.00241
26	0.00801	0.00741	0.01171	0.47808	0.14688	0.00847	0.04599	0.05140	0.06869	0.01168	0.01129	0.01341	0.09730	0.00462	0.00413	0.00127	0.01856	0.00409	0.00224	0.00476
27	0.00564	0.00376	0.00423	0.00423	0.00423	0.00376	0.00235	0.00564	0.00564	0.00752	0.01222	0.02537	0.01409	0.86375	0.01973	0.00376	0.00376	0.00564	0.00235	0.00235
28	0.00778	0.02005	0.84367	0.01105	0.01678	0.00900	0.01432	0.01228	0.00818	0.01228	0.00696	0.00818	0.00491	0.00368	0.00368	0.00123	0.00573	0.00286	0.00164	0.00573
29	0.00660	0.00496	0.00592	0.00611	0.00694	0.00513	0.00435	0.09621	0.13599	0.01234	0.01883	0.60461	0.02099	0.04496	0.00528	0.00158	0.00265	0.00897	0.00363	0.00395
30	0.00954	0.00916	0.01113	0.05017	0.01238	0.08442	0.14129	0.01718	0.51519	0.01463	0.08121	0.01413	0.01197	0.00497	0.00406	0.00128	0.00399	0.00442	0.00336	0.00555
31	0.01036	0.86609	0.02032	0.00663	0.00995	0.01534	0.00663	0.01161	0.00788	0.00912	0.00539	0.00622	0.00498	0.00332	0.00249	0.00083	0.00415	0.00207	0.00166	0.00498
32	0.00472	0.00337	0.00450	0.00540	0.00562	0.00315	0.00360	0.00540	0.00742	0.00990	0.02137	0.86122	0.02564	0.01215	0.00495	0.00157	0.00225	0.01102	0.00360	0.00315
33	0.00555	0.00413	0.00609	0.00609	0.00673	0.00477	0.00467	0.00683	0.00619	0.00889	0.01052	0.01596	0.01001	0.08889	0.78901	0.00605	0.00991	0.00426	0.00210	0.00338
34	0.01017	0.43957	0.29794	0.00868	0.01260	0.15042	0.00938	0.01247	0.00849	0.01025	0.00602	0.00701	0.00496	0.00355	0.00306	0.00099	0.00515	0.00241	0.00171	0.00515
35	0.06126	0.00858	0.01190	0.07049	0.39267	0.07728	0.00902	0.01298	0.00929	0.18326	0.01040	0.01436	0.00866	0.00474	0.00394	0.00124	0.00435	0.10732	0.00274	0.00554
36	0.00958	0.00925	0.01595	0.02357	0.81499	0.00923	0.03631	0.01191	0.00884	0.01266	0.00731	0.00962	0.00613	0.00345	0.00386	0.00116	0.00466	0.00349	0.00192	0.00611
37	0.01305	0.31348	0.01423	0.00882	0.01128	0.55832	0.00719	0.01413	0.00990	0.00936	0.00578	0.00672	0.00499	0.00376	0.00314	0.00094	0.00600	0.00235	0.00188	0.00466
38	0.00506	0.00383	0.00439	0.00448	0.00525	0.00347	0.00314	0.00597	0.00836	0.01079	0.19100	0.15277	0.35690	0.19737	0.00798	0.00188	0.00241	0.02835	0.00346	0.00314
39	0.00886	0.00699	0.00821	0.00592	0.00932	0.00541	0.00475	0.03560	0.00856	0.06773	0.00752	0.00842	0.00602	0.00305	0.00297	0.00063	0.00294	0.00244	0.00251	0.80213
40	0.08237	0.00924	0.01629	0.05980	0.53498	0.00931	0.19705	0.01185	0.00863	0.01283	0.00722	0.00954	0.00586	0.00348	0.00400	0.00120	0.01513	0.00360	0.00196	0.00566
41	0.00549	0.00396	0.00518	0.00488	0.00579	0.00366	0.00366	0.00732	0.01097	0.01555	0.83752	0.02896	0.03658	0.00793	0.00457	0.00122	0.00183	0.00701	0.00427	0.00366
42	0.00544	0.00376	0.00434	0.00432	0.00487	0.00350	0.00286	0.00562	0.00711	0.00905	0.08045	0.02754	0.32255	0.32298	0.01212	0.16888	0.00288	0.00626	0.00283	0.00266
43	0.00706	0.01143	0.39221	0.00770	0.01054	0.00638	0.00828	0.00935	0.00709	0.04167	0.00970	0.01584	0.00919	0.34052	0.10446	0.00277	0.00539	0.00413	0.00208	0.00420
44	0.00856	0.00601	0.00623	0.00575	0.00731	0.00665	0.00443	0.03779	0.39110	0.01556	0.01401	0.01431	0.01072	0.00487	0.00332	0.00110	0.00246	0.00397	0.45097	0.00487
45	0.00469	0.00361	0.00430	0.00480	0.00548	0.00322	0.00334	0.00553	0.00811	0.01032	0.05697	0.50508	0.34852	0.01107	0.00479	0.00146	0.00212	0.00975	0.00362	0.00322
46	0.00840	0.00839	0.01141	0.00987	0.00996	0.03168	0.00817	0.00928	0.00610	0.00932	0.00565	0.02020	0.00564	0.00814	0.06299	0.00195	0.77338	0.00352	0.00175	0.00419
47	0.03071	0.00612	0.00777	0.00619	0.00873	0.00547	0.00504	0.05188	0.01071	0.58459	0.01857	0.01697	0.14589	0.00557	0.00388	0.00119	0.00299	0.00453	0.07742	0.00576
48	0.00509	0.00377	0.00482	0.00553	0.00605	0.00357	0.00396	0.00632	0.03506	0.01053	0.04030	0.60232	0.12548	0.01135	0.00492	0.00155	0.00241	0.12001	0.00362	0.00333
49	0.03077	0.00804	0.00907	0.00718	0.00983	0.00823	0.00586	0.39088	0.02485	0.25469	0.02766	0.01639	0.17763	0.00578	0.00401	0.00121	0.00345	0.00459	0.00406	0.00583
50	0.00920	0.00781	0.00800	0.00710	0.00858	0.10181	0.00549	0.19990	0.08538	0.01345	0.01218	0.01526	0.06533	0.11543	0.25457	0.00298	0.04244	0.00423	0.03642	0.00444
51	0.00643	0.00464	0.00577	0.00625	0.04202	0.00435	0.00465	0.00827	0.05489	0.06764	0.06796	0.14254	0.34632	0.00939	0.00471	0.00145	0.00267	0.21253	0.00365	0.00386
52	0.00479	0.00363	0.00444	0.00506	0.00567	0.00328	0.00358	0.00564	0.00798	0.01020	0.02697	0.54249	0.28217	0.01131	0.00486	0.00151	0.00225	0.06737	0.00360	0.00322
53	0.02762	0.01330	0.01087	0.00945	0.02608	0.39797	0.00732	0.20370	0.01182	0.11145	0.00790	0.00873	0.00607	0.00534	0.03065	0.00131	0.10943	0.00306	0.00274	0.00519

[dist]
# distance from previous block
# <min> <max>
0	6

[block]
# block no. 3 follows, 70 sequences, length 11
# corresponding to MSA columns:
# 573-583
name=unknown_D
#
# <colnr> <probs for GDERKNQSTAVLIFYWHMCP>
#	G	D	E	R	K	N	Q	S	T	A	V	L	I	F	Y	W	H	M	C	P
0	0.27667	0.02014	0.06117	0.00797	0.04307	0.09206	0.02112	0.13138	0.10613	0.03659	0.01849	0.00938	0.00673	0.00406	0.00326	0.00110	0.00388	0.01556	0.00276	0.13848
1	0.05697	0.02642	0.04095	0.12424	0.25828	0.05176	0.08287	0.09378	0.03660	0.02244	0.05622	0.03241	0.04417	0.00536	0.02734	0.00136	0.00463	0.02653	0.00250	0.00516
2	0.03244	0.00571	0.00696	0.00621	0.00784	0.00592	0.00484	0.04973	0.16077	0.17688	0.13461	0.03290	0.08211	0.05205	0.20186	0.00253	0.00460	0.00498	0.02236	0.00470
3	0.03290	0.00773	0.03152	0.00656	0.02925	0.02911	0.00523	0.02458	0.02295	0.05130	0.00742	0.00838	0.00597	0.00312	0.00300	0.00069	0.00316	0.00247	0.00244	0.72222
4	0.03918	0.03749	0.10995	0.03978	0.14818	0.02893	0.10780	0.05230	0.03598	0.07311	0.01927	0.03465	0.04270	0.00499	0.02677	0.00124	0.00443	0.02022	0.00252	0.17050
5	0.00520	0.00396	0.00487	0.00532	0.00622	0.00364	0.00416	0.00642	0.00872	0.01112	0.09900	0.22915	0.33370	0.01046	0.00490	0.00151	0.00250	0.25214	0.00365	0.00337
6	0.03588	0.03042	0.28064	0.02384	0.08855	0.03468	0.15548	0.03908	0.07280	0.01303	0.07661	0.02325	0.08223	0.00478	0.00416	0.00124	0.02152	0.00422	0.00242	0.00517
7	0.01288	0.11811	0.01306	0.01226	0.17999	0.49747	0.00824	0.07009	0.03240	0.01129	0.00667	0.00778	0.00552	0.00388	0.00348	0.00103	0.00587	0.00276	0.00212	0.00507
8	0.00503	0.00447	0.05417	0.00568	0.00636	0.00359	0.00429	0.00610	0.00795	0.01074	0.11226	0.66668	0.05246	0.01106	0.00483	0.00151	0.00244	0.03344	0.00356	0.00337
9	0.01000	0.07358	0.00912	0.00702	0.00896	0.05315	0.00564	0.25241	0.08308	0.05461	0.23486	0.04466	0.01665	0.03054	0.07138	0.00166	0.00398	0.03017	0.00356	0.00495
10	0.54195	0.10075	0.08246	0.00716	0.03324	0.11686	0.00617	0.02951	0.00773	0.01487	0.00574	0.00676	0.00457	0.00373	0.00299	0.00115	0.02527	0.00232	0.00220	0.00456

[dist]
# distance from previous block
# <min> <max>
1	10

[block]
# block no. 4 follows, 70 sequences, length 16
# corresponding to MSA columns:
# 595-610
name=unknown_E
#
# <colnr> <probs for GDERKNQSTAVLIFYWHMCP>
#	G	D	E	R	K	N	Q	S	T	A	V	L	I	F	Y	W	H	M	C	P
0	0.00675	0.05462	0.00616	0.00547	0.00654	0.00465	0.00410	0.03510	0.02557	0.07995	0.13365	0.40630	0.14179	0.00942	0.00450	0.00138	0.00246	0.03494	0.03285	0.00383
1	0.01127	0.15730	0.16537	0.00991	0.01326	0.18620	0.11895	0.16249	0.07349	0.02481	0.03538	0.00935	0.00702	0.00408	0.00365	0.00112	0.00520	0.00327	0.00247	0.00541
2	0.00586	0.00399	0.00458	0.00448	0.00480	0.00391	0.00275	0.02365	0.00676	0.00925	0.09501	0.07367	0.03532	0.63891	0.01565	0.00308	0.00336	0.00594	0.03196	0.02706
3	0.03596	0.11797	0.05182	0.00827	0.01126	0.04328	0.00711	0.42542	0.18214	0.01891	0.00976	0.00978	0.00728	0.00444	0.00360	0.00113	0.00406	0.00335	0.01662	0.03786
4	0.02826	0.14547	0.22189	0.01175	0.16501	0.03935	0.07490	0.05545	0.00907	0.03134	0.03244	0.01075	0.03345	0.00410	0.00375	0.00111	0.01975	0.02181	0.00219	0.08819
5	0.02019	0.28617	0.30848	0.00877	0.01262	0.04850	0.03604	0.08409	0.03665	0.04266	0.05609	0.02778	0.00781	0.00418	0.00342	0.00110	0.00467	0.00321	0.00226	0.00534
6	0.00943	0.43174	0.32663	0.00990	0.08506	0.03525	0.00998	0.01220	0.02777	0.01079	0.00640	0.00746	0.00522	0.00353	0.00311	0.00102	0.00483	0.00256	0.00174	0.00537
7	0.00475	0.00376	0.00419	0.00442	0.00531	0.00330	0.00313	0.00563	0.00834	0.01041	0.08205	0.26760	0.49992	0.07221	0.00578	0.00156	0.00217	0.00872	0.00355	0.00320
8	0.05765	0.00949	0.06220	0.20680	0.41062	0.04583	0.05684	0.02865	0.00884	0.03597	0.02279	0.01031	0.01938	0.00383	0.00381	0.00120	0.00479	0.00352	0.00208	0.00541
9	0.00965	0.03879	0.03122	0.09963	0.20223	0.03161	0.08218	0.02049	0.12955	0.12435	0.05237	0.07134	0.05983	0.00530	0.00406	0.00125	0.00404	0.02388	0.00296	0.00528
10	0.00904	0.00490	0.00562	0.00502	0.00653	0.00474	0.00390	0.06130	0.04665	0.16817	0.12150	0.05701	0.11241	0.00602	0.00362	0.00111	0.00233	0.00501	0.37072	0.00441
11	0.01002	0.02759	0.04246	0.07610	0.18966	0.15243	0.29852	0.05421	0.02003	0.01218	0.00818	0.05920	0.00694	0.00417	0.00425	0.00122	0.02140	0.00410	0.00214	0.00518
12	0.00854	0.00790	0.01199	0.54453	0.10498	0.03919	0.03670	0.04220	0.05222	0.03302	0.00841	0.01096	0.02626	0.00425	0.00440	0.00128	0.05270	0.00363	0.00209	0.00475
13	0.05155	0.00837	0.02728	0.06535	0.34180	0.00823	0.00868	0.09424	0.05529	0.25735	0.01093	0.02280	0.02186	0.00433	0.00383	0.00120	0.00401	0.00375	0.00312	0.00602
14	0.00517	0.00355	0.00462	0.00505	0.00548	0.00332	0.00347	0.00561	0.00753	0.00996	0.10654	0.45774	0.14936	0.03294	0.02958	0.15270	0.00261	0.00854	0.00327	0.00296
15	0.08529	0.06012	0.00893	0.06809	0.06167	0.02493	0.00559	0.04400	0.02403	0.01338	0.12634	0.05345	0.02205	0.00448	0.00338	0.00093	0.00320	0.00369	0.00265	0.38381

[dist]
# distance from previous block
# <min> <max>
0	6

[block]
# block no. 5 follows, 70 sequences, length 13
# corresponding to MSA columns:
# 619-631
name=unknown_F
#
# <colnr> <probs for GDERKNQSTAVLIFYWHMCP>
#	G	D	E	R	K	N	Q	S	T	A	V	L	I	F	Y	W	H	M	C	P
0	0.14861	0.00857	0.01005	0.16611	0.12924	0.09377	0.01996	0.06902	0.03362	0.04001	0.00958	0.06611	0.03472	0.00488	0.00415	0.00121	0.05179	0.02359	0.00249	0.08252
1	0.00517	0.00397	0.00517	0.06302	0.00732	0.00379	0.00430	0.00634	0.00841	0.01093	0.11967	0.39090	0.22397	0.01032	0.00480	0.00148	0.00251	0.12101	0.00355	0.00338
2	0.09454	0.00746	0.01004	0.18136	0.11744	0.00764	0.00726	0.01016	0.00765	0.01210	0.00655	0.00859	0.00544	0.00376	0.00450	0.00101	0.12020	0.00281	0.00206	0.38944
3	0.09859	0.16184	0.01163	0.00878	0.03016	0.47754	0.00682	0.01376	0.02609	0.03804	0.00705	0.00875	0.00601	0.00576	0.06081	0.00138	0.00599	0.02425	0.00216	0.00460
4	0.00552	0.00379	0.00426	0.00424	0.00443	0.00370	0.00250	0.00574	0.00631	0.00835	0.07105	0.02678	0.09623	0.72195	0.01722	0.00335	0.00345	0.00598	0.00260	0.00253
5	0.02866	0.08634	0.11726	0.17652	0.25138	0.01005	0.05368	0.15470	0.03720	0.03613	0.00784	0.00945	0.00600	0.00385	0.00373	0.00118	0.00474	0.00334	0.00232	0.00563
6	0.11834	0.03541	0.02630	0.00794	0.01084	0.06468	0.00659	0.47505	0.01407	0.10542	0.00905	0.00961	0.00666	0.03609	0.00416	0.00121	0.00412	0.00326	0.00342	0.05780
7	0.00747	0.00429	0.00532	0.00517	0.00601	0.00400	0.00365	0.00822	0.00786	0.15475	0.06516	0.16727	0.10797	0.34723	0.01059	0.00234	0.00310	0.08274	0.00335	0.00352
8	0.11311	0.30633	0.08092	0.00982	0.12838	0.12728	0.00770	0.02578	0.00874	0.07706	0.02148	0.00886	0.02780	0.00402	0.00353	0.00106	0.03798	0.00286	0.00221	0.00510
9	0.03331	0.03284	0.12969	0.03157	0.08315	0.07743	0.03674	0.08944	0.08937	0.10551	0.07119	0.03649	0.02992	0.09804	0.00591	0.00150	0.03574	0.00421	0.00288	0.00507
10	0.19288	0.06439	0.08063	0.03014	0.01022	0.05668	0.04742	0.07304	0.06218	0.08028	0.02854	0.01220	0.02048	0.13417	0.00639	0.00157	0.05434	0.00357	0.00264	0.03826
11	0.07164	0.13983	0.02355	0.00768	0.03778	0.06213	0.03396	0.12412	0.02394	0.01320	0.10198	0.04895	0.06105	0.08794	0.01747	0.00149	0.06886	0.02850	0.00274	0.04318
12	0.09474	0.08742	0.02557	0.11309	0.03610	0.11623	0.00685	0.13328	0.04902	0.09797	0.03846	0.04562	0.05539	0.00494	0.00395	0.00116	0.03562	0.00379	0.00285	0.04795

[dist]
# distance from previous block
# <min> <max>
11	299

[block]
# block no. 6 follows, 70 sequences, length 42
# corresponding to MSA columns:
# 988-1029
name=unknown_G
#
# <colnr> <probs for GDERKNQSTAVLIFYWHMCP>
#	G	D	E	R	K	N	Q	S	T	A	V	L	I	F	Y	W	H	M	C	P
0	0.02386	0.00698	0.01024	0.26761	0.14283	0.01549	0.03044	0.05236	0.06123	0.07062	0.04036	0.03147	0.08740	0.01490	0.09066	0.00176	0.00474	0.00431	0.00261	0.04014
1	0.01920	0.03169	0.07627	0.05931	0.14309	0.05247	0.17421	0.03372	0.04665	0.01214	0.05952	0.01464	0.03173	0.00830	0.12590	0.00198	0.02810	0.05940	0.00237	0.01931
2	0.02381	0.04042	0.02450	0.22898	0.11348	0.05798	0.02100	0.05256	0.12417	0.01259	0.11354	0.04049	0.02441	0.06651	0.00523	0.00141	0.02272	0.00435	0.00265	0.01918
3	0.00792	0.09266	0.07071	0.07869	0.01122	0.03033	0.02889	0.02156	0.07009	0.02187	0.01324	0.05785	0.01311	0.00677	0.00443	0.00134	0.02643	0.30855	0.00281	0.13154
4	0.02083	0.09007	0.29978	0.00942	0.03445	0.04559	0.00932	0.10345	0.23892	0.05394	0.01014	0.02871	0.00774	0.00452	0.00392	0.00122	0.02596	0.00352	0.00275	0.00576
5	0.00721	0.05339	0.34610	0.00806	0.01107	0.04237	0.00847	0.03044	0.04099	0.01161	0.02857	0.27725	0.06150	0.00741	0.02356	0.00141	0.00422	0.00584	0.00260	0.02791
6	0.04499	0.13942	0.16914	0.01887	0.01064	0.05129	0.02658	0.09036	0.08847	0.03428	0.09311	0.03450	0.06462	0.04128	0.00464	0.00129	0.03167	0.01223	0.03776	0.00488
7	0.00971	0.10825	0.35140	0.02428	0.01473	0.05370	0.13265	0.11007	0.07687	0.03275	0.03211	0.02081	0.00713	0.00410	0.00377	0.00119	0.00513	0.00347	0.00234	0.00555
8	0.00752	0.00577	0.00660	0.00604	0.00674	0.04606	0.00438	0.05767	0.00739	0.04292	0.02577	0.02967	0.03494	0.37577	0.15461	0.00317	0.11480	0.00474	0.03866	0.02679
9	0.00693	0.04976	0.11709	0.00662	0.00826	0.04778	0.00570	0.03951	0.05567	0.03247	0.06368	0.42548	0.09179	0.00885	0.00442	0.00138	0.00317	0.02410	0.00326	0.00408
10	0.04290	0.36603	0.14455	0.03049	0.01897	0.02210	0.04661	0.05979	0.04174	0.02193	0.02271	0.01936	0.01729	0.00510	0.04524	0.00126	0.00459	0.00297	0.00214	0.08422
11	0.01083	0.07624	0.04812	0.04768	0.06381	0.20685	0.06830	0.12849	0.08632	0.03082	0.01024	0.03321	0.03131	0.00522	0.01863	0.00125	0.02424	0.03312	0.07028	0.00504
12	0.00505	0.00388	0.00459	0.00459	0.00556	0.00346	0.00339	0.00635	0.00950	0.01251	0.37509	0.13190	0.36196	0.02997	0.00501	0.00137	0.00202	0.02654	0.00385	0.00341
13	0.00710	0.00651	0.03937	0.00601	0.01487	0.05525	0.00476	0.07967	0.09294	0.01368	0.25031	0.06116	0.27746	0.03200	0.00479	0.00134	0.00282	0.03149	0.01435	0.00413
14	0.02972	0.02532	0.11294	0.10052	0.24826	0.04764	0.14054	0.07277	0.01948	0.01275	0.00853	0.05990	0.00737	0.00480	0.01436	0.00132	0.05171	0.02188	0.01494	0.00525
15	0.00499	0.00366	0.00449	0.00501	0.00545	0.00342	0.00337	0.00585	0.02158	0.01001	0.06220	0.52364	0.15875	0.14868	0.00724	0.00186	0.00246	0.02077	0.00344	0.00312
16	0.00909	0.01089	0.05973	0.01610	0.02011	0.00977	0.78907	0.01241	0.00911	0.01241	0.00780	0.01036	0.00584	0.00329	0.00454	0.00130	0.00650	0.00450	0.00195	0.00525
17	0.05258	0.00871	0.00996	0.00772	0.01070	0.03712	0.00635	0.33481	0.01370	0.45919	0.01222	0.01117	0.00804	0.00466	0.00381	0.00118	0.00379	0.00362	0.00424	0.00642
18	0.00585	0.00422	0.00531	0.01930	0.02725	0.00397	0.00410	0.00717	0.02906	0.05364	0.09309	0.36802	0.26991	0.01018	0.01675	0.00149	0.01394	0.04669	0.01644	0.00362
19	0.01057	0.00550	0.00634	0.00544	0.00723	0.00536	0.00429	0.11458	0.03449	0.23922	0.03304	0.05410	0.09797	0.00560	0.00355	0.00111	0.00259	0.00458	0.35961	0.00482
20	0.00747	0.00696	0.01165	0.68863	0.12969	0.00833	0.01036	0.00986	0.00780	0.01017	0.00758	0.03618	0.00626	0.03818	0.00453	0.00138	0.00495	0.00376	0.00183	0.00443
21	0.78383	0.00753	0.00619	0.00539	0.00786	0.00854	0.00444	0.03944	0.00739	0.09116	0.00641	0.00701	0.00476	0.00374	0.00258	0.00120	0.00307	0.00231	0.00266	0.00449
22	0.01175	0.00698	0.00850	0.00698	0.00910	0.00716	0.00562	0.26659	0.01248	0.24885	0.19096	0.05403	0.03582	0.00819	0.08272	0.00169	0.02838	0.00488	0.00397	0.00537
23	0.01031	0.01152	0.00879	0.00813	0.00967	0.41893	0.03914	0.03589	0.02062	0.02365	0.06240	0.22487	0.08500	0.00688	0.00411	0.00122	0.00481	0.01711	0.00282	0.00414
24	0.00702	0.00514	0.00609	0.00623	0.03813	0.00529	0.00424	0.01016	0.19823	0.05266	0.06146	0.17304	0.12397	0.22445	0.04610	0.00217	0.00326	0.00644	0.02194	0.00399
25	0.00732	0.00689	0.01163	0.85444	0.02670	0.00861	0.01077	0.00991	0.00775	0.00991	0.00689	0.01034	0.00517	0.00388	0.00388	0.00129	0.00517	0.00345	0.00172	0.00431
26	0.00607	0.00449	0.00617	0.03935	0.00704	0.00488	0.02598	0.03766	0.00660	0.00909	0.01125	0.04343	0.01168	0.39144	0.37325	0.00449	0.00671	0.00496	0.00229	0.00316
27	0.09712	0.13569	0.11633	0.05704	0.12016	0.11067	0.03486	0.09201	0.02003	0.05787	0.03985	0.02917	0.00818	0.00457	0.00373	0.00117	0.01573	0.04822	0.00248	0.00514
28	0.00550	0.00414	0.00562	0.00677	0.05715	0.00394	0.00472	0.00663	0.00816	0.01074	0.05461	0.41858	0.11890	0.04456	0.00552	0.00165	0.00277	0.23312	0.00347	0.00345
29	0.00712	0.00580	0.00719	0.06545	0.04545	0.05371	0.01629	0.00845	0.04187	0.03569	0.01126	0.04789	0.02137	0.34361	0.22007	0.00348	0.05458	0.00481	0.00236	0.00354
30	0.00709	0.09193	0.00716	0.00567	0.00700	0.05196	0.00445	0.03915	0.00975	0.04791	0.28897	0.18523	0.16496	0.00832	0.00438	0.00129	0.00273	0.06455	0.00359	0.00390
31	0.00964	0.26963	0.01533	0.05319	0.12630	0.08281	0.13400	0.02310	0.12050	0.01141	0.00915	0.05272	0.00816	0.03699	0.00424	0.00123	0.00460	0.02965	0.00230	0.00504
32	0.00918	0.08334	0.04490	0.22297	0.32165	0.06442	0.06031	0.05024	0.00904	0.01183	0.00904	0.03027	0.04359	0.00424	0.00383	0.00119	0.00482	0.01787	0.00208	0.00519
33	0.00710	0.00648	0.03984	0.23922	0.04844	0.02006	0.01941	0.05825	0.00860	0.03294	0.01799	0.10430	0.23290	0.05866	0.06600	0.00181	0.02556	0.00566	0.00271	0.00408
34	0.00680	0.03820	0.00871	0.06104	0.13250	0.00599	0.03890	0.00907	0.06868	0.01141	0.01841	0.22562	0.10037	0.00849	0.00462	0.00147	0.00345	0.24898	0.00311	0.00417
35	0.00546	0.00365	0.00478	0.00527	0.00575	0.00338	0.00361	0.00634	0.00811	0.04793	0.15508	0.61338	0.05192	0.05907	0.00566	0.00161	0.00230	0.00965	0.00369	0.00335
36	0.00984	0.14570	0.13276	0.07763	0.44027	0.05422	0.01077	0.03252	0.02089	0.02954	0.00719	0.00892	0.00582	0.00361	0.00359	0.00112	0.00480	0.00313	0.00197	0.00570
37	0.06568	0.00752	0.04112	0.00768	0.04622	0.00761	0.00589	0.25738	0.06696	0.01551	0.02743	0.21283	0.12052	0.04044	0.00517	0.00143	0.04153	0.02098	0.00335	0.00475
38	0.00659	0.00469	0.00567	0.01846	0.01743	0.02676	0.00388	0.02039	0.00722	0.04265	0.09599	0.04438	0.03229	0.40228	0.19012	0.00346	0.01985	0.02662	0.02803	0.00323
39	0.03893	0.06607	0.29362	0.00908	0.04930	0.02181	0.03257	0.07003	0.12293	0.04624	0.08476	0.05016	0.07251	0.00518	0.00384	0.00122	0.00412	0.00428	0.01813	0.00525
40	0.09226	0.13074	0.22054	0.06151	0.08981	0.04824	0.07961	0.05790	0.05648	0.01300	0.00726	0.00855	0.00565	0.00369	0.00355	0.00110	0.01611	0.00297	0.00212	0.09889
41	0.02978	0.18090	0.34402	0.03608	0.04897	0.09244	0.00989	0.06586	0.03429	0.01207	0.00741	0.02670	0.00611	0.03661	0.00431	0.00122	0.02946	0.00307	0.00202	0.02881

[dist]
# distance from previous block
# <min> <max>
0	13

[block]
# block no. 7 follows, 70 sequences, length 20
# corresponding to MSA columns:
# 1043-1062
name=unknown_H
#
# <colnr> <probs for GDERKNQSTAVLIFYWHMCP>
#	G	D	E	R	K	N	Q	S	T	A	V	L	I	F	Y	W	H	M	C	P
0	0.00545	0.00424	0.00483	0.00487	0.00580	0.00402	0.00350	0.00735	0.08577	0.01149	0.18184	0.18063	0.32289	0.13063	0.00676	0.00170	0.00239	0.02881	0.00358	0.00347
1	0.00797	0.00646	0.02709	0.02751	0.02492	0.00628	0.02322	0.06895	0.21595	0.06493	0.14794	0.06625	0.23898	0.02156	0.00450	0.00131	0.00286	0.00595	0.00366	0.03371
2	0.04081	0.04418	0.07945	0.10990	0.05697	0.03690	0.10914	0.05811	0.03296	0.09024	0.02301	0.11945	0.05021	0.02076	0.04902	0.00158	0.03690	0.01527	0.00269	0.02244
3	0.00517	0.00363	0.00446	0.00494	0.00519	0.00348	0.00322	0.00567	0.00691	0.00910	0.01893	0.42128	0.07737	0.34993	0.01082	0.00244	0.00291	0.05859	0.00310	0.00287
4	0.00860	0.00935	0.01899	0.01388	0.01706	0.02627	0.63982	0.01132	0.00882	0.01196	0.03289	0.03114	0.02761	0.06443	0.01562	0.00153	0.02293	0.00484	0.02816	0.00479
5	0.08745	0.00871	0.00987	0.00768	0.01061	0.00906	0.00633	0.40616	0.03906	0.33857	0.01156	0.01083	0.00779	0.00464	0.00374	0.00118	0.00370	0.00356	0.02319	0.00632
6	0.00691	0.00550	0.00698	0.04023	0.04028	0.03626	0.03466	0.02602	0.00850	0.04481	0.07380	0.19942	0.22240	0.02055	0.04093	0.02167	0.06940	0.02000	0.07786	0.00382
7	0.01972	0.00447	0.00512	0.00484	0.00621	0.00405	0.00367	0.01998	0.02237	0.14489	0.08542	0.13192	0.36486	0.02700	0.00457	0.00132	0.00232	0.02305	0.12026	0.00395
8	0.00788	0.00746	0.01264	0.65007	0.22670	0.00876	0.01104	0.01040	0.00802	0.01058	0.00699	0.01015	0.00541	0.00377	0.00387	0.00126	0.00503	0.00345	0.00177	0.00476
9	0.61186	0.00742	0.00710	0.08200	0.00987	0.00828	0.00521	0.04841	0.00804	0.16933	0.00753	0.00807	0.00539	0.00389	0.00287	0.00121	0.00331	0.00261	0.00285	0.00476
10	0.05274	0.03253	0.01030	0.07713	0.06940	0.24711	0.03294	0.05061	0.00943	0.10721	0.02415	0.05156	0.03355	0.00796	0.10563	0.00181	0.05698	0.02170	0.00258	0.00468
11	0.02626	0.00612	0.02068	0.00742	0.06467	0.04253	0.02316	0.05514	0.03213	0.07585	0.06593	0.24713	0.14912	0.02231	0.00472	0.00139	0.01415	0.07891	0.04519	0.01719
12	0.00909	0.00606	0.00739	0.02078	0.03922	0.00611	0.00518	0.13848	0.09980	0.13232	0.09946	0.21637	0.09639	0.05189	0.00513	0.00145	0.00301	0.03494	0.00373	0.02319
13	0.00733	0.00685	0.01150	0.74430	0.08372	0.00833	0.01042	0.00978	0.00781	0.01010	0.00778	0.06097	0.00646	0.00434	0.00394	0.00130	0.00495	0.00390	0.00185	0.00437
14	0.05485	0.01864	0.01246	0.14982	0.25248	0.08453	0.06707	0.14602	0.04720	0.02360	0.03835	0.03312	0.00805	0.00437	0.00383	0.00119	0.00456	0.01394	0.03061	0.00532
15	0.04581	0.00917	0.03611	0.17729	0.25700	0.06123	0.04158	0.13804	0.02742	0.04870	0.02114	0.04593	0.03279	0.00454	0.00387	0.00120	0.00450	0.01388	0.00255	0.02724
16	0.00780	0.00713	0.02731	0.00772	0.06310	0.06690	0.00556	0.04306	0.18261	0.01198	0.01556	0.10909	0.10817	0.09619	0.12517	0.00222	0.03265	0.01891	0.02976	0.03909
17	0.07832	0.00837	0.05354	0.03167	0.10812	0.07989	0.05331	0.06753	0.05892	0.06253	0.12085	0.07429	0.09209	0.03624	0.01685	0.00138	0.00389	0.01830	0.00301	0.03090
18	0.07983	0.03387	0.01011	0.03929	0.11410	0.04897	0.02967	0.06131	0.08812	0.05607	0.04539	0.08783	0.06805	0.00643	0.02306	0.00141	0.15500	0.01712	0.00278	0.03163
19	0.00898	0.07745	0.01264	0.18840	0.24755	0.04376	0.05405	0.06463	0.03397	0.02152	0.00912	0.08617	0.00821	0.03460	0.02948	0.00144	0.02692	0.00415	0.02766	0.01929

[dist]
# distance from previous block
# <min> <max>
10	33

[block]
# block no. 8 follows, 70 sequences, length 12
# corresponding to MSA columns:
# 1103-1114
name=unknown_I
#
# <colnr> <probs for GDERKNQSTAVLIFYWHMCP>
#	G	D	E	R	K	N	Q	S	T	A	V	L	I	F	Y	W	H	M	C	P
0	0.04122	0.00507	0.00606	0.04390	0.00767	0.02591	0.02760	0.00774	0.05113	0.02499	0.02400	0.18534	0.34450	0.03260	0.11578	0.00207	0.02487	0.02273	0.00314	0.00366
1	0.00711	0.00478	0.00580	0.00591	0.03969	0.00441	0.00420	0.04550	0.03004	0.11310	0.10800	0.21412	0.35053	0.02394	0.00479	0.00139	0.00248	0.02643	0.00374	0.00402
2	0.00870	0.00790	0.01248	0.51730	0.24575	0.03154	0.01050	0.03250	0.00853	0.04422	0.00798	0.01063	0.02216	0.00399	0.00403	0.00125	0.02006	0.00353	0.00200	0.00494
3	0.34358	0.00864	0.00882	0.14271	0.04457	0.08452	0.00651	0.10730	0.03584	0.15085	0.00853	0.02801	0.00639	0.00424	0.00331	0.00120	0.00395	0.00313	0.00288	0.00503
4	0.00975	0.04247	0.02288	0.13180	0.33891	0.10539	0.04352	0.08083	0.03078	0.01247	0.01997	0.01084	0.02578	0.02109	0.05004	0.00149	0.02823	0.00357	0.00220	0.01799
5	0.00659	0.00555	0.00770	0.09005	0.04389	0.03826	0.07573	0.00815	0.02977	0.03263	0.04672	0.34104	0.13191	0.06596	0.00555	0.00156	0.00333	0.03813	0.02370	0.00380
6	0.02289	0.00648	0.00868	0.08821	0.02888	0.03719	0.08259	0.08408	0.03403	0.07903	0.13215	0.10166	0.15963	0.04222	0.06173	0.00172	0.00398	0.01728	0.00322	0.00436
7	0.00896	0.00842	0.04859	0.46822	0.10514	0.02886	0.06028	0.05153	0.02000	0.06746	0.00837	0.01104	0.01959	0.00429	0.00453	0.00129	0.06228	0.01410	0.00216	0.00488
8	0.04358	0.11381	0.06790	0.04765	0.15099	0.14684	0.02524	0.17384	0.04774	0.03631	0.00864	0.01012	0.02083	0.02736	0.06133	0.00153	0.00517	0.00331	0.00250	0.00531
9	0.02797	0.00951	0.06960	0.14829	0.26814	0.07314	0.04727	0.04198	0.04830	0.05641	0.05341	0.02318	0.02051	0.02324	0.02018	0.00138	0.05607	0.00385	0.00238	0.00519
10	0.00691	0.00616	0.00766	0.02488	0.10603	0.06360	0.02667	0.02783	0.04408	0.01085	0.04599	0.26238	0.12926	0.07603	0.11054	0.00215	0.03546	0.00668	0.00290	0.00394
11	0.03273	0.29577	0.01287	0.00784	0.04781	0.09928	0.01881	0.04730	0.06386	0.05746	0.00833	0.02685	0.00734	0.07845	0.04981	0.00149	0.02923	0.00319	0.00235	0.10923

[dist]
# distance from previous block
# <min> <max>
4	103

[block]
# block no. 9 follows, 70 sequences, length 14
# corresponding to MSA columns:
# 1220-1233
name=unknown_J
#
# <colnr> <probs for GDERKNQSTAVLIFYWHMCP>
#	G	D	E	R	K	N	Q	S	T	A	V	L	I	F	Y	W	H	M	C	P
0	0.02981	0.15466	0.12147	0.00959	0.08139	0.07774	0.06866	0.05305	0.09142	0.09252	0.06696	0.01209	0.04706	0.00504	0.02364	0.00123	0.00441	0.00367	0.00270	0.05290
1	0.02117	0.04929	0.06953	0.02199	0.07327	0.05441	0.01783	0.13018	0.08121	0.04655	0.00975	0.02654	0.03167	0.00420	0.00367	0.00099	0.02606	0.00333	0.05135	0.27700
2	0.00600	0.00445	0.00531	0.00536	0.00633	0.00430	0.00393	0.02796	0.09317	0.03104	0.21732	0.30020	0.20006	0.03960	0.00517	0.00147	0.00235	0.03847	0.00378	0.00375
3	0.00835	0.00744	0.02400	0.15682	0.07308	0.03972	0.04324	0.06499	0.16513	0.04432	0.10112	0.01903	0.20293	0.00593	0.00411	0.00124	0.00360	0.00508	0.00314	0.02673
4	0.04365	0.04033	0.07064	0.06752	0.16193	0.12630	0.07138	0.06396	0.04774	0.03312	0.02461	0.05776	0.07380	0.00581	0.02704	0.00137	0.05659	0.01900	0.00248	0.00495
5	0.00495	0.00353	0.00452	0.00516	0.00548	0.00332	0.00346	0.00564	0.00750	0.00998	0.07266	0.61585	0.06656	0.13978	0.00714	0.00187	0.00247	0.03359	0.00345	0.00308
6	0.00911	0.01034	0.02221	0.01597	0.01965	0.00993	0.77579	0.01223	0.00895	0.01223	0.00768	0.01034	0.00583	0.00348	0.00507	0.00133	0.05825	0.00450	0.00194	0.00517
7	0.09642	0.00962	0.01039	0.00817	0.01094	0.04453	0.00672	0.46072	0.01427	0.23190	0.01009	0.00988	0.00698	0.00470	0.00427	0.00120	0.05587	0.00342	0.00377	0.00614
8	0.00617	0.00506	0.00616	0.03898	0.02058	0.02605	0.01831	0.02908	0.05641	0.01097	0.07741	0.18792	0.24787	0.07062	0.10366	0.03255	0.02691	0.01606	0.01562	0.00362
9	0.00741	0.00446	0.00521	0.00485	0.00632	0.00393	0.00372	0.00882	0.02436	0.16758	0.13181	0.09352	0.43359	0.00843	0.00437	0.00128	0.00227	0.02617	0.05788	0.00402
