[name]
unknown

[dist]
# distance from previous block
# <min> <max>
0	20

[block]
# block no. 0 follows, 68 sequences, length 20
# corresponding to MSA columns:
# 39-58
name=unknown_A
#
# <colnr> <probs for GDERKNQSTAVLIFYWHMCP>
#	G	D	E	R	K	N	Q	S	T	A	V	L	I	F	Y	W	H	M	C	P
0	0.01298	0.02357	0.03194	0.05589	0.01237	0.06148	0.02583	0.39103	0.08927	0.12583	0.01214	0.01437	0.02648	0.00536	0.00409	0.00126	0.00430	0.08135	0.00366	0.01680
1	0.01419	0.01100	0.01104	0.00882	0.01172	0.09296	0.00714	0.52437	0.15978	0.08323	0.01076	0.01049	0.00774	0.00478	0.00392	0.00119	0.00432	0.00364	0.00383	0.02510
2	0.00699	0.00384	0.00613	0.00579	0.00601	0.00382	0.04567	0.00560	0.00541	0.00724	0.00703	0.01207	0.00691	0.01361	0.03450	0.81837	0.00378	0.00353	0.00175	0.00195
3	0.00777	0.00728	0.01211	0.72722	0.10564	0.00882	0.01089	0.01064	0.03408	0.01064	0.00764	0.01128	0.00593	0.00410	0.00399	0.00132	0.00513	0.01899	0.00189	0.00463
4	0.00953	0.01060	0.02132	0.01551	0.01904	0.02735	0.68386	0.02694	0.04727	0.01276	0.00815	0.01062	0.00622	0.00378	0.00532	0.00136	0.07842	0.00450	0.00211	0.00531
5	0.00568	0.00383	0.00432	0.00437	0.00443	0.00380	0.00248	0.00575	0.00598	0.00792	0.01401	0.06329	0.04757	0.78923	0.01889	0.00365	0.00370	0.00611	0.00251	0.00248
6	0.01002	0.01092	0.01933	0.02994	0.01793	0.08217	0.56100	0.05991	0.02999	0.01304	0.00789	0.01012	0.00606	0.00373	0.00486	0.00127	0.05462	0.00416	0.00218	0.07087
7	0.00543	0.00370	0.00442	0.00475	0.00483	0.00362	0.00286	0.00568	0.00642	0.00856	0.01584	0.32331	0.01863	0.55754	0.01478	0.00305	0.00329	0.00773	0.00286	0.00269
8	0.00579	0.00387	0.00457	0.00457	0.00464	0.00395	0.00270	0.00588	0.00581	0.00782	0.01211	0.02441	0.01370	0.74599	0.10617	0.03310	0.00454	0.00553	0.00235	0.00250
9	0.00945	0.39347	0.42158	0.00961	0.03623	0.04534	0.01082	0.01237	0.00836	0.01102	0.00638	0.00747	0.00509	0.00361	0.00322	0.00106	0.00516	0.00257	0.00171	0.00548
10	0.04186	0.00956	0.04647	0.00728	0.00901	0.19485	0.00578	0.11981	0.04884	0.04060	0.09265	0.04954	0.05127	0.12527	0.08269	0.00203	0.02046	0.00458	0.04303	0.00444
11	0.00779	0.00642	0.00759	0.00690	0.00862	0.00680	0.04220	0.01376	0.39282	0.03543	0.12354	0.13712	0.17958	0.00751	0.00441	0.00136	0.00281	0.00652	0.00389	0.00493
12	0.00833	0.00738	0.00962	0.00687	0.01044	0.00572	0.07989	0.01023	0.00833	0.01290	0.00714	0.00845	0.00589	0.00297	0.00310	0.00066	0.00328	0.00256	0.00232	0.80393
13	0.00481	0.00394	0.00424	0.00433	0.00547	0.00337	0.00319	0.00587	0.00908	0.01121	0.12574	0.15030	0.63440	0.01015	0.00474	0.00137	0.00203	0.00864	0.00376	0.00337
14	0.00835	0.00817	0.01299	0.60509	0.17713	0.04708	0.04153	0.01087	0.00835	0.01081	0.00712	0.01022	0.00551	0.00384	0.00394	0.00126	0.00526	0.00349	0.00184	0.02718
15	0.01060	0.86304	0.02078	0.00678	0.01018	0.01569	0.00678	0.01187	0.00806	0.00933	0.00551	0.00636	0.00509	0.00339	0.00254	0.00085	0.00424	0.00212	0.00170	0.00509
16	0.00822	0.00705	0.00822	0.00587	0.00940	0.00529	0.00470	0.00998	0.00822	0.01292	0.00705	0.00822	0.00587	0.00294	0.00294	0.00059	0.00294	0.00235	0.00235	0.88490
17	0.01081	0.01102	0.02361	0.03099	0.07398	0.28118	0.07501	0.09873	0.01020	0.04440	0.01060	0.15037	0.01017	0.07227	0.04211	0.00165	0.01816	0.00480	0.02530	0.00465
18	0.00660	0.00494	0.00606	0.00592	0.00675	0.00519	0.01372	0.06099	0.10178	0.01129	0.03660	0.22304	0.06526	0.23948	0.17092	0.00303	0.00458	0.01640	0.01376	0.00370
19	0.52341	0.03336	0.02978	0.03896	0.02912	0.07540	0.07537	0.04947	0.00833	0.06143	0.00670	0.00774	0.00510	0.00382	0.00314	0.00120	0.01366	0.00268	0.00250	0.02881

[dist]
# distance from previous block
# <min> <max>
0	2

[block]
# block no. 1 follows, 68 sequences, length 7
# corresponding to MSA columns:
# 61-67
name=unknown_B
#
# <colnr> <probs for GDERKNQSTAVLIFYWHMCP>
#	G	D	E	R	K	N	Q	S	T	A	V	L	I	F	Y	W	H	M	C	P
0	0.04613	0.41461	0.11106	0.00877	0.06119	0.05170	0.00787	0.07389	0.05114	0.06156	0.00737	0.00809	0.00593	0.00385	0.00337	0.00102	0.02610	0.00271	0.00227	0.05136
1	0.03099	0.31790	0.07868	0.08352	0.04488	0.07848	0.02608	0.10901	0.09003	0.01279	0.02145	0.01039	0.03851	0.02123	0.00392	0.00116	0.02008	0.00327	0.00239	0.00524
2	0.01034	0.00730	0.00925	0.03918	0.01071	0.00620	0.03693	0.08262	0.00968	0.15897	0.00959	0.05396	0.00769	0.00399	0.00343	0.00086	0.00334	0.00335	0.00297	0.53961
3	0.00501	0.00356	0.00466	0.00535	0.00564	0.00334	0.00357	0.00578	0.00787	0.01060	0.12039	0.67992	0.02650	0.09011	0.00641	0.00177	0.00239	0.01026	0.00365	0.00321
4	0.00570	0.00411	0.00569	0.00569	0.00616	0.00458	0.00410	0.00664	0.00617	0.00870	0.01125	0.01904	0.01142	0.30734	0.56939	0.00553	0.00836	0.00476	0.00222	0.00316
5	0.12216	0.01046	0.01101	0.00854	0.01161	0.01154	0.00705	0.68117	0.01680	0.06689	0.00935	0.00935	0.00660	0.00464	0.00378	0.00120	0.00415	0.00342	0.00383	0.00644
6	0.11852	0.61182	0.04824	0.00702	0.01029	0.04369	0.00679	0.04495	0.03253	0.03620	0.00637	0.00706	0.00540	0.00362	0.00276	0.00096	0.00421	0.00235	0.00206	0.00515

[dist]
# distance from previous block
# <min> <max>
0	1

[block]
# block no. 2 follows, 68 sequences, length 8
# corresponding to MSA columns:
# 69-76
name=unknown_C
#
# <colnr> <probs for GDERKNQSTAVLIFYWHMCP>
#	G	D	E	R	K	N	Q	S	T	A	V	L	I	F	Y	W	H	M	C	P
0	0.08111	0.05332	0.01053	0.03415	0.01141	0.04933	0.03355	0.16606	0.48217	0.01720	0.01252	0.01211	0.00940	0.00486	0.00382	0.00127	0.00378	0.00389	0.00355	0.00598
1	0.00492	0.00358	0.00464	0.00531	0.00574	0.00330	0.00363	0.00579	0.00819	0.01092	0.12781	0.67434	0.10393	0.01164	0.00498	0.00154	0.00222	0.01047	0.00377	0.00330
2	0.01316	0.00982	0.01046	0.00838	0.01113	0.01094	0.00680	0.56244	0.20444	0.02210	0.01136	0.01122	0.00830	0.00489	0.00387	0.00120	0.00385	0.00379	0.08550	0.00635
3	0.01625	0.00800	0.05165	0.00743	0.01053	0.00696	0.00639	0.15202	0.01224	0.61506	0.01404	0.01265	0.00908	0.00481	0.00390	0.00121	0.00358	0.00385	0.05383	0.00653
4	0.00864	0.00530	0.00616	0.00549	0.00723	0.00496	0.00426	0.04054	0.09559	0.18885	0.17244	0.05385	0.35086	0.00785	0.00440	0.00129	0.00248	0.00661	0.02863	0.00458
5	0.03799	0.00774	0.04991	0.00673	0.00892	0.04600	0.00561	0.04817	0.20872	0.22036	0.01320	0.01315	0.00960	0.00485	0.00378	0.00116	0.02565	0.00381	0.27924	0.00539
6	0.05412	0.00763	0.00892	0.00690	0.00988	0.00714	0.00560	0.19237	0.03574	0.28857	0.01295	0.03835	0.05461	0.00479	0.00368	0.00106	0.00334	0.00383	0.00372	0.25679
7	0.06188	0.00670	0.00756	0.04998	0.00937	0.00726	0.00540	0.09406	0.28636	0.06247	0.15454	0.11683	0.07656	0.02183	0.00446	0.00137	0.00297	0.00572	0.01966	0.00502

[dist]
# distance from previous block
# <min> <max>
0	16

[block]
# block no. 3 follows, 68 sequences, length 9
# corresponding to MSA columns:
# 93-101
name=unknown_D
#
# <colnr> <probs for GDERKNQSTAVLIFYWHMCP>
#	G	D	E	R	K	N	Q	S	T	A	V	L	I	F	Y	W	H	M	C	P
0	0.04564	0.04003	0.08246	0.05111	0.10533	0.11188	0.09747	0.13488	0.02823	0.07286	0.06461	0.01070	0.00835	0.00417	0.00378	0.00111	0.00465	0.00353	0.00273	0.12649
1	0.14688	0.24457	0.10660	0.04205	0.04003	0.10114	0.03367	0.11740	0.08938	0.03228	0.00773	0.00849	0.00604	0.00398	0.00331	0.00112	0.00458	0.00290	0.00246	0.00539
2	0.00725	0.00629	0.02330	0.07838	0.09706	0.00675	0.04025	0.05028	0.05593	0.01132	0.02954	0.08782	0.05179	0.03139	0.32551	0.03255	0.05289	0.00492	0.00250	0.00427
3	0.00514	0.00369	0.00463	0.00515	0.00560	0.00343	0.00352	0.00585	0.00786	0.01035	0.09352	0.48834	0.14574	0.12301	0.00736	0.03482	0.00252	0.04283	0.00350	0.00314
4	0.00732	0.00442	0.00541	0.00503	0.00623	0.00399	0.00370	0.00850	0.00937	0.14780	0.26422	0.08794	0.25364	0.14119	0.03195	0.00185	0.00275	0.00698	0.00384	0.00387
5	0.00537	0.00428	0.00474	0.00475	0.00579	0.00399	0.00343	0.00710	0.07027	0.01128	0.12529	0.13356	0.45178	0.10883	0.04011	0.00185	0.00267	0.00782	0.00358	0.00350
6	0.03994	0.00731	0.00905	0.00711	0.00998	0.03464	0.00581	0.05519	0.04565	0.67494	0.03355	0.01337	0.01011	0.00493	0.00391	0.00122	0.00345	0.00396	0.02945	0.00643
7	0.00843	0.00665	0.00722	0.00645	0.00811	0.03939	0.00499	0.11317	0.20476	0.04314	0.32736	0.04452	0.12247	0.00795	0.03612	0.00147	0.00310	0.00594	0.00398	0.00478
8	0.08456	0.02493	0.04598	0.07467	0.09840	0.25223	0.13987	0.05320	0.07577	0.03762	0.00781	0.00926	0.00611	0.00422	0.00449	0.00123	0.06875	0.00336	0.00234	0.00519

[dist]
# distance from previous block
# <min> <max>
7	11

[block]
# block no. 4 follows, 68 sequences, length 13
# corresponding to MSA columns:
# 114-126
name=unknown_E
#
# <colnr> <probs for GDERKNQSTAVLIFYWHMCP>
#	G	D	E	R	K	N	Q	S	T	A	V	L	I	F	Y	W	H	M	C	P
0	0.02414	0.04874	0.01368	0.07251	0.30917	0.09081	0.07085	0.09144	0.06427	0.05958	0.04549	0.02988	0.00841	0.00443	0.00424	0.00121	0.03471	0.00384	0.00259	0.02002
1	0.02737	0.27525	0.10378	0.01009	0.04708	0.08528	0.11250	0.10737	0.11030	0.01319	0.00836	0.03283	0.00689	0.00430	0.00394	0.00115	0.03910	0.00340	0.00240	0.00545
2	0.00877	0.00615	0.00723	0.00659	0.00794	0.00638	0.00495	0.24451	0.01063	0.04405	0.01472	0.26465	0.01540	0.17825	0.06926	0.00224	0.00397	0.06206	0.00339	0.03885
3	0.04756	0.01210	0.24682	0.05155	0.12883	0.02115	0.10300	0.05790	0.17675	0.04086	0.01062	0.01150	0.03154	0.00433	0.00390	0.00126	0.00468	0.00378	0.03615	0.00571
4	0.00712	0.00568	0.00660	0.00692	0.06197	0.03882	0.00474	0.05226	0.05133	0.02420	0.18610	0.24251	0.13210	0.02737	0.00474	0.00135	0.00278	0.02481	0.05388	0.06472
5	0.00709	0.02494	0.12254	0.04392	0.08796	0.00625	0.08386	0.02509	0.02638	0.02723	0.18402	0.21243	0.09942	0.00744	0.00448	0.00135	0.00358	0.02440	0.00314	0.00448
6	0.06084	0.01762	0.00968	0.03488	0.13215	0.05969	0.02967	0.02168	0.03262	0.06462	0.06999	0.11723	0.01252	0.08052	0.07423	0.00199	0.13845	0.03441	0.00272	0.00449
7	0.00960	0.07720	0.35526	0.06006	0.01610	0.01027	0.15123	0.15020	0.04948	0.01443	0.02127	0.01010	0.02041	0.00420	0.00423	0.00125	0.03316	0.00357	0.00232	0.00567
8	0.00581	0.00384	0.00445	0.00445	0.00448	0.00388	0.00256	0.00580	0.00577	0.00772	0.01217	0.02488	0.01389	0.78699	0.05670	0.04209	0.00413	0.00560	0.00236	0.00242
9	0.00937	0.04680	0.09726	0.01233	0.14945	0.07098	0.17688	0.06904	0.09228	0.01397	0.11769	0.01435	0.03441	0.00528	0.01973	0.00132	0.00474	0.02003	0.03880	0.00528
10	0.01691	0.00673	0.00900	0.00696	0.00989	0.00595	0.00573	0.05111	0.01156	0.75019	0.04836	0.01402	0.01081	0.00502	0.00398	0.00122	0.00331	0.00409	0.02860	0.00654
11	0.03237	0.00442	0.00609	0.00600	0.00660	0.00505	0.00449	0.00705	0.00644	0.00943	0.04402	0.01779	0.01163	0.20111	0.58273	0.00531	0.03924	0.00459	0.00227	0.00336
12	0.04539	0.28396	0.20557	0.00838	0.01214	0.07050	0.02895	0.05626	0.04941	0.09809	0.00794	0.00852	0.00607	0.00382	0.00329	0.00104	0.00456	0.00282	0.00239	0.10091

[dist]
# distance from previous block
# <min> <max>
0	3

[block]
# block no. 5 follows, 68 sequences, length 11
# corresponding to MSA columns:
# 132-142
name=unknown_F
#
# <colnr> <probs for GDERKNQSTAVLIFYWHMCP>
#	G	D	E	R	K	N	Q	S	T	A	V	L	I	F	Y	W	H	M	C	P
0	0.40914	0.26776	0.08236	0.00684	0.00989	0.08319	0.00638	0.05042	0.00827	0.01431	0.00594	0.00683	0.00482	0.00367	0.00277	0.00108	0.00407	0.00231	0.00219	0.02774
1	0.04444	0.00451	0.00602	0.00585	0.00647	0.00498	0.00427	0.00767	0.03818	0.03879	0.01031	0.01634	0.00996	0.19256	0.39446	0.17932	0.02607	0.00429	0.00228	0.00322
2	0.01100	0.03051	0.01515	0.19129	0.03343	0.08403	0.24780	0.15186	0.06712	0.06704	0.00872	0.01038	0.00650	0.00423	0.00462	0.00128	0.05317	0.00385	0.00259	0.00543
3	0.00502	0.00413	0.00443	0.00440	0.00563	0.00361	0.00328	0.00647	0.03444	0.01178	0.18015	0.08109	0.62232	0.00968	0.00469	0.00134	0.00203	0.00820	0.00381	0.00350
4	0.03340	0.00875	0.00896	0.00782	0.01009	0.03530	0.00614	0.16336	0.54118	0.01759	0.05493	0.01509	0.04641	0.00549	0.00399	0.00129	0.00334	0.00447	0.02644	0.00594
5	0.00692	0.00539	0.00772	0.04240	0.08846	0.00617	0.00562	0.00800	0.00665	0.02956	0.01017	0.01684	0.01006	0.26391	0.33415	0.00403	0.11986	0.00447	0.02592	0.00370
6	0.00552	0.00386	0.00499	0.00559	0.00623	0.00357	0.00408	0.00654	0.00843	0.03668	0.08166	0.51902	0.14890	0.01129	0.00501	0.00157	0.00247	0.13739	0.00376	0.00345
7	0.02234	0.01028	0.13431	0.11296	0.24795	0.04102	0.06536	0.06317	0.03895	0.07035	0.05697	0.03679	0.00913	0.00516	0.02313	0.00137	0.01802	0.01470	0.02256	0.00548
8	0.02875	0.00660	0.00846	0.04113	0.00956	0.00684	0.03462	0.13662	0.03929	0.09661	0.10762	0.05146	0.02888	0.06929	0.12531	0.00211	0.05107	0.00460	0.04117	0.11002
9	0.00607	0.00456	0.00520	0.00529	0.00621	0.03632	0.00386	0.00728	0.00938	0.04759	0.28415	0.28616	0.21007	0.03391	0.00519	0.00146	0.00242	0.03739	0.00385	0.00361
10	0.04306	0.16312	0.07298	0.03517	0.05487	0.07961	0.06268	0.07297	0.03718	0.03568	0.00818	0.03760	0.00701	0.02402	0.00432	0.00112	0.04729	0.01422	0.00238	0.19651

[dist]
# distance from previous block
# <min> <max>
0	17

[block]
# block no. 6 follows, 68 sequences, length 9
# corresponding to MSA columns:
# 160-168
name=unknown_G
#
# <colnr> <probs for GDERKNQSTAVLIFYWHMCP>
#	G	D	E	R	K	N	Q	S	T	A	V	L	I	F	Y	W	H	M	C	P
0	0.12037	0.08358	0.03843	0.03724	0.08906	0.23854	0.00740	0.07829	0.10068	0.02990	0.02928	0.02813	0.02241	0.00459	0.00396	0.00116	0.04158	0.00337	0.00259	0.03945
1	0.00588	0.00446	0.00515	0.00534	0.00577	0.03667	0.00364	0.00655	0.00724	0.00955	0.08194	0.21149	0.06070	0.33525	0.14140	0.02330	0.00441	0.04532	0.00290	0.00305
2	0.00570	0.00381	0.00485	0.00525	0.00582	0.00351	0.00360	0.00657	0.00827	0.05460	0.13629	0.52738	0.11224	0.09498	0.00640	0.00173	0.00242	0.00946	0.00372	0.00341
3	0.00624	0.00414	0.00515	0.00508	0.00601	0.00385	0.00371	0.00790	0.03072	0.05924	0.40361	0.21718	0.12137	0.03863	0.00512	0.00141	0.00217	0.00770	0.06701	0.00376
4	0.01217	0.00868	0.00958	0.00798	0.01051	0.00952	0.00638	0.27006	0.39129	0.13011	0.08805	0.01431	0.01241	0.00537	0.00406	0.00127	0.00344	0.00437	0.00416	0.00626
5	0.00610	0.00413	0.00507	0.00496	0.00604	0.00368	0.00367	0.00745	0.00986	0.07533	0.37420	0.19434	0.27181	0.00930	0.00470	0.00134	0.00211	0.00810	0.00407	0.00375
6	0.27260	0.00713	0.00820	0.00658	0.00941	0.00698	0.00541	0.01718	0.06098	0.54675	0.01271	0.01151	0.00834	0.00458	0.00354	0.00123	0.00327	0.00348	0.00413	0.00600
7	0.00795	0.02051	0.84011	0.01130	0.01716	0.00921	0.01465	0.01256	0.00837	0.01256	0.00712	0.00837	0.00502	0.00377	0.00377	0.00126	0.00586	0.00293	0.00167	0.00586
8	0.06407	0.00791	0.01204	0.12417	0.23003	0.03561	0.13081	0.04629	0.00915	0.04308	0.01042	0.02782	0.03961	0.00478	0.01804	0.00127	0.00437	0.00398	0.18156	0.00500

[dist]
# distance from previous block
# <min> <max>
0	2

[block]
# block no. 7 follows, 68 sequences, length 13
# corresponding to MSA columns:
# 175-187
name=unknown_H
#
# <colnr> <probs for GDERKNQSTAVLIFYWHMCP>
#	G	D	E	R	K	N	Q	S	T	A	V	L	I	F	Y	W	H	M	C	P
0	0.00798	0.00792	0.05300	0.00977	0.01204	0.01928	0.27501	0.04553	0.06510	0.03484	0.09166	0.16726	0.08362	0.07709	0.00602	0.00158	0.01836	0.01639	0.00300	0.00455
1	0.72681	0.00911	0.00688	0.00605	0.00852	0.09508	0.00491	0.07896	0.00819	0.01755	0.00591	0.00677	0.00458	0.00381	0.00269	0.00120	0.00359	0.00231	0.00254	0.00453
2	0.01077	0.00872	0.01279	0.04595	0.25303	0.01989	0.09036	0.20953	0.01102	0.07703	0.01012	0.06187	0.00880	0.07208	0.02974	0.00163	0.04602	0.02230	0.00284	0.00553
3	0.03567	0.07832	0.05021	0.00620	0.00979	0.00645	0.00535	0.01032	0.00817	0.01276	0.00688	0.00802	0.00572	0.00304	0.00293	0.00066	0.00319	0.00235	0.00227	0.74172
4	0.01103	0.00747	0.00898	0.00724	0.00970	0.00739	0.03752	0.25240	0.06476	0.13162	0.04508	0.12648	0.02614	0.00570	0.00390	0.00114	0.00333	0.00480	0.08909	0.15622
5	0.00778	0.00626	0.00860	0.00737	0.00894	0.00628	0.10955	0.15999	0.05073	0.01421	0.14018	0.23770	0.11323	0.10295	0.00634	0.00165	0.00336	0.00709	0.00350	0.00430
6	0.00498	0.00382	0.00449	0.00479	0.00559	0.00342	0.00340	0.00597	0.00867	0.01115	0.15285	0.32548	0.36197	0.05958	0.00573	0.00158	0.00223	0.02728	0.00371	0.00332
7	0.00977	0.00964	0.01576	0.09364	0.62221	0.04228	0.07832	0.01266	0.05304	0.01276	0.00788	0.01011	0.00644	0.00368	0.00398	0.00121	0.00493	0.00364	0.00206	0.00598
8	0.00501	0.00369	0.00463	0.00510	0.00564	0.00338	0.00351	0.00595	0.00846	0.01124	0.18578	0.50968	0.16494	0.05669	0.00573	0.00161	0.00225	0.00967	0.00375	0.00330
9	0.00650	0.00362	0.00528	0.00530	0.00547	0.00372	0.00364	0.00556	0.00558	0.00752	0.00917	0.03387	0.03214	0.06489	0.15992	0.63503	0.00465	0.00404	0.00193	0.00216
10	0.01116	0.29268	0.01587	0.09738	0.24666	0.09648	0.00893	0.13819	0.03390	0.01311	0.00721	0.00858	0.00591	0.00383	0.00345	0.00107	0.00476	0.00300	0.00223	0.00560
11	0.00519	0.00367	0.00468	0.00532	0.00581	0.00337	0.00366	0.00601	0.00805	0.02858	0.06758	0.64296	0.13869	0.03447	0.00538	0.00161	0.00233	0.02562	0.00371	0.00333
12	0.06047	0.31452	0.07900	0.00987	0.09173	0.13018	0.01960	0.09814	0.04842	0.05515	0.00756	0.00869	0.00614	0.00411	0.00372	0.00109	0.04120	0.01263	0.00235	0.00542

[dist]
# distance from previous block
# <min> <max>
9	45

[block]
# block no. 8 follows, 68 sequences, length 47
# corresponding to MSA columns:
# 235-281
name=unknown_I
#
# <colnr> <probs for GDERKNQSTAVLIFYWHMCP>
#	G	D	E	R	K	N	Q	S	T	A	V	L	I	F	Y	W	H	M	C	P
0	0.10894	0.16887	0.02805	0.04236	0.13541	0.20036	0.02528	0.14045	0.03871	0.03751	0.00760	0.01898	0.00612	0.00406	0.00345	0.00110	0.00487	0.00304	0.00247	0.02237
1	0.05246	0.03199	0.01179	0.01085	0.05500	0.70571	0.03820	0.01513	0.01072	0.01032	0.00630	0.00751	0.00524	0.00441	0.01696	0.00113	0.00683	0.00269	0.00205	0.00469
2	0.05069	0.02286	0.00989	0.00824	0.01066	0.14161	0.02587	0.17780	0.29462	0.11049	0.01360	0.01392	0.05202	0.02805	0.00436	0.00131	0.00411	0.02059	0.00358	0.00572
3	0.00669	0.00458	0.00632	0.00593	0.00657	0.00489	0.02890	0.02773	0.00667	0.04535	0.01124	0.01919	0.01135	0.36926	0.36685	0.05034	0.01769	0.00481	0.00238	0.00326
4	0.00821	0.00775	0.05140	0.00615	0.00980	0.00549	0.00521	0.01012	0.00823	0.01290	0.00705	0.00823	0.00583	0.00298	0.00298	0.00062	0.00309	0.00238	0.00231	0.83927
5	0.00503	0.00392	0.00460	0.00493	0.00586	0.00350	0.00367	0.00614	0.00889	0.01127	0.12284	0.26904	0.42224	0.01060	0.00488	0.00146	0.00227	0.10172	0.00376	0.00339
6	0.01338	0.01027	0.01095	0.00878	0.01165	0.01151	0.00713	0.56291	0.28118	0.02227	0.01166	0.01123	0.00848	0.00496	0.00399	0.00124	0.00397	0.00387	0.00399	0.00659
7	0.03890	0.00671	0.00790	0.00645	0.00875	0.00667	0.00520	0.16424	0.06477	0.33637	0.08967	0.01444	0.01188	0.00510	0.00371	0.00116	0.00303	0.00411	0.21530	0.00563
8	0.00553	0.00394	0.00460	0.00461	0.00512	0.00374	0.00306	0.00625	0.00782	0.01037	0.20062	0.06215	0.17061	0.43942	0.01257	0.00262	0.00300	0.04781	0.00319	0.00297
9	0.01339	0.09255	0.01941	0.00906	0.04740	0.01005	0.04090	0.33783	0.09277	0.20105	0.02654	0.04829	0.00915	0.00503	0.00405	0.00121	0.01679	0.00405	0.01433	0.00617
10	0.00731	0.00517	0.00575	0.00533	0.00639	0.02493	0.00389	0.04096	0.04705	0.07093	0.11851	0.04096	0.23623	0.22295	0.04145	0.01546	0.03532	0.00607	0.06160	0.00374
11	0.01424	0.01224	0.01088	0.00889	0.01153	0.22887	0.00709	0.47114	0.05558	0.05854	0.02525	0.00999	0.00745	0.00486	0.00406	0.01858	0.00482	0.00344	0.03665	0.00589
12	0.05638	0.17117	0.05875	0.04427	0.10330	0.12060	0.02975	0.07480	0.00955	0.09036	0.01939	0.08443	0.00840	0.01468	0.04151	0.00141	0.02917	0.00385	0.00256	0.03568
13	0.05635	0.56039	0.09004	0.00752	0.01074	0.07232	0.00734	0.05505	0.03396	0.01111	0.00658	0.01534	0.00578	0.01812	0.01793	0.00112	0.02066	0.00258	0.00199	0.00510
14	0.00597	0.00414	0.00496	0.00534	0.00572	0.01962	0.00351	0.01973	0.00745	0.03977	0.02827	0.50285	0.03092	0.27674	0.02431	0.00235	0.00308	0.00879	0.00328	0.00319
15	0.03971	0.04014	0.01085	0.00865	0.01131	0.12384	0.00694	0.38878	0.27868	0.01917	0.01099	0.01097	0.00825	0.01873	0.00410	0.00125	0.00429	0.00367	0.00358	0.00610
16	0.00737	0.00435	0.00459	0.00439	0.00551	0.00431	0.00330	0.05108	0.03411	0.02874	0.06972	0.05225	0.13481	0.03808	0.00404	0.00117	0.00216	0.00501	0.54114	0.00387
17	0.00492	0.00381	0.00445	0.00481	0.00562	0.00338	0.00343	0.00588	0.00861	0.01097	0.11571	0.36265	0.38528	0.03420	0.00528	0.00152	0.00220	0.03024	0.00372	0.00332
18	0.02515	0.00612	0.00807	0.00648	0.00898	0.00548	0.00526	0.01649	0.03786	0.59675	0.14178	0.01646	0.01429	0.00546	0.00400	0.00122	0.00301	0.01516	0.07604	0.00595
19	0.00541	0.00395	0.00468	0.00470	0.00540	0.00368	0.00325	0.00657	0.01924	0.01181	0.30261	0.15619	0.20665	0.22141	0.00855	0.00196	0.00247	0.00761	0.02058	0.00327
20	0.88866	0.00767	0.00583	0.00521	0.00767	0.00889	0.00429	0.01166	0.00675	0.01779	0.00552	0.00644	0.00429	0.00368	0.00245	0.00123	0.00307	0.00215	0.00245	0.00429
21	0.00609	0.00426	0.00529	0.00521	0.00558	0.00452	0.00346	0.04198	0.00661	0.00903	0.01228	0.06529	0.01334	0.52906	0.26686	0.00437	0.00583	0.00550	0.00245	0.00298
22	0.10158	0.00678	0.00776	0.00659	0.00882	0.00693	0.00524	0.05986	0.22227	0.26532	0.19062	0.01800	0.07151	0.00593	0.00404	0.00127	0.00292	0.00488	0.00418	0.00550
23	0.01449	0.10927	0.01219	0.00968	0.01194	0.69667	0.00748	0.03669	0.01109	0.04642	0.00657	0.00741	0.00535	0.00406	0.00349	0.00102	0.00660	0.00260	0.00218	0.00480
24	0.88866	0.00767	0.00583	0.00521	0.00767	0.00889	0.00429	0.01166	0.00675	0.01779	0.00552	0.00644	0.00429	0.00368	0.00245	0.00123	0.00307	0.00215	0.00245	0.00429
25	0.01101	0.00957	0.01245	0.17803	0.28889	0.09257	0.00937	0.12934	0.07807	0.07964	0.03192	0.02832	0.00804	0.00448	0.00413	0.00123	0.02072	0.00381	0.00272	0.00568
26	0.00588	0.00425	0.00512	0.00483	0.00601	0.00384	0.00365	0.00768	0.03010	0.04601	0.52555	0.03141	0.29389	0.00854	0.00464	0.00128	0.00200	0.00737	0.00416	0.00379
27	0.00493	0.00394	0.00442	0.00447	0.00555	0.00343	0.00329	0.00611	0.00936	0.01190	0.23225	0.15585	0.52070	0.00991	0.00474	0.00136	0.00202	0.00850	0.00385	0.00343
28	0.00493	0.00356	0.00467	0.00545	0.00582	0.00331	0.00373	0.00576	0.00798	0.01063	0.08210	0.72784	0.07122	0.01193	0.00502	0.00158	0.00229	0.03517	0.00373	0.00328
29	0.00567	0.00414	0.00489	0.00464	0.00583	0.00365	0.00350	0.00715	0.01028	0.04449	0.45869	0.03272	0.38225	0.00883	0.00465	0.00129	0.00199	0.00757	0.00409	0.00368
30	0.00755	0.00711	0.01200	0.82903	0.04892	0.00883	0.01104	0.01018	0.00796	0.01021	0.00706	0.01055	0.00531	0.00395	0.00396	0.00132	0.00527	0.00352	0.00177	0.00445
31	0.88866	0.00767	0.00583	0.00521	0.00767	0.00889	0.00429	0.01166	0.00675	0.01779	0.00552	0.00644	0.00429	0.00368	0.00245	0.00123	0.00307	0.00215	0.00245	0.00429
32	0.01048	0.82609	0.05671	0.00698	0.01048	0.01540	0.00713	0.01190	0.00807	0.00947	0.00558	0.00645	0.00509	0.00341	0.00260	0.00087	0.00431	0.00216	0.00170	0.00512
33	0.00497	0.00372	0.00464	0.00532	0.00587	0.00343	0.00372	0.00596	0.02120	0.01046	0.02588	0.61147	0.20985	0.01168	0.00498	0.00156	0.00232	0.05594	0.00368	0.00332
34	0.00635	0.00442	0.00546	0.00559	0.00653	0.00418	0.00406	0.06336	0.00919	0.05214	0.11036	0.45697	0.17128	0.01112	0.03733	0.00165	0.00276	0.02540	0.00375	0.01810
35	0.00848	0.00855	0.01197	0.54506	0.03469	0.08290	0.01013	0.01051	0.00775	0.00999	0.00649	0.00976	0.00526	0.00474	0.00629	0.00140	0.22638	0.00342	0.00178	0.00443
36	0.01060	0.86304	0.02078	0.00678	0.01018	0.01569	0.00678	0.01187	0.00806	0.00933	0.00551	0.00636	0.00509	0.00339	0.00254	0.00085	0.00424	0.00212	0.00170	0.00509
37	0.00775	0.00732	0.01237	0.75720	0.11917	0.00888	0.01114	0.01036	0.00805	0.01045	0.00709	0.01048	0.00540	0.00392	0.00396	0.00131	0.00522	0.00352	0.00178	0.00462
38	0.88866	0.00767	0.00583	0.00521	0.00767	0.00889	0.00429	0.01166	0.00675	0.01779	0.00552	0.00644	0.00429	0.00368	0.00245	0.00123	0.00307	0.00215	0.00245	0.00429
39	0.01373	0.00957	0.01069	0.00846	0.01117	0.01047	0.00691	0.58135	0.04679	0.10673	0.04186	0.05512	0.00949	0.00631	0.03539	0.00143	0.03016	0.00420	0.00393	0.00624
40	0.00926	0.00868	0.01453	0.34412	0.42199	0.00942	0.05190	0.06940	0.00931	0.01270	0.00747	0.01013	0.00591	0.00378	0.00398	0.00124	0.00501	0.00359	0.00203	0.00554
41	0.00918	0.01039	0.02260	0.01623	0.02008	0.00979	0.78319	0.01244	0.00922	0.01254	0.00814	0.01092	0.00620	0.00458	0.04413	0.00157	0.00687	0.00466	0.00201	0.00526
42	0.00775	0.00726	0.01193	0.75737	0.06825	0.00890	0.01079	0.01090	0.05749	0.01067	0.00762	0.01079	0.00575	0.00403	0.00397	0.00132	0.00513	0.00358	0.00191	0.00461
43	0.00547	0.00404	0.00479	0.00483	0.00583	0.00361	0.00354	0.00682	0.01908	0.03513	0.29401	0.21138	0.34742	0.02104	0.00495	0.00140	0.00212	0.01704	0.00393	0.00357
44	0.00624	0.00428	0.00491	0.00463	0.00600	0.00370	0.00352	0.00754	0.00986	0.09317	0.26651	0.05519	0.50191	0.00904	0.00462	0.00131	0.00211	0.00767	0.00400	0.00379
45	0.00565	0.00417	0.00604	0.00608	0.00668	0.00475	0.00458	0.00685	0.00634	0.00904	0.01128	0.04850	0.01110	0.13622	0.70712	0.00587	0.00943	0.00471	0.00222	0.00338
46	0.00937	0.12433	0.55719	0.02492	0.05163	0.03774	0.03178	0.05028	0.00909	0.04884	0.00754	0.00887	0.00558	0.00388	0.00367	0.00120	0.00546	0.01089	0.00198	0.00576

[dist]
# distance from previous block
# <min> <max>
1	3

[block]
# block no. 9 follows, 68 sequences, length 11
# corresponding to MSA columns:
# 285-295
name=unknown_J
#
# <colnr> <probs for GDERKNQSTAVLIFYWHMCP>
#	G	D	E	R	K	N	Q	S	T	A	V	L	I	F	Y	W	H	M	C	P
0	0.02514	0.01121	0.01342	0.03483	0.32362	0.17770	0.05276	0.14714	0.03489	0.04197	0.02367	0.02304	0.00718	0.00434	0.00438	0.00120	0.04946	0.00359	0.00254	0.01790
1	0.06329	0.41480	0.37837	0.00871	0.01309	0.01225	0.01006	0.01245	0.03377	0.01149	0.00655	0.00751	0.00523	0.00364	0.00312	0.00107	0.00484	0.00255	0.00181	0.00541
2	0.00891	0.00720	0.00841	0.00606	0.00955	0.00560	0.00486	0.04377	0.00878	0.04828	0.00751	0.00850	0.00607	0.00309	0.00302	0.00064	0.00301	0.00247	0.00252	0.81174
3	0.00492	0.00400	0.00436	0.00432	0.00551	0.00344	0.00322	0.00613	0.00952	0.01197	0.23630	0.07071	0.60244	0.00966	0.00470	0.00133	0.00199	0.00819	0.00385	0.00344
4	0.00986	0.00852	0.00897	0.00807	0.01031	0.00986	0.00628	0.02107	0.82876	0.01659	0.01614	0.01479	0.01210	0.00538	0.00403	0.00134	0.00314	0.00448	0.00403	0.00628
5	0.44895	0.00931	0.00827	0.00688	0.00949	0.08159	0.00557	0.22408	0.01080	0.12384	0.00811	0.00876	0.00600	0.02840	0.00364	0.00127	0.00382	0.00289	0.00313	0.00522
6	0.00555	0.00447	0.00508	0.00548	0.00610	0.04756	0.00384	0.00660	0.00888	0.01169	0.23775	0.51618	0.10482	0.01062	0.00485	0.00146	0.00241	0.00945	0.00378	0.00344
7	0.00981	0.05341	0.07307	0.02484	0.01130	0.01928	0.11897	0.10348	0.00932	0.11045	0.01166	0.04637	0.04765	0.11396	0.01970	0.00174	0.14795	0.03227	0.03997	0.00480
8	0.00557	0.00393	0.00468	0.00489	0.00525	0.00373	0.00312	0.00601	0.00677	0.00905	0.01691	0.28809	0.05993	0.47113	0.01314	0.00276	0.00321	0.03984	0.00292	0.04910
9	0.01173	0.11041	0.01198	0.06080	0.05748	0.38946	0.01941	0.03306	0.07769	0.02615	0.06109	0.01092	0.03443	0.00514	0.01792	0.00122	0.06041	0.00342	0.00242	0.00485
10	0.01023	0.13099	0.20690	0.11531	0.13459	0.14126	0.02846	0.06072	0.00938	0.02853	0.00736	0.02775	0.00599	0.00414	0.00408	0.00117	0.04452	0.00321	0.00207	0.03335

[dist]
# distance from previous block
# <min> <max>
1	25

[block]
# block no. 10 follows, 68 sequences, length 21
# corresponding to MSA columns:
# 321-341
name=unknown_K
#
# <colnr> <probs for GDERKNQSTAVLIFYWHMCP>
#	G	D	E	R	K	N	Q	S	T	A	V	L	I	F	Y	W	H	M	C	P
0	0.05837	0.05303	0.07092	0.06635	0.01271	0.05198	0.06709	0.19729	0.14342	0.02364	0.02386	0.02446	0.00818	0.00526	0.02927	0.00130	0.00445	0.01957	0.00293	0.13592
1	0.00720	0.00567	0.00641	0.01636	0.00752	0.03104	0.00465	0.06814	0.11228	0.03636	0.12797	0.30269	0.16685	0.03454	0.00543	0.00149	0.03730	0.02026	0.00368	0.00414
2	0.00582	0.00369	0.00438	0.00487	0.00542	0.00356	0.00337	0.00713	0.02583	0.01185	0.03614	0.48897	0.04989	0.03718	0.00476	0.00143	0.00220	0.00827	0.29179	0.00343
3	0.00571	0.00408	0.00550	0.00550	0.00591	0.00448	0.00387	0.00652	0.00611	0.00856	0.01142	0.01998	0.01182	0.38243	0.49487	0.00530	0.00774	0.00489	0.00224	0.00306
4	0.00897	0.00492	0.00622	0.00548	0.00712	0.00442	0.00425	0.01080	0.03540	0.24818	0.37895	0.05667	0.19730	0.00768	0.00448	0.00128	0.00238	0.00659	0.00434	0.00457
5	0.03389	0.00868	0.00942	0.00792	0.01047	0.00958	0.00632	0.22658	0.44301	0.13457	0.01476	0.01375	0.03512	0.00524	0.00397	0.00128	0.00343	0.00422	0.02154	0.00627
6	0.01048	0.00906	0.00930	0.00823	0.01055	0.03471	0.00643	0.09325	0.73154	0.01714	0.01525	0.01409	0.01141	0.00529	0.00401	0.00132	0.00337	0.00434	0.00397	0.00627
7	0.00905	0.00764	0.00823	0.00742	0.00945	0.00855	0.00574	0.03779	0.62445	0.01610	0.10934	0.05705	0.04322	0.00609	0.00414	0.00132	0.00294	0.00515	0.00399	0.03234
8	0.02510	0.01129	0.02913	0.00900	0.01206	0.05572	0.00748	0.68368	0.04776	0.04385	0.00993	0.02921	0.00732	0.00489	0.00395	0.00120	0.00441	0.00371	0.00382	0.00648
9	0.02599	0.00871	0.01432	0.20015	0.48544	0.00918	0.04254	0.03640	0.03331	0.06388	0.00829	0.01071	0.00660	0.00396	0.00417	0.00124	0.02390	0.01320	0.00225	0.00577
10	0.00496	0.00408	0.00437	0.00442	0.00561	0.00356	0.00327	0.00632	0.03263	0.01140	0.12753	0.13147	0.62661	0.00996	0.00471	0.00136	0.00206	0.00846	0.00377	0.00346
11	0.00553	0.00414	0.00567	0.00598	0.00654	0.00406	0.02881	0.00652	0.00788	0.01049	0.07253	0.40542	0.07880	0.14197	0.03928	0.00212	0.02219	0.14538	0.00337	0.00331
12	0.00862	0.00652	0.00746	0.00703	0.00865	0.00706	0.00540	0.03573	0.41440	0.06780	0.11853	0.20522	0.01883	0.00762	0.00444	0.00141	0.00288	0.06323	0.00402	0.00514
13	0.00541	0.00388	0.00462	0.00465	0.00519	0.00364	0.00310	0.00626	0.00826	0.01109	0.27529	0.14458	0.15631	0.33810	0.01072	0.00231	0.00271	0.00739	0.00340	0.00309
14	0.01074	0.07550	0.04515	0.05196	0.02448	0.17590	0.02147	0.10831	0.01016	0.05636	0.00873	0.07391	0.00760	0.01701	0.00377	0.00102	0.00438	0.00348	0.00260	0.29748
15	0.00986	0.00826	0.00878	0.00790	0.01008	0.00945	0.00613	0.04618	0.73486	0.03208	0.01655	0.05554	0.02505	0.00576	0.00409	0.00135	0.00312	0.00483	0.00403	0.00611
16	0.01067	0.00953	0.00922	0.00819	0.01037	0.10185	0.00641	0.13330	0.52543	0.01628	0.01472	0.01550	0.03198	0.02539	0.02322	0.00148	0.00394	0.04299	0.00370	0.00581
17	0.78973	0.00783	0.00725	0.04666	0.00945	0.00896	0.05716	0.01165	0.00697	0.01709	0.00576	0.00691	0.00445	0.00367	0.00267	0.00124	0.00341	0.00238	0.00239	0.00437
18	0.05398	0.00785	0.01244	0.55355	0.20150	0.00910	0.01058	0.06310	0.00888	0.03121	0.00742	0.01019	0.00565	0.00393	0.00388	0.00127	0.00494	0.00347	0.00206	0.00501
19	0.01396	0.01675	0.01084	0.00976	0.01182	0.67735	0.00740	0.07889	0.05858	0.01127	0.00726	0.00832	0.00595	0.00586	0.05772	0.00140	0.00692	0.00285	0.00231	0.00479
20	0.01099	0.02022	0.02780	0.10691	0.12934	0.26424	0.12893	0.05909	0.03029	0.02115	0.00829	0.01012	0.03102	0.00488	0.02021	0.00132	0.09599	0.00354	0.00220	0.02346

[dist]
# distance from previous block
# <min> <max>
6	9

[block]
# block no. 11 follows, 68 sequences, length 12
# corresponding to MSA columns:
# 357-368
name=unknown_L
#
# <colnr> <probs for GDERKNQSTAVLIFYWHMCP>
#	G	D	E	R	K	N	Q	S	T	A	V	L	I	F	Y	W	H	M	C	P
0	0.04086	0.04743	0.10385	0.04072	0.27814	0.10501	0.03753	0.13589	0.06620	0.03261	0.00805	0.00944	0.00632	0.00422	0.00446	0.00122	0.06649	0.00336	0.00243	0.00577
1	0.03903	0.00952	0.08477	0.05398	0.10978	0.03899	0.05816	0.12502	0.16805	0.04860	0.05948	0.01353	0.01006	0.04659	0.06880	0.00179	0.03854	0.01700	0.00294	0.00539
2	0.88866	0.00767	0.00583	0.00521	0.00767	0.00889	0.00429	0.01166	0.00675	0.01779	0.00552	0.00644	0.00429	0.00368	0.00245	0.00123	0.00307	0.00215	0.00245	0.00429
3	0.01003	0.00525	0.00661	0.00574	0.00745	0.00489	0.00448	0.04375	0.04149	0.27113	0.32588	0.07664	0.06600	0.00687	0.00422	0.00123	0.00252	0.00588	0.10511	0.00483
4	0.05240	0.54733	0.03572	0.00722	0.01037	0.07734	0.00673	0.07492	0.00934	0.08364	0.00737	0.03562	0.00631	0.00399	0.00298	0.00097	0.00428	0.00276	0.00230	0.02840
5	0.00539	0.00393	0.00498	0.00555	0.00609	0.00373	0.00387	0.04374	0.00855	0.01134	0.08312	0.65923	0.10211	0.01148	0.00496	0.00154	0.00237	0.03080	0.00374	0.00345
6	0.28682	0.07046	0.01034	0.00883	0.04054	0.39658	0.02795	0.01326	0.00905	0.01238	0.00647	0.02149	0.00552	0.00543	0.04776	0.00140	0.02628	0.00274	0.00217	0.00453
7	0.04100	0.00452	0.00436	0.00421	0.00531	0.02661	0.00318	0.01018	0.03727	0.04210	0.01267	0.01449	0.00996	0.02468	0.00327	0.00103	0.00218	0.00369	0.74537	0.00390
8	0.12829	0.00858	0.00886	0.00746	0.00984	0.04177	0.00607	0.31274	0.11764	0.10010	0.05607	0.01490	0.01079	0.00543	0.00384	0.00125	0.00363	0.07893	0.07824	0.00557
9	0.01103	0.16621	0.02641	0.00665	0.00900	0.00842	0.00567	0.11654	0.09884	0.18414	0.08679	0.01439	0.04408	0.00659	0.05379	0.00144	0.01524	0.00405	0.13546	0.00528
10	0.00628	0.00471	0.02049	0.00607	0.03382	0.00436	0.00428	0.03706	0.02828	0.03299	0.07320	0.31322	0.17362	0.10473	0.03807	0.04695	0.00307	0.04040	0.02478	0.00360
11	0.03888	0.26607	0.06360	0.00877	0.04914	0.14422	0.00732	0.20674	0.02636	0.01402	0.00934	0.09726	0.02113	0.00559	0.02393	0.00124	0.00471	0.00380	0.00262	0.00525

[dist]
# distance from previous block
# <min> <max>
8	48

[block]
# block no. 12 follows, 68 sequences, length 11
# corresponding to MSA columns:
# 423-433
name=unknown_M
#
# <colnr> <probs for GDERKNQSTAVLIFYWHMCP>
#	G	D	E	R	K	N	Q	S	T	A	V	L	I	F	Y	W	H	M	C	P
0	0.03134	0.21665	0.10171	0.01107	0.12796	0.10635	0.06734	0.07479	0.11118	0.03595	0.00864	0.03270	0.00705	0.00415	0.00356	0.00111	0.00469	0.00336	0.00245	0.04794
1	0.09054	0.38630	0.07086	0.04036	0.04986	0.15512	0.00767	0.10753	0.00979	0.01252	0.00639	0.00739	0.00530	0.00374	0.00309	0.00100	0.00478	0.00255	0.00212	0.03309
2	0.12614	0.00946	0.00991	0.04175	0.03545	0.04817	0.00670	0.43110	0.04820	0.06806	0.01008	0.01180	0.00780	0.03966	0.00440	0.00132	0.00406	0.03298	0.05727	0.00573
3	0.00493	0.00383	0.00441	0.00477	0.00558	0.00340	0.00339	0.00583	0.00841	0.01060	0.06965	0.33354	0.41497	0.06714	0.00588	0.00162	0.00230	0.04287	0.00363	0.00327
4	0.00950	0.19377	0.17922	0.10760	0.05748	0.02999	0.13987	0.04823	0.08183	0.03541	0.03527	0.01090	0.02628	0.00471	0.02231	0.00130	0.00506	0.00361	0.00231	0.00536
5	0.00612	0.00435	0.00554	0.00528	0.00579	0.00446	0.02741	0.03224	0.00678	0.00923	0.01403	0.04595	0.07225	0.49959	0.19138	0.02121	0.00512	0.00556	0.03471	0.00299
6	0.00568	0.00420	0.00613	0.00613	0.00675	0.00482	0.00465	0.00692	0.00630	0.00902	0.01085	0.01683	0.01045	0.12980	0.74563	0.00607	0.00980	0.00443	0.00216	0.00340
7	0.01183	0.09283	0.01338	0.01303	0.21515	0.22603	0.03559	0.16229	0.06851	0.01402	0.00886	0.01169	0.00754	0.00470	0.00421	0.00119	0.03757	0.06348	0.00259	0.00552
8	0.04004	0.02421	0.07861	0.00787	0.01030	0.03116	0.02459	0.14489	0.09275	0.12541	0.07001	0.04342	0.02677	0.02384	0.00526	0.00128	0.10470	0.00414	0.04706	0.09370
9	0.03942	0.03321	0.03447	0.07145	0.08705	0.13576	0.00714	0.14117	0.13208	0.02778	0.07964	0.07892	0.03826	0.03503	0.02325	0.00145	0.02121	0.00458	0.00304	0.00508
10	0.60705	0.00867	0.00775	0.04368	0.00978	0.06988	0.03548	0.07490	0.02549	0.03899	0.00697	0.02490	0.00553	0.00460	0.02114	0.00134	0.00385	0.00277	0.00261	0.00462

[dist]
# distance from previous block
# <min> <max>
7	14

[block]
# block no. 13 follows, 68 sequences, length 10
# corresponding to MSA columns:
# 449-458
name=unknown_N
#
# <colnr> <probs for GDERKNQSTAVLIFYWHMCP>
#	G	D	E	R	K	N	Q	S	T	A	V	L	I	F	Y	W	H	M	C	P
0	0.00844	0.16370	0.14831	0.00802	0.04344	0.09718	0.00705	0.02670	0.04012	0.02777	0.05126	0.17552	0.13411	0.02612	0.00456	0.00130	0.02359	0.00552	0.00274	0.00457
1	0.04011	0.00658	0.00793	0.00708	0.02738	0.02033	0.04077	0.14124	0.03996	0.03452	0.11600	0.13249	0.14273	0.03340	0.00476	0.00134	0.00319	0.07052	0.00344	0.12624
2	0.04137	0.00895	0.02288	0.02873	0.01044	0.11397	0.01600	0.12778	0.05126	0.10803	0.03064	0.07828	0.00996	0.02492	0.00431	0.00116	0.02062	0.04414	0.00310	0.25347
3	0.00897	0.00795	0.01273	0.07023	0.53023	0.00779	0.00957	0.01106	0.00915	0.04766	0.06893	0.01475	0.11016	0.00469	0.00400	0.00117	0.00403	0.00431	0.00248	0.07013
4	0.01042	0.03090	0.01479	0.12872	0.49531	0.00957	0.05012	0.12223	0.01024	0.05018	0.00846	0.03602	0.00694	0.00408	0.00397	0.00121	0.00469	0.00381	0.00239	0.00595
5	0.00870	0.00798	0.01308	0.47592	0.17744	0.00902	0.07515	0.08696	0.02586	0.01235	0.00875	0.02795	0.02716	0.00445	0.00429	0.01891	0.00498	0.00392	0.00216	0.00499
6	0.00546	0.00411	0.00465	0.00474	0.00581	0.00367	0.00346	0.00676	0.03108	0.03703	0.12221	0.21127	0.46915	0.04731	0.00542	0.00150	0.00225	0.02686	0.00375	0.00351
7	0.00646	0.00478	0.00625	0.00590	0.00642	0.00517	0.02260	0.02488	0.00698	0.02905	0.02784	0.09258	0.07841	0.39934	0.16040	0.00343	0.08994	0.02370	0.00264	0.00325
8	0.00995	0.00743	0.00969	0.10400	0.14015	0.04690	0.01983	0.07416	0.02724	0.12558	0.07959	0.03579	0.01080	0.06971	0.03126	0.01221	0.00405	0.00413	0.05558	0.13196
9	0.00569	0.00426	0.00513	0.00509	0.00591	0.00419	0.00369	0.03288	0.00836	0.01107	0.13246	0.14063	0.27911	0.13984	0.14024	0.02633	0.02106	0.00707	0.02363	0.00337

[dist]
# distance from previous block
# <min> <max>
8	42

[block]
# block no. 14 follows, 68 sequences, length 24
# corresponding to MSA columns:
# 504-527
name=unknown_O
#
# <colnr> <probs for GDERKNQSTAVLIFYWHMCP>
#	G	D	E	R	K	N	Q	S	T	A	V	L	I	F	Y	W	H	M	C	P
0	0.00995	0.04246	0.09619	0.02764	0.05700	0.09163	0.01431	0.18725	0.06969	0.03394	0.04815	0.10383	0.09567	0.02411	0.00464	0.00130	0.02626	0.01905	0.00309	0.04384
1	0.00986	0.04163	0.00927	0.00787	0.03292	0.07391	0.02309	0.13909	0.22732	0.04519	0.05907	0.05393	0.12282	0.01701	0.00430	0.00127	0.00358	0.04796	0.00348	0.07642
2	0.01176	0.01129	0.00966	0.00878	0.02773	0.26483	0.00666	0.08512	0.31306	0.06182	0.01259	0.01353	0.03660	0.03292	0.00478	0.00132	0.03764	0.02546	0.02907	0.00538
3	0.00840	0.00804	0.01381	0.51988	0.32462	0.00907	0.03770	0.01096	0.00838	0.01125	0.00723	0.01030	0.00568	0.00379	0.00397	0.00127	0.00512	0.00356	0.00184	0.00513
4	0.00648	0.00419	0.00517	0.00502	0.00611	0.00375	0.00369	0.00775	0.00966	0.09973	0.32351	0.20325	0.25531	0.04165	0.00528	0.00145	0.00223	0.00797	0.00401	0.00379
5	0.00745	0.00561	0.00637	0.00655	0.00755	0.00501	0.00460	0.00831	0.04139	0.01373	0.18675	0.33523	0.28360	0.03674	0.00616	0.00189	0.00301	0.03098	0.00447	0.00462
6	0.00529	0.00412	0.00450	0.00446	0.00575	0.00354	0.00341	0.00648	0.00939	0.03487	0.15167	0.05210	0.63360	0.00972	0.00472	0.00136	0.00213	0.05556	0.00381	0.00352
7	0.00583	0.00396	0.00491	0.00511	0.00594	0.00358	0.00365	0.00690	0.00892	0.06283	0.20248	0.37362	0.22700	0.04658	0.00547	0.00154	0.00229	0.02198	0.00385	0.00356
8	0.01089	0.80532	0.02012	0.00702	0.01032	0.07237	0.00684	0.01214	0.00827	0.00935	0.00555	0.00641	0.00509	0.00344	0.00261	0.00086	0.00444	0.00215	0.00172	0.00505
9	0.00620	0.00478	0.00566	0.00570	0.00684	0.00469	0.00426	0.00901	0.14398	0.02653	0.13157	0.28163	0.21831	0.01027	0.03740	0.00162	0.00277	0.06381	0.00375	0.03123
10	0.02343	0.02785	0.15786	0.15687	0.19169	0.00847	0.02699	0.02162	0.08814	0.03938	0.07911	0.03784	0.03379	0.02288	0.02337	0.00145	0.04731	0.00423	0.00250	0.00520
11	0.01305	0.05301	0.01160	0.00984	0.01181	0.60173	0.03629	0.03173	0.04704	0.01037	0.00705	0.00849	0.00593	0.00660	0.08102	0.00157	0.05316	0.00292	0.00215	0.00465
12	0.00981	0.00975	0.01418	0.10890	0.45350	0.09950	0.06810	0.03580	0.02481	0.01239	0.00870	0.01296	0.00767	0.02855	0.00473	0.00133	0.02398	0.06765	0.00219	0.00548
13	0.00622	0.00523	0.00689	0.00643	0.00702	0.00588	0.02404	0.00733	0.02468	0.01040	0.10731	0.16301	0.17496	0.17610	0.06015	0.00226	0.19895	0.00667	0.00293	0.00353
14	0.00493	0.00397	0.00439	0.00441	0.00554	0.00343	0.00326	0.00611	0.00942	0.01192	0.23331	0.12120	0.55455	0.00981	0.00472	0.00134	0.00200	0.00838	0.00385	0.00343
15	0.01458	0.00821	0.00965	0.00759	0.01034	0.00836	0.00618	0.34573	0.05331	0.34874	0.07531	0.01404	0.03047	0.02414	0.00438	0.00127	0.00360	0.00422	0.02364	0.00625
16	0.00593	0.00419	0.00536	0.00564	0.00599	0.00433	0.00400	0.01898	0.00707	0.00948	0.01554	0.19370	0.01749	0.37912	0.10459	0.01754	0.02663	0.16850	0.00287	0.00305
17	0.01415	0.02867	0.01159	0.00964	0.01216	0.42515	0.02883	0.26822	0.11317	0.03733	0.00870	0.00907	0.00662	0.00444	0.00378	0.00112	0.00563	0.00319	0.00296	0.00556
18	0.08338	0.00705	0.04069	0.00749	0.00905	0.02316	0.08090	0.09563	0.07761	0.01305	0.03201	0.27722	0.05342	0.10313	0.03639	0.00186	0.04405	0.00654	0.00309	0.00426
19	0.00830	0.00666	0.00814	0.00739	0.00893	0.03915	0.06043	0.06227	0.21386	0.05422	0.04126	0.21208	0.06615	0.06431	0.08235	0.00202	0.00408	0.05033	0.00347	0.00460
