[name]
unknown

[dist]
# distance from previous block
# <min> <max>
0	122

[block]
# block no. 0 follows, 70 sequences, length 15
# corresponding to MSA columns:
# 129-143
name=unknown_A
#
# <colnr> <probs for GDERKNQSTAVLIFYWHMCP>
#	G	D	E	R	K	N	Q	S	T	A	V	L	I	F	Y	W	H	M	C	P
0	0.04493	0.02625	0.02435	0.02402	0.03606	0.22235	0.09339	0.07473	0.02397	0.04054	0.04426	0.03113	0.05076	0.00604	0.03944	0.01328	0.01714	0.04114	0.05265	0.09357
1	0.10046	0.02659	0.02082	0.02128	0.12205	0.04392	0.00639	0.11123	0.11653	0.06844	0.03364	0.06696	0.02256	0.00466	0.00354	0.00107	0.00351	0.00381	0.01918	0.20338
2	0.00569	0.00420	0.00497	0.00480	0.00592	0.00384	0.00359	0.00755	0.05033	0.04018	0.41349	0.10287	0.32076	0.00874	0.00456	0.00129	0.00202	0.00755	0.00397	0.00369
3	0.02006	0.06079	0.02794	0.10788	0.29915	0.04960	0.04694	0.07770	0.08116	0.01326	0.05553	0.02643	0.02296	0.01991	0.00427	0.00122	0.02357	0.00386	0.03464	0.02315
4	0.00506	0.00387	0.00450	0.00446	0.00538	0.00347	0.00322	0.00624	0.00920	0.01208	0.34704	0.10472	0.36269	0.10336	0.00628	0.00157	0.00213	0.00769	0.00372	0.00331
5	0.40369	0.00880	0.00885	0.00777	0.05242	0.00976	0.00600	0.31637	0.05162	0.08807	0.00828	0.00856	0.00601	0.00416	0.00322	0.00119	0.00358	0.00295	0.00320	0.00548
6	0.00552	0.00408	0.00592	0.00593	0.00655	0.00462	0.00449	0.00677	0.00648	0.00926	0.05783	0.04567	0.01218	0.10822	0.69161	0.00555	0.00898	0.00469	0.00228	0.00335
7	0.00558	0.00397	0.00530	0.00530	0.00568	0.00434	0.00369	0.00633	0.00596	0.00831	0.01123	0.01992	0.01173	0.41549	0.46476	0.00509	0.00732	0.00484	0.00220	0.00295
8	0.01056	0.82665	0.01988	0.00679	0.01004	0.05409	0.00667	0.01179	0.00802	0.00914	0.00542	0.00625	0.00498	0.00335	0.00253	0.00084	0.00428	0.00209	0.00167	0.00495
9	0.00804	0.00689	0.00804	0.00574	0.00919	0.00517	0.00459	0.00976	0.00804	0.01263	0.00689	0.00804	0.00574	0.00287	0.00287	0.00057	0.00287	0.00230	0.00230	0.88745
10	0.00547	0.00371	0.00431	0.00445	0.00454	0.00368	0.00262	0.00563	0.00602	0.00800	0.01432	0.15493	0.03802	0.68791	0.03774	0.00342	0.00364	0.00650	0.00257	0.00253
11	0.17199	0.27357	0.03618	0.00769	0.01040	0.18273	0.00668	0.12129	0.04088	0.06754	0.00710	0.00772	0.00562	0.00402	0.00349	0.00107	0.04185	0.00264	0.00245	0.00509
12	0.00653	0.00453	0.00532	0.00506	0.00621	0.01812	0.00380	0.00850	0.05293	0.07231	0.42445	0.12326	0.18805	0.00816	0.00441	0.00126	0.00216	0.00708	0.05400	0.00387
13	0.00620	0.00437	0.00543	0.00527	0.00564	0.00470	0.00356	0.05260	0.00659	0.00901	0.01165	0.06324	0.01261	0.50159	0.23415	0.03284	0.02995	0.00526	0.00239	0.00295
14	0.08668	0.19164	0.16849	0.00824	0.01178	0.02074	0.08680	0.04681	0.04089	0.06939	0.00823	0.04811	0.00676	0.00397	0.00333	0.00103	0.00417	0.00321	0.00237	0.18737

[dist]
# distance from previous block
# <min> <max>
0	1

[block]
# block no. 1 follows, 70 sequences, length 19
# corresponding to MSA columns:
# 145-163
name=unknown_B
#
# <colnr> <probs for GDERKNQSTAVLIFYWHMCP>
#	G	D	E	R	K	N	Q	S	T	A	V	L	I	F	Y	W	H	M	C	P
0	0.13451	0.03263	0.04570	0.02058	0.09359	0.05761	0.00687	0.14261	0.10881	0.11516	0.02681	0.08539	0.04276	0.00542	0.00436	0.00126	0.06333	0.00423	0.00311	0.00527
1	0.00563	0.00391	0.00471	0.00472	0.00559	0.00352	0.00338	0.00663	0.00883	0.04937	0.26192	0.20592	0.29174	0.08736	0.00638	0.03325	0.00226	0.00784	0.00367	0.00337
2	0.02929	0.00962	0.07022	0.20482	0.27660	0.03012	0.16565	0.08212	0.00928	0.01274	0.00833	0.01101	0.02493	0.04304	0.00468	0.00134	0.00507	0.00378	0.00210	0.00524
3	0.02759	0.11101	0.14087	0.01083	0.11002	0.13252	0.06020	0.12164	0.06319	0.02576	0.00798	0.02946	0.00647	0.00413	0.00393	0.00110	0.03934	0.00324	0.00238	0.09838
4	0.02881	0.18872	0.51081	0.00962	0.01400	0.01002	0.03170	0.02185	0.00810	0.01160	0.00780	0.00992	0.02122	0.00514	0.03813	0.00139	0.04219	0.03191	0.00182	0.00526
5	0.00539	0.00412	0.00532	0.00535	0.00596	0.00393	0.04068	0.00644	0.04063	0.00962	0.02101	0.36694	0.17433	0.28117	0.00951	0.00219	0.00290	0.00821	0.00314	0.00313
6	0.01685	0.09175	0.27290	0.04384	0.04586	0.03173	0.07150	0.05951	0.00895	0.03244	0.05560	0.13583	0.02516	0.00576	0.00443	0.00129	0.04705	0.04220	0.00246	0.00490
7	0.02848	0.04870	0.09951	0.02960	0.26562	0.00969	0.10306	0.16117	0.04766	0.08217	0.00928	0.02294	0.02203	0.00429	0.00432	0.00122	0.04814	0.00371	0.00262	0.00579
8	0.00838	0.00778	0.01095	0.17572	0.20496	0.05875	0.04342	0.04708	0.00880	0.03236	0.03431	0.07871	0.13860	0.00643	0.02569	0.00142	0.10466	0.00487	0.00248	0.00465
9	0.00639	0.00483	0.00628	0.04025	0.00747	0.00489	0.03345	0.07982	0.04617	0.01172	0.11271	0.37280	0.04663	0.19901	0.00798	0.00194	0.00301	0.00776	0.00331	0.00360
10	0.00837	0.02038	0.00951	0.08979	0.04252	0.02570	0.02096	0.02410	0.00817	0.01223	0.00681	0.00836	0.00565	0.00331	0.00369	0.00078	0.05815	0.00259	0.00219	0.64673
11	0.00486	0.00352	0.00437	0.00497	0.00532	0.00327	0.00328	0.00547	0.00732	0.00957	0.02245	0.59088	0.14542	0.16136	0.00749	0.00192	0.00247	0.00965	0.00338	0.00303
12	0.02327	0.04610	0.06228	0.08044	0.10317	0.03900	0.10764	0.08609	0.28874	0.04801	0.01081	0.01133	0.01578	0.00429	0.00382	0.00119	0.00427	0.00376	0.00290	0.05711
13	0.01406	0.04905	0.01116	0.00947	0.01165	0.65365	0.00726	0.11097	0.03319	0.03134	0.02870	0.00815	0.00630	0.00420	0.00355	0.00103	0.00624	0.00280	0.00238	0.00483
14	0.00514	0.00379	0.00473	0.00514	0.00569	0.00359	0.00354	0.00646	0.04379	0.01111	0.17690	0.50407	0.11840	0.08152	0.00602	0.00165	0.00230	0.00921	0.00364	0.00332
15	0.00819	0.00806	0.01140	0.04728	0.01064	0.01115	0.00828	0.00916	0.00604	0.00933	0.00560	0.00912	0.00547	0.00848	0.08087	0.00205	0.74951	0.00346	0.00173	0.00418
16	0.00644	0.00349	0.00509	0.00508	0.00525	0.00348	0.00348	0.00538	0.00579	0.00779	0.07566	0.03317	0.03822	0.01388	0.06781	0.70825	0.00363	0.00405	0.00203	0.00205
17	0.00921	0.00894	0.01493	0.22165	0.53779	0.02607	0.06315	0.03043	0.00879	0.01212	0.00720	0.00974	0.00585	0.00366	0.00409	0.00120	0.02417	0.00350	0.00192	0.00558
18	0.00946	0.07623	0.01987	0.06772	0.05955	0.00737	0.00606	0.09251	0.07533	0.12109	0.01167	0.13700	0.01063	0.07935	0.04968	0.00164	0.02895	0.00465	0.01918	0.12205

[dist]
# distance from previous block
# <min> <max>
3	10

[block]
# block no. 2 follows, 70 sequences, length 19
# corresponding to MSA columns:
# 176-194
name=unknown_C
#
# <colnr> <probs for GDERKNQSTAVLIFYWHMCP>
#	G	D	E	R	K	N	Q	S	T	A	V	L	I	F	Y	W	H	M	C	P
0	0.03099	0.00908	0.00944	0.00791	0.03356	0.10228	0.02368	0.17408	0.15204	0.04393	0.06631	0.03226	0.00959	0.00445	0.00358	0.00100	0.00370	0.00359	0.00310	0.28544
1	0.02233	0.00394	0.00498	0.00535	0.00602	0.00376	0.00379	0.00698	0.04090	0.03503	0.19578	0.51337	0.09058	0.01084	0.02664	0.00157	0.00244	0.01844	0.00373	0.00352
2	0.00884	0.00815	0.01333	0.38549	0.40085	0.00898	0.01084	0.06793	0.00908	0.01237	0.03240	0.01049	0.00667	0.00386	0.00388	0.00122	0.00474	0.00356	0.00204	0.00530
3	0.01090	0.00885	0.00972	0.00866	0.04634	0.00989	0.00658	0.25904	0.48641	0.01836	0.05462	0.01324	0.01108	0.00506	0.00392	0.00123	0.00342	0.00414	0.00380	0.03476
4	0.00483	0.00394	0.00428	0.00436	0.00547	0.00344	0.00321	0.00609	0.02687	0.01115	0.13650	0.16513	0.59144	0.00985	0.00462	0.00134	0.00202	0.00840	0.00369	0.00336
5	0.05531	0.08488	0.09479	0.03943	0.11245	0.05920	0.00768	0.12302	0.05312	0.05594	0.00784	0.00880	0.00610	0.00383	0.00373	0.00101	0.03857	0.00292	0.00250	0.23888
6	0.00988	0.07308	0.03829	0.12184	0.10919	0.11289	0.10683	0.13569	0.02069	0.02659	0.04170	0.07870	0.04248	0.00507	0.00404	0.00120	0.01396	0.02305	0.00259	0.03223
7	0.00482	0.00348	0.00456	0.00525	0.00563	0.00323	0.00357	0.00567	0.00798	0.01070	0.13417	0.70321	0.07049	0.01144	0.00488	0.00151	0.00218	0.01032	0.00369	0.00323
8	0.00917	0.13267	0.01147	0.03752	0.03602	0.04649	0.05276	0.05730	0.04447	0.01257	0.00756	0.00938	0.00636	0.00361	0.00348	0.00085	0.03003	0.02589	0.00232	0.47008
9	0.00528	0.00392	0.00487	0.00487	0.00569	0.00363	0.00352	0.00684	0.02863	0.01312	0.47134	0.21016	0.16168	0.05222	0.00541	0.00144	0.00207	0.00794	0.00391	0.00348
10	0.04685	0.08879	0.24840	0.03907	0.19119	0.12928	0.02337	0.08719	0.06411	0.02308	0.00757	0.00875	0.00586	0.00389	0.00372	0.00115	0.01692	0.00306	0.00219	0.00555
11	0.00529	0.00364	0.00446	0.00481	0.00509	0.00350	0.00312	0.00560	0.00672	0.00882	0.01847	0.32780	0.11354	0.34908	0.02851	0.06961	0.00310	0.03317	0.00293	0.00276
12	0.00656	0.02397	0.03256	0.00619	0.02826	0.00525	0.02018	0.00908	0.10072	0.03888	0.29343	0.10573	0.20576	0.04637	0.00538	0.00140	0.03556	0.00662	0.02406	0.00404
13	0.03532	0.01352	0.36832	0.01834	0.03856	0.06668	0.02726	0.05969	0.04563	0.06780	0.05572	0.03023	0.02045	0.00430	0.00367	0.00112	0.00458	0.00347	0.00246	0.13288
14	0.00899	0.10637	0.65843	0.01025	0.01542	0.00977	0.01262	0.07727	0.00907	0.04651	0.00732	0.00827	0.00524	0.00377	0.00358	0.00118	0.00535	0.00287	0.00195	0.00576
15	0.03279	0.07562	0.00793	0.00621	0.00805	0.03845	0.00492	0.09593	0.21184	0.03183	0.15426	0.04745	0.22638	0.01627	0.02383	0.00137	0.00309	0.00558	0.00355	0.00465
16	0.05675	0.10209	0.10280	0.02971	0.04780	0.04300	0.02449	0.06357	0.02795	0.03328	0.00739	0.02043	0.00602	0.00360	0.00341	0.00090	0.02467	0.00278	0.00231	0.39707
17	0.05373	0.07274	0.08381	0.05700	0.17150	0.11450	0.03654	0.07253	0.02507	0.06458	0.02538	0.06221	0.05935	0.03093	0.00459	0.00126	0.03786	0.00405	0.00252	0.01986
18	0.05988	0.06209	0.04342	0.05606	0.14569	0.08684	0.02270	0.17097	0.04571	0.09387	0.03691	0.07321	0.02639	0.00546	0.02126	0.00129	0.02019	0.00405	0.00290	0.02111

[dist]
# distance from previous block
# <min> <max>
2	38

[block]
# block no. 3 follows, 70 sequences, length 11
# corresponding to MSA columns:
# 233-243
name=unknown_D
#
# <colnr> <probs for GDERKNQSTAVLIFYWHMCP>
#	G	D	E	R	K	N	Q	S	T	A	V	L	I	F	Y	W	H	M	C	P
0	0.02928	0.07566	0.08021	0.08181	0.16573	0.12829	0.03675	0.10496	0.07586	0.01356	0.08638	0.02215	0.03488	0.00464	0.00378	0.00115	0.00448	0.01415	0.00259	0.03368
1	0.00747	0.00622	0.00734	0.00608	0.02242	0.00534	0.00466	0.03796	0.06320	0.01325	0.13115	0.06375	0.09650	0.00528	0.00374	0.00092	0.01657	0.02109	0.00296	0.48412
2	0.00571	0.00413	0.00546	0.00539	0.00593	0.00438	0.00382	0.00660	0.00653	0.00926	0.05639	0.09788	0.01385	0.30595	0.36523	0.00419	0.02383	0.00534	0.02812	0.04202
3	0.00631	0.00465	0.00536	0.00519	0.00637	0.00445	0.00388	0.05336	0.06668	0.04357	0.17221	0.17169	0.32550	0.05778	0.02995	0.00162	0.00264	0.03132	0.00369	0.00379
4	0.00864	0.00793	0.01164	0.37469	0.22218	0.06418	0.02607	0.03775	0.00868	0.03362	0.00925	0.04628	0.00829	0.05073	0.00487	0.00142	0.00478	0.07209	0.00221	0.00472
5	0.00534	0.00384	0.00449	0.00474	0.00533	0.00364	0.00326	0.00630	0.02373	0.01013	0.06927	0.24758	0.21608	0.25821	0.02328	0.00217	0.00280	0.05517	0.05156	0.00309
6	0.00594	0.00416	0.00532	0.00577	0.00674	0.00388	0.00464	0.00726	0.00877	0.04903	0.06249	0.21263	0.24767	0.01037	0.00495	0.00156	0.00276	0.34885	0.00367	0.00354
7	0.00608	0.00430	0.00486	0.00478	0.00544	0.02551	0.00324	0.00690	0.00815	0.04855	0.23512	0.13961	0.14320	0.33538	0.01036	0.00224	0.00284	0.00694	0.00331	0.00319
8	0.00510	0.00392	0.00462	0.00450	0.00552	0.00349	0.00333	0.00649	0.00982	0.01305	0.46055	0.06371	0.35842	0.03420	0.00504	0.00134	0.00196	0.00759	0.00392	0.00344
9	0.04989	0.01084	0.03539	0.03588	0.20833	0.12658	0.10049	0.19639	0.11771	0.01527	0.00978	0.01075	0.03803	0.00435	0.00405	0.00120	0.02307	0.00368	0.00270	0.00561
10	0.00794	0.00430	0.00469	0.00439	0.00552	0.00431	0.00334	0.05803	0.00890	0.06443	0.05743	0.01619	0.04533	0.03496	0.05397	0.00138	0.00263	0.00409	0.61428	0.00391

[dist]
# distance from previous block
# <min> <max>
0	1

[block]
# block no. 4 follows, 70 sequences, length 23
# corresponding to MSA columns:
# 245-267
name=unknown_E
#
# <colnr> <probs for GDERKNQSTAVLIFYWHMCP>
#	G	D	E	R	K	N	Q	S	T	A	V	L	I	F	Y	W	H	M	C	P
0	0.01014	0.19206	0.17414	0.02033	0.04097	0.09219	0.03661	0.11804	0.09398	0.04789	0.01194	0.04499	0.09082	0.00490	0.00365	0.00114	0.00442	0.00388	0.00263	0.00527
1	0.03897	0.21442	0.01319	0.00833	0.01123	0.14106	0.00701	0.42027	0.06280	0.03452	0.00826	0.00852	0.00627	0.00424	0.00345	0.00107	0.00453	0.00302	0.00304	0.00579
2	0.00582	0.00469	0.00516	0.00516	0.00627	0.02857	0.00388	0.00782	0.07384	0.02382	0.24583	0.16519	0.33844	0.00915	0.00460	0.00135	0.00233	0.06062	0.00377	0.00368
3	0.00973	0.55318	0.23852	0.03400	0.01266	0.05000	0.03237	0.01193	0.00813	0.01009	0.00595	0.00702	0.00499	0.00346	0.00295	0.00097	0.00479	0.00242	0.00168	0.00514
4	0.00891	0.20499	0.28314	0.00903	0.04845	0.02087	0.02358	0.03760	0.14867	0.03479	0.01254	0.02435	0.10131	0.00486	0.00364	0.00117	0.00428	0.02002	0.00250	0.00532
5	0.00554	0.00415	0.00623	0.00623	0.00692	0.00485	0.00485	0.00692	0.00623	0.00900	0.01038	0.01523	0.00969	0.02908	0.84839	0.00623	0.01038	0.00415	0.00208	0.00346
6	0.00763	0.00721	0.01219	0.74131	0.13740	0.00869	0.01092	0.01018	0.00790	0.01028	0.00695	0.01024	0.00530	0.00382	0.00387	0.00127	0.00509	0.00345	0.00175	0.00456
7	0.05970	0.01029	0.01029	0.00821	0.01104	0.11991	0.00666	0.39043	0.07216	0.25547	0.01084	0.01033	0.00749	0.00460	0.00376	0.00116	0.00420	0.00347	0.00382	0.00616
8	0.01000	0.00949	0.01613	0.07241	0.46802	0.00967	0.18428	0.11460	0.05112	0.01409	0.00806	0.01003	0.00636	0.00368	0.00401	0.00120	0.00493	0.00374	0.00226	0.00589
9	0.00620	0.00414	0.00525	0.00489	0.00600	0.00374	0.00369	0.00785	0.01057	0.07553	0.63270	0.04656	0.16202	0.00809	0.00453	0.00124	0.00197	0.00705	0.00419	0.00380
10	0.00732	0.00689	0.01163	0.85444	0.02670	0.00861	0.01077	0.00991	0.00775	0.00991	0.00689	0.01034	0.00517	0.00388	0.00388	0.00129	0.00517	0.00345	0.00172	0.00431
11	0.00844	0.00758	0.00868	0.00713	0.06384	0.04475	0.00521	0.01017	0.00823	0.01249	0.00688	0.00809	0.00573	0.00296	0.00296	0.00063	0.00318	0.00238	0.00226	0.78841
12	0.00478	0.00348	0.00447	0.00517	0.00555	0.00321	0.00349	0.00554	0.00775	0.01024	0.07345	0.69214	0.11806	0.03646	0.00531	0.00159	0.00223	0.01030	0.00360	0.00317
13	0.00532	0.00401	0.00440	0.00433	0.00557	0.00343	0.00323	0.00643	0.00913	0.04995	0.15298	0.10592	0.61258	0.00951	0.00458	0.00131	0.00203	0.00806	0.00375	0.00347
14	0.00826	0.00814	0.01235	0.47355	0.20269	0.06398	0.04588	0.01078	0.03164	0.01078	0.00867	0.05776	0.02436	0.00444	0.00411	0.00127	0.02064	0.00398	0.00200	0.00473
15	0.00929	0.04569	0.37835	0.04058	0.04099	0.03468	0.29657	0.01274	0.00878	0.07135	0.00776	0.00935	0.00564	0.00366	0.00410	0.00124	0.01822	0.00354	0.00200	0.00549
16	0.00673	0.00337	0.00505	0.00505	0.00505	0.00337	0.00337	0.00505	0.00505	0.00673	0.00673	0.01178	0.00673	0.01347	0.01515	0.88721	0.00337	0.00337	0.00168	0.00168
17	0.00510	0.00375	0.00487	0.00565	0.02149	0.00360	0.00375	0.00613	0.03118	0.01012	0.04613	0.63048	0.07260	0.09270	0.02908	0.00187	0.00267	0.02213	0.00344	0.00325
18	0.04121	0.00972	0.02801	0.01262	0.27855	0.10009	0.00787	0.10984	0.03948	0.03297	0.00767	0.00887	0.00613	0.00357	0.00344	0.00095	0.00413	0.00295	0.00244	0.29949
19	0.04595	0.03094	0.05394	0.03990	0.03546	0.13556	0.05994	0.19343	0.09327	0.07407	0.05156	0.04687	0.04769	0.00508	0.00418	0.00119	0.03686	0.00406	0.00303	0.03700
20	0.00952	0.00995	0.07666	0.00866	0.04582	0.16854	0.04114	0.14971	0.05962	0.01369	0.06121	0.19167	0.04257	0.01801	0.00431	0.00128	0.00415	0.03363	0.03061	0.02926
21	0.06237	0.05101	0.08340	0.00785	0.07958	0.01593	0.03679	0.02713	0.01933	0.03810	0.38696	0.03155	0.10639	0.00670	0.01362	0.00127	0.01884	0.00550	0.00332	0.00437
22	0.05525	0.14136	0.11500	0.02792	0.06942	0.07742	0.02751	0.11727	0.09816	0.06467	0.03857	0.04567	0.02960	0.05147	0.00470	0.00131	0.02295	0.00384	0.00273	0.00518

[dist]
# distance from previous block
# <min> <max>
1	32

[block]
# block no. 5 follows, 70 sequences, length 13
# corresponding to MSA columns:
# 300-312
name=unknown_F
#
# <colnr> <probs for GDERKNQSTAVLIFYWHMCP>
#	G	D	E	R	K	N	Q	S	T	A	V	L	I	F	Y	W	H	M	C	P
0	0.02036	0.03238	0.08603	0.05051	0.12592	0.06461	0.00723	0.06646	0.03856	0.02350	0.05733	0.01168	0.02448	0.01571	0.04722	0.00127	0.00424	0.01887	0.00247	0.30117
1	0.00791	0.00589	0.00686	0.00611	0.00761	0.01774	0.00474	0.10758	0.07183	0.04512	0.21854	0.14117	0.08044	0.00750	0.02097	0.00132	0.05292	0.02194	0.07636	0.09745
2	0.10085	0.05872	0.17800	0.01064	0.16805	0.00836	0.00832	0.07490	0.06167	0.02797	0.03646	0.05104	0.07978	0.00595	0.03048	0.00138	0.03004	0.03301	0.00259	0.03177
3	0.00748	0.00540	0.00694	0.08748	0.00867	0.04250	0.00492	0.00762	0.00683	0.03437	0.05562	0.01318	0.04649	0.01077	0.07798	0.39693	0.05415	0.00369	0.00215	0.12683
4	0.00663	0.00467	0.00637	0.00673	0.05565	0.00444	0.02406	0.00794	0.00849	0.07854	0.10022	0.10802	0.22784	0.09134	0.10954	0.00222	0.00383	0.14638	0.00331	0.00377
5	0.05754	0.00420	0.00454	0.00449	0.00570	0.00377	0.00331	0.00682	0.00866	0.05975	0.10196	0.15812	0.50882	0.04860	0.00517	0.00144	0.00222	0.00779	0.00360	0.00349
6	0.00506	0.00382	0.00454	0.00470	0.00548	0.00346	0.00337	0.00614	0.00876	0.01149	0.25773	0.21641	0.29969	0.10913	0.00646	0.00165	0.00227	0.04294	0.00364	0.00326
7	0.00586	0.00493	0.00690	0.00669	0.00739	0.03597	0.08800	0.00680	0.00738	0.00973	0.01700	0.48823	0.03352	0.14592	0.08040	0.00227	0.02053	0.02613	0.00301	0.00335
8	0.00637	0.00513	0.00686	0.02886	0.00761	0.00599	0.00505	0.00837	0.09131	0.01011	0.06163	0.07942	0.06364	0.11001	0.33179	0.03676	0.12977	0.00511	0.00255	0.00366
9	0.05097	0.04677	0.04353	0.00749	0.04020	0.00760	0.00600	0.15044	0.13114	0.14636	0.09929	0.06677	0.08866	0.00614	0.00414	0.00125	0.01925	0.04365	0.03515	0.00519
10	0.08589	0.11383	0.01047	0.00786	0.02836	0.32068	0.00611	0.06920	0.00993	0.01234	0.05484	0.00993	0.04531	0.00415	0.00328	0.00094	0.00460	0.00297	0.00239	0.20691
11	0.04810	0.03750	0.11996	0.00948	0.04889	0.08253	0.03733	0.33743	0.08308	0.07806	0.01007	0.03164	0.02256	0.00458	0.00376	0.00116	0.00443	0.00361	0.00315	0.03269
12	0.09184	0.25283	0.23505	0.00924	0.05851	0.02580	0.00888	0.19097	0.03945	0.04249	0.00748	0.00815	0.00570	0.00387	0.00329	0.00109	0.00450	0.00282	0.00241	0.00561

[dist]
# distance from previous block
# <min> <max>
2	14

[block]
# block no. 6 follows, 70 sequences, length 13
# corresponding to MSA columns:
# 329-341
name=unknown_G
#
# <colnr> <probs for GDERKNQSTAVLIFYWHMCP>
#	G	D	E	R	K	N	Q	S	T	A	V	L	I	F	Y	W	H	M	C	P
0	0.00819	0.00667	0.00843	0.04475	0.11166	0.00718	0.00623	0.05003	0.28697	0.03280	0.18191	0.04764	0.07113	0.02759	0.02158	0.00147	0.01879	0.05853	0.00351	0.00495
1	0.05070	0.01146	0.01095	0.05155	0.02886	0.16636	0.00736	0.50730	0.04573	0.03383	0.00917	0.02324	0.00704	0.00471	0.00380	0.00117	0.00466	0.02295	0.00333	0.00583
2	0.00566	0.00422	0.00528	0.01803	0.00631	0.00409	0.00386	0.01883	0.00820	0.02465	0.14314	0.37244	0.16209	0.10736	0.00675	0.00168	0.04243	0.02068	0.00341	0.04090
3	0.00632	0.00486	0.00571	0.00571	0.01810	0.02128	0.00400	0.04785	0.02921	0.00999	0.01664	0.09688	0.13195	0.33849	0.15619	0.00313	0.02396	0.05997	0.00276	0.01702
4	0.00990	0.40066	0.33003	0.00894	0.01300	0.07182	0.03141	0.03255	0.00855	0.03296	0.00644	0.00744	0.00514	0.00365	0.00336	0.00104	0.02339	0.00258	0.00182	0.00530
5	0.00960	0.00921	0.01574	0.02380	0.83957	0.00921	0.01190	0.01190	0.00883	0.01267	0.00729	0.00960	0.00614	0.00345	0.00384	0.00115	0.00461	0.00345	0.00192	0.00614
6	0.00498	0.00367	0.00438	0.00480	0.00531	0.00339	0.00325	0.00565	0.00753	0.00971	0.04313	0.39780	0.23673	0.20746	0.00826	0.00201	0.00257	0.04302	0.00333	0.00303
7	0.02972	0.00963	0.03870	0.05182	0.39063	0.07377	0.03979	0.10523	0.03764	0.05428	0.02809	0.04225	0.02008	0.00453	0.00420	0.00121	0.03443	0.01575	0.01268	0.00558
8	0.00996	0.00872	0.01085	0.02627	0.30820	0.09356	0.00791	0.11753	0.07074	0.05746	0.07069	0.05528	0.08667	0.02045	0.00433	0.00126	0.00403	0.03787	0.00295	0.00528
9	0.01059	0.81964	0.01980	0.00682	0.01006	0.06098	0.00668	0.01182	0.00805	0.00914	0.00542	0.00626	0.00498	0.00335	0.00254	0.00084	0.00430	0.00210	0.00168	0.00495
10	0.00564	0.00376	0.00423	0.00423	0.00423	0.00376	0.00235	0.00564	0.00564	0.00752	0.01222	0.02537	0.01409	0.86375	0.01973	0.00376	0.00376	0.00564	0.00235	0.00235
11	0.19394	0.04609	0.05418	0.00683	0.00973	0.11191	0.02213	0.06651	0.02592	0.03616	0.02922	0.00878	0.00658	0.00368	0.00307	0.00093	0.00372	0.00271	0.05086	0.31706
12	0.07569	0.09036	0.08753	0.00801	0.03761	0.08141	0.02405	0.08519	0.10559	0.09533	0.04623	0.02369	0.04610	0.05018	0.01404	0.00131	0.02279	0.00373	0.00286	0.09829

[dist]
# distance from previous block
# <min> <max>
1	32

[block]
# block no. 7 follows, 70 sequences, length 9
# corresponding to MSA columns:
# 375-383
name=unknown_H
#
# <colnr> <probs for GDERKNQSTAVLIFYWHMCP>
#	G	D	E	R	K	N	Q	S	T	A	V	L	I	F	Y	W	H	M	C	P
0	0.00870	0.00872	0.02358	0.31371	0.16181	0.08045	0.04659	0.02758	0.04783	0.01137	0.03378	0.02440	0.00720	0.00517	0.03158	0.00139	0.09634	0.00363	0.00210	0.06407
1	0.00738	0.00448	0.00502	0.00474	0.00596	0.00437	0.00357	0.00991	0.09768	0.08083	0.18167	0.05825	0.15026	0.03361	0.00425	0.00122	0.00217	0.00552	0.33508	0.00402
2	0.00532	0.00399	0.00473	0.00488	0.00547	0.00389	0.00338	0.00628	0.02703	0.00984	0.07807	0.20596	0.23537	0.27535	0.06447	0.00246	0.01974	0.03753	0.00313	0.00310
3	0.00851	0.01134	0.24076	0.14107	0.27094	0.00845	0.12189	0.01141	0.00850	0.04004	0.02461	0.05805	0.00762	0.02472	0.00436	0.00130	0.00501	0.00401	0.00207	0.00534
4	0.00528	0.00400	0.00473	0.00496	0.00572	0.00377	0.00351	0.02237	0.03358	0.01088	0.11068	0.32688	0.28001	0.11118	0.03380	0.00185	0.00265	0.02734	0.00349	0.00333
5	0.00869	0.00807	0.01304	0.21782	0.45657	0.00851	0.01013	0.01087	0.00826	0.01187	0.00727	0.00976	0.00598	0.00376	0.00427	0.00114	0.06035	0.00332	0.04483	0.10549
6	0.05376	0.02850	0.14264	0.00934	0.01245	0.01004	0.09554	0.30581	0.13647	0.03794	0.04824	0.01165	0.03424	0.00480	0.00436	0.00124	0.05028	0.00386	0.00313	0.00573
7	0.02980	0.07689	0.08676	0.00779	0.06311	0.06695	0.00625	0.11365	0.02456	0.01383	0.22445	0.01893	0.14412	0.04749	0.00501	0.00130	0.03208	0.00493	0.00306	0.02903
8	0.03586	0.02235	0.08392	0.00701	0.00845	0.02975	0.00600	0.06791	0.00752	0.03052	0.00961	0.01383	0.00872	0.08158	0.52239	0.00448	0.04997	0.00390	0.00223	0.00401

[dist]
# distance from previous block
# <min> <max>
0	14

[block]
# block no. 8 follows, 70 sequences, length 29
# corresponding to MSA columns:
# 398-426
name=unknown_I
#
# <colnr> <probs for GDERKNQSTAVLIFYWHMCP>
#	G	D	E	R	K	N	Q	S	T	A	V	L	I	F	Y	W	H	M	C	P
0	0.00900	0.15877	0.46739	0.02413	0.01450	0.04834	0.06368	0.04788	0.01761	0.02983	0.00759	0.02973	0.00608	0.03479	0.00436	0.00126	0.02455	0.00321	0.00195	0.00533
1	0.00793	0.02759	0.04953	0.00621	0.00748	0.03589	0.01830	0.10427	0.04196	0.04988	0.12645	0.09999	0.02993	0.33504	0.02442	0.00230	0.02037	0.00558	0.00302	0.00388
2	0.00670	0.00398	0.00578	0.00560	0.00595	0.00414	0.01775	0.04024	0.00608	0.00824	0.00873	0.06197	0.00881	0.06657	0.17516	0.56097	0.00477	0.00412	0.00201	0.00242
3	0.04607	0.01329	0.01071	0.02275	0.05887	0.40818	0.02166	0.14290	0.12344	0.06751	0.01804	0.03308	0.00745	0.00453	0.00370	0.00113	0.00528	0.00338	0.00281	0.00523
4	0.10856	0.06870	0.14975	0.03752	0.03803	0.07032	0.08081	0.15520	0.03898	0.02805	0.00989	0.07189	0.03523	0.00559	0.02441	0.00136	0.05038	0.01768	0.00257	0.00508
5	0.00571	0.00417	0.00496	0.00517	0.00589	0.00405	0.00364	0.00735	0.07785	0.02664	0.08121	0.30592	0.18815	0.18970	0.02434	0.00203	0.00280	0.05364	0.00341	0.00339
6	0.02686	0.00683	0.00747	0.00662	0.00838	0.04959	0.02516	0.21042	0.02287	0.05411	0.09801	0.09072	0.22249	0.02174	0.00460	0.00136	0.00325	0.11145	0.02361	0.00448
7	0.04869	0.01054	0.02431	0.00868	0.01099	0.20683	0.07315	0.17843	0.08507	0.11331	0.05331	0.06076	0.03840	0.00589	0.02247	0.00133	0.02638	0.02313	0.00319	0.00517
8	0.03474	0.00991	0.03974	0.08755	0.19451	0.09025	0.16775	0.11120	0.01897	0.06025	0.00914	0.04204	0.02217	0.03921	0.00513	0.00134	0.05441	0.00401	0.00244	0.00523
9	0.00500	0.00378	0.00455	0.00507	0.00567	0.00352	0.00354	0.00610	0.03518	0.01015	0.02520	0.49811	0.24320	0.08324	0.00609	0.00169	0.00239	0.05076	0.00350	0.00324
10	0.02317	0.00895	0.01523	0.15439	0.62008	0.00924	0.06102	0.03871	0.00895	0.01268	0.00730	0.00970	0.00596	0.00355	0.00387	0.00118	0.00478	0.00350	0.00196	0.00578
11	0.01146	0.10480	0.04787	0.05150	0.10811	0.12167	0.05002	0.18370	0.07414	0.09204	0.02624	0.04820	0.03442	0.00479	0.00399	0.00117	0.02368	0.00388	0.00288	0.00546
12	0.08880	0.02082	0.00816	0.00738	0.02650	0.02396	0.05653	0.15077	0.04705	0.01361	0.01384	0.25752	0.02974	0.05673	0.09904	0.00203	0.01740	0.04097	0.03486	0.00428
13	0.00527	0.00405	0.00486	0.00517	0.00594	0.00385	0.00366	0.00711	0.08104	0.01153	0.16672	0.44040	0.21210	0.02345	0.00494	0.00146	0.00221	0.00901	0.00373	0.00352
14	0.03793	0.00431	0.00534	0.00563	0.00646	0.00414	0.00411	0.05260	0.00874	0.05922	0.08872	0.52864	0.09546	0.01033	0.00471	0.00148	0.00249	0.07233	0.00369	0.00366
15	0.01074	0.17096	0.19419	0.02109	0.04896	0.13062	0.04348	0.09485	0.04534	0.07919	0.01666	0.02376	0.00705	0.03529	0.01400	0.00128	0.02995	0.00331	0.02404	0.00526
16	0.01076	0.00792	0.00861	0.00715	0.00936	0.02200	0.00572	0.32601	0.15135	0.08408	0.12004	0.01841	0.17557	0.00624	0.00436	0.00124	0.02691	0.00502	0.00387	0.00539
17	0.00547	0.00373	0.00423	0.00433	0.00453	0.00363	0.00259	0.00575	0.00635	0.00848	0.03382	0.12397	0.09597	0.63549	0.01566	0.00312	0.00330	0.00648	0.03048	0.00260
18	0.03130	0.08879	0.11419	0.01058	0.02922	0.19924	0.19086	0.07691	0.10989	0.02838	0.03474	0.03681	0.00795	0.00432	0.00381	0.00117	0.00519	0.00374	0.01772	0.00519
19	0.00921	0.05933	0.10090	0.16087	0.11742	0.06571	0.13490	0.04732	0.07172	0.03989	0.00983	0.03316	0.02182	0.04375	0.00489	0.00137	0.02337	0.04717	0.00236	0.00502
20	0.00808	0.00792	0.01313	0.62189	0.16897	0.03526	0.06882	0.01061	0.00814	0.01056	0.00700	0.01011	0.00538	0.00376	0.00391	0.00126	0.00522	0.00350	0.00178	0.00470
21	0.00507	0.00375	0.00503	0.00546	0.00592	0.00378	0.00387	0.00600	0.00740	0.01003	0.08166	0.47131	0.08635	0.05795	0.21119	0.00277	0.01758	0.00843	0.00319	0.00325
22	0.06512	0.12433	0.09228	0.04071	0.09478	0.09520	0.10122	0.08804	0.09172	0.05717	0.02846	0.00978	0.00708	0.00426	0.00431	0.00119	0.07015	0.00337	0.01554	0.00531
23	0.00750	0.00638	0.03620	0.00724	0.03359	0.01526	0.02736	0.10264	0.10161	0.02513	0.06429	0.16072	0.10014	0.09242	0.15068	0.00242	0.02818	0.03087	0.00311	0.00425
24	0.00591	0.00460	0.00548	0.00566	0.00628	0.03444	0.00405	0.04084	0.00751	0.00991	0.01709	0.30835	0.09068	0.16445	0.25464	0.00326	0.00516	0.02549	0.00289	0.00332
25	0.01008	0.05519	0.28087	0.06845	0.06191	0.15977	0.08264	0.10601	0.05749	0.01310	0.02842	0.02104	0.01519	0.00422	0.00393	0.00119	0.01949	0.00342	0.00225	0.00534
26	0.07664	0.14326	0.06710	0.05423	0.09771	0.10834	0.02648	0.15610	0.06236	0.07530	0.01732	0.03983	0.00729	0.00445	0.00382	0.00115	0.03146	0.00342	0.01840	0.00535
27	0.01928	0.01789	0.14912	0.02679	0.10854	0.02730	0.11651	0.05308	0.01869	0.12012	0.02246	0.12450	0.03389	0.05883	0.00544	0.01712	0.01376	0.05894	0.00280	0.00492
28	0.00604	0.00579	0.05215	0.05258	0.00846	0.03501	0.03916	0.02087	0.00844	0.02274	0.04596	0.39109	0.23830	0.00926	0.00455	0.00138	0.00295	0.01894	0.00326	0.03307

[dist]
# distance from previous block
# <min> <max>
0	51

[block]
# block no. 9 follows, 70 sequences, length 28
# corresponding to MSA columns:
# 478-505
name=unknown_J
#
# <colnr> <probs for GDERKNQSTAVLIFYWHMCP>
#	G	D	E	R	K	N	Q	S	T	A	V	L	I	F	Y	W	H	M	C	P
0	0.00763	0.05711	0.42897	0.00910	0.01271	0.00779	0.04965	0.03266	0.05095	0.02923	0.03542	0.17687	0.01089	0.02345	0.04885	0.00159	0.00487	0.00486	0.00240	0.00498
1	0.09851	0.01135	0.06001	0.08773	0.27953	0.18397	0.08262	0.06361	0.00954	0.03994	0.00754	0.03051	0.00615	0.00401	0.00386	0.00118	0.01906	0.00339	0.00221	0.00528
2	0.00601	0.00446	0.00559	0.00619	0.03898	0.00432	0.00428	0.03809	0.05663	0.02802	0.07579	0.43774	0.17020	0.02580	0.01391	0.00154	0.00259	0.05766	0.01847	0.00372
3	0.05950	0.00526	0.00668	0.00615	0.00767	0.00506	0.00469	0.04326	0.02825	0.29530	0.03412	0.30386	0.01614	0.06157	0.06500	0.00187	0.00347	0.04377	0.00379	0.00459
4	0.04711	0.11238	0.11294	0.07020	0.13562	0.14150	0.05344	0.06076	0.03011	0.02097	0.02524	0.05742	0.02077	0.00561	0.03486	0.00137	0.04024	0.02220	0.00228	0.00497
5	0.00605	0.00471	0.00630	0.00617	0.00718	0.00452	0.05619	0.06194	0.04155	0.02279	0.04062	0.51058	0.18471	0.01013	0.00472	0.00146	0.00266	0.02046	0.00356	0.00372
6	0.00547	0.00390	0.00518	0.00531	0.00569	0.00415	0.00370	0.00624	0.00634	0.00873	0.02632	0.12642	0.03096	0.34769	0.37440	0.00442	0.00636	0.02327	0.00247	0.00299
7	0.04470	0.02825	0.09015	0.02533	0.06345	0.06660	0.04634	0.08897	0.02688	0.03223	0.03179	0.29317	0.01388	0.03640	0.03933	0.00160	0.02176	0.01456	0.03017	0.00442
8	0.01153	0.31260	0.05642	0.04300	0.06267	0.07900	0.02105	0.14026	0.02414	0.11068	0.01826	0.02510	0.00712	0.00440	0.00389	0.00110	0.05018	0.02066	0.00258	0.00537
9	0.00586	0.00403	0.00507	0.00545	0.00598	0.00393	0.00404	0.00674	0.00754	0.02367	0.04677	0.13029	0.08097	0.35011	0.01092	0.00248	0.00331	0.29663	0.00313	0.00307
10	0.13354	0.00979	0.02825	0.20938	0.13693	0.13374	0.03813	0.06853	0.03275	0.05346	0.00747	0.00928	0.00582	0.00441	0.01160	0.00127	0.08493	0.00320	0.02256	0.00495
11	0.00533	0.00426	0.00627	0.02632	0.00735	0.00400	0.07730	0.00636	0.00781	0.01028	0.03875	0.51942	0.14677	0.07240	0.00588	0.00165	0.00280	0.03767	0.01603	0.00336
12	0.00651	0.03145	0.00698	0.00656	0.02231	0.05670	0.03113	0.00793	0.04745	0.00991	0.04646	0.24369	0.05550	0.17878	0.18573	0.00286	0.03812	0.00640	0.01201	0.00354
13	0.03029	0.20176	0.36412	0.01084	0.05112	0.09510	0.10197	0.02850	0.01958	0.02134	0.00679	0.00808	0.00527	0.00374	0.00382	0.00114	0.03641	0.00292	0.00186	0.00534
14	0.00884	0.36477	0.38600	0.00972	0.05603	0.01135	0.03627	0.01163	0.00799	0.01077	0.00662	0.00823	0.00544	0.02735	0.03283	0.00130	0.00516	0.00274	0.00170	0.00526
15	0.07776	0.00770	0.00926	0.00721	0.01011	0.00757	0.00594	0.22076	0.03972	0.52717	0.01303	0.01181	0.00855	0.00468	0.00375	0.00119	0.00347	0.00368	0.03031	0.00632
16	0.00808	0.01988	0.00789	0.02696	0.04247	0.04766	0.02723	0.16364	0.05900	0.02270	0.01764	0.36204	0.09576	0.01933	0.03230	0.00157	0.00353	0.03461	0.00336	0.00435
17	0.04372	0.08008	0.06761	0.04635	0.09306	0.11108	0.02317	0.07792	0.05614	0.10156	0.05987	0.12493	0.05185	0.02857	0.00429	0.00127	0.00404	0.00474	0.00294	0.01681
18	0.00765	0.01033	0.23668	0.00953	0.01250	0.00729	0.19781	0.05547	0.02765	0.01253	0.04985	0.08257	0.09384	0.03194	0.04069	0.02191	0.02471	0.00493	0.06748	0.00464
19	0.00561	0.00450	0.00544	0.00576	0.00632	0.04444	0.00416	0.00656	0.00710	0.00939	0.01680	0.34330	0.07325	0.09908	0.32683	0.00351	0.00572	0.02613	0.00282	0.00327
20	0.01044	0.23181	0.22967	0.06493	0.08303	0.13373	0.02812	0.09045	0.03525	0.03014	0.00742	0.02498	0.00597	0.00395	0.00345	0.00109	0.00505	0.00302	0.00212	0.00535
21	0.00842	0.04875	0.23016	0.07090	0.17175	0.03323	0.02132	0.06170	0.03326	0.02325	0.02905	0.07168	0.07913	0.02045	0.01846	0.00139	0.03650	0.03316	0.00241	0.00505
22	0.00518	0.00392	0.00469	0.00510	0.00581	0.00364	0.00358	0.04342	0.00838	0.01081	0.04168	0.53107	0.27212	0.02196	0.01819	0.00157	0.00239	0.00956	0.00359	0.00335
23	0.00881	0.07154	0.13059	0.17242	0.14227	0.04134	0.02090	0.08839	0.05389	0.02744	0.01033	0.08820	0.02769	0.05313	0.03550	0.00155	0.00470	0.01394	0.00241	0.00495
24	0.02505	0.09440	0.13427	0.04772	0.12506	0.08811	0.04961	0.10605	0.09325	0.05015	0.03144	0.02073	0.06674	0.00473	0.00420	0.00120	0.04557	0.00380	0.00260	0.00534
25	0.00890	0.15956	0.10089	0.02586	0.07023	0.07298	0.03102	0.04584	0.07712	0.04637	0.02740	0.15405	0.03658	0.05056	0.01603	0.00141	0.00409	0.03532	0.03110	0.00470
26	0.00552	0.00375	0.00479	0.00513	0.00562	0.00357	0.00352	0.00631	0.00767	0.03885	0.11575	0.42518	0.08638	0.18578	0.06262	0.00225	0.00308	0.02765	0.00336	0.00320
27	0.02650	0.06123	0.05311	0.08137	0.08610	0.10498	0.06323	0.05179	0.11804	0.02224	0.03636	0.07488	0.07053	0.04145	0.00473	0.00132	0.01881	0.03313	0.00269	0.04751

[dist]
# distance from previous block
# <min> <max>
27	91

[block]
# block no. 10 follows, 70 sequences, length 22
# corresponding to MSA columns:
# 610-631
name=unknown_K
#
# <colnr> <probs for GDERKNQSTAVLIFYWHMCP>
#	G	D	E	R	K	N	Q	S	T	A	V	L	I	F	Y	W	H	M	C	P
0	0.01251	0.06063	0.01087	0.00871	0.01117	0.24806	0.00690	0.24893	0.32047	0.01626	0.01057	0.01041	0.00801	0.00462	0.00372	0.00115	0.00458	0.00346	0.00324	0.00574
1	0.00712	0.00630	0.03247	0.01062	0.21884	0.00609	0.01578	0.04515	0.06873	0.01192	0.07013	0.25404	0.04968	0.07528	0.10790	0.00211	0.00421	0.00634	0.00290	0.00440
2	0.00596	0.00428	0.00560	0.00538	0.00580	0.00439	0.03311	0.02785	0.00660	0.00895	0.03374	0.07334	0.01444	0.54588	0.16799	0.00377	0.00493	0.04260	0.00251	0.00291
3	0.10991	0.13598	0.12321	0.05381	0.05924	0.00947	0.15427	0.04877	0.04761	0.03471	0.02281	0.05772	0.00799	0.00567	0.04170	0.00145	0.04342	0.02168	0.01562	0.00496
4	0.00613	0.00447	0.00589	0.00623	0.03247	0.00438	0.02096	0.03625	0.03888	0.03778	0.06132	0.41977	0.11202	0.10653	0.07758	0.00211	0.00336	0.01691	0.00334	0.00361
5	0.00807	0.00782	0.01077	0.08139	0.23624	0.08830	0.05183	0.00978	0.02325	0.01055	0.01072	0.15494	0.02428	0.06309	0.11482	0.00211	0.09028	0.00501	0.00229	0.00446
6	0.00954	0.00775	0.01124	0.09631	0.31168	0.00812	0.02966	0.16562	0.03546	0.02717	0.03233	0.03904	0.02046	0.03903	0.00447	0.00128	0.00395	0.02934	0.12229	0.00526
7	0.04496	0.00503	0.00604	0.00585	0.00659	0.02585	0.00433	0.05841	0.00729	0.01067	0.01160	0.11116	0.01168	0.19490	0.35344	0.00382	0.04311	0.00498	0.08679	0.00350
8	0.00565	0.00455	0.00542	0.04364	0.04448	0.02634	0.00394	0.00652	0.00772	0.00994	0.09155	0.18459	0.24208	0.25128	0.05329	0.00229	0.00335	0.00711	0.00302	0.00324
9	0.00555	0.00379	0.00458	0.00472	0.00487	0.00383	0.00296	0.00589	0.00617	0.00831	0.03292	0.11855	0.01583	0.62291	0.10298	0.00362	0.00422	0.04308	0.00256	0.00264
10	0.02512	0.00606	0.02583	0.04532	0.05148	0.01994	0.03521	0.06760	0.05105	0.04747	0.12498	0.16977	0.17896	0.06318	0.04316	0.01384	0.01724	0.00641	0.00324	0.00413
11	0.03207	0.01002	0.01426	0.22931	0.18967	0.12983	0.16997	0.06001	0.00950	0.07796	0.00774	0.00973	0.00589	0.00389	0.00421	0.00122	0.03374	0.00354	0.00224	0.00521
12	0.00915	0.02423	0.15884	0.05569	0.07044	0.02403	0.37313	0.04906	0.00920	0.05468	0.00985	0.06028	0.03137	0.00472	0.01360	0.00134	0.02480	0.01809	0.00228	0.00520
13	0.02458	0.00585	0.02451	0.02379	0.03351	0.00581	0.00479	0.15939	0.03258	0.03696	0.05975	0.24595	0.05550	0.15356	0.03180	0.00186	0.00332	0.00634	0.08605	0.00411
14	0.02186	0.04784	0.17377	0.08711	0.09856	0.06307	0.06286	0.10025	0.02594	0.01267	0.03448	0.09480	0.04100	0.03398	0.03635	0.00153	0.03846	0.01813	0.00244	0.00488
15	0.00552	0.00425	0.00527	0.00562	0.00626	0.02523	0.02033	0.00673	0.03149	0.02324	0.11525	0.56391	0.10896	0.03573	0.00522	0.00154	0.00249	0.02595	0.00359	0.00342
16	0.00519	0.00380	0.00477	0.00528	0.00578	0.00365	0.00363	0.03457	0.00778	0.01024	0.02204	0.58648	0.14045	0.07923	0.06603	0.00202	0.00298	0.00944	0.00340	0.00325
17	0.00831	0.02206	0.10496	0.04339	0.04978	0.04405	0.23883	0.04066	0.05493	0.03656	0.03077	0.18631	0.03902	0.03018	0.02063	0.00149	0.02010	0.02061	0.00265	0.00471
18	0.00945	0.00762	0.03079	0.02351	0.08718	0.04132	0.05342	0.14205	0.06214	0.08989	0.06526	0.19183	0.04337	0.00680	0.00466	0.00132	0.04692	0.04574	0.04184	0.00488
19	0.02673	0.02799	0.09258	0.00869	0.07714	0.01920	0.03818	0.13662	0.05010	0.01331	0.01457	0.37324	0.02599	0.00806	0.01857	0.00142	0.00362	0.01924	0.00309	0.04164
20	0.01961	0.04439	0.05843	0.00888	0.04511	0.04195	0.04778	0.18531	0.02504	0.21420	0.07087	0.01297	0.03393	0.00658	0.05720	0.00154	0.08892	0.01260	0.00328	0.02143
21	0.01066	0.07285	0.08511	0.03836	0.05738	0.19612	0.09862	0.10825	0.06013	0.03872	0.04233	0.05230	0.00862	0.01567	0.00421	0.00118	0.02575	0.01579	0.00256	0.06541

[dist]
# distance from previous block
# <min> <max>
2	14

[block]
# block no. 11 follows, 70 sequences, length 8
# corresponding to MSA columns:
# 648-655
name=unknown_L
#
# <colnr> <probs for GDERKNQSTAVLIFYWHMCP>
#	G	D	E	R	K	N	Q	S	T	A	V	L	I	F	Y	W	H	M	C	P
0	0.00971	0.05716	0.01066	0.05745	0.13989	0.03663	0.04076	0.11337	0.13030	0.08574	0.03001	0.08169	0.12612	0.00584	0.00423	0.00124	0.02439	0.01742	0.00312	0.02427
1	0.01023	0.07834	0.03367	0.12563	0.06194	0.05293	0.05815	0.15476	0.00994	0.08289	0.04978	0.04222	0.00869	0.04301	0.03271	0.00153	0.14206	0.00395	0.00262	0.00497
2	0.00656	0.00600	0.05705	0.00570	0.00701	0.04851	0.00459	0.00841	0.05897	0.04062	0.07825	0.13027	0.24618	0.11311	0.09419	0.00212	0.00376	0.04524	0.03972	0.00373
3	0.05668	0.00745	0.03866	0.03730	0.08462	0.00752	0.02002	0.15164	0.07844	0.09990	0.05811	0.11292	0.10153	0.02361	0.02615	0.00146	0.06041	0.00514	0.02345	0.00496
4	0.03693	0.05463	0.16126	0.15186	0.17089	0.05685	0.06142	0.03068	0.03366	0.04992	0.03251	0.05665	0.00843	0.00475	0.00424	0.00125	0.03925	0.03742	0.00230	0.00511
5	0.03897	0.00424	0.00548	0.00567	0.00649	0.00409	0.02453	0.00732	0.03514	0.04747	0.05418	0.43959	0.12886	0.04097	0.04045	0.02263	0.00291	0.06594	0.02156	0.00352
6	0.00702	0.00567	0.00628	0.00619	0.00690	0.08671	0.00455	0.00794	0.00741	0.05254	0.03907	0.19775	0.04545	0.17964	0.24857	0.00324	0.05267	0.03617	0.00274	0.00349
7	0.00988	0.03343	0.06783	0.11773	0.19803	0.00948	0.24024	0.09426	0.06402	0.06050	0.00889	0.03555	0.00700	0.00414	0.00433	0.00125	0.03148	0.00401	0.00242	0.00552

[dist]
# distance from previous block
# <min> <max>
0	1

[block]
# block no. 12 follows, 70 sequences, length 11
# corresponding to MSA columns:
# 657-667
name=unknown_M
#
# <colnr> <probs for GDERKNQSTAVLIFYWHMCP>
#	G	D	E	R	K	N	Q	S	T	A	V	L	I	F	Y	W	H	M	C	P
0	0.00750	0.00699	0.05186	0.24289	0.08932	0.03958	0.02118	0.01996	0.02248	0.05518	0.03323	0.23263	0.11737	0.00693	0.00437	0.00133	0.01845	0.00606	0.01839	0.00430
1	0.00636	0.00455	0.00545	0.00548	0.00643	0.00445	0.00398	0.02780	0.10676	0.04930	0.17241	0.32588	0.14941	0.07968	0.00586	0.00160	0.00249	0.03459	0.00372	0.00380
2	0.00785	0.02485	0.03215	0.21413	0.17394	0.01938	0.04493	0.03891	0.02620	0.02094	0.02989	0.07064	0.13120	0.00651	0.02905	0.00145	0.07781	0.03016	0.01540	0.00460
3	0.03842	0.13481	0.04423	0.03047	0.02678	0.09126	0.02998	0.18338	0.07162	0.08430	0.05469	0.08909	0.04461	0.02768	0.03054	0.00139	0.00423	0.00438	0.00305	0.00509
4	0.00559	0.00378	0.00444	0.00448	0.00456	0.00384	0.00265	0.00576	0.00577	0.00777	0.01243	0.06035	0.01415	0.74307	0.10249	0.00391	0.00436	0.00572	0.00238	0.00250
5	0.00538	0.00415	0.00529	0.00552	0.00633	0.00398	0.01947	0.02799	0.03915	0.01110	0.08532	0.44967	0.21312	0.01188	0.06759	0.00181	0.00296	0.03226	0.00352	0.00349
6	0.02057	0.01074	0.02652	0.06390	0.05869	0.27309	0.00697	0.09398	0.07280	0.04715	0.03960	0.07150	0.02115	0.03314	0.02504	0.04997	0.05423	0.02369	0.00266	0.00460
7	0.01006	0.17974	0.16213	0.05464	0.08721	0.08157	0.05299	0.07850	0.08141	0.04938	0.02668	0.01053	0.03436	0.00472	0.01727	0.00123	0.04567	0.00340	0.01320	0.00530
8	0.00540	0.00411	0.00461	0.00473	0.00571	0.00379	0.00345	0.03208	0.02835	0.01141	0.09114	0.23515	0.40502	0.05791	0.00541	0.00150	0.00227	0.03878	0.05575	0.00342
9	0.02048	0.06008	0.12456	0.06169	0.09841	0.11099	0.03473	0.13494	0.01001	0.05051	0.03101	0.10679	0.00900	0.00560	0.01930	0.00130	0.06170	0.00416	0.02515	0.02960
10	0.05848	0.00862	0.04143	0.09011	0.15748	0.05630	0.03915	0.10746	0.08520	0.09137	0.04725	0.03652	0.07032	0.03204	0.00458	0.00131	0.02182	0.01802	0.01244	0.02013

[dist]
# distance from previous block
# <min> <max>
3	15

[block]
# block no. 13 follows, 70 sequences, length 14
# corresponding to MSA columns:
# 684-697
name=unknown_N
#
# <colnr> <probs for GDERKNQSTAVLIFYWHMCP>
#	G	D	E	R	K	N	Q	S	T	A	V	L	I	F	Y	W	H	M	C	P
0	0.00950	0.08789	0.01962	0.00749	0.02624	0.12730	0.02008	0.03256	0.02455	0.13642	0.01378	0.29370	0.02612	0.00910	0.07350	0.00170	0.05629	0.00593	0.02383	0.00442
1	0.00841	0.05240	0.51813	0.01203	0.06006	0.05259	0.15815	0.01205	0.00864	0.01214	0.04546	0.02747	0.00705	0.00397	0.00386	0.00122	0.00556	0.00351	0.00189	0.00542
2	0.00609	0.00395	0.00500	0.00529	0.03203	0.00394	0.00322	0.00612	0.02400	0.00816	0.03187	0.05051	0.03889	0.49319	0.01591	0.23427	0.00351	0.02919	0.00236	0.00251
