[name]
unknown

[dist]
# distance from previous block
# <min> <max>
2	39

[block]
# block no. 0 follows, 68 sequences, length 24
# corresponding to MSA columns:
# 44-67
name=unknown_A
#
# <colnr> <probs for GDERKNQSTAVLIFYWHMCP>
#	G	D	E	R	K	N	Q	S	T	A	V	L	I	F	Y	W	H	M	C	P
0	0.02809	0.02069	0.06057	0.04375	0.09250	0.04107	0.08645	0.16537	0.06331	0.09970	0.03191	0.09301	0.10188	0.00572	0.00410	0.00125	0.00405	0.00495	0.02426	0.02736
1	0.03508	0.06277	0.05122	0.02022	0.02356	0.11839	0.04436	0.11580	0.07494	0.09417	0.03732	0.02306	0.10509	0.00502	0.00396	0.00111	0.02332	0.00399	0.00301	0.15360
2	0.02122	0.00591	0.02997	0.00571	0.00772	0.00494	0.00455	0.06763	0.00970	0.03026	0.18166	0.15543	0.17903	0.00726	0.00413	0.00114	0.00265	0.02219	0.00341	0.25548
3	0.04437	0.06864	0.04484	0.02730	0.05762	0.10514	0.06068	0.15387	0.14913	0.03678	0.00945	0.02111	0.00755	0.02908	0.02346	0.00131	0.01911	0.00350	0.00283	0.13423
4	0.00934	0.03060	0.00786	0.00688	0.04798	0.02633	0.00510	0.12526	0.01121	0.13845	0.22946	0.05598	0.20009	0.00686	0.00422	0.00119	0.00292	0.00577	0.00379	0.08073
5	0.17116	0.00873	0.00858	0.01750	0.00988	0.08322	0.00543	0.13333	0.02722	0.05106	0.00783	0.00898	0.00623	0.02561	0.01998	0.00108	0.00378	0.00277	0.00272	0.40489
6	0.01239	0.06252	0.01365	0.04920	0.01375	0.07690	0.16723	0.25604	0.15031	0.10727	0.02848	0.01116	0.00820	0.00447	0.00400	0.00121	0.00468	0.00387	0.00328	0.02139
7	0.00813	0.02142	0.00969	0.03589	0.15957	0.00691	0.03851	0.05709	0.12022	0.01461	0.25955	0.03566	0.05363	0.01794	0.00431	0.00119	0.00325	0.00500	0.00325	0.14418
8	0.00499	0.00403	0.00444	0.00434	0.00554	0.00348	0.00325	0.00628	0.00976	0.01242	0.30104	0.03535	0.57238	0.00941	0.00468	0.00131	0.00196	0.00797	0.00391	0.00348
9	0.03480	0.09382	0.00898	0.00690	0.00824	0.00748	0.00556	0.07266	0.00799	0.10213	0.01018	0.02657	0.00915	0.09554	0.39746	0.00388	0.09776	0.00405	0.00255	0.00430
10	0.00987	0.00957	0.01571	0.04526	0.77669	0.02941	0.01190	0.01240	0.02729	0.01288	0.00761	0.00988	0.00636	0.00360	0.00392	0.00118	0.00475	0.00353	0.00201	0.00619
11	0.01055	0.78045	0.07621	0.00716	0.01071	0.01515	0.00734	0.03602	0.00839	0.01001	0.00574	0.00659	0.00513	0.00346	0.00267	0.00089	0.00435	0.00222	0.00176	0.00519
12	0.00984	0.59349	0.23223	0.00856	0.01262	0.01367	0.05878	0.01210	0.00822	0.01037	0.00608	0.00714	0.00513	0.00349	0.00299	0.00098	0.00481	0.00249	0.00171	0.00530
13	0.00739	0.00370	0.00370	0.00370	0.00462	0.00370	0.00277	0.00924	0.00831	0.01478	0.01293	0.01478	0.01016	0.00462	0.00277	0.00092	0.00185	0.00370	0.88267	0.00370
14	0.11227	0.00536	0.00606	0.00601	0.00741	0.00544	0.00488	0.06688	0.04067	0.03367	0.09136	0.04768	0.20283	0.05214	0.00536	0.00160	0.00303	0.28267	0.02070	0.00399
15	0.00583	0.00449	0.00689	0.00659	0.00736	0.00501	0.04476	0.00714	0.00648	0.00922	0.01111	0.04545	0.01084	0.13217	0.67134	0.00564	0.00929	0.00470	0.00221	0.00348
16	0.00947	0.00616	0.00600	0.00532	0.00683	0.04430	0.00415	0.18481	0.04053	0.01681	0.01201	0.01330	0.00927	0.00465	0.00311	0.00100	0.00268	0.00364	0.62147	0.00449
17	0.00575	0.00390	0.00461	0.00461	0.00471	0.00400	0.00276	0.00595	0.00585	0.00790	0.01223	0.02450	0.01379	0.74505	0.13493	0.00420	0.00479	0.00555	0.00236	0.00256
18	0.00928	0.37629	0.33882	0.03385	0.04601	0.01191	0.07100	0.02575	0.00848	0.01129	0.00696	0.03102	0.00579	0.00383	0.00337	0.00110	0.00505	0.00300	0.00182	0.00541
19	0.01119	0.02653	0.00991	0.00838	0.01081	0.06125	0.00662	0.17700	0.60473	0.01766	0.01403	0.01313	0.01049	0.00514	0.00396	0.00129	0.00364	0.00414	0.00385	0.00624
20	0.01012	0.00697	0.04972	0.00662	0.00940	0.00548	0.00569	0.03302	0.00953	0.21491	0.04273	0.04040	0.03169	0.00553	0.00385	0.00108	0.00324	0.14110	0.02540	0.35351
21	0.00702	0.08001	0.19292	0.00893	0.10080	0.00690	0.00740	0.00892	0.00748	0.01044	0.04535	0.04750	0.03188	0.18941	0.22510	0.00310	0.00599	0.01438	0.00224	0.00424
22	0.03834	0.13662	0.04086	0.00953	0.01196	0.56795	0.02716	0.06792	0.01087	0.01108	0.00693	0.03977	0.00601	0.00431	0.00351	0.00105	0.00620	0.00294	0.00218	0.00481
23	0.01074	0.13966	0.09244	0.01095	0.12959	0.21573	0.03959	0.05959	0.02220	0.01219	0.00776	0.02890	0.00668	0.00414	0.00368	0.00104	0.01842	0.02505	0.01575	0.15592

[dist]
# distance from previous block
# <min> <max>
1	18

[block]
# block no. 1 follows, 68 sequences, length 13
# corresponding to MSA columns:
# 86-98
name=unknown_B
#
# <colnr> <probs for GDERKNQSTAVLIFYWHMCP>
#	G	D	E	R	K	N	Q	S	T	A	V	L	I	F	Y	W	H	M	C	P
0	0.48837	0.00825	0.00847	0.00759	0.05114	0.00918	0.03749	0.17150	0.02658	0.05897	0.00777	0.00925	0.00610	0.05306	0.00427	0.00138	0.02182	0.00300	0.02086	0.00496
1	0.00481	0.00355	0.00450	0.00526	0.00568	0.00324	0.00357	0.00555	0.00784	0.01022	0.02499	0.71763	0.16464	0.01201	0.00500	0.00156	0.00225	0.01077	0.00368	0.00324
2	0.01177	0.38512	0.01462	0.00807	0.01052	0.37504	0.00677	0.01288	0.00928	0.00946	0.00742	0.00900	0.03110	0.04049	0.05195	0.00138	0.00579	0.00277	0.00196	0.00462
3	0.00524	0.00422	0.00461	0.00451	0.00569	0.00379	0.00334	0.00689	0.04941	0.01210	0.23470	0.05583	0.52735	0.05803	0.00555	0.00147	0.00214	0.00781	0.00380	0.00353
4	0.00865	0.12790	0.00700	0.00470	0.00621	0.00631	0.00384	0.09370	0.00935	0.01505	0.01152	0.01303	0.00908	0.00446	0.00286	0.00094	0.00245	0.00346	0.66529	0.00421
5	0.00555	0.00413	0.00520	0.00585	0.00638	0.00408	0.00413	0.00742	0.09258	0.01086	0.02136	0.61759	0.05311	0.05454	0.00575	0.00171	0.00259	0.08999	0.00365	0.00354
6	0.02985	0.00947	0.02554	0.18296	0.13211	0.03595	0.04548	0.24531	0.09189	0.01580	0.02599	0.02533	0.00760	0.00509	0.01491	0.00136	0.09324	0.00383	0.00277	0.00555
7	0.00845	0.00515	0.00545	0.00500	0.00622	0.00558	0.00389	0.08984	0.08898	0.01568	0.01251	0.01395	0.00976	0.00483	0.00354	0.00103	0.04660	0.00375	0.66551	0.00428
8	0.00648	0.00509	0.00595	0.00576	0.00609	0.04789	0.00399	0.00694	0.00623	0.00836	0.01075	0.01977	0.01147	0.45299	0.27233	0.04905	0.07085	0.00484	0.00221	0.00298
9	0.00941	0.01032	0.01992	0.13161	0.09922	0.04870	0.56140	0.02786	0.00939	0.01243	0.00844	0.01097	0.02309	0.00365	0.00444	0.00130	0.00618	0.00437	0.00204	0.00526
10	0.10670	0.00775	0.00909	0.00705	0.01000	0.00754	0.00579	0.21142	0.01215	0.42707	0.01210	0.01135	0.00813	0.00453	0.00365	0.00114	0.00345	0.00352	0.05508	0.09251
11	0.03283	0.00465	0.00548	0.00531	0.00591	0.00495	0.00361	0.02141	0.09164	0.01040	0.09902	0.03977	0.01555	0.46405	0.17544	0.00363	0.00483	0.00546	0.00278	0.00331
12	0.01080	0.00654	0.00698	0.00585	0.00771	0.00690	0.00467	0.30042	0.01220	0.07101	0.01189	0.01282	0.00892	0.00469	0.00328	0.00104	0.00284	0.00367	0.51282	0.00498

[dist]
# distance from previous block
# <min> <max>
3	12

[block]
# block no. 2 follows, 68 sequences, length 6
# corresponding to MSA columns:
# 113-118
name=unknown_C
#
# <colnr> <probs for GDERKNQSTAVLIFYWHMCP>
#	G	D	E	R	K	N	Q	S	T	A	V	L	I	F	Y	W	H	M	C	P
0	0.00881	0.00676	0.00788	0.03205	0.03308	0.00734	0.00563	0.04697	0.40251	0.06324	0.12131	0.13865	0.06097	0.00717	0.00473	0.03508	0.00298	0.00585	0.00384	0.00517
1	0.04960	0.04772	0.09358	0.06188	0.11312	0.03890	0.09333	0.09474	0.03212	0.08597	0.03486	0.06345	0.00885	0.03999	0.00491	0.00131	0.03937	0.00407	0.00269	0.08956
2	0.00655	0.00726	0.11005	0.00903	0.05682	0.00571	0.13172	0.00860	0.03661	0.01123	0.04654	0.40050	0.01798	0.09711	0.00631	0.00172	0.00377	0.03541	0.00298	0.00410
3	0.00981	0.01056	0.01198	0.01037	0.01075	0.16564	0.00849	0.01070	0.00702	0.00957	0.00538	0.00839	0.00519	0.00641	0.01127	0.00160	0.69739	0.00330	0.00179	0.00439
4	0.06296	0.00767	0.04050	0.03249	0.05101	0.02553	0.14819	0.07132	0.03136	0.05566	0.03251	0.01679	0.02644	0.10880	0.18267	0.00269	0.02957	0.06665	0.00265	0.00455
5	0.01063	0.08597	0.18659	0.10909	0.08506	0.09537	0.12649	0.08509	0.03449	0.08180	0.00859	0.03363	0.00669	0.00428	0.00415	0.00123	0.02932	0.00364	0.00240	0.00550

[dist]
# distance from previous block
# <min> <max>
1	7

[block]
# block no. 3 follows, 68 sequences, length 16
# corresponding to MSA columns:
# 126-141
name=unknown_D
#
# <colnr> <probs for GDERKNQSTAVLIFYWHMCP>
#	G	D	E	R	K	N	Q	S	T	A	V	L	I	F	Y	W	H	M	C	P
0	0.03582	0.08271	0.03403	0.00874	0.06278	0.02437	0.01798	0.17789	0.26070	0.07477	0.01163	0.02207	0.00937	0.09851	0.02794	0.00162	0.00405	0.00399	0.00328	0.03774
1	0.17944	0.10059	0.04753	0.07333	0.03710	0.09438	0.03447	0.07296	0.05877	0.03328	0.05293	0.01139	0.03098	0.00464	0.00402	0.00118	0.05530	0.01600	0.04327	0.04841
2	0.00922	0.05392	0.01253	0.01021	0.01053	0.07296	0.00850	0.01012	0.00655	0.00954	0.00529	0.00844	0.00519	0.00655	0.01178	0.00164	0.74755	0.00333	0.00176	0.00440
3	0.04525	0.23294	0.02395	0.02121	0.05327	0.05190	0.01675	0.11866	0.10620	0.03882	0.03265	0.03542	0.02469	0.02829	0.05748	0.02212	0.01259	0.00362	0.00270	0.07151
4	0.00710	0.04264	0.00754	0.03141	0.00820	0.08371	0.03610	0.04131	0.02805	0.01093	0.05129	0.31230	0.14989	0.07809	0.04665	0.01366	0.03697	0.00729	0.00309	0.00378
5	0.00574	0.00406	0.00558	0.00560	0.00609	0.00445	0.00404	0.00669	0.00653	0.00927	0.05822	0.04535	0.01315	0.25689	0.49669	0.03095	0.00755	0.00502	0.02494	0.00318
6	0.00532	0.00363	0.00483	0.00557	0.00593	0.00340	0.00381	0.00612	0.00787	0.03268	0.06097	0.72632	0.02572	0.04522	0.00562	0.00168	0.00243	0.04586	0.00370	0.00333
7	0.01300	0.01596	0.03586	0.05648	0.14126	0.57237	0.02428	0.01518	0.06810	0.01085	0.00715	0.00838	0.00581	0.00406	0.00371	0.00110	0.00635	0.00294	0.00214	0.00502
8	0.00542	0.00401	0.00499	0.00506	0.00600	0.00377	0.00375	0.00664	0.00878	0.03168	0.20795	0.20638	0.31125	0.01362	0.15976	0.00230	0.00366	0.00785	0.00358	0.00353
9	0.01116	0.00859	0.01165	0.06040	0.20320	0.03868	0.04735	0.15138	0.09387	0.13230	0.05801	0.01304	0.02024	0.03041	0.04432	0.00156	0.04718	0.00409	0.01690	0.00565
10	0.00947	0.00955	0.04584	0.12155	0.71033	0.00934	0.01212	0.01194	0.00887	0.01261	0.00740	0.00985	0.00612	0.00359	0.00392	0.00120	0.00482	0.00351	0.00193	0.00604
11	0.00710	0.00597	0.02795	0.04113	0.08079	0.00574	0.00546	0.03266	0.14214	0.03044	0.29674	0.07587	0.18851	0.00787	0.01456	0.01974	0.00285	0.00639	0.00367	0.00444
12	0.00786	0.00828	0.13108	0.09902	0.18505	0.00659	0.02355	0.02457	0.00843	0.05805	0.01331	0.25568	0.03626	0.07207	0.00547	0.00151	0.00397	0.00596	0.00270	0.05059
13	0.00923	0.00882	0.01493	0.15771	0.67155	0.00908	0.01162	0.01158	0.00885	0.01241	0.00870	0.01107	0.03915	0.00386	0.00396	0.00121	0.00470	0.00372	0.00200	0.00586
14	0.05746	0.00819	0.06729	0.03800	0.02370	0.00651	0.02088	0.05920	0.02826	0.06228	0.04954	0.01003	0.00780	0.00409	0.01764	0.00094	0.00352	0.00298	0.00266	0.52904
15	0.00929	0.11162	0.21343	0.03535	0.19457	0.02136	0.14750	0.01249	0.04930	0.04463	0.02392	0.05179	0.00771	0.00419	0.00387	0.00118	0.00491	0.00385	0.00223	0.05680

[dist]
# distance from previous block
# <min> <max>
2	19

[block]
# block no. 4 follows, 68 sequences, length 11
# corresponding to MSA columns:
# 161-171
name=unknown_E
#
# <colnr> <probs for GDERKNQSTAVLIFYWHMCP>
#	G	D	E	R	K	N	Q	S	T	A	V	L	I	F	Y	W	H	M	C	P
0	0.02470	0.09850	0.02707	0.12186	0.16311	0.04163	0.07598	0.15357	0.07744	0.04417	0.00942	0.01058	0.03039	0.00412	0.00374	0.00113	0.00448	0.00352	0.00263	0.10197
1	0.01001	0.01007	0.09924	0.06935	0.10305	0.05930	0.04043	0.14799	0.06401	0.04332	0.02214	0.02289	0.05207	0.00520	0.02814	0.00125	0.01680	0.00371	0.00273	0.19829
2	0.01062	0.01256	0.15724	0.00933	0.02549	0.22532	0.04752	0.05127	0.06471	0.07204	0.03094	0.09515	0.02155	0.00560	0.01716	0.00127	0.04678	0.00415	0.00267	0.09864
3	0.01053	0.00918	0.01547	0.02278	0.76152	0.00910	0.01160	0.01281	0.00924	0.08735	0.00820	0.01014	0.00660	0.00366	0.00393	0.00118	0.00459	0.00357	0.00223	0.00632
4	0.00798	0.00688	0.01067	0.05750	0.31647	0.00660	0.04400	0.00984	0.00894	0.04180	0.04502	0.05953	0.17312	0.02711	0.00466	0.00133	0.00375	0.08789	0.00278	0.08415
5	0.00880	0.00581	0.00845	0.02969	0.08345	0.00525	0.06156	0.01032	0.00921	0.18595	0.06075	0.21888	0.16231	0.00754	0.00439	0.00130	0.00316	0.03589	0.00352	0.09377
6	0.00921	0.00880	0.01500	0.23886	0.62612	0.00926	0.01187	0.01164	0.00874	0.01222	0.00735	0.01001	0.00602	0.00364	0.00394	0.00121	0.00486	0.00353	0.00191	0.00579
7	0.00483	0.00345	0.00460	0.00552	0.00575	0.00322	0.00368	0.00552	0.00759	0.01012	0.02185	0.85807	0.02622	0.01242	0.00506	0.00161	0.00230	0.01127	0.00368	0.00322
8	0.01037	0.01647	0.51498	0.02850	0.01655	0.02944	0.10880	0.03114	0.00977	0.11024	0.03815	0.01217	0.00817	0.00486	0.00454	0.00144	0.02166	0.02399	0.00261	0.00615
9	0.00507	0.00403	0.00455	0.00442	0.00559	0.00351	0.00331	0.00643	0.00994	0.01286	0.36917	0.03462	0.50397	0.00924	0.00468	0.00130	0.00195	0.00787	0.00396	0.00351
10	0.00863	0.02336	0.10884	0.07671	0.29312	0.02822	0.03922	0.03341	0.08724	0.01333	0.11448	0.01494	0.08246	0.00498	0.00419	0.00122	0.01869	0.00438	0.00263	0.03994

[dist]
# distance from previous block
# <min> <max>
0	1

[block]
# block no. 5 follows, 68 sequences, length 20
# corresponding to MSA columns:
# 173-192
name=unknown_F
#
# <colnr> <probs for GDERKNQSTAVLIFYWHMCP>
#	G	D	E	R	K	N	Q	S	T	A	V	L	I	F	Y	W	H	M	C	P
0	0.03212	0.23370	0.42014	0.00966	0.01410	0.07964	0.04107	0.01340	0.02330	0.08712	0.00756	0.00838	0.00563	0.00381	0.00346	0.00113	0.00524	0.00286	0.00208	0.00559
1	0.00874	0.03101	0.12653	0.01431	0.30322	0.00851	0.06234	0.04102	0.04085	0.02420	0.11372	0.06600	0.02217	0.01577	0.00503	0.00130	0.07534	0.00453	0.00254	0.03289
2	0.01289	0.01098	0.03213	0.03152	0.14061	0.08286	0.02839	0.41694	0.11374	0.04568	0.01035	0.01073	0.02426	0.00460	0.00395	0.00120	0.00453	0.00369	0.00334	0.01762
3	0.00840	0.13493	0.62702	0.02899	0.04090	0.02189	0.03246	0.01223	0.00838	0.01196	0.00737	0.03481	0.00576	0.00398	0.00367	0.00121	0.00552	0.00315	0.00176	0.00562
4	0.01055	0.51484	0.13481	0.03000	0.01274	0.01330	0.08259	0.08002	0.04514	0.03240	0.00706	0.00796	0.00573	0.00369	0.00317	0.00102	0.00466	0.00277	0.00209	0.00543
5	0.00955	0.42405	0.39421	0.00921	0.01368	0.04806	0.02813	0.01237	0.00836	0.01089	0.00632	0.00741	0.00508	0.00359	0.00319	0.00105	0.00516	0.00256	0.00171	0.00542
6	0.00671	0.05300	0.00735	0.04308	0.04567	0.03644	0.00513	0.00860	0.07626	0.02338	0.03838	0.41141	0.07212	0.04071	0.08122	0.00197	0.02496	0.01650	0.00318	0.00393
7	0.00586	0.00430	0.00600	0.00593	0.00638	0.00490	0.00434	0.00675	0.00615	0.00871	0.01079	0.01808	0.01087	0.26184	0.54928	0.03551	0.04433	0.00461	0.00217	0.00319
8	0.01140	0.44157	0.11665	0.00854	0.01171	0.26691	0.01963	0.02380	0.00919	0.01012	0.00667	0.00768	0.01999	0.00422	0.01564	0.00106	0.01577	0.00257	0.00188	0.00499
9	0.00897	0.02595	0.02923	0.00716	0.00923	0.00825	0.00572	0.08526	0.46597	0.02786	0.05672	0.05748	0.14148	0.03275	0.01870	0.00148	0.00321	0.00538	0.00379	0.00541
10	0.00831	0.00917	0.11271	0.03129	0.11057	0.06380	0.06891	0.03515	0.08560	0.02597	0.06657	0.11028	0.05165	0.07219	0.05110	0.00181	0.04787	0.03956	0.00277	0.00472
11	0.00796	0.00598	0.00681	0.00671	0.02790	0.05806	0.00476	0.03051	0.18335	0.01065	0.02969	0.04072	0.06278	0.01191	0.09218	0.39125	0.00419	0.00434	0.01674	0.00353
12	0.04263	0.00964	0.04216	0.00890	0.03654	0.03484	0.04035	0.40456	0.07579	0.09818	0.02013	0.04304	0.00864	0.02719	0.01891	0.04566	0.00424	0.00401	0.02879	0.00579
13	0.00522	0.00398	0.00481	0.00505	0.00588	0.00359	0.00357	0.00644	0.02445	0.01156	0.18282	0.40214	0.23814	0.03951	0.00530	0.00150	0.00224	0.00902	0.00372	0.04109
14	0.05752	0.00555	0.00808	0.04454	0.09927	0.00591	0.04319	0.02345	0.03775	0.01167	0.10440	0.13589	0.02533	0.07336	0.30251	0.00329	0.00600	0.00552	0.00272	0.00406
15	0.00935	0.15282	0.02762	0.04862	0.14645	0.06668	0.03784	0.06090	0.02889	0.02245	0.06932	0.05470	0.02113	0.00495	0.00396	0.00113	0.04049	0.00404	0.19384	0.00484
16	0.08629	0.01556	0.00701	0.00651	0.03335	0.02084	0.02849	0.06443	0.00932	0.11154	0.11085	0.15945	0.17881	0.08729	0.05014	0.01269	0.00344	0.00635	0.00344	0.00419
17	0.02575	0.07073	0.13042	0.03470	0.12532	0.12349	0.01801	0.07860	0.08051	0.13375	0.00970	0.04112	0.00759	0.00446	0.00387	0.00115	0.01874	0.00355	0.01582	0.07273
18	0.07359	0.08493	0.07350	0.02408	0.00935	0.07021	0.01492	0.10341	0.05588	0.06500	0.05764	0.09904	0.05579	0.02706	0.00420	0.00125	0.01432	0.00461	0.15648	0.00472
19	0.07874	0.32449	0.10662	0.00821	0.02609	0.10351	0.03198	0.08402	0.04907	0.03949	0.03716	0.03816	0.03382	0.00449	0.00335	0.00109	0.00441	0.00337	0.01678	0.00516

[dist]
# distance from previous block
# <min> <max>
5	24

[block]
# block no. 6 follows, 68 sequences, length 43
# corresponding to MSA columns:
# 217-259
name=unknown_G
#
# <colnr> <probs for GDERKNQSTAVLIFYWHMCP>
#	G	D	E	R	K	N	Q	S	T	A	V	L	I	F	Y	W	H	M	C	P
0	0.05038	0.08463	0.02712	0.02947	0.02266	0.11858	0.02126	0.15481	0.05599	0.05638	0.00956	0.01015	0.03992	0.00409	0.00342	0.00097	0.00405	0.00313	0.01734	0.28610
1	0.04514	0.04681	0.13519	0.00971	0.07492	0.00836	0.07255	0.11234	0.05047	0.15607	0.03660	0.03136	0.02675	0.00451	0.00399	0.00114	0.02460	0.00376	0.00300	0.15272
2	0.04984	0.05586	0.12414	0.01978	0.15119	0.13903	0.03260	0.11540	0.08548	0.05937	0.02373	0.01063	0.02478	0.01843	0.00410	0.00119	0.01554	0.00344	0.00265	0.06280
3	0.02802	0.00483	0.00602	0.00562	0.00676	0.00467	0.02016	0.02623	0.07134	0.08269	0.28282	0.16200	0.12400	0.10885	0.00688	0.04185	0.00266	0.00694	0.00374	0.00391
4	0.01037	0.00850	0.01113	0.03129	0.03945	0.08659	0.14861	0.09849	0.06865	0.11598	0.06386	0.08409	0.04008	0.05459	0.00525	0.01767	0.00423	0.00482	0.01395	0.09241
5	0.02789	0.09326	0.22513	0.03188	0.04386	0.13894	0.04683	0.12917	0.04088	0.12005	0.02227	0.03180	0.00734	0.00439	0.00375	0.00117	0.00500	0.00346	0.00271	0.02021
6	0.00812	0.00645	0.00978	0.01300	0.33472	0.00634	0.00727	0.01027	0.05970	0.06175	0.13937	0.19640	0.06622	0.00718	0.00483	0.03996	0.00333	0.00612	0.01433	0.00486
7	0.00788	0.00457	0.00565	0.00519	0.00663	0.00403	0.00396	0.00924	0.01004	0.19088	0.29062	0.10605	0.29110	0.02709	0.00492	0.00137	0.00235	0.02011	0.00414	0.00418
8	0.02090	0.24116	0.15107	0.03449	0.05037	0.15383	0.04545	0.04268	0.01906	0.10658	0.02687	0.05603	0.00776	0.00444	0.00356	0.00111	0.00487	0.00347	0.00245	0.02384
9	0.09835	0.07632	0.12228	0.02363	0.07044	0.05414	0.20214	0.06817	0.03375	0.13363	0.00896	0.03080	0.00684	0.00429	0.00433	0.00125	0.04883	0.00372	0.00262	0.00552
10	0.00489	0.00401	0.00430	0.00426	0.00549	0.00343	0.00318	0.00607	0.00947	0.01181	0.20908	0.05408	0.64683	0.00968	0.00469	0.00133	0.00199	0.00818	0.00383	0.00343
11	0.00523	0.00425	0.02623	0.00547	0.00615	0.00370	0.00397	0.02559	0.00815	0.01062	0.02443	0.58263	0.18786	0.04859	0.00560	0.00164	0.00250	0.04042	0.00358	0.00338
12	0.02742	0.06277	0.02814	0.09500	0.12891	0.26401	0.04600	0.11479	0.06187	0.05274	0.00799	0.00926	0.00625	0.00431	0.00437	0.00118	0.06309	0.00325	0.01330	0.00534
13	0.01587	0.00781	0.01001	0.02386	0.04690	0.00761	0.00653	0.18016	0.06076	0.54751	0.01374	0.01277	0.00914	0.02337	0.00444	0.00129	0.01339	0.00394	0.00439	0.00653
14	0.01044	0.05926	0.03445	0.10168	0.30218	0.16903	0.02385	0.04665	0.12031	0.01262	0.00919	0.04500	0.00785	0.00456	0.00402	0.00121	0.01667	0.02317	0.00240	0.00547
15	0.01497	0.01070	0.01159	0.00893	0.01203	0.01175	0.00736	0.76230	0.01801	0.06618	0.01012	0.02985	0.00736	0.00495	0.00399	0.00120	0.00426	0.00377	0.00401	0.00666
16	0.01253	0.01007	0.01249	0.01053	0.06560	0.09475	0.13828	0.30840	0.04757	0.12094	0.02387	0.02835	0.05461	0.02756	0.02485	0.00142	0.00480	0.00427	0.00335	0.00576
17	0.02684	0.13015	0.15784	0.00888	0.01203	0.18110	0.01992	0.11858	0.09986	0.13347	0.03451	0.01024	0.00783	0.00498	0.02169	0.00127	0.01900	0.00332	0.00288	0.00561
18	0.00777	0.01583	0.01881	0.10642	0.22990	0.00677	0.02045	0.02469	0.05560	0.03266	0.03656	0.13801	0.01284	0.15663	0.08249	0.00223	0.00458	0.04063	0.00265	0.00450
19	0.01001	0.05191	0.08484	0.06859	0.22104	0.07438	0.18406	0.02404	0.00978	0.08801	0.13278	0.01287	0.01093	0.00441	0.00410	0.00121	0.00488	0.00417	0.00259	0.00540
20	0.01038	0.36416	0.23832	0.00973	0.01368	0.08439	0.12197	0.04960	0.00920	0.03611	0.00754	0.00858	0.02251	0.00379	0.00341	0.00108	0.00520	0.00298	0.00200	0.00538
21	0.00823	0.03999	0.46001	0.01220	0.08776	0.00858	0.12013	0.01179	0.00874	0.02517	0.01003	0.01586	0.00878	0.00509	0.00420	0.00136	0.00535	0.15916	0.00218	0.00539
22	0.00867	0.04335	0.00757	0.00687	0.06105	0.00605	0.00498	0.06041	0.11099	0.14044	0.11425	0.04767	0.35700	0.00750	0.00432	0.00128	0.00277	0.00628	0.00381	0.00474
23	0.01136	0.01157	0.05261	0.01632	0.32640	0.14245	0.14671	0.10312	0.04161	0.05672	0.00843	0.01028	0.00665	0.00409	0.00432	0.00122	0.03291	0.01498	0.00244	0.00581
24	0.01396	0.00936	0.02925	0.00940	0.01253	0.00936	0.12638	0.30097	0.13654	0.27402	0.02850	0.01209	0.00897	0.00474	0.00410	0.00125	0.00419	0.00406	0.00394	0.00639
25	0.00689	0.00344	0.00517	0.00517	0.00517	0.00344	0.00344	0.00517	0.00517	0.00689	0.00689	0.01205	0.00689	0.01377	0.01550	0.88464	0.00344	0.00344	0.00172	0.00172
26	0.00839	0.01702	0.57069	0.01282	0.05328	0.00934	0.19348	0.01288	0.04602	0.01284	0.02144	0.00960	0.00616	0.00381	0.00400	0.00127	0.00580	0.00349	0.00191	0.00575
27	0.00742	0.00781	0.02959	0.01067	0.01273	0.05766	0.35135	0.00934	0.00858	0.01124	0.01473	0.42944	0.01593	0.00789	0.00478	0.00145	0.00453	0.00777	0.00283	0.00426
28	0.00841	0.06723	0.68097	0.01142	0.01683	0.00973	0.08888	0.02695	0.03026	0.01271	0.00739	0.00866	0.00534	0.00377	0.00379	0.00124	0.00575	0.00310	0.00181	0.00579
29	0.00496	0.00397	0.00441	0.00447	0.00556	0.00345	0.00331	0.00611	0.00929	0.01173	0.20814	0.12930	0.53924	0.02507	0.00502	0.00140	0.00208	0.02527	0.00381	0.00341
30	0.00806	0.00730	0.01044	0.06019	0.32451	0.04534	0.01701	0.02351	0.04505	0.01239	0.13927	0.14450	0.02350	0.08900	0.01895	0.00161	0.01628	0.00556	0.00277	0.00476
31	0.01017	0.00809	0.00913	0.00687	0.01015	0.00737	0.00553	0.18765	0.10889	0.03888	0.00891	0.00944	0.00692	0.00368	0.00332	0.00083	0.00328	0.00291	0.00297	0.56499
32	0.00739	0.00370	0.00370	0.00370	0.00462	0.00370	0.00277	0.00924	0.00831	0.01478	0.01293	0.01478	0.01016	0.00462	0.00277	0.00092	0.00185	0.00370	0.88267	0.00370
33	0.00913	0.01178	0.24452	0.04103	0.09922	0.00849	0.11185	0.05369	0.05761	0.04311	0.02980	0.01040	0.01694	0.00406	0.00429	0.00114	0.05062	0.00347	0.00237	0.19645
34	0.00867	0.00867	0.01214	0.01041	0.01041	0.01214	0.00867	0.00954	0.00607	0.00954	0.00520	0.00867	0.00520	0.00694	0.01301	0.00173	0.85340	0.00347	0.00173	0.00434
35	0.01068	0.00779	0.00857	0.00717	0.00938	0.00836	0.00571	0.30754	0.20632	0.06211	0.18344	0.01816	0.09671	0.00612	0.00415	0.00124	0.00317	0.00503	0.04280	0.00555
36	0.00750	0.04644	0.11255	0.08555	0.09071	0.02107	0.09390	0.03580	0.02137	0.01165	0.04893	0.12552	0.13176	0.09882	0.00617	0.00159	0.02201	0.01893	0.01528	0.00443
37	0.04241	0.26016	0.05618	0.00923	0.04760	0.19636	0.02896	0.18155	0.02484	0.06766	0.02413	0.00885	0.00666	0.00471	0.02339	0.00119	0.00507	0.00300	0.00260	0.00546
38	0.00539	0.00429	0.02242	0.00508	0.00576	0.00386	0.00359	0.00650	0.03214	0.01030	0.08782	0.29780	0.20129	0.24330	0.03459	0.00226	0.00300	0.02406	0.00331	0.00323
39	0.00948	0.11413	0.20266	0.01094	0.05213	0.06106	0.18701	0.04578	0.05453	0.04705	0.10202	0.01316	0.05255	0.00470	0.00422	0.00122	0.02539	0.00414	0.00255	0.00529
40	0.00826	0.02702	0.06823	0.01083	0.01380	0.02132	0.36276	0.02147	0.01963	0.03024	0.12093	0.06876	0.07455	0.02226	0.00468	0.00130	0.00466	0.01639	0.01633	0.08657
41	0.04591	0.07006	0.02429	0.00980	0.03110	0.10602	0.10490	0.10968	0.08661	0.07488	0.01090	0.02496	0.00924	0.09981	0.00625	0.00165	0.01854	0.00414	0.00325	0.15801
42	0.01064	0.09043	0.09183	0.00898	0.05513	0.09853	0.05324	0.09085	0.07207	0.09718	0.03753	0.02999	0.03980	0.04197	0.00441	0.00119	0.00426	0.00377	0.00284	0.16535

[dist]
# distance from previous block
# <min> <max>
1	8

[block]
# block no. 7 follows, 68 sequences, length 33
# corresponding to MSA columns:
# 268-300
name=unknown_H
#
# <colnr> <probs for GDERKNQSTAVLIFYWHMCP>
#	G	D	E	R	K	N	Q	S	T	A	V	L	I	F	Y	W	H	M	C	P
0	0.05776	0.10758	0.05817	0.02637	0.08362	0.17665	0.12079	0.06404	0.07654	0.05954	0.00866	0.01040	0.00692	0.00472	0.02346	0.00125	0.00514	0.02702	0.00251	0.07885
1	0.04389	0.02884	0.02064	0.02741	0.04515	0.06911	0.05180	0.05120	0.08021	0.05843	0.14276	0.18380	0.09739	0.02026	0.00447	0.00131	0.00342	0.00606	0.00333	0.06053
2	0.02341	0.29485	0.09681	0.00784	0.02376	0.10534	0.03397	0.06280	0.00975	0.04984	0.10826	0.05493	0.08373	0.00525	0.00361	0.00110	0.00417	0.00414	0.00265	0.02379
3	0.06418	0.02044	0.04366	0.03162	0.00874	0.05203	0.02791	0.05039	0.03238	0.07955	0.03611	0.46116	0.04225	0.00882	0.00444	0.00141	0.00323	0.00775	0.00340	0.02053
4	0.05461	0.04152	0.07891	0.01096	0.12579	0.05225	0.04919	0.16713	0.19909	0.06667	0.01130	0.03597	0.03002	0.00488	0.00426	0.00125	0.03966	0.00396	0.00309	0.01949
5	0.01005	0.00915	0.01351	0.07034	0.21762	0.04611	0.12410	0.10001	0.05823	0.03984	0.02726	0.03427	0.00790	0.00491	0.00576	0.00132	0.16782	0.00402	0.05244	0.00535
6	0.00739	0.00370	0.00370	0.00370	0.00462	0.00370	0.00277	0.00924	0.00831	0.01478	0.01293	0.01478	0.01016	0.00462	0.00277	0.00092	0.00185	0.00370	0.88267	0.00370
7	0.10606	0.01071	0.02472	0.00889	0.02154	0.16011	0.04860	0.19847	0.11189	0.19170	0.01049	0.02350	0.00776	0.01558	0.00440	0.00126	0.04156	0.00362	0.00338	0.00573
8	0.03080	0.28031	0.12894	0.02710	0.04846	0.02205	0.15453	0.11349	0.03205	0.02306	0.00801	0.02775	0.00669	0.01480	0.02781	0.00133	0.03024	0.01494	0.00226	0.00535
9	0.00739	0.00370	0.00370	0.00370	0.00462	0.00370	0.00277	0.00924	0.00831	0.01478	0.01293	0.01478	0.01016	0.00462	0.00277	0.00092	0.00185	0.00370	0.88267	0.00370
10	0.15403	0.41809	0.21991	0.00835	0.03925	0.02547	0.00849	0.03533	0.02089	0.01227	0.00629	0.00726	0.00515	0.00361	0.00297	0.00104	0.00447	0.00246	0.00194	0.02274
11	0.00482	0.00348	0.00457	0.00544	0.00573	0.00323	0.00364	0.00553	0.00767	0.01015	0.02287	0.81256	0.07108	0.01229	0.00504	0.00160	0.00228	0.01111	0.00368	0.00323
12	0.07151	0.12310	0.03731	0.06402	0.27202	0.10787	0.02038	0.05542	0.11071	0.04960	0.02019	0.00982	0.00708	0.00402	0.00361	0.00114	0.00455	0.00329	0.00248	0.03187
13	0.00986	0.03220	0.51972	0.03590	0.01631	0.05676	0.07612	0.16588	0.02451	0.01470	0.00771	0.00884	0.00556	0.00397	0.00385	0.00123	0.00562	0.00320	0.00220	0.00587
14	0.01481	0.01890	0.01124	0.01021	0.01226	0.84474	0.00766	0.01583	0.01124	0.00970	0.00613	0.00715	0.00511	0.00409	0.00358	0.00102	0.00715	0.00255	0.00204	0.00460
15	0.00483	0.00345	0.00460	0.00552	0.00575	0.00322	0.00368	0.00552	0.00759	0.01012	0.02185	0.85807	0.02622	0.01242	0.00506	0.00161	0.00230	0.01127	0.00368	0.00322
16	0.00689	0.00344	0.00517	0.00517	0.00517	0.00344	0.00344	0.00517	0.00517	0.00689	0.00689	0.01205	0.00689	0.01377	0.01550	0.88464	0.00344	0.00344	0.00172	0.00172
17	0.00492	0.00377	0.00453	0.00497	0.00571	0.00337	0.00353	0.00590	0.00859	0.01107	0.12276	0.43429	0.32346	0.01100	0.00489	0.00148	0.00219	0.03648	0.00376	0.00334
18	0.00739	0.00370	0.00370	0.00370	0.00462	0.00370	0.00277	0.00924	0.00831	0.01478	0.01293	0.01478	0.01016	0.00462	0.00277	0.00092	0.00185	0.00370	0.88267	0.00370
19	0.00488	0.00350	0.00464	0.00546	0.00575	0.00326	0.00367	0.00565	0.00786	0.01052	0.07626	0.78655	0.04312	0.01209	0.00503	0.00158	0.00227	0.01094	0.00373	0.00326
20	0.00878	0.03873	0.03568	0.00970	0.02096	0.01060	0.03904	0.01140	0.11911	0.03308	0.06159	0.01174	0.02132	0.00737	0.04531	0.00176	0.51280	0.00395	0.00236	0.00471
21	0.00739	0.00370	0.00370	0.00370	0.00462	0.00370	0.00277	0.00924	0.00831	0.01478	0.01293	0.01478	0.01016	0.00462	0.00277	0.00092	0.00185	0.00370	0.88267	0.00370
22	0.86528	0.00764	0.00592	0.00526	0.00773	0.00881	0.00434	0.01186	0.00687	0.03983	0.00579	0.00663	0.00444	0.00371	0.00249	0.00123	0.00308	0.00220	0.00252	0.00436
23	0.01362	0.01277	0.01108	0.01000	0.05540	0.36365	0.02245	0.11798	0.03162	0.16067	0.02021	0.01072	0.03380	0.01722	0.00510	0.00124	0.10080	0.00348	0.00290	0.00529
24	0.00505	0.00377	0.00470	0.00506	0.00576	0.00342	0.00360	0.00616	0.00896	0.01189	0.24983	0.42226	0.21656	0.01065	0.00488	0.00145	0.00214	0.02660	0.00387	0.00340
25	0.85059	0.00763	0.00597	0.00529	0.00778	0.00876	0.00436	0.01199	0.00695	0.05367	0.00596	0.00675	0.00454	0.00373	0.00252	0.00123	0.00308	0.00223	0.00256	0.00440
26	0.00739	0.00370	0.00370	0.00370	0.00462	0.00370	0.00277	0.00924	0.00831	0.01478	0.01293	0.01478	0.01016	0.00462	0.00277	0.00092	0.00185	0.00370	0.88267	0.00370
27	0.88866	0.00767	0.00583	0.00521	0.00767	0.00889	0.00429	0.01166	0.00675	0.01779	0.00552	0.00644	0.00429	0.00368	0.00245	0.00123	0.00307	0.00215	0.00245	0.00429
28	0.00749	0.00705	0.01189	0.85113	0.02731	0.00881	0.01101	0.01013	0.00793	0.01013	0.00705	0.01057	0.00529	0.00396	0.00396	0.00132	0.00529	0.00352	0.00176	0.00440
29	0.01121	0.03825	0.24275	0.01248	0.02890	0.09010	0.31647	0.03814	0.00986	0.15967	0.00891	0.01004	0.00633	0.00386	0.00410	0.00124	0.00574	0.00375	0.00248	0.00571
30	0.00936	0.01070	0.02340	0.01671	0.02072	0.01003	0.82152	0.01270	0.00936	0.01270	0.00802	0.01070	0.00602	0.00334	0.00468	0.00134	0.00668	0.00468	0.00201	0.00535
31	0.00561	0.00397	0.00487	0.00476	0.00532	0.00386	0.00324	0.00650	0.00814	0.01112	0.31276	0.02719	0.10948	0.35590	0.09742	0.02360	0.00362	0.00634	0.00321	0.00309
32	0.86486	0.00764	0.00592	0.00526	0.00773	0.00881	0.00434	0.01186	0.00687	0.04023	0.00580	0.00663	0.00444	0.00371	0.00250	0.00123	0.00308	0.00220	0.00252	0.00436

[dist]
# distance from previous block
# <min> <max>
0	2

[block]
# block no. 8 follows, 68 sequences, length 13
# corresponding to MSA columns:
# 303-315
name=unknown_I
#
# <colnr> <probs for GDERKNQSTAVLIFYWHMCP>
#	G	D	E	R	K	N	Q	S	T	A	V	L	I	F	Y	W	H	M	C	P
0	0.00507	0.00395	0.00462	0.00472	0.00572	0.00350	0.00349	0.00633	0.00949	0.01232	0.29218	0.17888	0.40547	0.00987	0.00478	0.00138	0.00208	0.03879	0.00390	0.00346
1	0.09746	0.08047	0.18654	0.01272	0.21234	0.00909	0.08286	0.04807	0.00912	0.08665	0.00784	0.00906	0.00597	0.00366	0.00357	0.00111	0.00454	0.00313	0.00234	0.13348
2	0.88866	0.00767	0.00583	0.00521	0.00767	0.00889	0.00429	0.01166	0.00675	0.01779	0.00552	0.00644	0.00429	0.00368	0.00245	0.00123	0.00307	0.00215	0.00245	0.00429
3	0.01283	0.01545	0.01187	0.01042	0.01202	0.56059	0.04154	0.03336	0.00992	0.01014	0.00616	0.00793	0.00532	0.00538	0.02532	0.00134	0.22086	0.00294	0.00201	0.00459
4	0.14694	0.01040	0.01077	0.00845	0.01145	0.01160	0.00695	0.64184	0.07553	0.02329	0.00939	0.00944	0.00676	0.00464	0.00374	0.00121	0.00408	0.00342	0.00374	0.00634
5	0.00867	0.00867	0.01214	0.01041	0.01041	0.01214	0.00867	0.00954	0.00607	0.00954	0.00520	0.00867	0.00520	0.00694	0.01301	0.00173	0.85340	0.00347	0.00173	0.00434
6	0.11579	0.00685	0.00882	0.00685	0.00985	0.00617	0.00565	0.01846	0.01083	0.74630	0.01450	0.01270	0.00919	0.00477	0.00381	0.00123	0.00334	0.00378	0.00463	0.00647
7	0.00497	0.00355	0.00475	0.00561	0.00592	0.00333	0.00386	0.00580	0.00789	0.01055	0.06591	0.76096	0.02661	0.01209	0.00507	0.00160	0.00236	0.06217	0.00372	0.00328
8	0.01246	0.03884	0.07668	0.02517	0.21230	0.04029	0.07217	0.09826	0.07056	0.25478	0.02437	0.03793	0.00869	0.00457	0.00399	0.00122	0.00438	0.00400	0.00324	0.00609
9	0.00867	0.00867	0.01214	0.01041	0.01041	0.01214	0.00867	0.00954	0.00607	0.00954	0.00520	0.00867	0.00520	0.00694	0.01301	0.00173	0.85340	0.00347	0.00173	0.00434
10	0.00733	0.00607	0.00831	0.00770	0.03605	0.03690	0.07393	0.07146	0.00765	0.01041	0.01045	0.01723	0.01030	0.28672	0.35753	0.00420	0.03710	0.00460	0.00232	0.00374
11	0.00941	0.12986	0.39651	0.04108	0.11795	0.07727	0.09069	0.04532	0.00916	0.01233	0.00795	0.00935	0.02809	0.00389	0.00374	0.00118	0.00550	0.00323	0.00193	0.00557
12	0.01073	0.09866	0.16734	0.00925	0.03355	0.05677	0.06378	0.14889	0.10291	0.10457	0.03869	0.09843	0.03827	0.00542	0.00398	0.00124	0.00434	0.00453	0.00309	0.00555

[dist]
# distance from previous block
# <min> <max>
0	2

[block]
# block no. 9 follows, 68 sequences, length 14
# corresponding to MSA columns:
# 318-331
name=unknown_J
#
# <colnr> <probs for GDERKNQSTAVLIFYWHMCP>
#	G	D	E	R	K	N	Q	S	T	A	V	L	I	F	Y	W	H	M	C	P
0	0.04032	0.03642	0.08958	0.03798	0.09674	0.08065	0.00764	0.09607	0.21902	0.07026	0.02243	0.01090	0.00818	0.00430	0.00365	0.00112	0.00407	0.00345	0.02339	0.14384
1	0.21950	0.16708	0.05830	0.00879	0.01172	0.12330	0.11476	0.09961	0.10329	0.01454	0.00826	0.03960	0.00677	0.00427	0.00343	0.00117	0.00458	0.00333	0.00254	0.00515
2	0.00867	0.00867	0.01214	0.01041	0.01041	0.01214	0.00867	0.00954	0.00607	0.00954	0.00520	0.00867	0.00520	0.00694	0.01301	0.00173	0.85340	0.00347	0.00173	0.00434
3	0.03084	0.00797	0.03882	0.00707	0.02885	0.03199	0.00572	0.08056	0.00950	0.12877	0.00900	0.00985	0.00689	0.00391	0.00382	0.00090	0.05501	0.00296	0.10854	0.42903
4	0.00514	0.00381	0.00479	0.00501	0.00575	0.00347	0.00358	0.00639	0.00942	0.01270	0.37260	0.34942	0.18308	0.01013	0.00483	0.00140	0.00206	0.00897	0.00397	0.00347
5	0.01662	0.00685	0.00909	0.00704	0.00995	0.00613	0.00579	0.07694	0.01187	0.71377	0.08041	0.01449	0.01179	0.00515	0.00404	0.00123	0.00333	0.00421	0.00480	0.00651
6	0.00528	0.00397	0.00488	0.00481	0.00576	0.00357	0.00355	0.00678	0.01020	0.01384	0.52789	0.13701	0.23964	0.00915	0.00473	0.00132	0.00196	0.00800	0.00410	0.00357
7	0.00981	0.00942	0.01609	0.02434	0.83592	0.00942	0.01217	0.01217	0.00903	0.01295	0.00746	0.00981	0.00628	0.00353	0.00393	0.00118	0.00471	0.00353	0.00196	0.00628
8	0.00483	0.00345	0.00460	0.00552	0.00575	0.00322	0.00368	0.00552	0.00759	0.01012	0.02185	0.85807	0.02622	0.01242	0.00506	0.00161	0.00230	0.01127	0.00368	0.00322
9	0.88866	0.00767	0.00583	0.00521	0.00767	0.00889	0.00429	0.01166	0.00675	0.01779	0.00552	0.00644	0.00429	0.00368	0.00245	0.00123	0.00307	0.00215	0.00245	0.00429
10	0.01507	0.01111	0.01190	0.00912	0.01230	0.01230	0.00754	0.82270	0.01864	0.02499	0.00952	0.00952	0.00674	0.00476	0.00397	0.00119	0.00436	0.00357	0.00397	0.00674
11	0.00488	0.00356	0.00450	0.00521	0.00558	0.00329	0.00348	0.00556	0.00765	0.01001	0.02372	0.67469	0.14065	0.07970	0.00621	0.00175	0.00238	0.01042	0.00358	0.00317
12	0.01404	0.01040	0.01118	0.00883	0.01180	0.01156	0.00721	0.62341	0.19273	0.05031	0.01115	0.01079	0.00800	0.00490	0.00398	0.00122	0.00407	0.00378	0.00401	0.00664
13	0.04091	0.03886	0.03625	0.03674	0.14085	0.03897	0.05229	0.13512	0.04381	0.22427	0.01082	0.04231	0.00831	0.00498	0.01683	0.00124	0.00423	0.01940	0.00323	0.10058

[dist]
# distance from previous block
# <min> <max>
1	4

[block]
# block no. 10 follows, 68 sequences, length 18
# corresponding to MSA columns:
# 336-353
name=unknown_K
#
# <colnr> <probs for GDERKNQSTAVLIFYWHMCP>
#	G	D	E	R	K	N	Q	S	T	A	V	L	I	F	Y	W	H	M	C	P
0	0.01345	0.01062	0.01090	0.00927	0.04784	0.08802	0.00716	0.49414	0.13219	0.06314	0.02920	0.01226	0.05337	0.00510	0.00399	0.00121	0.00423	0.00396	0.00375	0.00621
1	0.01347	0.00765	0.00882	0.00718	0.00955	0.07713	0.03693	0.10510	0.04201	0.37986	0.01341	0.01343	0.02254	0.01972	0.05517	0.00151	0.00405	0.00392	0.17297	0.00559
2	0.01060	0.86304	0.02078	0.00678	0.01018	0.01569	0.00678	0.01187	0.00806	0.00933	0.00551	0.00636	0.00509	0.00339	0.00254	0.00085	0.00424	0.00212	0.00170	0.00509
3	0.00713	0.00435	0.00518	0.00492	0.00610	0.00404	0.00370	0.03297	0.00990	0.09160	0.28698	0.14329	0.18352	0.00796	0.00424	0.00124	0.00217	0.00684	0.18991	0.00395
4	0.00567	0.00422	0.00622	0.00622	0.00687	0.00487	0.00476	0.00698	0.00633	0.00909	0.01076	0.01637	0.01026	0.09308	0.78207	0.00618	0.01010	0.00436	0.00215	0.00345
5	0.00739	0.00370	0.00370	0.00370	0.00462	0.00370	0.00277	0.00924	0.00831	0.01478	0.01293	0.01478	0.01016	0.00462	0.00277	0.00092	0.00185	0.00370	0.88267	0.00370
6	0.00566	0.00425	0.00637	0.00637	0.00708	0.00496	0.00496	0.00708	0.00637	0.00920	0.01062	0.01558	0.00991	0.02974	0.84494	0.00637	0.01062	0.00425	0.00212	0.00354
7	0.02631	0.00961	0.05306	0.02080	0.07639	0.02588	0.14204	0.25439	0.06103	0.17616	0.01228	0.06095	0.03826	0.00504	0.00412	0.00126	0.00438	0.00443	0.01769	0.00592
8	0.00739	0.00370	0.00370	0.00370	0.00462	0.00370	0.00277	0.00924	0.00831	0.01478	0.01293	0.01478	0.01016	0.00462	0.00277	0.00092	0.00185	0.00370	0.88267	0.00370
9	0.01261	0.42613	0.01629	0.00872	0.01154	0.37207	0.03471	0.05632	0.01003	0.01043	0.00607	0.00701	0.00521	0.00376	0.00313	0.00096	0.00558	0.00247	0.00198	0.00497
10	0.01006	0.69227	0.18685	0.00770	0.01159	0.01438	0.00838	0.01201	0.00812	0.00998	0.00584	0.00677	0.00507	0.00347	0.00279	0.00093	0.00457	0.00228	0.00169	0.00524
11	0.00825	0.11431	0.74890	0.01080	0.01638	0.00993	0.01377	0.01248	0.00834	0.01220	0.00694	0.00815	0.00503	0.00373	0.00363	0.00121	0.00568	0.00284	0.00168	0.00577
12	0.00595	0.00459	0.00599	0.08166	0.00807	0.00454	0.00448	0.00837	0.06083	0.01489	0.62840	0.02785	0.11374	0.00776	0.00457	0.00127	0.00227	0.00680	0.00404	0.00392
13	0.00956	0.00909	0.01577	0.09458	0.54500	0.00928	0.12206	0.01227	0.03779	0.03449	0.00895	0.01111	0.03194	0.00397	0.00440	0.00125	0.03664	0.00388	0.00215	0.00584
14	0.00624	0.10607	0.00664	0.00486	0.00567	0.00519	0.00346	0.00714	0.00825	0.01114	0.32617	0.02551	0.05500	0.39929	0.01155	0.00240	0.00306	0.00597	0.00312	0.00327
15	0.04346	0.09025	0.05854	0.00687	0.01021	0.06033	0.00594	0.05327	0.05257	0.07159	0.02743	0.00921	0.00703	0.00361	0.00320	0.00083	0.00359	0.00277	0.00263	0.48666
16	0.04657	0.35317	0.14221	0.00878	0.01191	0.23732	0.02610	0.03640	0.02441	0.01096	0.00669	0.02857	0.00578	0.00410	0.00364	0.00106	0.04251	0.00279	0.00198	0.00504
17	0.01952	0.04521	0.03738	0.03195	0.03609	0.05189	0.05396	0.03199	0.03152	0.03528	0.03098	0.44317	0.04285	0.01895	0.00464	0.00141	0.00339	0.01853	0.00317	0.05813

[dist]
# distance from previous block
# <min> <max>
2	7

[block]
# block no. 11 follows, 68 sequences, length 10
# corresponding to MSA columns:
# 362-367,370-373
name=unknown_L
#
# <colnr> <probs for GDERKNQSTAVLIFYWHMCP>
#	G	D	E	R	K	N	Q	S	T	A	V	L	I	F	Y	W	H	M	C	P
0	0.00771	0.00611	0.00814	0.00936	0.15891	0.02467	0.00597	0.00931	0.03143	0.07619	0.07758	0.15353	0.21925	0.02528	0.04317	0.00163	0.09975	0.00634	0.03128	0.00438
1	0.00535	0.00383	0.00500	0.00575	0.00614	0.00368	0.00396	0.04168	0.00814	0.01085	0.02127	0.78692	0.02522	0.01202	0.00503	0.00160	0.00245	0.04401	0.00369	0.00339
2	0.03787	0.00838	0.05497	0.03087	0.15486	0.01871	0.02858	0.14069	0.07507	0.16824	0.02276	0.17035	0.01142	0.00626	0.00470	0.02604	0.02629	0.00514	0.00333	0.00548
3	0.00975	0.01011	0.04574	0.05022	0.22508	0.11783	0.04017	0.06022	0.08282	0.01230	0.02094	0.01213	0.02694	0.08116	0.01795	0.00158	0.15272	0.00385	0.00235	0.02616
4	0.00690	0.00405	0.00548	0.00535	0.00578	0.00417	0.00367	0.00697	0.00624	0.06957	0.01099	0.04168	0.01117	0.32097	0.24450	0.23698	0.00553	0.00476	0.00237	0.00288
5	0.62164	0.03562	0.03751	0.00798	0.07976	0.07772	0.02524	0.05096	0.00804	0.01650	0.00604	0.00710	0.00474	0.00374	0.00285	0.00120	0.00382	0.00245	0.00239	0.00471
6	0.00486	0.00399	0.00421	0.00421	0.00539	0.00341	0.00310	0.00591	0.00909	0.01118	0.13619	0.06848	0.66506	0.05065	0.00544	0.00146	0.00209	0.00821	0.00370	0.00335
7	0.01159	0.47328	0.09043	0.00885	0.03476	0.19120	0.02501	0.08433	0.02716	0.01140	0.00647	0.00735	0.00543	0.00374	0.00311	0.00098	0.00506	0.00256	0.00203	0.00526
8	0.00556	0.00431	0.00504	0.00518	0.00619	0.00400	0.00378	0.03398	0.04251	0.01206	0.14762	0.33796	0.31572	0.01014	0.00476	0.00142	0.00229	0.03107	0.00378	0.02265
9	0.02519	0.11524	0.11491	0.03821	0.05846	0.11523	0.07594	0.16564	0.02613	0.07718	0.00799	0.00903	0.00610	0.00418	0.00431	0.00114	0.06562	0.00319	0.00257	0.08375

[dist]
# distance from previous block
# <min> <max>
1	6

[block]
# block no. 12 follows, 68 sequences, length 27
# corresponding to MSA columns:
# 380-406
name=unknown_M
#
# <colnr> <probs for GDERKNQSTAVLIFYWHMCP>
#	G	D	E	R	K	N	Q	S	T	A	V	L	I	F	Y	W	H	M	C	P
0	0.00692	0.00583	0.02067	0.01729	0.07520	0.01444	0.05232	0.02009	0.08554	0.02667	0.43596	0.07693	0.09421	0.02139	0.00480	0.00134	0.00283	0.02948	0.00376	0.00432
1	0.04427	0.00843	0.01299	0.05562	0.44744	0.00831	0.00945	0.05607	0.01017	0.29227	0.01024	0.01095	0.00738	0.00409	0.00390	0.00120	0.00421	0.00364	0.00307	0.00630
2	0.01033	0.05923	0.01226	0.01112	0.12345	0.03682	0.08708	0.08467	0.47450	0.01575	0.03399	0.01293	0.01030	0.00479	0.00399	0.00127	0.00396	0.00417	0.00336	0.00604
3	0.00795	0.02051	0.84011	0.01130	0.01716	0.00921	0.01465	0.01256	0.00837	0.01256	0.00712	0.00837	0.00502	0.00377	0.00377	0.00126	0.00586	0.00293	0.00167	0.00586
