[name]
unknown

[dist]
# distance from previous block
# <min> <max>
0	87

[block]
# block no. 0 follows, 74 sequences, length 9
# corresponding to MSA columns:
# 121-129
name=unknown_A
#
# <colnr> <probs for GDERKNQSTAVLIFYWHMCP>
#	G	D	E	R	K	N	Q	S	T	A	V	L	I	F	Y	W	H	M	C	P
0	0.00842	0.04421	0.05980	0.01108	0.23129	0.06685	0.02472	0.05293	0.03527	0.02799	0.10568	0.05141	0.08309	0.00513	0.00397	0.00110	0.02799	0.03458	0.00259	0.12189
1	0.01081	0.04866	0.01031	0.00921	0.14663	0.00754	0.00637	0.17410	0.03455	0.15029	0.00861	0.00908	0.00646	0.00356	0.00326	0.00088	0.00341	0.00290	0.00284	0.36050
2	0.04107	0.00768	0.03590	0.11148	0.31676	0.00768	0.03985	0.05500	0.08519	0.01257	0.05131	0.06145	0.09733	0.00495	0.00400	0.00118	0.02394	0.00437	0.00248	0.03579
3	0.00890	0.00642	0.00876	0.09936	0.05288	0.00662	0.05384	0.11341	0.08078	0.13091	0.08078	0.06755	0.14226	0.03172	0.02063	0.00139	0.02828	0.03509	0.00321	0.02722
4	0.05013	0.00728	0.04116	0.00669	0.00862	0.00748	0.00531	0.03411	0.48086	0.01394	0.05650	0.08161	0.01261	0.09680	0.00532	0.00145	0.00300	0.00461	0.00331	0.07923
5	0.00855	0.00808	0.01200	0.50286	0.18288	0.05419	0.03317	0.08731	0.00878	0.01148	0.00687	0.00938	0.00530	0.00364	0.00365	0.00115	0.00478	0.00323	0.00193	0.05075
6	0.00508	0.00397	0.00538	0.00582	0.00603	0.00427	0.00414	0.00580	0.00704	0.00963	0.05314	0.70494	0.02210	0.01070	0.00582	0.00151	0.12893	0.00931	0.00320	0.00319
7	0.01111	0.01034	0.13409	0.00855	0.01146	0.00942	0.05569	0.43841	0.10365	0.04197	0.02690	0.05712	0.00868	0.05964	0.00476	0.00133	0.00408	0.00401	0.00322	0.00557
8	0.00685	0.00728	0.13044	0.03087	0.00858	0.03491	0.00578	0.06254	0.03784	0.03201	0.44347	0.02313	0.09706	0.00672	0.00417	0.00120	0.00290	0.05666	0.00345	0.00413

[dist]
# distance from previous block
# <min> <max>
0	1

[block]
# block no. 1 follows, 74 sequences, length 123
# corresponding to MSA columns:
# 131-253
name=unknown_B
#
# <colnr> <probs for GDERKNQSTAVLIFYWHMCP>
#	G	D	E	R	K	N	Q	S	T	A	V	L	I	F	Y	W	H	M	C	P
0	0.00941	0.23255	0.35158	0.02955	0.10792	0.06744	0.02447	0.08183	0.02059	0.02321	0.01526	0.00796	0.00548	0.00359	0.00329	0.00105	0.00484	0.00276	0.00191	0.00530
1	0.73356	0.04981	0.00701	0.00613	0.05041	0.02297	0.01453	0.01091	0.00667	0.01559	0.00558	0.00688	0.00451	0.00351	0.00248	0.00111	0.00311	0.01508	0.00224	0.03790
2	0.02979	0.00676	0.02225	0.00573	0.00872	0.00541	0.00462	0.02282	0.06580	0.04626	0.02844	0.01844	0.00724	0.03618	0.00355	0.00080	0.00285	0.00274	0.00248	0.67912
3	0.00471	0.00387	0.00416	0.00412	0.00528	0.00339	0.00307	0.00608	0.03482	0.01107	0.18609	0.07598	0.62628	0.00904	0.00438	0.00125	0.00190	0.00765	0.00358	0.00328
4	0.00745	0.08876	0.61627	0.01008	0.04756	0.00850	0.02595	0.01097	0.00784	0.01140	0.03537	0.05252	0.00697	0.00488	0.03374	0.00132	0.00514	0.00330	0.00179	0.02019
5	0.00709	0.00376	0.00388	0.00375	0.00470	0.00379	0.00284	0.04167	0.00837	0.01430	0.07314	0.01466	0.01126	0.00457	0.00277	0.00090	0.00183	0.00369	0.78945	0.00358
6	0.05718	0.17948	0.01070	0.00657	0.00942	0.08597	0.00551	0.10590	0.00917	0.08355	0.01833	0.00816	0.00606	0.01115	0.00339	0.00086	0.03337	0.00255	0.00244	0.36023
7	0.00488	0.00366	0.00522	0.00559	0.00607	0.00354	0.03510	0.00577	0.00723	0.00972	0.06099	0.60932	0.04981	0.04341	0.10854	0.00209	0.00331	0.02941	0.00320	0.00314
8	0.01019	0.11426	0.22655	0.01707	0.01250	0.02497	0.05906	0.23093	0.18837	0.02644	0.00911	0.01840	0.00689	0.00424	0.00386	0.00115	0.03438	0.00333	0.00270	0.00557
9	0.70795	0.01694	0.00699	0.00661	0.06331	0.03351	0.00495	0.09896	0.00778	0.01677	0.00570	0.00657	0.00442	0.00355	0.00257	0.00113	0.00323	0.00225	0.00240	0.00440
10	0.00632	0.00477	0.00629	0.00671	0.08766	0.00476	0.03522	0.05088	0.00695	0.00929	0.03160	0.02306	0.06823	0.58050	0.02071	0.00285	0.00369	0.04497	0.00245	0.00308
11	0.00925	0.01182	0.21012	0.07228	0.02460	0.04526	0.41403	0.02708	0.05118	0.07365	0.00807	0.00970	0.00589	0.00357	0.00410	0.00121	0.01715	0.00374	0.00212	0.00518
12	0.00459	0.00332	0.00436	0.00514	0.00547	0.00309	0.00352	0.00532	0.00732	0.00967	0.03319	0.75889	0.08167	0.01135	0.00473	0.00149	0.00219	0.04819	0.00345	0.00305
13	0.00451	0.00327	0.00427	0.00508	0.00536	0.00302	0.00340	0.00518	0.00720	0.00951	0.02159	0.81212	0.07882	0.01148	0.00471	0.00149	0.00214	0.01037	0.00345	0.00302
14	0.01366	0.06128	0.01097	0.00940	0.01138	0.81179	0.00713	0.01463	0.01037	0.00907	0.00571	0.00666	0.00478	0.00379	0.00330	0.00095	0.00655	0.00237	0.00190	0.00433
15	0.01262	0.00987	0.00994	0.00801	0.01049	0.08512	0.00644	0.61578	0.01514	0.03530	0.01124	0.11017	0.04204	0.00544	0.00383	0.00115	0.00399	0.00429	0.00353	0.00562
16	0.00830	0.00677	0.00784	0.00570	0.00884	0.00541	0.00454	0.07260	0.00842	0.03145	0.00715	0.00853	0.00595	0.03585	0.00346	0.00072	0.00289	0.00244	0.00237	0.77076
17	0.02255	0.04922	0.00798	0.00671	0.00782	0.00549	0.10852	0.04001	0.00779	0.01038	0.01873	0.42198	0.15887	0.04940	0.00562	0.00148	0.06326	0.00767	0.00296	0.00356
18	0.00525	0.00355	0.00413	0.00427	0.00432	0.00352	0.00249	0.00538	0.00569	0.00760	0.01310	0.16245	0.01523	0.71296	0.03224	0.00330	0.00348	0.00622	0.00244	0.00239
19	0.01387	0.01769	0.01052	0.00956	0.01148	0.85465	0.00717	0.01482	0.01052	0.00908	0.00574	0.00669	0.00478	0.00383	0.00335	0.00096	0.00669	0.00239	0.00191	0.00430
20	0.00909	0.00872	0.01488	0.06192	0.80805	0.00879	0.01134	0.01130	0.00840	0.01200	0.00696	0.00922	0.00584	0.00333	0.00368	0.00111	0.00443	0.00331	0.00183	0.00580
21	0.89577	0.00718	0.00546	0.00488	0.00718	0.00833	0.00402	0.01091	0.00632	0.01665	0.00517	0.00603	0.00402	0.00345	0.00230	0.00115	0.00287	0.00201	0.00230	0.00402
22	0.01322	0.00995	0.01064	0.00836	0.01117	0.01109	0.00684	0.68495	0.16798	0.02195	0.01005	0.00982	0.00723	0.00456	0.00372	0.00114	0.00387	0.00350	0.00372	0.00623
23	0.04786	0.00635	0.00850	0.00654	0.00939	0.00556	0.00540	0.01783	0.01047	0.81943	0.01431	0.01240	0.00900	0.00455	0.00368	0.00115	0.00315	0.00367	0.00451	0.00624
24	0.00540	0.00360	0.00405	0.00405	0.00405	0.00360	0.00225	0.00540	0.00540	0.00720	0.01170	0.02429	0.01349	0.86955	0.01889	0.00360	0.00360	0.00540	0.00225	0.00225
25	0.00978	0.00827	0.00871	0.00755	0.00984	0.01768	0.00593	0.11978	0.67119	0.01620	0.01365	0.01273	0.01023	0.00479	0.00369	0.00119	0.00310	0.00393	0.00364	0.06811
26	0.00854	0.06588	0.12022	0.02832	0.08395	0.06704	0.21115	0.03084	0.00854	0.06386	0.02627	0.14967	0.03822	0.03220	0.01883	0.00135	0.00458	0.01333	0.00241	0.02479
27	0.00947	0.06194	0.65893	0.01170	0.06791	0.03960	0.02215	0.03678	0.00905	0.03235	0.00797	0.00951	0.00603	0.00430	0.00398	0.00135	0.00565	0.00317	0.00213	0.00604
28	0.00744	0.01920	0.85032	0.01058	0.01607	0.00862	0.01371	0.01176	0.00784	0.01176	0.00666	0.00784	0.00470	0.00353	0.00353	0.00118	0.00549	0.00274	0.00157	0.00549
29	0.00712	0.00671	0.01133	0.81940	0.06596	0.00827	0.01036	0.00958	0.00747	0.00961	0.00662	0.00986	0.00499	0.00369	0.00371	0.00123	0.00492	0.00330	0.00166	0.00421
30	0.00955	0.11688	0.33761	0.08151	0.09919	0.01585	0.05701	0.02737	0.04274	0.14096	0.00900	0.00979	0.02854	0.00386	0.00353	0.00113	0.00461	0.00321	0.00227	0.00538
31	0.02148	0.02702	0.08278	0.00829	0.03652	0.00661	0.09334	0.04792	0.00963	0.44003	0.01385	0.09453	0.05569	0.00528	0.00421	0.00121	0.03813	0.00449	0.00354	0.00545
32	0.00536	0.00358	0.00406	0.00409	0.00410	0.00358	0.00230	0.00539	0.00547	0.00729	0.01205	0.05814	0.01394	0.83510	0.01832	0.00351	0.00354	0.00560	0.00230	0.00228
33	0.34570	0.12117	0.05470	0.01839	0.17327	0.20123	0.00708	0.01193	0.00793	0.01264	0.00574	0.00694	0.00470	0.00350	0.00298	0.00106	0.01201	0.00241	0.00198	0.00462
34	0.00457	0.00329	0.00435	0.00519	0.00546	0.00307	0.00352	0.00527	0.00720	0.00955	0.02096	0.80996	0.04991	0.01151	0.00474	0.00151	0.00219	0.04127	0.00344	0.00303
35	0.04263	0.08636	0.22239	0.00919	0.06632	0.06869	0.02082	0.10282	0.08063	0.01979	0.10381	0.01199	0.05084	0.00479	0.00446	0.00117	0.09222	0.00364	0.00248	0.00495
36	0.79679	0.00708	0.00581	0.00508	0.00744	0.00800	0.00418	0.01172	0.00680	0.11036	0.00624	0.00677	0.00460	0.00357	0.00246	0.00115	0.00290	0.00220	0.00256	0.00428
37	0.00496	0.00391	0.00460	0.00537	0.00567	0.04280	0.00362	0.00562	0.00727	0.00946	0.01977	0.82693	0.02363	0.01126	0.00467	0.00148	0.00237	0.01017	0.00337	0.00308
38	0.00452	0.00323	0.00431	0.00517	0.00538	0.00301	0.00345	0.00517	0.00711	0.00948	0.02046	0.86713	0.02455	0.01163	0.00474	0.00151	0.00215	0.01055	0.00345	0.00301
39	0.00770	0.00660	0.00770	0.00550	0.00880	0.00495	0.00440	0.00935	0.00770	0.01210	0.00660	0.00770	0.00550	0.00275	0.00275	0.00055	0.00275	0.00220	0.00220	0.89224
40	0.01032	0.00748	0.00854	0.00654	0.00942	0.00699	0.00526	0.23936	0.06835	0.10082	0.00947	0.05294	0.00756	0.00405	0.00329	0.00087	0.00312	0.00326	0.02036	0.43200
41	0.00907	0.00861	0.05773	0.02905	0.15225	0.00789	0.34736	0.01152	0.00887	0.11261	0.10274	0.01397	0.01029	0.00451	0.00463	0.00125	0.05418	0.05598	0.00251	0.00499
42	0.00587	0.00495	0.03562	0.00595	0.04913	0.00437	0.00439	0.01743	0.06479	0.02329	0.54325	0.06514	0.14666	0.00744	0.00428	0.00120	0.00218	0.00650	0.00374	0.00384
43	0.01280	0.05517	0.01126	0.00936	0.01128	0.60736	0.04557	0.04679	0.01005	0.03973	0.00638	0.00749	0.00521	0.00407	0.00414	0.00103	0.08235	0.00266	0.03284	0.00446
44	0.01053	0.05214	0.00966	0.00775	0.01013	0.01010	0.00620	0.22941	0.58557	0.01721	0.01301	0.01218	0.00970	0.00479	0.00369	0.00120	0.00329	0.00386	0.00365	0.00593
45	0.00452	0.00323	0.00431	0.00517	0.00538	0.00301	0.00345	0.00517	0.00711	0.00948	0.02046	0.86713	0.02455	0.01163	0.00474	0.00151	0.00215	0.01055	0.00345	0.00301
46	0.00923	0.47313	0.28816	0.00898	0.04132	0.05523	0.05575	0.01157	0.00789	0.01003	0.00587	0.00694	0.00483	0.00332	0.00296	0.00096	0.00475	0.00243	0.00162	0.00503
47	0.01606	0.08341	0.67322	0.01003	0.02916	0.04832	0.01211	0.01166	0.00810	0.02018	0.04933	0.00871	0.00632	0.00373	0.00347	0.00113	0.00517	0.00288	0.00176	0.00528
48	0.00876	0.01001	0.02190	0.01564	0.01940	0.00939	0.83292	0.01189	0.00876	0.01189	0.00751	0.01001	0.00563	0.00313	0.00438	0.00125	0.00626	0.00438	0.00188	0.00501
49	0.00598	0.00400	0.00511	0.00493	0.00589	0.00371	0.00366	0.00772	0.03840	0.07310	0.51906	0.19977	0.09791	0.00827	0.00439	0.00125	0.00199	0.00730	0.00393	0.00365
50	0.01850	0.24793	0.51514	0.00890	0.01328	0.01000	0.01059	0.04444	0.00817	0.03548	0.00726	0.05134	0.00592	0.00391	0.00328	0.00109	0.00475	0.00298	0.00185	0.00521
51	0.00701	0.00660	0.01113	0.86063	0.02556	0.00825	0.01031	0.00948	0.00742	0.00948	0.00660	0.00990	0.00495	0.00371	0.00371	0.00124	0.00495	0.00330	0.00165	0.00412
52	0.01593	0.00690	0.00891	0.00689	0.00973	0.00640	0.00567	0.11717	0.05748	0.70254	0.01397	0.01225	0.00896	0.00460	0.00373	0.00115	0.00326	0.00371	0.00444	0.00629
53	0.00534	0.00402	0.00599	0.00597	0.00661	0.00470	0.00463	0.00663	0.00595	0.00859	0.00992	0.01471	0.00932	0.04634	0.82523	0.00586	0.02089	0.00400	0.00199	0.00330
54	0.00994	0.05638	0.02487	0.14138	0.43553	0.04108	0.06474	0.05413	0.03934	0.08518	0.00787	0.00951	0.00612	0.00360	0.00365	0.00112	0.00451	0.00333	0.00221	0.00550
55	0.00876	0.01001	0.02190	0.01564	0.01940	0.00939	0.83292	0.01189	0.00876	0.01189	0.00751	0.01001	0.00563	0.00313	0.00438	0.00125	0.00626	0.00438	0.00188	0.00501
56	0.00495	0.00349	0.00448	0.00489	0.00513	0.00347	0.00322	0.00551	0.00645	0.00871	0.03541	0.42569	0.02753	0.30144	0.13956	0.00288	0.00382	0.00770	0.00284	0.00282
57	0.00969	0.00778	0.01131	0.01725	0.07501	0.00834	0.17698	0.24674	0.02175	0.01553	0.00910	0.01066	0.00702	0.00426	0.00437	0.00112	0.09148	0.00359	0.27312	0.00488
58	0.03309	0.07778	0.00850	0.06108	0.06436	0.00656	0.02394	0.07962	0.00772	0.02390	0.02344	0.04490	0.03595	0.11295	0.34518	0.00336	0.00624	0.03522	0.00233	0.00389
59	0.00507	0.00379	0.00511	0.07560	0.00715	0.00389	0.00412	0.00599	0.00716	0.00974	0.01890	0.59653	0.08269	0.02097	0.03724	0.00162	0.03721	0.00865	0.06537	0.00319
60	0.04053	0.00851	0.03663	0.07513	0.45090	0.00836	0.00909	0.07573	0.09734	0.01341	0.03409	0.00996	0.00719	0.00369	0.00355	0.00107	0.00395	0.00331	0.00230	0.11527
61	0.00985	0.05071	0.00948	0.00781	0.00991	0.03919	0.00621	0.10186	0.63091	0.01534	0.01299	0.01233	0.00984	0.00494	0.00424	0.00124	0.06012	0.00388	0.00346	0.00569
62	0.00876	0.13156	0.00958	0.00585	0.00904	0.01575	0.00487	0.04858	0.00829	0.05117	0.00705	0.01936	0.00585	0.00311	0.00282	0.00066	0.00304	0.00241	0.00231	0.65995
63	0.00450	0.00332	0.00422	0.00493	0.00532	0.00303	0.00334	0.00519	0.00733	0.00957	0.02333	0.72779	0.16204	0.01126	0.00468	0.00146	0.00211	0.01010	0.00345	0.00303
64	0.06857	0.00712	0.04845	0.07849	0.01114	0.00643	0.03042	0.01553	0.02979	0.56835	0.01253	0.04395	0.00861	0.00473	0.00412	0.00120	0.04731	0.00381	0.00377	0.00566
65	0.00912	0.00877	0.01503	0.04720	0.81288	0.00881	0.02081	0.01134	0.00843	0.01205	0.00698	0.00922	0.00585	0.00332	0.00368	0.00111	0.00445	0.00332	0.00183	0.00582
66	0.01387	0.01769	0.01052	0.00956	0.01148	0.85465	0.00717	0.01482	0.01052	0.00908	0.00574	0.00669	0.00478	0.00383	0.00335	0.00096	0.00669	0.00239	0.00191	0.00430
67	0.04160	0.63208	0.01629	0.00647	0.00941	0.01292	0.00610	0.06900	0.08967	0.03988	0.00802	0.00836	0.03938	0.00375	0.00273	0.00090	0.00373	0.00259	0.00215	0.00494
68	0.00539	0.00361	0.00412	0.00412	0.00415	0.00364	0.00234	0.00545	0.00542	0.00725	0.01163	0.02390	0.01333	0.83606	0.05215	0.00369	0.00385	0.00534	0.00224	0.00229
69	0.00610	0.00378	0.00472	0.00524	0.00599	0.00374	0.00423	0.00764	0.00801	0.01190	0.01685	0.17015	0.01728	0.00818	0.00407	0.00135	0.00255	0.36598	0.34888	0.00337
70	0.00924	0.03529	0.04070	0.01610	0.00996	0.00909	0.00624	0.05667	0.67002	0.02400	0.03162	0.01469	0.01151	0.00517	0.00380	0.00125	0.00314	0.04225	0.00360	0.00567
71	0.01373	0.01070	0.01101	0.03349	0.01186	0.06795	0.00712	0.72962	0.04223	0.02178	0.00882	0.00894	0.00633	0.00441	0.00369	0.00111	0.00425	0.00330	0.00353	0.00610
72	0.00527	0.00376	0.00517	0.00602	0.00657	0.00366	0.00475	0.00646	0.00784	0.01031	0.02005	0.44370	0.02291	0.01092	0.00494	0.00161	0.00280	0.42659	0.00343	0.00322
73	0.00755	0.00714	0.01210	0.65447	0.22754	0.00839	0.01057	0.00995	0.00768	0.01013	0.00669	0.00972	0.00518	0.00361	0.00370	0.00120	0.00482	0.00330	0.00170	0.00456
74	0.00637	0.04012	0.00868	0.00704	0.00854	0.00559	0.14348	0.00902	0.10063	0.01245	0.31110	0.11548	0.08571	0.03873	0.04822	0.00158	0.00335	0.04674	0.00325	0.00393
75	0.00869	0.01001	0.04617	0.04881	0.01880	0.00931	0.71158	0.01238	0.07183	0.01207	0.00802	0.01023	0.00601	0.00331	0.00428	0.00125	0.00593	0.00427	0.00200	0.00505
76	0.01387	0.01769	0.01052	0.00956	0.01148	0.85465	0.00717	0.01482	0.01052	0.00908	0.00574	0.00669	0.00478	0.00383	0.00335	0.00096	0.00669	0.00239	0.00191	0.00430
77	0.00900	0.01085	0.17750	0.01918	0.61583	0.00889	0.01143	0.03744	0.05103	0.01258	0.00739	0.00915	0.00594	0.00347	0.00365	0.00113	0.00453	0.00324	0.00194	0.00582
78	0.00591	0.00450	0.00552	0.00514	0.00623	0.00446	0.00389	0.00912	0.15009	0.01492	0.69251	0.02551	0.04337	0.00719	0.00428	0.00118	0.00195	0.00631	0.00402	0.00390
79	0.00452	0.00323	0.00431	0.00517	0.00538	0.00301	0.00345	0.00517	0.00711	0.00948	0.02046	0.86713	0.02455	0.01163	0.00474	0.00151	0.00215	0.01055	0.00345	0.00301
80	0.00533	0.00388	0.00545	0.00545	0.00594	0.00436	0.00400	0.00630	0.00581	0.00824	0.01041	0.01719	0.01041	0.25393	0.63030	0.00533	0.00824	0.00436	0.00206	0.00303
81	0.00534	0.00383	0.00523	0.00523	0.00564	0.00424	0.00372	0.00616	0.00575	0.00807	0.01061	0.01830	0.01089	0.35029	0.53460	0.00506	0.00751	0.00452	0.00209	0.00291
82	0.01128	0.01169	0.34279	0.09959	0.09323	0.00732	0.00980	0.01404	0.00898	0.34966	0.00991	0.01012	0.00665	0.00396	0.00364	0.00116	0.00439	0.00325	0.00282	0.00572
83	0.00462	0.00331	0.00436	0.00518	0.00544	0.00310	0.00351	0.00530	0.00715	0.00949	0.02054	0.77801	0.04407	0.04126	0.00524	0.00158	0.00226	0.04918	0.00340	0.00301
84	0.00526	0.00378	0.00482	0.00472	0.00560	0.00346	0.00353	0.00676	0.00976	0.02664	0.59421	0.12722	0.14274	0.00836	0.00444	0.00124	0.00190	0.03822	0.00391	0.00344
85	0.00799	0.00699	0.01125	0.42906	0.18521	0.02238	0.04748	0.03803	0.00816	0.05187	0.00905	0.11856	0.00805	0.00551	0.03337	0.00140	0.00463	0.00430	0.00216	0.00453
86	0.00807	0.09246	0.05233	0.44028	0.20877	0.01735	0.02375	0.02894	0.04138	0.01071	0.00743	0.03908	0.00611	0.00389	0.00361	0.00117	0.00460	0.00344	0.00188	0.00475
87	0.00864	0.00900	0.01105	0.00957	0.00981	0.10408	0.00787	0.00949	0.00623	0.00894	0.00518	0.00823	0.00504	0.00708	0.04607	0.00173	0.73307	0.00318	0.00167	0.00406
88	0.00447	0.00366	0.00395	0.00411	0.00512	0.00313	0.00299	0.00541	0.00832	0.01024	0.08784	0.20305	0.62537	0.00973	0.00446	0.00130	0.00193	0.00831	0.00349	0.00313
89	0.00822	0.00782	0.01200	0.42733	0.30573	0.04142	0.00994	0.02527	0.06315	0.01106	0.00793	0.03145	0.00655	0.00402	0.00375	0.00120	0.00458	0.02176	0.00198	0.00485
90	0.00747	0.01902	0.83373	0.01068	0.01613	0.00864	0.03012	0.01176	0.00786	0.01176	0.00668	0.00788	0.00472	0.00352	0.00354	0.00118	0.00550	0.00278	0.00157	0.00548
91	0.00518	0.00371	0.00505	0.00583	0.00636	0.00357	0.00451	0.00635	0.00795	0.01054	0.07794	0.46334	0.02395	0.01077	0.00488	0.00157	0.00265	0.34916	0.00348	0.00322
92	0.00498	0.00363	0.00456	0.00482	0.00543	0.00337	0.00346	0.00605	0.00835	0.01122	0.29320	0.29948	0.14406	0.11013	0.00626	0.00162	0.00226	0.08048	0.00351	0.00314
93	0.05326	0.00680	0.00801	0.07244	0.01015	0.00568	0.00496	0.04796	0.00806	0.01265	0.00663	0.00784	0.00542	0.00294	0.00285	0.00066	0.00299	0.00233	0.00223	0.73613
94	0.00439	0.00376	0.00376	0.00376	0.00501	0.00313	0.00282	0.00533	0.00846	0.01003	0.03760	0.03572	0.84489	0.00940	0.00439	0.00125	0.00188	0.00783	0.00345	0.00313
95	0.00449	0.00376	0.00390	0.00387	0.00508	0.00318	0.00290	0.00552	0.00870	0.01059	0.13135	0.03479	0.75079	0.00919	0.00439	0.00124	0.00187	0.00770	0.00352	0.00318
96	0.00530	0.00398	0.00597	0.00597	0.00663	0.00464	0.00464	0.00663	0.00597	0.00862	0.00994	0.01458	0.00928	0.02784	0.85484	0.00597	0.00994	0.00398	0.00199	0.00331
97	0.00923	0.00797	0.00839	0.00755	0.00965	0.00923	0.00588	0.01972	0.83969	0.01553	0.01511	0.01385	0.01133	0.00504	0.00378	0.00126	0.00294	0.00420	0.00378	0.00588
98	0.00770	0.00660	0.00770	0.00550	0.00880	0.00495	0.00440	0.00935	0.00770	0.01210	0.00660	0.00770	0.00550	0.00275	0.00275	0.00055	0.00275	0.00220	0.00220	0.89224
99	0.00923	0.00797	0.00839	0.00755	0.00965	0.00923	0.00588	0.01972	0.83969	0.01553	0.01511	0.01385	0.01133	0.00504	0.00378	0.00126	0.00294	0.00420	0.00378	0.00588
100	0.00761	0.01688	0.65865	0.01138	0.01638	0.00860	0.17668	0.01158	0.00804	0.01173	0.00780	0.00914	0.03121	0.00363	0.00372	0.00119	0.00553	0.00323	0.00169	0.00532
101	0.85458	0.00733	0.00572	0.00505	0.00738	0.00848	0.00416	0.04936	0.00684	0.01697	0.00534	0.00616	0.00413	0.00349	0.00236	0.00115	0.00293	0.00207	0.00236	0.00413
102	0.00941	0.69439	0.19233	0.00723	0.01089	0.01342	0.00788	0.01125	0.00760	0.00936	0.00547	0.00635	0.00475	0.00325	0.00262	0.00087	0.00428	0.00214	0.00158	0.00491
103	0.01607	0.00620	0.00848	0.00657	0.00933	0.00541	0.00541	0.01750	0.01039	0.80608	0.01440	0.01273	0.00919	0.00578	0.04716	0.00139	0.00350	0.00375	0.00446	0.00616
104	0.00439	0.00376	0.00376	0.00376	0.00501	0.00313	0.00282	0.00533	0.00846	0.01003	0.03760	0.03572	0.84489	0.00940	0.00439	0.00125	0.00188	0.00783	0.00345	0.00313
105	0.01286	0.00926	0.20966	0.00733	0.01062	0.00619	0.00722	0.04853	0.00997	0.51148	0.01508	0.01425	0.09973	0.00494	0.00377	0.00117	0.00362	0.01489	0.00369	0.00573
106	0.04017	0.03724	0.01049	0.00859	0.03957	0.22914	0.03578	0.11593	0.01084	0.37954	0.01006	0.00980	0.00695	0.00429	0.00396	0.00111	0.04452	0.00321	0.00329	0.00551
107	0.00531	0.00397	0.00592	0.00592	0.00656	0.00461	0.00458	0.00660	0.00595	0.00858	0.00999	0.01483	0.00939	0.04941	0.83342	0.00590	0.00978	0.00401	0.00200	0.00329
108	0.01411	0.01040	0.01114	0.00854	0.01151	0.01151	0.00706	0.83402	0.01745	0.02339	0.00891	0.00891	0.00631	0.00446	0.00371	0.00111	0.00408	0.00334	0.00371	0.00631
109	0.00900	0.10603	0.04873	0.12319	0.01309	0.11467	0.07278	0.02338	0.00724	0.00958	0.00559	0.00809	0.00493	0.00500	0.00776	0.00134	0.43046	0.00308	0.00171	0.00435
110	0.00654	0.00600	0.01006	0.65050	0.02109	0.00718	0.03738	0.00865	0.00740	0.00957	0.00956	0.19111	0.00912	0.00536	0.00395	0.00129	0.00440	0.00487	0.00204	0.00392
111	0.00535	0.00358	0.00406	0.00412	0.00413	0.00356	0.00232	0.00538	0.00550	0.00733	0.01222	0.07511	0.01416	0.81782	0.01804	0.00347	0.00351	0.00571	0.00232	0.00230
112	0.00706	0.00665	0.01123	0.84014	0.04564	0.00826	0.01033	0.00953	0.00745	0.00955	0.00661	0.00988	0.00497	0.00370	0.00371	0.00123	0.00493	0.00330	0.00165	0.00417
113	0.00829	0.00791	0.01345	0.36703	0.50914	0.00858	0.01095	0.01061	0.00803	0.01104	0.00682	0.00948	0.00550	0.00347	0.00369	0.00116	0.00463	0.00330	0.00176	0.00516
114	0.00790	0.00670	0.00776	0.00566	0.00883	0.00531	0.00452	0.03538	0.04699	0.01269	0.03157	0.00861	0.00666	0.00305	0.00287	0.00062	0.00277	0.00246	0.00238	0.79729
115	0.00792	0.06222	0.77594	0.01021	0.01548	0.00881	0.01302	0.01196	0.00793	0.04341	0.00689	0.00792	0.00488	0.00355	0.00348	0.00116	0.00532	0.00274	0.00168	0.00548
116	0.89577	0.00718	0.00546	0.00488	0.00718	0.00833	0.00402	0.01091	0.00632	0.01665	0.00517	0.00603	0.00402	0.00345	0.00230	0.00115	0.00287	0.00201	0.00230	0.00402
117	0.00625	0.00354	0.00391	0.00389	0.00473	0.00343	0.00289	0.00789	0.00848	0.01370	0.23036	0.07025	0.04790	0.00581	0.00326	0.00100	0.00177	0.00490	0.57261	0.00343
118	0.00540	0.00360	0.00405	0.00405	0.00405	0.00360	0.00225	0.00540	0.00540	0.00720	0.01170	0.02429	0.01349	0.86955	0.01889	0.00360	0.00360	0.00540	0.00225	0.00225
119	0.00452	0.00323	0.00431	0.00517	0.00538	0.00301	0.00345	0.00517	0.00711	0.00948	0.02046	0.86713	0.02455	0.01163	0.00474	0.00151	0.00215	0.01055	0.00345	0.00301
120	0.01033	0.78609	0.01859	0.00662	0.00972	0.05376	0.00643	0.05504	0.00821	0.00953	0.00539	0.00615	0.00485	0.00327	0.00250	0.00082	0.00410	0.00208	0.00172	0.00482
121	0.00441	0.00376	0.00379	0.00378	0.00503	0.00314	0.00284	0.00537	0.00851	0.01014	0.05593	0.03554	0.82649	0.00936	0.00439	0.00125	0.00188	0.00781	0.00346	0.00314
122	0.01003	0.04424	0.00929	0.00806	0.02403	0.15525	0.00619	0.04596	0.57800	0.01400	0.01247	0.01208	0.00957	0.00587	0.04707	0.00142	0.00405	0.00374	0.00324	0.00544

[dist]
# distance from previous block
# <min> <max>
0	2

[block]
# block no. 2 follows, 74 sequences, length 15
# corresponding to MSA columns:
# 256-270
name=unknown_C
#
# <colnr> <probs for GDERKNQSTAVLIFYWHMCP>
#	G	D	E	R	K	N	Q	S	T	A	V	L	I	F	Y	W	H	M	C	P
0	0.00888	0.24957	0.28315	0.04218	0.01291	0.01069	0.06816	0.07846	0.03990	0.01168	0.00684	0.00819	0.00543	0.00395	0.00435	0.00112	0.11295	0.00287	0.04371	0.00501
1	0.00781	0.00655	0.00777	0.03800	0.00936	0.00513	0.00464	0.02447	0.00792	0.02596	0.00765	0.02278	0.02343	0.00313	0.00289	0.00063	0.00284	0.00254	0.00229	0.79420
2	0.05355	0.46115	0.26490	0.00785	0.01142	0.07890	0.00848	0.01140	0.00772	0.01006	0.00580	0.00690	0.00486	0.00420	0.03017	0.00112	0.02269	0.00233	0.00166	0.00484
3	0.02787	0.09882	0.08086	0.00811	0.01088	0.07560	0.00710	0.44778	0.08102	0.01756	0.00939	0.05590	0.00764	0.00553	0.03302	0.00129	0.00436	0.01868	0.00308	0.00552
4	0.00458	0.00377	0.00403	0.00397	0.00513	0.00322	0.00297	0.00571	0.00892	0.01112	0.21969	0.03392	0.66212	0.00899	0.00438	0.00123	0.00185	0.00758	0.00359	0.00322
5	0.00851	0.27860	0.45453	0.00964	0.06862	0.01007	0.01040	0.01142	0.00787	0.03822	0.00719	0.03333	0.00593	0.00382	0.00325	0.00107	0.00468	0.02234	0.00180	0.01869
6	0.00867	0.11457	0.19764	0.24757	0.09702	0.06101	0.07934	0.02089	0.06360	0.02497	0.00715	0.00893	0.00552	0.00376	0.00394	0.00116	0.04432	0.00312	0.00189	0.00493
7	0.00804	0.00686	0.01100	0.75294	0.02368	0.00833	0.00981	0.06948	0.00832	0.05587	0.00720	0.00997	0.00528	0.00381	0.00371	0.00122	0.00479	0.00333	0.00196	0.00440
8	0.00469	0.00336	0.00448	0.00528	0.00561	0.00316	0.00368	0.00548	0.00739	0.00982	0.04734	0.73876	0.04456	0.01131	0.00476	0.00151	0.00226	0.09002	0.00346	0.00307
9	0.05597	0.00890	0.09022	0.00785	0.01091	0.00787	0.04282	0.25856	0.03056	0.40156	0.01162	0.03854	0.00805	0.00457	0.00370	0.00116	0.00374	0.00370	0.00376	0.00595
10	0.01184	0.00767	0.04098	0.08437	0.03556	0.03363	0.03737	0.12416	0.06233	0.32214	0.09139	0.02509	0.01068	0.00484	0.00404	0.00117	0.03174	0.01202	0.04529	0.01372
11	0.00547	0.00372	0.00494	0.00494	0.00522	0.00400	0.00337	0.00586	0.00558	0.00772	0.01039	0.01878	0.01095	0.42100	0.37184	0.10073	0.00624	0.00456	0.00207	0.00263
12	0.89577	0.00718	0.00546	0.00488	0.00718	0.00833	0.00402	0.01091	0.00632	0.01665	0.00517	0.00603	0.00402	0.00345	0.00230	0.00115	0.00287	0.00201	0.00230	0.00402
13	0.17155	0.11781	0.34330	0.00874	0.04830	0.05404	0.00886	0.03839	0.08456	0.01271	0.00807	0.07348	0.00682	0.00426	0.00328	0.00114	0.00430	0.00327	0.00215	0.00496
14	0.02100	0.37148	0.07776	0.00840	0.08451	0.02193	0.00705	0.10267	0.04055	0.09651	0.00763	0.00868	0.00617	0.03628	0.00389	0.00107	0.03130	0.00278	0.01724	0.05311

[dist]
# distance from previous block
# <min> <max>
0	1

[block]
# block no. 3 follows, 74 sequences, length 25
# corresponding to MSA columns:
# 272-296
name=unknown_D
#
# <colnr> <probs for GDERKNQSTAVLIFYWHMCP>
#	G	D	E	R	K	N	Q	S	T	A	V	L	I	F	Y	W	H	M	C	P
0	0.00905	0.07739	0.15454	0.01920	0.62684	0.00929	0.01130	0.02756	0.00846	0.01202	0.00683	0.00871	0.00561	0.00336	0.00355	0.00109	0.00455	0.00311	0.00181	0.00574
1	0.00984	0.84133	0.04913	0.00650	0.00976	0.01447	0.00661	0.01114	0.00755	0.00884	0.00521	0.00602	0.00476	0.00319	0.00242	0.00081	0.00402	0.00201	0.00159	0.00479
2	0.00471	0.00372	0.00425	0.00422	0.00524	0.00326	0.00312	0.00592	0.00908	0.01174	0.32955	0.10804	0.47607	0.00894	0.00442	0.00125	0.00186	0.00767	0.00368	0.00326
3	0.00992	0.87178	0.01945	0.00635	0.00953	0.01469	0.00635	0.01111	0.00754	0.00873	0.00516	0.00595	0.00476	0.00318	0.00238	0.00079	0.00397	0.00198	0.00159	0.00476
4	0.00530	0.00395	0.00582	0.00577	0.00647	0.00447	0.00447	0.00668	0.00663	0.00954	0.13294	0.01652	0.01307	0.02485	0.72949	0.00526	0.00873	0.00438	0.00230	0.00334
5	0.00630	0.00415	0.00462	0.00431	0.00576	0.00353	0.00332	0.00739	0.00895	0.13410	0.10034	0.03177	0.63971	0.00856	0.00430	0.00124	0.00209	0.02225	0.00367	0.00364
6	0.00529	0.00378	0.00486	0.00459	0.00547	0.00349	0.00344	0.00701	0.01032	0.01467	0.78065	0.02743	0.06280	0.00752	0.00430	0.00116	0.00175	0.00662	0.04138	0.00349
7	0.00512	0.00380	0.00478	0.00460	0.00553	0.00346	0.00348	0.00671	0.01002	0.01381	0.65905	0.04505	0.17368	0.00808	0.00441	0.00121	0.00184	0.03801	0.00394	0.00343
8	0.01258	0.00964	0.01028	0.00823	0.01093	0.01080	0.00669	0.57913	0.27483	0.02093	0.01085	0.01046	0.00788	0.00464	0.00373	0.00116	0.00373	0.00361	0.00373	0.00618
9	0.00992	0.87178	0.01945	0.00635	0.00953	0.01469	0.00635	0.01111	0.00754	0.00873	0.00516	0.00595	0.00476	0.00318	0.00238	0.00079	0.00397	0.00198	0.00159	0.00476
10	0.59985	0.00809	0.00726	0.00603	0.00855	0.00915	0.00497	0.25417	0.00978	0.05241	0.00666	0.00715	0.00491	0.00379	0.00277	0.00114	0.00324	0.00247	0.00281	0.00479
11	0.00843	0.01790	0.72663	0.01028	0.01539	0.00905	0.01273	0.13295	0.00925	0.01347	0.00699	0.00800	0.00494	0.00366	0.00355	0.00117	0.00528	0.00283	0.00188	0.00561
12	0.62233	0.00757	0.03654	0.00565	0.00823	0.00785	0.00484	0.05314	0.00789	0.20458	0.00754	0.00773	0.00532	0.00376	0.00273	0.00115	0.00309	0.00249	0.00286	0.00470
13	0.00439	0.00376	0.00376	0.00376	0.00501	0.00313	0.00282	0.00533	0.00846	0.01003	0.03760	0.03572	0.84489	0.00940	0.00439	0.00125	0.00188	0.00783	0.00345	0.00313
14	0.00452	0.00323	0.00431	0.00517	0.00538	0.00301	0.00345	0.00517	0.00711	0.00948	0.02046	0.86713	0.02455	0.01163	0.00474	0.00151	0.00215	0.01055	0.00345	0.00301
15	0.89577	0.00718	0.00546	0.00488	0.00718	0.00833	0.00402	0.01091	0.00632	0.01665	0.00517	0.00603	0.00402	0.00345	0.00230	0.00115	0.00287	0.00201	0.00230	0.00402
16	0.00439	0.00376	0.00376	0.00376	0.00501	0.00313	0.00282	0.00533	0.00846	0.01003	0.03760	0.03572	0.84489	0.00940	0.00439	0.00125	0.00188	0.00783	0.00345	0.00313
17	0.89577	0.00718	0.00546	0.00488	0.00718	0.00833	0.00402	0.01091	0.00632	0.01665	0.00517	0.00603	0.00402	0.00345	0.00230	0.00115	0.00287	0.00201	0.00230	0.00402
18	0.00932	0.67821	0.14067	0.00675	0.01008	0.01291	0.00714	0.01102	0.00760	0.00958	0.00592	0.00685	0.00513	0.00332	0.00257	0.00086	0.00402	0.00221	0.07107	0.00477
19	0.00842	0.00901	0.01939	0.01405	0.01725	0.00848	0.71062	0.01085	0.00818	0.01109	0.00735	0.01020	0.00575	0.00457	0.00587	0.13254	0.00581	0.00421	0.00184	0.00451
20	0.76582	0.00765	0.00629	0.00542	0.00782	0.00880	0.00447	0.13223	0.00796	0.01765	0.00572	0.00645	0.00436	0.00359	0.00251	0.00114	0.00305	0.00221	0.00251	0.00436
21	0.00489	0.00378	0.00446	0.00429	0.00532	0.00335	0.00322	0.00631	0.00966	0.01287	0.50937	0.03105	0.37135	0.00834	0.00438	0.00120	0.00180	0.00718	0.00382	0.00335
22	0.76619	0.00705	0.00592	0.00514	0.00752	0.00790	0.00423	0.01197	0.00695	0.13933	0.00657	0.00700	0.00478	0.00361	0.00251	0.00115	0.00291	0.00226	0.00264	0.00436
23	0.80943	0.00709	0.00577	0.00505	0.00740	0.00804	0.00416	0.01162	0.00674	0.09840	0.00610	0.00668	0.00453	0.00356	0.00244	0.00115	0.00290	0.00218	0.00252	0.00425
24	0.00556	0.00397	0.00444	0.00421	0.00549	0.00341	0.00320	0.00674	0.00914	0.07684	0.23552	0.03194	0.57907	0.00858	0.00433	0.00122	0.00195	0.00724	0.00369	0.00347

[dist]
# distance from previous block
# <min> <max>
0	1

[block]
# block no. 4 follows, 74 sequences, length 152
# corresponding to MSA columns:
# 298-449
name=unknown_E
#
# <colnr> <probs for GDERKNQSTAVLIFYWHMCP>
#	G	D	E	R	K	N	Q	S	T	A	V	L	I	F	Y	W	H	M	C	P
0	0.17598	0.00665	0.00959	0.62744	0.02050	0.02098	0.00860	0.00955	0.00724	0.01084	0.00724	0.06653	0.00608	0.00419	0.00351	0.00123	0.00439	0.00353	0.00190	0.00403
1	0.00439	0.00376	0.00376	0.00376	0.00501	0.00313	0.00282	0.00533	0.00846	0.01003	0.03760	0.03572	0.84489	0.00940	0.00439	0.00125	0.00188	0.00783	0.00345	0.00313
2	0.01441	0.00765	0.00910	0.00717	0.00987	0.00771	0.00586	0.26957	0.12019	0.44381	0.01281	0.01170	0.00860	0.00460	0.00367	0.00114	0.00334	0.00366	0.04903	0.00611
3	0.00516	0.00425	0.00444	0.00432	0.00560	0.00384	0.00325	0.04945	0.04364	0.01118	0.07739	0.09164	0.66465	0.00902	0.00435	0.00126	0.00205	0.00758	0.00351	0.00343
4	0.07437	0.00826	0.00957	0.00738	0.01026	0.00844	0.00610	0.39386	0.01348	0.41252	0.01137	0.01048	0.00752	0.00445	0.00363	0.00113	0.00357	0.00344	0.00403	0.00616
5	0.00919	0.00882	0.01507	0.02278	0.84640	0.00882	0.01139	0.01139	0.00845	0.01213	0.00698	0.00919	0.00588	0.00331	0.00367	0.00110	0.00441	0.00331	0.00184	0.00588
6	0.06571	0.00387	0.00491	0.00533	0.00601	0.00367	0.00373	0.00714	0.00749	0.11307	0.01872	0.70449	0.02129	0.01022	0.00445	0.00144	0.00233	0.00914	0.00351	0.00349
7	0.20758	0.00662	0.00779	0.00621	0.00877	0.00642	0.00509	0.08664	0.01027	0.51416	0.09242	0.01233	0.01031	0.00462	0.00348	0.00115	0.00304	0.00361	0.00397	0.00554
8	0.00451	0.00327	0.00427	0.00507	0.00536	0.00302	0.00340	0.00518	0.00720	0.00951	0.02161	0.81144	0.07950	0.01148	0.00471	0.00149	0.00214	0.01037	0.00345	0.00302
9	0.00587	0.00428	0.00596	0.00663	0.00755	0.00422	0.01450	0.00755	0.00862	0.01120	0.05515	0.04053	0.07693	0.01001	0.00504	0.00165	0.00328	0.72418	0.00343	0.00342
10	0.00923	0.00797	0.00839	0.00755	0.00965	0.00923	0.00588	0.01972	0.83969	0.01553	0.01511	0.01385	0.01133	0.00504	0.00378	0.00126	0.00294	0.00420	0.00378	0.00588
11	0.00501	0.00339	0.00450	0.00516	0.00554	0.00314	0.00351	0.00578	0.00753	0.03957	0.08857	0.75463	0.03771	0.01101	0.00467	0.00146	0.00215	0.00995	0.00354	0.00317
12	0.00757	0.00365	0.00380	0.00367	0.00467	0.00359	0.00279	0.00928	0.00797	0.06978	0.01228	0.01376	0.00949	0.00434	0.00267	0.00088	0.00183	0.00348	0.83084	0.00365
13	0.56869	0.00686	0.00663	0.00552	0.00803	0.00726	0.00455	0.01358	0.00792	0.32632	0.00869	0.00849	0.00594	0.00387	0.00283	0.00115	0.00298	0.00265	0.00315	0.00487
14	0.89577	0.00718	0.00546	0.00488	0.00718	0.00833	0.00402	0.01091	0.00632	0.01665	0.00517	0.00603	0.00402	0.00345	0.00230	0.00115	0.00287	0.00201	0.00230	0.00402
15	0.00457	0.00372	0.00404	0.00405	0.00515	0.00320	0.00301	0.00565	0.00876	0.01095	0.19677	0.10011	0.61866	0.00922	0.00441	0.00126	0.00188	0.00783	0.00357	0.00320
16	0.00852	0.06643	0.01187	0.00951	0.00981	0.05180	0.00796	0.00936	0.00604	0.00893	0.00493	0.00791	0.00486	0.00615	0.01110	0.00154	0.76441	0.00312	0.00164	0.00412
17	0.00770	0.00660	0.00770	0.00550	0.00880	0.00495	0.00440	0.00935	0.00770	0.01210	0.00660	0.00770	0.00550	0.00275	0.00275	0.00055	0.00275	0.00220	0.00220	0.89224
18	0.56460	0.00818	0.00707	0.00602	0.00844	0.05911	0.00490	0.11987	0.06435	0.11556	0.00748	0.00775	0.00547	0.00384	0.00281	0.00114	0.00330	0.00256	0.00283	0.00473
19	0.00704	0.00663	0.01119	0.84866	0.03729	0.00825	0.01032	0.00951	0.00744	0.00952	0.00660	0.00989	0.00496	0.00371	0.00371	0.00124	0.00494	0.00330	0.00165	0.00415
20	0.07645	0.00444	0.00538	0.00492	0.00613	0.00430	0.00377	0.00883	0.04844	0.08165	0.63254	0.02376	0.03888	0.00681	0.00407	0.00116	0.00201	0.00588	0.03673	0.00387
21	0.00477	0.00357	0.00448	0.00507	0.00570	0.00328	0.00373	0.00572	0.00783	0.01009	0.05229	0.47274	0.24209	0.01066	0.00470	0.00146	0.00229	0.15292	0.00346	0.00313
22	0.00902	0.00661	0.00774	0.00568	0.00875	0.00534	0.00457	0.06462	0.00866	0.10217	0.00798	0.00871	0.00621	0.00316	0.00291	0.00067	0.00281	0.00252	0.06203	0.67985
23	0.00518	0.00378	0.00471	0.00448	0.00541	0.00344	0.00336	0.00679	0.01007	0.01406	0.68184	0.02851	0.16584	0.00776	0.00431	0.00117	0.00177	0.00677	0.03731	0.00344
24	0.08194	0.00457	0.00525	0.00478	0.00615	0.00447	0.00373	0.01014	0.04685	0.14684	0.28077	0.01927	0.05172	0.00578	0.00353	0.00109	0.00217	0.03146	0.28541	0.00407
25	0.00454	0.00328	0.00428	0.00505	0.00535	0.00304	0.00339	0.00523	0.00726	0.00962	0.04133	0.78187	0.07963	0.02093	0.00486	0.00151	0.00214	0.01022	0.00345	0.00303
26	0.00992	0.87178	0.01945	0.00635	0.00953	0.01469	0.00635	0.01111	0.00754	0.00873	0.00516	0.00595	0.00476	0.00318	0.00238	0.00079	0.00397	0.00198	0.00159	0.00476
27	0.00737	0.00458	0.00580	0.00521	0.00650	0.00438	0.00400	0.00998	0.09595	0.13593	0.61089	0.02364	0.02798	0.00678	0.00416	0.00116	0.00208	0.00591	0.03354	0.00415
28	0.89577	0.00718	0.00546	0.00488	0.00718	0.00833	0.00402	0.01091	0.00632	0.01665	0.00517	0.00603	0.00402	0.00345	0.00230	0.00115	0.00287	0.00201	0.00230	0.00402
29	0.00931	0.00801	0.00843	0.00757	0.00968	0.00927	0.00589	0.03188	0.82742	0.01564	0.01502	0.01377	0.01126	0.00503	0.00378	0.00126	0.00295	0.00418	0.00378	0.00588
30	0.01336	0.12676	0.01166	0.00915	0.01123	0.74738	0.00707	0.01435	0.01014	0.00904	0.00566	0.00660	0.00478	0.00374	0.00322	0.00094	0.00635	0.00234	0.00187	0.00436
31	0.01368	0.01739	0.01054	0.03226	0.01185	0.83208	0.00726	0.01468	0.01044	0.00910	0.00576	0.00678	0.00479	0.00382	0.00336	0.00096	0.00665	0.00241	0.00191	0.00430
32	0.01818	0.03141	0.20980	0.01804	0.50697	0.00882	0.10454	0.01140	0.00836	0.01206	0.03085	0.00939	0.00636	0.00346	0.00370	0.00113	0.00477	0.00335	0.00184	0.00557
33	0.00969	0.08255	0.10887	0.12387	0.34885	0.04089	0.07274	0.07113	0.03619	0.05889	0.00757	0.00915	0.00587	0.00359	0.00360	0.00112	0.00465	0.00323	0.00212	0.00545
34	0.00483	0.00370	0.00551	0.00590	0.00636	0.00346	0.05905	0.00566	0.00724	0.00966	0.01958	0.79687	0.02323	0.01104	0.00472	0.00149	0.00245	0.02276	0.00334	0.00315
35	0.00917	0.00487	0.00691	0.02897	0.00809	0.00447	0.04234	0.02688	0.00871	0.29970	0.03009	0.45406	0.04344	0.00833	0.00431	0.00134	0.00279	0.00743	0.00374	0.00435
36	0.01001	0.08566	0.10661	0.22687	0.03483	0.26613	0.03608	0.04059	0.08336	0.01068	0.00699	0.00855	0.00551	0.00397	0.00403	0.00113	0.05935	0.00296	0.00199	0.00468
37	0.01022	0.80737	0.01878	0.00659	0.00967	0.07804	0.00641	0.01139	0.00777	0.00876	0.00520	0.00601	0.00476	0.00322	0.00245	0.00081	0.00417	0.00202	0.00161	0.00473
38	0.00803	0.19700	0.47691	0.00849	0.01298	0.00905	0.00997	0.01106	0.00774	0.01119	0.00633	0.00740	0.00490	0.00327	0.00310	0.00095	0.00452	0.00245	0.00172	0.21293
39	0.00452	0.00324	0.00430	0.00515	0.00538	0.00302	0.00344	0.00517	0.00713	0.00948	0.02074	0.85357	0.03793	0.01159	0.00473	0.00150	0.00215	0.01051	0.00345	0.00302
40	0.00530	0.00398	0.00597	0.00597	0.00663	0.00464	0.00464	0.00663	0.00597	0.00862	0.00994	0.01458	0.00928	0.02784	0.85484	0.00597	0.00994	0.00398	0.00199	0.00331
41	0.00574	0.00412	0.00569	0.00653	0.00728	0.00409	0.00550	0.00736	0.01798	0.01085	0.01975	0.19709	0.02185	0.01045	0.00504	0.00167	0.00317	0.65903	0.00343	0.00337
42	0.89577	0.00718	0.00546	0.00488	0.00718	0.00833	0.00402	0.01091	0.00632	0.01665	0.00517	0.00603	0.00402	0.00345	0.00230	0.00115	0.00287	0.00201	0.00230	0.00402
43	0.01331	0.01663	0.01029	0.03059	0.01157	0.77770	0.00709	0.03399	0.01047	0.00945	0.00645	0.04274	0.00565	0.00416	0.00342	0.00099	0.00640	0.00278	0.00201	0.00429
44	0.00786	0.00747	0.01267	0.53311	0.34644	0.00847	0.01073	0.01023	0.00782	0.01052	0.00675	0.00962	0.00531	0.00355	0.00370	0.00118	0.00474	0.00330	0.00172	0.00481
45	0.00567	0.00406	0.00491	0.04027	0.00544	0.00435	0.00309	0.00587	0.00558	0.00751	0.01120	0.02299	0.01273	0.75141	0.01744	0.00331	0.06394	0.02552	0.00221	0.00248
46	0.01087	0.04850	0.05543	0.00722	0.02059	0.03890	0.00611	0.19835	0.01039	0.14200	0.00819	0.00865	0.00612	0.00368	0.00357	0.00088	0.03938	0.00278	0.00281	0.38559
47	0.00701	0.00660	0.01113	0.86063	0.02556	0.00825	0.01031	0.00948	0.00742	0.00948	0.00660	0.00990	0.00495	0.00371	0.00371	0.00124	0.00495	0.00330	0.00165	0.00412
48	0.00509	0.00381	0.00473	0.00450	0.00547	0.00343	0.00337	0.00666	0.01001	0.01378	0.65879	0.04136	0.20077	0.00797	0.00437	0.00118	0.00179	0.00695	0.00393	0.01203
49	0.00767	0.00780	0.06740	0.71924	0.03566	0.00856	0.01028	0.07961	0.00832	0.01085	0.00680	0.00966	0.00506	0.00376	0.00370	0.00122	0.00490	0.00327	0.00182	0.00443
50	0.87503	0.02742	0.00578	0.00492	0.00723	0.00848	0.00407	0.01092	0.00635	0.01647	0.00517	0.00603	0.00404	0.00344	0.00230	0.00114	0.00290	0.00201	0.00228	0.00404
51	0.04158	0.04950	0.32421	0.02246	0.36521	0.00885	0.02014	0.01162	0.00806	0.04790	0.00695	0.00852	0.00541	0.00357	0.00386	0.00113	0.04049	0.00300	0.00186	0.02568
52	0.00848	0.01122	0.19460	0.14589	0.13389	0.02141	0.36605	0.01152	0.00835	0.02845	0.00721	0.00936	0.00542	0.00336	0.00393	0.00119	0.00548	0.00361	0.00183	0.02876
53	0.00530	0.00398	0.00597	0.00597	0.00663	0.00464	0.00464	0.00663	0.00597	0.00862	0.00994	0.01458	0.00928	0.02784	0.85484	0.00597	0.00994	0.00398	0.00199	0.00331
54	0.00858	0.58081	0.01463	0.00592	0.00810	0.01102	0.00540	0.00923	0.00679	0.00824	0.00627	0.00884	0.00604	0.05784	0.09520	0.15446	0.00445	0.00261	0.00167	0.00392
55	0.02395	0.33806	0.25248	0.00995	0.09339	0.03340	0.06173	0.04422	0.01759	0.04927	0.00686	0.01877	0.00554	0.00385	0.01190	0.00108	0.01807	0.00280	0.00192	0.00516
56	0.00538	0.00359	0.00405	0.00407	0.00408	0.00359	0.00227	0.00539	0.00543	0.00724	0.01188	0.04191	0.01373	0.85161	0.01860	0.00355	0.00357	0.00551	0.00227	0.00227
57	0.00506	0.00375	0.00462	0.00467	0.00548	0.00346	0.00341	0.00654	0.02564	0.01247	0.43440	0.21451	0.18718	0.02951	0.00478	0.00133	0.00197	0.02618	0.02171	0.00334
58	0.00974	0.71544	0.12694	0.00728	0.02354	0.04541	0.00742	0.01134	0.00771	0.00919	0.00541	0.00628	0.00477	0.00325	0.00259	0.00085	0.00428	0.00212	0.00160	0.00486
59	0.00986	0.04149	0.02312	0.05397	0.61669	0.08803	0.02382	0.01929	0.00867	0.04655	0.00707	0.00898	0.00580	0.00352	0.00384	0.00110	0.02750	0.00320	0.00195	0.00557
60	0.00548	0.00370	0.00423	0.00418	0.00435	0.00368	0.00249	0.00593	0.02090	0.00849	0.12202	0.02435	0.01623	0.72289	0.01638	0.00318	0.00331	0.00551	0.02019	0.00250
61	0.00473	0.00382	0.00424	0.00431	0.00543	0.00333	0.00333	0.00590	0.00880	0.01098	0.17235	0.04774	0.59485	0.00923	0.00448	0.00130	0.00205	0.10635	0.00355	0.00323
62	0.00883	0.02313	0.05262	0.04011	0.25772	0.05833	0.29853	0.01195	0.07676	0.01178	0.00907	0.01252	0.01944	0.00418	0.00430	0.00123	0.03468	0.06760	0.00213	0.00510
63	0.01384	0.00649	0.00820	0.00650	0.00897	0.00614	0.00529	0.13678	0.04801	0.52972	0.13190	0.01435	0.01255	0.00501	0.00377	0.00114	0.00301	0.00411	0.04847	0.00575
64	0.00535	0.00375	0.00479	0.00477	0.00554	0.00346	0.00348	0.00668	0.00924	0.03352	0.49949	0.19239	0.10713	0.06631	0.00543	0.00142	0.00206	0.03805	0.00376	0.00336
