[name]
unknown

[dist]
# distance from previous block
# <min> <max>
0	84

[block]
# block no. 0 follows, 64 sequences, length 8
# corresponding to MSA columns:
# 84-91
name=unknown_A
#
# <colnr> <probs for GDERKNQSTAVLIFYWHMCP>
#	G	D	E	R	K	N	Q	S	T	A	V	L	I	F	Y	W	H	M	C	P
0	0.01005	0.00754	0.00944	0.07417	0.08131	0.00791	0.00684	0.19752	0.11438	0.06515	0.14543	0.08796	0.07096	0.00689	0.00450	0.00136	0.00358	0.06331	0.00380	0.03790
1	0.00835	0.00782	0.01261	0.61221	0.12127	0.00926	0.01089	0.01124	0.03800	0.01139	0.00768	0.01086	0.00596	0.00423	0.00456	0.00133	0.04820	0.00364	0.00200	0.06848
2	0.04581	0.00739	0.01173	0.65299	0.05437	0.00896	0.01044	0.01150	0.05121	0.04000	0.00838	0.01152	0.00637	0.00590	0.05544	0.00170	0.00557	0.00375	0.00215	0.00482
3	0.01409	0.01012	0.01157	0.09570	0.01375	0.01099	0.00772	0.57532	0.01645	0.08133	0.01078	0.06045	0.00830	0.00527	0.00416	0.00125	0.00438	0.00417	0.00386	0.06034
4	0.03201	0.00995	0.01133	0.04183	0.11407	0.11605	0.05096	0.05639	0.28505	0.15121	0.04846	0.01425	0.03943	0.00519	0.00419	0.00131	0.00432	0.00436	0.00360	0.00606
5	0.00814	0.00768	0.01298	0.74618	0.12419	0.00931	0.01168	0.01087	0.00844	0.01097	0.00743	0.01098	0.00566	0.00410	0.00415	0.00137	0.00547	0.00369	0.00187	0.00485
6	0.11322	0.00765	0.05166	0.03768	0.09488	0.03376	0.01762	0.03216	0.07714	0.08264	0.13782	0.10393	0.17927	0.00709	0.00433	0.00136	0.00340	0.00600	0.00350	0.00489
7	0.02797	0.11015	0.01476	0.25534	0.10053	0.04030	0.12189	0.03809	0.00955	0.08542	0.07503	0.01197	0.00892	0.00468	0.00491	0.00132	0.07743	0.00397	0.00251	0.00528

[dist]
# distance from previous block
# <min> <max>
12	111

[block]
# block no. 1 follows, 64 sequences, length 6
# corresponding to MSA columns:
# 204-209
name=unknown_B
#
# <colnr> <probs for GDERKNQSTAVLIFYWHMCP>
#	G	D	E	R	K	N	Q	S	T	A	V	L	I	F	Y	W	H	M	C	P
0	0.01025	0.49818	0.17295	0.04016	0.01338	0.01357	0.06142	0.04201	0.00900	0.01158	0.02858	0.00846	0.00639	0.00398	0.00370	0.00108	0.04074	0.00288	0.00198	0.02969
1	0.00656	0.00563	0.04659	0.00655	0.00768	0.00548	0.00525	0.04732	0.03318	0.01160	0.10203	0.07410	0.05648	0.11046	0.45668	0.00453	0.00754	0.00556	0.00283	0.00394
2	0.06498	0.05411	0.21909	0.05158	0.05558	0.00896	0.10229	0.08396	0.04454	0.06607	0.06355	0.03626	0.02194	0.02604	0.05454	0.00171	0.00519	0.03133	0.00279	0.00548
3	0.01086	0.07445	0.23570	0.04506	0.15504	0.00961	0.02877	0.05609	0.09774	0.09555	0.06114	0.01388	0.04469	0.00516	0.00430	0.00136	0.00478	0.00420	0.00306	0.04856
4	0.03619	0.06494	0.03091	0.04693	0.06368	0.03110	0.00744	0.23495	0.12294	0.05933	0.02893	0.03323	0.00866	0.00486	0.00434	0.00118	0.04709	0.00377	0.00324	0.16629
5	0.04752	0.03397	0.05947	0.03730	0.08985	0.05804	0.06840	0.21537	0.09322	0.16292	0.02865	0.02472	0.00867	0.00474	0.00406	0.00125	0.00454	0.00394	0.00345	0.04993

[dist]
# distance from previous block
# <min> <max>
6	73

[block]
# block no. 2 follows, 64 sequences, length 30
# corresponding to MSA columns:
# 285-314
name=unknown_C
#
# <colnr> <probs for GDERKNQSTAVLIFYWHMCP>
#	G	D	E	R	K	N	Q	S	T	A	V	L	I	F	Y	W	H	M	C	P
0	0.04797	0.05589	0.03521	0.11652	0.17268	0.04535	0.03919	0.11167	0.14270	0.06356	0.03594	0.02222	0.00872	0.00464	0.00418	0.00125	0.02232	0.00388	0.00295	0.06316
1	0.18942	0.04070	0.06290	0.07976	0.11068	0.09400	0.01964	0.10727	0.03461	0.08361	0.05908	0.01209	0.04121	0.00526	0.02053	0.00135	0.00456	0.00371	0.00293	0.02669
2	0.02596	0.01029	0.01225	0.18712	0.09473	0.10546	0.04032	0.20078	0.10769	0.08474	0.02461	0.02599	0.00822	0.00485	0.00440	0.00129	0.02930	0.00395	0.00311	0.02493
3	0.04716	0.03559	0.02632	0.17653	0.40809	0.04529	0.03181	0.03996	0.04315	0.01333	0.00962	0.01167	0.04715	0.00435	0.00428	0.00127	0.02593	0.00384	0.00228	0.02239
4	0.05196	0.00959	0.06265	0.15886	0.33440	0.03715	0.03994	0.03699	0.03304	0.08329	0.05107	0.02797	0.04557	0.00474	0.00416	0.00130	0.00470	0.00423	0.00266	0.00575
5	0.05189	0.10862	0.13446	0.00990	0.09048	0.03275	0.00819	0.17637	0.06590	0.08110	0.08901	0.05947	0.02590	0.00609	0.02682	0.00140	0.00442	0.00436	0.00321	0.01966
6	0.00986	0.01110	0.10486	0.11372	0.08915	0.08919	0.19560	0.03309	0.05965	0.04127	0.02368	0.04505	0.03842	0.02026	0.00468	0.00132	0.01685	0.00437	0.00253	0.09536
7	0.00936	0.15243	0.23044	0.04493	0.11885	0.01891	0.00952	0.05206	0.06599	0.02850	0.13036	0.02258	0.02711	0.00495	0.00406	0.00121	0.01680	0.00404	0.00268	0.05522
8	0.04970	0.03697	0.07870	0.08184	0.04366	0.07060	0.07590	0.23721	0.07006	0.11450	0.04347	0.02909	0.00913	0.00503	0.00435	0.00130	0.02348	0.01572	0.00330	0.00597
9	0.04626	0.00783	0.04650	0.04874	0.00952	0.11502	0.01686	0.03204	0.02287	0.03103	0.03653	0.11749	0.01281	0.15709	0.26538	0.00346	0.00659	0.01724	0.00269	0.00407
10	0.00796	0.02533	0.04489	0.03614	0.06217	0.01885	0.06872	0.03835	0.01983	0.07387	0.07825	0.28083	0.17067	0.00841	0.00467	0.00140	0.00343	0.00748	0.00347	0.04527
11	0.05414	0.17574	0.32245	0.01068	0.01497	0.04371	0.14562	0.04934	0.02085	0.04713	0.04423	0.02386	0.02073	0.00437	0.00389	0.00124	0.00534	0.00368	0.00235	0.00566
12	0.00806	0.03697	0.07770	0.03664	0.02522	0.01701	0.07682	0.06530	0.02380	0.06310	0.04337	0.33640	0.10636	0.00884	0.00479	0.00149	0.00369	0.05642	0.00346	0.00458
13	0.07092	0.02283	0.15704	0.06187	0.02499	0.02762	0.10408	0.01022	0.00927	0.03288	0.11426	0.12704	0.14003	0.00675	0.00438	0.00134	0.00408	0.01975	0.00298	0.05766
14	0.01014	0.14928	0.22832	0.02369	0.13638	0.06609	0.13141	0.01312	0.02216	0.04599	0.02840	0.01100	0.00743	0.00420	0.00405	0.00120	0.01609	0.02788	0.00225	0.07091
15	0.10011	0.35743	0.19672	0.00889	0.03581	0.12293	0.00871	0.03490	0.00917	0.01242	0.00680	0.00790	0.00558	0.00385	0.00319	0.00106	0.00496	0.00264	0.04013	0.03679
16	0.04476	0.02598	0.03090	0.00532	0.00589	0.00504	0.00363	0.03576	0.00690	0.00965	0.01281	0.09798	0.01430	0.57684	0.06539	0.04291	0.00434	0.00593	0.00261	0.00306
17	0.00891	0.05097	0.36517	0.01261	0.10322	0.00923	0.13805	0.03696	0.03311	0.02205	0.08673	0.03337	0.01007	0.03516	0.00493	0.00140	0.01673	0.00421	0.00239	0.02474
18	0.00872	0.04494	0.42586	0.00930	0.01401	0.00815	0.02545	0.01200	0.00878	0.03905	0.00921	0.01044	0.04163	0.01403	0.00406	0.00111	0.02040	0.00320	0.00221	0.29745
19	0.01295	0.01455	0.01061	0.00957	0.01160	0.45692	0.00732	0.03224	0.26706	0.01299	0.01064	0.01106	0.02139	0.00504	0.00452	0.00123	0.05920	0.00355	0.04223	0.00533
20	0.02410	0.06188	0.21043	0.05162	0.01221	0.00820	0.02193	0.03384	0.06578	0.04791	0.02162	0.02611	0.00888	0.05889	0.22274	0.00282	0.04323	0.00395	0.00247	0.07142
21	0.00510	0.00376	0.00480	0.00560	0.00606	0.00345	0.00386	0.00593	0.00827	0.01078	0.02605	0.68305	0.16033	0.01253	0.00525	0.00165	0.00242	0.04383	0.00385	0.00341
22	0.00599	0.00413	0.00509	0.00511	0.00530	0.00431	0.00323	0.00639	0.00624	0.00851	0.01278	0.04120	0.01414	0.62523	0.23079	0.00466	0.00582	0.00575	0.00247	0.00284
23	0.01002	0.09985	0.23708	0.04946	0.16004	0.02443	0.24810	0.06352	0.03207	0.01367	0.00800	0.00988	0.00614	0.00390	0.00428	0.00129	0.01647	0.00375	0.00214	0.00594
24	0.01357	0.00642	0.00801	0.00652	0.00908	0.00578	0.00526	0.05553	0.04672	0.48045	0.05917	0.02226	0.24935	0.00687	0.00442	0.00132	0.00309	0.00566	0.00465	0.00587
25	0.00538	0.00386	0.00511	0.00595	0.00637	0.00365	0.00423	0.00633	0.00835	0.01108	0.05799	0.63215	0.05311	0.04436	0.00594	0.00178	0.00266	0.13443	0.00383	0.00344
26	0.01471	0.00955	0.01063	0.00902	0.04665	0.05092	0.00696	0.39842	0.02744	0.22990	0.03621	0.06800	0.01037	0.00557	0.00416	0.00126	0.00407	0.00447	0.05527	0.00640
27	0.01230	0.25313	0.02864	0.00971	0.05088	0.10958	0.02533	0.20150	0.14436	0.02857	0.03372	0.01030	0.00813	0.00475	0.00436	0.00119	0.06125	0.00346	0.00294	0.00589
28	0.04360	0.06525	0.03681	0.00788	0.01120	0.03805	0.00665	0.29711	0.02522	0.12080	0.02994	0.01052	0.00789	0.01785	0.00395	0.00109	0.00400	0.00335	0.00340	0.26543
29	0.06482	0.21680	0.49317	0.01008	0.01498	0.03895	0.03124	0.01298	0.00883	0.02578	0.02724	0.00879	0.00619	0.00396	0.00358	0.00119	0.00542	0.00296	0.00197	0.02103

[dist]
# distance from previous block
# <min> <max>
0	2

[block]
# block no. 3 follows, 64 sequences, length 16
# corresponding to MSA columns:
# 325-340
name=unknown_D
#
# <colnr> <probs for GDERKNQSTAVLIFYWHMCP>
#	G	D	E	R	K	N	Q	S	T	A	V	L	I	F	Y	W	H	M	C	P
0	0.00788	0.00553	0.00659	0.00606	0.00748	0.00556	0.00461	0.05849	0.11273	0.08146	0.24883	0.08629	0.19236	0.06092	0.08362	0.00203	0.01430	0.00681	0.00397	0.00448
1	0.01551	0.05290	0.01182	0.00892	0.01191	0.11593	0.00728	0.46392	0.01577	0.18881	0.01136	0.05751	0.00857	0.00531	0.00410	0.00124	0.00460	0.00407	0.00397	0.00649
2	0.00640	0.00458	0.00535	0.00511	0.00642	0.00411	0.00382	0.00820	0.04146	0.05931	0.30799	0.11416	0.34940	0.02182	0.00504	0.00140	0.00226	0.00794	0.01886	0.02638
3	0.03318	0.08787	0.26529	0.01041	0.02664	0.04897	0.10433	0.11142	0.01080	0.10227	0.06034	0.02450	0.00973	0.00556	0.02323	0.00141	0.00522	0.04847	0.00284	0.01750
4	0.04087	0.21139	0.59693	0.01050	0.01582	0.03208	0.01289	0.01304	0.00871	0.01251	0.00698	0.00818	0.00525	0.00386	0.00360	0.00121	0.00568	0.00284	0.00180	0.00586
5	0.00581	0.00491	0.03145	0.00603	0.00690	0.00442	0.00444	0.00806	0.09936	0.01211	0.10289	0.55153	0.12404	0.01115	0.00505	0.00157	0.00254	0.00994	0.00390	0.00389
6	0.01492	0.00664	0.00867	0.00704	0.00960	0.00602	0.00565	0.08440	0.01191	0.54892	0.09010	0.12722	0.04661	0.00668	0.00442	0.00134	0.00328	0.00563	0.00479	0.00616
7	0.01075	0.03172	0.01241	0.20105	0.01598	0.12376	0.11761	0.09590	0.06524	0.08626	0.02866	0.14827	0.01095	0.00595	0.00461	0.00137	0.02613	0.00519	0.00300	0.00518
8	0.03372	0.26914	0.29253	0.02882	0.02466	0.08324	0.03543	0.12457	0.01030	0.01358	0.00744	0.00906	0.00599	0.03967	0.00430	0.00127	0.00536	0.00306	0.00220	0.00567
9	0.00738	0.00399	0.00591	0.00607	0.02579	0.00405	0.00402	0.02498	0.00597	0.00802	0.00784	0.03165	0.00781	0.01472	0.05523	0.77463	0.00400	0.00384	0.00193	0.00217
10	0.00526	0.00391	0.00499	0.00555	0.00617	0.00364	0.00394	0.00630	0.00873	0.01152	0.12693	0.50447	0.18363	0.01290	0.05184	0.00187	0.00285	0.04812	0.00385	0.00351
11	0.00919	0.25495	0.56184	0.01082	0.01613	0.01160	0.05593	0.01296	0.00873	0.01221	0.00703	0.00831	0.00534	0.00381	0.00364	0.00120	0.00571	0.00293	0.00178	0.00588
12	0.03401	0.09518	0.21128	0.03217	0.03370	0.04020	0.11832	0.17736	0.13150	0.01610	0.03045	0.04306	0.00860	0.00478	0.00408	0.00129	0.00503	0.00406	0.00286	0.00596
13	0.00596	0.00435	0.00618	0.00618	0.00675	0.00492	0.00458	0.00710	0.00653	0.00928	0.01158	0.01882	0.01147	0.22086	0.64934	0.00606	0.00949	0.00482	0.00229	0.00343
14	0.03133	0.01280	0.21090	0.02290	0.10710	0.07226	0.06518	0.15199	0.08277	0.09122	0.04334	0.01335	0.06628	0.00499	0.00417	0.00129	0.00488	0.00416	0.00306	0.00601
15	0.01033	0.10483	0.47970	0.01121	0.04445	0.03049	0.04954	0.04236	0.06413	0.09686	0.00919	0.02317	0.00679	0.00430	0.00393	0.00127	0.00542	0.00346	0.00242	0.00612

[dist]
# distance from previous block
# <min> <max>
3	10

[block]
# block no. 4 follows, 64 sequences, length 26
# corresponding to MSA columns:
# 389-407,410-416
name=unknown_E
#
# <colnr> <probs for GDERKNQSTAVLIFYWHMCP>
#	G	D	E	R	K	N	Q	S	T	A	V	L	I	F	Y	W	H	M	C	P
0	0.04170	0.11878	0.14393	0.08211	0.08348	0.03385	0.08321	0.02974	0.09165	0.05771	0.06222	0.09375	0.03960	0.00554	0.00423	0.00131	0.01424	0.00476	0.00280	0.00539
1	0.01531	0.00688	0.00881	0.00703	0.00962	0.00635	0.00558	0.07772	0.04560	0.55508	0.03446	0.03044	0.02335	0.13192	0.00673	0.00169	0.00359	0.00468	0.00454	0.02061
2	0.00593	0.00470	0.00620	0.00753	0.08868	0.00443	0.00490	0.00730	0.02400	0.01159	0.06441	0.34897	0.24241	0.05236	0.00587	0.00168	0.00283	0.10872	0.00365	0.00383
3	0.01093	0.00935	0.01534	0.04551	0.26607	0.00944	0.19739	0.06165	0.15337	0.09316	0.01147	0.01432	0.00914	0.00476	0.00442	0.00135	0.00488	0.05989	0.00299	0.02456
4	0.03729	0.30027	0.25820	0.00965	0.03201	0.09683	0.03693	0.05285	0.03389	0.03252	0.01975	0.04474	0.01943	0.00450	0.00360	0.00116	0.00511	0.00342	0.00228	0.00557
5	0.00563	0.00392	0.00486	0.00538	0.00564	0.00379	0.00355	0.00618	0.00736	0.00973	0.01939	0.39613	0.05132	0.36616	0.01199	0.00268	0.00322	0.08672	0.00329	0.00306
6	0.00538	0.00414	0.00481	0.00485	0.00584	0.00369	0.00352	0.00662	0.00975	0.01270	0.29481	0.14226	0.38186	0.07678	0.00626	0.00163	0.00228	0.02528	0.00399	0.00355
7	0.01552	0.01980	0.01177	0.01070	0.01284	0.83735	0.00803	0.01659	0.01177	0.01017	0.00642	0.00749	0.00535	0.00428	0.00375	0.00107	0.00749	0.00268	0.00214	0.00482
8	0.00558	0.00385	0.00475	0.00525	0.00541	0.00373	0.00332	0.00600	0.00711	0.00946	0.01825	0.43689	0.02153	0.40889	0.01277	0.00280	0.00322	0.03500	0.00322	0.00299
9	0.00528	0.00406	0.00486	0.00530	0.00610	0.00370	0.00378	0.00656	0.02917	0.01168	0.11362	0.43381	0.30814	0.01143	0.00511	0.00155	0.00232	0.03602	0.00394	0.00357
10	0.00510	0.00363	0.00481	0.00573	0.00596	0.00340	0.00380	0.00579	0.00787	0.01050	0.02249	0.81736	0.02696	0.04766	0.00595	0.00178	0.00248	0.01157	0.00380	0.00334
11	0.02803	0.07571	0.01312	0.34997	0.07491	0.25631	0.05239	0.01278	0.00952	0.01130	0.00750	0.00988	0.00595	0.00413	0.00383	0.00121	0.00575	0.00333	0.06953	0.00486
12	0.01122	0.00649	0.00705	0.00595	0.00785	0.00675	0.00473	0.24590	0.01229	0.10665	0.03349	0.01412	0.01029	0.00501	0.00346	0.00109	0.00288	0.00396	0.50567	0.00515
13	0.00845	0.00456	0.00487	0.00456	0.00578	0.00458	0.00349	0.05652	0.02242	0.04768	0.10799	0.01692	0.01378	0.00530	0.00328	0.00104	0.00217	0.00431	0.67806	0.00423
14	0.88336	0.00803	0.00611	0.00546	0.00803	0.00932	0.00450	0.01221	0.00707	0.01864	0.00578	0.00675	0.00450	0.00386	0.00257	0.00129	0.00321	0.00225	0.00257	0.00450
15	0.01160	0.00662	0.00726	0.00609	0.00807	0.00685	0.00486	0.23825	0.02597	0.13709	0.02917	0.01404	0.01019	0.00501	0.00350	0.00111	0.00293	0.00397	0.47214	0.00528
16	0.03046	0.05088	0.04054	0.00629	0.02976	0.00523	0.00471	0.00807	0.03424	0.01265	0.25142	0.22341	0.10975	0.12605	0.02818	0.00191	0.00311	0.02590	0.00356	0.00388
17	0.01008	0.00726	0.00876	0.00759	0.00924	0.00809	0.00601	0.11006	0.17908	0.12062	0.15578	0.03579	0.09541	0.04298	0.04399	0.00177	0.14306	0.00541	0.00379	0.00524
18	0.00868	0.00830	0.01432	0.09772	0.12465	0.00866	0.23767	0.05386	0.04004	0.01289	0.01204	0.22766	0.01192	0.00658	0.00559	0.00146	0.08998	0.00613	0.00269	0.02916
19	0.00632	0.00440	0.00529	0.00516	0.00615	0.00406	0.00371	0.00788	0.03378	0.05348	0.34483	0.14277	0.22194	0.13298	0.00728	0.00178	0.00247	0.00794	0.00402	0.00377
20	0.04649	0.01518	0.35603	0.02227	0.04132	0.05007	0.24380	0.02848	0.05315	0.08985	0.00900	0.01028	0.00647	0.00405	0.00420	0.00133	0.00587	0.00377	0.00241	0.00597
21	0.01033	0.04185	0.39566	0.03683	0.04830	0.10052	0.01093	0.03091	0.03198	0.07842	0.01950	0.00961	0.00660	0.00404	0.00379	0.00115	0.00525	0.00315	0.00237	0.15881
22	0.00892	0.00884	0.01240	0.01068	0.01072	0.01232	0.00888	0.00986	0.00638	0.00998	0.00576	0.00948	0.00572	0.00855	0.05779	0.00208	0.80165	0.00368	0.00184	0.00450
23	0.01111	0.85652	0.02177	0.00711	0.01066	0.01644	0.00711	0.01244	0.00844	0.00977	0.00577	0.00666	0.00533	0.00355	0.00267	0.00089	0.00444	0.00222	0.00178	0.00533
24	0.00569	0.00424	0.00533	0.00535	0.00629	0.00391	0.00399	0.00744	0.02484	0.01441	0.48677	0.18372	0.16755	0.00978	0.00501	0.00143	0.00220	0.05398	0.00427	0.00379
25	0.01087	0.00904	0.12431	0.03593	0.01115	0.00780	0.00749	0.08202	0.06031	0.21287	0.16584	0.04841	0.07157	0.00656	0.00573	0.00140	0.12437	0.00515	0.00370	0.00549

[dist]
# distance from previous block
# <min> <max>
0	1

[block]
# block no. 5 follows, 64 sequences, length 26
# corresponding to MSA columns:
# 418-443
name=unknown_F
#
# <colnr> <probs for GDERKNQSTAVLIFYWHMCP>
#	G	D	E	R	K	N	Q	S	T	A	V	L	I	F	Y	W	H	M	C	P
0	0.05223	0.01192	0.01028	0.00901	0.01114	0.31827	0.05326	0.09445	0.06352	0.09500	0.01233	0.20222	0.01159	0.00643	0.00421	0.00129	0.00502	0.00526	0.00320	0.02938
1	0.00944	0.31238	0.53333	0.01017	0.01532	0.02887	0.01233	0.01297	0.00872	0.01192	0.00685	0.00801	0.00529	0.00382	0.00350	0.00116	0.00558	0.00277	0.00177	0.00583
2	0.01443	0.01102	0.01161	0.00920	0.01221	0.03218	0.00749	0.63376	0.13802	0.02385	0.03914	0.02758	0.00935	0.00534	0.00420	0.00128	0.00432	0.00414	0.00413	0.00676
3	0.01593	0.00773	0.00995	0.00774	0.01066	0.00737	0.02694	0.19270	0.01336	0.50924	0.10189	0.01503	0.01260	0.00541	0.00421	0.00127	0.00361	0.00445	0.04336	0.00655
4	0.01489	0.01266	0.06515	0.01082	0.08207	0.23418	0.03458	0.13721	0.06735	0.26292	0.01097	0.01089	0.00775	0.00462	0.00404	0.00122	0.00514	0.00361	0.00347	0.02645
5	0.01029	0.21491	0.43524	0.01112	0.02728	0.01144	0.09827	0.08006	0.00986	0.05313	0.00781	0.00892	0.00580	0.00395	0.00378	0.00122	0.00556	0.00319	0.00217	0.00602
6	0.01068	0.00910	0.00959	0.00852	0.01093	0.01050	0.00666	0.07288	0.76923	0.01794	0.01646	0.01514	0.01232	0.00559	0.00422	0.00140	0.00337	0.00463	0.00422	0.00661
7	0.00556	0.00414	0.00519	0.00520	0.00612	0.00376	0.00384	0.00712	0.01055	0.01436	0.50297	0.18684	0.18731	0.00981	0.00500	0.00141	0.00212	0.03068	0.00428	0.00374
8	0.22248	0.05812	0.06879	0.00769	0.01090	0.06182	0.00675	0.09611	0.02883	0.38184	0.01135	0.01076	0.00768	0.00460	0.00366	0.00125	0.00405	0.00340	0.00378	0.00614
9	0.00858	0.01976	0.69687	0.01279	0.01860	0.00979	0.14924	0.01318	0.00894	0.01318	0.00761	0.00918	0.00544	0.00387	0.00411	0.00133	0.00628	0.00338	0.00181	0.00605
10	0.00561	0.00415	0.00490	0.00498	0.00603	0.00367	0.00363	0.00687	0.00983	0.03557	0.26608	0.23629	0.37658	0.01039	0.00498	0.00144	0.00218	0.00902	0.00410	0.00369
11	0.05580	0.01035	0.02018	0.03803	0.01891	0.01010	0.58816	0.04409	0.08625	0.03711	0.04156	0.01219	0.00822	0.00404	0.00465	0.00138	0.00603	0.00475	0.00258	0.00564
12	0.03780	0.09890	0.09918	0.02760	0.00978	0.00697	0.03580	0.02550	0.05935	0.05818	0.04807	0.23270	0.18303	0.00831	0.00451	0.00142	0.00347	0.05146	0.00337	0.00459
13	0.01035	0.00577	0.00821	0.00740	0.00908	0.00546	0.05057	0.02735	0.00998	0.26561	0.06575	0.17484	0.04856	0.07231	0.00638	0.00174	0.02489	0.19688	0.00404	0.00482
14	0.00607	0.00406	0.00464	0.00469	0.00473	0.00406	0.00272	0.00617	0.00622	0.00827	0.01353	0.02816	0.01554	0.81213	0.02038	0.00392	0.00402	0.04552	0.00258	0.00258
15	0.15070	0.01058	0.10378	0.07449	0.09208	0.00948	0.27143	0.04509	0.03228	0.09626	0.00946	0.01222	0.00733	0.00443	0.00440	0.00137	0.02289	0.04346	0.00264	0.00562
16	0.01024	0.11763	0.10240	0.17380	0.21541	0.12077	0.07416	0.03499	0.03214	0.01216	0.00812	0.02553	0.00685	0.04294	0.00474	0.00136	0.00548	0.00369	0.00214	0.00546
17	0.00985	0.04959	0.02318	0.01707	0.06733	0.01088	0.67820	0.01302	0.00950	0.01295	0.00806	0.01081	0.00622	0.00376	0.00531	0.00139	0.06060	0.00463	0.00207	0.00558
18	0.06311	0.01063	0.07925	0.03693	0.43432	0.03778	0.03788	0.07083	0.03121	0.11903	0.00931	0.02204	0.00722	0.00420	0.00404	0.00126	0.00479	0.00375	0.00269	0.01973
19	0.00760	0.00582	0.00685	0.00683	0.03237	0.02575	0.00494	0.10822	0.03395	0.03590	0.08127	0.20273	0.19527	0.05643	0.16437	0.00257	0.00460	0.01675	0.00352	0.00426
20	0.01053	0.00901	0.01237	0.01044	0.01099	0.01201	0.00869	0.05781	0.00773	0.10108	0.00692	0.00969	0.00608	0.00690	0.01204	0.00173	0.70500	0.00370	0.00232	0.00497
21	0.00899	0.10557	0.57808	0.02626	0.12058	0.01042	0.01354	0.01356	0.06089	0.01309	0.00793	0.00921	0.00592	0.00399	0.00386	0.00127	0.00562	0.00318	0.00196	0.00611
22	0.00702	0.00515	0.00602	0.00581	0.00637	0.03485	0.00399	0.04347	0.00719	0.02488	0.01206	0.02151	0.01259	0.47081	0.31579	0.00471	0.00674	0.00520	0.00252	0.00332
23	0.05190	0.00751	0.00897	0.00715	0.00953	0.02323	0.00573	0.01004	0.00782	0.01235	0.00757	0.01020	0.00676	0.03639	0.11176	0.00178	0.16978	0.00306	0.00231	0.50617
24	0.00547	0.00386	0.00488	0.00554	0.00582	0.00369	0.00371	0.00611	0.00763	0.01008	0.02087	0.51825	0.05617	0.24637	0.00972	0.00235	0.00297	0.07986	0.00348	0.00318
25	0.04090	0.00595	0.00780	0.03322	0.12614	0.03386	0.00611	0.00936	0.00947	0.06895	0.14074	0.23099	0.09887	0.00972	0.03484	0.00168	0.00358	0.12987	0.00356	0.00439

[dist]
# distance from previous block
# <min> <max>
0	11

[block]
# block no. 6 follows, 64 sequences, length 29
# corresponding to MSA columns:
# 456-484
name=unknown_G
#
# <colnr> <probs for GDERKNQSTAVLIFYWHMCP>
#	G	D	E	R	K	N	Q	S	T	A	V	L	I	F	Y	W	H	M	C	P
0	0.01042	0.06845	0.24323	0.05652	0.30203	0.03554	0.04570	0.02161	0.02136	0.09455	0.00938	0.05619	0.00764	0.00449	0.00407	0.00128	0.00513	0.00395	0.00241	0.00606
1	0.00632	0.00447	0.00598	0.01991	0.00677	0.01403	0.00439	0.00694	0.00720	0.00990	0.07653	0.10991	0.05630	0.14656	0.28623	0.16099	0.03076	0.02291	0.02068	0.00321
2	0.04856	0.00910	0.03236	0.10228	0.48920	0.00868	0.01038	0.01212	0.00916	0.03261	0.02667	0.01040	0.00710	0.00378	0.00385	0.00113	0.00447	0.00347	0.00226	0.18243
3	0.00982	0.07039	0.02656	0.02762	0.04179	0.10158	0.03025	0.05210	0.03211	0.04189	0.08236	0.01346	0.01045	0.09878	0.04508	0.00169	0.09453	0.00388	0.00267	0.21300
4	0.00556	0.00384	0.00473	0.00520	0.00534	0.00374	0.00324	0.00595	0.00699	0.00935	0.01784	0.43072	0.02104	0.41994	0.03519	0.00295	0.00342	0.00882	0.00317	0.00297
5	0.00818	0.00728	0.01101	0.20215	0.22687	0.02604	0.00867	0.02501	0.00832	0.01162	0.00927	0.03377	0.00822	0.02694	0.26476	0.00299	0.02774	0.00407	0.02204	0.06504
6	0.03099	0.10231	0.11263	0.06029	0.28585	0.06952	0.08831	0.08781	0.01026	0.04249	0.00787	0.00957	0.00620	0.00399	0.00415	0.00121	0.02599	0.00344	0.00232	0.04479
7	0.01431	0.01783	0.01190	0.09404	0.01429	0.69868	0.00845	0.01554	0.01106	0.01020	0.00645	0.00796	0.00538	0.00447	0.00446	0.00115	0.06413	0.00284	0.00209	0.00478
8	0.00759	0.00452	0.00552	0.00525	0.00601	0.00432	0.00356	0.02289	0.00859	0.10878	0.18013	0.13058	0.04350	0.39190	0.02270	0.00264	0.00331	0.00678	0.03778	0.00363
9	0.00690	0.00586	0.02814	0.02729	0.00816	0.04221	0.02530	0.02220	0.04492	0.03054	0.24420	0.28432	0.11658	0.00942	0.00487	0.00146	0.00295	0.06069	0.02991	0.00409
10	0.00994	0.14650	0.45539	0.01144	0.02851	0.02207	0.10301	0.09358	0.00998	0.02958	0.00844	0.00965	0.02390	0.00419	0.00415	0.00126	0.02690	0.00338	0.00216	0.00596
11	0.00591	0.00397	0.00457	0.00469	0.00473	0.00394	0.00269	0.00601	0.00629	0.00839	0.01437	0.13492	0.01672	0.74408	0.01907	0.00372	0.00382	0.00679	0.00269	0.00263
12	0.00659	0.00467	0.00585	0.00613	0.00698	0.00461	0.00474	0.00837	0.05181	0.03081	0.10307	0.08736	0.11471	0.21902	0.02852	0.00237	0.00353	0.30360	0.00360	0.00367
13	0.06722	0.11243	0.13428	0.02740	0.05036	0.04182	0.04407	0.27209	0.06319	0.04631	0.01948	0.01029	0.00723	0.02341	0.00489	0.00133	0.06170	0.00354	0.00296	0.00600
14	0.01121	0.04792	0.09835	0.07752	0.25244	0.06550	0.13341	0.08291	0.02823	0.07429	0.00847	0.01026	0.00654	0.00434	0.00499	0.00131	0.08016	0.00374	0.00245	0.00597
15	0.00529	0.00393	0.00478	0.00520	0.00583	0.00359	0.00360	0.00623	0.00872	0.01142	0.14747	0.41123	0.22998	0.10781	0.00696	0.00183	0.00248	0.02644	0.00381	0.00340
16	0.00541	0.00429	0.00494	0.00526	0.00633	0.00388	0.00398	0.00687	0.03314	0.01169	0.07078	0.23280	0.45729	0.01101	0.00510	0.00154	0.00246	0.12570	0.00390	0.00363
17	0.00901	0.18425	0.29545	0.06890	0.03998	0.02925	0.05019	0.05139	0.02765	0.01255	0.04309	0.06810	0.02167	0.05029	0.02967	0.00156	0.00520	0.00417	0.00232	0.00530
18	0.00598	0.00460	0.00561	0.00603	0.03778	0.00426	0.00421	0.00776	0.04888	0.03048	0.19918	0.23317	0.33828	0.01062	0.02568	0.00159	0.00261	0.02541	0.00394	0.00392
19	0.05109	0.00768	0.00977	0.00754	0.01070	0.00713	0.00622	0.13107	0.01271	0.66922	0.01502	0.01330	0.00962	0.00506	0.00408	0.00127	0.00363	0.00404	0.02394	0.00690
20	0.07004	0.10364	0.03101	0.00905	0.01100	0.23640	0.00751	0.07610	0.00999	0.08266	0.02496	0.01136	0.06210	0.00607	0.02169	0.00143	0.22372	0.00360	0.00262	0.00506
21	0.00936	0.18683	0.59324	0.01105	0.01642	0.02964	0.05316	0.01326	0.00890	0.03130	0.00735	0.00857	0.00545	0.00388	0.00374	0.00123	0.00581	0.00301	0.00186	0.00594
22	0.01022	0.00988	0.01300	0.12621	0.33425	0.12168	0.03737	0.03332	0.08958	0.03144	0.01108	0.11827	0.01014	0.00551	0.00431	0.00133	0.00488	0.02930	0.00266	0.00558
23	0.53554	0.04920	0.09480	0.03167	0.01240	0.01004	0.15164	0.04670	0.00836	0.01681	0.00665	0.00801	0.00508	0.00384	0.00325	0.00129	0.00437	0.00291	0.00241	0.00502
24	0.00608	0.00446	0.00556	0.00607	0.00684	0.00433	0.00453	0.03343	0.04012	0.01219	0.06646	0.41863	0.13423	0.04096	0.00574	0.00172	0.00279	0.17652	0.02562	0.00374
25	0.00508	0.00373	0.00478	0.00559	0.00601	0.00343	0.00381	0.00589	0.00826	0.01084	0.04189	0.71068	0.13723	0.01255	0.00525	0.00164	0.00238	0.02367	0.00387	0.00341
26	0.00700	0.01972	0.02168	0.00693	0.00798	0.02105	0.00553	0.04180	0.01940	0.02030	0.01100	0.01558	0.01001	0.04136	0.67137	0.00564	0.02706	0.00432	0.03825	0.00402
27	0.00937	0.11900	0.25508	0.03353	0.06987	0.04037	0.02271	0.06099	0.03916	0.04285	0.16224	0.03352	0.03786	0.00527	0.00403	0.00122	0.00445	0.00435	0.00283	0.05130
28	0.02488	0.18546	0.39691	0.00979	0.01406	0.13129	0.01078	0.03089	0.00935	0.03801	0.02438	0.00933	0.00657	0.00605	0.06483	0.00157	0.00604	0.00306	0.00210	0.02465

[dist]
# distance from previous block
# <min> <max>
0	28

[block]
# block no. 7 follows, 64 sequences, length 45
# corresponding to MSA columns:
# 514-558
name=unknown_H
#
# <colnr> <probs for GDERKNQSTAVLIFYWHMCP>
#	G	D	E	R	K	N	Q	S	T	A	V	L	I	F	Y	W	H	M	C	P
0	0.03358	0.04267	0.08743	0.04762	0.04193	0.09404	0.06030	0.12759	0.01069	0.04516	0.02407	0.00959	0.00683	0.00399	0.00391	0.00102	0.02682	0.00316	0.00264	0.32695
1	0.00549	0.00385	0.00494	0.00555	0.00580	0.00373	0.00369	0.00613	0.00752	0.01007	0.03864	0.51357	0.02322	0.25541	0.04800	0.00259	0.00334	0.05187	0.00341	0.00318
2	0.00607	0.00451	0.00583	0.00623	0.00730	0.00426	0.00516	0.00780	0.01011	0.01326	0.23621	0.04115	0.21135	0.01048	0.00533	0.00164	0.00295	0.41256	0.00403	0.00378
3	0.00907	0.01231	0.27218	0.00873	0.01183	0.06683	0.00869	0.15117	0.05426	0.01477	0.03848	0.18110	0.11293	0.00721	0.00445	0.00139	0.00439	0.03183	0.00315	0.00522
4	0.01049	0.39382	0.01593	0.00890	0.04055	0.09793	0.04932	0.06400	0.03385	0.01151	0.00865	0.05421	0.00803	0.00878	0.13153	0.00196	0.03562	0.01755	0.00229	0.00508
5	0.00545	0.00391	0.00479	0.00534	0.00596	0.00356	0.00368	0.00624	0.00832	0.02907	0.02698	0.53090	0.23698	0.08164	0.00649	0.00180	0.00252	0.02916	0.00377	0.00343
6	0.00548	0.00420	0.00597	0.00661	0.02798	0.00392	0.03854	0.00645	0.00836	0.01116	0.07759	0.65369	0.07928	0.04271	0.00578	0.00170	0.00268	0.01060	0.00373	0.00357
7	0.00997	0.00869	0.06380	0.00779	0.01029	0.00859	0.00649	0.01826	0.53455	0.09284	0.04069	0.01938	0.14792	0.00636	0.00433	0.00139	0.00327	0.00529	0.00409	0.00602
8	0.00722	0.00361	0.00541	0.00541	0.00541	0.00361	0.00361	0.00541	0.00541	0.00722	0.00722	0.01263	0.00722	0.01443	0.01623	0.87915	0.00361	0.00361	0.00180	0.00180
9	0.00569	0.00420	0.00509	0.00557	0.00622	0.00403	0.00389	0.00730	0.06245	0.01154	0.07380	0.47820	0.15301	0.08788	0.00651	0.00180	0.00258	0.04192	0.03473	0.00360
10	0.07692	0.01023	0.01082	0.00864	0.01166	0.01124	0.00703	0.48975	0.20171	0.04385	0.01199	0.01170	0.02613	0.00507	0.00401	0.00126	0.00401	0.00390	0.00398	0.05611
11	0.01600	0.00992	0.01158	0.00943	0.04936	0.01025	0.00740	0.48903	0.01611	0.27108	0.01169	0.01118	0.00797	0.00487	0.00410	0.00122	0.00419	0.00380	0.00426	0.05656
12	0.00564	0.00399	0.00509	0.00574	0.00613	0.00384	0.00404	0.00643	0.00787	0.01034	0.02126	0.42624	0.06994	0.23252	0.00951	0.00233	0.00310	0.16925	0.00350	0.00325
13	0.01434	0.01062	0.01136	0.00900	0.01200	0.01180	0.00734	0.60900	0.16975	0.03447	0.01157	0.01138	0.00837	0.00510	0.00410	0.00126	0.00417	0.00393	0.05365	0.00679
14	0.03111	0.00796	0.04594	0.00734	0.00946	0.00798	0.00602	0.16603	0.25954	0.01858	0.36605	0.02066	0.02258	0.00663	0.00445	0.00133	0.00308	0.00560	0.00421	0.00544
15	0.01353	0.00945	0.01005	0.00796	0.01062	0.01035	0.00649	0.58828	0.01649	0.02317	0.01098	0.01152	0.00807	0.00495	0.00380	0.00117	0.00383	0.00378	0.24933	0.00617
16	0.01252	0.01298	0.01275	0.01520	0.30983	0.32941	0.00910	0.01502	0.07892	0.06614	0.00892	0.01077	0.00733	0.04377	0.02450	0.00143	0.00575	0.00351	0.00251	0.02966
17	0.00601	0.00425	0.00488	0.00495	0.00610	0.00370	0.00360	0.00709	0.00941	0.06750	0.11625	0.24689	0.46515	0.02832	0.00530	0.00151	0.00231	0.00905	0.00399	0.00374
18	0.00784	0.00738	0.01246	0.84404	0.02861	0.00923	0.01154	0.01061	0.00831	0.01061	0.00738	0.01107	0.00554	0.00415	0.00415	0.00138	0.00554	0.00369	0.00185	0.00461
19	0.01089	0.00747	0.00807	0.00634	0.00906	0.03722	0.00506	0.14287	0.01090	0.10630	0.01058	0.01143	0.00805	0.00418	0.00335	0.00091	0.00320	0.00328	0.26107	0.34975
20	0.00532	0.00372	0.00474	0.00546	0.00564	0.00354	0.00351	0.00585	0.00746	0.00994	0.02034	0.63708	0.02426	0.23163	0.00942	0.00230	0.00283	0.01031	0.00351	0.00315
21	0.00784	0.00738	0.01246	0.84404	0.02861	0.00923	0.01154	0.01061	0.00831	0.01061	0.00738	0.01107	0.00554	0.00415	0.00415	0.00138	0.00554	0.00369	0.00185	0.00461
22	0.00653	0.00532	0.00775	0.00737	0.00793	0.00645	0.01779	0.00776	0.00669	0.00968	0.01096	0.06880	0.01092	0.09929	0.54618	0.00514	0.16448	0.00492	0.00228	0.00376
23	0.00811	0.00591	0.00671	0.00612	0.00782	0.00598	0.00471	0.01283	0.26089	0.08407	0.29558	0.02684	0.22839	0.00779	0.00460	0.00136	0.00254	0.00662	0.01823	0.00490
24	0.03535	0.00981	0.01113	0.00859	0.01174	0.01029	0.00705	0.51083	0.01630	0.28612	0.01207	0.01186	0.00834	0.03509	0.00473	0.00136	0.00419	0.00393	0.00438	0.00685
25	0.01073	0.00881	0.00941	0.00827	0.01065	0.01001	0.00648	0.11080	0.64770	0.03419	0.06666	0.01629	0.02969	0.00583	0.00427	0.00138	0.00333	0.00483	0.00425	0.00642
26	0.00706	0.01911	0.12163	0.00771	0.04105	0.00572	0.00630	0.05780	0.04321	0.02701	0.10784	0.43200	0.05038	0.02289	0.00510	0.00155	0.00325	0.03241	0.00358	0.00440
27	0.00889	0.00543	0.00615	0.00557	0.00712	0.00523	0.00416	0.03743	0.10605	0.15760	0.05920	0.05451	0.26841	0.15053	0.00720	0.00178	0.00289	0.00635	0.10097	0.00451
28	0.04920	0.00492	0.00591	0.00609	0.00704	0.00489	0.00450	0.08094	0.00953	0.04369	0.06670	0.43073	0.05461	0.05308	0.00567	0.00167	0.00286	0.09879	0.06519	0.00398
29	0.00556	0.00401	0.00549	0.00599	0.00642	0.00413	0.00426	0.00652	0.00744	0.01018	0.03405	0.42240	0.02040	0.12289	0.28094	0.00362	0.00553	0.04362	0.00317	0.00341
30	0.01056	0.02317	0.02340	0.00861	0.01075	0.08141	0.06848	0.15734	0.18139	0.05630	0.09796	0.13693	0.04268	0.00673	0.00482	0.00137	0.04252	0.00566	0.03453	0.00540
31	0.00592	0.00430	0.00496	0.00516	0.00600	0.00398	0.00377	0.00681	0.00836	0.02660	0.02723	0.07359	0.34728	0.28194	0.01030	0.00236	0.00312	0.17156	0.00344	0.00332
32	0.04136	0.01258	0.21060	0.01424	0.01829	0.00949	0.48537	0.01229	0.00917	0.01308	0.00968	0.10659	0.00840	0.00479	0.00483	0.00142	0.02504	0.00514	0.00223	0.00541
33	0.01149	0.27676	0.01344	0.00803	0.01073	0.06448	0.00673	0.10026	0.33307	0.05218	0.01227	0.06016	0.01009	0.01773	0.00401	0.00126	0.00402	0.00410	0.00331	0.00590
34	0.01070	0.00964	0.07086	0.01086	0.06066	0.02936	0.15016	0.12027	0.15588	0.09558	0.05220	0.01419	0.01047	0.04785	0.12267	0.00221	0.02312	0.00448	0.00318	0.00568
35	0.00508	0.00364	0.00480	0.00572	0.00598	0.00339	0.00381	0.00579	0.00795	0.01057	0.02321	0.81341	0.04836	0.02972	0.00561	0.00173	0.00243	0.01161	0.00383	0.00336
36	0.00982	0.00620	0.00660	0.00589	0.00759	0.00662	0.00459	0.11363	0.19914	0.05871	0.05260	0.01547	0.01201	0.00523	0.00353	0.00114	0.00266	0.00424	0.47930	0.00506
37	0.01086	0.13400	0.19724	0.09432	0.15063	0.10803	0.08327	0.03134	0.00964	0.06961	0.02480	0.00989	0.00673	0.00424	0.00441	0.00125	0.04834	0.00345	0.00225	0.00570
38	0.00721	0.00564	0.00783	0.00699	0.00842	0.00553	0.08051	0.05288	0.02027	0.05728	0.09092	0.24194	0.28576	0.01057	0.04900	0.00175	0.05166	0.00799	0.00364	0.00421
39	0.04908	0.00692	0.00811	0.00756	0.04616	0.00715	0.00568	0.16574	0.08559	0.08818	0.20361	0.02373	0.19190	0.00793	0.02534	0.00149	0.02519	0.04154	0.00399	0.00511
40	0.00960	0.00657	0.00893	0.00940	0.13403	0.03072	0.02526	0.02215	0.03980	0.16381	0.40304	0.04086	0.02399	0.02915	0.00499	0.00136	0.00318	0.01568	0.00402	0.02346
41	0.01255	0.13087	0.06421	0.04314	0.15133	0.11934	0.02702	0.28425	0.07017	0.01691	0.00977	0.01057	0.03253	0.00457	0.00392	0.00120	0.00501	0.00359	0.00292	0.00612
42	0.00722	0.00552	0.00615	0.00613	0.00728	0.03559	0.00450	0.05952	0.07564	0.04650	0.13910	0.36780	0.18627	0.01009	0.00491	0.00149	0.00275	0.02537	0.00400	0.00418
43	0.01078	0.09005	0.32974	0.00958	0.01349	0.08205	0.01000	0.11977	0.12364	0.06039	0.04217	0.01262	0.02186	0.03492	0.00459	0.00137	0.00501	0.01926	0.00285	0.00588
44	0.02921	0.02434	0.01125	0.02442	0.15345	0.10972	0.02844	0.13622	0.19592	0.04186	0.09646	0.04556	0.04316	0.00553	0.00419	0.00127	0.00422	0.00464	0.00339	0.03674

[dist]
# distance from previous block
# <min> <max>
0	1

[block]
# block no. 8 follows, 64 sequences, length 14
# corresponding to MSA columns:
# 560-573
name=unknown_I
#
# <colnr> <probs for GDERKNQSTAVLIFYWHMCP>
#	G	D	E	R	K	N	Q	S	T	A	V	L	I	F	Y	W	H	M	C	P
0	0.01428	0.01097	0.01107	0.01013	0.01207	0.11997	0.00743	0.17125	0.04116	0.09604	0.04769	0.18710	0.03650	0.05274	0.15332	0.00310	0.00662	0.00700	0.00471	0.00685
1	0.00612	0.00436	0.00553	0.00590	0.00658	0.00425	0.00421	0.00737	0.03370	0.04944	0.06822	0.53002	0.15887	0.03090	0.00589	0.00166	0.04181	0.02759	0.00384	0.00374
2	0.03861	0.11469	0.23959	0.00959	0.01322	0.11505	0.05580	0.13643	0.01115	0.09570	0.05785	0.03620	0.00931	0.03476	0.00456	0.00134	0.00511	0.01255	0.00283	0.00566
3	0.01001	0.04158	0.01639	0.23216	0.44652	0.06920	0.09969	0.01253	0.00933	0.01240	0.00759	0.01025	0.00615	0.00383	0.00413	0.00127	0.00548	0.00370	0.00200	0.00580
4	0.00931	0.00792	0.01011	0.00869	0.01040	0.07525	0.12719	0.14356	0.05477	0.04009	0.01487	0.29973	0.01530	0.10802	0.05319	0.00204	0.00464	0.00695	0.00331	0.00465
5	0.00962	0.01052	0.06741	0.16535	0.16070	0.05325	0.24427	0.04929	0.08955	0.01346	0.01153	0.03207	0.06444	0.00471	0.00442	0.00135	0.00543	0.00459	0.00249	0.00555
6	0.00975	0.00988	0.01444	0.34340	0.29194	0.09370	0.05774	0.01258	0.04686	0.01199	0.00780	0.01053	0.00624	0.00425	0.00478	0.00133	0.06158	0.00371	0.00207	0.00544
7	0.00924	0.00986	0.01999	0.05358	0.01888	0.00955	0.59037	0.04927	0.00990	0.01331	0.01175	0.08772	0.05992	0.00501	0.00514	0.00143	0.03178	0.00561	0.00244	0.00526
8	0.00533	0.00402	0.00534	0.00603	0.00636	0.00402	0.00419	0.00613	0.00789	0.01055	0.02245	0.70551	0.07568	0.01351	0.05130	0.00195	0.05189	0.01074	0.00365	0.00347
9	0.04715	0.16851	0.18209	0.02911	0.05109	0.03277	0.02779	0.16508	0.10715	0.08188	0.01080	0.04198	0.02724	0.00485	0.00385	0.00124	0.00461	0.00382	0.00297	0.00600
10	0.00999	0.00871	0.01052	0.08757	0.18450	0.11242	0.02109	0.05599	0.05925	0.07661	0.07567	0.08246	0.10249	0.00671	0.00450	0.00137	0.00429	0.08746	0.00323	0.00517
11	0.00874	0.01744	0.62117	0.01047	0.01547	0.00858	0.01267	0.01311	0.04706	0.07372	0.01140	0.09104	0.04055	0.00524	0.00414	0.00136	0.00530	0.00429	0.00240	0.00586
12	0.01102	0.01150	0.07052	0.07773	0.27832	0.10441	0.12621	0.10339	0.05749	0.03934	0.01082	0.01228	0.05801	0.00456	0.00436	0.00129	0.01612	0.00411	0.00260	0.00591
13	0.04378	0.09537	0.03101	0.08445	0.41048	0.08787	0.07361	0.06171	0.01013	0.05140	0.00794	0.00980	0.00633	0.00392	0.00394	0.00122	0.00521	0.00351	0.00231	0.00602

[dist]
# distance from previous block
# <min> <max>
2	28

[block]
# block no. 9 follows, 64 sequences, length 97
# corresponding to MSA columns:
# 602-698
name=unknown_J
#
# <colnr> <probs for GDERKNQSTAVLIFYWHMCP>
#	G	D	E	R	K	N	Q	S	T	A	V	L	I	F	Y	W	H	M	C	P
0	0.03886	0.03988	0.07547	0.01604	0.35104	0.07748	0.04475	0.11773	0.05399	0.04287	0.04665	0.02175	0.00853	0.00439	0.00403	0.00122	0.00482	0.00383	0.00270	0.04399
1	0.02280	0.03156	0.06705	0.05013	0.39412	0.03042	0.04149	0.17890	0.09018	0.01636	0.03059	0.01104	0.00791	0.00432	0.00411	0.00126	0.00483	0.00383	0.00274	0.00636
2	0.01055	0.00874	0.01280	0.20337	0.30897	0.00951	0.00987	0.01595	0.26682	0.09316	0.01143	0.01249	0.00864	0.00456	0.00416	0.00133	0.00441	0.00406	0.00300	0.00618
3	0.00763	0.00479	0.00627	0.00593	0.00729	0.00440	0.02155	0.00900	0.00960	0.14185	0.15576	0.15743	0.26248	0.03040	0.10237	0.00212	0.00367	0.05937	0.00392	0.00419
4	0.02000	0.06467	0.34926	0.03279	0.10138	0.10649	0.09439	0.02591	0.05031	0.07974	0.00854	0.00974	0.00633	0.00418	0.00426	0.00128	0.02905	0.00343	0.00232	0.00594
5	0.01032	0.00935	0.02586	0.04160	0.25157	0.00947	0.16283	0.05902	0.22760	0.05284	0.05802	0.01429	0.03176	0.02107	0.00469	0.00138	0.00458	0.00460	0.00309	0.00606
6	0.00544	0.00400	0.00476	0.00516	0.00597	0.00357	0.00366	0.00631	0.00871	0.02759	0.05705	0.39870	0.35551	0.03782	0.00590	0.02478	0.00242	0.03538	0.00381	0.00347
7	0.01033	0.01613	0.41564	0.03010	0.08014	0.03626	0.12828	0.12712	0.07048	0.03262	0.00883	0.01003	0.00643	0.00417	0.00415	0.00131	0.00571	0.00362	0.00244	0.00621
8	0.02405	0.02935	0.09778	0.06238	0.16657	0.06845	0.02901	0.30600	0.04085	0.08912	0.00975	0.02032	0.00739	0.02501	0.00449	0.00132	0.00493	0.00378	0.00316	0.00630
9	0.01331	0.01293	0.01111	0.00957	0.01211	0.28062	0.02853	0.15805	0.36133	0.05084	0.01203	0.01175	0.00904	0.00500	0.00407	0.00126	0.00499	0.00385	0.00352	0.00608
10	0.00525	0.00416	0.00461	0.00460	0.00579	0.00362	0.00341	0.00655	0.00995	0.01275	0.25260	0.10290	0.52788	0.01003	0.00489	0.00139	0.00209	0.00855	0.02536	0.00362
11	0.01177	0.11596	0.22450	0.01033	0.02716	0.06392	0.10414	0.05116	0.05815	0.18532	0.04219	0.03783	0.00922	0.00489	0.00431	0.00128	0.02585	0.01312	0.00300	0.00592
12	0.04797	0.09451	0.26934	0.03100	0.01309	0.04419	0.03159	0.12067	0.08358	0.01480	0.04373	0.08777	0.05329	0.00586	0.00413	0.00133	0.00464	0.04017	0.00286	0.00547
13	0.00686	0.00515	0.02792	0.00612	0.00728	0.00508	0.00482	0.00872	0.04333	0.05787	0.04607	0.07542	0.16456	0.06097	0.37591	0.00386	0.02135	0.00582	0.06889	0.00400
14	0.01036	0.01227	0.14453	0.01548	0.14893	0.03193	0.32645	0.07066	0.08678	0.03314	0.02632	0.01127	0.00756	0.00428	0.00493	0.00136	0.05107	0.00423	0.00249	0.00596
15	0.11466	0.04738	0.13749	0.04985	0.08240	0.09334	0.04876	0.10707	0.04088	0.11305	0.01063	0.09953	0.00901	0.02266	0.00434	0.00136	0.00473	0.00433	0.00296	0.00558
16	0.01117	0.04188	0.03332	0.03109	0.05376	0.12092	0.37585	0.09286	0.11514	0.01429	0.00904	0.01076	0.00696	0.00430	0.00500	0.00134	0.05988	0.00418	0.00254	0.00572
17	0.01019	0.00946	0.01559	0.04672	0.59945	0.00961	0.05594	0.07850	0.02867	0.01430	0.00926	0.06362	0.00813	0.00516	0.02604	0.00142	0.00500	0.00432	0.00239	0.00623
18	0.02237	0.06960	0.11057	0.07217	0.10557	0.06249	0.02045	0.09785	0.14708	0.03996	0.04185	0.06337	0.03809	0.02391	0.00460	0.00140	0.00445	0.06560	0.00308	0.00553
19	0.00862	0.00677	0.01747	0.00701	0.00882	0.01784	0.02336	0.03034	0.29183	0.07329	0.24313	0.06295	0.12238	0.00886	0.05676	0.00171	0.00344	0.00622	0.00409	0.00511
20	0.00586	0.00451	0.00528	0.00541	0.00645	0.00427	0.00398	0.02264	0.06431	0.01289	0.18362	0.27721	0.30388	0.01077	0.02266	0.00158	0.00253	0.03343	0.02487	0.00384
21	0.00918	0.15556	0.40388	0.02602	0.03030	0.04451	0.06544	0.01252	0.02603	0.04310	0.01008	0.10149	0.02174	0.00574	0.02552	0.00142	0.00544	0.00422	0.00226	0.00553
22	0.08253	0.07922	0.23691	0.01002	0.03463	0.21240	0.00944	0.12944	0.06270	0.02883	0.03507	0.01029	0.02556	0.00462	0.00398	0.00123	0.02149	0.00336	0.00262	0.00565
23	0.00691	0.00556	0.00626	0.00613	0.00712	0.04685	0.00455	0.05007	0.03994	0.01145	0.04033	0.11060	0.16406	0.13478	0.29552	0.00359	0.00600	0.02232	0.03412	0.00383
24	0.00535	0.00408	0.00461	0.00485	0.00565	0.00370	0.00340	0.00617	0.00842	0.01058	0.05284	0.20038	0.39727	0.21205	0.00891	0.00212	0.00273	0.06005	0.00356	0.00328
25	0.05657	0.35716	0.06594	0.02621	0.11070	0.10836	0.06196	0.04970	0.08222	0.01263	0.00800	0.02897	0.00677	0.00418	0.00348	0.00112	0.00494	0.00323	0.00229	0.00557
26	0.01217	0.45273	0.10861	0.00881	0.01211	0.29973	0.00825	0.01380	0.00966	0.01032	0.00706	0.00799	0.02508	0.00402	0.00324	0.00101	0.00563	0.00263	0.00195	0.00520
27	0.00552	0.00474	0.00475	0.00472	0.00602	0.02390	0.00348	0.00702	0.04441	0.01162	0.08658	0.08717	0.63670	0.04796	0.00560	0.00152	0.00238	0.00843	0.00382	0.00364
28	0.06841	0.00536	0.00587	0.00549	0.00676	0.00540	0.00400	0.04820	0.09143	0.04765	0.15813	0.06696	0.21510	0.20829	0.02599	0.00210	0.00311	0.00657	0.02112	0.00405
29	0.01193	0.09438	0.05554	0.01602	0.33823	0.24452	0.01005	0.06466	0.04619	0.01313	0.02905	0.00978	0.00715	0.00429	0.00426	0.00119	0.03810	0.00338	0.00232	0.00582
