[name]
unknown

[dist]
# distance from previous block
# <min> <max>
5	168

[block]
# block no. 0 follows, 75 sequences, length 8
# corresponding to MSA columns:
# 168-175
name=unknown_A
#
# <colnr> <probs for GDERKNQSTAVLIFYWHMCP>
#	G	D	E	R	K	N	Q	S	T	A	V	L	I	F	Y	W	H	M	C	P
0	0.04757	0.08009	0.05490	0.10852	0.07786	0.11259	0.06518	0.10783	0.14460	0.03288	0.01100	0.01185	0.08149	0.02103	0.00383	0.00115	0.00420	0.00361	0.00254	0.02724
1	0.00814	0.02750	0.00784	0.00718	0.02676	0.00787	0.00546	0.01592	0.60149	0.01421	0.08188	0.07235	0.05432	0.00599	0.00391	0.00126	0.00279	0.04635	0.00361	0.00516
2	0.00559	0.00473	0.00649	0.00825	0.18640	0.00439	0.00494	0.00690	0.00851	0.01115	0.16823	0.16263	0.36449	0.00808	0.00427	0.00125	0.00247	0.03431	0.00318	0.00374
3	0.00695	0.00623	0.00991	0.66648	0.02109	0.00757	0.00885	0.00982	0.08108	0.01024	0.08218	0.01178	0.00818	0.00459	0.00428	0.04667	0.00435	0.00364	0.00203	0.00405
4	0.00635	0.00410	0.00477	0.00449	0.00551	0.00373	0.00322	0.02786	0.00838	0.10489	0.17234	0.08736	0.32630	0.21538	0.00772	0.00178	0.00246	0.00660	0.00337	0.00338
5	0.00581	0.00442	0.00565	0.00616	0.08071	0.00415	0.00407	0.02209	0.02866	0.03119	0.35933	0.07109	0.24971	0.08872	0.00561	0.00143	0.00233	0.02183	0.00345	0.00360
6	0.00826	0.51413	0.07295	0.00616	0.00878	0.01082	0.00600	0.03272	0.00802	0.00986	0.05637	0.01367	0.18727	0.00492	0.00348	0.00098	0.04549	0.00361	0.00216	0.00436
7	0.00869	0.00808	0.01120	0.27809	0.19618	0.06097	0.00877	0.08284	0.00826	0.01140	0.00685	0.00930	0.00559	0.00435	0.00549	0.00122	0.20365	0.00322	0.08126	0.00459

[dist]
# distance from previous block
# <min> <max>
0	6

[block]
# block no. 1 follows, 75 sequences, length 28
# corresponding to MSA columns:
# 182-209
name=unknown_B
#
# <colnr> <probs for GDERKNQSTAVLIFYWHMCP>
#	G	D	E	R	K	N	Q	S	T	A	V	L	I	F	Y	W	H	M	C	P
0	0.30047	0.00816	0.02264	0.03603	0.26962	0.01667	0.04171	0.07374	0.02344	0.06115	0.01655	0.00840	0.00573	0.00367	0.00355	0.00111	0.04242	0.00289	0.00233	0.05973
1	0.00960	0.67475	0.16746	0.00715	0.01069	0.01329	0.00762	0.05498	0.00804	0.00995	0.00557	0.00638	0.00478	0.00327	0.00263	0.00087	0.00420	0.00217	0.00168	0.00492
2	0.03181	0.03630	0.00620	0.00566	0.00646	0.00489	0.00442	0.00685	0.00651	0.00949	0.11371	0.01580	0.01217	0.05167	0.66519	0.00490	0.00819	0.00419	0.00223	0.00334
3	0.00529	0.00377	0.00508	0.00508	0.00545	0.00414	0.00357	0.00603	0.00566	0.00792	0.01059	0.01859	0.01099	0.39278	0.49361	0.00489	0.00712	0.00454	0.00208	0.00282
4	0.00816	0.00670	0.00723	0.00643	0.00824	0.00733	0.00501	0.10911	0.45197	0.01526	0.17685	0.01928	0.15072	0.00610	0.00394	0.00121	0.00264	0.00512	0.00374	0.00497
5	0.00801	0.00436	0.00556	0.00514	0.00642	0.00401	0.00389	0.00967	0.04017	0.21774	0.29387	0.21444	0.08569	0.00748	0.00409	0.00121	0.00222	0.00652	0.07541	0.00409
6	0.00521	0.00392	0.00493	0.00503	0.00544	0.00400	0.00355	0.00599	0.00736	0.00995	0.18446	0.27268	0.10844	0.23892	0.00894	0.00197	0.07406	0.04908	0.00307	0.00300
7	0.41110	0.18106	0.04575	0.00705	0.02999	0.19396	0.00590	0.03400	0.00785	0.02467	0.00557	0.00647	0.00452	0.00356	0.00291	0.00104	0.02595	0.00222	0.00206	0.00439
8	0.00989	0.15124	0.27064	0.00913	0.01262	0.09086	0.08924	0.16616	0.02311	0.03990	0.03240	0.03065	0.00682	0.01149	0.01067	0.00114	0.01685	0.00323	0.00229	0.02169
9	0.00930	0.63012	0.06323	0.00681	0.00949	0.05512	0.00658	0.01055	0.00730	0.00876	0.00574	0.00752	0.00537	0.04903	0.04334	0.00126	0.07196	0.00239	0.00164	0.00448
10	0.01598	0.00611	0.00826	0.00638	0.00911	0.00530	0.00525	0.01742	0.01037	0.80768	0.01436	0.01256	0.00911	0.00453	0.00364	0.00112	0.00305	0.00368	0.04998	0.00611
11	0.00776	0.24856	0.13598	0.04421	0.02504	0.01949	0.02718	0.01002	0.05681	0.05106	0.10125	0.08185	0.14215	0.02190	0.00390	0.00115	0.01019	0.00457	0.00256	0.00438
12	0.00565	0.00424	0.00611	0.07334	0.04593	0.00432	0.03499	0.00647	0.00655	0.02212	0.01383	0.30976	0.01550	0.31918	0.09384	0.00262	0.00392	0.02596	0.00259	0.00309
13	0.03339	0.00419	0.00510	0.00468	0.00596	0.00377	0.00357	0.00813	0.00958	0.13662	0.43675	0.06182	0.25725	0.00762	0.00419	0.00119	0.00202	0.00654	0.00386	0.00377
14	0.01474	0.00583	0.00767	0.00602	0.00852	0.00516	0.00493	0.03130	0.01014	0.68826	0.01394	0.01264	0.00910	0.00450	0.00350	0.00109	0.00289	0.00364	0.16038	0.00575
15	0.00831	0.29279	0.47221	0.00961	0.01395	0.01063	0.09476	0.01135	0.00769	0.01059	0.00614	0.00738	0.00477	0.00343	0.00348	0.00106	0.03249	0.00265	0.00159	0.00510
16	0.00979	0.00983	0.03397	0.03318	0.02676	0.25135	0.03962	0.11161	0.06792	0.05326	0.11660	0.09782	0.09705	0.00576	0.00399	0.00115	0.02036	0.00470	0.01084	0.00444
17	0.00479	0.00373	0.00430	0.00416	0.00517	0.00329	0.00309	0.00606	0.00920	0.01208	0.41929	0.03113	0.42726	0.04432	0.00493	0.00130	0.00187	0.00713	0.00366	0.00324
18	0.00525	0.00392	0.00582	0.00582	0.00645	0.00455	0.00449	0.00651	0.00588	0.00847	0.00991	0.01483	0.00936	0.06305	0.82111	0.00580	0.00957	0.00399	0.00198	0.00323
19	0.00869	0.00825	0.01298	0.15253	0.42126	0.00953	0.00991	0.05410	0.00786	0.01123	0.00633	0.00887	0.00540	0.00434	0.00616	0.00127	0.26120	0.00326	0.00182	0.00502
20	0.01000	0.00832	0.00879	0.00765	0.00988	0.00954	0.00602	0.16661	0.69287	0.01677	0.01384	0.01282	0.01032	0.00488	0.00373	0.00122	0.00311	0.00400	0.00373	0.00589
21	0.00915	0.00862	0.01165	0.11836	0.01339	0.10567	0.19237	0.10126	0.11936	0.03954	0.07539	0.07772	0.01079	0.00522	0.00444	0.00124	0.05015	0.04830	0.00272	0.00466
22	0.08297	0.00985	0.01012	0.00798	0.01070	0.04935	0.00652	0.62762	0.05521	0.06810	0.00927	0.02958	0.00683	0.00451	0.00358	0.00112	0.00391	0.00339	0.00353	0.00588
23	0.00693	0.00468	0.00637	0.00544	0.00691	0.00423	0.04202	0.02905	0.01018	0.10409	0.59001	0.02341	0.06917	0.00663	0.00412	0.00111	0.00223	0.00584	0.00381	0.07377
24	0.00498	0.00422	0.00628	0.00593	0.00694	0.00383	0.10672	0.00606	0.00780	0.01006	0.05633	0.45733	0.29032	0.00958	0.00452	0.00137	0.00253	0.00866	0.00324	0.00329
25	0.00892	0.00905	0.04957	0.06108	0.77512	0.00869	0.01132	0.01120	0.00829	0.01186	0.00688	0.00907	0.00573	0.00330	0.00363	0.00110	0.00443	0.00325	0.00180	0.00572
26	0.00908	0.13704	0.07081	0.03969	0.02693	0.07288	0.01586	0.05083	0.33834	0.02298	0.01084	0.01140	0.02887	0.00698	0.09528	0.00166	0.04929	0.00352	0.00268	0.00502
27	0.01005	0.00767	0.00859	0.02949	0.05197	0.07494	0.01522	0.21563	0.05239	0.08400	0.01796	0.05560	0.00884	0.06671	0.03280	0.00147	0.09853	0.01135	0.15214	0.00466

[dist]
# distance from previous block
# <min> <max>
2	15

[block]
# block no. 2 follows, 75 sequences, length 12
# corresponding to MSA columns:
# 225-236
name=unknown_C
#
# <colnr> <probs for GDERKNQSTAVLIFYWHMCP>
#	G	D	E	R	K	N	Q	S	T	A	V	L	I	F	Y	W	H	M	C	P
0	0.06760	0.00619	0.00784	0.00696	0.01797	0.04565	0.09571	0.02757	0.10589	0.01239	0.15638	0.22062	0.06423	0.00705	0.01553	0.00127	0.01807	0.02379	0.01387	0.08541
1	0.00956	0.00905	0.06041	0.11289	0.32669	0.03939	0.13504	0.03055	0.02703	0.10153	0.02009	0.00972	0.00642	0.00361	0.00386	0.00111	0.02341	0.00340	0.00222	0.07403
2	0.00618	0.00474	0.00659	0.06440	0.00820	0.00541	0.00507	0.09127	0.00736	0.01019	0.01176	0.01526	0.07748	0.02205	0.64107	0.00471	0.00825	0.00414	0.00224	0.00362
3	0.00550	0.00369	0.00462	0.00449	0.00528	0.00343	0.00328	0.00694	0.00927	0.03002	0.54551	0.12009	0.06911	0.06654	0.00514	0.00133	0.00193	0.00661	0.10386	0.00336
4	0.00977	0.00781	0.00840	0.00734	0.00957	0.00874	0.00575	0.05555	0.70049	0.07251	0.01417	0.01306	0.01052	0.00480	0.00367	0.00119	0.00296	0.00397	0.00370	0.05602
5	0.00499	0.00371	0.00470	0.00513	0.00587	0.00345	0.00394	0.00616	0.00829	0.01083	0.16789	0.27799	0.21836	0.03000	0.00498	0.00148	0.00238	0.23319	0.00348	0.00319
6	0.01384	0.01038	0.01059	0.00830	0.01106	0.08022	0.00677	0.68528	0.01592	0.08071	0.00930	0.03423	0.00686	0.00458	0.00368	0.00110	0.00413	0.00347	0.00358	0.00599
7	0.08090	0.00735	0.05579	0.00709	0.03081	0.00646	0.04246	0.06439	0.10174	0.01290	0.01028	0.13364	0.02113	0.00490	0.00368	0.00100	0.03110	0.02702	0.00261	0.35474
8	0.01031	0.00883	0.01658	0.01244	0.03879	0.00845	0.50195	0.12320	0.01011	0.14615	0.03442	0.03734	0.02477	0.00402	0.00414	0.00121	0.00502	0.00439	0.00267	0.00522
9	0.03528	0.00641	0.00583	0.00552	0.00665	0.15591	0.00412	0.00852	0.03842	0.01276	0.47479	0.09271	0.12476	0.00717	0.00409	0.00116	0.00273	0.00609	0.00346	0.00362
10	0.00541	0.00358	0.00428	0.00441	0.00469	0.00347	0.00280	0.00587	0.00654	0.02717	0.09360	0.20422	0.04321	0.51335	0.01277	0.00264	0.00297	0.03064	0.02569	0.00268
11	0.05795	0.00875	0.05249	0.02680	0.11581	0.03110	0.06482	0.25615	0.04107	0.18949	0.03883	0.03204	0.00834	0.02429	0.03421	0.00136	0.00416	0.00372	0.00314	0.00546

[dist]
# distance from previous block
# <min> <max>
7	9

[block]
# block no. 3 follows, 75 sequences, length 10
# corresponding to MSA columns:
# 246-255
name=unknown_D
#
# <colnr> <probs for GDERKNQSTAVLIFYWHMCP>
#	G	D	E	R	K	N	Q	S	T	A	V	L	I	F	Y	W	H	M	C	P
0	0.01034	0.23986	0.27702	0.00985	0.06167	0.26340	0.03946	0.01256	0.00863	0.03661	0.00623	0.00724	0.00493	0.00349	0.00319	0.00100	0.00529	0.00254	0.00178	0.00492
1	0.00880	0.06670	0.01136	0.06061	0.21635	0.17564	0.07440	0.04315	0.00875	0.01082	0.02895	0.16784	0.03361	0.00604	0.02193	0.00128	0.01579	0.04121	0.00234	0.00445
2	0.51234	0.00888	0.00835	0.04515	0.00983	0.11012	0.05289	0.09626	0.00809	0.03036	0.00590	0.00704	0.00461	0.00385	0.00364	0.00116	0.08237	0.00250	0.00230	0.00435
3	0.08518	0.00466	0.00575	0.00603	0.02769	0.02346	0.00436	0.00700	0.00666	0.02160	0.01401	0.23900	0.05865	0.11136	0.27079	0.00304	0.05003	0.05485	0.00257	0.00331
4	0.00881	0.00844	0.01440	0.13279	0.73998	0.00865	0.01113	0.01102	0.00823	0.01166	0.00686	0.00918	0.00570	0.00332	0.00364	0.00111	0.00443	0.00327	0.00179	0.00559
5	0.00494	0.00371	0.00458	0.00445	0.00535	0.00334	0.00330	0.00641	0.00967	0.01321	0.59585	0.09137	0.22386	0.00822	0.00436	0.00120	0.00179	0.00718	0.00385	0.00334
6	0.00904	0.05616	0.70045	0.01058	0.01546	0.00906	0.01258	0.01232	0.00880	0.04077	0.01017	0.03993	0.04658	0.00503	0.00417	0.00143	0.00547	0.00371	0.00232	0.00598
7	0.00460	0.00369	0.00402	0.00402	0.00503	0.00320	0.00293	0.00562	0.00852	0.01072	0.20566	0.08385	0.56961	0.06577	0.00530	0.00139	0.00196	0.00752	0.00347	0.00311
8	0.00533	0.00408	0.00606	0.00603	0.00664	0.00481	0.00469	0.00659	0.00594	0.00858	0.01011	0.05542	0.00972	0.02582	0.77721	0.00550	0.04791	0.00422	0.00202	0.00330
9	0.04859	0.44616	0.03344	0.00754	0.02399	0.10764	0.00666	0.09636	0.08654	0.03482	0.00677	0.00745	0.00559	0.00383	0.00356	0.00098	0.07049	0.00254	0.00214	0.00491

[dist]
# distance from previous block
# <min> <max>
0	6

[block]
# block no. 4 follows, 75 sequences, length 23
# corresponding to MSA columns:
# 262-284
name=unknown_E
#
# <colnr> <probs for GDERKNQSTAVLIFYWHMCP>
#	G	D	E	R	K	N	Q	S	T	A	V	L	I	F	Y	W	H	M	C	P
0	0.03175	0.00879	0.01301	0.14577	0.45501	0.06994	0.04833	0.04540	0.02001	0.01154	0.00702	0.00971	0.00594	0.04736	0.00496	0.00127	0.06388	0.00334	0.00192	0.00507
1	0.03876	0.11913	0.01149	0.00864	0.03212	0.17702	0.07769	0.11848	0.22851	0.06668	0.00985	0.02781	0.00782	0.00488	0.02337	0.00121	0.00440	0.02007	0.00281	0.01925
2	0.00600	0.00333	0.00459	0.00463	0.00469	0.00335	0.00301	0.00512	0.00514	0.00697	0.00855	0.04882	0.00906	0.22859	0.05709	0.56806	0.00354	0.00406	0.02346	0.00194
3	0.02713	0.05258	0.09297	0.08323	0.35787	0.02551	0.12723	0.09825	0.05864	0.03001	0.00761	0.00918	0.00592	0.00355	0.00364	0.00112	0.00461	0.00333	0.00215	0.00545
4	0.00862	0.00743	0.05303	0.00788	0.00896	0.05320	0.00581	0.00882	0.00963	0.01288	0.04086	0.56647	0.08235	0.01177	0.00579	0.00197	0.00379	0.08293	0.00421	0.02362
5	0.00672	0.00499	0.00603	0.00561	0.00689	0.00486	0.02741	0.11715	0.05133	0.04433	0.08532	0.26890	0.25110	0.04893	0.00497	0.00140	0.00259	0.03793	0.00343	0.02012
6	0.01941	0.00719	0.01060	0.09531	0.35363	0.02254	0.00809	0.05865	0.04904	0.03006	0.09942	0.08989	0.01157	0.00523	0.00431	0.00120	0.05359	0.04279	0.03265	0.00483
7	0.00949	0.00895	0.10590	0.02775	0.03928	0.02813	0.03042	0.26357	0.15596	0.02690	0.03095	0.09265	0.01071	0.05741	0.00504	0.02419	0.00379	0.06233	0.01161	0.00497
8	0.22413	0.00610	0.00716	0.00576	0.00823	0.00579	0.00472	0.01475	0.00923	0.54146	0.03342	0.01269	0.05709	0.00461	0.00335	0.00113	0.00288	0.00358	0.04859	0.00532
9	0.01233	0.00948	0.01011	0.00812	0.01077	0.01063	0.00659	0.56059	0.29510	0.02052	0.01088	0.01046	0.00792	0.00460	0.00370	0.00115	0.00366	0.00359	0.00370	0.00610
10	0.00802	0.00603	0.00713	0.00532	0.00817	0.00467	0.00424	0.00956	0.00817	0.09666	0.06767	0.01226	0.09280	0.00390	0.00309	0.00072	0.00261	0.00320	0.00267	0.65312
11	0.89687	0.00710	0.00540	0.00483	0.00710	0.00824	0.00398	0.01080	0.00625	0.01648	0.00511	0.00597	0.00398	0.00341	0.00227	0.00114	0.00284	0.00199	0.00227	0.00398
12	0.01331	0.01636	0.01036	0.00932	0.01121	0.74525	0.00706	0.05325	0.05242	0.00997	0.00626	0.00713	0.00513	0.00396	0.00365	0.00099	0.03536	0.00253	0.00206	0.00442
13	0.00516	0.00380	0.00460	0.00489	0.00560	0.00361	0.00349	0.05048	0.00812	0.01079	0.08115	0.47029	0.22237	0.01089	0.05384	0.00161	0.00257	0.00843	0.04506	0.00326
14	0.02908	0.12601	0.46406	0.00965	0.01365	0.03402	0.08590	0.04434	0.02471	0.02940	0.00754	0.05785	0.00617	0.00412	0.00390	0.00115	0.04819	0.00328	0.00191	0.00507
15	0.14469	0.04078	0.17065	0.00959	0.01294	0.02596	0.22124	0.13985	0.00959	0.11957	0.00854	0.05207	0.00660	0.00404	0.00358	0.00116	0.00449	0.00359	0.00256	0.01853
16	0.00525	0.00393	0.00475	0.00480	0.00565	0.00367	0.00349	0.05398	0.00913	0.01219	0.31385	0.32101	0.22635	0.00916	0.00442	0.00129	0.00204	0.00804	0.00365	0.00337
17	0.00979	0.13432	0.37652	0.00877	0.01267	0.03372	0.03877	0.17153	0.01000	0.08660	0.02798	0.01020	0.05491	0.00413	0.00348	0.00110	0.00452	0.00324	0.00241	0.00533
18	0.00928	0.37795	0.24958	0.00852	0.03496	0.07532	0.02528	0.05619	0.04747	0.01087	0.01792	0.03971	0.00626	0.00389	0.00328	0.00101	0.02277	0.00287	0.00192	0.00495
19	0.00625	0.05859	0.22626	0.03351	0.11209	0.00601	0.00739	0.00811	0.00740	0.01020	0.01360	0.39530	0.02401	0.04343	0.00468	0.00140	0.00354	0.03163	0.00252	0.00408
20	0.00511	0.00383	0.00509	0.00540	0.00612	0.00390	0.00419	0.00625	0.00714	0.00942	0.01948	0.14081	0.19594	0.07153	0.30875	0.00319	0.00519	0.19271	0.00281	0.00316
21	0.33945	0.05262	0.05464	0.00727	0.00952	0.31982	0.01682	0.03863	0.02659	0.02457	0.02395	0.00783	0.00568	0.02115	0.03638	0.00129	0.00477	0.00255	0.00219	0.00428
22	0.07284	0.00550	0.00564	0.00518	0.00667	0.03575	0.00398	0.10500	0.04292	0.04795	0.13707	0.11452	0.36110	0.00781	0.01173	0.00126	0.00257	0.01572	0.00342	0.01336

[dist]
# distance from previous block
# <min> <max>
0	27

[block]
# block no. 5 follows, 75 sequences, length 10
# corresponding to MSA columns:
# 312-321
name=unknown_F
#
# <colnr> <probs for GDERKNQSTAVLIFYWHMCP>
#	G	D	E	R	K	N	Q	S	T	A	V	L	I	F	Y	W	H	M	C	P
0	0.03007	0.04181	0.01008	0.00778	0.01025	0.02114	0.04034	0.42333	0.18491	0.05090	0.05969	0.03598	0.04113	0.00538	0.01923	0.00123	0.00370	0.00402	0.00348	0.00555
1	0.02721	0.01031	0.01021	0.00831	0.01067	0.20720	0.06133	0.27535	0.05879	0.13269	0.04496	0.01109	0.04162	0.00528	0.03048	0.00125	0.03114	0.00354	0.00309	0.02548
2	0.00862	0.00656	0.00735	0.00591	0.00823	0.03977	0.02176	0.13546	0.00981	0.09481	0.06431	0.06791	0.20740	0.00557	0.00361	0.00097	0.00290	0.00462	0.00309	0.30132
3	0.00560	0.00411	0.00507	0.00496	0.00593	0.00389	0.00379	0.05551	0.00979	0.01335	0.45492	0.13233	0.16452	0.00832	0.00438	0.00126	0.00211	0.09312	0.02356	0.00350
4	0.00531	0.00392	0.00457	0.00454	0.00559	0.00354	0.00338	0.00683	0.04359	0.04419	0.25180	0.18034	0.39409	0.00886	0.00437	0.00127	0.00200	0.02476	0.00364	0.00342
5	0.03412	0.00574	0.00735	0.00610	0.00832	0.00526	0.00498	0.04731	0.03800	0.51148	0.06723	0.03654	0.10403	0.00589	0.00389	0.00120	0.00290	0.08005	0.02434	0.00527
6	0.07102	0.00803	0.00939	0.00725	0.01009	0.00814	0.00598	0.36683	0.01313	0.44440	0.01147	0.01051	0.00755	0.00442	0.00360	0.00112	0.00350	0.00342	0.00403	0.00610
7	0.00484	0.00370	0.00447	0.00474	0.00551	0.00341	0.00344	0.00623	0.03975	0.01107	0.21627	0.35852	0.27072	0.00962	0.00448	0.00134	0.00204	0.04302	0.00357	0.00325
8	0.00886	0.00850	0.01450	0.11053	0.76179	0.00867	0.01116	0.01107	0.00826	0.01172	0.00687	0.00916	0.00572	0.00331	0.00364	0.00110	0.00442	0.00327	0.00180	0.00564
9	0.00502	0.00372	0.00455	0.00476	0.00534	0.00355	0.00328	0.00619	0.03994	0.01009	0.14774	0.35351	0.14454	0.17647	0.05534	0.00202	0.00278	0.00770	0.00319	0.02029

[dist]
# distance from previous block
# <min> <max>
1	12

[block]
# block no. 6 follows, 75 sequences, length 9
# corresponding to MSA columns:
# 334-342
name=unknown_G
#
# <colnr> <probs for GDERKNQSTAVLIFYWHMCP>
#	G	D	E	R	K	N	Q	S	T	A	V	L	I	F	Y	W	H	M	C	P
0	0.00847	0.02343	0.00947	0.07793	0.29551	0.08972	0.00696	0.04958	0.00843	0.01189	0.03247	0.05386	0.00846	0.02114	0.00437	0.05918	0.00365	0.00368	0.22741	0.00437
1	0.00877	0.00800	0.01000	0.01213	0.29709	0.07541	0.00725	0.08730	0.18213	0.01366	0.15351	0.05040	0.04647	0.00568	0.02483	0.00126	0.00370	0.00446	0.00291	0.00504
2	0.00470	0.00363	0.00423	0.00428	0.00516	0.00322	0.00310	0.00580	0.00868	0.01132	0.30511	0.18084	0.38951	0.04758	0.00504	0.00136	0.00194	0.00775	0.00357	0.00316
3	0.81853	0.00690	0.00544	0.00484	0.00707	0.00790	0.00397	0.01099	0.00650	0.05125	0.00583	0.00660	0.00445	0.00350	0.00235	0.00112	0.00280	0.00213	0.04383	0.00405
4	0.00522	0.00368	0.00461	0.00464	0.00536	0.00348	0.00336	0.00675	0.02620	0.01261	0.44964	0.22082	0.07911	0.04309	0.03025	0.00145	0.00217	0.00711	0.08714	0.00332
5	0.03636	0.00694	0.00752	0.00617	0.00825	0.00740	0.00497	0.32944	0.08506	0.12987	0.01117	0.01144	0.00815	0.00440	0.00324	0.00103	0.00294	0.00344	0.32711	0.00512
6	0.00517	0.00357	0.00423	0.00430	0.00451	0.00353	0.00266	0.00554	0.00619	0.00832	0.08966	0.12402	0.05950	0.59063	0.07026	0.00313	0.00355	0.00609	0.00257	0.00254
7	0.00517	0.00384	0.00444	0.00431	0.00544	0.00342	0.00325	0.00634	0.00870	0.04790	0.23227	0.06244	0.50479	0.01034	0.07923	0.00163	0.00260	0.00707	0.00349	0.00334
8	0.01030	0.66668	0.09691	0.00700	0.01022	0.09344	0.00701	0.01176	0.00793	0.05179	0.00578	0.00647	0.00493	0.00331	0.00262	0.00085	0.00429	0.00216	0.00175	0.00482

[dist]
# distance from previous block
# <min> <max>
0	2

[block]
# block no. 7 follows, 75 sequences, length 12
# corresponding to MSA columns:
# 345-356
name=unknown_H
#
# <colnr> <probs for GDERKNQSTAVLIFYWHMCP>
#	G	D	E	R	K	N	Q	S	T	A	V	L	I	F	Y	W	H	M	C	P
0	0.04607	0.08793	0.02673	0.00748	0.00970	0.25071	0.00606	0.14221	0.03904	0.18858	0.01093	0.11696	0.02263	0.00520	0.00357	0.00111	0.00423	0.02294	0.00302	0.00490
1	0.00919	0.11256	0.01205	0.04929	0.24991	0.11001	0.02958	0.09307	0.03021	0.01135	0.00768	0.02251	0.00672	0.03043	0.16093	0.00203	0.05233	0.00334	0.00208	0.00474
2	0.00782	0.00803	0.10529	0.05650	0.23706	0.01932	0.02670	0.06085	0.05574	0.03909	0.14751	0.01663	0.11700	0.05906	0.02630	0.00142	0.00380	0.00454	0.00268	0.00467
3	0.00446	0.00354	0.00402	0.00429	0.00514	0.00309	0.00307	0.00536	0.00808	0.01016	0.10392	0.32810	0.48395	0.00992	0.00446	0.00132	0.00194	0.00860	0.00347	0.00309
4	0.65701	0.02300	0.00726	0.04306	0.02380	0.00823	0.05250	0.02303	0.00667	0.01497	0.00597	0.02016	0.00488	0.00480	0.04350	0.00138	0.03377	0.00251	0.01943	0.00406
5	0.00508	0.00367	0.00484	0.00526	0.00582	0.00357	0.00393	0.00616	0.00773	0.01036	0.15844	0.30385	0.08607	0.10210	0.09120	0.00212	0.00324	0.19021	0.00324	0.00311
6	0.01012	0.00703	0.00781	0.00667	0.00851	0.00755	0.00522	0.36170	0.11183	0.06580	0.03033	0.18279	0.01213	0.04978	0.00456	0.00131	0.00313	0.01771	0.10109	0.00493
7	0.00845	0.22541	0.47597	0.00984	0.01420	0.04208	0.10679	0.01202	0.05196	0.01102	0.00673	0.00782	0.00512	0.00345	0.00332	0.00108	0.00506	0.00278	0.00172	0.00517
8	0.00508	0.00360	0.00408	0.00412	0.00444	0.00350	0.00255	0.00539	0.00611	0.00792	0.01736	0.07032	0.19043	0.59088	0.06654	0.00310	0.00351	0.00603	0.00252	0.00252
9	0.00718	0.15675	0.21980	0.00667	0.00929	0.03842	0.00670	0.02205	0.00856	0.02629	0.20391	0.09246	0.10372	0.00618	0.02085	0.00118	0.00355	0.00473	0.00264	0.05905
10	0.00957	0.78784	0.10239	0.00670	0.01007	0.01393	0.00701	0.01106	0.00749	0.00894	0.00525	0.00608	0.00471	0.00318	0.00247	0.00082	0.00408	0.00204	0.00157	0.00478
11	0.01176	0.01419	0.00920	0.00847	0.01015	0.63159	0.00634	0.01358	0.08234	0.01015	0.09153	0.07584	0.00979	0.00486	0.00356	0.00104	0.00547	0.00357	0.00238	0.00422

[dist]
# distance from previous block
# <min> <max>
0	1

[block]
# block no. 8 follows, 75 sequences, length 23
# corresponding to MSA columns:
# 358-380
name=unknown_I
#
# <colnr> <probs for GDERKNQSTAVLIFYWHMCP>
#	G	D	E	R	K	N	Q	S	T	A	V	L	I	F	Y	W	H	M	C	P
0	0.00839	0.40206	0.42595	0.00834	0.01245	0.01113	0.00979	0.01106	0.00758	0.01015	0.00687	0.00783	0.03215	0.00361	0.00325	0.00101	0.02922	0.00256	0.00162	0.00499
1	0.00523	0.00365	0.00469	0.00493	0.00543	0.00352	0.00345	0.00619	0.00792	0.02989	0.24797	0.43885	0.06158	0.09028	0.00603	0.00155	0.03053	0.00813	0.03701	0.00318
2	0.00531	0.00370	0.00470	0.00476	0.00501	0.00390	0.00317	0.00581	0.00569	0.00779	0.01158	0.04823	0.01264	0.53819	0.28896	0.00418	0.00554	0.03597	0.00222	0.00263
3	0.04301	0.01086	0.01078	0.00843	0.01125	0.09049	0.00689	0.73162	0.01626	0.02160	0.00840	0.00852	0.00603	0.00432	0.00359	0.00109	0.00424	0.00318	0.00346	0.00598
4	0.01372	0.01750	0.01041	0.00946	0.01135	0.85618	0.00710	0.01467	0.01041	0.00899	0.00568	0.00662	0.00473	0.00378	0.00331	0.00095	0.00662	0.00237	0.00189	0.00426
5	0.00473	0.00341	0.00441	0.00509	0.00538	0.00326	0.00341	0.00571	0.03523	0.00968	0.06004	0.73657	0.02356	0.07393	0.00566	0.00162	0.00224	0.00967	0.00336	0.00305
6	0.00737	0.01900	0.85189	0.01047	0.01590	0.00853	0.01357	0.01163	0.00775	0.01163	0.00659	0.00775	0.00465	0.00349	0.00349	0.00116	0.00543	0.00271	0.00155	0.00543
7	0.06836	0.00928	0.00994	0.00786	0.01055	0.01021	0.00642	0.60853	0.10406	0.07763	0.01008	0.04317	0.00754	0.00470	0.00363	0.00114	0.00371	0.00362	0.00364	0.00593
8	0.00537	0.00352	0.00432	0.00468	0.00512	0.00331	0.00315	0.00603	0.00703	0.04180	0.03818	0.43839	0.09808	0.23070	0.00807	0.00194	0.00251	0.03322	0.06162	0.00298
9	0.00528	0.00347	0.00455	0.00512	0.00558	0.00322	0.00355	0.00605	0.00740	0.05507	0.04625	0.67340	0.05877	0.04412	0.00514	0.00153	0.00227	0.04879	0.01726	0.00318
10	0.00442	0.00361	0.00391	0.00407	0.00507	0.00310	0.00296	0.00534	0.00822	0.01012	0.08557	0.20922	0.62233	0.00965	0.00441	0.00129	0.00191	0.00824	0.00345	0.00310
11	0.00867	0.00991	0.02167	0.01548	0.01920	0.00929	0.83467	0.01176	0.00867	0.01176	0.00743	0.00991	0.00557	0.00310	0.00433	0.00124	0.00619	0.00433	0.00186	0.00495
12	0.00476	0.00345	0.00445	0.00506	0.00546	0.00326	0.00351	0.00572	0.02162	0.00997	0.09686	0.61477	0.07704	0.06444	0.00552	0.00158	0.00226	0.06380	0.00340	0.00306
13	0.73907	0.08556	0.00710	0.00535	0.00769	0.06626	0.00446	0.02832	0.00687	0.01541	0.00523	0.00606	0.00414	0.00343	0.00238	0.00109	0.00322	0.00204	0.00221	0.00411
14	0.00578	0.00391	0.00494	0.00459	0.00565	0.00353	0.00348	0.00736	0.01006	0.06771	0.65718	0.02780	0.16890	0.00762	0.00429	0.00117	0.00184	0.00664	0.00397	0.00358
15	0.00903	0.00881	0.01435	0.10865	0.73408	0.03815	0.01102	0.01120	0.00833	0.01162	0.00683	0.00908	0.00568	0.00333	0.00363	0.00110	0.00450	0.00324	0.00180	0.00558
16	0.00737	0.01900	0.85189	0.01047	0.01590	0.00853	0.01357	0.01163	0.00775	0.01163	0.00659	0.00775	0.00465	0.00349	0.00349	0.00116	0.00543	0.00271	0.00155	0.00543
17	0.00691	0.00372	0.00430	0.00415	0.00512	0.00354	0.00311	0.00848	0.00857	0.08125	0.22594	0.09786	0.04095	0.00594	0.00336	0.00103	0.00188	0.00505	0.48524	0.00361
18	0.00453	0.00348	0.00414	0.00450	0.00521	0.00310	0.00318	0.00544	0.00804	0.01037	0.14681	0.42033	0.34756	0.01006	0.00450	0.00134	0.00197	0.00884	0.00350	0.00310
19	0.00484	0.00369	0.00443	0.00463	0.00538	0.00340	0.00330	0.00621	0.03983	0.01115	0.25009	0.33764	0.26509	0.03702	0.00490	0.00138	0.00202	0.00822	0.00356	0.00323
20	0.00867	0.00730	0.01014	0.00737	0.01053	0.00620	0.13498	0.07191	0.00867	0.05606	0.02572	0.00876	0.00634	0.00318	0.00332	0.00076	0.02102	0.00280	0.00239	0.60388
21	0.05853	0.30240	0.01310	0.00741	0.01016	0.08791	0.03841	0.23802	0.04290	0.10623	0.00906	0.02919	0.03325	0.00418	0.00320	0.00101	0.00400	0.00312	0.00274	0.00518
22	0.00980	0.06102	0.00971	0.00810	0.03514	0.21302	0.05846	0.14003	0.05390	0.03997	0.03661	0.18404	0.04523	0.01550	0.00396	0.00116	0.00408	0.02682	0.00282	0.05061

[dist]
# distance from previous block
# <min> <max>
0	17

[block]
# block no. 9 follows, 75 sequences, length 10
# corresponding to MSA columns:
# 398-407
name=unknown_J
#
# <colnr> <probs for GDERKNQSTAVLIFYWHMCP>
#	G	D	E	R	K	N	Q	S	T	A	V	L	I	F	Y	W	H	M	C	P
0	0.00922	0.00899	0.01374	0.07045	0.66555	0.05495	0.01041	0.01221	0.09549	0.01203	0.00766	0.00948	0.00627	0.00350	0.00363	0.00111	0.00437	0.00331	0.00201	0.00563
1	0.00528	0.00366	0.00448	0.00475	0.00535	0.00340	0.00335	0.00609	0.00756	0.03796	0.11280	0.29827	0.19032	0.20403	0.00774	0.00188	0.00252	0.09425	0.00325	0.00304
2	0.00709	0.00623	0.03575	0.05275	0.12839	0.02725	0.00571	0.02641	0.13712	0.03325	0.07662	0.11685	0.12497	0.12485	0.03501	0.00171	0.00344	0.03686	0.01560	0.00413
3	0.19095	0.03807	0.02888	0.02837	0.04196	0.03703	0.38555	0.07168	0.02987	0.06705	0.00801	0.04197	0.00631	0.00377	0.00367	0.00118	0.00475	0.00374	0.00233	0.00487
4	0.00589	0.00414	0.00524	0.00505	0.00603	0.00396	0.00381	0.00813	0.07635	0.04931	0.56420	0.13602	0.06525	0.00790	0.00434	0.00123	0.00202	0.04354	0.00390	0.00369
5	0.00516	0.00367	0.00447	0.00471	0.00555	0.00329	0.00345	0.00618	0.00829	0.04733	0.15735	0.34501	0.31847	0.00969	0.00449	0.00135	0.00210	0.06261	0.00356	0.00327
6	0.00974	0.39493	0.29923	0.00870	0.03397	0.13980	0.00903	0.04694	0.00845	0.01041	0.00590	0.00684	0.00479	0.00341	0.00297	0.00096	0.00486	0.00237	0.00171	0.00498
7	0.00831	0.00835	0.01215	0.51509	0.27655	0.09698	0.01020	0.01052	0.00798	0.01015	0.00656	0.00925	0.00516	0.00356	0.00362	0.00115	0.00491	0.00317	0.00172	0.00463
8	0.00647	0.00359	0.00382	0.00378	0.00475	0.00341	0.00283	0.00794	0.00804	0.04478	0.06269	0.07806	0.17753	0.00596	0.00320	0.00100	0.00183	0.00495	0.57194	0.00344
9	0.40587	0.14268	0.00959	0.00676	0.00898	0.19766	0.00560	0.07494	0.00828	0.03761	0.00577	0.00666	0.00464	0.00378	0.00339	0.00107	0.06780	0.00231	0.00220	0.00439

[dist]
# distance from previous block
# <min> <max>
0	1

[block]
# block no. 10 follows, 75 sequences, length 7
# corresponding to MSA columns:
# 409-415
name=unknown_K
#
# <colnr> <probs for GDERKNQSTAVLIFYWHMCP>
#	G	D	E	R	K	N	Q	S	T	A	V	L	I	F	Y	W	H	M	C	P
0	0.00632	0.00423	0.00467	0.00444	0.00564	0.00397	0.00334	0.03948	0.04581	0.04159	0.11836	0.12729	0.27550	0.00710	0.00373	0.00111	0.00205	0.00600	0.25633	0.04305
1	0.00636	0.00460	0.00625	0.04340	0.00744	0.00439	0.03276	0.05490	0.00995	0.05116	0.52055	0.14396	0.05113	0.00732	0.00423	0.00118	0.00232	0.00649	0.00368	0.03794
2	0.00671	0.00450	0.00554	0.03644	0.00692	0.00430	0.00404	0.04713	0.03517	0.09949	0.28799	0.11221	0.25018	0.00851	0.03695	0.00140	0.00256	0.02461	0.02153	0.00382
3	0.09191	0.00861	0.00894	0.00756	0.00994	0.00980	0.00603	0.29007	0.49106	0.01805	0.01201	0.01137	0.00890	0.00465	0.00358	0.00119	0.00328	0.00367	0.00358	0.00579
4	0.00871	0.05096	0.15386	0.00755	0.00998	0.00738	0.05800	0.10097	0.13595	0.09275	0.01219	0.10382	0.04327	0.11556	0.03056	0.00162	0.02684	0.00454	0.00281	0.03266
5	0.02754	0.00507	0.00631	0.08320	0.00833	0.00517	0.00467	0.09178	0.03386	0.07159	0.29510	0.12467	0.17735	0.00732	0.00434	0.00123	0.02271	0.02228	0.00351	0.00396
6	0.00944	0.00856	0.01305	0.11424	0.55038	0.03260	0.00982	0.06517	0.04990	0.04023	0.00757	0.00932	0.00606	0.00349	0.00358	0.00107	0.00424	0.00323	0.00213	0.06591

[dist]
# distance from previous block
# <min> <max>
3	8

[block]
# block no. 11 follows, 75 sequences, length 13
# corresponding to MSA columns:
# 424-436
name=unknown_L
#
# <colnr> <probs for GDERKNQSTAVLIFYWHMCP>
#	G	D	E	R	K	N	Q	S	T	A	V	L	I	F	Y	W	H	M	C	P
0	0.03512	0.12231	0.11485	0.06277	0.47584	0.08293	0.01012	0.01163	0.00829	0.03319	0.00666	0.00834	0.00542	0.00339	0.00339	0.00106	0.00458	0.00293	0.00183	0.00536
1	0.01056	0.44608	0.06983	0.00721	0.00997	0.14899	0.00668	0.07276	0.00873	0.07281	0.00683	0.00785	0.00568	0.00635	0.10371	0.00149	0.00511	0.00254	0.00205	0.00475
2	0.00640	0.00659	0.08970	0.00566	0.00740	0.03146	0.00487	0.05685	0.11662	0.01317	0.30585	0.03953	0.28737	0.00714	0.00411	0.00119	0.00258	0.00603	0.00345	0.00402
3	0.00880	0.10117	0.56359	0.00942	0.01392	0.00945	0.01108	0.11130	0.09183	0.03408	0.00774	0.00841	0.00561	0.00374	0.00343	0.00113	0.00480	0.00288	0.00210	0.00551
4	0.00875	0.01862	0.01557	0.01157	0.01430	0.02568	0.46585	0.10932	0.00975	0.03173	0.11448	0.05381	0.02704	0.00476	0.00458	0.00124	0.04255	0.03313	0.00255	0.00471
5	0.09836	0.63175	0.03072	0.00647	0.00950	0.04944	0.00618	0.07264	0.00821	0.01072	0.00550	0.00626	0.00479	0.00328	0.00252	0.00085	0.00392	0.00211	0.00184	0.04493
6	0.00448	0.00330	0.00421	0.00488	0.00528	0.00302	0.00332	0.00521	0.00737	0.00967	0.05574	0.70927	0.14876	0.01101	0.00462	0.00144	0.00207	0.00988	0.00343	0.00302
7	0.06544	0.03356	0.04719	0.02257	0.09249	0.00737	0.00617	0.17651	0.09686	0.14299	0.17359	0.03992	0.05895	0.00536	0.00375	0.00115	0.00319	0.01450	0.00339	0.00506
8	0.00936	0.00995	0.09643	0.16592	0.43635	0.05157	0.01032	0.11040	0.05085	0.01286	0.00738	0.00915	0.00581	0.00361	0.00362	0.00112	0.00457	0.00322	0.00208	0.00545
9	0.00473	0.00329	0.00410	0.00474	0.00513	0.00306	0.00321	0.00548	0.00720	0.00979	0.02113	0.65338	0.12053	0.04179	0.00495	0.00147	0.00211	0.00924	0.09166	0.00301
10	0.00564	0.00429	0.00500	0.00494	0.00594	0.00418	0.00364	0.03159	0.11133	0.01256	0.28844	0.23720	0.21224	0.00837	0.00425	0.00125	0.00207	0.00729	0.04615	0.00363
11	0.30683	0.14218	0.04999	0.00635	0.01955	0.05141	0.00538	0.06751	0.06123	0.07028	0.07667	0.09479	0.00969	0.00476	0.00312	0.00110	0.00329	0.00362	0.00270	0.01953
12	0.03005	0.28005	0.19589	0.00867	0.04636	0.15288	0.00810	0.07194	0.07697	0.04353	0.01969	0.00805	0.00600	0.00375	0.00329	0.00101	0.02067	0.00269	0.00214	0.01828

[dist]
# distance from previous block
# <min> <max>
7	42

[block]
# block no. 12 follows, 75 sequences, length 21
# corresponding to MSA columns:
# 479-499
name=unknown_M
#
# <colnr> <probs for GDERKNQSTAVLIFYWHMCP>
#	G	D	E	R	K	N	Q	S	T	A	V	L	I	F	Y	W	H	M	C	P
0	0.01027	0.04202	0.01057	0.05059	0.21818	0.03931	0.00723	0.15312	0.07504	0.12700	0.01108	0.08768	0.03709	0.00491	0.00394	0.00113	0.03123	0.01666	0.00288	0.07006
1	0.02561	0.09056	0.10060	0.00770	0.02683	0.03127	0.02358	0.15279	0.08289	0.02380	0.01726	0.01263	0.00817	0.19040	0.08034	0.00209	0.11299	0.00367	0.00240	0.00443
2	0.01020	0.01847	0.00840	0.00705	0.00881	0.02170	0.00557	0.39225	0.01186	0.07172	0.01203	0.19361	0.01143	0.06600	0.08578	0.00183	0.03205	0.03316	0.00328	0.00478
3	0.01030	0.04636	0.08105	0.04505	0.17216	0.11860	0.06225	0.12178	0.08823	0.07101	0.01799	0.01011	0.02423	0.01816	0.00440	0.00116	0.06281	0.00336	0.00247	0.03852
4	0.00695	0.01711	0.00629	0.00603	0.00700	0.08241	0.03071	0.02313	0.03484	0.07922	0.05211	0.50537	0.08432	0.02135	0.00461	0.00137	0.01314	0.00789	0.00328	0.01288
5	0.10457	0.00827	0.00944	0.00766	0.01031	0.00812	0.00609	0.27177	0.01271	0.39946	0.01416	0.05803	0.04343	0.00583	0.00419	0.00140	0.00374	0.00435	0.02014	0.00635
6	0.00516	0.00397	0.00580	0.00679	0.06736	0.00379	0.03476	0.00605	0.00722	0.00969	0.03338	0.62353	0.02127	0.08364	0.00581	0.00164	0.00265	0.07111	0.00314	0.00324
7	0.31852	0.00818	0.00850	0.00682	0.00937	0.00896	0.00562	0.32486	0.02908	0.19869	0.00874	0.00870	0.00613	0.00419	0.00353	0.00114	0.03736	0.00295	0.00330	0.00537
8	0.01243	0.00682	0.00785	0.00634	0.00859	0.00697	0.00513	0.25614	0.08847	0.30156	0.01218	0.01185	0.00854	0.00447	0.00338	0.00106	0.00299	0.00355	0.24624	0.00544
9	0.00879	0.00478	0.00539	0.00485	0.00617	0.00480	0.00369	0.08386	0.06505	0.14546	0.03963	0.08232	0.01149	0.07044	0.00436	0.00121	0.00240	0.00431	0.44683	0.00416
10	0.10105	0.01270	0.01110	0.02024	0.01169	0.40304	0.10035	0.12874	0.03544	0.08268	0.00724	0.00806	0.00553	0.00400	0.00391	0.00109	0.05301	0.00291	0.00243	0.00478
11	0.07893	0.00648	0.00807	0.00639	0.00892	0.00611	0.00521	0.12160	0.01083	0.57440	0.05874	0.04620	0.01036	0.00487	0.00362	0.00114	0.00306	0.00394	0.03541	0.00570
12	0.00449	0.00326	0.00424	0.00498	0.00530	0.00301	0.00336	0.00519	0.00727	0.00962	0.05159	0.76678	0.09503	0.01117	0.00465	0.00146	0.00209	0.01007	0.00343	0.00301
13	0.00459	0.00355	0.00416	0.00450	0.00526	0.00317	0.00324	0.00549	0.00793	0.01007	0.09455	0.34367	0.39576	0.04121	0.00503	0.00144	0.00210	0.05776	0.00342	0.00307
14	0.10113	0.05491	0.03628	0.04211	0.13850	0.18085	0.10689	0.10048	0.00928	0.03924	0.02872	0.05932	0.00714	0.00440	0.00422	0.00115	0.07482	0.00352	0.00228	0.00476
15	0.00525	0.00394	0.00590	0.00590	0.00656	0.00459	0.00459	0.00656	0.00590	0.00853	0.00984	0.01443	0.00918	0.02755	0.85637	0.00590	0.00984	0.00394	0.00197	0.00328
16	0.00468	0.00345	0.00485	0.00551	0.00586	0.00324	0.02661	0.00546	0.00717	0.00954	0.01984	0.79207	0.02357	0.01119	0.00470	0.00150	0.00232	0.06203	0.00336	0.00306
17	0.17369	0.07604	0.09998	0.00995	0.04596	0.25953	0.15826	0.10321	0.00947	0.01281	0.00650	0.01656	0.00515	0.00364	0.00332	0.00107	0.00510	0.00289	0.00211	0.00476
18	0.00448	0.00326	0.00423	0.00497	0.00530	0.00301	0.00335	0.00518	0.00725	0.00957	0.04434	0.76739	0.10176	0.01119	0.00465	0.00146	0.00209	0.01009	0.00343	0.00301
19	0.00590	0.00488	0.03944	0.00591	0.00684	0.00443	0.00462	0.07581	0.04128	0.01121	0.02888	0.50712	0.05129	0.03005	0.00487	0.00149	0.00270	0.15257	0.00333	0.01739
20	0.09226	0.01205	0.03564	0.03213	0.03095	0.31380	0.03826	0.17564	0.16023	0.06093	0.00854	0.00890	0.00643	0.00408	0.00345	0.00109	0.00476	0.00304	0.00273	0.00511

[dist]
# distance from previous block
# <min> <max>
0	8

[block]
# block no. 13 follows, 75 sequences, length 31
# corresponding to MSA columns:
# 508-538
name=unknown_N
#
# <colnr> <probs for GDERKNQSTAVLIFYWHMCP>
#	G	D	E	R	K	N	Q	S	T	A	V	L	I	F	Y	W	H	M	C	P
0	0.53033	0.02012	0.00825	0.02319	0.15950	0.05387	0.00588	0.06523	0.03408	0.02589	0.00622	0.00721	0.00487	0.00351	0.00277	0.00109	0.00345	0.00244	0.00231	0.03978
1	0.04688	0.00965	0.02889	0.04725	0.27924	0.11009	0.04145	0.15402	0.09866	0.09719	0.00922	0.02290	0.01853	0.00411	0.00373	0.00113	0.01549	0.00345	0.00267	0.00546
2	0.00533	0.00377	0.00491	0.00490	0.00523	0.00404	0.00336	0.00583	0.00576	0.00788	0.01228	0.04718	0.06073	0.40913	0.33306	0.05298	0.02378	0.00495	0.00219	0.00270
3	0.00965	0.10455	0.26223	0.01063	0.11085	0.05541	0.04701	0.10780	0.18040	0.03875	0.00862	0.00925	0.00651	0.00395	0.00373	0.00113	0.02851	0.00316	0.00240	0.00547
4	0.00452	0.00342	0.00415	0.00461	0.00520	0.00308	0.00320	0.00535	0.00774	0.01002	0.10685	0.51053	0.27758	0.02980	0.00486	0.00143	0.00204	0.00912	0.00345	0.00305
5	0.08039	0.10110	0.07819	0.00740	0.09050	0.04982	0.00565	0.00891	0.03229	0.01204	0.25233	0.07508	0.11959	0.01911	0.03985	0.00137	0.00335	0.01617	0.00284	0.00404
6	0.00836	0.04059	0.23322	0.02859	0.26800	0.03211	0.20615	0.01150	0.04306	0.01170	0.02663	0.04416	0.00699	0.00379	0.00376	0.00115	0.00489	0.00369	0.00195	0.01970
7	0.00658	0.00589	0.00846	0.00769	0.00803	0.00777	0.00624	0.00765	0.00577	0.00868	0.00744	0.01137	0.00710	0.01746	0.45300	0.00385	0.41801	0.00359	0.00180	0.00363
8	0.01233	0.15600	0.02467	0.00848	0.03423	0.21265	0.00684	0.35893	0.05886	0.03827	0.02159	0.03561	0.00697	0.00431	0.00341	0.00103	0.00448	0.00318	0.00284	0.00532
9	0.00449	0.00323	0.00427	0.00507	0.00532	0.00300	0.00340	0.00517	0.00717	0.00956	0.04669	0.82341	0.04294	0.01133	0.00467	0.00148	0.00211	0.01026	0.00343	0.00300
10	0.03694	0.04169	0.10758	0.00995	0.08347	0.13827	0.03770	0.37832	0.06774	0.03539	0.00837	0.02323	0.00636	0.00415	0.00356	0.00110	0.00453	0.00323	0.00284	0.00557
11	0.00942	0.02989	0.23573	0.01247	0.05768	0.03620	0.35025	0.09470	0.05222	0.05089	0.00786	0.00927	0.00580	0.00361	0.00408	0.00118	0.02771	0.00357	0.00216	0.00530
12	0.00526	0.00372	0.00481	0.00482	0.00515	0.00398	0.00327	0.00586	0.00570	0.00785	0.01179	0.03273	0.03884	0.47015	0.37569	0.00445	0.00616	0.00489	0.00217	0.00271
13	0.00577	0.00415	0.00573	0.00649	0.00733	0.00410	0.00560	0.00739	0.00847	0.01104	0.05446	0.07411	0.05297	0.01006	0.00500	0.00164	0.00321	0.72571	0.00341	0.00336
14	0.00881	0.00845	0.01441	0.13001	0.74270	0.00865	0.01113	0.01103	0.00823	0.01166	0.00686	0.00918	0.00570	0.00332	0.00364	0.00111	0.00443	0.00327	0.00179	0.00560
15	0.00453	0.00327	0.00430	0.00510	0.00541	0.00305	0.00348	0.00523	0.00718	0.00948	0.02126	0.78004	0.07513	0.01131	0.00468	0.00148	0.00217	0.04647	0.00341	0.00301
16	0.00982	0.87313	0.01925	0.00628	0.00943	0.01453	0.00628	0.01100	0.00746	0.00864	0.00511	0.00589	0.00471	0.00314	0.00236	0.00079	0.00393	0.00196	0.00157	0.00471
17	0.01283	0.00761	0.01009	0.00788	0.01043	0.00771	0.08326	0.29950	0.02898	0.32779	0.01148	0.04041	0.00843	0.02530	0.09899	0.00173	0.00445	0.00392	0.00360	0.00559
18	0.01439	0.00960	0.01060	0.00812	0.01105	0.01037	0.00671	0.69654	0.01612	0.16400	0.00978	0.00944	0.00673	0.00443	0.00368	0.00111	0.00389	0.00337	0.00382	0.00625
19	0.01391	0.00691	0.00851	0.00690	0.00948	0.00682	0.00558	0.03819	0.29455	0.54524	0.01451	0.01282	0.00975	0.00469	0.00371	0.00117	0.00307	0.00384	0.00425	0.00610
20	0.00517	0.00394	0.00484	0.00498	0.00589	0.00370	0.00381	0.00694	0.05129	0.01198	0.31584	0.18040	0.23361	0.00898	0.00449	0.00133	0.00217	0.14359	0.00365	0.00339
21	0.00904	0.00884	0.01369	0.14126	0.63174	0.05468	0.01055	0.01171	0.06086	0.01167	0.00729	0.00935	0.00597	0.00347	0.00363	0.00111	0.00447	0.00328	0.00192	0.00548
22	0.01606	0.00692	0.00894	0.00685	0.00971	0.00639	0.00566	0.15387	0.01164	0.71300	0.01355	0.01189	0.00862	0.00452	0.00369	0.00113	0.00328	0.00363	0.00440	0.00625
23	0.00466	0.00336	0.00444	0.00525	0.00554	0.00320	0.00359	0.00559	0.02740	0.00960	0.02007	0.80630	0.02382	0.01128	0.00468	0.00150	0.00221	0.05101	0.00342	0.00307
24	0.01361	0.01707	0.01045	0.00943	0.01132	0.81101	0.00711	0.04089	0.01053	0.00944	0.00576	0.00672	0.00478	0.00386	0.00351	0.00097	0.02487	0.00241	0.00194	0.00432
25	0.00461	0.00348	0.00427	0.00471	0.00535	0.00315	0.00336	0.00553	0.00796	0.01036	0.13924	0.46564	0.26860	0.01024	0.00455	0.00138	0.00206	0.04891	0.00350	0.00310
26	0.00536	0.00362	0.00426	0.00437	0.00448	0.00364	0.00269	0.00558	0.00571	0.00761	0.01254	0.05785	0.01430	0.72760	0.05004	0.00341	0.00374	0.07843	0.00236	0.00240
27	0.00838	0.00691	0.00797	0.00579	0.00899	0.00563	0.00465	0.08726	0.03079	0.02473	0.00708	0.00796	0.00572	0.00296	0.00285	0.00062	0.00285	0.00236	0.00239	0.77411
28	0.05729	0.06464	0.08002	0.00921	0.01222	0.09174	0.18564	0.15000	0.10421	0.09466	0.01734	0.01899	0.02826	0.00405	0.00359	0.00109	0.00440	0.00351	0.00271	0.06643
29	0.22462	0.08917	0.00911	0.00686	0.02105	0.10619	0.03096	0.11151	0.04520	0.06361	0.05987	0.04998	0.00852	0.04019	0.00393	0.00114	0.01712	0.00334	0.00265	0.10497
30	0.07001	0.00949	0.01061	0.08682	0.10129	0.16387	0.07766	0.15067	0.03564	0.02108	0.02320	0.07742	0.00758	0.00435	0.00364	0.00106	0.01663	0.00362	0.00246	0.13288

[dist]
# distance from previous block
# <min> <max>
1	20

[block]
# block no. 14 follows, 75 sequences, length 10
# corresponding to MSA columns:
# 559-568
name=unknown_O
#
# <colnr> <probs for GDERKNQSTAVLIFYWHMCP>
#	G	D	E	R	K	N	Q	S	T	A	V	L	I	F	Y	W	H	M	C	P
0	0.19587	0.00929	0.00968	0.03410	0.08687	0.11399	0.03867	0.19979	0.11650	0.07384	0.02590	0.00924	0.00685	0.00399	0.00332	0.00108	0.00391	0.00308	0.00284	0.06117
1	0.03915	0.00840	0.01216	0.07672	0.45275	0.05486	0.02297	0.05108	0.05617	0.11121	0.04069	0.01145	0.00800	0.00404	0.00368	0.00114	0.00413	0.03349	0.00248	0.00542
2	0.00724	0.00701	0.00603	0.00554	0.00702	0.16501	0.00421	0.02837	0.09116	0.01188	0.20249	0.02336	0.33838	0.00684	0.00393	0.00112	0.00292	0.00562	0.03790	0.04399
3	0.01153	0.00949	0.02807	0.00801	0.01048	0.06217	0.00657	0.37475	0.33067	0.04620	0.01178	0.01272	0.00905	0.00494	0.00376	0.00119	0.00373	0.05558	0.00355	0.00576
4	0.01394	0.01099	0.01096	0.00855	0.01139	0.09377	0.00699	0.75570	0.01660	0.02177	0.00851	0.00860	0.00610	0.00435	0.00364	0.00109	0.00429	0.00321	0.00350	0.00605
