[name]
unknown

[dist]
# distance from previous block
# <min> <max>
6	265

[block]
# block no. 0 follows, 74 sequences, length 50
# corresponding to MSA columns:
# 363-412
name=unknown_A
#
# <colnr> <probs for GDERKNQSTAVLIFYWHMCP>
#	G	D	E	R	K	N	Q	S	T	A	V	L	I	F	Y	W	H	M	C	P
0	0.05641	0.00355	0.00454	0.00542	0.01851	0.00341	0.00360	0.00560	0.00708	0.00993	0.01936	0.80378	0.02307	0.01102	0.00458	0.00148	0.00223	0.00994	0.00335	0.00312
1	0.00919	0.00882	0.01507	0.02278	0.84640	0.00882	0.01139	0.01139	0.00845	0.01213	0.00698	0.00919	0.00588	0.00331	0.00367	0.00110	0.00441	0.00331	0.00184	0.00588
2	0.00923	0.00797	0.00839	0.00755	0.00965	0.00923	0.00588	0.01972	0.83969	0.01553	0.01511	0.01385	0.01133	0.00504	0.00378	0.00126	0.00294	0.00420	0.00378	0.00588
3	0.87874	0.00716	0.00552	0.00491	0.00722	0.00827	0.00405	0.01105	0.00640	0.03277	0.00535	0.00616	0.00412	0.00347	0.00232	0.00115	0.00288	0.00204	0.00234	0.00406
4	0.00470	0.00347	0.00450	0.00499	0.00546	0.00331	0.00347	0.00555	0.00738	0.00983	0.09433	0.53407	0.13627	0.04596	0.11632	0.00211	0.00315	0.00878	0.00327	0.00308
5	0.00671	0.00358	0.00386	0.00377	0.00467	0.00350	0.00283	0.00844	0.00841	0.02681	0.19136	0.01681	0.01500	0.00503	0.00300	0.00093	0.00176	0.00416	0.68585	0.00351
6	0.00531	0.00397	0.00591	0.00591	0.00656	0.00461	0.00457	0.00659	0.00595	0.00858	0.00999	0.01486	0.00940	0.05159	0.83126	0.00590	0.00976	0.00402	0.00200	0.00328
7	0.01000	0.85593	0.01928	0.00641	0.00956	0.03028	0.00637	0.01118	0.00760	0.00874	0.00517	0.00597	0.00476	0.00319	0.00240	0.00080	0.00402	0.00199	0.00159	0.00475
8	0.00522	0.00379	0.00491	0.00463	0.00552	0.00349	0.00348	0.00694	0.01043	0.01469	0.81213	0.02805	0.06746	0.00766	0.00438	0.00117	0.00176	0.00676	0.00406	0.00349
9	0.00729	0.00689	0.01165	0.75111	0.13286	0.00832	0.01045	0.00973	0.00756	0.00983	0.00665	0.00980	0.00507	0.00366	0.00371	0.00122	0.00488	0.00330	0.00167	0.00435
10	0.00598	0.00427	0.00598	0.00684	0.00769	0.00427	0.00598	0.00769	0.00854	0.01111	0.01965	0.04187	0.02136	0.01025	0.00513	0.00171	0.00342	0.82141	0.00342	0.00342
11	0.00701	0.00660	0.01113	0.86063	0.02556	0.00825	0.01031	0.00948	0.00742	0.00948	0.00660	0.00990	0.00495	0.00371	0.00371	0.00124	0.00495	0.00330	0.00165	0.00412
12	0.00530	0.00398	0.00597	0.00597	0.00663	0.00464	0.00464	0.00663	0.00597	0.00862	0.00994	0.01458	0.00928	0.02784	0.85484	0.00597	0.00994	0.00398	0.00199	0.00331
13	0.00812	0.00812	0.01137	0.00975	0.00975	0.01137	0.00812	0.00893	0.00568	0.00893	0.00487	0.00812	0.00487	0.00650	0.01218	0.00162	0.86276	0.00325	0.00162	0.00406
14	0.01610	0.00720	0.00916	0.00702	0.00992	0.00677	0.00580	0.19520	0.01211	0.66977	0.01340	0.01183	0.00856	0.00456	0.00373	0.00114	0.00336	0.00365	0.00440	0.00632
15	0.00893	0.00856	0.01460	0.12230	0.74890	0.00875	0.01126	0.01116	0.00833	0.01181	0.00694	0.00927	0.00577	0.00336	0.00368	0.00112	0.00447	0.00331	0.00182	0.00567
16	0.00444	0.00367	0.00390	0.00403	0.00510	0.00313	0.00295	0.00536	0.00830	0.01011	0.06354	0.17648	0.67676	0.00971	0.00445	0.00129	0.00192	0.00825	0.00347	0.00313
17	0.00582	0.00452	0.00500	0.00493	0.00533	0.05329	0.00330	0.00645	0.00659	0.00877	0.12720	0.04631	0.01533	0.47866	0.20944	0.00359	0.00495	0.00523	0.00246	0.00281
18	0.00947	0.00839	0.01033	0.00867	0.01104	0.00939	0.11405	0.06808	0.68122	0.01553	0.01374	0.01305	0.01028	0.00475	0.00385	0.00125	0.00344	0.00417	0.00352	0.00579
19	0.01367	0.01040	0.01085	0.00847	0.01131	0.04027	0.00694	0.74442	0.06692	0.02222	0.00935	0.02158	0.00683	0.00457	0.00372	0.00112	0.00408	0.00347	0.00365	0.00617
20	0.00671	0.00471	0.00657	0.00612	0.00726	0.00513	0.00482	0.05770	0.00708	0.06060	0.00991	0.01359	0.00881	0.02310	0.68672	0.00497	0.00863	0.00379	0.00227	0.07152
21	0.00635	0.00448	0.00543	0.00514	0.00567	0.00480	0.00352	0.09864	0.00692	0.00945	0.01085	0.01960	0.01140	0.51510	0.27292	0.00404	0.00559	0.00473	0.00233	0.00303
22	0.00818	0.13745	0.68579	0.00987	0.01489	0.00963	0.01230	0.05947	0.00835	0.01201	0.00658	0.00764	0.00480	0.00353	0.00338	0.00112	0.00519	0.00267	0.00169	0.00543
23	0.00530	0.00398	0.00597	0.00597	0.00663	0.00464	0.00464	0.00663	0.00597	0.00862	0.00994	0.01458	0.00928	0.02784	0.85484	0.00597	0.00994	0.00398	0.00199	0.00331
24	0.00488	0.00409	0.00428	0.00424	0.00547	0.00367	0.00317	0.00667	0.07820	0.01088	0.10467	0.08153	0.65715	0.00901	0.00436	0.00126	0.00197	0.00759	0.00353	0.00339
25	0.00992	0.87178	0.01945	0.00635	0.00953	0.01469	0.00635	0.01111	0.00754	0.00873	0.00516	0.00595	0.00476	0.00318	0.00238	0.00079	0.00397	0.00198	0.00159	0.00476
26	0.00770	0.00660	0.00770	0.00550	0.00880	0.00495	0.00440	0.00935	0.00770	0.01210	0.00660	0.00770	0.00550	0.00275	0.00275	0.00055	0.00275	0.00220	0.00220	0.89224
27	0.00812	0.00812	0.01137	0.00975	0.00975	0.01137	0.00812	0.00893	0.00568	0.00893	0.00487	0.00812	0.00487	0.00650	0.01218	0.00162	0.86276	0.00325	0.00162	0.00406
28	0.00770	0.00660	0.00770	0.00550	0.00880	0.00495	0.00440	0.00935	0.00770	0.01210	0.00660	0.00770	0.00550	0.00275	0.00275	0.00055	0.00275	0.00220	0.00220	0.89224
29	0.00744	0.01920	0.85032	0.01058	0.01607	0.00862	0.01371	0.01176	0.00784	0.01176	0.00666	0.00784	0.00470	0.00353	0.00353	0.00118	0.00549	0.00274	0.00157	0.00549
30	0.00992	0.87178	0.01945	0.00635	0.00953	0.01469	0.00635	0.01111	0.00754	0.00873	0.00516	0.00595	0.00476	0.00318	0.00238	0.00079	0.00397	0.00198	0.00159	0.00476
31	0.00770	0.00660	0.00770	0.00550	0.00880	0.00495	0.00440	0.00935	0.00770	0.01210	0.00660	0.00770	0.00550	0.00275	0.00275	0.00055	0.00275	0.00220	0.00220	0.89224
32	0.00701	0.00660	0.01113	0.86063	0.02556	0.00825	0.01031	0.00948	0.00742	0.00948	0.00660	0.00990	0.00495	0.00371	0.00371	0.00124	0.00495	0.00330	0.00165	0.00412
33	0.00701	0.00660	0.01113	0.86063	0.02556	0.00825	0.01031	0.00948	0.00742	0.00948	0.00660	0.00990	0.00495	0.00371	0.00371	0.00124	0.00495	0.00330	0.00165	0.00412
34	0.00470	0.00401	0.00407	0.00401	0.00530	0.00350	0.00302	0.00622	0.05686	0.01051	0.06407	0.03418	0.76855	0.00908	0.00435	0.00125	0.00194	0.00758	0.00349	0.00331
35	0.00647	0.00476	0.00638	0.00604	0.00691	0.00540	0.00463	0.11461	0.00739	0.01035	0.01005	0.01517	0.00947	0.14006	0.62910	0.00501	0.00831	0.00409	0.00225	0.00356
36	0.00764	0.00703	0.01149	0.73299	0.09913	0.00850	0.01021	0.05966	0.00812	0.01057	0.00677	0.00977	0.00512	0.00372	0.00371	0.00122	0.00485	0.00330	0.00179	0.00442
37	0.00451	0.00377	0.00394	0.00389	0.00509	0.00319	0.00292	0.00557	0.00876	0.01074	0.15675	0.03454	0.72530	0.00913	0.00439	0.00124	0.00186	0.00767	0.00354	0.00319
38	0.00530	0.00398	0.00597	0.00597	0.00663	0.00464	0.00464	0.00663	0.00597	0.00862	0.00994	0.01458	0.00928	0.02784	0.85484	0.00597	0.00994	0.00398	0.00199	0.00331
39	0.00980	0.00998	0.01447	0.02106	0.73726	0.11938	0.01084	0.01184	0.00872	0.01173	0.00682	0.00886	0.00574	0.00337	0.00363	0.00108	0.00471	0.00319	0.00185	0.00567
40	0.00759	0.00583	0.00806	0.06287	0.22924	0.00559	0.00605	0.00957	0.05698	0.11248	0.02349	0.02304	0.42124	0.00660	0.00404	0.00120	0.00296	0.00565	0.00307	0.00447
41	0.00450	0.00333	0.00420	0.00490	0.00531	0.00304	0.00333	0.00520	0.00736	0.00958	0.02370	0.71012	0.17947	0.01121	0.00467	0.00146	0.00210	0.01004	0.00345	0.00304
42	0.01357	0.00616	0.00872	0.00832	0.11809	0.00552	0.00584	0.01517	0.01024	0.58191	0.14699	0.01464	0.01292	0.00490	0.00380	0.00114	0.00306	0.00415	0.02914	0.00573
43	0.00760	0.07090	0.79993	0.01032	0.01567	0.00899	0.01327	0.01172	0.00782	0.01157	0.00657	0.00772	0.00471	0.00351	0.00346	0.00115	0.00539	0.00270	0.00157	0.00544
44	0.01486	0.01300	0.00979	0.00838	0.01070	0.49167	0.00650	0.04626	0.02258	0.32616	0.00934	0.00912	0.00659	0.00416	0.00351	0.00104	0.00521	0.00296	0.00302	0.00516
45	0.78014	0.08599	0.00693	0.00520	0.00756	0.04280	0.00436	0.01109	0.00660	0.01563	0.00519	0.00605	0.00412	0.00344	0.00235	0.00111	0.00312	0.00202	0.00222	0.00410
46	0.00451	0.00326	0.00427	0.00508	0.00536	0.00302	0.00341	0.00518	0.00719	0.00951	0.02152	0.81574	0.07526	0.01149	0.00472	0.00149	0.00214	0.01038	0.00345	0.00302
47	0.00463	0.00367	0.00416	0.00425	0.00522	0.00320	0.00311	0.00571	0.00871	0.01113	0.23503	0.19075	0.48854	0.00937	0.00445	0.00128	0.00190	0.00807	0.00361	0.00320
48	0.00942	0.08768	0.10144	0.01889	0.06441	0.21141	0.13636	0.02826	0.10867	0.01148	0.06822	0.05016	0.04718	0.00497	0.01391	0.00119	0.02529	0.00396	0.00238	0.00472
49	0.00974	0.78793	0.01871	0.00740	0.06183	0.01396	0.00665	0.01101	0.00763	0.00903	0.00577	0.00739	0.00540	0.00343	0.00256	0.00084	0.00398	0.03027	0.00167	0.00479

[dist]
# distance from previous block
# <min> <max>
0	53

[block]
# block no. 1 follows, 74 sequences, length 287
# corresponding to MSA columns:
# 466-752
name=unknown_B
#
# <colnr> <probs for GDERKNQSTAVLIFYWHMCP>
#	G	D	E	R	K	N	Q	S	T	A	V	L	I	F	Y	W	H	M	C	P
0	0.00593	0.00426	0.00592	0.00675	0.00761	0.00424	0.00589	0.00762	0.00854	0.01108	0.02018	0.04169	0.04532	0.01023	0.00511	0.00170	0.00337	0.79774	0.00342	0.00341
1	0.00603	0.00585	0.06955	0.00688	0.00826	0.00495	0.09861	0.02797	0.07230	0.01179	0.15249	0.42155	0.04010	0.00841	0.00438	0.00135	0.00291	0.02083	0.03197	0.00383
2	0.00911	0.00905	0.03507	0.02205	0.79845	0.00890	0.01134	0.01132	0.00834	0.01201	0.00690	0.00912	0.00582	0.00342	0.00396	0.00112	0.03310	0.00329	0.00182	0.00581
3	0.00443	0.00373	0.00384	0.00388	0.00506	0.00314	0.00288	0.00538	0.00845	0.01017	0.06634	0.08704	0.76405	0.00947	0.00441	0.00127	0.00189	0.00796	0.00347	0.00314
4	0.00797	0.06322	0.00852	0.00564	0.00890	0.02349	0.00458	0.00958	0.00775	0.01181	0.00649	0.00756	0.00543	0.00280	0.00274	0.00057	0.00291	0.00219	0.00215	0.81569
5	0.00566	0.00406	0.00479	0.00448	0.00564	0.00365	0.00339	0.02805	0.00978	0.05118	0.44843	0.02965	0.35331	0.02584	0.00463	0.00125	0.00196	0.00691	0.00381	0.00353
6	0.00705	0.00664	0.01120	0.84608	0.03982	0.00826	0.01033	0.00952	0.00744	0.00953	0.00660	0.00988	0.00496	0.00370	0.00371	0.00123	0.00494	0.00330	0.00165	0.00415
7	0.00771	0.02683	0.72154	0.00981	0.01486	0.00815	0.01229	0.01155	0.00784	0.03586	0.00700	0.00838	0.00513	0.02650	0.00386	0.00118	0.00512	0.00279	0.00173	0.08190
8	0.01665	0.00632	0.00861	0.00660	0.00948	0.00546	0.00546	0.01809	0.01062	0.84897	0.01464	0.01263	0.00919	0.00459	0.00373	0.00115	0.00316	0.00373	0.00459	0.00632
9	0.00984	0.00875	0.04095	0.01892	0.05619	0.00946	0.00668	0.14523	0.61570	0.01628	0.01334	0.02199	0.01007	0.00485	0.00376	0.00123	0.00331	0.00402	0.00355	0.00588
10	0.01105	0.12961	0.13123	0.03438	0.11995	0.08131	0.00771	0.08106	0.02946	0.20836	0.01882	0.03509	0.03256	0.02659	0.00391	0.00115	0.00412	0.01419	0.00277	0.02666
11	0.00809	0.11134	0.69464	0.01002	0.01502	0.02036	0.02342	0.03763	0.00817	0.01980	0.00678	0.01643	0.00502	0.00361	0.00343	0.00113	0.00525	0.00279	0.00169	0.00539
12	0.00744	0.01920	0.85032	0.01058	0.01607	0.00862	0.01371	0.01176	0.00784	0.01176	0.00666	0.00784	0.00470	0.00353	0.00353	0.00118	0.00549	0.00274	0.00157	0.00549
13	0.00446	0.00374	0.00388	0.00390	0.00507	0.00316	0.00290	0.00544	0.00855	0.01036	0.09718	0.07511	0.74480	0.00937	0.00440	0.00126	0.00188	0.00788	0.00349	0.00316
14	0.00528	0.00383	0.00487	0.00546	0.00591	0.00375	0.00375	0.05717	0.03555	0.01054	0.01956	0.78530	0.02298	0.01096	0.00464	0.00147	0.00230	0.00989	0.00347	0.00332
15	0.00781	0.02451	0.30144	0.01166	0.09762	0.00768	0.22104	0.03007	0.01727	0.03691	0.01029	0.19671	0.00965	0.00524	0.00402	0.00125	0.00469	0.00498	0.00225	0.00490
16	0.00516	0.00379	0.00483	0.00457	0.00549	0.00346	0.00343	0.00682	0.01028	0.01435	0.75551	0.02861	0.12429	0.00779	0.00438	0.00118	0.00177	0.00684	0.00402	0.00346
17	0.00812	0.00812	0.01137	0.00975	0.00975	0.01137	0.00812	0.00893	0.00568	0.00893	0.00487	0.00812	0.00487	0.00650	0.01218	0.00162	0.86276	0.00325	0.00162	0.00406
18	0.01150	0.00950	0.03782	0.00810	0.01075	0.01024	0.00668	0.41223	0.40210	0.01914	0.01170	0.01117	0.00860	0.00467	0.00372	0.00118	0.00357	0.00370	0.00365	0.01997
19	0.00867	0.01263	0.30218	0.06339	0.28826	0.08108	0.02236	0.02668	0.00849	0.02060	0.00825	0.00969	0.04432	0.00372	0.00356	0.00108	0.00475	0.00316	0.00191	0.08523
20	0.00857	0.10091	0.60033	0.01101	0.07755	0.02301	0.04117	0.03909	0.00836	0.04652	0.00696	0.00805	0.00507	0.00354	0.00347	0.00113	0.00516	0.00282	0.00180	0.00547
21	0.00783	0.00776	0.01078	0.00935	0.00946	0.02164	0.02055	0.00866	0.00595	0.00904	0.00656	0.09826	0.00695	0.00695	0.01116	0.00160	0.74768	0.00402	0.00182	0.00397
22	0.00469	0.00330	0.00440	0.00513	0.00538	0.00311	0.00346	0.00533	0.00719	0.00964	0.06932	0.73910	0.02401	0.03883	0.01497	0.03134	0.00232	0.02214	0.00337	0.00298
23	0.00922	0.20293	0.20552	0.06326	0.24833	0.04860	0.04705	0.02448	0.08002	0.02598	0.00731	0.00859	0.00578	0.00356	0.00338	0.00107	0.00462	0.00298	0.00196	0.00534
24	0.00581	0.00421	0.00512	0.00520	0.02527	0.00449	0.00325	0.00674	0.05742	0.00810	0.01130	0.02128	0.01226	0.64033	0.14171	0.00368	0.03380	0.00499	0.00227	0.00278
25	0.00445	0.00363	0.00394	0.00414	0.00513	0.00312	0.00300	0.00535	0.00821	0.01008	0.06480	0.23987	0.61162	0.00988	0.00447	0.00131	0.00194	0.00846	0.00347	0.00312
26	0.00936	0.01312	0.39325	0.01090	0.07330	0.00831	0.11040	0.12080	0.01963	0.09568	0.02918	0.01229	0.00780	0.00439	0.00385	0.00122	0.00479	0.07388	0.00245	0.00543
27	0.05027	0.01052	0.01254	0.09511	0.14573	0.03174	0.03257	0.47892	0.05143	0.03376	0.00979	0.01104	0.00749	0.00501	0.00424	0.00138	0.00468	0.00377	0.00350	0.00649
28	0.00884	0.00754	0.00803	0.00732	0.00925	0.00865	0.00565	0.02909	0.74587	0.01510	0.02660	0.08756	0.01272	0.00563	0.00387	0.00128	0.00287	0.00477	0.00375	0.00560
29	0.02215	0.01434	0.42062	0.00988	0.01402	0.05646	0.09379	0.11998	0.09361	0.05166	0.00818	0.00892	0.00593	0.00377	0.00360	0.00113	0.00488	0.00311	0.00231	0.06166
30	0.01009	0.09572	0.01319	0.02304	0.17081	0.07094	0.11746	0.13342	0.20558	0.02286	0.00932	0.03132	0.00749	0.00468	0.01750	0.00124	0.05372	0.00366	0.00261	0.00537
31	0.00623	0.01595	0.00685	0.00812	0.07993	0.00473	0.00632	0.00792	0.00845	0.01108	0.01841	0.08266	0.01998	0.00964	0.00494	0.00163	0.00344	0.69682	0.00326	0.00363
32	0.01169	0.04396	0.04196	0.00859	0.02195	0.21551	0.00691	0.24632	0.33370	0.01573	0.01029	0.01014	0.00776	0.00443	0.00359	0.00112	0.00433	0.00337	0.00311	0.00556
33	0.00777	0.00722	0.01191	0.54275	0.19164	0.00815	0.03729	0.01031	0.02909	0.02085	0.00700	0.00968	0.00542	0.00361	0.00376	0.00116	0.01612	0.00327	0.00183	0.08118
34	0.00881	0.29621	0.37694	0.01062	0.10092	0.01050	0.07569	0.01163	0.00795	0.03450	0.00649	0.00767	0.00507	0.00337	0.00322	0.00103	0.00479	0.00270	0.00173	0.03017
35	0.00875	0.06356	0.23383	0.07835	0.07037	0.00918	0.40197	0.02246	0.00854	0.04681	0.01625	0.00943	0.00577	0.00342	0.00391	0.00119	0.00550	0.00365	0.00192	0.00516
36	0.00452	0.00323	0.00431	0.00517	0.00538	0.00301	0.00345	0.00517	0.00711	0.00948	0.02046	0.86713	0.02455	0.01163	0.00474	0.00151	0.00215	0.01055	0.00345	0.00301
37	0.00519	0.00428	0.02715	0.00693	0.07843	0.00382	0.00464	0.00625	0.00762	0.01026	0.06658	0.61532	0.04450	0.01027	0.00463	0.00146	0.00253	0.09346	0.00329	0.00340
38	0.00871	0.02794	0.39272	0.02608	0.36981	0.00900	0.01196	0.05663	0.00859	0.02181	0.00694	0.00853	0.00535	0.00357	0.00381	0.00115	0.02690	0.00303	0.00184	0.00564
39	0.00807	0.01566	0.62254	0.02406	0.04023	0.00792	0.03121	0.02257	0.00813	0.07783	0.00866	0.09112	0.00705	0.00442	0.00379	0.00121	0.01457	0.00365	0.00203	0.00529
40	0.03412	0.00795	0.00831	0.00748	0.00958	0.00921	0.00582	0.01948	0.81630	0.01556	0.01483	0.01363	0.01113	0.00499	0.00374	0.00126	0.00294	0.00414	0.00374	0.00582
41	0.00867	0.04650	0.67967	0.01004	0.01490	0.08162	0.01222	0.01257	0.02817	0.06154	0.00721	0.00811	0.00514	0.00364	0.00349	0.00114	0.00534	0.00278	0.00183	0.00542
42	0.06171	0.00879	0.01283	0.04608	0.53363	0.05714	0.02927	0.02285	0.09299	0.05000	0.02971	0.02345	0.00742	0.00384	0.00364	0.00113	0.00420	0.00351	0.00229	0.00552
43	0.77775	0.00751	0.00616	0.00533	0.00771	0.00861	0.00439	0.10181	0.00765	0.03713	0.00581	0.00650	0.00440	0.00358	0.00249	0.00114	0.00301	0.00220	0.00251	0.00433
44	0.00992	0.87178	0.01945	0.00635	0.00953	0.01469	0.00635	0.01111	0.00754	0.00873	0.00516	0.00595	0.00476	0.00318	0.00238	0.00079	0.00397	0.00198	0.00159	0.00476
45	0.01411	0.01040	0.01114	0.00854	0.01151	0.01151	0.00706	0.83402	0.01745	0.02339	0.00891	0.00891	0.00631	0.00446	0.00371	0.00111	0.00408	0.00334	0.00371	0.00631
46	0.00493	0.00378	0.00451	0.00433	0.00535	0.00336	0.00325	0.00638	0.00974	0.01307	0.54261	0.03072	0.33799	0.00827	0.00438	0.00120	0.00180	0.00713	0.00385	0.00336
47	0.00530	0.00398	0.00597	0.00597	0.00663	0.00464	0.00464	0.00663	0.00597	0.00862	0.00994	0.01458	0.00928	0.02784	0.85484	0.00597	0.00994	0.00398	0.00199	0.00331
48	0.00533	0.00364	0.00435	0.00432	0.00455	0.00360	0.00268	0.00580	0.00661	0.00904	0.19443	0.05903	0.01847	0.60762	0.05290	0.00309	0.00342	0.00583	0.00269	0.00260
49	0.01387	0.01769	0.01052	0.00956	0.01148	0.85465	0.00717	0.01482	0.01052	0.00908	0.00574	0.00669	0.00478	0.00383	0.00335	0.00096	0.00669	0.00239	0.00191	0.00430
50	0.01235	0.01490	0.01012	0.00916	0.01073	0.63553	0.00696	0.05138	0.00994	0.00977	0.00705	0.08119	0.00657	0.00486	0.00460	0.00110	0.11421	0.00325	0.00209	0.00425
51	0.00946	0.71060	0.17653	0.00715	0.01076	0.01354	0.00774	0.01124	0.00760	0.00930	0.00544	0.00631	0.00475	0.00324	0.00260	0.00087	0.00426	0.00213	0.00158	0.00490
52	0.01411	0.01040	0.01114	0.00854	0.01151	0.01151	0.00706	0.83402	0.01745	0.02339	0.00891	0.00891	0.00631	0.00446	0.00371	0.00111	0.00408	0.00334	0.00371	0.00631
53	0.00536	0.00377	0.00501	0.00512	0.00548	0.00403	0.00355	0.01696	0.00607	0.00837	0.01223	0.16154	0.01326	0.33328	0.36533	0.03387	0.00600	0.00557	0.00234	0.00286
54	0.00684	0.00502	0.00686	0.00738	0.07925	0.00495	0.03530	0.07114	0.04600	0.05547	0.04742	0.41994	0.05944	0.09860	0.00592	0.00160	0.00291	0.03888	0.00324	0.00385
55	0.07846	0.00920	0.00983	0.00773	0.01040	0.01008	0.00633	0.62717	0.03374	0.07446	0.00976	0.04316	0.00733	0.00468	0.00359	0.00112	0.00371	0.00358	0.04981	0.00586
56	0.04131	0.00638	0.00855	0.00658	0.00943	0.00560	0.00543	0.02622	0.01057	0.81717	0.01432	0.01241	0.00901	0.00456	0.00369	0.00115	0.00316	0.00368	0.00452	0.00625
57	0.00874	0.00834	0.01420	0.14542	0.70345	0.00858	0.01102	0.01095	0.00826	0.01167	0.00728	0.03209	0.00624	0.00359	0.00371	0.00113	0.00443	0.00350	0.00185	0.00555
58	0.00465	0.00332	0.00440	0.00521	0.00546	0.00312	0.00349	0.01586	0.00724	0.00965	0.02031	0.85606	0.02431	0.01154	0.00472	0.00150	0.00218	0.01046	0.00345	0.00306
59	0.01385	0.00976	0.01066	0.00814	0.01113	0.01050	0.00672	0.70166	0.01613	0.09375	0.00923	0.00914	0.00650	0.00434	0.00364	0.00107	0.00390	0.00329	0.00368	0.07290
60	0.00772	0.00371	0.00394	0.00376	0.00480	0.00363	0.00286	0.00942	0.00809	0.08589	0.03214	0.01407	0.01009	0.00443	0.00274	0.00090	0.00185	0.00356	0.79269	0.00371
61	0.89577	0.00718	0.00546	0.00488	0.00718	0.00833	0.00402	0.01091	0.00632	0.01665	0.00517	0.00603	0.00402	0.00345	0.00230	0.00115	0.00287	0.00201	0.00230	0.00402
62	0.89577	0.00718	0.00546	0.00488	0.00718	0.00833	0.00402	0.01091	0.00632	0.01665	0.00517	0.00603	0.00402	0.00345	0.00230	0.00115	0.00287	0.00201	0.00230	0.00402
63	0.01424	0.00650	0.00832	0.00667	0.00921	0.00613	0.00540	0.04830	0.14996	0.60026	0.06887	0.03701	0.01155	0.00505	0.00381	0.00118	0.00304	0.00418	0.00436	0.00597
64	0.00439	0.00376	0.00376	0.00376	0.00501	0.00313	0.00282	0.00533	0.00846	0.01003	0.03760	0.03572	0.84489	0.00940	0.00439	0.00125	0.00188	0.00783	0.00345	0.00313
65	0.00756	0.05897	0.81156	0.01038	0.01576	0.00890	0.01337	0.01173	0.00782	0.01161	0.00659	0.00775	0.00470	0.00351	0.00347	0.00116	0.00541	0.00271	0.00157	0.00545
66	0.01560	0.00629	0.00839	0.00654	0.00927	0.00558	0.00537	0.01759	0.06153	0.75547	0.03727	0.01366	0.03004	0.00482	0.00377	0.00116	0.00308	0.00394	0.00450	0.00614
67	0.00701	0.00355	0.00356	0.00352	0.00441	0.00356	0.00265	0.01903	0.00791	0.01396	0.01207	0.01378	0.00947	0.00433	0.00261	0.00087	0.00176	0.00346	0.87901	0.00350
68	0.00903	0.00866	0.01479	0.08146	0.78891	0.00878	0.01132	0.01126	0.00838	0.01194	0.00696	0.00924	0.00581	0.00334	0.00368	0.00111	0.00445	0.00331	0.00182	0.00576
69	0.01649	0.00659	0.00878	0.00673	0.00961	0.00585	0.00556	0.07190	0.01107	0.79452	0.01427	0.01239	0.00900	0.00459	0.00373	0.00115	0.00322	0.00371	0.00454	0.00632
70	0.00524	0.00379	0.00494	0.00466	0.00554	0.00350	0.00349	0.00698	0.01047	0.01481	0.83179	0.02785	0.04772	0.00762	0.00438	0.00117	0.00175	0.00673	0.00408	0.00350
71	0.00506	0.00379	0.00470	0.00447	0.00543	0.00342	0.00335	0.00664	0.01006	0.01382	0.66839	0.02947	0.21174	0.00798	0.00438	0.00119	0.00178	0.00696	0.00395	0.00342
72	0.00773	0.08382	0.74517	0.03861	0.01581	0.00912	0.01293	0.02496	0.00796	0.01164	0.00658	0.00778	0.00474	0.00352	0.00345	0.00115	0.00533	0.00271	0.00161	0.00540
73	0.77125	0.00805	0.00620	0.05204	0.00855	0.08121	0.00463	0.01117	0.00674	0.01561	0.00530	0.00630	0.00414	0.00349	0.00246	0.00114	0.00331	0.00211	0.00223	0.00405
74	0.00833	0.03686	0.01317	0.41915	0.32142	0.03260	0.04332	0.02071	0.03391	0.01085	0.00697	0.00950	0.00552	0.00362	0.00381	0.00117	0.01907	0.00330	0.00182	0.00490
75	0.00545	0.00387	0.00495	0.00466	0.00557	0.00364	0.00350	0.00741	0.03032	0.01484	0.77272	0.02653	0.03287	0.00732	0.00425	0.00115	0.00178	0.00645	0.05915	0.00356
76	0.00909	0.00842	0.01426	0.02129	0.77396	0.00839	0.01076	0.01120	0.00849	0.03224	0.02537	0.04490	0.00734	0.00377	0.00373	0.00112	0.00423	0.00369	0.00202	0.00572
77	0.01387	0.01769	0.01052	0.00956	0.01148	0.85465	0.00717	0.01482	0.01052	0.00908	0.00574	0.00669	0.00478	0.00383	0.00335	0.00096	0.00669	0.00239	0.00191	0.00430
78	0.03650	0.00793	0.00949	0.00732	0.01018	0.00793	0.00603	0.34700	0.01322	0.48215	0.01220	0.02489	0.00815	0.00463	0.00371	0.00114	0.00351	0.00364	0.00416	0.00621
79	0.00479	0.00347	0.00442	0.00507	0.00547	0.00326	0.00354	0.00553	0.00725	0.00948	0.02146	0.56024	0.12529	0.11270	0.00642	0.00175	0.00245	0.11113	0.00330	0.00299
80	0.01665	0.00632	0.00861	0.00660	0.00948	0.00546	0.00546	0.01809	0.01062	0.84897	0.01464	0.01263	0.00919	0.00459	0.00373	0.00115	0.00316	0.00373	0.00459	0.00632
81	0.00536	0.00388	0.00470	0.00447	0.00553	0.00346	0.00338	0.00684	0.00980	0.04164	0.53671	0.03007	0.30258	0.00813	0.00437	0.00120	0.00187	0.01865	0.00388	0.00347
82	0.00514	0.00379	0.00480	0.00455	0.00547	0.00345	0.00341	0.00678	0.01023	0.01423	0.73605	0.02880	0.14382	0.00783	0.00438	0.00118	0.00177	0.00686	0.00400	0.00345
83	0.00701	0.00660	0.01113	0.86063	0.02556	0.00825	0.01031	0.00948	0.00742	0.00948	0.00660	0.00990	0.00495	0.00371	0.00371	0.00124	0.00495	0.00330	0.00165	0.00412
84	0.00770	0.00660	0.00770	0.00550	0.00880	0.00495	0.00440	0.00935	0.00770	0.01210	0.00660	0.00770	0.00550	0.00275	0.00275	0.00055	0.00275	0.00220	0.00220	0.89224
85	0.00770	0.00660	0.00770	0.00550	0.00880	0.00495	0.00440	0.00935	0.00770	0.01210	0.00660	0.00770	0.00550	0.00275	0.00275	0.00055	0.00275	0.00220	0.00220	0.89224
86	0.89577	0.00718	0.00546	0.00488	0.00718	0.00833	0.00402	0.01091	0.00632	0.01665	0.00517	0.00603	0.00402	0.00345	0.00230	0.00115	0.00287	0.00201	0.00230	0.00402
87	0.00812	0.00812	0.01137	0.00975	0.00975	0.01137	0.00812	0.00893	0.00568	0.00893	0.00487	0.00812	0.00487	0.00650	0.01218	0.00162	0.86276	0.00325	0.00162	0.00406
88	0.00812	0.00812	0.01137	0.00975	0.00975	0.01137	0.00812	0.00893	0.00568	0.00893	0.00487	0.00812	0.00487	0.00650	0.01218	0.00162	0.86276	0.00325	0.00162	0.00406
89	0.01649	0.00658	0.00878	0.00673	0.00961	0.00585	0.00556	0.07167	0.01107	0.79475	0.01427	0.01239	0.00900	0.00459	0.00373	0.00115	0.00322	0.00371	0.00454	0.00632
90	0.00744	0.01920	0.85032	0.01058	0.01607	0.00862	0.01371	0.01176	0.00784	0.01176	0.00666	0.00784	0.00470	0.00353	0.00353	0.00118	0.00549	0.00274	0.00157	0.00549
91	0.00770	0.00660	0.00770	0.00550	0.00880	0.00495	0.00440	0.00935	0.00770	0.01210	0.00660	0.00770	0.00550	0.00275	0.00275	0.00055	0.00275	0.00220	0.00220	0.89224
92	0.06725	0.39253	0.29080	0.00829	0.01201	0.07248	0.04584	0.01157	0.00782	0.02245	0.00610	0.00720	0.00495	0.00420	0.03140	0.00115	0.00488	0.00246	0.00172	0.00490
93	0.01080	0.01843	0.00907	0.02362	0.10942	0.07516	0.00627	0.11518	0.15614	0.19873	0.13852	0.04092	0.03476	0.00544	0.00389	0.00118	0.00345	0.04029	0.00352	0.00523
94	0.01096	0.00659	0.00810	0.00595	0.00910	0.00528	0.00483	0.03177	0.00894	0.30303	0.00945	0.00944	0.00680	0.00343	0.00311	0.00077	0.00292	0.00276	0.00307	0.56370
95	0.71333	0.00735	0.00633	0.00541	0.00783	0.00825	0.00446	0.08277	0.00780	0.11797	0.00664	0.00708	0.00484	0.00367	0.00259	0.00115	0.00301	0.00233	0.00270	0.00450
96	0.89577	0.00718	0.00546	0.00488	0.00718	0.00833	0.00402	0.01091	0.00632	0.01665	0.00517	0.00603	0.00402	0.00345	0.00230	0.00115	0.00287	0.00201	0.00230	0.00402
97	0.00540	0.00360	0.00405	0.00405	0.00405	0.00360	0.00225	0.00540	0.00540	0.00720	0.01170	0.02429	0.01349	0.86955	0.01889	0.00360	0.00360	0.00540	0.00225	0.00225
98	0.00692	0.00346	0.00346	0.00346	0.00432	0.00346	0.00259	0.00865	0.00778	0.01384	0.01211	0.01384	0.00951	0.00432	0.00259	0.00086	0.00173	0.00346	0.89016	0.00346
99	0.00465	0.00332	0.00445	0.00532	0.00559	0.00313	0.00367	0.00539	0.00723	0.00962	0.02039	0.79448	0.02427	0.01151	0.00477	0.00153	0.00226	0.08193	0.00344	0.00305
100	0.00540	0.00360	0.00405	0.00405	0.00405	0.00360	0.00225	0.00540	0.00540	0.00720	0.01170	0.02429	0.01349	0.86955	0.01889	0.00360	0.00360	0.00540	0.00225	0.00225
101	0.01410	0.01064	0.01112	0.00857	0.01151	0.03966	0.00706	0.80667	0.01722	0.02292	0.00881	0.00884	0.00626	0.00443	0.00370	0.00111	0.00417	0.00331	0.00365	0.00625
102	0.01387	0.01769	0.01052	0.00956	0.01148	0.85465	0.00717	0.01482	0.01052	0.00908	0.00574	0.00669	0.00478	0.00383	0.00335	0.00096	0.00669	0.00239	0.00191	0.00430
103	0.00624	0.00401	0.00528	0.00484	0.00588	0.00367	0.00367	0.00796	0.01052	0.08682	0.77287	0.02642	0.03280	0.00733	0.00432	0.00117	0.00187	0.00646	0.00413	0.00375
104	0.03304	0.00639	0.00859	0.00660	0.00946	0.00560	0.00545	0.03033	0.01065	0.82090	0.01438	0.01245	0.00905	0.00457	0.00371	0.00115	0.00317	0.00369	0.00454	0.00627
105	0.00514	0.00379	0.00481	0.00455	0.00548	0.00346	0.00342	0.00679	0.01025	0.01427	0.74163	0.02875	0.13822	0.00782	0.00438	0.00118	0.00177	0.00686	0.00400	0.00346
106	0.01646	0.00636	0.00861	0.00663	0.00948	0.00556	0.00547	0.01813	0.03265	0.82682	0.01466	0.01267	0.00925	0.00461	0.00373	0.00115	0.00315	0.00375	0.00457	0.00631
107	0.01632	0.00656	0.00873	0.00672	0.00958	0.00585	0.00554	0.05632	0.03478	0.78637	0.01439	0.01249	0.00912	0.00460	0.00373	0.00115	0.00320	0.00373	0.00453	0.00630
108	0.00912	0.00861	0.01530	0.13012	0.55558	0.00872	0.14557	0.01164	0.02483	0.04339	0.00747	0.00964	0.00595	0.00341	0.00380	0.00115	0.00471	0.00352	0.00196	0.00552
109	0.01242	0.01449	0.01004	0.00898	0.01075	0.58747	0.00687	0.05868	0.09467	0.02142	0.05845	0.00903	0.00745	0.00445	0.00424	0.00107	0.07966	0.00298	0.00234	0.00453
110	0.00479	0.00388	0.00427	0.00447	0.00561	0.00342	0.00351	0.00598	0.01670	0.01032	0.03277	0.06915	0.62807	0.00956	0.00452	0.00135	0.00221	0.17198	0.01421	0.00322
111	0.00452	0.00323	0.00431	0.00517	0.00538	0.00301	0.00345	0.00517	0.00711	0.00948	0.02046	0.86713	0.02455	0.01163	0.00474	0.00151	0.00215	0.01055	0.00345	0.00301
112	0.00914	0.09203	0.01479	0.13724	0.59791	0.02933	0.02391	0.01137	0.01876	0.02080	0.00692	0.00903	0.00572	0.00340	0.00356	0.00109	0.00449	0.00319	0.00184	0.00548
113	0.01268	0.05926	0.04960	0.04163	0.01994	0.48249	0.01832	0.15759	0.04207	0.04284	0.00751	0.02229	0.00607	0.00417	0.00348	0.00104	0.00555	0.01621	0.00240	0.00485
114	0.00531	0.00396	0.00587	0.00587	0.00650	0.00459	0.00452	0.00657	0.00594	0.00855	0.01003	0.01506	0.00949	0.06959	0.81338	0.00585	0.00963	0.00405	0.00200	0.00326
115	0.00783	0.00668	0.00777	0.00558	0.00885	0.00511	0.00446	0.02380	0.01815	0.01233	0.00674	0.00779	0.00558	0.00281	0.00278	0.00057	0.00277	0.00224	0.00224	0.86590
116	0.00815	0.06953	0.72871	0.01024	0.01528	0.08195	0.01271	0.01198	0.00805	0.01135	0.00649	0.00763	0.00471	0.00353	0.00344	0.00113	0.00550	0.00267	0.00160	0.00534
117	0.01285	0.01000	0.01220	0.03465	0.11743	0.01089	0.05644	0.63711	0.03737	0.02070	0.00869	0.00917	0.00631	0.00423	0.00375	0.00113	0.00425	0.00342	0.00331	0.00611
118	0.00521	0.00379	0.00490	0.00462	0.00552	0.00348	0.00347	0.00692	0.01040	0.01464	0.80366	0.02813	0.07596	0.00768	0.00438	0.00117	0.00176	0.00677	0.00405	0.00348
119	0.00751	0.00711	0.01203	0.66915	0.21315	0.00838	0.01056	0.00992	0.00766	0.01009	0.00669	0.00973	0.00516	0.00362	0.00370	0.00121	0.00483	0.00330	0.00169	0.00452
120	0.00822	0.00784	0.01333	0.39336	0.48334	0.00857	0.01091	0.01055	0.00800	0.01096	0.00681	0.00950	0.00547	0.00349	0.00369	0.00116	0.00465	0.00330	0.00175	0.00510
121	0.00446	0.00376	0.00386	0.00384	0.00506	0.00316	0.00288	0.00547	0.00863	0.01044	0.10617	0.03504	0.77607	0.00925	0.00439	0.00125	0.00187	0.00774	0.00350	0.00316
122	0.00562	0.00385	0.00514	0.00541	0.00619	0.00363	0.00418	0.00701	0.00899	0.04174	0.34253	0.26171	0.05703	0.00936	0.00465	0.00141	0.00235	0.22205	0.00373	0.00343
123	0.00450	0.00376	0.00392	0.00388	0.00508	0.00318	0.00291	0.00555	0.00873	0.01067	0.14440	0.03466	0.73769	0.00916	0.00439	0.00124	0.00186	0.00769	0.00353	0.00318
124	0.00473	0.00343	0.00447	0.00494	0.00541	0.00317	0.00343	0.00572	0.00819	0.01111	0.26499	0.56961	0.07644	0.01030	0.00461	0.00139	0.00202	0.00926	0.00363	0.00317
125	0.00992	0.87178	0.01945	0.00635	0.00953	0.01469	0.00635	0.01111	0.00754	0.00873	0.00516	0.00595	0.00476	0.00318	0.00238	0.00079	0.00397	0.00198	0.00159	0.00476
126	0.00645	0.00322	0.00484	0.00484	0.00484	0.00322	0.00322	0.00484	0.00484	0.00645	0.00645	0.01128	0.00645	0.01289	0.01451	0.89201	0.00322	0.00322	0.00161	0.00161
127	0.00992	0.87178	0.01945	0.00635	0.00953	0.01469	0.00635	0.01111	0.00754	0.00873	0.00516	0.00595	0.00476	0.00318	0.00238	0.00079	0.00397	0.00198	0.00159	0.00476
128	0.00471	0.00377	0.00421	0.00410	0.00521	0.00327	0.00308	0.00596	0.00923	0.01186	0.34203	0.03271	0.53931	0.00872	0.00438	0.00122	0.00183	0.00741	0.00369	0.00327
129	0.00812	0.00812	0.01137	0.00975	0.00975	0.01137	0.00812	0.00893	0.00568	0.00893	0.00487	0.00812	0.00487	0.00650	0.01218	0.00162	0.86276	0.00325	0.00162	0.00406
130	0.00812	0.00812	0.01137	0.00975	0.00975	0.01137	0.00812	0.00893	0.00568	0.00893	0.00487	0.00812	0.00487	0.00650	0.01218	0.00162	0.86276	0.00325	0.00162	0.00406
131	0.89577	0.00718	0.00546	0.00488	0.00718	0.00833	0.00402	0.01091	0.00632	0.01665	0.00517	0.00603	0.00402	0.00345	0.00230	0.00115	0.00287	0.00201	0.00230	0.00402
132	0.01387	0.01769	0.01052	0.00956	0.01148	0.85465	0.00717	0.01482	0.01052	0.00908	0.00574	0.00669	0.00478	0.00383	0.00335	0.00096	0.00669	0.00239	0.00191	0.00430
133	0.89577	0.00718	0.00546	0.00488	0.00718	0.00833	0.00402	0.01091	0.00632	0.01665	0.00517	0.00603	0.00402	0.00345	0.00230	0.00115	0.00287	0.00201	0.00230	0.00402
134	0.00923	0.00797	0.00839	0.00755	0.00965	0.00923	0.00588	0.01972	0.83969	0.01553	0.01511	0.01385	0.01133	0.00504	0.00378	0.00126	0.00294	0.00420	0.00378	0.00588
135	0.00871	0.00985	0.02099	0.01514	0.01857	0.00956	0.76178	0.01163	0.00850	0.01163	0.00728	0.00985	0.00557	0.00342	0.00505	0.00128	0.08013	0.00428	0.00186	0.00492
136	0.00841	0.00796	0.01347	0.16364	0.63438	0.00822	0.01052	0.01053	0.00816	0.01145	0.00808	0.08330	0.00733	0.00409	0.00377	0.00116	0.00431	0.00393	0.00194	0.00533
137	0.01559	0.00669	0.00868	0.00673	0.00948	0.00615	0.00553	0.11335	0.03088	0.68680	0.04380	0.01279	0.00984	0.00469	0.00373	0.00114	0.00318	0.00380	0.02099	0.00615
138	0.00540	0.00360	0.00405	0.00405	0.00405	0.00360	0.00225	0.00540	0.00540	0.00720	0.01170	0.02429	0.01349	0.86955	0.01889	0.00360	0.00360	0.00540	0.00225	0.00225
139	0.00551	0.00519	0.07850	0.00611	0.00711	0.00474	0.00512	0.00681	0.00614	0.00875	0.01062	0.04947	0.02892	0.06857	0.63381	0.05666	0.00833	0.00426	0.00204	0.00333
140	0.04898	0.44102	0.07742	0.00816	0.01933	0.29484	0.03140	0.01239	0.00853	0.00954	0.00555	0.00652	0.00477	0.00347	0.00298	0.00092	0.01552	0.00228	0.00174	0.00464
141	0.01017	0.82029	0.01892	0.00653	0.00964	0.05056	0.00640	0.02557	0.00784	0.00900	0.00525	0.00604	0.00479	0.00323	0.00245	0.00081	0.00409	0.00203	0.00164	0.00477
142	0.00855	0.26242	0.05123	0.00613	0.00945	0.03686	0.00551	0.01017	0.00775	0.01099	0.00615	0.00716	0.00522	0.00295	0.00270	0.00067	0.00337	0.00217	0.00198	0.55859
143	0.00841	0.00886	0.01145	0.65773	0.03269	0.16956	0.03942	0.01061	0.00807	0.00953	0.00647	0.00928	0.00495	0.00371	0.00367	0.00118	0.00532	0.00316	0.00171	0.00421
144	0.00524	0.00379	0.00495	0.00466	0.00554	0.00350	0.00349	0.00698	0.01048	0.01482	0.83423	0.02783	0.04527	0.00761	0.00438	0.00117	0.00175	0.00673	0.00408	0.00350
145	0.00454	0.00325	0.00433	0.00519	0.00542	0.00303	0.00348	0.00520	0.00713	0.00950	0.02045	0.85531	0.02450	0.01161	0.00474	0.00151	0.00217	0.02217	0.00345	0.00302
146	0.00530	0.00398	0.00597	0.00597	0.00663	0.00464	0.00464	0.00663	0.00597	0.00862	0.00994	0.01458	0.00928	0.02784	0.85484	0.00597	0.00994	0.00398	0.00199	0.00331
147	0.00456	0.00377	0.00400	0.00394	0.00512	0.00321	0.00296	0.00566	0.00887	0.01099	0.19788	0.03413	0.68401	0.00904	0.00439	0.00124	0.00185	0.00761	0.00357	0.00321
148	0.01411	0.01040	0.01114	0.00854	0.01151	0.01151	0.00706	0.83402	0.01745	0.02339	0.00891	0.00891	0.00631	0.00446	0.00371	0.00111	0.00408	0.00334	0.00371	0.00631
149	0.00454	0.00329	0.00429	0.00507	0.00538	0.00304	0.00343	0.00523	0.00726	0.00959	0.03004	0.78361	0.08961	0.01140	0.00471	0.00149	0.00214	0.01940	0.00345	0.00303
150	0.00812	0.00812	0.01137	0.00975	0.00975	0.01137	0.00812	0.00893	0.00568	0.00893	0.00487	0.00812	0.00487	0.00650	0.01218	0.00162	0.86276	0.00325	0.00162	0.00406
151	0.00706	0.00669	0.01144	0.83691	0.02539	0.00828	0.03340	0.00955	0.00746	0.00955	0.00662	0.00990	0.00497	0.00369	0.00373	0.00124	0.00498	0.00333	0.00166	0.00415
152	0.00551	0.00413	0.00580	0.00565	0.00610	0.00469	0.01362	0.00641	0.00580	0.00821	0.01023	0.01734	0.01038	0.29786	0.53361	0.00493	0.05025	0.00440	0.00205	0.00303
153	0.00776	0.04715	0.75918	0.01076	0.02636	0.03058	0.04419	0.01181	0.00794	0.01160	0.00662	0.00784	0.00476	0.00350	0.00352	0.00116	0.00548	0.00278	0.00159	0.00542
154	0.05513	0.02964	0.00940	0.00811	0.00968	0.24381	0.12216	0.02535	0.00863	0.03787	0.01275	0.34008	0.02115	0.00703	0.00414	0.00126	0.01387	0.03475	0.00270	0.01251
155	0.81971	0.00794	0.00590	0.00526	0.00755	0.06405	0.00429	0.02803	0.00682	0.01629	0.00528	0.00613	0.00412	0.00349	0.00240	0.00114	0.00315	0.00206	0.00230	0.00409
156	0.00890	0.00853	0.01455	0.13332	0.73810	0.00874	0.01125	0.01114	0.00832	0.01178	0.00693	0.00928	0.00576	0.00336	0.00368	0.00112	0.00448	0.00331	0.00181	0.00565
157	0.00535	0.00380	0.00509	0.00509	0.00545	0.00416	0.00354	0.00606	0.00571	0.00797	0.01075	0.01903	0.01121	0.41351	0.47181	0.00488	0.00704	0.00463	0.00211	0.00283
158	0.00530	0.00398	0.00597	0.00597	0.00663	0.00464	0.00464	0.00663	0.00597	0.00862	0.00994	0.01458	0.00928	0.02784	0.85484	0.00597	0.00994	0.00398	0.00199	0.00331
159	0.00770	0.00660	0.00770	0.00550	0.00880	0.00495	0.00440	0.00935	0.00770	0.01210	0.00660	0.00770	0.00550	0.00275	0.00275	0.00055	0.00275	0.00220	0.00220	0.89224
160	0.87470	0.00716	0.00553	0.00492	0.00723	0.00826	0.00405	0.01108	0.00642	0.03661	0.00540	0.00619	0.00414	0.00347	0.00233	0.00115	0.00288	0.00205	0.00235	0.00407
161	0.06366	0.00786	0.00815	0.00734	0.00942	0.00909	0.00571	0.01896	0.77582	0.01547	0.01444	0.01353	0.01091	0.01805	0.00392	0.00129	0.00294	0.00408	0.00366	0.00571
162	0.00809	0.03029	0.01956	0.01319	0.37850	0.02741	0.00753	0.02824	0.10432	0.03359	0.03605	0.04571	0.21944	0.00555	0.00388	0.00116	0.00345	0.01295	0.00270	0.01840
163	0.00877	0.00642	0.02121	0.00737	0.00861	0.04779	0.06003	0.00997	0.00740	0.18260	0.01113	0.08709	0.02418	0.10019	0.23987	0.00283	0.16327	0.00450	0.00262	0.00413
164	0.87241	0.00716	0.00554	0.00493	0.00724	0.00825	0.00406	0.01110	0.00643	0.03877	0.00542	0.00621	0.00416	0.00348	0.00234	0.00115	0.00288	0.00206	0.00236	0.00408
165	0.25854	0.13451	0.01154	0.03020	0.01099	0.23625	0.10087	0.05726	0.00885	0.07444	0.00661	0.00755	0.00514	0.00372	0.00333	0.00107	0.02882	0.00267	0.01304	0.00461
166	0.00920	0.00569	0.00752	0.00653	0.00804	0.00605	0.00523	0.09110	0.00853	0.21192	0.01305	0.04713	0.08097	0.01424	0.32924	0.00303	0.09681	0.00428	0.00294	0.04851
167	0.01000	0.67351	0.05537	0.00717	0.02354	0.06080	0.00680	0.02425	0.07979	0.00975	0.00620	0.00689	0.00537	0.00345	0.00277	0.00088	0.01444	0.00229	0.00183	0.00490
168	0.00873	0.00932	0.01812	0.07562	0.11932	0.03169	0.54043	0.03440	0.00883	0.01186	0.00832	0.01240	0.00690	0.00392	0.00444	0.00127	0.02526	0.07223	0.00203	0.00491
169	0.00690	0.00492	0.00566	0.00519	0.00645	0.00504	0.00397	0.05097	0.17475	0.02522	0.43501	0.02158	0.05951	0.00635	0.00388	0.00113	0.00212	0.00544	0.17179	0.00412
170	0.89577	0.00718	0.00546	0.00488	0.00718	0.00833	0.00402	0.01091	0.00632	0.01665	0.00517	0.00603	0.00402	0.00345	0.00230	0.00115	0.00287	0.00201	0.00230	0.00402
171	0.01867	0.10484	0.59156	0.01105	0.09987	0.00936	0.01190	0.05424	0.03171	0.01222	0.00726	0.00834	0.01566	0.00363	0.00344	0.00113	0.00500	0.00285	0.00180	0.00546
172	0.70966	0.05324	0.03011	0.00599	0.02758	0.08003	0.00490	0.02129	0.00701	0.02509	0.00545	0.00632	0.00427	0.00349	0.00249	0.00111	0.00338	0.00213	0.00224	0.00422
173	0.01004	0.02662	0.16823	0.01458	0.39214	0.00771	0.00956	0.02247	0.00872	0.16901	0.00870	0.03423	0.00676	0.00378	0.00356	0.00107	0.00412	0.00335	0.00241	0.10296
174	0.88545	0.00717	0.00549	0.00490	0.00721	0.00829	0.00404	0.01100	0.00637	0.02643	0.00528	0.00611	0.00408	0.00346	0.00231	0.00115	0.00287	0.00203	0.00232	0.00405
175	0.00774	0.01739	0.72948	0.03349	0.05902	0.00834	0.01290	0.01169	0.00796	0.03932	0.01568	0.02735	0.00566	0.00378	0.00358	0.00118	0.00523	0.00303	0.00175	0.00542
176	0.89577	0.00718	0.00546	0.00488	0.00718	0.00833	0.00402	0.01091	0.00632	0.01665	0.00517	0.00603	0.00402	0.00345	0.00230	0.00115	0.00287	0.00201	0.00230	0.00402
177	0.00583	0.00415	0.00508	0.03355	0.02413	0.00436	0.00327	0.02382	0.03438	0.00822	0.01134	0.03021	0.01237	0.65347	0.12763	0.00362	0.00447	0.00506	0.00228	0.00275
178	0.01357	0.01559	0.01039	0.00914	0.01124	0.64096	0.00699	0.17171	0.04291	0.01218	0.00685	0.00756	0.00543	0.00400	0.00342	0.00100	0.00593	0.00267	0.02373	0.00473
179	0.00583	0.00358	0.00409	0.00412	0.00495	0.00340	0.00305	0.00735	0.00862	0.01316	0.26804	0.12184	0.11368	0.00685	0.00363	0.00109	0.00183	0.01904	0.40248	0.00338
180	0.01387	0.01769	0.01052	0.00956	0.01148	0.85465	0.00717	0.01482	0.01052	0.00908	0.00574	0.00669	0.00478	0.00383	0.00335	0.00096	0.00669	0.00239	0.00191	0.00430
181	0.00443	0.00376	0.00382	0.00381	0.00504	0.00315	0.00286	0.00542	0.00857	0.01028	0.08002	0.03530	0.80231	0.00931	0.00439	0.00125	0.00187	0.00777	0.00348	0.00315
182	0.00812	0.00698	0.00789	0.00607	0.00903	0.00614	0.00481	0.01223	0.23864	0.01305	0.00896	0.00940	0.00712	0.00338	0.00303	0.00075	0.00280	0.00275	0.00264	0.64621
183	0.00645	0.00322	0.00484	0.00484	0.00484	0.00322	0.00322	0.00484	0.00484	0.00645	0.00645	0.01128	0.00645	0.01289	0.01451	0.89201	0.00322	0.00322	0.00161	0.00161
184	0.00876	0.00742	0.00921	0.14348	0.01220	0.01930	0.02848	0.13304	0.02913	0.02301	0.00746	0.02249	0.00601	0.00345	0.00328	0.00082	0.01341	0.00282	0.00240	0.52382
185	0.01773	0.02001	0.00676	0.00602	0.02724	0.03390	0.00456	0.14834	0.07026	0.05222	0.31211	0.01930	0.07440	0.00613	0.00401	0.01906	0.00263	0.01909	0.15191	0.00431
186	0.46641	0.00750	0.00739	0.00649	0.03795	0.00809	0.00505	0.12799	0.04548	0.07275	0.01763	0.00840	0.00595	0.00410	0.01228	0.00113	0.02182	0.01222	0.00271	0.12867
187	0.86274	0.00729	0.00560	0.00498	0.00729	0.01917	0.00410	0.01114	0.00648	0.03706	0.00541	0.00620	0.00416	0.00348	0.00235	0.00115	0.00293	0.00206	0.00235	0.00408
188	0.00587	0.00421	0.00558	0.00593	0.02859	0.00400	0.00459	0.00760	0.02277	0.03603	0.35635	0.06584	0.12051	0.01863	0.00478	0.00141	0.00253	0.29752	0.00368	0.00358
189	0.64061	0.02706	0.00707	0.01679	0.02378	0.10037	0.00498	0.01120	0.01695	0.01471	0.00555	0.00669	0.00447	0.00380	0.00336	0.00116	0.08008	0.00227	0.02498	0.00411
190	0.00992	0.87178	0.01945	0.00635	0.00953	0.01469	0.00635	0.01111	0.00754	0.00873	0.00516	0.00595	0.00476	0.00318	0.00238	0.00079	0.00397	0.00198	0.00159	0.00476
