[name]
unknown

[dist]
# distance from previous block
# <min> <max>
0	313

[block]
# block no. 0 follows, 75 sequences, length 115
# corresponding to MSA columns:
# 313-427
name=unknown_A
#
# <colnr> <probs for GDERKNQSTAVLIFYWHMCP>
#	G	D	E	R	K	N	Q	S	T	A	V	L	I	F	Y	W	H	M	C	P
0	0.00620	0.00521	0.00574	0.00610	0.00692	0.08938	0.00483	0.00761	0.00889	0.01148	0.24551	0.20815	0.02387	0.00907	0.00461	0.00143	0.00299	0.34518	0.00342	0.00341
1	0.00624	0.00443	0.00539	0.00545	0.03270	0.00463	0.00347	0.08917	0.00687	0.00930	0.01160	0.09198	0.01266	0.55003	0.14747	0.00343	0.00450	0.00528	0.00242	0.00298
2	0.06833	0.03352	0.01041	0.00828	0.01080	0.24175	0.00664	0.48432	0.02342	0.03673	0.00821	0.03606	0.00636	0.00438	0.00349	0.00107	0.00457	0.00318	0.00306	0.00541
3	0.01230	0.01187	0.01031	0.00874	0.01094	0.37131	0.06499	0.07148	0.16207	0.14171	0.00955	0.03730	0.00741	0.00441	0.00383	0.00109	0.03041	0.00338	0.00281	0.03409
4	0.01331	0.00789	0.01013	0.00792	0.01065	0.00803	0.07219	0.24364	0.16740	0.36058	0.01219	0.01150	0.00838	0.00520	0.03146	0.00130	0.00380	0.00371	0.00383	0.01689
5	0.00816	0.01670	0.01103	0.66831	0.05389	0.10555	0.00955	0.01035	0.00782	0.03682	0.00667	0.00939	0.00506	0.00371	0.00370	0.00117	0.01551	0.00314	0.00177	0.02169
6	0.01357	0.01102	0.01066	0.00841	0.01111	0.12819	0.00681	0.68420	0.01580	0.02052	0.00844	0.00899	0.00626	0.03247	0.00410	0.00115	0.00437	0.00323	0.00336	0.01734
7	0.00999	0.66369	0.10214	0.00724	0.01061	0.01341	0.03403	0.10237	0.00862	0.01065	0.00574	0.00653	0.00490	0.00332	0.00268	0.00087	0.00416	0.00226	0.00181	0.00496
8	0.00940	0.00789	0.00875	0.00770	0.00986	0.00900	0.03275	0.01920	0.78260	0.04712	0.01469	0.01353	0.01095	0.00490	0.00375	0.00124	0.00302	0.00414	0.00371	0.00580
9	0.00450	0.00321	0.00428	0.00510	0.00533	0.00300	0.00341	0.00517	0.00714	0.00955	0.04709	0.84118	0.02463	0.01138	0.00468	0.00148	0.00212	0.01032	0.00343	0.00300
10	0.00533	0.00358	0.00411	0.00410	0.00415	0.00360	0.00236	0.00544	0.00553	0.00742	0.03864	0.02378	0.01389	0.81067	0.05019	0.00357	0.00374	0.00533	0.00227	0.00231
11	0.00447	0.00320	0.00426	0.00511	0.00533	0.00298	0.00341	0.00511	0.00703	0.00938	0.02024	0.86853	0.02429	0.01151	0.00469	0.00149	0.00213	0.01044	0.00341	0.00298
12	0.68434	0.01751	0.01621	0.00577	0.00816	0.06923	0.00477	0.13285	0.00820	0.01679	0.00572	0.00645	0.00438	0.00358	0.00257	0.00111	0.00333	0.00222	0.00244	0.00436
13	0.79107	0.00700	0.00577	0.00503	0.00738	0.00790	0.00415	0.01165	0.00676	0.11671	0.00624	0.00675	0.00459	0.00355	0.00244	0.00114	0.00288	0.00219	0.00255	0.00425
14	0.00784	0.05962	0.61811	0.01060	0.01536	0.00899	0.11841	0.01241	0.09164	0.01187	0.00746	0.00854	0.00543	0.00357	0.00357	0.00116	0.00520	0.00303	0.00181	0.00537
15	0.00896	0.00849	0.01448	0.03182	0.80609	0.00851	0.01095	0.01100	0.00821	0.01175	0.00688	0.00918	0.00583	0.00364	0.00405	0.03513	0.00432	0.00327	0.00181	0.00564
16	0.00496	0.00398	0.00482	0.00472	0.00558	0.00384	0.00354	0.00615	0.00867	0.01149	0.32725	0.13985	0.35706	0.00928	0.03025	0.00141	0.06313	0.00727	0.00347	0.00329
17	0.10258	0.00991	0.01039	0.00806	0.01091	0.01102	0.00665	0.73277	0.03644	0.02229	0.00860	0.00865	0.00614	0.00432	0.00353	0.00111	0.00389	0.00320	0.00353	0.00601
18	0.80749	0.00705	0.00562	0.00489	0.00726	0.00790	0.00402	0.01064	0.00639	0.01603	0.00526	0.00613	0.00412	0.00334	0.00232	0.00108	0.00283	0.00201	0.00226	0.09337
19	0.00957	0.56989	0.09750	0.00832	0.08335	0.04201	0.00734	0.01204	0.09152	0.02075	0.00683	0.02417	0.00590	0.00358	0.00281	0.00092	0.00406	0.00257	0.00189	0.00496
20	0.00943	0.73794	0.15104	0.00695	0.01045	0.01358	0.00744	0.01110	0.00751	0.00911	0.00534	0.00619	0.00470	0.00320	0.00254	0.00085	0.00417	0.00208	0.00157	0.00483
21	0.00505	0.00415	0.00450	0.00434	0.00556	0.00381	0.00328	0.00715	0.09264	0.01177	0.25362	0.03103	0.54311	0.00838	0.00428	0.00122	0.00193	0.00709	0.00361	0.00347
22	0.02436	0.00647	0.01075	0.82581	0.02446	0.00806	0.00990	0.00932	0.00728	0.00947	0.00661	0.01004	0.00507	0.02334	0.00399	0.00128	0.00483	0.00329	0.00166	0.00404
23	0.01289	0.05470	0.01154	0.00961	0.01170	0.67060	0.06773	0.03055	0.04838	0.02184	0.00638	0.00731	0.00518	0.00384	0.00356	0.00099	0.02409	0.00263	0.00203	0.00446
24	0.00920	0.00995	0.02060	0.01477	0.01841	0.00950	0.75149	0.09458	0.00953	0.01291	0.00757	0.00980	0.00564	0.00323	0.00427	0.00122	0.00598	0.00423	0.00204	0.00508
25	0.01328	0.01659	0.01021	0.00927	0.01118	0.77580	0.00697	0.01513	0.08926	0.00959	0.00656	0.00730	0.00535	0.00390	0.00335	0.00097	0.00627	0.00254	0.00207	0.00441
26	0.00520	0.00375	0.00491	0.00462	0.00549	0.00347	0.00347	0.00693	0.01040	0.01473	0.84608	0.02743	0.03465	0.00751	0.00433	0.00116	0.00173	0.00664	0.00404	0.00347
27	0.00459	0.00328	0.00439	0.00525	0.00551	0.00308	0.00361	0.00531	0.00715	0.00950	0.02018	0.80237	0.02404	0.01140	0.00472	0.00151	0.00223	0.07546	0.00341	0.00302
28	0.01644	0.00631	0.00856	0.00656	0.00940	0.00548	0.00542	0.02933	0.01061	0.83899	0.01441	0.01245	0.00905	0.00454	0.00369	0.00114	0.00314	0.00369	0.00453	0.00625
29	0.01369	0.00650	0.00808	0.00654	0.00901	0.00629	0.00529	0.04260	0.21073	0.54349	0.02463	0.01296	0.00986	0.00466	0.00362	0.00114	0.00297	0.00381	0.07828	0.00587
30	0.00744	0.00725	0.01410	0.01097	0.01327	0.00690	0.44898	0.04975	0.00856	0.02178	0.01269	0.29302	0.01296	0.00647	0.00447	0.00135	0.00451	0.06867	0.00260	0.00427
31	0.01508	0.00763	0.00927	0.00720	0.01001	0.00755	0.00592	0.26853	0.08315	0.52620	0.01279	0.01147	0.00840	0.00454	0.00369	0.00114	0.00339	0.00361	0.00421	0.00621
32	0.00515	0.00376	0.00472	0.00450	0.00543	0.00341	0.00337	0.00670	0.00992	0.02330	0.66371	0.06074	0.17578	0.00794	0.00434	0.00118	0.00179	0.00695	0.00391	0.00342
33	0.01600	0.00702	0.00900	0.00690	0.00976	0.00654	0.00570	0.17388	0.01180	0.69276	0.01341	0.01180	0.00855	0.00452	0.00369	0.00113	0.00330	0.00362	0.00438	0.00625
34	0.01372	0.01750	0.01041	0.00946	0.01135	0.85618	0.00710	0.01467	0.01041	0.00899	0.00568	0.00662	0.00473	0.00378	0.00331	0.00095	0.00662	0.00237	0.00189	0.00426
35	0.00504	0.00375	0.00469	0.00445	0.00539	0.00340	0.00334	0.00662	0.01002	0.01382	0.69407	0.02892	0.18722	0.00785	0.00433	0.00117	0.00176	0.00685	0.00392	0.00340
36	0.00504	0.00370	0.00473	0.00458	0.00542	0.00338	0.00339	0.00658	0.00986	0.01371	0.68260	0.11193	0.11522	0.00809	0.00437	0.00120	0.00179	0.00713	0.00392	0.00338
37	0.00901	0.00864	0.01476	0.05458	0.81662	0.00870	0.01123	0.01120	0.00832	0.01190	0.00689	0.00912	0.00578	0.00329	0.00364	0.00110	0.00438	0.00327	0.00181	0.00575
38	0.01356	0.01009	0.01080	0.00837	0.01124	0.01120	0.00688	0.76800	0.08569	0.02250	0.00933	0.00922	0.00666	0.00446	0.00368	0.00111	0.00395	0.00338	0.00368	0.00621
39	0.01396	0.01029	0.01102	0.00845	0.01139	0.01139	0.00698	0.83577	0.01727	0.02315	0.00882	0.00882	0.00625	0.00441	0.00367	0.00110	0.00404	0.00331	0.00367	0.00625
40	0.00447	0.00320	0.00426	0.00511	0.00533	0.00298	0.00341	0.00511	0.00703	0.00938	0.02024	0.86853	0.02429	0.01151	0.00469	0.00149	0.00213	0.01044	0.00341	0.00298
41	0.89687	0.00710	0.00540	0.00483	0.00710	0.00824	0.00398	0.01080	0.00625	0.01648	0.00511	0.00597	0.00398	0.00341	0.00227	0.00114	0.00284	0.00199	0.00227	0.00398
42	0.00762	0.00653	0.00762	0.00544	0.00870	0.00490	0.00435	0.00925	0.00762	0.01197	0.00653	0.00762	0.00544	0.00272	0.00272	0.00054	0.00272	0.00218	0.00218	0.89338
43	0.00512	0.00375	0.00481	0.00454	0.00544	0.00343	0.00341	0.00679	0.01022	0.01431	0.77537	0.02813	0.10562	0.00767	0.00433	0.00116	0.00174	0.00674	0.00399	0.00343
44	0.89687	0.00710	0.00540	0.00483	0.00710	0.00824	0.00398	0.01080	0.00625	0.01648	0.00511	0.00597	0.00398	0.00341	0.00227	0.00114	0.00284	0.00199	0.00227	0.00398
45	0.00447	0.00320	0.00426	0.00511	0.00533	0.00298	0.00341	0.00511	0.00703	0.00938	0.02024	0.86853	0.02429	0.01151	0.00469	0.00149	0.00213	0.01044	0.00341	0.00298
46	0.00982	0.87313	0.01925	0.00628	0.00943	0.01453	0.00628	0.01100	0.00746	0.00864	0.00511	0.00589	0.00471	0.00314	0.00236	0.00079	0.00393	0.00196	0.00157	0.00471
47	0.00909	0.00873	0.01491	0.02254	0.84801	0.00873	0.01127	0.01127	0.00836	0.01200	0.00691	0.00909	0.00582	0.00327	0.00364	0.00109	0.00436	0.00327	0.00182	0.00582
48	0.00577	0.00411	0.00570	0.00651	0.00727	0.00409	0.00556	0.00730	0.00821	0.01070	0.01922	0.11306	0.02112	0.04311	0.00556	0.00174	0.00328	0.72103	0.00334	0.00330
49	0.00447	0.00320	0.00426	0.00511	0.00533	0.00298	0.00341	0.00511	0.00703	0.00938	0.02024	0.86853	0.02429	0.01151	0.00469	0.00149	0.00213	0.01044	0.00341	0.00298
50	0.00520	0.00375	0.00491	0.00462	0.00549	0.00347	0.00347	0.00693	0.01040	0.01473	0.84608	0.02743	0.03465	0.00751	0.00433	0.00116	0.00173	0.00664	0.00404	0.00347
51	0.00982	0.87313	0.01925	0.00628	0.00943	0.01453	0.00628	0.01100	0.00746	0.00864	0.00511	0.00589	0.00471	0.00314	0.00236	0.00079	0.00393	0.00196	0.00157	0.00471
52	0.00985	0.78660	0.01915	0.00703	0.01018	0.03917	0.06495	0.01116	0.00764	0.00887	0.00529	0.00620	0.00477	0.00316	0.00253	0.00082	0.00417	0.00214	0.00160	0.00472
53	0.00451	0.00373	0.00399	0.00415	0.00526	0.00320	0.00316	0.00549	0.00826	0.00998	0.03394	0.10879	0.69169	0.00958	0.00444	0.00131	0.00204	0.08995	0.00341	0.00312
54	0.81967	0.00801	0.00584	0.00523	0.00747	0.08236	0.00425	0.01113	0.00661	0.01582	0.00516	0.00602	0.00404	0.00344	0.00236	0.00112	0.00317	0.00202	0.00224	0.00400
55	0.00960	0.79847	0.09203	0.00665	0.00999	0.01401	0.00692	0.01105	0.00749	0.00890	0.00524	0.00605	0.00471	0.00317	0.00246	0.00082	0.00406	0.00203	0.00157	0.00478
56	0.00518	0.00367	0.00444	0.00430	0.00485	0.00347	0.00291	0.00615	0.00819	0.01125	0.44024	0.02676	0.09707	0.35440	0.01010	0.00213	0.00248	0.00622	0.00326	0.00294
57	0.00875	0.00748	0.00797	0.00719	0.00915	0.00858	0.00558	0.01828	0.75964	0.01530	0.09670	0.01505	0.01352	0.00523	0.00380	0.00124	0.00279	0.00440	0.00377	0.00558
58	0.00520	0.00380	0.00491	0.00476	0.00565	0.00351	0.00365	0.00685	0.01002	0.01393	0.69229	0.02953	0.10426	0.00793	0.00441	0.00122	0.00191	0.08882	0.00392	0.00343
59	0.00914	0.00789	0.00830	0.00747	0.00955	0.00914	0.00581	0.01952	0.84138	0.01536	0.01495	0.01370	0.01121	0.00498	0.00374	0.00125	0.00291	0.00415	0.00374	0.00581
60	0.01372	0.01750	0.01041	0.00946	0.01135	0.85618	0.00710	0.01467	0.01041	0.00899	0.00568	0.00662	0.00473	0.00378	0.00331	0.00095	0.00662	0.00237	0.00189	0.00426
61	0.00982	0.87313	0.01925	0.00628	0.00943	0.01453	0.00628	0.01100	0.00746	0.00864	0.00511	0.00589	0.00471	0.00314	0.00236	0.00079	0.00393	0.00196	0.00157	0.00471
62	0.89687	0.00710	0.00540	0.00483	0.00710	0.00824	0.00398	0.01080	0.00625	0.01648	0.00511	0.00597	0.00398	0.00341	0.00227	0.00114	0.00284	0.00199	0.00227	0.00398
63	0.01626	0.00660	0.00874	0.00670	0.00955	0.00592	0.00554	0.08939	0.01110	0.77823	0.01399	0.01218	0.00884	0.00453	0.00369	0.00113	0.00321	0.00366	0.00447	0.00625
64	0.00914	0.00789	0.00830	0.00747	0.00955	0.00914	0.00581	0.01952	0.84138	0.01536	0.01495	0.01370	0.01121	0.00498	0.00374	0.00125	0.00291	0.00415	0.00374	0.00581
65	0.00434	0.00372	0.00372	0.00372	0.00496	0.00310	0.00279	0.00527	0.00837	0.00992	0.03721	0.03535	0.84652	0.00930	0.00434	0.00124	0.00186	0.00775	0.00341	0.00310
66	0.00449	0.00321	0.00428	0.00510	0.00533	0.00299	0.00341	0.00516	0.00711	0.00951	0.04022	0.84818	0.02454	0.01141	0.00468	0.00148	0.00212	0.01035	0.00342	0.00299
67	0.01406	0.01086	0.01073	0.00842	0.01121	0.11633	0.00686	0.66228	0.02623	0.08280	0.00892	0.00888	0.00633	0.00435	0.00363	0.00109	0.00428	0.00323	0.00352	0.00599
68	0.00447	0.00320	0.00426	0.00511	0.00533	0.00298	0.00341	0.00511	0.00703	0.00938	0.02024	0.86853	0.02429	0.01151	0.00469	0.00149	0.00213	0.01044	0.00341	0.00298
69	0.00447	0.00320	0.00426	0.00511	0.00533	0.00298	0.00341	0.00511	0.00703	0.00938	0.02024	0.86853	0.02429	0.01151	0.00469	0.00149	0.00213	0.01044	0.00341	0.00298
70	0.01016	0.79834	0.01847	0.00656	0.00960	0.08810	0.00636	0.01132	0.00772	0.00867	0.00516	0.00596	0.00471	0.00320	0.00244	0.00080	0.00416	0.00200	0.00160	0.00467
71	0.00510	0.00375	0.00478	0.00452	0.00543	0.00342	0.00339	0.00675	0.01017	0.01419	0.75581	0.02832	0.12526	0.00771	0.00433	0.00116	0.00175	0.00677	0.00397	0.00342
72	0.00892	0.01199	0.15421	0.01440	0.04821	0.08317	0.60001	0.01198	0.00866	0.01151	0.00712	0.00924	0.00536	0.00323	0.00408	0.00120	0.00604	0.00386	0.00181	0.00500
73	0.00804	0.00804	0.01125	0.00964	0.00964	0.01125	0.00804	0.00884	0.00562	0.00884	0.00482	0.00804	0.00482	0.00643	0.01205	0.00161	0.86420	0.00321	0.00161	0.00402
74	0.00762	0.00653	0.00762	0.00544	0.00870	0.00490	0.00435	0.00925	0.00762	0.01197	0.00653	0.00762	0.00544	0.00272	0.00272	0.00054	0.00272	0.00218	0.00218	0.89338
75	0.01542	0.00603	0.00810	0.00629	0.00899	0.00520	0.00517	0.01680	0.01032	0.77708	0.01648	0.01450	0.08229	0.00496	0.00375	0.00115	0.00301	0.00405	0.00445	0.00598
76	0.79943	0.00745	0.00602	0.00523	0.00758	0.00859	0.00431	0.10184	0.00747	0.01721	0.00552	0.00628	0.00423	0.00352	0.00243	0.00113	0.00297	0.00213	0.00243	0.00423
77	0.00899	0.00875	0.01533	0.04693	0.75814	0.00875	0.07624	0.01125	0.00836	0.01190	0.00694	0.00918	0.00577	0.00327	0.00369	0.00111	0.00452	0.00336	0.00182	0.00570
78	0.00436	0.00372	0.00375	0.00374	0.00497	0.00311	0.00281	0.00531	0.00842	0.01003	0.05556	0.03517	0.82811	0.00926	0.00434	0.00124	0.00186	0.00773	0.00342	0.00311
79	0.00447	0.00320	0.00426	0.00511	0.00533	0.00298	0.00341	0.00511	0.00703	0.00938	0.02024	0.86853	0.02429	0.01151	0.00469	0.00149	0.00213	0.01044	0.00341	0.00298
80	0.00512	0.00375	0.00481	0.00454	0.00544	0.00343	0.00341	0.00679	0.01022	0.01431	0.77537	0.02813	0.10562	0.00767	0.00433	0.00116	0.00174	0.00674	0.00399	0.00343
81	0.00807	0.23657	0.62896	0.00939	0.01419	0.02096	0.01163	0.01151	0.00771	0.01084	0.00620	0.00727	0.00467	0.00340	0.00320	0.00106	0.00506	0.00252	0.00156	0.00523
82	0.00447	0.00320	0.00426	0.00511	0.00533	0.00298	0.00341	0.00511	0.00703	0.00938	0.02024	0.86853	0.02429	0.01151	0.00469	0.00149	0.00213	0.01044	0.00341	0.00298
83	0.01648	0.00625	0.00852	0.00653	0.00938	0.00540	0.00540	0.01790	0.01051	0.85056	0.01449	0.01250	0.00909	0.00455	0.00369	0.00114	0.00313	0.00369	0.00455	0.00625
84	0.00865	0.00968	0.02058	0.01581	0.09121	0.00924	0.72833	0.01157	0.00852	0.01166	0.00734	0.00984	0.00562	0.00350	0.01479	0.00129	0.03134	0.00420	0.00185	0.00498
85	0.00871	0.00980	0.02108	0.01610	0.09164	0.00924	0.76270	0.01172	0.00864	0.01179	0.00738	0.00984	0.00559	0.00311	0.00427	0.00123	0.00603	0.00424	0.00185	0.00503
86	0.00867	0.00991	0.02167	0.01548	0.01920	0.00929	0.83467	0.01176	0.00867	0.01176	0.00743	0.00991	0.00557	0.00310	0.00433	0.00124	0.00619	0.00433	0.00186	0.00495
87	0.00982	0.87313	0.01925	0.00628	0.00943	0.01453	0.00628	0.01100	0.00746	0.00864	0.00511	0.00589	0.00471	0.00314	0.00236	0.00079	0.00393	0.00196	0.00157	0.00471
88	0.00682	0.00633	0.01060	0.75004	0.05995	0.00773	0.00965	0.00909	0.00736	0.00950	0.00774	0.08482	0.00663	0.00434	0.00376	0.00124	0.00463	0.00389	0.00180	0.00406
89	0.00737	0.01900	0.85189	0.01047	0.01590	0.00853	0.01357	0.01163	0.00775	0.01163	0.00659	0.00775	0.00465	0.00349	0.00349	0.00116	0.00543	0.00271	0.00155	0.00543
90	0.00486	0.00374	0.00444	0.00427	0.00528	0.00332	0.00320	0.00628	0.00960	0.01284	0.52861	0.03054	0.35330	0.00821	0.00434	0.00119	0.00178	0.00708	0.00379	0.00332
91	0.89687	0.00710	0.00540	0.00483	0.00710	0.00824	0.00398	0.01080	0.00625	0.01648	0.00511	0.00597	0.00398	0.00341	0.00227	0.00114	0.00284	0.00199	0.00227	0.00398
92	0.00982	0.87313	0.01925	0.00628	0.00943	0.01453	0.00628	0.01100	0.00746	0.00864	0.00511	0.00589	0.00471	0.00314	0.00236	0.00079	0.00393	0.00196	0.00157	0.00471
93	0.89687	0.00710	0.00540	0.00483	0.00710	0.00824	0.00398	0.01080	0.00625	0.01648	0.00511	0.00597	0.00398	0.00341	0.00227	0.00114	0.00284	0.00199	0.00227	0.00398
94	0.00914	0.00789	0.00830	0.00747	0.00955	0.00914	0.00581	0.01952	0.84138	0.01536	0.01495	0.01370	0.01121	0.00498	0.00374	0.00125	0.00291	0.00415	0.00374	0.00581
95	0.00914	0.00789	0.00830	0.00747	0.00955	0.00914	0.00581	0.01952	0.84138	0.01536	0.01495	0.01370	0.01121	0.00498	0.00374	0.00125	0.00291	0.00415	0.00374	0.00581
96	0.01396	0.01029	0.01102	0.00845	0.01139	0.01139	0.00698	0.83577	0.01727	0.02315	0.00882	0.00882	0.00625	0.00441	0.00367	0.00110	0.00404	0.00331	0.00367	0.00625
97	0.00512	0.00375	0.00481	0.00454	0.00544	0.00343	0.00341	0.00679	0.01022	0.01431	0.77537	0.02813	0.10562	0.00767	0.00433	0.00116	0.00174	0.00674	0.00399	0.00343
98	0.00520	0.00375	0.00491	0.00462	0.00549	0.00347	0.00347	0.00693	0.01040	0.01473	0.84608	0.02743	0.03465	0.00751	0.00433	0.00116	0.00173	0.00664	0.00404	0.00347
99	0.00447	0.00368	0.00393	0.00397	0.00507	0.00314	0.00294	0.00549	0.00854	0.01054	0.14788	0.10708	0.66207	0.00925	0.00437	0.00125	0.00187	0.00783	0.00350	0.00314
100	0.00444	0.00371	0.00380	0.00378	0.00494	0.00314	0.00280	0.00536	0.00833	0.01004	0.07845	0.03437	0.76274	0.05173	0.00505	0.00135	0.00194	0.00757	0.00339	0.00308
101	0.01554	0.00603	0.00807	0.00628	0.00893	0.00528	0.00516	0.01710	0.02150	0.76611	0.01428	0.01262	0.00915	0.00453	0.00360	0.00111	0.00300	0.00368	0.08205	0.00600
102	0.01453	0.00899	0.01017	0.00784	0.01072	0.00951	0.00646	0.55996	0.04669	0.27036	0.01075	0.01011	0.00729	0.00447	0.00368	0.00112	0.00372	0.00345	0.00394	0.00623
103	0.00737	0.01900	0.85189	0.01047	0.01590	0.00853	0.01357	0.01163	0.00775	0.01163	0.00659	0.00775	0.00465	0.00349	0.00349	0.00116	0.00543	0.00271	0.00155	0.00543
104	0.00447	0.00320	0.00426	0.00511	0.00533	0.00298	0.00341	0.00511	0.00703	0.00938	0.02024	0.86853	0.02429	0.01151	0.00469	0.00149	0.00213	0.01044	0.00341	0.00298
105	0.00449	0.00321	0.00428	0.00514	0.00536	0.00300	0.00344	0.00515	0.00705	0.00940	0.02023	0.85695	0.02425	0.01149	0.00469	0.00149	0.00215	0.02182	0.00341	0.00299
106	0.00853	0.00815	0.01389	0.24108	0.63386	0.00858	0.01099	0.01078	0.00810	0.01132	0.00681	0.00927	0.00558	0.00338	0.00365	0.00113	0.00450	0.00327	0.00177	0.00537
107	0.00771	0.00767	0.01129	0.71776	0.09248	0.08233	0.01002	0.01000	0.00770	0.00957	0.00649	0.00946	0.00496	0.00365	0.00364	0.00119	0.00500	0.00319	0.00167	0.00424
108	0.01648	0.00625	0.00852	0.00653	0.00938	0.00540	0.00540	0.01790	0.01051	0.85056	0.01449	0.01250	0.00909	0.00455	0.00369	0.00114	0.00313	0.00369	0.00455	0.00625
109	0.01292	0.01619	0.01031	0.00933	0.01101	0.75167	0.00707	0.01388	0.00993	0.00910	0.02471	0.00731	0.00547	0.00437	0.01354	0.00106	0.08344	0.00256	0.00192	0.00421
110	0.00876	0.09672	0.59507	0.01003	0.01466	0.08345	0.04651	0.08159	0.00880	0.01210	0.00660	0.00766	0.00484	0.00354	0.00342	0.00111	0.00531	0.00273	0.00178	0.00531
111	0.00447	0.00320	0.00426	0.00511	0.00533	0.00298	0.00341	0.00511	0.00703	0.00938	0.02024	0.86853	0.02429	0.01151	0.00469	0.00149	0.00213	0.01044	0.00341	0.00298
112	0.00504	0.00375	0.00469	0.00445	0.00539	0.00340	0.00334	0.00662	0.01002	0.01382	0.69407	0.02892	0.18722	0.00785	0.00433	0.00117	0.00176	0.00685	0.00392	0.00340
113	0.09860	0.00922	0.01298	0.11867	0.56921	0.09457	0.00993	0.02319	0.00837	0.01199	0.00659	0.00861	0.00542	0.00340	0.00347	0.00110	0.00450	0.00305	0.00188	0.00527
114	0.01127	0.02562	0.00932	0.00841	0.00989	0.58604	0.00635	0.01238	0.01889	0.00976	0.10799	0.08473	0.01016	0.00538	0.01398	0.00113	0.06870	0.00368	0.00228	0.00405

[dist]
# distance from previous block
# <min> <max>
0	1

[block]
# block no. 1 follows, 75 sequences, length 30
# corresponding to MSA columns:
# 429-458
name=unknown_B
#
# <colnr> <probs for GDERKNQSTAVLIFYWHMCP>
#	G	D	E	R	K	N	Q	S	T	A	V	L	I	F	Y	W	H	M	C	P
0	0.16411	0.02661	0.01319	0.03774	0.52833	0.09586	0.05968	0.01152	0.00818	0.01232	0.00646	0.00830	0.00533	0.00335	0.00338	0.00109	0.00445	0.00299	0.00190	0.00522
1	0.00444	0.00359	0.00394	0.00413	0.00509	0.00310	0.00299	0.00536	0.00819	0.01015	0.09317	0.23842	0.58520	0.00971	0.00442	0.00130	0.00192	0.00833	0.00346	0.00310
2	0.00804	0.00804	0.01125	0.00964	0.00964	0.01125	0.00804	0.00884	0.00562	0.00884	0.00482	0.00804	0.00482	0.00643	0.01205	0.00161	0.86420	0.00321	0.00161	0.00402
3	0.00762	0.00653	0.00762	0.00544	0.00870	0.00490	0.00435	0.00925	0.00762	0.01197	0.00653	0.00762	0.00544	0.00272	0.00272	0.00054	0.00272	0.00218	0.00218	0.89338
4	0.00978	0.00821	0.00867	0.00760	0.00980	0.00944	0.00597	0.12834	0.73151	0.01640	0.01413	0.01305	0.01055	0.00491	0.00373	0.00123	0.00306	0.00404	0.00373	0.00587
5	0.00838	0.00716	0.00761	0.00690	0.00880	0.00811	0.00535	0.01718	0.69594	0.01485	0.09293	0.01676	0.08288	0.00557	0.00384	0.00124	0.00271	0.00468	0.00374	0.00537
6	0.00449	0.00373	0.00392	0.00387	0.00505	0.00316	0.00291	0.00556	0.00872	0.01074	0.17572	0.03399	0.70749	0.00899	0.00434	0.00123	0.00184	0.00756	0.00352	0.00316
7	0.00434	0.00370	0.00374	0.00376	0.00497	0.00310	0.00281	0.00527	0.00833	0.00990	0.03669	0.06093	0.82128	0.00937	0.00435	0.00125	0.00187	0.00783	0.00341	0.00310
8	0.01054	0.00987	0.00901	0.00794	0.01009	0.15749	0.00618	0.12030	0.59351	0.01522	0.01256	0.01186	0.00946	0.00470	0.00365	0.00118	0.00370	0.00373	0.00341	0.00560
9	0.89687	0.00710	0.00540	0.00483	0.00710	0.00824	0.00398	0.01080	0.00625	0.01648	0.00511	0.00597	0.00398	0.00341	0.00227	0.00114	0.00284	0.00199	0.00227	0.00398
10	0.00527	0.00386	0.00553	0.00553	0.00606	0.00439	0.00413	0.00632	0.00579	0.00825	0.01018	0.01632	0.01000	0.19338	0.69166	0.00544	0.00860	0.00421	0.00202	0.00307
11	0.00706	0.00665	0.01124	0.81364	0.07278	0.00819	0.01026	0.00949	0.00740	0.00953	0.00655	0.00975	0.00495	0.00365	0.00367	0.00122	0.00487	0.00326	0.00164	0.00418
12	0.00470	0.00337	0.00447	0.00503	0.00543	0.00314	0.00349	0.00566	0.00796	0.01083	0.23810	0.62564	0.02695	0.01042	0.00460	0.00141	0.00206	0.03007	0.00358	0.00312
13	0.04024	0.00627	0.00844	0.00649	0.00931	0.00547	0.00536	0.01771	0.01040	0.82805	0.01424	0.01232	0.00895	0.00452	0.00366	0.00114	0.00312	0.00365	0.00448	0.00619
14	0.00447	0.00320	0.00426	0.00511	0.00533	0.00298	0.00341	0.00511	0.00703	0.00938	0.02024	0.86853	0.02429	0.01151	0.00469	0.00149	0.00213	0.01044	0.00341	0.00298
15	0.00825	0.00820	0.01193	0.51440	0.25262	0.08603	0.01003	0.01082	0.04271	0.01033	0.00691	0.00947	0.00540	0.00363	0.00363	0.00116	0.00482	0.00322	0.00180	0.00465
16	0.00737	0.01900	0.85189	0.01047	0.01590	0.00853	0.01357	0.01163	0.00775	0.01163	0.00659	0.00775	0.00465	0.00349	0.00349	0.00116	0.00543	0.00271	0.00155	0.00543
17	0.06161	0.00697	0.00873	0.00677	0.00957	0.00660	0.00558	0.14209	0.04221	0.65018	0.01316	0.01165	0.00847	0.00448	0.00362	0.00114	0.00324	0.00356	0.00426	0.00612
18	0.00505	0.00421	0.00467	0.00456	0.00580	0.00386	0.01340	0.00706	0.08968	0.01111	0.13408	0.06712	0.57630	0.00872	0.00433	0.00126	0.00209	0.04975	0.00350	0.00344
19	0.00723	0.00696	0.01087	0.72035	0.07232	0.04316	0.00975	0.00949	0.00749	0.00951	0.00720	0.05425	0.00595	0.00410	0.00383	0.00122	0.01683	0.00360	0.00175	0.00413
20	0.00527	0.00384	0.00543	0.00543	0.00593	0.00434	0.00400	0.00626	0.00576	0.00818	0.01027	0.01681	0.01022	0.23659	0.64874	0.00532	0.00828	0.00428	0.00203	0.00302
21	0.00437	0.00371	0.00377	0.00378	0.00498	0.00311	0.00283	0.00531	0.00839	0.01004	0.05909	0.05664	0.80289	0.00931	0.00435	0.00124	0.00186	0.00779	0.00343	0.00311
22	0.02359	0.06204	0.14642	0.00983	0.02364	0.58487	0.05111	0.01388	0.03338	0.00986	0.00616	0.00716	0.00495	0.00369	0.00335	0.00100	0.00608	0.00256	0.00188	0.00457
23	0.00856	0.07846	0.51048	0.01054	0.01503	0.00943	0.14351	0.09658	0.06921	0.01288	0.00745	0.00850	0.00544	0.00360	0.00358	0.00115	0.00512	0.00308	0.00198	0.00541
24	0.00670	0.00618	0.00589	0.00556	0.00661	0.15256	0.00421	0.00827	0.01024	0.01339	0.63144	0.02478	0.05229	0.00705	0.00419	0.00115	0.00268	0.04961	0.00361	0.00359
25	0.00460	0.00328	0.00440	0.00525	0.00552	0.00309	0.00362	0.00533	0.00715	0.00951	0.02018	0.79847	0.02402	0.01139	0.00472	0.00151	0.00224	0.07929	0.00341	0.00302
26	0.01312	0.00991	0.01218	0.00923	0.01221	0.01068	0.11718	0.67477	0.01562	0.05264	0.00913	0.02997	0.00670	0.00441	0.00379	0.00113	0.00425	0.00363	0.00346	0.00599
27	0.00708	0.00661	0.01183	0.00948	0.01156	0.00638	0.32500	0.04271	0.04139	0.01219	0.12774	0.07677	0.08855	0.00731	0.03998	0.00152	0.00429	0.16299	0.01246	0.00416
28	0.01119	0.10149	0.02247	0.00881	0.09271	0.13792	0.00659	0.24695	0.01101	0.05796	0.00735	0.00803	0.00570	0.00357	0.00320	0.00088	0.00404	0.00270	0.00258	0.26484
29	0.00560	0.00409	0.00515	0.00476	0.00576	0.00385	0.00360	0.04992	0.01062	0.01484	0.74762	0.02700	0.08830	0.00747	0.00430	0.00116	0.00186	0.00654	0.00398	0.00359

[dist]
# distance from previous block
# <min> <max>
0	5

[block]
# block no. 2 follows, 75 sequences, length 23
# corresponding to MSA columns:
# 464-486
name=unknown_C
#
# <colnr> <probs for GDERKNQSTAVLIFYWHMCP>
#	G	D	E	R	K	N	Q	S	T	A	V	L	I	F	Y	W	H	M	C	P
0	0.02618	0.53195	0.19031	0.00735	0.01084	0.04949	0.00771	0.02362	0.02683	0.08605	0.00656	0.00713	0.00525	0.00343	0.00280	0.00092	0.00425	0.00236	0.00194	0.00501
1	0.08413	0.09691	0.01989	0.00822	0.01082	0.15833	0.04745	0.34655	0.07943	0.05857	0.02360	0.00950	0.00693	0.00426	0.00353	0.00108	0.01329	0.01922	0.00296	0.00532
2	0.00544	0.00390	0.00491	0.00538	0.00585	0.00383	0.00370	0.08593	0.00794	0.01060	0.01869	0.74178	0.02198	0.05469	0.00530	0.00156	0.00239	0.00949	0.00337	0.00326
3	0.65682	0.00750	0.00660	0.02232	0.00828	0.00837	0.00461	0.13320	0.00812	0.03831	0.00604	0.00676	0.00458	0.00354	0.00258	0.00109	0.00306	0.00227	0.00252	0.07345
4	0.00849	0.01878	0.01380	0.12985	0.55561	0.01998	0.06995	0.01080	0.01868	0.01153	0.01851	0.01260	0.00756	0.00406	0.00382	0.00117	0.00445	0.08314	0.00200	0.00523
5	0.00889	0.19288	0.49911	0.00982	0.01420	0.09228	0.07907	0.02856	0.00827	0.02546	0.00645	0.00754	0.00486	0.00345	0.00332	0.00107	0.00523	0.00269	0.00171	0.00516
6	0.00871	0.00711	0.00754	0.00671	0.00865	0.00791	0.00524	0.09556	0.55363	0.02685	0.06070	0.01714	0.13576	0.00567	0.00381	0.00121	0.00276	0.00470	0.03511	0.00525
7	0.00479	0.00346	0.00457	0.00535	0.00576	0.00327	0.00388	0.00566	0.00740	0.00972	0.02109	0.62096	0.07999	0.02603	0.00499	0.00155	0.00240	0.18269	0.00338	0.00306
8	0.00518	0.00430	0.01947	0.00462	0.00578	0.00383	0.00357	0.00728	0.07397	0.01267	0.42405	0.06569	0.33983	0.00810	0.00429	0.00121	0.00195	0.00697	0.00371	0.00352
9	0.01397	0.01566	0.01034	0.00910	0.01121	0.67693	0.00695	0.12492	0.01134	0.07625	0.00678	0.00737	0.00527	0.00393	0.00339	0.00098	0.00601	0.00259	0.00234	0.00468
10	0.00442	0.00372	0.00384	0.00381	0.00501	0.00314	0.00286	0.00543	0.00857	0.01039	0.11589	0.03458	0.76755	0.00913	0.00434	0.00123	0.00185	0.00764	0.00347	0.00314
11	0.01648	0.00625	0.00852	0.00653	0.00938	0.00540	0.00540	0.01790	0.01051	0.85056	0.01449	0.01250	0.00909	0.00455	0.00369	0.00114	0.00313	0.00369	0.00455	0.00625
12	0.00914	0.00860	0.01435	0.09969	0.72899	0.00881	0.01095	0.05319	0.00872	0.01233	0.00697	0.00914	0.00575	0.00337	0.00364	0.00110	0.00440	0.00327	0.00190	0.00568
13	0.00914	0.00789	0.00830	0.00747	0.00955	0.00914	0.00581	0.01952	0.84138	0.01536	0.01495	0.01370	0.01121	0.00498	0.00374	0.00125	0.00291	0.00415	0.00374	0.00581
14	0.01396	0.01029	0.01102	0.00845	0.01139	0.01139	0.00698	0.83577	0.01727	0.02315	0.00882	0.00882	0.00625	0.00441	0.00367	0.00110	0.00404	0.00331	0.00367	0.00625
15	0.00578	0.00413	0.00576	0.00660	0.00739	0.00411	0.00567	0.00737	0.00832	0.01083	0.01952	0.12189	0.02144	0.01028	0.00504	0.00167	0.00326	0.74422	0.00338	0.00334
16	0.01302	0.01031	0.01031	0.00823	0.01080	0.09276	0.00665	0.67582	0.01561	0.02044	0.00961	0.09147	0.00784	0.00503	0.00374	0.00112	0.00411	0.00390	0.00348	0.00574
17	0.01327	0.00977	0.01053	0.00821	0.01095	0.01078	0.00672	0.77562	0.01653	0.02215	0.00965	0.07107	0.00755	0.00492	0.00375	0.00113	0.00390	0.00382	0.00365	0.00601
18	0.00909	0.00873	0.01491	0.02254	0.84801	0.00873	0.01127	0.01127	0.00836	0.01200	0.00691	0.00909	0.00582	0.00327	0.00364	0.00109	0.00436	0.00327	0.00182	0.00582
19	0.00451	0.00381	0.00391	0.00387	0.00510	0.00326	0.00291	0.00570	0.02634	0.01041	0.09955	0.03427	0.76561	0.00907	0.00433	0.00123	0.00187	0.00759	0.00347	0.00319
20	0.00442	0.00369	0.00385	0.00389	0.00503	0.00312	0.00289	0.00539	0.00843	0.01026	0.09880	0.09506	0.72393	0.00932	0.00437	0.00125	0.00187	0.00786	0.00346	0.00312
21	0.89687	0.00710	0.00540	0.00483	0.00710	0.00824	0.00398	0.01080	0.00625	0.01648	0.00511	0.00597	0.00398	0.00341	0.00227	0.00114	0.00284	0.00199	0.00227	0.00398
22	0.02771	0.00842	0.00963	0.00746	0.01020	0.00877	0.00613	0.49263	0.01432	0.27826	0.07550	0.01134	0.00929	0.00465	0.00369	0.00111	0.00354	0.00365	0.00393	0.01977

[dist]
# distance from previous block
# <min> <max>
0	3

[block]
# block no. 3 follows, 75 sequences, length 67
# corresponding to MSA columns:
# 490-556
name=unknown_D
#
# <colnr> <probs for GDERKNQSTAVLIFYWHMCP>
#	G	D	E	R	K	N	Q	S	T	A	V	L	I	F	Y	W	H	M	C	P
0	0.00984	0.84440	0.03323	0.00641	0.00957	0.02843	0.00642	0.01107	0.00752	0.00870	0.00514	0.00594	0.00471	0.00316	0.00239	0.00079	0.00400	0.00198	0.00158	0.00472
1	0.01365	0.07588	0.01165	0.00829	0.01124	0.01163	0.00693	0.77307	0.01652	0.02204	0.00854	0.00860	0.00613	0.00431	0.00357	0.00108	0.00403	0.00320	0.00351	0.00613
2	0.00946	0.39178	0.30825	0.00850	0.01230	0.09320	0.05051	0.01191	0.01857	0.04260	0.00674	0.00759	0.01700	0.00349	0.00304	0.00098	0.00475	0.00256	0.00178	0.00498
3	0.00534	0.00357	0.00403	0.00402	0.00404	0.00356	0.00226	0.00538	0.00547	0.00731	0.03229	0.02412	0.01388	0.84949	0.01834	0.00350	0.00352	0.00537	0.00227	0.00226
4	0.00534	0.00357	0.00407	0.00407	0.00409	0.00360	0.00231	0.00538	0.00536	0.00717	0.01151	0.02370	0.01321	0.84179	0.04763	0.00364	0.00378	0.00529	0.00222	0.00226
5	0.10770	0.00885	0.00975	0.00755	0.01039	0.00943	0.00623	0.52615	0.01427	0.24771	0.00997	0.00952	0.00678	0.00434	0.00353	0.00112	0.00367	0.00327	0.00376	0.00601
6	0.01143	0.01361	0.05474	0.06867	0.19798	0.43248	0.07723	0.05036	0.01902	0.01958	0.00652	0.00796	0.00524	0.00368	0.00364	0.00105	0.01712	0.00289	0.00196	0.00483
7	0.00602	0.00405	0.00559	0.00629	0.00707	0.00395	0.00521	0.00743	0.00822	0.04882	0.02933	0.24382	0.03085	0.01019	0.00490	0.00161	0.00303	0.56677	0.00345	0.00341
8	0.00635	0.00401	0.00517	0.00473	0.00583	0.00364	0.00360	0.00799	0.01020	0.10241	0.68012	0.02619	0.09326	0.00727	0.00423	0.00115	0.00189	0.00635	0.02187	0.00373
9	0.00516	0.00375	0.00486	0.00458	0.00546	0.00345	0.00343	0.00686	0.01030	0.01451	0.80927	0.02779	0.07159	0.00759	0.00433	0.00116	0.00174	0.00669	0.00401	0.00345
10	0.01028	0.75638	0.02909	0.00665	0.00975	0.05347	0.00647	0.07397	0.00835	0.00980	0.00543	0.00617	0.00483	0.00327	0.00252	0.00082	0.00408	0.00209	0.00175	0.00482
11	0.01566	0.00715	0.00903	0.00697	0.00980	0.00679	0.00574	0.18636	0.04634	0.64558	0.01334	0.01179	0.00859	0.00454	0.00369	0.00113	0.00330	0.00363	0.00433	0.00623
12	0.00508	0.00373	0.00488	0.00553	0.00621	0.00353	0.00433	0.00624	0.00799	0.01037	0.06033	0.35301	0.16087	0.01040	0.00477	0.00152	0.00258	0.34202	0.00343	0.00319
13	0.00458	0.00327	0.00437	0.00520	0.00546	0.00307	0.00356	0.00530	0.00720	0.00960	0.04070	0.79977	0.02437	0.01133	0.00470	0.00149	0.00219	0.05740	0.00342	0.00302
14	0.01569	0.00693	0.00925	0.00779	0.06224	0.00638	0.00597	0.12348	0.01125	0.69073	0.01328	0.01181	0.00852	0.00445	0.00369	0.00113	0.00332	0.00362	0.00426	0.00622
15	0.00513	0.00375	0.00482	0.00455	0.00545	0.00344	0.00341	0.00680	0.01024	0.01436	0.78450	0.02804	0.09646	0.00764	0.00433	0.00116	0.00174	0.00673	0.00399	0.00344
16	0.00893	0.00860	0.01478	0.08145	0.77189	0.00870	0.02932	0.01115	0.00830	0.01181	0.00689	0.00916	0.00575	0.00330	0.00365	0.00110	0.00444	0.00330	0.00181	0.00568
17	0.00923	0.00794	0.00836	0.00749	0.00959	0.00918	0.00584	0.03622	0.82451	0.01552	0.01482	0.01360	0.01111	0.00497	0.00374	0.00124	0.00293	0.00414	0.00374	0.00582
18	0.00893	0.00821	0.01301	0.01107	0.07630	0.00854	0.28320	0.01514	0.39665	0.04597	0.04981	0.02921	0.01035	0.00455	0.00400	0.00124	0.00407	0.02142	0.00299	0.00533
19	0.01334	0.01607	0.01027	0.00920	0.01120	0.71233	0.00697	0.08230	0.08425	0.01071	0.00675	0.00743	0.00543	0.00394	0.00338	0.00099	0.00608	0.00260	0.00220	0.00456
20	0.13779	0.01002	0.00942	0.00771	0.01019	0.12755	0.00621	0.42467	0.08633	0.04831	0.00895	0.03440	0.00695	0.00449	0.00356	0.00111	0.01591	0.01470	0.00317	0.03859
21	0.00904	0.00838	0.01457	0.14727	0.62676	0.00855	0.07355	0.01130	0.00832	0.04634	0.00721	0.00940	0.00580	0.00337	0.00370	0.00112	0.00453	0.00337	0.00191	0.00551
22	0.77552	0.00853	0.00609	0.00547	0.00769	0.12475	0.00441	0.01133	0.00682	0.01545	0.00519	0.00606	0.00408	0.00346	0.00242	0.00111	0.00336	0.00204	0.00222	0.00402
23	0.00764	0.06680	0.74082	0.01115	0.07888	0.00889	0.01298	0.01157	0.00778	0.01149	0.00653	0.00775	0.00474	0.00345	0.00344	0.00114	0.00526	0.00271	0.00157	0.00542
24	0.00699	0.00554	0.00619	0.00572	0.00712	0.00587	0.00432	0.01215	0.36425	0.03090	0.28671	0.03958	0.12953	0.07242	0.00517	0.00139	0.00243	0.00565	0.00369	0.00437
25	0.00894	0.00858	0.01464	0.08009	0.79162	0.00869	0.01120	0.01114	0.00829	0.01182	0.00688	0.00914	0.00575	0.00330	0.00364	0.00110	0.00440	0.00327	0.00181	0.00570
26	0.00525	0.00394	0.00590	0.00590	0.00656	0.00459	0.00459	0.00656	0.00590	0.00853	0.00984	0.01443	0.00918	0.02755	0.85637	0.00590	0.00984	0.00394	0.00197	0.00328
27	0.00762	0.00653	0.00762	0.00544	0.00870	0.00490	0.00435	0.00925	0.00762	0.01197	0.00653	0.00762	0.00544	0.00272	0.00272	0.00054	0.00272	0.00218	0.00218	0.89338
28	0.00507	0.00375	0.00473	0.00448	0.00541	0.00341	0.00336	0.00668	0.01009	0.01400	0.72382	0.02863	0.15736	0.00778	0.00433	0.00117	0.00175	0.00681	0.00395	0.00341
29	0.00944	0.00939	0.01457	0.02155	0.78432	0.07324	0.01095	0.01153	0.00852	0.01177	0.00681	0.00890	0.00573	0.00331	0.00361	0.00108	0.00454	0.00320	0.00182	0.00570
30	0.01629	0.00656	0.00871	0.00668	0.00953	0.00585	0.00552	0.08016	0.01103	0.78757	0.01406	0.01222	0.00887	0.00454	0.00369	0.00113	0.00319	0.00366	0.00448	0.00625
31	0.00504	0.00375	0.00469	0.00445	0.00539	0.00340	0.00334	0.00662	0.01002	0.01384	0.69696	0.02889	0.18433	0.00784	0.00433	0.00117	0.00176	0.00685	0.00393	0.00340
32	0.01372	0.01750	0.01041	0.00946	0.01135	0.85618	0.00710	0.01467	0.01041	0.00899	0.00568	0.00662	0.00473	0.00378	0.00331	0.00095	0.00662	0.00237	0.00189	0.00426
33	0.00442	0.00369	0.00385	0.00388	0.00503	0.00312	0.00289	0.00540	0.00846	0.01029	0.10436	0.08694	0.72647	0.00929	0.00436	0.00125	0.00187	0.00783	0.00346	0.00312
34	0.00447	0.00320	0.00426	0.00511	0.00533	0.00298	0.00341	0.00511	0.00703	0.00938	0.02024	0.86853	0.02429	0.01151	0.00469	0.00149	0.00213	0.01044	0.00341	0.00298
35	0.00909	0.00873	0.01491	0.02254	0.84801	0.00873	0.01127	0.01127	0.00836	0.01200	0.00691	0.00909	0.00582	0.00327	0.00364	0.00109	0.00436	0.00327	0.00182	0.00582
36	0.01635	0.00645	0.00865	0.00663	0.00948	0.00570	0.00548	0.05846	0.01085	0.80952	0.01421	0.01232	0.00895	0.00454	0.00369	0.00113	0.00317	0.00367	0.00450	0.00625
37	0.00804	0.00804	0.01125	0.00964	0.00964	0.01125	0.00804	0.00884	0.00562	0.00884	0.00482	0.00804	0.00482	0.00643	0.01205	0.00161	0.86420	0.00321	0.00161	0.00402
38	0.89687	0.00710	0.00540	0.00483	0.00710	0.00824	0.00398	0.01080	0.00625	0.01648	0.00511	0.00597	0.00398	0.00341	0.00227	0.00114	0.00284	0.00199	0.00227	0.00398
39	0.00904	0.00874	0.01515	0.03570	0.79710	0.00874	0.04872	0.01126	0.00836	0.01195	0.00693	0.00914	0.00579	0.00327	0.00367	0.00110	0.00445	0.00332	0.00182	0.00575
40	0.01396	0.01029	0.01102	0.00845	0.01139	0.01139	0.00698	0.83577	0.01727	0.02315	0.00882	0.00882	0.00625	0.00441	0.00367	0.00110	0.00404	0.00331	0.00367	0.00625
41	0.01413	0.00771	0.00926	0.00737	0.01001	0.00779	0.00613	0.36212	0.01312	0.39894	0.01270	0.01446	0.00935	0.00517	0.00385	0.00119	0.00354	0.10322	0.00404	0.00590
42	0.00814	0.00641	0.00866	0.14209	0.14034	0.00694	0.00663	0.02340	0.27201	0.07722	0.03142	0.21640	0.02280	0.00612	0.00394	0.00126	0.00324	0.00542	0.01277	0.00480
43	0.00743	0.04232	0.82916	0.01035	0.01572	0.00869	0.01337	0.01161	0.00775	0.01155	0.00655	0.00770	0.00465	0.00348	0.00346	0.00115	0.00539	0.00269	0.00155	0.00541
44	0.01396	0.01029	0.01102	0.00845	0.01139	0.01139	0.00698	0.83577	0.01727	0.02315	0.00882	0.00882	0.00625	0.00441	0.00367	0.00110	0.00404	0.00331	0.00367	0.00625
45	0.00526	0.00388	0.00508	0.00499	0.00585	0.00362	0.01474	0.00675	0.00933	0.01278	0.51712	0.05662	0.12055	0.07395	0.00556	0.00145	0.00223	0.14325	0.00367	0.00332
46	0.00523	0.00376	0.00481	0.00540	0.00584	0.00365	0.00373	0.06840	0.00784	0.01046	0.01936	0.78603	0.02285	0.01094	0.00462	0.00147	0.00230	0.02665	0.00343	0.00324
47	0.00514	0.00375	0.00482	0.00455	0.00545	0.00344	0.00342	0.00681	0.01025	0.01437	0.78649	0.02802	0.09446	0.00764	0.00433	0.00116	0.00174	0.00672	0.00400	0.00344
48	0.01041	0.22764	0.04529	0.01067	0.08506	0.25766	0.16018	0.01208	0.00855	0.02112	0.00611	0.00755	0.00508	0.00357	0.00390	0.00100	0.06731	0.00279	0.00182	0.06221
49	0.89687	0.00710	0.00540	0.00483	0.00710	0.00824	0.00398	0.01080	0.00625	0.01648	0.00511	0.00597	0.00398	0.00341	0.00227	0.00114	0.00284	0.00199	0.00227	0.00398
50	0.00525	0.00394	0.00590	0.00590	0.00656	0.00459	0.00459	0.00656	0.00590	0.00853	0.00984	0.01443	0.00918	0.02755	0.85637	0.00590	0.00984	0.00394	0.00197	0.00328
51	0.01648	0.00625	0.00852	0.00653	0.00938	0.00540	0.00540	0.01790	0.01051	0.85056	0.01449	0.01250	0.00909	0.00455	0.00369	0.00114	0.00313	0.00369	0.00455	0.00625
52	0.00447	0.00321	0.00425	0.00509	0.00532	0.00299	0.00340	0.00512	0.00706	0.00939	0.02056	0.85296	0.03966	0.01147	0.00468	0.00149	0.00213	0.01039	0.00341	0.00299
53	0.01372	0.01750	0.01041	0.00946	0.01135	0.85618	0.00710	0.01467	0.01041	0.00899	0.00568	0.00662	0.00473	0.00378	0.00331	0.00095	0.00662	0.00237	0.00189	0.00426
54	0.00685	0.00342	0.00342	0.00342	0.00428	0.00342	0.00257	0.00856	0.00770	0.01369	0.01198	0.01369	0.00941	0.00428	0.00257	0.00086	0.00171	0.00342	0.89131	0.00342
55	0.00906	0.00782	0.00823	0.00741	0.00948	0.00904	0.00576	0.01929	0.82786	0.01528	0.01531	0.01405	0.02476	0.00505	0.00375	0.00125	0.00289	0.00421	0.00373	0.00577
56	0.00503	0.00375	0.00467	0.00444	0.00538	0.00339	0.00333	0.00660	0.00999	0.01376	0.68329	0.02903	0.19805	0.00787	0.00433	0.00117	0.00176	0.00687	0.00392	0.00339
57	0.04291	0.00628	0.00843	0.00648	0.00931	0.00548	0.00536	0.01769	0.01038	0.82552	0.01421	0.01230	0.00894	0.00451	0.00365	0.00114	0.00312	0.00364	0.00448	0.00618
58	0.01402	0.01019	0.01096	0.00840	0.01134	0.01124	0.00694	0.81596	0.01710	0.04318	0.00896	0.00891	0.00631	0.00441	0.00367	0.00110	0.00402	0.00332	0.00370	0.00625
59	0.00879	0.00985	0.02147	0.01535	0.01905	0.00923	0.82218	0.01186	0.00870	0.02440	0.00754	0.00995	0.00563	0.00312	0.00432	0.00124	0.00615	0.00432	0.00190	0.00497
60	0.03720	0.00655	0.00945	0.00717	0.01007	0.00576	0.06850	0.01726	0.01027	0.76650	0.01373	0.01215	0.00870	0.00441	0.00371	0.00114	0.00335	0.00370	0.00429	0.00610
61	0.00588	0.00417	0.00572	0.00649	0.00735	0.00414	0.00564	0.00754	0.00842	0.01105	0.01995	0.04001	0.05821	0.00987	0.00494	0.00164	0.00324	0.75242	0.03995	0.00337
62	0.00715	0.00597	0.00758	0.00731	0.10730	0.01471	0.00493	0.00890	0.01899	0.02446	0.22235	0.06996	0.02311	0.00472	0.00342	0.00086	0.00267	0.00410	0.00275	0.45876
63	0.00901	0.00863	0.01405	0.08079	0.71205	0.02051	0.01071	0.01183	0.07380	0.01204	0.00750	0.00947	0.00616	0.00344	0.00364	0.00111	0.00432	0.00333	0.00196	0.00567
64	0.00914	0.00855	0.04002	0.27030	0.25533	0.02097	0.06039	0.17022	0.03108	0.01320	0.00756	0.00964	0.00589	0.00479	0.04034	0.00136	0.02273	0.00336	0.02003	0.00509
65	0.00467	0.00369	0.00420	0.00416	0.00518	0.00323	0.00309	0.00587	0.00902	0.01166	0.33495	0.09627	0.48336	0.00881	0.00436	0.00123	0.00183	0.00755	0.00364	0.00323
66	0.13288	0.06106	0.03717	0.01017	0.18862	0.02003	0.03352	0.07735	0.17305	0.08648	0.02344	0.01222	0.08484	0.00442	0.00345	0.00111	0.00350	0.00365	0.00281	0.04024

[dist]
# distance from previous block
# <min> <max>
0	7

[block]
# block no. 4 follows, 75 sequences, length 247
# corresponding to MSA columns:
# 564-810
name=unknown_E
#
# <colnr> <probs for GDERKNQSTAVLIFYWHMCP>
#	G	D	E	R	K	N	Q	S	T	A	V	L	I	F	Y	W	H	M	C	P
0	0.12581	0.04754	0.01067	0.00894	0.01110	0.61821	0.05302	0.03162	0.00979	0.03262	0.00599	0.00691	0.00484	0.00370	0.00321	0.00098	0.00582	0.00247	0.00204	0.01473
1	0.01148	0.00526	0.00699	0.00568	0.00777	0.00459	0.00455	0.01301	0.01025	0.47257	0.32063	0.01849	0.04587	0.00570	0.00390	0.00112	0.00255	0.00483	0.00420	0.05056
