[name]
unknown

[dist]
# distance from previous block
# <min> <max>
0	865

[block]
# block no. 0 follows, 64 sequences, length 6
# corresponding to MSA columns:
# 866-871
name=unknown_A
#
# <colnr> <probs for GDERKNQSTAVLIFYWHMCP>
#	G	D	E	R	K	N	Q	S	T	A	V	L	I	F	Y	W	H	M	C	P
0	0.00756	0.00459	0.00570	0.00539	0.00672	0.00415	0.00416	0.00919	0.01060	0.12565	0.36066	0.08340	0.20737	0.00869	0.00472	0.00137	0.00237	0.06561	0.07787	0.00421
1	0.04883	0.02694	0.00850	0.02498	0.00943	0.15656	0.03274	0.10473	0.01098	0.03516	0.12237	0.09120	0.23221	0.00822	0.03199	0.00149	0.02277	0.00602	0.02038	0.00451
2	0.06636	0.01081	0.12933	0.14761	0.03771	0.02982	0.26213	0.08351	0.00990	0.03189	0.00928	0.04674	0.00744	0.00561	0.04114	0.00157	0.00570	0.00427	0.06388	0.00531
3	0.06220	0.00717	0.00888	0.00723	0.00995	0.00687	0.00583	0.04933	0.13936	0.51399	0.06742	0.05139	0.03975	0.00587	0.00421	0.00133	0.00332	0.00482	0.00469	0.00638
4	0.01035	0.00961	0.06148	0.17442	0.30640	0.03485	0.05062	0.01331	0.06137	0.10096	0.03920	0.01236	0.00848	0.03591	0.00545	0.00143	0.06147	0.00403	0.00257	0.00574
5	0.08884	0.35411	0.04518	0.00938	0.06025	0.24018	0.00771	0.05041	0.00978	0.01185	0.00800	0.00899	0.04340	0.00436	0.00375	0.00109	0.04247	0.00290	0.00217	0.00518

[dist]
# distance from previous block
# <min> <max>
4	30

[block]
# block no. 1 follows, 64 sequences, length 7
# corresponding to MSA columns:
# 902-908
name=unknown_B
#
# <colnr> <probs for GDERKNQSTAVLIFYWHMCP>
#	G	D	E	R	K	N	Q	S	T	A	V	L	I	F	Y	W	H	M	C	P
0	0.01319	0.06753	0.01190	0.02665	0.06038	0.52428	0.00780	0.05423	0.01120	0.01162	0.04369	0.01092	0.05265	0.00496	0.00444	0.00116	0.05921	0.00342	0.02587	0.00491
1	0.00908	0.00654	0.00789	0.00626	0.00917	0.00520	0.00501	0.01075	0.00914	0.11383	0.01407	0.07652	0.08159	0.00552	0.00379	0.00097	0.00307	0.08214	0.00315	0.54629
2	0.00761	0.00570	0.00750	0.09583	0.06615	0.02560	0.00572	0.00975	0.03968	0.07523	0.30408	0.07877	0.14038	0.00975	0.07562	0.00181	0.00371	0.02148	0.02120	0.00442
3	0.03314	0.00523	0.00616	0.00564	0.00717	0.00505	0.00429	0.04213	0.04262	0.20908	0.06022	0.18345	0.04237	0.03129	0.00447	0.00134	0.00267	0.00593	0.30301	0.00473
4	0.07562	0.00503	0.00668	0.00622	0.00740	0.00492	0.04898	0.00843	0.00933	0.05701	0.26392	0.21075	0.11148	0.06762	0.04774	0.00187	0.02030	0.02250	0.02023	0.00396
5	0.00894	0.00482	0.00612	0.00547	0.00698	0.00436	0.00421	0.01068	0.01103	0.20351	0.42824	0.05441	0.10722	0.00761	0.00449	0.00128	0.00235	0.00655	0.11716	0.00458
6	0.02730	0.00791	0.01095	0.06360	0.08121	0.01990	0.09080	0.07153	0.17375	0.12912	0.08271	0.04646	0.06497	0.03910	0.03970	0.00169	0.02414	0.01614	0.00351	0.00550

[dist]
# distance from previous block
# <min> <max>
3	5

[block]
# block no. 2 follows, 64 sequences, length 6
# corresponding to MSA columns:
# 914-919
name=unknown_C
#
# <colnr> <probs for GDERKNQSTAVLIFYWHMCP>
#	G	D	E	R	K	N	Q	S	T	A	V	L	I	F	Y	W	H	M	C	P
0	0.01139	0.01014	0.01295	0.09271	0.14953	0.07661	0.08687	0.24430	0.08764	0.01684	0.03684	0.01280	0.04051	0.00565	0.02662	0.00143	0.03447	0.00418	0.04271	0.00582
1	0.05296	0.00892	0.01282	0.16990	0.29991	0.03815	0.03800	0.06557	0.09726	0.05893	0.03166	0.02784	0.00911	0.02209	0.02495	0.00150	0.00483	0.02712	0.00275	0.00572
2	0.01032	0.00890	0.01218	0.16964	0.18041	0.00997	0.02885	0.16515	0.21374	0.01607	0.03748	0.06720	0.01035	0.00544	0.00473	0.00137	0.04454	0.00463	0.00314	0.00588
3	0.01138	0.00890	0.01012	0.00981	0.09338	0.03307	0.00697	0.07723	0.45448	0.10303	0.01441	0.04054	0.01105	0.00530	0.00409	0.00129	0.00362	0.00443	0.02594	0.08096
4	0.03647	0.02697	0.01340	0.11033	0.21185	0.07039	0.08620	0.14363	0.02737	0.05886	0.00906	0.01148	0.00729	0.05969	0.00534	0.00141	0.02510	0.00380	0.03099	0.06036
5	0.00942	0.00806	0.01327	0.21620	0.32001	0.00840	0.07134	0.01220	0.05336	0.07419	0.04511	0.05638	0.04688	0.04114	0.00505	0.00145	0.00463	0.00478	0.00265	0.00548

[dist]
# distance from previous block
# <min> <max>
0	42

[block]
# block no. 3 follows, 64 sequences, length 11
# corresponding to MSA columns:
# 962-972
name=unknown_D
#
# <colnr> <probs for GDERKNQSTAVLIFYWHMCP>
#	G	D	E	R	K	N	Q	S	T	A	V	L	I	F	Y	W	H	M	C	P
0	0.00818	0.00739	0.01059	0.08219	0.26349	0.04125	0.02698	0.03144	0.02533	0.01253	0.03345	0.33204	0.01530	0.00745	0.00450	0.00137	0.00390	0.00679	0.00293	0.08292
1	0.02558	0.09467	0.01340	0.15176	0.13227	0.35762	0.03126	0.02597	0.01012	0.01123	0.00912	0.01075	0.05954	0.00464	0.00433	0.00120	0.04585	0.00347	0.00218	0.00504
2	0.06421	0.05951	0.01101	0.02352	0.01153	0.12298	0.00710	0.20220	0.34040	0.01738	0.02581	0.01202	0.00941	0.00591	0.02829	0.00146	0.04391	0.00389	0.00348	0.00600
3	0.02855	0.05101	0.01150	0.03279	0.01194	0.13417	0.04458	0.32902	0.06294	0.07975	0.05997	0.04895	0.02570	0.05426	0.00512	0.00141	0.00464	0.00442	0.00354	0.00576
4	0.04821	0.03294	0.05353	0.06844	0.05333	0.23726	0.17568	0.12414	0.02954	0.01423	0.05478	0.01064	0.00793	0.00462	0.00482	0.00128	0.06692	0.00379	0.00254	0.00539
5	0.00898	0.00747	0.00860	0.00673	0.00981	0.00659	0.00539	0.07393	0.11668	0.01464	0.01139	0.01335	0.04721	0.00593	0.05154	0.00122	0.00367	0.04060	0.00294	0.56333
6	0.01043	0.00998	0.04911	0.11812	0.09357	0.02349	0.16414	0.18464	0.10041	0.01588	0.06728	0.01301	0.00967	0.03262	0.02390	0.00157	0.06925	0.00436	0.00289	0.00566
7	0.00783	0.00388	0.00559	0.00544	0.00565	0.00382	0.00364	0.00646	0.00591	0.06143	0.00851	0.01444	0.00834	0.11250	0.01602	0.71863	0.00365	0.00393	0.00211	0.00223
8	0.03271	0.22552	0.03014	0.04147	0.02856	0.44778	0.06102	0.01448	0.01014	0.01059	0.00640	0.00782	0.00542	0.00420	0.00417	0.00112	0.05861	0.00282	0.00202	0.00502
9	0.01194	0.12102	0.19897	0.02632	0.03361	0.03295	0.20386	0.13738	0.05135	0.12810	0.00954	0.01039	0.00690	0.00420	0.00409	0.00126	0.00539	0.00375	0.00282	0.00615
10	0.00961	0.01077	0.14797	0.00977	0.03824	0.04047	0.07492	0.06989	0.30017	0.03352	0.06064	0.05506	0.09030	0.00611	0.00453	0.00138	0.01627	0.02123	0.00343	0.00573

[dist]
# distance from previous block
# <min> <max>
0	3

[block]
# block no. 4 follows, 64 sequences, length 7
# corresponding to MSA columns:
# 976-982
name=unknown_E
#
# <colnr> <probs for GDERKNQSTAVLIFYWHMCP>
#	G	D	E	R	K	N	Q	S	T	A	V	L	I	F	Y	W	H	M	C	P
0	0.01062	0.00900	0.02957	0.13368	0.24826	0.03732	0.00875	0.05438	0.03003	0.10052	0.00950	0.01088	0.02338	0.00401	0.00381	0.00108	0.00430	0.00345	0.00267	0.27479
1	0.00536	0.00408	0.00584	0.00635	0.00689	0.00380	0.04362	0.00630	0.00821	0.01086	0.02326	0.72486	0.07287	0.01233	0.00528	0.00167	0.00268	0.04847	0.00377	0.00351
2	0.02888	0.08294	0.01206	0.06367	0.20053	0.02470	0.00777	0.09651	0.03479	0.04959	0.00936	0.05672	0.00803	0.00620	0.06033	0.00144	0.00456	0.00373	0.00268	0.24551
3	0.07970	0.05542	0.02604	0.10447	0.06203	0.06663	0.03379	0.09090	0.08211	0.04374	0.02196	0.07029	0.00889	0.00524	0.00480	0.00125	0.08475	0.01587	0.00280	0.13932
4	0.11895	0.02314	0.03556	0.07395	0.10108	0.12253	0.06160	0.10285	0.02805	0.04538	0.00936	0.05967	0.00808	0.03215	0.07110	0.02127	0.00530	0.00397	0.00267	0.07333
5	0.06189	0.18930	0.04331	0.04434	0.05620	0.03094	0.00669	0.05829	0.00939	0.06998	0.00962	0.11174	0.00877	0.00484	0.00353	0.00103	0.00386	0.00388	0.00269	0.27970
6	0.00894	0.02697	0.04554	0.03013	0.12122	0.03454	0.02465	0.08909	0.11984	0.02763	0.03765	0.11405	0.06134	0.06647	0.12464	0.00230	0.03435	0.00541	0.02022	0.00502

[dist]
# distance from previous block
# <min> <max>
12	271

[block]
# block no. 5 follows, 64 sequences, length 19
# corresponding to MSA columns:
# 1284-1302
name=unknown_F
#
# <colnr> <probs for GDERKNQSTAVLIFYWHMCP>
#	G	D	E	R	K	N	Q	S	T	A	V	L	I	F	Y	W	H	M	C	P
0	0.05694	0.00905	0.03450	0.26595	0.04672	0.06313	0.04541	0.10734	0.08177	0.02977	0.02025	0.01353	0.04009	0.07764	0.00658	0.03478	0.05482	0.00413	0.00264	0.00496
1	0.04344	0.00987	0.02637	0.16437	0.16658	0.10025	0.04599	0.15026	0.04814	0.01438	0.00899	0.01141	0.00727	0.00970	0.17240	0.00236	0.00649	0.00378	0.00254	0.00540
2	0.00881	0.00751	0.01115	0.08188	0.30562	0.02315	0.00841	0.07155	0.02280	0.02362	0.01036	0.05259	0.00956	0.09608	0.24525	0.00311	0.00653	0.00453	0.00246	0.00506
3	0.00910	0.09427	0.08856	0.00776	0.00971	0.16836	0.00650	0.06751	0.05838	0.01243	0.04387	0.33259	0.06817	0.00818	0.00442	0.00137	0.00413	0.00690	0.00318	0.00459
4	0.00593	0.00445	0.00668	0.00668	0.00742	0.00519	0.00519	0.00742	0.00668	0.00964	0.01113	0.01632	0.01038	0.03115	0.83756	0.00668	0.01113	0.00445	0.00223	0.00371
5	0.00523	0.00378	0.00493	0.00566	0.00608	0.00351	0.00389	0.00614	0.00850	0.01135	0.11646	0.65512	0.07998	0.03256	0.00563	0.00169	0.00243	0.03973	0.00391	0.00344
6	0.82962	0.00797	0.00632	0.00558	0.00819	0.00912	0.00460	0.01271	0.00737	0.06913	0.00644	0.00721	0.00486	0.00394	0.00267	0.00129	0.00323	0.00237	0.00273	0.00466
7	0.00879	0.02088	0.78193	0.01170	0.01766	0.00985	0.01489	0.06255	0.00943	0.01396	0.00761	0.00884	0.00537	0.00401	0.00396	0.00131	0.00604	0.00311	0.00190	0.00620
8	0.00685	0.00440	0.00552	0.00559	0.00644	0.00418	0.00398	0.00856	0.04991	0.07596	0.24698	0.35825	0.05467	0.08737	0.00634	0.00170	0.00252	0.00853	0.05833	0.00393
9	0.00901	0.06087	0.01423	0.51297	0.12973	0.03999	0.07568	0.03393	0.02828	0.01197	0.03864	0.01141	0.00720	0.00423	0.00413	0.00132	0.00537	0.00383	0.00212	0.00509
10	0.00515	0.00390	0.00465	0.00512	0.00579	0.00351	0.00353	0.00603	0.00863	0.01112	0.09414	0.45232	0.29551	0.07296	0.00629	0.00173	0.00239	0.01002	0.00382	0.00340
11	0.01352	0.06397	0.01256	0.02319	0.02645	0.08143	0.03680	0.49231	0.01521	0.02010	0.00944	0.02309	0.00748	0.04947	0.00532	0.00136	0.04353	0.00379	0.03183	0.03915
12	0.00528	0.00390	0.00492	0.00544	0.00605	0.00357	0.00382	0.00634	0.00900	0.01194	0.18678	0.49697	0.16943	0.02949	0.00551	0.00162	0.00235	0.04010	0.00397	0.00351
13	0.02204	0.02991	0.03253	0.10564	0.04767	0.02387	0.00640	0.12324	0.04291	0.05849	0.04163	0.19371	0.16822	0.02725	0.05598	0.00178	0.00407	0.00653	0.00339	0.00474
14	0.04550	0.47896	0.20573	0.00891	0.02457	0.02570	0.02480	0.06858	0.05980	0.01264	0.00723	0.00808	0.00590	0.00390	0.00324	0.00108	0.00482	0.00276	0.00214	0.00570
15	0.00542	0.00421	0.00548	0.00661	0.05667	0.00386	0.00428	0.00643	0.00867	0.01132	0.07226	0.53454	0.22732	0.01153	0.00512	0.00157	0.00249	0.02479	0.00379	0.00364
16	0.00604	0.00413	0.00475	0.00476	0.00496	0.00402	0.00279	0.00621	0.00640	0.00862	0.01404	0.12810	0.01622	0.71093	0.01835	0.00358	0.00378	0.00659	0.00268	0.04305
17	0.02529	0.04082	0.07564	0.15128	0.19589	0.06701	0.02217	0.06117	0.03460	0.05496	0.03064	0.08419	0.08884	0.02354	0.02483	0.00150	0.00473	0.00489	0.00275	0.00527
18	0.08124	0.12896	0.06671	0.09668	0.11378	0.14148	0.07777	0.09496	0.08514	0.01417	0.02153	0.02202	0.00769	0.00454	0.00388	0.00124	0.00515	0.02496	0.00256	0.00554

[dist]
# distance from previous block
# <min> <max>
1	28

[block]
# block no. 6 follows, 64 sequences, length 11
# corresponding to MSA columns:
# 1331-1341
name=unknown_G
#
# <colnr> <probs for GDERKNQSTAVLIFYWHMCP>
#	G	D	E	R	K	N	Q	S	T	A	V	L	I	F	Y	W	H	M	C	P
0	0.04552	0.11338	0.17497	0.00911	0.01247	0.05271	0.02161	0.15639	0.05322	0.08109	0.00912	0.03790	0.00726	0.00483	0.00479	0.00122	0.09444	0.00352	0.00281	0.11364
1	0.01021	0.00767	0.03507	0.00779	0.01051	0.02489	0.07603	0.03922	0.02908	0.16707	0.04035	0.15090	0.01211	0.03075	0.02948	0.00138	0.01926	0.00502	0.00329	0.29991
2	0.07028	0.01090	0.11210	0.09371	0.29629	0.02552	0.12401	0.05035	0.03805	0.11067	0.02265	0.01098	0.00733	0.00414	0.00412	0.00130	0.00507	0.00383	0.00262	0.00607
3	0.00742	0.00421	0.00585	0.02812	0.00644	0.00429	0.00399	0.03388	0.03149	0.00858	0.01021	0.01500	0.06324	0.04586	0.01454	0.70470	0.00360	0.00409	0.00213	0.00235
4	0.00606	0.00457	0.00661	0.00652	0.00717	0.00527	0.00498	0.00740	0.00692	0.00993	0.06251	0.01811	0.01251	0.11506	0.66878	0.00588	0.04093	0.00478	0.00239	0.00363
5	0.03253	0.05903	0.01385	0.08678	0.30125	0.08927	0.04424	0.01260	0.04207	0.01280	0.00761	0.00957	0.00631	0.00395	0.00438	0.00112	0.05999	0.00328	0.00221	0.20715
6	0.00520	0.00375	0.00485	0.00562	0.00599	0.00350	0.00381	0.00600	0.00817	0.01081	0.05773	0.67266	0.09087	0.06561	0.00627	0.00180	0.00252	0.03768	0.00380	0.00337
7	0.00705	0.00571	0.00786	0.02574	0.00861	0.02851	0.03667	0.04518	0.00794	0.01112	0.06657	0.01742	0.02762	0.09378	0.51598	0.00484	0.05582	0.00474	0.02489	0.00395
8	0.01365	0.20957	0.01408	0.06556	0.01303	0.13683	0.00773	0.39276	0.01425	0.03746	0.00908	0.05109	0.00740	0.00489	0.00380	0.00117	0.00491	0.00364	0.00315	0.00597
9	0.06625	0.02298	0.01175	0.20421	0.13752	0.13400	0.00879	0.19710	0.03707	0.01537	0.01108	0.01342	0.06271	0.00564	0.02277	0.00141	0.00511	0.03458	0.00279	0.00544
10	0.01043	0.02431	0.06828	0.18587	0.33985	0.11296	0.01075	0.07354	0.05677	0.01345	0.00907	0.05957	0.00772	0.00463	0.00412	0.00128	0.00518	0.00404	0.00239	0.00576

[dist]
# distance from previous block
# <min> <max>
2	17

[block]
# block no. 7 follows, 64 sequences, length 15
# corresponding to MSA columns:
# 1359-1373
name=unknown_H
#
# <colnr> <probs for GDERKNQSTAVLIFYWHMCP>
#	G	D	E	R	K	N	Q	S	T	A	V	L	I	F	Y	W	H	M	C	P
0	0.02578	0.02002	0.02771	0.00716	0.04886	0.01806	0.02908	0.02523	0.00731	0.01017	0.01276	0.09432	0.01360	0.38621	0.21408	0.00384	0.00581	0.03108	0.01535	0.00356
1	0.00932	0.00674	0.00876	0.02176	0.03064	0.01834	0.05509	0.10453	0.07482	0.10474	0.35836	0.03259	0.08373	0.02916	0.00499	0.00136	0.00318	0.00599	0.00405	0.04186
2	0.05374	0.00690	0.00787	0.00752	0.04727	0.00724	0.00552	0.05371	0.28093	0.06995	0.16939	0.02109	0.12135	0.02918	0.02274	0.00150	0.00317	0.01762	0.04160	0.03170
3	0.80428	0.00818	0.00657	0.00575	0.00838	0.00937	0.00474	0.05346	0.00790	0.05173	0.00642	0.00721	0.00486	0.00397	0.00272	0.00128	0.00330	0.00240	0.00275	0.00473
4	0.02743	0.10842	0.22035	0.01074	0.02843	0.01149	0.09700	0.29223	0.05243	0.04222	0.00902	0.00997	0.00672	0.00538	0.03324	0.00146	0.03079	0.00358	0.00289	0.00621
5	0.00538	0.00528	0.06030	0.00521	0.00664	0.00399	0.00426	0.00684	0.00968	0.01247	0.21269	0.17013	0.46212	0.01003	0.00491	0.00142	0.00239	0.00860	0.00388	0.00375
6	0.05270	0.04535	0.07702	0.04171	0.14463	0.00804	0.23147	0.01045	0.00877	0.01246	0.02999	0.24992	0.01311	0.02021	0.03376	0.00164	0.00493	0.00629	0.00263	0.00492
7	0.00597	0.00431	0.00586	0.00694	0.06145	0.00404	0.00454	0.00717	0.00902	0.02837	0.16879	0.51338	0.08193	0.01090	0.00503	0.00154	0.00254	0.04033	0.03409	0.00381
8	0.21831	0.00919	0.01160	0.01155	0.17249	0.00957	0.04745	0.23072	0.01212	0.19670	0.01027	0.03502	0.00763	0.00466	0.00385	0.00128	0.00415	0.00377	0.00347	0.00619
9	0.00588	0.00407	0.00474	0.00481	0.00504	0.00403	0.00296	0.00621	0.00675	0.00894	0.03955	0.07988	0.09044	0.62822	0.07279	0.00370	0.00416	0.02224	0.00279	0.00281
10	0.03738	0.01205	0.19871	0.06353	0.13652	0.01006	0.02380	0.22862	0.08338	0.04514	0.00994	0.03519	0.00778	0.00656	0.06037	0.00168	0.02635	0.00393	0.00291	0.00609
11	0.00534	0.00496	0.06046	0.00597	0.00683	0.00387	0.00459	0.00647	0.00846	0.01123	0.06805	0.61916	0.13980	0.01177	0.00514	0.00161	0.00262	0.02630	0.00375	0.00362
12	0.00998	0.02010	0.07963	0.02339	0.05012	0.06378	0.04697	0.17054	0.09650	0.04101	0.19481	0.04742	0.07581	0.03306	0.00497	0.00141	0.00402	0.02760	0.00358	0.00531
13	0.08054	0.03262	0.00973	0.00792	0.02752	0.00786	0.09947	0.18021	0.05636	0.04358	0.04857	0.06322	0.07616	0.00570	0.00389	0.00123	0.00349	0.00484	0.24200	0.00510
14	0.03534	0.04141	0.01208	0.02185	0.15223	0.10252	0.03945	0.18864	0.08550	0.01581	0.01091	0.07251	0.02634	0.00538	0.00466	0.00126	0.06043	0.01489	0.03816	0.07064

[dist]
# distance from previous block
# <min> <max>
70	396

[block]
# block no. 8 follows, 64 sequences, length 13
# corresponding to MSA columns:
# 1880-1892
name=unknown_I
#
# <colnr> <probs for GDERKNQSTAVLIFYWHMCP>
#	G	D	E	R	K	N	Q	S	T	A	V	L	I	F	Y	W	H	M	C	P
0	0.02911	0.00836	0.02780	0.14918	0.09845	0.05789	0.04272	0.12048	0.03007	0.09275	0.04158	0.13421	0.05245	0.04221	0.02069	0.00159	0.00448	0.03765	0.00319	0.00513
1	0.00919	0.03662	0.01151	0.21724	0.09467	0.03691	0.04777	0.11550	0.04879	0.01399	0.08227	0.08579	0.03486	0.01756	0.04314	0.00158	0.02945	0.00488	0.00284	0.06544
2	0.02619	0.03524	0.02540	0.24598	0.16608	0.04326	0.02199	0.11349	0.03422	0.01368	0.01223	0.08399	0.06656	0.02029	0.02026	0.00146	0.00471	0.02343	0.00268	0.03886
3	0.02724	0.04627	0.04332	0.15331	0.14513	0.02961	0.04621	0.14229	0.08429	0.04715	0.02419	0.04089	0.03629	0.00616	0.03830	0.00153	0.05453	0.00424	0.00284	0.02622
4	0.05528	0.04526	0.02827	0.18606	0.17364	0.04691	0.03286	0.06245	0.07324	0.06394	0.01109	0.06210	0.04544	0.00537	0.00506	0.00136	0.08920	0.00436	0.00268	0.00542
5	0.01036	0.00998	0.06703	0.15372	0.13773	0.07445	0.07391	0.09600	0.03374	0.06634	0.04650	0.05921	0.00994	0.03445	0.00509	0.00139	0.02928	0.02467	0.00278	0.06343
6	0.03157	0.07057	0.05732	0.12586	0.11117	0.05784	0.03848	0.09313	0.01030	0.09334	0.05717	0.15204	0.01205	0.02543	0.00457	0.00135	0.00437	0.00512	0.00299	0.04533
7	0.02809	0.03836	0.02982	0.09403	0.15708	0.08012	0.04789	0.15854	0.08368	0.06333	0.02385	0.04757	0.02864	0.00581	0.01854	0.02463	0.04293	0.00422	0.00295	0.01993
8	0.04138	0.06548	0.09663	0.14031	0.07848	0.09265	0.00896	0.10745	0.12316	0.06812	0.00985	0.01176	0.00772	0.00476	0.00432	0.00127	0.03897	0.03302	0.00283	0.06288
9	0.01211	0.05584	0.01368	0.01395	0.22944	0.23356	0.06029	0.11756	0.04746	0.03741	0.03183	0.05030	0.00859	0.00556	0.02863	0.00137	0.02107	0.00397	0.00269	0.02468
10	0.00641	0.00466	0.00597	0.03187	0.00671	0.00490	0.00395	0.00701	0.00647	0.00902	0.01151	0.02131	0.01229	0.48917	0.23591	0.03016	0.03464	0.00511	0.00237	0.07056
11	0.02270	0.01437	0.36181	0.01302	0.12998	0.02728	0.08396	0.03526	0.02854	0.03221	0.03241	0.01098	0.00743	0.02766	0.00572	0.00143	0.11216	0.00371	0.04370	0.00568
12	0.00551	0.00408	0.00527	0.04514	0.00695	0.00390	0.00404	0.00656	0.00873	0.01163	0.18727	0.41806	0.12518	0.11981	0.00717	0.00187	0.00267	0.02898	0.00373	0.00346

[dist]
# distance from previous block
# <min> <max>
0	3

[block]
# block no. 9 follows, 64 sequences, length 26
# corresponding to MSA columns:
# 1896-1921
name=unknown_J
#
# <colnr> <probs for GDERKNQSTAVLIFYWHMCP>
#	G	D	E	R	K	N	Q	S	T	A	V	L	I	F	Y	W	H	M	C	P
0	0.02497	0.01010	0.01420	0.08285	0.40971	0.05038	0.02141	0.15670	0.02883	0.07621	0.00880	0.01039	0.00683	0.00425	0.00443	0.00125	0.03759	0.00365	0.00271	0.04475
1	0.06294	0.03145	0.04884	0.14846	0.26892	0.12160	0.02754	0.04335	0.02700	0.04698	0.00830	0.03430	0.00685	0.00445	0.00446	0.00125	0.05148	0.00364	0.00236	0.05584
2	0.09940	0.01127	0.09233	0.21743	0.11142	0.12903	0.09342	0.03943	0.05227	0.03715	0.02478	0.03052	0.03460	0.00463	0.00406	0.00131	0.00526	0.00396	0.00246	0.00529
3	0.01107	0.08324	0.05174	0.01158	0.05317	0.08304	0.09548	0.06580	0.05568	0.06716	0.00778	0.00978	0.00642	0.00557	0.00819	0.00148	0.37142	0.00365	0.00240	0.00537
4	0.01115	0.00588	0.00751	0.00646	0.00841	0.00547	0.00515	0.08128	0.01187	0.30075	0.30247	0.04697	0.09143	0.02703	0.00504	0.00142	0.00295	0.06900	0.00455	0.00520
5	0.00923	0.02835	0.00811	0.00764	0.03932	0.00622	0.01851	0.09729	0.07238	0.13169	0.07587	0.30619	0.07852	0.00904	0.00480	0.00150	0.00319	0.09331	0.00400	0.00485
6	0.88336	0.00803	0.00611	0.00546	0.00803	0.00932	0.00450	0.01221	0.00707	0.01864	0.00578	0.00675	0.00450	0.00386	0.00257	0.00129	0.00321	0.00225	0.00257	0.00450
7	0.00577	0.00428	0.00540	0.00522	0.00627	0.00391	0.00398	0.00757	0.01122	0.01544	0.63780	0.03363	0.17212	0.00904	0.00496	0.00136	0.00211	0.06168	0.00440	0.00384
8	0.00723	0.00444	0.00566	0.00558	0.00670	0.00402	0.00416	0.00864	0.01014	0.11899	0.30868	0.26312	0.15754	0.00971	0.00491	0.00145	0.00240	0.04514	0.02740	0.00410
9	0.00610	0.00424	0.00490	0.00489	0.00515	0.00428	0.00300	0.00684	0.03836	0.00927	0.06418	0.06311	0.04797	0.65313	0.06469	0.00371	0.00413	0.00635	0.00280	0.00290
10	0.00562	0.00417	0.00525	0.00569	0.00645	0.00391	0.00422	0.00702	0.02362	0.01224	0.18576	0.34272	0.17604	0.05228	0.00598	0.00171	0.00260	0.14720	0.00393	0.00360
11	0.00936	0.18470	0.52704	0.01121	0.04785	0.04343	0.01261	0.01330	0.04107	0.01237	0.00736	0.00865	0.00564	0.00413	0.00427	0.00125	0.05498	0.00301	0.00189	0.00587
12	0.00509	0.00414	0.00440	0.00447	0.00561	0.00357	0.00323	0.00609	0.00921	0.01131	0.09644	0.11893	0.62116	0.08017	0.00629	0.00164	0.00228	0.00875	0.00380	0.00344
13	0.02157	0.07303	0.12488	0.00895	0.06988	0.04197	0.06277	0.01028	0.04001	0.02642	0.21554	0.13782	0.13570	0.00730	0.00447	0.00134	0.00371	0.00637	0.00327	0.00471
14	0.03666	0.01255	0.05417	0.03117	0.05554	0.13321	0.02618	0.48486	0.03270	0.04397	0.00967	0.02790	0.00728	0.00487	0.00406	0.00124	0.00499	0.00374	0.01889	0.00636
15	0.00809	0.00464	0.00525	0.00481	0.00639	0.00410	0.00371	0.00954	0.00999	0.15728	0.12314	0.02881	0.40489	0.00804	0.00432	0.00127	0.00230	0.00670	0.20247	0.00427
16	0.01136	0.05224	0.15385	0.05001	0.08342	0.04054	0.02223	0.25293	0.19662	0.01766	0.03773	0.03281	0.01993	0.00507	0.00412	0.00129	0.00459	0.00413	0.00325	0.00621
17	0.14989	0.43053	0.01581	0.00801	0.01091	0.24396	0.00700	0.03147	0.00942	0.02942	0.00627	0.00720	0.00535	0.00397	0.00330	0.00104	0.02673	0.00246	0.00213	0.00511
18	0.00506	0.00361	0.00482	0.00578	0.00602	0.00337	0.00386	0.00578	0.00795	0.01060	0.02289	0.85131	0.02747	0.01301	0.00530	0.00169	0.00241	0.01181	0.00386	0.00337
19	0.00861	0.00738	0.00861	0.00615	0.00984	0.00554	0.00492	0.01046	0.00861	0.01354	0.00738	0.00861	0.00615	0.00308	0.00308	0.00062	0.00308	0.00246	0.00246	0.87941
20	0.00938	0.00758	0.02224	0.02564	0.01075	0.00623	0.04674	0.04344	0.03702	0.07450	0.02148	0.04309	0.03459	0.00467	0.01553	0.00097	0.00352	0.01360	0.01675	0.56229
21	0.00615	0.00538	0.04583	0.00615	0.00704	0.02350	0.00470	0.03129	0.00870	0.01164	0.10074	0.41289	0.08216	0.10172	0.07760	0.00226	0.00369	0.04982	0.01506	0.00368
22	0.01016	0.00982	0.01470	0.16964	0.50606	0.06037	0.01129	0.04203	0.02906	0.01319	0.00793	0.01039	0.00651	0.00460	0.02293	0.00137	0.02973	0.00362	0.00217	0.04443
23	0.04844	0.01641	0.01188	0.05209	0.06022	0.55247	0.00825	0.13906	0.04892	0.01351	0.00754	0.00854	0.00599	0.00439	0.00383	0.00115	0.00644	0.00302	0.00254	0.00532
24	0.00869	0.00702	0.01034	0.06797	0.30259	0.00720	0.00755	0.06223	0.02627	0.03196	0.03539	0.05644	0.02285	0.28116	0.01009	0.02477	0.00428	0.02581	0.00267	0.00471
25	0.00822	0.00639	0.00697	0.00662	0.00807	0.02547	0.00499	0.02991	0.27930	0.04950	0.09174	0.10870	0.13970	0.13730	0.00720	0.00185	0.00320	0.07634	0.00386	0.00469

[dist]
# distance from previous block
# <min> <max>
0	3

[block]
# block no. 10 follows, 64 sequences, length 76
# corresponding to MSA columns:
# 1925-1956,1958-2001
name=unknown_K
#
# <colnr> <probs for GDERKNQSTAVLIFYWHMCP>
#	G	D	E	R	K	N	Q	S	T	A	V	L	I	F	Y	W	H	M	C	P
0	0.24692	0.00988	0.01044	0.07100	0.09984	0.07866	0.02416	0.15314	0.19237	0.02690	0.01001	0.02779	0.00782	0.00514	0.01771	0.00139	0.00437	0.00366	0.00311	0.00568
1	0.00600	0.00420	0.00541	0.00541	0.00571	0.00450	0.00361	0.00660	0.00630	0.00870	0.01228	0.02273	0.01317	0.51702	0.35551	0.00511	0.00693	0.00539	0.00240	0.00300
2	0.01031	0.65409	0.05667	0.00716	0.01037	0.01390	0.00706	0.01202	0.02504	0.02415	0.00897	0.04074	0.02836	0.01950	0.00343	0.00108	0.00426	0.04732	0.02043	0.00514
3	0.00665	0.00475	0.00663	0.00751	0.00847	0.00473	0.00653	0.00856	0.00969	0.01267	0.06837	0.04594	0.02479	0.01130	0.00569	0.00188	0.00372	0.75442	0.00387	0.00383
4	0.01111	0.85652	0.02177	0.00711	0.01066	0.01644	0.00711	0.01244	0.00844	0.00977	0.00577	0.00666	0.00533	0.00355	0.00267	0.00089	0.00444	0.00222	0.00178	0.00533
5	0.00861	0.00738	0.00861	0.00615	0.00984	0.00554	0.00492	0.01046	0.00861	0.01354	0.00738	0.00861	0.00615	0.00308	0.00308	0.00062	0.00308	0.00246	0.00246	0.87941
6	0.00604	0.00403	0.00453	0.00453	0.00453	0.00403	0.00252	0.00604	0.00604	0.00805	0.01309	0.02718	0.01510	0.85402	0.02114	0.00403	0.00403	0.00604	0.00252	0.00252
7	0.00566	0.00422	0.00526	0.00503	0.00608	0.00382	0.00376	0.00741	0.01120	0.01541	0.64730	0.05351	0.19796	0.00902	0.00491	0.00134	0.00200	0.00787	0.00441	0.00382
8	0.00578	0.00450	0.00528	0.00504	0.00625	0.00414	0.00379	0.00797	0.05758	0.01471	0.49208	0.03341	0.32607	0.00907	0.00486	0.00135	0.00209	0.00781	0.00429	0.00392
9	0.00730	0.00485	0.00577	0.00539	0.00686	0.00442	0.00414	0.00941	0.06007	0.11163	0.31682	0.06357	0.33868	0.00898	0.00482	0.00138	0.00237	0.03498	0.00429	0.00427
10	0.01270	0.00980	0.01050	0.00871	0.01145	0.01097	0.00698	0.35968	0.41313	0.04775	0.03571	0.01403	0.02841	0.00552	0.00423	0.00133	0.00378	0.00443	0.00423	0.00666
11	0.00602	0.00402	0.00454	0.00456	0.00457	0.00401	0.00255	0.00603	0.00609	0.00811	0.01332	0.04644	0.01539	0.83436	0.02077	0.00397	0.00399	0.00618	0.00255	0.00254
12	0.86552	0.00801	0.00618	0.00550	0.00809	0.00925	0.00453	0.01238	0.00717	0.03540	0.00600	0.00690	0.00462	0.00388	0.00260	0.00129	0.00322	0.00229	0.00262	0.00455
13	0.00921	0.00853	0.01432	0.43899	0.38835	0.00948	0.01186	0.01203	0.02814	0.02794	0.00798	0.01088	0.00627	0.00400	0.00414	0.00132	0.00517	0.00373	0.00206	0.00559
14	0.00909	0.00853	0.01430	0.45830	0.35309	0.00954	0.02206	0.03679	0.00917	0.01238	0.00793	0.01139	0.00636	0.00412	0.00418	0.00133	0.00525	0.01867	0.00204	0.00549
15	0.00811	0.00691	0.00736	0.00676	0.00832	0.05442	0.00516	0.01371	0.31690	0.01655	0.47344	0.02381	0.02724	0.00717	0.00458	0.00133	0.00278	0.00617	0.00430	0.00497
16	0.00597	0.00405	0.00479	0.00483	0.00495	0.00410	0.00290	0.00622	0.00639	0.00863	0.03907	0.07379	0.01611	0.69857	0.09938	0.00406	0.00456	0.00626	0.00263	0.00273
17	0.00901	0.00857	0.01456	0.45368	0.40989	0.00953	0.01211	0.01163	0.00886	0.01202	0.00759	0.01070	0.00603	0.00394	0.00413	0.00131	0.00525	0.00370	0.00195	0.00555
18	0.01074	0.00913	0.00962	0.00854	0.01096	0.01052	0.00667	0.08117	0.76084	0.01803	0.01639	0.01509	0.01226	0.00559	0.00422	0.00140	0.00338	0.00462	0.00422	0.00661
19	0.07788	0.01109	0.01199	0.00919	0.01250	0.01210	0.02293	0.68839	0.01773	0.02456	0.00947	0.00967	0.00680	0.00475	0.00398	0.00121	0.00442	0.00357	0.00389	0.06386
20	0.00763	0.00439	0.00605	0.00582	0.00612	0.00465	0.00408	0.04045	0.02405	0.00925	0.03397	0.01382	0.00885	0.04374	0.04293	0.64315	0.04173	0.00389	0.05291	0.00253
21	0.00936	0.00902	0.01563	0.32628	0.49339	0.00967	0.05254	0.01199	0.00905	0.01247	0.00768	0.01062	0.00618	0.00386	0.00417	0.00130	0.00526	0.00376	0.00198	0.00581
22	0.00959	0.00917	0.01507	0.32504	0.50415	0.02401	0.01212	0.02847	0.00928	0.01269	0.00768	0.01052	0.00619	0.00390	0.00412	0.00129	0.00519	0.00368	0.00202	0.00584
23	0.00921	0.00931	0.01290	0.02824	0.01149	0.02984	0.02262	0.01020	0.00657	0.01007	0.00556	0.00913	0.00547	0.00708	0.01308	0.00179	0.79740	0.00364	0.00183	0.00457
24	0.01200	0.05083	0.01088	0.00901	0.02075	0.11981	0.00705	0.17446	0.49028	0.01772	0.03394	0.01328	0.01087	0.00528	0.00409	0.00130	0.00413	0.00419	0.00381	0.00631
25	0.00506	0.00361	0.00482	0.00578	0.00602	0.00337	0.00386	0.00578	0.00795	0.01060	0.02289	0.85131	0.02747	0.01301	0.00530	0.00169	0.00241	0.01181	0.00386	0.00337
26	0.01481	0.04585	0.03146	0.01055	0.01296	0.67217	0.02458	0.07040	0.05751	0.01177	0.00729	0.00819	0.00589	0.00436	0.00379	0.00111	0.00692	0.00290	0.00237	0.00513
27	0.00861	0.00738	0.00861	0.00615	0.00984	0.00554	0.00492	0.01046	0.00861	0.01354	0.00738	0.00861	0.00615	0.00308	0.00308	0.00062	0.00308	0.00246	0.00246	0.87941
28	0.00651	0.00682	0.09284	0.02381	0.00861	0.00546	0.01960	0.00977	0.11459	0.01429	0.33462	0.04496	0.26716	0.00866	0.02263	0.00148	0.00298	0.00696	0.00385	0.00440
29	0.00603	0.00416	0.00528	0.00528	0.00553	0.00442	0.00345	0.00650	0.00624	0.00858	0.01232	0.02323	0.01336	0.55926	0.29848	0.02071	0.00643	0.00546	0.00240	0.00291
30	0.02581	0.08148	0.01221	0.01029	0.02131	0.70784	0.00780	0.01565	0.01114	0.01025	0.00665	0.00796	0.00564	0.00576	0.05176	0.00138	0.00739	0.00275	0.00212	0.00481
31	0.00863	0.02030	0.73817	0.01233	0.01822	0.00980	0.09093	0.03037	0.00910	0.01345	0.00760	0.00903	0.00540	0.00393	0.00404	0.00132	0.00619	0.00326	0.00184	0.00611
32	0.00847	0.00754	0.01213	0.42586	0.18869	0.00858	0.02956	0.03867	0.03560	0.01244	0.03834	0.01277	0.00820	0.02187	0.07899	0.00184	0.00546	0.00402	0.05598	0.00501
33	0.00799	0.00446	0.00576	0.00580	0.00689	0.00402	0.00420	0.00909	0.00930	0.17962	0.09343	0.47954	0.12132	0.01041	0.00490	0.00151	0.00255	0.00921	0.03578	0.00421
34	0.02908	0.00751	0.00912	0.00733	0.01011	0.05399	0.00594	0.03503	0.02614	0.61629	0.08108	0.04246	0.02958	0.00583	0.00427	0.00130	0.00359	0.02020	0.00475	0.00639
35	0.00593	0.00401	0.00453	0.00459	0.00468	0.00396	0.00263	0.00602	0.00632	0.00836	0.01508	0.07971	0.05425	0.76115	0.01938	0.00376	0.00383	0.00653	0.00266	0.00262
36	0.00834	0.05582	0.65942	0.01113	0.02844	0.00933	0.03294	0.01252	0.00882	0.01293	0.00940	0.01055	0.05275	0.00423	0.00391	0.00125	0.00562	0.00337	0.00194	0.06729
37	0.00557	0.00422	0.00514	0.00497	0.00605	0.00379	0.00372	0.00721	0.01090	0.01475	0.55073	0.06538	0.27358	0.00931	0.00493	0.00136	0.00204	0.01827	0.00432	0.00377
38	0.00633	0.00538	0.05337	0.00627	0.00714	0.00483	0.00487	0.04087	0.00801	0.01101	0.03533	0.27674	0.02977	0.21085	0.19359	0.00329	0.00511	0.07015	0.02347	0.00363
39	0.01033	0.06302	0.14323	0.04719	0.05469	0.03307	0.00798	0.11624	0.02495	0.05160	0.00847	0.02381	0.00672	0.00392	0.00356	0.00097	0.00420	0.00312	0.00264	0.39028
40	0.01076	0.02411	0.05544	0.02839	0.02706	0.21481	0.03303	0.06740	0.04381	0.01177	0.00803	0.04523	0.00732	0.02497	0.06159	0.00186	0.32333	0.00389	0.00230	0.00489
41	0.00833	0.02149	0.83250	0.01184	0.01798	0.00965	0.01535	0.01315	0.00877	0.01315	0.00745	0.00877	0.00526	0.00395	0.00395	0.00132	0.00614	0.00307	0.00175	0.00614
42	0.02876	0.01004	0.07661	0.08938	0.16723	0.01760	0.07832	0.14124	0.17595	0.05593	0.01243	0.03928	0.02667	0.00534	0.00433	0.00137	0.00458	0.05579	0.00316	0.00598
43	0.05663	0.04514	0.01209	0.01035	0.02224	0.49926	0.00802	0.10643	0.03050	0.01258	0.00687	0.00821	0.00571	0.00486	0.00545	0.00124	0.15397	0.00299	0.00237	0.00509
44	0.00609	0.00428	0.00536	0.00532	0.00553	0.00459	0.00346	0.00654	0.00623	0.00857	0.01232	0.02356	0.01349	0.59320	0.25856	0.00474	0.02733	0.00552	0.00241	0.00291
45	0.10606	0.21651	0.11642	0.02676	0.03246	0.17107	0.00838	0.14756	0.06970	0.03609	0.00797	0.00872	0.00622	0.00431	0.00376	0.00117	0.02557	0.00300	0.00260	0.00566
46	0.00542	0.00400	0.00463	0.00484	0.00546	0.00368	0.00323	0.00617	0.00830	0.01075	0.12422	0.24399	0.27410	0.27086	0.01001	0.00227	0.00276	0.00856	0.00353	0.00322
47	0.00998	0.06361	0.01462	0.01141	0.02976	0.13355	0.20041	0.03032	0.03913	0.01250	0.12319	0.01364	0.01127	0.00638	0.02797	0.00156	0.24030	0.02293	0.00252	0.00493
48	0.00589	0.00401	0.00453	0.00460	0.00471	0.00394	0.00266	0.00602	0.00641	0.00845	0.01572	0.08852	0.06959	0.73658	0.01891	0.00368	0.00378	0.00664	0.00270	0.00265
49	0.01142	0.02794	0.01322	0.11815	0.27683	0.12252	0.02602	0.15743	0.08308	0.03089	0.01001	0.06566	0.00851	0.02460	0.00455	0.00134	0.00497	0.00424	0.00279	0.00584
50	0.00563	0.00424	0.00521	0.00497	0.00605	0.00381	0.00372	0.00736	0.01117	0.01527	0.62642	0.03330	0.23956	0.00901	0.00490	0.00133	0.00200	0.00783	0.00439	0.00381
51	0.00549	0.00403	0.00510	0.00569	0.00631	0.00379	0.00414	0.00651	0.00854	0.01114	0.07217	0.40437	0.17747	0.09355	0.02709	0.00200	0.00295	0.15248	0.00372	0.00344
52	0.01111	0.85652	0.02177	0.00711	0.01066	0.01644	0.00711	0.01244	0.00844	0.00977	0.00577	0.00666	0.00533	0.00355	0.00267	0.00089	0.00444	0.00222	0.00178	0.00533
53	0.00987	0.00954	0.01642	0.14435	0.65083	0.00989	0.04686	0.01237	0.00921	0.01301	0.00770	0.01040	0.00638	0.00387	0.00445	0.00128	0.03162	0.00375	0.00202	0.00619
54	0.01111	0.85652	0.02177	0.00711	0.01066	0.01644	0.00711	0.01244	0.00844	0.00977	0.00577	0.00666	0.00533	0.00355	0.00267	0.00089	0.00444	0.00222	0.00178	0.00533
55	0.03364	0.00967	0.01231	0.13817	0.04942	0.02978	0.02726	0.30680	0.01238	0.09359	0.00888	0.01051	0.00677	0.00639	0.04213	0.00164	0.19808	0.00374	0.00305	0.00580
56	0.00585	0.00402	0.00454	0.00460	0.00482	0.00390	0.00274	0.00603	0.00672	0.00879	0.03318	0.07932	0.12648	0.65138	0.01753	0.02421	0.00362	0.00674	0.00280	0.00271
57	0.01475	0.01107	0.01185	0.00932	0.01243	0.01231	0.00762	0.67794	0.14180	0.02454	0.01128	0.02662	0.00831	0.00524	0.00419	0.00128	0.00433	0.00404	0.00416	0.00692
58	0.00704	0.00527	0.00646	0.00688	0.05365	0.03123	0.00440	0.03789	0.00739	0.02363	0.01296	0.10385	0.01388	0.42617	0.23730	0.00410	0.00595	0.00583	0.00264	0.00348
59	0.01188	0.01373	0.01231	0.01082	0.01175	0.37050	0.00863	0.01286	0.00871	0.01007	0.00587	0.00839	0.00541	0.00597	0.00934	0.00149	0.48244	0.00322	0.00196	0.00466
60	0.01131	0.79313	0.03585	0.00740	0.01092	0.06370	0.00731	0.01269	0.00864	0.00986	0.00584	0.00675	0.00533	0.00360	0.00275	0.00091	0.00465	0.00226	0.00180	0.00532
61	0.01063	0.12482	0.08364	0.05035	0.26493	0.16708	0.08250	0.01272	0.00930	0.01168	0.00778	0.01097	0.00683	0.06381	0.00551	0.00140	0.04102	0.01684	0.00207	0.02614
62	0.00558	0.00423	0.00514	0.00492	0.00602	0.00379	0.00369	0.00727	0.01106	0.01500	0.58736	0.03375	0.27878	0.00911	0.00490	0.00134	0.00200	0.00789	0.00435	0.00379
63	0.06427	0.00680	0.00887	0.00693	0.00988	0.00605	0.00570	0.01875	0.01131	0.70498	0.01553	0.01387	0.01001	0.00504	0.00396	0.00125	0.00336	0.00404	0.09280	0.00661
64	0.01005	0.15289	0.12423	0.05660	0.06615	0.05634	0.02529	0.09445	0.07230	0.02902	0.02431	0.02920	0.01831	0.03476	0.05357	0.00172	0.08617	0.05669	0.00262	0.00532
65	0.17231	0.00596	0.00682	0.04191	0.00859	0.00620	0.00494	0.01210	0.05607	0.17832	0.09274	0.03651	0.10504	0.00882	0.09480	0.00187	0.01929	0.00481	0.13814	0.00476
66	0.01289	0.12167	0.06535	0.00978	0.04539	0.02586	0.02760	0.44427	0.07399	0.01956	0.01027	0.01144	0.02326	0.05167	0.01537	0.00145	0.02679	0.00381	0.00335	0.00623
67	0.00519	0.00394	0.00474	0.00517	0.00591	0.00354	0.00364	0.00617	0.00891	0.01152	0.13036	0.42447	0.29810	0.04415	0.00574	0.00164	0.00234	0.02713	0.00389	0.00346
68	0.02242	0.03020	0.01101	0.02843	0.06622	0.03385	0.00692	0.29378	0.06653	0.04819	0.00948	0.02505	0.00739	0.00430	0.00371	0.00102	0.00397	0.00340	0.00323	0.33089
69	0.00629	0.00392	0.00528	0.00555	0.00602	0.00372	0.00390	0.00650	0.00797	0.02737	0.14669	0.28535	0.08379	0.04993	0.00939	0.28039	0.00288	0.05874	0.00328	0.00304
70	0.02425	0.01153	0.04624	0.09657	0.18038	0.14097	0.09258	0.14401	0.09876	0.04603	0.01018	0.01173	0.02791	0.02678	0.00480	0.00136	0.02336	0.00394	0.00279	0.00582
71	0.04116	0.38719	0.24957	0.00997	0.03354	0.02873	0.08753	0.04020	0.02529	0.01224	0.00769	0.04543	0.00659	0.00420	0.00350	0.00114	0.00509	0.00329	0.00207	0.00557
72	0.00535	0.00400	0.00497	0.00551	0.00621	0.00367	0.00399	0.00642	0.00890	0.01158	0.11780	0.42138	0.23223	0.04188	0.00578	0.00168	0.00252	0.10875	0.00388	0.00349
73	0.00671	0.01558	0.03847	0.01548	0.00803	0.00541	0.00526	0.03835	0.11371	0.01337	0.12914	0.23335	0.20369	0.00980	0.00496	0.00153	0.00292	0.14610	0.00387	0.00424
74	0.04285	0.09229	0.17668	0.03887	0.15223	0.11995	0.11499	0.10174	0.04547	0.03694	0.00852	0.02052	0.00666	0.00421	0.00395	0.00124	0.00546	0.00357	0.01801	0.00586
75	0.02164	0.00959	0.12842	0.06048	0.16665	0.02394	0.04410	0.03559	0.07693	0.05946	0.04731	0.04507	0.06539	0.04985	0.06956	0.00192	0.03852	0.04748	0.00284	0.00526

[dist]
# distance from previous block
# <min> <max>
3	115

[block]
# block no. 11 follows, 64 sequences, length 10
# corresponding to MSA columns:
# 2129-2138
name=unknown_L
#
# <colnr> <probs for GDERKNQSTAVLIFYWHMCP>
#	G	D	E	R	K	N	Q	S	T	A	V	L	I	F	Y	W	H	M	C	P
0	0.01067	0.12536	0.08825	0.00949	0.05450	0.05259	0.04019	0.09963	0.22627	0.04379	0.07456	0.02580	0.01123	0.00506	0.00396	0.00121	0.00418	0.02309	0.00321	0.09698
1	0.00594	0.00434	0.00576	0.00614	0.00667	0.00447	0.00456	0.00701	0.00800	0.01078	0.07938	0.25391	0.05499	0.18243	0.14737	0.00299	0.03295	0.17554	0.00330	0.00344
2	0.01132	0.13920	0.29803	0.03336	0.03955	0.15114	0.01032	0.12242	0.02548	0.03891	0.00859	0.00957	0.02209	0.00438	0.00403	0.00119	0.02961	0.00320	0.02230	0.02532
3	0.00515	0.00390	0.00469	0.00515	0.00585	0.00351	0.00358	0.00609	0.00881	0.01140	0.12240	0.45745	0.28722	0.04762	0.00580	0.00165	0.00233	0.01007	0.00388	0.00344
4	0.01006	0.00905	0.04006	0.00961	0.12350	0.05199	0.00681	0.07873	0.02842	0.04986	0.05320	0.02604	0.00873	0.00404	0.00359	0.00091	0.00376	0.00335	0.00280	0.48548
5	0.00529	0.00378	0.00509	0.00605	0.00639	0.00357	0.00426	0.00619	0.00818	0.01086	0.02277	0.73641	0.02696	0.01279	0.00536	0.00172	0.00261	0.12441	0.00385	0.00344
6	0.01100	0.13694	0.08028	0.01303	0.16316	0.14723	0.09811	0.07303	0.08194	0.01336	0.03350	0.03111	0.02807	0.00483	0.00469	0.00126	0.06644	0.00391	0.00250	0.00562
7	0.00549	0.00397	0.00504	0.00575	0.00615	0.00381	0.00394	0.00659	0.03445	0.01065	0.02243	0.59596	0.07356	0.12978	0.00749	0.00200	0.00276	0.07311	0.00368	0.00340
8	0.04029	0.08054	0.03335	0.02611	0.08167	0.14389	0.02255	0.10186	0.11718	0.01375	0.02983	0.03780	0.02179	0.02353	0.03755	0.00161	0.14869	0.03000	0.00275	0.00527
9	0.07146	0.20300	0.07250	0.05373	0.16128	0.07965	0.03218	0.07092	0.03197	0.02799	0.06616	0.02732	0.04755	0.00564	0.03064	0.00137	0.00481	0.00388	0.00257	0.00541

[dist]
# distance from previous block
# <min> <max>
1	15

[block]
# block no. 12 follows, 64 sequences, length 30
# corresponding to MSA columns:
# 2154-2183
name=unknown_M
#
# <colnr> <probs for GDERKNQSTAVLIFYWHMCP>
#	G	D	E	R	K	N	Q	S	T	A	V	L	I	F	Y	W	H	M	C	P
0	0.12655	0.16984	0.11502	0.06693	0.06925	0.07553	0.02482	0.08646	0.02759	0.07344	0.03534	0.04748	0.03233	0.00493	0.00372	0.00123	0.00454	0.01491	0.01467	0.00541
1	0.03436	0.12933	0.10986	0.03538	0.22937	0.07106	0.00916	0.05358	0.10193	0.03010	0.01064	0.02896	0.04303	0.02209	0.03700	0.00147	0.00491	0.00384	0.00256	0.04139
2	0.00844	0.04094	0.01072	0.02386	0.13538	0.00856	0.01936	0.08124	0.02968	0.01249	0.05968	0.01466	0.03075	0.03345	0.31454	0.00342	0.16120	0.00436	0.00251	0.00477
3	0.01149	0.07725	0.06266	0.06112	0.03675	0.15649	0.09225	0.13687	0.04902	0.06115	0.02447	0.01326	0.08524	0.01957	0.00489	0.00129	0.05199	0.00409	0.00285	0.04731
4	0.01015	0.00800	0.00922	0.00674	0.01033	0.00670	0.00543	0.12400	0.02745	0.05593	0.00839	0.00922	0.00662	0.00350	0.00331	0.00075	0.00331	0.00277	0.00287	0.69529
5	0.00783	0.00745	0.05306	0.05118	0.15305	0.00703	0.03072	0.05552	0.07268	0.01443	0.23576	0.10019	0.13851	0.00730	0.00504	0.00138	0.04424	0.00632	0.00342	0.00489
6	0.00542	0.00379	0.00499	0.00578	0.00621	0.00352	0.00398	0.00628	0.00834	0.02704	0.05631	0.71850	0.07583	0.01246	0.00526	0.00166	0.00246	0.04479	0.00391	0.00350
7	0.01093	0.01080	0.01319	0.06672	0.32334	0.15799	0.02554	0.10102	0.04326	0.01352	0.00889	0.03566	0.00768	0.02471	0.08632	0.00186	0.05659	0.00394	0.00244	0.00560
8	0.00606	0.00451	0.00523	0.00525	0.00631	0.00416	0.00383	0.03991	0.02393	0.02952	0.18313	0.24269	0.34118	0.06185	0.00596	0.00162	0.00246	0.02468	0.00396	0.00377
9	0.02686	0.03128	0.03624	0.32603	0.30849	0.06533	0.02174	0.05497	0.04608	0.01299	0.00794	0.01039	0.00627	0.00415	0.00427	0.00130	0.02428	0.00361	0.00218	0.00561
10	0.00842	0.00512	0.00633	0.00592	0.00718	0.00492	0.00443	0.02738	0.06254	0.14854	0.22278	0.09940	0.10874	0.17798	0.02482	0.00205	0.00317	0.07201	0.00398	0.00430
11	0.07046	0.00940	0.03703	0.27845	0.33640	0.00989	0.06482	0.08585	0.00977	0.01400	0.00799	0.02530	0.00645	0.00421	0.00429	0.00132	0.02265	0.00381	0.00224	0.00568
12	0.00601	0.00417	0.00524	0.00524	0.00548	0.00441	0.00340	0.00649	0.00625	0.00858	0.01244	0.02360	0.01355	0.58281	0.29022	0.00490	0.00637	0.00552	0.00242	0.00291
13	0.00786	0.00959	0.17360	0.00922	0.07854	0.06380	0.03336	0.01028	0.03034	0.03984	0.19367	0.16706	0.09375	0.04352	0.00530	0.00150	0.00391	0.02694	0.00326	0.00468
14	0.01072	0.08626	0.03488	0.02901	0.01137	0.02701	0.00647	0.14617	0.11774	0.04231	0.00917	0.00980	0.00716	0.00398	0.00362	0.00094	0.01511	0.00307	0.00295	0.43227
15	0.00594	0.00442	0.00653	0.00653	0.00722	0.00511	0.00501	0.00732	0.00663	0.00953	0.01126	0.01707	0.01071	0.08831	0.78085	0.00649	0.01063	0.00456	0.00225	0.00363
16	0.03792	0.05019	0.12323	0.01222	0.12308	0.05601	0.08390	0.22598	0.05278	0.09906	0.00974	0.01116	0.00739	0.00466	0.00448	0.00128	0.04070	0.02417	0.00305	0.02902
17	0.02958	0.12038	0.09923	0.05976	0.02204	0.08959	0.07190	0.10409	0.06233	0.05612	0.02568	0.10321	0.07734	0.02139	0.00481	0.00136	0.03814	0.00489	0.00292	0.00524
