[name]
unknown

[dist]
# distance from previous block
# <min> <max>
8	13

[block]
# block no. 0 follows, 75 sequences, length 21
# corresponding to MSA columns:
# 17-37
name=unknown_A
#
# <colnr> <probs for GDERKNQSTAVLIFYWHMCP>
#	G	D	E	R	K	N	Q	S	T	A	V	L	I	F	Y	W	H	M	C	P
0	0.00631	0.00596	0.09889	0.00545	0.00709	0.00454	0.00475	0.06588	0.00981	0.05266	0.38457	0.09776	0.22714	0.00749	0.00420	0.00120	0.00244	0.00643	0.00355	0.00388
1	0.15096	0.03936	0.02160	0.02415	0.02294	0.09634	0.14617	0.22226	0.07045	0.14393	0.00873	0.00913	0.00630	0.00392	0.00347	0.00111	0.00427	0.00323	0.00292	0.01875
2	0.01572	0.00655	0.00862	0.00664	0.00941	0.00592	0.00547	0.10082	0.01120	0.72901	0.05090	0.01279	0.00994	0.00466	0.00372	0.00113	0.00316	0.00379	0.00443	0.00613
3	0.00449	0.00326	0.00424	0.00499	0.00531	0.00301	0.00336	0.00519	0.00725	0.00961	0.05057	0.77605	0.08672	0.01120	0.00465	0.00146	0.00210	0.01010	0.00343	0.00301
4	0.08583	0.13713	0.49284	0.00927	0.01345	0.06910	0.05260	0.02424	0.03131	0.01165	0.00697	0.03720	0.00554	0.00377	0.00330	0.00111	0.00491	0.00292	0.00181	0.00503
5	0.00726	0.00478	0.00588	0.00530	0.00660	0.00463	0.00406	0.06780	0.07609	0.10638	0.51149	0.08496	0.08574	0.00718	0.00419	0.00119	0.00218	0.00624	0.00396	0.00409
6	0.00471	0.00383	0.00418	0.00408	0.00523	0.00335	0.00306	0.00611	0.02887	0.01148	0.27761	0.03247	0.58474	0.00866	0.00432	0.00122	0.00185	0.00733	0.00361	0.00327
7	0.00591	0.00492	0.00718	0.00680	0.00730	0.00619	0.00542	0.00710	0.00584	0.00860	0.00864	0.01290	0.00814	0.02249	0.65411	0.00487	0.21450	0.00376	0.00188	0.00346
8	0.01227	0.27388	0.05102	0.00827	0.01119	0.18539	0.03806	0.31363	0.01184	0.05095	0.00714	0.00763	0.00550	0.00381	0.00322	0.00098	0.00464	0.00273	0.00255	0.00529
9	0.08604	0.00673	0.00772	0.01757	0.00897	0.00581	0.00476	0.06821	0.03317	0.10055	0.02635	0.00966	0.00699	0.00348	0.00299	0.00077	0.00290	0.02559	0.00265	0.57910
10	0.00965	0.00884	0.01380	0.12485	0.49933	0.02753	0.06659	0.11884	0.05561	0.02773	0.00769	0.00946	0.00607	0.00359	0.00369	0.00113	0.00446	0.00338	0.00219	0.00557
11	0.01231	0.00899	0.00987	0.00788	0.01042	0.00995	0.00642	0.58218	0.13590	0.05498	0.03888	0.01081	0.00832	0.00661	0.07766	0.00154	0.00426	0.00362	0.00358	0.00583
12	0.01205	0.09741	0.03060	0.00812	0.01070	0.18584	0.00669	0.30796	0.23309	0.04376	0.00953	0.00945	0.00714	0.00426	0.00347	0.00107	0.00425	0.00318	0.00307	0.01835
13	0.01373	0.01716	0.01044	0.00941	0.01136	0.81643	0.00709	0.05330	0.01073	0.00965	0.00582	0.00673	0.00480	0.00381	0.00333	0.00095	0.00650	0.00241	0.00198	0.00435
14	0.07282	0.17787	0.13747	0.02158	0.01147	0.05127	0.10120	0.08576	0.04856	0.15710	0.03920	0.02314	0.01770	0.02486	0.00386	0.00115	0.01395	0.00337	0.00262	0.00506
15	0.00942	0.11160	0.23404	0.06864	0.05082	0.02288	0.27577	0.01267	0.05332	0.11336	0.00809	0.00931	0.00592	0.00354	0.00368	0.00114	0.00502	0.00340	0.00216	0.00522
16	0.00694	0.00653	0.01102	0.86210	0.02530	0.00816	0.01020	0.00938	0.00734	0.00938	0.00653	0.00979	0.00490	0.00367	0.00367	0.00122	0.00490	0.00326	0.00163	0.00408
17	0.00631	0.00554	0.00881	0.30900	0.01402	0.00627	0.07023	0.03747	0.00759	0.01013	0.03203	0.36782	0.01384	0.00763	0.01949	0.00144	0.06969	0.00642	0.00252	0.00374
18	0.00787	0.03634	0.52739	0.03347	0.14433	0.00875	0.15358	0.01146	0.00803	0.01163	0.01940	0.00863	0.00545	0.00345	0.00365	0.00116	0.00529	0.00313	0.00168	0.00533
19	0.01621	0.00668	0.00879	0.00674	0.00959	0.00603	0.00557	0.10471	0.01123	0.76274	0.01389	0.01211	0.00879	0.00453	0.00369	0.00113	0.00322	0.00365	0.00445	0.00625
20	0.00874	0.00964	0.01995	0.01485	0.04805	0.00925	0.71323	0.01260	0.10081	0.01217	0.00824	0.01030	0.00621	0.00331	0.00424	0.00123	0.00576	0.00428	0.00206	0.00508

[dist]
# distance from previous block
# <min> <max>
0	4

[block]
# block no. 1 follows, 75 sequences, length 18
# corresponding to MSA columns:
# 42-59
name=unknown_B
#
# <colnr> <probs for GDERKNQSTAVLIFYWHMCP>
#	G	D	E	R	K	N	Q	S	T	A	V	L	I	F	Y	W	H	M	C	P
0	0.00976	0.04322	0.20132	0.06304	0.08129	0.02536	0.08935	0.21226	0.14234	0.03299	0.04483	0.02124	0.00791	0.00419	0.00369	0.00115	0.00436	0.00358	0.00267	0.00544
1	0.00489	0.00367	0.00449	0.00443	0.00527	0.00331	0.00324	0.00621	0.00924	0.01250	0.49926	0.13930	0.23903	0.04264	0.00495	0.00132	0.00189	0.00737	0.00373	0.00326
2	0.00895	0.00859	0.01466	0.07592	0.79571	0.00869	0.01120	0.01115	0.00830	0.01183	0.00688	0.00913	0.00576	0.00330	0.00364	0.00110	0.00440	0.00327	0.00181	0.00571
3	0.06325	0.01641	0.05168	0.02161	0.04870	0.10467	0.13295	0.14576	0.05363	0.04399	0.01868	0.18324	0.01079	0.00627	0.02163	0.00134	0.01858	0.04944	0.00277	0.00462
4	0.00830	0.01013	0.13575	0.14504	0.06649	0.11169	0.11057	0.03787	0.00816	0.01079	0.02277	0.06942	0.02920	0.00508	0.00525	0.00126	0.15268	0.03746	0.02770	0.00442
5	0.02670	0.16713	0.47116	0.00914	0.01356	0.00916	0.07031	0.03491	0.00799	0.01160	0.00641	0.00755	0.00488	0.00330	0.00321	0.00100	0.00470	0.00262	0.00175	0.14290
6	0.00925	0.17509	0.46134	0.00978	0.01412	0.04342	0.09246	0.09601	0.00898	0.04653	0.00691	0.00788	0.00510	0.00353	0.00338	0.00108	0.00504	0.00282	0.00194	0.00532
7	0.01368	0.00911	0.01007	0.00784	0.01060	0.00984	0.00643	0.60790	0.06573	0.15912	0.01044	0.02493	0.00744	0.00459	0.00366	0.00112	0.00371	0.00355	0.03418	0.00607
8	0.00815	0.00604	0.00722	0.00546	0.00828	0.00468	0.00431	0.00962	0.00790	0.10487	0.00999	0.10095	0.03849	0.00410	0.00310	0.00074	0.00267	0.00343	0.00262	0.66737
9	0.00542	0.00392	0.00486	0.00495	0.00542	0.00408	0.00339	0.00665	0.06961	0.00871	0.01498	0.16777	0.08980	0.32373	0.22241	0.04826	0.00465	0.00590	0.00256	0.00294
10	0.00599	0.00325	0.00454	0.00466	0.00481	0.00319	0.00312	0.00511	0.00549	0.00746	0.01048	0.13572	0.05179	0.04869	0.01194	0.62825	0.00290	0.00456	0.05605	0.00201
11	0.89687	0.00710	0.00540	0.00483	0.00710	0.00824	0.00398	0.01080	0.00625	0.01648	0.00511	0.00597	0.00398	0.00341	0.00227	0.00114	0.00284	0.00199	0.00227	0.00398
12	0.00574	0.00418	0.00586	0.00555	0.00644	0.00438	0.00419	0.00662	0.00596	0.00864	0.00906	0.01380	0.00862	0.08875	0.56168	0.11709	0.00748	0.00370	0.00197	0.13029
13	0.00848	0.03472	0.23484	0.01097	0.01443	0.06886	0.31223	0.05323	0.07486	0.01201	0.01099	0.02433	0.09564	0.00432	0.00408	0.00119	0.02361	0.00407	0.00220	0.00491
14	0.00447	0.00338	0.00414	0.00473	0.00527	0.00305	0.00328	0.00522	0.00747	0.00958	0.02539	0.59499	0.27478	0.01080	0.00459	0.00142	0.00208	0.02892	0.00341	0.00303
15	0.01389	0.00603	0.00811	0.00650	0.00888	0.00561	0.00530	0.07301	0.01013	0.61179	0.03713	0.01303	0.00964	0.00890	0.16223	0.00202	0.00440	0.00380	0.00399	0.00562
16	0.00706	0.03630	0.00691	0.02131	0.05830	0.09671	0.00490	0.02133	0.04364	0.05238	0.01661	0.51590	0.05086	0.00875	0.00448	0.00134	0.02879	0.01760	0.00308	0.00375
17	0.00975	0.01132	0.12946	0.00764	0.01058	0.23480	0.03042	0.06136	0.00902	0.04465	0.00810	0.00944	0.03449	0.04107	0.01472	0.00104	0.00445	0.00284	0.00223	0.33261

[dist]
# distance from previous block
# <min> <max>
2	5

[block]
# block no. 2 follows, 75 sequences, length 21
# corresponding to MSA columns:
# 65-85
name=unknown_C
#
# <colnr> <probs for GDERKNQSTAVLIFYWHMCP>
#	G	D	E	R	K	N	Q	S	T	A	V	L	I	F	Y	W	H	M	C	P
0	0.01190	0.10967	0.03850	0.00883	0.02270	0.50807	0.03492	0.05065	0.04239	0.03386	0.07337	0.00895	0.00761	0.00404	0.00336	0.00098	0.00538	0.00290	0.00225	0.02968
1	0.02325	0.05630	0.07531	0.00686	0.00863	0.07037	0.00578	0.13854	0.05181	0.05541	0.00927	0.01289	0.00823	0.16180	0.23382	0.00280	0.04240	0.00364	0.00244	0.03044
2	0.00554	0.00455	0.00511	0.00473	0.00617	0.00421	0.02687	0.00794	0.12478	0.03439	0.10480	0.03027	0.61068	0.00823	0.00424	0.00123	0.00215	0.00694	0.00350	0.00365
3	0.00491	0.00361	0.00460	0.00464	0.00538	0.00330	0.00337	0.00626	0.00929	0.01278	0.53680	0.24544	0.12849	0.00875	0.00442	0.00125	0.00185	0.00775	0.00380	0.00330
4	0.00775	0.00748	0.01302	0.48888	0.30458	0.00833	0.07601	0.01012	0.00782	0.01048	0.00744	0.01015	0.02474	0.00362	0.00373	0.00118	0.00475	0.00346	0.00175	0.00472
5	0.00731	0.00697	0.00986	0.00867	0.00884	0.00952	0.00714	0.00825	0.00570	0.00876	0.00612	0.00969	0.00595	0.01191	0.23118	0.00272	0.64247	0.00340	0.00170	0.00383
6	0.00531	0.00367	0.00454	0.00454	0.00472	0.00385	0.00289	0.00568	0.00550	0.00752	0.01109	0.02134	0.01218	0.63429	0.25373	0.00422	0.00532	0.00495	0.00215	0.00252
7	0.85252	0.00706	0.00556	0.00492	0.00722	0.00810	0.00405	0.01115	0.00647	0.05849	0.00559	0.00630	0.00424	0.00347	0.00234	0.00114	0.00286	0.00207	0.00239	0.00409
8	0.00450	0.00321	0.00425	0.00508	0.00529	0.00300	0.00337	0.00512	0.00698	0.00930	0.01997	0.84186	0.02395	0.03864	0.00513	0.00156	0.00218	0.01028	0.00337	0.00296
9	0.25426	0.01023	0.01023	0.00832	0.01083	0.16453	0.10905	0.23530	0.10633	0.03025	0.00805	0.02278	0.00618	0.00404	0.00333	0.00112	0.00428	0.00312	0.00276	0.00500
10	0.00454	0.00324	0.00433	0.00518	0.00542	0.00304	0.00352	0.00522	0.00709	0.00944	0.02021	0.83318	0.02416	0.01145	0.00470	0.00150	0.00218	0.04518	0.00341	0.00300
11	0.00457	0.00336	0.00429	0.00489	0.00534	0.00308	0.00338	0.00539	0.00764	0.01010	0.11644	0.63619	0.14377	0.01071	0.00461	0.00142	0.00207	0.02622	0.00348	0.00306
12	0.02969	0.14773	0.05714	0.02152	0.01329	0.04502	0.33650	0.02995	0.03692	0.08062	0.06175	0.08248	0.00926	0.00478	0.01711	0.00123	0.01357	0.00428	0.00240	0.00474
13	0.03765	0.06528	0.01041	0.00855	0.02476	0.26235	0.04572	0.07621	0.03397	0.01052	0.01827	0.01025	0.00682	0.09045	0.09988	0.00192	0.18746	0.00326	0.00209	0.00418
14	0.01432	0.00904	0.00947	0.00751	0.01010	0.11344	0.00608	0.33824	0.01302	0.35729	0.05503	0.01108	0.00872	0.00474	0.00391	0.02112	0.00385	0.00352	0.00378	0.00575
15	0.00445	0.00368	0.00392	0.00403	0.00512	0.00314	0.00300	0.00542	0.00832	0.01014	0.07586	0.13348	0.68003	0.00950	0.00441	0.00128	0.00194	0.03573	0.00344	0.00311
16	0.00984	0.02028	0.01310	0.03332	0.23410	0.07273	0.17378	0.12235	0.11537	0.04477	0.00953	0.05701	0.00789	0.00436	0.00395	0.00117	0.01984	0.01864	0.03275	0.00523
17	0.00875	0.03012	0.01074	0.13643	0.18975	0.11881	0.00792	0.04783	0.06049	0.02074	0.02961	0.04567	0.00767	0.00757	0.11066	0.00180	0.15512	0.00364	0.00214	0.00455
18	0.00942	0.12018	0.03664	0.10288	0.28997	0.14900	0.05252	0.02646	0.00828	0.01060	0.00670	0.00907	0.00571	0.00449	0.02591	0.00123	0.09381	0.01746	0.02486	0.00483
19	0.00599	0.00406	0.00512	0.00507	0.00541	0.03268	0.00349	0.00588	0.00561	0.00753	0.00934	0.05704	0.00977	0.24315	0.24150	0.32151	0.00513	0.00426	0.00198	0.02547
20	0.01814	0.07808	0.06770	0.00914	0.06993	0.08512	0.03165	0.11345	0.09543	0.06097	0.01055	0.07856	0.05758	0.00539	0.00544	0.00123	0.18803	0.00399	0.00256	0.01707

[dist]
# distance from previous block
# <min> <max>
1	3

[block]
# block no. 3 follows, 75 sequences, length 44
# corresponding to MSA columns:
# 89-132
name=unknown_D
#
# <colnr> <probs for GDERKNQSTAVLIFYWHMCP>
#	G	D	E	R	K	N	Q	S	T	A	V	L	I	F	Y	W	H	M	C	P
0	0.01078	0.62723	0.01672	0.00697	0.00991	0.10128	0.00645	0.12717	0.04410	0.01099	0.00610	0.00670	0.00520	0.00346	0.00270	0.00087	0.00418	0.00229	0.00199	0.00493
1	0.00881	0.02109	0.09621	0.07755	0.03257	0.04909	0.11988	0.13409	0.05244	0.05099	0.01052	0.13239	0.02482	0.03268	0.00512	0.06503	0.01283	0.00448	0.02172	0.04769
2	0.02121	0.10563	0.30114	0.00908	0.01271	0.06342	0.10328	0.05540	0.11209	0.05739	0.02262	0.02721	0.02002	0.00398	0.00348	0.00108	0.00450	0.00331	0.00232	0.07013
3	0.00855	0.00802	0.01328	0.10428	0.60525	0.00826	0.02659	0.01132	0.06784	0.01187	0.00870	0.01272	0.00763	0.00411	0.00380	0.00118	0.00425	0.08486	0.00209	0.00538
4	0.07188	0.00743	0.01128	0.23794	0.24219	0.00804	0.06896	0.04943	0.11405	0.03313	0.05680	0.01259	0.04830	0.00432	0.00371	0.00118	0.00402	0.01744	0.00243	0.00489
5	0.00659	0.00561	0.01538	0.08889	0.00908	0.04010	0.04612	0.04106	0.04579	0.03857	0.14263	0.28637	0.14748	0.00792	0.00465	0.00131	0.04556	0.01997	0.00315	0.00378
6	0.01340	0.00735	0.00905	0.00733	0.00976	0.04882	0.03608	0.01708	0.21791	0.49816	0.04244	0.01271	0.00996	0.00476	0.00415	0.00118	0.04626	0.00384	0.00395	0.00579
7	0.00464	0.00353	0.00428	0.00451	0.00525	0.00316	0.00322	0.00570	0.00846	0.01113	0.26912	0.34746	0.29701	0.00961	0.00447	0.00131	0.00192	0.00844	0.00360	0.00316
8	0.00753	0.00707	0.01161	0.63062	0.19112	0.00834	0.01010	0.01049	0.06719	0.01034	0.00721	0.00993	0.00553	0.00368	0.00367	0.00120	0.00465	0.00333	0.00182	0.00456
9	0.02752	0.11855	0.09095	0.01343	0.27573	0.25890	0.05356	0.03254	0.04413	0.01104	0.00660	0.00798	0.00541	0.00363	0.00368	0.00105	0.03547	0.00286	0.00191	0.00505
10	0.00651	0.00354	0.00523	0.00511	0.00512	0.00377	0.00353	0.00514	0.00489	0.00667	0.00636	0.01098	0.00632	0.01217	0.01400	0.81507	0.06473	0.00320	0.01588	0.00180
11	0.00468	0.00368	0.00423	0.00421	0.00520	0.00323	0.00311	0.00589	0.00902	0.01172	0.34701	0.11511	0.45216	0.00883	0.00437	0.00123	0.00184	0.00759	0.00365	0.00323
12	0.00548	0.00437	0.00559	0.00536	0.02015	0.00404	0.03464	0.03565	0.01727	0.01262	0.36438	0.03025	0.34281	0.00812	0.00437	0.00125	0.00226	0.09426	0.00360	0.00353
13	0.00808	0.15441	0.60815	0.01000	0.02752	0.00962	0.04728	0.02969	0.05093	0.01160	0.00687	0.00790	0.00509	0.00351	0.00336	0.00111	0.00504	0.00276	0.00173	0.00534
14	0.00558	0.00374	0.00475	0.00522	0.00578	0.00354	0.00362	0.04726	0.00782	0.05184	0.02043	0.70577	0.08112	0.01050	0.00452	0.00142	0.00225	0.00941	0.02208	0.00333
15	0.03113	0.00979	0.00856	0.00716	0.00939	0.26091	0.00565	0.14233	0.01098	0.31374	0.01036	0.01024	0.00730	0.00423	0.00336	0.00103	0.00407	0.00316	0.15147	0.00514
16	0.03709	0.00773	0.02599	0.00791	0.06818	0.13636	0.01848	0.03903	0.12960	0.04014	0.01069	0.05992	0.00988	0.13209	0.18084	0.01129	0.02176	0.03522	0.02366	0.00412
17	0.03202	0.02280	0.02542	0.14404	0.48799	0.10667	0.03730	0.03661	0.00864	0.02593	0.00689	0.00890	0.00558	0.00351	0.00369	0.00110	0.01799	0.00315	0.01653	0.00523
18	0.00536	0.00393	0.00472	0.00452	0.00557	0.00358	0.00339	0.00706	0.03854	0.03882	0.48023	0.07895	0.29545	0.00815	0.00432	0.00121	0.00188	0.00705	0.00381	0.00349
19	0.02204	0.07019	0.08221	0.03699	0.01230	0.03495	0.18432	0.14106	0.17979	0.03809	0.02908	0.11214	0.02305	0.00503	0.00390	0.00120	0.01132	0.00450	0.00281	0.00502
20	0.02833	0.29974	0.10890	0.00767	0.03468	0.09883	0.02248	0.01902	0.04199	0.07019	0.00710	0.00783	0.01215	0.00348	0.00315	0.00089	0.02492	0.00252	0.00210	0.20402
21	0.01072	0.17871	0.08607	0.01060	0.12590	0.11313	0.07818	0.17603	0.09566	0.04289	0.02052	0.00900	0.00657	0.00419	0.01512	0.00112	0.01470	0.00312	0.00245	0.00532
22	0.00972	0.73769	0.03377	0.00652	0.00956	0.01365	0.00636	0.02965	0.09054	0.00968	0.00627	0.00691	0.00546	0.00376	0.01662	0.00093	0.00395	0.00226	0.00184	0.00485
23	0.00822	0.00670	0.00780	0.00567	0.00886	0.00531	0.00454	0.03881	0.04174	0.04293	0.00724	0.00808	0.00583	0.00294	0.00283	0.00061	0.00279	0.00235	0.00238	0.79438
24	0.00757	0.00732	0.01096	0.27993	0.09761	0.02076	0.00866	0.00909	0.00653	0.00929	0.00611	0.00935	0.00541	0.00745	0.09801	0.00188	0.40493	0.00330	0.00168	0.00414
25	0.00526	0.00387	0.00556	0.00556	0.00610	0.00440	0.00416	0.00634	0.00580	0.00827	0.01015	0.01617	0.00994	0.18063	0.70432	0.00548	0.00870	0.00419	0.00201	0.00309
26	0.00453	0.00363	0.00408	0.00436	0.00529	0.00317	0.00323	0.00547	0.00809	0.01000	0.05415	0.25192	0.54131	0.00989	0.00449	0.00134	0.00205	0.07645	0.00343	0.00310
27	0.00895	0.00857	0.01461	0.05840	0.80080	0.00864	0.01115	0.01114	0.00832	0.01187	0.00707	0.00958	0.00599	0.00339	0.00366	0.00111	0.00437	0.01484	0.00183	0.00571
28	0.00764	0.01841	0.80265	0.01053	0.01583	0.00854	0.03785	0.02297	0.00795	0.02474	0.00677	0.00791	0.00477	0.00351	0.00352	0.00116	0.00540	0.00279	0.00164	0.00544
29	0.00909	0.00873	0.01491	0.02254	0.84801	0.00873	0.01127	0.01127	0.00836	0.01200	0.00691	0.00909	0.00582	0.00327	0.00364	0.00109	0.00436	0.00327	0.00182	0.00582
30	0.00467	0.00347	0.00437	0.00489	0.00540	0.00322	0.00338	0.00575	0.02813	0.01037	0.14143	0.60145	0.14902	0.01044	0.00456	0.00140	0.00205	0.00934	0.00351	0.00314
31	0.04555	0.00614	0.00799	0.00632	0.00888	0.00558	0.00516	0.01671	0.07226	0.67436	0.07359	0.01347	0.01091	0.00474	0.00366	0.00114	0.00296	0.00387	0.03088	0.00585
32	0.00569	0.01654	0.00513	0.00488	0.00530	0.00436	0.00330	0.03282	0.02775	0.00911	0.08513	0.11550	0.03168	0.46139	0.15476	0.00325	0.02230	0.00564	0.00256	0.00290
33	0.00447	0.00321	0.00425	0.00508	0.00532	0.00299	0.00339	0.00512	0.00706	0.00939	0.02066	0.84814	0.04441	0.01145	0.00468	0.00149	0.00212	0.01038	0.00341	0.00299
34	0.00636	0.00320	0.00477	0.00477	0.00477	0.00320	0.00317	0.00480	0.00480	0.00639	0.00649	0.01143	0.00652	0.03054	0.01444	0.87471	0.00320	0.00323	0.00161	0.00161
35	0.00648	0.00427	0.00547	0.00499	0.00612	0.00404	0.00380	0.00880	0.06983	0.08886	0.71294	0.02513	0.03071	0.00707	0.00423	0.00116	0.00194	0.00620	0.00407	0.00388
36	0.01191	0.02376	0.29083	0.00872	0.01224	0.02208	0.00885	0.27460	0.01134	0.22371	0.00910	0.00925	0.00628	0.00425	0.00419	0.00116	0.06582	0.00317	0.00298	0.00576
37	0.00485	0.00368	0.00436	0.00441	0.00533	0.00326	0.00325	0.00605	0.00890	0.02125	0.33159	0.18590	0.36831	0.00901	0.00441	0.00126	0.00191	0.02537	0.00366	0.00326
38	0.01594	0.00619	0.00835	0.00646	0.00921	0.00541	0.00532	0.01756	0.02827	0.80144	0.02745	0.01279	0.00954	0.00460	0.00368	0.00113	0.00307	0.00374	0.02373	0.00614
39	0.00909	0.00873	0.01491	0.02254	0.84801	0.00873	0.01127	0.01127	0.00836	0.01200	0.00691	0.00909	0.00582	0.00327	0.00364	0.00109	0.00436	0.00327	0.00182	0.00582
40	0.00705	0.00657	0.01105	0.79814	0.06845	0.00808	0.01008	0.00947	0.00741	0.00962	0.00667	0.00984	0.00505	0.00366	0.00365	0.00121	0.00480	0.00327	0.02178	0.00416
41	0.00667	0.00623	0.08940	0.00540	0.00709	0.00518	0.00464	0.06970	0.11240	0.02364	0.18398	0.02241	0.25483	0.06835	0.00491	0.00132	0.00260	0.00546	0.12178	0.00399
42	0.00627	0.00326	0.00490	0.00490	0.00496	0.00333	0.00333	0.00496	0.00490	0.00659	0.00672	0.01149	0.00666	0.01423	0.09804	0.80496	0.00385	0.00326	0.00163	0.00176
43	0.83326	0.00795	0.06593	0.00523	0.00773	0.00826	0.00466	0.01086	0.00636	0.01613	0.00522	0.00609	0.00403	0.00342	0.00236	0.00114	0.00303	0.00204	0.00222	0.00408

[dist]
# distance from previous block
# <min> <max>
0	68

[block]
# block no. 4 follows, 75 sequences, length 21
# corresponding to MSA columns:
# 202-222
name=unknown_E
#
# <colnr> <probs for GDERKNQSTAVLIFYWHMCP>
#	G	D	E	R	K	N	Q	S	T	A	V	L	I	F	Y	W	H	M	C	P
0	0.00964	0.03049	0.08466	0.00777	0.00983	0.05992	0.06855	0.04968	0.04551	0.15320	0.10583	0.23868	0.06545	0.01633	0.00462	0.00144	0.00371	0.02071	0.00355	0.02043
1	0.03358	0.28126	0.32298	0.00903	0.01291	0.06108	0.08131	0.09396	0.03665	0.02533	0.00674	0.00763	0.00519	0.00352	0.00320	0.00104	0.00477	0.00270	0.00196	0.00516
2	0.33897	0.00961	0.06717	0.00720	0.01007	0.00987	0.00629	0.45243	0.01237	0.04231	0.00745	0.00779	0.00538	0.00398	0.00315	0.00112	0.00367	0.00279	0.00303	0.00535
3	0.00638	0.00319	0.00478	0.00478	0.00478	0.00319	0.00319	0.00478	0.00478	0.00638	0.00638	0.01116	0.00638	0.01276	0.01435	0.89314	0.00319	0.00319	0.00159	0.00159
4	0.02295	0.00592	0.00707	0.00648	0.03796	0.02687	0.00486	0.10930	0.06923	0.15754	0.30289	0.01929	0.07918	0.02829	0.05659	0.00151	0.02105	0.01409	0.02446	0.00450
5	0.03087	0.43506	0.06718	0.00745	0.01052	0.06977	0.00694	0.26736	0.04946	0.01383	0.00685	0.00733	0.00547	0.00369	0.00296	0.00095	0.00417	0.00256	0.00236	0.00524
6	0.00580	0.00415	0.00579	0.00663	0.00743	0.00413	0.00572	0.00741	0.00834	0.01086	0.01951	0.10689	0.02139	0.01025	0.00504	0.00168	0.00328	0.75896	0.00338	0.00335
7	0.00982	0.87313	0.01925	0.00628	0.00943	0.01453	0.00628	0.01100	0.00746	0.00864	0.00511	0.00589	0.00471	0.00314	0.00236	0.00079	0.00393	0.00196	0.00157	0.00471
8	0.01173	0.01004	0.05379	0.10927	0.07603	0.14459	0.03988	0.24055	0.02056	0.14651	0.00921	0.01084	0.00696	0.00436	0.00384	0.00113	0.02464	0.03909	0.04172	0.00524
9	0.01039	0.34753	0.01284	0.00734	0.00942	0.29526	0.00616	0.04534	0.00881	0.00981	0.02857	0.08421	0.02237	0.00462	0.00362	0.00099	0.05710	0.00326	0.03805	0.00432
10	0.00450	0.00325	0.00427	0.00508	0.00536	0.00302	0.00344	0.00518	0.00713	0.00944	0.02108	0.80679	0.06582	0.01136	0.00468	0.00148	0.00215	0.02954	0.00341	0.00300
11	0.00724	0.00527	0.00625	0.02116	0.00713	0.02927	0.00444	0.07943	0.13058	0.03478	0.08785	0.22133	0.01495	0.07174	0.05860	0.16958	0.01845	0.02541	0.00295	0.00360
12	0.04144	0.03345	0.28749	0.05889	0.10740	0.13071	0.12111	0.06180	0.02893	0.05266	0.00795	0.00914	0.02572	0.00377	0.00367	0.00113	0.01435	0.00318	0.00207	0.00512
13	0.00470	0.00335	0.00447	0.00528	0.00557	0.00317	0.00368	0.00545	0.00714	0.00949	0.01976	0.72367	0.02340	0.04891	0.00535	0.00161	0.00236	0.11629	0.00335	0.00300
14	0.00627	0.00324	0.00479	0.00479	0.00482	0.00327	0.00320	0.00489	0.00486	0.00651	0.00680	0.01198	0.00687	0.05829	0.05197	0.80723	0.00350	0.00334	0.00164	0.00170
15	0.02585	0.03605	0.09783	0.01092	0.07111	0.38016	0.11449	0.08821	0.02819	0.01141	0.00676	0.00850	0.00553	0.00405	0.00427	0.00111	0.07879	0.01995	0.00206	0.00476
16	0.00929	0.00746	0.01860	0.02164	0.05092	0.08114	0.05199	0.14855	0.01875	0.11112	0.02801	0.14738	0.09926	0.00745	0.03525	0.00145	0.06194	0.09221	0.00308	0.00450
17	0.12155	0.01299	0.00986	0.00840	0.01072	0.39293	0.00658	0.30582	0.07101	0.01538	0.00738	0.00782	0.00563	0.00404	0.00334	0.00105	0.00498	0.00278	0.00270	0.00504
18	0.00809	0.01128	0.29988	0.00877	0.03094	0.05539	0.08034	0.05341	0.02719	0.05147	0.03454	0.08140	0.06737	0.03441	0.00426	0.00122	0.00423	0.03995	0.00242	0.10343
19	0.04583	0.00833	0.07435	0.00804	0.01067	0.00776	0.09580	0.13742	0.14730	0.26388	0.03070	0.01255	0.04376	0.01978	0.00440	0.00123	0.04863	0.00387	0.03029	0.00542
20	0.02509	0.00801	0.02310	0.00715	0.00941	0.00864	0.00578	0.27917	0.35571	0.08127	0.01244	0.03870	0.00941	0.00483	0.00357	0.00115	0.00316	0.00389	0.11395	0.00556

[dist]
# distance from previous block
# <min> <max>
0	5

[block]
# block no. 5 follows, 75 sequences, length 50
# corresponding to MSA columns:
# 228-277
name=unknown_F
#
# <colnr> <probs for GDERKNQSTAVLIFYWHMCP>
#	G	D	E	R	K	N	Q	S	T	A	V	L	I	F	Y	W	H	M	C	P
0	0.00710	0.00669	0.01130	0.79994	0.08621	0.00820	0.01028	0.00952	0.00742	0.00958	0.00656	0.00974	0.00496	0.00364	0.00367	0.00121	0.00486	0.00326	0.00165	0.00421
1	0.00728	0.05325	0.75355	0.00992	0.01488	0.00842	0.01255	0.01117	0.00764	0.01130	0.00715	0.03938	0.00555	0.00470	0.03660	0.00134	0.00542	0.00301	0.00164	0.00523
2	0.00460	0.00330	0.00439	0.00519	0.00549	0.00309	0.00358	0.00536	0.00727	0.00967	0.04585	0.76050	0.04518	0.01123	0.00470	0.00149	0.00220	0.07044	0.00343	0.00303
3	0.01164	0.00863	0.00901	0.00740	0.00971	0.05720	0.00593	0.38243	0.20406	0.09708	0.10764	0.02404	0.01123	0.00497	0.00371	0.00113	0.00345	0.00397	0.04122	0.00555
4	0.00449	0.00322	0.00423	0.00503	0.00528	0.00300	0.00336	0.00513	0.00705	0.00935	0.02070	0.81686	0.05597	0.03108	0.00499	0.00153	0.00215	0.01022	0.00338	0.00297
5	0.09879	0.00475	0.00487	0.00463	0.00601	0.00461	0.00353	0.07848	0.04077	0.01234	0.10338	0.12219	0.48614	0.00818	0.00408	0.00124	0.00221	0.00683	0.00339	0.00359
6	0.00443	0.00372	0.00384	0.00381	0.00502	0.00314	0.00286	0.00544	0.00858	0.01042	0.12098	0.03453	0.76244	0.00912	0.00434	0.00123	0.00185	0.00764	0.00348	0.00314
7	0.00525	0.00366	0.00427	0.00439	0.00467	0.00360	0.00278	0.00579	0.02637	0.00833	0.04318	0.14068	0.10388	0.54375	0.03257	0.02312	0.00323	0.03524	0.00263	0.00260
8	0.00705	0.00664	0.01121	0.81948	0.06706	0.00819	0.01025	0.00948	0.00740	0.00952	0.00655	0.00976	0.00494	0.00365	0.00367	0.00122	0.00487	0.00326	0.00164	0.00417
9	0.00874	0.00752	0.00768	0.00694	0.00888	0.03901	0.00538	0.01702	0.65283	0.03599	0.05093	0.01665	0.11533	0.00556	0.00382	0.00123	0.00287	0.00462	0.00366	0.00534
10	0.00450	0.00321	0.00425	0.00508	0.00529	0.00300	0.00338	0.00512	0.00698	0.00931	0.02000	0.84486	0.02398	0.03560	0.00508	0.00155	0.00217	0.01030	0.00338	0.00296
11	0.00532	0.00355	0.00401	0.00403	0.00403	0.00355	0.00225	0.00534	0.00538	0.00717	0.01176	0.04241	0.01359	0.85222	0.01839	0.00352	0.00353	0.00545	0.00225	0.00224
12	0.00737	0.01900	0.85189	0.01047	0.01590	0.00853	0.01357	0.01163	0.00775	0.01163	0.00659	0.00775	0.00465	0.00349	0.00349	0.00116	0.00543	0.00271	0.00155	0.00543
13	0.00982	0.87313	0.01925	0.00628	0.00943	0.01453	0.00628	0.01100	0.00746	0.00864	0.00511	0.00589	0.00471	0.00314	0.00236	0.00079	0.00393	0.00196	0.00157	0.00471
14	0.00518	0.00408	0.00465	0.00448	0.00559	0.00376	0.00336	0.02618	0.05492	0.01241	0.35569	0.08061	0.40894	0.00837	0.00431	0.00122	0.00193	0.00717	0.00369	0.00346
15	0.00532	0.00374	0.00498	0.00498	0.00531	0.00407	0.00344	0.00594	0.00561	0.00781	0.01057	0.01889	0.01109	0.42638	0.43855	0.02725	0.00670	0.00458	0.00208	0.00274
16	0.00453	0.00333	0.00425	0.00491	0.00533	0.00306	0.00337	0.00530	0.00747	0.00982	0.07329	0.67622	0.14753	0.01091	0.00462	0.00144	0.00209	0.02606	0.00345	0.00304
17	0.00448	0.00324	0.00425	0.00502	0.00531	0.00300	0.00338	0.00516	0.00718	0.00953	0.03972	0.80208	0.07150	0.01129	0.00466	0.00147	0.00211	0.01020	0.00342	0.00300
18	0.00863	0.54981	0.25108	0.00733	0.01085	0.01175	0.00805	0.01065	0.00758	0.00967	0.02563	0.07077	0.00682	0.00396	0.00289	0.00095	0.00417	0.00291	0.00176	0.00476
19	0.00982	0.87313	0.01925	0.00628	0.00943	0.01453	0.00628	0.01100	0.00746	0.00864	0.00511	0.00589	0.00471	0.00314	0.00236	0.00079	0.00393	0.00196	0.00157	0.00471
20	0.00764	0.00562	0.00683	0.00567	0.00786	0.00481	0.00444	0.04285	0.02929	0.08008	0.04081	0.15727	0.04099	0.00713	0.06664	0.00130	0.00321	0.05049	0.00284	0.43423
21	0.00617	0.00475	0.00523	0.00494	0.00632	0.00462	0.00375	0.00937	0.19445	0.05309	0.18422	0.06931	0.42409	0.00788	0.00419	0.00123	0.00214	0.00667	0.00366	0.00392
22	0.03095	0.00556	0.00716	0.00591	0.00797	0.00514	0.00474	0.02933	0.06963	0.45255	0.29660	0.01808	0.03046	0.00568	0.00391	0.00116	0.00263	0.01317	0.00422	0.00515
23	0.04445	0.02638	0.00786	0.00662	0.00845	0.00713	0.00523	0.32928	0.02238	0.11356	0.01499	0.29020	0.05696	0.00717	0.00402	0.00126	0.00311	0.04262	0.00356	0.00477
24	0.03660	0.00860	0.01380	0.04929	0.63261	0.00877	0.03148	0.09943	0.00930	0.04384	0.00762	0.00988	0.00624	0.00361	0.00365	0.00112	0.00428	0.02204	0.00216	0.00568
25	0.00744	0.00735	0.01097	0.79838	0.02425	0.07153	0.00997	0.00978	0.00757	0.00935	0.00646	0.00956	0.00488	0.00368	0.00365	0.00120	0.00503	0.00320	0.00165	0.00409
26	0.00987	0.00826	0.00873	0.02419	0.02314	0.10510	0.03955	0.25989	0.09851	0.05299	0.02818	0.06132	0.16454	0.00624	0.00400	0.00122	0.00369	0.09253	0.00328	0.00478
27	0.08066	0.00832	0.00896	0.00757	0.02885	0.07924	0.03429	0.17448	0.16474	0.12667	0.06565	0.01245	0.01679	0.00456	0.00353	0.00107	0.00352	0.03688	0.00322	0.13856
28	0.00570	0.00451	0.02441	0.03600	0.00668	0.00393	0.00394	0.02580	0.00923	0.04474	0.32667	0.05767	0.34509	0.00815	0.01779	0.00127	0.00231	0.03131	0.01508	0.02970
29	0.00448	0.00333	0.00418	0.00481	0.00526	0.00303	0.00329	0.00522	0.00745	0.00972	0.05975	0.66417	0.19013	0.01089	0.00460	0.00143	0.00206	0.00973	0.00344	0.00303
30	0.01084	0.01128	0.01308	0.01036	0.01280	0.24424	0.24042	0.16480	0.09593	0.01332	0.02194	0.00991	0.02290	0.00419	0.00436	0.00114	0.06877	0.00354	0.02937	0.01681
31	0.01076	0.00796	0.01138	0.00840	0.01152	0.00735	0.17700	0.20357	0.01057	0.16065	0.00904	0.03453	0.00685	0.00377	0.00350	0.00095	0.00380	0.00339	0.00291	0.32211
32	0.00549	0.00453	0.00728	0.00686	0.00774	0.00429	0.13730	0.03139	0.00761	0.01015	0.01786	0.64954	0.03474	0.03514	0.00501	0.00150	0.00290	0.02415	0.00313	0.00339
33	0.04489	0.00528	0.00539	0.00473	0.00616	0.00560	0.00372	0.21387	0.01002	0.01615	0.01092	0.01217	0.00841	0.00428	0.00283	0.00093	0.00234	0.00334	0.63486	0.00415
34	0.00660	0.00491	0.00574	0.00513	0.00668	0.00454	0.00402	0.06845	0.05224	0.04748	0.31857	0.02563	0.25406	0.00715	0.00409	0.00114	0.00230	0.06639	0.00357	0.11131
35	0.00651	0.01012	0.31509	0.00798	0.01044	0.04720	0.02661	0.00884	0.00789	0.01068	0.01393	0.24269	0.01470	0.01720	0.00444	0.00142	0.00403	0.24354	0.00260	0.00409
36	0.00457	0.00367	0.00408	0.00411	0.00514	0.00318	0.00303	0.00567	0.00873	0.01107	0.23882	0.12980	0.54702	0.00911	0.00438	0.00125	0.00186	0.00778	0.00357	0.00318
37	0.00559	0.00402	0.00494	0.00478	0.00579	0.00374	0.00359	0.00750	0.05574	0.04359	0.48400	0.12216	0.20040	0.00816	0.00434	0.00123	0.00197	0.03106	0.00382	0.00357
38	0.00924	0.00712	0.00761	0.00670	0.00855	0.00797	0.00524	0.18601	0.42263	0.01608	0.02989	0.07411	0.02457	0.00534	0.00371	0.00117	0.01328	0.00439	0.16122	0.00517
39	0.00988	0.04116	0.00899	0.00641	0.00948	0.00716	0.00523	0.20752	0.07182	0.06687	0.00814	0.00859	0.00626	0.00342	0.00307	0.00078	0.00312	0.00268	0.00277	0.52668
40	0.00803	0.11356	0.23554	0.00836	0.02027	0.04820	0.06671	0.07350	0.02551	0.01202	0.05602	0.04923	0.03730	0.01269	0.00390	0.00119	0.00417	0.15094	0.00245	0.07040
41	0.01166	0.22080	0.12392	0.04621	0.06239	0.06627	0.00765	0.15598	0.02564	0.19929	0.00867	0.00924	0.00640	0.00392	0.00331	0.00103	0.00416	0.01509	0.00271	0.02564
42	0.00493	0.01908	0.00465	0.00440	0.00546	0.00364	0.00330	0.00645	0.03930	0.01163	0.29896	0.12729	0.42800	0.00871	0.00433	0.00124	0.00195	0.01973	0.00360	0.00334
43	0.00479	0.00339	0.00434	0.00483	0.00508	0.00330	0.00318	0.00536	0.00662	0.00887	0.04179	0.51668	0.04522	0.24179	0.08503	0.00242	0.00319	0.00830	0.00298	0.00283
44	0.01095	0.09642	0.17661	0.02368	0.01197	0.15432	0.06899	0.16159	0.02003	0.12713	0.00961	0.07660	0.01572	0.00466	0.00362	0.00112	0.00460	0.02462	0.00266	0.00510
45	0.00921	0.00780	0.06650	0.00953	0.05982	0.00704	0.18538	0.07643	0.13265	0.14372	0.06482	0.17164	0.02506	0.00577	0.00407	0.00125	0.00377	0.01745	0.00314	0.00496
46	0.00734	0.00652	0.00995	0.08600	0.34721	0.00680	0.00774	0.00932	0.04031	0.02766	0.01539	0.07231	0.18259	0.00666	0.02966	0.00139	0.06655	0.06959	0.00248	0.00453
47	0.00525	0.00392	0.00583	0.00583	0.00645	0.00455	0.00449	0.00651	0.00588	0.00847	0.00991	0.01482	0.00935	0.06192	0.82223	0.00581	0.00958	0.00399	0.00198	0.00324
48	0.00815	0.06519	0.46863	0.06245	0.18857	0.02234	0.04359	0.04136	0.00837	0.01191	0.04088	0.00895	0.00623	0.00362	0.00353	0.00113	0.00493	0.00306	0.00181	0.00530
49	0.00799	0.03854	0.01932	0.02386	0.03716	0.07324	0.02112	0.01887	0.05025	0.05030	0.11413	0.01407	0.01112	0.16845	0.04278	0.00165	0.05836	0.00378	0.00250	0.24253

[dist]
# distance from previous block
# <min> <max>
0	1

[block]
# block no. 6 follows, 75 sequences, length 27
# corresponding to MSA columns:
# 279-305
name=unknown_G
#
# <colnr> <probs for GDERKNQSTAVLIFYWHMCP>
#	G	D	E	R	K	N	Q	S	T	A	V	L	I	F	Y	W	H	M	C	P
0	0.01172	0.10357	0.03163	0.00826	0.01055	0.34875	0.00667	0.17912	0.18659	0.01342	0.03985	0.02740	0.00792	0.00439	0.00344	0.00105	0.00473	0.00323	0.00271	0.00500
1	0.04554	0.17413	0.19364	0.00788	0.02861	0.07918	0.03297	0.02370	0.02963	0.11393	0.02261	0.00840	0.00616	0.00350	0.00311	0.00092	0.00406	0.00268	0.00227	0.21707
2	0.01029	0.00985	0.04233	0.03786	0.26905	0.14733	0.01746	0.14738	0.09450	0.05240	0.00962	0.09939	0.00833	0.00512	0.02024	0.00122	0.00440	0.00398	0.00262	0.01662
3	0.00534	0.00334	0.00454	0.00482	0.00511	0.00319	0.00329	0.00533	0.00673	0.00903	0.13953	0.33004	0.06311	0.05175	0.00882	0.32774	0.00253	0.02046	0.00278	0.00252
4	0.00968	0.00885	0.05608	0.20158	0.03671	0.03162	0.08172	0.18523	0.22486	0.04540	0.03646	0.01157	0.00828	0.00434	0.00375	0.00118	0.00413	0.01835	0.00286	0.02736
5	0.00556	0.00509	0.03525	0.09112	0.04176	0.00470	0.06968	0.00699	0.00761	0.01010	0.04455	0.34673	0.14210	0.01010	0.07553	0.00174	0.00362	0.07552	0.00287	0.01936
6	0.00621	0.00386	0.00430	0.00424	0.00474	0.00384	0.00278	0.04528	0.00696	0.02790	0.01394	0.12438	0.05439	0.44463	0.01116	0.00234	0.00285	0.00547	0.22779	0.00294
7	0.00868	0.00772	0.01295	0.25513	0.53226	0.00812	0.01025	0.01087	0.00824	0.05253	0.03576	0.01017	0.00677	0.00361	0.00365	0.00113	0.00431	0.00341	0.01922	0.00523
8	0.01230	0.00726	0.02375	0.00755	0.03033	0.00716	0.03661	0.24009	0.02450	0.33124	0.05244	0.01303	0.00956	0.08346	0.06836	0.01771	0.02191	0.00388	0.00354	0.00532
9	0.10813	0.06513	0.04146	0.00817	0.01060	0.25758	0.02266	0.28410	0.07335	0.01519	0.02311	0.02705	0.02007	0.00435	0.00357	0.00108	0.02352	0.00315	0.00271	0.00502
10	0.06969	0.11578	0.05671	0.02746	0.05653	0.10672	0.06030	0.16088	0.11380	0.04913	0.00804	0.00864	0.00617	0.00372	0.00327	0.00099	0.00411	0.00292	0.00255	0.14256
11	0.00841	0.15965	0.39918	0.00989	0.04462	0.09696	0.08762	0.01136	0.02314	0.01091	0.04080	0.01007	0.05544	0.00400	0.00363	0.00110	0.02321	0.00321	0.00187	0.00492
12	0.89687	0.00710	0.00540	0.00483	0.00710	0.00824	0.00398	0.01080	0.00625	0.01648	0.00511	0.00597	0.00398	0.00341	0.00227	0.00114	0.00284	0.00199	0.00227	0.00398
13	0.00638	0.00319	0.00478	0.00478	0.00478	0.00319	0.00319	0.00478	0.00478	0.00638	0.00638	0.01116	0.00638	0.01276	0.01435	0.89314	0.00319	0.00319	0.00159	0.00159
14	0.00504	0.00345	0.00407	0.00434	0.00445	0.00336	0.00261	0.00527	0.00598	0.00792	0.01521	0.28596	0.04779	0.57270	0.01382	0.00283	0.00305	0.00701	0.00264	0.00249
15	0.04340	0.00837	0.05638	0.00812	0.06496	0.12038	0.04749	0.09264	0.04192	0.07125	0.12943	0.10500	0.09021	0.01710	0.00417	0.00119	0.01584	0.03086	0.00298	0.04833
16	0.00684	0.00610	0.01811	0.17878	0.06485	0.01527	0.02945	0.01034	0.18659	0.02163	0.10793	0.14058	0.14812	0.00654	0.00431	0.00127	0.03108	0.01500	0.00296	0.00424
17	0.00623	0.00322	0.00471	0.00474	0.00475	0.00321	0.00313	0.00484	0.00491	0.00655	0.00729	0.04534	0.00758	0.07455	0.01429	0.79445	0.00318	0.00363	0.00171	0.00169
18	0.01089	0.00733	0.00875	0.00701	0.00925	0.00762	0.04415	0.34926	0.06952	0.13646	0.16867	0.01539	0.06968	0.00531	0.00379	0.00112	0.00317	0.00440	0.07301	0.00520
19	0.03808	0.05134	0.15113	0.08611	0.14242	0.07424	0.08037	0.13454	0.05673	0.06492	0.00912	0.01055	0.01949	0.00449	0.00421	0.00128	0.03219	0.00351	0.00266	0.03264
20	0.00649	0.02841	0.27541	0.00684	0.00896	0.04195	0.00677	0.02549	0.00733	0.00997	0.04554	0.13202	0.03887	0.25787	0.05020	0.00215	0.00429	0.04538	0.00233	0.00376
21	0.00456	0.00324	0.00428	0.00503	0.00527	0.00304	0.00335	0.00522	0.00711	0.00952	0.06055	0.78309	0.02423	0.05601	0.00540	0.00158	0.00219	0.00999	0.00338	0.00297
22	0.03448	0.05569	0.09187	0.08888	0.08406	0.16712	0.07041	0.01072	0.03503	0.04223	0.10460	0.10802	0.04134	0.00588	0.02825	0.00129	0.01890	0.00443	0.00244	0.00438
23	0.02942	0.08520	0.44020	0.04846	0.03798	0.06684	0.06386	0.07271	0.01928	0.06352	0.02591	0.00890	0.01415	0.00375	0.00348	0.00112	0.00493	0.00301	0.00206	0.00523
24	0.00925	0.00501	0.00582	0.00513	0.00665	0.00491	0.00397	0.08175	0.06431	0.20598	0.07573	0.07282	0.08133	0.04310	0.01750	0.00126	0.00256	0.00467	0.30390	0.00437
25	0.00452	0.00335	0.00416	0.00474	0.00519	0.00305	0.00322	0.00523	0.00736	0.00958	0.05379	0.61569	0.20205	0.05330	0.00529	0.00153	0.00213	0.00947	0.00337	0.00299
26	0.05055	0.07182	0.14852	0.04898	0.04616	0.05482	0.07265	0.20087	0.06570	0.08726	0.01799	0.03895	0.03181	0.00539	0.04117	0.00134	0.00452	0.00360	0.00270	0.00518

[dist]
# distance from previous block
# <min> <max>
2	29

[block]
# block no. 7 follows, 75 sequences, length 35
# corresponding to MSA columns:
# 339-373
name=unknown_H
#
# <colnr> <probs for GDERKNQSTAVLIFYWHMCP>
#	G	D	E	R	K	N	Q	S	T	A	V	L	I	F	Y	W	H	M	C	P
0	0.01009	0.08641	0.08518	0.00740	0.00953	0.24482	0.00633	0.14150	0.04695	0.02409	0.06651	0.01097	0.00865	0.02513	0.10537	0.00164	0.00506	0.00328	0.10659	0.00450
1	0.01056	0.00956	0.14484	0.00908	0.02598	0.00801	0.13871	0.18179	0.08278	0.16659	0.01093	0.05210	0.02554	0.00456	0.00399	0.00116	0.03141	0.00393	0.05800	0.03050
2	0.06807	0.02933	0.08308	0.08013	0.09373	0.16336	0.08867	0.11355	0.05300	0.04819	0.09753	0.01150	0.03554	0.00432	0.00362	0.00111	0.00444	0.00360	0.00255	0.01466
3	0.03408	0.00423	0.00539	0.00532	0.00590	0.00466	0.00381	0.02687	0.05543	0.00907	0.01112	0.07337	0.01135	0.29892	0.40461	0.02941	0.00632	0.00474	0.00229	0.00311
4	0.00691	0.00451	0.00547	0.00507	0.00633	0.00428	0.00388	0.03222	0.07685	0.11035	0.38606	0.10026	0.18108	0.00753	0.00419	0.00121	0.00215	0.02610	0.03161	0.00394
5	0.00635	0.00522	0.00570	0.00519	0.00675	0.02684	0.00394	0.00906	0.14110	0.02903	0.19170	0.11467	0.26758	0.00715	0.00398	0.00113	0.00234	0.01615	0.00337	0.15274
6	0.00832	0.00799	0.01373	0.31683	0.53598	0.00854	0.03419	0.01062	0.00801	0.01108	0.00679	0.00936	0.00549	0.00341	0.00367	0.00114	0.00460	0.00330	0.00175	0.00518
7	0.00552	0.00381	0.00459	0.00482	0.00570	0.00346	0.00349	0.00672	0.03455	0.07074	0.07132	0.41312	0.31501	0.00975	0.00445	0.00136	0.00215	0.03251	0.00354	0.00339
8	0.00447	0.00320	0.00426	0.00511	0.00533	0.00298	0.00341	0.00511	0.00703	0.00938	0.02024	0.86853	0.02429	0.01151	0.00469	0.00149	0.00213	0.01044	0.00341	0.00298
9	0.03131	0.01493	0.48767	0.01101	0.01551	0.00907	0.19475	0.14446	0.00953	0.03641	0.00731	0.00849	0.00522	0.00358	0.00368	0.00117	0.00525	0.00318	0.00206	0.00544
10	0.00940	0.00724	0.00787	0.00697	0.00901	0.00806	0.00545	0.03737	0.63099	0.09686	0.07050	0.01579	0.06744	0.00538	0.00381	0.00123	0.00281	0.00449	0.00381	0.00553
11	0.00483	0.00338	0.00417	0.00461	0.00482	0.00323	0.00294	0.00529	0.00660	0.00879	0.05495	0.47460	0.05726	0.33576	0.00995	0.00225	0.00264	0.00822	0.00299	0.00272
12	0.00903	0.00866	0.01480	0.04626	0.82478	0.00871	0.01124	0.01122	0.00833	0.01193	0.00690	0.00911	0.00579	0.00328	0.00364	0.00109	0.00438	0.00327	0.00181	0.00577
13	0.01006	0.00846	0.00843	0.00745	0.00958	0.07442	0.00581	0.06118	0.63870	0.07458	0.01483	0.01374	0.04622	0.00501	0.00372	0.00121	0.00322	0.00409	0.00363	0.00563
14	0.00803	0.00456	0.00468	0.00426	0.00546	0.00475	0.00330	0.14591	0.00929	0.01526	0.01146	0.01288	0.00889	0.00430	0.00275	0.00090	0.00210	0.00340	0.74393	0.00389
15	0.00447	0.00323	0.00423	0.00503	0.00530	0.00299	0.00337	0.00512	0.00711	0.00941	0.02129	0.81696	0.07519	0.01137	0.00467	0.00148	0.00211	0.01027	0.00341	0.00299
16	0.00943	0.01038	0.00918	0.00832	0.00927	0.31939	0.00647	0.01093	0.05932	0.00934	0.02788	0.04876	0.00780	0.04595	0.13379	0.00205	0.27214	0.00357	0.00206	0.00397
17	0.00638	0.00319	0.00478	0.00478	0.00478	0.00319	0.00319	0.00478	0.00478	0.00638	0.00638	0.01116	0.00638	0.01276	0.01435	0.89314	0.00319	0.00319	0.00159	0.00159
18	0.00634	0.00528	0.00599	0.00494	0.00703	0.00446	0.00384	0.02077	0.06726	0.01225	0.17288	0.02047	0.27595	0.00587	0.00362	0.00093	0.00230	0.00492	0.00304	0.37187
19	0.00637	0.00504	0.00704	0.00641	0.00740	0.02691	0.10253	0.01822	0.03394	0.04766	0.01695	0.34464	0.10496	0.16294	0.04134	0.00192	0.02829	0.00705	0.02692	0.00346
20	0.03850	0.00778	0.00869	0.00655	0.00952	0.00738	0.00532	0.30470	0.03187	0.05209	0.04569	0.00924	0.00730	0.00369	0.00319	0.00083	0.00317	0.00289	0.00294	0.44865
21	0.00891	0.10044	0.21663	0.04795	0.04888	0.00818	0.00776	0.16213	0.06088	0.06707	0.02363	0.08702	0.11082	0.00534	0.00368	0.00116	0.00380	0.01657	0.01420	0.00496
22	0.00899	0.00503	0.00613	0.00539	0.00696	0.02655	0.00420	0.03254	0.01000	0.27316	0.33530	0.09133	0.14881	0.00706	0.00413	0.00119	0.00244	0.02249	0.00397	0.00433
23	0.00465	0.00357	0.00419	0.00454	0.00527	0.00322	0.00327	0.00551	0.00777	0.00985	0.06974	0.32282	0.37899	0.08089	0.00570	0.00155	0.00222	0.07987	0.00334	0.00303
24	0.00694	0.00611	0.00850	0.38768	0.06078	0.02693	0.00716	0.04601	0.04842	0.02519	0.06532	0.04074	0.22505	0.00580	0.00394	0.00122	0.00367	0.02389	0.00258	0.00406
25	0.02191	0.05988	0.27240	0.13894	0.08317	0.04762	0.16768	0.07165	0.04023	0.02957	0.00722	0.00881	0.00542	0.00364	0.00384	0.00116	0.02657	0.00321	0.00197	0.00511
26	0.01181	0.01140	0.15693	0.00830	0.01114	0.18293	0.03398	0.16379	0.04402	0.20671	0.08414	0.01117	0.00915	0.00543	0.04130	0.00132	0.00468	0.00349	0.00304	0.00525
27	0.06894	0.40313	0.02928	0.00858	0.03698	0.30686	0.06636	0.01231	0.00851	0.00966	0.00555	0.00660	0.00477	0.00343	0.00301	0.00092	0.01643	0.00235	0.00176	0.00456
28	0.00484	0.00376	0.00424	0.00434	0.00533	0.00333	0.00317	0.00609	0.03106	0.02437	0.15992	0.22832	0.48945	0.00934	0.00439	0.00128	0.00195	0.00804	0.00354	0.00326
29	0.00529	0.00371	0.00463	0.00508	0.00568	0.00350	0.00364	0.02786	0.00761	0.02324	0.02071	0.50511	0.12883	0.07774	0.00562	0.00159	0.00242	0.10745	0.04370	0.01659
30	0.14780	0.02196	0.12222	0.00979	0.05983	0.12229	0.14488	0.11358	0.07168	0.05217	0.00792	0.01649	0.00611	0.00398	0.01019	0.00113	0.00456	0.01190	0.00242	0.06910
