[name]
unknown

[dist]
# distance from previous block
# <min> <max>
0	14

[block]
# block no. 0 follows, 68 sequences, length 22
# corresponding to MSA columns:
# 14-35
name=unknown_A
#
# <colnr> <probs for GDERKNQSTAVLIFYWHMCP>
#	G	D	E	R	K	N	Q	S	T	A	V	L	I	F	Y	W	H	M	C	P
0	0.01005	0.09797	0.01063	0.05735	0.06013	0.03736	0.00637	0.17639	0.03897	0.03833	0.01153	0.03328	0.07883	0.00468	0.00358	0.00100	0.00370	0.02413	0.00286	0.30286
1	0.01008	0.23870	0.25033	0.00952	0.03124	0.05385	0.05660	0.11659	0.05537	0.01337	0.02286	0.00940	0.02240	0.00409	0.00373	0.00110	0.02520	0.00313	0.00229	0.07016
2	0.00895	0.16592	0.62678	0.01050	0.01572	0.01020	0.04187	0.01278	0.00850	0.05328	0.00730	0.00836	0.00531	0.00374	0.00360	0.00119	0.00548	0.00290	0.00185	0.00575
3	0.00899	0.00484	0.00619	0.00553	0.00708	0.00435	0.00430	0.01042	0.01010	0.25142	0.29567	0.04078	0.18486	0.06577	0.03606	0.00166	0.00289	0.05055	0.00412	0.00442
4	0.00763	0.00890	0.18469	0.00748	0.00948	0.03530	0.00679	0.11438	0.02936	0.02563	0.01481	0.38161	0.01573	0.06083	0.07664	0.00198	0.00433	0.00698	0.00305	0.00440
5	0.01007	0.15183	0.19640	0.03155	0.01344	0.04943	0.14401	0.09064	0.00977	0.09541	0.01065	0.15919	0.00960	0.00539	0.00398	0.00125	0.00475	0.00473	0.00265	0.00526
6	0.01372	0.04667	0.01116	0.00973	0.01159	0.71687	0.00736	0.01471	0.01051	0.00958	0.00648	0.00829	0.00567	0.04490	0.02676	0.00132	0.04539	0.00277	0.00204	0.00447
7	0.00822	0.00705	0.00822	0.00587	0.00940	0.00529	0.00470	0.00998	0.00822	0.01292	0.00705	0.00822	0.00587	0.00294	0.00294	0.00059	0.00294	0.00235	0.00235	0.88490
8	0.02910	0.05810	0.75320	0.01087	0.01644	0.00961	0.01379	0.04191	0.00869	0.01298	0.00709	0.00828	0.00507	0.00378	0.00369	0.00123	0.00567	0.00290	0.00178	0.00582
9	0.00483	0.00345	0.00460	0.00552	0.00575	0.00322	0.00368	0.00552	0.00759	0.01012	0.02185	0.85807	0.02622	0.01242	0.00506	0.00161	0.00230	0.01127	0.00368	0.00322
10	0.00566	0.00425	0.00637	0.00637	0.00708	0.00496	0.00496	0.00708	0.00637	0.00920	0.01062	0.01558	0.00991	0.02974	0.84494	0.00637	0.01062	0.00425	0.00212	0.00354
11	0.88866	0.00767	0.00583	0.00521	0.00767	0.00889	0.00429	0.01166	0.00675	0.01779	0.00552	0.00644	0.00429	0.00368	0.00245	0.00123	0.00307	0.00215	0.00245	0.00429
12	0.00483	0.00345	0.00460	0.00552	0.00575	0.00322	0.00368	0.00552	0.00759	0.01012	0.02185	0.85807	0.02622	0.01242	0.00506	0.00161	0.00230	0.01127	0.00368	0.00322
13	0.00749	0.00705	0.01189	0.85113	0.02731	0.00881	0.01101	0.01013	0.00793	0.01013	0.00705	0.01057	0.00529	0.00396	0.00396	0.00132	0.00529	0.00352	0.00176	0.00440
14	0.00749	0.00705	0.01189	0.85113	0.02731	0.00881	0.01101	0.01013	0.00793	0.01013	0.00705	0.01057	0.00529	0.00396	0.00396	0.00132	0.00529	0.00352	0.00176	0.00440
15	0.01507	0.01111	0.01190	0.00912	0.01230	0.01230	0.00754	0.82270	0.01864	0.02499	0.00952	0.00952	0.00674	0.00476	0.00397	0.00119	0.00436	0.00357	0.00397	0.00674
16	0.23898	0.00916	0.01065	0.08282	0.01189	0.05111	0.03666	0.12058	0.04977	0.01430	0.00672	0.00868	0.00555	0.00519	0.00704	0.00142	0.32910	0.00319	0.00236	0.00480
17	0.00749	0.00705	0.01189	0.85113	0.02731	0.00881	0.01101	0.01013	0.00793	0.01013	0.00705	0.01057	0.00529	0.00396	0.00396	0.00132	0.00529	0.00352	0.00176	0.00440
18	0.01337	0.04013	0.19620	0.03110	0.05358	0.03804	0.00844	0.08483	0.04802	0.37743	0.02605	0.01140	0.00829	0.00446	0.00384	0.00119	0.00424	0.00358	0.00351	0.04230
19	0.01052	0.00803	0.01103	0.27569	0.03740	0.00929	0.00835	0.14247	0.06036	0.12475	0.03760	0.01116	0.00772	0.00496	0.00571	0.00131	0.17198	0.00369	0.00281	0.06516
20	0.01136	0.00794	0.03087	0.15516	0.05764	0.03803	0.00729	0.08658	0.10617	0.24176	0.12016	0.01533	0.05309	0.00542	0.00451	0.00128	0.04396	0.00443	0.00355	0.00548
21	0.16603	0.00839	0.00981	0.02324	0.08537	0.04697	0.03578	0.08859	0.10029	0.09980	0.06234	0.01238	0.02394	0.00484	0.00442	0.00120	0.07469	0.02411	0.00303	0.12478

[dist]
# distance from previous block
# <min> <max>
28	103

[block]
# block no. 1 follows, 68 sequences, length 13
# corresponding to MSA columns:
# 151-163
name=unknown_B
#
# <colnr> <probs for GDERKNQSTAVLIFYWHMCP>
#	G	D	E	R	K	N	Q	S	T	A	V	L	I	F	Y	W	H	M	C	P
0	0.06236	0.44127	0.15751	0.00781	0.01117	0.06772	0.00785	0.08940	0.00914	0.01196	0.01870	0.00845	0.00619	0.02437	0.05974	0.00143	0.00504	0.00272	0.00206	0.00512
1	0.01010	0.46615	0.21060	0.00805	0.01169	0.03646	0.00845	0.05350	0.04667	0.03434	0.00733	0.00855	0.00609	0.02350	0.05203	0.00138	0.00500	0.00276	0.00205	0.00529
2	0.01020	0.64514	0.14131	0.00758	0.01119	0.01402	0.00790	0.04723	0.03132	0.01068	0.00641	0.00737	0.00552	0.00454	0.03418	0.00114	0.00469	0.00245	0.00187	0.00525
3	0.06471	0.46579	0.16798	0.00804	0.01141	0.01237	0.00800	0.02689	0.00920	0.01246	0.07013	0.01278	0.05300	0.03168	0.02766	0.00149	0.00476	0.00360	0.00255	0.00553
4	0.05254	0.37480	0.19852	0.00762	0.01092	0.01105	0.00787	0.04253	0.03608	0.04187	0.04641	0.01037	0.00792	0.04379	0.09061	0.00172	0.00501	0.00312	0.00221	0.00505
5	0.00584	0.00434	0.00601	0.02399	0.00658	0.00452	0.03908	0.00664	0.00659	0.00901	0.04810	0.06071	0.04154	0.43567	0.28013	0.00419	0.00594	0.00559	0.00247	0.00306
6	0.39277	0.00883	0.08233	0.00729	0.02621	0.03218	0.03343	0.06345	0.02664	0.05506	0.05665	0.02125	0.04794	0.00590	0.04210	0.00147	0.02962	0.01867	0.00276	0.04544
7	0.05948	0.05496	0.03598	0.10359	0.05041	0.00830	0.00689	0.21310	0.01124	0.09866	0.09632	0.06870	0.02966	0.00676	0.04760	0.00148	0.01564	0.02254	0.00321	0.06548
8	0.09984	0.02488	0.04146	0.01955	0.15134	0.02385	0.00694	0.12080	0.09958	0.04563	0.02362	0.01176	0.06406	0.00434	0.00355	0.00105	0.00364	0.00351	0.00286	0.24775
9	0.03492	0.00921	0.02850	0.11208	0.33251	0.06422	0.02673	0.10288	0.04945	0.01435	0.10466	0.01295	0.02376	0.00455	0.00395	0.00119	0.00436	0.01430	0.00263	0.05281
10	0.01002	0.00895	0.01422	0.15037	0.48226	0.02424	0.04801	0.06812	0.02223	0.05250	0.02238	0.02751	0.00729	0.00401	0.00396	0.00120	0.00466	0.00377	0.00234	0.04197
11	0.03742	0.00886	0.01231	0.10322	0.29078	0.04261	0.03138	0.07994	0.10931	0.11402	0.01002	0.03001	0.00797	0.00458	0.00435	0.00124	0.04360	0.02141	0.00281	0.04417
12	0.05364	0.00948	0.01347	0.11526	0.40736	0.04291	0.03277	0.15798	0.04099	0.03178	0.03119	0.01038	0.00724	0.00404	0.00388	0.00119	0.00458	0.00358	0.00254	0.02572

[dist]
# distance from previous block
# <min> <max>
2	50

[block]
# block no. 2 follows, 68 sequences, length 13
# corresponding to MSA columns:
# 215-227
name=unknown_C
#
# <colnr> <probs for GDERKNQSTAVLIFYWHMCP>
#	G	D	E	R	K	N	Q	S	T	A	V	L	I	F	Y	W	H	M	C	P
0	0.02500	0.07853	0.09706	0.03396	0.19930	0.04484	0.02730	0.11026	0.09674	0.05272	0.03666	0.05571	0.00924	0.05015	0.00468	0.00131	0.00427	0.00401	0.00274	0.06553
1	0.00962	0.16291	0.08210	0.01088	0.15817	0.02813	0.04166	0.06522	0.07264	0.03167	0.04665	0.03263	0.00846	0.00514	0.03244	0.00125	0.03671	0.00352	0.00248	0.16773
2	0.05490	0.04222	0.07145	0.00657	0.00839	0.03432	0.02454	0.03644	0.06748	0.05229	0.11016	0.04761	0.07498	0.07572	0.05346	0.14964	0.00391	0.01914	0.00286	0.06393
3	0.03472	0.00742	0.05424	0.00749	0.03120	0.03833	0.05711	0.01950	0.05762	0.11205	0.18686	0.03885	0.05636	0.05203	0.03576	0.00148	0.00369	0.03002	0.00326	0.17200
4	0.00853	0.00696	0.04533	0.00715	0.00906	0.02091	0.08140	0.08652	0.06342	0.09144	0.06278	0.14828	0.11663	0.16527	0.00726	0.00175	0.00358	0.00604	0.00328	0.06442
5	0.00917	0.01296	0.33262	0.01126	0.15095	0.02957	0.00996	0.01210	0.00870	0.06594	0.00767	0.00886	0.00585	0.00352	0.00351	0.00100	0.00451	0.00288	0.00218	0.31680
6	0.00812	0.00662	0.00730	0.00702	0.00856	0.00699	0.00527	0.01392	0.40377	0.01478	0.12306	0.19258	0.13737	0.00847	0.00477	0.00153	0.00291	0.03764	0.00416	0.00517
7	0.00788	0.00744	0.01260	0.71267	0.16272	0.00891	0.01121	0.01047	0.00811	0.01060	0.00712	0.01044	0.00545	0.00389	0.00396	0.00130	0.00519	0.00353	0.00180	0.00472
8	0.00723	0.00634	0.00550	0.00537	0.00573	0.14463	0.00335	0.00744	0.00678	0.00815	0.01192	0.06706	0.01348	0.67209	0.01660	0.00325	0.00432	0.00552	0.00241	0.00281
9	0.01468	0.01215	0.01154	0.00918	0.01207	0.15140	0.00743	0.66016	0.01703	0.02193	0.00937	0.03759	0.00712	0.00490	0.00394	0.00118	0.00476	0.00366	0.00363	0.00627
10	0.01284	0.01141	0.03494	0.00887	0.01158	0.13771	0.00721	0.33366	0.33786	0.04418	0.01174	0.01134	0.00866	0.00488	0.00393	0.00123	0.00432	0.00377	0.00366	0.00621
11	0.00702	0.00654	0.01057	0.70926	0.02363	0.00789	0.00967	0.00939	0.00811	0.01023	0.01259	0.01519	0.14412	0.00498	0.00408	0.00132	0.00474	0.00433	0.00208	0.00423
12	0.04203	0.01469	0.01181	0.15121	0.02820	0.50260	0.05035	0.08419	0.04172	0.02642	0.00722	0.00853	0.00566	0.00413	0.00372	0.00113	0.00618	0.00301	0.00230	0.00491

[dist]
# distance from previous block
# <min> <max>
6	9

[block]
# block no. 3 follows, 68 sequences, length 6
# corresponding to MSA columns:
# 237-242
name=unknown_D
#
# <colnr> <probs for GDERKNQSTAVLIFYWHMCP>
#	G	D	E	R	K	N	Q	S	T	A	V	L	I	F	Y	W	H	M	C	P
0	0.01401	0.01345	0.01088	0.03910	0.01213	0.46032	0.05426	0.01586	0.05449	0.20751	0.03358	0.01089	0.00802	0.04263	0.00455	0.00125	0.00564	0.00343	0.00290	0.00511
1	0.00781	0.09555	0.05424	0.00645	0.00817	0.15600	0.00532	0.00972	0.04543	0.01227	0.26886	0.11392	0.18639	0.00741	0.00423	0.00123	0.00341	0.00617	0.00330	0.00412
2	0.01098	0.59123	0.13640	0.00805	0.01155	0.16322	0.00807	0.01268	0.00867	0.00986	0.00585	0.00679	0.00508	0.00357	0.00290	0.00094	0.00499	0.00231	0.00176	0.00511
3	0.00950	0.26389	0.09104	0.00828	0.01083	0.07064	0.05662	0.07413	0.03092	0.03144	0.03418	0.01084	0.00790	0.01111	0.23153	0.00252	0.04410	0.00340	0.00226	0.00485
4	0.05942	0.37139	0.13377	0.00822	0.01151	0.06014	0.03399	0.14015	0.02971	0.01303	0.00730	0.00853	0.00601	0.00658	0.09299	0.00161	0.00533	0.00286	0.00223	0.00526
5	0.05884	0.46339	0.14965	0.00766	0.01089	0.10669	0.00768	0.01178	0.00851	0.01083	0.06614	0.00908	0.00770	0.00565	0.05942	0.00135	0.00502	0.00281	0.00200	0.00491

[dist]
# distance from previous block
# <min> <max>
24	86

[block]
# block no. 4 follows, 68 sequences, length 13
# corresponding to MSA columns:
# 331-343
name=unknown_E
#
# <colnr> <probs for GDERKNQSTAVLIFYWHMCP>
#	G	D	E	R	K	N	Q	S	T	A	V	L	I	F	Y	W	H	M	C	P
0	0.01090	0.13210	0.17012	0.00892	0.01239	0.18690	0.06294	0.04518	0.03591	0.07462	0.03291	0.00967	0.01933	0.00399	0.00353	0.00102	0.00488	0.00310	0.00243	0.17916
1	0.05693	0.10818	0.21900	0.06150	0.01282	0.02682	0.05731	0.02915	0.11388	0.09073	0.11335	0.03162	0.01124	0.02480	0.00419	0.00127	0.00426	0.00401	0.00282	0.02613
2	0.01979	0.08945	0.07312	0.20164	0.06258	0.04967	0.10539	0.01086	0.00827	0.02980	0.07723	0.04259	0.00895	0.00516	0.00601	0.00135	0.19721	0.00402	0.00217	0.00474
3	0.37740	0.06152	0.00935	0.00710	0.00975	0.05655	0.03592	0.15903	0.06567	0.11460	0.04134	0.01025	0.02726	0.00445	0.00331	0.00120	0.00371	0.00324	0.00314	0.00522
4	0.00494	0.00403	0.00437	0.00428	0.00551	0.00345	0.00321	0.00618	0.00964	0.01213	0.25731	0.03582	0.61629	0.00951	0.00468	0.00131	0.00197	0.00804	0.00387	0.00345
5	0.01045	0.81374	0.06873	0.00705	0.01059	0.01531	0.00724	0.01191	0.00807	0.00952	0.00561	0.00648	0.00508	0.00341	0.00262	0.00087	0.00433	0.00217	0.00169	0.00513
6	0.00636	0.00516	0.00810	0.00727	0.00854	0.00484	0.14296	0.02469	0.00872	0.02724	0.08318	0.35022	0.14510	0.06338	0.00579	0.00162	0.00322	0.07005	0.02981	0.00378
7	0.00568	0.00422	0.00536	0.00498	0.00609	0.00379	0.00374	0.00744	0.01077	0.01516	0.69911	0.05131	0.09723	0.00805	0.00458	0.00122	0.00196	0.00708	0.00417	0.05806
8	0.00659	0.00490	0.00590	0.00576	0.00692	0.00477	0.00444	0.11222	0.01068	0.01424	0.28169	0.20683	0.18955	0.00938	0.00478	0.00142	0.00256	0.11952	0.00393	0.00393
9	0.01070	0.51196	0.07234	0.00777	0.01091	0.10358	0.00729	0.01453	0.20316	0.01131	0.00821	0.00858	0.00675	0.00396	0.00309	0.00101	0.00440	0.00278	0.00229	0.00537
10	0.00929	0.00934	0.01230	0.06805	0.06267	0.06411	0.00894	0.04043	0.00717	0.01038	0.00569	0.00881	0.00533	0.00627	0.01091	0.00161	0.65886	0.00342	0.00185	0.00457
11	0.00810	0.00774	0.01335	0.62766	0.20934	0.00900	0.04725	0.01070	0.00824	0.01088	0.00718	0.01041	0.00554	0.00384	0.00399	0.00129	0.00522	0.00358	0.00182	0.00487
12	0.00548	0.00430	0.00583	0.07231	0.00794	0.00405	0.02621	0.00650	0.00808	0.01066	0.07507	0.45156	0.17868	0.04045	0.00559	0.02806	0.00270	0.00870	0.00335	0.05448

[dist]
# distance from previous block
# <min> <max>
5	50

[block]
# block no. 5 follows, 68 sequences, length 31
# corresponding to MSA columns:
# 398-428
name=unknown_F
#
# <colnr> <probs for GDERKNQSTAVLIFYWHMCP>
#	G	D	E	R	K	N	Q	S	T	A	V	L	I	F	Y	W	H	M	C	P
0	0.05075	0.00617	0.00692	0.00693	0.02656	0.03696	0.00502	0.05482	0.16560	0.03656	0.10747	0.35140	0.04361	0.03021	0.00523	0.00149	0.03816	0.01819	0.00360	0.00436
1	0.19455	0.11560	0.03217	0.04971	0.03953	0.15310	0.03553	0.07500	0.00939	0.09759	0.00794	0.03269	0.00649	0.02473	0.00432	0.00121	0.05498	0.00317	0.00255	0.05975
2	0.00972	0.34047	0.23182	0.00988	0.03275	0.04003	0.11814	0.05512	0.04648	0.01206	0.02046	0.01019	0.03622	0.00410	0.00351	0.00111	0.00493	0.01552	0.00212	0.00537
3	0.02459	0.00542	0.00601	0.00486	0.00710	0.00457	0.00381	0.00978	0.00841	0.04631	0.01206	0.01318	0.06304	0.00422	0.00302	0.00082	0.00243	0.00338	0.37611	0.40089
4	0.00946	0.00901	0.01533	0.06829	0.74665	0.00914	0.01171	0.01178	0.00882	0.01259	0.00761	0.01017	0.00642	0.00499	0.04991	0.00147	0.00506	0.00357	0.00196	0.00603
5	0.00911	0.04278	0.21799	0.03198	0.17086	0.07226	0.04661	0.04166	0.06817	0.04579	0.03996	0.14697	0.02555	0.00592	0.01564	0.00134	0.00464	0.00486	0.00262	0.00528
6	0.01109	0.40231	0.05783	0.00897	0.05941	0.21131	0.00754	0.04569	0.02060	0.01074	0.00677	0.00810	0.00583	0.00554	0.05759	0.00134	0.03652	0.00269	0.03516	0.00499
7	0.00559	0.00407	0.00553	0.00558	0.00609	0.00444	0.00402	0.00653	0.00642	0.00890	0.01359	0.06379	0.06326	0.27201	0.50657	0.00507	0.00766	0.00532	0.00238	0.00318
8	0.00760	0.03598	0.48137	0.01129	0.07127	0.00810	0.09500	0.01097	0.00846	0.01215	0.03647	0.17092	0.01052	0.00558	0.00414	0.00132	0.00499	0.01641	0.00222	0.00522
9	0.00575	0.00390	0.00461	0.00461	0.00471	0.00400	0.00276	0.00595	0.00585	0.00790	0.01223	0.02451	0.01379	0.74529	0.13469	0.00419	0.00478	0.00556	0.00236	0.00256
10	0.00609	0.00494	0.00753	0.03241	0.17232	0.00489	0.01748	0.00726	0.00778	0.01059	0.01713	0.53959	0.01959	0.04466	0.07031	0.00197	0.00366	0.02481	0.00309	0.00390
11	0.00493	0.00413	0.00430	0.00424	0.00555	0.00355	0.00319	0.00629	0.02864	0.01154	0.14490	0.03647	0.70921	0.00967	0.00467	0.00133	0.00202	0.00812	0.00378	0.00347
12	0.00981	0.00942	0.01609	0.02434	0.83592	0.00942	0.01217	0.01217	0.00903	0.01295	0.00746	0.00981	0.00628	0.00353	0.00393	0.00118	0.00471	0.00353	0.00196	0.00628
13	0.00689	0.00344	0.00517	0.00517	0.00517	0.00344	0.00344	0.00517	0.00517	0.00689	0.00689	0.01205	0.00689	0.01377	0.01550	0.88464	0.00344	0.00344	0.00172	0.00172
14	0.01104	0.00934	0.01240	0.00995	0.01263	0.05276	0.18675	0.15096	0.31339	0.08137	0.05225	0.03540	0.01130	0.00524	0.00425	0.00131	0.00429	0.03604	0.00353	0.00580
15	0.24228	0.44427	0.06290	0.00717	0.01028	0.11445	0.00673	0.05203	0.00864	0.01256	0.00588	0.00675	0.00496	0.00364	0.00279	0.00101	0.00439	0.00230	0.00205	0.00495
16	0.01022	0.01084	0.19756	0.01251	0.16452	0.00822	0.13009	0.05305	0.07406	0.15016	0.04575	0.02475	0.04767	0.00590	0.04545	0.00151	0.00491	0.00424	0.00286	0.00573
17	0.01520	0.01091	0.01177	0.00903	0.01220	0.01200	0.00746	0.78571	0.01831	0.06246	0.00980	0.00970	0.00688	0.00477	0.00397	0.00119	0.00432	0.00359	0.00401	0.00674
18	0.00850	0.00842	0.01181	0.01018	0.01022	0.01173	0.00846	0.00940	0.00609	0.00952	0.00552	0.00907	0.00547	0.00825	0.06075	0.00200	0.80504	0.00351	0.00176	0.00429
19	0.00484	0.00356	0.00454	0.00531	0.00573	0.00327	0.00362	0.00560	0.00785	0.01025	0.02478	0.71113	0.15608	0.01201	0.00501	0.00157	0.00228	0.02564	0.00368	0.00325
20	0.00867	0.00867	0.01214	0.01041	0.01041	0.01214	0.00867	0.00954	0.00607	0.00954	0.00520	0.00867	0.00520	0.00694	0.01301	0.00173	0.85340	0.00347	0.00173	0.00434
21	0.01457	0.01843	0.01147	0.01091	0.05258	0.80385	0.00788	0.01565	0.01113	0.00986	0.00619	0.00728	0.00516	0.00406	0.00359	0.00103	0.00703	0.00260	0.00204	0.00468
22	0.01105	0.00911	0.00964	0.00831	0.01076	0.01042	0.00656	0.20422	0.64367	0.01851	0.01463	0.01359	0.01088	0.00524	0.00402	0.00131	0.00342	0.00427	0.00402	0.00638
23	0.00685	0.00346	0.00514	0.00514	0.00514	0.00346	0.00341	0.00518	0.00518	0.00691	0.00705	0.01246	0.00711	0.03882	0.01563	0.85859	0.00346	0.00351	0.00174	0.00174
24	0.00800	0.02002	0.80261	0.01142	0.01711	0.00929	0.03487	0.01250	0.00835	0.01250	0.00710	0.00844	0.00505	0.00382	0.00398	0.00127	0.02320	0.00298	0.00168	0.00582
25	0.01158	0.01016	0.02369	0.01016	0.07311	0.06508	0.05579	0.28684	0.31968	0.01797	0.01204	0.05292	0.00947	0.00508	0.00403	0.00125	0.00413	0.00424	0.00351	0.02926
26	0.00645	0.00463	0.00642	0.00631	0.00706	0.02610	0.00483	0.00756	0.00656	0.04024	0.01050	0.01549	0.00976	0.06492	0.69157	0.07227	0.00941	0.00420	0.00221	0.00350
27	0.02533	0.15868	0.30344	0.01005	0.03793	0.06210	0.05544	0.17131	0.02198	0.05272	0.02753	0.02103	0.00694	0.00477	0.02285	0.00128	0.00515	0.00331	0.00247	0.00569
28	0.02575	0.21292	0.04399	0.00883	0.02883	0.13096	0.03012	0.29776	0.07578	0.03271	0.02263	0.01030	0.02157	0.03590	0.00419	0.00121	0.00463	0.00337	0.00292	0.00562
29	0.03742	0.00385	0.00498	0.00553	0.00609	0.00360	0.02174	0.00593	0.00782	0.01055	0.02368	0.68554	0.14561	0.01154	0.00490	0.00155	0.00238	0.01036	0.00360	0.00333
30	0.13889	0.02638	0.01216	0.02931	0.36872	0.05155	0.03258	0.03777	0.08053	0.07270	0.02358	0.03316	0.05260	0.00458	0.00393	0.00123	0.01820	0.00392	0.00265	0.00556

[dist]
# distance from previous block
# <min> <max>
0	17

[block]
# block no. 6 follows, 68 sequences, length 25
# corresponding to MSA columns:
# 446-470
name=unknown_G
#
# <colnr> <probs for GDERKNQSTAVLIFYWHMCP>
#	G	D	E	R	K	N	Q	S	T	A	V	L	I	F	Y	W	H	M	C	P
0	0.25617	0.05322	0.08351	0.00903	0.01193	0.10755	0.13749	0.04962	0.11791	0.01440	0.00807	0.00926	0.00632	0.00541	0.04958	0.00148	0.02611	0.00320	0.00247	0.04728
1	0.00659	0.00501	0.00617	0.05180	0.00776	0.00527	0.00449	0.02002	0.14810	0.02305	0.17319	0.14163	0.08619	0.18099	0.11018	0.00248	0.00388	0.01600	0.00334	0.00389
2	0.00919	0.00878	0.01496	0.24664	0.61851	0.00926	0.01186	0.01162	0.00873	0.01219	0.00735	0.01002	0.00601	0.00365	0.00394	0.00122	0.00486	0.00353	0.00191	0.00578
3	0.88866	0.00767	0.00583	0.00521	0.00767	0.00889	0.00429	0.01166	0.00675	0.01779	0.00552	0.00644	0.00429	0.00368	0.00245	0.00123	0.00307	0.00215	0.00245	0.00429
4	0.02342	0.00440	0.00490	0.00487	0.00588	0.00414	0.00350	0.02110	0.04005	0.03803	0.06748	0.12841	0.37833	0.19600	0.02664	0.00204	0.00285	0.04108	0.00344	0.00346
5	0.00929	0.00889	0.01515	0.21079	0.65357	0.00928	0.01191	0.01171	0.00878	0.01232	0.00737	0.00998	0.00606	0.00363	0.00393	0.00121	0.00484	0.00353	0.00192	0.00586
6	0.00886	0.00844	0.01437	0.36442	0.50332	0.00917	0.01169	0.01133	0.00858	0.01179	0.00729	0.01012	0.00587	0.00371	0.00394	0.00124	0.00495	0.00353	0.00188	0.00551
7	0.00529	0.00388	0.00496	0.00502	0.00581	0.00355	0.00364	0.00673	0.00997	0.01371	0.51808	0.25793	0.12769	0.00952	0.00478	0.00136	0.00200	0.00844	0.00410	0.00355
8	0.01031	0.77060	0.11068	0.00728	0.01094	0.01498	0.00765	0.01195	0.00809	0.00968	0.00569	0.00658	0.00508	0.00343	0.00268	0.00089	0.00442	0.00221	0.00169	0.00517
9	0.01481	0.01890	0.01124	0.01021	0.01226	0.84474	0.00766	0.01583	0.01124	0.00970	0.00613	0.00715	0.00511	0.00409	0.00358	0.00102	0.00715	0.00255	0.00204	0.00460
10	0.00566	0.00425	0.00637	0.00637	0.00708	0.00496	0.00496	0.00708	0.00637	0.00920	0.01062	0.01558	0.00991	0.02974	0.84494	0.00637	0.01062	0.00425	0.00212	0.00354
11	0.00552	0.00393	0.00404	0.00404	0.00522	0.00353	0.00304	0.00679	0.00870	0.01182	0.03082	0.03027	0.55477	0.00940	0.04435	0.00146	0.00237	0.00681	0.25966	0.00346
12	0.01001	0.01000	0.01523	0.11000	0.67867	0.08265	0.01165	0.01228	0.00911	0.01237	0.00730	0.00966	0.00607	0.00363	0.00390	0.00118	0.00498	0.00345	0.00195	0.00594
13	0.00954	0.01046	0.01944	0.01570	0.10817	0.07288	0.56243	0.03521	0.00951	0.01256	0.00898	0.07467	0.00764	0.00489	0.02800	0.00145	0.00621	0.00485	0.00219	0.00522
14	0.00622	0.00480	0.00581	0.00551	0.00594	0.03530	0.02629	0.00687	0.00680	0.00916	0.10212	0.02274	0.01525	0.52296	0.18593	0.00386	0.02352	0.00541	0.00252	0.00299
15	0.00489	0.00396	0.00434	0.00438	0.00551	0.00341	0.00323	0.00603	0.00932	0.01170	0.19880	0.12680	0.58395	0.00991	0.00473	0.00135	0.00201	0.00845	0.00382	0.00341
16	0.00529	0.00476	0.00453	0.00457	0.00580	0.04924	0.00337	0.00629	0.00906	0.01077	0.06444	0.13499	0.66324	0.00993	0.00467	0.00135	0.00232	0.00836	0.00362	0.00341
17	0.00685	0.00886	0.18004	0.00893	0.01128	0.02310	0.14152	0.00904	0.00810	0.01120	0.01376	0.29542	0.01441	0.01079	0.12333	0.00211	0.00517	0.07110	0.00266	0.05231
18	0.01024	0.58366	0.10062	0.00838	0.01188	0.03949	0.09722	0.01209	0.00844	0.03376	0.02543	0.00814	0.00624	0.00456	0.03397	0.00117	0.00492	0.00274	0.00191	0.00514
19	0.00899	0.02730	0.04214	0.10258	0.07663	0.07761	0.27769	0.01105	0.00834	0.04120	0.00897	0.04043	0.00805	0.13565	0.05133	0.00196	0.06884	0.00442	0.00217	0.00463
20	0.00881	0.07449	0.45607	0.01178	0.01635	0.04384	0.21618	0.02425	0.00886	0.02610	0.00845	0.07119	0.00694	0.00432	0.00401	0.00126	0.00568	0.00394	0.00201	0.00546
21	0.00502	0.00392	0.00451	0.00463	0.00554	0.00354	0.00333	0.00604	0.00864	0.01104	0.15532	0.18452	0.43491	0.08550	0.06373	0.00194	0.00279	0.00821	0.00357	0.00332
22	0.00729	0.00678	0.01135	0.63860	0.06504	0.00801	0.03961	0.00971	0.00829	0.01079	0.06633	0.05921	0.04288	0.00492	0.00413	0.00133	0.00477	0.00444	0.00214	0.00438
23	0.01060	0.03108	0.06236	0.07434	0.06271	0.22811	0.00792	0.08509	0.06094	0.04353	0.01029	0.14753	0.00970	0.00606	0.00533	0.00132	0.12721	0.01836	0.00264	0.00488
24	0.01109	0.76915	0.01980	0.00704	0.01041	0.01531	0.00687	0.10124	0.00922	0.01105	0.00595	0.00671	0.00527	0.00354	0.00270	0.00089	0.00425	0.00228	0.00195	0.00527

[dist]
# distance from previous block
# <min> <max>
0	2

[block]
# block no. 7 follows, 68 sequences, length 12
# corresponding to MSA columns:
# 473-484
name=unknown_H
#
# <colnr> <probs for GDERKNQSTAVLIFYWHMCP>
#	G	D	E	R	K	N	Q	S	T	A	V	L	I	F	Y	W	H	M	C	P
0	0.00896	0.00688	0.00834	0.00844	0.09508	0.00721	0.00586	0.07375	0.29748	0.07063	0.27097	0.02060	0.09624	0.00639	0.00428	0.00128	0.00291	0.00548	0.00394	0.00528
1	0.00939	0.00784	0.00856	0.00768	0.00971	0.00896	0.00599	0.07159	0.61545	0.01631	0.08855	0.01586	0.01379	0.00813	0.09216	0.00185	0.00389	0.00464	0.00386	0.00579
2	0.03392	0.00783	0.01213	0.23058	0.12042	0.02177	0.09330	0.01422	0.00955	0.32095	0.01036	0.01121	0.00721	0.00410	0.00390	0.00119	0.00441	0.00366	0.00306	0.08623
3	0.00795	0.02051	0.84011	0.01130	0.01716	0.00921	0.01465	0.01256	0.00837	0.01256	0.00712	0.00837	0.00502	0.00377	0.00377	0.00126	0.00586	0.00293	0.00167	0.00586
4	0.00950	0.59487	0.11656	0.00712	0.01039	0.01286	0.00725	0.01171	0.04545	0.01103	0.12996	0.01046	0.01023	0.00423	0.00308	0.00098	0.00403	0.00308	0.00220	0.00503
5	0.00506	0.00388	0.00456	0.00482	0.00558	0.00360	0.00341	0.00592	0.00796	0.01013	0.05109	0.24923	0.36909	0.13980	0.09512	0.00232	0.00330	0.02859	0.00335	0.00321
6	0.00788	0.01850	0.71635	0.13680	0.01868	0.00915	0.01411	0.01219	0.00830	0.01219	0.00711	0.00870	0.00506	0.00380	0.00380	0.00127	0.00577	0.00302	0.00169	0.00564
7	0.03801	0.00718	0.00912	0.00741	0.00979	0.00713	0.05170	0.17641	0.08554	0.28213	0.15369	0.07564	0.06627	0.00618	0.00422	0.00127	0.00332	0.00525	0.00415	0.00559
8	0.00593	0.00427	0.00581	0.00644	0.00717	0.00431	0.00523	0.00731	0.00817	0.01075	0.01983	0.13526	0.06991	0.10287	0.13236	0.00266	0.00445	0.46054	0.00330	0.00343
9	0.14253	0.44614	0.08247	0.00761	0.01081	0.12527	0.00721	0.09725	0.00939	0.01254	0.00625	0.00716	0.00524	0.00425	0.02037	0.00111	0.00473	0.00244	0.00210	0.00511
10	0.00510	0.00390	0.00488	0.00535	0.00611	0.00369	0.00397	0.00614	0.00809	0.01040	0.02636	0.35142	0.30092	0.01401	0.13049	0.00225	0.00361	0.10650	0.00344	0.00336
11	0.14044	0.11368	0.49255	0.06552	0.01518	0.08491	0.01134	0.01248	0.00832	0.01255	0.00660	0.00789	0.00495	0.00375	0.00343	0.00119	0.00534	0.00273	0.00183	0.00533

[dist]
# distance from previous block
# <min> <max>
0	1

[block]
# block no. 8 follows, 68 sequences, length 24
# corresponding to MSA columns:
# 486-509
name=unknown_I
#
# <colnr> <probs for GDERKNQSTAVLIFYWHMCP>
#	G	D	E	R	K	N	Q	S	T	A	V	L	I	F	Y	W	H	M	C	P
0	0.00908	0.00931	0.03057	0.36756	0.06455	0.13238	0.06805	0.02221	0.00861	0.03505	0.00888	0.10339	0.00802	0.00529	0.00510	0.00135	0.09985	0.01397	0.00218	0.00459
1	0.00852	0.20036	0.66522	0.01034	0.01567	0.01059	0.01297	0.01241	0.00830	0.01187	0.00677	0.00794	0.00504	0.00369	0.00351	0.00117	0.00551	0.00276	0.00168	0.00570
2	0.00835	0.00868	0.07982	0.61774	0.07680	0.00919	0.01085	0.06789	0.05959	0.01195	0.00781	0.01053	0.00585	0.00406	0.00395	0.00130	0.00510	0.00354	0.00206	0.00492
3	0.00839	0.00751	0.03517	0.56205	0.10063	0.00818	0.04732	0.01085	0.00849	0.07851	0.01092	0.01325	0.08294	0.00453	0.00406	0.00130	0.00485	0.00405	0.00223	0.00476
4	0.00683	0.00603	0.00955	0.38424	0.06579	0.00690	0.03076	0.01923	0.00800	0.01063	0.01330	0.30663	0.03795	0.00724	0.00487	0.00143	0.05132	0.00640	0.01878	0.00411
5	0.03850	0.48470	0.27088	0.00811	0.01204	0.01235	0.02851	0.01188	0.00816	0.01113	0.00667	0.00778	0.00548	0.00362	0.00299	0.00100	0.00456	0.00256	0.07388	0.00519
6	0.00963	0.01879	0.62182	0.01081	0.01581	0.09974	0.01275	0.11225	0.03719	0.01390	0.00760	0.00859	0.00548	0.00398	0.00378	0.00123	0.00573	0.00302	0.00207	0.00585
7	0.00636	0.00495	0.00763	0.00687	0.00772	0.00495	0.11321	0.00721	0.00712	0.02401	0.01529	0.20491	0.06694	0.28454	0.10709	0.05568	0.03273	0.03679	0.00271	0.00331
8	0.01027	0.07360	0.38623	0.05974	0.10981	0.11593	0.07702	0.02755	0.00928	0.08273	0.00776	0.00901	0.00572	0.00385	0.00378	0.00120	0.00558	0.00317	0.00210	0.00566
9	0.00872	0.07516	0.61056	0.01114	0.01615	0.07793	0.08520	0.01259	0.00879	0.01226	0.04060	0.00921	0.00644	0.00391	0.00379	0.00122	0.00577	0.00317	0.00184	0.00557
10	0.00572	0.00403	0.00549	0.00558	0.00607	0.00442	0.00402	0.00671	0.00644	0.00922	0.01233	0.09826	0.01269	0.25021	0.49288	0.00491	0.00748	0.00529	0.05506	0.00321
11	0.00991	0.01019	0.05002	0.04035	0.43196	0.07772	0.02954	0.02696	0.19940	0.01356	0.02703	0.01194	0.03248	0.00438	0.00410	0.00123	0.01688	0.00389	0.00256	0.00589
12	0.00887	0.00940	0.03072	0.02179	0.19182	0.10949	0.13451	0.01146	0.07388	0.01198	0.05777	0.06083	0.13237	0.00588	0.00546	0.00133	0.11998	0.00498	0.00258	0.00490
13	0.00663	0.00544	0.00757	0.00617	0.00810	0.00468	0.07097	0.00856	0.01015	0.01462	0.50635	0.02230	0.05225	0.00632	0.00419	0.00107	0.00257	0.00564	0.00358	0.25284
14	0.00814	0.09060	0.70304	0.07971	0.01740	0.00972	0.01369	0.01230	0.00831	0.01209	0.00697	0.00838	0.00505	0.00375	0.00368	0.00123	0.00568	0.00291	0.00168	0.00568
15	0.00749	0.00705	0.01189	0.85113	0.02731	0.00881	0.01101	0.01013	0.00793	0.01013	0.00705	0.01057	0.00529	0.00396	0.00396	0.00132	0.00529	0.00352	0.00176	0.00440
16	0.00486	0.00402	0.00425	0.00420	0.00546	0.00342	0.00315	0.00602	0.00944	0.01167	0.18617	0.03659	0.68772	0.00969	0.00468	0.00132	0.00198	0.00815	0.00381	0.00342
17	0.00519	0.00404	0.00472	0.00455	0.00567	0.00356	0.00341	0.00667	0.01023	0.01355	0.47392	0.03349	0.39879	0.00898	0.00468	0.00129	0.00193	0.00771	0.00406	0.00356
18	0.01128	0.63811	0.04212	0.00710	0.01027	0.06330	0.00681	0.01265	0.00857	0.10463	0.00744	0.03582	0.00646	0.00462	0.02521	0.00109	0.00447	0.00274	0.00216	0.00517
19	0.01496	0.01103	0.01223	0.00936	0.01254	0.02719	0.04053	0.73804	0.01779	0.06162	0.00968	0.00971	0.00682	0.00470	0.00399	0.00119	0.00446	0.00362	0.00389	0.00665
20	0.00915	0.29464	0.21607	0.04993	0.06882	0.01113	0.18945	0.02276	0.00888	0.01188	0.07455	0.01017	0.00804	0.00391	0.00366	0.00113	0.00506	0.00347	0.00203	0.00529
21	0.00749	0.00705	0.01189	0.85113	0.02731	0.00881	0.01101	0.01013	0.00793	0.01013	0.00705	0.01057	0.00529	0.00396	0.00396	0.00132	0.00529	0.00352	0.00176	0.00440
22	0.00699	0.00570	0.00613	0.00560	0.00689	0.06543	0.01404	0.04238	0.03711	0.03655	0.47106	0.02768	0.20323	0.04742	0.00525	0.00137	0.00262	0.00668	0.00392	0.00396
23	0.00878	0.02132	0.21443	0.00815	0.01099	0.00820	0.00777	0.08078	0.30830	0.03791	0.05724	0.11439	0.06353	0.00695	0.03191	0.00149	0.00395	0.00515	0.00333	0.00545

[dist]
# distance from previous block
# <min> <max>
0	9

[block]
# block no. 9 follows, 68 sequences, length 54
# corresponding to MSA columns:
# 520-573
name=unknown_J
#
# <colnr> <probs for GDERKNQSTAVLIFYWHMCP>
#	G	D	E	R	K	N	Q	S	T	A	V	L	I	F	Y	W	H	M	C	P
0	0.01038	0.08275	0.16023	0.03802	0.02816	0.03348	0.03518	0.13228	0.33160	0.03798	0.04786	0.01212	0.00969	0.00478	0.00402	0.00125	0.01730	0.00387	0.00317	0.00590
1	0.08638	0.01082	0.04991	0.00867	0.01160	0.04298	0.00732	0.49813	0.17788	0.02109	0.01065	0.01137	0.00801	0.00493	0.00388	0.00124	0.00416	0.03109	0.00366	0.00622
2	0.03918	0.02404	0.12139	0.07284	0.19219	0.00959	0.35070	0.01220	0.02075	0.02571	0.03682	0.01065	0.00703	0.00392	0.00472	0.00130	0.05543	0.00401	0.00209	0.00543
3	0.00490	0.00350	0.00469	0.00561	0.00587	0.00328	0.00381	0.00565	0.00766	0.01020	0.02181	0.81933	0.02606	0.01235	0.00508	0.00162	0.00236	0.04928	0.00368	0.00324
4	0.00909	0.01192	0.15669	0.06404	0.14217	0.00973	0.52159	0.01245	0.00907	0.01257	0.00773	0.01017	0.00585	0.00348	0.00438	0.00130	0.00617	0.00415	0.00193	0.00552
5	0.00566	0.00425	0.00637	0.00637	0.00708	0.00496	0.00496	0.00708	0.00637	0.00920	0.01062	0.01558	0.00991	0.02974	0.84494	0.00637	0.01062	0.00425	0.00212	0.00354
6	0.00518	0.00364	0.00471	0.00527	0.00549	0.00357	0.00345	0.00575	0.00696	0.00935	0.01809	0.53989	0.02126	0.25059	0.09529	0.00272	0.00358	0.00902	0.00316	0.00303
7	0.00567	0.00401	0.00493	0.00470	0.00569	0.00368	0.00352	0.00741	0.01057	0.01499	0.62246	0.02927	0.15523	0.00801	0.00447	0.00123	0.00189	0.00697	0.10165	0.00368
8	0.00981	0.00942	0.01609	0.02434	0.83592	0.00942	0.01217	0.01217	0.00903	0.01295	0.00746	0.00981	0.00628	0.00353	0.00393	0.00118	0.00471	0.00353	0.00196	0.00628
9	0.00689	0.00344	0.00517	0.00517	0.00517	0.00344	0.00344	0.00517	0.00517	0.00689	0.00689	0.01205	0.00689	0.01377	0.01550	0.88464	0.00344	0.00344	0.00172	0.00172
10	0.00891	0.00813	0.01327	0.36521	0.39053	0.00899	0.01079	0.04849	0.00891	0.01238	0.00769	0.01041	0.00612	0.00391	0.00406	0.00123	0.02303	0.00354	0.05909	0.00531
11	0.04960	0.00730	0.01194	0.72388	0.02491	0.00910	0.03312	0.01023	0.00777	0.01052	0.00686	0.01023	0.00525	0.00416	0.00460	0.00135	0.06947	0.00349	0.00180	0.00442
12	0.00486	0.00347	0.00462	0.00550	0.00576	0.00324	0.00368	0.00559	0.00772	0.01032	0.04986	0.82950	0.02661	0.01227	0.00505	0.00160	0.00229	0.01113	0.00370	0.00324
13	0.01163	0.01357	0.00960	0.00874	0.01057	0.51484	0.00664	0.01330	0.04865	0.01017	0.00786	0.00981	0.00676	0.01077	0.22395	0.00240	0.00752	0.00307	0.00218	0.07796
14	0.00566	0.00425	0.00637	0.00637	0.00708	0.00496	0.00496	0.00708	0.00637	0.00920	0.01062	0.01558	0.00991	0.02974	0.84494	0.00637	0.01062	0.00425	0.00212	0.00354
15	0.01066	0.77209	0.03227	0.00715	0.01039	0.02961	0.00703	0.03380	0.00831	0.00982	0.00564	0.00660	0.00514	0.00362	0.00312	0.00091	0.04476	0.00224	0.00177	0.00510
16	0.03443	0.05398	0.68500	0.01070	0.01592	0.00910	0.04075	0.01240	0.00841	0.04048	0.00802	0.04895	0.00621	0.00418	0.00378	0.00126	0.00548	0.00337	0.00191	0.00567
17	0.01166	0.00548	0.00628	0.00533	0.00717	0.02065	0.00423	0.05573	0.01005	0.31248	0.02511	0.01411	0.01014	0.00477	0.00331	0.00105	0.00263	0.00382	0.49102	0.00497
18	0.01094	0.00905	0.00957	0.00829	0.01072	0.01037	0.00654	0.18758	0.66048	0.01833	0.01476	0.01370	0.01099	0.00525	0.00402	0.00131	0.00339	0.00429	0.00402	0.00637
19	0.00679	0.00348	0.00510	0.00510	0.00510	0.00348	0.00336	0.00522	0.00522	0.00695	0.00736	0.01321	0.00752	0.08454	0.01589	0.81104	0.00348	0.00364	0.00178	0.00178
20	0.00795	0.02051	0.84011	0.01130	0.01716	0.00921	0.01465	0.01256	0.00837	0.01256	0.00712	0.00837	0.00502	0.00377	0.00377	0.00126	0.00586	0.00293	0.00167	0.00586
21	0.01158	0.36969	0.01445	0.00830	0.03108	0.28327	0.00680	0.07132	0.01002	0.02307	0.03958	0.08768	0.01828	0.00484	0.00338	0.00104	0.00490	0.00355	0.00234	0.00486
22	0.04184	0.00693	0.00921	0.00708	0.01013	0.00615	0.00585	0.04809	0.01148	0.78655	0.01514	0.01316	0.00955	0.00487	0.00394	0.00123	0.00340	0.00392	0.00481	0.00668
23	0.09870	0.10784	0.23695	0.00877	0.02050	0.05704	0.00866	0.19610	0.06257	0.09642	0.03425	0.00972	0.00731	0.00427	0.00357	0.00116	0.00449	0.00320	0.00286	0.03561
24	0.00804	0.14491	0.39172	0.00882	0.01251	0.00886	0.02201	0.01201	0.10663	0.02204	0.07213	0.15079	0.01187	0.00566	0.00391	0.00126	0.00438	0.00472	0.00253	0.00520
25	0.00473	0.00400	0.00408	0.00410	0.00539	0.00336	0.00306	0.00575	0.00908	0.01089	0.07039	0.06320	0.77839	0.01004	0.00470	0.00134	0.00201	0.00841	0.00371	0.00336
26	0.01213	0.00548	0.00737	0.00612	0.00817	0.00484	0.00486	0.01378	0.01117	0.45774	0.36625	0.04953	0.02220	0.00654	0.00432	0.00125	0.00269	0.00560	0.00463	0.00534
27	0.00933	0.03449	0.12676	0.08077	0.56583	0.00938	0.04439	0.01211	0.01971	0.01263	0.00745	0.00961	0.00606	0.00358	0.00386	0.00117	0.00488	0.00342	0.00195	0.04263
28	0.00525	0.01670	0.00574	0.01844	0.00691	0.00399	0.04273	0.00635	0.00849	0.01066	0.02903	0.34157	0.39409	0.01050	0.00486	0.00148	0.00257	0.08361	0.00354	0.00346
29	0.04934	0.00726	0.00931	0.00718	0.01020	0.00669	0.00593	0.11671	0.01201	0.69513	0.01448	0.01277	0.00924	0.00484	0.00391	0.00122	0.00346	0.00386	0.01986	0.00660
30	0.00828	0.00754	0.03128	0.03187	0.05490	0.00572	0.00556	0.01018	0.00826	0.01283	0.00707	0.00838	0.00585	0.00302	0.00304	0.00066	0.00318	0.00246	0.00229	0.78762
31	0.01013	0.19896	0.34783	0.01148	0.09189	0.05711	0.08435	0.05581	0.02227	0.05956	0.00781	0.02178	0.00605	0.00392	0.00364	0.00116	0.00523	0.00320	0.00213	0.00568
32	0.02199	0.08341	0.20173	0.02625	0.07778	0.00984	0.41756	0.01202	0.00883	0.01227	0.00879	0.02820	0.02940	0.00400	0.00435	0.00128	0.02162	0.01398	0.00201	0.01471
33	0.00561	0.00405	0.00530	0.00499	0.00592	0.00374	0.00374	0.00748	0.01122	0.01590	0.83383	0.02962	0.03741	0.00811	0.00468	0.00125	0.00187	0.00717	0.00436	0.00374
34	0.01115	0.10847	0.03654	0.05488	0.36995	0.02595	0.00951	0.12817	0.13007	0.07271	0.00931	0.01031	0.00720	0.00409	0.00378	0.00118	0.00439	0.00351	0.00271	0.00611
35	0.00935	0.02892	0.02270	0.09905	0.17738	0.07554	0.09006	0.01102	0.00796	0.03881	0.00797	0.08026	0.00741	0.00565	0.00739	0.00143	0.31797	0.00417	0.00210	0.00487
36	0.00573	0.00397	0.00496	0.00496	0.00519	0.00419	0.00320	0.00618	0.00596	0.00816	0.01191	0.02270	0.01301	0.60084	0.27807	0.00463	0.00596	0.00529	0.00232	0.00276
37	0.00931	0.01050	0.02251	0.04472	0.02059	0.00998	0.76619	0.01290	0.03730	0.01275	0.00827	0.01083	0.00620	0.00343	0.00463	0.00134	0.00652	0.00463	0.00207	0.00535
38	0.02239	0.03596	0.01431	0.01114	0.01391	0.30343	0.22597	0.15530	0.03379	0.06979	0.00897	0.03330	0.00723	0.00454	0.00419	0.00121	0.01918	0.02740	0.00270	0.00530
39	0.00749	0.00705	0.01189	0.85113	0.02731	0.00881	0.01101	0.01013	0.00793	0.01013	0.00705	0.01057	0.00529	0.00396	0.00396	0.00132	0.00529	0.00352	0.00176	0.00440
40	0.00801	0.00714	0.05075	0.00817	0.02002	0.00660	0.11596	0.10204	0.12097	0.04182	0.08847	0.28764	0.10265	0.00794	0.00456	0.00140	0.00343	0.01424	0.00351	0.00467
41	0.01329	0.01525	0.03577	0.01269	0.15179	0.47278	0.04952	0.13543	0.05250	0.01310	0.00748	0.00855	0.00594	0.00411	0.00378	0.00111	0.00606	0.00308	0.00240	0.00536
42	0.01486	0.01095	0.01175	0.00905	0.01216	0.01211	0.00746	0.80593	0.01842	0.02468	0.00977	0.02694	0.00714	0.00492	0.00399	0.00120	0.00432	0.00373	0.00396	0.00667
43	0.01024	0.00961	0.01548	0.07543	0.62782	0.02216	0.04995	0.09260	0.03282	0.01400	0.00788	0.00997	0.00639	0.00373	0.00397	0.00120	0.00480	0.00360	0.00221	0.00613
44	0.00504	0.00427	0.00453	0.00442	0.00569	0.00382	0.00335	0.00638	0.02897	0.01139	0.12695	0.03573	0.70002	0.00962	0.00493	0.00134	0.02836	0.00799	0.00371	0.00349
45	0.00656	0.00449	0.00541	0.00581	0.00654	0.02660	0.00411	0.03495	0.00852	0.07825	0.02187	0.62892	0.09088	0.02325	0.00510	0.00157	0.00263	0.03712	0.00373	0.00368
46	0.00822	0.00705	0.00822	0.00587	0.00940	0.00529	0.00470	0.00998	0.00822	0.01292	0.00705	0.00822	0.00587	0.00294	0.00294	0.00059	0.00294	0.00235	0.00235	0.88490
47	0.05548	0.01118	0.01592	0.01332	0.09641	0.14398	0.32271	0.14443	0.01089	0.06769	0.00831	0.00999	0.00634	0.00519	0.04441	0.00149	0.03042	0.00382	0.00253	0.00547
48	0.00776	0.00770	0.00841	0.00779	0.00882	0.16991	0.07775	0.00904	0.02208	0.00988	0.01300	0.27376	0.01394	0.10570	0.20105	0.00282	0.04795	0.00625	0.00262	0.00377
49	0.01507	0.01111	0.01190	0.00912	0.01230	0.01230	0.00754	0.82270	0.01864	0.02499	0.00952	0.00952	0.00674	0.00476	0.00397	0.00119	0.00436	0.00357	0.00397	0.00674
50	0.01442	0.09282	0.01090	0.00770	0.01058	0.03793	0.00639	0.26183	0.10333	0.33442	0.04129	0.01290	0.03741	0.00502	0.00388	0.00119	0.00377	0.00394	0.00405	0.00624
51	0.01253	0.01377	0.01075	0.01041	0.08005	0.44258	0.00745	0.11738	0.10595	0.01313	0.05944	0.01190	0.02447	0.01825	0.00441	0.00120	0.03260	0.02595	0.00272	0.00506
52	0.00574	0.00426	0.00620	0.00618	0.00681	0.00492	0.00471	0.00701	0.00634	0.00914	0.01077	0.01652	0.01031	0.11278	0.73763	0.00597	0.02102	0.00438	0.01586	0.00344
53	0.37409	0.00836	0.00895	0.00707	0.01002	0.03319	0.07323	0.07483	0.06269	0.04154	0.00752	0.00835	0.00581	0.00368	0.00309	0.00104	0.00357	0.00275	0.00267	0.26755

[dist]
# distance from previous block
# <min> <max>
0	2

[block]
# block no. 10 follows, 68 sequences, length 18
# corresponding to MSA columns:
# 576-593
name=unknown_K
#
# <colnr> <probs for GDERKNQSTAVLIFYWHMCP>
#	G	D	E	R	K	N	Q	S	T	A	V	L	I	F	Y	W	H	M	C	P
0	0.01153	0.03420	0.06785	0.08811	0.01729	0.18444	0.34759	0.13492	0.01101	0.05261	0.00800	0.00965	0.00596	0.00387	0.00413	0.00122	0.00604	0.00376	0.00239	0.00541
1	0.00749	0.00705	0.01189	0.85113	0.02731	0.00881	0.01101	0.01013	0.00793	0.01013	0.00705	0.01057	0.00529	0.00396	0.00396	0.00132	0.00529	0.00352	0.00176	0.00440
2	0.00822	0.00705	0.00822	0.00587	0.00940	0.00529	0.00470	0.00998	0.00822	0.01292	0.00705	0.00822	0.00587	0.00294	0.00294	0.00059	0.00294	0.00235	0.00235	0.88490
3	0.03244	0.00809	0.01337	0.41451	0.32622	0.00896	0.03136	0.01113	0.00835	0.02620	0.00727	0.01005	0.00575	0.00385	0.00419	0.00124	0.03373	0.00347	0.00194	0.04787
4	0.00577	0.00384	0.00432	0.00432	0.00432	0.00384	0.00240	0.00577	0.00577	0.00769	0.01249	0.02595	0.01441	0.86066	0.02018	0.00384	0.00384	0.00577	0.00240	0.00240
5	0.00829	0.01961	0.76337	0.01153	0.01719	0.00937	0.06084	0.04164	0.00880	0.01301	0.00725	0.00855	0.00514	0.00378	0.00383	0.00126	0.00585	0.00305	0.00178	0.00586
6	0.00981	0.00942	0.01609	0.02434	0.83592	0.00942	0.01217	0.01217	0.00903	0.01295	0.00746	0.00981	0.00628	0.00353	0.00393	0.00118	0.00471	0.00353	0.00196	0.00628
7	0.00483	0.00345	0.00460	0.00552	0.00575	0.00322	0.00368	0.00552	0.00759	0.01012	0.02185	0.85807	0.02622	0.01242	0.00506	0.00161	0.00230	0.01127	0.00368	0.00322
8	0.00973	0.11346	0.02431	0.00707	0.00903	0.11549	0.00569	0.13127	0.12256	0.04395	0.18341	0.10622	0.06181	0.04275	0.00474	0.00133	0.00364	0.00531	0.00341	0.00482
9	0.00984	0.01243	0.30435	0.01245	0.20329	0.03235	0.01022	0.05214	0.04683	0.11650	0.14766	0.01322	0.01176	0.00471	0.00400	0.00123	0.00446	0.00400	0.00282	0.00574
10	0.00936	0.01070	0.02340	0.01671	0.02072	0.01003	0.82152	0.01270	0.00936	0.01270	0.00802	0.01070	0.00602	0.00334	0.00468	0.00134	0.00668	0.00468	0.00201	0.00535
11	0.00822	0.00705	0.00822	0.00587	0.00940	0.00529	0.00470	0.00998	0.00822	0.01292	0.00705	0.00822	0.00587	0.00294	0.00294	0.00059	0.00294	0.00235	0.00235	0.88490
12	0.02586	0.04030	0.02389	0.00969	0.13068	0.00823	0.00679	0.26675	0.02772	0.07785	0.10934	0.13369	0.02568	0.00604	0.00407	0.00121	0.00356	0.01893	0.00346	0.07624
13	0.00574	0.00395	0.00486	0.00486	0.00505	0.00414	0.00307	0.00611	0.00592	0.00809	0.01200	0.02323	0.01323	0.64274	0.23649	0.00451	0.00562	0.00537	0.00233	0.00270
14	0.00485	0.00402	0.00424	0.00419	0.00545	0.00342	0.00314	0.00600	0.00942	0.01162	0.17880	0.03667	0.69512	0.00970	0.00468	0.00132	0.00198	0.00816	0.00380	0.00342
