[name]
unknown

[dist]
# distance from previous block
# <min> <max>
0	51

[block]
# block no. 0 follows, 69 sequences, length 27
# corresponding to MSA columns:
# 1091-1117
name=unknown_A
#
# <colnr> <probs for GDERKNQSTAVLIFYWHMCP>
#	G	D	E	R	K	N	Q	S	T	A	V	L	I	F	Y	W	H	M	C	P
0	0.03229	0.05414	0.03010	0.00894	0.03176	0.01121	0.00734	0.56316	0.10561	0.06696	0.01051	0.01130	0.00785	0.00487	0.00388	0.00120	0.00411	0.03471	0.00372	0.00633
1	0.11996	0.00937	0.06589	0.00835	0.02552	0.00936	0.03138	0.25198	0.23927	0.10224	0.06754	0.01234	0.01014	0.00541	0.02268	0.00135	0.00387	0.00390	0.00359	0.00586
2	0.00945	0.00961	0.01369	0.34346	0.41764	0.11646	0.01102	0.01172	0.00879	0.01131	0.00705	0.00966	0.00568	0.00373	0.00385	0.00120	0.00519	0.00337	0.00187	0.00528
3	0.00829	0.00805	0.01280	0.60505	0.23487	0.04331	0.01105	0.01077	0.00825	0.01072	0.00704	0.01012	0.00547	0.00381	0.00389	0.00126	0.00516	0.00345	0.00180	0.00484
4	0.00666	0.00547	0.00749	0.00693	0.00715	0.00682	0.00525	0.00731	0.00597	0.00865	0.00917	0.01622	0.00954	0.28105	0.28154	0.04060	0.28442	0.00438	0.00204	0.00333
5	0.01116	0.00738	0.01056	0.30531	0.04816	0.00801	0.03161	0.03460	0.19260	0.25603	0.04532	0.01295	0.00943	0.00466	0.00399	0.00127	0.00406	0.00401	0.00333	0.00557
6	0.00565	0.00401	0.00534	0.00534	0.00570	0.00438	0.00370	0.00638	0.00602	0.00839	0.01138	0.02028	0.01192	0.42581	0.45318	0.00511	0.00731	0.00491	0.00223	0.00296
7	0.01116	0.00858	0.01102	0.05568	0.13589	0.00914	0.03883	0.34135	0.09326	0.05844	0.13439	0.05026	0.02356	0.00539	0.00411	0.00123	0.00385	0.00460	0.00353	0.00574
8	0.03712	0.01060	0.01133	0.00872	0.01183	0.01164	0.00718	0.73580	0.04380	0.02364	0.00940	0.00944	0.00673	0.00461	0.00383	0.00115	0.00417	0.00346	0.00380	0.05175
9	0.00570	0.00380	0.00428	0.00428	0.00428	0.00380	0.00238	0.00570	0.00570	0.00760	0.01235	0.02566	0.01425	0.86222	0.01995	0.00380	0.00380	0.00570	0.00238	0.00238
10	0.00994	0.00864	0.01376	0.41765	0.35412	0.00936	0.01117	0.01254	0.05132	0.05624	0.00898	0.01177	0.00710	0.00449	0.00431	0.00141	0.00509	0.00387	0.00243	0.00581
11	0.02145	0.46232	0.26266	0.00845	0.01246	0.03853	0.03017	0.03089	0.00869	0.08174	0.00695	0.00769	0.00546	0.00365	0.00311	0.00102	0.00474	0.00260	0.00202	0.00542
12	0.00815	0.00784	0.01340	0.54803	0.22459	0.00915	0.05392	0.01061	0.00806	0.01080	0.00700	0.01015	0.00550	0.00398	0.00455	0.00130	0.06279	0.00354	0.00180	0.00486
13	0.00500	0.00396	0.00450	0.00441	0.00553	0.00346	0.00329	0.00632	0.00973	0.01260	0.35461	0.06817	0.48595	0.00927	0.00464	0.00130	0.00194	0.00792	0.00391	0.00346
14	0.01083	0.63495	0.13248	0.00761	0.01118	0.08203	0.00780	0.01253	0.00843	0.05238	0.00623	0.00699	0.00526	0.00354	0.00284	0.00093	0.00460	0.00234	0.00187	0.00518
15	0.01370	0.27273	0.01372	0.03507	0.01141	0.05636	0.00691	0.31454	0.01271	0.19715	0.00947	0.02360	0.00702	0.00439	0.00349	0.00108	0.00421	0.00325	0.00326	0.00592
16	0.00474	0.00382	0.00424	0.00455	0.00552	0.00332	0.00331	0.00567	0.00850	0.01046	0.03347	0.28826	0.55787	0.01068	0.00478	0.00142	0.00214	0.04033	0.00364	0.00328
17	0.00953	0.05905	0.01542	0.17916	0.53794	0.05384	0.05043	0.01180	0.00874	0.01183	0.00710	0.00953	0.00586	0.00365	0.00399	0.00118	0.02002	0.00341	0.00189	0.00562
18	0.00469	0.00397	0.00405	0.00403	0.00533	0.00333	0.00302	0.00573	0.00906	0.01089	0.08592	0.03724	0.78979	0.00982	0.00463	0.00132	0.00198	0.00821	0.00368	0.00333
19	0.06065	0.22648	0.48834	0.00944	0.01406	0.04483	0.01106	0.05542	0.00885	0.03742	0.00689	0.00784	0.00518	0.00373	0.00336	0.00113	0.00514	0.00270	0.00194	0.00554
20	0.00840	0.00710	0.00847	0.00667	0.04299	0.00567	0.00504	0.05284	0.00888	0.01358	0.05521	0.00949	0.00768	0.00332	0.00310	0.00067	0.00299	0.00271	0.00251	0.75268
21	0.01219	0.00772	0.00853	0.00710	0.00926	0.06845	0.00561	0.15998	0.06147	0.28341	0.09557	0.08301	0.06192	0.04296	0.00510	0.00134	0.03634	0.00493	0.00387	0.04126
22	0.00748	0.00664	0.01056	0.32358	0.22897	0.00731	0.00872	0.04053	0.00839	0.01129	0.01176	0.27826	0.01207	0.00653	0.00441	0.00136	0.01920	0.00591	0.00248	0.00455
23	0.01138	0.11353	0.01391	0.13211	0.25042	0.27204	0.02401	0.08395	0.01015	0.01199	0.01792	0.00881	0.00599	0.00395	0.00384	0.00111	0.02444	0.00309	0.00211	0.00524
24	0.00541	0.00423	0.00587	0.04042	0.00741	0.00412	0.03775	0.00700	0.05578	0.01101	0.08958	0.60810	0.08707	0.01063	0.00482	0.00150	0.00256	0.00961	0.00357	0.00355
25	0.11327	0.05265	0.06919	0.04719	0.14736	0.08908	0.03074	0.19323	0.10881	0.07852	0.00968	0.01025	0.02442	0.00431	0.00367	0.00118	0.00441	0.00342	0.00290	0.00571
26	0.05530	0.00908	0.01281	0.14951	0.41959	0.05330	0.00973	0.09256	0.06599	0.03386	0.00882	0.01059	0.02455	0.00434	0.00419	0.02974	0.00452	0.00355	0.00238	0.00557

[dist]
# distance from previous block
# <min> <max>
8	18

[block]
# block no. 1 follows, 69 sequences, length 52
# corresponding to MSA columns:
# 1142-1193
name=unknown_B
#
# <colnr> <probs for GDERKNQSTAVLIFYWHMCP>
#	G	D	E	R	K	N	Q	S	T	A	V	L	I	F	Y	W	H	M	C	P
0	0.01490	0.01098	0.01177	0.00902	0.01216	0.01216	0.00745	0.82470	0.01843	0.02471	0.00941	0.00941	0.00667	0.00471	0.00392	0.00118	0.00431	0.00353	0.00392	0.00667
1	0.00818	0.00800	0.01073	0.00939	0.00956	0.03702	0.00768	0.00908	0.00620	0.00930	0.00634	0.01040	0.00630	0.05236	0.13912	0.00249	0.65833	0.00363	0.00182	0.00408
2	0.00551	0.00373	0.00438	0.00456	0.00463	0.00370	0.00269	0.00568	0.00608	0.00812	0.01417	0.19304	0.01649	0.67122	0.03698	0.00342	0.00366	0.00676	0.00262	0.00257
3	0.00486	0.00359	0.00464	0.00528	0.00574	0.00339	0.00364	0.00567	0.00765	0.01007	0.03656	0.62615	0.15054	0.02445	0.08611	0.00203	0.00303	0.00989	0.00349	0.00323
4	0.01417	0.00984	0.08764	0.00821	0.01131	0.03531	0.00717	0.24718	0.16915	0.33691	0.02394	0.01202	0.00906	0.00481	0.00392	0.00122	0.00390	0.00382	0.00403	0.00639
5	0.01280	0.00927	0.01004	0.00820	0.01088	0.01027	0.00661	0.39649	0.34150	0.09769	0.01272	0.01206	0.00920	0.00496	0.00390	0.00123	0.00364	0.00393	0.03822	0.00637
6	0.00530	0.00371	0.00459	0.00492	0.00515	0.00368	0.00315	0.00576	0.00658	0.00879	0.01684	0.32698	0.05850	0.41771	0.10792	0.00316	0.00392	0.00763	0.00286	0.00284
7	0.03497	0.13936	0.48313	0.01039	0.01492	0.08368	0.07664	0.01313	0.04054	0.04409	0.00739	0.00846	0.00550	0.00382	0.00373	0.00118	0.01864	0.00297	0.00195	0.00552
8	0.00838	0.00827	0.01210	0.07533	0.01192	0.01109	0.05235	0.00993	0.03837	0.00990	0.00620	0.00950	0.00576	0.00784	0.06513	0.00194	0.65617	0.00359	0.00184	0.00437
9	0.00693	0.00377	0.00560	0.00547	0.00547	0.00401	0.00377	0.00541	0.00517	0.00700	0.00669	0.01168	0.00669	0.01314	0.01515	0.82329	0.06375	0.00341	0.00170	0.00189
10	0.00948	0.01823	0.08070	0.12717	0.37593	0.03122	0.05452	0.11567	0.01027	0.01411	0.10355	0.01223	0.02086	0.00434	0.00399	0.00120	0.00459	0.00395	0.00244	0.00555
11	0.00860	0.25632	0.61228	0.00993	0.01504	0.01090	0.01231	0.01223	0.00819	0.01152	0.00659	0.00772	0.00498	0.00362	0.00339	0.00113	0.00535	0.00267	0.00166	0.00558
12	0.00539	0.00427	0.00480	0.00483	0.00585	0.00399	0.00349	0.00734	0.08346	0.01183	0.19346	0.18529	0.38816	0.07298	0.00578	0.00154	0.00225	0.00803	0.00371	0.00356
13	0.01464	0.01868	0.01111	0.01010	0.01212	0.84648	0.00757	0.01565	0.01111	0.00959	0.00606	0.00707	0.00505	0.00404	0.00353	0.00101	0.00707	0.00252	0.00202	0.00454
14	0.00565	0.00403	0.00556	0.07436	0.00790	0.00395	0.00466	0.00678	0.00820	0.03566	0.07956	0.54495	0.06229	0.01075	0.00490	0.00155	0.00270	0.12948	0.00357	0.00349
15	0.01477	0.01053	0.01141	0.00882	0.01189	0.01158	0.00726	0.72043	0.06814	0.07947	0.01023	0.01000	0.00720	0.00475	0.00393	0.00119	0.00417	0.00361	0.00399	0.00664
16	0.26378	0.00863	0.00963	0.00909	0.09345	0.02879	0.00654	0.09788	0.07895	0.31575	0.03806	0.01224	0.00924	0.00506	0.00391	0.00137	0.00382	0.00373	0.00389	0.00619
17	0.09693	0.12409	0.01152	0.00879	0.03141	0.34958	0.00686	0.19289	0.04671	0.01451	0.07392	0.00959	0.00822	0.00442	0.00350	0.00108	0.00505	0.00313	0.00270	0.00509
18	0.00569	0.00383	0.00441	0.00441	0.00445	0.00387	0.00254	0.00578	0.00574	0.00770	0.01223	0.02499	0.01397	0.80854	0.07324	0.00396	0.00423	0.00560	0.00236	0.00245
19	0.05653	0.06332	0.00976	0.00773	0.01004	0.02937	0.04879	0.05295	0.47987	0.05067	0.06594	0.01582	0.08146	0.00547	0.00392	0.00127	0.00334	0.00455	0.00363	0.00558
20	0.04401	0.14169	0.31146	0.04290	0.05517	0.11200	0.02523	0.10026	0.01863	0.08323	0.00785	0.01740	0.00593	0.00403	0.00366	0.00115	0.01448	0.00305	0.00232	0.00555
21	0.00559	0.00373	0.00432	0.00448	0.00458	0.00368	0.00265	0.00583	0.00624	0.00848	0.02818	0.18117	0.01665	0.65310	0.01618	0.00322	0.00340	0.00666	0.03926	0.00260
22	0.01973	0.00612	0.00828	0.00702	0.00897	0.00588	0.05778	0.09579	0.04774	0.25792	0.19425	0.13214	0.05459	0.02312	0.00469	0.00137	0.00314	0.06245	0.00404	0.00498
23	0.04486	0.28800	0.25788	0.07186	0.05826	0.02820	0.04948	0.05545	0.02505	0.02310	0.00736	0.02901	0.00605	0.01251	0.01244	0.00118	0.00486	0.00307	0.00202	0.01937
24	0.00935	0.12605	0.29970	0.01173	0.16598	0.04415	0.02304	0.07520	0.01748	0.04166	0.06528	0.03826	0.03052	0.00526	0.02860	0.00132	0.00487	0.00374	0.00235	0.00545
25	0.00667	0.00510	0.00546	0.00522	0.00645	0.04249	0.00393	0.00896	0.08264	0.04648	0.32455	0.08760	0.25429	0.00807	0.00437	0.00126	0.00235	0.02061	0.07960	0.00393
26	0.07965	0.05699	0.48965	0.08716	0.02890	0.02612	0.06432	0.01283	0.05690	0.04119	0.01655	0.00915	0.00594	0.00387	0.00367	0.00123	0.00522	0.00313	0.00204	0.00548
27	0.05668	0.02020	0.06342	0.05029	0.05942	0.10269	0.05954	0.12510	0.02296	0.01413	0.01799	0.00942	0.02329	0.00379	0.00356	0.00096	0.01563	0.00304	0.00246	0.34542
28	0.00570	0.02582	0.00620	0.00667	0.05511	0.01404	0.00452	0.00667	0.00753	0.01001	0.03853	0.36794	0.13465	0.06477	0.18144	0.01467	0.02493	0.02429	0.00302	0.00349
29	0.00862	0.00565	0.00631	0.00553	0.00710	0.00572	0.00429	0.16807	0.05416	0.06509	0.23375	0.02112	0.13723	0.03357	0.00443	0.00124	0.00256	0.00533	0.22575	0.00447
30	0.03502	0.00918	0.01857	0.01447	0.06999	0.00871	0.57320	0.02473	0.00928	0.04489	0.04189	0.09066	0.00956	0.00462	0.00453	0.00134	0.00555	0.02630	0.00242	0.00509
31	0.01228	0.01018	0.01025	0.00856	0.01116	0.06472	0.00683	0.36512	0.42963	0.01952	0.01251	0.01190	0.00925	0.00497	0.00393	0.00124	0.00388	0.00392	0.00383	0.00630
32	0.00484	0.00345	0.00461	0.00545	0.00569	0.00327	0.00365	0.00553	0.00740	0.00990	0.02088	0.80023	0.02493	0.04015	0.03812	0.00185	0.00264	0.01070	0.00354	0.00317
33	0.00862	0.00701	0.00820	0.00594	0.00936	0.00543	0.00476	0.01072	0.04017	0.05053	0.00770	0.00862	0.00622	0.00309	0.00299	0.00064	0.00293	0.00248	0.00250	0.81209
34	0.00900	0.00964	0.01971	0.01445	0.01788	0.00922	0.64709	0.03634	0.06246	0.01314	0.04169	0.05029	0.00909	0.00435	0.00461	0.00135	0.00582	0.03630	0.00240	0.00517
35	0.00477	0.00381	0.00428	0.00452	0.00547	0.00331	0.00325	0.00576	0.00873	0.01095	0.11736	0.28597	0.50713	0.01044	0.00474	0.00140	0.00206	0.00902	0.00371	0.00331
36	0.00476	0.00357	0.00443	0.00509	0.00561	0.00325	0.00349	0.00553	0.00785	0.01014	0.02610	0.62880	0.23668	0.01201	0.02161	0.00162	0.00236	0.01026	0.00361	0.00322
37	0.00668	0.00568	0.00795	0.00734	0.00766	0.00722	0.00574	0.00762	0.00608	0.00894	0.00894	0.01488	0.00897	0.17634	0.39616	0.00420	0.30977	0.00421	0.00201	0.00357
38	0.00898	0.00935	0.01085	0.00955	0.00999	0.13925	0.00777	0.00996	0.00684	0.00940	0.00624	0.00956	0.00596	0.01045	0.16038	0.00243	0.57359	0.00343	0.00183	0.00419
39	0.00972	0.05022	0.14896	0.03286	0.30194	0.00985	0.29698	0.05972	0.00948	0.03099	0.00771	0.00970	0.00595	0.00357	0.00406	0.00122	0.00546	0.00375	0.00207	0.00577
40	0.01014	0.20302	0.20026	0.01288	0.20181	0.04435	0.08164	0.10049	0.02655	0.02983	0.03601	0.02099	0.00716	0.00399	0.00364	0.00113	0.00485	0.00337	0.00224	0.00564
41	0.00944	0.07571	0.12912	0.05708	0.31367	0.02063	0.09563	0.02537	0.09650	0.04877	0.01032	0.02193	0.04596	0.02773	0.00433	0.00128	0.00464	0.00391	0.00236	0.00560
42	0.00473	0.00396	0.00411	0.00410	0.00536	0.00335	0.00306	0.00580	0.00913	0.01111	0.12106	0.05218	0.73907	0.00978	0.00464	0.00132	0.00198	0.00821	0.00371	0.00335
43	0.00579	0.00396	0.00462	0.00465	0.00488	0.00400	0.00290	0.01983	0.00636	0.00853	0.01423	0.07176	0.05422	0.65036	0.08751	0.00362	0.00417	0.02928	0.01664	0.00269
44	0.02250	0.27049	0.16892	0.01024	0.06460	0.25184	0.05209	0.03480	0.01747	0.03142	0.00706	0.00812	0.01596	0.00389	0.00359	0.00106	0.02596	0.00281	0.00200	0.00517
45	0.04601	0.03621	0.04790	0.01887	0.01924	0.08583	0.02998	0.14892	0.09835	0.20686	0.03720	0.10336	0.03557	0.00609	0.01773	0.00134	0.03651	0.00460	0.01401	0.00542
46	0.00479	0.00348	0.00449	0.00528	0.00560	0.00322	0.00354	0.00548	0.00758	0.00998	0.02299	0.75687	0.10057	0.03927	0.00545	0.00164	0.00230	0.01070	0.00360	0.00317
47	0.00700	0.03073	0.16463	0.00831	0.06503	0.00658	0.02096	0.02558	0.02631	0.02296	0.07047	0.12359	0.16608	0.02308	0.09265	0.00189	0.07973	0.02254	0.03753	0.00435
48	0.01101	0.07738	0.18660	0.05687	0.16895	0.03093	0.08963	0.06216	0.10883	0.04451	0.01049	0.03736	0.00873	0.03256	0.00550	0.00159	0.05355	0.00424	0.00287	0.00624
49	0.01816	0.00726	0.00925	0.00847	0.04008	0.03253	0.00654	0.10046	0.05073	0.09053	0.00947	0.01239	0.00809	0.04763	0.26060	0.00298	0.24957	0.00384	0.03681	0.00462
50	0.00521	0.00403	0.00438	0.00447	0.00563	0.00349	0.00328	0.01826	0.00887	0.03481	0.04717	0.21630	0.60991	0.01019	0.00468	0.00138	0.00212	0.00869	0.00369	0.00344
51	0.04403	0.21238	0.14972	0.04420	0.11230	0.05780	0.02842	0.15277	0.04624	0.01379	0.00867	0.03939	0.02039	0.00445	0.00379	0.00115	0.02719	0.01428	0.01363	0.00541

[dist]
# distance from previous block
# <min> <max>
0	2

[block]
# block no. 2 follows, 69 sequences, length 27
# corresponding to MSA columns:
# 1196-1222
name=unknown_C
#
# <colnr> <probs for GDERKNQSTAVLIFYWHMCP>
#	G	D	E	R	K	N	Q	S	T	A	V	L	I	F	Y	W	H	M	C	P
0	0.00841	0.05832	0.02532	0.12005	0.33258	0.04332	0.02658	0.01093	0.06405	0.01181	0.02788	0.12837	0.04106	0.02479	0.01322	0.00136	0.00421	0.02435	0.02840	0.00499
1	0.08436	0.01195	0.01077	0.03257	0.04667	0.33081	0.03127	0.02997	0.00884	0.02218	0.00824	0.01011	0.05140	0.01379	0.03035	0.00145	0.25107	0.00334	0.01637	0.00448
2	0.01038	0.66915	0.06720	0.00781	0.01118	0.07391	0.06229	0.01197	0.00840	0.00987	0.03292	0.00750	0.00614	0.00357	0.00287	0.00092	0.00458	0.00251	0.00181	0.00501
3	0.00964	0.06436	0.34775	0.02297	0.01254	0.02174	0.00919	0.03247	0.03119	0.15044	0.06794	0.01272	0.06652	0.00473	0.00408	0.00116	0.03628	0.00371	0.00271	0.09785
4	0.00816	0.00819	0.00918	0.04110	0.08904	0.14930	0.00677	0.00919	0.00770	0.00990	0.01149	0.28377	0.01258	0.04613	0.05240	0.00182	0.24089	0.00591	0.00246	0.00404
5	0.07352	0.00995	0.01063	0.00831	0.01122	0.01093	0.00682	0.64263	0.04313	0.07724	0.01010	0.02364	0.00733	0.00478	0.00379	0.00118	0.00399	0.00362	0.04088	0.00631
6	0.00558	0.00377	0.00486	0.00533	0.00596	0.00346	0.00374	0.00649	0.00822	0.05645	0.09378	0.58000	0.14579	0.01169	0.03240	0.00166	0.00254	0.02110	0.00371	0.00346
7	0.00880	0.01279	0.22939	0.04738	0.01936	0.00976	0.54785	0.01227	0.00879	0.01227	0.00753	0.00989	0.00563	0.00361	0.00477	0.00132	0.04727	0.00409	0.00188	0.00533
8	0.00976	0.00718	0.00848	0.00615	0.00956	0.00572	0.00496	0.06105	0.00916	0.11988	0.00821	0.00888	0.00636	0.00326	0.00310	0.00070	0.00305	0.00260	0.00275	0.71919
9	0.00569	0.00456	0.02635	0.00577	0.00653	0.00416	0.00422	0.05434	0.03742	0.01168	0.08853	0.62311	0.08118	0.01085	0.00482	0.00150	0.00247	0.01952	0.00367	0.00362
10	0.00512	0.00357	0.00462	0.00541	0.00576	0.00341	0.00368	0.00617	0.02780	0.01055	0.02078	0.75896	0.02430	0.01149	0.00481	0.00154	0.00229	0.02521	0.07123	0.00330
11	0.00918	0.44385	0.42984	0.00893	0.01350	0.01232	0.01058	0.01208	0.00812	0.01081	0.00624	0.00728	0.00500	0.00354	0.00312	0.00104	0.00499	0.00250	0.00167	0.00541
12	0.00526	0.00361	0.00479	0.00557	0.00597	0.00338	0.00389	0.00612	0.00785	0.02869	0.04346	0.71963	0.03640	0.01169	0.00495	0.00157	0.00239	0.07944	0.02201	0.00332
13	0.00523	0.00387	0.00494	0.00561	0.00611	0.00373	0.00392	0.00675	0.06345	0.01087	0.06628	0.66959	0.07016	0.01137	0.00492	0.00155	0.00236	0.05215	0.00370	0.00345
14	0.01409	0.00840	0.00967	0.00778	0.01055	0.00877	0.00631	0.27112	0.23921	0.32614	0.01464	0.01341	0.04124	0.00513	0.00398	0.00124	0.00353	0.00412	0.00428	0.00641
15	0.00945	0.01076	0.02112	0.04440	0.01938	0.05927	0.68058	0.01240	0.00905	0.01204	0.00756	0.01020	0.00580	0.00366	0.00522	0.00134	0.07632	0.00437	0.00195	0.00513
16	0.00557	0.00375	0.00431	0.00444	0.00447	0.00371	0.00255	0.00567	0.00595	0.00794	0.01365	0.14223	0.01588	0.74342	0.01786	0.00349	0.00359	0.00646	0.00255	0.00249
17	0.00752	0.00416	0.00476	0.00445	0.00569	0.00387	0.00340	0.00912	0.00926	0.11010	0.18743	0.02248	0.19352	0.00719	0.02852	0.00126	0.00230	0.00540	0.38562	0.00394
18	0.00851	0.00848	0.01199	0.05987	0.01128	0.01181	0.00871	0.00947	0.00611	0.00947	0.00525	0.00869	0.00515	0.00669	0.01234	0.00169	0.80504	0.00343	0.00172	0.00429
19	0.01048	0.86458	0.02054	0.00671	0.01006	0.01551	0.00671	0.01174	0.00797	0.00922	0.00545	0.00629	0.00503	0.00335	0.00252	0.00084	0.00419	0.00210	0.00168	0.00503
20	0.00486	0.00347	0.00465	0.00556	0.00582	0.00326	0.00379	0.00561	0.00759	0.01010	0.02156	0.81462	0.02574	0.01220	0.00503	0.00160	0.00235	0.05535	0.00364	0.00321
21	0.76383	0.00866	0.00658	0.00579	0.00824	0.07314	0.00472	0.06676	0.00781	0.01746	0.00577	0.00663	0.00447	0.00374	0.00261	0.00120	0.00343	0.00225	0.00250	0.00443
22	0.00882	0.02741	0.19760	0.00756	0.01138	0.00732	0.00737	0.09012	0.02321	0.01372	0.00728	0.00838	0.00577	0.00347	0.00358	0.00085	0.03658	0.00264	0.00232	0.53463
23	0.01023	0.78235	0.10054	0.00714	0.01073	0.01489	0.00747	0.01180	0.00800	0.00953	0.00560	0.00648	0.00502	0.00339	0.00263	0.00088	0.00435	0.00217	0.00167	0.00511
24	0.00605	0.00389	0.00447	0.00440	0.00451	0.00388	0.00253	0.00613	0.00588	0.03216	0.01240	0.02505	0.01401	0.81727	0.03905	0.00378	0.00395	0.00561	0.00244	0.00253
25	0.00596	0.00650	0.12970	0.00702	0.00844	0.00477	0.00638	0.00788	0.02182	0.01117	0.01952	0.32258	0.05973	0.01076	0.03249	0.00176	0.00361	0.33283	0.00329	0.00381
26	0.00830	0.00944	0.14613	0.01139	0.20377	0.00684	0.05187	0.01070	0.00869	0.02438	0.08084	0.03563	0.00926	0.00398	0.00358	0.00097	0.00385	0.00354	0.02176	0.35508

[dist]
# distance from previous block
# <min> <max>
0	5

[block]
# block no. 3 follows, 69 sequences, length 14
# corresponding to MSA columns:
# 1228-1241
name=unknown_D
#
# <colnr> <probs for GDERKNQSTAVLIFYWHMCP>
#	G	D	E	R	K	N	Q	S	T	A	V	L	I	F	Y	W	H	M	C	P
0	0.00582	0.00424	0.00558	0.00549	0.00579	0.00473	0.00381	0.00647	0.00598	0.00835	0.01115	0.02026	0.01182	0.45351	0.37822	0.00477	0.05390	0.00492	0.00222	0.00297
1	0.00561	0.00415	0.00603	0.00603	0.00664	0.00476	0.00457	0.00683	0.00622	0.00890	0.01074	0.01675	0.01039	0.13890	0.73799	0.00597	0.00962	0.00440	0.00214	0.00335
2	0.06725	0.09947	0.31197	0.04478	0.07926	0.00905	0.04236	0.06342	0.05249	0.01318	0.00926	0.07545	0.02463	0.00452	0.00364	0.00117	0.00451	0.00373	0.00227	0.08759
3	0.00871	0.07506	0.10963	0.32087	0.18626	0.00929	0.05793	0.03989	0.04636	0.01203	0.00750	0.00966	0.00584	0.00372	0.00373	0.00116	0.00482	0.00331	0.00202	0.09222
4	0.01166	0.00732	0.00845	0.00720	0.00941	0.00780	0.00568	0.10731	0.34965	0.23964	0.01490	0.01499	0.03104	0.05875	0.07291	0.00181	0.00386	0.00432	0.03753	0.00577
5	0.00510	0.00374	0.00484	0.00541	0.00600	0.00347	0.00393	0.00618	0.00852	0.01132	0.16646	0.49807	0.13153	0.01104	0.00495	0.00152	0.00234	0.11849	0.00375	0.00335
6	0.03919	0.05254	0.07316	0.09095	0.16140	0.11252	0.09315	0.03103	0.13299	0.05596	0.01033	0.06515	0.02557	0.00478	0.00421	0.00124	0.03388	0.00409	0.00256	0.00529
7	0.00770	0.00535	0.00640	0.03132	0.00789	0.00551	0.00479	0.10623	0.10619	0.05465	0.06339	0.33243	0.07798	0.00861	0.00441	0.00139	0.00277	0.07114	0.09759	0.00428
8	0.00485	0.00359	0.00455	0.00522	0.00572	0.00329	0.00362	0.00570	0.00803	0.01051	0.07296	0.63327	0.17189	0.01155	0.00493	0.00153	0.00225	0.03960	0.00368	0.00325
9	0.00727	0.00600	0.00688	0.06677	0.03161	0.02250	0.00514	0.04643	0.19445	0.03049	0.17171	0.04286	0.30402	0.00757	0.00439	0.00131	0.00282	0.03966	0.00366	0.00444
10	0.05149	0.14360	0.17146	0.07035	0.04658	0.10807	0.04080	0.15624	0.06322	0.05449	0.00804	0.00899	0.00611	0.00416	0.00394	0.00116	0.03994	0.00312	0.01276	0.00549
11	0.00493	0.00362	0.00465	0.00530	0.00579	0.00333	0.00371	0.00585	0.00819	0.01082	0.11464	0.60882	0.13790	0.01140	0.00493	0.00153	0.00226	0.05534	0.00371	0.00328
12	0.01068	0.00593	0.00734	0.00652	0.00830	0.00578	0.00501	0.10137	0.10069	0.28383	0.09684	0.28804	0.04729	0.00777	0.00438	0.00135	0.00288	0.00673	0.00417	0.00509
13	0.00815	0.19698	0.15043	0.00814	0.04441	0.00825	0.04369	0.04967	0.02912	0.03641	0.04439	0.24109	0.04170	0.00703	0.02313	0.00134	0.00389	0.00555	0.03359	0.02306

[dist]
# distance from previous block
# <min> <max>
0	14

[block]
# block no. 4 follows, 69 sequences, length 28
# corresponding to MSA columns:
# 1256-1283
name=unknown_E
#
# <colnr> <probs for GDERKNQSTAVLIFYWHMCP>
#	G	D	E	R	K	N	Q	S	T	A	V	L	I	F	Y	W	H	M	C	P
0	0.02742	0.00821	0.05436	0.18224	0.03402	0.06287	0.14263	0.03856	0.03493	0.01099	0.03577	0.05905	0.01015	0.24029	0.00879	0.00199	0.03654	0.00470	0.00232	0.00415
1	0.01023	0.01524	0.32130	0.01156	0.07977	0.20165	0.09031	0.05152	0.06410	0.03047	0.00833	0.02831	0.00666	0.03615	0.00443	0.00128	0.00555	0.00346	0.00221	0.02747
2	0.01231	0.13132	0.04432	0.01010	0.08616	0.20434	0.02574	0.22186	0.10143	0.04198	0.00878	0.00942	0.00678	0.00430	0.00379	0.00111	0.02452	0.00321	0.05298	0.00556
3	0.01269	0.00879	0.00978	0.00779	0.01043	0.00930	0.00630	0.50032	0.05298	0.10945	0.06560	0.08201	0.04966	0.00573	0.00404	0.00120	0.00365	0.00463	0.00393	0.05170
4	0.01227	0.12301	0.11523	0.01115	0.07483	0.38807	0.08357	0.04299	0.05698	0.04531	0.00744	0.00841	0.00585	0.00394	0.00361	0.00109	0.00585	0.00298	0.00222	0.00521
5	0.00854	0.00510	0.00622	0.00550	0.00710	0.00477	0.00425	0.03853	0.06612	0.16899	0.33221	0.08114	0.11356	0.00706	0.00419	0.00121	0.00239	0.00605	0.09144	0.04562
6	0.00528	0.00377	0.00469	0.00509	0.00542	0.00370	0.00335	0.00609	0.02531	0.00954	0.04907	0.41808	0.07037	0.29079	0.07888	0.00266	0.00343	0.00832	0.00313	0.00304
7	0.00815	0.03871	0.79591	0.01104	0.01665	0.03749	0.01408	0.01251	0.00837	0.01225	0.00697	0.00819	0.00497	0.00373	0.00369	0.00122	0.00580	0.00287	0.00167	0.00574
8	0.00730	0.00392	0.00581	0.02674	0.00624	0.00409	0.00403	0.00625	0.00566	0.04723	0.00774	0.01284	0.00744	0.02824	0.06757	0.70159	0.03573	0.01740	0.00192	0.00226
9	0.25625	0.00641	0.04295	0.00538	0.00734	0.00613	0.00447	0.02583	0.08842	0.06971	0.06397	0.04984	0.24410	0.00635	0.00364	0.00124	0.00268	0.00505	0.10594	0.00431
10	0.00570	0.00380	0.00428	0.00428	0.00428	0.00380	0.00238	0.00570	0.00570	0.00760	0.01235	0.02566	0.01425	0.86222	0.01995	0.00380	0.00380	0.00570	0.00238	0.00238
11	0.01389	0.06259	0.01138	0.00966	0.01180	0.68885	0.00738	0.03677	0.10105	0.01071	0.00720	0.00792	0.00585	0.00416	0.00354	0.00104	0.00641	0.00274	0.00227	0.00481
12	0.01051	0.00626	0.00677	0.00579	0.00761	0.00659	0.00459	0.20013	0.11035	0.10992	0.01269	0.01327	0.00946	0.00472	0.00330	0.00106	0.00273	0.00375	0.47550	0.00500
13	0.00502	0.00362	0.00475	0.00552	0.00592	0.00340	0.00389	0.00588	0.00786	0.01040	0.05443	0.64410	0.07650	0.04264	0.00556	0.00167	0.00246	0.10954	0.00362	0.00324
14	0.03063	0.00678	0.00872	0.00686	0.00965	0.00620	0.00561	0.06856	0.05543	0.64677	0.04713	0.01520	0.06351	0.00529	0.00399	0.00122	0.00324	0.00431	0.00461	0.00628
15	0.00581	0.00429	0.00582	0.00572	0.00610	0.00487	0.00410	0.00662	0.00604	0.00852	0.01093	0.01910	0.01131	0.35984	0.46989	0.00504	0.05594	0.00475	0.00219	0.00310
16	0.00727	0.00461	0.00527	0.00494	0.00647	0.00405	0.00379	0.02060	0.02747	0.15661	0.05986	0.11836	0.52467	0.00906	0.00455	0.00134	0.00235	0.03081	0.00389	0.00402
17	0.00569	0.00383	0.00441	0.00441	0.00445	0.00387	0.00254	0.00579	0.00574	0.00770	0.01223	0.02499	0.01396	0.80784	0.07394	0.00396	0.00424	0.00560	0.00236	0.00245
18	0.00957	0.00918	0.01568	0.07127	0.79158	0.00928	0.01197	0.01192	0.00886	0.01265	0.00735	0.00975	0.00615	0.00352	0.00388	0.00117	0.00469	0.00349	0.00193	0.00610
19	0.00561	0.00418	0.00617	0.00617	0.00683	0.00483	0.00474	0.00692	0.00626	0.00901	0.01062	0.01605	0.01008	0.08192	0.79456	0.00614	0.01008	0.00429	0.00212	0.00343
20	0.00509	0.00373	0.00482	0.00562	0.00597	0.00360	0.00380	0.00643	0.05941	0.01041	0.02125	0.80638	0.02505	0.01184	0.00494	0.00158	0.00233	0.01072	0.00366	0.00337
21	0.01432	0.00961	0.01068	0.00830	0.01119	0.01032	0.00681	0.60874	0.03132	0.14777	0.09021	0.01202	0.01015	0.00506	0.00399	0.00119	0.00391	0.00395	0.00410	0.00637
22	0.00912	0.00828	0.01323	0.45736	0.31301	0.00934	0.01088	0.10851	0.00950	0.01277	0.00741	0.01006	0.00575	0.00386	0.00391	0.00124	0.00491	0.00349	0.00207	0.00529
23	0.00659	0.03195	0.04602	0.00672	0.00823	0.02091	0.06681	0.03714	0.05742	0.01207	0.16113	0.15830	0.19312	0.04353	0.11043	0.00205	0.02378	0.00661	0.00320	0.00400
24	0.00495	0.00363	0.00467	0.00545	0.00582	0.00343	0.00369	0.00603	0.03748	0.01028	0.02256	0.77634	0.07733	0.01188	0.00494	0.00157	0.00229	0.01072	0.00365	0.00330
25	0.01047	0.00747	0.00838	0.00739	0.02741	0.00801	0.00569	0.17896	0.32251	0.10748	0.12901	0.01736	0.08575	0.00583	0.00403	0.00124	0.00306	0.00483	0.05953	0.00559
26	0.01035	0.04978	0.15704	0.01366	0.13094	0.04858	0.27622	0.11598	0.08625	0.03801	0.00863	0.00996	0.00649	0.00384	0.00402	0.00121	0.00531	0.00373	0.00243	0.02757
27	0.01147	0.56395	0.01737	0.00818	0.02702	0.22313	0.00717	0.02886	0.00886	0.00971	0.00570	0.00676	0.00510	0.00378	0.00349	0.00095	0.05943	0.00235	0.00182	0.00492

[dist]
# distance from previous block
# <min> <max>
0	9

[block]
# block no. 5 follows, 69 sequences, length 13
# corresponding to MSA columns:
# 1293-1305
name=unknown_F
#
# <colnr> <probs for GDERKNQSTAVLIFYWHMCP>
#	G	D	E	R	K	N	Q	S	T	A	V	L	I	F	Y	W	H	M	C	P
0	0.00491	0.00357	0.00457	0.00526	0.00564	0.00329	0.00352	0.00560	0.00752	0.00996	0.02216	0.71031	0.09411	0.07100	0.00596	0.00170	0.00237	0.01030	0.00352	0.02474
1	0.00695	0.00655	0.04660	0.07823	0.03732	0.05024	0.03031	0.00922	0.06927	0.03592	0.19413	0.16309	0.20164	0.00792	0.00475	0.01517	0.01638	0.01888	0.00334	0.00410
2	0.00814	0.00832	0.08629	0.05713	0.01162	0.00629	0.05938	0.03865	0.02801	0.01287	0.00904	0.04910	0.02568	0.00395	0.00340	0.00086	0.00357	0.02133	0.00242	0.56394
3	0.00958	0.00801	0.00849	0.00767	0.00974	0.00918	0.00594	0.05730	0.70311	0.01633	0.01583	0.06434	0.01245	0.00566	0.00398	0.00132	0.00305	0.00475	0.04737	0.00592
4	0.00594	0.00408	0.00498	0.00495	0.00525	0.00427	0.00322	0.02964	0.00638	0.00879	0.01232	0.06710	0.01345	0.56383	0.22047	0.00414	0.00532	0.00551	0.02752	0.00285
5	0.01036	0.18195	0.16917	0.05520	0.11878	0.15348	0.04256	0.03619	0.08237	0.03709	0.00905	0.01006	0.04062	0.00423	0.00389	0.00114	0.03303	0.00328	0.00223	0.00532
6	0.03247	0.00696	0.07985	0.00718	0.00898	0.02169	0.06451	0.07458	0.02524	0.06323	0.08790	0.32043	0.09564	0.00903	0.03360	0.00155	0.00353	0.03634	0.00336	0.02393
7	0.00494	0.00351	0.00459	0.00529	0.00556	0.00330	0.00351	0.00567	0.00766	0.01030	0.09719	0.69545	0.02576	0.09967	0.00651	0.00179	0.00239	0.01020	0.00357	0.00315
8	0.00796	0.01885	0.02874	0.00674	0.02367	0.07741	0.01934	0.08976	0.02332	0.04997	0.01718	0.24969	0.09937	0.20707	0.00807	0.00195	0.00361	0.06024	0.00315	0.00391
9	0.00859	0.00784	0.00824	0.00619	0.00936	0.07739	0.00489	0.01057	0.03486	0.01279	0.05617	0.00950	0.00778	0.00338	0.00309	0.00068	0.00320	0.00269	0.00247	0.73031
10	0.00508	0.00378	0.00477	0.00542	0.00591	0.00359	0.00372	0.00643	0.05358	0.01073	0.06676	0.68626	0.10650	0.01143	0.00489	0.00153	0.00227	0.01027	0.00370	0.00339
11	0.00488	0.00352	0.00448	0.00518	0.00551	0.00327	0.00345	0.00555	0.00754	0.00995	0.04172	0.67512	0.10201	0.10027	0.00651	0.00179	0.00240	0.01021	0.00352	0.00312
12	0.07782	0.05179	0.03862	0.01019	0.10341	0.02722	0.05805	0.29469	0.14927	0.03172	0.01072	0.04170	0.02270	0.00479	0.00392	0.00121	0.01776	0.00390	0.04477	0.00575

[dist]
# distance from previous block
# <min> <max>
1	37

[block]
# block no. 6 follows, 69 sequences, length 34
# corresponding to MSA columns:
# 1343-1376
name=unknown_G
#
# <colnr> <probs for GDERKNQSTAVLIFYWHMCP>
#	G	D	E	R	K	N	Q	S	T	A	V	L	I	F	Y	W	H	M	C	P
0	0.00962	0.00963	0.01586	0.12892	0.60751	0.05330	0.09388	0.01202	0.00893	0.01226	0.00731	0.00975	0.00600	0.00356	0.00394	0.00119	0.00505	0.00356	0.00192	0.00579
1	0.02914	0.12500	0.28246	0.04871	0.01290	0.02768	0.03809	0.03920	0.14541	0.02359	0.01869	0.05296	0.00832	0.04999	0.01964	0.00140	0.00458	0.00373	0.00242	0.06610
2	0.00600	0.00472	0.00680	0.00657	0.00709	0.00569	0.00507	0.00716	0.00619	0.00896	0.01003	0.01579	0.00975	0.13112	0.63335	0.00538	0.12049	0.00429	0.00208	0.00346
3	0.00547	0.00456	0.00491	0.00505	0.00601	0.04344	0.00372	0.00665	0.00926	0.01182	0.24502	0.24307	0.33822	0.00978	0.00471	0.00138	0.00234	0.04740	0.00374	0.00345
4	0.06766	0.00905	0.01066	0.03433	0.05483	0.00975	0.03563	0.45567	0.05731	0.08961	0.05048	0.06861	0.02805	0.00533	0.00398	0.00123	0.00391	0.00434	0.00367	0.00590
5	0.00754	0.00706	0.01185	0.73180	0.10502	0.00853	0.01066	0.01009	0.00810	0.01056	0.04632	0.01127	0.00683	0.00407	0.00395	0.00129	0.00501	0.00366	0.00188	0.00450
6	0.00570	0.00382	0.00438	0.00438	0.00441	0.00386	0.00250	0.00577	0.00573	0.00768	0.01226	0.02514	0.01403	0.82074	0.06113	0.00393	0.00413	0.00563	0.00236	0.00243
7	0.01277	0.00772	0.00860	0.00695	0.00932	0.00812	0.00562	0.36556	0.06241	0.18598	0.01225	0.03081	0.00898	0.00490	0.00362	0.00113	0.00330	0.00387	0.25237	0.00571
8	0.04618	0.00789	0.00972	0.00748	0.01052	0.00762	0.00617	0.24005	0.01305	0.58882	0.01347	0.01203	0.00869	0.00477	0.00389	0.00120	0.00359	0.00377	0.00452	0.00659
9	0.00803	0.01908	0.74091	0.01183	0.01740	0.00920	0.11428	0.01243	0.00840	0.01243	0.00715	0.00856	0.00509	0.00367	0.00384	0.00125	0.00589	0.00311	0.00170	0.00573
10	0.01629	0.00739	0.00940	0.00728	0.01021	0.00695	0.00599	0.16588	0.03707	0.62755	0.05327	0.01342	0.01051	0.00499	0.00397	0.00121	0.00344	0.00403	0.00463	0.00652
11	0.00496	0.00356	0.00467	0.00547	0.00580	0.00334	0.00377	0.00574	0.00769	0.01020	0.04302	0.69898	0.05683	0.05430	0.00576	0.00170	0.00244	0.07499	0.00359	0.00320
12	0.01518	0.01053	0.01149	0.00881	0.01193	0.01149	0.00727	0.74022	0.01768	0.11025	0.01005	0.00982	0.00699	0.00472	0.00392	0.00118	0.00421	0.00357	0.00402	0.00667
13	0.00569	0.00385	0.00454	0.00454	0.00463	0.00394	0.00271	0.00587	0.00578	0.00780	0.01211	0.02432	0.01367	0.75345	0.12793	0.00413	0.00468	0.00551	0.00234	0.00252
14	0.00477	0.00343	0.00453	0.00541	0.00567	0.00319	0.00362	0.00546	0.00756	0.01003	0.02226	0.83014	0.05503	0.01220	0.00499	0.00158	0.00226	0.01104	0.00364	0.00319
15	0.00497	0.00393	0.00448	0.00446	0.00553	0.00344	0.00330	0.00624	0.00957	0.01236	0.32144	0.11348	0.47394	0.00947	0.00467	0.00132	0.00196	0.00813	0.00388	0.00344
16	0.00773	0.00730	0.01235	0.73508	0.14217	0.00880	0.01105	0.01030	0.00799	0.01041	0.00703	0.01035	0.00537	0.00386	0.00391	0.00129	0.00515	0.00349	0.00177	0.00462
17	0.00963	0.00924	0.01579	0.04938	0.81300	0.00930	0.01200	0.01197	0.00889	0.01272	0.00736	0.00973	0.00618	0.00351	0.00388	0.00117	0.00467	0.00349	0.00193	0.00615
18	0.01183	0.00749	0.00891	0.00740	0.00967	0.00781	0.03318	0.26567	0.13106	0.18447	0.01431	0.09097	0.02746	0.00586	0.00397	0.00124	0.00338	0.04556	0.13418	0.00557
19	0.02566	0.05927	0.01239	0.02133	0.19173	0.15982	0.02806	0.19923	0.11405	0.04620	0.00881	0.00954	0.00680	0.00408	0.00366	0.00109	0.00459	0.00327	0.00280	0.09763
20	0.03654	0.02816	0.01201	0.04439	0.04121	0.00861	0.14809	0.23043	0.05326	0.11288	0.07773	0.04587	0.04194	0.00499	0.00409	0.00119	0.01264	0.00439	0.00328	0.08829
21	0.01058	0.18843	0.12431	0.02248	0.25950	0.09058	0.07736	0.06425	0.03902	0.04060	0.00750	0.00887	0.00598	0.00379	0.00381	0.00112	0.02519	0.00316	0.00216	0.02130
22	0.10832	0.03984	0.05035	0.00867	0.02691	0.18180	0.03617	0.22836	0.02313	0.13211	0.04377	0.05458	0.00864	0.00482	0.00379	0.00116	0.01226	0.00372	0.00315	0.02842
23	0.00481	0.00346	0.00462	0.00547	0.00574	0.00327	0.00369	0.00554	0.00748	0.00997	0.02143	0.80065	0.04185	0.01309	0.04692	0.00182	0.00268	0.01074	0.00356	0.00320
24	0.00917	0.09547	0.08618	0.08820	0.11467	0.03325	0.05668	0.10934	0.05834	0.04485	0.04987	0.07869	0.10244	0.01833	0.00425	0.00127	0.00411	0.02578	0.00282	0.01631
25	0.01863	0.08985	0.08671	0.05175	0.13234	0.10586	0.05547	0.11499	0.03114	0.07790	0.03572	0.04023	0.05872	0.00503	0.00416	0.00120	0.03137	0.03109	0.00271	0.02512
26	0.00572	0.00403	0.00463	0.00469	0.00529	0.00383	0.00311	0.00667	0.03517	0.03150	0.09105	0.17430	0.21554	0.37566	0.01124	0.00243	0.00289	0.01593	0.00320	0.00311
27	0.00565	0.00426	0.00504	0.00493	0.00607	0.00390	0.00376	0.00753	0.04849	0.02967	0.37777	0.07568	0.34008	0.00897	0.00466	0.00133	0.00213	0.06242	0.00397	0.00369
28	0.01023	0.04924	0.18689	0.07886	0.12285	0.13503	0.03700	0.08099	0.09267	0.03057	0.02211	0.01031	0.00704	0.00442	0.00452	0.00122	0.07412	0.01778	0.00236	0.03180
29	0.00778	0.02605	0.01997	0.00874	0.05883	0.05501	0.06529	0.04550	0.01950	0.01033	0.02183	0.10251	0.01100	0.22710	0.12999	0.00272	0.17657	0.00499	0.00235	0.00394
30	0.01011	0.00647	0.00757	0.00659	0.00840	0.00659	0.00511	0.22103	0.08060	0.15295	0.14613	0.20462	0.07633	0.02738	0.00469	0.00136	0.00299	0.00632	0.01977	0.00499
31	0.00622	0.00437	0.00508	0.00505	0.00557	0.00439	0.00339	0.06785	0.00759	0.01011	0.02632	0.14583	0.09609	0.46833	0.05712	0.00296	0.00372	0.05421	0.02273	0.00308
32	0.05708	0.07997	0.22128	0.03587	0.06751	0.11379	0.05465	0.06311	0.10204	0.04146	0.07119	0.01137	0.00895	0.00549	0.04030	0.00141	0.00504	0.01166	0.00253	0.00530
33	0.01012	0.09087	0.15541	0.07733	0.22358	0.06020	0.09800	0.09381	0.07431	0.03219	0.00875	0.01011	0.02267	0.00405	0.00400	0.00120	0.02193	0.00351	0.00232	0.00565

[dist]
# distance from previous block
# <min> <max>
3	17

[block]
# block no. 7 follows, 69 sequences, length 39
# corresponding to MSA columns:
# 1394-1432
name=unknown_H
#
# <colnr> <probs for GDERKNQSTAVLIFYWHMCP>
#	G	D	E	R	K	N	Q	S	T	A	V	L	I	F	Y	W	H	M	C	P
0	0.04571	0.12833	0.16870	0.03282	0.05372	0.05333	0.01839	0.15857	0.07568	0.04213	0.02169	0.06394	0.02272	0.00537	0.02661	0.00128	0.00447	0.00375	0.00269	0.07010
1	0.01123	0.03534	0.04094	0.00915	0.01129	0.22099	0.07733	0.16698	0.06361	0.04359	0.06890	0.01238	0.00941	0.06910	0.03688	0.00159	0.09379	0.01174	0.00277	0.01299
2	0.00634	0.00528	0.00589	0.00586	0.00653	0.07375	0.00423	0.01882	0.00720	0.00943	0.04066	0.11752	0.06991	0.22327	0.38302	0.00413	0.00669	0.00560	0.00254	0.00332
3	0.02444	0.00616	0.00818	0.05380	0.07703	0.01848	0.00605	0.10800	0.00876	0.03935	0.04807	0.03621	0.01013	0.02742	0.35199	0.00334	0.05857	0.00416	0.09181	0.01804
4	0.04945	0.27412	0.23007	0.04782	0.08802	0.08836	0.02459	0.06444	0.00903	0.02287	0.00727	0.03483	0.00610	0.00482	0.03149	0.00127	0.00510	0.00305	0.00203	0.00525
5	0.38854	0.00882	0.00855	0.00697	0.00971	0.03241	0.00571	0.26823	0.04893	0.17328	0.00906	0.00902	0.00640	0.00429	0.00328	0.00120	0.00361	0.00302	0.00341	0.00556
6	0.00584	0.00404	0.00504	0.00544	0.00613	0.00382	0.00380	0.02140	0.04440	0.05109	0.07052	0.58643	0.13391	0.03210	0.00519	0.00155	0.00237	0.00961	0.00373	0.00357
7	0.00837	0.00684	0.02049	0.05786	0.05724	0.03362	0.04368	0.12717	0.05260	0.05195	0.20985	0.14782	0.09545	0.04627	0.00525	0.00142	0.01999	0.00615	0.00345	0.00454
8	0.00744	0.00557	0.00624	0.00581	0.00737	0.00562	0.00445	0.03604	0.23894	0.06815	0.16984	0.10188	0.29504	0.00804	0.00443	0.00133	0.00249	0.02286	0.00395	0.00450
9	0.00500	0.00367	0.00471	0.00543	0.00594	0.00341	0.00388	0.00589	0.00797	0.01040	0.03940	0.58642	0.15358	0.02759	0.00528	0.00161	0.00243	0.12051	0.00362	0.00326
10	0.00562	0.00384	0.00454	0.00458	0.00476	0.00390	0.00281	0.00592	0.00605	0.00815	0.01376	0.06127	0.05173	0.65852	0.13242	0.00389	0.00455	0.00582	0.01522	0.00263
11	0.03807	0.00976	0.04906	0.00830	0.01124	0.01000	0.00700	0.39485	0.22872	0.16761	0.02671	0.01170	0.00899	0.00488	0.00390	0.00123	0.00381	0.00383	0.00397	0.00639
12	0.00856	0.06066	0.74221	0.01079	0.01622	0.04610	0.01356	0.01271	0.00847	0.03549	0.00715	0.00827	0.00511	0.00375	0.00366	0.00121	0.00570	0.00287	0.00176	0.00573
13	0.01544	0.00907	0.01045	0.00813	0.01114	0.00945	0.00668	0.43541	0.09419	0.33939	0.01239	0.01144	0.00835	0.00482	0.00394	0.00121	0.00382	0.00378	0.00429	0.00662
14	0.00538	0.00395	0.00511	0.00577	0.00644	0.00374	0.00444	0.00654	0.00835	0.01083	0.05376	0.35436	0.16247	0.05097	0.00578	0.00171	0.00277	0.30070	0.00359	0.00334
15	0.00883	0.00860	0.04050	0.01804	0.54989	0.00833	0.00986	0.01220	0.11741	0.01308	0.04184	0.03004	0.08384	0.00492	0.00406	0.00124	0.00407	0.03502	0.00253	0.00569
16	0.10523	0.01157	0.01021	0.00854	0.01097	0.20525	0.00684	0.37802	0.09229	0.01797	0.01036	0.01127	0.04490	0.00500	0.00415	0.00120	0.04178	0.02571	0.00321	0.00553
17	0.01034	0.00814	0.00901	0.00807	0.03637	0.00887	0.00614	0.12011	0.51252	0.06928	0.05406	0.01506	0.05111	0.00533	0.00396	0.00124	0.00319	0.00442	0.00385	0.06894
18	0.12566	0.01042	0.06412	0.03305	0.22247	0.03290	0.14082	0.22068	0.03471	0.03658	0.00810	0.00937	0.00614	0.00390	0.00378	0.00119	0.00469	0.00344	0.00264	0.03534
19	0.49909	0.07311	0.19493	0.00762	0.03323	0.04838	0.00728	0.04795	0.03272	0.01560	0.00638	0.00730	0.00489	0.00375	0.00293	0.00118	0.00403	0.00248	0.00228	0.00488
20	0.05198	0.00958	0.01004	0.00817	0.01088	0.04762	0.00659	0.37708	0.24692	0.14420	0.03779	0.01187	0.00940	0.00493	0.00388	0.00122	0.00381	0.00385	0.00394	0.00624
21	0.00501	0.00358	0.00458	0.00523	0.00552	0.00341	0.00349	0.00565	0.00727	0.00962	0.02061	0.59880	0.07417	0.16923	0.03857	0.00216	0.00288	0.03380	0.00335	0.00307
22	0.00827	0.00811	0.01134	0.00981	0.00986	0.01123	0.00811	0.00914	0.00602	0.00935	0.00577	0.00962	0.00578	0.03616	0.07346	0.00211	0.76638	0.00356	0.00176	0.00417
23	0.01421	0.01059	0.01135	0.00885	0.01184	0.01175	0.00726	0.73222	0.09506	0.02363	0.01028	0.02695	0.00755	0.00492	0.00395	0.00120	0.00416	0.00377	0.00392	0.00655
24	0.00938	0.00914	0.01482	0.20663	0.62842	0.03984	0.01162	0.01172	0.00877	0.01207	0.00724	0.00977	0.00595	0.00361	0.00388	0.00119	0.00487	0.00346	0.00190	0.00574
25	0.04222	0.00833	0.00931	0.00748	0.00996	0.00885	0.00596	0.36444	0.12689	0.21220	0.01210	0.01330	0.00916	0.12141	0.00604	0.00156	0.00374	0.00400	0.02720	0.00586
26	0.15590	0.05928	0.06678	0.07379	0.14940	0.14321	0.01910	0.10520	0.02835	0.01380	0.00844	0.07649	0.00748	0.00467	0.00371	0.00118	0.01648	0.01798	0.00244	0.04632
27	0.02598	0.00701	0.04412	0.00727	0.03884	0.03281	0.02889	0.10843	0.09202	0.07157	0.11107	0.16641	0.21346	0.00769	0.00437	0.00133	0.00313	0.02742	0.00359	0.00460
28	0.00578	0.00461	0.00501	0.00515	0.00636	0.00398	0.00386	0.00667	0.00948	0.01181	0.08909	0.11728	0.60386	0.01060	0.00510	0.00155	0.00250	0.09955	0.00395	0.00381
29	0.00567	0.00395	0.00493	0.00531	0.00602	0.00369	0.00381	0.00678	0.02281	0.04699	0.06964	0.41993	0.19985	0.07844	0.03033	0.00182	0.00273	0.08031	0.00359	0.00343
30	0.07873	0.04295	0.07964	0.07318	0.02787	0.02920	0.07846	0.20847	0.11766	0.08524	0.00971	0.01038	0.01910	0.00445	0.00430	0.00121	0.05743	0.00352	0.00296	0.06554
31	0.00993	0.00679	0.00815	0.02245	0.06130	0.03743	0.01778	0.05660	0.12011	0.19476	0.14716	0.04352	0.17841	0.00632	0.00413	0.00121	0.00310	0.00534	0.00375	0.07175
32	0.00481	0.00347	0.00449	0.00529	0.00559	0.00322	0.00353	0.00548	0.00754	0.00995	0.02264	0.75742	0.08978	0.04975	0.00564	0.00167	0.00232	0.01068	0.00358	0.00316
33	0.00553	0.00397	0.00487	0.00516	0.00588	0.00372	0.00366	0.00679	0.03465	0.03428	0.13341	0.38481	0.20658	0.08776	0.03151	0.00181	0.00264	0.03595	0.00361	0.00343
34	0.02356	0.16291	0.25417	0.02918	0.13027	0.03687	0.07849	0.04692	0.02540	0.05768	0.00844	0.02213	0.02109	0.00446	0.00432	0.02979	0.03207	0.01200	0.00217	0.01808
35	0.01019	0.02217	0.12546	0.02075	0.08050	0.12174	0.04732	0.08016	0.06980	0.08534	0.08444	0.01319	0.02998	0.02145	0.02875	0.00138	0.04639	0.00394	0.10196	0.00509
36	0.01974	0.00721	0.03486	0.00674	0.00896	0.00697	0.00552	0.18719	0.11340	0.22571	0.13998	0.04980	0.04515	0.03436	0.00450	0.00130	0.00313	0.00482	0.09528	0.00539
37	0.00621	0.04342	0.03030	0.02024	0.00688	0.03524	0.00432	0.00741	0.02343	0.03409	0.12584	0.42659	0.08179	0.11363	0.00649	0.00171	0.00287	0.02262	0.00338	0.00355
