[name]
unknown

[dist]
# distance from previous block
# <min> <max>
0	100

[block]
# block no. 0 follows, 76 sequences, length 16
# corresponding to MSA columns:
# 120-135
name=unknown_A
#
# <colnr> <probs for GDERKNQSTAVLIFYWHMCP>
#	G	D	E	R	K	N	Q	S	T	A	V	L	I	F	Y	W	H	M	C	P
0	0.07506	0.06615	0.04914	0.03354	0.00933	0.05408	0.03859	0.09729	0.07175	0.02743	0.05062	0.13343	0.04859	0.00622	0.00500	0.05404	0.08029	0.03475	0.00264	0.06206
1	0.00509	0.00369	0.00447	0.00473	0.00547	0.00331	0.00329	0.00601	0.01973	0.03511	0.04814	0.49095	0.21875	0.07460	0.00543	0.00149	0.00221	0.00842	0.00327	0.05584
2	0.00796	0.05859	0.03040	0.51234	0.15624	0.00834	0.06532	0.01040	0.02346	0.05330	0.01911	0.02541	0.00612	0.00376	0.00362	0.00116	0.00458	0.00343	0.00191	0.00456
3	0.00880	0.00861	0.03333	0.22741	0.33503	0.09111	0.03595	0.01140	0.06896	0.04880	0.00860	0.07965	0.00740	0.00427	0.00379	0.00116	0.01484	0.00383	0.00214	0.00491
4	0.00622	0.00415	0.00513	0.00497	0.00600	0.00390	0.00368	0.03165	0.04904	0.08705	0.33296	0.26561	0.16886	0.00839	0.00429	0.00125	0.00209	0.00736	0.00373	0.00367
5	0.00592	0.00403	0.00445	0.00426	0.00458	0.00407	0.00260	0.06792	0.00644	0.00864	0.01276	0.02294	0.06195	0.72391	0.01595	0.00311	0.00339	0.00521	0.03528	0.00260
6	0.01010	0.71023	0.06732	0.00680	0.00996	0.06167	0.00674	0.07323	0.00830	0.00982	0.00545	0.00620	0.00478	0.00326	0.00255	0.00083	0.00413	0.00211	0.00173	0.00479
7	0.01062	0.47571	0.05203	0.00754	0.01021	0.15497	0.00690	0.12082	0.03325	0.01085	0.00595	0.00683	0.00506	0.00374	0.00361	0.00095	0.08182	0.00239	0.00195	0.00479
8	0.11081	0.10917	0.06698	0.00949	0.03795	0.04323	0.24497	0.04984	0.00841	0.04132	0.02540	0.00931	0.01926	0.00353	0.00348	0.00100	0.01856	0.01335	0.00216	0.18177
9	0.08261	0.14385	0.08035	0.08757	0.14730	0.03886	0.07481	0.07290	0.03084	0.09241	0.04749	0.05051	0.02678	0.00425	0.00343	0.00109	0.00403	0.00359	0.00242	0.00490
10	0.00687	0.00517	0.00667	0.00638	0.02836	0.00583	0.00470	0.12985	0.03292	0.01092	0.03414	0.02874	0.01022	0.19386	0.40654	0.00384	0.05227	0.00421	0.02486	0.00365
11	0.00610	0.00390	0.00569	0.00544	0.00584	0.00403	0.03990	0.00630	0.05562	0.00775	0.00922	0.07812	0.00938	0.14462	0.14629	0.45882	0.00429	0.00424	0.00200	0.00244
12	0.00939	0.03643	0.05851	0.13044	0.13206	0.16676	0.04865	0.01166	0.06625	0.08888	0.01926	0.11777	0.01733	0.00501	0.00437	0.00118	0.07493	0.00412	0.00237	0.00461
13	0.02669	0.13737	0.26036	0.02595	0.11408	0.15331	0.05330	0.08548	0.04645	0.03970	0.00701	0.00801	0.00538	0.00364	0.00347	0.00106	0.01873	0.00282	0.00204	0.00514
14	0.03348	0.00413	0.00490	0.00513	0.04186	0.00407	0.00319	0.02730	0.00679	0.03729	0.07222	0.08556	0.12363	0.49522	0.03798	0.00266	0.00327	0.00572	0.00265	0.00293
15	0.01137	0.01235	0.00977	0.01979	0.07186	0.45868	0.03431	0.07278	0.06963	0.04170	0.00829	0.04173	0.00731	0.10743	0.00526	0.00133	0.00519	0.00338	0.01345	0.00438

[dist]
# distance from previous block
# <min> <max>
3	32

[block]
# block no. 1 follows, 76 sequences, length 40
# corresponding to MSA columns:
# 168-207
name=unknown_B
#
# <colnr> <probs for GDERKNQSTAVLIFYWHMCP>
#	G	D	E	R	K	N	Q	S	T	A	V	L	I	F	Y	W	H	M	C	P
0	0.06062	0.15712	0.08385	0.01598	0.05486	0.06847	0.05225	0.12823	0.09741	0.10371	0.04584	0.02627	0.02028	0.01840	0.00367	0.00109	0.01159	0.00336	0.00268	0.04431
1	0.11723	0.00768	0.01775	0.02343	0.17635	0.10086	0.01848	0.02544	0.05133	0.06146	0.02062	0.11557	0.07324	0.01685	0.04174	0.00132	0.00381	0.00421	0.00254	0.12008
2	0.03399	0.03982	0.18846	0.09148	0.10945	0.15249	0.08954	0.17080	0.02066	0.04037	0.00714	0.00836	0.00538	0.00373	0.00369	0.00110	0.02314	0.00303	0.00221	0.00515
3	0.00886	0.00713	0.00770	0.00688	0.01775	0.02759	0.00530	0.07310	0.49008	0.05776	0.16101	0.01600	0.04834	0.00570	0.01692	0.00124	0.00292	0.00448	0.00363	0.03761
4	0.89794	0.00703	0.00534	0.00478	0.00703	0.00815	0.00394	0.01068	0.00619	0.01631	0.00506	0.00590	0.00394	0.00337	0.00225	0.00112	0.00281	0.00197	0.00225	0.00394
5	0.00449	0.00321	0.00422	0.00500	0.00524	0.00301	0.00334	0.00512	0.00693	0.00921	0.02000	0.79091	0.04412	0.05529	0.00535	0.00158	0.00220	0.02455	0.00331	0.00292
6	0.00521	0.00350	0.00403	0.00410	0.00414	0.00350	0.00236	0.00529	0.00545	0.00728	0.01216	0.09764	0.01406	0.77694	0.03710	0.00340	0.00355	0.00569	0.00230	0.00229
7	0.03771	0.03053	0.03823	0.08665	0.13602	0.08022	0.21972	0.07583	0.01818	0.02968	0.00952	0.03872	0.00853	0.00478	0.00403	0.00122	0.01854	0.13158	0.02563	0.00465
8	0.01315	0.01663	0.01002	0.00912	0.01094	0.81403	0.00684	0.01412	0.01030	0.00919	0.04864	0.00761	0.00619	0.00393	0.00333	0.00095	0.00631	0.00256	0.00198	0.00417
9	0.00879	0.05167	0.08855	0.02052	0.08565	0.01893	0.02328	0.13451	0.00910	0.01324	0.00678	0.00784	0.00541	0.00312	0.00302	0.00077	0.00350	0.00252	0.00224	0.51056
10	0.05186	0.00505	0.00674	0.04851	0.05477	0.02710	0.00510	0.02780	0.00661	0.03185	0.01004	0.08718	0.00976	0.09843	0.47757	0.00400	0.03758	0.00432	0.00218	0.00354
11	0.00446	0.00320	0.00424	0.00505	0.00530	0.00298	0.00340	0.00513	0.00707	0.00942	0.03716	0.82529	0.04022	0.01125	0.00463	0.00147	0.00211	0.02128	0.00339	0.00297
12	0.00909	0.04695	0.01162	0.01180	0.22091	0.02694	0.08769	0.05153	0.41117	0.01366	0.02201	0.01220	0.03851	0.00439	0.00379	0.00116	0.01436	0.00388	0.00287	0.00546
13	0.05751	0.02761	0.01041	0.03214	0.05056	0.03860	0.00680	0.52316	0.18279	0.01935	0.00944	0.00947	0.00692	0.00431	0.00354	0.00111	0.00383	0.00331	0.00333	0.00580
14	0.02104	0.00669	0.00782	0.00572	0.00884	0.00543	0.00461	0.05725	0.03179	0.10676	0.00769	0.00829	0.00597	0.00306	0.00288	0.00066	0.00282	0.00244	0.00254	0.70772
15	0.03589	0.08245	0.22541	0.03882	0.11110	0.06389	0.13294	0.11568	0.05194	0.04934	0.01841	0.00923	0.01856	0.00381	0.00375	0.00112	0.02703	0.00323	0.00222	0.00519
16	0.78929	0.08177	0.00672	0.00503	0.00738	0.00880	0.00424	0.04085	0.00669	0.01588	0.00519	0.00600	0.00408	0.00339	0.00231	0.00109	0.00295	0.00201	0.00224	0.00408
17	0.00445	0.00319	0.00420	0.00499	0.00522	0.00297	0.00332	0.00507	0.00694	0.00922	0.02017	0.82079	0.04437	0.03997	0.00509	0.00154	0.00215	0.01010	0.00333	0.00293
18	0.00645	0.00653	0.06585	0.23192	0.13897	0.00616	0.04721	0.00839	0.00796	0.01930	0.12924	0.08833	0.14094	0.00730	0.06475	0.00154	0.01760	0.00504	0.00245	0.00407
19	0.00884	0.13434	0.21204	0.03266	0.25011	0.02539	0.17227	0.01193	0.05717	0.03855	0.00746	0.02000	0.00590	0.00350	0.00354	0.00110	0.00476	0.00327	0.00193	0.00525
20	0.00528	0.00354	0.00407	0.00407	0.00411	0.00358	0.00233	0.00535	0.00532	0.00713	0.01136	0.02325	0.01298	0.82472	0.06573	0.00365	0.00387	0.00521	0.00219	0.00226
21	0.01237	0.00849	0.00939	0.00749	0.00998	0.00927	0.00611	0.51800	0.12478	0.11588	0.01047	0.01052	0.00758	0.00607	0.06427	0.00143	0.00399	0.00348	0.06471	0.00572
22	0.05091	0.05107	0.10902	0.05699	0.27078	0.08576	0.11013	0.01115	0.00824	0.05757	0.04286	0.02374	0.00769	0.02070	0.00428	0.00119	0.04325	0.03769	0.00211	0.00488
23	0.00864	0.10234	0.12721	0.06236	0.16462	0.04301	0.08334	0.02545	0.01624	0.08694	0.06352	0.08134	0.03854	0.00556	0.03391	0.00131	0.04448	0.00410	0.00235	0.00474
24	0.01190	0.00875	0.00950	0.00763	0.01005	0.00969	0.00624	0.60531	0.09201	0.01997	0.00999	0.01109	0.00762	0.00623	0.06430	0.00144	0.00409	0.03212	0.07646	0.00560
25	0.00472	0.00346	0.00460	0.02863	0.01506	0.00331	0.00363	0.01662	0.00722	0.00962	0.04856	0.74040	0.05049	0.03896	0.00502	0.00151	0.00226	0.00958	0.00330	0.00305
26	0.01609	0.03804	0.23204	0.07839	0.10355	0.05530	0.03626	0.06772	0.10211	0.03304	0.01048	0.04877	0.05657	0.00628	0.06457	0.00937	0.01910	0.01516	0.00231	0.00483
27	0.00895	0.05376	0.17922	0.07150	0.33049	0.03763	0.11494	0.06804	0.00874	0.03277	0.00779	0.03726	0.01648	0.00378	0.00371	0.00112	0.01310	0.00347	0.00199	0.00525
28	0.01505	0.00616	0.00807	0.00627	0.00889	0.00550	0.00515	0.06922	0.01056	0.70989	0.01459	0.01301	0.03816	0.00464	0.00360	0.00111	0.00301	0.00375	0.06750	0.00588
29	0.04924	0.00975	0.08949	0.11224	0.25616	0.03864	0.26403	0.02325	0.02569	0.01153	0.00691	0.00909	0.00547	0.00396	0.01951	0.00127	0.06350	0.00345	0.00185	0.00497
30	0.04823	0.05035	0.07792	0.01106	0.17495	0.05348	0.09283	0.10124	0.03428	0.11857	0.01083	0.05555	0.06184	0.00480	0.00426	0.00117	0.06529	0.02574	0.00260	0.00502
31	0.00449	0.00326	0.00425	0.00499	0.00532	0.00302	0.00341	0.00522	0.00723	0.00957	0.05153	0.74528	0.09047	0.01102	0.00461	0.00145	0.00211	0.03639	0.00340	0.00299
32	0.00579	0.03237	0.00559	0.00508	0.00606	0.00441	0.00380	0.00830	0.11614	0.02703	0.46633	0.21538	0.06477	0.00786	0.00420	0.00122	0.00205	0.00693	0.01298	0.00369
33	0.00988	0.17160	0.13499	0.08623	0.13290	0.07000	0.10247	0.07879	0.01792	0.09429	0.04349	0.00936	0.00685	0.00395	0.01061	0.00111	0.01509	0.00317	0.00224	0.00507
34	0.00889	0.04732	0.10172	0.10048	0.13116	0.09078	0.11124	0.07687	0.07593	0.02785	0.01062	0.03280	0.08762	0.00461	0.00438	0.00117	0.07563	0.00385	0.00228	0.00480
35	0.00500	0.00378	0.00473	0.00525	0.00609	0.00352	0.00420	0.00619	0.00809	0.01027	0.04606	0.21123	0.31014	0.00996	0.00467	0.00146	0.00252	0.35026	0.00338	0.00317
36	0.00625	0.00563	0.00815	0.18239	0.08528	0.01787	0.03311	0.00796	0.03671	0.01017	0.06697	0.23729	0.14403	0.00724	0.00512	0.00132	0.11021	0.02788	0.00263	0.00379
37	0.06295	0.01042	0.07512	0.03864	0.02306	0.16796	0.07260	0.18860	0.09754	0.11305	0.03935	0.03535	0.03594	0.00455	0.00374	0.00113	0.01840	0.00365	0.00289	0.00506
38	0.00985	0.53450	0.07761	0.02096	0.03954	0.06468	0.03166	0.02509	0.00806	0.07430	0.00773	0.03933	0.03341	0.00381	0.00287	0.00091	0.00405	0.00281	0.00199	0.01684
39	0.09874	0.06671	0.05633	0.08147	0.07069	0.09946	0.11243	0.03442	0.05751	0.07496	0.09899	0.04022	0.00986	0.02255	0.01580	0.00126	0.03552	0.01603	0.00249	0.00455

[dist]
# distance from previous block
# <min> <max>
3	13

[block]
# block no. 2 follows, 76 sequences, length 67
# corresponding to MSA columns:
# 221-287
name=unknown_C
#
# <colnr> <probs for GDERKNQSTAVLIFYWHMCP>
#	G	D	E	R	K	N	Q	S	T	A	V	L	I	F	Y	W	H	M	C	P
0	0.00719	0.00628	0.00908	0.25596	0.13843	0.04149	0.02693	0.00922	0.04910	0.04454	0.04605	0.25963	0.03349	0.00637	0.00434	0.00127	0.04122	0.01275	0.00254	0.00412
1	0.05055	0.18602	0.02090	0.03281	0.14810	0.16462	0.04094	0.07631	0.08333	0.03366	0.00798	0.06049	0.00693	0.00473	0.02104	0.00117	0.05005	0.00332	0.00225	0.00481
2	0.00622	0.00460	0.00581	0.00563	0.00646	0.03361	0.00425	0.00775	0.04866	0.05486	0.01264	0.01697	0.08082	0.14134	0.54846	0.00447	0.00737	0.00436	0.00233	0.00340
3	0.00462	0.00387	0.00404	0.00396	0.00518	0.00338	0.00298	0.00605	0.04494	0.01069	0.14460	0.03299	0.70249	0.00878	0.00427	0.00122	0.00187	0.00737	0.00347	0.00323
4	0.00763	0.00689	0.01093	0.26535	0.23931	0.01403	0.06721	0.03962	0.06460	0.02209	0.04518	0.10168	0.05478	0.00514	0.00390	0.00122	0.00399	0.03950	0.00238	0.00456
5	0.00899	0.06123	0.04768	0.24631	0.22459	0.19131	0.05069	0.01116	0.03383	0.01020	0.00765	0.07583	0.00674	0.00414	0.00358	0.00111	0.00484	0.00358	0.00192	0.00461
6	0.00449	0.00324	0.00420	0.00493	0.00522	0.00302	0.00331	0.00514	0.00700	0.00923	0.02084	0.74218	0.08686	0.05828	0.00538	0.00157	0.00219	0.02669	0.00331	0.00293
7	0.00972	0.87446	0.01905	0.00622	0.00933	0.01438	0.00622	0.01088	0.00738	0.00855	0.00505	0.00583	0.00466	0.00311	0.00233	0.00078	0.00389	0.00194	0.00155	0.00466
8	0.00773	0.00848	0.03771	0.30548	0.03578	0.07322	0.31378	0.01012	0.00813	0.01046	0.04352	0.03741	0.04964	0.00499	0.03649	0.00137	0.00528	0.00414	0.00197	0.00431
9	0.00442	0.00319	0.00419	0.00498	0.00525	0.00296	0.00334	0.00507	0.00703	0.00931	0.02099	0.82236	0.07096	0.01126	0.00462	0.00146	0.00209	0.01018	0.00337	0.00296
10	0.01382	0.01018	0.01091	0.00836	0.01127	0.01127	0.00691	0.83748	0.01709	0.02291	0.00873	0.00873	0.00618	0.00436	0.00364	0.00109	0.00400	0.00327	0.00364	0.00618
11	0.01009	0.79072	0.01819	0.00653	0.00951	0.09676	0.00630	0.01124	0.00767	0.00858	0.00511	0.00590	0.00467	0.00317	0.00242	0.00079	0.00415	0.00198	0.00159	0.00462
12	0.00653	0.00580	0.00581	0.00563	0.00693	0.07059	0.00432	0.01004	0.22215	0.01203	0.16945	0.09403	0.27870	0.00763	0.00416	0.00125	0.00261	0.08497	0.00345	0.00392
13	0.00442	0.00319	0.00419	0.00499	0.00525	0.00296	0.00334	0.00507	0.00703	0.00931	0.02088	0.82772	0.06567	0.01128	0.00462	0.00146	0.00210	0.01020	0.00337	0.00296
14	0.00678	0.00339	0.00339	0.00339	0.00423	0.00339	0.00254	0.00847	0.00762	0.01355	0.01186	0.01355	0.00932	0.00423	0.00254	0.00085	0.00169	0.00339	0.89245	0.00339
15	0.00738	0.00713	0.01252	0.64513	0.16106	0.00827	0.08728	0.00982	0.00756	0.00993	0.00661	0.00959	0.00506	0.00352	0.00369	0.00119	0.00488	0.00333	0.00167	0.00440
16	0.00587	0.00395	0.00514	0.00474	0.00574	0.00366	0.00359	0.00775	0.02810	0.06293	0.78177	0.02601	0.03234	0.00721	0.00424	0.00114	0.00182	0.00635	0.00402	0.00364
17	0.00434	0.00366	0.00376	0.00379	0.00495	0.00308	0.00282	0.00529	0.00833	0.01004	0.07705	0.07098	0.77109	0.00921	0.00431	0.00123	0.00185	0.00773	0.00341	0.00308
18	0.00972	0.87446	0.01905	0.00622	0.00933	0.01438	0.00622	0.01088	0.00738	0.00855	0.00505	0.00583	0.00466	0.00311	0.00233	0.00078	0.00389	0.00194	0.00155	0.00466
19	0.00465	0.00333	0.00444	0.00507	0.00544	0.00312	0.00354	0.00554	0.00765	0.01034	0.17067	0.66497	0.02571	0.01058	0.00460	0.00143	0.00211	0.06026	0.00349	0.00306
20	0.01088	0.00495	0.00589	0.00496	0.00670	0.00470	0.00395	0.06348	0.02016	0.33686	0.02903	0.01306	0.00951	0.00442	0.00309	0.00098	0.00239	0.00356	0.46677	0.00467
21	0.06427	0.01709	0.72505	0.00973	0.01468	0.00837	0.01217	0.04325	0.00808	0.05471	0.00691	0.00784	0.00484	0.00354	0.00339	0.00115	0.00504	0.00271	0.00181	0.00535
22	0.00530	0.00358	0.00420	0.00429	0.00439	0.00360	0.00262	0.00550	0.00560	0.00747	0.01225	0.05127	0.01397	0.74198	0.05362	0.00342	0.00374	0.06854	0.00232	0.00236
23	0.00454	0.00366	0.00405	0.00402	0.00508	0.00316	0.00299	0.00567	0.00876	0.01113	0.26475	0.08813	0.56359	0.00885	0.00432	0.00122	0.00182	0.00754	0.00355	0.00316
24	0.00686	0.00646	0.01090	0.86353	0.02503	0.00807	0.01009	0.00929	0.00727	0.00929	0.00646	0.00969	0.00484	0.00363	0.00363	0.00121	0.00484	0.00323	0.00161	0.00404
25	0.00966	0.00682	0.04422	0.00641	0.00837	0.01607	0.00531	0.20875	0.07651	0.16394	0.28918	0.06111	0.03354	0.02032	0.00420	0.00121	0.00292	0.03293	0.00375	0.00480
26	0.01130	0.00658	0.00785	0.00649	0.00855	0.00664	0.00517	0.26412	0.05720	0.26903	0.17376	0.11786	0.02395	0.00592	0.00388	0.00116	0.00294	0.00497	0.01745	0.00516
27	0.04468	0.00791	0.01089	0.00935	0.00944	0.01101	0.00779	0.00883	0.00559	0.00906	0.00478	0.00787	0.00474	0.00624	0.01153	0.00157	0.83001	0.00313	0.00162	0.00397
28	0.00757	0.02496	0.00772	0.00541	0.00853	0.00508	0.00435	0.02062	0.00778	0.01204	0.04118	0.00833	0.00657	0.00292	0.00276	0.00058	0.00270	0.00235	0.00224	0.82632
29	0.02842	0.37339	0.05250	0.00801	0.02445	0.19528	0.01644	0.23773	0.01069	0.01292	0.00630	0.00696	0.00509	0.00361	0.00299	0.00093	0.00457	0.00247	0.00221	0.00502
30	0.00885	0.05251	0.14422	0.08222	0.15985	0.00871	0.11889	0.14425	0.00928	0.01298	0.02194	0.00941	0.02331	0.00405	0.01455	0.00113	0.05198	0.00324	0.00214	0.12651
31	0.04234	0.04219	0.07278	0.04764	0.26072	0.03848	0.08119	0.09524	0.00914	0.16221	0.00804	0.00924	0.00605	0.00432	0.01878	0.00123	0.08939	0.00325	0.00243	0.00532
32	0.00693	0.00458	0.00551	0.00551	0.00577	0.00447	0.00357	0.00655	0.00638	0.00871	0.01200	0.02276	0.01297	0.52739	0.12317	0.17641	0.00470	0.05698	0.00259	0.00304
33	0.00545	0.00414	0.00519	0.04216	0.00652	0.00398	0.00381	0.04108	0.03062	0.01332	0.52839	0.12355	0.16242	0.00782	0.00426	0.00120	0.00204	0.00684	0.00370	0.00351
34	0.01006	0.12922	0.09827	0.10165	0.12195	0.18560	0.10957	0.04979	0.06837	0.05002	0.02425	0.00892	0.00625	0.00373	0.00358	0.00107	0.01755	0.00310	0.00212	0.00493
35	0.01401	0.00613	0.00860	0.00685	0.00937	0.00556	0.04155	0.01604	0.06001	0.64600	0.03639	0.01500	0.01056	0.00583	0.03636	0.00136	0.00345	0.06708	0.00414	0.00570
36	0.01617	0.00641	0.00857	0.00657	0.00939	0.00567	0.00543	0.06341	0.01078	0.80589	0.01403	0.01217	0.00884	0.00449	0.00365	0.00112	0.00314	0.00363	0.00445	0.00619
37	0.00895	0.06037	0.11022	0.01374	0.01744	0.05871	0.63512	0.01188	0.00855	0.02837	0.00717	0.00921	0.00539	0.00318	0.00402	0.00117	0.00588	0.00386	0.00185	0.00493
38	0.00769	0.08341	0.21851	0.06841	0.06949	0.02705	0.26636	0.01027	0.00789	0.01851	0.01579	0.13212	0.00837	0.00542	0.03530	0.00136	0.00503	0.01240	0.00200	0.00462
39	0.00880	0.00512	0.00568	0.00505	0.00658	0.00522	0.00394	0.05949	0.17065	0.14585	0.07716	0.01576	0.07591	0.00504	0.00327	0.00103	0.00229	0.00413	0.39460	0.00442
40	0.00754	0.00735	0.01035	0.00899	0.00909	0.01016	0.00745	0.00841	0.00561	0.00870	0.00551	0.00889	0.00541	0.00946	0.13739	0.00222	0.73868	0.00329	0.00164	0.00387
41	0.00817	0.03431	0.65430	0.01063	0.03213	0.05697	0.07274	0.04211	0.00826	0.02446	0.00676	0.00796	0.00489	0.00383	0.01603	0.00120	0.00542	0.00283	0.00171	0.00528
42	0.00702	0.01850	0.29741	0.04522	0.09759	0.00699	0.08993	0.01002	0.05009	0.02339	0.01392	0.04421	0.14888	0.00623	0.03548	0.00140	0.01751	0.07932	0.00230	0.00459
43	0.00563	0.00404	0.00559	0.00641	0.00718	0.00400	0.00546	0.00715	0.00818	0.01064	0.01972	0.15058	0.03902	0.01020	0.00495	0.00164	0.00315	0.69981	0.00335	0.00329
44	0.00561	0.00412	0.00452	0.00451	0.00470	0.03623	0.00282	0.00587	0.00566	0.00744	0.01130	0.02254	0.01264	0.69896	0.12515	0.00365	0.00443	0.03519	0.00220	0.00245
45	0.00781	0.04672	0.72101	0.02768	0.01561	0.00873	0.05529	0.04197	0.00809	0.02458	0.00671	0.00787	0.00478	0.00347	0.00347	0.00114	0.00526	0.00279	0.00168	0.00534
46	0.00527	0.00381	0.00484	0.00481	0.00510	0.00409	0.00326	0.00581	0.00578	0.00791	0.02481	0.05310	0.05985	0.47736	0.28115	0.00393	0.03907	0.00511	0.00224	0.00270
47	0.00586	0.00418	0.00586	0.00669	0.00753	0.00418	0.00586	0.00753	0.00837	0.01088	0.01924	0.04100	0.02092	0.01004	0.00502	0.00167	0.00335	0.82513	0.00335	0.00335
48	0.01288	0.01630	0.00980	0.00894	0.01076	0.79363	0.00670	0.01382	0.01015	0.00896	0.00796	0.00868	0.06789	0.00415	0.00335	0.00096	0.00620	0.00274	0.00199	0.00413
49	0.00624	0.00699	0.09419	0.04031	0.01031	0.00587	0.17826	0.00857	0.04329	0.01161	0.21579	0.02165	0.23969	0.02348	0.01236	0.00131	0.04699	0.02629	0.00284	0.00395
50	0.00443	0.00316	0.00422	0.00506	0.00527	0.00295	0.00337	0.00506	0.00696	0.00928	0.02003	0.86990	0.02404	0.01139	0.00464	0.00148	0.00211	0.01033	0.00337	0.00295
51	0.01358	0.01732	0.01030	0.00936	0.01124	0.85768	0.00702	0.01451	0.01030	0.00890	0.00562	0.00655	0.00468	0.00375	0.00328	0.00094	0.00655	0.00234	0.00187	0.00421
52	0.00922	0.00789	0.00832	0.00743	0.00952	0.00912	0.00580	0.04945	0.81261	0.01549	0.01457	0.01338	0.01091	0.00491	0.00370	0.00123	0.00292	0.00408	0.00370	0.00577
53	0.01182	0.35027	0.01368	0.00769	0.01031	0.25408	0.00655	0.23019	0.04654	0.01280	0.00671	0.00726	0.00542	0.00372	0.00301	0.00093	0.00460	0.00252	0.01694	0.00496
54	0.00675	0.00657	0.09560	0.03181	0.05464	0.00542	0.00551	0.07827	0.05696	0.02128	0.43261	0.03781	0.06146	0.03913	0.00452	0.00121	0.00274	0.00530	0.00330	0.04911
55	0.00841	0.16242	0.34797	0.03542	0.03619	0.03326	0.03580	0.06873	0.03663	0.03229	0.09301	0.01064	0.02524	0.01693	0.00373	0.00110	0.01531	0.00327	0.00218	0.03150
56	0.00445	0.00321	0.00423	0.00503	0.00530	0.00298	0.00340	0.00512	0.00704	0.00933	0.02075	0.81666	0.05990	0.01126	0.00463	0.00147	0.00212	0.02677	0.00337	0.00297
57	0.00573	0.00377	0.00508	0.00506	0.00572	0.00423	0.00386	0.00703	0.00633	0.00988	0.01033	0.01436	0.00924	0.05931	0.53746	0.01733	0.01952	0.00379	0.26874	0.00323
58	0.00962	0.14338	0.14274	0.02136	0.06429	0.20268	0.07752	0.04301	0.10804	0.02906	0.02139	0.07817	0.00791	0.01552	0.01873	0.00119	0.00475	0.00361	0.00226	0.00476
59	0.00891	0.00861	0.00919	0.04589	0.18030	0.18763	0.01864	0.03362	0.09935	0.04801	0.07274	0.08775	0.11835	0.00574	0.00403	0.00117	0.02343	0.03944	0.00273	0.00449
60	0.00446	0.00319	0.00425	0.00504	0.00528	0.00298	0.00338	0.00515	0.00713	0.00955	0.06184	0.82733	0.02456	0.01119	0.00462	0.00146	0.00209	0.01014	0.00341	0.00298
61	0.03506	0.03932	0.07449	0.14019	0.27407	0.13078	0.02116	0.02349	0.07631	0.02552	0.04306	0.04570	0.02349	0.00423	0.00366	0.00112	0.01533	0.00359	0.01457	0.00484
62	0.00917	0.14444	0.04648	0.14620	0.11060	0.02917	0.07930	0.06260	0.06250	0.07791	0.00812	0.01049	0.00663	0.01888	0.05635	0.00148	0.09533	0.02732	0.00222	0.00478
63	0.00553	0.00388	0.00473	0.00447	0.00551	0.00353	0.00337	0.00719	0.02749	0.04973	0.54232	0.05037	0.23559	0.00770	0.00420	0.00117	0.00184	0.00667	0.03121	0.00349
64	0.00490	0.00360	0.00496	0.00605	0.04052	0.00343	0.00414	0.00579	0.00727	0.00966	0.01936	0.65175	0.03113	0.02615	0.00491	0.00153	0.00246	0.16597	0.00328	0.00313
65	0.05037	0.09998	0.15903	0.09200	0.07051	0.20968	0.03562	0.06517	0.04754	0.05601	0.00741	0.00857	0.01396	0.00454	0.02919	0.00122	0.03937	0.00290	0.00211	0.00481
66	0.00994	0.34774	0.04542	0.04319	0.03676	0.18701	0.00682	0.03273	0.17083	0.01064	0.00838	0.02928	0.00726	0.00420	0.00315	0.00101	0.00429	0.04437	0.00223	0.00475

[dist]
# distance from previous block
# <min> <max>
2	6

[block]
# block no. 3 follows, 76 sequences, length 28
# corresponding to MSA columns:
# 294-321
name=unknown_D
#
# <colnr> <probs for GDERKNQSTAVLIFYWHMCP>
#	G	D	E	R	K	N	Q	S	T	A	V	L	I	F	Y	W	H	M	C	P
0	0.01974	0.00614	0.00748	0.08874	0.05631	0.04093	0.00547	0.09228	0.10438	0.11751	0.12800	0.16800	0.04011	0.00731	0.03742	0.03597	0.00334	0.00523	0.03124	0.00436
1	0.05117	0.05943	0.02625	0.02568	0.17835	0.10582	0.00706	0.22370	0.01981	0.13425	0.00984	0.11637	0.00840	0.00482	0.00356	0.00111	0.00394	0.00396	0.01130	0.00519
2	0.07166	0.03576	0.07520	0.08038	0.27032	0.02526	0.15066	0.10255	0.05590	0.03034	0.02008	0.02257	0.00655	0.01308	0.00395	0.00117	0.02372	0.00347	0.00222	0.00516
3	0.00452	0.00316	0.00424	0.00504	0.00524	0.00296	0.00336	0.00504	0.00684	0.00913	0.01933	0.82601	0.02313	0.01145	0.00513	0.04709	0.00216	0.00997	0.00328	0.00288
4	0.04489	0.07806	0.01052	0.00772	0.01039	0.01063	0.00636	0.49226	0.24824	0.01910	0.00996	0.00973	0.00734	0.00435	0.00348	0.00109	0.00360	0.00333	0.00340	0.02555
5	0.01018	0.15270	0.15172	0.00992	0.10131	0.11675	0.04623	0.14774	0.05078	0.04573	0.01568	0.01875	0.00658	0.00404	0.00368	0.00105	0.03475	0.02812	0.00232	0.05195
6	0.00729	0.01880	0.85344	0.01036	0.01573	0.00844	0.01343	0.01151	0.00767	0.01151	0.00652	0.00767	0.00460	0.00345	0.00345	0.00115	0.00537	0.00269	0.00153	0.00537
7	0.00754	0.08101	0.74811	0.01032	0.01543	0.00892	0.05662	0.01147	0.00770	0.01130	0.00646	0.00765	0.00466	0.00341	0.00342	0.00113	0.00530	0.00272	0.00155	0.00529
8	0.00597	0.00502	0.00601	0.01933	0.10845	0.02742	0.00444	0.03623	0.02499	0.02660	0.17452	0.08429	0.43761	0.00795	0.01386	0.00125	0.00252	0.00657	0.00325	0.00372
9	0.00876	0.01865	0.05519	0.14138	0.26577	0.01822	0.03950	0.10852	0.02441	0.06941	0.03805	0.04616	0.09207	0.00498	0.00383	0.00118	0.00393	0.05251	0.00257	0.00490
10	0.00549	0.00386	0.00501	0.00468	0.00561	0.00359	0.00352	0.00738	0.02824	0.03411	0.81031	0.02651	0.03320	0.00731	0.00426	0.00114	0.00177	0.00645	0.00401	0.00354
11	0.81711	0.00695	0.00563	0.00493	0.00724	0.00790	0.00407	0.01133	0.00657	0.09294	0.00591	0.00650	0.00440	0.00348	0.00238	0.00112	0.00284	0.00212	0.00246	0.00414
12	0.02542	0.04497	0.21258	0.02840	0.31061	0.06160	0.11405	0.01158	0.05150	0.01137	0.00726	0.00897	0.01388	0.00405	0.01794	0.00122	0.06435	0.00321	0.00184	0.00517
13	0.00449	0.00360	0.00420	0.00440	0.00529	0.00332	0.00323	0.00542	0.00753	0.00944	0.02795	0.22218	0.50395	0.01305	0.16268	0.00214	0.00337	0.00758	0.00311	0.00307
14	0.00443	0.00316	0.00422	0.00506	0.00527	0.00295	0.00337	0.00506	0.00696	0.00928	0.02003	0.86990	0.02404	0.01139	0.00464	0.00148	0.00211	0.01033	0.00337	0.00295
15	0.00541	0.00434	0.00650	0.07699	0.10598	0.00441	0.01625	0.00647	0.00711	0.00959	0.01619	0.56680	0.01858	0.03078	0.04915	0.00169	0.01752	0.04991	0.00289	0.00343
16	0.00923	0.10795	0.28872	0.01026	0.03325	0.05232	0.18311	0.04289	0.05670	0.08793	0.00793	0.00914	0.00597	0.00520	0.05992	0.00143	0.02761	0.00322	0.00213	0.00509
17	0.00972	0.87446	0.01905	0.00622	0.00933	0.01438	0.00622	0.01088	0.00738	0.00855	0.00505	0.00583	0.00466	0.00311	0.00233	0.00078	0.00389	0.00194	0.00155	0.00466
18	0.00529	0.00352	0.00396	0.00396	0.00396	0.00352	0.00220	0.00529	0.00529	0.00705	0.01145	0.02378	0.01321	0.87227	0.01850	0.00352	0.00352	0.00529	0.00220	0.00220
19	0.00780	0.01630	0.61913	0.01145	0.10955	0.06962	0.03724	0.01129	0.00794	0.01124	0.00763	0.04771	0.01929	0.00389	0.00355	0.00115	0.00515	0.00320	0.00171	0.00517
20	0.00888	0.02911	0.01396	0.16670	0.64440	0.05206	0.01064	0.01100	0.00818	0.01120	0.00667	0.00892	0.00552	0.00333	0.00356	0.00109	0.00451	0.00316	0.00177	0.00536
21	0.01399	0.00990	0.01073	0.00823	0.01113	0.01086	0.00680	0.78027	0.01662	0.08078	0.00912	0.00898	0.00638	0.00437	0.00364	0.00109	0.00394	0.00330	0.00370	0.00618
22	0.89794	0.00703	0.00534	0.00478	0.00703	0.00815	0.00394	0.01068	0.00619	0.01631	0.00506	0.00590	0.00394	0.00337	0.00225	0.00112	0.00281	0.00197	0.00225	0.00394
23	0.00535	0.00404	0.00429	0.00425	0.00541	0.01993	0.00316	0.00632	0.00840	0.06583	0.08883	0.16101	0.59220	0.00900	0.00429	0.00125	0.00205	0.00763	0.00346	0.00330
24	0.05965	0.15250	0.01002	0.00708	0.00849	0.09391	0.03470	0.02857	0.03017	0.04816	0.00785	0.01098	0.00710	0.09007	0.22717	0.00257	0.15489	0.00329	0.01886	0.00398
25	0.00611	0.00421	0.00590	0.03960	0.00790	0.00421	0.00560	0.00763	0.00815	0.04350	0.01845	0.14097	0.02001	0.03212	0.00522	0.00166	0.00325	0.63881	0.00330	0.00341
26	0.06323	0.36039	0.05169	0.00835	0.07704	0.13454	0.00686	0.09943	0.02505	0.13122	0.00724	0.00766	0.00561	0.00361	0.00297	0.00095	0.00419	0.00256	0.00234	0.00507
27	0.03626	0.14206	0.11339	0.00724	0.03270	0.04022	0.00645	0.10002	0.01780	0.03270	0.00665	0.00757	0.00533	0.00332	0.00326	0.00082	0.03697	0.00244	0.00218	0.40263

[dist]
# distance from previous block
# <min> <max>
0	5

[block]
# block no. 4 follows, 76 sequences, length 22
# corresponding to MSA columns:
# 327-348
name=unknown_E
#
# <colnr> <probs for GDERKNQSTAVLIFYWHMCP>
#	G	D	E	R	K	N	Q	S	T	A	V	L	I	F	Y	W	H	M	C	P
0	0.06570	0.00701	0.01142	0.58284	0.19446	0.00810	0.02554	0.00991	0.00748	0.02074	0.00656	0.00928	0.00505	0.00351	0.00352	0.00116	0.00455	0.00315	0.00175	0.02828
1	0.00969	0.15766	0.33698	0.02963	0.08083	0.18021	0.00963	0.05041	0.07474	0.02723	0.00702	0.00790	0.00540	0.00362	0.00328	0.00104	0.00496	0.00271	0.00195	0.00510
2	0.03023	0.07583	0.10655	0.04665	0.06322	0.24568	0.21007	0.06246	0.04252	0.01135	0.00861	0.02304	0.04969	0.00395	0.00360	0.00109	0.00521	0.00344	0.00208	0.00472
3	0.00527	0.00357	0.00419	0.00416	0.00429	0.00360	0.00249	0.00551	0.00575	0.00779	0.08135	0.02332	0.01465	0.73327	0.08343	0.00351	0.00386	0.00528	0.00233	0.00239
4	0.00480	0.00374	0.00438	0.00433	0.00536	0.00332	0.00331	0.00613	0.00917	0.01200	0.39221	0.03204	0.42067	0.00849	0.00435	0.00123	0.00191	0.07565	0.00365	0.00325
5	0.01028	0.01253	0.29105	0.00993	0.02670	0.05685	0.11186	0.18898	0.08023	0.09791	0.00870	0.00979	0.00641	0.00413	0.00412	0.00117	0.05100	0.02038	0.00256	0.00542
6	0.00497	0.00368	0.00457	0.00503	0.00560	0.00349	0.00352	0.04996	0.00779	0.01021	0.03930	0.62350	0.16741	0.01099	0.02971	0.00154	0.00240	0.01981	0.00336	0.00317
7	0.01237	0.00931	0.01097	0.00859	0.01134	0.01017	0.07599	0.51487	0.21840	0.07358	0.01046	0.01024	0.00751	0.00440	0.00371	0.00114	0.00384	0.00359	0.00356	0.00597
8	0.00997	0.01085	0.01722	0.01286	0.01581	0.14570	0.51505	0.11123	0.02901	0.01239	0.00720	0.00909	0.00553	0.00365	0.00467	0.00119	0.07784	0.00376	0.00208	0.00489
9	0.00789	0.16670	0.20764	0.05324	0.10358	0.02128	0.15396	0.01719	0.00770	0.01042	0.01815	0.03474	0.05161	0.02731	0.04411	0.00141	0.06295	0.00360	0.00187	0.00464
10	0.00434	0.00368	0.00375	0.00373	0.00494	0.00309	0.00280	0.00530	0.00839	0.01007	0.08042	0.03456	0.80436	0.00911	0.00430	0.00122	0.00183	0.00761	0.00341	0.00309
11	0.01411	0.04293	0.01078	0.00794	0.01084	0.01032	0.00660	0.65741	0.01551	0.17210	0.00960	0.00927	0.00663	0.00434	0.00359	0.00108	0.00383	0.00329	0.00371	0.00612
12	0.00644	0.00589	0.02920	0.00633	0.00757	0.04945	0.05942	0.07669	0.02049	0.01180	0.17239	0.27292	0.18247	0.00809	0.00468	0.00129	0.04793	0.03007	0.00319	0.00370
13	0.00615	0.00469	0.02781	0.00535	0.00630	0.02796	0.00402	0.02837	0.03027	0.07290	0.15046	0.43576	0.12217	0.02319	0.02585	0.00147	0.00260	0.01773	0.00342	0.00354
14	0.77732	0.00791	0.05016	0.00537	0.00784	0.00843	0.00468	0.07997	0.00718	0.01661	0.00544	0.00623	0.00416	0.00346	0.00243	0.00112	0.00304	0.00211	0.00233	0.00420
15	0.00936	0.00892	0.01678	0.13688	0.01752	0.00897	0.49866	0.14886	0.00974	0.04906	0.00788	0.00995	0.00586	0.00469	0.04870	0.00144	0.00564	0.00392	0.00222	0.00496
16	0.00924	0.22723	0.18722	0.01893	0.03451	0.09365	0.14264	0.02810	0.04439	0.02574	0.00646	0.00792	0.00523	0.00392	0.00474	0.00112	0.14941	0.00292	0.00183	0.00482
17	0.00523	0.00355	0.00405	0.00405	0.00415	0.00356	0.00236	0.00535	0.00546	0.00726	0.01262	0.02383	0.05430	0.78437	0.06269	0.00353	0.00377	0.00533	0.00225	0.00230
18	0.03191	0.00788	0.00684	0.00636	0.00787	0.21676	0.02374	0.04439	0.04257	0.05199	0.06603	0.08820	0.28663	0.00711	0.00401	0.00121	0.00351	0.09609	0.00305	0.00385
19	0.01182	0.05805	0.01042	0.00889	0.03428	0.47628	0.02558	0.13429	0.09002	0.01181	0.00958	0.01086	0.06194	0.00449	0.00349	0.00104	0.00518	0.03491	0.00244	0.00462
20	0.23218	0.03588	0.14472	0.00844	0.01112	0.36856	0.03800	0.08631	0.00925	0.01250	0.00594	0.00689	0.00465	0.00366	0.00323	0.00105	0.01857	0.00246	0.00206	0.00454
21	0.02207	0.00617	0.04785	0.00573	0.00740	0.02520	0.00466	0.06329	0.17593	0.07231	0.11196	0.13396	0.28127	0.00730	0.00404	0.00123	0.00262	0.01934	0.00346	0.00421

[dist]
# distance from previous block
# <min> <max>
6	13

[block]
# block no. 5 follows, 76 sequences, length 11
# corresponding to MSA columns:
# 362-372
name=unknown_F
#
# <colnr> <probs for GDERKNQSTAVLIFYWHMCP>
#	G	D	E	R	K	N	Q	S	T	A	V	L	I	F	Y	W	H	M	C	P
0	0.00537	0.00378	0.00428	0.00423	0.00518	0.00354	0.00313	0.00702	0.05271	0.01192	0.24867	0.09698	0.30828	0.00786	0.00441	0.04274	0.00192	0.00636	0.17834	0.00329
1	0.00848	0.02462	0.12502	0.05211	0.22477	0.03489	0.00787	0.06377	0.10902	0.06141	0.06928	0.13073	0.03392	0.00522	0.00375	0.00115	0.00368	0.00454	0.00268	0.03308
2	0.00470	0.00364	0.00418	0.00414	0.00505	0.00323	0.00301	0.00581	0.00865	0.01127	0.32810	0.09827	0.41546	0.08171	0.00552	0.00141	0.00196	0.00728	0.00350	0.00312
3	0.01000	0.11894	0.04698	0.00829	0.07334	0.11466	0.00644	0.15047	0.14797	0.02600	0.00852	0.03122	0.00688	0.00388	0.00321	0.00093	0.00379	0.00302	0.01528	0.22019
4	0.00850	0.00622	0.02353	0.12530	0.10739	0.00615	0.03943	0.07508	0.04479	0.10428	0.06218	0.05328	0.04249	0.00548	0.03077	0.00122	0.00343	0.01538	0.18260	0.06250
5	0.04948	0.08590	0.23808	0.01150	0.17578	0.06785	0.04166	0.17120	0.00980	0.06326	0.00725	0.00830	0.00549	0.00408	0.01704	0.00117	0.03162	0.00294	0.00224	0.00535
6	0.00814	0.19310	0.39747	0.01031	0.08883	0.00942	0.07697	0.04345	0.03932	0.01148	0.03185	0.05912	0.00710	0.00400	0.00341	0.00109	0.00458	0.00335	0.00193	0.00507
7	0.00547	0.00352	0.00460	0.00498	0.00541	0.00335	0.00345	0.00600	0.00690	0.05217	0.04496	0.46190	0.06086	0.14955	0.04490	0.07388	0.00286	0.05924	0.00306	0.00295
8	0.00908	0.16614	0.27220	0.03313	0.12297	0.07751	0.05919	0.05550	0.02982	0.04351	0.03088	0.00951	0.03306	0.00422	0.01684	0.00115	0.02512	0.00311	0.00203	0.00503
9	0.12570	0.05808	0.08109	0.04090	0.10148	0.12077	0.05355	0.20109	0.02694	0.08722	0.00787	0.02316	0.00605	0.00449	0.02543	0.00120	0.00446	0.00307	0.00256	0.02491
10	0.06399	0.00712	0.02910	0.00627	0.00800	0.05456	0.00501	0.25354	0.03202	0.03656	0.04755	0.18847	0.17661	0.00736	0.02573	0.00132	0.01929	0.00558	0.02758	0.00434

[dist]
# distance from previous block
# <min> <max>
8	43

[block]
# block no. 6 follows, 76 sequences, length 8
# corresponding to MSA columns:
# 416-423
name=unknown_G
#
# <colnr> <probs for GDERKNQSTAVLIFYWHMCP>
#	G	D	E	R	K	N	Q	S	T	A	V	L	I	F	Y	W	H	M	C	P
0	0.05519	0.03917	0.05585	0.10217	0.10571	0.01863	0.04286	0.08608	0.08173	0.06229	0.05714	0.12019	0.10771	0.00569	0.00414	0.00120	0.04214	0.00480	0.00276	0.00455
1	0.05977	0.05440	0.04587	0.15139	0.06543	0.03069	0.02626	0.08913	0.09584	0.06403	0.03201	0.07183	0.02055	0.13264	0.01679	0.00158	0.01778	0.01706	0.00258	0.00438
2	0.23151	0.05249	0.02773	0.07036	0.22002	0.00842	0.00702	0.09832	0.07436	0.06121	0.05392	0.00996	0.00756	0.02738	0.00375	0.00117	0.01575	0.00315	0.00251	0.02342
3	0.20711	0.04990	0.07677	0.02949	0.08743	0.15706	0.10566	0.08136	0.07884	0.02507	0.00757	0.03028	0.00616	0.00399	0.00353	0.00112	0.02678	0.01483	0.00229	0.00475
4	0.03648	0.03637	0.07069	0.03420	0.20724	0.15191	0.00771	0.09988	0.06203	0.03978	0.02631	0.01055	0.03378	0.01715	0.09315	0.00161	0.03854	0.00332	0.00232	0.02697
5	0.00614	0.02641	0.04251	0.02874	0.02856	0.00460	0.00474	0.00761	0.00791	0.07168	0.19713	0.07985	0.15901	0.01385	0.28343	0.00272	0.00489	0.02365	0.00291	0.00366
6	0.00853	0.00787	0.03906	0.06057	0.31017	0.00781	0.11971	0.07227	0.08151	0.03966	0.00898	0.01202	0.00754	0.04484	0.13622	0.00198	0.00521	0.02881	0.00226	0.00497
7	0.00471	0.00370	0.00423	0.00421	0.00521	0.00327	0.00316	0.00590	0.00882	0.01139	0.31210	0.06190	0.46538	0.03884	0.00484	0.00131	0.00195	0.05234	0.00355	0.00317

[dist]
# distance from previous block
# <min> <max>
0	3

[block]
# block no. 7 follows, 76 sequences, length 84
# corresponding to MSA columns:
# 427-510
name=unknown_H
#
# <colnr> <probs for GDERKNQSTAVLIFYWHMCP>
#	G	D	E	R	K	N	Q	S	T	A	V	L	I	F	Y	W	H	M	C	P
0	0.00796	0.00670	0.00826	0.00700	0.08575	0.00529	0.00499	0.01991	0.00779	0.03248	0.00671	0.00780	0.00552	0.00281	0.00281	0.00061	0.00287	0.00230	0.00220	0.78023
1	0.00804	0.00701	0.00700	0.00665	0.00808	0.08455	0.00498	0.04904	0.39612	0.02746	0.04565	0.28522	0.04081	0.00706	0.00399	0.00127	0.00295	0.00607	0.00344	0.00459
2	0.03372	0.04523	0.00832	0.00696	0.00838	0.10625	0.03586	0.04112	0.09595	0.08123	0.09016	0.01457	0.01819	0.03781	0.22866	0.03250	0.06564	0.04270	0.00263	0.00410
3	0.63709	0.00730	0.02193	0.00545	0.00768	0.00799	0.00451	0.12391	0.00794	0.05541	0.00719	0.06536	0.00607	0.02512	0.00308	0.00120	0.00301	0.00288	0.00261	0.00427
4	0.02556	0.01609	0.00901	0.09255	0.02441	0.03777	0.04543	0.04773	0.04932	0.03366	0.03188	0.01165	0.00784	0.05550	0.24494	0.00261	0.17258	0.00354	0.00216	0.08576
5	0.00554	0.00416	0.02036	0.00464	0.00578	0.00353	0.00351	0.00680	0.02712	0.06779	0.14395	0.26415	0.37385	0.02118	0.00448	0.00129	0.00212	0.00762	0.00346	0.02867
6	0.03497	0.00639	0.00763	0.00581	0.00861	0.00536	0.00464	0.07267	0.00881	0.20413	0.00963	0.08773	0.00794	0.00404	0.00315	0.00082	0.00283	0.00332	0.00291	0.51861
7	0.00596	0.00526	0.03193	0.02583	0.00758	0.02285	0.02851	0.01568	0.02757	0.00887	0.01027	0.03951	0.02080	0.15295	0.48682	0.00422	0.07671	0.02320	0.00209	0.00338
8	0.00951	0.04155	0.09639	0.02390	0.03532	0.00807	0.11991	0.17177	0.12804	0.09914	0.03890	0.06254	0.06637	0.00563	0.01995	0.00129	0.02546	0.03824	0.00299	0.00505
9	0.00585	0.00390	0.00448	0.00434	0.00552	0.00337	0.00323	0.00687	0.00855	0.10832	0.14114	0.15445	0.50157	0.02612	0.00456	0.00129	0.00204	0.00740	0.00357	0.00345
10	0.00559	0.00459	0.00493	0.00552	0.00600	0.08141	0.00384	0.00632	0.00744	0.02846	0.01898	0.71439	0.04307	0.01042	0.00450	0.00142	0.00258	0.04411	0.00326	0.00316
11	0.01723	0.00739	0.01096	0.40109	0.16053	0.02829	0.04189	0.07704	0.10350	0.01170	0.00925	0.04559	0.02216	0.01307	0.00389	0.00123	0.00430	0.03402	0.00224	0.00463
12	0.04875	0.03050	0.00945	0.01697	0.05567	0.05861	0.02073	0.26546	0.16272	0.10977	0.01044	0.04173	0.00838	0.06458	0.05860	0.00160	0.02401	0.00376	0.00312	0.00517
13	0.00816	0.00480	0.00518	0.00465	0.00595	0.00496	0.00364	0.14885	0.03091	0.04445	0.09689	0.01486	0.01170	0.00477	0.00304	0.00096	0.00221	0.02702	0.57297	0.00402
14	0.02526	0.04240	0.04978	0.02767	0.17742	0.07365	0.00714	0.15282	0.06205	0.01352	0.00726	0.00830	0.00578	0.00350	0.00345	0.00091	0.02949	0.00276	0.00233	0.30449
15	0.01187	0.29153	0.03359	0.00802	0.01889	0.30994	0.00676	0.20315	0.01078	0.02455	0.02031	0.00793	0.01212	0.00385	0.00310	0.00094	0.00480	0.01105	0.01197	0.00485
16	0.02415	0.04660	0.60945	0.04106	0.03827	0.00858	0.01152	0.06305	0.03329	0.06369	0.00731	0.00821	0.00521	0.00359	0.00342	0.00112	0.00488	0.00281	0.00195	0.02184
17	0.01041	0.17182	0.18874	0.00895	0.04701	0.12525	0.05165	0.14002	0.04175	0.08845	0.01707	0.00994	0.03896	0.00478	0.03085	0.00120	0.00469	0.01095	0.00241	0.00509
18	0.00518	0.00391	0.00456	0.00453	0.00552	0.00357	0.00333	0.02985	0.02973	0.02631	0.27751	0.21273	0.36232	0.00882	0.00432	0.00125	0.00197	0.00763	0.00360	0.00336
19	0.00686	0.00646	0.01090	0.86353	0.02503	0.00807	0.01009	0.00929	0.00727	0.00929	0.00646	0.00969	0.00484	0.00363	0.00363	0.00121	0.00484	0.00323	0.00161	0.00404
20	0.00843	0.00839	0.06297	0.20702	0.50666	0.00811	0.02466	0.01893	0.00818	0.03487	0.00791	0.01159	0.00672	0.00390	0.00372	0.00116	0.00442	0.06525	0.00195	0.00517
21	0.00875	0.02209	0.07657	0.07190	0.57225	0.01831	0.11413	0.01110	0.00822	0.02612	0.00732	0.03344	0.00613	0.00351	0.00368	0.00112	0.00459	0.00351	0.00186	0.00541
22	0.00535	0.00416	0.00475	0.00461	0.00570	0.00388	0.00346	0.06222	0.02947	0.01219	0.27310	0.15567	0.39044	0.00859	0.00430	0.00124	0.00204	0.02180	0.00359	0.00344
23	0.00626	0.00319	0.00479	0.00479	0.00483	0.00323	0.00323	0.00483	0.00479	0.00642	0.00649	0.01121	0.00646	0.01338	0.05759	0.84857	0.00349	0.00319	0.00160	0.00166
24	0.00828	0.00644	0.00676	0.00634	0.00785	0.04832	0.00478	0.04371	0.20726	0.07000	0.15110	0.12611	0.24418	0.00798	0.00450	0.00141	0.00292	0.04352	0.00386	0.00466
25	0.07154	0.00790	0.08665	0.00751	0.03370	0.00678	0.01747	0.12716	0.02990	0.47446	0.01153	0.01109	0.00779	0.00635	0.08185	0.00156	0.00409	0.00343	0.00359	0.00565
26	0.04376	0.02554	0.00535	0.02154	0.00657	0.00403	0.00441	0.00648	0.00757	0.01034	0.06265	0.42405	0.04147	0.02477	0.02068	0.00160	0.00278	0.27997	0.00323	0.00321
27	0.00808	0.00824	0.01053	0.13297	0.01162	0.08771	0.00783	0.00913	0.00626	0.00878	0.00556	0.00884	0.00524	0.02758	0.06204	0.00178	0.58904	0.00320	0.00166	0.00392
28	0.01154	0.03352	0.04996	0.05440	0.03315	0.17635	0.06234	0.37775	0.05669	0.01600	0.00895	0.01152	0.00726	0.00456	0.00370	0.00113	0.00464	0.07848	0.00284	0.00523
29	0.01026	0.00650	0.00726	0.00598	0.00795	0.00677	0.00479	0.24401	0.09492	0.12572	0.04578	0.01197	0.00917	0.00445	0.00347	0.00100	0.02754	0.00349	0.30315	0.07582
30	0.01118	0.03726	0.01003	0.00811	0.06111	0.04845	0.00620	0.37882	0.02163	0.05842	0.01592	0.01733	0.00644	0.00391	0.00354	0.00093	0.02837	0.00299	0.01486	0.26450
31	0.04065	0.26308	0.19347	0.01984	0.17276	0.06543	0.06703	0.04177	0.01787	0.03030	0.01562	0.00785	0.00548	0.00339	0.00315	0.00099	0.00449	0.00273	0.00188	0.04222
32	0.02104	0.13833	0.20406	0.06705	0.19114	0.04525	0.07348	0.10136	0.00891	0.03840	0.00756	0.00893	0.02484	0.00413	0.01848	0.00117	0.03565	0.00308	0.00202	0.00513
33	0.00884	0.00982	0.02092	0.01497	0.01861	0.00930	0.79472	0.05313	0.00901	0.01221	0.00742	0.00975	0.00555	0.00313	0.00426	0.00122	0.00602	0.00424	0.00193	0.00497
34	0.00468	0.00410	0.02483	0.00423	0.00541	0.00339	0.00329	0.00603	0.02309	0.01116	0.24717	0.08779	0.54458	0.00867	0.00429	0.00122	0.00193	0.00738	0.00350	0.00326
35	0.05220	0.07710	0.17791	0.04482	0.13829	0.06231	0.10437	0.10281	0.06282	0.05635	0.04337	0.02271	0.01446	0.00404	0.00364	0.00112	0.01392	0.01031	0.00236	0.00511
36	0.00702	0.00611	0.00873	0.33764	0.09123	0.00688	0.00719	0.05034	0.14090	0.01153	0.07043	0.13668	0.08916	0.00599	0.01333	0.00128	0.00361	0.00504	0.00264	0.00428
37	0.00448	0.00320	0.00426	0.00503	0.00528	0.00298	0.00338	0.00518	0.00718	0.00964	0.07588	0.81303	0.02473	0.01112	0.00462	0.00145	0.00208	0.01008	0.00342	0.00298
38	0.01013	0.08059	0.23822	0.02881	0.08681	0.18725	0.01956	0.11942	0.16958	0.01289	0.00812	0.00875	0.00619	0.00387	0.00343	0.00108	0.00475	0.00299	0.00232	0.00525
39	0.03955	0.07131	0.04023	0.04402	0.17016	0.10144	0.10460	0.08683	0.08719	0.07155	0.00805	0.03014	0.00649	0.00425	0.00464	0.00116	0.11759	0.00339	0.00234	0.00504
40	0.00481	0.00341	0.00430	0.00481	0.00512	0.00325	0.00326	0.00545	0.00690	0.00914	0.06040	0.47633	0.07320	0.23799	0.00829	0.00200	0.00256	0.08289	0.00309	0.00282
