[name]
unknown

[dist]
# distance from previous block
# <min> <max>
4	137

[block]
# block no. 0 follows, 67 sequences, length 9
# corresponding to MSA columns:
# 198-206
name=unknown_A
#
# <colnr> <probs for GDERKNQSTAVLIFYWHMCP>
#	G	D	E	R	K	N	Q	S	T	A	V	L	I	F	Y	W	H	M	C	P
0	0.04347	0.06469	0.04923	0.02495	0.14432	0.09601	0.00730	0.14807	0.02365	0.03962	0.06245	0.13552	0.03932	0.00721	0.05107	0.00151	0.00449	0.00485	0.00294	0.04934
1	0.03580	0.11077	0.09256	0.03630	0.05738	0.07717	0.06699	0.07114	0.11857	0.07905	0.07075	0.01249	0.03529	0.00540	0.03021	0.00131	0.00452	0.00381	0.00288	0.08760
2	0.08483	0.00812	0.04496	0.03166	0.01000	0.03659	0.00628	0.15876	0.10900	0.06580	0.13123	0.01801	0.03454	0.00679	0.03120	0.00145	0.03093	0.09095	0.04451	0.05438
3	0.02455	0.02627	0.07741	0.00950	0.05113	0.23038	0.02734	0.20678	0.05736	0.01510	0.07599	0.07750	0.07373	0.00576	0.00426	0.00123	0.02290	0.00456	0.00304	0.00520
4	0.10008	0.09352	0.21709	0.07184	0.06301	0.00906	0.00881	0.05797	0.08407	0.07820	0.00921	0.01076	0.00718	0.00899	0.16107	0.00220	0.00573	0.00340	0.00249	0.00532
5	0.00924	0.05026	0.14157	0.02651	0.13122	0.04650	0.04733	0.04971	0.07645	0.01227	0.00945	0.01275	0.03213	0.00635	0.03359	0.00158	0.25274	0.05284	0.00229	0.00519
6	0.00777	0.00632	0.00696	0.00713	0.05383	0.05665	0.00499	0.07308	0.09846	0.04554	0.17763	0.22754	0.20127	0.00850	0.00456	0.00136	0.00291	0.00734	0.00377	0.00440
7	0.02592	0.04167	0.05058	0.16326	0.12728	0.12622	0.04701	0.23898	0.05283	0.04744	0.00846	0.00976	0.00639	0.00433	0.00420	0.00123	0.03252	0.00346	0.00273	0.00572
8	0.00858	0.05832	0.00805	0.00677	0.00822	0.00640	0.00526	0.04784	0.04693	0.06573	0.35472	0.08581	0.15373	0.00891	0.00546	0.00156	0.04224	0.07637	0.00426	0.00484

[dist]
# distance from previous block
# <min> <max>
2	3

[block]
# block no. 1 follows, 67 sequences, length 28
# corresponding to MSA columns:
# 210-237
name=unknown_B
#
# <colnr> <probs for GDERKNQSTAVLIFYWHMCP>
#	G	D	E	R	K	N	Q	S	T	A	V	L	I	F	Y	W	H	M	C	P
0	0.00643	0.00428	0.00545	0.00599	0.03830	0.00404	0.00394	0.00722	0.00788	0.06652	0.05531	0.29252	0.12162	0.28253	0.00988	0.00228	0.00306	0.07598	0.00335	0.00343
1	0.20122	0.07261	0.07057	0.00783	0.01091	0.05487	0.00686	0.21655	0.09305	0.21210	0.01024	0.01000	0.00723	0.00447	0.00355	0.00121	0.00403	0.00328	0.00347	0.00594
2	0.01201	0.02051	0.07920	0.03194	0.05975	0.16095	0.02754	0.20577	0.24570	0.05508	0.01230	0.01230	0.04910	0.00492	0.00398	0.00124	0.00463	0.00391	0.00327	0.00591
3	0.00978	0.00799	0.01015	0.02720	0.18658	0.04390	0.02091	0.17322	0.10243	0.04658	0.02528	0.23856	0.02791	0.00713	0.00441	0.00137	0.00382	0.05414	0.00337	0.00527
4	0.03017	0.05556	0.07333	0.00957	0.07219	0.09063	0.03941	0.18404	0.06972	0.08553	0.00892	0.00951	0.00674	0.00398	0.00360	0.00103	0.00432	0.00316	0.00291	0.24568
5	0.00901	0.00719	0.00855	0.02844	0.01009	0.00561	0.00505	0.02654	0.00870	0.06274	0.00770	0.00873	0.00618	0.00315	0.00308	0.00066	0.00309	0.00253	0.00255	0.79041
6	0.00538	0.00389	0.00499	0.00564	0.00610	0.00370	0.00387	0.04096	0.00848	0.01131	0.07773	0.72642	0.06285	0.01182	0.00503	0.00157	0.00237	0.01065	0.00378	0.00345
7	0.01009	0.11042	0.27339	0.04605	0.14752	0.03748	0.12989	0.05709	0.02715	0.06918	0.00855	0.03721	0.00674	0.00419	0.00405	0.00123	0.01808	0.00367	0.00228	0.00574
8	0.00488	0.00352	0.00462	0.00550	0.00579	0.00326	0.00368	0.00559	0.00776	0.01027	0.02316	0.81001	0.07228	0.01243	0.00510	0.00161	0.00231	0.01123	0.00372	0.00326
9	0.31540	0.00710	0.00795	0.00641	0.00919	0.00699	0.00527	0.03579	0.00999	0.49116	0.03466	0.01224	0.03162	0.00477	0.00354	0.00124	0.00325	0.00359	0.00404	0.00580
10	0.06847	0.03331	0.01134	0.03072	0.01204	0.08168	0.02742	0.46572	0.07175	0.08795	0.00992	0.01029	0.00726	0.00623	0.05626	0.00153	0.00488	0.00356	0.00355	0.00610
11	0.01006	0.01171	0.12552	0.01750	0.31643	0.05684	0.27244	0.03240	0.02085	0.04126	0.00830	0.02090	0.00663	0.01962	0.00467	0.00131	0.02163	0.00398	0.00217	0.00577
12	0.00708	0.00483	0.00646	0.00614	0.00692	0.00542	0.00466	0.03066	0.00727	0.05716	0.01240	0.03559	0.03863	0.16616	0.42974	0.00434	0.07364	0.00470	0.09448	0.00372
13	0.00500	0.00407	0.00443	0.00434	0.00558	0.00350	0.00326	0.00627	0.00977	0.01232	0.26409	0.03616	0.60802	0.00960	0.00474	0.00133	0.00199	0.00812	0.00392	0.00350
14	0.01175	0.34576	0.06860	0.00920	0.03248	0.10073	0.04258	0.17180	0.09393	0.02776	0.00795	0.00867	0.00635	0.00423	0.00394	0.00111	0.05198	0.00303	0.00252	0.00562
15	0.01184	0.17630	0.01333	0.00937	0.03922	0.11444	0.03493	0.10961	0.00989	0.13485	0.00978	0.01086	0.05147	0.00589	0.02693	0.00141	0.22839	0.00355	0.00267	0.00525
16	0.00793	0.00533	0.00728	0.00694	0.00811	0.00536	0.04162	0.07780	0.03729	0.10796	0.01833	0.45841	0.03663	0.01174	0.08398	0.00199	0.02590	0.04952	0.00363	0.00426
17	0.00725	0.00743	0.04711	0.00783	0.00992	0.05071	0.15301	0.06885	0.02768	0.01230	0.02501	0.12811	0.38795	0.00890	0.03800	0.00156	0.00393	0.00697	0.00320	0.00425
18	0.00987	0.04300	0.16855	0.20532	0.15458	0.08707	0.03770	0.11624	0.01008	0.02786	0.00894	0.06937	0.00765	0.01864	0.00427	0.00131	0.00513	0.01674	0.00235	0.00535
19	0.00791	0.00736	0.02689	0.29275	0.24632	0.00758	0.05222	0.01012	0.00880	0.03349	0.05081	0.03112	0.15291	0.00640	0.03727	0.00150	0.00462	0.01462	0.00246	0.00485
20	0.01072	0.86147	0.02102	0.00686	0.01029	0.01587	0.00686	0.01201	0.00815	0.00944	0.00558	0.00643	0.00515	0.00343	0.00257	0.00086	0.00429	0.00214	0.00172	0.00515
21	0.02302	0.03075	0.08980	0.04580	0.04839	0.21455	0.00823	0.29766	0.03047	0.12837	0.00999	0.02293	0.02265	0.00468	0.00388	0.00118	0.00505	0.00353	0.00319	0.00589
22	0.01228	0.01152	0.01098	0.04278	0.05083	0.23571	0.03497	0.26929	0.06683	0.03573	0.01230	0.03371	0.05841	0.00571	0.00431	0.00127	0.01882	0.08602	0.00317	0.00539
23	0.00927	0.00767	0.00824	0.00740	0.00937	0.00866	0.00572	0.07919	0.55913	0.01589	0.04201	0.01771	0.08134	0.05859	0.05565	0.00180	0.00361	0.00493	0.01821	0.00561
24	0.00897	0.00728	0.00852	0.00655	0.00970	0.00567	0.00509	0.01043	0.00906	0.02942	0.05613	0.05730	0.01015	0.00521	0.02394	0.00103	0.00340	0.01634	0.00293	0.72288
25	0.05178	0.04072	0.07542	0.00690	0.00893	0.00674	0.03368	0.04707	0.05914	0.05873	0.35137	0.02096	0.10161	0.00662	0.00490	0.00126	0.06699	0.00546	0.00353	0.04818
26	0.00596	0.16265	0.00767	0.00576	0.00663	0.00560	0.00428	0.00678	0.00782	0.01011	0.01976	0.66671	0.05416	0.01078	0.00463	0.00147	0.00268	0.00957	0.00335	0.00361
27	0.01011	0.46690	0.01496	0.00701	0.00960	0.06237	0.00624	0.12119	0.00969	0.01181	0.01104	0.10362	0.07052	0.00730	0.07016	0.00148	0.00461	0.00404	0.00246	0.00488

[dist]
# distance from previous block
# <min> <max>
4	12

[block]
# block no. 2 follows, 67 sequences, length 9
# corresponding to MSA columns:
# 250-258
name=unknown_C
#
# <colnr> <probs for GDERKNQSTAVLIFYWHMCP>
#	G	D	E	R	K	N	Q	S	T	A	V	L	I	F	Y	W	H	M	C	P
0	0.12452	0.01288	0.08264	0.01016	0.05071	0.26360	0.07997	0.13724	0.01137	0.11879	0.04556	0.01072	0.00790	0.00450	0.00381	0.00120	0.00521	0.02094	0.00288	0.00541
1	0.25841	0.00535	0.00549	0.00529	0.00657	0.00555	0.00389	0.04508	0.00813	0.04132	0.07517	0.19825	0.13597	0.09999	0.00681	0.08293	0.00288	0.00609	0.00315	0.00368
2	0.01024	0.32659	0.01269	0.00679	0.00919	0.04221	0.00584	0.08416	0.08086	0.08961	0.23448	0.05426	0.01628	0.00563	0.00371	0.00112	0.00349	0.00450	0.00327	0.00507
3	0.01240	0.10746	0.10071	0.01209	0.11042	0.36674	0.08362	0.09721	0.03296	0.01264	0.02291	0.00881	0.00636	0.00407	0.00374	0.00112	0.00594	0.00314	0.00227	0.00536
4	0.00573	0.00430	0.00645	0.00645	0.00716	0.00501	0.00501	0.00716	0.00645	0.00931	0.01074	0.01576	0.01003	0.03008	0.84316	0.00645	0.01074	0.00430	0.00215	0.00358
5	0.01055	0.01228	0.00991	0.00889	0.01060	0.43112	0.07608	0.01179	0.00965	0.01011	0.01312	0.09166	0.11387	0.03068	0.13970	0.00210	0.00656	0.00469	0.00245	0.00420
6	0.00581	0.00398	0.00486	0.00486	0.00503	0.00415	0.00304	0.00614	0.00598	0.00814	0.01219	0.02379	0.01351	0.66482	0.21319	0.00449	0.00549	0.00547	0.00236	0.00270
7	0.01271	0.13769	0.03029	0.00966	0.06614	0.08259	0.03879	0.32032	0.04580	0.10189	0.01081	0.10591	0.00911	0.00531	0.00391	0.00120	0.00439	0.00430	0.00331	0.00585
8	0.01085	0.05110	0.08868	0.03450	0.19999	0.15746	0.04400	0.07047	0.00987	0.06599	0.00814	0.00978	0.00650	0.00645	0.08826	0.00161	0.00562	0.00325	0.00237	0.13510

[dist]
# distance from previous block
# <min> <max>
1	3

[block]
# block no. 3 follows, 67 sequences, length 25
# corresponding to MSA columns:
# 280-304
name=unknown_D
#
# <colnr> <probs for GDERKNQSTAVLIFYWHMCP>
#	G	D	E	R	K	N	Q	S	T	A	V	L	I	F	Y	W	H	M	C	P
0	0.49897	0.04881	0.00886	0.00698	0.00965	0.11965	0.03328	0.07122	0.03471	0.08998	0.00736	0.00795	0.00554	0.00397	0.00303	0.00118	0.00395	0.00266	0.00275	0.03949
1	0.00628	0.00551	0.00631	0.02877	0.06708	0.08057	0.00488	0.00726	0.00839	0.01075	0.06355	0.61552	0.05865	0.01058	0.00483	0.00150	0.00299	0.00948	0.00343	0.00367
2	0.59300	0.02068	0.00767	0.00707	0.04454	0.04748	0.00539	0.04707	0.15474	0.02766	0.00792	0.00843	0.00607	0.00410	0.00297	0.00124	0.00345	0.00276	0.00281	0.00495
3	0.06542	0.10650	0.06750	0.00737	0.01051	0.00797	0.00661	0.09111	0.01054	0.34384	0.01184	0.01364	0.00893	0.00490	0.00386	0.00116	0.01569	0.07666	0.00356	0.14239
4	0.00661	0.00470	0.00536	0.00521	0.00568	0.00488	0.00335	0.05113	0.08191	0.01014	0.04178	0.11020	0.01581	0.58560	0.04827	0.00329	0.00389	0.00616	0.00286	0.00320
5	0.01233	0.01093	0.08591	0.00879	0.01177	0.04322	0.00756	0.33122	0.33864	0.06335	0.01313	0.01257	0.03190	0.00510	0.00403	0.00127	0.00405	0.00404	0.00379	0.00637
6	0.00822	0.00728	0.01003	0.33136	0.03759	0.00697	0.00746	0.02725	0.00844	0.01224	0.00719	0.00930	0.00574	0.00342	0.00342	0.00091	0.00396	0.00289	0.00217	0.50415
7	0.00566	0.00384	0.00453	0.00473	0.00481	0.00382	0.00283	0.00587	0.00627	0.00837	0.01453	0.18346	0.01686	0.65623	0.04357	0.00350	0.00381	0.02197	0.00269	0.00265
8	0.00819	0.03826	0.57075	0.01187	0.09024	0.00901	0.03981	0.01267	0.07138	0.01287	0.02797	0.07201	0.00811	0.00463	0.00396	0.00129	0.00524	0.00390	0.00213	0.00572
9	0.00884	0.00838	0.01421	0.35797	0.48099	0.00909	0.01156	0.01132	0.00875	0.01204	0.03376	0.01088	0.00695	0.00390	0.00401	0.00125	0.00491	0.00369	0.00198	0.00550
10	0.00862	0.00735	0.02835	0.00787	0.00988	0.00737	0.10115	0.09688	0.24878	0.03391	0.21023	0.05480	0.07520	0.08432	0.00588	0.00156	0.00344	0.00574	0.00369	0.00498
11	0.01128	0.07353	0.09396	0.04311	0.18203	0.18237	0.20483	0.09464	0.01051	0.03408	0.00797	0.02878	0.00640	0.00404	0.00400	0.00120	0.00573	0.00368	0.00228	0.00557
12	0.00848	0.00726	0.01079	0.00859	0.01068	0.00731	0.18591	0.15514	0.06622	0.01559	0.26060	0.02147	0.12895	0.06833	0.00589	0.00149	0.02324	0.00583	0.00349	0.00472
13	0.00577	0.00453	0.00534	0.00542	0.00641	0.00446	0.00398	0.00815	0.11189	0.01189	0.14111	0.22835	0.27303	0.06024	0.08872	0.00207	0.00324	0.02801	0.00364	0.00376
14	0.04947	0.12784	0.01211	0.00890	0.01149	0.43847	0.00708	0.16969	0.01192	0.01355	0.02982	0.00829	0.00643	0.00416	0.00348	0.00102	0.00559	0.00282	0.00251	0.08536
15	0.00490	0.00383	0.00442	0.00483	0.00565	0.00338	0.00342	0.00580	0.00852	0.01071	0.05829	0.38613	0.42518	0.03084	0.00528	0.00154	0.00223	0.02799	0.00372	0.00333
16	0.00832	0.00713	0.00832	0.00594	0.00950	0.00535	0.00475	0.01010	0.00832	0.01307	0.00713	0.00832	0.00594	0.00297	0.00297	0.00059	0.00297	0.00238	0.00238	0.88357
17	0.01014	0.67849	0.19889	0.00786	0.01183	0.01444	0.00859	0.01216	0.00822	0.01015	0.00593	0.00688	0.00513	0.00351	0.00284	0.00095	0.00465	0.00232	0.00171	0.00532
18	0.02148	0.03344	0.33424	0.11434	0.24168	0.00904	0.02150	0.04381	0.02088	0.03217	0.05913	0.01150	0.03079	0.00429	0.00394	0.00125	0.00496	0.00368	0.00222	0.00568
19	0.00516	0.00382	0.00449	0.00478	0.00536	0.00351	0.00321	0.00591	0.00806	0.01044	0.11281	0.32035	0.26433	0.21907	0.00872	0.00206	0.00258	0.00871	0.00348	0.00315
20	0.00678	0.00598	0.00572	0.00593	0.00641	0.12547	0.00398	0.00738	0.00753	0.00935	0.03201	0.34741	0.01793	0.30630	0.09114	0.00278	0.00438	0.00742	0.00290	0.00321
21	0.00973	0.21620	0.24712	0.08769	0.08923	0.05132	0.14594	0.04018	0.05305	0.01227	0.00751	0.00904	0.00585	0.00378	0.00371	0.00118	0.00538	0.00326	0.00201	0.00555
22	0.00798	0.02931	0.48721	0.01191	0.06161	0.00883	0.14755	0.01156	0.00867	0.01230	0.01211	0.01329	0.12535	0.00477	0.00447	0.00130	0.04019	0.00410	0.00206	0.00542
23	0.00854	0.00613	0.00705	0.00647	0.00775	0.06615	0.00498	0.02327	0.03558	0.13495	0.08339	0.02872	0.13163	0.09228	0.30023	0.00334	0.04709	0.00515	0.00310	0.00421
24	0.01404	0.01615	0.13146	0.02285	0.02718	0.42354	0.00875	0.22619	0.01282	0.06813	0.00790	0.00855	0.00592	0.00431	0.00379	0.00113	0.00599	0.00303	0.00270	0.00557

[dist]
# distance from previous block
# <min> <max>
4	15

[block]
# block no. 4 follows, 67 sequences, length 28
# corresponding to MSA columns:
# 320-347
name=unknown_E
#
# <colnr> <probs for GDERKNQSTAVLIFYWHMCP>
#	G	D	E	R	K	N	Q	S	T	A	V	L	I	F	Y	W	H	M	C	P
0	0.01105	0.00950	0.00972	0.00878	0.03944	0.07131	0.00668	0.20827	0.44738	0.01780	0.06878	0.01538	0.04124	0.00559	0.00412	0.00130	0.00371	0.02010	0.00384	0.00601
1	0.01133	0.24565	0.03031	0.05749	0.31119	0.23431	0.03160	0.01313	0.00940	0.01106	0.00663	0.00829	0.00562	0.00371	0.00351	0.00107	0.00540	0.00294	0.00192	0.00544
2	0.00733	0.00534	0.00704	0.00734	0.00857	0.00542	0.01742	0.09112	0.02041	0.01355	0.04608	0.04825	0.06658	0.00996	0.00520	0.00169	0.00359	0.60336	0.02768	0.00405
3	0.88738	0.00776	0.00589	0.00527	0.00776	0.00900	0.00434	0.01179	0.00683	0.01799	0.00558	0.00651	0.00434	0.00372	0.00248	0.00124	0.00310	0.00217	0.00248	0.00434
4	0.00501	0.00392	0.00458	0.00499	0.00589	0.00349	0.00368	0.00604	0.00873	0.01097	0.06463	0.32304	0.43312	0.01101	0.00496	0.00150	0.00231	0.09498	0.00375	0.00339
5	0.00579	0.00389	0.00449	0.00460	0.00465	0.00388	0.00270	0.00593	0.00612	0.00814	0.01370	0.08638	0.01582	0.76031	0.01865	0.00363	0.00377	0.04242	0.00258	0.00255
6	0.01009	0.00883	0.00983	0.00776	0.02537	0.09179	0.04971	0.06374	0.07379	0.06024	0.00896	0.03749	0.00734	0.00386	0.00343	0.00086	0.00375	0.00319	0.00275	0.52721
7	0.00892	0.16389	0.60964	0.01094	0.01620	0.01040	0.07518	0.01280	0.00858	0.03756	0.00726	0.00846	0.00532	0.00375	0.00368	0.00120	0.00563	0.00299	0.00182	0.00578
8	0.00483	0.00390	0.00430	0.00455	0.00556	0.00337	0.00328	0.00580	0.00884	0.01094	0.07747	0.27080	0.56086	0.01074	0.00485	0.00143	0.00211	0.00924	0.00376	0.00337
9	0.10583	0.24387	0.11086	0.01045	0.06812	0.21753	0.08453	0.09193	0.01007	0.01294	0.00668	0.00783	0.00539	0.00382	0.00340	0.00109	0.00536	0.00283	0.00215	0.00530
10	0.00778	0.00730	0.01232	0.72294	0.12054	0.00884	0.01105	0.01037	0.00809	0.01054	0.00731	0.01079	0.00563	0.00491	0.03454	0.00151	0.00547	0.00359	0.00182	0.00464
11	0.01155	0.00572	0.00666	0.00566	0.00760	0.00558	0.00449	0.07114	0.08004	0.28526	0.03330	0.01531	0.03933	0.00511	0.00351	0.00111	0.00267	0.00414	0.40663	0.00518
12	0.00684	0.00357	0.00535	0.00535	0.00542	0.00364	0.00364	0.00542	0.00535	0.00720	0.00735	0.01255	0.00728	0.01558	0.09997	0.79399	0.00422	0.00357	0.00178	0.00193
13	0.00503	0.00403	0.00456	0.00472	0.00575	0.00363	0.00349	0.00607	0.00859	0.01070	0.06532	0.14755	0.52652	0.05715	0.09106	0.00206	0.00313	0.04374	0.00352	0.00337
14	0.01081	0.00764	0.00846	0.00729	0.00957	0.00819	0.00576	0.11725	0.41323	0.14713	0.08879	0.01866	0.12726	0.00618	0.00421	0.00131	0.00310	0.00512	0.00419	0.00585
15	0.00547	0.00432	0.00484	0.00465	0.00589	0.00386	0.00350	0.03606	0.01026	0.01325	0.32588	0.05676	0.49228	0.00932	0.00472	0.00132	0.00208	0.00793	0.00399	0.00365
16	0.10003	0.77450	0.01948	0.00670	0.01003	0.01517	0.00661	0.01199	0.00801	0.01031	0.00558	0.00644	0.00506	0.00346	0.00256	0.00090	0.00417	0.00215	0.00179	0.00506
17	0.01489	0.04116	0.01167	0.01016	0.01234	0.76193	0.00772	0.07291	0.01181	0.01090	0.00643	0.00738	0.00528	0.00416	0.00362	0.00104	0.00695	0.00264	0.00219	0.00482
18	0.00973	0.00924	0.01561	0.13520	0.70756	0.00951	0.01205	0.02977	0.00920	0.01299	0.00753	0.01002	0.00623	0.00366	0.00398	0.00121	0.00483	0.00357	0.00200	0.00611
19	0.00487	0.00356	0.00458	0.00540	0.00577	0.00327	0.00364	0.00560	0.00786	0.01031	0.02434	0.75759	0.12393	0.01227	0.00507	0.00160	0.00229	0.01105	0.00372	0.00327
20	0.00523	0.00434	0.00472	0.00468	0.00584	0.01847	0.00350	0.00640	0.00908	0.01138	0.16353	0.05871	0.54117	0.03372	0.10924	0.00204	0.00324	0.00767	0.00358	0.00347
21	0.00504	0.00366	0.00450	0.00509	0.00547	0.00340	0.00336	0.00566	0.00758	0.00987	0.02349	0.55740	0.16289	0.17360	0.00797	0.00201	0.00257	0.00983	0.00348	0.00312
22	0.00690	0.00351	0.00518	0.00518	0.00518	0.00351	0.00343	0.00526	0.00526	0.00701	0.00727	0.01295	0.00738	0.05976	0.01593	0.83563	0.00351	0.00361	0.00178	0.00178
23	0.01461	0.06298	0.01195	0.01007	0.01224	0.71611	0.00772	0.07486	0.01161	0.01093	0.00639	0.00741	0.00529	0.00422	0.00384	0.00106	0.02904	0.00266	0.00218	0.00483
24	0.00580	0.00451	0.00597	0.00577	0.00680	0.00461	0.00437	0.00704	0.00731	0.01012	0.03911	0.08863	0.15909	0.07873	0.44765	0.00416	0.01898	0.00560	0.00266	0.09310
25	0.01057	0.15280	0.06152	0.05824	0.30250	0.17248	0.04138	0.04177	0.00959	0.01188	0.00884	0.03206	0.03549	0.00444	0.00395	0.00117	0.01963	0.02415	0.00215	0.00539
26	0.01184	0.14801	0.02730	0.01043	0.11404	0.17022	0.03675	0.10215	0.01059	0.12854	0.04295	0.10593	0.02156	0.00545	0.00434	0.00120	0.04617	0.00435	0.00290	0.00532
27	0.08683	0.00845	0.02423	0.00718	0.01042	0.02380	0.03395	0.16897	0.02994	0.06773	0.03740	0.02046	0.00773	0.00394	0.00340	0.00091	0.00352	0.00314	0.00296	0.45505

[dist]
# distance from previous block
# <min> <max>
7	15

[block]
# block no. 5 follows, 67 sequences, length 42
# corresponding to MSA columns:
# 364-405
name=unknown_F
#
# <colnr> <probs for GDERKNQSTAVLIFYWHMCP>
#	G	D	E	R	K	N	Q	S	T	A	V	L	I	F	Y	W	H	M	C	P
0	0.00502	0.00397	0.00432	0.00439	0.00537	0.00349	0.00311	0.00594	0.00872	0.01087	0.11834	0.13135	0.53287	0.13591	0.00710	0.00175	0.00233	0.00829	0.00361	0.00327
1	0.00944	0.10530	0.15756	0.18547	0.30473	0.04006	0.02606	0.03351	0.03359	0.01235	0.00744	0.00942	0.00592	0.00376	0.00375	0.00117	0.00501	0.00326	0.00200	0.05019
2	0.05349	0.01003	0.01236	0.01044	0.01125	0.10646	0.05758	0.05639	0.00770	0.01115	0.00597	0.00887	0.00549	0.00687	0.03545	0.00173	0.58875	0.00344	0.00198	0.00459
3	0.01112	0.10405	0.01083	0.00804	0.01067	0.01064	0.00651	0.13950	0.54568	0.05176	0.01372	0.01288	0.01028	0.00500	0.00385	0.00124	0.00349	0.00402	0.00377	0.04297
4	0.00628	0.00512	0.00522	0.00514	0.00657	0.00429	0.00376	0.00698	0.01018	0.01255	0.09767	0.03926	0.75959	0.01081	0.00532	0.00160	0.00254	0.00873	0.00422	0.00417
5	0.00558	0.00418	0.00525	0.00590	0.00642	0.00415	0.00407	0.00770	0.11446	0.01130	0.05028	0.71736	0.02507	0.01148	0.00497	0.00158	0.00242	0.01036	0.00379	0.00368
6	0.01258	0.00980	0.01254	0.01329	0.23876	0.04316	0.03493	0.22707	0.19321	0.12882	0.01105	0.01136	0.00818	0.00463	0.00432	0.00126	0.03142	0.00385	0.00338	0.00638
7	0.00738	0.00519	0.00624	0.00589	0.00705	0.00464	0.00433	0.00875	0.01176	0.03509	0.65284	0.03144	0.14075	0.00904	0.00520	0.00151	0.00246	0.00754	0.04837	0.00454
8	0.02355	0.03061	0.02795	0.01382	0.30135	0.02573	0.02790	0.11655	0.01114	0.30794	0.01227	0.01243	0.04849	0.00461	0.00413	0.00122	0.01670	0.00393	0.00338	0.00628
9	0.00491	0.00353	0.00466	0.00552	0.00581	0.00328	0.00370	0.00565	0.00783	0.01043	0.04700	0.80691	0.05120	0.01236	0.00510	0.00161	0.00230	0.01119	0.00374	0.00328
10	0.00677	0.00435	0.00569	0.00521	0.00636	0.00397	0.00396	0.00861	0.01131	0.09064	0.73780	0.02869	0.05523	0.00795	0.00467	0.00126	0.00203	0.00699	0.00445	0.00405
11	0.00940	0.02664	0.02717	0.15345	0.55716	0.00942	0.07278	0.01215	0.03349	0.01263	0.00814	0.01049	0.01670	0.00375	0.00399	0.00121	0.00488	0.00368	0.00204	0.03081
12	0.00855	0.00706	0.00829	0.00596	0.00945	0.00533	0.00477	0.01033	0.00847	0.03792	0.02424	0.00892	0.00671	0.00314	0.00304	0.00063	0.00296	0.00253	0.00250	0.83922
13	0.00993	0.00952	0.01630	0.05466	0.75886	0.00959	0.04100	0.02819	0.00929	0.01323	0.00759	0.00998	0.00631	0.00361	0.00400	0.00120	0.00485	0.00362	0.00202	0.00626
14	0.00912	0.03437	0.07349	0.03386	0.14753	0.00714	0.02326	0.01156	0.03781	0.05397	0.00819	0.02533	0.00671	0.00364	0.00359	0.00089	0.02042	0.00305	0.00242	0.49366
15	0.28866	0.10971	0.01093	0.03421	0.06318	0.33534	0.00683	0.02310	0.00942	0.07549	0.00682	0.00770	0.00537	0.00396	0.00321	0.00112	0.00506	0.00262	0.00239	0.00490
16	0.00746	0.00604	0.00697	0.00654	0.00806	0.00650	0.00508	0.01321	0.35288	0.01515	0.30602	0.02436	0.08950	0.00906	0.06814	0.00174	0.00324	0.06126	0.00400	0.00481
17	0.00583	0.00389	0.00437	0.00437	0.00437	0.00389	0.00243	0.00583	0.00583	0.00778	0.01264	0.02624	0.01458	0.85906	0.02041	0.00389	0.00389	0.00583	0.00243	0.00243
18	0.00577	0.00437	0.00536	0.00513	0.00619	0.00412	0.00384	0.00810	0.06713	0.01493	0.59824	0.07919	0.16538	0.00859	0.00471	0.00131	0.00203	0.00751	0.00424	0.00386
19	0.02126	0.30445	0.16613	0.01119	0.14314	0.06399	0.00931	0.12866	0.01019	0.05584	0.00734	0.00835	0.00582	0.00397	0.00375	0.00110	0.03506	0.00291	0.00229	0.01525
20	0.01182	0.11938	0.12318	0.00997	0.05989	0.04456	0.01624	0.34053	0.08183	0.02635	0.00928	0.03170	0.00735	0.00600	0.04496	0.00147	0.05296	0.00362	0.00299	0.00593
21	0.00558	0.00415	0.00489	0.00467	0.00585	0.00366	0.00351	0.00707	0.01038	0.03468	0.46259	0.03335	0.38712	0.00898	0.00472	0.00130	0.00199	0.00770	0.00412	0.00369
22	0.01289	0.04446	0.10045	0.01121	0.08353	0.42964	0.01678	0.10746	0.12138	0.01312	0.00816	0.00894	0.00641	0.00430	0.00386	0.00114	0.01522	0.00311	0.00250	0.00543
23	0.00773	0.00721	0.00964	0.00867	0.00903	0.04128	0.00700	0.00874	0.00643	0.00942	0.00764	0.01193	0.00737	0.03765	0.33295	0.02348	0.45409	0.00384	0.00194	0.00398
24	0.00501	0.00360	0.00477	0.00552	0.00588	0.00335	0.00377	0.00589	0.00820	0.01102	0.12404	0.72197	0.04243	0.01194	0.00507	0.00158	0.00229	0.02651	0.00381	0.00333
25	0.00491	0.00352	0.00467	0.00557	0.00584	0.00328	0.00375	0.00563	0.00774	0.01028	0.02262	0.82010	0.04962	0.01247	0.00511	0.00162	0.00234	0.02391	0.00372	0.00327
26	0.00496	0.00372	0.00460	0.00512	0.00574	0.00337	0.00356	0.00591	0.00858	0.01123	0.14311	0.52862	0.23425	0.01132	0.00497	0.00151	0.00219	0.01005	0.00382	0.00337
27	0.00523	0.00404	0.00477	0.00468	0.00574	0.00358	0.00348	0.00667	0.01016	0.01348	0.44471	0.09550	0.36482	0.00933	0.00476	0.00133	0.00198	0.00806	0.00408	0.00358
28	0.01592	0.00831	0.01001	0.00785	0.01084	0.00832	0.00643	0.25385	0.12217	0.47704	0.02729	0.01291	0.00978	0.00504	0.00404	0.00125	0.00365	0.00403	0.00456	0.00671
29	0.00998	0.00862	0.00907	0.00816	0.01043	0.00998	0.00635	0.02131	0.82679	0.01678	0.01632	0.01496	0.01224	0.00544	0.00408	0.00136	0.00317	0.00453	0.00408	0.00635
30	0.00931	0.00782	0.00933	0.00828	0.07229	0.00746	0.00602	0.11061	0.16357	0.01511	0.04625	0.05623	0.00975	0.00459	0.00394	0.00098	0.03355	0.00376	0.00301	0.42814
31	0.00691	0.00594	0.02971	0.00857	0.10162	0.00563	0.05696	0.00899	0.07759	0.01108	0.05716	0.07734	0.06992	0.32003	0.01048	0.00236	0.00381	0.13909	0.00295	0.00388
32	0.01065	0.68443	0.11457	0.00790	0.01158	0.04140	0.03420	0.03661	0.00865	0.01041	0.00599	0.00693	0.00522	0.00354	0.00286	0.00094	0.00466	0.00238	0.00180	0.00528
33	0.00500	0.00406	0.00441	0.00450	0.00566	0.00352	0.00338	0.00611	0.00919	0.01136	0.12573	0.09278	0.61052	0.03771	0.00532	0.00148	0.00220	0.05990	0.00376	0.00341
34	0.00728	0.00668	0.01037	0.02693	0.03377	0.01939	0.09963	0.00877	0.00706	0.01014	0.03571	0.03748	0.00950	0.04857	0.37745	0.00380	0.24682	0.00442	0.00214	0.00409
35	0.00489	0.00396	0.00434	0.00450	0.00559	0.00342	0.00330	0.00594	0.00909	0.01127	0.11735	0.19392	0.58668	0.01043	0.00482	0.00140	0.00210	0.01981	0.00379	0.00341
36	0.00517	0.00373	0.00481	0.00535	0.00572	0.00362	0.00362	0.00590	0.00741	0.00989	0.04149	0.51522	0.08829	0.15986	0.11798	0.00262	0.00367	0.00916	0.00331	0.00318
37	0.04270	0.00619	0.00801	0.00653	0.00902	0.00554	0.00525	0.01600	0.04242	0.56943	0.08394	0.07969	0.09478	0.00628	0.00419	0.00129	0.00305	0.00524	0.00459	0.00588
38	0.00519	0.00401	0.00474	0.00471	0.00573	0.00356	0.00347	0.00658	0.00999	0.01321	0.40706	0.13380	0.36442	0.00954	0.00478	0.00134	0.00200	0.00826	0.00405	0.00356
39	0.04733	0.01242	0.11388	0.01362	0.19998	0.08646	0.08845	0.32850	0.02511	0.03304	0.00845	0.00948	0.00632	0.00418	0.00395	0.00121	0.00507	0.00350	0.00286	0.00617
40	0.00680	0.00558	0.00736	0.00701	0.00783	0.02516	0.00547	0.02679	0.06910	0.01025	0.01143	0.01570	0.03632	0.05581	0.58102	0.01472	0.10304	0.00436	0.00235	0.00391
41	0.03844	0.30932	0.02364	0.00947	0.06590	0.21360	0.02395	0.11415	0.10483	0.02105	0.03458	0.00918	0.00736	0.00419	0.00341	0.00107	0.00487	0.00305	0.00252	0.00541

[dist]
# distance from previous block
# <min> <max>
0	4

[block]
# block no. 6 follows, 67 sequences, length 24
# corresponding to MSA columns:
# 435-458
name=unknown_G
#
# <colnr> <probs for GDERKNQSTAVLIFYWHMCP>
#	G	D	E	R	K	N	Q	S	T	A	V	L	I	F	Y	W	H	M	C	P
0	0.11768	0.12161	0.06355	0.01042	0.08140	0.43196	0.00800	0.04287	0.02405	0.01193	0.00657	0.00772	0.00541	0.00409	0.00375	0.00110	0.03683	0.00271	0.01337	0.00498
1	0.01125	0.15134	0.29978	0.02965	0.09923	0.21203	0.01049	0.06852	0.02661	0.04453	0.00742	0.00846	0.00570	0.00395	0.00362	0.00114	0.00559	0.00293	0.00215	0.00561
2	0.00505	0.00364	0.00466	0.00533	0.00571	0.00339	0.00360	0.00582	0.00795	0.01055	0.08591	0.63295	0.09526	0.08879	0.00645	0.00179	0.00243	0.02383	0.00366	0.00324
3	0.02041	0.09014	0.32699	0.01020	0.03873	0.15724	0.02826	0.09203	0.05326	0.04894	0.02597	0.05118	0.00811	0.00476	0.00385	0.00122	0.00525	0.02546	0.00249	0.00553
4	0.00518	0.00400	0.00473	0.00472	0.00573	0.00355	0.00348	0.00655	0.00993	0.01312	0.39575	0.15043	0.35914	0.00961	0.00479	0.00135	0.00201	0.00833	0.00404	0.00355
5	0.00685	0.00466	0.00562	0.00534	0.00585	0.00492	0.00357	0.07393	0.00718	0.02739	0.01199	0.02202	0.01272	0.56627	0.22088	0.00424	0.00561	0.00523	0.00255	0.00317
6	0.01378	0.13207	0.04230	0.01098	0.07431	0.63897	0.00822	0.01508	0.01066	0.01011	0.00625	0.00737	0.00525	0.00398	0.00351	0.00103	0.00660	0.00261	0.00200	0.00489
7	0.01015	0.00835	0.00904	0.00774	0.01031	0.00903	0.00607	0.04548	0.61568	0.04833	0.01437	0.01350	0.01080	0.00494	0.00387	0.00121	0.00319	0.00408	0.00379	0.17007
8	0.55344	0.12692	0.08442	0.00789	0.07355	0.03799	0.00651	0.04614	0.00799	0.01599	0.00607	0.00710	0.00481	0.00374	0.00283	0.00118	0.00384	0.00242	0.00232	0.00487
9	0.00588	0.00422	0.00578	0.00668	0.00739	0.00412	0.00544	0.00732	0.00871	0.01138	0.02211	0.31656	0.04878	0.01155	0.00537	0.00176	0.00319	0.51651	0.00370	0.00354
10	0.01465	0.01076	0.01157	0.00990	0.04215	0.04048	0.00755	0.50061	0.03141	0.05428	0.04982	0.01444	0.02371	0.00697	0.03037	0.00168	0.02833	0.00446	0.11000	0.00686
11	0.00597	0.00429	0.00535	0.00508	0.00610	0.00408	0.00381	0.00828	0.05478	0.01557	0.65830	0.05770	0.07340	0.00804	0.00456	0.00126	0.00198	0.00705	0.07053	0.00388
12	0.01404	0.01151	0.01187	0.01014	0.07412	0.10213	0.00767	0.58129	0.01613	0.02131	0.00882	0.00924	0.00651	0.00444	0.00385	0.00112	0.00459	0.00336	0.00346	0.10442
13	0.00802	0.00565	0.00662	0.00605	0.00760	0.00569	0.00463	0.04800	0.19917	0.09095	0.34048	0.10067	0.14470	0.00780	0.00452	0.00133	0.00250	0.00672	0.00420	0.00469
14	0.01034	0.07496	0.01633	0.01257	0.05557	0.09780	0.28001	0.08410	0.05790	0.01275	0.00888	0.01079	0.03842	0.00489	0.00640	0.00136	0.21543	0.00399	0.00230	0.00521
15	0.88738	0.00776	0.00589	0.00527	0.00776	0.00900	0.00434	0.01179	0.00683	0.01799	0.00558	0.00651	0.00434	0.00372	0.00248	0.00124	0.00310	0.00217	0.00248	0.00434
16	0.00507	0.00364	0.00475	0.00558	0.00590	0.00342	0.00382	0.00583	0.00774	0.01024	0.02222	0.69590	0.06192	0.07111	0.00620	0.00179	0.00253	0.07547	0.00363	0.00324
17	0.07289	0.25135	0.11650	0.00713	0.00992	0.04893	0.00679	0.03563	0.01742	0.10307	0.05152	0.02728	0.14516	0.01910	0.00420	0.00124	0.02597	0.04818	0.00284	0.00489
18	0.00644	0.00446	0.00566	0.00524	0.00636	0.00416	0.00396	0.03952	0.01137	0.04792	0.68565	0.05636	0.09111	0.00822	0.00469	0.00128	0.00207	0.00721	0.00435	0.00398
19	0.04317	0.09408	0.01167	0.00903	0.01129	0.36852	0.02522	0.19271	0.03023	0.03583	0.00888	0.07760	0.00783	0.02650	0.01356	0.00128	0.03105	0.00373	0.00274	0.00509
20	0.01076	0.10976	0.12598	0.06520	0.10811	0.18791	0.12466	0.03326	0.03834	0.03674	0.00813	0.01007	0.01841	0.00440	0.00477	0.00124	0.08902	0.01578	0.00217	0.00529
21	0.00534	0.00399	0.00432	0.00433	0.00501	0.00367	0.00286	0.00593	0.00766	0.00963	0.06147	0.03246	0.38818	0.41620	0.01226	0.00257	0.00295	0.02509	0.00313	0.00295
22	0.00737	0.00539	0.02434	0.00558	0.00714	0.00494	0.00441	0.01050	0.13386	0.09324	0.39316	0.02743	0.22865	0.00777	0.00450	0.00129	0.00235	0.00665	0.02702	0.00441
23	0.01163	0.00853	0.04844	0.00777	0.01023	0.02446	0.03785	0.24185	0.13175	0.15260	0.10845	0.01529	0.02108	0.05476	0.03031	0.00153	0.00391	0.00444	0.07951	0.00561

[dist]
# distance from previous block
# <min> <max>
1	2

[block]
# block no. 7 follows, 67 sequences, length 8
# corresponding to MSA columns:
# 461-468
name=unknown_H
#
# <colnr> <probs for GDERKNQSTAVLIFYWHMCP>
#	G	D	E	R	K	N	Q	S	T	A	V	L	I	F	Y	W	H	M	C	P
0	0.01026	0.03276	0.06531	0.04893	0.31361	0.00903	0.04344	0.10660	0.11082	0.06770	0.03357	0.03248	0.03555	0.00535	0.02823	0.00137	0.00448	0.00411	0.00282	0.04357
1	0.01105	0.00999	0.00995	0.00925	0.04847	0.09267	0.00690	0.10921	0.61895	0.01686	0.01418	0.01337	0.01067	0.00516	0.00402	0.00130	0.00379	0.00419	0.00378	0.00623
2	0.43706	0.01110	0.00924	0.11956	0.01232	0.24926	0.03185	0.01270	0.00833	0.01393	0.00602	0.00755	0.00483	0.00407	0.00375	0.00123	0.05787	0.00264	0.00221	0.00448
3	0.01011	0.37123	0.05566	0.17451	0.01674	0.09471	0.20117	0.01229	0.00877	0.01059	0.00662	0.00848	0.00541	0.00362	0.00353	0.00110	0.00545	0.00312	0.00184	0.00506
4	0.00491	0.00407	0.00429	0.00424	0.00552	0.00346	0.00318	0.00608	0.00953	0.01176	0.18030	0.03707	0.69216	0.00981	0.00474	0.00134	0.00201	0.00825	0.00385	0.00346
5	0.00574	0.00400	0.00511	0.00517	0.00543	0.00424	0.00341	0.00628	0.00616	0.00846	0.01258	0.07532	0.01376	0.51755	0.30503	0.00463	0.00617	0.00565	0.00241	0.00288
6	0.00575	0.00392	0.00448	0.00457	0.00472	0.00386	0.00274	0.00595	0.00632	0.00832	0.01546	0.06570	0.07238	0.71712	0.01785	0.00350	0.00368	0.04844	0.00264	0.00260
7	0.07269	0.00824	0.00891	0.00748	0.00991	0.00900	0.00598	0.23157	0.31458	0.12067	0.08022	0.01464	0.03410	0.00540	0.00394	0.00126	0.00331	0.00434	0.05782	0.00595

[dist]
# distance from previous block
# <min> <max>
1	5

[block]
# block no. 8 follows, 67 sequences, length 14
# corresponding to MSA columns:
# 474-487
name=unknown_I
#
# <colnr> <probs for GDERKNQSTAVLIFYWHMCP>
#	G	D	E	R	K	N	Q	S	T	A	V	L	I	F	Y	W	H	M	C	P
0	0.58195	0.10740	0.00930	0.00732	0.06185	0.01027	0.00566	0.13141	0.00900	0.03533	0.00653	0.00734	0.00505	0.00387	0.00285	0.00119	0.00355	0.00251	0.00264	0.00498
1	0.00776	0.09414	0.04886	0.00662	0.00844	0.02424	0.00545	0.01248	0.27504	0.01379	0.20181	0.11601	0.10066	0.03595	0.00479	0.00139	0.00301	0.01702	0.01782	0.00473
2	0.01373	0.08477	0.01209	0.01007	0.03044	0.60124	0.00767	0.06648	0.01098	0.01103	0.00658	0.00781	0.00550	0.00437	0.00435	0.00109	0.07879	0.00276	0.03544	0.00481
3	0.00513	0.00404	0.00462	0.00456	0.00567	0.00354	0.00339	0.00648	0.00994	0.01291	0.35884	0.08763	0.45994	0.00952	0.00476	0.00133	0.00199	0.00816	0.00400	0.00354
4	0.00734	0.00394	0.00565	0.00550	0.00571	0.00404	0.00378	0.04859	0.00601	0.00806	0.00730	0.01224	0.00712	0.01428	0.05790	0.79111	0.00391	0.00353	0.00188	0.00211
5	0.03437	0.01552	0.49155	0.17276	0.18340	0.00927	0.01330	0.01213	0.00847	0.01247	0.00721	0.00912	0.00536	0.00380	0.00384	0.00127	0.00550	0.00318	0.00179	0.00569
6	0.00495	0.00358	0.00463	0.00539	0.00575	0.00332	0.00363	0.00571	0.00793	0.01051	0.06624	0.71866	0.09163	0.04075	0.00558	0.00166	0.00233	0.01076	0.00372	0.00327
7	0.00977	0.18371	0.05719	0.01057	0.01366	0.11492	0.28031	0.05354	0.03330	0.01253	0.07800	0.01440	0.11093	0.00487	0.00405	0.00119	0.00508	0.00445	0.00252	0.00500
8	0.00573	0.00430	0.00645	0.00645	0.00716	0.00501	0.00501	0.00716	0.00645	0.00931	0.01074	0.01576	0.01003	0.03008	0.84316	0.00645	0.01074	0.00430	0.00215	0.00358
9	0.01359	0.07291	0.01255	0.01030	0.07813	0.10315	0.00781	0.48036	0.12658	0.01992	0.00960	0.00987	0.00718	0.00468	0.00409	0.00119	0.02484	0.00351	0.00343	0.00630
10	0.12101	0.01402	0.01071	0.01048	0.09414	0.43467	0.00740	0.11437	0.07023	0.03564	0.00797	0.00878	0.00625	0.00425	0.00357	0.00112	0.00550	0.00299	0.04171	0.00519
11	0.01213	0.01036	0.01181	0.07872	0.11756	0.12430	0.04989	0.24951	0.13134	0.07607	0.06620	0.03401	0.01001	0.00496	0.00408	0.00124	0.00456	0.00413	0.00330	0.00583
12	0.03316	0.23266	0.33356	0.00947	0.01349	0.12497	0.01011	0.10195	0.00994	0.05286	0.00722	0.00812	0.00552	0.00404	0.00382	0.00114	0.03736	0.00283	0.00219	0.00560
13	0.08160	0.30657	0.14071	0.05182	0.01255	0.04928	0.00819	0.15120	0.13577	0.01451	0.00827	0.00886	0.00646	0.00412	0.00335	0.00112	0.00448	0.00298	0.00255	0.00561

[dist]
# distance from previous block
# <min> <max>
0	2

[block]
# block no. 9 follows, 67 sequences, length 17
# corresponding to MSA columns:
# 490-506
name=unknown_J
#
# <colnr> <probs for GDERKNQSTAVLIFYWHMCP>
#	G	D	E	R	K	N	Q	S	T	A	V	L	I	F	Y	W	H	M	C	P
0	0.01235	0.01331	0.01407	0.04930	0.27105	0.32164	0.07525	0.12441	0.01112	0.01322	0.00723	0.00892	0.00585	0.00414	0.00440	0.00118	0.05145	0.00330	0.00228	0.00552
1	0.09320	0.04597	0.01251	0.06205	0.21841	0.16472	0.00856	0.24229	0.05999	0.04224	0.00838	0.00935	0.00643	0.00421	0.00373	0.00118	0.00485	0.00328	0.00281	0.00584
2	0.01101	0.01043	0.01480	0.08682	0.58753	0.10511	0.01111	0.06390	0.01002	0.04954	0.00785	0.00982	0.00632	0.00381	0.00394	0.00119	0.00501	0.00348	0.00224	0.00606
3	0.00753	0.00407	0.00415	0.00403	0.00508	0.00406	0.00305	0.04091	0.00898	0.01512	0.04590	0.01689	0.06620	0.00518	0.00305	0.00099	0.00198	0.00418	0.75482	0.00384
4	0.05224	0.14185	0.01163	0.00837	0.01076	0.23287	0.00676	0.19624	0.15212	0.01471	0.00925	0.01034	0.00748	0.02538	0.10112	0.00180	0.00559	0.00333	0.00283	0.00532
5	0.00979	0.00939	0.01603	0.07381	0.78594	0.00949	0.01224	0.01219	0.00907	0.01293	0.00752	0.00997	0.00629	0.00360	0.00397	0.00120	0.00480	0.00357	0.00197	0.00624
6	0.00692	0.00906	0.20586	0.04565	0.01024	0.02455	0.00701	0.03171	0.06810	0.01415	0.34653	0.03598	0.16436	0.00699	0.00439	0.00129	0.00333	0.00594	0.00342	0.00453
7	0.00761	0.00421	0.00507	0.00462	0.00576	0.00417	0.05745	0.00958	0.00848	0.01481	0.01275	0.01468	0.01000	0.00459	0.00293	0.00096	0.00220	0.00380	0.82249	0.00385
8	0.00594	0.00476	0.00665	0.05268	0.00817	0.00497	0.03107	0.03117	0.00841	0.01132	0.09331	0.53295	0.07886	0.01047	0.00569	0.00155	0.08009	0.02481	0.00345	0.00367
9	0.00998	0.00862	0.00907	0.00816	0.01043	0.00998	0.00635	0.02131	0.82679	0.01678	0.01632	0.01496	0.01224	0.00544	0.00408	0.00136	0.00317	0.00453	0.00408	0.00635
10	0.06284	0.01057	0.01606	0.14887	0.26568	0.09729	0.23095	0.09450	0.01013	0.01376	0.00759	0.00977	0.00592	0.00378	0.00406	0.00125	0.00553	0.00370	0.00221	0.00554
11	0.05661	0.01229	0.01109	0.00907	0.01179	0.19711	0.00729	0.53170	0.03108	0.02035	0.00961	0.04143	0.00766	0.00510	0.00394	0.00121	0.00486	0.02834	0.00348	0.00598
12	0.22011	0.00858	0.00856	0.00707	0.00955	0.04703	0.00563	0.24441	0.07760	0.13033	0.02600	0.03851	0.02817	0.07324	0.00495	0.00142	0.00370	0.00388	0.00346	0.05779
13	0.00522	0.00370	0.00456	0.00502	0.00543	0.00344	0.00334	0.00573	0.00759	0.00992	0.05982	0.45166	0.17038	0.17539	0.00870	0.06198	0.00263	0.00906	0.00337	0.00304
14	0.07353	0.02835	0.01055	0.00811	0.01098	0.01030	0.00666	0.51650	0.04555	0.14125	0.04521	0.03907	0.03517	0.00531	0.00397	0.00123	0.00389	0.00413	0.00400	0.00625
15	0.03805	0.05063	0.01175	0.00895	0.01177	0.13319	0.00732	0.51553	0.04034	0.07280	0.00993	0.01007	0.02497	0.00486	0.00426	0.00120	0.04117	0.00351	0.00354	0.00616
16	0.00726	0.00513	0.00629	0.00604	0.00720	0.00505	0.00455	0.12557	0.01059	0.04023	0.24690	0.28895	0.08044	0.03548	0.03230	0.00165	0.00295	0.06602	0.00388	0.02351

[dist]
# distance from previous block
# <min> <max>
11	61

[block]
# block no. 10 follows, 67 sequences, length 33
# corresponding to MSA columns:
# 572-604
name=unknown_K
#
# <colnr> <probs for GDERKNQSTAVLIFYWHMCP>
#	G	D	E	R	K	N	Q	S	T	A	V	L	I	F	Y	W	H	M	C	P
0	0.05225	0.01018	0.10590	0.00938	0.08609	0.06375	0.00747	0.21384	0.08431	0.08788	0.07087	0.02460	0.14121	0.00575	0.00422	0.00126	0.01750	0.00461	0.00339	0.00554
1	0.01085	0.00956	0.04872	0.06657	0.01464	0.03843	0.22668	0.10737	0.06045	0.11941	0.00978	0.03598	0.00749	0.00414	0.00397	0.00113	0.00465	0.00389	0.00287	0.22342
2	0.00804	0.02074	0.83828	0.01143	0.01736	0.00931	0.01482	0.01270	0.00847	0.01270	0.00720	0.00847	0.00508	0.00381	0.00381	0.00127	0.00593	0.00296	0.00169	0.00593
3	0.00973	0.00766	0.00919	0.02429	0.00987	0.00901	0.00644	0.11499	0.29006	0.05723	0.06464	0.04277	0.01169	0.02491	0.07109	0.02233	0.17760	0.00453	0.03674	0.00523
4	0.00495	0.00399	0.00428	0.00435	0.00542	0.00346	0.00313	0.00593	0.00891	0.01102	0.11542	0.12012	0.59543	0.08816	0.00622	0.00161	0.00222	0.00840	0.00367	0.00332
5	0.00751	0.00578	0.00668	0.00632	0.02497	0.00589	0.00472	0.08981	0.17119	0.02473	0.32539	0.07150	0.18859	0.00776	0.00448	0.00131	0.00254	0.01603	0.03023	0.00456
6	0.00967	0.03993	0.02202	0.01615	0.05714	0.01034	0.68010	0.04598	0.00962	0.01306	0.00807	0.01083	0.00625	0.02113	0.00516	0.00139	0.03112	0.00453	0.00210	0.00541
7	0.00524	0.00385	0.00497	0.00562	0.00622	0.00358	0.00412	0.00632	0.00859	0.01130	0.11574	0.49442	0.14904	0.01144	0.00509	0.00159	0.00248	0.15318	0.00380	0.00341
8	0.00916	0.01056	0.20997	0.00951	0.05920	0.01948	0.06418	0.02449	0.22324	0.08075	0.08590	0.04585	0.06743	0.00549	0.00409	0.00128	0.00396	0.00473	0.06524	0.00548
9	0.00555	0.00419	0.00493	0.00487	0.00605	0.00372	0.00377	0.00701	0.01005	0.02899	0.34334	0.03552	0.42012	0.00940	0.00481	0.00137	0.00219	0.09647	0.00401	0.00364
10	0.01072	0.86147	0.02102	0.00686	0.01029	0.01587	0.00686	0.01201	0.00815	0.00944	0.00558	0.00643	0.00515	0.00343	0.00257	0.00086	0.00429	0.00214	0.00172	0.00515
11	0.02945	0.11342	0.08834	0.01268	0.01641	0.08107	0.41027	0.08311	0.01026	0.08026	0.00846	0.02160	0.00643	0.00387	0.00412	0.00123	0.00577	0.00395	0.00241	0.01688
12	0.02565	0.06676	0.08618	0.00915	0.01245	0.01170	0.02609	0.50203	0.16710	0.03663	0.01042	0.01037	0.00757	0.00471	0.00391	0.00122	0.00432	0.00364	0.00362	0.00648
13	0.00764	0.00720	0.01216	0.82482	0.05167	0.00893	0.01117	0.01031	0.00805	0.01033	0.00714	0.01067	0.00538	0.00400	0.00401	0.00133	0.00533	0.00356	0.00179	0.00451
14	0.37588	0.09059	0.03552	0.09459	0.05913	0.15431	0.00706	0.11571	0.00957	0.01547	0.00653	0.00771	0.00512	0.00393	0.00316	0.00117	0.00451	0.00267	0.00241	0.00496
15	0.00525	0.00408	0.00450	0.00447	0.00568	0.00351	0.00332	0.00642	0.00951	0.03108	0.19626	0.10927	0.58281	0.00986	0.00476	0.00136	0.00206	0.00838	0.00389	0.00353
16	0.00489	0.00363	0.00456	0.00526	0.00574	0.00331	0.00359	0.00570	0.00813	0.01060	0.05979	0.65779	0.18858	0.01190	0.00503	0.00156	0.00225	0.01064	0.00375	0.00331
17	0.00586	0.00449	0.00669	0.00662	0.00731	0.00532	0.00517	0.00727	0.00643	0.00932	0.01051	0.01546	0.00982	0.02909	0.80776	0.00625	0.04661	0.00426	0.00213	0.00362
18	0.01201	0.00916	0.00976	0.00815	0.01069	0.01029	0.00652	0.33694	0.41320	0.03835	0.01336	0.01282	0.00986	0.00511	0.00394	0.00126	0.00355	0.00408	0.08463	0.00631
19	0.00489	0.00349	0.00465	0.00558	0.00582	0.00326	0.00372	0.00558	0.00768	0.01024	0.02210	0.85644	0.02653	0.01256	0.00512	0.00163	0.00233	0.01140	0.00372	0.00326
20	0.01470	0.01096	0.01173	0.00912	0.01223	0.01218	0.00749	0.73758	0.10284	0.02439	0.01032	0.01018	0.00738	0.00488	0.00402	0.00122	0.00428	0.00371	0.00402	0.00677
21	0.01460	0.01460	0.01144	0.00963	0.01222	0.39427	0.00756	0.37176	0.09498	0.01733	0.00871	0.00905	0.00659	0.00456	0.00384	0.00114	0.00559	0.00323	0.00312	0.00578
22	0.01006	0.01020	0.01441	0.10300	0.50217	0.11397	0.03988	0.01267	0.05394	0.01224	0.00809	0.02231	0.00690	0.03003	0.00488	0.00131	0.04243	0.00372	0.00212	0.00566
23	0.09537	0.01108	0.01141	0.00886	0.01197	0.03711	0.00730	0.70941	0.01741	0.03698	0.00925	0.00933	0.00659	0.00470	0.00386	0.00120	0.00436	0.00345	0.00383	0.00653
