[name]
unknown

[dist]
# distance from previous block
# <min> <max>
0	39

[block]
# block no. 0 follows, 63 sequences, length 9
# corresponding to MSA columns:
# 39-47
name=unknown_A
#
# <colnr> <probs for GDERKNQSTAVLIFYWHMCP>
#	G	D	E	R	K	N	Q	S	T	A	V	L	I	F	Y	W	H	M	C	P
0	0.00692	0.00540	0.00762	0.05254	0.00978	0.00550	0.04080	0.00973	0.08468	0.01338	0.14540	0.13372	0.05365	0.01000	0.00533	0.00170	0.00353	0.40228	0.00385	0.00420
1	0.01027	0.22444	0.03187	0.00844	0.01061	0.03320	0.06288	0.01220	0.04262	0.12161	0.07121	0.10990	0.06678	0.00666	0.00583	0.00137	0.15335	0.01865	0.00302	0.00509
2	0.00628	0.00505	0.00571	0.00555	0.00686	0.00490	0.00415	0.00953	0.15391	0.01418	0.29043	0.13141	0.32747	0.00941	0.00489	0.00142	0.00233	0.00810	0.00421	0.00422
3	0.00920	0.00920	0.01288	0.01104	0.01104	0.01288	0.00920	0.01012	0.00644	0.01012	0.00552	0.00920	0.00552	0.00736	0.01380	0.00184	0.84457	0.00368	0.00184	0.00460
4	0.00825	0.00765	0.01223	0.63654	0.08128	0.00872	0.01057	0.01086	0.00854	0.01148	0.00750	0.01071	0.00579	0.00398	0.00401	0.00125	0.00512	0.00352	0.00199	0.16002
5	0.01268	0.00758	0.00837	0.00689	0.00916	0.00794	0.00553	0.31372	0.04384	0.15016	0.01324	0.03990	0.00997	0.00530	0.00375	0.00118	0.00329	0.00420	0.34756	0.00574
6	0.00855	0.00782	0.01235	0.62334	0.02454	0.00890	0.03844	0.05049	0.00908	0.01214	0.00764	0.01071	0.00582	0.00403	0.00404	0.00126	0.00516	0.00356	0.00210	0.16004
7	0.00689	0.00496	0.00546	0.00529	0.00571	0.00521	0.00328	0.00900	0.15049	0.00983	0.01393	0.02541	0.01485	0.70181	0.01835	0.00360	0.00394	0.00587	0.00285	0.00328
8	0.00668	0.00440	0.00558	0.00543	0.00634	0.00412	0.00399	0.00815	0.01020	0.05757	0.44461	0.08587	0.07751	0.15894	0.00788	0.00188	0.00264	0.07549	0.02890	0.00381

[dist]
# distance from previous block
# <min> <max>
0	20

[block]
# block no. 1 follows, 63 sequences, length 17
# corresponding to MSA columns:
# 68-84
name=unknown_B
#
# <colnr> <probs for GDERKNQSTAVLIFYWHMCP>
#	G	D	E	R	K	N	Q	S	T	A	V	L	I	F	Y	W	H	M	C	P
0	0.01058	0.57515	0.04745	0.02366	0.04901	0.07626	0.01791	0.01209	0.00882	0.01048	0.00818	0.10572	0.00811	0.00479	0.00327	0.00105	0.00459	0.00359	0.00211	0.02718
1	0.00597	0.00433	0.00606	0.00617	0.00670	0.00480	0.00451	0.00705	0.00678	0.00951	0.01302	0.09107	0.01347	0.23069	0.54587	0.00556	0.00857	0.02391	0.00250	0.00343
2	0.01123	0.01060	0.03628	0.01042	0.06975	0.09020	0.04265	0.04952	0.53593	0.04175	0.01430	0.02406	0.01088	0.00527	0.00422	0.00135	0.00415	0.00442	0.00372	0.02929
3	0.11155	0.00862	0.00975	0.07366	0.01208	0.02089	0.01967	0.14495	0.06150	0.01638	0.00833	0.00939	0.00654	0.00380	0.00344	0.00094	0.00373	0.00297	0.00284	0.47896
4	0.18751	0.00979	0.07193	0.04021	0.01325	0.00982	0.13156	0.04299	0.00896	0.14649	0.00839	0.00992	0.00636	0.00494	0.00635	0.00141	0.21897	0.00355	0.00272	0.07489
5	0.01264	0.01265	0.00994	0.00887	0.01100	0.33098	0.00683	0.10992	0.23673	0.02975	0.01128	0.01191	0.00881	0.00704	0.07009	0.00164	0.00561	0.00372	0.10511	0.00548
6	0.00560	0.00484	0.00545	0.00519	0.00639	0.00470	0.00400	0.00677	0.00953	0.01196	0.14507	0.03557	0.62137	0.00998	0.00600	0.00146	0.10055	0.00809	0.00376	0.00373
7	0.11283	0.00920	0.00942	0.00831	0.01081	0.01059	0.00654	0.09904	0.64489	0.01861	0.01510	0.01410	0.01130	0.00543	0.00407	0.00140	0.00345	0.00437	0.00407	0.00646
8	0.03183	0.00857	0.01016	0.00802	0.01102	0.00866	0.00655	0.26043	0.10838	0.41576	0.03954	0.01364	0.01052	0.00528	0.00417	0.00129	0.00374	0.00421	0.04141	0.00681
9	0.00656	0.00452	0.00549	0.00592	0.00668	0.00447	0.00428	0.04979	0.04726	0.01309	0.04555	0.50435	0.05219	0.01061	0.00484	0.00154	0.00260	0.07210	0.15425	0.00391
10	0.04321	0.00711	0.00916	0.00720	0.01008	0.00652	0.00589	0.08721	0.01240	0.60398	0.10989	0.01577	0.01338	0.00553	0.00420	0.00129	0.00340	0.00451	0.04272	0.00656
11	0.00611	0.00408	0.00458	0.00458	0.00458	0.00408	0.00255	0.00611	0.00611	0.00815	0.01325	0.02751	0.01528	0.85226	0.02140	0.00408	0.00408	0.00611	0.00255	0.00255
12	0.01573	0.01232	0.01243	0.00972	0.01294	0.07838	0.00794	0.71545	0.05280	0.02483	0.01010	0.01013	0.00725	0.00502	0.00418	0.00125	0.00481	0.00374	0.00405	0.00695
13	0.00973	0.00923	0.02579	0.02092	0.05048	0.01166	0.01858	0.11517	0.01826	0.01268	0.00813	0.08554	0.00796	0.00754	0.02076	0.00176	0.56397	0.00447	0.00238	0.00498
14	0.02223	0.03524	0.05718	0.10627	0.18657	0.01908	0.02827	0.06792	0.04242	0.06442	0.14820	0.01429	0.01262	0.02180	0.00442	0.00123	0.00414	0.00422	0.00298	0.15650
15	0.01472	0.01103	0.01238	0.10683	0.01469	0.01232	0.00830	0.69433	0.01809	0.02418	0.01018	0.03529	0.00759	0.00519	0.00424	0.00129	0.00467	0.00402	0.00392	0.00675
16	0.01149	0.08239	0.01127	0.05711	0.04504	0.18928	0.00714	0.14117	0.18702	0.01503	0.02495	0.01453	0.10372	0.01740	0.00426	0.00124	0.00459	0.00420	0.00316	0.07501

[dist]
# distance from previous block
# <min> <max>
1	19

[block]
# block no. 2 follows, 63 sequences, length 24
# corresponding to MSA columns:
# 104-127
name=unknown_C
#
# <colnr> <probs for GDERKNQSTAVLIFYWHMCP>
#	G	D	E	R	K	N	Q	S	T	A	V	L	I	F	Y	W	H	M	C	P
0	0.04060	0.06306	0.04309	0.05217	0.40180	0.02050	0.08002	0.08506	0.04780	0.09458	0.00917	0.01065	0.00707	0.00409	0.00407	0.00125	0.00490	0.00375	0.00267	0.02369
1	0.02770	0.00555	0.00708	0.08305	0.02237	0.01537	0.01625	0.05273	0.00877	0.02384	0.05584	0.35582	0.01873	0.17776	0.00803	0.00197	0.00345	0.01916	0.00327	0.09326
2	0.01256	0.00881	0.00981	0.00820	0.01099	0.00940	0.00652	0.12900	0.46115	0.17427	0.01557	0.01442	0.02541	0.00535	0.00416	0.00130	0.00351	0.00437	0.00427	0.09091
3	0.03016	0.00812	0.00932	0.00692	0.01036	0.00708	0.00558	0.10155	0.04544	0.01527	0.00806	0.00916	0.00655	0.00366	0.00377	0.00080	0.04206	0.00279	0.00274	0.68062
4	0.02808	0.01164	0.01308	0.01273	0.16508	0.13595	0.04748	0.29957	0.05432	0.06881	0.00990	0.01965	0.01628	0.00476	0.00447	0.00124	0.03773	0.00378	0.00323	0.06223
5	0.03914	0.61644	0.04875	0.00830	0.02755	0.13700	0.00767	0.03812	0.00944	0.02573	0.00637	0.00726	0.00554	0.00381	0.00301	0.00098	0.00497	0.00246	0.00202	0.00543
6	0.00523	0.00372	0.00492	0.00575	0.00604	0.00348	0.00384	0.00601	0.00823	0.01104	0.07900	0.75348	0.02805	0.05216	0.00609	0.00179	0.00248	0.01137	0.00389	0.00341
7	0.00814	0.00767	0.01296	0.77698	0.09260	0.00939	0.01177	0.01091	0.00850	0.01098	0.00751	0.01114	0.00569	0.00417	0.00420	0.00139	0.00556	0.00374	0.00188	0.00483
8	0.00514	0.00368	0.00490	0.00584	0.00610	0.00343	0.00390	0.00591	0.00816	0.01090	0.04557	0.82663	0.02814	0.01304	0.00535	0.00170	0.00243	0.01183	0.00392	0.00343
9	0.01886	0.00715	0.00976	0.00748	0.01073	0.00618	0.00618	0.02049	0.01203	0.82895	0.01658	0.01431	0.01041	0.00520	0.00423	0.00130	0.00358	0.00423	0.00520	0.00715
10	0.00565	0.00422	0.00525	0.00512	0.00613	0.00382	0.00379	0.00731	0.01101	0.01504	0.57245	0.11534	0.21039	0.00950	0.00500	0.00138	0.00206	0.00832	0.00440	0.00382
11	0.84323	0.00809	0.00634	0.00562	0.00825	0.00928	0.00463	0.01272	0.00737	0.05521	0.00633	0.00716	0.00482	0.00396	0.00267	0.00130	0.00327	0.00236	0.00272	0.00467
12	0.00815	0.00769	0.01299	0.77227	0.09719	0.00940	0.01178	0.01093	0.00851	0.01100	0.00751	0.01114	0.00569	0.00416	0.00420	0.00139	0.00555	0.00374	0.00189	0.00484
13	0.04882	0.01140	0.01178	0.00919	0.01242	0.07467	0.00753	0.57240	0.01724	0.17583	0.01088	0.01057	0.00753	0.00498	0.00412	0.00126	0.00460	0.00373	0.00418	0.00688
14	0.05509	0.23604	0.01427	0.00964	0.01220	0.58432	0.00771	0.01549	0.01082	0.01059	0.00630	0.00733	0.00537	0.00412	0.00345	0.00105	0.00658	0.00257	0.00209	0.00499
15	0.88196	0.00813	0.00618	0.00553	0.00813	0.00943	0.00455	0.01236	0.00715	0.01886	0.00585	0.00683	0.00455	0.00390	0.00260	0.00130	0.00325	0.00228	0.00260	0.00455
16	0.03943	0.44378	0.01692	0.00845	0.01160	0.15091	0.01873	0.14088	0.10768	0.01383	0.00801	0.00855	0.00655	0.00421	0.00334	0.00107	0.00489	0.00291	0.00257	0.00571
17	0.00505	0.00425	0.00438	0.00438	0.00574	0.00358	0.00327	0.00618	0.00974	0.01179	0.10618	0.05719	0.74283	0.01053	0.00498	0.00142	0.00212	0.00883	0.00396	0.00358
18	0.00854	0.05485	0.79835	0.01179	0.01790	0.01004	0.01520	0.01328	0.00886	0.01318	0.00748	0.00879	0.00533	0.00398	0.00394	0.00131	0.00614	0.00307	0.00178	0.00618
19	0.00507	0.00422	0.00443	0.00447	0.00576	0.00358	0.00332	0.00619	0.00967	0.01180	0.11100	0.10114	0.69360	0.01065	0.00500	0.00143	0.00214	0.00899	0.00397	0.00358
20	0.00726	0.00367	0.00544	0.00544	0.00544	0.00367	0.00361	0.00550	0.00550	0.00733	0.00752	0.01333	0.00760	0.04577	0.01661	0.84519	0.00367	0.00374	0.00185	0.00185
21	0.01537	0.01866	0.01201	0.04901	0.01373	0.71808	0.00827	0.09315	0.01251	0.01187	0.00689	0.00799	0.00559	0.00439	0.00385	0.00111	0.00721	0.00286	0.00235	0.00508
22	0.03617	0.00850	0.00889	0.00657	0.01015	0.07198	0.00522	0.01113	0.00892	0.01358	0.00734	0.00857	0.00611	0.00323	0.00315	0.00068	0.00347	0.00250	0.00247	0.78135
23	0.04888	0.00825	0.01257	0.53664	0.12470	0.03140	0.01075	0.01113	0.00834	0.01158	0.00740	0.01071	0.00586	0.00458	0.00535	0.00141	0.11750	0.00364	0.03444	0.00488

[dist]
# distance from previous block
# <min> <max>
0	3

[block]
# block no. 3 follows, 63 sequences, length 10
# corresponding to MSA columns:
# 131-140
name=unknown_D
#
# <colnr> <probs for GDERKNQSTAVLIFYWHMCP>
#	G	D	E	R	K	N	Q	S	T	A	V	L	I	F	Y	W	H	M	C	P
0	0.02722	0.08727	0.01229	0.01040	0.06363	0.37049	0.02207	0.06178	0.01039	0.03583	0.00776	0.02109	0.00674	0.02689	0.05829	0.03630	0.08054	0.00331	0.00236	0.05533
1	0.11906	0.14315	0.01329	0.03904	0.12168	0.38749	0.00814	0.04991	0.01074	0.04021	0.02657	0.00877	0.00654	0.00425	0.00360	0.00114	0.00577	0.00297	0.00239	0.00530
2	0.00715	0.00373	0.00550	0.00550	0.00554	0.00378	0.00368	0.00564	0.00560	0.00751	0.00793	0.01395	0.00801	0.06933	0.06725	0.76802	0.00415	0.00386	0.00190	0.00199
3	0.00707	0.00530	0.00602	0.00579	0.00684	0.00542	0.00415	0.05557	0.13369	0.01332	0.14968	0.14386	0.14622	0.21565	0.04354	0.00229	0.00333	0.00711	0.04109	0.00406
4	0.00883	0.00926	0.01653	0.04690	0.01569	0.03189	0.36428	0.01095	0.00854	0.01176	0.01049	0.17864	0.01037	0.00662	0.00752	0.00159	0.24702	0.00588	0.00239	0.00485
5	0.00875	0.11555	0.73944	0.01144	0.01736	0.01054	0.01459	0.01323	0.00884	0.01293	0.00735	0.00864	0.00533	0.00395	0.00385	0.00128	0.00602	0.00301	0.00178	0.00612
6	0.00783	0.00708	0.00835	0.05921	0.01022	0.08493	0.05877	0.01098	0.15108	0.01227	0.04469	0.34196	0.01931	0.07527	0.00621	0.00176	0.00385	0.08841	0.00348	0.00435
7	0.00849	0.00673	0.00777	0.00747	0.03932	0.00713	0.00549	0.01479	0.37205	0.04694	0.30430	0.02408	0.12357	0.00725	0.00460	0.00138	0.00278	0.00622	0.00431	0.00534
8	0.00520	0.00396	0.00465	0.00508	0.00580	0.00356	0.00350	0.00606	0.00866	0.01106	0.07292	0.41398	0.33543	0.09196	0.00672	0.00180	0.00245	0.00997	0.00381	0.00341
9	0.04196	0.00875	0.04076	0.07750	0.01463	0.02628	0.24708	0.02408	0.00908	0.04911	0.01019	0.09233	0.00915	0.05820	0.04476	0.00163	0.00514	0.00468	0.00258	0.23210

[dist]
# distance from previous block
# <min> <max>
0	2

[block]
# block no. 4 follows, 63 sequences, length 14
# corresponding to MSA columns:
# 147-160
name=unknown_E
#
# <colnr> <probs for GDERKNQSTAVLIFYWHMCP>
#	G	D	E	R	K	N	Q	S	T	A	V	L	I	F	Y	W	H	M	C	P
0	0.79344	0.00882	0.00681	0.00600	0.00863	0.04192	0.00491	0.06302	0.00814	0.01901	0.00615	0.00706	0.00475	0.00399	0.00275	0.00129	0.00351	0.00239	0.00269	0.00473
1	0.54708	0.00890	0.00828	0.00683	0.00971	0.00988	0.00563	0.21272	0.01097	0.13256	0.00839	0.00867	0.00601	0.00437	0.00323	0.00129	0.00364	0.00292	0.00336	0.00556
2	0.00964	0.00957	0.07052	0.22534	0.42967	0.00919	0.02454	0.03407	0.00949	0.04072	0.03078	0.03701	0.00830	0.03751	0.00491	0.00142	0.00501	0.00418	0.00231	0.00582
3	0.43987	0.28968	0.09998	0.00714	0.01043	0.07046	0.00685	0.01285	0.00813	0.01470	0.00608	0.00707	0.00497	0.00384	0.00287	0.00116	0.00429	0.00239	0.00222	0.00503
4	0.00833	0.00808	0.01323	0.74947	0.02764	0.03147	0.05877	0.01137	0.02969	0.01107	0.00776	0.01124	0.00583	0.00421	0.00424	0.00139	0.00569	0.00381	0.00195	0.00479
5	0.01444	0.01053	0.01141	0.00910	0.01213	0.01164	0.00740	0.53362	0.22213	0.07630	0.03851	0.01248	0.00985	0.00534	0.00425	0.00131	0.00414	0.00418	0.00430	0.00692
6	0.00523	0.00427	0.00463	0.00454	0.00584	0.00366	0.00340	0.00655	0.01021	0.01285	0.25413	0.03800	0.61186	0.01009	0.00497	0.00139	0.00209	0.00853	0.00410	0.00366
7	0.00843	0.02174	0.83048	0.01198	0.01819	0.00976	0.01553	0.01331	0.00888	0.01331	0.00754	0.00888	0.00533	0.00399	0.00399	0.00133	0.00621	0.00311	0.00178	0.00621
8	0.77765	0.03843	0.00718	0.00586	0.00855	0.00973	0.00487	0.04997	0.00798	0.04978	0.00646	0.00726	0.00493	0.00399	0.00274	0.00128	0.00337	0.00242	0.00275	0.00480
9	0.00514	0.00370	0.00488	0.00578	0.00609	0.00344	0.00388	0.00593	0.00823	0.01096	0.05025	0.79331	0.05700	0.01293	0.00534	0.00168	0.00241	0.01170	0.00393	0.00344
10	0.00856	0.00475	0.00580	0.00530	0.00667	0.00443	0.00405	0.02693	0.01089	0.14022	0.36984	0.06483	0.07201	0.00731	0.00428	0.00125	0.00231	0.00626	0.24988	0.00445
11	0.00730	0.00365	0.00548	0.00548	0.00548	0.00365	0.00365	0.00548	0.00548	0.00730	0.00730	0.01278	0.00730	0.01460	0.01643	0.87769	0.00365	0.00365	0.00183	0.00183
12	0.01411	0.00888	0.01008	0.03893	0.01131	0.00946	0.00664	0.44359	0.01533	0.16726	0.03627	0.01274	0.00942	0.00563	0.01984	0.00133	0.00400	0.00402	0.17491	0.00626
13	0.01265	0.01284	0.01063	0.00938	0.01148	0.32630	0.02059	0.15163	0.16255	0.03183	0.04077	0.08006	0.02489	0.00677	0.03031	0.00147	0.04030	0.01690	0.00324	0.00542

[dist]
# distance from previous block
# <min> <max>
2	20

[block]
# block no. 5 follows, 63 sequences, length 88
# corresponding to MSA columns:
# 181-210,216-255,260-277
name=unknown_F
#
# <colnr> <probs for GDERKNQSTAVLIFYWHMCP>
#	G	D	E	R	K	N	Q	S	T	A	V	L	I	F	Y	W	H	M	C	P
0	0.01014	0.01057	0.12563	0.00841	0.01226	0.02520	0.05588	0.14795	0.02756	0.02710	0.03402	0.01070	0.02491	0.00403	0.00368	0.00095	0.00410	0.00331	0.00282	0.46077
1	0.00824	0.00609	0.00741	0.00658	0.00862	0.00535	0.00504	0.08067	0.00968	0.05195	0.01571	0.34803	0.01671	0.00815	0.00440	0.00126	0.00307	0.07700	0.00346	0.33258
2	0.00794	0.00747	0.01261	0.84216	0.02895	0.00934	0.01167	0.01074	0.00841	0.01074	0.00747	0.01121	0.00560	0.00420	0.00420	0.00140	0.00560	0.00374	0.00187	0.00467
3	0.00515	0.00368	0.00490	0.00583	0.00610	0.00343	0.00390	0.00593	0.00818	0.01095	0.05138	0.82069	0.02822	0.01301	0.00535	0.00169	0.00242	0.01180	0.00393	0.00343
4	0.00611	0.00408	0.00458	0.00458	0.00458	0.00408	0.00255	0.00611	0.00611	0.00815	0.01325	0.02751	0.01528	0.85226	0.02140	0.00408	0.00408	0.00611	0.00255	0.00255
5	0.01589	0.01173	0.01257	0.00965	0.01300	0.01300	0.00797	0.79979	0.03213	0.02636	0.01020	0.01018	0.00724	0.00506	0.00421	0.00126	0.00461	0.00380	0.00421	0.00714
6	0.00506	0.00426	0.00438	0.00435	0.00573	0.00359	0.00326	0.00620	0.00979	0.01184	0.11188	0.03965	0.75473	0.01046	0.00497	0.00141	0.00212	0.00876	0.00397	0.00359
7	0.80540	0.00804	0.00650	0.00570	0.00836	0.00914	0.00470	0.01308	0.00759	0.09072	0.00681	0.00749	0.00507	0.00402	0.00275	0.00130	0.00328	0.00245	0.00283	0.00478
8	0.77267	0.00801	0.00663	0.00578	0.00846	0.00902	0.00476	0.01339	0.00777	0.12143	0.00721	0.00778	0.00529	0.00407	0.00281	0.00130	0.00329	0.00252	0.00293	0.00488
9	0.01568	0.01162	0.01244	0.00961	0.01292	0.01289	0.00792	0.76849	0.06380	0.02600	0.01048	0.01040	0.00746	0.00508	0.00421	0.00127	0.00455	0.00384	0.00421	0.00712
10	0.01082	0.01050	0.08251	0.00893	0.01170	0.03238	0.00752	0.04917	0.67741	0.03702	0.01572	0.01463	0.01171	0.00548	0.00424	0.00140	0.00375	0.00451	0.00402	0.00660
11	0.00743	0.00541	0.00693	0.00665	0.02382	0.00562	0.00499	0.05816	0.07947	0.03983	0.32706	0.02377	0.07922	0.03258	0.25255	0.00301	0.00520	0.01295	0.02093	0.00442
12	0.00537	0.00422	0.00486	0.00490	0.00603	0.00371	0.00365	0.00672	0.01015	0.01310	0.29195	0.13282	0.44943	0.01031	0.00504	0.00144	0.00218	0.03630	0.00414	0.00368
13	0.01046	0.00903	0.00951	0.00855	0.01093	0.01046	0.00665	0.02234	0.81845	0.01759	0.01711	0.01568	0.01283	0.00570	0.00428	0.00143	0.00333	0.00475	0.00428	0.00665
14	0.00843	0.02174	0.83048	0.01198	0.01819	0.00976	0.01553	0.01331	0.00888	0.01331	0.00754	0.00888	0.00533	0.00399	0.00399	0.00133	0.00621	0.00311	0.00178	0.00621
15	0.00730	0.00365	0.00548	0.00548	0.00548	0.00365	0.00365	0.00548	0.00548	0.00730	0.00730	0.01278	0.00730	0.01460	0.01643	0.87769	0.00365	0.00365	0.00183	0.00183
16	0.01214	0.68706	0.02000	0.00792	0.01123	0.18115	0.00738	0.01343	0.00922	0.00997	0.00598	0.00691	0.00540	0.00374	0.00292	0.00094	0.00512	0.00234	0.00187	0.00529
17	0.00512	0.00371	0.00483	0.00571	0.00605	0.00343	0.00383	0.00587	0.00814	0.01075	0.02455	0.77593	0.08956	0.02389	0.00554	0.00172	0.00244	0.01164	0.00388	0.00341
18	0.01394	0.02592	0.06773	0.07029	0.17291	0.03621	0.01701	0.11283	0.05878	0.31996	0.01256	0.02404	0.02197	0.00494	0.00438	0.00131	0.02098	0.00409	0.00365	0.00650
19	0.01086	0.02413	0.01015	0.02896	0.01156	0.02837	0.00698	0.07511	0.69156	0.01754	0.01567	0.01469	0.01179	0.00560	0.00449	0.00141	0.02601	0.00455	0.00406	0.00652
20	0.78780	0.00816	0.00687	0.02239	0.00893	0.00938	0.02172	0.03930	0.00770	0.01858	0.00666	0.03521	0.00547	0.00425	0.00283	0.00132	0.00340	0.00274	0.00267	0.00463
21	0.00745	0.00643	0.01914	0.13808	0.11791	0.00640	0.08776	0.02316	0.02449	0.03181	0.03215	0.39782	0.03932	0.02609	0.00523	0.00158	0.00389	0.02359	0.00318	0.00451
22	0.00895	0.00718	0.00849	0.00622	0.00969	0.00548	0.00495	0.01080	0.00907	0.05273	0.06221	0.02511	0.00901	0.00375	0.00333	0.00072	0.00305	0.00308	0.00279	0.76339
23	0.00559	0.00427	0.00574	0.02324	0.04973	0.00407	0.00454	0.00677	0.02509	0.01130	0.04735	0.65099	0.11216	0.01192	0.00521	0.00163	0.00262	0.02026	0.00380	0.00371
24	0.01026	0.00982	0.08496	0.05618	0.36638	0.04812	0.00982	0.01314	0.05721	0.10304	0.07814	0.03271	0.09073	0.00545	0.00433	0.00131	0.00442	0.01516	0.00296	0.00587
25	0.01453	0.01883	0.05716	0.01092	0.01305	0.69163	0.00866	0.01580	0.01109	0.01043	0.00644	0.00785	0.00542	0.00467	0.00500	0.00119	0.10748	0.00285	0.00211	0.00491
26	0.00664	0.00533	0.00775	0.00735	0.00806	0.00636	0.02206	0.00833	0.03532	0.00999	0.01091	0.01661	0.01038	0.11050	0.60646	0.00559	0.11161	0.00459	0.00230	0.00388
27	0.01161	0.75136	0.02129	0.00777	0.01137	0.01611	0.03457	0.08353	0.00958	0.01148	0.00631	0.00720	0.00558	0.00372	0.00291	0.00095	0.00460	0.00248	0.00202	0.00556
28	0.02355	0.00469	0.00473	0.00446	0.00568	0.00482	0.00341	0.08100	0.00976	0.01669	0.01326	0.01503	0.01035	0.00489	0.00305	0.00101	0.00222	0.00388	0.78333	0.00422
29	0.01555	0.04840	0.01226	0.01071	0.01292	0.80757	0.00809	0.01664	0.01180	0.01027	0.00648	0.00755	0.00541	0.00431	0.00375	0.00108	0.00748	0.00269	0.00215	0.00489
30	0.02966	0.00783	0.01009	0.00777	0.01101	0.00723	0.00641	0.12833	0.02774	0.69408	0.01557	0.01366	0.00993	0.00517	0.00420	0.00130	0.00371	0.00415	0.00502	0.00711
31	0.80784	0.00805	0.00649	0.00570	0.00835	0.00915	0.00469	0.01306	0.00757	0.08842	0.00677	0.00747	0.00506	0.00401	0.00274	0.00130	0.00328	0.00244	0.00282	0.00478
32	0.00594	0.00447	0.00551	0.00525	0.00636	0.00414	0.00394	0.00813	0.04422	0.01575	0.63100	0.05225	0.17944	0.00896	0.00494	0.00135	0.00208	0.00782	0.00447	0.00399
33	0.00526	0.00443	0.00458	0.00451	0.00592	0.00383	0.00339	0.00679	0.03798	0.01212	0.11997	0.03869	0.71746	0.01027	0.00494	0.00141	0.00216	0.00860	0.00399	0.00370
34	0.00730	0.00365	0.00548	0.00548	0.00548	0.00365	0.00365	0.00548	0.00548	0.00730	0.00730	0.01278	0.00730	0.01460	0.01643	0.87769	0.00365	0.00365	0.00183	0.00183
35	0.01520	0.01040	0.01129	0.00878	0.01184	0.01131	0.00721	0.63696	0.02729	0.09628	0.01118	0.01120	0.00794	0.00505	0.00406	0.00123	0.00420	0.00385	0.10796	0.00676
36	0.00526	0.00420	0.00471	0.00495	0.00605	0.00368	0.00369	0.00640	0.00943	0.01176	0.10462	0.19167	0.52172	0.02832	0.00545	0.00156	0.00236	0.07667	0.00394	0.00357
37	0.04847	0.18974	0.08529	0.00795	0.01148	0.00968	0.00733	0.11882	0.01175	0.43229	0.01220	0.01142	0.00826	0.00468	0.00379	0.00121	0.00410	0.00357	0.02146	0.00653
38	0.00755	0.00537	0.00620	0.00607	0.02353	0.00509	0.00454	0.02589	0.11046	0.08927	0.13932	0.09251	0.39526	0.00916	0.00483	0.00143	0.00261	0.05072	0.01572	0.00447
39	0.01555	0.04925	0.01251	0.01027	0.01290	0.51801	0.00802	0.28257	0.02510	0.01579	0.00782	0.00850	0.00609	0.00456	0.00389	0.00114	0.00642	0.00308	0.00286	0.00568
40	0.01168	0.06857	0.17595	0.05060	0.02906	0.03850	0.01921	0.16539	0.03947	0.10990	0.00928	0.01014	0.00692	0.01394	0.00419	0.00115	0.02185	0.00332	0.00294	0.21795
41	0.01361	0.22493	0.01504	0.03022	0.08376	0.07134	0.02771	0.28721	0.09879	0.09272	0.00981	0.01013	0.00739	0.00454	0.00382	0.00118	0.00469	0.00349	0.00326	0.00635
42	0.32788	0.01051	0.02563	0.01177	0.02855	0.07581	0.33284	0.02993	0.00912	0.01528	0.00810	0.01141	0.00668	0.00441	0.00435	0.00139	0.03746	0.05134	0.00244	0.00511
43	0.01172	0.38398	0.03983	0.02190	0.12579	0.12222	0.00835	0.06131	0.16172	0.01299	0.00865	0.00936	0.00707	0.00421	0.00349	0.00111	0.00482	0.00312	0.00249	0.00585
44	0.01022	0.00973	0.01645	0.13585	0.64691	0.01009	0.03684	0.04072	0.00972	0.01369	0.00789	0.01051	0.00650	0.00392	0.00440	0.00129	0.02303	0.00378	0.00212	0.00633
45	0.00509	0.00377	0.00477	0.00556	0.00602	0.00344	0.00377	0.00589	0.00833	0.01084	0.02670	0.70258	0.17247	0.01271	0.00529	0.00165	0.00238	0.01139	0.00390	0.00344
46	0.01747	0.00726	0.00952	0.00741	0.01048	0.00656	0.00608	0.06529	0.04191	0.69232	0.03142	0.01503	0.02821	0.00538	0.00421	0.00129	0.00351	0.00437	0.03539	0.00689
47	0.00631	0.00433	0.00569	0.00542	0.00641	0.00399	0.00404	0.00817	0.01155	0.04388	0.72213	0.10671	0.03757	0.00890	0.00497	0.00136	0.00208	0.00789	0.00458	0.00402
48	0.80540	0.00804	0.00650	0.00570	0.00836	0.00914	0.00470	0.01308	0.00759	0.09072	0.00681	0.00749	0.00507	0.00402	0.00275	0.00130	0.00328	0.00245	0.00283	0.00478
49	0.00784	0.00392	0.00392	0.00392	0.00490	0.00392	0.00294	0.00980	0.00882	0.01567	0.01371	0.01567	0.01077	0.00490	0.00294	0.00098	0.00196	0.00392	0.87560	0.00392
50	0.01086	0.74284	0.13067	0.00784	0.01178	0.01571	0.00831	0.01269	0.00859	0.01035	0.00607	0.00703	0.00539	0.00365	0.00287	0.00096	0.00473	0.00236	0.00180	0.00550
51	0.01307	0.42466	0.01661	0.00886	0.01174	0.36439	0.00754	0.01524	0.08182	0.01074	0.00712	0.00789	0.00606	0.00410	0.00330	0.00102	0.00570	0.00267	0.00217	0.00528
52	0.88196	0.00813	0.00618	0.00553	0.00813	0.00943	0.00455	0.01236	0.00715	0.01886	0.00585	0.00683	0.00455	0.00390	0.00260	0.00130	0.00325	0.00228	0.00260	0.00455
53	0.01269	0.00941	0.01016	0.00838	0.01101	0.01041	0.00672	0.38645	0.28410	0.04896	0.08512	0.01444	0.01233	0.00557	0.00420	0.00130	0.00371	0.00447	0.07414	0.00644
54	0.00644	0.00441	0.00572	0.00533	0.00644	0.00404	0.00402	0.00836	0.01179	0.05041	0.75109	0.03114	0.07772	0.00856	0.00493	0.00133	0.00206	0.00753	0.00462	0.00408
55	0.00600	0.00431	0.00563	0.00534	0.00633	0.00399	0.00403	0.00798	0.01179	0.01672	0.78963	0.03164	0.03882	0.00863	0.00495	0.00133	0.00204	0.03018	0.01669	0.00396
56	0.00539	0.00416	0.00492	0.00500	0.00603	0.00370	0.00367	0.00674	0.01013	0.01327	0.32476	0.19587	0.36779	0.01040	0.00506	0.00145	0.00216	0.02165	0.00417	0.00368
57	0.00551	0.00422	0.00492	0.00485	0.00587	0.00377	0.00352	0.00686	0.01018	0.01343	0.37993	0.09135	0.35465	0.08458	0.00645	0.00163	0.00226	0.00829	0.00410	0.00363
58	0.01168	0.77375	0.02106	0.00752	0.01100	0.08016	0.00728	0.02828	0.00902	0.01024	0.00598	0.00687	0.00543	0.00368	0.00281	0.00092	0.00474	0.00231	0.00187	0.00539
59	0.00509	0.00425	0.00444	0.00442	0.00576	0.00360	0.00330	0.00626	0.00983	0.01201	0.13655	0.05636	0.71281	0.01045	0.00498	0.00141	0.00212	0.00878	0.00399	0.00360
60	0.01597	0.01170	0.01231	0.00952	0.01279	0.04394	0.00783	0.72333	0.01890	0.07140	0.02371	0.01059	0.00780	0.00509	0.00420	0.00126	0.00464	0.00383	0.00419	0.00701
61	0.86864	0.00807	0.00615	0.00551	0.00808	0.00935	0.00452	0.01226	0.00714	0.01870	0.00597	0.00714	0.00472	0.01680	0.00289	0.00134	0.00326	0.00233	0.00260	0.00452
62	0.88196	0.00813	0.00618	0.00553	0.00813	0.00943	0.00455	0.01236	0.00715	0.01886	0.00585	0.00683	0.00455	0.00390	0.00260	0.00130	0.00325	0.00228	0.00260	0.00455
63	0.00920	0.00785	0.01091	0.17151	0.13699	0.00746	0.02138	0.07367	0.00988	0.02490	0.07342	0.02309	0.00953	0.02987	0.00435	0.00112	0.00400	0.00373	0.00266	0.37447
64	0.83805	0.00824	0.00646	0.00570	0.00834	0.00950	0.00470	0.03966	0.00766	0.03272	0.00618	0.00707	0.00474	0.00396	0.00268	0.00130	0.00330	0.00236	0.00270	0.00468
65	0.01086	0.00869	0.00890	0.00749	0.00954	0.08138	0.00591	0.33172	0.01464	0.01955	0.33033	0.02017	0.05769	0.01664	0.02999	0.00147	0.00385	0.00547	0.03044	0.00528
66	0.00557	0.00404	0.00518	0.00594	0.00657	0.00378	0.00439	0.00669	0.00875	0.01153	0.04034	0.49884	0.15345	0.01205	0.00531	0.00168	0.00268	0.18503	0.03463	0.00356
67	0.00848	0.03391	0.70316	0.01207	0.01779	0.00966	0.08534	0.01304	0.00912	0.01345	0.04945	0.01021	0.00718	0.00418	0.00411	0.00133	0.00604	0.00349	0.00195	0.00604
68	0.00839	0.00793	0.01100	0.00963	0.00972	0.01076	0.00780	0.00925	0.00643	0.00980	0.00727	0.01262	0.00747	0.12923	0.10972	0.00272	0.62993	0.00412	0.00199	0.00421
69	0.02182	0.34706	0.28365	0.00934	0.04123	0.01166	0.00964	0.03890	0.00889	0.01200	0.02185	0.08373	0.00844	0.01848	0.05068	0.00154	0.01976	0.00379	0.00216	0.00541
70	0.03899	0.00776	0.00926	0.12106	0.02835	0.02137	0.00678	0.16417	0.14473	0.13465	0.02433	0.10456	0.06999	0.03552	0.00496	0.00149	0.00383	0.04074	0.03196	0.00551
71	0.00563	0.00463	0.00535	0.07886	0.00784	0.00430	0.00408	0.01784	0.00963	0.01202	0.14974	0.04816	0.54398	0.08201	0.00631	0.00163	0.00262	0.00797	0.00372	0.00367
72	0.00568	0.00371	0.00468	0.00546	0.00585	0.00352	0.00370	0.00666	0.00821	0.01174	0.02123	0.67857	0.02431	0.01147	0.00487	0.00156	0.00234	0.01030	0.18261	0.00352
73	0.00977	0.01012	0.02060	0.01521	0.01883	0.00966	0.61109	0.01372	0.07649	0.03770	0.04208	0.01610	0.01006	0.00476	0.00497	0.00146	0.00616	0.08302	0.00266	0.00555
74	0.00869	0.00789	0.01268	0.75505	0.04049	0.00968	0.01137	0.08185	0.00943	0.01219	0.00771	0.01110	0.00576	0.00427	0.00420	0.00139	0.00551	0.00374	0.00208	0.00492
75	0.01092	0.01095	0.02287	0.01643	0.02050	0.01035	0.69981	0.04185	0.01040	0.08621	0.00923	0.01153	0.00675	0.00380	0.00500	0.00141	0.01884	0.00484	0.00247	0.00584
76	0.02350	0.46028	0.20153	0.00986	0.04436	0.10451	0.04534	0.02901	0.00929	0.01154	0.00661	0.00777	0.00551	0.00379	0.00330	0.00106	0.00531	0.00271	0.00193	0.02277
77	0.01591	0.00894	0.01106	0.00864	0.01171	0.00906	0.03755	0.30293	0.08594	0.38682	0.01399	0.03374	0.00983	0.02211	0.02042	0.00147	0.00419	0.00438	0.00451	0.00681
78	0.00865	0.00785	0.01261	0.76832	0.02754	0.00967	0.01135	0.08182	0.00941	0.01214	0.00770	0.01111	0.00574	0.00428	0.00420	0.00139	0.00552	0.00374	0.00208	0.00489
79	0.00568	0.00423	0.00528	0.00513	0.00614	0.00383	0.00380	0.00736	0.01109	0.01520	0.59435	0.10581	0.19776	0.00942	0.00500	0.00138	0.00205	0.00825	0.00442	0.00383
80	0.00638	0.00400	0.00536	0.00604	0.00657	0.00369	0.00417	0.00722	0.00844	0.08335	0.02256	0.75596	0.02617	0.01243	0.00528	0.00168	0.00257	0.03034	0.00402	0.00376
81	0.06562	0.01134	0.01159	0.00916	0.01227	0.05500	0.00748	0.59178	0.09617	0.06390	0.01074	0.01064	0.00770	0.00501	0.00407	0.00127	0.00447	0.00376	0.02127	0.00677
82	0.00523	0.00391	0.00486	0.00538	0.00603	0.00354	0.00375	0.00626	0.00909	0.01195	0.16798	0.51412	0.21905	0.01177	0.00520	0.00157	0.00229	0.01046	0.00403	0.00354
83	0.01296	0.00770	0.01006	0.02672	0.14720	0.00781	0.00704	0.04095	0.22307	0.29592	0.02771	0.01433	0.01076	0.00507	0.00403	0.00127	0.00354	0.00427	0.14326	0.00632
84	0.00726	0.00367	0.00544	0.00544	0.00544	0.00367	0.00361	0.00550	0.00550	0.00733	0.00753	0.01335	0.00761	0.04696	0.01662	0.84394	0.00367	0.00375	0.00185	0.00185
85	0.01017	0.00954	0.01118	0.05729	0.23550	0.16368	0.01978	0.01230	0.03820	0.06666	0.08342	0.04436	0.05799	0.02173	0.13635	0.00219	0.01701	0.00471	0.00279	0.00516
86	0.32643	0.05383	0.12204	0.02122	0.10649	0.12021	0.01775	0.08428	0.00980	0.05283	0.00771	0.00931	0.00607	0.00469	0.01567	0.00135	0.01398	0.01830	0.00259	0.00545
87	0.01314	0.45934	0.03339	0.00887	0.01191	0.35407	0.00776	0.03642	0.02125	0.01068	0.00642	0.00734	0.00555	0.00398	0.00324	0.00100	0.00579	0.00253	0.00205	0.00526

[dist]
# distance from previous block
# <min> <max>
0	1

[block]
# block no. 6 follows, 63 sequences, length 17
# corresponding to MSA columns:
# 279-295
name=unknown_G
#
# <colnr> <probs for GDERKNQSTAVLIFYWHMCP>
#	G	D	E	R	K	N	Q	S	T	A	V	L	I	F	Y	W	H	M	C	P
0	0.01136	0.30791	0.24326	0.01149	0.10243	0.10930	0.02682	0.07414	0.01005	0.03341	0.00726	0.00844	0.00580	0.00406	0.00385	0.00115	0.02829	0.00296	0.00214	0.00586
1	0.02142	0.00789	0.01140	0.02304	0.08602	0.02898	0.12327	0.09897	0.03387	0.04560	0.01311	0.03420	0.03120	0.17367	0.04999	0.00228	0.07791	0.12945	0.00295	0.00479
2	0.00545	0.00417	0.00500	0.00502	0.00603	0.00372	0.00368	0.00688	0.01037	0.01378	0.39900	0.18398	0.31738	0.01016	0.00504	0.00143	0.00212	0.00885	0.00424	0.00372
3	0.00539	0.00426	0.00486	0.00474	0.00595	0.00372	0.00354	0.00684	0.01053	0.01368	0.37530	0.06028	0.46627	0.00984	0.00498	0.00139	0.00208	0.00842	0.00421	0.00372
4	0.68812	0.00828	0.00721	0.00614	0.00890	0.00924	0.00506	0.07663	0.00886	0.13727	0.00775	0.00817	0.00561	0.00418	0.00296	0.00130	0.00341	0.00268	0.00311	0.00514
5	0.88196	0.00813	0.00618	0.00553	0.00813	0.00943	0.00455	0.01236	0.00715	0.01886	0.00585	0.00683	0.00455	0.00390	0.00260	0.00130	0.00325	0.00228	0.00260	0.00455
6	0.05044	0.00412	0.00406	0.00406	0.00510	0.00417	0.00305	0.00979	0.00871	0.01566	0.01364	0.04304	0.01104	0.00512	0.00300	0.00102	0.00204	0.00411	0.80390	0.00393
7	0.01761	0.00916	0.01100	0.00843	0.01173	0.00916	0.00697	0.36435	0.01539	0.48035	0.01376	0.01248	0.00899	0.00513	0.00422	0.00128	0.00403	0.00404	0.00477	0.00715
8	0.01124	0.85479	0.02203	0.00719	0.01079	0.01663	0.00719	0.01259	0.00854	0.00989	0.00584	0.00674	0.00539	0.00360	0.00270	0.00090	0.00450	0.00225	0.00180	0.00539
9	0.70084	0.00792	0.00693	0.00594	0.00868	0.00875	0.00489	0.01406	0.00818	0.18885	0.00811	0.00840	0.00578	0.00418	0.00294	0.00130	0.00332	0.00269	0.00315	0.00510
10	0.00869	0.00807	0.01332	0.67431	0.15551	0.00961	0.01170	0.04718	0.00910	0.01193	0.00766	0.01103	0.00584	0.00417	0.00420	0.00137	0.00546	0.00374	0.00201	0.00510
11	0.00516	0.00418	0.00459	0.00467	0.00584	0.00360	0.00343	0.00634	0.00978	0.01224	0.17819	0.15337	0.57263	0.01064	0.00502	0.00144	0.00215	0.00908	0.00403	0.00360
12	0.00808	0.00762	0.01286	0.79527	0.07473	0.00938	0.01175	0.01086	0.00847	0.01091	0.00750	0.01116	0.00566	0.00418	0.00420	0.00139	0.00557	0.00374	0.00188	0.00478
13	0.00684	0.00525	0.02507	0.00530	0.00672	0.00475	0.00418	0.06075	0.03311	0.01568	0.37088	0.02887	0.25064	0.00811	0.00452	0.00129	0.00233	0.00689	0.15465	0.00418
14	0.00730	0.00365	0.00548	0.00548	0.00548	0.00365	0.00365	0.00548	0.00548	0.00730	0.00730	0.01278	0.00730	0.01460	0.01643	0.87769	0.00365	0.00365	0.00183	0.00183
15	0.01376	0.08156	0.02954	0.02141	0.02387	0.13223	0.04374	0.40222	0.01461	0.05205	0.00959	0.01061	0.00729	0.01925	0.03377	0.00144	0.02013	0.00363	0.07326	0.00604
16	0.01200	0.00630	0.00793	0.00678	0.00885	0.00618	0.00534	0.04522	0.11784	0.33030	0.12463	0.03180	0.05482	0.05265	0.11868	0.00220	0.00427	0.00519	0.05347	0.00555

[dist]
# distance from previous block
# <min> <max>
1	21

[block]
# block no. 7 follows, 63 sequences, length 14
# corresponding to MSA columns:
# 317-330
name=unknown_H
#
# <colnr> <probs for GDERKNQSTAVLIFYWHMCP>
#	G	D	E	R	K	N	Q	S	T	A	V	L	I	F	Y	W	H	M	C	P
0	0.01006	0.03145	0.01428	0.35585	0.32924	0.05624	0.01128	0.03965	0.02183	0.01311	0.02805	0.01294	0.02486	0.00510	0.01540	0.00147	0.00543	0.01560	0.00239	0.00576
1	0.75010	0.00805	0.00695	0.02814	0.03678	0.00924	0.00516	0.02805	0.00760	0.03547	0.00655	0.00777	0.00513	0.00534	0.04441	0.00157	0.00381	0.00255	0.00263	0.00469
2	0.00853	0.00805	0.01371	0.70635	0.07268	0.00961	0.06744	0.04212	0.00902	0.01171	0.00767	0.01113	0.00578	0.00416	0.00425	0.00139	0.00564	0.00382	0.00199	0.00495
3	0.00510	0.00384	0.00473	0.00539	0.00599	0.00347	0.00371	0.00596	0.00859	0.01109	0.05224	0.60067	0.24932	0.01233	0.00524	0.00162	0.00234	0.01097	0.00392	0.00347
4	0.00586	0.00449	0.00585	0.02539	0.00724	0.00426	0.02109	0.01908	0.02505	0.01275	0.21447	0.34672	0.18685	0.04132	0.00573	0.00164	0.00265	0.06185	0.00395	0.00376
5	0.11792	0.01024	0.01352	0.01054	0.01319	0.04131	0.14750	0.24412	0.01211	0.15376	0.00929	0.01034	0.00684	0.00514	0.00617	0.00142	0.18357	0.00382	0.00324	0.00595
6	0.01141	0.00948	0.00986	0.00867	0.01117	0.03080	0.00680	0.09508	0.69499	0.04828	0.01618	0.01492	0.01204	0.00559	0.00426	0.00140	0.00356	0.00459	0.00425	0.00667
7	0.00634	0.00453	0.00627	0.00716	0.00797	0.00446	0.00595	0.00801	0.00943	0.01240	0.06909	0.23152	0.02593	0.01180	0.00566	0.00185	0.00343	0.57052	0.00392	0.00377
8	0.06068	0.00978	0.01464	0.28497	0.46643	0.06743	0.01169	0.01245	0.00922	0.01283	0.00755	0.01026	0.00611	0.00394	0.00406	0.00129	0.00527	0.00358	0.00205	0.00577
9	0.00615	0.00451	0.00580	0.00544	0.00649	0.00426	0.00409	0.00859	0.04846	0.01689	0.78725	0.03069	0.03845	0.00846	0.00493	0.00133	0.00204	0.00747	0.00461	0.00409
10	0.01124	0.85479	0.02203	0.00719	0.01079	0.01663	0.00719	0.01259	0.00854	0.00989	0.00584	0.00674	0.00539	0.00360	0.00270	0.00090	0.00450	0.00225	0.00180	0.00539
11	0.01015	0.00980	0.01695	0.10418	0.71649	0.00995	0.04523	0.01272	0.00947	0.01343	0.00789	0.01052	0.00655	0.00378	0.00420	0.00127	0.00514	0.00379	0.00206	0.00643
12	0.01591	0.01046	0.01165	0.00905	0.01222	0.01123	0.00743	0.62021	0.01768	0.17439	0.01203	0.05779	0.00891	0.00553	0.00427	0.00129	0.00431	0.00432	0.00437	0.00694
13	0.01029	0.00987	0.01664	0.05672	0.70803	0.01002	0.04159	0.01350	0.06606	0.01387	0.00855	0.01084	0.00704	0.00389	0.00420	0.00127	0.00498	0.00386	0.00223	0.00654

[dist]
# distance from previous block
# <min> <max>
0	1

[block]
# block no. 8 follows, 63 sequences, length 14
# corresponding to MSA columns:
# 347-360
name=unknown_I
#
# <colnr> <probs for GDERKNQSTAVLIFYWHMCP>
#	G	D	E	R	K	N	Q	S	T	A	V	L	I	F	Y	W	H	M	C	P
0	0.04782	0.00882	0.01186	0.04599	0.26053	0.02221	0.02744	0.06030	0.25494	0.03861	0.02685	0.01767	0.03916	0.00579	0.00455	0.00141	0.01869	0.09809	0.00328	0.00597
1	0.00876	0.12020	0.73494	0.01142	0.01732	0.01057	0.01455	0.01323	0.00884	0.01291	0.00734	0.00862	0.00533	0.00395	0.00384	0.00128	0.00601	0.00300	0.00178	0.00612
2	0.11739	0.04064	0.01165	0.00863	0.01195	0.01168	0.00715	0.57331	0.01637	0.04607	0.00932	0.00955	0.00676	0.00464	0.00384	0.00118	0.00425	0.00341	0.00376	0.10845
3	0.01122	0.00916	0.00975	0.00860	0.01108	0.01048	0.00674	0.08241	0.72489	0.05120	0.01655	0.01520	0.01230	0.00563	0.00427	0.00141	0.00344	0.00466	0.00431	0.00671
4	0.00522	0.00373	0.00497	0.00579	0.00612	0.00348	0.00391	0.00610	0.00850	0.01146	0.11779	0.75283	0.02921	0.01263	0.00532	0.00166	0.00239	0.01144	0.00399	0.00348
5	0.00580	0.00429	0.00541	0.00513	0.00619	0.00390	0.00385	0.00764	0.01155	0.01602	0.70501	0.03278	0.15900	0.00891	0.00496	0.00134	0.00201	0.00780	0.00452	0.00390
6	0.00730	0.00365	0.00548	0.00548	0.00548	0.00365	0.00365	0.00548	0.00548	0.00730	0.00730	0.01278	0.00730	0.01460	0.01643	0.87769	0.00365	0.00365	0.00183	0.00183
7	0.01503	0.00982	0.01086	0.00853	0.01150	0.01055	0.00698	0.52254	0.07134	0.16133	0.02833	0.01221	0.00912	0.00517	0.00409	0.00125	0.00402	0.00402	0.09660	0.00671
8	0.00569	0.00416	0.00534	0.00531	0.00619	0.00382	0.00388	0.00733	0.01090	0.01510	0.58881	0.19764	0.11074	0.00971	0.00504	0.00141	0.00209	0.00860	0.00441	0.00382
9	0.00679	0.02155	0.03360	0.00876	0.10449	0.00566	0.04105	0.02794	0.05109	0.01253	0.07813	0.32340	0.20951	0.03511	0.00540	0.00157	0.00317	0.02238	0.00354	0.00433
10	0.00851	0.00580	0.00752	0.00685	0.00827	0.00619	0.00534	0.02793	0.11844	0.11076	0.18334	0.01981	0.04662	0.04189	0.32064	0.00348	0.04136	0.00526	0.00347	0.02852
11	0.00514	0.00374	0.00479	0.00562	0.00599	0.00345	0.00377	0.00588	0.00816	0.01071	0.02508	0.72477	0.12046	0.04367	0.00591	0.00176	0.00246	0.01138	0.00385	0.00340
12	0.04045	0.00848	0.03210	0.10620	0.04185	0.02630	0.00660	0.04311	0.03382	0.03561	0.00805	0.00940	0.00641	0.00356	0.00341	0.00086	0.00375	0.00286	0.00257	0.58463
13	0.04562	0.01163	0.06762	0.03997	0.32903	0.12925	0.06892	0.02385	0.07425	0.09117	0.00988	0.02082	0.02148	0.00455	0.00458	0.00130	0.04351	0.00389	0.00263	0.00603

[dist]
# distance from previous block
# <min> <max>
0	3

[block]
# block no. 9 follows, 63 sequences, length 60
# corresponding to MSA columns:
# 364-391,405-436
name=unknown_J
#
# <colnr> <probs for GDERKNQSTAVLIFYWHMCP>
#	G	D	E	R	K	N	Q	S	T	A	V	L	I	F	Y	W	H	M	C	P
0	0.06664	0.09965	0.05638	0.06407	0.11860	0.41424	0.03208	0.05766	0.01084	0.01237	0.00692	0.00839	0.00565	0.00422	0.00399	0.00117	0.02660	0.00300	0.00221	0.00533
1	0.00967	0.01103	0.03467	0.01678	0.02078	0.01032	0.73209	0.01321	0.02331	0.01331	0.00901	0.03035	0.00707	0.00473	0.03103	0.00160	0.01822	0.00506	0.00220	0.00557
2	0.00532	0.00418	0.00454	0.00465	0.00561	0.00374	0.00327	0.00617	0.00864	0.01068	0.04700	0.11395	0.51638	0.19529	0.03244	0.00219	0.00288	0.02615	0.00357	0.00334
3	0.00635	0.00439	0.00566	0.00530	0.00640	0.00401	0.00399	0.00823	0.01166	0.04728	0.71862	0.04589	0.09890	0.00870	0.00494	0.00134	0.00206	0.00765	0.00458	0.00405
4	0.01510	0.01134	0.01212	0.00950	0.01270	0.01263	0.00778	0.68686	0.14636	0.02508	0.01120	0.01098	0.00805	0.00515	0.00422	0.00129	0.00442	0.00394	0.00422	0.00707
5	0.88196	0.00813	0.00618	0.00553	0.00813	0.00943	0.00455	0.01236	0.00715	0.01886	0.00585	0.00683	0.00455	0.00390	0.00260	0.00130	0.00325	0.00228	0.00260	0.00455
6	0.01124	0.85479	0.02203	0.00719	0.01079	0.01663	0.00719	0.01259	0.00854	0.00989	0.00584	0.00674	0.00539	0.00360	0.00270	0.00090	0.00450	0.00225	0.00180	0.00539
7	0.01598	0.01177	0.01262	0.00967	0.01304	0.01304	0.00799	0.81202	0.01976	0.02649	0.01009	0.01009	0.00715	0.00505	0.00421	0.00126	0.00463	0.00378	0.00421	0.00715
8	0.01083	0.00965	0.00968	0.00869	0.01108	0.05350	0.00675	0.03572	0.76257	0.01736	0.01644	0.01516	0.01235	0.00562	0.00425	0.00141	0.00357	0.00463	0.00417	0.00657
9	0.88196	0.00813	0.00618	0.00553	0.00813	0.00943	0.00455	0.01236	0.00715	0.01886	0.00585	0.00683	0.00455	0.00390	0.00260	0.00130	0.00325	0.00228	0.00260	0.00455
10	0.01511	0.00993	0.01130	0.00888	0.01175	0.01082	0.00730	0.52031	0.02797	0.17629	0.01140	0.01154	0.00811	0.00659	0.04805	0.00158	0.05416	0.00392	0.04834	0.00665
11	0.00566	0.00429	0.00521	0.00498	0.00610	0.00384	0.00374	0.00737	0.01121	0.01522	0.59137	0.03410	0.27314	0.00920	0.00496	0.00135	0.00203	0.00798	0.00441	0.00384
12	0.01040	0.00999	0.01706	0.02580	0.82604	0.00999	0.01290	0.01290	0.00957	0.01373	0.00791	0.01040	0.00666	0.00375	0.00416	0.00125	0.00499	0.00375	0.00208	0.00666
13	0.00586	0.00414	0.00465	0.00461	0.00501	0.00396	0.00285	0.00632	0.00752	0.00986	0.11835	0.03058	0.18028	0.58045	0.01609	0.00321	0.00343	0.00685	0.00307	0.00292
14	0.00730	0.00365	0.00548	0.00548	0.00548	0.00365	0.00365	0.00548	0.00548	0.00730	0.00730	0.01278	0.00730	0.01460	0.01643	0.87769	0.00365	0.00365	0.00183	0.00183
15	0.01141	0.79079	0.04048	0.00750	0.01108	0.06005	0.00744	0.01283	0.00873	0.00999	0.00592	0.00684	0.00539	0.00364	0.00279	0.00092	0.00470	0.00229	0.00182	0.00539
16	0.00843	0.00491	0.00615	0.00599	0.00685	0.00477	0.00418	0.05060	0.00878	0.14674	0.02951	0.34663	0.01933	0.28315	0.01040	0.00238	0.01495	0.02664	0.01562	0.00399
17	0.01003	0.05330	0.14408	0.04721	0.22013	0.02886	0.17395	0.04626	0.09720	0.01392	0.03531	0.01127	0.00792	0.00454	0.00520	0.00136	0.08709	0.00403	0.00241	0.00594
18	0.00859	0.00787	0.01013	0.04834	0.05439	0.05373	0.02175	0.02974	0.10078	0.01133	0.00985	0.01428	0.00904	0.10824	0.25424	0.00338	0.24305	0.00430	0.00241	0.00456
19	0.02632	0.00591	0.00762	0.00656	0.00795	0.00582	0.03075	0.05745	0.01890	0.24972	0.01430	0.08501	0.01346	0.39258	0.03303	0.00275	0.02820	0.00565	0.00351	0.00450
20	0.01076	0.00868	0.00939	0.00819	0.01052	0.00975	0.00643	0.14888	0.54399	0.03193	0.14713	0.01730	0.01623	0.00606	0.00438	0.00138	0.00332	0.00505	0.00434	0.00631
21	0.00528	0.00377	0.00506	0.00603	0.00635	0.00355	0.00418	0.00613	0.00820	0.01091	0.02308	0.77294	0.02746	0.01302	0.00541	0.00173	0.00258	0.08697	0.00390	0.00346
22	0.00885	0.00748	0.01036	0.06228	0.02276	0.04863	0.12211	0.06408	0.11721	0.05130	0.10249	0.25791	0.01825	0.00878	0.03232	0.00166	0.00424	0.05084	0.00355	0.00488
