[name]
unknown

[dist]
# distance from previous block
# <min> <max>
0	98

[block]
# block no. 0 follows, 65 sequences, length 199
# corresponding to MSA columns:
# 129-327
name=unknown_A
#
# <colnr> <probs for GDERKNQSTAVLIFYWHMCP>
#	G	D	E	R	K	N	Q	S	T	A	V	L	I	F	Y	W	H	M	C	P
0	0.00709	0.00571	0.00936	0.00908	0.01052	0.00561	0.13264	0.00923	0.00949	0.01242	0.01964	0.04081	0.02091	0.01011	0.00554	0.00181	0.00427	0.67819	0.00351	0.00405
1	0.00593	0.00399	0.00447	0.00447	0.00451	0.00396	0.00251	0.00597	0.00608	0.00806	0.01385	0.02727	0.04087	0.82878	0.02038	0.00390	0.00392	0.00606	0.00253	0.00252
2	0.00851	0.00730	0.00851	0.00608	0.00973	0.00547	0.00486	0.01034	0.00851	0.01338	0.00730	0.00851	0.00608	0.00304	0.00304	0.00061	0.00304	0.00243	0.00243	0.88083
3	0.00586	0.00440	0.00660	0.00660	0.00733	0.00513	0.00513	0.00733	0.00660	0.00953	0.01100	0.01613	0.01026	0.03079	0.83947	0.00660	0.01100	0.00440	0.00220	0.00367
4	0.00851	0.00730	0.00851	0.00608	0.00973	0.00547	0.00486	0.01034	0.00851	0.01338	0.00730	0.00851	0.00608	0.00304	0.00304	0.00061	0.00304	0.00243	0.00243	0.88083
5	0.01560	0.01150	0.01232	0.00944	0.01273	0.01273	0.00780	0.81645	0.01930	0.02587	0.00986	0.00986	0.00698	0.00493	0.00411	0.00123	0.00452	0.00370	0.00411	0.00698
6	0.88473	0.00794	0.00603	0.00540	0.00794	0.00921	0.00445	0.01207	0.00699	0.01842	0.00572	0.00667	0.00445	0.00381	0.00254	0.00127	0.00318	0.00222	0.00254	0.00445
7	0.00853	0.00716	0.00740	0.00726	0.02033	0.09554	0.00568	0.09031	0.06985	0.03614	0.16268	0.08989	0.15397	0.00868	0.00482	0.00147	0.00351	0.21853	0.00381	0.00446
8	0.00503	0.00359	0.00480	0.00575	0.00600	0.00336	0.00386	0.00576	0.00789	0.01051	0.02261	0.83898	0.02709	0.01283	0.00525	0.00167	0.00241	0.02547	0.00381	0.00334
9	0.00898	0.00898	0.01257	0.01078	0.01078	0.01257	0.00898	0.00988	0.00629	0.00988	0.00539	0.00898	0.00539	0.00718	0.01347	0.00180	0.84823	0.00359	0.00180	0.00449
10	0.00559	0.00424	0.00529	0.00591	0.00683	0.00394	0.00469	0.00689	0.00901	0.01141	0.02883	0.24910	0.30309	0.01140	0.00528	0.00166	0.00284	0.32665	0.00380	0.00356
11	0.88473	0.00794	0.00603	0.00540	0.00794	0.00921	0.00445	0.01207	0.00699	0.01842	0.00572	0.00667	0.00445	0.00381	0.00254	0.00127	0.00318	0.00222	0.00254	0.00445
12	0.00898	0.00898	0.01257	0.01078	0.01078	0.01257	0.00898	0.00988	0.00629	0.00988	0.00539	0.00898	0.00539	0.00718	0.01347	0.00180	0.84823	0.00359	0.00180	0.00449
13	0.00560	0.00419	0.00610	0.00641	0.00701	0.00393	0.05177	0.00675	0.01934	0.02253	0.09348	0.70718	0.02652	0.01170	0.00515	0.00161	0.00264	0.01069	0.00379	0.00360
14	0.00779	0.00734	0.01238	0.83227	0.04156	0.00913	0.01142	0.01052	0.00823	0.01054	0.00730	0.01093	0.00549	0.00410	0.00410	0.00137	0.00546	0.00365	0.00183	0.00459
15	0.00581	0.00420	0.00549	0.00516	0.00613	0.00387	0.00387	0.00775	0.01162	0.01646	0.82797	0.03066	0.03873	0.00839	0.00484	0.00129	0.00194	0.00742	0.00452	0.00387
16	0.00587	0.00439	0.00654	0.00654	0.00725	0.00510	0.00506	0.00729	0.00658	0.00949	0.01105	0.01642	0.01039	0.05341	0.81702	0.00653	0.01080	0.00444	0.00221	0.00363
17	0.01004	0.00806	0.00877	0.00781	0.00997	0.00905	0.00608	0.05598	0.61049	0.05190	0.15729	0.01767	0.01673	0.00601	0.00429	0.00136	0.00309	0.00506	0.00427	0.00608
18	0.00485	0.00416	0.00416	0.00416	0.00554	0.00347	0.00312	0.00589	0.00936	0.01109	0.04158	0.03950	0.82847	0.01040	0.00485	0.00139	0.00208	0.00866	0.00381	0.00347
19	0.01492	0.01097	0.01179	0.00922	0.01236	0.01216	0.00756	0.67720	0.13436	0.05018	0.01104	0.01077	0.00788	0.00502	0.00412	0.00126	0.00430	0.00385	0.00415	0.00691
20	0.01097	0.85821	0.02151	0.00702	0.01054	0.01624	0.00702	0.01229	0.00834	0.00966	0.00571	0.00658	0.00527	0.00351	0.00263	0.00088	0.00439	0.00219	0.00176	0.00527
21	0.01064	0.00621	0.00766	0.00650	0.00843	0.00608	0.00512	0.11230	0.08485	0.22430	0.43484	0.02223	0.02475	0.00681	0.00448	0.00128	0.00277	0.00582	0.01967	0.00528
22	0.00510	0.00377	0.00476	0.00535	0.00591	0.00344	0.00369	0.00605	0.00869	0.01149	0.14681	0.58190	0.17453	0.01174	0.00511	0.00156	0.00226	0.01049	0.00392	0.00344
23	0.01609	0.01350	0.01102	0.00923	0.01192	0.37052	0.00725	0.18540	0.05197	0.26653	0.01060	0.01031	0.00749	0.00470	0.00394	0.00118	0.00540	0.00342	0.00354	0.00599
24	0.00775	0.00730	0.01231	0.84587	0.02827	0.00912	0.01140	0.01049	0.00821	0.01049	0.00730	0.01094	0.00547	0.00410	0.00410	0.00137	0.00547	0.00365	0.00182	0.00456
25	0.00595	0.00407	0.00492	0.00492	0.00507	0.00422	0.00304	0.00625	0.00610	0.00829	0.01253	0.02463	0.01395	0.68390	0.19141	0.00452	0.00544	0.00564	0.00243	0.00273
26	0.00758	0.00676	0.00968	0.05315	0.19402	0.04661	0.00739	0.00918	0.00753	0.01046	0.00989	0.04040	0.00931	0.05507	0.44780	0.00424	0.07000	0.00435	0.00217	0.00440
27	0.00878	0.00870	0.01576	0.45570	0.23695	0.00959	0.16735	0.01155	0.00876	0.01176	0.00757	0.01073	0.00589	0.00392	0.00440	0.00134	0.02019	0.00388	0.00193	0.00526
28	0.00713	0.00563	0.00926	0.00851	0.00989	0.00537	0.15517	0.02858	0.00911	0.04571	0.01943	0.40398	0.03352	0.01014	0.00521	0.00165	0.00371	0.23036	0.00354	0.00411
29	0.01106	0.01210	0.01536	0.16901	0.37474	0.23300	0.10058	0.01330	0.00979	0.01195	0.00734	0.00966	0.00596	0.00387	0.00406	0.00122	0.00589	0.00352	0.00202	0.00557
30	0.85281	0.00817	0.00634	0.00587	0.02388	0.02359	0.00466	0.01215	0.00711	0.01818	0.00577	0.00675	0.00450	0.00381	0.00259	0.00127	0.00328	0.00226	0.00252	0.00449
31	0.00659	0.00519	0.00753	0.03736	0.05873	0.00599	0.00569	0.00836	0.04034	0.01003	0.01089	0.01654	0.01030	0.13259	0.55841	0.00517	0.05405	0.00449	0.01786	0.00388
32	0.01201	0.28479	0.07580	0.02661	0.12376	0.28769	0.05171	0.03602	0.02055	0.01129	0.00680	0.00818	0.00570	0.00429	0.01474	0.00116	0.01862	0.00289	0.00203	0.00536
33	0.00578	0.00418	0.00546	0.00518	0.00613	0.00386	0.00387	0.00768	0.01150	0.01628	0.80306	0.05610	0.03837	0.00853	0.00485	0.00130	0.00195	0.00755	0.00450	0.00386
34	0.00497	0.00408	0.00437	0.00448	0.00566	0.00349	0.00329	0.00605	0.00936	0.01152	0.11524	0.15493	0.63724	0.01055	0.00491	0.00142	0.00211	0.00897	0.00388	0.00349
35	0.00932	0.00955	0.01243	0.01070	0.01084	0.06226	0.00886	0.01023	0.00661	0.00988	0.00553	0.00899	0.00546	0.00736	0.02526	0.00182	0.78504	0.00355	0.00182	0.00449
36	0.00883	0.00729	0.00854	0.00612	0.00975	0.00549	0.00490	0.01064	0.00862	0.03951	0.00758	0.00869	0.00621	0.00311	0.00307	0.00063	0.00305	0.00249	0.00252	0.85297
37	0.00658	0.00471	0.00657	0.00750	0.00845	0.00470	0.00655	0.00846	0.00945	0.01226	0.02209	0.04618	0.03810	0.01132	0.00566	0.00188	0.00375	0.78823	0.00378	0.00377
38	0.88473	0.00794	0.00603	0.00540	0.00794	0.00921	0.00445	0.01207	0.00699	0.01842	0.00572	0.00667	0.00445	0.00381	0.00254	0.00127	0.00318	0.00222	0.00254	0.00445
39	0.00710	0.00358	0.00533	0.00533	0.00533	0.00358	0.00354	0.00536	0.00536	0.00715	0.00727	0.01284	0.00732	0.03519	0.01616	0.85877	0.00358	0.00362	0.00180	0.00180
40	0.01097	0.85821	0.02151	0.00702	0.01054	0.01624	0.00702	0.01229	0.00834	0.00966	0.00571	0.00658	0.00527	0.00351	0.00263	0.00088	0.00439	0.00219	0.00176	0.00527
41	0.01833	0.00713	0.00961	0.00737	0.01055	0.00624	0.00609	0.04508	0.01199	0.80756	0.01599	0.01384	0.01006	0.00508	0.00413	0.00127	0.00353	0.00411	0.00505	0.00699
42	0.00597	0.00398	0.00448	0.00448	0.00448	0.00398	0.00249	0.00597	0.00597	0.00796	0.01293	0.02686	0.01492	0.85574	0.02089	0.00398	0.00398	0.00597	0.00249	0.00249
43	0.88473	0.00794	0.00603	0.00540	0.00794	0.00921	0.00445	0.01207	0.00699	0.01842	0.00572	0.00667	0.00445	0.00381	0.00254	0.00127	0.00318	0.00222	0.00254	0.00445
44	0.00500	0.00357	0.00476	0.00572	0.00595	0.00333	0.00381	0.00572	0.00786	0.01048	0.02262	0.85306	0.02715	0.01286	0.00524	0.00167	0.00238	0.01167	0.00381	0.00333
45	0.00851	0.00730	0.00851	0.00608	0.00973	0.00547	0.00486	0.01034	0.00851	0.01338	0.00730	0.00851	0.00608	0.00304	0.00304	0.00061	0.00304	0.00243	0.00243	0.88083
46	0.01842	0.00699	0.00953	0.00730	0.01048	0.00603	0.00603	0.02000	0.01175	0.83298	0.01619	0.01397	0.01016	0.00508	0.00413	0.00127	0.00349	0.00413	0.00508	0.00699
47	0.00823	0.02123	0.83447	0.01170	0.01777	0.00953	0.01517	0.01300	0.00867	0.01300	0.00737	0.00867	0.00520	0.00390	0.00390	0.00130	0.00607	0.00303	0.00173	0.00607
48	0.01521	0.01930	0.01157	0.01052	0.01264	0.81864	0.00790	0.01653	0.03180	0.01022	0.00660	0.00760	0.00547	0.00426	0.00371	0.00107	0.00730	0.00269	0.00217	0.00480
49	0.01842	0.00699	0.00953	0.00730	0.01048	0.00603	0.00603	0.02000	0.01175	0.83298	0.01619	0.01397	0.01016	0.00508	0.00413	0.00127	0.00349	0.00413	0.00508	0.00699
50	0.01833	0.00713	0.00961	0.00737	0.01055	0.00624	0.00609	0.04508	0.01199	0.80756	0.01599	0.01384	0.01006	0.00508	0.00413	0.00127	0.00353	0.00411	0.00505	0.00699
51	0.00539	0.00431	0.00507	0.00528	0.03173	0.00381	0.00372	0.00676	0.01004	0.01302	0.32248	0.08215	0.46022	0.02153	0.00507	0.00140	0.00216	0.00819	0.00399	0.00369
52	0.00859	0.08400	0.76116	0.01128	0.01711	0.00999	0.01442	0.01305	0.00869	0.02482	0.00737	0.00859	0.00528	0.00389	0.00381	0.00127	0.00590	0.00299	0.00178	0.00602
53	0.00775	0.00730	0.01231	0.84587	0.02827	0.00912	0.01140	0.01049	0.00821	0.01049	0.00730	0.01094	0.00547	0.00410	0.00410	0.00137	0.00547	0.00365	0.00182	0.00456
54	0.51012	0.04814	0.01034	0.02170	0.13197	0.12597	0.05050	0.02370	0.00837	0.01569	0.00632	0.00766	0.00506	0.00388	0.00325	0.00123	0.01612	0.00270	0.00235	0.00493
55	0.00566	0.00435	0.00476	0.00464	0.00599	0.00379	0.00354	0.00713	0.02397	0.03720	0.20144	0.03628	0.58395	0.00967	0.00481	0.00137	0.00217	0.03544	0.02011	0.00373
56	0.04721	0.30218	0.01451	0.02491	0.01167	0.37499	0.00735	0.04769	0.02434	0.04372	0.00732	0.03435	0.00633	0.00442	0.00372	0.00108	0.03392	0.00295	0.00228	0.00507
57	0.00883	0.00729	0.00854	0.00612	0.00975	0.00549	0.00490	0.01064	0.00862	0.03951	0.00758	0.00869	0.00621	0.00311	0.00307	0.00063	0.00305	0.00249	0.00252	0.85297
58	0.03955	0.04540	0.03562	0.02115	0.02526	0.06555	0.00706	0.14910	0.01226	0.49583	0.01268	0.01182	0.00843	0.00492	0.00444	0.00126	0.04527	0.00375	0.00415	0.00650
59	0.00808	0.12404	0.12533	0.00750	0.02146	0.00769	0.03199	0.03056	0.09967	0.04060	0.30521	0.03728	0.11874	0.00669	0.00442	0.00127	0.01550	0.00564	0.00347	0.00487
60	0.00713	0.00357	0.00535	0.00535	0.00535	0.00357	0.00357	0.00535	0.00535	0.00713	0.00713	0.01248	0.00713	0.01426	0.01604	0.88057	0.00357	0.00357	0.00178	0.00178
61	0.01021	0.00882	0.00928	0.00835	0.01067	0.01021	0.00650	0.02181	0.82272	0.01717	0.01671	0.01532	0.01253	0.00557	0.00418	0.00139	0.00325	0.00464	0.00418	0.00650
62	0.00956	0.04661	0.22046	0.16750	0.24267	0.00971	0.04613	0.06368	0.03514	0.03687	0.00863	0.01128	0.00685	0.00521	0.03396	0.00149	0.02014	0.02607	0.00225	0.00578
63	0.01070	0.07536	0.07567	0.02308	0.02717	0.02151	0.27150	0.18332	0.14872	0.01593	0.01089	0.05929	0.00896	0.00501	0.00450	0.00134	0.02011	0.02816	0.00295	0.00582
64	0.01533	0.01956	0.01163	0.01058	0.01269	0.83926	0.00793	0.01639	0.01163	0.01005	0.00635	0.00740	0.00529	0.00423	0.00370	0.00106	0.00740	0.00264	0.00212	0.00476
65	0.00487	0.00416	0.00418	0.00417	0.00555	0.00347	0.00313	0.00592	0.00939	0.01117	0.05306	0.03938	0.81694	0.01037	0.00485	0.00138	0.00208	0.00865	0.00382	0.00347
66	0.06914	0.03528	0.06313	0.02489	0.11255	0.02906	0.03780	0.13982	0.02379	0.31331	0.05860	0.02634	0.01006	0.01755	0.01913	0.00139	0.00428	0.00409	0.00368	0.00613
67	0.01028	0.00976	0.01588	0.04066	0.74284	0.03214	0.01199	0.01277	0.02115	0.02935	0.00881	0.01098	0.02705	0.00391	0.00408	0.00123	0.00484	0.00378	0.00216	0.00635
68	0.00661	0.00472	0.00661	0.00756	0.00850	0.00472	0.00661	0.00850	0.00945	0.01228	0.02173	0.04630	0.02362	0.01134	0.00567	0.00189	0.00378	0.80250	0.00378	0.00378
69	0.00992	0.00951	0.01623	0.10635	0.75084	0.00969	0.01248	0.01239	0.00923	0.01312	0.00768	0.01024	0.00640	0.00370	0.00407	0.00123	0.00494	0.00366	0.00201	0.00631
70	0.03775	0.09508	0.34589	0.01192	0.04083	0.04166	0.19487	0.03458	0.00959	0.08841	0.03141	0.02305	0.00746	0.00426	0.00405	0.00127	0.00555	0.01425	0.00237	0.00576
71	0.00969	0.01107	0.02422	0.01730	0.02145	0.01038	0.81522	0.01315	0.00969	0.01315	0.00830	0.01107	0.00623	0.00346	0.00484	0.00138	0.00692	0.00484	0.00208	0.00554
72	0.00659	0.00480	0.00670	0.00789	0.04069	0.00478	0.00634	0.00848	0.02089	0.01222	0.02128	0.15126	0.03378	0.01098	0.00545	0.00180	0.00356	0.62319	0.02548	0.00386
73	0.09165	0.09021	0.18884	0.01085	0.06622	0.24922	0.04411	0.08912	0.01049	0.05244	0.00831	0.00933	0.02741	0.00438	0.00412	0.00120	0.04106	0.00318	0.00239	0.00547
74	0.01027	0.06551	0.00950	0.00809	0.02182	0.15882	0.02046	0.10441	0.09089	0.05728	0.01461	0.21176	0.02569	0.02879	0.02765	0.00157	0.01722	0.07738	0.04348	0.00481
75	0.00646	0.00458	0.00624	0.00703	0.00782	0.00456	0.00590	0.00807	0.00900	0.01177	0.04386	0.06524	0.02298	0.12501	0.00768	0.00215	0.00372	0.65070	0.00363	0.00360
76	0.00609	0.00417	0.00547	0.00610	0.00660	0.00405	0.00427	0.04019	0.00852	0.04226	0.02151	0.73702	0.02514	0.01207	0.00531	0.00165	0.01733	0.04475	0.00383	0.00366
77	0.03419	0.00715	0.00933	0.00729	0.01031	0.00650	0.00598	0.04943	0.06252	0.69631	0.04253	0.01469	0.02370	0.00527	0.00413	0.00128	0.00344	0.00428	0.00490	0.00675
78	0.01262	0.46248	0.01683	0.00862	0.01141	0.33297	0.00745	0.02559	0.03533	0.01028	0.00635	0.00732	0.00553	0.00402	0.00355	0.00100	0.03902	0.00252	0.00201	0.00510
79	0.00594	0.00397	0.00449	0.00451	0.00452	0.00396	0.00252	0.00596	0.00602	0.00803	0.01321	0.05014	0.01527	0.83199	0.02045	0.00391	0.00393	0.00613	0.00252	0.00251
80	0.01139	0.72525	0.05264	0.00759	0.01108	0.08536	0.00745	0.04011	0.00901	0.01038	0.00597	0.00685	0.00533	0.00364	0.00282	0.00092	0.00472	0.00232	0.00187	0.00531
81	0.00713	0.00357	0.00535	0.00535	0.00535	0.00357	0.00357	0.00535	0.00535	0.00713	0.00713	0.01248	0.00713	0.01426	0.01604	0.88057	0.00357	0.00357	0.00178	0.00178
82	0.04534	0.48216	0.22643	0.00882	0.01291	0.02778	0.04068	0.07515	0.02503	0.01240	0.00678	0.00773	0.00553	0.00378	0.00320	0.00106	0.00491	0.00268	0.00203	0.00560
83	0.00800	0.00753	0.01264	0.76267	0.09702	0.00919	0.01143	0.01084	0.02053	0.01084	0.00747	0.01094	0.00567	0.00409	0.00410	0.00136	0.00539	0.00366	0.00188	0.00476
84	0.00838	0.02073	0.80841	0.01150	0.01744	0.00939	0.01483	0.01305	0.00871	0.02525	0.00760	0.00886	0.00536	0.00393	0.00389	0.00129	0.00596	0.00306	0.01632	0.00604
85	0.00546	0.00407	0.00502	0.00500	0.00591	0.00369	0.00364	0.00692	0.01028	0.01393	0.48322	0.17253	0.21849	0.03664	0.00542	0.00146	0.00211	0.00839	0.00417	0.00364
86	0.01202	0.02568	0.01017	0.00903	0.03885	0.13327	0.00684	0.09719	0.45646	0.09518	0.03491	0.01429	0.03701	0.00538	0.00410	0.00130	0.00402	0.00432	0.00383	0.00615
87	0.01038	0.00890	0.00938	0.00839	0.01074	0.01029	0.00654	0.04715	0.79710	0.01745	0.01649	0.01514	0.01235	0.00555	0.00417	0.00139	0.00329	0.00461	0.00417	0.00651
88	0.00928	0.00544	0.00561	0.00503	0.00647	0.00571	0.00392	0.17019	0.02550	0.01744	0.01275	0.01422	0.00985	0.00483	0.00314	0.00102	0.00245	0.00381	0.68883	0.00450
89	0.01327	0.30800	0.04071	0.00881	0.01192	0.16191	0.00771	0.31617	0.03865	0.01618	0.00787	0.00851	0.00623	0.00480	0.01868	0.00119	0.01775	0.00300	0.00279	0.00584
90	0.00879	0.02123	0.00915	0.00707	0.05070	0.00587	0.00530	0.01063	0.00860	0.02582	0.00743	0.00865	0.00615	0.00311	0.00310	0.00065	0.00316	0.00252	0.00244	0.80965
91	0.02670	0.42428	0.35838	0.00908	0.01355	0.02874	0.01036	0.03799	0.00888	0.02354	0.00678	0.00784	0.00543	0.00423	0.01763	0.00118	0.00523	0.00267	0.00190	0.00563
92	0.00587	0.00439	0.00656	0.00656	0.00728	0.00511	0.00509	0.00731	0.00659	0.00950	0.01103	0.01630	0.01034	0.04451	0.82585	0.00655	0.01088	0.00442	0.00220	0.00365
93	0.00586	0.00440	0.00660	0.00660	0.00733	0.00513	0.00513	0.00733	0.00660	0.00953	0.01100	0.01613	0.01026	0.03079	0.83947	0.00660	0.01100	0.00440	0.00220	0.00367
94	0.00997	0.00956	0.01632	0.09003	0.76679	0.00970	0.01250	0.01243	0.00926	0.01318	0.00769	0.01022	0.00642	0.00369	0.00407	0.00123	0.00492	0.00366	0.00202	0.00635
95	0.00669	0.00409	0.00537	0.00526	0.00526	0.00430	0.00338	0.00591	0.00570	0.00769	0.00976	0.01905	0.01070	0.41065	0.01818	0.41439	0.05451	0.00470	0.00212	0.00228
96	0.01044	0.00931	0.00939	0.00845	0.01077	0.04796	0.00656	0.02157	0.78578	0.01685	0.01624	0.01495	0.01220	0.00551	0.00416	0.00138	0.00344	0.00455	0.00408	0.00642
97	0.00969	0.01107	0.02422	0.01730	0.02145	0.01038	0.81522	0.01315	0.00969	0.01315	0.00830	0.01107	0.00623	0.00346	0.00484	0.00138	0.00692	0.00484	0.00208	0.00554
98	0.00941	0.00982	0.08398	0.01895	0.51133	0.03460	0.05331	0.01140	0.00880	0.01225	0.00870	0.02379	0.00782	0.00581	0.00590	0.12591	0.00488	0.05577	0.00211	0.00547
99	0.00490	0.00402	0.00432	0.00453	0.00565	0.00344	0.00329	0.00588	0.00905	0.01103	0.04919	0.22531	0.63333	0.01093	0.00494	0.00145	0.00215	0.00933	0.00382	0.00344
100	0.00597	0.00398	0.00448	0.00448	0.00448	0.00398	0.00249	0.00597	0.00597	0.00796	0.01293	0.02686	0.01492	0.85574	0.02089	0.00398	0.00398	0.00597	0.00249	0.00249
101	0.00541	0.00399	0.00524	0.00618	0.01962	0.00385	0.00411	0.00682	0.05605	0.01104	0.03756	0.77407	0.02617	0.01219	0.00515	0.00164	0.00246	0.01104	0.00382	0.00358
102	0.00735	0.02606	0.23736	0.01116	0.15335	0.00670	0.02002	0.00967	0.00860	0.02466	0.01510	0.34863	0.01615	0.00819	0.00464	0.00149	0.00410	0.08910	0.00288	0.00481
103	0.00525	0.00375	0.00503	0.00596	0.00630	0.00355	0.00420	0.00612	0.00806	0.01070	0.02234	0.72293	0.02645	0.02585	0.00555	0.00174	0.00261	0.12645	0.00379	0.00339
104	0.00635	0.00477	0.00632	0.03275	0.00687	0.00544	0.00438	0.00689	0.00636	0.00883	0.01189	0.08786	0.01298	0.42240	0.21325	0.03886	0.11270	0.00558	0.00239	0.00313
105	0.00906	0.02751	0.45244	0.02766	0.30462	0.00982	0.06781	0.01276	0.00892	0.01301	0.00749	0.00936	0.00574	0.00385	0.00420	0.00128	0.02310	0.00338	0.00186	0.00612
106	0.01064	0.02486	0.04676	0.08122	0.13144	0.22431	0.00960	0.01212	0.00840	0.01060	0.00630	0.00897	0.00560	0.00584	0.02109	0.00153	0.38056	0.00333	0.00192	0.00492
107	0.81625	0.02265	0.00672	0.00597	0.02096	0.04788	0.00478	0.01228	0.00726	0.01780	0.00578	0.00676	0.00453	0.00382	0.00262	0.00125	0.00342	0.00226	0.00250	0.00451
108	0.00518	0.00371	0.00502	0.00592	0.00624	0.00355	0.00412	0.00604	0.00793	0.01058	0.02194	0.74130	0.02597	0.01367	0.04875	0.00194	0.00295	0.07809	0.00372	0.00339
109	0.01803	0.00690	0.00940	0.00724	0.01035	0.00597	0.00597	0.01963	0.01174	0.80787	0.04115	0.01448	0.01104	0.00518	0.00415	0.00127	0.00345	0.00423	0.00506	0.00689
110	0.00592	0.00448	0.00671	0.00667	0.00739	0.00527	0.00520	0.00738	0.00659	0.00954	0.01089	0.01600	0.01017	0.03036	0.82449	0.00651	0.02618	0.00438	0.00219	0.00368
111	0.00856	0.00860	0.01594	0.51718	0.12052	0.00959	0.22176	0.01142	0.00869	0.01152	0.00757	0.01085	0.00579	0.00394	0.00447	0.00136	0.02130	0.00396	0.00191	0.00504
112	0.01033	0.01001	0.01621	0.02380	0.75360	0.03959	0.02203	0.02567	0.00960	0.01346	0.00812	0.01111	0.00696	0.00392	0.00411	0.00124	0.00496	0.02681	0.00212	0.00636
113	0.06103	0.11020	0.44388	0.01318	0.18676	0.02094	0.01212	0.01277	0.00871	0.04213	0.00769	0.00948	0.00600	0.03106	0.01625	0.00139	0.00539	0.00317	0.00200	0.00584
114	0.03493	0.00777	0.02445	0.00759	0.01081	0.00692	0.00636	0.10993	0.01246	0.71098	0.01511	0.01327	0.00960	0.00502	0.00409	0.00127	0.00365	0.00402	0.00486	0.00692
115	0.00846	0.01993	0.75549	0.01198	0.04296	0.00933	0.02542	0.01298	0.00879	0.02880	0.00802	0.01005	0.00594	0.00415	0.00398	0.00132	0.00592	0.02859	0.00188	0.00602
116	0.00488	0.00416	0.00420	0.00419	0.00556	0.00348	0.00314	0.00595	0.00943	0.01126	0.06666	0.03922	0.80328	0.01033	0.00485	0.00138	0.00207	0.00862	0.00383	0.00348
117	0.01533	0.01956	0.01163	0.01058	0.01269	0.83926	0.00793	0.01639	0.01163	0.01005	0.00635	0.00740	0.00529	0.00423	0.00370	0.00106	0.00740	0.00264	0.00212	0.00476
118	0.00713	0.00357	0.00535	0.00535	0.00535	0.00357	0.00357	0.00535	0.00535	0.00713	0.00713	0.01248	0.00713	0.01426	0.01604	0.88057	0.00357	0.00357	0.00178	0.00178
119	0.01097	0.85821	0.02151	0.00702	0.01054	0.01624	0.00702	0.01229	0.00834	0.00966	0.00571	0.00658	0.00527	0.00351	0.00263	0.00088	0.00439	0.00219	0.00176	0.00527
120	0.00851	0.00730	0.00851	0.00608	0.00973	0.00547	0.00486	0.01034	0.00851	0.01338	0.00730	0.00851	0.00608	0.00304	0.00304	0.00061	0.00304	0.00243	0.00243	0.88083
121	0.00561	0.00419	0.00521	0.00495	0.00601	0.00379	0.00371	0.00736	0.01114	0.01533	0.66220	0.03253	0.20520	0.00881	0.00484	0.00131	0.00197	0.00768	0.00437	0.00379
122	0.01076	0.81028	0.04706	0.00716	0.01069	0.01575	0.00724	0.01219	0.00831	0.00976	0.00589	0.00689	0.00539	0.00420	0.02349	0.00103	0.00461	0.00228	0.00177	0.00525
123	0.01005	0.03195	0.03467	0.01889	0.33855	0.06738	0.34931	0.01280	0.00962	0.01289	0.00882	0.01282	0.00747	0.00416	0.00444	0.00132	0.00584	0.06111	0.00217	0.00574
124	0.01021	0.00882	0.00928	0.00835	0.01067	0.01021	0.00650	0.02181	0.82272	0.01717	0.01671	0.01532	0.01253	0.00557	0.00418	0.00139	0.00325	0.00464	0.00418	0.00650
125	0.00581	0.00420	0.00549	0.00516	0.00613	0.00387	0.00387	0.00775	0.01162	0.01646	0.82797	0.03066	0.03873	0.00839	0.00484	0.00129	0.00194	0.00742	0.00452	0.00387
126	0.00500	0.00357	0.00476	0.00572	0.00595	0.00333	0.00381	0.00572	0.00786	0.01048	0.02262	0.85306	0.02715	0.01286	0.00524	0.00167	0.00238	0.01167	0.00381	0.00333
127	0.01842	0.00699	0.00953	0.00730	0.01048	0.00603	0.00603	0.02000	0.01175	0.83298	0.01619	0.01397	0.01016	0.00508	0.00413	0.00127	0.00349	0.00413	0.00508	0.00699
128	0.01533	0.01956	0.01163	0.01058	0.01269	0.83926	0.00793	0.01639	0.01163	0.01005	0.00635	0.00740	0.00529	0.00423	0.00370	0.00106	0.00740	0.00264	0.00212	0.00476
129	0.00823	0.02123	0.83447	0.01170	0.01777	0.00953	0.01517	0.01300	0.00867	0.01300	0.00737	0.00867	0.00520	0.00390	0.00390	0.00130	0.00607	0.00303	0.00173	0.00607
130	0.00969	0.01107	0.02422	0.01730	0.02145	0.01038	0.81522	0.01315	0.00969	0.01315	0.00830	0.01107	0.00623	0.00346	0.00484	0.00138	0.00692	0.00484	0.00208	0.00554
131	0.00581	0.00420	0.00549	0.00516	0.00613	0.00387	0.00387	0.00775	0.01162	0.01646	0.82797	0.03066	0.03873	0.00839	0.00484	0.00129	0.00194	0.00742	0.00452	0.00387
132	0.01097	0.85821	0.02151	0.00702	0.01054	0.01624	0.00702	0.01229	0.00834	0.00966	0.00571	0.00658	0.00527	0.00351	0.00263	0.00088	0.00439	0.00219	0.00176	0.00527
133	0.01607	0.05934	0.03893	0.00829	0.01158	0.00958	0.00709	0.35434	0.02670	0.38904	0.01312	0.01215	0.02448	0.00500	0.00404	0.00124	0.00403	0.00389	0.00432	0.00678
134	0.01026	0.08010	0.33100	0.01339	0.08814	0.16443	0.18608	0.01361	0.02445	0.01229	0.00768	0.00970	0.00601	0.00402	0.00416	0.00125	0.01862	0.01718	0.00199	0.00563
135	0.88473	0.00794	0.00603	0.00540	0.00794	0.00921	0.00445	0.01207	0.00699	0.01842	0.00572	0.00667	0.00445	0.00381	0.00254	0.00127	0.00318	0.00222	0.00254	0.00445
136	0.00831	0.00797	0.01268	0.66378	0.14106	0.03526	0.01118	0.01088	0.00846	0.01095	0.00788	0.01116	0.01779	0.00420	0.00425	0.00134	0.02087	0.00369	0.01345	0.00482
137	0.01560	0.01150	0.01232	0.00944	0.01273	0.01273	0.00780	0.81645	0.01930	0.02587	0.00986	0.00986	0.00698	0.00493	0.00411	0.00123	0.00452	0.00370	0.00411	0.00698
138	0.00713	0.00357	0.00535	0.00535	0.00535	0.00357	0.00357	0.00535	0.00535	0.00713	0.00713	0.01248	0.00713	0.01426	0.01604	0.88057	0.00357	0.00357	0.00178	0.00178
139	0.00775	0.00730	0.01231	0.84587	0.02827	0.00912	0.01140	0.01049	0.00821	0.01049	0.00730	0.01094	0.00547	0.00410	0.00410	0.00137	0.00547	0.00365	0.00182	0.00456
140	0.01560	0.01150	0.01232	0.00944	0.01273	0.01273	0.00780	0.81645	0.01930	0.02587	0.00986	0.00986	0.00698	0.00493	0.00411	0.00123	0.00452	0.00370	0.00411	0.00698
141	0.88473	0.00794	0.00603	0.00540	0.00794	0.00921	0.00445	0.01207	0.00699	0.01842	0.00572	0.00667	0.00445	0.00381	0.00254	0.00127	0.00318	0.00222	0.00254	0.00445
142	0.01842	0.00699	0.00953	0.00730	0.01048	0.00603	0.00603	0.02000	0.01175	0.83298	0.01619	0.01397	0.01016	0.00508	0.00413	0.00127	0.00349	0.00413	0.00508	0.00699
143	0.00591	0.00502	0.00686	0.00801	0.12074	0.00458	0.03002	0.00727	0.00933	0.01210	0.14481	0.22868	0.38222	0.00955	0.00483	0.00142	0.00267	0.00839	0.00361	0.00398
144	0.00581	0.00420	0.00549	0.00516	0.00613	0.00387	0.00387	0.00775	0.01162	0.01646	0.82797	0.03066	0.03873	0.00839	0.00484	0.00129	0.00194	0.00742	0.00452	0.00387
145	0.00837	0.02024	0.75565	0.01224	0.01812	0.00962	0.09300	0.01301	0.00877	0.01301	0.00746	0.00890	0.00530	0.00386	0.00399	0.00131	0.00615	0.00321	0.00177	0.00601
146	0.01016	0.00975	0.01666	0.02520	0.83013	0.00975	0.01260	0.01260	0.00935	0.01341	0.00772	0.01016	0.00650	0.00366	0.00406	0.00122	0.00488	0.00366	0.00203	0.00650
147	0.00866	0.00822	0.01390	0.51113	0.34319	0.00929	0.01175	0.01125	0.00867	0.01165	0.00796	0.01105	0.01771	0.00402	0.00410	0.00131	0.00519	0.00372	0.00193	0.00531
148	0.00832	0.00810	0.00956	0.02071	0.08651	0.14827	0.08816	0.02114	0.01887	0.01150	0.04180	0.29394	0.01742	0.08063	0.00617	0.00170	0.00435	0.12558	0.00307	0.00421
149	0.00500	0.00357	0.00476	0.00572	0.00595	0.00333	0.00381	0.00572	0.00786	0.01048	0.02262	0.85306	0.02715	0.01286	0.00524	0.00167	0.00238	0.01167	0.00381	0.00333
150	0.01123	0.01598	0.29156	0.03988	0.22961	0.20004	0.01166	0.10410	0.03269	0.01391	0.00776	0.00915	0.00597	0.00408	0.00393	0.00122	0.00579	0.00324	0.00223	0.00595
151	0.00969	0.01107	0.02422	0.01730	0.02145	0.01038	0.81522	0.01315	0.00969	0.01315	0.00830	0.01107	0.00623	0.00346	0.00484	0.00138	0.00692	0.00484	0.00208	0.00554
152	0.00713	0.00357	0.00535	0.00535	0.00535	0.00357	0.00357	0.00535	0.00535	0.00713	0.00713	0.01248	0.00713	0.01426	0.01604	0.88057	0.00357	0.00357	0.00178	0.00178
153	0.00596	0.00400	0.00459	0.00459	0.00462	0.00404	0.00262	0.00604	0.00600	0.00804	0.01283	0.02631	0.01469	0.81356	0.06275	0.00411	0.00434	0.00589	0.00247	0.00255
154	0.00496	0.00371	0.00462	0.00534	0.00585	0.00337	0.00364	0.00576	0.00822	0.01063	0.02724	0.65509	0.22214	0.01226	0.00514	0.00160	0.00231	0.01094	0.00381	0.00337
155	0.73903	0.00807	0.00747	0.05282	0.08999	0.00921	0.00565	0.01215	0.00735	0.02899	0.00615	0.00735	0.00478	0.00383	0.00280	0.00127	0.00347	0.00247	0.00249	0.00469
156	0.00485	0.00416	0.00416	0.00416	0.00554	0.00347	0.00312	0.00589	0.00936	0.01109	0.04158	0.03950	0.82847	0.01040	0.00485	0.00139	0.00208	0.00866	0.00381	0.00347
157	0.01017	0.00904	0.02412	0.00841	0.01080	0.01020	0.00665	0.02165	0.80808	0.01710	0.01654	0.01520	0.01240	0.00554	0.00417	0.00139	0.00330	0.00461	0.00413	0.00649
158	0.02137	0.08001	0.07776	0.08399	0.54071	0.02262	0.07461	0.01270	0.02378	0.01291	0.00766	0.00989	0.00627	0.00373	0.00398	0.00122	0.00512	0.00357	0.00202	0.00609
159	0.00593	0.00415	0.00535	0.00535	0.00565	0.00445	0.00358	0.00653	0.00623	0.00861	0.01213	0.02243	0.01300	0.51549	0.35852	0.00506	0.00687	0.00532	0.00237	0.00297
160	0.03373	0.00723	0.00959	0.02184	0.01080	0.00653	0.00617	0.06028	0.02566	0.73752	0.02669	0.01383	0.01024	0.00509	0.00411	0.00127	0.00355	0.00412	0.00490	0.00685
161	0.02406	0.12065	0.10742	0.01252	0.14914	0.06205	0.04649	0.08265	0.02238	0.01286	0.00695	0.00894	0.00586	0.00483	0.00655	0.00131	0.25250	0.00328	0.00215	0.06741
162	0.01122	0.21247	0.27873	0.04473	0.06850	0.02249	0.04842	0.09466	0.02421	0.11681	0.00855	0.00936	0.00632	0.00404	0.00369	0.00117	0.00500	0.00320	0.00251	0.03391
163	0.00500	0.00357	0.00476	0.00572	0.00595	0.00333	0.00381	0.00572	0.00786	0.01048	0.02262	0.85306	0.02715	0.01286	0.00524	0.00167	0.00238	0.01167	0.00381	0.00333
164	0.01169	0.04043	0.02485	0.07697	0.04970	0.39084	0.17803	0.03008	0.01054	0.01158	0.04243	0.06726	0.02289	0.00500	0.00417	0.00123	0.00615	0.01888	0.00238	0.00489
165	0.01066	0.06173	0.08644	0.09697	0.27498	0.06826	0.07749	0.05823	0.03527	0.06095	0.00823	0.01020	0.00653	0.00516	0.03060	0.00146	0.09516	0.00362	0.00232	0.00575
166	0.01085	0.81509	0.04149	0.00724	0.01072	0.01598	0.00728	0.01225	0.00829	0.00975	0.00574	0.00670	0.00527	0.00362	0.00295	0.00091	0.02659	0.00225	0.00176	0.00527
167	0.00511	0.00365	0.00489	0.00584	0.00612	0.00343	0.00400	0.00590	0.00796	0.01060	0.02257	0.79957	0.02692	0.01276	0.00527	0.00168	0.00247	0.06410	0.00381	0.00336
168	0.03660	0.27384	0.09212	0.04782	0.20261	0.11528	0.05033	0.04734	0.00969	0.04787	0.02317	0.00919	0.00659	0.00433	0.01587	0.00120	0.00519	0.00315	0.00221	0.00562
169	0.05382	0.01873	0.00799	0.01943	0.03755	0.04764	0.02682	0.02073	0.10617	0.02710	0.08036	0.24218	0.06565	0.01168	0.12445	0.00221	0.05165	0.04821	0.00328	0.00435
170	0.00500	0.00357	0.00476	0.00572	0.00595	0.00333	0.00381	0.00572	0.00786	0.01048	0.02262	0.85306	0.02715	0.01286	0.00524	0.00167	0.00238	0.01167	0.00381	0.00333
171	0.02282	0.33418	0.09816	0.02774	0.21743	0.09224	0.03610	0.03943	0.05189	0.01223	0.00730	0.00860	0.00605	0.00381	0.00346	0.00109	0.00497	0.00298	0.00210	0.02743
172	0.14521	0.24394	0.20877	0.02617	0.09719	0.02346	0.16164	0.01260	0.00857	0.01286	0.00682	0.00842	0.00544	0.00374	0.00370	0.00119	0.01975	0.00310	0.00197	0.00547
173	0.00713	0.00357	0.00535	0.00535	0.00535	0.00357	0.00357	0.00535	0.00535	0.00713	0.00713	0.01248	0.00713	0.01426	0.01604	0.88057	0.00357	0.00357	0.00178	0.00178
174	0.00851	0.00730	0.00851	0.00608	0.00973	0.00547	0.00486	0.01034	0.00851	0.01338	0.00730	0.00851	0.00608	0.00304	0.00304	0.00061	0.00304	0.00243	0.00243	0.88083
175	0.01207	0.08706	0.23062	0.01140	0.04060	0.06225	0.13457	0.20629	0.03765	0.09813	0.00903	0.00987	0.00658	0.00433	0.00431	0.00126	0.03148	0.00357	0.00281	0.00612
176	0.01089	0.01133	0.02663	0.04660	0.53752	0.13985	0.01126	0.03809	0.00959	0.01274	0.00726	0.00958	0.00614	0.00424	0.00518	0.00127	0.11035	0.00348	0.00207	0.00593
177	0.00581	0.00420	0.00549	0.00516	0.00613	0.00387	0.00387	0.00775	0.01162	0.01646	0.82797	0.03066	0.03873	0.00839	0.00484	0.00129	0.00194	0.00742	0.00452	0.00387
178	0.01003	0.00959	0.01625	0.03889	0.78779	0.00964	0.01232	0.01260	0.02339	0.01337	0.00813	0.02474	0.00694	0.00386	0.00409	0.00123	0.00482	0.00381	0.00210	0.00641
179	0.01219	0.00820	0.00982	0.04972	0.01157	0.00882	0.02776	0.12061	0.38591	0.21005	0.01585	0.08644	0.02248	0.00593	0.00427	0.00137	0.00359	0.00501	0.00417	0.00624
180	0.00661	0.00472	0.00661	0.00756	0.00850	0.00472	0.00661	0.00850	0.00945	0.01228	0.02173	0.04630	0.02362	0.01134	0.00567	0.00189	0.00378	0.80250	0.00378	0.00378
181	0.00969	0.01107	0.02422	0.01730	0.02145	0.01038	0.81522	0.01315	0.00969	0.01315	0.00830	0.01107	0.00623	0.00346	0.00484	0.00138	0.00692	0.00484	0.00208	0.00554
182	0.00960	0.00947	0.02913	0.28147	0.48711	0.03159	0.02414	0.02959	0.02068	0.01266	0.00769	0.01037	0.00620	0.00393	0.00424	0.00128	0.01938	0.00365	0.00204	0.00580
183	0.01373	0.01690	0.01187	0.01063	0.01221	0.63120	0.00820	0.01475	0.01029	0.01000	0.00610	0.00780	0.00531	0.00497	0.00616	0.00124	0.21902	0.00288	0.00203	0.00469
184	0.00713	0.00357	0.00535	0.00535	0.00535	0.00357	0.00357	0.00535	0.00535	0.00713	0.00713	0.01248	0.00713	0.01426	0.01604	0.88057	0.00357	0.00357	0.00178	0.00178
185	0.00486	0.00416	0.00418	0.00417	0.00555	0.00347	0.00313	0.00592	0.00939	0.01116	0.05262	0.03938	0.81739	0.01037	0.00485	0.00138	0.00208	0.00865	0.00382	0.00347
186	0.85326	0.00821	0.00625	0.00556	0.00811	0.02404	0.00457	0.02696	0.00730	0.01841	0.00580	0.00674	0.00451	0.00384	0.00259	0.00127	0.00328	0.00226	0.00256	0.00450
187	0.00877	0.01716	0.55511	0.07356	0.15866	0.00958	0.05503	0.03543	0.00916	0.01333	0.02214	0.00963	0.00614	0.00396	0.00401	0.00129	0.00575	0.00337	0.00193	0.00599
188	0.01545	0.01126	0.01212	0.00932	0.01255	0.01242	0.00769	0.78457	0.01900	0.04102	0.02690	0.01036	0.00770	0.00500	0.00412	0.00123	0.00444	0.00378	0.00413	0.00692
189	0.00979	0.01160	0.14279	0.02510	0.19676	0.07839	0.04834	0.03642	0.06800	0.02476	0.01941	0.02136	0.00741	0.01754	0.05196	0.00171	0.21452	0.00380	0.00227	0.01806
190	0.86751	0.00793	0.00616	0.02191	0.00834	0.00921	0.00458	0.01204	0.00701	0.01826	0.00575	0.00675	0.00447	0.00382	0.00257	0.00127	0.00322	0.00225	0.00253	0.00445
191	0.03650	0.00696	0.00834	0.00708	0.00944	0.00698	0.00566	0.03921	0.24683	0.34722	0.12211	0.03021	0.04078	0.00608	0.00423	0.00132	0.00312	0.03103	0.04090	0.00597
192	0.00916	0.05741	0.54535	0.02614	0.04287	0.06213	0.09843	0.02548	0.04766	0.01313	0.02945	0.00974	0.00662	0.00406	0.00398	0.00128	0.00585	0.00339	0.00203	0.00586
193	0.00521	0.00404	0.00475	0.00484	0.00584	0.00358	0.00353	0.00649	0.00981	0.01280	0.30792	0.21295	0.38303	0.01024	0.00493	0.00141	0.00210	0.00889	0.00405	0.00358
194	0.02138	0.08024	0.02379	0.08072	0.13137	0.09551	0.03168	0.05958	0.11817	0.03937	0.10004	0.06655	0.08838	0.00595	0.00454	0.00129	0.03827	0.00494	0.00303	0.00520
195	0.00588	0.00398	0.00446	0.00448	0.00458	0.00393	0.00256	0.00596	0.00623	0.00822	0.01501	0.04478	0.06833	0.78307	0.01952	0.00376	0.00382	0.00626	0.00260	0.00257
196	0.05015	0.04951	0.05994	0.02650	0.14922	0.08373	0.03166	0.02333	0.02121	0.05202	0.01937	0.05282	0.00780	0.00423	0.00373	0.00101	0.01682	0.00348	0.02064	0.32283
197	0.00793	0.00600	0.00674	0.00635	0.00786	0.00625	0.00479	0.06169	0.25957	0.04265	0.14598	0.19879	0.16509	0.02031	0.00480	0.00144	0.00270	0.00718	0.03911	0.00477
198	0.04304	0.11412	0.05274	0.00999	0.04710	0.26206	0.05344	0.15620	0.10084	0.02565	0.01000	0.02681	0.03308	0.01744	0.00405	0.00121	0.00522	0.00362	0.01651	0.01690

[dist]
# distance from previous block
# <min> <max>
1	13

[block]
# block no. 1 follows, 65 sequences, length 39
# corresponding to MSA columns:
# 341-370,372-378,389,390
name=unknown_B
#
# <colnr> <probs for GDERKNQSTAVLIFYWHMCP>
#	G	D	E	R	K	N	Q	S	T	A	V	L	I	F	Y	W	H	M	C	P
0	0.05020	0.18322	0.22031	0.02855	0.08680	0.05335	0.04655	0.08313	0.02308	0.01339	0.01939	0.02250	0.00713	0.04717	0.01592	0.00135	0.00495	0.00337	0.01552	0.07415
1	0.02533	0.08311	0.09522	0.02230	0.05279	0.06049	0.05294	0.11035	0.16442	0.06388	0.05432	0.04130	0.04368	0.00529	0.00451	0.00126	0.05005	0.00426	0.00310	0.06141
2	0.00518	0.00416	0.00459	0.00469	0.00579	0.00368	0.00341	0.00651	0.02876	0.01179	0.14804	0.18470	0.52683	0.03650	0.00540	0.00150	0.00220	0.00885	0.00388	0.00354
3	0.01072	0.09017	0.02269	0.02293	0.21678	0.02555	0.06441	0.15744	0.17927	0.02460	0.07029	0.01327	0.02192	0.02548	0.00490	0.03219	0.00430	0.00419	0.00306	0.00585
4	0.00792	0.00499	0.00623	0.00564	0.00706	0.00472	0.00432	0.01062	0.08708	0.12859	0.53674	0.04098	0.09678	0.00780	0.00463	0.00130	0.00229	0.00677	0.03103	0.00450
5	0.00630	0.00428	0.00492	0.00482	0.00499	0.00438	0.00288	0.03454	0.00649	0.00871	0.01268	0.02543	0.01428	0.76183	0.08384	0.00409	0.00454	0.00577	0.00252	0.00274
6	0.01021	0.00882	0.00928	0.00835	0.01067	0.01021	0.00650	0.02181	0.82272	0.01717	0.01671	0.01532	0.01253	0.00557	0.00418	0.00139	0.00325	0.00464	0.00418	0.00650
7	0.01102	0.00918	0.00975	0.00840	0.01096	0.01034	0.00662	0.15549	0.63675	0.01841	0.01497	0.01397	0.01120	0.00530	0.00409	0.00132	0.00345	0.00435	0.00406	0.06038
8	0.00775	0.00730	0.01231	0.84587	0.02827	0.00912	0.01140	0.01049	0.00821	0.01049	0.00730	0.01094	0.00547	0.00410	0.00410	0.00137	0.00547	0.00365	0.00182	0.00456
9	0.01103	0.00646	0.00795	0.00619	0.00898	0.00539	0.00496	0.03819	0.01046	0.27198	0.14416	0.01711	0.09824	0.00538	0.00389	0.00103	0.00294	0.00447	0.01638	0.33479
10	0.00930	0.34694	0.51810	0.00988	0.01495	0.01214	0.01200	0.01272	0.00854	0.01170	0.00672	0.00786	0.00523	0.00375	0.00341	0.00114	0.00541	0.00271	0.00174	0.00576
11	0.01055	0.00874	0.00929	0.00831	0.01067	0.01004	0.00648	0.02174	0.78928	0.05081	0.01669	0.01526	0.01243	0.00555	0.00417	0.00139	0.00326	0.00462	0.00421	0.00652
12	0.00502	0.00384	0.00461	0.00511	0.00582	0.00343	0.00357	0.00596	0.00874	0.01124	0.10305	0.48715	0.31453	0.01157	0.00506	0.00153	0.00223	0.01021	0.00388	0.00343
13	0.00644	0.00457	0.00552	0.00553	0.02181	0.00476	0.00342	0.03141	0.00663	0.00902	0.01250	0.04991	0.01395	0.65604	0.10833	0.00393	0.03035	0.00573	0.00252	0.01764
14	0.10060	0.01007	0.01081	0.00844	0.01144	0.01096	0.00694	0.58870	0.01661	0.10599	0.06031	0.01136	0.00908	0.00504	0.00397	0.00124	0.00406	0.00383	0.02408	0.00647
15	0.00711	0.00446	0.00583	0.00550	0.00665	0.00406	0.00416	0.00883	0.01103	0.10699	0.58154	0.12185	0.07185	0.00872	0.00483	0.00136	0.00223	0.03441	0.00444	0.00414
16	0.00969	0.03315	0.04287	0.01691	0.02109	0.01051	0.77591	0.01312	0.00963	0.01306	0.00822	0.01090	0.00618	0.00347	0.00477	0.00137	0.00684	0.00473	0.00206	0.00554
17	0.00591	0.00423	0.00577	0.00577	0.00622	0.00468	0.00410	0.00680	0.00635	0.00892	0.01175	0.02032	0.01208	0.35291	0.51984	0.00557	0.00826	0.00501	0.00231	0.00321
18	0.00530	0.00395	0.00493	0.00516	0.00594	0.00358	0.00369	0.00658	0.00971	0.01305	0.35598	0.34668	0.19934	0.01052	0.00500	0.00145	0.00214	0.00930	0.00410	0.00358
19	0.04406	0.00692	0.00917	0.00716	0.01016	0.00617	0.00588	0.01912	0.04340	0.72835	0.06315	0.01477	0.01174	0.00525	0.00412	0.00128	0.00338	0.00428	0.00493	0.00671
20	0.00499	0.00368	0.00468	0.00545	0.00589	0.00337	0.00370	0.00578	0.00818	0.01069	0.04057	0.70264	0.16064	0.01237	0.00517	0.00161	0.00232	0.01109	0.00382	0.00337
21	0.01701	0.00925	0.01093	0.00838	0.01161	0.00939	0.00692	0.41962	0.01554	0.42801	0.01301	0.01191	0.00857	0.00500	0.00412	0.00125	0.00401	0.00391	0.00459	0.00698
22	0.00685	0.00493	0.00615	0.00668	0.03450	0.00494	0.00457	0.00949	0.13985	0.05264	0.04345	0.45691	0.08420	0.06871	0.03168	0.00186	0.00301	0.01889	0.01658	0.00412
23	0.01215	0.44664	0.06453	0.00935	0.05113	0.24777	0.00802	0.04718	0.05788	0.01125	0.00690	0.00776	0.00583	0.00392	0.00323	0.00101	0.00530	0.00265	0.00211	0.00537
24	0.00939	0.00966	0.01251	0.01076	0.01090	0.06526	0.00891	0.01029	0.00663	0.00989	0.00545	0.00888	0.00538	0.00700	0.01285	0.00175	0.79463	0.00353	0.00182	0.00451
25	0.00977	0.05281	0.03643	0.00658	0.01025	0.00659	0.00556	0.05284	0.00932	0.07784	0.00804	0.00891	0.00637	0.00335	0.00319	0.00073	0.00332	0.00264	0.00267	0.69280
26	0.00497	0.00397	0.00444	0.00473	0.00572	0.00345	0.00339	0.00597	0.00904	0.01127	0.09093	0.29845	0.51717	0.01104	0.00497	0.00147	0.00217	0.00954	0.00386	0.00345
27	0.00871	0.00590	0.00708	0.00631	0.00796	0.00595	0.00488	0.04095	0.20669	0.11562	0.48083	0.02451	0.05322	0.00726	0.00457	0.00131	0.00254	0.00627	0.00447	0.00498
28	0.00923	0.01035	0.10204	0.13519	0.29721	0.00939	0.17643	0.02559	0.10189	0.01331	0.00990	0.07301	0.00838	0.00462	0.00431	0.00134	0.00513	0.00454	0.00239	0.00575
29	0.00993	0.03405	0.19680	0.01611	0.30926	0.00953	0.10297	0.01276	0.02029	0.08075	0.00984	0.01212	0.03752	0.01773	0.00543	0.00138	0.09660	0.01874	0.00233	0.00586
30	0.00801	0.00483	0.00658	0.05449	0.00831	0.00488	0.00494	0.00920	0.00830	0.15204	0.03855	0.22551	0.06469	0.12778	0.18082	0.00290	0.01998	0.05572	0.01844	0.00407
31	0.01522	0.00755	0.00986	0.00876	0.07123	0.00723	0.00655	0.14629	0.04087	0.49070	0.04764	0.04925	0.01160	0.00602	0.01973	0.00138	0.00374	0.02039	0.02957	0.00644
32	0.00966	0.01201	0.21830	0.06299	0.28007	0.02445	0.08704	0.05479	0.04516	0.04695	0.03782	0.05757	0.00901	0.03048	0.00470	0.00138	0.00504	0.00430	0.00247	0.00582
33	0.02406	0.03218	0.09438	0.04547	0.09154	0.08276	0.08391	0.16236	0.15483	0.06319	0.03712	0.02502	0.05509	0.02427	0.00453	0.00134	0.00466	0.00432	0.00315	0.00580
34	0.01088	0.57155	0.04631	0.00793	0.02947	0.12062	0.00718	0.01228	0.00884	0.02973	0.00833	0.07466	0.01943	0.00515	0.01997	0.00113	0.00476	0.01459	0.00212	0.00507
35	0.04000	0.04456	0.04778	0.02086	0.05043	0.04760	0.06842	0.09681	0.04292	0.05193	0.02233	0.03566	0.04632	0.00447	0.00394	0.00103	0.02636	0.00368	0.00279	0.34209
36	0.05454	0.14248	0.23549	0.03165	0.11685	0.08711	0.04373	0.10356	0.03313	0.08572	0.00861	0.02440	0.00663	0.00425	0.00376	0.00121	0.00512	0.00337	0.00253	0.00589
37	0.00502	0.00359	0.00478	0.00570	0.00596	0.00335	0.00381	0.00577	0.00796	0.01065	0.04514	0.83007	0.02747	0.01274	0.00523	0.00166	0.00237	0.01155	0.00383	0.00335
38	0.01158	0.03290	0.03145	0.14400	0.15715	0.03897	0.20343	0.01397	0.00978	0.21261	0.02088	0.01208	0.02003	0.00437	0.00449	0.00129	0.03227	0.00410	0.03893	0.00572

[dist]
# distance from previous block
# <min> <max>
0	18

[block]
# block no. 2 follows, 65 sequences, length 9
# corresponding to MSA columns:
# 410-418
name=unknown_C
#
# <colnr> <probs for GDERKNQSTAVLIFYWHMCP>
#	G	D	E	R	K	N	Q	S	T	A	V	L	I	F	Y	W	H	M	C	P
0	0.00951	0.08054	0.34535	0.04360	0.09108	0.07763	0.01037	0.03783	0.00917	0.04120	0.00902	0.03722	0.02168	0.05962	0.00488	0.00134	0.00509	0.00357	0.00223	0.10906
