[name]
unknown

[dist]
# distance from previous block
# <min> <max>
3	57

[block]
# block no. 0 follows, 74 sequences, length 17
# corresponding to MSA columns:
# 58-74
name=unknown_A
#
# <colnr> <probs for GDERKNQSTAVLIFYWHMCP>
#	G	D	E	R	K	N	Q	S	T	A	V	L	I	F	Y	W	H	M	C	P
0	0.02225	0.01346	0.36667	0.01133	0.03859	0.00970	0.16742	0.12223	0.02167	0.01295	0.00690	0.00856	0.00525	0.00417	0.00538	0.00127	0.17175	0.00326	0.00198	0.00522
1	0.00962	0.58195	0.04021	0.10782	0.14538	0.01253	0.00779	0.01122	0.00778	0.03711	0.00597	0.00720	0.00511	0.00331	0.00282	0.00092	0.00417	0.00243	0.00173	0.00494
2	0.00451	0.00329	0.00424	0.00501	0.00534	0.00303	0.00337	0.00519	0.00726	0.00954	0.02244	0.77105	0.11935	0.01137	0.00470	0.00148	0.00212	0.01024	0.00345	0.00303
3	0.00440	0.00370	0.00382	0.00392	0.00506	0.00312	0.00289	0.00531	0.00830	0.00996	0.03562	0.13180	0.75009	0.00966	0.00443	0.00128	0.00191	0.00815	0.00345	0.00312
4	0.00795	0.10658	0.00906	0.00560	0.00888	0.00607	0.00462	0.00955	0.00768	0.01171	0.00643	0.00750	0.00541	0.00280	0.00271	0.00058	0.00289	0.00217	0.00213	0.78968
5	0.00621	0.00498	0.00569	0.00538	0.00664	0.00508	0.00407	0.01030	0.25443	0.01373	0.38274	0.08806	0.18318	0.00749	0.00423	0.00124	0.00216	0.00647	0.00382	0.00409
6	0.00547	0.00388	0.00478	0.00450	0.00555	0.00348	0.00339	0.00698	0.00995	0.04654	0.58936	0.02933	0.25709	0.00797	0.00435	0.00119	0.00184	0.00690	0.00393	0.00351
7	0.01324	0.15426	0.01195	0.00905	0.01116	0.72034	0.00704	0.01423	0.01004	0.00903	0.00565	0.00658	0.00478	0.00372	0.00319	0.00093	0.00626	0.00233	0.00186	0.00438
8	0.00899	0.00862	0.01471	0.09941	0.77133	0.00877	0.01129	0.01122	0.00836	0.01188	0.00695	0.00925	0.00579	0.00334	0.00368	0.00111	0.00446	0.00331	0.00182	0.00572
9	0.00452	0.00323	0.00431	0.00517	0.00538	0.00301	0.00345	0.00517	0.00711	0.00948	0.02046	0.86713	0.02455	0.01163	0.00474	0.00151	0.00215	0.01055	0.00345	0.00301
10	0.00962	0.01007	0.02018	0.01451	0.01814	0.00973	0.70086	0.14335	0.01015	0.01373	0.00773	0.00984	0.00574	0.00334	0.00427	0.00123	0.00591	0.00421	0.00217	0.00522
11	0.01055	0.73521	0.01802	0.00686	0.00984	0.14900	0.00648	0.01171	0.00802	0.00879	0.00525	0.00607	0.00477	0.00328	0.00254	0.00082	0.00441	0.00205	0.00164	0.00469
12	0.00469	0.00364	0.00426	0.00438	0.00527	0.00322	0.00318	0.00581	0.00877	0.01139	0.28243	0.23058	0.40037	0.00937	0.00447	0.00129	0.00191	0.00813	0.00364	0.00322
13	0.00582	0.00415	0.00541	0.00536	0.00633	0.00398	0.00425	0.00792	0.04682	0.03042	0.56328	0.03057	0.05037	0.00813	0.00453	0.00131	0.00225	0.21156	0.00390	0.00363
14	0.00648	0.00500	0.00638	0.00616	0.00717	0.00568	0.00469	0.01006	0.22356	0.02430	0.01233	0.04350	0.02474	0.09559	0.50214	0.00422	0.00705	0.00444	0.00259	0.00392
15	0.01096	0.25479	0.15509	0.00834	0.01131	0.27242	0.00775	0.03376	0.15663	0.04381	0.00782	0.00824	0.00613	0.00385	0.00321	0.00101	0.00486	0.00273	0.00224	0.00504
16	0.01119	0.00820	0.01087	0.00875	0.01136	0.00870	0.13815	0.09932	0.45175	0.18973	0.01318	0.01249	0.00947	0.00458	0.00386	0.00122	0.00363	0.00404	0.00364	0.00587

[dist]
# distance from previous block
# <min> <max>
0	7

[block]
# block no. 1 follows, 74 sequences, length 61
# corresponding to MSA columns:
# 82-142
name=unknown_B
#
# <colnr> <probs for GDERKNQSTAVLIFYWHMCP>
#	G	D	E	R	K	N	Q	S	T	A	V	L	I	F	Y	W	H	M	C	P
0	0.54605	0.00916	0.01021	0.00814	0.01078	0.10220	0.20321	0.04862	0.00787	0.01498	0.00596	0.00719	0.00459	0.00346	0.00298	0.00115	0.00416	0.00268	0.00222	0.00439
1	0.00592	0.04654	0.00566	0.00509	0.00621	0.04573	0.00379	0.05892	0.02473	0.01098	0.07540	0.31807	0.36115	0.00909	0.00431	0.00129	0.00246	0.00781	0.00334	0.00350
2	0.01120	0.50094	0.04357	0.00677	0.00976	0.01152	0.00633	0.04486	0.11919	0.18410	0.00890	0.02356	0.00695	0.00392	0.00298	0.00097	0.00369	0.00287	0.00261	0.00529
3	0.01002	0.29398	0.06739	0.00738	0.01012	0.04414	0.00661	0.11948	0.32376	0.02324	0.02469	0.01085	0.03439	0.00438	0.00330	0.00107	0.00369	0.00334	0.00283	0.00536
4	0.00457	0.00340	0.00426	0.00490	0.00537	0.00310	0.00338	0.00533	0.00750	0.00974	0.04135	0.63100	0.20179	0.02181	0.00485	0.00148	0.00215	0.03755	0.00344	0.00305
5	0.01006	0.84258	0.01915	0.00646	0.00959	0.04341	0.00638	0.01124	0.00764	0.00874	0.00518	0.00598	0.00476	0.00320	0.00241	0.00080	0.00406	0.00200	0.00160	0.00475
6	0.00452	0.00323	0.00431	0.00517	0.00538	0.00301	0.00345	0.00517	0.00711	0.00948	0.02046	0.86713	0.02455	0.01163	0.00474	0.00151	0.00215	0.01055	0.00345	0.00301
7	0.00770	0.00660	0.00770	0.00550	0.00880	0.00495	0.00440	0.00935	0.00770	0.01210	0.00660	0.00770	0.00550	0.00275	0.00275	0.00055	0.00275	0.00220	0.00220	0.89224
8	0.00541	0.00472	0.00671	0.00589	0.00729	0.00431	0.11216	0.00723	0.04879	0.01155	0.21015	0.14010	0.40495	0.00826	0.00440	0.00127	0.00251	0.00732	0.00340	0.00358
9	0.00459	0.00333	0.00434	0.00502	0.00538	0.00308	0.00341	0.00538	0.00758	0.01011	0.11325	0.71709	0.08166	0.01103	0.00467	0.00145	0.00209	0.00994	0.00352	0.00308
10	0.01411	0.00661	0.00838	0.00668	0.00923	0.00628	0.00543	0.08441	0.13010	0.56855	0.10651	0.01418	0.01213	0.00498	0.00381	0.00116	0.00305	0.00410	0.00435	0.00594
11	0.00517	0.00379	0.00485	0.00459	0.00550	0.00347	0.00344	0.00685	0.01032	0.01443	0.76940	0.02847	0.11034	0.00776	0.00438	0.00118	0.00176	0.00682	0.00403	0.00347
12	0.00487	0.00378	0.00442	0.00426	0.00531	0.00334	0.00320	0.00625	0.00959	0.01271	0.48300	0.03131	0.39782	0.00840	0.00438	0.00121	0.00181	0.00721	0.00380	0.00334
13	0.89577	0.00718	0.00546	0.00488	0.00718	0.00833	0.00402	0.01091	0.00632	0.01665	0.00517	0.00603	0.00402	0.00345	0.00230	0.00115	0.00287	0.00201	0.00230	0.00402
14	0.01411	0.01040	0.01114	0.00854	0.01151	0.01151	0.00706	0.83402	0.01745	0.02339	0.00891	0.00891	0.00631	0.00446	0.00371	0.00111	0.00408	0.00334	0.00371	0.00631
15	0.00876	0.01001	0.02190	0.01564	0.01940	0.00939	0.83292	0.01189	0.00876	0.01189	0.00751	0.01001	0.00563	0.00313	0.00438	0.00125	0.00626	0.00438	0.00188	0.00501
16	0.01411	0.01040	0.01114	0.00854	0.01151	0.01151	0.00706	0.83402	0.01745	0.02339	0.00891	0.00891	0.00631	0.00446	0.00371	0.00111	0.00408	0.00334	0.00371	0.00631
17	0.01221	0.00776	0.00847	0.00674	0.00905	0.00829	0.00549	0.48051	0.01364	0.12110	0.01059	0.01088	0.00765	0.00443	0.00337	0.00104	0.00325	0.00343	0.27666	0.00543
18	0.89577	0.00718	0.00546	0.00488	0.00718	0.00833	0.00402	0.01091	0.00632	0.01665	0.00517	0.00603	0.00402	0.00345	0.00230	0.00115	0.00287	0.00201	0.00230	0.00402
19	0.00919	0.00882	0.01507	0.02278	0.84640	0.00882	0.01139	0.01139	0.00845	0.01213	0.00698	0.00919	0.00588	0.00331	0.00367	0.00110	0.00441	0.00331	0.00184	0.00588
20	0.01375	0.01016	0.01090	0.00843	0.01131	0.01124	0.00694	0.79234	0.03904	0.02285	0.00936	0.02981	0.00689	0.00464	0.00374	0.00113	0.00401	0.00354	0.00371	0.00622
21	0.01411	0.01040	0.01114	0.00854	0.01151	0.01151	0.00706	0.83402	0.01745	0.02339	0.00891	0.00891	0.00631	0.00446	0.00371	0.00111	0.00408	0.00334	0.00371	0.00631
22	0.00484	0.00378	0.00439	0.00424	0.00529	0.00333	0.00318	0.00621	0.00954	0.01258	0.46234	0.03151	0.41855	0.00845	0.00438	0.00121	0.00181	0.00724	0.00378	0.00333
23	0.00452	0.00325	0.00429	0.00512	0.00537	0.00302	0.00342	0.00517	0.00716	0.00950	0.02109	0.83660	0.05467	0.01155	0.00472	0.00150	0.00214	0.01045	0.00345	0.00302
24	0.00744	0.01920	0.85032	0.01058	0.01607	0.00862	0.01371	0.01176	0.00784	0.01176	0.00666	0.00784	0.00470	0.00353	0.00353	0.00118	0.00549	0.00274	0.00157	0.00549
25	0.01167	0.01309	0.00951	0.00861	0.01061	0.45428	0.00656	0.01714	0.40319	0.01214	0.01017	0.01008	0.00788	0.00440	0.00355	0.00110	0.00491	0.00325	0.00280	0.00505
26	0.00447	0.00352	0.00403	0.00441	0.00519	0.00309	0.00312	0.00529	0.00789	0.00988	0.04606	0.41019	0.45900	0.01037	0.00454	0.00137	0.00200	0.00904	0.00346	0.00309
27	0.00523	0.00379	0.00494	0.00465	0.00553	0.00349	0.00349	0.00697	0.01046	0.01478	0.82706	0.02790	0.05247	0.00763	0.00438	0.00117	0.00175	0.00674	0.00407	0.00349
28	0.87444	0.00726	0.00559	0.00497	0.00728	0.00840	0.00409	0.03082	0.00659	0.01682	0.00526	0.00610	0.00408	0.00347	0.00233	0.00115	0.00290	0.00204	0.00233	0.00408
29	0.00841	0.00802	0.01366	0.32288	0.55239	0.00861	0.01100	0.01071	0.00808	0.01118	0.00684	0.00944	0.00555	0.00345	0.00369	0.00115	0.00460	0.00330	0.00177	0.00525
30	0.00992	0.87178	0.01945	0.00635	0.00953	0.01469	0.00635	0.01111	0.00754	0.00873	0.00516	0.00595	0.00476	0.00318	0.00238	0.00079	0.00397	0.00198	0.00159	0.00476
31	0.00540	0.00360	0.00405	0.00405	0.00405	0.00360	0.00225	0.00540	0.00540	0.00720	0.01170	0.02429	0.01349	0.86955	0.01889	0.00360	0.00360	0.00540	0.00225	0.00225
32	0.00452	0.00325	0.00429	0.00513	0.00537	0.00302	0.00343	0.00517	0.00715	0.00949	0.02095	0.84338	0.04798	0.01157	0.00473	0.00150	0.00215	0.01047	0.00345	0.00302
33	0.00770	0.00660	0.00770	0.00550	0.00880	0.00495	0.00440	0.00935	0.00770	0.01210	0.00660	0.00770	0.00550	0.00275	0.00275	0.00055	0.00275	0.00220	0.00220	0.89224
34	0.00701	0.00660	0.01113	0.86063	0.02556	0.00825	0.01031	0.00948	0.00742	0.00948	0.00660	0.00990	0.00495	0.00371	0.00371	0.00124	0.00495	0.00330	0.00165	0.00412
35	0.89577	0.00718	0.00546	0.00488	0.00718	0.00833	0.00402	0.01091	0.00632	0.01665	0.00517	0.00603	0.00402	0.00345	0.00230	0.00115	0.00287	0.00201	0.00230	0.00402
36	0.00946	0.00831	0.00849	0.00760	0.00970	0.03812	0.00591	0.04099	0.77675	0.01551	0.02737	0.01369	0.01134	0.00502	0.00377	0.00124	0.00308	0.00415	0.00372	0.00580
37	0.89577	0.00718	0.00546	0.00488	0.00718	0.00833	0.00402	0.01091	0.00632	0.01665	0.00517	0.00603	0.00402	0.00345	0.00230	0.00115	0.00287	0.00201	0.00230	0.00402
38	0.00439	0.00376	0.00376	0.00376	0.00501	0.00313	0.00282	0.00533	0.00846	0.01003	0.03760	0.03572	0.84489	0.00940	0.00439	0.00125	0.00188	0.00783	0.00345	0.00313
39	0.00525	0.00379	0.00496	0.00467	0.00555	0.00350	0.00350	0.00700	0.01051	0.01488	0.84444	0.02773	0.03502	0.00759	0.00438	0.00117	0.00175	0.00671	0.00409	0.00350
40	0.00923	0.00797	0.00839	0.00755	0.00965	0.00923	0.00588	0.01972	0.83969	0.01553	0.01511	0.01385	0.01133	0.00504	0.00378	0.00126	0.00294	0.00420	0.00378	0.00588
41	0.00701	0.00660	0.01113	0.86063	0.02556	0.00825	0.01031	0.00948	0.00742	0.00948	0.00660	0.00990	0.00495	0.00371	0.00371	0.00124	0.00495	0.00330	0.00165	0.00412
42	0.00701	0.00660	0.01113	0.86063	0.02556	0.00825	0.01031	0.00948	0.00742	0.00948	0.00660	0.00990	0.00495	0.00371	0.00371	0.00124	0.00495	0.00330	0.00165	0.00412
43	0.00770	0.00660	0.00770	0.00550	0.00880	0.00495	0.00440	0.00935	0.00770	0.01210	0.00660	0.00770	0.00550	0.00275	0.00275	0.00055	0.00275	0.00220	0.00220	0.89224
44	0.00452	0.00323	0.00431	0.00517	0.00538	0.00301	0.00345	0.00517	0.00711	0.00948	0.02046	0.86713	0.02455	0.01163	0.00474	0.00151	0.00215	0.01055	0.00345	0.00301
45	0.00499	0.00378	0.00460	0.00439	0.00538	0.00339	0.00329	0.00649	0.00988	0.01340	0.59827	0.03017	0.28211	0.00814	0.00438	0.00119	0.00179	0.00705	0.00389	0.00339
46	0.00452	0.00323	0.00431	0.00517	0.00538	0.00301	0.00345	0.00517	0.00711	0.00948	0.02046	0.86713	0.02455	0.01163	0.00474	0.00151	0.00215	0.01055	0.00345	0.00301
47	0.00876	0.01001	0.02190	0.01564	0.01940	0.00939	0.83292	0.01189	0.00876	0.01189	0.00751	0.01001	0.00563	0.00313	0.00438	0.00125	0.00626	0.00438	0.00188	0.00501
48	0.00452	0.00323	0.00431	0.00517	0.00538	0.00301	0.00345	0.00517	0.00711	0.00948	0.02046	0.86713	0.02455	0.01163	0.00474	0.00151	0.00215	0.01055	0.00345	0.00301
49	0.00731	0.00775	0.00580	0.00552	0.00691	0.24741	0.00415	0.00836	0.00915	0.01028	0.08018	0.02591	0.49808	0.00745	0.00401	0.00115	0.00327	0.01807	0.04573	0.00351
50	0.01351	0.01705	0.01051	0.00953	0.01136	0.79834	0.00719	0.01466	0.02785	0.00921	0.00590	0.00691	0.00492	0.00397	0.00376	0.00099	0.04561	0.00247	0.00194	0.00433
51	0.00476	0.00391	0.00422	0.00425	0.00536	0.00348	0.00314	0.00625	0.05089	0.01085	0.13573	0.14170	0.59388	0.00924	0.00440	0.00128	0.00195	0.00786	0.00354	0.00330
52	0.01091	0.07664	0.03882	0.01112	0.19501	0.02935	0.05899	0.17147	0.02442	0.13691	0.00903	0.01990	0.02057	0.00392	0.00368	0.00102	0.02323	0.00328	0.00272	0.15900
53	0.02376	0.03641	0.26486	0.00898	0.08695	0.00713	0.02192	0.04346	0.03163	0.08235	0.02643	0.02883	0.02048	0.02044	0.00364	0.00102	0.00389	0.00316	0.00235	0.28233
54	0.02865	0.48387	0.12174	0.03206	0.02454	0.14073	0.00745	0.02150	0.04820	0.01007	0.00610	0.00697	0.00513	0.00343	0.00283	0.00091	0.00448	0.00233	0.00181	0.04720
55	0.02689	0.35215	0.06883	0.02563	0.01109	0.01181	0.02137	0.33324	0.01155	0.03133	0.02058	0.00797	0.00598	0.00379	0.00312	0.00097	0.00404	0.00276	0.00257	0.05433
56	0.00906	0.02537	0.00871	0.03572	0.02577	0.03147	0.02294	0.08755	0.02369	0.07943	0.02318	0.01034	0.04695	0.01692	0.00339	0.00082	0.00319	0.00297	0.00260	0.53995
57	0.00698	0.04904	0.04283	0.02648	0.00782	0.00534	0.01783	0.06045	0.02593	0.07893	0.03018	0.44874	0.09936	0.00862	0.00456	0.00134	0.03525	0.01782	0.00323	0.02927
58	0.00673	0.03347	0.00621	0.02171	0.01764	0.02280	0.00417	0.03543	0.03989	0.07053	0.26046	0.05301	0.32876	0.00779	0.01917	0.00127	0.02708	0.00619	0.00346	0.03423
59	0.03457	0.02734	0.04284	0.04794	0.04693	0.13669	0.02102	0.10485	0.12707	0.02163	0.03010	0.07826	0.00904	0.02486	0.09405	0.00174	0.10017	0.00396	0.01621	0.03073
60	0.02682	0.11460	0.20556	0.04893	0.17720	0.11440	0.04917	0.08781	0.02074	0.04068	0.00809	0.00919	0.03415	0.00378	0.00345	0.00106	0.00472	0.00307	0.00212	0.04446

[dist]
# distance from previous block
# <min> <max>
4	64

[block]
# block no. 2 follows, 74 sequences, length 246
# corresponding to MSA columns:
# 220-465
name=unknown_C
#
# <colnr> <probs for GDERKNQSTAVLIFYWHMCP>
#	G	D	E	R	K	N	Q	S	T	A	V	L	I	F	Y	W	H	M	C	P
0	0.03562	0.04442	0.04817	0.05049	0.14075	0.03892	0.04835	0.17880	0.09874	0.03208	0.02510	0.00992	0.00711	0.01616	0.03904	0.00128	0.02353	0.00326	0.00258	0.15568
1	0.07374	0.08141	0.10210	0.03791	0.09703	0.10006	0.06540	0.08761	0.08689	0.05606	0.04838	0.01158	0.06688	0.00438	0.00368	0.00110	0.02046	0.00355	0.00255	0.04922
2	0.00897	0.02664	0.06263	0.10934	0.03336	0.10428	0.02607	0.04635	0.07587	0.06825	0.12418	0.02351	0.03266	0.00459	0.00397	0.00104	0.04459	0.00371	0.00266	0.19734
3	0.02846	0.02500	0.02630	0.12889	0.09878	0.01643	0.05323	0.14687	0.02591	0.07107	0.07652	0.03582	0.03902	0.01807	0.00433	0.00113	0.04990	0.00383	0.00269	0.14776
4	0.01134	0.13869	0.10655	0.04098	0.02734	0.19432	0.01972	0.16513	0.04969	0.10621	0.07202	0.03448	0.00875	0.00444	0.00351	0.00107	0.00448	0.00342	0.00274	0.00511
5	0.00753	0.01861	0.80157	0.01068	0.01603	0.00866	0.04201	0.01195	0.02758	0.01185	0.00689	0.00805	0.00489	0.00355	0.00356	0.00118	0.00545	0.00283	0.00163	0.00548
6	0.00642	0.00324	0.00486	0.00486	0.00487	0.00325	0.00325	0.00487	0.00486	0.00649	0.00652	0.01135	0.00650	0.01319	0.03137	0.87422	0.00336	0.00324	0.00162	0.00165
7	0.85911	0.00714	0.00559	0.00495	0.00727	0.00821	0.00408	0.01121	0.00650	0.05136	0.00556	0.00631	0.00424	0.00349	0.00236	0.00115	0.00288	0.00208	0.00239	0.00412
8	0.00742	0.01855	0.80612	0.01055	0.01586	0.00850	0.03443	0.01163	0.00793	0.01184	0.02945	0.00843	0.00555	0.00363	0.00357	0.00118	0.00540	0.00289	0.00164	0.00542
9	0.00540	0.00360	0.00405	0.00405	0.00405	0.00360	0.00225	0.00540	0.00540	0.00720	0.01170	0.02429	0.01349	0.86955	0.01889	0.00360	0.00360	0.00540	0.00225	0.00225
10	0.00452	0.00323	0.00431	0.00517	0.00538	0.00301	0.00345	0.00517	0.00711	0.00948	0.02046	0.86713	0.02455	0.01163	0.00474	0.00151	0.00215	0.01055	0.00345	0.00301
11	0.00812	0.00812	0.01137	0.00975	0.00975	0.01137	0.00812	0.00893	0.00568	0.00893	0.00487	0.00812	0.00487	0.00650	0.01218	0.00162	0.86276	0.00325	0.00162	0.00406
12	0.00567	0.00443	0.00534	0.00609	0.07099	0.02204	0.00402	0.00669	0.00817	0.04527	0.07530	0.26710	0.37116	0.04266	0.02185	0.00150	0.00258	0.03238	0.00330	0.00347
13	0.00770	0.00660	0.00770	0.00550	0.00880	0.00495	0.00440	0.00935	0.00770	0.01210	0.00660	0.00770	0.00550	0.00275	0.00275	0.00055	0.00275	0.00220	0.00220	0.89224
14	0.61298	0.06121	0.00779	0.00667	0.03877	0.18839	0.00514	0.01175	0.00735	0.01432	0.00535	0.00631	0.00430	0.00354	0.00269	0.00109	0.01386	0.00215	0.00215	0.00419
15	0.00828	0.00844	0.05020	0.32404	0.47532	0.00872	0.01095	0.01061	0.00793	0.01101	0.00673	0.00933	0.00545	0.00361	0.00407	0.00118	0.04396	0.00328	0.00175	0.00515
16	0.00746	0.00708	0.01207	0.68392	0.18537	0.00838	0.02365	0.00989	0.00764	0.01004	0.00669	0.00976	0.00514	0.00362	0.00371	0.00121	0.00486	0.00332	0.00169	0.00448
17	0.00539	0.00362	0.00416	0.00416	0.00420	0.00366	0.00239	0.00547	0.00543	0.00728	0.01159	0.02370	0.01324	0.81863	0.06946	0.00374	0.00398	0.00531	0.00223	0.00231
18	0.00536	0.00403	0.00593	0.00590	0.00650	0.00469	0.00453	0.00658	0.00592	0.00852	0.00997	0.01516	0.00950	0.08799	0.77869	0.00571	0.02569	0.00407	0.00200	0.00325
19	0.01178	0.46937	0.01525	0.00785	0.01044	0.40102	0.00674	0.02194	0.00902	0.00906	0.00547	0.00633	0.00479	0.00349	0.00284	0.00087	0.00522	0.00219	0.00176	0.00457
20	0.00540	0.00360	0.00405	0.00405	0.00405	0.00360	0.00225	0.00540	0.00540	0.00720	0.01170	0.02429	0.01349	0.86955	0.01889	0.00360	0.00360	0.00540	0.00225	0.00225
21	0.04158	0.18844	0.06640	0.03825	0.07043	0.11190	0.05119	0.15829	0.01976	0.07711	0.00733	0.01792	0.00585	0.00447	0.01417	0.00117	0.11528	0.00303	0.00235	0.00508
22	0.00932	0.34199	0.37606	0.00914	0.01329	0.04507	0.08301	0.01203	0.00808	0.06063	0.00661	0.00755	0.00508	0.00343	0.00317	0.00103	0.00489	0.00264	0.00180	0.00517
23	0.00442	0.00376	0.00381	0.00380	0.00504	0.00315	0.00285	0.00540	0.00855	0.01023	0.07125	0.03539	0.81112	0.00932	0.00439	0.00125	0.00187	0.00779	0.00347	0.00315
24	0.00736	0.00705	0.01149	0.76331	0.10253	0.02665	0.01034	0.00978	0.00759	0.00972	0.00661	0.00976	0.00503	0.00368	0.00370	0.00122	0.00494	0.00328	0.00167	0.00429
25	0.01911	0.03942	0.02304	0.37996	0.28166	0.06522	0.07253	0.01065	0.00798	0.01054	0.00678	0.02036	0.00551	0.00373	0.00400	0.00118	0.03841	0.00335	0.00177	0.00478
26	0.00744	0.01920	0.85032	0.01058	0.01607	0.00862	0.01371	0.01176	0.00784	0.01176	0.00666	0.00784	0.00470	0.00353	0.00353	0.00118	0.00549	0.00274	0.00157	0.00549
27	0.00439	0.00376	0.00376	0.00376	0.00501	0.00313	0.00282	0.00533	0.00846	0.01003	0.03760	0.03572	0.84489	0.00940	0.00439	0.00125	0.00188	0.00783	0.00345	0.00313
28	0.00827	0.01717	0.70034	0.01062	0.01569	0.00837	0.08368	0.01221	0.00817	0.07885	0.01829	0.00867	0.00554	0.00363	0.00363	0.00118	0.00532	0.00302	0.00187	0.00548
29	0.01266	0.01434	0.02822	0.02015	0.02067	0.55353	0.01646	0.12071	0.01086	0.04900	0.00849	0.03225	0.04311	0.00492	0.02007	0.00114	0.03329	0.00315	0.00236	0.00459
30	0.00749	0.03643	0.83353	0.01049	0.01593	0.00874	0.01357	0.01174	0.00783	0.01169	0.00663	0.00780	0.00470	0.00352	0.00350	0.00117	0.00546	0.00273	0.00157	0.00547
31	0.00923	0.00797	0.00839	0.00755	0.00965	0.00923	0.00588	0.01972	0.83969	0.01553	0.01511	0.01385	0.01133	0.00504	0.00378	0.00126	0.00294	0.00420	0.00378	0.00588
32	0.01239	0.00731	0.05724	0.00699	0.00932	0.02327	0.02349	0.13388	0.01052	0.41323	0.06578	0.09989	0.01191	0.07050	0.00522	0.00138	0.02332	0.01528	0.00377	0.00529
33	0.00701	0.00660	0.01113	0.86063	0.02556	0.00825	0.01031	0.00948	0.00742	0.00948	0.00660	0.00990	0.00495	0.00371	0.00371	0.00124	0.00495	0.00330	0.00165	0.00412
34	0.00444	0.00374	0.00386	0.00388	0.00506	0.00315	0.00289	0.00542	0.00851	0.01028	0.08367	0.07733	0.75627	0.00941	0.00440	0.00126	0.00189	0.00791	0.00348	0.00315
35	0.01665	0.00632	0.00861	0.00660	0.00948	0.00546	0.00546	0.01809	0.01062	0.84897	0.01464	0.01263	0.00919	0.00459	0.00373	0.00115	0.00316	0.00373	0.00459	0.00632
36	0.89577	0.00718	0.00546	0.00488	0.00718	0.00833	0.00402	0.01091	0.00632	0.01665	0.00517	0.00603	0.00402	0.00345	0.00230	0.00115	0.00287	0.00201	0.00230	0.00402
37	0.00952	0.01040	0.08240	0.02968	0.55161	0.07397	0.09536	0.05813	0.00914	0.01251	0.02737	0.00942	0.00640	0.00352	0.00373	0.00112	0.00479	0.00339	0.00198	0.00558
38	0.01345	0.05894	0.04032	0.00944	0.01154	0.78455	0.00736	0.01454	0.01028	0.00916	0.00574	0.00670	0.00478	0.00378	0.00331	0.00096	0.00652	0.00238	0.00188	0.00437
39	0.00919	0.00882	0.01507	0.02278	0.84640	0.00882	0.01139	0.01139	0.00845	0.01213	0.00698	0.00919	0.00588	0.00331	0.00367	0.00110	0.00441	0.00331	0.00184	0.00588
40	0.85998	0.00731	0.00569	0.00503	0.00735	0.00846	0.00414	0.04433	0.00677	0.01693	0.00532	0.00615	0.00411	0.00349	0.00235	0.00115	0.00292	0.00206	0.00235	0.00411
41	0.00442	0.00376	0.00381	0.00380	0.00504	0.00315	0.00285	0.00539	0.00854	0.01022	0.07014	0.03540	0.81223	0.00933	0.00439	0.00125	0.00187	0.00779	0.00347	0.00315
42	0.01408	0.01119	0.01107	0.00865	0.01151	0.10306	0.00707	0.74507	0.01670	0.02184	0.00857	0.00867	0.00615	0.00439	0.00367	0.00110	0.00437	0.00324	0.00352	0.00609
43	0.00803	0.00797	0.01194	0.61061	0.20279	0.07598	0.01029	0.01032	0.00789	0.01003	0.00661	0.00949	0.00514	0.00363	0.00367	0.00119	0.00497	0.00323	0.00171	0.00452
44	0.00539	0.00477	0.00531	0.00520	0.00626	0.05323	0.03817	0.01918	0.00847	0.01050	0.09799	0.30015	0.41313	0.00930	0.00443	0.00131	0.00246	0.00808	0.00335	0.00332
45	0.00770	0.00660	0.00770	0.00550	0.00880	0.00495	0.00440	0.00935	0.00770	0.01210	0.00660	0.00770	0.00550	0.00275	0.00275	0.00055	0.00275	0.00220	0.00220	0.89224
46	0.00439	0.00376	0.00376	0.00376	0.00501	0.00313	0.00282	0.00533	0.00846	0.01003	0.03760	0.03572	0.84489	0.00940	0.00439	0.00125	0.00188	0.00783	0.00345	0.00313
47	0.01387	0.01749	0.01054	0.00953	0.01148	0.83174	0.00717	0.03708	0.01071	0.00947	0.00582	0.00675	0.00482	0.00384	0.00336	0.00096	0.00662	0.00242	0.00196	0.00436
48	0.00452	0.00323	0.00431	0.00517	0.00538	0.00301	0.00345	0.00517	0.00711	0.00948	0.02046	0.86713	0.02455	0.01163	0.00474	0.00151	0.00215	0.01055	0.00345	0.00301
49	0.00919	0.00882	0.01507	0.02278	0.84640	0.00882	0.01139	0.01139	0.00845	0.01213	0.00698	0.00919	0.00588	0.00331	0.00367	0.00110	0.00441	0.00331	0.00184	0.00588
50	0.00461	0.00377	0.00407	0.00400	0.00515	0.00323	0.00300	0.00576	0.00899	0.01129	0.24701	0.03365	0.63470	0.00893	0.00438	0.00123	0.00185	0.00754	0.00361	0.00323
51	0.00540	0.00394	0.00544	0.00541	0.00583	0.00444	0.00391	0.00627	0.00577	0.00815	0.01042	0.01769	0.01060	0.30903	0.55701	0.00508	0.02615	0.00444	0.00207	0.00297
52	0.01411	0.01040	0.01114	0.00854	0.01151	0.01151	0.00706	0.83402	0.01745	0.02339	0.00891	0.00891	0.00631	0.00446	0.00371	0.00111	0.00408	0.00334	0.00371	0.00631
53	0.00802	0.04678	0.00835	0.00575	0.00894	0.00585	0.00465	0.02266	0.07651	0.01239	0.00727	0.00814	0.00596	0.00298	0.00283	0.00063	0.00284	0.00237	0.00232	0.76474
54	0.00935	0.01006	0.01155	0.16414	0.16825	0.21103	0.00872	0.01078	0.00768	0.00965	0.00603	0.00861	0.00527	0.00581	0.04799	0.00151	0.30430	0.00310	0.00175	0.00443
55	0.00541	0.00383	0.00501	0.00470	0.00560	0.00353	0.00353	0.00716	0.01051	0.02639	0.83299	0.02752	0.03467	0.00755	0.00437	0.00117	0.00177	0.00667	0.00409	0.00354
56	0.00458	0.00328	0.00436	0.00513	0.00540	0.00305	0.00345	0.00532	0.00738	0.00991	0.08642	0.79993	0.02539	0.01131	0.00471	0.00148	0.00212	0.01024	0.00350	0.00305
57	0.01380	0.03455	0.01072	0.00946	0.01144	0.80477	0.00715	0.04684	0.01073	0.00964	0.00585	0.00677	0.00484	0.00384	0.00334	0.00096	0.00654	0.00242	0.00198	0.00439
58	0.00452	0.00323	0.00431	0.00517	0.00538	0.00301	0.00345	0.00517	0.00711	0.00948	0.02046	0.86713	0.02455	0.01163	0.00474	0.00151	0.00215	0.01055	0.00345	0.00301
59	0.00923	0.00797	0.00839	0.00755	0.00965	0.00923	0.00588	0.01972	0.83969	0.01553	0.01511	0.01385	0.01133	0.00504	0.00378	0.00126	0.00294	0.00420	0.00378	0.00588
60	0.00461	0.00330	0.00441	0.00524	0.00550	0.00309	0.00357	0.00534	0.00727	0.00970	0.04196	0.80372	0.02466	0.01145	0.00475	0.00151	0.00221	0.05120	0.00346	0.00305
61	0.00514	0.00379	0.00480	0.00455	0.00547	0.00345	0.00341	0.00678	0.01023	0.01422	0.73475	0.02881	0.14513	0.00783	0.00438	0.00118	0.00177	0.00687	0.00400	0.00345
62	0.00992	0.87178	0.01945	0.00635	0.00953	0.01469	0.00635	0.01111	0.00754	0.00873	0.00516	0.00595	0.00476	0.00318	0.00238	0.00079	0.00397	0.00198	0.00159	0.00476
63	0.00452	0.00323	0.00431	0.00517	0.00538	0.00301	0.00345	0.00517	0.00711	0.00948	0.02046	0.86713	0.02455	0.01163	0.00474	0.00151	0.00215	0.01055	0.00345	0.00301
64	0.00770	0.00660	0.00770	0.00550	0.00880	0.00495	0.00440	0.00935	0.00770	0.01210	0.00660	0.00770	0.00550	0.00275	0.00275	0.00055	0.00275	0.00220	0.00220	0.89224
65	0.89577	0.00718	0.00546	0.00488	0.00718	0.00833	0.00402	0.01091	0.00632	0.01665	0.00517	0.00603	0.00402	0.00345	0.00230	0.00115	0.00287	0.00201	0.00230	0.00402
66	0.00445	0.00353	0.00400	0.00438	0.00518	0.00308	0.00310	0.00526	0.00786	0.00978	0.03001	0.40399	0.48152	0.01039	0.00454	0.00137	0.00200	0.00904	0.00345	0.00308
67	0.00918	0.00790	0.00832	0.00747	0.00956	0.00911	0.00582	0.02973	0.80903	0.01549	0.01558	0.01432	0.03153	0.00513	0.00379	0.00126	0.00293	0.00427	0.00377	0.00581
68	0.00919	0.00882	0.01507	0.02278	0.84640	0.00882	0.01139	0.01139	0.00845	0.01213	0.00698	0.00919	0.00588	0.00331	0.00367	0.00110	0.00441	0.00331	0.00184	0.00588
69	0.00489	0.00378	0.00446	0.00429	0.00532	0.00335	0.00322	0.00630	0.00965	0.01285	0.50666	0.03107	0.37407	0.00835	0.00438	0.00120	0.00181	0.00718	0.00382	0.00335
70	0.00770	0.00660	0.00770	0.00550	0.00880	0.00495	0.00440	0.00935	0.00770	0.01210	0.00660	0.00770	0.00550	0.00275	0.00275	0.00055	0.00275	0.00220	0.00220	0.89224
71	0.00441	0.00376	0.00379	0.00378	0.00503	0.00314	0.00284	0.00537	0.00851	0.01015	0.05721	0.03553	0.82521	0.00936	0.00439	0.00125	0.00188	0.00781	0.00346	0.00314
72	0.86969	0.00715	0.00555	0.00493	0.00725	0.00824	0.00406	0.01112	0.00644	0.04135	0.00545	0.00623	0.00417	0.00348	0.00234	0.00115	0.00288	0.00206	0.00237	0.00409
73	0.00874	0.46313	0.41769	0.00838	0.01266	0.01178	0.00988	0.01142	0.00768	0.01018	0.00588	0.00686	0.00473	0.00334	0.00293	0.00098	0.00470	0.00235	0.00158	0.00511
74	0.00876	0.01001	0.02190	0.01564	0.01940	0.00939	0.83292	0.01189	0.00876	0.01189	0.00751	0.01001	0.00563	0.00313	0.00438	0.00125	0.00626	0.00438	0.00188	0.00501
75	0.00770	0.00660	0.00770	0.00550	0.00880	0.00495	0.00440	0.00935	0.00770	0.01210	0.00660	0.00770	0.00550	0.00275	0.00275	0.00055	0.00275	0.00220	0.00220	0.89224
76	0.02790	0.00717	0.00825	0.00682	0.00920	0.00736	0.00543	0.03382	0.36131	0.17224	0.03710	0.01239	0.02545	0.00460	0.00400	0.00108	0.05157	0.00366	0.00341	0.21723
77	0.00992	0.87178	0.01945	0.00635	0.00953	0.01469	0.00635	0.01111	0.00754	0.00873	0.00516	0.00595	0.00476	0.00318	0.00238	0.00079	0.00397	0.00198	0.00159	0.00476
78	0.00439	0.00376	0.00376	0.00376	0.00501	0.00313	0.00282	0.00533	0.00846	0.01003	0.03760	0.03572	0.84489	0.00940	0.00439	0.00125	0.00188	0.00783	0.00345	0.00313
79	0.00744	0.01920	0.85032	0.01058	0.01607	0.00862	0.01371	0.01176	0.00784	0.01176	0.00666	0.00784	0.00470	0.00353	0.00353	0.00118	0.00549	0.00274	0.00157	0.00549
80	0.00794	0.00746	0.01256	0.41828	0.40869	0.00824	0.01035	0.01014	0.00779	0.01059	0.00708	0.01040	0.00588	0.05407	0.00458	0.00131	0.00462	0.00343	0.00177	0.00484
81	0.00876	0.01001	0.02190	0.01564	0.01940	0.00939	0.83292	0.01189	0.00876	0.01189	0.00751	0.01001	0.00563	0.00313	0.00438	0.00125	0.00626	0.00438	0.00188	0.00501
82	0.00604	0.00520	0.00535	0.00506	0.00660	0.00522	0.00387	0.01025	0.29286	0.01191	0.02991	0.02824	0.55969	0.00791	0.00418	0.00126	0.00224	0.00659	0.00356	0.00407
83	0.00819	0.00834	0.04224	0.42971	0.39523	0.03152	0.01083	0.01057	0.00799	0.01074	0.00675	0.00942	0.00536	0.00353	0.00368	0.00117	0.00477	0.00326	0.00174	0.00497
84	0.01375	0.01642	0.01059	0.00940	0.01143	0.71502	0.00715	0.12671	0.02215	0.01112	0.00628	0.00711	0.00508	0.00397	0.00354	0.00099	0.01995	0.00256	0.00218	0.00459
85	0.00452	0.00323	0.00431	0.00517	0.00538	0.00301	0.00345	0.00517	0.00711	0.00948	0.02046	0.86713	0.02455	0.01163	0.00474	0.00151	0.00215	0.01055	0.00345	0.00301
86	0.00439	0.00373	0.00379	0.00383	0.00503	0.00313	0.00285	0.00532	0.00840	0.01000	0.03678	0.07544	0.80570	0.00951	0.00440	0.00127	0.00189	0.00796	0.00345	0.00313
87	0.00487	0.00348	0.00459	0.00530	0.00564	0.00335	0.00364	0.02604	0.00734	0.00987	0.01941	0.76655	0.02290	0.01225	0.05432	0.00175	0.00267	0.02537	0.01752	0.00313
88	0.00794	0.18984	0.68402	0.00973	0.01476	0.00983	0.01224	0.01163	0.00778	0.01115	0.00636	0.00746	0.00471	0.00346	0.00330	0.00110	0.00518	0.00259	0.00157	0.00534
89	0.00534	0.00403	0.00603	0.00601	0.00667	0.00472	0.00468	0.00666	0.00596	0.00862	0.00988	0.01450	0.00922	0.02757	0.84422	0.00591	0.02070	0.00397	0.00198	0.00332
90	0.00466	0.00377	0.00414	0.00405	0.00518	0.00325	0.00304	0.00586	0.00911	0.01157	0.29446	0.03318	0.58707	0.00882	0.00438	0.00123	0.00184	0.00748	0.00365	0.00325
91	0.01551	0.00806	0.00971	0.00775	0.03058	0.02486	0.00620	0.30859	0.01300	0.51748	0.01224	0.01110	0.00799	0.00450	0.00372	0.00113	0.00359	0.00356	0.00416	0.00626
92	0.00926	0.00870	0.01343	0.05759	0.61514	0.01999	0.01011	0.03067	0.17244	0.01288	0.00859	0.01010	0.00691	0.00370	0.00369	0.00114	0.00417	0.00347	0.00225	0.00579
93	0.00775	0.00675	0.00834	0.00596	0.00928	0.00515	0.04202	0.00946	0.00775	0.01209	0.00664	0.00780	0.00550	0.00277	0.00282	0.00058	0.00291	0.00230	0.00218	0.85196
94	0.01387	0.01743	0.01054	0.00953	0.01148	0.82413	0.00717	0.04447	0.01077	0.00960	0.00585	0.00677	0.00484	0.00385	0.00336	0.00096	0.00660	0.00243	0.00198	0.00438
95	0.00889	0.00519	0.00543	0.00476	0.00618	0.00544	0.00374	0.20647	0.01017	0.03752	0.01141	0.01263	0.00874	0.00436	0.00289	0.00093	0.00233	0.00344	0.65527	0.00422
96	0.00443	0.00371	0.00385	0.00393	0.00507	0.00313	0.00290	0.00536	0.00839	0.01012	0.05979	0.11807	0.73942	0.00957	0.00442	0.00128	0.00190	0.00807	0.00347	0.00313
97	0.00444	0.00377	0.00384	0.00384	0.00508	0.00317	0.00290	0.00543	0.00853	0.01021	0.06518	0.03555	0.80267	0.00935	0.00440	0.00126	0.00190	0.02185	0.00347	0.00315
98	0.00452	0.00323	0.00431	0.00517	0.00538	0.00301	0.00345	0.00517	0.00711	0.00948	0.02046	0.86713	0.02455	0.01163	0.00474	0.00151	0.00215	0.01055	0.00345	0.00301
99	0.01665	0.00632	0.00861	0.00660	0.00948	0.00546	0.00546	0.01809	0.01062	0.84897	0.01464	0.01263	0.00919	0.00459	0.00373	0.00115	0.00316	0.00373	0.00459	0.00632
100	0.00520	0.00379	0.00489	0.00462	0.00551	0.00348	0.00346	0.00691	0.01039	0.01460	0.79771	0.02819	0.08192	0.00769	0.00438	0.00117	0.00176	0.00678	0.00405	0.00348
101	0.01384	0.01021	0.01093	0.00842	0.01133	0.01130	0.00694	0.79560	0.04168	0.02299	0.00915	0.00914	0.00652	0.00447	0.00370	0.00111	0.00401	0.00337	0.01903	0.00625
102	0.00770	0.00660	0.00770	0.00550	0.00880	0.00495	0.00440	0.00935	0.00770	0.01210	0.00660	0.00770	0.00550	0.00275	0.00275	0.00055	0.00275	0.00220	0.00220	0.89224
103	0.01665	0.00632	0.00861	0.00660	0.00948	0.00546	0.00546	0.01809	0.01062	0.84897	0.01464	0.01263	0.00919	0.00459	0.00373	0.00115	0.00316	0.00373	0.00459	0.00632
104	0.01387	0.01769	0.01052	0.00956	0.01148	0.85465	0.00717	0.01482	0.01052	0.00908	0.00574	0.00669	0.00478	0.00383	0.00335	0.00096	0.00669	0.00239	0.00191	0.00430
105	0.00549	0.00434	0.00636	0.00556	0.00672	0.00399	0.07648	0.00730	0.01019	0.01424	0.70761	0.02679	0.09581	0.00734	0.00438	0.00118	0.00216	0.00660	0.00384	0.00361
106	0.00992	0.87178	0.01945	0.00635	0.00953	0.01469	0.00635	0.01111	0.00754	0.00873	0.00516	0.00595	0.00476	0.00318	0.00238	0.00079	0.00397	0.00198	0.00159	0.00476
107	0.00451	0.00328	0.00425	0.00502	0.00535	0.00303	0.00338	0.00518	0.00724	0.00953	0.02221	0.78220	0.10835	0.01140	0.00470	0.00148	0.00213	0.01027	0.00345	0.00303
108	0.00556	0.00386	0.00506	0.00472	0.00565	0.00356	0.00356	0.00731	0.01051	0.03755	0.82189	0.02732	0.03432	0.00751	0.00436	0.00117	0.00179	0.00663	0.00410	0.00358
109	0.01387	0.01769	0.01052	0.00956	0.01148	0.85465	0.00717	0.01482	0.01052	0.00908	0.00574	0.00669	0.00478	0.00383	0.00335	0.00096	0.00669	0.00239	0.00191	0.00430
110	0.01411	0.01040	0.01114	0.00854	0.01151	0.01151	0.00706	0.83402	0.01745	0.02339	0.00891	0.00891	0.00631	0.00446	0.00371	0.00111	0.00408	0.00334	0.00371	0.00631
111	0.00749	0.03549	0.83444	0.01050	0.01594	0.00874	0.01357	0.01174	0.00783	0.01170	0.00663	0.00780	0.00470	0.00352	0.00350	0.00117	0.00546	0.00273	0.00157	0.00547
112	0.01433	0.01004	0.01092	0.00837	0.01133	0.01098	0.00692	0.76268	0.01685	0.09558	0.00941	0.00924	0.00656	0.00447	0.00371	0.00112	0.00400	0.00338	0.00379	0.00631
113	0.00452	0.00323	0.00431	0.00517	0.00538	0.00301	0.00345	0.00517	0.00711	0.00948	0.02046	0.86713	0.02455	0.01163	0.00474	0.00151	0.00215	0.01055	0.00345	0.00301
114	0.00919	0.00882	0.01507	0.02278	0.84640	0.00882	0.01139	0.01139	0.00845	0.01213	0.00698	0.00919	0.00588	0.00331	0.00367	0.00110	0.00441	0.00331	0.00184	0.00588
115	0.00457	0.00325	0.00429	0.00510	0.00531	0.00305	0.00338	0.00518	0.00701	0.00934	0.01995	0.81792	0.02390	0.06172	0.00556	0.00163	0.00224	0.01025	0.00338	0.00297
116	0.03740	0.00634	0.00854	0.00656	0.00942	0.00552	0.00542	0.01792	0.01052	0.82932	0.01442	0.01248	0.00907	0.00457	0.00370	0.00115	0.00315	0.00369	0.00454	0.00626
117	0.00718	0.00677	0.01144	0.79480	0.09005	0.00829	0.01039	0.00963	0.00750	0.00969	0.00663	0.00984	0.00502	0.00368	0.00371	0.00123	0.00491	0.00330	0.00166	0.00426
118	0.00842	0.11253	0.32335	0.01273	0.01705	0.00972	0.43942	0.01175	0.00828	0.01148	0.00693	0.00875	0.00519	0.00328	0.00384	0.00117	0.00571	0.00351	0.00173	0.00515
119	0.00521	0.00379	0.00490	0.00462	0.00552	0.00348	0.00347	0.00692	0.01040	0.01464	0.80412	0.02813	0.07550	0.00768	0.00438	0.00117	0.00176	0.00677	0.00405	0.00348
120	0.00992	0.87178	0.01945	0.00635	0.00953	0.01469	0.00635	0.01111	0.00754	0.00873	0.00516	0.00595	0.00476	0.00318	0.00238	0.00079	0.00397	0.00198	0.00159	0.00476
121	0.00772	0.00662	0.00771	0.00553	0.00881	0.00502	0.00442	0.00953	0.02225	0.01216	0.00675	0.00780	0.00560	0.00279	0.00277	0.00056	0.00275	0.00223	0.00223	0.87674
122	0.00784	0.02631	0.01248	0.01022	0.03059	0.00864	0.23333	0.01112	0.15727	0.01128	0.02156	0.12226	0.02252	0.00649	0.02257	0.00149	0.23665	0.05040	0.00248	0.00450
123	0.89577	0.00718	0.00546	0.00488	0.00718	0.00833	0.00402	0.01091	0.00632	0.01665	0.00517	0.00603	0.00402	0.00345	0.00230	0.00115	0.00287	0.00201	0.00230	0.00402
124	0.00912	0.00847	0.01437	0.10460	0.73262	0.00860	0.01102	0.01131	0.00841	0.03458	0.00752	0.00967	0.01606	0.00346	0.00369	0.00112	0.00440	0.00337	0.00191	0.00569
125	0.00701	0.00660	0.01113	0.86063	0.02556	0.00825	0.01031	0.00948	0.00742	0.00948	0.00660	0.00990	0.00495	0.00371	0.00371	0.00124	0.00495	0.00330	0.00165	0.00412
126	0.00923	0.00797	0.00839	0.00755	0.00965	0.00923	0.00588	0.01972	0.83969	0.01553	0.01511	0.01385	0.01133	0.00504	0.00378	0.00126	0.00294	0.00420	0.00378	0.00588
127	0.00461	0.00377	0.00407	0.00400	0.00515	0.00323	0.00300	0.00577	0.00900	0.01130	0.24843	0.03363	0.63327	0.00893	0.00438	0.00123	0.00185	0.00754	0.00361	0.00323
128	0.89577	0.00718	0.00546	0.00488	0.00718	0.00833	0.00402	0.01091	0.00632	0.01665	0.00517	0.00603	0.00402	0.00345	0.00230	0.00115	0.00287	0.00201	0.00230	0.00402
129	0.00497	0.00377	0.00458	0.00440	0.00538	0.00338	0.00329	0.00646	0.00982	0.01330	0.58184	0.04450	0.28433	0.00822	0.00439	0.00120	0.00180	0.00712	0.00388	0.00338
130	0.00454	0.00347	0.00417	0.00461	0.00526	0.00310	0.00322	0.00539	0.00790	0.01016	0.10070	0.49050	0.32269	0.01046	0.00458	0.00138	0.00202	0.00922	0.00350	0.00310
131	0.01066	0.00855	0.00910	0.00778	0.01012	0.00972	0.00617	0.22848	0.60870	0.03780	0.01351	0.01255	0.00999	0.00488	0.00376	0.00122	0.00324	0.00397	0.00378	0.00600
132	0.00919	0.00882	0.01507	0.02278	0.84640	0.00882	0.01139	0.01139	0.00845	0.01213	0.00698	0.00919	0.00588	0.00331	0.00367	0.00110	0.00441	0.00331	0.00184	0.00588
133	0.00464	0.00337	0.00440	0.00516	0.00553	0.00313	0.00358	0.00542	0.00741	0.00978	0.04296	0.71413	0.09397	0.01123	0.00473	0.00149	0.00221	0.07032	0.00346	0.00307
134	0.00992	0.87178	0.01945	0.00635	0.00953	0.01469	0.00635	0.01111	0.00754	0.00873	0.00516	0.00595	0.00476	0.00318	0.00238	0.00079	0.00397	0.00198	0.00159	0.00476
135	0.00452	0.00323	0.00431	0.00517	0.00538	0.00301	0.00345	0.00517	0.00711	0.00948	0.02046	0.86713	0.02455	0.01163	0.00474	0.00151	0.00215	0.01055	0.00345	0.00301
136	0.00598	0.00427	0.00598	0.00684	0.00769	0.00427	0.00598	0.00769	0.00854	0.01111	0.01965	0.04187	0.02136	0.01025	0.00513	0.00171	0.00342	0.82141	0.00342	0.00342
137	0.00992	0.87178	0.01945	0.00635	0.00953	0.01469	0.00635	0.01111	0.00754	0.00873	0.00516	0.00595	0.00476	0.00318	0.00238	0.00079	0.00397	0.00198	0.00159	0.00476
138	0.02019	0.06035	0.03155	0.01077	0.01329	0.03049	0.24523	0.30926	0.01111	0.01516	0.00717	0.00876	0.00559	0.00444	0.00581	0.00125	0.20839	0.00349	0.00247	0.00522
139	0.89577	0.00718	0.00546	0.00488	0.00718	0.00833	0.00402	0.01091	0.00632	0.01665	0.00517	0.00603	0.00402	0.00345	0.00230	0.00115	0.00287	0.00201	0.00230	0.00402
140	0.00923	0.00797	0.00839	0.00755	0.00965	0.00923	0.00588	0.01972	0.83969	0.01553	0.01511	0.01385	0.01133	0.00504	0.00378	0.00126	0.00294	0.00420	0.00378	0.00588
141	0.01355	0.01716	0.01057	0.00957	0.01138	0.80786	0.00722	0.01450	0.01025	0.00908	0.00569	0.00677	0.00479	0.00397	0.00384	0.00099	0.05419	0.00244	0.00190	0.00429
142	0.01665	0.00632	0.00861	0.00660	0.00948	0.00546	0.00546	0.01809	0.01062	0.84897	0.01464	0.01263	0.00919	0.00459	0.00373	0.00115	0.00316	0.00373	0.00459	0.00632
143	0.00467	0.00334	0.00441	0.00512	0.00546	0.00312	0.00351	0.00539	0.00738	0.00982	0.07227	0.70492	0.07285	0.01145	0.01667	0.02264	0.00229	0.03824	0.00342	0.00304
144	0.00976	0.81505	0.07474	0.00663	0.00996	0.01428	0.00684	0.01116	0.00756	0.00893	0.00526	0.00608	0.00476	0.00320	0.00246	0.00082	0.00407	0.00204	0.00159	0.00481
145	0.00439	0.00376	0.00376	0.00376	0.00501	0.00313	0.00282	0.00533	0.00846	0.01003	0.03760	0.03572	0.84489	0.00940	0.00439	0.00125	0.00188	0.00783	0.00345	0.00313
146	0.00452	0.00323	0.00431	0.00517	0.00538	0.00301	0.00345	0.00517	0.00711	0.00948	0.02046	0.86713	0.02455	0.01163	0.00474	0.00151	0.00215	0.01055	0.00345	0.00301
147	0.01182	0.00923	0.01134	0.01154	0.20130	0.02417	0.02153	0.40094	0.15037	0.06388	0.01025	0.02718	0.00792	0.00456	0.00378	0.00116	0.00394	0.02587	0.00327	0.00594
148	0.89577	0.00718	0.00546	0.00488	0.00718	0.00833	0.00402	0.01091	0.00632	0.01665	0.00517	0.00603	0.00402	0.00345	0.00230	0.00115	0.00287	0.00201	0.00230	0.00402
149	0.01021	0.01046	0.01348	0.10561	0.55125	0.19136	0.01017	0.02196	0.00895	0.03167	0.00688	0.00880	0.00563	0.00351	0.00361	0.00109	0.00492	0.00312	0.00192	0.00537
150	0.00508	0.00366	0.00482	0.00489	0.00558	0.00340	0.00358	0.00653	0.00951	0.01327	0.58858	0.25646	0.03165	0.00879	0.00450	0.00128	0.00192	0.03923	0.00389	0.00337
151	0.00530	0.00398	0.00597	0.00597	0.00663	0.00464	0.00464	0.00663	0.00597	0.00862	0.00994	0.01458	0.00928	0.02784	0.85484	0.00597	0.00994	0.00398	0.00199	0.00331
152	0.00770	0.00660	0.00770	0.00550	0.00880	0.00495	0.00440	0.00935	0.00770	0.01210	0.00660	0.00770	0.00550	0.00275	0.00275	0.00055	0.00275	0.00220	0.00220	0.89224
153	0.00452	0.00323	0.00431	0.00517	0.00538	0.00301	0.00345	0.00517	0.00711	0.00948	0.02046	0.86713	0.02455	0.01163	0.00474	0.00151	0.00215	0.01055	0.00345	0.00301
154	0.00898	0.00933	0.06507	0.06302	0.75636	0.00878	0.01148	0.01132	0.00836	0.01198	0.00694	0.00914	0.00576	0.00334	0.00367	0.00111	0.00450	0.00327	0.00181	0.00577
155	0.00459	0.00327	0.00437	0.00522	0.00545	0.00307	0.00352	0.00527	0.00714	0.00951	0.02031	0.82490	0.02428	0.02301	0.00494	0.00154	0.00222	0.04094	0.00343	0.00302
156	0.89577	0.00718	0.00546	0.00488	0.00718	0.00833	0.00402	0.01091	0.00632	0.01665	0.00517	0.00603	0.00402	0.00345	0.00230	0.00115	0.00287	0.00201	0.00230	0.00402
157	0.00540	0.00360	0.00405	0.00405	0.00405	0.00360	0.00225	0.00540	0.00540	0.00720	0.01170	0.02429	0.01349	0.86955	0.01889	0.00360	0.00360	0.00540	0.00225	0.00225
158	0.00488	0.00378	0.00444	0.00428	0.00532	0.00334	0.00321	0.00628	0.00962	0.01278	0.49527	0.03119	0.38550	0.00837	0.00438	0.00120	0.00181	0.00720	0.00381	0.00334
159	0.87672	0.00716	0.00552	0.00492	0.00723	0.00826	0.00405	0.01107	0.00641	0.03469	0.00537	0.00617	0.00413	0.00347	0.00233	0.00115	0.00288	0.00205	0.00235	0.00407
160	0.00503	0.00382	0.00463	0.00444	0.00543	0.00345	0.00333	0.00661	0.01889	0.01335	0.58039	0.04812	0.27256	0.00818	0.00438	0.00120	0.00181	0.00710	0.00388	0.00341
161	0.00519	0.00379	0.00487	0.00460	0.00551	0.00347	0.00345	0.00688	0.01035	0.01452	0.78365	0.02833	0.09604	0.00772	0.00438	0.00117	0.00176	0.00680	0.00404	0.00347
