[name]
unknown

[dist]
# distance from previous block
# <min> <max>
0	34

[block]
# block no. 0 follows, 72 sequences, length 55
# corresponding to MSA columns:
# 34-88
name=unknown_A
#
# <colnr> <probs for GDERKNQSTAVLIFYWHMCP>
#	G	D	E	R	K	N	Q	S	T	A	V	L	I	F	Y	W	H	M	C	P
0	0.01420	0.00872	0.00974	0.00775	0.01042	0.05013	0.00635	0.39114	0.03168	0.31134	0.03743	0.01278	0.00924	0.00590	0.03758	0.00137	0.00408	0.04018	0.00395	0.00600
1	0.00704	0.04754	0.00658	0.00590	0.00708	0.00541	0.00445	0.03157	0.16655	0.06622	0.15196	0.36934	0.06585	0.00866	0.00438	0.00136	0.00253	0.03976	0.00368	0.00414
2	0.01009	0.01655	0.00793	0.00672	0.00876	0.00729	0.00530	0.09436	0.35569	0.16837	0.21313	0.01790	0.05969	0.00584	0.00401	0.00122	0.00282	0.00490	0.00404	0.00539
3	0.01129	0.01036	0.08810	0.00830	0.01102	0.04822	0.00713	0.37630	0.28536	0.01848	0.05238	0.04551	0.01010	0.00508	0.00386	0.00120	0.00385	0.00406	0.00353	0.00585
4	0.01691	0.00662	0.00890	0.00683	0.00976	0.00582	0.00564	0.05077	0.01113	0.81301	0.01473	0.01276	0.00927	0.00469	0.00381	0.00117	0.00326	0.00380	0.00466	0.00645
5	0.01532	0.00706	0.01009	0.00774	0.01064	0.00646	0.08277	0.07648	0.04400	0.64455	0.01409	0.04322	0.00949	0.00482	0.00391	0.00120	0.00355	0.00412	0.00429	0.00619
6	0.00916	0.00751	0.00856	0.00623	0.00954	0.00638	0.00503	0.17177	0.00983	0.01464	0.00721	0.00811	0.00578	0.00315	0.00300	0.00068	0.00308	0.00248	0.00255	0.71531
7	0.00567	0.00386	0.00535	0.00558	0.00622	0.00401	0.00411	0.00672	0.00695	0.05062	0.01629	0.33207	0.06863	0.04030	0.40262	0.00368	0.00600	0.00683	0.02109	0.00339
8	0.00461	0.00343	0.00431	0.00501	0.00546	0.00312	0.00343	0.00535	0.00757	0.00982	0.02449	0.68173	0.19281	0.01139	0.00477	0.00149	0.00216	0.02240	0.00352	0.00311
9	0.01614	0.00725	0.00923	0.00710	0.01000	0.00681	0.00586	0.18740	0.01231	0.65053	0.03747	0.01256	0.00953	0.00475	0.00383	0.00117	0.00338	0.00382	0.00449	0.00637
10	0.00462	0.00330	0.00440	0.00528	0.00550	0.00308	0.00352	0.00528	0.00726	0.00968	0.02090	0.86424	0.02508	0.01188	0.00484	0.00154	0.00220	0.01078	0.00352	0.00308
11	0.00462	0.00330	0.00440	0.00528	0.00550	0.00308	0.00352	0.00528	0.00726	0.00968	0.02090	0.86424	0.02508	0.01188	0.00484	0.00154	0.00220	0.01078	0.00352	0.00308
12	0.10910	0.10256	0.03227	0.10935	0.28021	0.12961	0.02123	0.10858	0.02212	0.03027	0.01667	0.00870	0.00592	0.00375	0.00344	0.00110	0.00461	0.00302	0.00223	0.00525
13	0.00793	0.12711	0.74238	0.01026	0.01557	0.00959	0.01306	0.01193	0.00797	0.01162	0.00661	0.00776	0.00481	0.00356	0.00346	0.00115	0.00541	0.00270	0.00160	0.00551
14	0.00977	0.12812	0.04197	0.01058	0.11212	0.08289	0.12520	0.05529	0.08636	0.02991	0.00764	0.00885	0.00613	0.00373	0.00403	0.00101	0.06345	0.00307	0.00226	0.21761
15	0.01034	0.79381	0.02989	0.00687	0.01007	0.06734	0.01714	0.01161	0.00792	0.00903	0.00536	0.00621	0.00488	0.00329	0.00254	0.00083	0.00428	0.00210	0.00165	0.00485
16	0.00929	0.14628	0.07026	0.03580	0.01090	0.11759	0.06225	0.09936	0.03365	0.02330	0.08676	0.04219	0.02934	0.00686	0.08386	0.00152	0.02009	0.00374	0.00250	0.11447
17	0.04659	0.06805	0.08255	0.00791	0.01070	0.04191	0.00692	0.39874	0.12821	0.03561	0.11186	0.01214	0.02243	0.00487	0.00372	0.00115	0.00383	0.00380	0.00340	0.00564
18	0.00567	0.00375	0.00489	0.00509	0.00580	0.00343	0.00363	0.00682	0.00886	0.06481	0.32264	0.44600	0.08475	0.00975	0.00462	0.00137	0.00210	0.00871	0.00384	0.00349
19	0.00928	0.00931	0.01710	0.02150	0.64241	0.00915	0.21092	0.01176	0.00871	0.01233	0.00727	0.00959	0.00595	0.00333	0.00393	0.00116	0.00497	0.00365	0.00189	0.00579
20	0.01084	0.00856	0.04272	0.02557	0.02509	0.00886	0.01751	0.36413	0.16691	0.06070	0.10628	0.04113	0.01171	0.00742	0.08332	0.00166	0.00424	0.00428	0.00353	0.00553
21	0.00576	0.00460	0.00668	0.00653	0.00704	0.00556	0.00508	0.00694	0.00615	0.00889	0.01046	0.09375	0.01041	0.04722	0.62697	0.00496	0.13282	0.00462	0.00212	0.00344
22	0.06026	0.00656	0.00868	0.00669	0.00960	0.00581	0.00553	0.03052	0.01074	0.79221	0.01439	0.01252	0.00908	0.00463	0.00374	0.00117	0.00323	0.00372	0.00456	0.00634
23	0.00462	0.00330	0.00440	0.00528	0.00550	0.00308	0.00352	0.00528	0.00726	0.00968	0.02090	0.86424	0.02508	0.01188	0.00484	0.00154	0.00220	0.01078	0.00352	0.00308
24	0.00953	0.01284	0.27070	0.03429	0.14058	0.04426	0.18658	0.09491	0.11043	0.03060	0.00842	0.00966	0.00629	0.00386	0.00402	0.00121	0.02041	0.00352	0.00229	0.00560
25	0.02979	0.01093	0.01084	0.00855	0.01140	0.10788	0.00696	0.60890	0.05660	0.09569	0.00950	0.00938	0.00675	0.00450	0.00373	0.00113	0.00432	0.00336	0.00364	0.00615
26	0.00455	0.00356	0.00413	0.00458	0.00532	0.00314	0.00321	0.00536	0.00793	0.00996	0.02942	0.46187	0.42196	0.01077	0.00467	0.00141	0.00206	0.00943	0.00352	0.00314
27	0.01277	0.08649	0.01107	0.00957	0.04104	0.67264	0.00706	0.01378	0.01009	0.00940	0.00727	0.08716	0.00682	0.00458	0.00348	0.00102	0.00609	0.00322	0.00207	0.00437
28	0.13150	0.17546	0.24841	0.01131	0.16130	0.05177	0.06022	0.02900	0.02143	0.05357	0.01895	0.00837	0.00581	0.00363	0.00331	0.00110	0.00461	0.00289	0.00206	0.00528
29	0.01779	0.00520	0.01832	0.00567	0.00695	0.02503	0.04256	0.05415	0.01031	0.01409	0.50677	0.07660	0.17384	0.00771	0.00451	0.00123	0.01504	0.00671	0.00374	0.00378
30	0.00581	0.00400	0.00506	0.00472	0.00578	0.00362	0.00357	0.00745	0.01042	0.05546	0.67579	0.02883	0.15943	0.00789	0.00444	0.00121	0.00188	0.00689	0.00410	0.00366
31	0.02916	0.80611	0.01904	0.00658	0.00974	0.03790	0.00645	0.01167	0.02784	0.00927	0.00554	0.00630	0.00501	0.00331	0.00249	0.00084	0.00408	0.00209	0.00170	0.00487
32	0.00888	0.01119	0.15067	0.01410	0.04449	0.00947	0.52270	0.02083	0.00852	0.03578	0.00768	0.02716	0.00602	0.00393	0.00527	0.00131	0.11078	0.00413	0.00197	0.00512
33	0.00668	0.01673	0.03888	0.04808	0.00798	0.00454	0.03436	0.03450	0.00793	0.08839	0.01775	0.52256	0.05149	0.08053	0.00591	0.01563	0.00294	0.00820	0.00326	0.00368
34	0.00659	0.00329	0.00494	0.00494	0.00494	0.00329	0.00329	0.00494	0.00494	0.00659	0.00659	0.01153	0.00659	0.01318	0.01482	0.88966	0.00329	0.00329	0.00165	0.00165
35	0.01402	0.00813	0.00959	0.00728	0.01032	0.00790	0.00598	0.33894	0.01303	0.34382	0.02203	0.01061	0.00783	0.00431	0.00362	0.00104	0.00350	0.00339	0.00385	0.18080
36	0.00740	0.01814	0.76822	0.01024	0.01541	0.00832	0.01304	0.01156	0.00826	0.01231	0.08493	0.00991	0.00771	0.00399	0.00368	0.00120	0.00525	0.00318	0.00184	0.00542
37	0.00474	0.00382	0.00422	0.00419	0.00530	0.00330	0.00312	0.00591	0.00915	0.01161	0.26314	0.08635	0.56339	0.00923	0.00450	0.00127	0.00190	0.00786	0.00371	0.00330
38	0.01565	0.00864	0.01015	0.00779	0.01077	0.00882	0.00643	0.44440	0.01451	0.41460	0.01189	0.01091	0.00785	0.00462	0.00380	0.00115	0.00372	0.00360	0.00422	0.00645
39	0.01301	0.15825	0.01335	0.00981	0.01215	0.63413	0.08416	0.01424	0.01008	0.00949	0.00593	0.00703	0.00496	0.00373	0.00336	0.00098	0.00634	0.00256	0.00190	0.00454
40	0.01933	0.18283	0.23093	0.03502	0.01214	0.21782	0.00866	0.05068	0.00888	0.01096	0.04767	0.00899	0.00682	0.00601	0.06920	0.00148	0.07291	0.00294	0.00197	0.00476
41	0.00462	0.00368	0.00415	0.00438	0.00530	0.00321	0.00315	0.00558	0.00846	0.01063	0.12230	0.28500	0.50601	0.01009	0.00459	0.00135	0.00199	0.00871	0.00359	0.00321
42	0.00996	0.01636	0.00849	0.00718	0.00943	0.02243	0.01362	0.15318	0.36475	0.08448	0.02363	0.04728	0.09811	0.00576	0.00392	0.00121	0.00318	0.04469	0.00365	0.07869
43	0.00916	0.22470	0.26512	0.06914	0.03297	0.04361	0.16682	0.01287	0.10034	0.02907	0.00769	0.00887	0.00590	0.00365	0.00352	0.00112	0.00502	0.00316	0.00201	0.00526
44	0.00455	0.00369	0.00400	0.00423	0.00519	0.00319	0.00303	0.00540	0.00818	0.01000	0.03294	0.25389	0.59948	0.03841	0.00506	0.00143	0.00205	0.00865	0.00348	0.00314
45	0.00761	0.01962	0.84707	0.01081	0.01641	0.00881	0.01401	0.01201	0.00801	0.01201	0.00681	0.00801	0.00480	0.00360	0.00360	0.00120	0.00560	0.00280	0.00160	0.00560
46	0.01132	0.06023	0.40214	0.00938	0.01350	0.08720	0.04568	0.02462	0.03976	0.25558	0.00940	0.00956	0.00647	0.00398	0.00363	0.00116	0.00486	0.00316	0.00266	0.00570
47	0.00463	0.00334	0.00438	0.00520	0.00548	0.00310	0.00349	0.00532	0.00739	0.00980	0.03583	0.80818	0.06645	0.01170	0.00482	0.00152	0.00218	0.01057	0.00353	0.00310
48	0.00568	0.00422	0.00609	0.00601	0.00670	0.00486	0.00461	0.03033	0.00639	0.00912	0.01027	0.01553	0.00974	0.09550	0.76006	0.00576	0.00946	0.00416	0.00210	0.00339
49	0.00834	0.26710	0.60605	0.00955	0.01447	0.01061	0.01182	0.01182	0.00792	0.01111	0.00636	0.00745	0.00482	0.00350	0.00326	0.00109	0.00515	0.00258	0.00161	0.00539
50	0.01021	0.74740	0.05308	0.00688	0.01012	0.03977	0.00682	0.02925	0.04894	0.00972	0.00594	0.00665	0.00523	0.00340	0.00261	0.00086	0.00415	0.00221	0.00179	0.00497
51	0.02885	0.08799	0.25660	0.01786	0.06048	0.08754	0.03480	0.13463	0.03458	0.04440	0.03048	0.02059	0.00677	0.00391	0.00346	0.00105	0.00454	0.00309	0.00238	0.13604
52	0.02342	0.07297	0.01229	0.01006	0.08642	0.05778	0.06992	0.40630	0.04418	0.04093	0.00893	0.02715	0.00702	0.00667	0.08337	0.00161	0.02880	0.00357	0.00299	0.00561
53	0.00543	0.00365	0.00420	0.00428	0.00432	0.00364	0.00246	0.00552	0.00569	0.00760	0.01275	0.10322	0.01475	0.76894	0.03555	0.00353	0.00368	0.00598	0.00241	0.00239
54	0.02762	0.03636	0.22906	0.00983	0.08829	0.00833	0.05433	0.12678	0.07958	0.05054	0.01785	0.00925	0.00653	0.00370	0.00346	0.00102	0.00415	0.00307	0.00249	0.23776

[dist]
# distance from previous block
# <min> <max>
0	4

[block]
# block no. 1 follows, 72 sequences, length 37
# corresponding to MSA columns:
# 93-129
name=unknown_B
#
# <colnr> <probs for GDERKNQSTAVLIFYWHMCP>
#	G	D	E	R	K	N	Q	S	T	A	V	L	I	F	Y	W	H	M	C	P
0	0.02756	0.34065	0.03421	0.02791	0.15166	0.06978	0.03246	0.05994	0.00861	0.06969	0.00663	0.00795	0.00550	0.00404	0.00458	0.00109	0.13773	0.00281	0.00206	0.00512
1	0.00802	0.00759	0.01299	0.61373	0.06935	0.00872	0.12249	0.06224	0.00849	0.01117	0.00704	0.00995	0.00531	0.00370	0.00385	0.00123	0.00508	0.00349	0.00188	0.03368
2	0.00954	0.01068	0.13577	0.04611	0.31099	0.06715	0.08247	0.04467	0.06104	0.05305	0.00808	0.00990	0.00641	0.00577	0.06729	0.00157	0.06849	0.00345	0.00217	0.00540
3	0.00478	0.00350	0.00453	0.00529	0.00573	0.00325	0.00374	0.00561	0.00762	0.00995	0.02314	0.65677	0.13330	0.01141	0.00484	0.00153	0.00232	0.10604	0.00352	0.00315
4	0.01673	0.00691	0.00908	0.00696	0.00991	0.00625	0.00575	0.10736	0.01162	0.75573	0.01432	0.01249	0.00907	0.00468	0.00381	0.00117	0.00333	0.00377	0.00460	0.00645
5	0.04524	0.00648	0.00870	0.00669	0.00961	0.00567	0.00553	0.01825	0.01071	0.81900	0.01465	0.01269	0.00922	0.00466	0.00377	0.00117	0.00322	0.00376	0.00462	0.00638
6	0.00470	0.00343	0.00454	0.00525	0.00561	0.00327	0.00360	0.00546	0.00725	0.00963	0.02114	0.70450	0.08923	0.01351	0.09751	0.00202	0.00305	0.00982	0.00336	0.00312
7	0.00501	0.00382	0.00460	0.00449	0.00547	0.00341	0.00334	0.00643	0.00976	0.01310	0.50634	0.09328	0.30977	0.00869	0.00450	0.00125	0.00186	0.00754	0.00390	0.00341
8	0.01291	0.00575	0.00738	0.00597	0.00834	0.00505	0.00485	0.04166	0.01049	0.54511	0.06773	0.02015	0.22084	0.00621	0.00404	0.00121	0.00285	0.01973	0.00432	0.00542
9	0.01458	0.01036	0.01122	0.00860	0.01163	0.01138	0.00711	0.77988	0.01740	0.07505	0.00947	0.00934	0.00663	0.00456	0.00380	0.00114	0.00411	0.00344	0.00385	0.00645
10	0.00939	0.00901	0.01539	0.02328	0.84306	0.00901	0.01164	0.01164	0.00864	0.01239	0.00713	0.00939	0.00601	0.00338	0.00375	0.00113	0.00451	0.00338	0.00188	0.00601
11	0.00518	0.00384	0.00483	0.00464	0.00557	0.00349	0.00346	0.00678	0.01022	0.01412	0.66829	0.07137	0.16762	0.00826	0.00449	0.00122	0.00183	0.00724	0.00403	0.00349
12	0.00542	0.00406	0.00610	0.00610	0.00677	0.00474	0.00474	0.00677	0.00610	0.00880	0.01016	0.01490	0.00948	0.02844	0.85169	0.00610	0.01016	0.00406	0.00203	0.00339
13	0.00542	0.00405	0.00604	0.00604	0.00670	0.00471	0.00468	0.00674	0.00608	0.00877	0.01020	0.01515	0.00959	0.04998	0.83031	0.00603	0.00999	0.00410	0.00204	0.00336
14	0.01289	0.01601	0.01029	0.00938	0.01109	0.71335	0.00710	0.01390	0.00997	0.00922	0.00628	0.00780	0.00539	0.00674	0.09676	0.00157	0.05336	0.00267	0.00195	0.00427
15	0.00462	0.00330	0.00440	0.00528	0.00550	0.00308	0.00352	0.00528	0.00726	0.00968	0.02090	0.86424	0.02508	0.01188	0.00484	0.00154	0.00220	0.01078	0.00352	0.00308
16	0.81890	0.03060	0.00609	0.00510	0.00747	0.00849	0.00423	0.01141	0.00674	0.05213	0.01817	0.00678	0.00483	0.00363	0.00244	0.00116	0.00296	0.00220	0.00245	0.00422
17	0.00934	0.38019	0.38097	0.00870	0.01277	0.10354	0.00980	0.01194	0.00825	0.01049	0.02866	0.00761	0.00568	0.00360	0.00311	0.00101	0.00498	0.00254	0.00172	0.00510
18	0.00582	0.00398	0.00540	0.00535	0.00584	0.00432	0.00381	0.00665	0.00607	0.03642	0.01128	0.04102	0.01152	0.34453	0.48571	0.00489	0.00726	0.00478	0.00226	0.00307
19	0.00899	0.41021	0.36972	0.00899	0.01320	0.02785	0.06273	0.01186	0.02307	0.01066	0.01758	0.00763	0.00544	0.00350	0.00313	0.00102	0.00487	0.00263	0.00171	0.00519
20	0.01257	0.00852	0.01115	0.00869	0.01142	0.00876	0.11418	0.37499	0.06426	0.19634	0.01194	0.11433	0.00955	0.00528	0.00399	0.00121	0.00391	0.00456	0.00367	0.03069
21	0.01577	0.00801	0.00971	0.00748	0.01040	0.00792	0.00617	0.33261	0.01349	0.51102	0.01281	0.02820	0.00856	0.00478	0.00383	0.00117	0.00357	0.00380	0.00432	0.00639
22	0.00533	0.00391	0.00502	0.00485	0.00578	0.00360	0.00371	0.00703	0.01035	0.01436	0.68726	0.03038	0.12286	0.00817	0.00454	0.00125	0.00194	0.07210	0.00405	0.00353
23	0.00914	0.00886	0.01532	0.09317	0.70441	0.00907	0.05570	0.01143	0.00848	0.01205	0.00707	0.00946	0.00588	0.00350	0.00406	0.00116	0.03020	0.00344	0.00186	0.00575
24	0.00545	0.00394	0.00547	0.00547	0.00593	0.00440	0.00396	0.00637	0.00591	0.00834	0.01073	0.01807	0.01086	0.29662	0.58540	0.00532	0.00808	0.00453	0.00212	0.00304
25	0.06973	0.00719	0.00903	0.00697	0.00988	0.00677	0.00575	0.15144	0.01173	0.66042	0.01341	0.01187	0.00859	0.00460	0.00372	0.00117	0.00336	0.00364	0.00440	0.00631
26	0.00462	0.00330	0.00440	0.00528	0.00550	0.00308	0.00352	0.00528	0.00726	0.00968	0.02090	0.86424	0.02508	0.01188	0.00484	0.00154	0.00220	0.01078	0.00352	0.00308
27	0.11700	0.00589	0.00750	0.05775	0.00919	0.00592	0.00523	0.02971	0.02503	0.37425	0.09549	0.05985	0.01204	0.04008	0.09420	0.00182	0.02646	0.00433	0.02331	0.00495
28	0.01656	0.00718	0.00925	0.00709	0.01004	0.00665	0.00586	0.15969	0.01207	0.70277	0.01394	0.01225	0.00888	0.00467	0.00381	0.00117	0.00339	0.00374	0.00454	0.00645
29	0.45829	0.10244	0.23018	0.00725	0.02078	0.00940	0.00735	0.06992	0.00800	0.04707	0.00635	0.00715	0.00477	0.00363	0.00286	0.00114	0.00388	0.00243	0.00226	0.00486
30	0.04477	0.31002	0.16880	0.01065	0.15785	0.07628	0.00872	0.07868	0.03534	0.05024	0.00703	0.00793	0.00559	0.00362	0.00318	0.00102	0.00451	0.00271	0.00212	0.02095
31	0.00803	0.03522	0.18541	0.05495	0.07058	0.00742	0.04250	0.05428	0.00799	0.06450	0.00927	0.05082	0.00795	0.01195	0.26427	0.00272	0.06954	0.00385	0.04414	0.00461
32	0.00546	0.00365	0.00415	0.00421	0.00423	0.00364	0.00238	0.00550	0.00563	0.00751	0.01255	0.08124	0.01455	0.80926	0.01833	0.00353	0.00358	0.00587	0.00238	0.00235
33	0.01169	0.52407	0.01628	0.00803	0.02565	0.31012	0.00690	0.04024	0.00914	0.00962	0.00564	0.00651	0.00495	0.00353	0.00285	0.00089	0.00505	0.00225	0.00182	0.00477
34	0.00528	0.00420	0.00480	0.00466	0.00586	0.00368	0.00345	0.00661	0.02968	0.01114	0.15025	0.16334	0.38583	0.06550	0.00535	0.00141	0.00226	0.04297	0.00341	0.10032
35	0.01139	0.29880	0.17813	0.00874	0.01206	0.22611	0.02005	0.15686	0.03280	0.01249	0.00671	0.00746	0.00533	0.00377	0.00322	0.00101	0.00509	0.00263	0.00215	0.00520
36	0.00787	0.08942	0.57855	0.00925	0.01372	0.00869	0.01112	0.07468	0.00878	0.01237	0.01098	0.05169	0.09749	0.00470	0.00367	0.00119	0.00480	0.00373	0.00208	0.00522

[dist]
# distance from previous block
# <min> <max>
1	3

[block]
# block no. 2 follows, 72 sequences, length 26
# corresponding to MSA columns:
# 133-158
name=unknown_C
#
# <colnr> <probs for GDERKNQSTAVLIFYWHMCP>
#	G	D	E	R	K	N	Q	S	T	A	V	L	I	F	Y	W	H	M	C	P
0	0.01311	0.07353	0.01144	0.00838	0.01124	0.02656	0.00692	0.59523	0.17880	0.02095	0.01002	0.00984	0.00732	0.00456	0.00370	0.00114	0.00398	0.00347	0.00361	0.00621
1	0.03134	0.03039	0.29987	0.03570	0.02835	0.00889	0.42030	0.01148	0.00837	0.01192	0.00821	0.07221	0.00678	0.00400	0.00408	0.00126	0.00562	0.00421	0.00193	0.00509
2	0.00545	0.00392	0.00536	0.00536	0.00579	0.00434	0.00383	0.00630	0.00588	0.00826	0.01083	0.01861	0.01109	0.34166	0.54067	0.00519	0.00774	0.00461	0.00213	0.00298
3	0.00659	0.00467	0.00571	0.00528	0.00651	0.00452	0.00406	0.03231	0.09699	0.05831	0.56248	0.02701	0.12324	0.00755	0.00439	0.00123	0.00214	0.03894	0.00406	0.00402
4	0.00801	0.01927	0.77771	0.01090	0.01625	0.05513	0.03678	0.01219	0.00818	0.01186	0.00678	0.00801	0.00484	0.00361	0.00362	0.00119	0.00570	0.00283	0.00163	0.00552
5	0.00958	0.00822	0.00866	0.00775	0.00992	0.00950	0.00604	0.04368	0.81244	0.01610	0.01525	0.01400	0.01143	0.00513	0.00386	0.00128	0.00304	0.00426	0.00386	0.00602
6	0.00473	0.00406	0.00408	0.00403	0.00536	0.00351	0.00304	0.00617	0.04976	0.01052	0.03728	0.03539	0.80028	0.00938	0.00445	0.00128	0.00197	0.00782	0.00354	0.00334
7	0.00531	0.00399	0.00493	0.00468	0.00568	0.00367	0.00351	0.00719	0.03277	0.01429	0.66783	0.02948	0.18651	0.00803	0.00446	0.00121	0.00185	0.00700	0.00404	0.00357
8	0.01415	0.01019	0.01101	0.00854	0.01149	0.01123	0.00702	0.71964	0.08428	0.06839	0.00994	0.00973	0.00703	0.00461	0.00380	0.00115	0.00403	0.00351	0.00385	0.00641
9	0.00918	0.00958	0.03356	0.02035	0.54302	0.00926	0.27018	0.01174	0.00864	0.01221	0.00724	0.00960	0.00587	0.00342	0.00423	0.00119	0.02947	0.00371	0.00188	0.00566
10	0.01175	0.00710	0.00782	0.00634	0.00844	0.00746	0.00508	0.37034	0.01261	0.14678	0.01132	0.01227	0.00844	0.04736	0.00416	0.00118	0.00314	0.00362	0.31957	0.00520
11	0.00452	0.00379	0.00393	0.00400	0.00518	0.00320	0.00296	0.00548	0.00858	0.01035	0.06261	0.11265	0.74024	0.00976	0.00452	0.00130	0.00194	0.00822	0.00354	0.00320
12	0.00988	0.20403	0.34278	0.07379	0.01469	0.17574	0.05735	0.05900	0.00906	0.01131	0.00646	0.00770	0.00500	0.00363	0.00339	0.00108	0.00543	0.00274	0.00182	0.00512
13	0.00722	0.00645	0.02646	0.05952	0.06156	0.00681	0.07505	0.05496	0.03510	0.01159	0.01521	0.16018	0.05555	0.00800	0.00581	0.00151	0.13124	0.27074	0.00288	0.00413
14	0.00542	0.00406	0.00610	0.00610	0.00677	0.00474	0.00474	0.00677	0.00610	0.00880	0.01016	0.01490	0.00948	0.02844	0.85169	0.00610	0.01016	0.00406	0.00203	0.00339
15	0.00590	0.00524	0.00503	0.00487	0.00619	0.06134	0.00370	0.04602	0.03341	0.01143	0.10283	0.08296	0.57011	0.00886	0.00441	0.00128	0.00246	0.03691	0.00349	0.00355
16	0.03275	0.05747	0.08691	0.08370	0.21495	0.00981	0.02835	0.16683	0.07680	0.11575	0.01086	0.02998	0.00877	0.02600	0.00478	0.00148	0.01488	0.02042	0.00322	0.00627
17	0.00656	0.00560	0.04998	0.01817	0.02396	0.01672	0.06013	0.04508	0.00829	0.05722	0.05113	0.56051	0.03361	0.02453	0.00495	0.00147	0.01654	0.00845	0.00329	0.00380
18	0.01426	0.00923	0.01105	0.05558	0.04662	0.00981	0.02286	0.51451	0.03145	0.22962	0.01047	0.01026	0.00719	0.00448	0.00381	0.00116	0.00402	0.00355	0.00379	0.00628
19	0.02085	0.00922	0.01583	0.08431	0.12063	0.00942	0.35537	0.11543	0.15384	0.06158	0.00944	0.01076	0.00701	0.00387	0.00407	0.00123	0.00496	0.00401	0.00263	0.00554
20	0.01008	0.03456	0.07830	0.04852	0.27177	0.02224	0.16424	0.11477	0.02469	0.08682	0.00909	0.01880	0.01869	0.00545	0.05416	0.00148	0.01533	0.01308	0.00244	0.00550
21	0.00996	0.01056	0.05307	0.04300	0.22564	0.20781	0.09481	0.02331	0.00912	0.06248	0.01107	0.04238	0.07598	0.02091	0.01382	0.00130	0.04318	0.04440	0.00235	0.00485
22	0.00616	0.00496	0.00578	0.00563	0.00624	0.04694	0.00404	0.00756	0.05738	0.00894	0.02733	0.01918	0.05264	0.32542	0.38012	0.00424	0.02715	0.00475	0.00234	0.00322
23	0.08923	0.12166	0.27870	0.00878	0.01220	0.10042	0.05637	0.08480	0.07262	0.03715	0.01824	0.06848	0.02642	0.00455	0.00353	0.00115	0.00459	0.00361	0.00239	0.00510
24	0.07619	0.21284	0.01279	0.01000	0.15153	0.08316	0.00714	0.16027	0.02994	0.06991	0.00819	0.01990	0.01947	0.00487	0.03094	0.00121	0.04218	0.00306	0.00251	0.05388
25	0.01087	0.09661	0.20679	0.08479	0.12643	0.05490	0.03133	0.07154	0.03481	0.05226	0.00882	0.01055	0.00703	0.00452	0.00411	0.00128	0.01428	0.00338	0.00265	0.17304

[dist]
# distance from previous block
# <min> <max>
1	7

[block]
# block no. 3 follows, 72 sequences, length 48
# corresponding to MSA columns:
# 182-229
name=unknown_D
#
# <colnr> <probs for GDERKNQSTAVLIFYWHMCP>
#	G	D	E	R	K	N	Q	S	T	A	V	L	I	F	Y	W	H	M	C	P
0	0.01944	0.02820	0.05788	0.01803	0.09616	0.01538	0.06944	0.11061	0.07685	0.01469	0.30755	0.01856	0.08202	0.01701	0.00433	0.00120	0.01267	0.00503	0.00322	0.04173
1	0.00969	0.02900	0.16886	0.00890	0.08221	0.04431	0.02160	0.05702	0.11084	0.13783	0.14143	0.01379	0.03087	0.02214	0.00405	0.00116	0.00375	0.00396	0.00304	0.10556
2	0.01654	0.00411	0.00444	0.00435	0.00563	0.00356	0.00323	0.00626	0.02782	0.01096	0.10236	0.15164	0.56745	0.00913	0.00438	0.00126	0.00205	0.00775	0.00348	0.06361
3	0.02171	0.47842	0.10403	0.00695	0.01001	0.03755	0.00674	0.09880	0.00870	0.02072	0.00684	0.00897	0.00614	0.10115	0.00469	0.00121	0.00416	0.00270	0.00203	0.06850
4	0.00935	0.04508	0.03580	0.05582	0.08185	0.04294	0.03171	0.07537	0.02529	0.06550	0.00827	0.03018	0.01539	0.00361	0.00326	0.00085	0.00361	0.00300	0.00247	0.46065
5	0.00907	0.01153	0.16778	0.12332	0.19731	0.05404	0.31026	0.02289	0.00872	0.02880	0.00729	0.00945	0.00557	0.00355	0.00417	0.00122	0.02424	0.00363	0.00190	0.00527
6	0.00466	0.00334	0.00437	0.00517	0.00542	0.00312	0.00343	0.00530	0.00721	0.00958	0.02101	0.79187	0.05165	0.05746	0.00560	0.00165	0.00227	0.01041	0.00346	0.00304
7	0.00900	0.00788	0.05736	0.02932	0.12517	0.00771	0.02635	0.04492	0.34893	0.07723	0.14082	0.06085	0.03673	0.00556	0.00400	0.00124	0.00329	0.00483	0.00344	0.00536
8	0.04825	0.03094	0.01020	0.01990	0.12680	0.05455	0.01871	0.27717	0.04768	0.12373	0.03906	0.07869	0.03723	0.01920	0.04932	0.00148	0.00418	0.00428	0.00324	0.00538
9	0.00498	0.00408	0.00433	0.00418	0.00545	0.00356	0.00316	0.03336	0.00935	0.01165	0.19072	0.03402	0.65972	0.00908	0.00446	0.00126	0.00197	0.00763	0.00366	0.00338
10	0.00538	0.00371	0.00424	0.00423	0.00445	0.00362	0.00255	0.00569	0.00640	0.00853	0.10316	0.04878	0.08828	0.66714	0.02611	0.00317	0.00336	0.00600	0.00263	0.00255
11	0.00767	0.09601	0.66549	0.00987	0.01465	0.01927	0.01219	0.01140	0.00780	0.01133	0.00703	0.00860	0.00534	0.00639	0.09947	0.00172	0.00599	0.00287	0.00166	0.00527
12	0.00917	0.00827	0.01261	0.33538	0.27878	0.04448	0.05487	0.05536	0.05438	0.05466	0.00914	0.01145	0.03306	0.00409	0.00385	0.00121	0.00465	0.01722	0.00225	0.00512
13	0.00580	0.00421	0.00571	0.00648	0.00734	0.00412	0.00552	0.00736	0.00859	0.01108	0.02223	0.11341	0.11487	0.01050	0.00512	0.00168	0.00320	0.65585	0.00350	0.00342
14	0.00504	0.00366	0.00455	0.00504	0.00546	0.00349	0.00343	0.00602	0.02989	0.00994	0.07841	0.48882	0.10806	0.17585	0.00756	0.00191	0.00252	0.05393	0.00334	0.00308
15	0.00952	0.11681	0.30341	0.01178	0.06292	0.07009	0.22114	0.05097	0.02542	0.04664	0.00796	0.01691	0.01754	0.00379	0.00387	0.00116	0.01930	0.00340	0.00205	0.00533
16	0.00930	0.05506	0.01460	0.17738	0.59562	0.06026	0.01090	0.01147	0.00852	0.01151	0.00688	0.00919	0.00570	0.00348	0.00367	0.00113	0.00473	0.00325	0.00183	0.00551
17	0.00906	0.00497	0.00528	0.00467	0.00607	0.00511	0.00365	0.15206	0.00988	0.07567	0.01199	0.01318	0.00913	0.00446	0.00293	0.00095	0.00229	0.00353	0.67087	0.00425
18	0.00546	0.00403	0.00486	0.00490	0.00586	0.00377	0.00365	0.00721	0.05105	0.02698	0.30332	0.19731	0.26284	0.00953	0.02740	0.00144	0.00230	0.04680	0.02774	0.00353
19	0.02596	0.04848	0.21175	0.01219	0.20151	0.05181	0.05322	0.09819	0.02955	0.15155	0.02283	0.04181	0.00758	0.00448	0.01204	0.00121	0.00456	0.00361	0.01205	0.00562
20	0.04919	0.01855	0.08381	0.00968	0.07845	0.10453	0.07581	0.13821	0.04744	0.29824	0.01770	0.01072	0.00758	0.01368	0.00387	0.00117	0.00430	0.00350	0.02786	0.00571
21	0.44070	0.01159	0.11254	0.00772	0.03077	0.19613	0.00665	0.08409	0.01992	0.03435	0.00634	0.00718	0.00486	0.00381	0.00314	0.00114	0.01956	0.00248	0.00234	0.00469
22	0.00847	0.16969	0.60540	0.01014	0.01492	0.05501	0.03943	0.01199	0.00807	0.01124	0.00646	0.00769	0.00486	0.00362	0.00365	0.00113	0.02852	0.00272	0.00164	0.00535
23	0.00532	0.00392	0.00527	0.00541	0.00584	0.00418	0.00387	0.00614	0.00673	0.00925	0.07349	0.24201	0.06755	0.18016	0.29937	0.02758	0.04165	0.00650	0.00269	0.00309
24	0.00893	0.00837	0.01385	0.04790	0.62131	0.00852	0.03770	0.01190	0.08049	0.01248	0.00932	0.01363	0.00824	0.00434	0.00396	0.00122	0.00434	0.09563	0.00223	0.00563
25	0.00508	0.00379	0.00490	0.00543	0.00593	0.00370	0.00387	0.02531	0.00778	0.01031	0.04905	0.59904	0.12474	0.01196	0.05020	0.00174	0.02513	0.05535	0.00342	0.00326
26	0.01582	0.00650	0.00863	0.00672	0.00949	0.00581	0.00551	0.05177	0.03777	0.72468	0.07418	0.01390	0.01123	0.00492	0.00386	0.00118	0.00316	0.00403	0.00459	0.00623
27	0.00466	0.00343	0.00437	0.00501	0.00545	0.00314	0.00342	0.00546	0.00777	0.01023	0.09126	0.66323	0.15631	0.01118	0.00475	0.00147	0.00212	0.01001	0.00357	0.00314
28	0.89350	0.00733	0.00557	0.00499	0.00733	0.00851	0.00411	0.01115	0.00645	0.01702	0.00528	0.00616	0.00411	0.00352	0.00235	0.00117	0.00293	0.00205	0.00235	0.00411
29	0.00463	0.00383	0.00406	0.00403	0.00522	0.00326	0.00301	0.00573	0.00896	0.01106	0.17247	0.05482	0.68711	0.00935	0.00449	0.00127	0.00191	0.00788	0.00363	0.00326
30	0.01574	0.00731	0.00919	0.00717	0.01004	0.00700	0.00588	0.14891	0.10538	0.61996	0.01408	0.01244	0.00916	0.00472	0.00382	0.00118	0.00335	0.00380	0.00446	0.00640
31	0.00497	0.00360	0.00451	0.00506	0.00562	0.00331	0.00353	0.01588	0.00796	0.02214	0.07206	0.60781	0.18966	0.01096	0.00473	0.00146	0.00219	0.02775	0.00358	0.00323
32	0.00801	0.15628	0.71397	0.01011	0.01534	0.00981	0.01280	0.01191	0.00796	0.01151	0.00656	0.00770	0.00481	0.00355	0.00341	0.00114	0.00536	0.00268	0.00160	0.00549
33	0.08990	0.00930	0.01024	0.00791	0.01086	0.00994	0.00654	0.55758	0.01512	0.22887	0.01024	0.00981	0.00699	0.00450	0.00368	0.00115	0.00383	0.00340	0.00390	0.00625
34	0.00661	0.00590	0.00688	0.12557	0.00948	0.10077	0.00532	0.00779	0.00682	0.00879	0.01033	0.07961	0.01030	0.17118	0.42322	0.00406	0.00730	0.00455	0.00214	0.00340
35	0.00750	0.10432	0.01234	0.76128	0.02427	0.00917	0.01007	0.00988	0.00760	0.00960	0.00657	0.00966	0.00503	0.00373	0.00364	0.00121	0.00494	0.00322	0.00168	0.00429
36	0.00601	0.00415	0.00552	0.00575	0.00641	0.00406	0.01744	0.03376	0.00792	0.06607	0.02067	0.62341	0.10287	0.01102	0.02800	0.00160	0.03916	0.00919	0.00346	0.00352
37	0.01021	0.79996	0.05137	0.00680	0.01008	0.05044	0.00682	0.01154	0.00785	0.00906	0.00536	0.00619	0.00487	0.00329	0.00252	0.00083	0.00423	0.00208	0.00164	0.00488
38	0.10564	0.00449	0.00468	0.00459	0.00586	0.00430	0.00345	0.00745	0.06647	0.01236	0.19664	0.12147	0.43224	0.00848	0.00423	0.00128	0.00211	0.00714	0.00355	0.00356
39	0.00550	0.00395	0.00486	0.00458	0.00565	0.00354	0.00345	0.00705	0.01017	0.04033	0.59699	0.03005	0.25353	0.00816	0.00445	0.00122	0.00187	0.00707	0.00401	0.00357
40	0.00859	0.03236	0.47403	0.01157	0.12062	0.03962	0.03170	0.03656	0.12366	0.02502	0.00894	0.05484	0.00713	0.00427	0.00372	0.00121	0.00488	0.00355	0.00218	0.00554
41	0.02875	0.11058	0.04171	0.16120	0.21734	0.08997	0.03355	0.13402	0.04477	0.07403	0.01555	0.00938	0.00632	0.00391	0.00367	0.00113	0.01310	0.00322	0.00242	0.00538
42	0.00509	0.00388	0.00422	0.00417	0.00531	0.00341	0.00311	0.00640	0.01895	0.02171	0.20453	0.07395	0.54411	0.00880	0.00434	0.00124	0.00192	0.00745	0.07403	0.00337
43	0.00473	0.00351	0.00423	0.00471	0.00520	0.00321	0.00317	0.00540	0.00746	0.00962	0.04341	0.49901	0.24347	0.13636	0.00685	0.00178	0.00233	0.00917	0.00336	0.00301
44	0.01020	0.13029	0.05714	0.08615	0.24001	0.10197	0.13482	0.07178	0.04271	0.03909	0.01626	0.00922	0.00619	0.00379	0.00396	0.00113	0.03451	0.00331	0.00215	0.00532
45	0.01221	0.09586	0.17231	0.02264	0.06985	0.08107	0.06039	0.15379	0.10002	0.04833	0.01156	0.05895	0.00992	0.03925	0.00546	0.00166	0.02762	0.01946	0.00331	0.00635
46	0.01020	0.00868	0.06752	0.19356	0.06437	0.01916	0.25507	0.02028	0.02594	0.20720	0.02277	0.03504	0.03529	0.00432	0.00413	0.00124	0.01317	0.00418	0.00268	0.00519
47	0.00747	0.05459	0.00687	0.00587	0.00722	0.04532	0.00445	0.08144	0.11924	0.04442	0.09691	0.26090	0.17838	0.05392	0.00505	0.00142	0.00284	0.01614	0.00345	0.00409

[dist]
# distance from previous block
# <min> <max>
0	34

[block]
# block no. 4 follows, 72 sequences, length 9
# corresponding to MSA columns:
# 264-272
name=unknown_E
#
# <colnr> <probs for GDERKNQSTAVLIFYWHMCP>
#	G	D	E	R	K	N	Q	S	T	A	V	L	I	F	Y	W	H	M	C	P
0	0.13061	0.00717	0.00749	0.00628	0.00847	0.05678	0.00504	0.14698	0.03775	0.23574	0.13409	0.01727	0.13189	0.00572	0.00378	0.00118	0.00313	0.02297	0.01705	0.02061
1	0.00741	0.00579	0.00824	0.00745	0.00889	0.00583	0.10382	0.10254	0.09403	0.03716	0.09247	0.32774	0.03388	0.00846	0.00457	0.00142	0.00321	0.13938	0.00348	0.00422
2	0.04559	0.03150	0.19451	0.01503	0.34446	0.14417	0.02992	0.08302	0.00964	0.05626	0.00733	0.00866	0.00567	0.00368	0.00361	0.00112	0.00500	0.00307	0.00216	0.00560
3	0.00508	0.00375	0.00465	0.00522	0.00575	0.00352	0.00360	0.04561	0.00800	0.01047	0.02316	0.68864	0.15618	0.01116	0.00473	0.00148	0.00225	0.00997	0.00353	0.00326
4	0.00485	0.00381	0.00407	0.00409	0.00513	0.00333	0.00299	0.00586	0.00849	0.01069	0.12332	0.05967	0.58160	0.09681	0.00594	0.00152	0.00213	0.02859	0.04394	0.00317
5	0.08420	0.01243	0.00959	0.00845	0.01045	0.38801	0.00656	0.13217	0.13017	0.04451	0.00842	0.00928	0.00666	0.00679	0.09048	0.00162	0.03965	0.00307	0.00263	0.00487
6	0.00543	0.00400	0.00578	0.00578	0.00635	0.00457	0.00435	0.00657	0.00600	0.00857	0.01045	0.01650	0.01018	0.16376	0.71732	0.00570	0.00911	0.00430	0.00207	0.00321
7	0.00738	0.00459	0.00585	0.00531	0.00658	0.00433	0.00405	0.02856	0.05623	0.13302	0.56999	0.08783	0.05625	0.00747	0.00436	0.00122	0.00215	0.00654	0.00415	0.00414
8	0.00566	0.00412	0.00510	0.00550	0.00600	0.00412	0.00377	0.05645	0.05686	0.01071	0.03769	0.60706	0.02146	0.12344	0.03165	0.00191	0.00279	0.00897	0.00337	0.00338

[dist]
# distance from previous block
# <min> <max>
0	1

[block]
# block no. 5 follows, 72 sequences, length 27
# corresponding to MSA columns:
# 274-300
name=unknown_F
#
# <colnr> <probs for GDERKNQSTAVLIFYWHMCP>
#	G	D	E	R	K	N	Q	S	T	A	V	L	I	F	Y	W	H	M	C	P
0	0.01051	0.07578	0.04424	0.00773	0.02216	0.07608	0.00633	0.18357	0.29209	0.06550	0.13919	0.01429	0.03571	0.00518	0.00380	0.00117	0.00356	0.00418	0.00349	0.00544
1	0.01009	0.00471	0.00555	0.00485	0.00645	0.00442	0.00380	0.02545	0.02841	0.27577	0.05214	0.03746	0.05830	0.00516	0.00331	0.00104	0.00232	0.00423	0.46201	0.00453
2	0.01521	0.00864	0.01002	0.00824	0.01084	0.00839	0.00646	0.24485	0.08243	0.36106	0.11468	0.01647	0.01371	0.00631	0.00465	0.00151	0.00388	0.00472	0.07112	0.00681
3	0.07009	0.00848	0.00809	0.00738	0.02254	0.10067	0.00567	0.13376	0.35057	0.01536	0.04345	0.04096	0.08366	0.00564	0.00379	0.00122	0.00341	0.03790	0.05226	0.00511
4	0.01076	0.00866	0.00890	0.03402	0.01038	0.07527	0.00615	0.11951	0.49050	0.09917	0.07006	0.02737	0.01186	0.00517	0.00387	0.00123	0.00344	0.00424	0.00373	0.00571
5	0.00830	0.00646	0.00702	0.00631	0.00793	0.02946	0.00484	0.10448	0.27708	0.05148	0.25038	0.08152	0.10934	0.03242	0.00461	0.00132	0.00275	0.00576	0.00382	0.00472
6	0.00525	0.00398	0.00464	0.00451	0.00545	0.00364	0.00327	0.02880	0.00931	0.01232	0.36766	0.09447	0.32707	0.10547	0.00616	0.00153	0.00215	0.00733	0.00366	0.00334
7	0.01144	0.11888	0.08814	0.00837	0.03660	0.07248	0.00712	0.25123	0.16363	0.09687	0.03110	0.01166	0.04023	0.01727	0.02712	0.00130	0.00420	0.00362	0.00315	0.00559
8	0.01333	0.06874	0.01147	0.00969	0.03237	0.59261	0.00737	0.12712	0.01111	0.01142	0.00634	0.00738	0.00521	0.00414	0.00402	0.00104	0.06428	0.00265	0.01501	0.00472
9	0.02096	0.00750	0.00957	0.10347	0.16178	0.00805	0.00703	0.12049	0.25661	0.05877	0.05619	0.01595	0.13369	0.00531	0.00391	0.00121	0.00344	0.00450	0.00322	0.01835
10	0.03386	0.04437	0.08977	0.10127	0.08934	0.06451	0.04291	0.04430	0.10888	0.11357	0.04350	0.05054	0.02569	0.00492	0.01340	0.00121	0.03422	0.00386	0.00272	0.08716
11	0.00581	0.00389	0.00449	0.00447	0.00463	0.00391	0.00268	0.03725	0.00625	0.00835	0.02930	0.10742	0.01478	0.69571	0.01678	0.03986	0.00349	0.00589	0.00249	0.00253
12	0.00808	0.00753	0.01246	0.59464	0.24607	0.00873	0.01068	0.04665	0.00832	0.01105	0.00695	0.00987	0.00537	0.00371	0.00378	0.00122	0.00487	0.00337	0.00183	0.00480
13	0.01067	0.07430	0.02561	0.00781	0.04034	0.08914	0.00606	0.11764	0.25761	0.12869	0.09959	0.05015	0.04149	0.02870	0.00423	0.00124	0.00355	0.00441	0.00346	0.00530
14	0.01692	0.09061	0.15349	0.03495	0.16261	0.05012	0.08056	0.14390	0.01938	0.03898	0.02206	0.02330	0.00657	0.00395	0.00390	0.00109	0.03682	0.00328	0.00233	0.10516
15	0.00588	0.00446	0.00510	0.00487	0.00594	0.00427	0.00360	0.06107	0.05112	0.01279	0.29734	0.09707	0.28711	0.10516	0.00609	0.00154	0.00233	0.02260	0.01808	0.00358
16	0.00472	0.00340	0.00462	0.00538	0.00566	0.00329	0.00368	0.00547	0.00711	0.00957	0.01954	0.75667	0.02311	0.01398	0.11210	0.00212	0.00321	0.00993	0.00333	0.00312
17	0.01020	0.03900	0.11994	0.10977	0.09034	0.31051	0.03338	0.03775	0.03228	0.01064	0.00777	0.06238	0.00690	0.03178	0.02283	0.00135	0.06295	0.00353	0.00206	0.00464
18	0.02584	0.00893	0.05240	0.04515	0.13017	0.04526	0.03183	0.25223	0.05804	0.12513	0.01066	0.05941	0.00885	0.06478	0.04256	0.00159	0.00441	0.02431	0.00308	0.00538
19	0.00501	0.00359	0.00462	0.00530	0.00570	0.00340	0.00365	0.02676	0.00776	0.01035	0.04570	0.70875	0.06993	0.02522	0.00500	0.00154	0.00229	0.04339	0.01884	0.00320
20	0.00587	0.00437	0.00496	0.00483	0.00545	0.02204	0.00332	0.00683	0.02835	0.03064	0.15032	0.08794	0.17967	0.36108	0.05949	0.00255	0.02988	0.00632	0.00299	0.00310
21	0.02302	0.17415	0.11937	0.03090	0.08022	0.06983	0.04956	0.22095	0.02452	0.04786	0.00873	0.08280	0.00746	0.00462	0.00381	0.00113	0.02760	0.00369	0.00258	0.01719
22	0.00574	0.00462	0.00585	0.00688	0.10012	0.00435	0.00440	0.03144	0.03116	0.01944	0.05169	0.27978	0.36620	0.03180	0.02780	0.00153	0.00269	0.01752	0.00331	0.00369
23	0.00656	0.00397	0.00513	0.00532	0.00615	0.00363	0.00380	0.01969	0.00845	0.12742	0.10914	0.55112	0.11483	0.01007	0.00460	0.00142	0.00230	0.00897	0.00376	0.00367
24	0.00580	0.00510	0.04013	0.02231	0.00729	0.02068	0.00481	0.01660	0.07994	0.01098	0.04977	0.43914	0.10268	0.02244	0.00488	0.00151	0.00279	0.15611	0.00341	0.00362
25	0.07022	0.04985	0.07700	0.06195	0.03033	0.16421	0.00763	0.35811	0.03231	0.08779	0.00834	0.00877	0.00607	0.00416	0.00354	0.00111	0.00462	0.00307	0.00298	0.01793
26	0.00573	0.03107	0.00642	0.00668	0.02949	0.00461	0.02552	0.00706	0.03050	0.01023	0.01816	0.46269	0.02069	0.06270	0.01909	0.00175	0.02857	0.22237	0.00323	0.00345

[dist]
# distance from previous block
# <min> <max>
1	2

[block]
# block no. 6 follows, 72 sequences, length 30
# corresponding to MSA columns:
# 303-332
name=unknown_G
#
# <colnr> <probs for GDERKNQSTAVLIFYWHMCP>
#	G	D	E	R	K	N	Q	S	T	A	V	L	I	F	Y	W	H	M	C	P
0	0.01201	0.03276	0.01041	0.00861	0.01068	0.29795	0.02586	0.19256	0.12597	0.06036	0.06643	0.01143	0.03932	0.00495	0.00453	0.00116	0.08336	0.00361	0.00295	0.00509
1	0.00871	0.00759	0.00995	0.01922	0.01066	0.03727	0.11972	0.04083	0.04522	0.04673	0.03060	0.01050	0.03282	0.01630	0.00364	0.00087	0.01231	0.00316	0.01757	0.52635
2	0.01004	0.83546	0.05253	0.00666	0.01000	0.01476	0.00679	0.01138	0.00772	0.00904	0.00533	0.00616	0.00486	0.00326	0.00248	0.00083	0.00412	0.00206	0.00162	0.00490
3	0.00576	0.00424	0.00599	0.00589	0.00655	0.00483	0.00445	0.03682	0.00644	0.00913	0.01040	0.01622	0.01003	0.15686	0.69217	0.00554	0.00894	0.00426	0.00214	0.00333
4	0.00701	0.00554	0.00568	0.00534	0.00589	0.06255	0.00355	0.06880	0.05149	0.00965	0.04205	0.04708	0.01326	0.57928	0.05484	0.00309	0.02408	0.00517	0.00255	0.00312
5	0.00899	0.00745	0.00739	0.00684	0.00860	0.08718	0.00527	0.01469	0.40560	0.08705	0.03496	0.11429	0.14709	0.00675	0.00410	0.00129	0.00312	0.04073	0.00365	0.00495
6	0.00705	0.00444	0.00534	0.00496	0.00628	0.00405	0.00374	0.00884	0.05555	0.14243	0.29255	0.10774	0.29399	0.03974	0.00492	0.00135	0.00223	0.00694	0.00389	0.00394
7	0.01101	0.00901	0.08821	0.00734	0.00979	0.03419	0.00628	0.27912	0.15409	0.11892	0.01299	0.02583	0.05665	0.10236	0.00551	0.00145	0.00370	0.00414	0.06411	0.00533
8	0.00939	0.00901	0.01539	0.02328	0.84306	0.00901	0.01164	0.01164	0.00864	0.01239	0.00713	0.00939	0.00601	0.00338	0.00375	0.00113	0.00451	0.00338	0.00188	0.00601
9	0.00464	0.00376	0.00413	0.00423	0.00527	0.00324	0.00310	0.00568	0.00874	0.01093	0.16110	0.17401	0.57852	0.00970	0.00454	0.00131	0.00195	0.00829	0.00362	0.00324
10	0.00601	0.00419	0.00474	0.00452	0.00583	0.00369	0.00341	0.00746	0.03482	0.09086	0.19074	0.08799	0.52429	0.00879	0.00442	0.00127	0.00207	0.00745	0.00377	0.00366
11	0.00561	0.00392	0.00499	0.00470	0.00558	0.00361	0.00346	0.00717	0.01010	0.03454	0.68880	0.02816	0.08630	0.08955	0.00587	0.00143	0.00201	0.00673	0.00397	0.00350
12	0.01022	0.01187	0.01535	0.01205	0.01458	0.28309	0.37974	0.01273	0.05728	0.01099	0.00861	0.09050	0.00760	0.00460	0.00467	0.00123	0.06369	0.00432	0.00218	0.00467
13	0.00580	0.00360	0.00482	0.00542	0.00590	0.00332	0.00372	0.00654	0.00760	0.08925	0.02034	0.78322	0.02359	0.01120	0.00474	0.00151	0.00230	0.01012	0.00363	0.00340
14	0.01343	0.04820	0.01078	0.00938	0.01131	0.74385	0.00712	0.03313	0.01048	0.00957	0.00621	0.00741	0.00523	0.00557	0.06117	0.00132	0.00690	0.00256	0.00199	0.00439
15	0.01035	0.67215	0.07174	0.03873	0.03671	0.04569	0.00730	0.03088	0.00822	0.03999	0.00595	0.00680	0.00511	0.00340	0.00272	0.00089	0.00429	0.00228	0.00181	0.00500
16	0.03262	0.02329	0.00857	0.00694	0.00896	0.00746	0.00555	0.25316	0.02492	0.18365	0.02122	0.09777	0.02477	0.05459	0.12632	0.00202	0.04792	0.00443	0.00333	0.06251
17	0.02524	0.12481	0.18774	0.01321	0.21921	0.14109	0.10360	0.04184	0.03401	0.04340	0.02639	0.00901	0.00637	0.00372	0.00358	0.00110	0.00506	0.00316	0.00210	0.00537
18	0.02602	0.00404	0.00544	0.03283	0.03686	0.00406	0.00429	0.01962	0.00747	0.01024	0.04145	0.60450	0.02922	0.05414	0.05404	0.00187	0.01695	0.04041	0.00322	0.00333
19	0.08208	0.00614	0.00795	0.00628	0.00880	0.00553	0.00506	0.01619	0.01001	0.66638	0.05023	0.01421	0.01056	0.08678	0.00521	0.00141	0.00318	0.00398	0.00426	0.00575
20	0.03917	0.00618	0.03355	0.02312	0.07308	0.00622	0.00556	0.03642	0.08509	0.04117	0.13919	0.09132	0.25976	0.00741	0.00528	0.00132	0.11306	0.02574	0.00319	0.00420
21	0.03976	0.02460	0.08672	0.08691	0.13399	0.05397	0.25680	0.04681	0.07062	0.04778	0.07158	0.01155	0.01999	0.00415	0.00418	0.00122	0.02788	0.00395	0.00240	0.00514
22	0.00510	0.00401	0.00471	0.00525	0.00578	0.03399	0.00367	0.00599	0.00807	0.01053	0.13298	0.59527	0.12406	0.01072	0.00471	0.00145	0.00232	0.03462	0.00355	0.00322
23	0.00536	0.00368	0.00412	0.00416	0.00431	0.00360	0.00242	0.00550	0.00593	0.00777	0.01516	0.06810	0.10083	0.73434	0.01703	0.00332	0.00342	0.00604	0.00249	0.00243
24	0.01105	0.04517	0.18079	0.02916	0.27044	0.02746	0.11210	0.05511	0.06185	0.02357	0.02617	0.04467	0.00988	0.04443	0.03667	0.00188	0.00565	0.00458	0.00297	0.00644
25	0.01031	0.11610	0.09340	0.02667	0.42931	0.05498	0.06511	0.12091	0.00985	0.02745	0.00723	0.00880	0.00578	0.00358	0.00362	0.00110	0.00475	0.00320	0.00213	0.00573
26	0.00466	0.00333	0.00445	0.00533	0.00557	0.00312	0.00359	0.00535	0.00730	0.00973	0.02088	0.84098	0.02499	0.01184	0.00485	0.00155	0.00224	0.03363	0.00352	0.00309
27	0.00836	0.00608	0.00773	0.03421	0.09262	0.04007	0.01760	0.05592	0.03470	0.12956	0.08000	0.25346	0.12135	0.04120	0.00525	0.00141	0.04276	0.02008	0.00332	0.00433
28	0.02556	0.17523	0.10368	0.02963	0.10124	0.04307	0.06548	0.13720	0.06489	0.11302	0.01969	0.04153	0.02783	0.00447	0.00385	0.00114	0.03077	0.00362	0.00269	0.00540
29	0.04708	0.16413	0.19320	0.01991	0.11494	0.07090	0.05959	0.17726	0.08290	0.01422	0.00805	0.00890	0.01480	0.00390	0.00348	0.00111	0.00466	0.00310	0.00238	0.00551

[dist]
# distance from previous block
# <min> <max>
0	8

[block]
# block no. 7 follows, 72 sequences, length 30
# corresponding to MSA columns:
# 341-370
name=unknown_H
#
# <colnr> <probs for GDERKNQSTAVLIFYWHMCP>
#	G	D	E	R	K	N	Q	S	T	A	V	L	I	F	Y	W	H	M	C	P
0	0.01206	0.15560	0.12216	0.02164	0.09289	0.18334	0.02195	0.16266	0.03387	0.12365	0.00840	0.02057	0.00640	0.00406	0.00348	0.00107	0.00476	0.00310	0.01287	0.00546
