[name]
unknown

[dist]
# distance from previous block
# <min> <max>
1	83

[block]
# block no. 0 follows, 61 sequences, length 10
# corresponding to MSA columns:
# 110-119
name=unknown_A
#
# <colnr> <probs for GDERKNQSTAVLIFYWHMCP>
#	G	D	E	R	K	N	Q	S	T	A	V	L	I	F	Y	W	H	M	C	P
0	0.04977	0.00919	0.01157	0.00889	0.01208	0.02029	0.09273	0.22578	0.04007	0.09407	0.02317	0.06078	0.03096	0.00514	0.00436	0.00117	0.02855	0.00428	0.00344	0.27371
1	0.07320	0.01029	0.01151	0.05683	0.05948	0.08668	0.04478	0.27387	0.05003	0.04681	0.01294	0.06019	0.07273	0.00638	0.02286	0.00145	0.04498	0.00460	0.00337	0.05702
2	0.01375	0.01192	0.01145	0.00995	0.04408	0.19299	0.02384	0.33546	0.03401	0.06737	0.04406	0.11104	0.01105	0.00596	0.00433	0.00127	0.00490	0.00478	0.00364	0.06413
3	0.00847	0.00634	0.00752	0.00703	0.00791	0.02598	0.00511	0.06351	0.06766	0.06009	0.05805	0.25594	0.01778	0.24156	0.01088	0.00230	0.11786	0.00717	0.00342	0.02544
4	0.07068	0.01084	0.03500	0.05525	0.04577	0.07777	0.00785	0.28951	0.06954	0.22514	0.01147	0.01137	0.00804	0.00487	0.00410	0.00127	0.00456	0.00377	0.00390	0.05929
5	0.06008	0.00818	0.01270	0.53886	0.16112	0.00955	0.01091	0.04038	0.04404	0.01294	0.01014	0.01289	0.05110	0.00467	0.00425	0.00140	0.00516	0.00408	0.00230	0.00524
6	0.02381	0.00664	0.00774	0.05789	0.00910	0.03982	0.02199	0.12389	0.00931	0.01241	0.01434	0.11877	0.04292	0.36241	0.07204	0.00302	0.03646	0.03047	0.00300	0.00398
7	0.06840	0.00991	0.01113	0.00868	0.01197	0.01035	0.00712	0.40566	0.09001	0.26565	0.01260	0.01190	0.00866	0.00510	0.00416	0.00129	0.00412	0.00394	0.00443	0.05492
8	0.00724	0.00573	0.00762	0.00816	0.07942	0.02641	0.03246	0.02133	0.02498	0.01034	0.01321	0.07209	0.01401	0.41409	0.21342	0.00409	0.00613	0.03289	0.00267	0.00372
9	0.05660	0.01177	0.01286	0.04736	0.06115	0.20024	0.08218	0.13681	0.01183	0.17330	0.01018	0.04063	0.00794	0.00606	0.02930	0.00152	0.09717	0.00405	0.00318	0.00585

[dist]
# distance from previous block
# <min> <max>
9	84

[block]
# block no. 1 follows, 61 sequences, length 22
# corresponding to MSA columns:
# 212-233
name=unknown_B
#
# <colnr> <probs for GDERKNQSTAVLIFYWHMCP>
#	G	D	E	R	K	N	Q	S	T	A	V	L	I	F	Y	W	H	M	C	P
0	0.01169	0.06501	0.06923	0.10424	0.02819	0.05415	0.04197	0.22443	0.11434	0.05175	0.08808	0.03052	0.01127	0.00605	0.02437	0.00146	0.03201	0.00438	0.00337	0.03347
1	0.30202	0.04247	0.02856	0.04301	0.06733	0.04636	0.07893	0.07605	0.02565	0.04391	0.03271	0.01112	0.03525	0.01483	0.00430	0.00130	0.03960	0.00355	0.00280	0.10023
2	0.01057	0.07487	0.04195	0.06733	0.08878	0.18647	0.03886	0.01302	0.06796	0.05614	0.03305	0.19467	0.02863	0.00660	0.00447	0.00133	0.01499	0.00558	0.00298	0.06176
3	0.03142	0.00944	0.04756	0.18417	0.25807	0.03703	0.06107	0.03938	0.07436	0.03759	0.04420	0.03028	0.05025	0.00586	0.01614	0.00149	0.00499	0.05823	0.00279	0.00568
4	0.00699	0.00559	0.00722	0.00695	0.00805	0.02582	0.03852	0.04693	0.04361	0.01257	0.08646	0.33773	0.05842	0.05772	0.19042	0.00287	0.00505	0.00798	0.01298	0.03812
5	0.01123	0.00967	0.03162	0.15916	0.06630	0.03988	0.03170	0.23113	0.12693	0.03798	0.13352	0.01588	0.02526	0.00580	0.00487	0.00139	0.03814	0.02013	0.00353	0.00589
6	0.00680	0.02233	0.00687	0.01819	0.00749	0.00577	0.00484	0.02000	0.06559	0.01068	0.01490	0.12555	0.03071	0.25918	0.31561	0.00432	0.03088	0.04364	0.00287	0.00379
7	0.05829	0.04653	0.05296	0.04384	0.08994	0.11285	0.15991	0.05505	0.05897	0.09127	0.01959	0.02397	0.03666	0.00701	0.06875	0.00176	0.03863	0.00424	0.00283	0.02695
8	0.01203	0.00699	0.00794	0.00676	0.00888	0.00719	0.00532	0.14692	0.14695	0.19416	0.07014	0.03752	0.02583	0.03352	0.00460	0.00135	0.00315	0.00482	0.27022	0.00570
9	0.04122	0.11142	0.19933	0.02088	0.08468	0.21019	0.02970	0.04930	0.01054	0.06587	0.02600	0.00977	0.00702	0.00488	0.02263	0.00129	0.00576	0.00324	0.00247	0.09380
10	0.04801	0.01030	0.01374	0.24570	0.28673	0.09705	0.02759	0.07459	0.06721	0.03808	0.04309	0.01183	0.00831	0.00453	0.00423	0.00133	0.00522	0.00394	0.00263	0.00588
11	0.04551	0.07357	0.74143	0.01169	0.01773	0.01043	0.01491	0.01355	0.00900	0.01366	0.00755	0.00887	0.00543	0.00406	0.00395	0.00134	0.00613	0.00309	0.00186	0.00624
12	0.00579	0.00451	0.00526	0.00548	0.00646	0.00421	0.00393	0.00773	0.06960	0.01287	0.18051	0.32531	0.30903	0.03209	0.00560	0.00161	0.00241	0.00959	0.00413	0.00388
13	0.01175	0.00950	0.01085	0.00909	0.01152	0.07209	0.07497	0.24158	0.16981	0.07221	0.05498	0.14704	0.07114	0.00710	0.00466	0.00142	0.00418	0.01625	0.00399	0.00586
14	0.04414	0.00856	0.00947	0.00765	0.01033	0.00903	0.00620	0.32505	0.09275	0.20174	0.01332	0.01320	0.00949	0.00519	0.00394	0.00125	0.00363	0.00406	0.22464	0.00635
15	0.00636	0.00435	0.00531	0.00564	0.00663	0.00396	0.00421	0.00764	0.00961	0.05126	0.11760	0.31997	0.26356	0.01106	0.00517	0.00158	0.00256	0.10897	0.06067	0.00388
16	0.05987	0.27822	0.01454	0.00817	0.01140	0.01288	0.00711	0.34090	0.05753	0.08782	0.00997	0.01019	0.00750	0.00467	0.00364	0.00117	0.00425	0.00340	0.07047	0.00633
17	0.00995	0.01042	0.05703	0.09117	0.36949	0.00977	0.20455	0.03111	0.04385	0.01404	0.00999	0.03017	0.02432	0.00444	0.00448	0.00134	0.00543	0.02131	0.00239	0.05472
18	0.00877	0.00656	0.00735	0.00672	0.00832	0.00667	0.00508	0.25680	0.01258	0.01649	0.07019	0.30184	0.22962	0.03559	0.00550	0.00158	0.00314	0.00836	0.00410	0.00474
19	0.01381	0.03408	0.04031	0.02471	0.02914	0.55605	0.02800	0.01516	0.01081	0.01100	0.00676	0.00841	0.00572	0.00486	0.00531	0.02058	0.10174	0.00299	0.00217	0.07839
20	0.00984	0.38411	0.14173	0.02845	0.01164	0.01223	0.00818	0.03829	0.03651	0.01188	0.00842	0.01086	0.00737	0.05077	0.09817	0.00195	0.06515	0.00331	0.06590	0.00524
21	0.06555	0.05551	0.01048	0.00811	0.04477	0.00862	0.00623	0.15724	0.10173	0.03180	0.03693	0.01091	0.00847	0.00468	0.00418	0.03782	0.00366	0.00334	0.00313	0.39684

[dist]
# distance from previous block
# <min> <max>
1	18

[block]
# block no. 2 follows, 61 sequences, length 17
# corresponding to MSA columns:
# 253-269
name=unknown_C
#
# <colnr> <probs for GDERKNQSTAVLIFYWHMCP>
#	G	D	E	R	K	N	Q	S	T	A	V	L	I	F	Y	W	H	M	C	P
0	0.07816	0.00812	0.01003	0.05237	0.01119	0.03028	0.03356	0.14461	0.03473	0.06089	0.09552	0.14908	0.04097	0.00772	0.00665	0.00156	0.18064	0.04543	0.00344	0.00507
1	0.00730	0.00452	0.00574	0.00565	0.00666	0.00412	0.00406	0.00857	0.01008	0.10945	0.30016	0.27726	0.12717	0.10086	0.00694	0.00179	0.00262	0.00873	0.00426	0.00407
2	0.00801	0.00485	0.00621	0.00573	0.00714	0.00436	0.00440	0.00977	0.01154	0.14302	0.49672	0.07208	0.16046	0.00895	0.00502	0.00141	0.00241	0.03878	0.00465	0.00448
3	0.00617	0.00435	0.00484	0.00483	0.00606	0.00387	0.00362	0.00760	0.01007	0.03328	0.18358	0.10375	0.43029	0.00966	0.00479	0.00140	0.00224	0.03012	0.14561	0.00387
4	0.40616	0.00797	0.00843	0.00686	0.00987	0.00815	0.00565	0.04172	0.02952	0.41796	0.01185	0.01111	0.00792	0.00474	0.00358	0.00133	0.00354	0.00343	0.00408	0.00612
5	0.83407	0.00838	0.00651	0.00583	0.00848	0.00972	0.00478	0.01319	0.04911	0.01926	0.00660	0.00747	0.00510	0.00409	0.00275	0.00134	0.00334	0.00246	0.00275	0.00478
6	0.01058	0.01004	0.01686	0.07951	0.55214	0.00997	0.09579	0.05799	0.01027	0.01457	0.00822	0.01062	0.00670	0.00386	0.00425	0.00124	0.00517	0.00384	0.00229	0.09610
7	0.01346	0.08691	0.01386	0.07268	0.17048	0.31204	0.00920	0.12286	0.08865	0.03541	0.00915	0.01083	0.00737	0.00469	0.00406	0.00123	0.00581	0.02264	0.00276	0.00590
8	0.00876	0.00758	0.00933	0.00859	0.00933	0.05112	0.00676	0.02709	0.07630	0.03648	0.01238	0.14753	0.01241	0.06132	0.16080	0.00279	0.29818	0.03107	0.02765	0.00452
9	0.00532	0.00382	0.00507	0.00600	0.00633	0.00357	0.00408	0.00616	0.00845	0.01124	0.04409	0.77555	0.05116	0.01325	0.00549	0.00174	0.00253	0.03862	0.00402	0.00353
10	0.31415	0.00982	0.01623	0.11200	0.09570	0.01029	0.33775	0.01294	0.00888	0.01536	0.00752	0.00985	0.00580	0.00394	0.00425	0.00140	0.02264	0.00382	0.00231	0.00536
11	0.00547	0.00406	0.00514	0.00567	0.00630	0.00378	0.00399	0.00651	0.00895	0.01181	0.12681	0.47892	0.18588	0.04185	0.05955	0.00207	0.00306	0.03264	0.00393	0.00360
12	0.00568	0.00419	0.00578	0.00619	0.00679	0.00429	0.00449	0.00690	0.00830	0.01139	0.11349	0.39138	0.06817	0.01991	0.31776	0.00364	0.00584	0.00866	0.00345	0.00370
13	0.01127	0.05710	0.03369	0.16888	0.33048	0.03689	0.03176	0.02249	0.01996	0.12228	0.00988	0.01213	0.00769	0.00450	0.00436	0.00130	0.02522	0.01620	0.07790	0.00601
14	0.00652	0.00436	0.00522	0.00523	0.00596	0.00405	0.00356	0.00741	0.00890	0.05473	0.18490	0.18107	0.17821	0.30396	0.01103	0.00244	0.00302	0.02213	0.00373	0.00354
15	0.03819	0.18027	0.01414	0.05533	0.01335	0.20985	0.02389	0.25871	0.08298	0.04171	0.03534	0.01037	0.00805	0.00477	0.00390	0.00120	0.00527	0.00350	0.00315	0.00601
16	0.05172	0.09658	0.18501	0.04048	0.02566	0.24034	0.00932	0.08877	0.05498	0.06497	0.00854	0.00936	0.00650	0.00433	0.00381	0.00117	0.00560	0.00314	0.00265	0.09709

[dist]
# distance from previous block
# <min> <max>
0	4

[block]
# block no. 3 follows, 61 sequences, length 11
# corresponding to MSA columns:
# 294-304
name=unknown_D
#
# <colnr> <probs for GDERKNQSTAVLIFYWHMCP>
#	G	D	E	R	K	N	Q	S	T	A	V	L	I	F	Y	W	H	M	C	P
0	0.03339	0.04392	0.14184	0.11694	0.10791	0.05292	0.02425	0.23056	0.11022	0.06539	0.01003	0.01094	0.00741	0.00473	0.00436	0.00133	0.02057	0.00377	0.00311	0.00641
1	0.00545	0.00433	0.00486	0.00495	0.00611	0.00380	0.00368	0.00670	0.01002	0.01267	0.19799	0.12522	0.50776	0.03942	0.00575	0.00159	0.00235	0.04955	0.00410	0.00369
2	0.01004	0.03166	0.07377	0.07646	0.07779	0.04184	0.03766	0.15791	0.11214	0.02919	0.16318	0.07709	0.07980	0.00659	0.00456	0.00138	0.00414	0.00564	0.00358	0.00558
3	0.00918	0.02656	0.01039	0.00872	0.02732	0.04919	0.12992	0.03581	0.00991	0.07380	0.06673	0.20822	0.07096	0.00739	0.00504	0.00137	0.05181	0.00648	0.14369	0.05751
4	0.02535	0.12924	0.21239	0.00825	0.01121	0.00860	0.02867	0.01174	0.09301	0.01422	0.22480	0.05295	0.10014	0.00682	0.00473	0.00137	0.03194	0.02617	0.00324	0.00514
5	0.00944	0.02769	0.01113	0.00969	0.04118	0.02914	0.05560	0.06443	0.03935	0.05992	0.03780	0.07482	0.14359	0.03000	0.06060	0.00199	0.29017	0.00556	0.00299	0.00491
6	0.01274	0.53327	0.07854	0.00878	0.01231	0.19788	0.00828	0.08175	0.01053	0.01194	0.00664	0.00756	0.00568	0.00401	0.00324	0.00103	0.00545	0.00261	0.00214	0.00562
7	0.00561	0.00407	0.00513	0.00556	0.00604	0.00392	0.00377	0.00644	0.00821	0.01091	0.08610	0.40635	0.13186	0.19023	0.10289	0.00278	0.00380	0.00934	0.00357	0.00342
8	0.00735	0.00579	0.00675	0.00732	0.03959	0.04650	0.00511	0.03855	0.04692	0.02986	0.14269	0.37080	0.06755	0.06982	0.00637	0.00178	0.00321	0.09598	0.00390	0.00416
9	0.02873	0.15798	0.11496	0.02332	0.04263	0.06317	0.07725	0.15539	0.13320	0.02870	0.01029	0.02567	0.00835	0.00496	0.00430	0.00128	0.02657	0.03320	0.00296	0.05708
10	0.05458	0.00994	0.01095	0.00975	0.06833	0.08768	0.04453	0.21378	0.09642	0.05407	0.06753	0.05319	0.06189	0.00564	0.00421	0.00124	0.00422	0.00465	0.00354	0.14385

[dist]
# distance from previous block
# <min> <max>
1	20

[block]
# block no. 4 follows, 61 sequences, length 11
# corresponding to MSA columns:
# 402-412
name=unknown_E
#
# <colnr> <probs for GDERKNQSTAVLIFYWHMCP>
#	G	D	E	R	K	N	Q	S	T	A	V	L	I	F	Y	W	H	M	C	P
0	0.09857	0.01073	0.05365	0.25179	0.07154	0.11199	0.02275	0.11069	0.06297	0.08168	0.03316	0.02621	0.00826	0.00518	0.01545	0.00141	0.00519	0.00390	0.00291	0.02196
1	0.13932	0.00992	0.01191	0.03778	0.15103	0.07005	0.06503	0.15898	0.07447	0.02977	0.06427	0.01359	0.02511	0.03042	0.00462	0.00136	0.00451	0.02005	0.00314	0.08468
2	0.01220	0.06294	0.01294	0.05735	0.11998	0.17087	0.02662	0.15978	0.12895	0.02720	0.02169	0.04082	0.03835	0.00540	0.00485	0.00131	0.06111	0.00421	0.00306	0.04039
3	0.05186	0.00970	0.01607	0.05819	0.63071	0.00969	0.04173	0.01308	0.00975	0.03749	0.03099	0.01119	0.00770	0.00401	0.00419	0.00127	0.00491	0.00387	0.00234	0.05127
4	0.00665	0.00448	0.00552	0.00576	0.00663	0.00414	0.00401	0.00782	0.03025	0.06992	0.02493	0.45544	0.18062	0.11057	0.03180	0.00206	0.00304	0.00960	0.00384	0.03293
5	0.25231	0.00964	0.00972	0.00808	0.01041	0.04907	0.02073	0.28977	0.03443	0.01931	0.05783	0.01371	0.05296	0.07020	0.00619	0.00159	0.08112	0.00413	0.00337	0.00545
6	0.01270	0.01179	0.01075	0.00933	0.01154	0.18995	0.00726	0.23784	0.25517	0.01734	0.01251	0.06887	0.01050	0.04669	0.02597	0.00165	0.05602	0.00463	0.00358	0.00594
7	0.00598	0.00448	0.00515	0.00500	0.00628	0.00394	0.00377	0.00743	0.01067	0.03682	0.32970	0.03710	0.45221	0.03598	0.00562	0.00152	0.00230	0.03791	0.00427	0.00388
8	0.01503	0.01266	0.01117	0.00937	0.01203	0.23993	0.00735	0.30617	0.11031	0.13244	0.01199	0.05896	0.00951	0.03729	0.00493	0.00140	0.00513	0.00432	0.00380	0.00622
9	0.01131	0.52086	0.01753	0.00782	0.01100	0.01438	0.00710	0.06394	0.23485	0.01375	0.05140	0.01098	0.00958	0.00464	0.00343	0.00112	0.00415	0.00340	0.00285	0.00592
10	0.00823	0.00488	0.00612	0.00562	0.00711	0.00433	0.00428	0.00984	0.01126	0.16606	0.40038	0.10134	0.23565	0.00911	0.00498	0.00141	0.00242	0.00786	0.00460	0.00451

[dist]
# distance from previous block
# <min> <max>
0	4

[block]
# block no. 5 follows, 61 sequences, length 11
# corresponding to MSA columns:
# 417-427
name=unknown_F
#
# <colnr> <probs for GDERKNQSTAVLIFYWHMCP>
#	G	D	E	R	K	N	Q	S	T	A	V	L	I	F	Y	W	H	M	C	P
0	0.06568	0.01078	0.06628	0.08962	0.23408	0.04490	0.12176	0.03912	0.00929	0.04739	0.00802	0.01060	0.00652	0.00609	0.04411	0.00171	0.18218	0.00387	0.00230	0.00571
1	0.02578	0.04075	0.02970	0.01134	0.02707	0.22179	0.16722	0.14187	0.13065	0.05309	0.01071	0.04004	0.00848	0.00500	0.00445	0.00131	0.02219	0.00421	0.04849	0.00586
2	0.00844	0.00764	0.01168	0.06053	0.02663	0.03694	0.14507	0.05604	0.02410	0.01199	0.01043	0.03130	0.00949	0.07599	0.35843	0.00399	0.09584	0.00470	0.01617	0.00459
3	0.13338	0.01254	0.04998	0.04572	0.21487	0.17421	0.03700	0.15137	0.01181	0.09016	0.00863	0.00984	0.00656	0.00448	0.00431	0.00129	0.03139	0.00348	0.00286	0.00609
4	0.01319	0.22285	0.01579	0.07287	0.14925	0.35255	0.00921	0.05653	0.01086	0.01194	0.00696	0.00852	0.00587	0.00432	0.00418	0.00116	0.04323	0.00301	0.00218	0.00553
5	0.00815	0.00682	0.00766	0.00737	0.00869	0.05607	0.00564	0.02762	0.22263	0.01344	0.08429	0.09854	0.01594	0.04488	0.31674	0.00361	0.00655	0.03160	0.02904	0.00472
6	0.00601	0.00463	0.00514	0.00501	0.00632	0.00414	0.00371	0.00778	0.04596	0.03360	0.23281	0.07917	0.49417	0.04530	0.00577	0.00156	0.00234	0.00851	0.00418	0.00393
7	0.05812	0.00718	0.00946	0.00736	0.01053	0.00631	0.00605	0.01964	0.01193	0.73437	0.01823	0.01606	0.06328	0.00563	0.00430	0.00134	0.00355	0.00455	0.00512	0.00697
8	0.02986	0.00515	0.00578	0.00538	0.00694	0.00489	0.00411	0.01100	0.07769	0.12373	0.14319	0.07957	0.24901	0.00791	0.00436	0.00132	0.00247	0.00664	0.22638	0.00458
9	0.34190	0.00806	0.05827	0.00622	0.00872	0.00782	0.00539	0.09911	0.00998	0.10985	0.01052	0.01139	0.00782	0.00462	0.00324	0.00122	0.00327	0.00334	0.29412	0.00515
10	0.16551	0.00812	0.00845	0.00863	0.06233	0.05383	0.00615	0.07328	0.21475	0.03705	0.01642	0.23992	0.04054	0.00772	0.00442	0.00149	0.00359	0.03884	0.00369	0.00527

[dist]
# distance from previous block
# <min> <max>
0	1

[block]
# block no. 6 follows, 61 sequences, length 13
# corresponding to MSA columns:
# 429-441
name=unknown_G
#
# <colnr> <probs for GDERKNQSTAVLIFYWHMCP>
#	G	D	E	R	K	N	Q	S	T	A	V	L	I	F	Y	W	H	M	C	P
0	0.01174	0.00975	0.00956	0.00854	0.02345	0.10668	0.00653	0.17390	0.28693	0.07618	0.04755	0.08849	0.11828	0.00689	0.00452	0.00139	0.00395	0.00565	0.00407	0.00594
1	0.01470	0.03828	0.01211	0.00975	0.01255	0.22413	0.00776	0.42054	0.13019	0.02010	0.01107	0.05946	0.00889	0.00552	0.00423	0.00129	0.00520	0.00418	0.00369	0.00637
2	0.60683	0.00916	0.00752	0.00675	0.00933	0.04907	0.00541	0.01560	0.22226	0.01856	0.00910	0.00945	0.00697	0.00451	0.00318	0.00136	0.00356	0.00303	0.00310	0.00525
3	0.01261	0.06824	0.01115	0.00840	0.01106	0.03358	0.00681	0.31780	0.14467	0.07921	0.09218	0.07214	0.03335	0.00620	0.00463	0.00131	0.03046	0.00495	0.00400	0.05725
4	0.00544	0.00434	0.00488	0.00483	0.00606	0.00377	0.00359	0.00683	0.01052	0.01350	0.30482	0.09101	0.50447	0.01037	0.00511	0.00144	0.00215	0.00886	0.00425	0.00377
5	0.01214	0.00930	0.01127	0.00925	0.01150	0.01038	0.04854	0.40449	0.06120	0.03159	0.01239	0.12087	0.01098	0.04127	0.07553	0.00201	0.08783	0.00524	0.02833	0.00589
6	0.00573	0.00456	0.00518	0.00522	0.00642	0.00415	0.00389	0.00763	0.05327	0.01337	0.23744	0.15837	0.43416	0.01052	0.00514	0.00149	0.00231	0.03303	0.00421	0.00391
7	0.00632	0.00468	0.00654	0.00647	0.00699	0.00536	0.00476	0.00739	0.00672	0.00955	0.01188	0.01982	0.01195	0.26301	0.56889	0.00594	0.04277	0.00505	0.00238	0.00353
8	0.01224	0.30253	0.01863	0.06348	0.15566	0.24100	0.12327	0.01417	0.01009	0.01151	0.00703	0.00875	0.00592	0.00395	0.00376	0.00114	0.00602	0.00319	0.00205	0.00560
9	0.00718	0.00559	0.00617	0.00592	0.00728	0.02994	0.00445	0.03998	0.07831	0.04033	0.29250	0.15217	0.27929	0.00959	0.00501	0.00146	0.00263	0.02360	0.00428	0.00433
10	0.03299	0.07598	0.08617	0.01019	0.01334	0.24977	0.07665	0.16743	0.06742	0.09030	0.02595	0.02822	0.04639	0.00515	0.00416	0.00127	0.00554	0.00404	0.00316	0.00590
11	0.06053	0.03556	0.03791	0.16028	0.22531	0.07430	0.00940	0.09490	0.01054	0.05881	0.00996	0.01176	0.03815	0.00608	0.05261	0.00156	0.00529	0.00374	0.00264	0.10067
12	0.13326	0.01184	0.01083	0.00946	0.03193	0.23625	0.04475	0.09520	0.11279	0.14505	0.01148	0.01265	0.02358	0.03197	0.02993	0.00154	0.00526	0.01824	0.00335	0.03065

[dist]
# distance from previous block
# <min> <max>
0	6

[block]
# block no. 7 follows, 61 sequences, length 22
# corresponding to MSA columns:
# 449-470
name=unknown_H
#
# <colnr> <probs for GDERKNQSTAVLIFYWHMCP>
#	G	D	E	R	K	N	Q	S	T	A	V	L	I	F	Y	W	H	M	C	P
0	0.10194	0.04121	0.01126	0.03418	0.03873	0.23801	0.00734	0.26727	0.02772	0.05732	0.00942	0.01103	0.00746	0.05932	0.00515	0.00142	0.01486	0.00356	0.05711	0.00571
1	0.01010	0.00885	0.01298	0.18176	0.29809	0.00886	0.00963	0.06824	0.05544	0.02954	0.03297	0.01135	0.00795	0.00414	0.00401	0.00115	0.00447	0.00367	0.00262	0.24417
2	0.00799	0.00501	0.00713	0.00688	0.00812	0.00458	0.05044	0.00931	0.00966	0.14055	0.09517	0.41481	0.11400	0.02449	0.00552	0.00166	0.00304	0.08316	0.00415	0.00433
3	0.00897	0.00660	0.00857	0.03418	0.04021	0.00661	0.03355	0.10882	0.05008	0.08051	0.21902	0.10546	0.17339	0.00859	0.02019	0.00153	0.02976	0.02900	0.00400	0.03093
4	0.07096	0.00950	0.00991	0.03565	0.03396	0.11199	0.01942	0.06305	0.24808	0.05902	0.01349	0.03969	0.03465	0.04256	0.11307	0.00225	0.06372	0.02027	0.00332	0.00547
5	0.01105	0.00980	0.01319	0.08310	0.22656	0.07138	0.07244	0.11425	0.10999	0.05322	0.09111	0.03253	0.04640	0.00562	0.00471	0.00137	0.02263	0.02145	0.00323	0.00594
6	0.00558	0.00396	0.00523	0.00590	0.00624	0.00390	0.00400	0.00640	0.00784	0.01064	0.02074	0.57554	0.04064	0.12146	0.13756	0.00285	0.00412	0.01003	0.02393	0.00346
7	0.01481	0.02732	0.02984	0.01080	0.04580	0.12985	0.02922	0.46738	0.03859	0.05468	0.00991	0.02242	0.00750	0.00526	0.00502	0.00132	0.07171	0.00387	0.01816	0.00655
8	0.08576	0.40622	0.26659	0.01026	0.05679	0.01317	0.04765	0.01349	0.00900	0.04534	0.00721	0.00832	0.00576	0.00391	0.00341	0.00115	0.00515	0.00287	0.00208	0.00587
9	0.00919	0.00913	0.01318	0.01123	0.01146	0.01248	0.04046	0.01029	0.00676	0.01047	0.00624	0.01011	0.00610	0.00936	0.07889	0.00227	0.74187	0.00389	0.00193	0.00469
10	0.01237	0.01135	0.01305	0.03097	0.18939	0.11922	0.04921	0.17085	0.27262	0.03215	0.03127	0.01318	0.02457	0.00510	0.00434	0.00134	0.00481	0.00430	0.00345	0.00647
11	0.00834	0.00778	0.01267	0.77219	0.02820	0.00966	0.01155	0.01195	0.07276	0.01156	0.00844	0.01185	0.00633	0.00443	0.00431	0.00144	0.00556	0.00391	0.00211	0.00495
12	0.01401	0.00894	0.01003	0.00805	0.01084	0.00939	0.00651	0.34666	0.12884	0.17867	0.06562	0.01416	0.01145	0.00543	0.00415	0.00126	0.00372	0.00433	0.12626	0.04168
13	0.00555	0.00438	0.00500	0.00485	0.00610	0.00383	0.00364	0.00707	0.01091	0.01422	0.39906	0.03720	0.46296	0.00995	0.00509	0.00141	0.00211	0.00850	0.00434	0.00383
14	0.01609	0.02053	0.01221	0.01110	0.01332	0.83132	0.00832	0.01720	0.01221	0.01054	0.00666	0.00777	0.00555	0.00444	0.00388	0.00111	0.00777	0.00277	0.00222	0.00499
15	0.03474	0.01177	0.01273	0.01024	0.03704	0.01303	0.00818	0.72108	0.06562	0.02606	0.01060	0.01061	0.00759	0.00514	0.00428	0.00130	0.00464	0.00390	0.00421	0.00722
16	0.00559	0.00407	0.00499	0.00541	0.00596	0.00378	0.00368	0.00648	0.00880	0.01162	0.14931	0.39601	0.17110	0.17433	0.00856	0.00211	0.00273	0.02818	0.00384	0.00345
17	0.08156	0.63927	0.01946	0.00764	0.01114	0.05184	0.00723	0.08325	0.00995	0.04534	0.00685	0.00757	0.00583	0.00394	0.00301	0.00101	0.00462	0.00255	0.00228	0.00567
18	0.00618	0.00416	0.00479	0.00487	0.00491	0.00416	0.00280	0.00629	0.00644	0.00861	0.01432	0.09298	0.01654	0.75764	0.04487	0.00407	0.00426	0.00669	0.00271	0.00272
19	0.01310	0.01409	0.01030	0.00913	0.01131	0.41931	0.00701	0.17376	0.02988	0.01485	0.08570	0.03980	0.12891	0.00632	0.00434	0.00126	0.00554	0.01698	0.00325	0.00516
20	0.03519	0.12871	0.06895	0.00842	0.01103	0.03496	0.03869	0.02952	0.07132	0.01352	0.02959	0.02287	0.01343	0.02548	0.00514	0.00145	0.03551	0.25625	0.00303	0.16694
21	0.03002	0.04003	0.02190	0.00837	0.01022	0.05207	0.04819	0.13134	0.03994	0.05042	0.13331	0.09085	0.10072	0.04473	0.00687	0.00157	0.13625	0.02020	0.00346	0.02955

[dist]
# distance from previous block
# <min> <max>
0	9

[block]
# block no. 8 follows, 61 sequences, length 21
# corresponding to MSA columns:
# 480-500
name=unknown_I
#
# <colnr> <probs for GDERKNQSTAVLIFYWHMCP>
#	G	D	E	R	K	N	Q	S	T	A	V	L	I	F	Y	W	H	M	C	P
0	0.01287	0.03940	0.01283	0.01060	0.01235	0.29668	0.03509	0.14887	0.03846	0.01370	0.00775	0.00972	0.00652	0.00680	0.03973	0.01677	0.26300	0.00352	0.02006	0.00529
1	0.00733	0.00608	0.00833	0.00791	0.00904	0.04601	0.08979	0.02259	0.02332	0.03426	0.09098	0.44264	0.03654	0.02697	0.03652	0.00188	0.01970	0.08223	0.00370	0.00416
2	0.00526	0.00395	0.00490	0.00564	0.00623	0.00358	0.00391	0.00614	0.00871	0.01123	0.02887	0.61008	0.23374	0.01277	0.00541	0.00168	0.00247	0.03788	0.00400	0.00355
3	0.00646	0.00448	0.00520	0.00525	0.00645	0.00394	0.00387	0.00759	0.00972	0.07499	0.10729	0.21657	0.43546	0.05213	0.00599	0.00166	0.00253	0.04245	0.00410	0.00390
4	0.01637	0.01207	0.01293	0.00991	0.01336	0.01336	0.00819	0.80738	0.02025	0.02715	0.01034	0.01034	0.00733	0.00517	0.00431	0.00129	0.00474	0.00388	0.00431	0.00733
5	0.81825	0.00842	0.00669	0.00588	0.00860	0.00966	0.00484	0.03949	0.00795	0.04957	0.00655	0.00739	0.00498	0.00409	0.00278	0.00133	0.00339	0.00246	0.00282	0.00485
6	0.30494	0.01160	0.01065	0.00860	0.01167	0.08832	0.00702	0.46791	0.01518	0.02298	0.00855	0.00898	0.00627	0.00471	0.00372	0.00129	0.00455	0.00326	0.00356	0.00622
7	0.01066	0.01149	0.02372	0.05223	0.02196	0.01107	0.69804	0.08761	0.01104	0.01492	0.00882	0.01149	0.00658	0.00380	0.00498	0.00144	0.00696	0.00492	0.00237	0.00591
8	0.01224	0.77260	0.02140	0.00740	0.01105	0.01605	0.00727	0.01365	0.00909	0.08602	0.00701	0.00763	0.00601	0.00384	0.00291	0.00096	0.00452	0.00249	0.00217	0.00570
9	0.79585	0.00847	0.00683	0.00597	0.00870	0.00969	0.00492	0.05211	0.00820	0.05793	0.00673	0.00753	0.00508	0.00412	0.00283	0.00133	0.00342	0.00250	0.00287	0.00492
10	0.01014	0.00736	0.00860	0.00848	0.07935	0.00782	0.01588	0.14679	0.19822	0.03742	0.05064	0.01801	0.08724	0.03440	0.01729	0.00145	0.00340	0.00491	0.25709	0.00549
11	0.00706	0.00473	0.00558	0.00529	0.00678	0.00415	0.00410	0.00856	0.01084	0.10080	0.28142	0.03616	0.43632	0.00972	0.00506	0.00145	0.00241	0.06102	0.00437	0.00419
12	0.01029	0.00981	0.01668	0.05157	0.75323	0.00986	0.01269	0.01277	0.00969	0.01381	0.00891	0.05466	0.00793	0.00436	0.00433	0.00131	0.00500	0.00428	0.00222	0.00658
13	0.00585	0.00460	0.00535	0.00557	0.00659	0.00432	0.00401	0.00801	0.08456	0.01298	0.17043	0.33811	0.31170	0.01103	0.00518	0.00155	0.00239	0.00965	0.00417	0.00396
14	0.00748	0.00374	0.00561	0.00561	0.00561	0.00374	0.00374	0.00561	0.00561	0.00748	0.00748	0.01309	0.00748	0.01496	0.01684	0.87467	0.00374	0.00374	0.00187	0.00187
15	0.01152	0.85121	0.02257	0.00737	0.01106	0.01704	0.00737	0.01290	0.00875	0.01013	0.00599	0.00691	0.00553	0.00369	0.00276	0.00092	0.00461	0.00230	0.00184	0.00553
16	0.00550	0.00397	0.00525	0.00619	0.00663	0.00373	0.00440	0.00645	0.00860	0.01132	0.02485	0.67400	0.07777	0.01309	0.00554	0.00177	0.00270	0.13065	0.00399	0.00358
17	0.00827	0.00779	0.01316	0.79552	0.07137	0.00961	0.01203	0.01112	0.00868	0.01117	0.00768	0.01144	0.00580	0.00428	0.00430	0.00143	0.00571	0.00383	0.00193	0.00489
18	0.01529	0.01018	0.01162	0.00920	0.01232	0.01088	0.02222	0.47719	0.11466	0.17955	0.02588	0.01468	0.03018	0.00575	0.00444	0.00136	0.00428	0.03892	0.00446	0.00695
19	0.04023	0.02585	0.04728	0.01159	0.09871	0.17643	0.03508	0.31717	0.03609	0.03612	0.00937	0.01080	0.00733	0.03103	0.04535	0.00161	0.02194	0.00370	0.01315	0.03116
20	0.05924	0.03134	0.04771	0.06283	0.06771	0.24576	0.06627	0.20998	0.03864	0.06808	0.03883	0.01072	0.00798	0.00470	0.00412	0.00125	0.00563	0.00368	0.00307	0.02246

[dist]
# distance from previous block
# <min> <max>
0	7

[block]
# block no. 9 follows, 61 sequences, length 6
# corresponding to MSA columns:
# 511-516
name=unknown_J
#
# <colnr> <probs for GDERKNQSTAVLIFYWHMCP>
#	G	D	E	R	K	N	Q	S	T	A	V	L	I	F	Y	W	H	M	C	P
0	0.01233	0.00797	0.00926	0.00701	0.01027	0.00716	0.00567	0.17424	0.01190	0.17450	0.01092	0.01134	0.00806	0.00427	0.00361	0.00096	0.00343	0.00337	0.12614	0.40758
1	0.00971	0.26132	0.03440	0.00792	0.02735	0.00963	0.03705	0.05070	0.06055	0.06771	0.24842	0.05592	0.01891	0.00791	0.05086	0.00159	0.00415	0.03729	0.00343	0.00520
2	0.00807	0.00508	0.00649	0.00668	0.03137	0.00474	0.00481	0.00989	0.04744	0.13411	0.15491	0.26065	0.17753	0.05145	0.00594	0.00168	0.00287	0.07763	0.00421	0.00444
3	0.03999	0.01164	0.01243	0.03665	0.06826	0.14111	0.06651	0.17194	0.32422	0.06333	0.01243	0.01245	0.00927	0.00506	0.00427	0.00135	0.00484	0.00415	0.00363	0.00645
4	0.00545	0.00422	0.00483	0.00513	0.00604	0.00377	0.00367	0.00645	0.00917	0.01156	0.08672	0.25155	0.41637	0.10688	0.00717	0.00187	0.00260	0.05913	0.00389	0.00353
5	0.01230	0.01202	0.01306	0.04670	0.02992	0.23738	0.13106	0.13443	0.03952	0.05947	0.06194	0.07061	0.01118	0.00694	0.03817	0.00160	0.05535	0.02982	0.00308	0.00544

[dist]
# distance from previous block
# <min> <max>
0	3

[block]
# block no. 10 follows, 61 sequences, length 15
# corresponding to MSA columns:
# 520,522-535
name=unknown_K
#
# <colnr> <probs for GDERKNQSTAVLIFYWHMCP>
#	G	D	E	R	K	N	Q	S	T	A	V	L	I	F	Y	W	H	M	C	P
0	0.14793	0.00855	0.01038	0.00979	0.08322	0.00909	0.04581	0.12600	0.17077	0.05585	0.01259	0.10014	0.01086	0.00590	0.00453	0.00136	0.03921	0.02778	0.03900	0.09124
1	0.13633	0.01237	0.01066	0.02430	0.01147	0.28281	0.00743	0.03810	0.05713	0.10821	0.00936	0.01052	0.02140	0.00545	0.00617	0.00138	0.19934	0.00348	0.04886	0.00525
2	0.09265	0.01033	0.01073	0.00864	0.01148	0.06414	0.00696	0.43124	0.01533	0.16667	0.01181	0.05594	0.00920	0.04346	0.04024	0.00168	0.00477	0.00433	0.00403	0.00638
3	0.04917	0.75470	0.07977	0.00765	0.01148	0.01622	0.00787	0.01294	0.00872	0.01079	0.00611	0.00707	0.00549	0.00373	0.00286	0.00097	0.00468	0.00237	0.00188	0.00555
4	0.01334	0.00851	0.00989	0.00756	0.01083	0.00797	0.00615	0.25673	0.01344	0.21944	0.04449	0.01457	0.08186	0.00523	0.00406	0.00111	0.00365	0.00418	0.00399	0.28298
5	0.00588	0.00435	0.00507	0.00489	0.00607	0.00390	0.00367	0.00755	0.01100	0.01500	0.44999	0.03429	0.33673	0.00927	0.00490	0.00136	0.00209	0.00795	0.08214	0.00390
6	0.00813	0.00766	0.01292	0.83826	0.02967	0.00957	0.01196	0.01101	0.00861	0.01101	0.00766	0.01148	0.00574	0.00431	0.00431	0.00144	0.00574	0.00383	0.00191	0.00479
7	0.01282	0.32186	0.08714	0.00769	0.01100	0.01146	0.00728	0.15698	0.01152	0.15410	0.01033	0.01077	0.00776	0.00452	0.00348	0.00111	0.00414	0.00334	0.16674	0.00595
8	0.00818	0.00570	0.00589	0.00563	0.00686	0.06899	0.00420	0.00987	0.01067	0.07532	0.31369	0.12227	0.10059	0.00796	0.00443	0.00130	0.00267	0.00679	0.23473	0.00426
9	0.01052	0.01143	0.06636	0.04571	0.42439	0.01057	0.30591	0.04587	0.01029	0.01439	0.00839	0.01094	0.00663	0.00384	0.00456	0.00135	0.00598	0.00426	0.00221	0.00638
10	0.00716	0.00429	0.00582	0.00569	0.00610	0.00440	0.00389	0.00717	0.00700	0.04380	0.08346	0.02059	0.01396	0.28540	0.20383	0.28118	0.00551	0.00514	0.00261	0.00299
11	0.01362	0.00998	0.01139	0.00949	0.01222	0.03321	0.03091	0.49009	0.01633	0.06440	0.01415	0.02158	0.01248	0.00706	0.00479	0.00149	0.00462	0.23179	0.00414	0.00625
12	0.00976	0.00851	0.00996	0.07789	0.01237	0.05420	0.02371	0.01171	0.00921	0.04780	0.00797	0.00939	0.00645	0.00355	0.00366	0.00081	0.02227	0.00283	0.00257	0.67536
13	0.09877	0.00867	0.01082	0.04774	0.06957	0.02742	0.00771	0.08523	0.06253	0.01366	0.04343	0.01369	0.00936	0.12647	0.03262	0.00210	0.32846	0.00424	0.00262	0.00490
14	0.01102	0.18397	0.01348	0.00936	0.04412	0.04599	0.04854	0.18076	0.04549	0.02784	0.01024	0.01268	0.02247	0.04850	0.16329	0.00246	0.07056	0.00394	0.03960	0.01569

[dist]
# distance from previous block
# <min> <max>
1	28

[block]
# block no. 11 follows, 61 sequences, length 19
# corresponding to MSA columns:
# 607-625
name=unknown_L
#
# <colnr> <probs for GDERKNQSTAVLIFYWHMCP>
#	G	D	E	R	K	N	Q	S	T	A	V	L	I	F	Y	W	H	M	C	P
0	0.04428	0.00755	0.00917	0.05873	0.06179	0.05495	0.00694	0.04423	0.08134	0.01253	0.01414	0.08891	0.05577	0.07718	0.17150	0.00284	0.12576	0.07490	0.00290	0.00460
1	0.01080	0.00954	0.01347	0.04252	0.40398	0.03658	0.00994	0.07891	0.12883	0.02912	0.06341	0.01317	0.01025	0.00496	0.00489	0.00133	0.05975	0.00423	0.06809	0.00622
2	0.00581	0.00423	0.00487	0.00490	0.00553	0.00394	0.00324	0.00661	0.00866	0.01138	0.19296	0.12084	0.23210	0.36229	0.01220	0.00261	0.00302	0.00797	0.00357	0.00328
3	0.01375	0.00599	0.00789	0.00675	0.00892	0.00537	0.00528	0.03002	0.01106	0.47068	0.05875	0.22537	0.01666	0.00753	0.00451	0.00140	0.00312	0.00646	0.10468	0.00582
4	0.09017	0.01014	0.01104	0.00870	0.01180	0.01091	0.00718	0.52278	0.01666	0.15932	0.01182	0.01266	0.00859	0.00535	0.00415	0.00131	0.00423	0.03469	0.06175	0.00675
5	0.00625	0.00474	0.00529	0.00504	0.00649	0.00423	0.00382	0.00821	0.05125	0.04564	0.28286	0.03623	0.50480	0.00978	0.00502	0.00142	0.00226	0.00829	0.00430	0.00408
6	0.00894	0.00773	0.01022	0.00901	0.00938	0.02202	0.00719	0.02745	0.00738	0.03736	0.00924	0.04891	0.00921	0.14219	0.08681	0.00259	0.48553	0.00462	0.05988	0.00435
7	0.01129	0.81612	0.02192	0.00735	0.01092	0.01656	0.00729	0.01268	0.00868	0.01013	0.00622	0.00732	0.00575	0.00487	0.03711	0.00117	0.00489	0.00240	0.00186	0.00546
8	0.01607	0.01256	0.01271	0.00994	0.01325	0.07475	0.00813	0.70862	0.05943	0.02544	0.01043	0.01044	0.00748	0.00515	0.00428	0.00129	0.00490	0.00384	0.00416	0.00712
9	0.87904	0.00833	0.00633	0.00566	0.00833	0.00966	0.00467	0.01266	0.00733	0.01933	0.00600	0.00700	0.00467	0.00400	0.00267	0.00133	0.00333	0.00233	0.00267	0.00467
10	0.00940	0.00573	0.00722	0.00664	0.00813	0.00558	0.00502	0.09544	0.04297	0.15557	0.30176	0.26694	0.02629	0.00985	0.03144	0.00164	0.00310	0.00788	0.00449	0.00491
11	0.00528	0.00397	0.00489	0.00550	0.00615	0.00359	0.00380	0.00623	0.00902	0.01171	0.09787	0.55456	0.24704	0.01238	0.00535	0.00163	0.00237	0.01099	0.00406	0.00359
12	0.00769	0.00669	0.03410	0.01034	0.13250	0.02403	0.09633	0.00957	0.00914	0.01329	0.05623	0.31355	0.01736	0.00903	0.03941	0.00164	0.00391	0.00723	0.20341	0.00455
13	0.01046	0.00998	0.01503	0.05338	0.57713	0.04381	0.01136	0.02658	0.10629	0.01431	0.01168	0.01406	0.05592	0.00478	0.00436	0.00133	0.00484	0.02571	0.00259	0.00641
14	0.00658	0.00418	0.00562	0.00562	0.00584	0.00441	0.00375	0.00650	0.00627	0.00859	0.01124	0.02056	0.01189	0.37015	0.25993	0.25250	0.00623	0.00506	0.00231	0.00277
15	0.01152	0.85121	0.02257	0.00737	0.01106	0.01704	0.00737	0.01290	0.00875	0.01013	0.00599	0.00691	0.00553	0.00369	0.00276	0.00092	0.00461	0.00230	0.00184	0.00553
16	0.00542	0.00403	0.00503	0.00576	0.00635	0.00370	0.00406	0.00634	0.00870	0.01123	0.02787	0.54867	0.21136	0.04553	0.00609	0.00180	0.00264	0.08794	0.00394	0.00354
17	0.00813	0.00766	0.01292	0.83826	0.02967	0.00957	0.01196	0.01101	0.00861	0.01101	0.00766	0.01148	0.00574	0.00431	0.00431	0.00144	0.00574	0.00383	0.00191	0.00479
18	0.01125	0.01128	0.01673	0.04158	0.11857	0.12041	0.30069	0.08267	0.09302	0.03554	0.02900	0.04203	0.00912	0.00659	0.06015	0.00174	0.00630	0.00472	0.00279	0.00581

[dist]
# distance from previous block
# <min> <max>
2	23

[block]
# block no. 12 follows, 61 sequences, length 40
# corresponding to MSA columns:
# 656-675,677-696
name=unknown_M
#
# <colnr> <probs for GDERKNQSTAVLIFYWHMCP>
#	G	D	E	R	K	N	Q	S	T	A	V	L	I	F	Y	W	H	M	C	P
0	0.00984	0.00683	0.00924	0.00725	0.00989	0.00593	0.06917	0.01202	0.04609	0.14752	0.13077	0.01759	0.05074	0.08909	0.03945	0.01808	0.00383	0.00469	0.00343	0.31856
1	0.00900	0.12629	0.72545	0.01166	0.01769	0.01089	0.01484	0.01355	0.00905	0.01320	0.00751	0.00882	0.00547	0.00404	0.00393	0.00131	0.00615	0.00307	0.00182	0.00626
2	0.00949	0.00914	0.01495	0.42945	0.37021	0.03411	0.02769	0.01208	0.00920	0.01229	0.00784	0.01106	0.00626	0.00433	0.00456	0.02036	0.00552	0.00382	0.00202	0.00563
3	0.00988	0.00950	0.01636	0.27270	0.55526	0.01005	0.03858	0.01257	0.00946	0.01313	0.00799	0.01094	0.00649	0.00397	0.00430	0.00133	0.00538	0.00388	0.00207	0.00617
4	0.00612	0.00413	0.00505	0.00520	0.00584	0.00384	0.00363	0.00626	0.00799	0.01016	0.05444	0.11882	0.29741	0.14968	0.01123	0.24587	0.00308	0.05508	0.00320	0.00300
5	0.01542	0.01913	0.01190	0.01081	0.01305	0.72910	0.00814	0.01791	0.11208	0.01147	0.00801	0.00880	0.00650	0.00461	0.00395	0.00115	0.00723	0.00304	0.00249	0.00522
6	0.08432	0.00649	0.00825	0.00687	0.00925	0.00595	0.00537	0.02618	0.01063	0.51358	0.01705	0.14581	0.02505	0.10731	0.00649	0.00174	0.00351	0.00570	0.00455	0.00590
7	0.00942	0.00942	0.01319	0.01131	0.01131	0.01319	0.00942	0.01037	0.00660	0.01037	0.00565	0.00942	0.00565	0.00754	0.01414	0.00188	0.84073	0.00377	0.00188	0.00471
8	0.01355	0.01095	0.01100	0.00926	0.01206	0.07715	0.00735	0.27862	0.43851	0.07252	0.01428	0.01344	0.01048	0.00548	0.00432	0.00137	0.00421	0.00434	0.00425	0.00687
9	0.77206	0.00862	0.00805	0.00787	0.07421	0.00976	0.03975	0.01276	0.00765	0.01867	0.00628	0.00749	0.00492	0.00397	0.00290	0.00133	0.00364	0.00257	0.00260	0.00489
10	0.07872	0.00771	0.00889	0.04203	0.01089	0.00622	0.00536	0.01100	0.00879	0.01433	0.00752	0.00889	0.00622	0.00330	0.00320	0.00073	0.00331	0.00259	0.00253	0.76776
11	0.58161	0.00779	0.00731	0.00620	0.00894	0.00836	0.00509	0.01467	0.00905	0.24300	0.06359	0.01082	0.00874	0.00469	0.00329	0.00133	0.00334	0.00325	0.00355	0.00537
12	0.00529	0.00377	0.00499	0.00595	0.00619	0.00352	0.00395	0.00601	0.00817	0.01089	0.02335	0.81444	0.02800	0.04553	0.00613	0.00184	0.00256	0.01202	0.00395	0.00346
13	0.01224	0.00854	0.00901	0.00749	0.00984	0.00938	0.00600	0.36957	0.15509	0.02137	0.01300	0.01350	0.00975	0.00523	0.00383	0.00121	0.00348	0.00410	0.33138	0.00599
14	0.00533	0.00388	0.00504	0.00591	0.00633	0.00359	0.00407	0.00619	0.00856	0.01127	0.04069	0.71302	0.10742	0.01307	0.00547	0.00172	0.00253	0.04835	0.00401	0.00355
15	0.01236	0.19449	0.09957	0.01049	0.01301	0.23355	0.02515	0.10084	0.01040	0.01262	0.00679	0.00855	0.00578	0.00518	0.00664	0.00134	0.24241	0.00317	0.00223	0.00544
16	0.00681	0.00392	0.00528	0.00528	0.00569	0.00372	0.00362	0.00582	0.00689	0.00882	0.03689	0.02109	0.22401	0.01374	0.01343	0.62153	0.00329	0.00526	0.00251	0.00239
17	0.00996	0.01032	0.01311	0.01129	0.01147	0.07885	0.00934	0.01092	0.00705	0.01038	0.00574	0.00929	0.00565	0.00729	0.01331	0.00182	0.77389	0.00369	0.00191	0.00473
18	0.00949	0.00932	0.04428	0.00701	0.01082	0.07218	0.00583	0.01148	0.00920	0.01374	0.00758	0.00885	0.00627	0.00333	0.00328	0.00071	0.00369	0.00260	0.00249	0.76786
19	0.00995	0.06456	0.40207	0.01263	0.08026	0.10567	0.04746	0.02225	0.01847	0.01283	0.03166	0.01033	0.00707	0.01762	0.02407	0.00154	0.12015	0.00354	0.00208	0.00578
20	0.00845	0.03977	0.02126	0.03153	0.17621	0.02015	0.10673	0.03355	0.00904	0.02762	0.01472	0.20920	0.04462	0.14219	0.04407	0.00215	0.02704	0.03407	0.00289	0.00475
21	0.01094	0.42106	0.33890	0.00977	0.01433	0.11481	0.01086	0.01372	0.00931	0.01157	0.00676	0.00788	0.00550	0.00394	0.00343	0.00112	0.00569	0.00271	0.00188	0.00579
22	0.00614	0.00457	0.00676	0.00678	0.00750	0.00528	0.00521	0.00758	0.00691	0.00993	0.01190	0.03463	0.01140	0.07585	0.77093	0.00667	0.01096	0.00486	0.00236	0.00377
23	0.00545	0.00433	0.00489	0.00485	0.00606	0.00377	0.00360	0.00684	0.01052	0.01353	0.30961	0.10076	0.48976	0.01039	0.00512	0.00144	0.00215	0.00889	0.00426	0.00377
24	0.00927	0.00532	0.00676	0.00623	0.00785	0.00487	0.00487	0.02861	0.02694	0.20107	0.29659	0.12063	0.16666	0.00907	0.00501	0.00147	0.00277	0.08663	0.00457	0.00479
25	0.01266	0.01022	0.01084	0.00916	0.01194	0.01163	0.00729	0.29325	0.54043	0.02117	0.01505	0.01410	0.01114	0.00561	0.00436	0.00140	0.00387	0.00453	0.00436	0.00699
26	0.82753	0.00821	0.00644	0.00572	0.00838	0.00942	0.00470	0.01295	0.00757	0.05215	0.00660	0.00748	0.00503	0.00407	0.00274	0.00133	0.00332	0.00245	0.01916	0.00476
27	0.87904	0.00833	0.00633	0.00566	0.00833	0.00966	0.00467	0.01266	0.00733	0.01933	0.00600	0.00700	0.00467	0.00400	0.00267	0.00133	0.00333	0.00233	0.00267	0.00467
28	0.00880	0.00801	0.01292	0.77179	0.02836	0.00987	0.01166	0.07491	0.00955	0.01230	0.00787	0.01139	0.00587	0.00438	0.00431	0.00142	0.00566	0.00383	0.00211	0.00499
29	0.01152	0.85121	0.02257	0.00737	0.01106	0.01704	0.00737	0.01290	0.00875	0.01013	0.00599	0.00691	0.00553	0.00369	0.00276	0.00092	0.00461	0.00230	0.00184	0.00553
30	0.31693	0.00963	0.01489	0.09331	0.25414	0.01019	0.19667	0.01289	0.00884	0.01549	0.00741	0.00964	0.00587	0.00397	0.00411	0.00137	0.02317	0.00360	0.00231	0.00558
31	0.01022	0.01042	0.01919	0.08312	0.46538	0.02206	0.26538	0.01309	0.00976	0.01355	0.00838	0.01123	0.00678	0.00491	0.03626	0.00156	0.00613	0.00425	0.00214	0.00621
32	0.00620	0.00420	0.00446	0.00457	0.00571	0.00381	0.00340	0.00764	0.00955	0.01344	0.08097	0.11505	0.39954	0.00910	0.00446	0.00134	0.00219	0.02676	0.29383	0.00378
33	0.02174	0.00744	0.01179	0.00923	0.01144	0.00759	0.23385	0.07988	0.01024	0.04428	0.01160	0.01366	0.00895	0.00481	0.00454	0.00124	0.06323	0.00428	0.44522	0.00499
34	0.02466	0.00425	0.00526	0.00543	0.00625	0.00393	0.00388	0.00714	0.01017	0.01401	0.38500	0.30859	0.15206	0.04228	0.00581	0.00161	0.00232	0.00932	0.00425	0.00377
35	0.00730	0.00380	0.00548	0.00548	0.00548	0.00380	0.00358	0.00571	0.00571	0.00761	0.00837	0.01530	0.00868	0.13671	0.01758	0.74755	0.00380	0.00411	0.00198	0.00198
36	0.01355	0.03594	0.01122	0.00999	0.01188	0.59087	0.00760	0.02760	0.01091	0.01065	0.00785	0.01010	0.00686	0.02179	0.18613	0.00244	0.02436	0.00325	0.00226	0.00476
37	0.00631	0.00460	0.00638	0.00672	0.00759	0.00470	0.00538	0.00802	0.00943	0.01288	0.21585	0.09816	0.04951	0.02778	0.24521	0.00325	0.00552	0.27517	0.00366	0.00389
38	0.47299	0.00997	0.02801	0.00745	0.01046	0.04023	0.00624	0.21596	0.04185	0.11677	0.00891	0.00918	0.00643	0.00454	0.00342	0.00132	0.00397	0.00309	0.00343	0.00579
39	0.02300	0.34785	0.15068	0.00886	0.01269	0.06580	0.00870	0.18723	0.01185	0.06447	0.03237	0.02157	0.00762	0.00451	0.00361	0.00113	0.00490	0.00326	0.00277	0.03714

[dist]
# distance from previous block
# <min> <max>
2	48

[block]
# block no. 13 follows, 61 sequences, length 22
# corresponding to MSA columns:
# 746-767
name=unknown_N
#
# <colnr> <probs for GDERKNQSTAVLIFYWHMCP>
#	G	D	E	R	K	N	Q	S	T	A	V	L	I	F	Y	W	H	M	C	P
0	0.06263	0.00833	0.01004	0.23839	0.01542	0.06567	0.02191	0.08309	0.08221	0.12370	0.11911	0.01801	0.09018	0.01601	0.00460	0.00141	0.00430	0.01738	0.00349	0.01412
1	0.04129	0.00875	0.06975	0.00867	0.04075	0.00816	0.02966	0.18164	0.10114	0.11488	0.07845	0.06894	0.04795	0.12249	0.05626	0.00210	0.00449	0.00539	0.00371	0.00554
2	0.00900	0.00759	0.00885	0.00649	0.01009	0.00590	0.00516	0.04160	0.00933	0.01437	0.00872	0.05899	0.00774	0.00388	0.00337	0.00073	0.00321	0.00318	0.00271	0.78906
3	0.01006	0.29150	0.44328	0.01140	0.06275	0.03345	0.02687	0.03442	0.00940	0.01275	0.00755	0.02459	0.00607	0.00415	0.00371	0.00122	0.00565	0.00315	0.00197	0.00604
4	0.00901	0.00790	0.02053	0.00816	0.00929	0.05773	0.00647	0.04542	0.13328	0.03192	0.08957	0.09512	0.03717	0.09160	0.05485	0.00214	0.19975	0.06172	0.03367	0.00472
