[name]
unknown

[dist]
# distance from previous block
# <min> <max>
37	229

[block]
# block no. 0 follows, 58 sequences, length 8
# corresponding to MSA columns:
# 344-351
name=unknown_A
#
# <colnr> <probs for GDERKNQSTAVLIFYWHMCP>
#	G	D	E	R	K	N	Q	S	T	A	V	L	I	F	Y	W	H	M	C	P
0	0.05996	0.04666	0.05270	0.09065	0.15418	0.02242	0.10924	0.06515	0.04977	0.03904	0.04002	0.08998	0.04485	0.03098	0.02203	0.00163	0.02970	0.00524	0.01653	0.02931
1	0.04103	0.00857	0.02523	0.03153	0.03869	0.10015	0.06272	0.04353	0.06980	0.03231	0.07437	0.19132	0.15386	0.05211	0.00604	0.01844	0.00412	0.00709	0.00354	0.03554
2	0.00897	0.06666	0.14787	0.04709	0.06970	0.03849	0.02275	0.04400	0.02295	0.04020	0.01635	0.25955	0.07172	0.05553	0.00626	0.00167	0.04468	0.00687	0.00312	0.02559
3	0.02869	0.02241	0.03730	0.00889	0.03997	0.02711	0.07168	0.06810	0.04062	0.04221	0.03440	0.26211	0.06934	0.12868	0.00793	0.00197	0.03497	0.03847	0.00350	0.03167
4	0.01044	0.00803	0.00897	0.00819	0.03745	0.04351	0.00606	0.20651	0.03964	0.05111	0.14871	0.12188	0.10377	0.05762	0.03664	0.00179	0.02672	0.00645	0.02117	0.05535
5	0.04425	0.00436	0.00525	0.00581	0.00643	0.00413	0.00400	0.00689	0.00892	0.01217	0.09026	0.48220	0.14908	0.11702	0.00764	0.00204	0.00282	0.03909	0.00397	0.00366
6	0.01093	0.08448	0.13077	0.10490	0.19343	0.11443	0.05895	0.04318	0.01002	0.01318	0.00837	0.03766	0.00718	0.00585	0.03000	0.00157	0.10805	0.00396	0.00227	0.03082
7	0.00751	0.04285	0.00710	0.02983	0.00800	0.02834	0.00478	0.00945	0.05084	0.04177	0.16362	0.08042	0.26915	0.09337	0.05915	0.00211	0.02201	0.02640	0.04902	0.00427

[dist]
# distance from previous block
# <min> <max>
37	88

[block]
# block no. 1 follows, 58 sequences, length 18
# corresponding to MSA columns:
# 467-470,472-485
name=unknown_B
#
# <colnr> <probs for GDERKNQSTAVLIFYWHMCP>
#	G	D	E	R	K	N	Q	S	T	A	V	L	I	F	Y	W	H	M	C	P
0	0.04895	0.00463	0.00544	0.00559	0.00653	0.00432	0.00393	0.00776	0.00957	0.04936	0.17152	0.31265	0.21506	0.12496	0.00766	0.00197	0.00276	0.00936	0.00409	0.00389
1	0.02774	0.08431	0.19662	0.06776	0.08650	0.05873	0.02316	0.13826	0.11515	0.01630	0.03851	0.03283	0.00927	0.00572	0.01756	0.00148	0.05168	0.00415	0.01803	0.00622
2	0.00592	0.00447	0.00514	0.00539	0.00621	0.00410	0.00373	0.02207	0.00934	0.01195	0.08516	0.28374	0.32615	0.17848	0.00892	0.00217	0.00286	0.02664	0.00392	0.00363
3	0.04653	0.08828	0.08750	0.06654	0.04513	0.09265	0.09311	0.17808	0.07411	0.06383	0.01014	0.01170	0.00782	0.03202	0.00526	0.00145	0.04114	0.00395	0.04462	0.00615
4	0.00624	0.00454	0.00602	0.00611	0.00677	0.00473	0.00442	0.00731	0.00804	0.01097	0.08891	0.10320	0.11229	0.20823	0.35769	0.02677	0.00696	0.02408	0.00309	0.00362
5	0.04717	0.02432	0.04496	0.03231	0.21773	0.08211	0.02726	0.24614	0.02299	0.03959	0.03863	0.05636	0.00993	0.03520	0.01976	0.01675	0.02477	0.00455	0.00322	0.00626
6	0.00564	0.00426	0.00525	0.00575	0.00652	0.00390	0.00409	0.00675	0.00950	0.01237	0.12475	0.42679	0.25881	0.03219	0.03968	0.00197	0.00293	0.04097	0.00414	0.00376
7	0.05203	0.05776	0.06825	0.06400	0.07759	0.06520	0.04962	0.06898	0.02539	0.02960	0.05693	0.05087	0.08014	0.09526	0.06186	0.04250	0.00522	0.02772	0.00297	0.01813
8	0.00694	0.00483	0.00624	0.00634	0.00723	0.00498	0.00474	0.02268	0.02454	0.03039	0.06789	0.16033	0.10275	0.11819	0.27836	0.00377	0.00602	0.06999	0.06980	0.00400
9	0.03160	0.04173	0.03763	0.06235	0.14619	0.05645	0.05476	0.02653	0.07289	0.03200	0.09329	0.12698	0.09468	0.00712	0.00502	0.00144	0.03201	0.02433	0.00327	0.04973
10	0.03776	0.01265	0.25379	0.03995	0.05919	0.01816	0.07953	0.05169	0.02207	0.04031	0.02910	0.02736	0.02494	0.02777	0.00476	0.00139	0.00494	0.04683	0.08056	0.13724
11	0.06157	0.18496	0.02533	0.00983	0.01278	0.22852	0.04236	0.20735	0.06365	0.01634	0.00981	0.03912	0.00833	0.00651	0.04110	0.00153	0.00591	0.02607	0.00304	0.00591
12	0.03760	0.05220	0.00968	0.03185	0.04612	0.00788	0.03028	0.16015	0.04491	0.04512	0.12514	0.15996	0.12719	0.07355	0.00626	0.00170	0.00370	0.02768	0.00390	0.00513
13	0.02355	0.05732	0.05704	0.02624	0.01015	0.07367	0.00643	0.09592	0.02719	0.09013	0.05166	0.05649	0.02217	0.18592	0.14069	0.00292	0.00578	0.02555	0.01403	0.02714
14	0.04083	0.01444	0.05219	0.09216	0.01393	0.37674	0.00814	0.01445	0.02819	0.03092	0.05265	0.05539	0.03833	0.08559	0.02320	0.00185	0.00636	0.02242	0.00305	0.03916
15	0.03025	0.00992	0.01155	0.07468	0.19316	0.12920	0.00850	0.06381	0.04515	0.03225	0.09815	0.05596	0.03408	0.02725	0.07787	0.00196	0.05479	0.00496	0.02142	0.02508
16	0.04871	0.00526	0.00552	0.00542	0.00610	0.02831	0.00355	0.00832	0.02823	0.03288	0.05101	0.07759	0.11291	0.47498	0.04164	0.00324	0.00404	0.00673	0.05207	0.00350
17	0.02987	0.02521	0.03440	0.03115	0.05266	0.01088	0.03498	0.32507	0.11534	0.06041	0.01078	0.01128	0.00804	0.00483	0.00444	0.00123	0.02567	0.00382	0.00366	0.20627

[dist]
# distance from previous block
# <min> <max>
19	52

[block]
# block no. 2 follows, 58 sequences, length 21
# corresponding to MSA columns:
# 549-569
name=unknown_C
#
# <colnr> <probs for GDERKNQSTAVLIFYWHMCP>
#	G	D	E	R	K	N	Q	S	T	A	V	L	I	F	Y	W	H	M	C	P
0	0.05060	0.01021	0.07172	0.00899	0.04269	0.08636	0.00725	0.06527	0.10442	0.07788	0.05146	0.03624	0.08166	0.00807	0.06412	0.01895	0.04030	0.00462	0.00333	0.16584
1	0.00880	0.06896	0.00891	0.03141	0.02922	0.07125	0.00554	0.02068	0.02061	0.04765	0.12755	0.06433	0.06772	0.15994	0.15395	0.00285	0.00542	0.00567	0.00318	0.09636
2	0.00953	0.09932	0.01006	0.00743	0.00963	0.03600	0.03566	0.08127	0.16560	0.03937	0.16441	0.02552	0.22385	0.02427	0.00505	0.00146	0.00352	0.02575	0.02702	0.00529
3	0.01116	0.01055	0.04649	0.03462	0.09846	0.02988	0.27346	0.06875	0.03907	0.07544	0.07811	0.01444	0.01082	0.00492	0.00498	0.00135	0.03100	0.02612	0.00304	0.13735
4	0.04722	0.01239	0.13138	0.12467	0.17191	0.03279	0.07221	0.14670	0.01123	0.01603	0.00824	0.01042	0.00647	0.00478	0.00566	0.00141	0.11480	0.00378	0.00255	0.07535
5	0.00890	0.00941	0.08271	0.02718	0.06227	0.03050	0.16644	0.07484	0.01021	0.01379	0.01569	0.23392	0.05329	0.05199	0.04238	0.00196	0.04131	0.03971	0.00310	0.03040
6	0.00651	0.00434	0.00488	0.00488	0.00488	0.00434	0.00271	0.00651	0.00651	0.00867	0.01409	0.02927	0.01626	0.84279	0.02277	0.00434	0.00434	0.00651	0.00271	0.00271
7	0.00910	0.05595	0.04306	0.00811	0.00974	0.19274	0.00655	0.01089	0.02474	0.01145	0.05676	0.06286	0.08042	0.01928	0.38347	0.00403	0.00843	0.00518	0.00275	0.00451
8	0.03145	0.13669	0.09487	0.06376	0.15792	0.09053	0.03148	0.12828	0.03610	0.03078	0.00861	0.02651	0.00712	0.00515	0.00572	0.00139	0.13109	0.00379	0.00261	0.00613
9	0.00992	0.00899	0.01475	0.06127	0.03549	0.02703	0.26701	0.11301	0.03506	0.02855	0.07042	0.15133	0.04225	0.00776	0.02725	0.00169	0.02119	0.04253	0.02909	0.00542
10	0.00752	0.00593	0.00652	0.00621	0.00787	0.00583	0.00476	0.04517	0.16597	0.03297	0.14232	0.09347	0.40122	0.00986	0.00516	0.00154	0.00276	0.04583	0.00438	0.00474
11	0.01194	0.00957	0.06877	0.00827	0.01096	0.03040	0.00698	0.17633	0.20572	0.12685	0.09022	0.07600	0.09886	0.00702	0.00464	0.00143	0.00380	0.00580	0.05026	0.00618
12	0.01262	0.14100	0.19853	0.03717	0.18390	0.08792	0.03943	0.14312	0.02793	0.06065	0.00892	0.01016	0.00682	0.00450	0.00432	0.00131	0.01884	0.00359	0.00270	0.00658
13	0.01020	0.00961	0.01063	0.01045	0.06619	0.15702	0.00772	0.02567	0.00886	0.04535	0.00967	0.01333	0.00861	0.01779	0.35854	0.00395	0.20176	0.00414	0.02563	0.00486
14	0.01196	0.00982	0.01043	0.00918	0.01183	0.01124	0.00720	0.09578	0.70866	0.04495	0.01750	0.01609	0.01301	0.00599	0.00454	0.00150	0.00368	0.00494	0.00458	0.00715
15	0.04567	0.01163	0.10020	0.13234	0.27455	0.06884	0.04084	0.08319	0.03188	0.06152	0.01135	0.06650	0.02892	0.00536	0.00450	0.00141	0.00531	0.01697	0.00284	0.00619
16	0.02802	0.08024	0.19559	0.10743	0.16625	0.05903	0.09085	0.04218	0.04909	0.05103	0.00918	0.02283	0.00724	0.00525	0.02063	0.00151	0.05102	0.00395	0.00248	0.00618
17	0.00917	0.00738	0.01014	0.12597	0.07722	0.03814	0.04801	0.03502	0.06542	0.06640	0.01860	0.17254	0.10004	0.03221	0.02015	0.03832	0.02440	0.10250	0.00343	0.00492
18	0.00920	0.04238	0.00880	0.00751	0.02090	0.04521	0.00563	0.03664	0.06435	0.05814	0.01554	0.31086	0.01596	0.00936	0.04665	0.00162	0.02520	0.00680	0.02748	0.24176
19	0.03296	0.03602	0.03410	0.09224	0.13876	0.04675	0.01947	0.11704	0.07418	0.06984	0.02476	0.10040	0.02817	0.03812	0.02156	0.00156	0.00467	0.00502	0.00326	0.11110
20	0.05727	0.12062	0.06549	0.05489	0.06711	0.03133	0.02007	0.10346	0.06202	0.05759	0.04745	0.04233	0.08841	0.06531	0.00548	0.00151	0.00428	0.00483	0.04986	0.05069

[dist]
# distance from previous block
# <min> <max>
7	18

[block]
# block no. 3 follows, 58 sequences, length 26
# corresponding to MSA columns:
# 588-613
name=unknown_D
#
# <colnr> <probs for GDERKNQSTAVLIFYWHMCP>
#	G	D	E	R	K	N	Q	S	T	A	V	L	I	F	Y	W	H	M	C	P
0	0.00646	0.00478	0.00622	0.00671	0.00739	0.02369	0.02309	0.00750	0.00898	0.03935	0.04057	0.62579	0.07443	0.01441	0.06697	0.00216	0.00359	0.02999	0.00400	0.00392
1	0.01182	0.13994	0.08327	0.08674	0.11640	0.23015	0.04809	0.03099	0.01044	0.01263	0.00808	0.02062	0.00685	0.01788	0.04223	0.00149	0.00624	0.00346	0.00230	0.12037
2	0.04134	0.00679	0.00832	0.00889	0.08212	0.00709	0.00603	0.03244	0.23292	0.03808	0.21982	0.22728	0.05329	0.00874	0.00497	0.00153	0.00309	0.00767	0.00427	0.00531
3	0.01135	0.08067	0.09722	0.05560	0.13998	0.12881	0.05085	0.06423	0.14432	0.01515	0.09746	0.01352	0.01145	0.00538	0.00512	0.00139	0.06418	0.00432	0.00297	0.00605
4	0.00552	0.00394	0.00527	0.00630	0.00659	0.00369	0.00427	0.00634	0.00863	0.01149	0.02462	0.81026	0.02944	0.01395	0.00573	0.00183	0.00265	0.04168	0.00415	0.00365
5	0.00583	0.00418	0.00555	0.00633	0.00674	0.00407	0.00443	0.00675	0.00842	0.01123	0.02272	0.56071	0.05113	0.10448	0.09710	0.00269	0.00394	0.08628	0.00380	0.00363
6	0.04913	0.00913	0.01120	0.08699	0.12439	0.03185	0.00750	0.07129	0.02986	0.01555	0.00837	0.00994	0.00677	0.00381	0.00369	0.00095	0.00411	0.00312	0.00271	0.51965
7	0.00650	0.00437	0.00505	0.00505	0.00511	0.00443	0.00293	0.00662	0.00656	0.00880	0.01394	0.02840	0.01588	0.78217	0.08287	0.00455	0.00491	0.00638	0.00269	0.00281
8	0.01056	0.01207	0.02640	0.01885	0.02338	0.01131	0.79864	0.01433	0.01056	0.01433	0.00905	0.01207	0.00679	0.00377	0.00528	0.00151	0.00754	0.00528	0.00226	0.00603
9	0.00972	0.02983	0.10187	0.20638	0.19316	0.00958	0.06305	0.08060	0.04147	0.01490	0.04710	0.03424	0.05218	0.00591	0.00470	0.00147	0.00513	0.07740	0.01552	0.00580
10	0.01067	0.12973	0.19262	0.09647	0.30144	0.02799	0.10265	0.03062	0.04015	0.01398	0.00844	0.01052	0.00668	0.00416	0.00427	0.00134	0.00582	0.00378	0.00222	0.00644
11	0.01462	0.01087	0.01168	0.00950	0.01259	0.01210	0.00767	0.43506	0.32067	0.06576	0.01409	0.01346	0.01023	0.00564	0.00446	0.00140	0.00424	0.00445	0.03423	0.00729
12	0.00611	0.00446	0.00574	0.00564	0.00660	0.00409	0.00415	0.00793	0.01181	0.01643	0.62564	0.16542	0.09909	0.01010	0.00535	0.00148	0.00220	0.00895	0.00474	0.00409
13	0.02472	0.02960	0.10525	0.05158	0.12022	0.18663	0.21312	0.07144	0.01120	0.03503	0.00928	0.05632	0.00778	0.00503	0.00515	0.00141	0.05330	0.00445	0.00255	0.00594
14	0.00777	0.00389	0.00583	0.00583	0.00583	0.00389	0.00389	0.00583	0.00583	0.00777	0.00777	0.01360	0.00777	0.01554	0.01748	0.86985	0.00389	0.00389	0.00194	0.00194
15	0.00642	0.00468	0.00625	0.00715	0.00800	0.00450	0.00578	0.00796	0.00974	0.01261	0.02659	0.30007	0.12167	0.01276	0.00592	0.00192	0.00341	0.44652	0.00413	0.00392
16	0.00559	0.00414	0.00539	0.00620	0.00660	0.00395	0.00424	0.00646	0.00884	0.01173	0.05839	0.70866	0.10349	0.01339	0.00590	0.00177	0.02544	0.01198	0.00412	0.00371
17	0.09269	0.12152	0.15042	0.08408	0.05648	0.05302	0.06763	0.19844	0.05450	0.03821	0.00991	0.02548	0.01884	0.00484	0.00414	0.00134	0.00533	0.00387	0.00296	0.00629
18	0.01071	0.01022	0.01699	0.10848	0.57971	0.01092	0.03258	0.03349	0.00995	0.01414	0.00844	0.01181	0.00720	0.00470	0.00572	0.00144	0.10504	0.01966	0.00226	0.00653
19	0.00897	0.02314	0.81962	0.01275	0.01936	0.01039	0.01653	0.01417	0.00944	0.01417	0.00803	0.00944	0.00567	0.00425	0.00425	0.00142	0.00661	0.00331	0.00189	0.00661
20	0.34524	0.01164	0.00993	0.02917	0.03054	0.19552	0.02533	0.09456	0.06432	0.01711	0.02638	0.08297	0.00906	0.00561	0.00423	0.00140	0.03451	0.00409	0.00305	0.00532
21	0.02733	0.00863	0.09975	0.00928	0.07147	0.03490	0.00740	0.03084	0.03139	0.07945	0.26013	0.02328	0.02081	0.05500	0.11259	0.00236	0.02861	0.07378	0.00363	0.01935
22	0.05707	0.00993	0.11264	0.03509	0.11529	0.05087	0.03963	0.01169	0.02891	0.03341	0.07127	0.06805	0.03666	0.05703	0.05545	0.02515	0.03614	0.03549	0.01867	0.10153
23	0.00788	0.03948	0.00860	0.04677	0.05762	0.04132	0.00593	0.02025	0.03397	0.01179	0.02762	0.12200	0.04391	0.14846	0.25710	0.00361	0.00650	0.02282	0.01430	0.08007
24	0.02283	0.20776	0.11867	0.02289	0.05024	0.17620	0.02173	0.10334	0.05529	0.04238	0.02711	0.05422	0.03902	0.00535	0.00405	0.00126	0.00533	0.00411	0.02098	0.01724
25	0.01051	0.07465	0.14672	0.02042	0.06055	0.06355	0.01941	0.11250	0.01064	0.03518	0.01148	0.03642	0.04583	0.03862	0.10206	0.03669	0.04069	0.01812	0.00276	0.11319

[dist]
# distance from previous block
# <min> <max>
2	40

[block]
# block no. 4 follows, 58 sequences, length 8
# corresponding to MSA columns:
# 654-661
name=unknown_E
#
# <colnr> <probs for GDERKNQSTAVLIFYWHMCP>
#	G	D	E	R	K	N	Q	S	T	A	V	L	I	F	Y	W	H	M	C	P
0	0.00708	0.00506	0.00606	0.00596	0.00729	0.00462	0.00437	0.00919	0.06488	0.06204	0.20381	0.29429	0.23953	0.01056	0.00521	0.00153	0.00258	0.00923	0.00435	0.05237
1	0.06258	0.02544	0.02733	0.04967	0.02857	0.07082	0.00658	0.10193	0.01054	0.05352	0.01653	0.29690	0.04774	0.00973	0.03775	0.00177	0.06377	0.02360	0.06033	0.00489
2	0.01033	0.12275	0.17619	0.08524	0.10561	0.05566	0.07568	0.05713	0.04723	0.02487	0.03003	0.03921	0.05782	0.02378	0.02569	0.00157	0.02857	0.00448	0.00264	0.02551
3	0.00837	0.00539	0.00664	0.02576	0.00776	0.00542	0.00464	0.04368	0.02542	0.09405	0.07980	0.10268	0.11632	0.27688	0.08583	0.00295	0.01900	0.04633	0.03890	0.00418
4	0.00567	0.00408	0.00532	0.00617	0.00659	0.00382	0.00426	0.00658	0.00886	0.01174	0.06060	0.65063	0.07603	0.06091	0.00668	0.00194	0.00277	0.06959	0.00410	0.00365
5	0.04888	0.17278	0.01458	0.01092	0.04207	0.52744	0.00839	0.06162	0.01221	0.05158	0.00755	0.00848	0.00613	0.00451	0.00383	0.00115	0.00679	0.00296	0.00253	0.00560
6	0.06210	0.02787	0.13424	0.19583	0.26104	0.01043	0.06520	0.05009	0.03052	0.06741	0.00915	0.01153	0.00707	0.02193	0.00499	0.00147	0.02640	0.00396	0.00253	0.00623
7	0.01006	0.02195	0.01021	0.05123	0.02764	0.03505	0.03529	0.05275	0.01104	0.01482	0.03974	0.29996	0.14652	0.05373	0.07033	0.00260	0.08060	0.00880	0.02210	0.00557

[dist]
# distance from previous block
# <min> <max>
0	1

[block]
# block no. 5 follows, 58 sequences, length 7
# corresponding to MSA columns:
# 663-669
name=unknown_F
#
# <colnr> <probs for GDERKNQSTAVLIFYWHMCP>
#	G	D	E	R	K	N	Q	S	T	A	V	L	I	F	Y	W	H	M	C	P
0	0.01313	0.00897	0.01114	0.00896	0.01143	0.00956	0.06245	0.34812	0.01448	0.09764	0.04091	0.01582	0.04101	0.00695	0.00623	0.08300	0.04907	0.03253	0.13270	0.00592
1	0.00729	0.00536	0.00669	0.00637	0.00736	0.00561	0.00459	0.03881	0.05112	0.01164	0.01468	0.06210	0.04488	0.28318	0.32899	0.00454	0.00696	0.00572	0.03606	0.06806
2	0.79938	0.00899	0.00717	0.00627	0.00911	0.01037	0.00516	0.08199	0.00879	0.02078	0.00662	0.00757	0.00509	0.00426	0.00292	0.00138	0.00359	0.00256	0.00292	0.00509
3	0.00693	0.00440	0.00645	0.00645	0.00687	0.00482	0.00467	0.00702	0.00660	0.00922	0.01057	0.01715	0.01035	0.10266	0.44055	0.33718	0.00816	0.00461	0.00225	0.00309
4	0.04043	0.01435	0.26744	0.07985	0.14506	0.07239	0.02964	0.06341	0.06979	0.03341	0.05514	0.01421	0.06565	0.00532	0.00466	0.00141	0.02457	0.00436	0.00279	0.00612
5	0.00836	0.00757	0.05282	0.19696	0.06023	0.00735	0.00779	0.06646	0.03864	0.02760	0.06906	0.09876	0.10263	0.08332	0.09859	0.00237	0.00516	0.02513	0.00315	0.03805
6	0.00651	0.00465	0.00580	0.00610	0.00716	0.00428	0.00470	0.00798	0.01037	0.03914	0.19428	0.19586	0.25736	0.04211	0.00620	0.00178	0.00287	0.19456	0.00430	0.00401

[dist]
# distance from previous block
# <min> <max>
1	16

[block]
# block no. 6 follows, 58 sequences, length 25
# corresponding to MSA columns:
# 686-706,708-711
name=unknown_G
#
# <colnr> <probs for GDERKNQSTAVLIFYWHMCP>
#	G	D	E	R	K	N	Q	S	T	A	V	L	I	F	Y	W	H	M	C	P
0	0.01005	0.09111	0.07213	0.04237	0.08355	0.11312	0.02979	0.03355	0.06227	0.03199	0.10162	0.07399	0.09059	0.04178	0.02866	0.00163	0.02629	0.00538	0.00311	0.05701
1	0.02707	0.00511	0.00611	0.00623	0.00710	0.02210	0.00461	0.02073	0.02077	0.01245	0.07111	0.15955	0.10372	0.11045	0.22354	0.03569	0.00548	0.06073	0.09357	0.00388
2	0.00679	0.00423	0.00545	0.00553	0.00571	0.00430	0.00355	0.00663	0.00680	0.00931	0.03139	0.09304	0.01495	0.40644	0.11737	0.23797	0.00489	0.00609	0.02673	0.00282
3	0.00692	0.00431	0.00614	0.00617	0.00651	0.00458	0.00433	0.00684	0.00682	0.00942	0.04378	0.05169	0.01266	0.15595	0.30844	0.34811	0.00675	0.00516	0.00244	0.00297
4	0.01671	0.02132	0.01268	0.01152	0.01383	0.82483	0.00864	0.01786	0.01268	0.01095	0.00691	0.00807	0.00576	0.00461	0.00403	0.00115	0.00807	0.00288	0.00230	0.00519
5	0.01082	0.02593	0.04563	0.08197	0.40656	0.02706	0.05412	0.02613	0.06563	0.05088	0.01136	0.01322	0.04876	0.00547	0.02665	0.00149	0.02312	0.00428	0.00266	0.06825
6	0.00643	0.00465	0.00596	0.00606	0.00663	0.00485	0.00423	0.02756	0.00785	0.01062	0.01811	0.17423	0.09138	0.30031	0.30612	0.00456	0.00659	0.00724	0.00304	0.00357
7	0.01199	0.01021	0.01057	0.00931	0.01194	0.03297	0.00732	0.13002	0.65838	0.01968	0.01701	0.01646	0.01291	0.00609	0.00457	0.00150	0.00386	0.02372	0.00447	0.00703
8	0.48127	0.03028	0.00954	0.00831	0.03476	0.14483	0.03537	0.08280	0.01009	0.03380	0.00818	0.03112	0.00663	0.00467	0.00341	0.00132	0.00448	0.00322	0.06067	0.00525
9	0.01058	0.01093	0.01004	0.00914	0.01053	0.25413	0.02800	0.04320	0.04832	0.01163	0.01085	0.01531	0.02262	0.11463	0.29825	0.00378	0.08645	0.00441	0.00258	0.00463
10	0.02885	0.00450	0.00492	0.00506	0.00626	0.00400	0.00370	0.00708	0.01013	0.01331	0.15612	0.19965	0.47297	0.01102	0.00519	0.00153	0.00233	0.00943	0.05009	0.00387
11	0.00838	0.00541	0.00634	0.00630	0.00753	0.02373	0.00472	0.04572	0.01064	0.09910	0.12494	0.30235	0.13765	0.02626	0.00544	0.00162	0.00295	0.07232	0.10417	0.00445
12	0.01309	0.06136	0.01195	0.00910	0.01219	0.01176	0.00737	0.33197	0.32434	0.02126	0.01367	0.04802	0.01068	0.00570	0.00434	0.00133	0.00411	0.00455	0.00414	0.09907
13	0.02273	0.00840	0.06678	0.15940	0.05372	0.00815	0.05391	0.05657	0.07692	0.01393	0.05958	0.14061	0.04646	0.05032	0.08583	0.00221	0.03969	0.01833	0.00309	0.03337
14	0.01146	0.12267	0.22779	0.04921	0.11415	0.04546	0.10700	0.07240	0.01078	0.07980	0.02723	0.02853	0.00806	0.00542	0.02368	0.00149	0.03609	0.00402	0.00263	0.02213
15	0.02689	0.13772	0.17255	0.04675	0.05690	0.02429	0.17071	0.06552	0.12013	0.01491	0.03464	0.01281	0.02120	0.02770	0.02386	0.00159	0.02879	0.00427	0.00271	0.00606
16	0.01415	0.00646	0.00854	0.00718	0.00961	0.00580	0.00574	0.01633	0.04503	0.46548	0.20171	0.08252	0.06219	0.00761	0.00488	0.00146	0.00325	0.04076	0.00512	0.00617
17	0.00819	0.02917	0.05318	0.09464	0.11533	0.00717	0.03063	0.02655	0.01910	0.03460	0.07026	0.12286	0.17553	0.01001	0.05796	0.03660	0.03540	0.03524	0.03274	0.00484
18	0.04999	0.10754	0.13529	0.03130	0.14839	0.03025	0.06929	0.10291	0.01128	0.12455	0.02138	0.03452	0.02738	0.00595	0.02660	0.00152	0.02747	0.02065	0.00304	0.02068
19	0.00668	0.00508	0.00617	0.00623	0.00704	0.02950	0.00453	0.00781	0.00846	0.02586	0.07287	0.13879	0.15115	0.18067	0.30420	0.00414	0.00646	0.02732	0.00326	0.00378
20	0.00629	0.00460	0.00600	0.00649	0.01814	0.00461	0.00454	0.03025	0.00886	0.01205	0.05845	0.39496	0.10860	0.07868	0.20332	0.00319	0.00501	0.00912	0.03295	0.00388
21	0.01023	0.05163	0.15621	0.01187	0.09148	0.08163	0.09067	0.07659	0.04990	0.03700	0.05654	0.18804	0.03462	0.00746	0.01835	0.00156	0.02131	0.00611	0.00315	0.00565
22	0.04963	0.12369	0.18687	0.03914	0.02924	0.06434	0.07654	0.16890	0.08068	0.05760	0.02467	0.02674	0.00833	0.00541	0.01648	0.00144	0.02696	0.00398	0.00303	0.00634
23	0.00835	0.00753	0.05035	0.00769	0.00901	0.06862	0.00618	0.04634	0.03156	0.03183	0.02867	0.10969	0.04450	0.08573	0.33348	0.05496	0.02890	0.03931	0.00296	0.00433
24	0.00872	0.05373	0.05828	0.03111	0.05362	0.05723	0.00718	0.01027	0.01788	0.03776	0.03262	0.12625	0.05910	0.11082	0.14554	0.01707	0.13674	0.01721	0.00282	0.01607

[dist]
# distance from previous block
# <min> <max>
0	12

[block]
# block no. 7 follows, 58 sequences, length 33
# corresponding to MSA columns:
# 730-762
name=unknown_H
#
# <colnr> <probs for GDERKNQSTAVLIFYWHMCP>
#	G	D	E	R	K	N	Q	S	T	A	V	L	I	F	Y	W	H	M	C	P
0	0.05582	0.02193	0.12126	0.06549	0.02817	0.05449	0.03565	0.03576	0.05994	0.03666	0.03525	0.12586	0.08516	0.00744	0.03272	0.00153	0.01789	0.00542	0.01528	0.15828
1	0.00840	0.02598	0.01017	0.06047	0.15600	0.00670	0.02900	0.01060	0.03660	0.04270	0.10845	0.21170	0.09016	0.00860	0.03138	0.00156	0.00389	0.00687	0.00341	0.14734
2	0.17802	0.01015	0.01098	0.11490	0.05288	0.10838	0.02801	0.03843	0.00954	0.01491	0.00767	0.00963	0.00626	0.00445	0.00478	0.00120	0.09247	0.00318	0.03624	0.26791
3	0.17826	0.00767	0.00947	0.00755	0.01067	0.00728	0.00621	0.03350	0.01153	0.58840	0.01493	0.01385	0.00986	0.00757	0.07131	0.00186	0.00443	0.00413	0.00474	0.00680
4	0.01043	0.00987	0.01711	0.17308	0.27370	0.01035	0.20290	0.07728	0.02856	0.01470	0.00941	0.01272	0.00764	0.03830	0.04041	0.00178	0.02918	0.00446	0.03214	0.00601
5	0.78833	0.00844	0.00676	0.00597	0.00873	0.00961	0.00491	0.01366	0.00802	0.07473	0.00728	0.00811	0.00548	0.00428	0.00290	0.00137	0.00344	0.00262	0.03034	0.00501
6	0.00570	0.00419	0.00531	0.00589	0.00651	0.00386	0.00412	0.00681	0.00959	0.01274	0.17804	0.50277	0.14949	0.04421	0.00623	0.00180	0.00258	0.04216	0.00424	0.00375
7	0.00543	0.00396	0.00512	0.00605	0.00644	0.00365	0.00407	0.00625	0.00873	0.01149	0.02679	0.75753	0.11055	0.01374	0.00567	0.00179	0.00256	0.01238	0.00415	0.00365
8	0.01624	0.00918	0.01053	0.00829	0.01132	0.00946	0.00678	0.36749	0.03215	0.29323	0.01398	0.01353	0.00965	0.00541	0.00422	0.00130	0.00397	0.00424	0.17208	0.00693
9	0.00913	0.06735	0.77681	0.01248	0.01894	0.01078	0.01605	0.01412	0.00943	0.01397	0.00793	0.00932	0.00567	0.00423	0.00418	0.00139	0.00651	0.00326	0.00189	0.00656
10	0.00934	0.12529	0.72071	0.01212	0.01838	0.01130	0.01543	0.01407	0.00940	0.01371	0.00780	0.00916	0.00568	0.00420	0.00408	0.00136	0.00638	0.00319	0.00189	0.00650
11	0.00721	0.00515	0.00721	0.00824	0.00927	0.00515	0.00721	0.00927	0.01030	0.01339	0.02368	0.05046	0.02574	0.01236	0.00618	0.00206	0.00412	0.78478	0.00412	0.00412
12	0.76788	0.00913	0.00743	0.00643	0.00930	0.01051	0.00530	0.11089	0.00928	0.02108	0.00679	0.00770	0.00519	0.00430	0.00298	0.00138	0.00364	0.00262	0.00298	0.00519
13	0.00545	0.00389	0.00519	0.00623	0.00649	0.00363	0.00415	0.00623	0.00856	0.01142	0.02465	0.83987	0.02959	0.01401	0.00571	0.00182	0.00260	0.01272	0.00415	0.00363
14	0.87439	0.00865	0.00657	0.00588	0.00865	0.01003	0.00484	0.01315	0.00761	0.02007	0.00623	0.00727	0.00484	0.00415	0.00277	0.00138	0.00346	0.00242	0.00277	0.00484
15	0.01107	0.01063	0.01816	0.02746	0.81489	0.01063	0.01373	0.01373	0.01019	0.01461	0.00841	0.01107	0.00709	0.00399	0.00443	0.00133	0.00531	0.00399	0.00221	0.00709
16	0.01113	0.00961	0.01011	0.00910	0.01163	0.01113	0.00708	0.02377	0.80681	0.01871	0.01821	0.01669	0.01365	0.00607	0.00455	0.00152	0.00354	0.00506	0.00455	0.00708
17	0.00590	0.00445	0.00545	0.00543	0.00647	0.00400	0.00398	0.00752	0.01131	0.01526	0.47198	0.16911	0.25169	0.01055	0.00535	0.00150	0.00223	0.00922	0.00459	0.00400
18	0.00897	0.02314	0.81962	0.01275	0.01936	0.01039	0.01653	0.01417	0.00944	0.01417	0.00803	0.00944	0.00567	0.00425	0.00425	0.00142	0.00661	0.00331	0.00189	0.00661
19	0.00635	0.00495	0.00558	0.00548	0.00686	0.00457	0.00420	0.01945	0.05424	0.01463	0.26004	0.05174	0.42840	0.01020	0.00522	0.00151	0.00247	0.06891	0.04101	0.00418
20	0.00723	0.00547	0.00635	0.00649	0.00771	0.00545	0.00475	0.01074	0.17877	0.04084	0.06388	0.36098	0.22286	0.02387	0.00558	0.00169	0.00281	0.03570	0.00430	0.00456
21	0.01712	0.03740	0.01207	0.00913	0.01251	0.01077	0.00752	0.35616	0.13747	0.33022	0.01439	0.01326	0.00980	0.00549	0.00444	0.00137	0.00428	0.00431	0.00481	0.00747
22	0.00712	0.00467	0.00603	0.00656	0.00729	0.00447	0.00458	0.00894	0.06977	0.07829	0.06230	0.67022	0.02748	0.01248	0.00550	0.00174	0.00274	0.01123	0.00433	0.00425
23	0.00612	0.00479	0.00527	0.00523	0.00664	0.00424	0.00394	0.01891	0.02864	0.02988	0.15195	0.11182	0.55809	0.01097	0.00531	0.00154	0.00244	0.03589	0.00431	0.00405
24	0.00675	0.00519	0.00697	0.00804	0.06241	0.00503	0.01717	0.04429	0.03170	0.01307	0.04233	0.55217	0.10378	0.01194	0.00546	0.00171	0.00303	0.05711	0.01760	0.00425
25	0.00642	0.00468	0.00586	0.00649	0.00722	0.00454	0.00460	0.00852	0.08613	0.02909	0.05162	0.59720	0.09842	0.01257	0.00555	0.00175	0.00276	0.05823	0.00424	0.00411
26	0.01582	0.01985	0.01279	0.04455	0.01434	0.72638	0.00889	0.01703	0.01205	0.01095	0.00687	0.00836	0.00578	0.00486	0.00491	0.00123	0.07490	0.00301	0.00226	0.00515
27	0.01025	0.00938	0.01500	0.07173	0.33543	0.00876	0.10047	0.01297	0.02408	0.03285	0.02997	0.01209	0.00826	0.00412	0.00421	0.00116	0.00478	0.01697	0.00257	0.29495
28	0.00812	0.00747	0.01238	0.72940	0.02772	0.00918	0.01133	0.01079	0.00881	0.01131	0.00958	0.08040	0.00833	0.04080	0.00535	0.00164	0.00562	0.00480	0.00220	0.00476
29	0.01410	0.06529	0.02788	0.06968	0.12184	0.05387	0.03987	0.09468	0.07036	0.06158	0.03803	0.01503	0.01100	0.00617	0.00529	0.00162	0.01648	0.00453	0.00388	0.27880
30	0.00826	0.07606	0.07038	0.00776	0.02334	0.03135	0.02202	0.03445	0.03664	0.04706	0.05603	0.25255	0.16436	0.04122	0.04633	0.00191	0.01749	0.03900	0.00358	0.02020
31	0.01128	0.15956	0.11429	0.02481	0.05728	0.05676	0.01904	0.14077	0.06506	0.02940	0.04972	0.05054	0.04595	0.00601	0.01772	0.00136	0.03929	0.00436	0.00305	0.10375
32	0.09657	0.16342	0.19033	0.01123	0.02674	0.07720	0.15305	0.02775	0.03730	0.03672	0.00955	0.07014	0.00818	0.00553	0.02067	0.00145	0.01686	0.00419	0.00253	0.04058

[dist]
# distance from previous block
# <min> <max>
8	20

[block]
# block no. 8 follows, 58 sequences, length 31
# corresponding to MSA columns:
# 784-814
name=unknown_I
#
# <colnr> <probs for GDERKNQSTAVLIFYWHMCP>
#	G	D	E	R	K	N	Q	S	T	A	V	L	I	F	Y	W	H	M	C	P
0	0.24468	0.03574	0.08332	0.06334	0.02321	0.11873	0.04811	0.05321	0.01007	0.03879	0.06397	0.07043	0.04185	0.04776	0.00532	0.00156	0.02850	0.01333	0.00296	0.00512
1	0.03851	0.00981	0.01522	0.25282	0.46171	0.04185	0.01211	0.01316	0.03768	0.01371	0.00939	0.05703	0.00811	0.00478	0.00445	0.00140	0.00533	0.00441	0.00236	0.00615
2	0.00977	0.00950	0.07321	0.06526	0.06985	0.02572	0.03507	0.09678	0.19983	0.01710	0.18671	0.04337	0.04878	0.00704	0.01728	0.00151	0.00419	0.02894	0.00377	0.05633
3	0.00607	0.00498	0.00611	0.00687	0.06638	0.00449	0.00465	0.00755	0.01048	0.01345	0.19929	0.10584	0.46216	0.01133	0.03215	0.00171	0.00289	0.04536	0.00411	0.00413
4	0.04224	0.00738	0.01036	0.18328	0.14793	0.00796	0.00807	0.03162	0.07450	0.01379	0.06791	0.11708	0.10456	0.04909	0.03377	0.00180	0.04032	0.00603	0.00311	0.04920
5	0.00944	0.00981	0.06799	0.18223	0.39800	0.00935	0.05549	0.01211	0.00969	0.01343	0.01130	0.10507	0.01069	0.00591	0.00490	0.00150	0.01708	0.06757	0.00251	0.00593
6	0.10846	0.00769	0.00868	0.00735	0.00988	0.00788	0.00586	0.08732	0.18472	0.25557	0.12241	0.03233	0.07450	0.00651	0.00441	0.00141	0.00334	0.00530	0.06021	0.00617
7	0.01195	0.01098	0.01616	0.10742	0.55419	0.07667	0.01222	0.05358	0.01088	0.05733	0.00897	0.01124	0.00719	0.00432	0.00451	0.00134	0.01651	0.00393	0.02395	0.00666
8	0.01249	0.00982	0.01053	0.00909	0.01178	0.01109	0.00717	0.18674	0.55900	0.05570	0.03170	0.03482	0.01314	0.00613	0.00455	0.00147	0.00377	0.00504	0.01894	0.00703
9	0.01308	0.01267	0.01108	0.00980	0.01239	0.20187	0.00760	0.10816	0.53411	0.01794	0.01474	0.01401	0.01114	0.00565	0.00442	0.00141	0.00475	0.00443	0.00402	0.00670
10	0.00548	0.00391	0.00521	0.00621	0.00649	0.00365	0.00415	0.00629	0.00869	0.01161	0.04811	0.81587	0.02996	0.01387	0.00570	0.00180	0.00258	0.01258	0.00418	0.00365
11	0.00548	0.00452	0.00481	0.00477	0.00617	0.00385	0.00357	0.00677	0.01059	0.01311	0.18122	0.06295	0.65471	0.01101	0.00530	0.00150	0.00225	0.00929	0.00429	0.00385
12	0.00682	0.00481	0.00562	0.00535	0.00676	0.00427	0.00403	0.00860	0.02657	0.06669	0.34584	0.07608	0.38903	0.01003	0.00521	0.00147	0.00234	0.00858	0.01763	0.00426
13	0.01103	0.00513	0.00581	0.00526	0.00688	0.00493	0.00408	0.01334	0.03626	0.19984	0.01571	0.04067	0.01198	0.00557	0.00356	0.00116	0.00254	0.00453	0.61669	0.00504
14	0.00948	0.00813	0.00937	0.00690	0.01071	0.00653	0.00550	0.01263	0.09659	0.01503	0.00907	0.01009	0.00740	0.00361	0.00345	0.00076	0.00334	0.00291	0.00286	0.77565
15	0.03469	0.27434	0.23981	0.02987	0.01585	0.16843	0.09736	0.03772	0.01047	0.04169	0.00774	0.00901	0.00607	0.00422	0.00388	0.00123	0.00618	0.00321	0.00225	0.00599
16	0.01490	0.01012	0.01112	0.00906	0.01210	0.03692	0.00738	0.33673	0.16096	0.18517	0.04037	0.01678	0.02491	0.00614	0.00459	0.00140	0.00427	0.06229	0.00453	0.05027
17	0.00530	0.00449	0.00457	0.00463	0.00607	0.00377	0.00344	0.00641	0.01010	0.01205	0.04412	0.08915	0.76774	0.01148	0.00531	0.00153	0.00228	0.00963	0.00415	0.00377
18	0.00561	0.00415	0.00545	0.00649	0.02488	0.00384	0.00429	0.00654	0.00900	0.01191	0.06864	0.68775	0.11846	0.01322	0.00561	0.00175	0.00259	0.01190	0.00415	0.00376
19	0.07415	0.01143	0.04351	0.08877	0.22751	0.04978	0.19668	0.09381	0.02943	0.02759	0.00891	0.01158	0.00711	0.00471	0.00541	0.00145	0.07874	0.01716	0.00259	0.01970
20	0.01056	0.01207	0.02640	0.01885	0.02338	0.01131	0.79864	0.01433	0.01056	0.01433	0.00905	0.01207	0.00679	0.00377	0.00528	0.00151	0.00754	0.00528	0.00226	0.00603
21	0.00777	0.00389	0.00583	0.00583	0.00583	0.00389	0.00389	0.00583	0.00583	0.00777	0.00777	0.01360	0.00777	0.01554	0.01748	0.86985	0.00389	0.00389	0.00194	0.00194
22	0.00719	0.00616	0.00765	0.06797	0.06852	0.03887	0.01761	0.02347	0.01047	0.01363	0.20576	0.08934	0.27738	0.04870	0.06242	0.00200	0.00392	0.02668	0.01790	0.00434
23	0.05019	0.34209	0.10600	0.03416	0.01437	0.15250	0.05986	0.14881	0.02765	0.01486	0.00778	0.00883	0.00625	0.00434	0.00372	0.00119	0.00570	0.00314	0.00253	0.00604
24	0.00997	0.05351	0.70083	0.01229	0.01846	0.01105	0.01531	0.10017	0.01070	0.01556	0.00826	0.00950	0.00588	0.00436	0.00422	0.00139	0.00636	0.00335	0.00217	0.00669
25	0.00571	0.00463	0.00489	0.00493	0.00617	0.00409	0.00359	0.00702	0.02825	0.01203	0.07089	0.06743	0.59593	0.12684	0.00775	0.00193	0.00266	0.03754	0.00399	0.00373
26	0.04183	0.07387	0.16583	0.02755	0.04912	0.08635	0.08056	0.06965	0.09616	0.06794	0.05881	0.02521	0.02932	0.00691	0.04742	0.00169	0.03008	0.01552	0.02023	0.00595
27	0.01217	0.04926	0.05449	0.06197	0.07023	0.10101	0.06558	0.16048	0.09703	0.07358	0.02572	0.11280	0.02253	0.00640	0.00491	0.00144	0.03034	0.02427	0.01978	0.00602
28	0.00803	0.00713	0.00936	0.00852	0.00889	0.00891	0.00662	0.02181	0.02859	0.01125	0.03136	0.14570	0.10118	0.16530	0.02834	0.00240	0.39304	0.00649	0.00285	0.00424
29	0.01326	0.00849	0.00944	0.00795	0.01039	0.03961	0.00633	0.13650	0.20022	0.22429	0.14053	0.01845	0.04465	0.00640	0.00477	0.00139	0.02521	0.00519	0.09062	0.00631
30	0.04685	0.06682	0.07908	0.00842	0.02279	0.07806	0.00721	0.07247	0.09975	0.03092	0.04020	0.01214	0.02098	0.00457	0.00381	0.00105	0.00423	0.01650	0.00304	0.38109

[dist]
# distance from previous block
# <min> <max>
0	20

[block]
# block no. 9 follows, 58 sequences, length 13
# corresponding to MSA columns:
# 835-847
name=unknown_J
#
# <colnr> <probs for GDERKNQSTAVLIFYWHMCP>
#	G	D	E	R	K	N	Q	S	T	A	V	L	I	F	Y	W	H	M	C	P
0	0.11317	0.13156	0.08170	0.00941	0.01260	0.09088	0.00834	0.27242	0.04166	0.06496	0.02427	0.01070	0.00779	0.02480	0.00527	0.00140	0.07385	0.00361	0.00328	0.01833
1	0.00566	0.00409	0.00539	0.00617	0.00661	0.00388	0.00426	0.00661	0.00883	0.01178	0.07444	0.62861	0.07726	0.04614	0.05701	0.00221	0.00325	0.04010	0.00404	0.00368
2	0.02763	0.01021	0.01389	0.04161	0.33012	0.02412	0.01001	0.16446	0.14750	0.13381	0.01237	0.02841	0.00956	0.00520	0.00449	0.00140	0.00468	0.01993	0.00359	0.00700
3	0.00694	0.00493	0.00607	0.00580	0.00704	0.00458	0.00440	0.03011	0.02604	0.04009	0.46836	0.07533	0.21307	0.01003	0.00577	0.03568	0.00249	0.04449	0.00455	0.00424
4	0.00790	0.00631	0.00705	0.00686	0.00787	0.03293	0.00497	0.01157	0.19915	0.01237	0.04417	0.04533	0.04744	0.31298	0.17028	0.00366	0.00553	0.06598	0.00335	0.00431
5	0.00811	0.00828	0.04816	0.00868	0.00972	0.02633	0.00728	0.00996	0.04480	0.01204	0.06242	0.02324	0.23892	0.04265	0.04972	0.00209	0.35877	0.03127	0.00298	0.00457
6	0.00639	0.00479	0.00719	0.00719	0.00799	0.00559	0.00559	0.00799	0.00719	0.01038	0.01198	0.01757	0.01118	0.03355	0.82507	0.00719	0.01198	0.00479	0.00240	0.00399
7	0.02993	0.01203	0.15463	0.13293	0.36242	0.02905	0.04492	0.01359	0.02723	0.04174	0.00970	0.03731	0.00809	0.00479	0.00458	0.00140	0.01707	0.02487	0.01599	0.02774
8	0.87439	0.00865	0.00657	0.00588	0.00865	0.01003	0.00484	0.01315	0.00761	0.02007	0.00623	0.00727	0.00484	0.00415	0.00277	0.00138	0.00346	0.00242	0.00277	0.00484
9	0.00716	0.00500	0.00618	0.00598	0.00682	0.00505	0.00426	0.02889	0.00897	0.04944	0.11876	0.11184	0.16524	0.26779	0.15707	0.00341	0.03347	0.00732	0.00349	0.00385
10	0.12355	0.04236	0.04361	0.01132	0.07174	0.13334	0.11956	0.08973	0.04818	0.05720	0.01252	0.09089	0.04669	0.02696	0.04069	0.00173	0.02630	0.00496	0.00307	0.00560
11	0.05245	0.08621	0.14096	0.01279	0.14644	0.13121	0.02027	0.06413	0.04791	0.08758	0.01007	0.05080	0.00839	0.02012	0.02558	0.00155	0.06317	0.00407	0.00283	0.02346
12	0.00841	0.00690	0.00790	0.00802	0.04604	0.06620	0.00578	0.04623	0.06509	0.03201	0.22025	0.06576	0.07518	0.07551	0.19347	0.00300	0.00555	0.06040	0.00369	0.00462

[dist]
# distance from previous block
# <min> <max>
3	12

[block]
# block no. 10 follows, 58 sequences, length 32
# corresponding to MSA columns:
# 876-907
name=unknown_K
#
# <colnr> <probs for GDERKNQSTAVLIFYWHMCP>
#	G	D	E	R	K	N	Q	S	T	A	V	L	I	F	Y	W	H	M	C	P
0	0.00894	0.00687	0.00805	0.03891	0.00991	0.00596	0.00524	0.07773	0.01089	0.05410	0.08115	0.07576	0.21154	0.00684	0.00431	0.00114	0.00316	0.00572	0.02003	0.36376
1	0.05822	0.08043	0.08432	0.06171	0.06713	0.07779	0.04157	0.11225	0.09715	0.09841	0.03013	0.05813	0.05433	0.02199	0.01398	0.01278	0.00489	0.00474	0.00334	0.01672
2	0.00872	0.11056	0.26383	0.04252	0.01434	0.00935	0.08342	0.03021	0.06225	0.01361	0.05080	0.12109	0.05145	0.00915	0.08191	0.00200	0.00571	0.03076	0.00283	0.00549
3	0.00622	0.00455	0.00500	0.00511	0.00642	0.00395	0.00380	0.00744	0.01002	0.04553	0.05527	0.17953	0.54246	0.01114	0.00522	0.00155	0.00244	0.03840	0.06200	0.00396
4	0.07831	0.00663	0.00841	0.00694	0.00940	0.00611	0.00556	0.03969	0.01249	0.41758	0.30153	0.03723	0.03697	0.00699	0.00468	0.00140	0.00316	0.00586	0.00503	0.00605
5	0.01102	0.07322	0.38055	0.02487	0.18012	0.02769	0.06942	0.01489	0.02956	0.09502	0.02422	0.01103	0.00748	0.00450	0.00459	0.00138	0.02760	0.00379	0.00248	0.00658
6	0.00894	0.03585	0.11953	0.02878	0.15437	0.02910	0.09419	0.01961	0.03609	0.01290	0.01351	0.03126	0.06403	0.04689	0.16013	0.00271	0.05905	0.07508	0.00264	0.00534
7	0.00558	0.00402	0.00527	0.00621	0.00658	0.00376	0.00425	0.00644	0.00871	0.01150	0.02554	0.71717	0.07690	0.03919	0.00624	0.00189	0.00272	0.06028	0.00411	0.00364
8	0.03462	0.01024	0.01292	0.14511	0.03945	0.01124	0.04196	0.37545	0.05390	0.14421	0.01146	0.01213	0.00816	0.00523	0.00478	0.00140	0.03442	0.00416	0.04243	0.00675
9	0.08274	0.03219	0.16299	0.09953	0.18332	0.05711	0.14337	0.08448	0.02928	0.04725	0.00906	0.01124	0.00697	0.00449	0.00452	0.00140	0.01661	0.01457	0.00259	0.00628
10	0.00791	0.00583	0.00732	0.00702	0.00778	0.04166	0.00519	0.00901	0.00757	0.06012	0.01239	0.01990	0.01209	0.25788	0.46846	0.00548	0.05266	0.00513	0.00265	0.00396
11	0.01184	0.81330	0.05460	0.00785	0.01179	0.01741	0.00800	0.01342	0.00910	0.01067	0.00629	0.00726	0.00574	0.00384	0.00292	0.00097	0.00486	0.00243	0.00191	0.00577
12	0.00568	0.00455	0.00507	0.00494	0.00628	0.00394	0.00371	0.00717	0.01112	0.01427	0.33182	0.03945	0.52521	0.01051	0.00528	0.00147	0.00221	0.00894	0.00444	0.00394
13	0.00864	0.00648	0.00739	0.00706	0.00848	0.00565	0.00511	0.00968	0.01333	0.01818	0.52723	0.03920	0.30079	0.01137	0.00633	0.00190	0.00311	0.00920	0.00544	0.00542
14	0.00551	0.00434	0.00486	0.00517	0.00616	0.00382	0.00367	0.00650	0.00951	0.01187	0.06775	0.28153	0.46962	0.07813	0.00682	0.00183	0.00255	0.02262	0.00407	0.00367
15	0.00999	0.00765	0.00834	0.00768	0.00969	0.00846	0.00596	0.01836	0.49013	0.04624	0.11085	0.04734	0.03590	0.00690	0.00453	0.00146	0.00313	0.03572	0.13564	0.00602
16	0.04914	0.01237	0.01214	0.00990	0.01302	0.08936	0.00797	0.47413	0.24353	0.02355	0.01233	0.01205	0.00905	0.00545	0.00439	0.00138	0.00477	0.00415	0.00422	0.00712
17	0.00670	0.05116	0.00809	0.00721	0.00818	0.00626	0.00571	0.00829	0.00729	0.01039	0.01166	0.01700	0.01088	0.03191	0.77972	0.00685	0.01158	0.00466	0.00237	0.00409
18	0.01409	0.02799	0.01216	0.01049	0.04371	0.20178	0.03655	0.18144	0.10427	0.12707	0.02751	0.04577	0.01030	0.05286	0.03411	0.00174	0.05396	0.00453	0.00358	0.00609
19	0.00917	0.00772	0.00818	0.00748	0.00942	0.03448	0.00575	0.01648	0.41599	0.02883	0.27415	0.02504	0.12350	0.00766	0.00486	0.00147	0.00308	0.00650	0.00456	0.00570
20	0.00620	0.00450	0.00558	0.00576	0.00679	0.00408	0.00429	0.00768	0.01071	0.03231	0.30898	0.24672	0.25037	0.01121	0.00545	0.00160	0.00249	0.07682	0.00445	0.00401
21	0.03643	0.01185	0.05701	0.01080	0.06680	0.05109	0.00860	0.43049	0.01665	0.21653	0.04042	0.01237	0.00939	0.00532	0.00443	0.00135	0.00479	0.00415	0.00431	0.00721
22	0.01279	0.01011	0.01237	0.22679	0.11889	0.11069	0.00954	0.10670	0.03963	0.15906	0.02098	0.04253	0.01039	0.00592	0.00485	0.00146	0.02402	0.07390	0.00337	0.00599
23	0.00897	0.02314	0.81962	0.01275	0.01936	0.01039	0.01653	0.01417	0.00944	0.01417	0.00803	0.00944	0.00567	0.00425	0.00425	0.00142	0.00661	0.00331	0.00189	0.00661
24	0.00655	0.00459	0.00574	0.00584	0.00674	0.00427	0.00421	0.00817	0.02873	0.04035	0.33291	0.26633	0.13673	0.08965	0.00705	0.00184	0.00265	0.03927	0.00437	0.00402
25	0.01078	0.21078	0.01570	0.01102	0.05592	0.03251	0.00893	0.05637	0.00869	0.01215	0.00677	0.00952	0.00626	0.00715	0.04145	0.00175	0.43536	0.00348	0.00218	0.06324
26	0.00742	0.00639	0.00850	0.10695	0.01119	0.05703	0.00672	0.00910	0.00771	0.01053	0.01097	0.01621	0.01010	0.04249	0.62711	0.00586	0.04462	0.00457	0.00233	0.00420
27	0.01835	0.00736	0.00987	0.00772	0.01092	0.00646	0.00632	0.02042	0.03693	0.71131	0.07184	0.01748	0.04185	0.00600	0.00458	0.00139	0.00363	0.00493	0.00542	0.00723
28	0.01002	0.04523	0.32150	0.03107	0.06943	0.10513	0.09965	0.04379	0.01043	0.02305	0.01305	0.11399	0.06244	0.00613	0.00461	0.00144	0.00578	0.02485	0.00263	0.00578
29	0.00639	0.00456	0.00614	0.00620	0.00664	0.00497	0.00434	0.00729	0.00699	0.00975	0.01354	0.06768	0.01426	0.36112	0.45405	0.00573	0.00836	0.00593	0.00262	0.00345
30	0.02787	0.01468	0.01268	0.01103	0.04906	0.29485	0.00838	0.36047	0.04203	0.10185	0.01092	0.01111	0.02436	0.00519	0.00432	0.00129	0.00580	0.00380	0.00370	0.00661
31	0.01329	0.06534	0.01220	0.04327	0.05448	0.01939	0.00752	0.20442	0.06493	0.15502	0.02017	0.01260	0.00889	0.05121	0.00591	0.00141	0.06668	0.00394	0.00359	0.18574

[dist]
# distance from previous block
# <min> <max>
8	132

[block]
# block no. 11 follows, 58 sequences, length 30
# corresponding to MSA columns:
# 1040-1069
name=unknown_L
#
# <colnr> <probs for GDERKNQSTAVLIFYWHMCP>
#	G	D	E	R	K	N	Q	S	T	A	V	L	I	F	Y	W	H	M	C	P
0	0.01094	0.00895	0.03759	0.05987	0.03797	0.05540	0.03972	0.09213	0.07428	0.10841	0.05348	0.02389	0.01118	0.02775	0.22292	0.00292	0.02099	0.00452	0.00326	0.10384
1	0.01004	0.07940	0.09748	0.09137	0.08781	0.04265	0.00897	0.05170	0.05617	0.01413	0.03855	0.02735	0.04658	0.00529	0.00539	0.00126	0.10930	0.00402	0.00268	0.21986
2	0.01100	0.03718	0.01528	0.23334	0.32859	0.07263	0.03638	0.05766	0.10703	0.01471	0.03627	0.01238	0.00863	0.00465	0.00443	0.00138	0.00541	0.00416	0.00265	0.00624
3	0.03899	0.05343	0.04641	0.03616	0.00988	0.02639	0.00645	0.02482	0.03538	0.06814	0.07927	0.03803	0.08032	0.07903	0.28916	0.00365	0.07143	0.00531	0.00305	0.00469
