[name]
unknown

[dist]
# distance from previous block
# <min> <max>
0	32

[block]
# block no. 0 follows, 74 sequences, length 34
# corresponding to MSA columns:
# 34-67
name=unknown_A
#
# <colnr> <probs for GDERKNQSTAVLIFYWHMCP>
#	G	D	E	R	K	N	Q	S	T	A	V	L	I	F	Y	W	H	M	C	P
0	0.00999	0.11085	0.05515	0.00840	0.05298	0.25625	0.00654	0.13670	0.02498	0.01213	0.04901	0.19291	0.01137	0.00585	0.00372	0.00113	0.00434	0.03159	0.00265	0.02347
1	0.04686	0.03103	0.00643	0.00579	0.03480	0.00541	0.00432	0.09564	0.06381	0.01438	0.39135	0.02438	0.21365	0.00702	0.00408	0.00117	0.00237	0.02381	0.00360	0.02011
2	0.00911	0.00955	0.11770	0.10097	0.41056	0.00839	0.08225	0.05582	0.04164	0.05963	0.00865	0.06347	0.00722	0.00409	0.00380	0.00117	0.00447	0.00385	0.00222	0.00545
3	0.54858	0.05545	0.09618	0.00799	0.09629	0.03520	0.03347	0.01136	0.00715	0.03790	0.00593	0.00694	0.00460	0.00343	0.00273	0.00110	0.00360	0.00237	0.00217	0.03757
4	0.00904	0.00454	0.00594	0.00536	0.00681	0.00403	0.00409	0.01033	0.00946	0.30746	0.25165	0.22688	0.10730	0.00764	0.00421	0.00125	0.00236	0.00665	0.02068	0.00434
5	0.00517	0.00380	0.00472	0.00502	0.00567	0.00364	0.00358	0.00684	0.06231	0.01152	0.24550	0.42373	0.10295	0.03519	0.00491	0.00142	0.00214	0.03563	0.03291	0.00335
6	0.02155	0.33815	0.20521	0.09505	0.09423	0.04789	0.04184	0.03429	0.00834	0.07162	0.00673	0.00785	0.00527	0.00349	0.00316	0.00102	0.00459	0.00269	0.00193	0.00511
7	0.00527	0.05418	0.00516	0.00459	0.00552	0.00399	0.00334	0.00627	0.02047	0.02855	0.09896	0.29531	0.35474	0.08971	0.00571	0.00152	0.00228	0.00788	0.00331	0.00325
8	0.00992	0.87178	0.01945	0.00635	0.00953	0.01469	0.00635	0.01111	0.00754	0.00873	0.00516	0.00595	0.00476	0.00318	0.00238	0.00079	0.00397	0.00198	0.00159	0.00476
9	0.03638	0.00717	0.00865	0.00665	0.03570	0.00597	0.03155	0.09080	0.00867	0.01335	0.00682	0.00789	0.00555	0.00297	0.00291	0.00066	0.00305	0.00241	0.00233	0.72052
10	0.00611	0.00345	0.00517	0.00517	0.00537	0.00365	0.00365	0.00537	0.00517	0.00709	0.00749	0.01227	0.00729	0.01735	0.26489	0.62800	0.00523	0.00345	0.00172	0.00212
11	0.00452	0.00326	0.00428	0.00509	0.00536	0.00302	0.00341	0.00518	0.00718	0.00950	0.02136	0.82345	0.06765	0.01151	0.00472	0.00149	0.00214	0.01041	0.00345	0.00302
12	0.00912	0.03165	0.42391	0.03445	0.15706	0.03437	0.01921	0.10953	0.10720	0.02625	0.00805	0.00898	0.00596	0.00380	0.00359	0.00115	0.00480	0.00310	0.00219	0.00562
13	0.00803	0.00680	0.00788	0.00566	0.00894	0.00529	0.00454	0.05267	0.00821	0.01269	0.00672	0.00776	0.00554	0.00284	0.00280	0.00058	0.00282	0.00226	0.00228	0.84570
14	0.00562	0.00401	0.00500	0.00488	0.00500	0.00439	0.00319	0.00590	0.00552	0.00759	0.01071	0.02088	0.01186	0.62155	0.17840	0.02433	0.07157	0.00491	0.00214	0.00258
15	0.03318	0.00755	0.05479	0.03610	0.08696	0.00694	0.02142	0.17144	0.03224	0.29675	0.05496	0.10357	0.03718	0.03436	0.00436	0.00127	0.00348	0.00459	0.00352	0.00534
16	0.03617	0.17819	0.14766	0.03531	0.02841	0.07869	0.17292	0.05222	0.00850	0.05816	0.00693	0.00858	0.00552	0.02440	0.00457	0.00115	0.08389	0.00306	0.00203	0.06363
17	0.01692	0.10872	0.26412	0.00781	0.01080	0.00746	0.06412	0.02075	0.05659	0.05872	0.28324	0.01534	0.02825	0.00507	0.00388	0.00113	0.01734	0.00429	0.00279	0.02267
18	0.00453	0.00340	0.00422	0.00486	0.00536	0.00308	0.00336	0.00529	0.00750	0.00967	0.02484	0.62749	0.23541	0.01101	0.00466	0.00145	0.00212	0.03523	0.00345	0.00306
19	0.01057	0.06931	0.03592	0.00675	0.00892	0.10734	0.00556	0.21960	0.01117	0.15344	0.04937	0.12202	0.17201	0.00626	0.00386	0.00116	0.00352	0.00508	0.00336	0.00480
20	0.00887	0.05937	0.26287	0.13003	0.17202	0.06114	0.01000	0.07829	0.00865	0.03845	0.00733	0.00921	0.00576	0.00642	0.09887	0.00168	0.03092	0.00310	0.00197	0.00507
21	0.00701	0.00660	0.01113	0.86063	0.02556	0.00825	0.01031	0.00948	0.00742	0.00948	0.00660	0.00990	0.00495	0.00371	0.00371	0.00124	0.00495	0.00330	0.00165	0.00412
22	0.00765	0.00755	0.01342	0.39421	0.04708	0.00856	0.22351	0.02808	0.02337	0.01051	0.00812	0.01095	0.03286	0.00586	0.06773	0.00163	0.09884	0.00379	0.00188	0.00439
23	0.02647	0.00697	0.02384	0.00758	0.06282	0.09138	0.01458	0.07358	0.05389	0.09965	0.08489	0.14245	0.06620	0.03873	0.17495	0.00224	0.01738	0.00515	0.00297	0.00428
24	0.00693	0.05295	0.04715	0.01790	0.04777	0.06236	0.08333	0.00868	0.05757	0.02252	0.02524	0.42027	0.04082	0.00816	0.00500	0.03119	0.04853	0.00695	0.00280	0.00388
25	0.02971	0.00544	0.00716	0.00606	0.00787	0.00519	0.00475	0.02365	0.03360	0.45011	0.04085	0.03966	0.01144	0.14790	0.13061	0.00228	0.01440	0.03081	0.00363	0.00486
26	0.06695	0.38901	0.01566	0.09337	0.04357	0.05590	0.15675	0.01057	0.00784	0.01015	0.00810	0.09226	0.02692	0.00425	0.00325	0.00105	0.00435	0.00360	0.00195	0.00450
27	0.00998	0.17294	0.06995	0.05342	0.32674	0.15277	0.11296	0.01201	0.00859	0.02646	0.00657	0.00826	0.00538	0.00344	0.00357	0.00106	0.01590	0.00301	0.00183	0.00517
28	0.00634	0.00351	0.00522	0.00543	0.03208	0.00351	0.00356	0.00537	0.00561	0.00763	0.09497	0.01334	0.00970	0.02880	0.05229	0.71159	0.00343	0.00367	0.00191	0.00204
29	0.00716	0.01486	0.00851	0.03081	0.19671	0.02311	0.02112	0.05164	0.00828	0.03980	0.04192	0.25993	0.12759	0.00952	0.09331	0.00178	0.05081	0.00618	0.00278	0.00418
30	0.02689	0.15535	0.08386	0.01033	0.12974	0.12468	0.06386	0.06515	0.01782	0.06479	0.00801	0.00969	0.01743	0.00811	0.15389	0.00194	0.04831	0.00317	0.00215	0.00482
31	0.00892	0.21088	0.08642	0.07288	0.21827	0.01804	0.03638	0.06484	0.09558	0.01237	0.10288	0.01092	0.00932	0.00417	0.00376	0.00109	0.03241	0.00346	0.00232	0.00511
32	0.00467	0.00346	0.00409	0.00452	0.00500	0.00317	0.00301	0.00526	0.00715	0.00916	0.02364	0.44900	0.26172	0.18955	0.00758	0.00187	0.00237	0.00869	0.00320	0.00289
33	0.00920	0.16198	0.15078	0.06422	0.07462	0.02825	0.07718	0.02905	0.27317	0.04767	0.01043	0.02238	0.02660	0.00422	0.00354	0.00114	0.00413	0.00355	0.00257	0.00532

[dist]
# distance from previous block
# <min> <max>
2	9

[block]
# block no. 1 follows, 74 sequences, length 6
# corresponding to MSA columns:
# 77-82
name=unknown_B
#
# <colnr> <probs for GDERKNQSTAVLIFYWHMCP>
#	G	D	E	R	K	N	Q	S	T	A	V	L	I	F	Y	W	H	M	C	P
0	0.40061	0.00751	0.00915	0.03146	0.05012	0.03150	0.13438	0.01095	0.06330	0.03147	0.02817	0.04847	0.08325	0.00469	0.00376	0.00122	0.04946	0.00374	0.00249	0.00431
1	0.32783	0.00895	0.00877	0.00711	0.00973	0.01009	0.00583	0.43904	0.11601	0.02001	0.00835	0.00850	0.00612	0.00417	0.00322	0.00114	0.00351	0.00297	0.00322	0.00544
2	0.00454	0.00338	0.00424	0.00485	0.00532	0.00307	0.00332	0.00532	0.00761	0.00995	0.07922	0.64171	0.19211	0.01090	0.00464	0.00143	0.00207	0.00974	0.00349	0.00307
3	0.04035	0.03237	0.02646	0.00656	0.02586	0.00602	0.00514	0.11559	0.05651	0.21636	0.07987	0.21378	0.04983	0.02662	0.00431	0.00128	0.00296	0.03913	0.00357	0.04744
4	0.01064	0.12064	0.19380	0.01244	0.19552	0.16830	0.07731	0.07532	0.03053	0.07032	0.00738	0.00843	0.00566	0.00364	0.00349	0.00107	0.00502	0.00299	0.00215	0.00535
5	0.00679	0.00466	0.00524	0.00523	0.00547	0.00442	0.00316	0.00666	0.00704	0.00962	0.10063	0.09484	0.01781	0.69213	0.01651	0.00338	0.00377	0.00637	0.00302	0.00323

[dist]
# distance from previous block
# <min> <max>
1	2

[block]
# block no. 2 follows, 74 sequences, length 12
# corresponding to MSA columns:
# 85-96
name=unknown_C
#
# <colnr> <probs for GDERKNQSTAVLIFYWHMCP>
#	G	D	E	R	K	N	Q	S	T	A	V	L	I	F	Y	W	H	M	C	P
0	0.04011	0.45220	0.04165	0.02888	0.02698	0.09823	0.02475	0.11716	0.02868	0.05292	0.00738	0.05241	0.00639	0.00400	0.00301	0.00097	0.00420	0.00292	0.00223	0.00494
1	0.23334	0.00911	0.00943	0.00740	0.01019	0.01000	0.00611	0.53199	0.01387	0.12051	0.00867	0.00864	0.00609	0.00422	0.00336	0.00113	0.00367	0.00306	0.00347	0.00574
2	0.00526	0.00397	0.00586	0.00586	0.00655	0.00457	0.00455	0.00657	0.00608	0.00868	0.01124	0.01557	0.04852	0.02697	0.81491	0.00574	0.00956	0.00416	0.00206	0.00331
3	0.00932	0.01010	0.09203	0.05510	0.46071	0.05883	0.12535	0.01195	0.03648	0.04568	0.00773	0.02737	0.00631	0.00374	0.00405	0.00116	0.03307	0.00355	0.00202	0.00545
4	0.01020	0.03355	0.04624	0.07313	0.14320	0.12535	0.02948	0.14401	0.21640	0.03021	0.02059	0.01054	0.00765	0.00585	0.06143	0.00148	0.02925	0.00347	0.00268	0.00528
5	0.00537	0.00396	0.00577	0.00590	0.00652	0.00447	0.00458	0.00662	0.00627	0.00883	0.01157	0.04243	0.01153	0.09226	0.65985	0.00513	0.00842	0.10505	0.00223	0.00323
6	0.89577	0.00718	0.00546	0.00488	0.00718	0.00833	0.00402	0.01091	0.00632	0.01665	0.00517	0.00603	0.00402	0.00345	0.00230	0.00115	0.00287	0.00201	0.00230	0.00402
7	0.00480	0.00340	0.00425	0.00475	0.00501	0.00321	0.00309	0.00537	0.00696	0.00926	0.07604	0.53272	0.06915	0.24417	0.00854	0.00204	0.00250	0.00873	0.00317	0.00285
8	0.00870	0.00911	0.01227	0.01024	0.01096	0.08882	0.10560	0.01022	0.04125	0.00956	0.00582	0.00862	0.00534	0.00635	0.03215	0.00162	0.62397	0.00336	0.00178	0.00425
9	0.04762	0.00606	0.04076	0.00586	0.00806	0.00518	0.00487	0.03014	0.04832	0.34577	0.21413	0.04148	0.08251	0.00568	0.00379	0.00113	0.00270	0.00475	0.03330	0.06787
10	0.01048	0.37669	0.03781	0.00755	0.00995	0.26739	0.02271	0.01217	0.05431	0.03736	0.00836	0.12363	0.00797	0.00468	0.00319	0.00100	0.00456	0.00352	0.00216	0.00453
11	0.03226	0.08483	0.04450	0.00985	0.14945	0.03562	0.05776	0.07252	0.03845	0.09700	0.02900	0.02911	0.00728	0.00456	0.00442	0.06672	0.02659	0.00324	0.00246	0.20438

[dist]
# distance from previous block
# <min> <max>
1	4

[block]
# block no. 3 follows, 74 sequences, length 26
# corresponding to MSA columns:
# 101-126
name=unknown_D
#
# <colnr> <probs for GDERKNQSTAVLIFYWHMCP>
#	G	D	E	R	K	N	Q	S	T	A	V	L	I	F	Y	W	H	M	C	P
0	0.07335	0.06353	0.25498	0.00982	0.05228	0.07272	0.06000	0.28667	0.05124	0.01579	0.00809	0.00878	0.01837	0.00396	0.00351	0.00112	0.00465	0.00310	0.00253	0.00550
1	0.00489	0.00383	0.00424	0.00414	0.00531	0.00335	0.00312	0.00604	0.00881	0.02927	0.20913	0.03235	0.60723	0.00990	0.05044	0.00149	0.00232	0.00729	0.00353	0.00329
2	0.00860	0.00774	0.04901	0.07516	0.06853	0.02508	0.03073	0.13038	0.20802	0.03132	0.22511	0.01584	0.03099	0.01725	0.02373	0.00134	0.03855	0.00452	0.00321	0.00489
3	0.00562	0.00398	0.00546	0.00539	0.00624	0.00420	0.00412	0.00684	0.00705	0.04859	0.08339	0.06429	0.16485	0.04548	0.52212	0.00419	0.00690	0.00528	0.00263	0.00339
4	0.00796	0.00754	0.01097	0.21080	0.25527	0.04337	0.04864	0.01132	0.14048	0.01180	0.09027	0.01418	0.07419	0.02055	0.01851	0.00131	0.02140	0.00418	0.00245	0.00478
5	0.00788	0.01753	0.70794	0.01121	0.01637	0.00865	0.13222	0.01194	0.00804	0.03397	0.00700	0.00828	0.00496	0.00350	0.00366	0.00119	0.00554	0.00301	0.00169	0.00544
6	0.00593	0.00357	0.00535	0.00535	0.00565	0.00387	0.00387	0.00565	0.00535	0.00744	0.00804	0.01279	0.00774	0.01970	0.39729	0.48841	0.00628	0.00357	0.00178	0.00239
7	0.01271	0.00547	0.00708	0.00572	0.00802	0.00472	0.00462	0.01405	0.01003	0.57186	0.07546	0.01929	0.21448	0.00596	0.00391	0.00117	0.00272	0.00492	0.02251	0.00530
8	0.00770	0.00660	0.00770	0.00550	0.00880	0.00495	0.00440	0.00935	0.00770	0.01210	0.00660	0.00770	0.00550	0.00275	0.00275	0.00055	0.00275	0.00220	0.00220	0.89224
9	0.05196	0.23082	0.02913	0.00857	0.01089	0.59027	0.00696	0.01366	0.00953	0.00939	0.00559	0.00650	0.00474	0.00364	0.00306	0.00093	0.00582	0.00228	0.00184	0.00443
10	0.01267	0.00550	0.00737	0.00592	0.00816	0.00480	0.00477	0.01420	0.01045	0.55413	0.26344	0.01761	0.03854	0.00556	0.00392	0.00114	0.00269	0.00469	0.00435	0.03009
11	0.00796	0.06664	0.15249	0.01869	0.13043	0.02428	0.09005	0.04581	0.05878	0.03736	0.22795	0.03378	0.06742	0.00525	0.00401	0.00116	0.01581	0.00461	0.00277	0.00475
12	0.02832	0.02591	0.19527	0.14897	0.12311	0.02684	0.13296	0.10404	0.04363	0.09254	0.00830	0.02377	0.00624	0.00392	0.00388	0.00118	0.01999	0.00348	0.00234	0.00530
13	0.01256	0.00543	0.00734	0.00602	0.00816	0.00479	0.00488	0.01411	0.01048	0.54641	0.27231	0.01884	0.01784	0.00582	0.00401	0.00118	0.00274	0.04743	0.00438	0.00529
14	0.00986	0.00644	0.00721	0.00603	0.00755	0.00680	0.00454	0.32272	0.01088	0.08935	0.03700	0.01607	0.01049	0.31632	0.04348	0.00218	0.00376	0.00426	0.09071	0.00436
15	0.00459	0.00333	0.00428	0.00496	0.00530	0.00308	0.00334	0.00530	0.00736	0.00975	0.07009	0.70379	0.10293	0.04659	0.00527	0.00155	0.00216	0.00985	0.00343	0.00302
16	0.00505	0.00393	0.00462	0.00446	0.00552	0.00356	0.00337	0.00675	0.03565	0.01285	0.47166	0.03089	0.35888	0.00831	0.00438	0.00122	0.00189	0.02979	0.00380	0.00343
17	0.89577	0.00718	0.00546	0.00488	0.00718	0.00833	0.00402	0.01091	0.00632	0.01665	0.00517	0.00603	0.00402	0.00345	0.00230	0.00115	0.00287	0.00201	0.00230	0.00402
18	0.01009	0.60885	0.26499	0.00823	0.01214	0.01332	0.00891	0.01195	0.00824	0.01054	0.00656	0.00781	0.00563	0.00390	0.00314	0.00108	0.00473	0.00253	0.00191	0.00545
19	0.00539	0.00361	0.00411	0.00411	0.00413	0.00363	0.00233	0.00544	0.00542	0.00724	0.01164	0.02397	0.01336	0.84215	0.04611	0.00368	0.00381	0.00535	0.00224	0.00228
20	0.01358	0.01710	0.01023	0.00931	0.01118	0.81951	0.00698	0.01457	0.01041	0.00928	0.00600	0.00699	0.00498	0.00385	0.00332	0.00095	0.00649	0.00243	0.03858	0.00427
21	0.11003	0.13206	0.01124	0.00855	0.01070	0.56842	0.00673	0.06986	0.01001	0.01084	0.00579	0.00671	0.00480	0.00381	0.00335	0.00098	0.02726	0.00238	0.00203	0.00447
22	0.00645	0.00322	0.00484	0.00484	0.00484	0.00322	0.00322	0.00484	0.00484	0.00645	0.00645	0.01128	0.00645	0.01289	0.01451	0.89201	0.00322	0.00322	0.00161	0.00161
23	0.01180	0.34161	0.04535	0.00853	0.01126	0.35517	0.05234	0.07670	0.03112	0.02538	0.00629	0.00710	0.00518	0.00362	0.00309	0.00094	0.00523	0.00250	0.00201	0.00479
24	0.04179	0.01956	0.17678	0.12444	0.09389	0.00847	0.01666	0.01977	0.17508	0.01205	0.04159	0.01182	0.04508	0.02496	0.00522	0.00128	0.12876	0.00364	0.00234	0.04682
25	0.02585	0.17514	0.20344	0.00881	0.01195	0.15380	0.04360	0.11960	0.13210	0.02958	0.00794	0.00863	0.00613	0.00448	0.02182	0.00119	0.03548	0.00295	0.00233	0.00519

[dist]
# distance from previous block
# <min> <max>
4	8

[block]
# block no. 4 follows, 74 sequences, length 11
# corresponding to MSA columns:
# 136-146
name=unknown_E
#
# <colnr> <probs for GDERKNQSTAVLIFYWHMCP>
#	G	D	E	R	K	N	Q	S	T	A	V	L	I	F	Y	W	H	M	C	P
0	0.00785	0.00680	0.01086	0.12707	0.41910	0.00692	0.00839	0.02580	0.00882	0.03602	0.17158	0.06257	0.04645	0.02177	0.00423	0.00122	0.00366	0.02352	0.00256	0.00481
1	0.03890	0.49916	0.01548	0.00749	0.01025	0.26212	0.00660	0.10179	0.00946	0.01068	0.00574	0.00650	0.00491	0.00352	0.00281	0.00089	0.00475	0.00225	0.00194	0.00477
2	0.01069	0.17395	0.30774	0.00952	0.01333	0.13082	0.09769	0.08838	0.00949	0.11346	0.00752	0.00824	0.00552	0.00368	0.00342	0.00107	0.00505	0.00290	0.00222	0.00531
3	0.00553	0.00393	0.00497	0.00497	0.00532	0.00422	0.00338	0.00648	0.03831	0.00817	0.01148	0.02103	0.01218	0.50412	0.31703	0.00429	0.00584	0.03369	0.00226	0.00281
4	0.89577	0.00718	0.00546	0.00488	0.00718	0.00833	0.00402	0.01091	0.00632	0.01665	0.00517	0.00603	0.00402	0.00345	0.00230	0.00115	0.00287	0.00201	0.00230	0.00402
5	0.00759	0.00741	0.00740	0.03933	0.03597	0.16603	0.00537	0.00923	0.05167	0.01103	0.20062	0.17297	0.05700	0.04826	0.00592	0.00137	0.12729	0.00560	0.03614	0.00379
6	0.00576	0.00347	0.00432	0.00432	0.00432	0.00347	0.00258	0.00520	0.00520	0.00694	0.00989	0.01982	0.01107	0.57541	0.01739	0.30864	0.00347	0.00465	0.00203	0.00203
7	0.03341	0.06605	0.14271	0.01019	0.10059	0.07496	0.02296	0.25430	0.15277	0.01533	0.00859	0.00931	0.00658	0.00487	0.02722	0.00128	0.05748	0.00323	0.00267	0.00551
8	0.06868	0.00411	0.00451	0.00463	0.00564	0.00390	0.00338	0.00681	0.05865	0.01141	0.15090	0.27827	0.36764	0.00910	0.00430	0.00131	0.00208	0.00783	0.00348	0.00338
9	0.00828	0.03911	0.03902	0.04389	0.04167	0.06076	0.00605	0.01442	0.42637	0.01376	0.18199	0.01648	0.06230	0.00551	0.00403	0.00120	0.02226	0.00457	0.00333	0.00497
10	0.00464	0.00361	0.00416	0.00434	0.00518	0.00319	0.00310	0.00561	0.00835	0.01069	0.18889	0.26648	0.42070	0.04759	0.00512	0.00141	0.00201	0.00827	0.00352	0.00313

[dist]
# distance from previous block
# <min> <max>
3	12

[block]
# block no. 5 follows, 74 sequences, length 14
# corresponding to MSA columns:
# 159-172
name=unknown_F
#
# <colnr> <probs for GDERKNQSTAVLIFYWHMCP>
#	G	D	E	R	K	N	Q	S	T	A	V	L	I	F	Y	W	H	M	C	P
0	0.05557	0.00651	0.00831	0.00672	0.00921	0.00620	0.01844	0.05077	0.12682	0.54858	0.04853	0.06233	0.01121	0.00519	0.00379	0.00119	0.00309	0.01758	0.00418	0.00577
1	0.00444	0.00376	0.00383	0.00382	0.00505	0.00316	0.00286	0.00543	0.00858	0.01032	0.08645	0.03524	0.79586	0.00929	0.00439	0.00125	0.00187	0.00777	0.00349	0.00316
2	0.00861	0.04163	0.07161	0.00672	0.03761	0.00615	0.00561	0.05943	0.00844	0.05063	0.00706	0.00799	0.00564	0.00303	0.00293	0.00069	0.00316	0.00241	0.00232	0.66836
3	0.00770	0.00759	0.01052	0.00914	0.00922	0.01041	0.00754	0.00851	0.00593	0.00903	0.00765	0.06024	0.05372	0.00696	0.01130	0.00160	0.76324	0.00394	0.00183	0.00395
4	0.04327	0.65876	0.01707	0.00698	0.00980	0.16675	0.00647	0.01171	0.00798	0.00910	0.00526	0.00616	0.00474	0.00340	0.00285	0.00086	0.03044	0.00210	0.00167	0.00463
5	0.01379	0.00992	0.01073	0.00833	0.01121	0.01094	0.00685	0.70802	0.09578	0.07123	0.00984	0.00960	0.00696	0.00452	0.00372	0.00113	0.00392	0.00345	0.00377	0.00627
6	0.00841	0.00846	0.04447	0.27934	0.54175	0.00854	0.01096	0.01077	0.00809	0.01130	0.00684	0.00932	0.00554	0.00342	0.00366	0.00113	0.00457	0.00325	0.00178	0.02839
7	0.00494	0.00379	0.00485	0.00484	0.00571	0.00370	0.00364	0.00622	0.00818	0.01099	0.26752	0.10035	0.27224	0.01478	0.26817	0.00271	0.00437	0.00654	0.00318	0.00329
8	0.00919	0.00882	0.01507	0.02278	0.84640	0.00882	0.01139	0.01139	0.00845	0.01213	0.00698	0.00919	0.00588	0.00331	0.00367	0.00110	0.00441	0.00331	0.00184	0.00588
9	0.00465	0.00371	0.00417	0.00417	0.00521	0.00323	0.00308	0.00580	0.00892	0.01139	0.27095	0.12024	0.52318	0.00911	0.00442	0.00125	0.00187	0.00779	0.00363	0.00323
10	0.01008	0.00588	0.00761	0.05834	0.02630	0.00590	0.00552	0.15692	0.01044	0.23626	0.10560	0.15054	0.01534	0.03067	0.02494	0.00145	0.00332	0.11480	0.02539	0.00471
11	0.00531	0.00375	0.00487	0.00548	0.00592	0.00366	0.00410	0.00621	0.00727	0.00953	0.01846	0.30012	0.04847	0.23393	0.00855	0.00212	0.00301	0.32317	0.00312	0.00298
12	0.00758	0.00775	0.08181	0.04509	0.16799	0.00714	0.07007	0.01179	0.22018	0.01307	0.20753	0.03956	0.04567	0.00564	0.00451	0.03406	0.01814	0.00473	0.00292	0.00478
13	0.00542	0.00426	0.00569	0.00694	0.08413	0.00418	0.00438	0.00721	0.08752	0.01050	0.04413	0.62786	0.07358	0.00996	0.00451	0.00142	0.00241	0.00898	0.00335	0.00358

[dist]
# distance from previous block
# <min> <max>
4	15

[block]
# block no. 6 follows, 74 sequences, length 18
# corresponding to MSA columns:
# 189-206
name=unknown_G
#
# <colnr> <probs for GDERKNQSTAVLIFYWHMCP>
#	G	D	E	R	K	N	Q	S	T	A	V	L	I	F	Y	W	H	M	C	P
0	0.00764	0.02224	0.04737	0.18418	0.27767	0.00741	0.03570	0.00949	0.03747	0.01061	0.07491	0.03432	0.02142	0.00589	0.00611	0.14743	0.05991	0.00384	0.00205	0.00433
1	0.00497	0.00380	0.00421	0.00417	0.00530	0.00327	0.00310	0.00606	0.00879	0.03849	0.19266	0.11759	0.57622	0.00911	0.00440	0.00126	0.00192	0.00776	0.00361	0.00330
2	0.00749	0.15446	0.05857	0.00632	0.00787	0.00675	0.00546	0.00888	0.00680	0.09809	0.00945	0.01303	0.00842	0.07672	0.49375	0.00403	0.02414	0.00362	0.00218	0.00395
3	0.00701	0.00660	0.01113	0.86063	0.02556	0.00825	0.01031	0.00948	0.00742	0.00948	0.00660	0.00990	0.00495	0.00371	0.00371	0.00124	0.00495	0.00330	0.00165	0.00412
4	0.00452	0.00331	0.00425	0.00498	0.00534	0.00304	0.00337	0.00523	0.00735	0.00967	0.04146	0.74381	0.12752	0.01126	0.00469	0.00147	0.00211	0.01012	0.00346	0.00304
5	0.00835	0.21516	0.01040	0.00568	0.00881	0.00738	0.00484	0.03012	0.00791	0.01165	0.00659	0.00762	0.00554	0.00297	0.00268	0.00064	0.00302	0.00224	0.04676	0.61163
6	0.01206	0.00641	0.00804	0.00617	0.00900	0.00548	0.00499	0.01438	0.08089	0.42225	0.06245	0.01187	0.00961	0.00414	0.00342	0.00094	0.00290	0.00340	0.00362	0.32799
7	0.00643	0.00368	0.00552	0.03161	0.00595	0.00399	0.00387	0.00540	0.00509	0.00692	0.00675	0.01143	0.00663	0.01392	0.10771	0.71662	0.05149	0.00331	0.00166	0.00201
8	0.02449	0.00469	0.00512	0.00468	0.00613	0.00437	0.00360	0.09771	0.00982	0.06445	0.16773	0.05883	0.49113	0.00806	0.00419	0.00121	0.00220	0.00674	0.03108	0.00377
9	0.00838	0.00865	0.08252	0.13113	0.10626	0.02281	0.04033	0.03005	0.29736	0.02152	0.03825	0.06341	0.02119	0.00513	0.00482	0.00128	0.10496	0.00420	0.00270	0.00504
10	0.00692	0.00646	0.01086	0.81481	0.02455	0.00805	0.01000	0.00933	0.00734	0.00944	0.00678	0.01015	0.00518	0.00500	0.04935	0.00149	0.00522	0.00334	0.00167	0.00408
11	0.01332	0.00572	0.00750	0.00603	0.00831	0.00515	0.00487	0.03354	0.03548	0.57086	0.17373	0.01559	0.01418	0.00516	0.00376	0.00113	0.00278	0.00429	0.08310	0.00551
12	0.00882	0.00828	0.05557	0.00750	0.00969	0.00874	0.00613	0.01827	0.72722	0.01526	0.08024	0.01461	0.01283	0.00515	0.00381	0.00125	0.00299	0.00431	0.00368	0.00567
13	0.00888	0.00819	0.01572	0.01146	0.01458	0.00747	0.48969	0.01122	0.00833	0.09241	0.00850	0.01122	0.00677	0.07370	0.05058	0.00155	0.00530	0.00398	0.00224	0.16821
14	0.01017	0.14020	0.01035	0.00663	0.00965	0.12585	0.00547	0.11148	0.00942	0.05886	0.00699	0.00771	0.00559	0.00327	0.00295	0.00075	0.00367	0.00242	0.00238	0.47619
15	0.01030	0.19772	0.02652	0.02289	0.11074	0.03621	0.00680	0.09421	0.11396	0.05311	0.01110	0.14231	0.01018	0.00554	0.00384	0.00121	0.00386	0.00438	0.00298	0.14215
16	0.00964	0.15084	0.19253	0.03298	0.31883	0.00996	0.03708	0.12753	0.03064	0.03010	0.00777	0.00901	0.01954	0.00367	0.00348	0.00108	0.00449	0.00312	0.00213	0.00557
17	0.00871	0.10548	0.29722	0.01007	0.08422	0.10856	0.05427	0.01185	0.07693	0.01974	0.08831	0.01034	0.00850	0.00445	0.00424	0.03510	0.03412	0.00329	0.00213	0.03248

[dist]
# distance from previous block
# <min> <max>
0	11

[block]
# block no. 7 follows, 74 sequences, length 10
# corresponding to MSA columns:
# 218-227
name=unknown_H
#
# <colnr> <probs for GDERKNQSTAVLIFYWHMCP>
#	G	D	E	R	K	N	Q	S	T	A	V	L	I	F	Y	W	H	M	C	P
0	0.00979	0.00768	0.00869	0.02248	0.04656	0.04765	0.00555	0.13624	0.08747	0.09271	0.05486	0.02467	0.00855	0.01777	0.00371	0.00093	0.01742	0.00324	0.00288	0.40116
1	0.03565	0.00691	0.00834	0.00714	0.00894	0.04776	0.07161	0.17723	0.08320	0.10943	0.11710	0.23733	0.05977	0.00687	0.00410	0.00125	0.00324	0.00599	0.00350	0.00463
2	0.00531	0.00394	0.00578	0.00578	0.00638	0.00454	0.00441	0.00651	0.00591	0.00848	0.01011	0.01551	0.00968	0.10844	0.77479	0.00574	0.00933	0.00411	0.00201	0.00321
3	0.00792	0.15897	0.67960	0.01038	0.04888	0.00963	0.01241	0.01163	0.00781	0.01127	0.00643	0.00758	0.00476	0.00346	0.00334	0.00111	0.00519	0.00264	0.00158	0.00538
4	0.41155	0.00706	0.00741	0.00600	0.00862	0.00727	0.00495	0.08528	0.00928	0.40364	0.00989	0.00934	0.00662	0.00407	0.00309	0.00115	0.00311	0.00292	0.00349	0.00528
5	0.00687	0.00643	0.01040	0.68552	0.02182	0.00799	0.00931	0.00906	0.00748	0.00975	0.05302	0.01217	0.05480	0.00451	0.00458	0.00127	0.08537	0.00374	0.00188	0.00403
6	0.00540	0.00360	0.00405	0.00405	0.00405	0.00360	0.00225	0.00540	0.00540	0.00720	0.01170	0.02429	0.01349	0.86955	0.01889	0.00360	0.00360	0.00540	0.00225	0.00225
7	0.00638	0.00327	0.00491	0.00491	0.00495	0.00331	0.00331	0.00495	0.00491	0.00658	0.00667	0.01149	0.00662	0.01383	0.06717	0.83648	0.00364	0.00327	0.00164	0.00172
8	0.01274	0.01795	0.15725	0.00974	0.01228	0.70683	0.00831	0.01429	0.01005	0.00955	0.00590	0.00689	0.00477	0.00377	0.00338	0.00099	0.00648	0.00245	0.00185	0.00451
9	0.00809	0.15776	0.00975	0.00565	0.00892	0.00665	0.00474	0.00966	0.00767	0.01151	0.00635	0.00739	0.00537	0.00282	0.00268	0.00059	0.00296	0.00216	0.00209	0.73718

[dist]
# distance from previous block
# <min> <max>
0	4

[block]
# block no. 8 follows, 74 sequences, length 10
# corresponding to MSA columns:
# 232-241
name=unknown_I
#
# <colnr> <probs for GDERKNQSTAVLIFYWHMCP>
#	G	D	E	R	K	N	Q	S	T	A	V	L	I	F	Y	W	H	M	C	P
0	0.00832	0.03167	0.03107	0.04337	0.08342	0.02726	0.09117	0.03975	0.12199	0.03769	0.10028	0.01571	0.02882	0.00513	0.00443	0.00115	0.06673	0.09530	0.00274	0.16400
1	0.00530	0.00398	0.00597	0.00597	0.00663	0.00464	0.00464	0.00663	0.00597	0.00862	0.00994	0.01458	0.00928	0.02784	0.85484	0.00597	0.00994	0.00398	0.00199	0.00331
2	0.00825	0.01027	0.17222	0.01222	0.17203	0.02893	0.15018	0.04063	0.10048	0.01248	0.09006	0.01302	0.06732	0.00475	0.00483	0.00123	0.09961	0.00410	0.00238	0.00501
3	0.00563	0.00366	0.00453	0.04477	0.00525	0.00373	0.00284	0.00549	0.00545	0.00725	0.01082	0.04808	0.01222	0.65244	0.01696	0.15784	0.00355	0.00508	0.00215	0.00225
4	0.00868	0.00866	0.03442	0.06155	0.65317	0.00841	0.07800	0.01097	0.00852	0.01207	0.05311	0.01089	0.02736	0.00369	0.00379	0.00113	0.00441	0.00367	0.00199	0.00552
5	0.01128	0.01305	0.01062	0.00933	0.01084	0.47013	0.04369	0.04830	0.04848	0.01005	0.00669	0.00846	0.00572	0.00712	0.10057	0.00169	0.18467	0.00296	0.00203	0.00433
6	0.00975	0.10598	0.08237	0.01306	0.30234	0.02968	0.05696	0.06514	0.02598	0.07249	0.00751	0.00870	0.00591	0.00339	0.00336	0.00097	0.00412	0.00296	0.00223	0.19709
7	0.00834	0.00814	0.01106	0.69840	0.02288	0.10324	0.00970	0.07489	0.00856	0.01053	0.00668	0.00946	0.00504	0.00378	0.00367	0.00120	0.00508	0.00320	0.00184	0.00432
8	0.00778	0.00627	0.00743	0.00545	0.00846	0.00481	0.00434	0.00943	0.00813	0.04552	0.10069	0.01013	0.00895	0.00336	0.00297	0.00064	0.00265	0.00277	0.00251	0.75772
9	0.02264	0.00813	0.03404	0.07514	0.23292	0.01884	0.02413	0.08757	0.16051	0.04539	0.05384	0.02939	0.02537	0.00498	0.02013	0.00124	0.06618	0.00379	0.00266	0.08310

[dist]
# distance from previous block
# <min> <max>
1	8

[block]
# block no. 9 follows, 74 sequences, length 120
# corresponding to MSA columns:
# 250-369
name=unknown_J
#
# <colnr> <probs for GDERKNQSTAVLIFYWHMCP>
#	G	D	E	R	K	N	Q	S	T	A	V	L	I	F	Y	W	H	M	C	P
0	0.03043	0.02073	0.03106	0.03879	0.07827	0.09710	0.03537	0.08015	0.09240	0.05818	0.12820	0.03961	0.01103	0.00464	0.00400	0.00105	0.04784	0.00378	0.00278	0.19459
1	0.07508	0.38539	0.15794	0.00855	0.02220	0.03115	0.11483	0.04017	0.03317	0.03462	0.03024	0.02544	0.00645	0.00375	0.00324	0.00102	0.01687	0.00294	0.00202	0.00492
2	0.26618	0.12048	0.02118	0.00719	0.01000	0.02470	0.00613	0.44127	0.01252	0.04647	0.00746	0.00778	0.00551	0.00398	0.00313	0.00108	0.00375	0.00278	0.00301	0.00541
3	0.00524	0.00361	0.00449	0.00487	0.00556	0.00324	0.00340	0.00603	0.00768	0.05430	0.04565	0.56266	0.21994	0.03058	0.00488	0.00145	0.00218	0.00914	0.00347	0.02163
4	0.00831	0.00796	0.01362	0.35559	0.50658	0.00860	0.02453	0.01064	0.00805	0.01107	0.00684	0.00948	0.00551	0.00346	0.00370	0.00116	0.00465	0.00332	0.00176	0.00517
5	0.00449	0.00376	0.00390	0.00387	0.00507	0.00318	0.00290	0.00552	0.00870	0.01059	0.13059	0.03480	0.75155	0.00919	0.00439	0.00124	0.00187	0.00770	0.00352	0.00318
6	0.00530	0.00398	0.00597	0.00597	0.00663	0.00464	0.00464	0.00663	0.00597	0.00862	0.00994	0.01458	0.00928	0.02784	0.85484	0.00597	0.00994	0.00398	0.00199	0.00331
7	0.00744	0.01920	0.85032	0.01058	0.01607	0.00862	0.01371	0.01176	0.00784	0.01176	0.00666	0.00784	0.00470	0.00353	0.00353	0.00118	0.00549	0.00274	0.00157	0.00549
8	0.01628	0.00654	0.00869	0.00668	0.00951	0.00583	0.00551	0.07435	0.01104	0.77528	0.01420	0.01240	0.00900	0.00458	0.00371	0.00114	0.00319	0.00370	0.02210	0.00626
9	0.00812	0.00812	0.01137	0.00975	0.00975	0.01137	0.00812	0.00893	0.00568	0.00893	0.00487	0.00812	0.00487	0.00650	0.01218	0.00162	0.86276	0.00325	0.00162	0.00406
10	0.00502	0.00378	0.00463	0.00442	0.00540	0.00340	0.00332	0.00655	0.00995	0.01356	0.62409	0.02991	0.25620	0.00808	0.00438	0.00119	0.00179	0.00702	0.00391	0.00340
11	0.89577	0.00718	0.00546	0.00488	0.00718	0.00833	0.00402	0.01091	0.00632	0.01665	0.00517	0.00603	0.00402	0.00345	0.00230	0.00115	0.00287	0.00201	0.00230	0.00402
12	0.00439	0.00376	0.00376	0.00376	0.00501	0.00313	0.00282	0.00533	0.00846	0.01003	0.03760	0.03572	0.84489	0.00940	0.00439	0.00125	0.00188	0.00783	0.00345	0.00313
13	0.06098	0.01115	0.01177	0.00927	0.01228	0.01205	0.00747	0.77491	0.01759	0.02413	0.01008	0.01068	0.00751	0.00532	0.00425	0.00137	0.00449	0.00373	0.00409	0.00688
14	0.01158	0.00914	0.00971	0.00803	0.01055	0.01033	0.00644	0.41141	0.44418	0.01931	0.01213	0.01147	0.00892	0.00476	0.00375	0.00119	0.00349	0.00379	0.00375	0.00609
15	0.00813	0.00678	0.00779	0.00570	0.00881	0.00549	0.00457	0.09250	0.00880	0.01322	0.03167	0.00964	0.04420	0.00336	0.00297	0.00066	0.00282	0.00269	0.00246	0.73775
16	0.00782	0.09413	0.73164	0.01068	0.04867	0.02103	0.01288	0.01173	0.00787	0.01147	0.00653	0.00771	0.00476	0.00349	0.00343	0.00114	0.00533	0.00269	0.00158	0.00542
17	0.05359	0.00682	0.02493	0.00558	0.00880	0.00517	0.00457	0.00952	0.00766	0.02414	0.00692	0.02506	0.00584	0.00301	0.00280	0.00062	0.00281	0.00239	0.00225	0.79754
18	0.00853	0.00936	0.10207	0.17228	0.53837	0.00862	0.01093	0.01154	0.06234	0.01188	0.02402	0.00984	0.00652	0.00360	0.00369	0.00115	0.00447	0.00337	0.00195	0.00547
19	0.00490	0.00378	0.00447	0.00430	0.00533	0.00335	0.00322	0.00631	0.00967	0.01289	0.51250	0.03102	0.36821	0.00833	0.00438	0.00120	0.00180	0.00717	0.00382	0.00335
20	0.61972	0.00702	0.00643	0.00548	0.00791	0.00767	0.00450	0.01327	0.06138	0.22355	0.00817	0.00818	0.00578	0.00383	0.00275	0.00116	0.00295	0.00258	0.00296	0.00471
21	0.01174	0.00929	0.00977	0.00805	0.01056	0.02410	0.00646	0.44177	0.38236	0.01938	0.01185	0.02884	0.00889	0.00485	0.00376	0.00118	0.00358	0.00386	0.00371	0.00602
22	0.00531	0.00393	0.00575	0.00575	0.00634	0.00452	0.00437	0.00649	0.00590	0.00846	0.01014	0.01568	0.00976	0.12338	0.75996	0.00570	0.00922	0.00414	0.00202	0.00319
23	0.00940	0.09035	0.03498	0.06097	0.63254	0.06411	0.01049	0.02081	0.00852	0.01157	0.00691	0.02024	0.00588	0.00348	0.00355	0.00108	0.00453	0.00321	0.00185	0.00554
24	0.00945	0.05647	0.55272	0.01020	0.01451	0.25495	0.02774	0.01262	0.00862	0.01085	0.00634	0.00746	0.00475	0.00359	0.00344	0.00110	0.00578	0.00264	0.00167	0.00510
25	0.00540	0.00360	0.00405	0.00405	0.00405	0.00360	0.00225	0.00540	0.00540	0.00720	0.01170	0.02429	0.01349	0.86955	0.01889	0.00360	0.00360	0.00540	0.00225	0.00225
26	0.00919	0.00810	0.02862	0.00751	0.00968	0.00897	0.00599	0.03095	0.76368	0.02653	0.01549	0.01454	0.03451	0.00517	0.00380	0.00126	0.00299	0.01352	0.00372	0.00577
27	0.00917	0.05001	0.17269	0.07526	0.19111	0.02935	0.24691	0.01236	0.05763	0.06711	0.00782	0.00947	0.00594	0.00367	0.00419	0.00119	0.04526	0.00351	0.00206	0.00528
28	0.01309	0.07451	0.01153	0.01059	0.09161	0.70596	0.00751	0.01430	0.02042	0.00943	0.00593	0.00697	0.00497	0.00375	0.00332	0.00096	0.00624	0.00247	0.00191	0.00451
29	0.00516	0.00400	0.00473	0.00455	0.00559	0.00369	0.00340	0.00709	0.05722	0.01307	0.49154	0.06154	0.30834	0.00821	0.00436	0.00121	0.00188	0.00710	0.00383	0.00349
30	0.00452	0.00323	0.00431	0.00517	0.00538	0.00301	0.00345	0.00517	0.00711	0.00948	0.02046	0.86713	0.02455	0.01163	0.00474	0.00151	0.00215	0.01055	0.00345	0.00301
31	0.00770	0.00660	0.00770	0.00550	0.00880	0.00495	0.00440	0.00935	0.00770	0.01210	0.00660	0.00770	0.00550	0.00275	0.00275	0.00055	0.00275	0.00220	0.00220	0.89224
32	0.00680	0.00625	0.00995	0.44305	0.17308	0.00705	0.00850	0.00878	0.00787	0.01030	0.04461	0.05867	0.14666	0.00535	0.00416	0.00125	0.02734	0.02392	0.00221	0.00419
33	0.00440	0.00376	0.00378	0.00377	0.00502	0.00314	0.00283	0.00535	0.00849	0.01010	0.05042	0.03560	0.83202	0.00937	0.00439	0.00125	0.00188	0.00782	0.00346	0.00314
34	0.00837	0.00785	0.01241	0.11836	0.37502	0.00893	0.02700	0.01925	0.00773	0.02821	0.03206	0.01140	0.06440	0.00487	0.00626	0.00129	0.25600	0.00373	0.00201	0.00487
35	0.00885	0.36118	0.13546	0.03529	0.21269	0.01069	0.00859	0.01078	0.00762	0.02973	0.00663	0.00837	0.00567	0.00632	0.10323	0.00158	0.03781	0.00277	0.00177	0.00496
36	0.00467	0.00334	0.00441	0.00522	0.00548	0.00314	0.00350	0.01754	0.00726	0.00968	0.02029	0.85432	0.02428	0.01152	0.00472	0.00150	0.00218	0.01044	0.00345	0.00306
37	0.89577	0.00718	0.00546	0.00488	0.00718	0.00833	0.00402	0.01091	0.00632	0.01665	0.00517	0.00603	0.00402	0.00345	0.00230	0.00115	0.00287	0.00201	0.00230	0.00402
38	0.00530	0.00398	0.00597	0.00597	0.00663	0.00464	0.00464	0.00663	0.00597	0.00862	0.00994	0.01458	0.00928	0.02784	0.85484	0.00597	0.00994	0.00398	0.00199	0.00331
39	0.01283	0.24290	0.01287	0.00872	0.01096	0.63317	0.00696	0.01384	0.00973	0.00899	0.00559	0.00650	0.00478	0.00365	0.00309	0.00091	0.00598	0.00228	0.00183	0.00442
40	0.01153	0.00648	0.00763	0.00648	0.00863	0.00665	0.00514	0.01681	0.35714	0.33727	0.07571	0.01440	0.01203	0.00497	0.00366	0.00116	0.00279	0.00411	0.11185	0.00558
41	0.00451	0.00376	0.00394	0.00391	0.00509	0.00318	0.00293	0.00556	0.00873	0.01071	0.15162	0.04594	0.71901	0.00917	0.00439	0.00124	0.00187	0.00771	0.00354	0.00318
42	0.00876	0.01001	0.02190	0.01564	0.01940	0.00939	0.83292	0.01189	0.00876	0.01189	0.00751	0.01001	0.00563	0.00313	0.00438	0.00125	0.00626	0.00438	0.00188	0.00501
43	0.00452	0.00325	0.00429	0.00513	0.00537	0.00302	0.00343	0.00517	0.00714	0.00949	0.02094	0.84386	0.04750	0.01157	0.00473	0.00150	0.00215	0.01048	0.00345	0.00302
44	0.00598	0.00427	0.00598	0.00684	0.00769	0.00427	0.00598	0.00769	0.00854	0.01111	0.01965	0.04187	0.02136	0.01025	0.00513	0.00171	0.00342	0.82141	0.00342	0.00342
45	0.01634	0.00682	0.00892	0.00684	0.00972	0.00620	0.00565	0.11780	0.01146	0.74808	0.01394	0.01218	0.00884	0.00458	0.00373	0.00114	0.00327	0.00368	0.00449	0.00632
46	0.00460	0.00377	0.00406	0.00399	0.00515	0.00323	0.00299	0.00574	0.00897	0.01123	0.23799	0.03374	0.64375	0.00895	0.00438	0.00123	0.00185	0.00756	0.00361	0.00323
47	0.00598	0.00427	0.00598	0.00684	0.00769	0.00427	0.00598	0.00769	0.00854	0.01111	0.01965	0.04187	0.02136	0.01025	0.00513	0.00171	0.00342	0.82141	0.00342	0.00342
48	0.00744	0.01920	0.85032	0.01058	0.01607	0.00862	0.01371	0.01176	0.00784	0.01176	0.00666	0.00784	0.00470	0.00353	0.00353	0.00118	0.00549	0.00274	0.00157	0.00549
49	0.00812	0.00812	0.01137	0.00975	0.00975	0.01137	0.00812	0.00893	0.00568	0.00893	0.00487	0.00812	0.00487	0.00650	0.01218	0.00162	0.86276	0.00325	0.00162	0.00406
50	0.01665	0.00632	0.00861	0.00660	0.00948	0.00546	0.00546	0.01809	0.01062	0.84897	0.01464	0.01263	0.00919	0.00459	0.00373	0.00115	0.00316	0.00373	0.00459	0.00632
51	0.00530	0.00398	0.00597	0.00597	0.00663	0.00464	0.00464	0.00663	0.00597	0.00862	0.00994	0.01458	0.00928	0.02784	0.85484	0.00597	0.00994	0.00398	0.00199	0.00331
52	0.00530	0.00398	0.00597	0.00597	0.00663	0.00464	0.00464	0.00663	0.00597	0.00862	0.00994	0.01458	0.00928	0.02784	0.85484	0.00597	0.00994	0.00398	0.00199	0.00331
53	0.05870	0.00636	0.00846	0.00652	0.00937	0.00559	0.00539	0.01775	0.01042	0.80916	0.01419	0.01232	0.00894	0.00454	0.00366	0.00115	0.00314	0.00365	0.00448	0.00621
54	0.01411	0.01040	0.01114	0.00854	0.01151	0.01151	0.00706	0.83402	0.01745	0.02339	0.00891	0.00891	0.00631	0.00446	0.00371	0.00111	0.00408	0.00334	0.00371	0.00631
55	0.00540	0.00360	0.00405	0.00405	0.00405	0.00360	0.00225	0.00540	0.00540	0.00720	0.01170	0.02429	0.01349	0.86955	0.01889	0.00360	0.00360	0.00540	0.00225	0.00225
56	0.89577	0.00718	0.00546	0.00488	0.00718	0.00833	0.00402	0.01091	0.00632	0.01665	0.00517	0.00603	0.00402	0.00345	0.00230	0.00115	0.00287	0.00201	0.00230	0.00402
57	0.00530	0.00398	0.00597	0.00597	0.00663	0.00464	0.00464	0.00663	0.00597	0.00862	0.00994	0.01458	0.00928	0.02784	0.85484	0.00597	0.00994	0.00398	0.00199	0.00331
58	0.00876	0.01001	0.02190	0.01564	0.01940	0.00939	0.83292	0.01189	0.00876	0.01189	0.00751	0.01001	0.00563	0.00313	0.00438	0.00125	0.00626	0.00438	0.00188	0.00501
59	0.00507	0.00379	0.00471	0.00448	0.00543	0.00342	0.00336	0.00665	0.01008	0.01386	0.67433	0.02941	0.20577	0.00797	0.00438	0.00119	0.00178	0.00695	0.00395	0.00342
60	0.00936	0.00804	0.00847	0.00758	0.00970	0.00929	0.00591	0.04185	0.81735	0.01574	0.01494	0.01371	0.01119	0.00502	0.00378	0.00126	0.00297	0.00417	0.00378	0.00589
61	0.01398	0.01441	0.01080	0.00910	0.01149	0.47564	0.00712	0.38307	0.01364	0.01552	0.00716	0.00769	0.00547	0.00411	0.00351	0.00103	0.00552	0.00282	0.00272	0.00521
62	0.00540	0.00360	0.00405	0.00405	0.00405	0.00360	0.00225	0.00540	0.00540	0.00720	0.01170	0.02429	0.01349	0.86955	0.01889	0.00360	0.00360	0.00540	0.00225	0.00225
63	0.00538	0.00366	0.00433	0.00433	0.00443	0.00375	0.00261	0.00558	0.00548	0.00741	0.01143	0.02284	0.01287	0.74391	0.14368	0.00395	0.00455	0.00519	0.00221	0.00241
64	0.01653	0.00651	0.00873	0.00670	0.00957	0.00575	0.00553	0.05711	0.01095	0.80948	0.01437	0.01246	0.00905	0.00459	0.00373	0.00115	0.00320	0.00371	0.00455	0.00632
65	0.00868	0.00472	0.00571	0.00495	0.00669	0.00410	0.00388	0.02187	0.00969	0.28043	0.19160	0.02600	0.39218	0.00735	0.00415	0.00119	0.00231	0.00616	0.00393	0.01442
66	0.01411	0.01040	0.01114	0.00854	0.01151	0.01151	0.00706	0.83402	0.01745	0.02339	0.00891	0.00891	0.00631	0.00446	0.00371	0.00111	0.00408	0.00334	0.00371	0.00631
67	0.01411	0.01040	0.01114	0.00854	0.01151	0.01151	0.00706	0.83402	0.01745	0.02339	0.00891	0.00891	0.00631	0.00446	0.00371	0.00111	0.00408	0.00334	0.00371	0.00631
68	0.00701	0.00660	0.01113	0.86063	0.02556	0.00825	0.01031	0.00948	0.00742	0.00948	0.00660	0.00990	0.00495	0.00371	0.00371	0.00124	0.00495	0.00330	0.00165	0.00412
69	0.00536	0.00382	0.00516	0.00516	0.00556	0.00420	0.00365	0.00616	0.00576	0.00812	0.01068	0.01848	0.01098	0.36598	0.50689	0.00494	0.00728	0.00454	0.01440	0.00289
70	0.89577	0.00718	0.00546	0.00488	0.00718	0.00833	0.00402	0.01091	0.00632	0.01665	0.00517	0.00603	0.00402	0.00345	0.00230	0.00115	0.00287	0.00201	0.00230	0.00402
71	0.00994	0.00845	0.00879	0.00764	0.00991	0.02683	0.00600	0.13170	0.67365	0.01634	0.01370	0.01276	0.01025	0.00483	0.00372	0.00120	0.00317	0.00396	0.00366	0.04350
72	0.00788	0.00659	0.00772	0.00552	0.00881	0.00496	0.00442	0.00953	0.00776	0.02939	0.00676	0.00780	0.00557	0.00279	0.00277	0.00056	0.00276	0.00223	0.00225	0.87394
73	0.00774	0.11975	0.75233	0.01008	0.01529	0.00934	0.01285	0.01168	0.00780	0.01140	0.00648	0.00761	0.00471	0.00349	0.00339	0.00113	0.00531	0.00265	0.00157	0.00540
74	0.00900	0.54357	0.32197	0.00808	0.01211	0.01237	0.02615	0.01136	0.00767	0.00990	0.00576	0.00672	0.00476	0.00330	0.00284	0.00094	0.00457	0.00231	0.00159	0.00503
75	0.00452	0.00323	0.00431	0.00517	0.00538	0.00301	0.00345	0.00517	0.00711	0.00948	0.02046	0.86713	0.02455	0.01163	0.00474	0.00151	0.00215	0.01055	0.00345	0.00301
76	0.00910	0.00870	0.01482	0.02235	0.82361	0.00870	0.01124	0.01129	0.00845	0.01210	0.00733	0.01007	0.00630	0.00350	0.00371	0.00112	0.00438	0.02553	0.00188	0.00581
77	0.00751	0.01662	0.67296	0.06671	0.07357	0.00844	0.02441	0.01135	0.00779	0.01159	0.00688	0.00840	0.00504	0.00407	0.02087	0.00127	0.01786	0.00289	0.02647	0.00530
78	0.00452	0.00323	0.00431	0.00517	0.00538	0.00301	0.00345	0.00517	0.00711	0.00948	0.02046	0.86713	0.02455	0.01163	0.00474	0.00151	0.00215	0.01055	0.00345	0.00301
79	0.00449	0.00376	0.00391	0.00387	0.00508	0.00318	0.00290	0.00553	0.00871	0.01063	0.13734	0.03473	0.74478	0.00918	0.00439	0.00124	0.00186	0.00770	0.00353	0.00318
80	0.00992	0.87178	0.01945	0.00635	0.00953	0.01469	0.00635	0.01111	0.00754	0.00873	0.00516	0.00595	0.00476	0.00318	0.00238	0.00079	0.00397	0.00198	0.00159	0.00476
81	0.00925	0.00864	0.09078	0.00760	0.00996	0.00851	0.00647	0.01770	0.62536	0.07267	0.07721	0.01415	0.01224	0.00507	0.00392	0.00124	0.01576	0.00420	0.00361	0.00566
82	0.01571	0.00604	0.00811	0.00630	0.00897	0.00526	0.00518	0.01717	0.01035	0.76782	0.01440	0.01275	0.00922	0.00457	0.00362	0.00112	0.00302	0.00371	0.09064	0.00604
83	0.00812	0.00812	0.01137	0.00975	0.00975	0.01137	0.00812	0.00893	0.00568	0.00893	0.00487	0.00812	0.00487	0.00650	0.01218	0.00162	0.86276	0.00325	0.00162	0.00406
84	0.58959	0.00832	0.04548	0.06428	0.06827	0.00889	0.00589	0.14589	0.00844	0.01674	0.00607	0.00706	0.00462	0.00362	0.00278	0.00115	0.00343	0.00244	0.00242	0.00460
85	0.00577	0.00435	0.00629	0.00778	0.08836	0.00430	0.00559	0.00715	0.00795	0.01056	0.01835	0.32047	0.02052	0.01067	0.03490	0.00173	0.00331	0.43521	0.00322	0.00352
86	0.85606	0.00765	0.00568	0.00509	0.00737	0.04644	0.00416	0.01109	0.00651	0.01631	0.00519	0.00606	0.00405	0.00346	0.00234	0.00114	0.00304	0.00203	0.00228	0.00403
87	0.00443	0.00372	0.00386	0.00396	0.00510	0.00314	0.00295	0.00536	0.00833	0.00999	0.03551	0.11949	0.74572	0.00964	0.00444	0.00129	0.00194	0.02456	0.00345	0.00313
88	0.00670	0.00584	0.00880	0.22637	0.05567	0.00637	0.06544	0.02122	0.12198	0.01159	0.12783	0.24062	0.03558	0.00680	0.00437	0.00131	0.02359	0.02290	0.00288	0.00413
