[name]
unknown

[dist]
# distance from previous block
# <min> <max>
1	55

[block]
# block no. 0 follows, 60 sequences, length 10
# corresponding to MSA columns:
# 308-317
name=unknown_A
#
# <colnr> <probs for GDERKNQSTAVLIFYWHMCP>
#	G	D	E	R	K	N	Q	S	T	A	V	L	I	F	Y	W	H	M	C	P
0	0.00978	0.00783	0.00920	0.00815	0.06185	0.03283	0.00592	0.08374	0.05708	0.05225	0.25238	0.01699	0.01756	0.00545	0.00412	0.00106	0.00333	0.00460	0.00360	0.36227
1	0.07553	0.06984	0.04788	0.09668	0.03314	0.04025	0.07587	0.08183	0.06059	0.03803	0.06056	0.11941	0.04328	0.00598	0.00423	0.00129	0.00431	0.00512	0.00311	0.13307
2	0.04876	0.11213	0.08195	0.05016	0.01250	0.06664	0.00774	0.21695	0.12013	0.01747	0.07998	0.06441	0.04643	0.00587	0.00418	0.00130	0.00438	0.00467	0.00343	0.05092
3	0.00588	0.00485	0.00638	0.00586	0.00725	0.00431	0.05529	0.00748	0.01074	0.01402	0.33160	0.10440	0.40588	0.00999	0.00519	0.00146	0.00251	0.00872	0.00421	0.00398
4	0.00989	0.00550	0.00709	0.00635	0.00804	0.00512	0.00489	0.01226	0.06208	0.23214	0.37125	0.11428	0.09008	0.00947	0.03985	0.00166	0.00306	0.00721	0.00469	0.00507
5	0.03412	0.04469	0.04782	0.12067	0.11719	0.03258	0.13927	0.01260	0.10700	0.01379	0.09818	0.10223	0.04796	0.02439	0.00537	0.00150	0.03671	0.00564	0.00297	0.00532
6	0.09315	0.01150	0.05484	0.11633	0.03736	0.16090	0.05197	0.10876	0.03161	0.12017	0.01067	0.07668	0.00880	0.00612	0.02209	0.00151	0.05724	0.00436	0.02032	0.00563
7	0.00532	0.00434	0.00470	0.00480	0.00604	0.00372	0.00353	0.00650	0.01005	0.01248	0.14775	0.15476	0.59860	0.01112	0.00521	0.00150	0.00223	0.00948	0.00415	0.00372
8	0.06481	0.00755	0.00923	0.00753	0.01024	0.00729	0.00606	0.13895	0.04737	0.43073	0.09416	0.09773	0.04551	0.00668	0.00451	0.00140	0.00352	0.00553	0.00480	0.00640
9	0.03994	0.05806	0.02525	0.13687	0.09544	0.05064	0.02717	0.25648	0.01259	0.03047	0.01161	0.05538	0.03203	0.04145	0.00581	0.02549	0.03142	0.05510	0.00313	0.00566

[dist]
# distance from previous block
# <min> <max>
0	1

[block]
# block no. 1 follows, 60 sequences, length 19
# corresponding to MSA columns:
# 319-337
name=unknown_B
#
# <colnr> <probs for GDERKNQSTAVLIFYWHMCP>
#	G	D	E	R	K	N	Q	S	T	A	V	L	I	F	Y	W	H	M	C	P
0	0.00892	0.02086	0.00963	0.00890	0.03637	0.10091	0.04833	0.07918	0.00928	0.01232	0.01200	0.11295	0.01173	0.07953	0.33642	0.00387	0.06074	0.00532	0.03827	0.00449
1	0.00619	0.00453	0.00595	0.02797	0.00759	0.00441	0.00467	0.04833	0.00904	0.01213	0.02198	0.69856	0.02574	0.01317	0.03031	0.00187	0.00309	0.03926	0.00391	0.03131
2	0.02521	0.21587	0.06791	0.00889	0.01227	0.15673	0.00783	0.21952	0.03326	0.04662	0.00902	0.02677	0.00723	0.00460	0.00371	0.00111	0.00499	0.00333	0.03178	0.11335
3	0.00783	0.00620	0.00736	0.00665	0.00855	0.00596	0.02896	0.01174	0.18851	0.04701	0.12015	0.08957	0.28030	0.03013	0.00528	0.00150	0.00297	0.05336	0.00404	0.09392
4	0.04721	0.07914	0.01477	0.17089	0.21645	0.06916	0.08389	0.02595	0.05383	0.03405	0.06013	0.01196	0.00896	0.00446	0.00424	0.00126	0.01418	0.00393	0.00258	0.09297
5	0.01131	0.76450	0.02210	0.00789	0.01151	0.01627	0.04591	0.01285	0.00911	0.01082	0.04865	0.00857	0.00751	0.00400	0.00304	0.00098	0.00466	0.00276	0.00204	0.00553
6	0.00743	0.00545	0.00744	0.08093	0.00974	0.00592	0.00569	0.06063	0.03941	0.03355	0.11188	0.16904	0.05198	0.03625	0.32152	0.03252	0.00655	0.00654	0.00326	0.00427
7	0.00669	0.00525	0.00588	0.00638	0.00707	0.06027	0.00449	0.00773	0.00931	0.03873	0.11549	0.57135	0.07757	0.01267	0.03379	0.00183	0.00320	0.02445	0.00400	0.00387
8	0.01322	0.01246	0.01209	0.05423	0.05559	0.19551	0.01942	0.25236	0.19917	0.01795	0.03837	0.02678	0.02265	0.00559	0.00494	0.00136	0.05434	0.00428	0.00349	0.00619
9	0.00618	0.00417	0.00479	0.00494	0.00517	0.00407	0.00299	0.00655	0.00726	0.00982	0.04764	0.16066	0.07103	0.58527	0.01683	0.00339	0.00363	0.00746	0.04516	0.00298
10	0.10199	0.00920	0.01324	0.12031	0.03819	0.00953	0.15674	0.16750	0.05944	0.17304	0.01448	0.01496	0.09115	0.00534	0.00443	0.00140	0.00472	0.00468	0.00358	0.00608
11	0.00971	0.01010	0.06445	0.07871	0.07358	0.00930	0.33686	0.10475	0.02169	0.01521	0.05307	0.11360	0.04922	0.00583	0.00485	0.00145	0.00542	0.00586	0.03078	0.00557
12	0.00700	0.00538	0.00633	0.00606	0.00736	0.00530	0.00453	0.05630	0.10810	0.01594	0.38259	0.17308	0.18612	0.00959	0.00509	0.00147	0.00250	0.00834	0.00445	0.00446
13	0.01482	0.06390	0.01219	0.00960	0.01216	0.33415	0.00752	0.33674	0.01474	0.01748	0.00921	0.01131	0.00760	0.09144	0.00589	0.00150	0.00584	0.00365	0.03448	0.00577
14	0.09926	0.00997	0.03951	0.27683	0.44514	0.03015	0.01206	0.01274	0.00933	0.01372	0.00780	0.01055	0.00627	0.00407	0.00415	0.00135	0.00530	0.00368	0.00214	0.00598
15	0.01225	0.04731	0.08346	0.05709	0.14335	0.19260	0.04084	0.04323	0.01069	0.12660	0.01134	0.08160	0.02374	0.03778	0.02258	0.00152	0.00550	0.00449	0.00290	0.05112
16	0.03101	0.00642	0.00864	0.00749	0.00929	0.00639	0.08691	0.01243	0.17252	0.07074	0.25998	0.09830	0.11574	0.04854	0.00566	0.00157	0.00320	0.00694	0.04332	0.00493
17	0.00918	0.00740	0.00948	0.12145	0.01188	0.04621	0.00704	0.07344	0.00877	0.05627	0.01059	0.02890	0.00976	0.13987	0.26769	0.00366	0.15977	0.00461	0.01952	0.00453
18	0.01175	0.07998	0.04768	0.05698	0.21441	0.12592	0.12219	0.03882	0.07817	0.06316	0.00931	0.01114	0.00739	0.00605	0.04825	0.00164	0.06464	0.00392	0.00258	0.00601

[dist]
# distance from previous block
# <min> <max>
3	10

[block]
# block no. 2 follows, 60 sequences, length 8
# corresponding to MSA columns:
# 348-355
name=unknown_C
#
# <colnr> <probs for GDERKNQSTAVLIFYWHMCP>
#	G	D	E	R	K	N	Q	S	T	A	V	L	I	F	Y	W	H	M	C	P
0	0.01099	0.56541	0.08783	0.06248	0.01317	0.04370	0.03297	0.03096	0.00920	0.01122	0.02408	0.00939	0.00692	0.04395	0.00450	0.00123	0.03150	0.00300	0.00205	0.00545
1	0.01044	0.14797	0.13590	0.03076	0.05669	0.06902	0.03324	0.05733	0.07641	0.02628	0.03530	0.03584	0.02308	0.00563	0.02988	0.00133	0.02456	0.00380	0.00269	0.19384
2	0.03401	0.10006	0.09003	0.06645	0.12529	0.15012	0.08697	0.01524	0.12743	0.06278	0.03524	0.04280	0.03455	0.00513	0.00424	0.00132	0.00529	0.00434	0.00285	0.00584
3	0.02749	0.00496	0.00671	0.04260	0.04533	0.00516	0.00519	0.00799	0.02693	0.01181	0.08951	0.23540	0.11634	0.08420	0.24940	0.00339	0.00562	0.02469	0.00330	0.00397
4	0.00731	0.00392	0.00571	0.00571	0.00579	0.00400	0.00383	0.00596	0.00588	0.00792	0.00865	0.01530	0.00880	0.10718	0.09677	0.69434	0.00460	0.00415	0.00202	0.00217
5	0.01007	0.04763	0.02304	0.00976	0.11602	0.03354	0.02454	0.12250	0.05075	0.07340	0.19351	0.05166	0.14246	0.00713	0.00459	0.00136	0.00362	0.02575	0.05327	0.00540
6	0.04214	0.06964	0.03882	0.08787	0.05261	0.10019	0.08129	0.16859	0.01187	0.11825	0.01040	0.04307	0.00826	0.00687	0.05229	0.01709	0.03673	0.00415	0.04412	0.00580
7	0.00949	0.00827	0.01358	0.21178	0.41453	0.00871	0.01074	0.01175	0.00926	0.04726	0.01103	0.05037	0.03019	0.05560	0.06972	0.00199	0.00550	0.02209	0.00246	0.00567

[dist]
# distance from previous block
# <min> <max>
0	3

[block]
# block no. 3 follows, 60 sequences, length 11
# corresponding to MSA columns:
# 359-369
name=unknown_D
#
# <colnr> <probs for GDERKNQSTAVLIFYWHMCP>
#	G	D	E	R	K	N	Q	S	T	A	V	L	I	F	Y	W	H	M	C	P
0	0.00677	0.00485	0.00612	0.00655	0.00763	0.00464	0.00523	0.00868	0.04186	0.03877	0.09233	0.17609	0.20685	0.04761	0.00626	0.00185	0.00317	0.32664	0.00410	0.00403
1	0.51567	0.02455	0.04672	0.02414	0.13265	0.02594	0.04157	0.01243	0.00814	0.01664	0.00781	0.05396	0.00688	0.02849	0.00434	0.00146	0.03746	0.00350	0.00256	0.00509
2	0.00669	0.00521	0.00667	0.00683	0.02449	0.03058	0.03905	0.00797	0.00961	0.03957	0.15397	0.39737	0.17208	0.02771	0.03236	0.00180	0.00319	0.00948	0.02137	0.00402
3	0.00860	0.04755	0.03132	0.02496	0.11006	0.02210	0.06202	0.04095	0.03443	0.01140	0.03403	0.05130	0.11054	0.03119	0.01004	0.34199	0.01590	0.00504	0.00259	0.00400
4	0.01018	0.12760	0.09441	0.07673	0.10124	0.06331	0.05562	0.05333	0.00997	0.04805	0.03683	0.04021	0.05255	0.00822	0.09087	0.00189	0.04192	0.01784	0.00265	0.06658
5	0.03370	0.16498	0.10660	0.01006	0.04638	0.11774	0.03975	0.11591	0.09988	0.04135	0.06714	0.01360	0.04501	0.00531	0.00441	0.00127	0.03299	0.01740	0.00304	0.03347
6	0.09958	0.06099	0.14715	0.02375	0.01254	0.03600	0.02099	0.08992	0.03079	0.14616	0.02700	0.02716	0.00832	0.00602	0.04003	0.00148	0.05311	0.00367	0.00310	0.16221
7	0.11214	0.08373	0.06720	0.04195	0.10019	0.09344	0.04966	0.08695	0.06831	0.04985	0.02813	0.03751	0.11187	0.01817	0.03125	0.00155	0.00489	0.00462	0.00304	0.00555
8	0.00968	0.06115	0.08106	0.00860	0.03637	0.02047	0.02994	0.04422	0.06863	0.09686	0.10175	0.08200	0.03906	0.09655	0.07371	0.00213	0.06093	0.01641	0.00331	0.06716
9	0.03199	0.06949	0.14980	0.04752	0.07554	0.10090	0.04561	0.04374	0.05090	0.03422	0.10574	0.05256	0.04730	0.00579	0.00430	0.00130	0.00476	0.03598	0.00297	0.08959
10	0.04957	0.13004	0.15542	0.04772	0.08749	0.06267	0.00896	0.08091	0.12606	0.01487	0.03920	0.05063	0.03761	0.03302	0.00464	0.00137	0.00469	0.00428	0.00288	0.05799

[dist]
# distance from previous block
# <min> <max>
16	117

[block]
# block no. 4 follows, 60 sequences, length 23
# corresponding to MSA columns:
# 504-526
name=unknown_E
#
# <colnr> <probs for GDERKNQSTAVLIFYWHMCP>
#	G	D	E	R	K	N	Q	S	T	A	V	L	I	F	Y	W	H	M	C	P
0	0.01842	0.07555	0.03190	0.00815	0.04680	0.00798	0.00633	0.07300	0.09856	0.04673	0.02110	0.05461	0.01008	0.04046	0.13360	0.00210	0.00497	0.00413	0.02298	0.29257
1	0.10829	0.06990	0.12260	0.06213	0.25540	0.05508	0.05851	0.12997	0.01130	0.05170	0.02959	0.01056	0.00738	0.00437	0.00407	0.00130	0.00522	0.00367	0.00269	0.00626
2	0.02316	0.12341	0.06677	0.03676	0.05023	0.18408	0.04344	0.06833	0.09340	0.02848	0.03103	0.12899	0.03449	0.00683	0.02302	0.00147	0.03061	0.00502	0.01507	0.00541
3	0.01569	0.00764	0.00973	0.00773	0.01074	0.00699	0.00627	0.12928	0.01257	0.48240	0.01581	0.10155	0.01205	0.00670	0.02113	0.00143	0.00385	0.02656	0.00465	0.11722
4	0.00885	0.00810	0.01334	0.18478	0.40075	0.00853	0.02301	0.01134	0.03161	0.01274	0.01163	0.16349	0.01132	0.02481	0.06484	0.00190	0.00527	0.00559	0.00255	0.00556
5	0.01039	0.06655	0.08267	0.05642	0.14727	0.04557	0.07491	0.09804	0.07553	0.03337	0.02430	0.06473	0.02123	0.07747	0.04382	0.00184	0.02389	0.00473	0.00285	0.04442
6	0.00877	0.00924	0.09152	0.01030	0.02722	0.00795	0.20317	0.01343	0.17958	0.04193	0.09524	0.04147	0.19118	0.00745	0.02750	0.00160	0.00451	0.00615	0.02637	0.00541
7	0.00645	0.00455	0.00593	0.00589	0.00652	0.00479	0.00422	0.00790	0.02674	0.01172	0.17360	0.05146	0.01934	0.26977	0.31349	0.00431	0.00633	0.02039	0.05296	0.00363
8	0.06477	0.00678	0.00932	0.04635	0.14811	0.00681	0.02587	0.08520	0.01062	0.06886	0.08969	0.27931	0.09900	0.00864	0.00485	0.00151	0.00356	0.03204	0.00369	0.00501
9	0.02248	0.00790	0.02263	0.11620	0.22999	0.00785	0.05679	0.04999	0.03154	0.09520	0.08222	0.14424	0.05410	0.02991	0.00520	0.00153	0.00430	0.02909	0.00330	0.00551
10	0.05161	0.00460	0.00504	0.00503	0.00608	0.00431	0.00356	0.00734	0.00889	0.03324	0.08152	0.12425	0.36718	0.19387	0.05200	0.00237	0.00327	0.00795	0.03424	0.00365
11	0.00706	0.00571	0.00811	0.04660	0.00915	0.00690	0.00614	0.02042	0.00734	0.01044	0.01207	0.01878	0.03457	0.13069	0.48146	0.00509	0.15121	0.03184	0.00242	0.00398
12	0.03175	0.02180	0.07881	0.20513	0.22444	0.03792	0.06363	0.05124	0.06780	0.08299	0.03914	0.01286	0.02706	0.00483	0.00468	0.00139	0.03154	0.00420	0.00277	0.00602
13	0.00921	0.03757	0.05148	0.00766	0.00966	0.03483	0.07604	0.05802	0.08217	0.05008	0.05078	0.13942	0.06823	0.02203	0.00479	0.01079	0.00362	0.04054	0.23820	0.00488
14	0.00619	0.00419	0.00539	0.00577	0.00611	0.00416	0.00382	0.00687	0.00768	0.03012	0.04565	0.38258	0.02153	0.31178	0.13474	0.00340	0.00452	0.00874	0.00335	0.00339
15	0.04222	0.04187	0.06010	0.01310	0.10636	0.14046	0.17927	0.07438	0.03337	0.11314	0.01025	0.01209	0.01955	0.02615	0.05919	0.01603	0.03970	0.00412	0.00284	0.00584
16	0.08535	0.08171	0.01074	0.04920	0.06419	0.00806	0.02082	0.04848	0.04251	0.04375	0.03372	0.01299	0.07024	0.00455	0.00365	0.00102	0.00365	0.00367	0.03289	0.37883
17	0.00611	0.00445	0.00585	0.00591	0.00652	0.00467	0.00423	0.00715	0.00768	0.01049	0.07742	0.07528	0.10327	0.26912	0.36975	0.00473	0.00699	0.02393	0.00294	0.00350
18	0.00675	0.00463	0.00587	0.00582	0.00682	0.00469	0.00437	0.00853	0.03105	0.03570	0.16186	0.09408	0.14614	0.06574	0.26830	0.00335	0.00543	0.01946	0.11741	0.00400
19	0.01079	0.14911	0.11064	0.03161	0.17798	0.11125	0.04732	0.05725	0.02952	0.02487	0.06142	0.02707	0.02782	0.02539	0.04924	0.00166	0.03659	0.01222	0.00258	0.00568
20	0.01165	0.32892	0.01789	0.05280	0.32319	0.08013	0.00973	0.01351	0.00968	0.05426	0.00861	0.01060	0.02248	0.03418	0.00437	0.00126	0.00507	0.00342	0.00227	0.00598
21	0.00725	0.00476	0.00603	0.00636	0.00723	0.00452	0.00453	0.06336	0.00983	0.07486	0.05366	0.61012	0.09063	0.01202	0.00535	0.00167	0.00277	0.02668	0.00420	0.00415
22	0.00791	0.00727	0.06111	0.03835	0.01068	0.00700	0.06357	0.05334	0.02730	0.03584	0.09862	0.16367	0.04921	0.03689	0.22066	0.00306	0.07933	0.02843	0.00317	0.00460

[dist]
# distance from previous block
# <min> <max>
7	21

[block]
# block no. 5 follows, 60 sequences, length 21
# corresponding to MSA columns:
# 552-572
name=unknown_F
#
# <colnr> <probs for GDERKNQSTAVLIFYWHMCP>
#	G	D	E	R	K	N	Q	S	T	A	V	L	I	F	Y	W	H	M	C	P
0	0.01272	0.38294	0.06030	0.00953	0.01304	0.11582	0.06380	0.12371	0.13286	0.03287	0.00906	0.00962	0.00721	0.00442	0.00367	0.00116	0.00516	0.00329	0.00275	0.00608
1	0.00925	0.00824	0.04460	0.00674	0.01048	0.00610	0.00565	0.01171	0.04462	0.04483	0.01102	0.01182	0.06187	0.00400	0.00350	0.00080	0.00333	0.00323	0.00284	0.70537
2	0.00786	0.00966	0.17991	0.00998	0.04892	0.02316	0.09864	0.01036	0.02812	0.04245	0.05189	0.34561	0.04640	0.02443	0.02285	0.00173	0.00444	0.03546	0.00328	0.00486
3	0.01105	0.28734	0.12580	0.00976	0.04341	0.04785	0.05367	0.10841	0.03641	0.03766	0.03356	0.06109	0.04912	0.02810	0.00471	0.00132	0.02766	0.00427	0.00275	0.02606
4	0.00974	0.01077	0.02245	0.01714	0.06795	0.01029	0.63671	0.01295	0.01003	0.01358	0.01178	0.04318	0.06671	0.00475	0.00550	0.00149	0.04138	0.00557	0.00239	0.00565
5	0.04506	0.00766	0.00973	0.00762	0.01073	0.00707	0.00625	0.10230	0.02730	0.60889	0.04938	0.01632	0.05393	0.00578	0.00438	0.00135	0.00363	0.00467	0.02102	0.00694
6	0.00956	0.00944	0.03431	0.19399	0.38965	0.02287	0.09962	0.01240	0.02700	0.01350	0.02744	0.06726	0.02166	0.00494	0.00446	0.00137	0.00515	0.00475	0.04478	0.00584
7	0.00629	0.00464	0.00511	0.00508	0.00650	0.00404	0.00381	0.00769	0.02638	0.06298	0.07939	0.14587	0.58622	0.01085	0.00517	0.00151	0.00241	0.02790	0.00418	0.00399
8	0.00537	0.00399	0.00487	0.00554	0.00608	0.00364	0.00374	0.00614	0.00857	0.01106	0.02814	0.57102	0.22425	0.08765	0.00695	0.00192	0.00260	0.01106	0.00392	0.00350
9	0.02440	0.05333	0.02230	0.03799	0.08335	0.19291	0.08209	0.05043	0.07546	0.02711	0.11982	0.03967	0.07478	0.00644	0.00490	0.00139	0.03441	0.06077	0.00317	0.00527
10	0.07846	0.01572	0.01050	0.00955	0.01160	0.53414	0.00719	0.05047	0.02908	0.03132	0.02335	0.04220	0.03684	0.05095	0.04876	0.00168	0.00672	0.00386	0.00270	0.00492
11	0.00604	0.00413	0.00506	0.00562	0.00636	0.00375	0.00394	0.00704	0.00899	0.04154	0.02803	0.53782	0.22180	0.01205	0.00525	0.00163	0.00249	0.02719	0.06750	0.00377
12	0.03682	0.00894	0.09386	0.05320	0.12352	0.00776	0.07387	0.08933	0.02774	0.05895	0.03078	0.20223	0.07133	0.02175	0.03052	0.00172	0.00456	0.05449	0.00331	0.00531
13	0.00950	0.00975	0.07346	0.19391	0.33379	0.01841	0.06212	0.02146	0.03892	0.03069	0.03830	0.07811	0.04393	0.00544	0.00453	0.00140	0.00500	0.01262	0.01285	0.00581
14	0.00619	0.00444	0.00602	0.00610	0.00655	0.00484	0.00430	0.00711	0.00688	0.00960	0.01347	0.09057	0.01422	0.32999	0.46405	0.00555	0.00818	0.00593	0.00259	0.00341
15	0.01261	0.01225	0.00959	0.00842	0.01063	0.31779	0.00649	0.14458	0.03241	0.07640	0.11664	0.02003	0.20054	0.00679	0.00448	0.00129	0.00490	0.00528	0.00362	0.00524
16	0.01101	0.02831	0.04113	0.09237	0.27997	0.11521	0.02559	0.03312	0.03847	0.05771	0.03188	0.04300	0.00913	0.02066	0.02730	0.00147	0.02054	0.00416	0.03458	0.08441
17	0.03661	0.00751	0.00854	0.00743	0.00957	0.00774	0.00595	0.28336	0.01356	0.10442	0.05651	0.12913	0.15767	0.00907	0.03225	0.00165	0.00381	0.08215	0.03761	0.00545
18	0.01084	0.32021	0.08757	0.00815	0.01092	0.20088	0.00736	0.02361	0.00982	0.01135	0.03138	0.05458	0.08524	0.05294	0.04163	0.00158	0.00538	0.00420	0.02738	0.00497
19	0.03425	0.12435	0.10191	0.06562	0.14218	0.03406	0.00887	0.07102	0.06308	0.06786	0.02908	0.01561	0.09647	0.01701	0.06449	0.00176	0.02447	0.01714	0.00292	0.01787
20	0.01260	0.09939	0.02331	0.02774	0.06243	0.28782	0.00753	0.09738	0.02479	0.06504	0.04028	0.03395	0.08512	0.02707	0.03575	0.03359	0.02367	0.00433	0.00295	0.00526

[dist]
# distance from previous block
# <min> <max>
0	3

[block]
# block no. 6 follows, 60 sequences, length 33
# corresponding to MSA columns:
# 576-608
name=unknown_G
#
# <colnr> <probs for GDERKNQSTAVLIFYWHMCP>
#	G	D	E	R	K	N	Q	S	T	A	V	L	I	F	Y	W	H	M	C	P
0	0.03016	0.11646	0.11563	0.00922	0.04131	0.04386	0.05020	0.09665	0.06568	0.06607	0.08762	0.09563	0.08055	0.04747	0.00532	0.00148	0.01227	0.00541	0.00331	0.02569
1	0.05215	0.09389	0.03492	0.02954	0.03078	0.07080	0.06349	0.12648	0.04846	0.03397	0.08324	0.06720	0.01308	0.12394	0.10696	0.00241	0.00550	0.00503	0.00310	0.00507
2	0.08575	0.02838	0.03099	0.08929	0.05814	0.00763	0.04674	0.04712	0.00843	0.02657	0.01050	0.01536	0.00944	0.11803	0.31078	0.00378	0.03219	0.00437	0.06197	0.00456
3	0.01104	0.14483	0.04288	0.08626	0.06543	0.07884	0.10106	0.10939	0.10563	0.03150	0.03049	0.09533	0.02783	0.01322	0.00473	0.00138	0.02730	0.00489	0.01228	0.00570
4	0.01021	0.01226	0.18322	0.11209	0.20888	0.06161	0.06889	0.02373	0.07469	0.05958	0.01977	0.06342	0.04235	0.01993	0.00479	0.00145	0.00528	0.01920	0.00273	0.00592
5	0.01801	0.00689	0.00939	0.03660	0.10886	0.02806	0.04817	0.03095	0.04909	0.07010	0.19317	0.06928	0.18422	0.00963	0.06016	0.00183	0.02212	0.04486	0.00371	0.00493
6	0.01767	0.03257	0.11154	0.13147	0.09906	0.00930	0.11123	0.09535	0.05204	0.02776	0.02408	0.15813	0.03852	0.00716	0.02658	0.00162	0.04178	0.00572	0.00292	0.00552
7	0.01082	0.18772	0.30118	0.01080	0.01519	0.04256	0.12015	0.02763	0.05851	0.08890	0.01213	0.01322	0.06957	0.00491	0.00415	0.00131	0.00543	0.01715	0.00265	0.00602
8	0.01188	0.01283	0.01411	0.17453	0.22915	0.28424	0.05766	0.01395	0.01061	0.03348	0.05426	0.01217	0.03040	0.00483	0.00470	0.00131	0.03799	0.00398	0.00242	0.00551
9	0.00549	0.00405	0.00502	0.00561	0.00620	0.00372	0.00387	0.00632	0.00875	0.01137	0.06755	0.50663	0.22025	0.05956	0.02708	0.02531	0.00281	0.02297	0.00391	0.00353
10	0.08203	0.06491	0.03413	0.09319	0.05921	0.25490	0.09652	0.06284	0.06151	0.03508	0.04001	0.01160	0.01783	0.00657	0.05978	0.00167	0.00625	0.00382	0.00268	0.00546
11	0.02515	0.09951	0.02936	0.00781	0.03802	0.07506	0.00608	0.10408	0.10248	0.07183	0.06712	0.03166	0.24829	0.06780	0.00571	0.00154	0.00385	0.00581	0.00364	0.00521
12	0.00582	0.00439	0.00528	0.00579	0.00643	0.00421	0.00396	0.00738	0.06424	0.01140	0.02607	0.50068	0.18540	0.11705	0.02896	0.00213	0.00298	0.01028	0.00386	0.00370
13	0.05231	0.00740	0.01100	0.13110	0.26415	0.00772	0.02030	0.01140	0.07219	0.03448	0.04828	0.16728	0.06650	0.07948	0.00613	0.00169	0.00415	0.00620	0.00304	0.00519
14	0.02402	0.12748	0.56631	0.05281	0.07232	0.05788	0.01399	0.01375	0.00934	0.01317	0.00753	0.00904	0.00563	0.00410	0.00396	0.00131	0.00613	0.00315	0.00191	0.00618
15	0.00689	0.00651	0.03588	0.00802	0.07271	0.03437	0.02148	0.00917	0.07107	0.01280	0.08431	0.23220	0.31553	0.02415	0.00539	0.00158	0.00318	0.04662	0.00378	0.00437
16	0.00629	0.00423	0.00488	0.00493	0.00498	0.00425	0.00285	0.00640	0.00648	0.00867	0.01416	0.06899	0.01627	0.76507	0.06078	0.00424	0.00451	0.00657	0.00270	0.00275
17	0.00809	0.01034	0.19598	0.00978	0.08023	0.00756	0.02844	0.01295	0.18021	0.01552	0.24751	0.02288	0.14859	0.00697	0.00470	0.00141	0.00379	0.00599	0.00363	0.00545
18	0.01490	0.01691	0.01360	0.01352	0.13289	0.52429	0.04896	0.06733	0.07278	0.04161	0.00850	0.00954	0.00674	0.00455	0.00413	0.00121	0.00677	0.00337	0.00264	0.00574
19	0.01455	0.01113	0.06944	0.00907	0.01215	0.07974	0.00768	0.27707	0.13551	0.21747	0.01491	0.08323	0.03587	0.00613	0.00445	0.00138	0.00444	0.00492	0.00423	0.00663
20	0.00985	0.00573	0.00785	0.03754	0.09958	0.00538	0.00571	0.01157	0.01050	0.19841	0.16684	0.17862	0.09892	0.00793	0.00462	0.00139	0.00302	0.00691	0.13460	0.00505
21	0.00565	0.00414	0.00512	0.00576	0.00622	0.00393	0.00385	0.00677	0.03661	0.01117	0.03726	0.58254	0.12382	0.13617	0.00793	0.00208	0.00277	0.01078	0.00387	0.00355
22	0.01074	0.10751	0.08434	0.25277	0.20858	0.10773	0.07487	0.01356	0.02883	0.02984	0.00801	0.01037	0.00635	0.00429	0.00451	0.00133	0.03478	0.00366	0.00217	0.00576
23	0.00907	0.04809	0.70078	0.01360	0.07665	0.01042	0.05410	0.01376	0.00930	0.01374	0.00785	0.00938	0.00568	0.00409	0.00416	0.00136	0.00634	0.00334	0.00188	0.00642
24	0.00653	0.00453	0.00589	0.00656	0.00731	0.00433	0.00499	0.01886	0.00922	0.03584	0.02465	0.39505	0.10832	0.07623	0.00690	0.00199	0.00319	0.27181	0.00397	0.00382
25	0.02906	0.20253	0.43721	0.03754	0.01728	0.01204	0.11924	0.01332	0.00904	0.01285	0.00738	0.00911	0.00569	0.00425	0.00469	0.00133	0.06620	0.00333	0.00192	0.00597
26	0.00896	0.06807	0.07747	0.04749	0.02264	0.07329	0.00666	0.04406	0.06139	0.06230	0.04823	0.19401	0.22671	0.00846	0.00498	0.00145	0.02841	0.00704	0.00352	0.00487
27	0.08043	0.01228	0.01190	0.02084	0.07367	0.24095	0.03606	0.11093	0.04065	0.04378	0.03635	0.05415	0.00902	0.00572	0.00589	0.00138	0.15121	0.00411	0.03374	0.02694
28	0.00659	0.00499	0.00705	0.00760	0.06535	0.00517	0.02443	0.00760	0.00751	0.01037	0.05469	0.09977	0.03681	0.34559	0.29273	0.00445	0.00659	0.00629	0.00277	0.00364
29	0.07124	0.35468	0.12905	0.01033	0.06265	0.05763	0.05979	0.06808	0.03980	0.02642	0.00902	0.01006	0.03495	0.00447	0.00394	0.00120	0.03220	0.00332	0.01535	0.00581
30	0.01182	0.04197	0.07123	0.05475	0.07450	0.19853	0.02949	0.11194	0.02175	0.08168	0.05754	0.08432	0.08239	0.00702	0.02292	0.00148	0.00523	0.03273	0.00324	0.00549
31	0.14578	0.02433	0.21772	0.05668	0.15423	0.04370	0.13526	0.04965	0.02090	0.03524	0.00933	0.03181	0.02429	0.00462	0.00445	0.00139	0.02828	0.00397	0.00245	0.00591
32	0.01339	0.29968	0.10779	0.01073	0.05802	0.27942	0.03073	0.01585	0.05331	0.08091	0.00825	0.00904	0.00655	0.00429	0.00369	0.00115	0.00587	0.00307	0.00245	0.00582

[dist]
# distance from previous block
# <min> <max>
0	9

[block]
# block no. 7 follows, 60 sequences, length 14
# corresponding to MSA columns:
# 618-631
name=unknown_H
#
# <colnr> <probs for GDERKNQSTAVLIFYWHMCP>
#	G	D	E	R	K	N	Q	S	T	A	V	L	I	F	Y	W	H	M	C	P
0	0.06644	0.01058	0.06505	0.05749	0.13719	0.09868	0.04825	0.06023	0.13190	0.04903	0.10001	0.01638	0.04931	0.00603	0.01714	0.00144	0.00471	0.02967	0.02010	0.03035
1	0.00945	0.00591	0.00719	0.00676	0.02041	0.00589	0.00512	0.04118	0.13512	0.12932	0.29112	0.09925	0.04066	0.00781	0.00466	0.00140	0.00279	0.04605	0.13481	0.00510
2	0.10216	0.00871	0.01165	0.21216	0.12658	0.02280	0.00881	0.09276	0.05341	0.15227	0.01037	0.01279	0.00806	0.06548	0.02196	0.00173	0.07544	0.00404	0.00307	0.00574
3	0.00978	0.04020	0.13202	0.19266	0.14457	0.07522	0.06110	0.03139	0.04414	0.03056	0.03147	0.07313	0.02687	0.00597	0.01735	0.00147	0.00538	0.03872	0.00262	0.03536
4	0.00627	0.00443	0.00529	0.00547	0.00578	0.00450	0.00348	0.00723	0.04511	0.00981	0.01701	0.21124	0.04379	0.50665	0.10184	0.00375	0.00453	0.00756	0.00306	0.00321
5	0.00696	0.00481	0.00575	0.00543	0.00678	0.00435	0.00412	0.00883	0.03260	0.07414	0.39325	0.03465	0.31291	0.04808	0.00589	0.00157	0.00245	0.03878	0.00444	0.00421
6	0.02112	0.09361	0.16972	0.02289	0.18601	0.12948	0.03875	0.03995	0.02577	0.04923	0.02274	0.08617	0.00978	0.00545	0.00433	0.00132	0.01517	0.02640	0.04634	0.00578
7	0.00860	0.00553	0.00665	0.00597	0.00761	0.00521	0.00460	0.06195	0.04771	0.12247	0.39879	0.05770	0.21149	0.00864	0.00493	0.00140	0.00257	0.00740	0.02601	0.00477
8	0.00531	0.00383	0.00503	0.00599	0.00630	0.00355	0.00401	0.00608	0.00843	0.01117	0.02505	0.80344	0.06862	0.01353	0.00555	0.00176	0.00251	0.01224	0.00405	0.00355
9	0.00836	0.04942	0.00813	0.00739	0.02987	0.08044	0.00538	0.06325	0.05007	0.02909	0.12687	0.27742	0.16982	0.03482	0.00580	0.00158	0.03604	0.00800	0.00377	0.00450
10	0.02085	0.06368	0.09664	0.02771	0.13568	0.03889	0.09242	0.05462	0.04706	0.01403	0.07084	0.13047	0.10786	0.00784	0.02808	0.00160	0.00470	0.04864	0.00310	0.00529
11	0.00723	0.00476	0.00584	0.00620	0.00699	0.00466	0.00446	0.07163	0.00963	0.03773	0.02127	0.50675	0.04429	0.05734	0.00603	0.00176	0.00288	0.07159	0.12490	0.00404
12	0.18465	0.10152	0.03402	0.01179	0.11124	0.25933	0.02229	0.05381	0.01000	0.01379	0.00679	0.00851	0.00572	0.00482	0.00551	0.00133	0.15407	0.00309	0.00232	0.00539
13	0.06670	0.03543	0.37536	0.01168	0.01613	0.17685	0.08199	0.07588	0.01080	0.06379	0.00824	0.00944	0.00607	0.00446	0.00451	0.00134	0.03949	0.00339	0.00243	0.00605

[dist]
# distance from previous block
# <min> <max>
2	17

[block]
# block no. 8 follows, 60 sequences, length 15
# corresponding to MSA columns:
# 649-663
name=unknown_I
#
# <colnr> <probs for GDERKNQSTAVLIFYWHMCP>
#	G	D	E	R	K	N	Q	S	T	A	V	L	I	F	Y	W	H	M	C	P
0	0.01090	0.00965	0.00954	0.00911	0.04330	0.12571	0.00670	0.15103	0.23255	0.02773	0.07804	0.17729	0.03976	0.00836	0.03010	0.00162	0.00433	0.02476	0.00390	0.00561
1	0.01218	0.00579	0.00749	0.00667	0.00863	0.00522	0.00518	0.03658	0.01099	0.36921	0.06040	0.25298	0.09868	0.00866	0.00480	0.00148	0.00308	0.03427	0.06226	0.00545
2	0.00699	0.00464	0.00580	0.00570	0.00692	0.00418	0.00432	0.00855	0.01089	0.08430	0.35262	0.16596	0.24029	0.01019	0.00522	0.00151	0.00247	0.07077	0.00447	0.00419
3	0.01028	0.40266	0.36680	0.01113	0.04824	0.01349	0.06615	0.01346	0.00915	0.01220	0.00710	0.00843	0.00569	0.00391	0.00360	0.00118	0.00563	0.00297	0.00189	0.00603
4	0.00663	0.00435	0.00528	0.00536	0.00566	0.00435	0.00340	0.00704	0.00708	0.03717	0.01598	0.13913	0.03533	0.57510	0.10617	0.00398	0.00474	0.02717	0.00296	0.00312
5	0.00628	0.00431	0.00512	0.00512	0.00531	0.00441	0.00314	0.00658	0.00659	0.00886	0.01456	0.02715	0.04553	0.67912	0.15624	0.00459	0.00540	0.00617	0.00265	0.00289
6	0.00940	0.00853	0.01201	0.07738	0.31673	0.06762	0.03602	0.01159	0.03019	0.04905	0.04995	0.16378	0.12204	0.00711	0.00472	0.00143	0.00437	0.01958	0.00308	0.00541
7	0.01362	0.04134	0.03694	0.04876	0.01616	0.08610	0.19234	0.38963	0.04170	0.01974	0.00949	0.01076	0.00710	0.00549	0.02533	0.00150	0.04023	0.00408	0.00327	0.00643
8	0.00956	0.01042	0.09107	0.14048	0.47850	0.00966	0.03865	0.01219	0.00938	0.01324	0.00973	0.10121	0.00894	0.00520	0.00492	0.00141	0.04228	0.00479	0.00229	0.00607
9	0.01265	0.01166	0.01015	0.04289	0.01171	0.26080	0.00701	0.17510	0.05355	0.07478	0.05877	0.04883	0.05504	0.04005	0.11526	0.00217	0.00614	0.00471	0.00335	0.00537
10	0.01046	0.25051	0.16801	0.01094	0.13576	0.01056	0.00909	0.04778	0.01004	0.07582	0.01373	0.04988	0.10369	0.00551	0.00396	0.00124	0.00448	0.01960	0.03421	0.03475
11	0.00676	0.08085	0.00701	0.00571	0.00649	0.01989	0.00399	0.00747	0.00767	0.01006	0.04134	0.17242	0.08046	0.37708	0.12957	0.00343	0.00483	0.00695	0.00295	0.02506
12	0.01130	0.27334	0.08732	0.00865	0.01228	0.01118	0.05512	0.09853	0.03514	0.06986	0.00938	0.03900	0.00793	0.02509	0.00438	0.00117	0.02481	0.01266	0.00277	0.21009
13	0.01894	0.08422	0.06490	0.00828	0.01937	0.16519	0.00675	0.04992	0.09245	0.06219	0.06751	0.10042	0.05142	0.09120	0.06435	0.00201	0.00512	0.01932	0.00322	0.02321
14	0.03305	0.28637	0.21728	0.00882	0.01271	0.04674	0.00903	0.09666	0.02530	0.01403	0.03969	0.01106	0.02975	0.03060	0.00455	0.01218	0.01897	0.00339	0.00248	0.09735

[dist]
# distance from previous block
# <min> <max>
14	143

[block]
# block no. 9 follows, 60 sequences, length 6
# corresponding to MSA columns:
# 809-814
name=unknown_J
#
# <colnr> <probs for GDERKNQSTAVLIFYWHMCP>
#	G	D	E	R	K	N	Q	S	T	A	V	L	I	F	Y	W	H	M	C	P
0	0.02721	0.18874	0.12413	0.02638	0.09387	0.09438	0.09741	0.08524	0.06956	0.01425	0.02679	0.03201	0.03771	0.00494	0.00444	0.00128	0.03703	0.00401	0.00261	0.02799
1	0.05795	0.07043	0.13205	0.03099	0.12206	0.07768	0.00888	0.03406	0.11480	0.11339	0.03875	0.10703	0.01138	0.00591	0.00459	0.00138	0.03413	0.00481	0.02386	0.00588
2	0.00874	0.00566	0.00742	0.04334	0.00888	0.00564	0.02414	0.02852	0.05006	0.13361	0.09797	0.17057	0.11721	0.17936	0.03799	0.00228	0.02719	0.04316	0.00381	0.00446
3	0.00690	0.00475	0.00574	0.00590	0.00672	0.00459	0.00413	0.03701	0.03945	0.04767	0.05249	0.34535	0.16773	0.16879	0.03495	0.02835	0.00331	0.02854	0.00378	0.00384
4	0.01195	0.12083	0.12741	0.03394	0.10000	0.13003	0.06624	0.11378	0.05861	0.06337	0.05567	0.03077	0.04233	0.00522	0.00441	0.00130	0.02098	0.00424	0.00295	0.00597
5	0.01076	0.11805	0.11000	0.01228	0.13755	0.05744	0.07448	0.07146	0.06167	0.04410	0.01212	0.05482	0.06538	0.00535	0.00476	0.00128	0.05358	0.00441	0.00278	0.09773

[dist]
# distance from previous block
# <min> <max>
0	1

[block]
# block no. 10 follows, 60 sequences, length 18
# corresponding to MSA columns:
# 816-833
name=unknown_K
#
# <colnr> <probs for GDERKNQSTAVLIFYWHMCP>
#	G	D	E	R	K	N	Q	S	T	A	V	L	I	F	Y	W	H	M	C	P
0	0.00590	0.00520	0.04791	0.00611	0.00704	0.00432	0.00467	0.00725	0.02320	0.01171	0.07501	0.40372	0.17227	0.11885	0.02440	0.00210	0.00318	0.06964	0.00377	0.00374
1	0.02942	0.00840	0.01134	0.09502	0.13610	0.00869	0.03192	0.16140	0.08544	0.16398	0.04828	0.06974	0.09287	0.00644	0.00460	0.00142	0.00415	0.03088	0.00383	0.00607
2	0.03134	0.19484	0.07033	0.01098	0.08983	0.11498	0.04839	0.09766	0.03141	0.11130	0.06210	0.02151	0.02774	0.01412	0.00482	0.00130	0.05446	0.00398	0.00300	0.00591
3	0.04256	0.00595	0.03212	0.00690	0.04257	0.00569	0.00484	0.03460	0.06679	0.01265	0.12991	0.06844	0.10359	0.29836	0.08031	0.02706	0.00427	0.02613	0.00330	0.00398
4	0.00586	0.00411	0.00494	0.00527	0.00562	0.00391	0.00337	0.00639	0.00798	0.01057	0.09289	0.31653	0.11365	0.36518	0.01277	0.02224	0.00320	0.00888	0.00347	0.00319
5	0.04287	0.07145	0.01224	0.01053	0.03159	0.62089	0.00788	0.01611	0.01176	0.04438	0.05007	0.04344	0.00863	0.00506	0.00398	0.00117	0.00676	0.00351	0.00257	0.00511
6	0.02502	0.15396	0.19142	0.06669	0.15894	0.05325	0.06734	0.12157	0.05282	0.01515	0.02645	0.01061	0.00746	0.00509	0.02482	0.00142	0.00562	0.00366	0.00253	0.00618
7	0.01027	0.01365	0.19633	0.04510	0.35768	0.06745	0.17266	0.01346	0.00995	0.01368	0.02110	0.04195	0.00776	0.00440	0.00448	0.00136	0.00596	0.00430	0.00221	0.00624
8	0.00964	0.00605	0.00679	0.00603	0.00781	0.00583	0.00465	0.13893	0.01156	0.12824	0.05093	0.05386	0.30598	0.09903	0.00655	0.00170	0.00312	0.03853	0.11001	0.00477
9	0.01070	0.03860	0.17227	0.10592	0.16874	0.05522	0.02120	0.06747	0.09666	0.06462	0.02705	0.02711	0.06720	0.00536	0.00473	0.00138	0.03880	0.00440	0.01655	0.00602
10	0.00683	0.00731	0.11963	0.00682	0.00880	0.00523	0.02346	0.00913	0.04492	0.04599	0.13454	0.22749	0.30109	0.00985	0.00507	0.00153	0.00314	0.03087	0.00387	0.00444
11	0.00881	0.00524	0.00611	0.00561	0.00737	0.00464	0.00430	0.01061	0.04483	0.19394	0.10697	0.11081	0.43115	0.00945	0.00493	0.00145	0.00261	0.00799	0.02849	0.00469
12	0.04741	0.65541	0.07244	0.00803	0.01180	0.05830	0.00796	0.04821	0.00963	0.03737	0.00676	0.00759	0.00580	0.00393	0.00306	0.00102	0.00487	0.00255	0.00214	0.00573
13	0.01017	0.03313	0.08457	0.06476	0.11687	0.03541	0.06395	0.07971	0.12556	0.06533	0.04050	0.13516	0.08576	0.00677	0.00493	0.00145	0.03105	0.00585	0.00335	0.00571
14	0.00598	0.00446	0.00524	0.00550	0.00652	0.00407	0.00400	0.01858	0.02718	0.02535	0.13059	0.33917	0.33866	0.01136	0.00524	0.00157	0.00245	0.03435	0.02584	0.00388
15	0.00634	0.00423	0.00476	0.00476	0.00476	0.00423	0.00264	0.00634	0.00634	0.00846	0.01374	0.02854	0.01586	0.84672	0.02220	0.00423	0.00423	0.00634	0.00264	0.00264
16	0.23829	0.07277	0.08166	0.06171	0.03657	0.00929	0.03461	0.06193	0.00949	0.05119	0.00779	0.00905	0.00607	0.00396	0.00362	0.00111	0.01833	0.00296	0.00265	0.28695
17	0.04654	0.20657	0.09658	0.01149	0.06960	0.03594	0.15902	0.07329	0.05217	0.05590	0.00960	0.05548	0.00801	0.00461	0.00399	0.00122	0.00506	0.00401	0.00269	0.09822

[dist]
# distance from previous block
# <min> <max>
4	17

[block]
# block no. 11 follows, 60 sequences, length 18
# corresponding to MSA columns:
# 860-877
name=unknown_L
#
# <colnr> <probs for GDERKNQSTAVLIFYWHMCP>
#	G	D	E	R	K	N	Q	S	T	A	V	L	I	F	Y	W	H	M	C	P
0	0.00737	0.00569	0.00699	0.00712	0.02639	0.00562	0.00549	0.04582	0.08340	0.01417	0.14246	0.05889	0.17687	0.07451	0.03650	0.00199	0.00359	0.24530	0.00392	0.04793
1	0.02762	0.00511	0.00744	0.00708	0.00814	0.00508	0.07348	0.00808	0.03151	0.01232	0.12548	0.32219	0.10023	0.06549	0.17702	0.00288	0.00490	0.00844	0.00353	0.00398
2	0.05232	0.03367	0.01335	0.01443	0.23899	0.13739	0.06637	0.08607	0.12478	0.02816	0.01264	0.10234	0.02874	0.00592	0.00444	0.00138	0.00496	0.03504	0.00308	0.00592
3	0.00605	0.00441	0.00570	0.00570	0.00638	0.00448	0.00406	0.00720	0.00849	0.01163	0.19866	0.09005	0.11585	0.23431	0.27347	0.00396	0.00576	0.00696	0.00331	0.00357
4	0.01011	0.00667	0.00764	0.00680	0.00869	0.00674	0.00536	0.18324	0.05564	0.10398	0.08567	0.09305	0.19303	0.03273	0.03044	0.00168	0.00349	0.06812	0.09178	0.00514
5	0.00895	0.02134	0.74651	0.01291	0.05501	0.01018	0.01553	0.01426	0.04948	0.01405	0.00834	0.00963	0.00598	0.00422	0.00417	0.00138	0.00624	0.00334	0.00199	0.00649
6	0.04660	0.03239	0.23850	0.03328	0.04408	0.24134	0.02951	0.09765	0.10706	0.03471	0.01080	0.01149	0.04390	0.00489	0.00415	0.00131	0.00586	0.00372	0.00277	0.00598
7	0.00723	0.00459	0.00556	0.00545	0.00636	0.00423	0.00382	0.00822	0.00930	0.09152	0.18049	0.16046	0.18254	0.27077	0.01048	0.00237	0.00307	0.03587	0.00389	0.00380
8	0.00596	0.00514	0.00516	0.00528	0.00643	0.04517	0.00384	0.00706	0.00980	0.01201	0.11266	0.18434	0.48818	0.06029	0.00620	0.00168	0.00270	0.03042	0.00395	0.00372
9	0.05466	0.03441	0.19535	0.01212	0.01625	0.08755	0.21327	0.14080	0.03875	0.13761	0.01023	0.02196	0.00744	0.00459	0.00438	0.00136	0.00580	0.00408	0.00307	0.00634
10	0.02699	0.17173	0.13482	0.07620	0.09742	0.25016	0.07475	0.03602	0.01033	0.01228	0.00789	0.02527	0.00671	0.03028	0.02020	0.00142	0.00628	0.00351	0.00219	0.00554
11	0.01108	0.02958	0.02888	0.01064	0.02897	0.14991	0.14267	0.08594	0.08760	0.05130	0.09358	0.01613	0.06487	0.02153	0.09467	0.00204	0.06722	0.00487	0.00313	0.00541
12	0.00550	0.00409	0.00507	0.00553	0.00621	0.00372	0.00385	0.00658	0.00949	0.01253	0.19647	0.46090	0.20995	0.04170	0.00598	0.00171	0.00242	0.01050	0.00416	0.00366
13	0.03139	0.00700	0.05465	0.00754	0.02012	0.00608	0.05359	0.05440	0.06624	0.07262	0.11096	0.17953	0.25678	0.00915	0.00499	0.00152	0.00332	0.05136	0.00397	0.00478
14	0.11254	0.20666	0.21134	0.03597	0.01335	0.04344	0.00915	0.09636	0.06362	0.02866	0.00956	0.04892	0.00811	0.00498	0.00378	0.00126	0.00481	0.03214	0.00269	0.06267
15	0.07166	0.00531	0.00675	0.03180	0.03615	0.00558	0.00502	0.00889	0.05555	0.02485	0.04948	0.18274	0.10191	0.10869	0.22791	0.04526	0.00551	0.00670	0.00315	0.01710
16	0.00720	0.00514	0.00595	0.03057	0.00711	0.00511	0.00403	0.06770	0.03212	0.02678	0.11555	0.13016	0.17782	0.32929	0.01154	0.00252	0.00336	0.00745	0.02678	0.00380
17	0.04458	0.03926	0.03846	0.01089	0.07344	0.20322	0.01998	0.15115	0.04834	0.07254	0.04850	0.10671	0.03655	0.04628	0.00568	0.00168	0.00529	0.03771	0.00371	0.00604

[dist]
# distance from previous block
# <min> <max>
3	110

[block]
# block no. 12 follows, 60 sequences, length 17
# corresponding to MSA columns:
# 988-1004
name=unknown_M
#
# <colnr> <probs for GDERKNQSTAVLIFYWHMCP>
#	G	D	E	R	K	N	Q	S	T	A	V	L	I	F	Y	W	H	M	C	P
0	0.11063	0.09702	0.11965	0.02960	0.06184	0.12956	0.05002	0.09609	0.02230	0.04021	0.06124	0.03573	0.03290	0.00615	0.03423	0.00149	0.02513	0.00404	0.00282	0.03934
1	0.01023	0.02797	0.03384	0.00965	0.05781	0.02728	0.07321	0.10394	0.12751	0.09357	0.06268	0.20659	0.04128	0.02242	0.04740	0.01758	0.00440	0.02346	0.00375	0.00543
2	0.00897	0.02814	0.00975	0.15227	0.03818	0.11354	0.00728	0.02627	0.11795	0.01196	0.01216	0.02695	0.03484	0.06555	0.30830	0.00359	0.00755	0.00455	0.00266	0.01952
3	0.00638	0.00497	0.02472	0.00585	0.00681	0.00441	0.00429	0.03913	0.00925	0.03101	0.05132	0.36994	0.24305	0.12417	0.03366	0.00214	0.00319	0.02808	0.00382	0.00382
4	0.00996	0.08244	0.25801	0.04201	0.04748	0.06188	0.10760	0.04054	0.08225	0.03708	0.04390	0.05611	0.03107	0.01986	0.00477	0.00146	0.00534	0.05969	0.00280	0.00574
5	0.00966	0.00744	0.02111	0.00752	0.02153	0.04453	0.00571	0.10533	0.08424	0.07394	0.08701	0.06207	0.08746	0.17892	0.04685	0.00228	0.05760	0.04773	0.04429	0.00479
6	0.00648	0.00445	0.00557	0.00570	0.00642	0.00423	0.00412	0.00771	0.00957	0.02948	0.28011	0.13976	0.08540	0.24254	0.01002	0.00232	0.00307	0.13002	0.01940	0.00365
7	0.01054	0.03566	0.05007	0.00772	0.01170	0.00750	0.00642	0.05298	0.03140	0.01578	0.00911	0.01063	0.00756	0.00414	0.00379	0.00094	0.00387	0.00308	0.00300	0.72409
8	0.02818	0.02434	0.02562	0.07081	0.04835	0.00770	0.14652	0.01197	0.11833	0.03642	0.06758	0.07435	0.06554	0.06665	0.13498	0.00254	0.00561	0.05637	0.00315	0.00496
9	0.00582	0.00441	0.00511	0.00537	0.00626	0.00408	0.00380	0.00731	0.04055	0.01236	0.13187	0.29018	0.30620	0.10268	0.00708	0.00186	0.00260	0.02991	0.02881	0.00373
10	0.00634	0.00461	0.00669	0.00669	0.00743	0.00529	0.00513	0.00781	0.00708	0.01034	0.01196	0.01789	0.01127	0.08844	0.72835	0.00649	0.01064	0.00476	0.04898	0.00382
11	0.04289	0.05334	0.05894	0.08244	0.08171	0.08950	0.09116	0.03846	0.08255	0.02925	0.03264	0.03538	0.03761	0.12169	0.04191	0.00202	0.06593	0.00470	0.00272	0.00516
12	0.01099	0.00998	0.04296	0.03345	0.23704	0.06669	0.04898	0.08124	0.07067	0.07080	0.03544	0.08150	0.02846	0.00667	0.02410	0.00155	0.07439	0.02929	0.03994	0.00586
13	0.00560	0.00411	0.00510	0.00562	0.00621	0.00379	0.00389	0.00657	0.00904	0.01191	0.13615	0.45435	0.17452	0.10884	0.00738	0.00196	0.00267	0.04477	0.00399	0.00356
14	0.02097	0.00850	0.00931	0.00922	0.06024	0.08738	0.03117	0.07507	0.18993	0.01480	0.06212	0.20886	0.12975	0.00838	0.00528	0.00151	0.04336	0.02526	0.00373	0.00516
15	0.01006	0.08354	0.15296	0.01212	0.12393	0.10302	0.06953	0.03755	0.10862	0.01418	0.09641	0.04062	0.06582	0.00645	0.02405	0.00149	0.02217	0.01887	0.00293	0.00567
16	0.03304	0.14245	0.09943	0.02301	0.14177	0.04440	0.04414	0.05466	0.10793	0.02863	0.04444	0.02678	0.02655	0.04064	0.08379	0.00198	0.01922	0.02863	0.00281	0.00567

[dist]
# distance from previous block
# <min> <max>
0	1

[block]
# block no. 13 follows, 60 sequences, length 10
# corresponding to MSA columns:
# 1007-1016
name=unknown_N
#
# <colnr> <probs for GDERKNQSTAVLIFYWHMCP>
#	G	D	E	R	K	N	Q	S	T	A	V	L	I	F	Y	W	H	M	C	P
0	0.02176	0.05957	0.05391	0.00660	0.00858	0.05871	0.00553	0.08567	0.03006	0.03934	0.13596	0.07572	0.21087	0.00897	0.04877	0.00163	0.00378	0.00619	0.13365	0.00473
1	0.04587	0.20425	0.07445	0.01279	0.17597	0.10582	0.02159	0.15061	0.06981	0.05636	0.00897	0.00983	0.00700	0.00437	0.00385	0.00120	0.00510	0.00338	0.00282	0.03594
2	0.04664	0.07178	0.07629	0.03232	0.17977	0.07687	0.03907	0.04824	0.04434	0.04726	0.07554	0.21500	0.01493	0.00694	0.00450	0.00141	0.00445	0.00606	0.00314	0.00545
3	0.00650	0.00510	0.00722	0.07138	0.00940	0.00503	0.04565	0.05228	0.00966	0.01285	0.09701	0.55239	0.08603	0.01131	0.00531	0.00164	0.00309	0.01022	0.00388	0.00405
4	0.02956	0.02451	0.07615	0.02125	0.07293	0.10553	0.02532	0.04513	0.10549	0.08922	0.06354	0.06690	0.02848	0.01136	0.16776	0.00248	0.01754	0.01756	0.00320	0.02608
5	0.01088	0.15571	0.11923	0.01023	0.08550	0.03292	0.02600	0.09233	0.07749	0.02916	0.00885	0.00990	0.00704	0.00454	0.01882	0.00115	0.00463	0.00320	0.00268	0.29974
6	0.01454	0.05613	0.01179	0.00896	0.01184	0.08325	0.00728	0.45325	0.06696	0.08434	0.04858	0.05926	0.01077	0.00578	0.00427	0.00130	0.00447	0.00451	0.05622	0.00651
7	0.06582	0.08492	0.13380	0.05304	0.11823	0.02614	0.05243	0.01424	0.10612	0.09778	0.06922	0.02605	0.06704	0.00539	0.00421	0.00132	0.00448	0.01413	0.00311	0.05255
8	0.01397	0.06105	0.05831	0.01026	0.01286	0.46651	0.04852	0.06759	0.01182	0.06389	0.01098	0.04913	0.05874	0.00578	0.00470	0.03759	0.00635	0.00398	0.00272	0.00523
9	0.15964	0.05147	0.04624	0.00855	0.07254	0.06007	0.00652	0.02821	0.05359	0.15405	0.12050	0.03770	0.12548	0.00651	0.00423	0.00136	0.00374	0.03131	0.02292	0.00538

[dist]
# distance from previous block
# <min> <max>
0	21

[block]
# block no. 14 follows, 60 sequences, length 48
# corresponding to MSA columns:
