[name]
unknown

[dist]
# distance from previous block
# <min> <max>
4	1263

[block]
# block no. 0 follows, 72 sequences, length 46
# corresponding to MSA columns:
# 1347-1392
name=unknown_A
#
# <colnr> <probs for GDERKNQSTAVLIFYWHMCP>
#	G	D	E	R	K	N	Q	S	T	A	V	L	I	F	Y	W	H	M	C	P
0	0.00937	0.04501	0.05194	0.04028	0.13890	0.04906	0.04469	0.08407	0.10147	0.06886	0.03905	0.02720	0.07858	0.01324	0.03464	0.00134	0.05897	0.01072	0.00272	0.09988
1	0.03645	0.07702	0.08158	0.13432	0.03933	0.07315	0.03955	0.10204	0.05019	0.03946	0.12604	0.02719	0.04684	0.00567	0.02635	0.00132	0.07197	0.00403	0.00264	0.01487
2	0.03459	0.06432	0.09368	0.10551	0.20209	0.05859	0.02265	0.06952	0.05143	0.04348	0.05505	0.02583	0.02621	0.03533	0.01833	0.00127	0.00430	0.00363	0.00241	0.08176
3	0.00914	0.06865	0.03338	0.04225	0.09527	0.07656	0.08782	0.07262	0.02317	0.05521	0.06832	0.02751	0.07933	0.01971	0.04028	0.00136	0.06664	0.00400	0.00255	0.12622
4	0.06502	0.07089	0.10656	0.06664	0.12950	0.04807	0.07749	0.08840	0.05661	0.06115	0.04116	0.03866	0.04596	0.02286	0.01171	0.01103	0.03454	0.00387	0.00253	0.01735
5	0.03813	0.06321	0.06483	0.06545	0.03390	0.04742	0.07679	0.19612	0.03161	0.05949	0.07306	0.06657	0.04774	0.02265	0.02862	0.00134	0.01621	0.00425	0.00287	0.05974
6	0.06292	0.07575	0.07558	0.08132	0.05408	0.13911	0.11201	0.04168	0.05178	0.03420	0.01086	0.17802	0.03097	0.00559	0.00409	0.00123	0.02897	0.00478	0.00248	0.00458
7	0.00884	0.00719	0.00818	0.00631	0.00926	0.00641	0.00501	0.08445	0.16642	0.03644	0.00948	0.04907	0.00783	0.00388	0.00322	0.00081	0.00295	0.00318	0.00282	0.57828
8	0.00484	0.00358	0.00482	0.02042	0.00602	0.00354	0.00382	0.00555	0.00725	0.00973	0.03582	0.78453	0.02394	0.02542	0.00536	0.00157	0.03706	0.01019	0.00341	0.00314
9	0.00477	0.03892	0.00457	0.00405	0.00534	0.00370	0.00308	0.00575	0.00861	0.01035	0.07098	0.06583	0.73215	0.01948	0.00459	0.00130	0.00203	0.00779	0.00346	0.00327
10	0.01101	0.00860	0.00955	0.00711	0.01032	0.00827	0.00580	0.40311	0.01264	0.01789	0.00787	0.00846	0.00602	0.00364	0.00328	0.00084	0.00346	0.00281	0.00299	0.46633
11	0.00916	0.03540	0.33329	0.00882	0.01246	0.02001	0.02305	0.10242	0.23417	0.04082	0.02242	0.02503	0.00804	0.00530	0.03806	0.00136	0.00452	0.00351	0.00270	0.06945
12	0.04089	0.09891	0.26123	0.02354	0.01271	0.06626	0.05442	0.14346	0.08801	0.01347	0.00791	0.00917	0.00616	0.00610	0.07333	0.00157	0.06712	0.00315	0.00229	0.02031
13	0.00551	0.00397	0.00507	0.00496	0.00594	0.00378	0.00377	0.00691	0.00895	0.03987	0.35574	0.07524	0.24272	0.01282	0.18352	0.00229	0.00371	0.02822	0.00351	0.00350
14	0.00483	0.00356	0.00456	0.00518	0.00571	0.00329	0.00370	0.00578	0.00800	0.01052	0.10799	0.55566	0.15862	0.01094	0.00479	0.00148	0.00225	0.09636	0.00358	0.00320
15	0.01047	0.60321	0.11577	0.00769	0.01120	0.01357	0.03679	0.14070	0.00938	0.01176	0.00614	0.00693	0.00514	0.00349	0.00286	0.00093	0.00434	0.00242	0.00197	0.00521
16	0.00762	0.00597	0.04225	0.00637	0.00823	0.00517	0.06689	0.04056	0.02285	0.11309	0.29048	0.05525	0.19149	0.01835	0.00467	0.00124	0.02915	0.01621	0.00352	0.07067
17	0.17748	0.02486	0.03001	0.00721	0.01011	0.00802	0.03613	0.19477	0.03482	0.29317	0.02298	0.01006	0.00738	0.00421	0.00357	0.00110	0.01806	0.00323	0.00345	0.10939
18	0.01211	0.01002	0.01160	0.04842	0.10054	0.07027	0.04364	0.47767	0.06165	0.01839	0.00890	0.01000	0.00679	0.01894	0.06547	0.00155	0.02170	0.00351	0.00309	0.00574
19	0.00897	0.01018	0.02210	0.01628	0.05322	0.00957	0.79612	0.01213	0.00894	0.01216	0.00765	0.01020	0.00576	0.00320	0.00445	0.00127	0.00632	0.00443	0.00192	0.00515
20	0.00744	0.00715	0.01246	0.74054	0.07874	0.00855	0.07173	0.01000	0.00775	0.01005	0.00684	0.01007	0.00517	0.00372	0.00384	0.00126	0.00512	0.00345	0.00172	0.00440
21	0.06549	0.00500	0.00614	0.02660	0.00740	0.00500	0.01818	0.03910	0.07851	0.11600	0.03105	0.27691	0.14913	0.05861	0.04304	0.04995	0.00311	0.01352	0.00333	0.00393
22	0.00605	0.00393	0.00484	0.00495	0.00542	0.00384	0.00329	0.03022	0.00725	0.05492	0.05883	0.32276	0.04980	0.34914	0.06033	0.00258	0.00333	0.00728	0.01814	0.00311
23	0.01007	0.00496	0.00642	0.00557	0.00726	0.00445	0.00435	0.01162	0.02465	0.34936	0.26587	0.07078	0.11193	0.05632	0.00507	0.00137	0.00260	0.03477	0.01793	0.00464
24	0.00649	0.00421	0.00520	0.00509	0.00602	0.00394	0.00367	0.03361	0.02815	0.08617	0.24628	0.26519	0.16057	0.08145	0.00619	0.04069	0.00239	0.00746	0.00364	0.00358
25	0.01302	0.00803	0.00918	0.00732	0.00984	0.00833	0.00593	0.43478	0.02447	0.23479	0.05196	0.08003	0.06878	0.00567	0.00394	0.00119	0.00345	0.00459	0.01894	0.00577
26	0.00503	0.00375	0.00447	0.00475	0.00553	0.00340	0.00339	0.00614	0.02211	0.02454	0.14091	0.36509	0.32083	0.04565	0.00524	0.00148	0.00217	0.02866	0.00359	0.00328
27	0.03101	0.00376	0.00424	0.00429	0.00439	0.00379	0.00250	0.00568	0.00569	0.00785	0.01244	0.09155	0.01433	0.75569	0.03499	0.00348	0.00367	0.00581	0.00239	0.00244
28	0.06382	0.00481	0.00567	0.00524	0.00658	0.00460	0.00396	0.04039	0.03598	0.14605	0.24007	0.14318	0.17385	0.08283	0.00555	0.00149	0.00251	0.02569	0.00372	0.00401
29	0.00554	0.00393	0.00469	0.00496	0.00581	0.00358	0.00353	0.03753	0.00841	0.04925	0.04878	0.47915	0.31011	0.01036	0.00462	0.00141	0.00221	0.00910	0.00360	0.00342
30	0.00456	0.00373	0.00396	0.00413	0.00514	0.00320	0.00297	0.00542	0.00821	0.00998	0.03363	0.19426	0.64032	0.05661	0.00536	0.00146	0.00207	0.00840	0.00346	0.00313
31	0.00857	0.01020	0.06885	0.01478	0.01842	0.00901	0.71324	0.01156	0.00869	0.01185	0.00831	0.05654	0.00677	0.00398	0.00474	0.02687	0.00603	0.00469	0.00198	0.00493
32	0.10661	0.00698	0.00802	0.00650	0.00890	0.00703	0.00526	0.21416	0.03391	0.35580	0.01293	0.06482	0.02309	0.00504	0.00357	0.00115	0.00314	0.00401	0.12356	0.00553
33	0.00639	0.00412	0.00587	0.00576	0.00628	0.00451	0.00428	0.05081	0.00637	0.00882	0.00917	0.01470	0.00883	0.05043	0.42092	0.34629	0.00670	0.03487	0.00204	0.00285
34	0.00939	0.00901	0.01539	0.02328	0.84306	0.00901	0.01164	0.01164	0.00864	0.01239	0.00713	0.00939	0.00601	0.00338	0.00375	0.00113	0.00451	0.00338	0.00188	0.00601
35	0.02677	0.00378	0.00430	0.00455	0.00544	0.00337	0.00326	0.00593	0.00828	0.02661	0.10560	0.33940	0.41779	0.02121	0.00474	0.00139	0.00208	0.00866	0.00356	0.00327
36	0.00561	0.00428	0.00616	0.00611	0.00689	0.00495	0.00475	0.00746	0.05128	0.00923	0.01134	0.01555	0.03608	0.02658	0.77866	0.00568	0.00951	0.00420	0.00218	0.00352
37	0.00972	0.75767	0.05163	0.00676	0.00985	0.01408	0.00676	0.01105	0.00756	0.00905	0.00559	0.00672	0.00512	0.00475	0.04898	0.00114	0.03493	0.00222	0.00165	0.00479
38	0.00556	0.00388	0.00475	0.00522	0.00583	0.01728	0.00366	0.00638	0.00785	0.05632	0.05401	0.58456	0.14714	0.04124	0.00522	0.00154	0.00238	0.04033	0.00354	0.00331
39	0.00517	0.00396	0.00463	0.00480	0.00566	0.00370	0.00353	0.00659	0.04232	0.01089	0.14056	0.18904	0.33725	0.09829	0.03276	0.00175	0.00259	0.08482	0.01840	0.00329
40	0.00676	0.02976	0.00608	0.00590	0.00683	0.04982	0.01645	0.00818	0.05303	0.08440	0.02030	0.54688	0.10075	0.00979	0.00452	0.00142	0.00272	0.03918	0.00348	0.00372
41	0.00511	0.00402	0.00549	0.03260	0.00691	0.00369	0.03532	0.00613	0.00786	0.01039	0.07042	0.54107	0.16524	0.01012	0.00461	0.00141	0.00245	0.03236	0.00337	0.05144
42	0.00908	0.00886	0.01340	0.05910	0.56342	0.06643	0.02348	0.02399	0.00868	0.01195	0.05285	0.04088	0.00826	0.00514	0.03674	0.00137	0.05514	0.00381	0.00208	0.00536
43	0.01334	0.01174	0.01067	0.00903	0.03125	0.22604	0.00704	0.42184	0.10394	0.06040	0.00993	0.01004	0.03075	0.00464	0.00400	0.00114	0.03186	0.00341	0.00325	0.00570
44	0.27028	0.15258	0.09788	0.00732	0.02305	0.10980	0.00652	0.08798	0.02494	0.03585	0.02446	0.00918	0.04678	0.00415	0.00340	0.00108	0.03667	0.00286	0.00238	0.05284
45	0.11034	0.05749	0.00743	0.03691	0.04189	0.06386	0.00497	0.03459	0.05504	0.06298	0.03506	0.29454	0.08513	0.03937	0.00451	0.00136	0.00314	0.02042	0.00305	0.03792

[dist]
# distance from previous block
# <min> <max>
0	45

[block]
# block no. 1 follows, 72 sequences, length 32
# corresponding to MSA columns:
# 1438-1469
name=unknown_B
#
# <colnr> <probs for GDERKNQSTAVLIFYWHMCP>
#	G	D	E	R	K	N	Q	S	T	A	V	L	I	F	Y	W	H	M	C	P
0	0.01165	0.02653	0.06585	0.03683	0.04737	0.17592	0.04958	0.28574	0.07034	0.03233	0.00825	0.00906	0.00628	0.00471	0.02705	0.00120	0.01683	0.00315	0.00275	0.11861
1	0.00936	0.07288	0.12157	0.22476	0.14239	0.16142	0.06630	0.02538	0.04243	0.01085	0.00718	0.00950	0.00580	0.00454	0.01929	0.02057	0.03485	0.01419	0.00192	0.00484
2	0.00583	0.00396	0.00470	0.00480	0.00515	0.00396	0.00308	0.00677	0.06277	0.02483	0.03848	0.20785	0.04694	0.47603	0.02717	0.05190	0.00326	0.01686	0.00279	0.00287
3	0.14433	0.01153	0.00884	0.00792	0.00981	0.33871	0.00609	0.09198	0.17402	0.01299	0.00869	0.02230	0.00717	0.03014	0.06556	0.02676	0.02273	0.00321	0.00259	0.00464
4	0.00545	0.00367	0.00417	0.00420	0.00426	0.00365	0.00240	0.00552	0.00569	0.00755	0.01311	0.05603	0.04084	0.79533	0.03039	0.00356	0.00366	0.00577	0.00238	0.00237
5	0.00519	0.00380	0.00452	0.00459	0.00554	0.00339	0.00339	0.00641	0.00905	0.02873	0.29068	0.20590	0.34150	0.00925	0.00451	0.00131	0.00201	0.03459	0.03227	0.00338
6	0.00742	0.00510	0.00596	0.00555	0.00656	0.00518	0.00397	0.12604	0.06785	0.05792	0.16341	0.21006	0.05828	0.24945	0.00855	0.00197	0.00292	0.00657	0.00342	0.00383
7	0.00937	0.00905	0.01562	0.02304	0.81648	0.00903	0.03804	0.01166	0.00865	0.01238	0.00715	0.00941	0.00600	0.00337	0.00378	0.00113	0.00457	0.00341	0.00188	0.00598
8	0.00543	0.00403	0.00593	0.00593	0.00655	0.00465	0.00453	0.00666	0.00605	0.00868	0.01031	0.01575	0.00985	0.10007	0.78057	0.00589	0.00960	0.00419	0.00205	0.00329
9	0.00750	0.00447	0.00547	0.00526	0.00617	0.00430	0.00377	0.03143	0.03473	0.13991	0.07370	0.16943	0.08799	0.31309	0.00971	0.00219	0.00303	0.08202	0.01224	0.00360
10	0.00535	0.00381	0.00451	0.00459	0.00543	0.00343	0.00327	0.00633	0.00846	0.04169	0.20748	0.22056	0.31905	0.12323	0.00652	0.00164	0.00227	0.02556	0.00355	0.00326
11	0.00477	0.00362	0.00436	0.00468	0.00540	0.00329	0.00331	0.00563	0.00803	0.01035	0.12006	0.36306	0.34042	0.03017	0.05049	0.02464	0.00253	0.00859	0.00344	0.00315
12	0.00974	0.73582	0.14958	0.00717	0.01078	0.01403	0.00767	0.01146	0.00775	0.00941	0.00551	0.00639	0.00486	0.00330	0.00262	0.00087	0.00430	0.00215	0.00162	0.00498
13	0.31535	0.00854	0.00835	0.00684	0.00930	0.02400	0.00554	0.37992	0.02794	0.06530	0.00969	0.04151	0.03383	0.04310	0.00405	0.00128	0.00355	0.00348	0.00323	0.00519
14	0.01812	0.00385	0.00495	0.00543	0.00606	0.00365	0.00387	0.00702	0.03197	0.06541	0.06708	0.60361	0.06131	0.01935	0.00482	0.00150	0.00237	0.06877	0.01738	0.00346
15	0.00551	0.00368	0.00428	0.00432	0.00445	0.00369	0.00258	0.00579	0.00603	0.00827	0.05829	0.07344	0.01528	0.69095	0.06023	0.00343	0.00375	0.00574	0.03777	0.00252
16	0.00486	0.00349	0.00431	0.00480	0.00515	0.00325	0.00317	0.00544	0.00722	0.00948	0.06116	0.50944	0.14118	0.19353	0.00803	0.01790	0.00247	0.00893	0.00326	0.00293
17	0.00641	0.00434	0.00560	0.00556	0.00596	0.03910	0.00397	0.00651	0.02939	0.00805	0.02503	0.04592	0.00943	0.08008	0.29779	0.41243	0.00572	0.00406	0.00202	0.00261
18	0.00705	0.00485	0.00559	0.00537	0.00637	0.00491	0.00383	0.04981	0.14022	0.06617	0.08522	0.22460	0.11390	0.21915	0.00796	0.00190	0.00277	0.00669	0.03983	0.00382
19	0.00514	0.00416	0.00471	0.00543	0.00582	0.05005	0.00369	0.00584	0.00755	0.00970	0.02129	0.75908	0.08088	0.01128	0.00474	0.00149	0.00244	0.01013	0.00343	0.00316
20	0.00865	0.00721	0.00829	0.00599	0.00932	0.00586	0.00482	0.10793	0.00906	0.01374	0.00702	0.00801	0.00572	0.00302	0.00293	0.00063	0.00297	0.00239	0.00243	0.78402
21	0.01837	0.00584	0.02310	0.00559	0.00691	0.05291	0.00431	0.06900	0.05825	0.04850	0.22001	0.11862	0.21311	0.08788	0.01371	0.00153	0.00287	0.03387	0.01173	0.00388
22	0.00506	0.00350	0.00436	0.00487	0.00502	0.00339	0.00311	0.00549	0.00658	0.00877	0.01709	0.47579	0.02018	0.37297	0.01097	0.00245	0.00288	0.04177	0.00300	0.00277
23	0.01006	0.01082	0.01227	0.35645	0.24063	0.25809	0.00978	0.03741	0.00912	0.01074	0.00666	0.00892	0.00530	0.00374	0.00367	0.00114	0.00541	0.00310	0.00188	0.00482
24	0.00454	0.00379	0.00396	0.00402	0.00519	0.00321	0.00298	0.00552	0.00863	0.01046	0.07901	0.11092	0.72536	0.00971	0.00451	0.00130	0.00194	0.00820	0.00356	0.00321
25	0.00836	0.00756	0.00926	0.00671	0.01006	0.03763	0.07260	0.03146	0.00832	0.01253	0.00685	0.00805	0.00562	0.00293	0.00299	0.00065	0.00329	0.00247	0.00225	0.76041
26	0.00818	0.00732	0.01027	0.07742	0.24960	0.07241	0.04177	0.05311	0.02094	0.01079	0.00923	0.10567	0.00876	0.01044	0.15880	0.12726	0.01725	0.00430	0.00218	0.00429
27	0.00467	0.00332	0.00439	0.00522	0.00542	0.00311	0.00345	0.00529	0.00716	0.00955	0.02040	0.81662	0.02444	0.06038	0.00566	0.00166	0.00228	0.01048	0.00345	0.00304
28	0.00996	0.02653	0.00933	0.05354	0.08791	0.07565	0.00646	0.10826	0.35046	0.05616	0.06233	0.01431	0.04634	0.03760	0.00437	0.00128	0.00358	0.00417	0.03643	0.00533
29	0.03926	0.00396	0.00447	0.00443	0.00464	0.00407	0.00269	0.02068	0.00590	0.00827	0.01178	0.04771	0.01324	0.71836	0.08269	0.00363	0.00410	0.00537	0.01219	0.00256
30	0.05603	0.00922	0.01222	0.08610	0.32668	0.03165	0.01818	0.25525	0.09821	0.02510	0.00867	0.01973	0.00677	0.00407	0.00370	0.00115	0.00422	0.00347	0.00272	0.02686
31	0.00891	0.00774	0.00924	0.00871	0.13170	0.03837	0.00591	0.06655	0.06798	0.02677	0.00854	0.02556	0.02210	0.00355	0.00320	0.00079	0.00330	0.00294	0.00249	0.55564

[dist]
# distance from previous block
# <min> <max>
0	1

[block]
# block no. 2 follows, 72 sequences, length 16
# corresponding to MSA columns:
# 1471-1486
name=unknown_C
#
# <colnr> <probs for GDERKNQSTAVLIFYWHMCP>
#	G	D	E	R	K	N	Q	S	T	A	V	L	I	F	Y	W	H	M	C	P
0	0.00681	0.00445	0.00560	0.03484	0.00683	0.00442	0.00402	0.03764	0.06256	0.07203	0.09223	0.21772	0.13559	0.11532	0.02752	0.13889	0.00298	0.02393	0.00316	0.00344
1	0.00754	0.00556	0.00740	0.00812	0.11709	0.00566	0.00542	0.01043	0.13623	0.08534	0.22539	0.08173	0.10013	0.05205	0.05828	0.00171	0.02911	0.05502	0.00341	0.00438
2	0.00909	0.00722	0.00768	0.00671	0.00861	0.03401	0.00525	0.14987	0.33541	0.04794	0.22759	0.01925	0.11292	0.00617	0.00406	0.00122	0.00289	0.00515	0.00386	0.00510
3	0.02554	0.00436	0.00516	0.00519	0.00604	0.00434	0.00368	0.00823	0.10128	0.05982	0.08010	0.29371	0.13952	0.16754	0.05855	0.00207	0.00304	0.00723	0.02101	0.00357
4	0.02216	0.00412	0.00501	0.00523	0.00601	0.00395	0.00373	0.02810	0.03683	0.06254	0.07801	0.43827	0.13183	0.08823	0.00588	0.00162	0.00247	0.04343	0.02908	0.00351
5	0.00670	0.00658	0.01260	0.00996	0.01194	0.00617	0.38080	0.00854	0.00809	0.01080	0.03737	0.28760	0.09123	0.07504	0.02690	0.00167	0.00439	0.00696	0.00267	0.00398
6	0.00647	0.00513	0.00556	0.00521	0.00663	0.00507	0.00394	0.06518	0.16728	0.02669	0.13307	0.09491	0.41764	0.03413	0.00478	0.00135	0.00236	0.00691	0.00367	0.00402
7	0.00654	0.00413	0.00499	0.00492	0.00579	0.00389	0.00353	0.02178	0.02456	0.08652	0.17631	0.21462	0.14270	0.17548	0.00725	0.00176	0.00253	0.03871	0.07048	0.00351
8	0.05610	0.00499	0.00585	0.00549	0.00682	0.00486	0.00410	0.06037	0.06412	0.14879	0.11321	0.27290	0.15555	0.05818	0.00511	0.00145	0.00257	0.00694	0.01846	0.00413
9	0.00652	0.00436	0.00539	0.00551	0.00640	0.00421	0.00413	0.05303	0.02665	0.06332	0.08479	0.30129	0.14016	0.09127	0.00623	0.02058	0.00270	0.14738	0.02253	0.00357
10	0.01027	0.00890	0.00805	0.00719	0.00887	0.19600	0.00548	0.13205	0.15254	0.07941	0.08006	0.09743	0.03887	0.05105	0.05950	0.03422	0.00432	0.00467	0.01647	0.00462
11	0.15620	0.00582	0.00670	0.00594	0.00775	0.00580	0.00462	0.06656	0.05955	0.27080	0.06180	0.20777	0.04862	0.03964	0.00448	0.00137	0.00286	0.02206	0.01696	0.00471
12	0.00615	0.00446	0.00510	0.00505	0.00594	0.00436	0.00361	0.05890	0.06291	0.02635	0.06647	0.20324	0.24149	0.20620	0.00809	0.02100	0.00272	0.04645	0.01807	0.00342
13	0.01137	0.08525	0.01048	0.00828	0.01058	0.22917	0.00655	0.12293	0.44427	0.01459	0.01125	0.01090	0.00860	0.00458	0.00361	0.00115	0.00424	0.00350	0.00316	0.00555
14	0.00576	0.00387	0.00467	0.00471	0.00551	0.00352	0.00334	0.00665	0.00827	0.06284	0.19310	0.21450	0.25180	0.16256	0.00740	0.02029	0.00243	0.03204	0.00347	0.00327
15	0.04296	0.00427	0.00493	0.00485	0.00546	0.00427	0.00324	0.03994	0.02572	0.03804	0.09073	0.18704	0.07724	0.41213	0.04073	0.00260	0.00327	0.00648	0.00296	0.00313

[dist]
# distance from previous block
# <min> <max>
0	7

[block]
# block no. 3 follows, 72 sequences, length 7
# corresponding to MSA columns:
# 1499-1505
name=unknown_D
#
# <colnr> <probs for GDERKNQSTAVLIFYWHMCP>
#	G	D	E	R	K	N	Q	S	T	A	V	L	I	F	Y	W	H	M	C	P
0	0.06149	0.03626	0.01008	0.02201	0.06065	0.02070	0.10288	0.07191	0.07292	0.04213	0.07117	0.09026	0.04636	0.04760	0.00631	0.03917	0.10790	0.08301	0.00281	0.00437
1	0.02621	0.07731	0.06503	0.02164	0.01057	0.15516	0.02102	0.21060	0.08806	0.07861	0.02309	0.06344	0.05728	0.03873	0.00431	0.00123	0.00421	0.01610	0.00300	0.03441
2	0.03509	0.00416	0.00479	0.00482	0.00543	0.00412	0.00331	0.03190	0.03109	0.01035	0.11462	0.15237	0.13639	0.35553	0.01075	0.02712	0.00293	0.05916	0.00303	0.00305
3	0.03798	0.00643	0.00727	0.00565	0.00820	0.00559	0.00440	0.08567	0.04388	0.01346	0.09971	0.01354	0.05440	0.08615	0.00477	0.00107	0.00287	0.00355	0.00274	0.51266
4	0.00600	0.00398	0.00479	0.00487	0.00551	0.00376	0.00331	0.03346	0.00787	0.06029	0.10051	0.32566	0.15041	0.26165	0.00890	0.00206	0.00268	0.00775	0.00330	0.00323
5	0.00624	0.00454	0.00527	0.00526	0.00622	0.00445	0.00379	0.05253	0.09008	0.04017	0.08964	0.30359	0.22204	0.12114	0.00643	0.00167	0.00254	0.02726	0.00350	0.00365
6	0.15948	0.00845	0.00895	0.00733	0.00987	0.00920	0.00596	0.36020	0.16451	0.10017	0.03995	0.03422	0.00927	0.00494	0.00363	0.00119	0.00345	0.02974	0.00360	0.03591

[dist]
# distance from previous block
# <min> <max>
0	1

[block]
# block no. 4 follows, 72 sequences, length 8
# corresponding to MSA columns:
# 1507-1514
name=unknown_E
#
# <colnr> <probs for GDERKNQSTAVLIFYWHMCP>
#	G	D	E	R	K	N	Q	S	T	A	V	L	I	F	Y	W	H	M	C	P
0	0.05505	0.00469	0.00524	0.00528	0.00621	0.02971	0.00388	0.02233	0.04538	0.03421	0.14824	0.24622	0.18600	0.04461	0.00601	0.08614	0.00261	0.06142	0.00333	0.00342
1	0.02802	0.00387	0.00467	0.00490	0.00561	0.00360	0.00347	0.00654	0.00794	0.05095	0.12499	0.33443	0.19396	0.15046	0.00700	0.00178	0.00248	0.05863	0.00343	0.00326
2	0.03536	0.00488	0.00572	0.00549	0.00663	0.00486	0.00412	0.09536	0.04224	0.05236	0.15974	0.21586	0.17000	0.09059	0.03673	0.00173	0.00291	0.05810	0.00352	0.00382
3	0.08234	0.00785	0.00916	0.00728	0.00986	0.02799	0.04798	0.19221	0.09231	0.12729	0.03883	0.06394	0.03417	0.00484	0.00387	0.00108	0.03081	0.00391	0.00322	0.21109
4	0.00828	0.00545	0.00636	0.02055	0.00747	0.01856	0.00440	0.09580	0.04845	0.13964	0.09877	0.15502	0.19126	0.09830	0.03308	0.00167	0.00309	0.02648	0.00353	0.03382
5	0.00625	0.00387	0.00551	0.00529	0.00569	0.00382	0.03352	0.02495	0.00613	0.00808	0.01232	0.08913	0.10109	0.12994	0.05426	0.49718	0.00358	0.00484	0.00218	0.00236
6	0.06210	0.02637	0.01171	0.17404	0.24748	0.06568	0.03105	0.11345	0.03835	0.05024	0.00843	0.01155	0.00699	0.00484	0.00464	0.05019	0.03182	0.05366	0.00238	0.00502
7	0.00975	0.00795	0.01076	0.09882	0.22131	0.03369	0.03918	0.15847	0.09775	0.07238	0.03422	0.04869	0.07257	0.05761	0.01883	0.00143	0.00408	0.00441	0.00289	0.00518

[dist]
# distance from previous block
# <min> <max>
1	4

[block]
# block no. 5 follows, 72 sequences, length 13
# corresponding to MSA columns:
# 1519-1531
name=unknown_F
#
# <colnr> <probs for GDERKNQSTAVLIFYWHMCP>
#	G	D	E	R	K	N	Q	S	T	A	V	L	I	F	Y	W	H	M	C	P
0	0.02430	0.04442	0.01138	0.02974	0.05028	0.30357	0.08710	0.09825	0.00967	0.01164	0.00716	0.00948	0.00616	0.06478	0.05119	0.00148	0.05184	0.00311	0.00218	0.13226
1	0.01036	0.11241	0.10946	0.04869	0.12873	0.08721	0.03002	0.14468	0.11122	0.04672	0.00982	0.01056	0.04764	0.00436	0.00402	0.00113	0.04677	0.00341	0.00256	0.04022
2	0.00944	0.00920	0.01457	0.11621	0.61994	0.04943	0.04308	0.03680	0.00888	0.01228	0.00709	0.00931	0.00583	0.00346	0.00374	0.00112	0.00468	0.00333	0.00193	0.03965
3	0.00839	0.08798	0.57883	0.01181	0.08910	0.00953	0.08000	0.04160	0.03552	0.01235	0.00714	0.00839	0.00528	0.00360	0.00361	0.00117	0.00531	0.00300	0.00181	0.00558
4	0.00497	0.00372	0.00500	0.00610	0.04692	0.00349	0.00399	0.00581	0.00758	0.01002	0.03766	0.65633	0.10193	0.03146	0.00511	0.00155	0.00239	0.05929	0.00342	0.00325
5	0.01315	0.00996	0.00988	0.00816	0.01073	0.11538	0.00652	0.30495	0.29573	0.16683	0.01192	0.01123	0.00854	0.00470	0.00377	0.00117	0.00394	0.00366	0.00375	0.00604
6	0.00470	0.00368	0.00417	0.00438	0.00522	0.00325	0.00310	0.00560	0.00826	0.01045	0.12513	0.26864	0.45453	0.07443	0.00570	0.00152	0.00212	0.00847	0.00351	0.00314
7	0.03839	0.00705	0.00784	0.00699	0.00888	0.00767	0.00552	0.17032	0.32464	0.07105	0.08222	0.10458	0.04296	0.02504	0.00442	0.00136	0.00308	0.07906	0.00376	0.00516
8	0.68859	0.01007	0.14254	0.00626	0.00911	0.06713	0.00594	0.01157	0.00700	0.01567	0.00557	0.00651	0.00427	0.00356	0.00263	0.00116	0.00364	0.00220	0.00220	0.00437
9	0.08375	0.21345	0.16042	0.01018	0.12741	0.07101	0.00843	0.15170	0.03567	0.05188	0.00764	0.02951	0.00615	0.00404	0.00351	0.00109	0.02339	0.00302	0.00237	0.00538
10	0.01065	0.00796	0.00957	0.07418	0.04602	0.00875	0.00666	0.36817	0.10420	0.05352	0.01053	0.05458	0.00855	0.00963	0.17432	0.00216	0.00514	0.00399	0.00317	0.03825
11	0.00569	0.00415	0.00496	0.00473	0.00586	0.00378	0.00359	0.03408	0.01001	0.03762	0.44343	0.07181	0.31287	0.00849	0.00448	0.00126	0.00203	0.03366	0.00390	0.00360
12	0.04387	0.12164	0.01248	0.09798	0.11030	0.32196	0.04817	0.06119	0.03380	0.01146	0.03406	0.02366	0.00673	0.00403	0.00358	0.00105	0.01757	0.00309	0.00216	0.04122

[dist]
# distance from previous block
# <min> <max>
6	9

[block]
# block no. 6 follows, 72 sequences, length 24
# corresponding to MSA columns:
# 1542-1565
name=unknown_G
#
# <colnr> <probs for GDERKNQSTAVLIFYWHMCP>
#	G	D	E	R	K	N	Q	S	T	A	V	L	I	F	Y	W	H	M	C	P
0	0.01273	0.11834	0.02813	0.00852	0.02728	0.18459	0.00687	0.37413	0.05266	0.05761	0.00862	0.00985	0.00681	0.06923	0.00484	0.00127	0.01686	0.00325	0.00297	0.00544
1	0.01273	0.05024	0.05246	0.01029	0.08632	0.08092	0.05554	0.42252	0.03803	0.08185	0.00871	0.00919	0.00639	0.00425	0.00400	0.00113	0.03447	0.00331	0.00310	0.03454
2	0.00800	0.00786	0.01119	0.07353	0.01094	0.01086	0.00820	0.00899	0.00596	0.00915	0.00550	0.00893	0.00532	0.00805	0.07442	0.00196	0.73199	0.00338	0.00169	0.00410
3	0.00530	0.00366	0.00413	0.00422	0.00439	0.00356	0.00249	0.00548	0.00606	0.00793	0.01595	0.11140	0.11148	0.67996	0.01611	0.00318	0.00332	0.00634	0.00256	0.00248
4	0.00946	0.00863	0.01376	0.05667	0.63558	0.00880	0.01033	0.10789	0.00962	0.01342	0.00936	0.04594	0.04523	0.00417	0.00384	0.00116	0.00428	0.00390	0.00224	0.00573
5	0.89350	0.00733	0.00557	0.00499	0.00733	0.00851	0.00411	0.01115	0.00645	0.01702	0.00528	0.00616	0.00411	0.00352	0.00235	0.00117	0.00293	0.00205	0.00235	0.00411
6	0.01094	0.00860	0.05151	0.17109	0.24661	0.00844	0.09899	0.05746	0.00929	0.22065	0.00901	0.01033	0.00654	0.00408	0.00451	0.00122	0.06896	0.00358	0.00263	0.00555
7	0.00694	0.00616	0.00885	0.00958	0.12473	0.00740	0.00654	0.00828	0.03350	0.00980	0.01099	0.21318	0.01176	0.07548	0.13405	0.00236	0.30134	0.02278	0.00234	0.00395
8	0.00816	0.00797	0.07069	0.00711	0.00928	0.00791	0.00594	0.01607	0.57209	0.01443	0.05315	0.01893	0.16287	0.00606	0.00401	0.00128	0.00296	0.02213	0.00363	0.00531
9	0.00466	0.00385	0.00409	0.00403	0.00523	0.00328	0.00302	0.00579	0.00907	0.01126	0.20264	0.03483	0.67667	0.00923	0.00448	0.00126	0.00189	0.00777	0.00366	0.00328
10	0.00883	0.00875	0.01500	0.12870	0.37542	0.00952	0.16307	0.01169	0.07042	0.01169	0.00744	0.00981	0.00608	0.00409	0.00540	0.00128	0.15192	0.00364	0.00197	0.00528
11	0.00494	0.00386	0.00464	0.00466	0.00554	0.00372	0.00343	0.00595	0.00765	0.00985	0.08694	0.06872	0.40904	0.11142	0.24937	0.00294	0.00449	0.00664	0.00301	0.00318
12	0.00543	0.00390	0.00576	0.00601	0.00660	0.00362	0.05685	0.00633	0.00765	0.04394	0.05237	0.74148	0.02363	0.01087	0.00476	0.00149	0.00250	0.00994	0.00349	0.00337
13	0.00786	0.00674	0.00786	0.00562	0.00899	0.00506	0.00449	0.00955	0.00786	0.01236	0.00674	0.00786	0.00562	0.00281	0.00281	0.00056	0.00281	0.00225	0.00225	0.88990
14	0.00894	0.31806	0.43917	0.01007	0.05209	0.01096	0.06357	0.01196	0.00807	0.03521	0.00657	0.00768	0.00508	0.00347	0.00326	0.00106	0.00499	0.00269	0.00173	0.00536
15	0.01434	0.01281	0.01120	0.00903	0.01175	0.25860	0.00724	0.59076	0.01575	0.01960	0.00815	0.00844	0.00599	0.00436	0.00368	0.00109	0.00496	0.00313	0.00325	0.00585
16	0.01059	0.00843	0.00905	0.00776	0.00999	0.00947	0.00612	0.29843	0.45231	0.01802	0.03411	0.09554	0.01172	0.00566	0.00395	0.00126	0.00330	0.00468	0.00381	0.00581
17	0.01455	0.00593	0.00790	0.00624	0.00880	0.00512	0.00509	0.01598	0.01058	0.67710	0.08512	0.01701	0.11204	0.00554	0.00395	0.00119	0.00295	0.00457	0.00451	0.00583
18	0.00734	0.00656	0.02507	0.04863	0.27137	0.00655	0.02496	0.01004	0.09409	0.01190	0.08256	0.11810	0.02273	0.05533	0.02997	0.00162	0.01375	0.16209	0.00281	0.00454
19	0.00508	0.00359	0.00441	0.00489	0.00518	0.00344	0.00325	0.00562	0.00686	0.00901	0.01898	0.40050	0.09117	0.33225	0.01027	0.00234	0.00285	0.08439	0.00306	0.00284
20	0.01417	0.01808	0.01075	0.00977	0.01172	0.85149	0.00733	0.01514	0.01075	0.00928	0.00586	0.00684	0.00489	0.00391	0.00342	0.00098	0.00684	0.00244	0.00195	0.00440
21	0.00778	0.00665	0.00777	0.00559	0.00888	0.00501	0.00446	0.00947	0.00796	0.01245	0.03420	0.00854	0.00661	0.00297	0.00286	0.00058	0.00278	0.00240	0.00231	0.86073
22	0.00585	0.00411	0.00504	0.04001	0.00592	0.00430	0.00338	0.02562	0.02546	0.00853	0.01245	0.07916	0.01376	0.59074	0.10817	0.01509	0.00433	0.04285	0.00244	0.00278
23	0.06759	0.07850	0.02909	0.01808	0.01064	0.21575	0.04265	0.03839	0.00801	0.04482	0.00642	0.00881	0.00565	0.03718	0.04177	0.00158	0.33556	0.00309	0.00202	0.00441

[dist]
# distance from previous block
# <min> <max>
0	1

[block]
# block no. 7 follows, 72 sequences, length 7
# corresponding to MSA columns:
# 1567-1573
name=unknown_H
#
# <colnr> <probs for GDERKNQSTAVLIFYWHMCP>
#	G	D	E	R	K	N	Q	S	T	A	V	L	I	F	Y	W	H	M	C	P
0	0.04047	0.29345	0.25679	0.04080	0.05273	0.05276	0.08014	0.08859	0.00893	0.01200	0.00644	0.00770	0.00511	0.00366	0.00360	0.00108	0.03588	0.00277	0.00190	0.00520
1	0.03983	0.05058	0.01168	0.00950	0.05790	0.11808	0.09291	0.31834	0.02923	0.04194	0.03052	0.03808	0.07919	0.00497	0.00416	0.00116	0.04036	0.00399	0.00299	0.02461
2	0.03402	0.00473	0.00575	0.00554	0.00620	0.00511	0.00401	0.05180	0.05155	0.01046	0.08069	0.07446	0.05210	0.31292	0.14729	0.04326	0.04805	0.05607	0.00272	0.00329
3	0.00707	0.00353	0.00353	0.00353	0.00442	0.00353	0.00265	0.00884	0.00795	0.01414	0.01237	0.01414	0.00972	0.00442	0.00265	0.00088	0.00177	0.00353	0.88777	0.00353
4	0.00509	0.00400	0.00562	0.00572	0.00647	0.00370	0.05791	0.00609	0.00787	0.01028	0.07254	0.47656	0.19068	0.06193	0.00562	0.00159	0.00258	0.06914	0.00338	0.00325
5	0.06332	0.17886	0.11521	0.03630	0.01139	0.05992	0.05365	0.11165	0.07880	0.01309	0.00904	0.01011	0.04557	0.02949	0.00375	0.00107	0.00410	0.00312	0.00238	0.16917
6	0.09861	0.08088	0.06253	0.02638	0.03604	0.10705	0.03584	0.07749	0.02590	0.04172	0.04656	0.09784	0.01079	0.02352	0.00418	0.00122	0.02078	0.09396	0.00268	0.10604

[dist]
# distance from previous block
# <min> <max>
2	15

[block]
# block no. 8 follows, 72 sequences, length 12
# corresponding to MSA columns:
# 1601-1612
name=unknown_I
#
# <colnr> <probs for GDERKNQSTAVLIFYWHMCP>
#	G	D	E	R	K	N	Q	S	T	A	V	L	I	F	Y	W	H	M	C	P
0	0.01006	0.07124	0.08004	0.00959	0.11925	0.04011	0.02618	0.12924	0.09618	0.10717	0.01206	0.04211	0.06712	0.05883	0.02013	0.00140	0.03919	0.01470	0.00287	0.05252
1	0.00540	0.00387	0.00455	0.00463	0.00562	0.00342	0.00340	0.00648	0.00875	0.05349	0.18480	0.23231	0.40079	0.03063	0.00492	0.00140	0.00213	0.03634	0.00367	0.00340
2	0.04287	0.05841	0.09168	0.04283	0.20555	0.12927	0.10517	0.05327	0.03155	0.01190	0.00763	0.03695	0.00657	0.00496	0.02694	0.00132	0.09633	0.01726	0.00209	0.02745
3	0.00504	0.00385	0.00468	0.00488	0.00580	0.00349	0.00373	0.00634	0.00907	0.01183	0.27293	0.16638	0.33328	0.00956	0.00466	0.00137	0.00219	0.14387	0.00371	0.00334
4	0.00786	0.00674	0.00786	0.00562	0.00899	0.00506	0.00449	0.00955	0.00786	0.01236	0.00674	0.00786	0.00562	0.00281	0.00281	0.00056	0.00281	0.00225	0.00225	0.88990
5	0.00469	0.00377	0.00418	0.00425	0.00529	0.00326	0.00312	0.00578	0.00888	0.01120	0.20295	0.15612	0.55412	0.00955	0.00453	0.00130	0.00193	0.00817	0.00366	0.00326
6	0.00781	0.01038	0.20926	0.44995	0.19666	0.00868	0.04239	0.01074	0.00796	0.01090	0.00687	0.00947	0.00522	0.00364	0.00377	0.00122	0.00512	0.00328	0.00171	0.00495
7	0.00515	0.00375	0.00444	0.00455	0.00511	0.00354	0.00311	0.00591	0.00756	0.00994	0.15900	0.14175	0.21709	0.32565	0.04373	0.00240	0.00299	0.04827	0.00312	0.00294
8	0.01371	0.01818	0.06893	0.00984	0.01205	0.79287	0.00779	0.01493	0.01056	0.00947	0.00593	0.00692	0.00488	0.00389	0.00343	0.00099	0.00675	0.00247	0.00193	0.00448
9	0.01335	0.00962	0.01043	0.00829	0.01109	0.01062	0.00675	0.55001	0.22985	0.09255	0.01125	0.01074	0.00803	0.00472	0.00381	0.00118	0.00379	0.00368	0.00389	0.00633
10	0.01030	0.00858	0.00906	0.00789	0.01019	0.00984	0.00621	0.16099	0.69396	0.01726	0.01434	0.01327	0.01069	0.00504	0.00385	0.00126	0.00321	0.00414	0.00385	0.00608
11	0.05845	0.03890	0.11858	0.00847	0.01143	0.08093	0.02005	0.38328	0.10022	0.05098	0.00969	0.01012	0.02179	0.00608	0.06263	0.00149	0.00476	0.00339	0.00310	0.00565

[dist]
# distance from previous block
# <min> <max>
2	4

[block]
# block no. 9 follows, 72 sequences, length 11
# corresponding to MSA columns:
# 1617-1627
name=unknown_J
#
# <colnr> <probs for GDERKNQSTAVLIFYWHMCP>
#	G	D	E	R	K	N	Q	S	T	A	V	L	I	F	Y	W	H	M	C	P
0	0.00676	0.00456	0.00560	0.00544	0.00605	0.00475	0.00378	0.06471	0.03910	0.05166	0.02955	0.19816	0.01508	0.37198	0.11447	0.02221	0.02386	0.02611	0.00284	0.00332
1	0.00502	0.00360	0.00453	0.00484	0.00547	0.00329	0.00345	0.00579	0.00815	0.01073	0.19971	0.34990	0.23071	0.01051	0.00580	0.10030	0.00221	0.03947	0.00345	0.00307
2	0.00850	0.01056	0.10328	0.06822	0.04770	0.00909	0.62630	0.01162	0.00868	0.01186	0.00817	0.05263	0.00659	0.00372	0.00434	0.00128	0.00596	0.00452	0.00195	0.00504
3	0.00487	0.00361	0.00448	0.00490	0.00554	0.00329	0.00350	0.00579	0.00819	0.01072	0.15978	0.41984	0.23912	0.02713	0.00526	0.02489	0.00220	0.06018	0.00355	0.00317
4	0.00857	0.01378	0.33341	0.01323	0.07803	0.07235	0.32686	0.01184	0.00856	0.01175	0.02463	0.00974	0.00621	0.00511	0.05764	0.00152	0.00613	0.00363	0.00185	0.00517
5	0.03975	0.00616	0.00917	0.06243	0.00972	0.00764	0.06269	0.00815	0.00624	0.00935	0.00804	0.01278	0.00769	0.10498	0.33950	0.00353	0.29265	0.00388	0.00192	0.00373
6	0.00743	0.00682	0.00925	0.23050	0.14177	0.03763	0.00736	0.01071	0.14660	0.01160	0.08597	0.05865	0.12483	0.00720	0.05824	0.00157	0.04188	0.00484	0.00267	0.00449
7	0.10912	0.34203	0.01309	0.00730	0.02694	0.05029	0.00618	0.14358	0.16095	0.03829	0.06100	0.00976	0.00837	0.00419	0.00314	0.00104	0.00373	0.00307	0.00273	0.00521
8	0.00617	0.00439	0.00544	0.00520	0.00635	0.00388	0.00372	0.00711	0.00746	0.05147	0.04063	0.34024	0.08269	0.14812	0.06026	0.00192	0.00312	0.02308	0.00303	0.19572
9	0.00996	0.27432	0.16190	0.00812	0.01105	0.12903	0.03137	0.09137	0.02184	0.04223	0.00759	0.00930	0.00632	0.02954	0.14839	0.00194	0.00579	0.00297	0.00212	0.00485
10	0.01203	0.12940	0.01150	0.00900	0.04211	0.32732	0.00691	0.08961	0.26181	0.04476	0.00937	0.00952	0.00728	0.00431	0.00363	0.00109	0.01919	0.00314	0.00275	0.00527

[dist]
# distance from previous block
# <min> <max>
1	4

[block]
# block no. 10 follows, 72 sequences, length 8
# corresponding to MSA columns:
# 1632-1639
name=unknown_K
#
# <colnr> <probs for GDERKNQSTAVLIFYWHMCP>
#	G	D	E	R	K	N	Q	S	T	A	V	L	I	F	Y	W	H	M	C	P
0	0.01851	0.03148	0.05548	0.03556	0.03992	0.00501	0.00479	0.01778	0.02402	0.02182	0.22887	0.06575	0.17201	0.13583	0.03248	0.00169	0.00309	0.01797	0.00305	0.08490
1	0.01032	0.01212	0.21056	0.03030	0.11093	0.04713	0.09037	0.26070	0.07080	0.01551	0.00918	0.01022	0.03242	0.00485	0.02296	0.00131	0.04860	0.00354	0.00258	0.00561
2	0.00731	0.00695	0.00753	0.00709	0.00811	0.13604	0.05669	0.03258	0.06051	0.01063	0.05613	0.34548	0.04872	0.05432	0.09843	0.00200	0.04802	0.00678	0.00292	0.00377
3	0.00539	0.00424	0.00570	0.09211	0.02717	0.00430	0.00449	0.00642	0.00785	0.01034	0.13059	0.30236	0.19969	0.06267	0.02848	0.03668	0.03562	0.02945	0.00312	0.00331
4	0.01265	0.06831	0.01072	0.00893	0.01084	0.61515	0.00688	0.06465	0.01062	0.01049	0.04527	0.00978	0.05736	0.00456	0.00395	0.00104	0.04908	0.00306	0.00223	0.00443
5	0.00528	0.00381	0.00497	0.00504	0.00552	0.00394	0.00353	0.00615	0.00684	0.00939	0.12110	0.12252	0.08008	0.28685	0.31406	0.00379	0.00546	0.00598	0.00268	0.00302
6	0.00945	0.00907	0.06129	0.00925	0.04710	0.00927	0.08506	0.08746	0.55858	0.01553	0.01444	0.01390	0.05233	0.00497	0.00392	0.00126	0.00359	0.00429	0.00343	0.00579
7	0.14540	0.00933	0.07686	0.07437	0.26364	0.02456	0.04188	0.07195	0.16718	0.05297	0.00922	0.03076	0.00724	0.00414	0.00360	0.00120	0.00408	0.00353	0.00260	0.00547

[dist]
# distance from previous block
# <min> <max>
12	38

[block]
# block no. 11 follows, 72 sequences, length 34
# corresponding to MSA columns:
# 1697-1729,1733
name=unknown_L
#
# <colnr> <probs for GDERKNQSTAVLIFYWHMCP>
#	G	D	E	R	K	N	Q	S	T	A	V	L	I	F	Y	W	H	M	C	P
0	0.06954	0.47748	0.02929	0.00794	0.05457	0.01236	0.01666	0.12566	0.02671	0.02960	0.00701	0.03777	0.00614	0.00432	0.01381	0.00106	0.05000	0.00283	0.00219	0.02507
1	0.02287	0.10783	0.10216	0.02425	0.07526	0.10623	0.03137	0.16739	0.06283	0.08095	0.00854	0.02611	0.00669	0.00458	0.02399	0.00115	0.00446	0.00316	0.00264	0.13753
2	0.01026	0.01030	0.02642	0.26891	0.09887	0.18698	0.03283	0.15771	0.07256	0.01323	0.03579	0.01120	0.02411	0.00436	0.00379	0.00117	0.00489	0.01991	0.00247	0.01423
3	0.00524	0.00417	0.00459	0.00446	0.00566	0.00374	0.00336	0.04898	0.00951	0.01208	0.22129	0.09378	0.54034	0.00909	0.00448	0.00128	0.00205	0.01875	0.00369	0.00345
4	0.00862	0.00733	0.01004	0.14781	0.07225	0.02487	0.07807	0.17234	0.05201	0.01260	0.01041	0.06798	0.02339	0.22829	0.00853	0.00190	0.06204	0.00460	0.00256	0.00437
5	0.00551	0.00442	0.02486	0.00593	0.00661	0.00475	0.00460	0.00670	0.00612	0.00871	0.01097	0.03526	0.02467	0.15113	0.65880	0.00535	0.02578	0.00445	0.00211	0.00328
6	0.00536	0.00377	0.00484	0.00517	0.00575	0.00365	0.00364	0.00641	0.02244	0.03490	0.09120	0.42302	0.12500	0.10184	0.12933	0.00235	0.00351	0.02130	0.00327	0.00326
7	0.00963	0.05253	0.36236	0.01054	0.03281	0.10327	0.12136	0.05724	0.04535	0.07117	0.03219	0.04266	0.00736	0.00429	0.00403	0.00119	0.03087	0.00358	0.00228	0.00530
8	0.00532	0.00381	0.00487	0.00507	0.00586	0.00356	0.00377	0.00655	0.00871	0.03161	0.27489	0.27955	0.18743	0.02057	0.06721	0.00175	0.00276	0.07969	0.00362	0.00339
9	0.00888	0.02074	0.05785	0.05106	0.01078	0.04211	0.00587	0.09850	0.04189	0.01340	0.00729	0.00830	0.00582	0.00324	0.00307	0.00075	0.00343	0.00255	0.00239	0.61208
10	0.00482	0.00368	0.00434	0.00452	0.00531	0.00330	0.00321	0.00584	0.00858	0.01117	0.23825	0.27286	0.34332	0.06651	0.00556	0.00149	0.00208	0.00835	0.00361	0.00320
11	0.01012	0.11608	0.10556	0.07734	0.17303	0.11348	0.06717	0.12832	0.07739	0.01309	0.01612	0.03429	0.01571	0.00420	0.00382	0.00113	0.02241	0.00348	0.00233	0.01495
12	0.00967	0.04710	0.16558	0.09854	0.28897	0.06193	0.11746	0.06310	0.00914	0.05235	0.00768	0.02682	0.00610	0.00385	0.00399	0.00118	0.02553	0.00348	0.00209	0.00544
13	0.00743	0.00606	0.00692	0.00546	0.00807	0.00503	0.00429	0.00988	0.09496	0.03983	0.04676	0.04177	0.18180	0.00500	0.00343	0.00086	0.00260	0.00415	0.00287	0.52284
14	0.87116	0.00731	0.00566	0.00503	0.00739	0.00843	0.00414	0.01134	0.00657	0.03814	0.00553	0.00633	0.00424	0.00355	0.00238	0.00117	0.00294	0.00210	0.00241	0.00417
15	0.00634	0.00480	0.00635	0.02690	0.04002	0.00505	0.01716	0.07150	0.02038	0.01035	0.01474	0.26158	0.03939	0.25801	0.12599	0.00273	0.02905	0.05340	0.00280	0.00344
16	0.00542	0.00406	0.00610	0.00610	0.00677	0.00474	0.00474	0.00677	0.00610	0.00880	0.01016	0.01490	0.00948	0.02844	0.85169	0.00610	0.01016	0.00406	0.00203	0.00339
17	0.00895	0.00949	0.07379	0.25761	0.21195	0.00918	0.23533	0.09456	0.02004	0.01272	0.00773	0.01046	0.00603	0.00375	0.00399	0.00123	0.00518	0.02075	0.00207	0.00521
18	0.00467	0.00373	0.00418	0.00433	0.00530	0.00324	0.00315	0.00571	0.00870	0.01099	0.17512	0.22299	0.51495	0.00980	0.00456	0.00132	0.00196	0.00843	0.00364	0.00324
19	0.04704	0.00796	0.01118	0.04026	0.35602	0.03987	0.00825	0.06802	0.00927	0.09854	0.06257	0.03849	0.07777	0.00518	0.00474	0.00123	0.08991	0.02586	0.00266	0.00517
20	0.00933	0.00957	0.04939	0.08431	0.36260	0.04370	0.16876	0.07859	0.06703	0.01312	0.03048	0.02983	0.02764	0.00408	0.00395	0.00119	0.00474	0.00396	0.00229	0.00545
21	0.03086	0.00441	0.00537	0.00487	0.00626	0.00394	0.00374	0.00873	0.00995	0.16158	0.41730	0.04489	0.26811	0.00773	0.00431	0.00122	0.00212	0.00661	0.00401	0.00398
22	0.00646	0.00535	0.00724	0.04955	0.05443	0.00550	0.04419	0.02517	0.16313	0.01237	0.16674	0.28020	0.10778	0.02059	0.03220	0.00152	0.00303	0.00705	0.00338	0.00411
23	0.01012	0.84205	0.01952	0.00653	0.00974	0.01483	0.00647	0.01163	0.03364	0.00914	0.00559	0.00634	0.00508	0.00330	0.00248	0.00083	0.00402	0.00210	0.00169	0.00490
24	0.01165	0.08516	0.01154	0.01024	0.14523	0.04058	0.00721	0.37085	0.10518	0.05389	0.07805	0.02706	0.02690	0.00479	0.00375	0.00113	0.00386	0.00387	0.00329	0.00575
25	0.01049	0.07496	0.02750	0.01729	0.47790	0.15013	0.05111	0.06734	0.03777	0.01238	0.00715	0.00885	0.00589	0.00369	0.00391	0.00111	0.03167	0.00320	0.00206	0.00557
26	0.27913	0.06009	0.02879	0.00924	0.08706	0.25946	0.06077	0.01231	0.00839	0.05362	0.00715	0.03617	0.00611	0.03592	0.02193	0.00131	0.02276	0.00303	0.00223	0.00452
27	0.00687	0.00605	0.00698	0.03268	0.11007	0.08191	0.00527	0.02100	0.05571	0.01048	0.03355	0.30334	0.07381	0.14940	0.00686	0.00175	0.00340	0.08416	0.00296	0.00374
28	0.13153	0.06554	0.01086	0.03666	0.05264	0.28427	0.04209	0.16300	0.02224	0.03633	0.06482	0.00980	0.02199	0.00430	0.00362	0.00109	0.02086	0.00318	0.00259	0.02259
29	0.00470	0.00364	0.00430	0.00471	0.00548	0.00324	0.00339	0.00563	0.00820	0.01042	0.08805	0.39412	0.38458	0.01050	0.00468	0.00141	0.00212	0.05407	0.00357	0.00319
30	0.00789	0.00750	0.01264	0.57021	0.28205	0.00871	0.01081	0.01028	0.00786	0.01052	0.00681	0.00983	0.00535	0.00375	0.00404	0.00123	0.03061	0.00337	0.00174	0.00477
31	0.00754	0.00625	0.00643	0.00603	0.00753	0.05495	0.00459	0.09343	0.17079	0.03278	0.04217	0.20440	0.26476	0.00851	0.02478	0.00141	0.00300	0.02830	0.00350	0.02885
32	0.00635	0.00490	0.00656	0.00627	0.00711	0.02767	0.01960	0.00804	0.04997	0.03660	0.03174	0.04047	0.03583	0.10805	0.56192	0.00469	0.03374	0.00453	0.00236	0.00358
33	0.03565	0.00903	0.01463	0.14183	0.42705	0.05441	0.14742	0.01148	0.02215	0.01185	0.00742	0.01010	0.00612	0.00412	0.02105	0.00126	0.01587	0.01757	0.00195	0.03905

[dist]
# distance from previous block
# <min> <max>
0	1

[block]
# block no. 12 follows, 72 sequences, length 16
# corresponding to MSA columns:
# 1735-1750
name=unknown_M
#
# <colnr> <probs for GDERKNQSTAVLIFYWHMCP>
#	G	D	E	R	K	N	Q	S	T	A	V	L	I	F	Y	W	H	M	C	P
0	0.01343	0.01117	0.01125	0.00989	0.08583	0.13993	0.00736	0.55121	0.01507	0.03802	0.02737	0.00924	0.00686	0.00433	0.00370	0.00108	0.00446	0.00329	0.00329	0.05322
1	0.00919	0.25714	0.17896	0.01031	0.05029	0.02731	0.13009	0.05947	0.00823	0.01116	0.00642	0.00822	0.00535	0.00504	0.03893	0.00136	0.16502	0.00302	0.00184	0.02266
2	0.00594	0.00412	0.00502	0.00504	0.00565	0.00403	0.00345	0.03968	0.03999	0.03092	0.22679	0.29599	0.04479	0.26087	0.00888	0.00204	0.00266	0.00746	0.00338	0.00331
3	0.00581	0.00442	0.00498	0.00483	0.00597	0.00416	0.00360	0.05935	0.04159	0.02424	0.18263	0.13647	0.39771	0.07307	0.00558	0.00148	0.00232	0.03462	0.00360	0.00356
4	0.00583	0.00399	0.00485	0.00463	0.00571	0.00356	0.00345	0.00718	0.00965	0.07003	0.43579	0.09500	0.29560	0.03179	0.00486	0.00131	0.00201	0.00729	0.00390	0.00358
5	0.06741	0.00748	0.00843	0.00639	0.00940	0.00686	0.00516	0.18417	0.04635	0.09252	0.05163	0.00982	0.00787	0.00376	0.00321	0.00084	0.00310	0.00295	0.00298	0.47967
6	0.00907	0.05884	0.07132	0.04001	0.02834	0.07283	0.08628	0.07425	0.03575	0.03292	0.04062	0.01221	0.03550	0.00694	0.06044	0.00165	0.28944	0.03671	0.00228	0.00462
