[name]
unknown

[dist]
# distance from previous block
# <min> <max>
0	864

[block]
# block no. 0 follows, 60 sequences, length 14
# corresponding to MSA columns:
# 864-877
name=unknown_A
#
# <colnr> <probs for GDERKNQSTAVLIFYWHMCP>
#	G	D	E	R	K	N	Q	S	T	A	V	L	I	F	Y	W	H	M	C	P
0	0.00627	0.00446	0.00534	0.00526	0.00638	0.00398	0.00385	0.00767	0.01055	0.04955	0.33987	0.16478	0.31214	0.05275	0.00605	0.00162	0.00237	0.00884	0.00433	0.00394
1	0.01054	0.01148	0.02478	0.04555	0.02265	0.01083	0.75020	0.01412	0.01031	0.04110	0.00907	0.01186	0.00673	0.00376	0.00509	0.00147	0.00718	0.00508	0.00230	0.00590
2	0.00565	0.00429	0.00498	0.00529	0.00630	0.00383	0.00391	0.00667	0.00943	0.01193	0.08162	0.22645	0.43595	0.02542	0.00619	0.04676	0.00257	0.08723	0.02194	0.00361
3	0.01379	0.01609	0.01063	0.00964	0.01175	0.55618	0.00728	0.07140	0.04771	0.01272	0.03465	0.04074	0.10986	0.00587	0.00420	0.00122	0.00623	0.00427	0.03076	0.00503
4	0.04200	0.31564	0.01502	0.00836	0.01144	0.14648	0.00718	0.13662	0.08346	0.12293	0.00992	0.01016	0.00760	0.00460	0.00360	0.00115	0.00476	0.00327	0.05981	0.00602
5	0.00639	0.00499	0.00730	0.00712	0.00800	0.00560	0.02513	0.00812	0.02718	0.01079	0.03600	0.09546	0.06589	0.04314	0.59764	0.00554	0.03321	0.00579	0.00271	0.00398
6	0.01166	0.84935	0.02285	0.00746	0.01119	0.01726	0.00746	0.01306	0.00886	0.01026	0.00606	0.00700	0.00560	0.00373	0.00280	0.00093	0.00466	0.00233	0.00187	0.00560
7	0.01230	0.00875	0.00978	0.00818	0.01034	0.00965	0.00638	0.29060	0.19077	0.09203	0.01429	0.01706	0.03634	0.17622	0.02907	0.00211	0.04942	0.00486	0.02595	0.00591
8	0.00687	0.00480	0.00716	0.00705	0.00795	0.00550	0.00550	0.00843	0.00727	0.04915	0.01195	0.01702	0.01090	0.03140	0.78981	0.00674	0.01130	0.00466	0.00248	0.00406
9	0.00949	0.01035	0.04521	0.03090	0.01861	0.00984	0.51119	0.02507	0.02403	0.01366	0.01179	0.05700	0.01072	0.00590	0.00590	0.00160	0.06631	0.13438	0.00263	0.00542
10	0.03468	0.03526	0.08504	0.00854	0.01127	0.02124	0.00738	0.23083	0.20135	0.07270	0.02636	0.04384	0.03607	0.03376	0.01754	0.02369	0.03100	0.00465	0.06875	0.00606
11	0.00952	0.05253	0.05609	0.06040	0.10675	0.00794	0.02077	0.05430	0.04820	0.07659	0.13482	0.08868	0.02576	0.05169	0.05659	0.00183	0.04226	0.00537	0.02150	0.07838
12	0.00961	0.00795	0.00923	0.00671	0.01050	0.00630	0.00537	0.03450	0.04874	0.03476	0.00855	0.00958	0.00693	0.00347	0.00335	0.00072	0.00330	0.00278	0.00280	0.78486
13	0.09342	0.00944	0.00998	0.02312	0.01139	0.01051	0.00674	0.24684	0.36601	0.01986	0.01403	0.06290	0.01133	0.04298	0.00504	0.00151	0.00385	0.00476	0.00401	0.05228

[dist]
# distance from previous block
# <min> <max>
5	34

[block]
# block no. 1 follows, 60 sequences, length 15
# corresponding to MSA columns:
# 913-927
name=unknown_B
#
# <colnr> <probs for GDERKNQSTAVLIFYWHMCP>
#	G	D	E	R	K	N	Q	S	T	A	V	L	I	F	Y	W	H	M	C	P
0	0.05431	0.03860	0.02354	0.07668	0.05191	0.14197	0.10098	0.05599	0.07815	0.02460	0.01230	0.14869	0.02264	0.06441	0.02814	0.01445	0.04923	0.00547	0.00289	0.00504
1	0.09988	0.03177	0.05857	0.04960	0.22488	0.08460	0.18240	0.04827	0.04134	0.04208	0.00942	0.04814	0.00782	0.00543	0.02669	0.00152	0.02480	0.00429	0.00258	0.00591
2	0.00678	0.00443	0.00552	0.00546	0.00597	0.00437	0.00362	0.00753	0.00810	0.04956	0.15533	0.12455	0.04245	0.43506	0.11931	0.00358	0.00452	0.00710	0.00332	0.00342
3	0.03409	0.04442	0.07027	0.01004	0.05561	0.10934	0.02184	0.15985	0.11101	0.02678	0.04627	0.08438	0.02158	0.00698	0.03719	0.00155	0.06222	0.00465	0.00322	0.08872
4	0.01121	0.01112	0.03664	0.08128	0.11503	0.08018	0.27286	0.05964	0.09177	0.05853	0.02915	0.01282	0.00860	0.03198	0.02700	0.00166	0.05739	0.00452	0.00276	0.00588
5	0.00713	0.00464	0.00610	0.00569	0.00685	0.00425	0.00428	0.00908	0.01211	0.07763	0.70773	0.08170	0.03810	0.00895	0.00511	0.00139	0.00221	0.00790	0.00480	0.00433
6	0.00904	0.00775	0.00904	0.00646	0.01034	0.00581	0.00517	0.01098	0.00904	0.01421	0.00775	0.00904	0.00646	0.00323	0.00323	0.00065	0.00323	0.00258	0.00258	0.87339
7	0.00661	0.00537	0.00584	0.00551	0.00691	0.02148	0.00415	0.03376	0.07051	0.01497	0.35457	0.03419	0.37808	0.03202	0.00551	0.00149	0.00249	0.00798	0.00432	0.00421
8	0.00542	0.00454	0.00474	0.00476	0.00615	0.00394	0.00354	0.00694	0.03659	0.01234	0.09447	0.09866	0.68095	0.01092	0.00516	0.00149	0.00226	0.00920	0.00411	0.00381
9	0.00824	0.00775	0.01308	0.83624	0.03004	0.00969	0.01211	0.01114	0.00872	0.01114	0.00775	0.01163	0.00581	0.00436	0.00436	0.00145	0.00581	0.00388	0.00194	0.00484
10	0.00605	0.00442	0.00524	0.00520	0.00632	0.00393	0.00381	0.00743	0.01053	0.03876	0.32902	0.16787	0.34413	0.04039	0.00580	0.00158	0.00232	0.00898	0.00432	0.00390
11	0.00626	0.00454	0.00634	0.00634	0.00688	0.00509	0.00461	0.00736	0.00681	0.00963	0.01230	0.02054	0.01238	0.27547	0.58870	0.00618	0.00946	0.00517	0.00243	0.00352
12	0.77667	0.00845	0.00679	0.00599	0.00865	0.00971	0.00491	0.06184	0.00850	0.01995	0.05040	0.00868	0.00687	0.00439	0.00294	0.00135	0.00339	0.00276	0.00292	0.00486
13	0.01411	0.01091	0.01269	0.07517	0.14423	0.06567	0.00878	0.38248	0.05095	0.08880	0.01075	0.01191	0.00806	0.03155	0.00502	0.00141	0.02060	0.00401	0.04631	0.00659
14	0.00718	0.00484	0.00598	0.00627	0.00716	0.00467	0.00442	0.02802	0.07493	0.07416	0.05071	0.54182	0.11090	0.04978	0.00606	0.00177	0.00278	0.01020	0.00415	0.00420

[dist]
# distance from previous block
# <min> <max>
4	70

[block]
# block no. 2 follows, 60 sequences, length 20
# corresponding to MSA columns:
# 998-1017
name=unknown_C
#
# <colnr> <probs for GDERKNQSTAVLIFYWHMCP>
#	G	D	E	R	K	N	Q	S	T	A	V	L	I	F	Y	W	H	M	C	P
0	0.00741	0.00500	0.00591	0.00549	0.00686	0.00472	0.00417	0.03302	0.04913	0.05721	0.43206	0.04407	0.19578	0.00850	0.00478	0.00135	0.00232	0.00730	0.12050	0.00440
1	0.00574	0.00403	0.00521	0.00586	0.00640	0.00377	0.00412	0.00690	0.00929	0.01275	0.16750	0.56393	0.06495	0.01203	0.00533	0.00165	0.00248	0.05250	0.06185	0.00371
2	0.00784	0.00482	0.00563	0.00547	0.00668	0.00462	0.00411	0.04445	0.02353	0.06333	0.20554	0.18075	0.12272	0.00855	0.00450	0.00136	0.00245	0.02578	0.27356	0.00432
3	0.00979	0.00996	0.01332	0.01144	0.01153	0.04376	0.00950	0.01075	0.00689	0.01050	0.00576	0.00948	0.00572	0.00752	0.01393	0.00188	0.80778	0.00378	0.00192	0.00478
4	0.00572	0.00436	0.00525	0.00519	0.00628	0.00390	0.00383	0.00729	0.01103	0.01474	0.45314	0.13554	0.30744	0.01023	0.00520	0.00146	0.00217	0.00890	0.00445	0.00390
5	0.00954	0.00954	0.01336	0.01145	0.01145	0.01336	0.00954	0.01050	0.00668	0.01050	0.00573	0.00954	0.00573	0.00763	0.01431	0.00191	0.83874	0.00382	0.00191	0.00477
6	0.41640	0.05395	0.01009	0.00850	0.01103	0.41020	0.00666	0.01508	0.00990	0.01479	0.00640	0.00746	0.00520	0.00425	0.00331	0.00122	0.00563	0.00258	0.00244	0.00493
7	0.00700	0.00466	0.00590	0.00556	0.00664	0.00440	0.00410	0.00849	0.01034	0.07169	0.40477	0.03020	0.15854	0.13954	0.11651	0.00257	0.00380	0.00719	0.00407	0.00403
8	0.00627	0.00446	0.00577	0.00588	0.00626	0.00476	0.00399	0.00722	0.02381	0.00964	0.01430	0.12471	0.01549	0.41087	0.33226	0.00494	0.00689	0.00642	0.00274	0.00333
9	0.00904	0.00775	0.00904	0.00646	0.01034	0.00581	0.00517	0.01098	0.00904	0.01421	0.00775	0.00904	0.00646	0.00323	0.00323	0.00065	0.00323	0.00258	0.00258	0.87339
10	0.00678	0.02940	0.00770	0.00714	0.00810	0.00610	0.00562	0.03815	0.00757	0.01079	0.01147	0.01659	0.01062	0.03083	0.77425	0.00662	0.01122	0.00458	0.00240	0.00408
11	0.00557	0.00420	0.00495	0.00533	0.00608	0.00382	0.00373	0.00651	0.00904	0.01161	0.09905	0.32653	0.30765	0.13803	0.00792	0.00201	0.00270	0.04783	0.00390	0.00353
12	0.00620	0.00446	0.00600	0.00605	0.00652	0.00485	0.00427	0.00712	0.00689	0.00958	0.01379	0.06241	0.03169	0.34034	0.46429	0.00557	0.00819	0.00579	0.00257	0.00340
13	0.00556	0.00440	0.00501	0.00493	0.00616	0.00384	0.00367	0.00702	0.01079	0.01398	0.34596	0.08364	0.46882	0.01036	0.00517	0.00145	0.00217	0.00887	0.00434	0.00384
14	0.03282	0.25621	0.13386	0.05755	0.08483	0.05006	0.07031	0.05649	0.02240	0.03492	0.00786	0.00922	0.00628	0.00395	0.00367	0.00111	0.00507	0.00315	0.00235	0.15788
15	0.00734	0.00449	0.00596	0.00587	0.00670	0.00483	0.00442	0.00869	0.00783	0.03913	0.03634	0.01780	0.01199	0.08053	0.41858	0.06745	0.00720	0.00464	0.25639	0.00383
16	0.01048	0.34275	0.08682	0.01022	0.09306	0.04663	0.01924	0.02631	0.02103	0.01207	0.02854	0.02205	0.00774	0.04006	0.00554	0.02183	0.07936	0.00335	0.00224	0.12068
17	0.44861	0.01169	0.17865	0.00867	0.04911	0.04782	0.00787	0.03339	0.00904	0.07663	0.03556	0.04118	0.00782	0.00535	0.02100	0.00148	0.00447	0.00344	0.00283	0.00539
18	0.01109	0.07821	0.13359	0.06160	0.07929	0.06939	0.09683	0.08027	0.10794	0.05250	0.01039	0.05476	0.00852	0.00547	0.01628	0.00141	0.05296	0.00424	0.00282	0.07245
19	0.00986	0.28532	0.07977	0.03470	0.10554	0.04928	0.02808	0.03857	0.04112	0.01267	0.04780	0.11008	0.06058	0.03490	0.00462	0.00133	0.00448	0.00487	0.00269	0.04375

[dist]
# distance from previous block
# <min> <max>
8	22

[block]
# block no. 3 follows, 60 sequences, length 11
# corresponding to MSA columns:
# 1044-1054
name=unknown_D
#
# <colnr> <probs for GDERKNQSTAVLIFYWHMCP>
#	G	D	E	R	K	N	Q	S	T	A	V	L	I	F	Y	W	H	M	C	P
0	0.00998	0.09958	0.64603	0.01181	0.01747	0.11497	0.01433	0.01420	0.00958	0.01308	0.00752	0.00883	0.00554	0.00415	0.00399	0.00131	0.00646	0.00309	0.00190	0.00619
1	0.02106	0.04418	0.08436	0.07768	0.09463	0.11659	0.05917	0.06519	0.10953	0.07592	0.05654	0.10641	0.04386	0.00624	0.00450	0.00139	0.00485	0.01896	0.00325	0.00569
2	0.03379	0.00823	0.02940	0.09436	0.21364	0.00800	0.03163	0.04392	0.04058	0.22357	0.05747	0.06308	0.04580	0.02792	0.00509	0.00147	0.01593	0.02447	0.02565	0.00600
3	0.00638	0.00458	0.00574	0.00623	0.00702	0.00440	0.00459	0.04997	0.00989	0.01329	0.10902	0.46905	0.11333	0.01176	0.00535	0.00167	0.00276	0.12410	0.04694	0.00392
4	0.03328	0.02924	0.03242	0.24916	0.15396	0.03200	0.11868	0.06139	0.04187	0.10662	0.01047	0.04643	0.00843	0.03548	0.02049	0.00160	0.00542	0.00449	0.00280	0.00577
5	0.02547	0.07660	0.24579	0.03600	0.05159	0.06716	0.06748	0.03220	0.03051	0.09117	0.05850	0.06988	0.03857	0.02267	0.04005	0.00167	0.00541	0.03073	0.00290	0.00563
6	0.01466	0.01008	0.01186	0.00970	0.03120	0.01080	0.03360	0.47345	0.07344	0.13683	0.03237	0.05264	0.01054	0.03133	0.04530	0.00172	0.00479	0.00471	0.00424	0.00674
7	0.02718	0.02748	0.00711	0.00651	0.00745	0.05140	0.00473	0.04069	0.02335	0.05570	0.03260	0.07869	0.01520	0.34534	0.19361	0.00379	0.00587	0.06635	0.00304	0.00391
8	0.11945	0.01035	0.03858	0.08869	0.19781	0.05251	0.11260	0.11803	0.06325	0.04072	0.04162	0.03404	0.00916	0.02579	0.00506	0.02425	0.00501	0.00431	0.00290	0.00585
9	0.01110	0.03679	0.01487	0.26088	0.24064	0.13451	0.06005	0.08119	0.03055	0.01354	0.00845	0.01130	0.00687	0.03028	0.02332	0.00155	0.02217	0.00387	0.00236	0.00572
10	0.07792	0.05597	0.01554	0.09857	0.28955	0.13209	0.08230	0.12376	0.03555	0.03544	0.00855	0.01027	0.00671	0.00429	0.00415	0.00130	0.00553	0.00369	0.00263	0.00618

[dist]
# distance from previous block
# <min> <max>
1	77

[block]
# block no. 4 follows, 60 sequences, length 51
# corresponding to MSA columns:
# 1134-1184
name=unknown_E
#
# <colnr> <probs for GDERKNQSTAVLIFYWHMCP>
#	G	D	E	R	K	N	Q	S	T	A	V	L	I	F	Y	W	H	M	C	P
0	0.07185	0.06043	0.07919	0.01987	0.11819	0.13639	0.02185	0.11440	0.04896	0.04686	0.02906	0.05183	0.03415	0.02216	0.00494	0.01776	0.02754	0.00418	0.01895	0.07145
1	0.07628	0.13113	0.01133	0.00852	0.06065	0.03956	0.00646	0.12774	0.06443	0.10594	0.01512	0.08456	0.10130	0.01438	0.00420	0.00126	0.00386	0.00480	0.01183	0.12665
2	0.14212	0.05747	0.07735	0.02855	0.11958	0.04894	0.06060	0.11251	0.03189	0.05903	0.03800	0.01284	0.02767	0.03012	0.02445	0.00152	0.03004	0.01445	0.02682	0.05604
3	0.10954	0.05202	0.03922	0.08559	0.07207	0.11602	0.07526	0.12981	0.05365	0.03701	0.04702	0.04402	0.02921	0.04091	0.01468	0.00154	0.00505	0.02853	0.01337	0.00550
4	0.00894	0.02850	0.00990	0.19689	0.01407	0.13793	0.03197	0.05998	0.00973	0.01199	0.01447	0.33845	0.01555	0.04816	0.02778	0.00179	0.02922	0.00719	0.00302	0.00445
5	0.01145	0.02242	0.03132	0.15852	0.33515	0.11054	0.02573	0.09628	0.06287	0.03217	0.02687	0.01229	0.02828	0.00522	0.02110	0.00144	0.00549	0.00406	0.00267	0.00614
6	0.00635	0.00461	0.00626	0.00622	0.00667	0.00515	0.00443	0.00728	0.00674	0.00947	0.01236	0.02148	0.01275	0.35481	0.49101	0.00579	0.02744	0.00532	0.00245	0.00342
7	0.00550	0.00442	0.00491	0.00482	0.00611	0.00382	0.00360	0.00692	0.01071	0.01368	0.30348	0.05771	0.53819	0.01039	0.00516	0.00145	0.00217	0.00884	0.00430	0.00382
8	0.01897	0.00799	0.01042	0.00803	0.01139	0.00730	0.00662	0.10264	0.04012	0.71307	0.01653	0.01444	0.01053	0.00540	0.00439	0.00135	0.00382	0.00436	0.00526	0.00740
9	0.03683	0.28899	0.01556	0.04965	0.05509	0.30251	0.00816	0.08235	0.01103	0.01277	0.00735	0.00870	0.00616	0.00443	0.00401	0.00114	0.04220	0.00296	0.05468	0.00544
10	0.00585	0.00439	0.00542	0.00528	0.00635	0.00396	0.00392	0.00757	0.01143	0.01557	0.56355	0.10348	0.22753	0.00983	0.00518	0.00143	0.00213	0.00859	0.00456	0.00396
11	0.01411	0.01192	0.08382	0.01053	0.03987	0.01167	0.04341	0.54316	0.03219	0.04207	0.06358	0.01284	0.02203	0.00623	0.03012	0.00151	0.00498	0.00431	0.01484	0.00681
12	0.00600	0.00460	0.00597	0.04921	0.00784	0.00433	0.00451	0.00753	0.01012	0.01375	0.32737	0.26267	0.16690	0.01159	0.05547	0.00182	0.00306	0.00875	0.00405	0.04447
13	0.02736	0.00451	0.00513	0.00493	0.00608	0.00432	0.00371	0.00911	0.02745	0.01644	0.40314	0.02693	0.12108	0.00762	0.00432	0.00126	0.00213	0.00649	0.31389	0.00412
14	0.01051	0.00999	0.01680	0.16017	0.62166	0.01037	0.03441	0.03418	0.03344	0.01419	0.00848	0.01111	0.00692	0.00405	0.00435	0.00133	0.00529	0.00395	0.00225	0.00655
15	0.61923	0.00817	0.00746	0.00631	0.00917	0.00889	0.00520	0.03375	0.00906	0.22385	0.00919	0.00935	0.00648	0.00444	0.00318	0.00134	0.00346	0.00295	0.02307	0.00546
16	0.00788	0.00597	0.00692	0.00639	0.00787	0.02212	0.00492	0.05530	0.12032	0.03925	0.49300	0.04488	0.11469	0.00858	0.00501	0.00142	0.00268	0.04349	0.00456	0.00473
17	0.00930	0.04663	0.00973	0.01848	0.01062	0.02686	0.00550	0.02691	0.00926	0.01396	0.00824	0.03027	0.00711	0.00453	0.02944	0.00093	0.00373	0.00294	0.00260	0.73297
18	0.00659	0.00439	0.00499	0.00488	0.00532	0.00421	0.00302	0.00702	0.00771	0.03718	0.10041	0.03053	0.13976	0.60645	0.01728	0.00342	0.00368	0.00687	0.00317	0.00311
19	0.00623	0.00467	0.00701	0.00701	0.00779	0.00545	0.00545	0.00779	0.00701	0.01012	0.01168	0.01713	0.01090	0.03271	0.82944	0.00701	0.01168	0.00467	0.00234	0.00389
20	0.83657	0.00830	0.00643	0.00573	0.00840	0.00956	0.00471	0.01293	0.00757	0.03621	0.00652	0.00749	0.00502	0.00410	0.00274	0.00134	0.00335	0.00245	0.02581	0.00476
21	0.00634	0.00457	0.00613	0.00610	0.00652	0.00506	0.00429	0.00720	0.00671	0.00940	0.01248	0.02202	0.01299	0.39062	0.45908	0.00569	0.02359	0.00539	0.00246	0.00336
22	0.01071	0.01111	0.01561	0.02955	0.04065	0.08732	0.15206	0.05698	0.00878	0.01224	0.00677	0.00992	0.00601	0.00631	0.01063	0.00169	0.52233	0.00397	0.00214	0.00522
23	0.00713	0.00573	0.03224	0.01907	0.00791	0.00524	0.00500	0.08112	0.02532	0.01620	0.41601	0.20642	0.08851	0.00976	0.01702	0.00154	0.00281	0.01739	0.03121	0.00439
24	0.72808	0.00872	0.00767	0.00687	0.02420	0.02359	0.02854	0.03414	0.00832	0.05998	0.00742	0.00910	0.00585	0.00439	0.00305	0.00137	0.00367	0.02716	0.00289	0.00499
25	0.00795	0.00593	0.00716	0.00689	0.00759	0.06625	0.00509	0.02887	0.00737	0.00990	0.00986	0.03413	0.00946	0.04319	0.33830	0.32786	0.03319	0.00432	0.01965	0.02704
26	0.01256	0.02842	0.02869	0.13943	0.12668	0.01974	0.05310	0.28764	0.08909	0.06325	0.01113	0.03984	0.00885	0.00543	0.00491	0.00141	0.04279	0.02728	0.00338	0.00639
27	0.05591	0.00612	0.00799	0.00746	0.02786	0.00590	0.02724	0.02338	0.07086	0.17864	0.11779	0.27092	0.01967	0.01866	0.05440	0.00181	0.00367	0.01480	0.02257	0.06433
28	0.00643	0.00442	0.00529	0.00546	0.02174	0.00442	0.00324	0.00680	0.00709	0.00961	0.08913	0.02839	0.01798	0.68949	0.06318	0.00400	0.00444	0.02308	0.00285	0.00296
29	0.00600	0.00444	0.00623	0.00639	0.00708	0.00477	0.00475	0.00733	0.00793	0.01106	0.10007	0.18437	0.05615	0.07862	0.48830	0.00494	0.00793	0.00686	0.00303	0.00376
30	0.01066	0.01022	0.01745	0.07071	0.77666	0.01033	0.01332	0.01326	0.00987	0.01408	0.00818	0.01084	0.00685	0.00391	0.00432	0.00130	0.00522	0.00389	0.00215	0.00680
31	0.00533	0.00443	0.00467	0.00461	0.00600	0.00376	0.00345	0.00660	0.01036	0.01278	0.17942	0.04033	0.68188	0.01067	0.00515	0.00146	0.00218	0.00897	0.00418	0.00376
32	0.01398	0.01073	0.01138	0.00924	0.01194	0.04719	0.00747	0.54629	0.05430	0.02260	0.01171	0.06678	0.00950	0.00842	0.08181	0.00187	0.02798	0.00456	0.04576	0.00647
33	0.00564	0.00402	0.00522	0.00603	0.00638	0.00381	0.00414	0.00646	0.00836	0.01108	0.03464	0.60812	0.05386	0.12864	0.00790	0.00212	0.00290	0.09333	0.00386	0.00348
34	0.00590	0.00408	0.00534	0.00614	0.00655	0.00387	0.00415	0.00703	0.03195	0.03278	0.04042	0.75364	0.02776	0.04043	0.00604	0.00182	0.00263	0.01167	0.00407	0.00373
35	0.01538	0.02654	0.01239	0.02345	0.04400	0.32245	0.00818	0.34409	0.02689	0.06257	0.01024	0.06506	0.00836	0.00544	0.00426	0.00127	0.00576	0.00408	0.00344	0.00617
36	0.01025	0.00820	0.01084	0.00781	0.01168	0.00653	0.08299	0.02795	0.00970	0.08622	0.00875	0.00985	0.00688	0.00351	0.00354	0.00080	0.00370	0.00302	0.00283	0.69494
37	0.04262	0.00911	0.01122	0.06811	0.13494	0.04214	0.00802	0.24068	0.02240	0.08015	0.03010	0.18025	0.01273	0.02812	0.00566	0.00153	0.05911	0.01377	0.00354	0.00579
38	0.00749	0.00559	0.00778	0.00734	0.00833	0.00632	0.02348	0.03363	0.05560	0.03565	0.01332	0.06005	0.02786	0.10952	0.50455	0.00512	0.05510	0.00526	0.02378	0.00423
39	0.00878	0.00738	0.01019	0.01248	0.24111	0.00750	0.00753	0.06913	0.12629	0.01601	0.22272	0.10297	0.09856	0.00759	0.00483	0.00144	0.00350	0.04276	0.00378	0.00545
40	0.06427	0.01189	0.02732	0.05928	0.01262	0.21157	0.00742	0.05661	0.31908	0.03190	0.06615	0.02908	0.01159	0.00551	0.00436	0.00133	0.01894	0.00428	0.00347	0.05333
41	0.00892	0.00846	0.01430	0.56605	0.23040	0.00983	0.02869	0.01180	0.01981	0.01208	0.00837	0.03112	0.00675	0.00453	0.00458	0.00143	0.02128	0.00412	0.00208	0.00539
42	0.00576	0.00416	0.00518	0.00575	0.00626	0.00394	0.00389	0.00700	0.03452	0.01190	0.10636	0.54685	0.09826	0.10830	0.00730	0.00196	0.00267	0.01050	0.02581	0.00363
43	0.03169	0.00925	0.01043	0.00844	0.01132	0.00980	0.00680	0.30610	0.19842	0.22971	0.05421	0.01541	0.03067	0.03331	0.00497	0.00146	0.00391	0.00465	0.02270	0.00677
44	0.01102	0.28666	0.09840	0.18132	0.18520	0.11153	0.01061	0.01373	0.04064	0.01199	0.00757	0.00942	0.00621	0.00411	0.00377	0.00120	0.00553	0.00322	0.00209	0.00579
45	0.00559	0.00411	0.00542	0.00646	0.02564	0.00383	0.00433	0.00649	0.00867	0.01143	0.04246	0.64918	0.11232	0.02951	0.00597	0.01154	0.00268	0.05675	0.00397	0.00364
46	0.00555	0.00406	0.00506	0.00572	0.00622	0.00376	0.00392	0.00640	0.00861	0.01125	0.05563	0.52515	0.16178	0.11955	0.00764	0.00203	0.00276	0.05750	0.00389	0.00350
47	0.06386	0.00951	0.01400	0.40199	0.02180	0.05960	0.12756	0.04443	0.06511	0.04035	0.00909	0.03230	0.00718	0.00495	0.00527	0.00147	0.07956	0.00421	0.00248	0.00530
48	0.02833	0.35718	0.27656	0.03061	0.01455	0.06460	0.03100	0.07563	0.03141	0.01332	0.00803	0.03596	0.00670	0.00443	0.00366	0.00120	0.00542	0.00328	0.00224	0.00592
49	0.47963	0.01049	0.01016	0.05480	0.12452	0.10571	0.02386	0.07888	0.03159	0.03363	0.00750	0.00872	0.00581	0.00426	0.00343	0.00132	0.00449	0.00301	0.00276	0.00543
50	0.01252	0.03613	0.01534	0.01943	0.48543	0.06647	0.02658	0.06567	0.03677	0.13000	0.01885	0.04860	0.00890	0.00477	0.00434	0.00131	0.00495	0.00432	0.00295	0.00665

[dist]
# distance from previous block
# <min> <max>
0	30

[block]
# block no. 5 follows, 60 sequences, length 30
# corresponding to MSA columns:
# 1217-1246
name=unknown_F
#
# <colnr> <probs for GDERKNQSTAVLIFYWHMCP>
#	G	D	E	R	K	N	Q	S	T	A	V	L	I	F	Y	W	H	M	C	P
0	0.00840	0.01537	0.00761	0.05956	0.00947	0.07534	0.00541	0.04674	0.03186	0.03381	0.13684	0.06184	0.18197	0.04989	0.07628	0.01786	0.02117	0.02351	0.06132	0.07574
1	0.01066	0.04633	0.23242	0.03337	0.08379	0.14673	0.25259	0.02802	0.01013	0.01313	0.00846	0.02184	0.00676	0.00625	0.06467	0.00175	0.00702	0.00401	0.00217	0.01990
2	0.00765	0.00605	0.00710	0.00612	0.00814	0.00554	0.00471	0.02597	0.11337	0.01625	0.38173	0.03980	0.10023	0.00719	0.00450	0.00121	0.00261	0.00618	0.02956	0.22610
3	0.00627	0.00453	0.00629	0.00629	0.00682	0.00506	0.00456	0.00733	0.00680	0.00959	0.01234	0.02076	0.01248	0.29151	0.57279	0.00613	0.00931	0.00520	0.00243	0.00350
4	0.03312	0.02216	0.80119	0.01224	0.01858	0.01012	0.01579	0.01378	0.00916	0.01397	0.00778	0.00915	0.00550	0.00414	0.00410	0.00138	0.00636	0.00320	0.00187	0.00640
5	0.06571	0.00946	0.01087	0.00858	0.01177	0.00981	0.00702	0.32057	0.11554	0.34524	0.04027	0.01349	0.01047	0.00544	0.00431	0.00135	0.00402	0.00428	0.00471	0.00709
6	0.00960	0.00973	0.01439	0.01203	0.01239	0.01317	0.07549	0.01078	0.00698	0.01078	0.00598	0.00973	0.00580	0.00730	0.01355	0.00187	0.76970	0.00393	0.00193	0.00486
7	0.00534	0.00429	0.00471	0.00488	0.00600	0.00372	0.00352	0.00643	0.00972	0.01210	0.11822	0.20216	0.54530	0.04639	0.00595	0.00164	0.00234	0.00959	0.00407	0.00365
8	0.00956	0.00863	0.00928	0.00685	0.01057	0.05744	0.00544	0.01183	0.03861	0.01414	0.00805	0.00923	0.00666	0.00341	0.00332	0.00071	0.00353	0.00268	0.00263	0.78744
9	0.00634	0.00479	0.00699	0.00697	0.00764	0.00557	0.00535	0.00773	0.00704	0.01009	0.01227	0.04678	0.01200	0.09888	0.68885	0.00632	0.04086	0.01930	0.00244	0.00381
10	0.04227	0.00605	0.00641	0.00678	0.00765	0.06247	0.00484	0.02383	0.09789	0.01274	0.05268	0.52968	0.03681	0.04230	0.01822	0.00182	0.00331	0.03621	0.00387	0.00415
11	0.00654	0.00477	0.00601	0.00657	0.00724	0.00472	0.00465	0.07061	0.04087	0.01304	0.05168	0.67564	0.02680	0.01244	0.00543	0.00172	0.00280	0.05031	0.00411	0.00403
12	0.01032	0.01171	0.02540	0.01873	0.05619	0.01100	0.77055	0.01395	0.01028	0.01398	0.00880	0.01172	0.00663	0.00369	0.00511	0.00146	0.00726	0.00509	0.00220	0.00593
13	0.00664	0.00452	0.00511	0.00507	0.00522	0.00460	0.00298	0.00731	0.05176	0.00906	0.01394	0.02774	0.01562	0.76276	0.02080	0.02861	0.00417	0.01846	0.00274	0.00288
14	0.00897	0.00655	0.00759	0.00728	0.00862	0.00688	0.00542	0.21619	0.08006	0.01621	0.01904	0.44984	0.02041	0.04524	0.00576	0.00170	0.00331	0.04199	0.04409	0.00485
15	0.01432	0.00852	0.01016	0.00885	0.03876	0.00880	0.00681	0.11705	0.30337	0.32071	0.04480	0.01701	0.04105	0.02232	0.00482	0.00146	0.00371	0.01599	0.00467	0.00683
16	0.01166	0.84935	0.02285	0.00746	0.01119	0.01726	0.00746	0.01306	0.00886	0.01026	0.00606	0.00700	0.00560	0.00373	0.00280	0.00093	0.00466	0.00233	0.00187	0.00560
17	0.00629	0.00442	0.00573	0.00573	0.00606	0.00476	0.00385	0.00697	0.00663	0.00918	0.01285	0.02362	0.01372	0.49573	0.37027	0.00543	0.00744	0.00562	0.00251	0.00318
18	0.01630	0.02054	0.01238	0.01120	0.01348	0.80585	0.00842	0.03998	0.01259	0.01116	0.00685	0.00794	0.00567	0.00452	0.00394	0.00113	0.00778	0.00284	0.00231	0.00512
19	0.00596	0.00398	0.00518	0.00594	0.00641	0.00369	0.00405	0.00687	0.00871	0.03919	0.04776	0.71724	0.05969	0.01270	0.00537	0.00169	0.00252	0.01144	0.04787	0.00372
20	0.00662	0.00481	0.00621	0.00597	0.00635	0.00514	0.02156	0.00751	0.03061	0.00938	0.01299	0.02421	0.01396	0.55946	0.24118	0.00478	0.02768	0.00575	0.00258	0.00324
21	0.67585	0.00831	0.00705	0.00612	0.00887	0.00929	0.00500	0.02794	0.05909	0.07077	0.00798	0.00865	0.00602	0.00427	0.00299	0.00131	0.00337	0.00275	0.03282	0.05156
22	0.00853	0.00460	0.00474	0.00460	0.00574	0.00468	0.00347	0.06421	0.00987	0.01670	0.01459	0.06831	0.01204	0.00564	0.00330	0.00108	0.00225	0.00458	0.75679	0.00426
23	0.28751	0.11420	0.01208	0.00927	0.06241	0.06930	0.00719	0.27339	0.01281	0.08653	0.00871	0.00928	0.00652	0.00501	0.01726	0.00136	0.00460	0.00321	0.00329	0.00609
24	0.00779	0.00532	0.05933	0.00635	0.00694	0.00461	0.00485	0.02876	0.00644	0.00875	0.00801	0.01324	0.00771	0.01561	0.08296	0.72035	0.00464	0.00383	0.00200	0.00251
25	0.00541	0.00408	0.00502	0.00564	0.00634	0.00369	0.00398	0.00641	0.00917	0.01185	0.08484	0.51540	0.26100	0.01249	0.00544	0.00167	0.00247	0.04736	0.00410	0.00365
26	0.01157	0.07433	0.10639	0.14539	0.17705	0.24797	0.01046	0.03745	0.02661	0.01276	0.05091	0.01120	0.00823	0.01823	0.01539	0.00140	0.03306	0.00367	0.00235	0.00559
27	0.00632	0.00447	0.00549	0.00587	0.00658	0.00426	0.00408	0.00787	0.05392	0.03675	0.10693	0.43879	0.13763	0.12740	0.00768	0.00201	0.00280	0.03334	0.00399	0.00382
28	0.02737	0.20701	0.04479	0.01202	0.12070	0.09825	0.04431	0.19169	0.08172	0.06882	0.00931	0.01013	0.00722	0.00471	0.00453	0.00126	0.05328	0.00355	0.00299	0.00634
29	0.01193	0.05794	0.07508	0.10342	0.28399	0.15693	0.09657	0.09315	0.05264	0.01453	0.00854	0.01040	0.00674	0.00427	0.00426	0.00130	0.00590	0.00376	0.00245	0.00620

[dist]
# distance from previous block
# <min> <max>
0	12

[block]
# block no. 6 follows, 60 sequences, length 10
# corresponding to MSA columns:
# 1259,1262-1270
name=unknown_G
#
# <colnr> <probs for GDERKNQSTAVLIFYWHMCP>
#	G	D	E	R	K	N	Q	S	T	A	V	L	I	F	Y	W	H	M	C	P
0	0.00777	0.00435	0.00518	0.00524	0.00604	0.00433	0.00375	0.00923	0.03467	0.04658	0.05450	0.18051	0.01598	0.05877	0.04909	0.11262	0.00309	0.00606	0.38841	0.00383
1	0.00639	0.00483	0.00686	0.03805	0.00806	0.00549	0.00519	0.00755	0.00716	0.00999	0.01397	0.07539	0.05380	0.15336	0.51406	0.03309	0.04496	0.00559	0.00254	0.00368
2	0.00636	0.00417	0.00498	0.00504	0.00519	0.00413	0.00305	0.00633	0.00678	0.00901	0.03819	0.08333	0.05997	0.58598	0.04279	0.11852	0.00410	0.00657	0.00277	0.00274
3	0.00824	0.00775	0.01308	0.83624	0.03004	0.00969	0.01211	0.01114	0.00872	0.01114	0.00775	0.01163	0.00581	0.00436	0.00436	0.00145	0.00581	0.00388	0.00194	0.00484
4	0.02484	0.02403	0.02303	0.02319	0.06080	0.03787	0.03402	0.29512	0.17487	0.06208	0.01312	0.07271	0.01085	0.02068	0.08696	0.00200	0.00520	0.01860	0.00376	0.00627
5	0.00904	0.00775	0.00904	0.00646	0.01034	0.00581	0.00517	0.01098	0.00904	0.01421	0.00775	0.00904	0.00646	0.00323	0.00323	0.00065	0.00323	0.00258	0.00258	0.87339
6	0.00563	0.00426	0.00521	0.00547	0.00639	0.00385	0.00400	0.00697	0.01021	0.01346	0.28304	0.29362	0.27887	0.01125	0.00533	0.00156	0.00236	0.05044	0.00429	0.00379
7	0.00663	0.00468	0.00570	0.00577	0.00685	0.00419	0.00409	0.00797	0.02836	0.05443	0.11280	0.40256	0.18526	0.07027	0.00633	0.00172	0.00268	0.00942	0.00399	0.07629
8	0.04903	0.09517	0.04258	0.02341	0.01218	0.35573	0.00764	0.10330	0.08332	0.03638	0.01181	0.07673	0.05029	0.00643	0.02610	0.00141	0.00582	0.00427	0.00296	0.00542
9	0.04139	0.15432	0.06907	0.02575	0.04270	0.08959	0.02574	0.03321	0.02866	0.04452	0.07593	0.12615	0.01262	0.00790	0.06198	0.00165	0.03460	0.00486	0.00288	0.11645

[dist]
# distance from previous block
# <min> <max>
15	54

[block]
# block no. 7 follows, 60 sequences, length 34
# corresponding to MSA columns:
# 1343-1376
name=unknown_H
#
# <colnr> <probs for GDERKNQSTAVLIFYWHMCP>
#	G	D	E	R	K	N	Q	S	T	A	V	L	I	F	Y	W	H	M	C	P
0	0.03720	0.11591	0.10622	0.08808	0.08066	0.07525	0.02457	0.10765	0.07282	0.06422	0.01182	0.01355	0.05145	0.00514	0.00427	0.00129	0.02202	0.02947	0.03644	0.05200
1	0.00667	0.00448	0.00539	0.00539	0.00574	0.00455	0.00347	0.02259	0.00740	0.02128	0.04615	0.08901	0.02889	0.56162	0.12400	0.00402	0.00491	0.02770	0.02356	0.00318
2	0.01061	0.03758	0.11262	0.03499	0.04539	0.05175	0.06540	0.04540	0.04865	0.06108	0.00889	0.01002	0.00690	0.00386	0.00375	0.00099	0.00448	0.00322	0.00271	0.44170
3	0.00838	0.00790	0.01334	0.79078	0.07437	0.00973	0.01218	0.01127	0.00879	0.01132	0.00778	0.01158	0.00588	0.00433	0.00436	0.00144	0.00578	0.00388	0.00195	0.00496
4	0.00705	0.00600	0.01966	0.00645	0.00791	0.03389	0.00525	0.03544	0.05660	0.01397	0.17108	0.03776	0.32028	0.03064	0.00569	0.00166	0.00317	0.22919	0.00407	0.00423
5	0.65352	0.00904	0.00785	0.00668	0.00954	0.01026	0.00549	0.14357	0.04384	0.06407	0.00789	0.00845	0.00586	0.00439	0.00314	0.00135	0.00363	0.00284	0.00319	0.00540
6	0.01219	0.01348	0.01295	0.20885	0.15987	0.34160	0.00983	0.04132	0.03028	0.01207	0.00809	0.01082	0.00677	0.03542	0.04626	0.00168	0.03734	0.00360	0.00229	0.00531
7	0.18503	0.01025	0.01055	0.00846	0.01146	0.01135	0.00691	0.46928	0.08944	0.05472	0.03901	0.01164	0.00897	0.00519	0.00399	0.00132	0.00408	0.00388	0.05796	0.00651
8	0.00698	0.00502	0.02553	0.00653	0.00752	0.00444	0.00499	0.00845	0.02111	0.06119	0.10561	0.41966	0.04287	0.06310	0.00638	0.00183	0.00305	0.15281	0.01849	0.03445
9	0.00592	0.00405	0.00522	0.00589	0.00644	0.00372	0.00403	0.00681	0.00886	0.04282	0.07003	0.66029	0.11458	0.03203	0.00584	0.00176	0.00255	0.01135	0.00411	0.00372
10	0.00875	0.02256	0.82413	0.01243	0.01888	0.01013	0.01611	0.01381	0.00921	0.01381	0.00783	0.00921	0.00552	0.00414	0.00414	0.00138	0.00645	0.00322	0.00184	0.00645
11	0.00623	0.00453	0.00506	0.00504	0.00634	0.00394	0.00373	0.00737	0.00990	0.05852	0.10649	0.13102	0.53496	0.06236	0.00624	0.00168	0.00251	0.03612	0.00411	0.00387
12	0.01166	0.84935	0.02285	0.00746	0.01119	0.01726	0.00746	0.01306	0.00886	0.01026	0.00606	0.00700	0.00560	0.00373	0.00280	0.00093	0.00466	0.00233	0.00187	0.00560
13	0.00744	0.00533	0.00601	0.00555	0.00716	0.00500	0.00425	0.03625	0.08460	0.06885	0.27535	0.03293	0.39490	0.00913	0.00493	0.00141	0.00246	0.00772	0.03624	0.00450
14	0.00835	0.05948	0.00919	0.00806	0.03791	0.04185	0.04749	0.03786	0.13257	0.01408	0.08641	0.25430	0.10984	0.00852	0.00499	0.00146	0.03119	0.00735	0.09433	0.00478
15	0.04223	0.00818	0.00965	0.00750	0.01083	0.00751	0.00605	0.07799	0.14203	0.27541	0.03687	0.01284	0.01003	0.00472	0.00393	0.00110	0.00351	0.00380	0.00400	0.33183
16	0.11586	0.04734	0.04099	0.01358	0.04210	0.07409	0.36330	0.13138	0.03581	0.03290	0.01001	0.01160	0.03453	0.00448	0.00464	0.00138	0.02303	0.00433	0.00275	0.00591
17	0.00971	0.07058	0.00892	0.00706	0.00819	0.05776	0.00525	0.13541	0.00927	0.03132	0.01049	0.03032	0.01039	0.26135	0.08925	0.19369	0.04973	0.00464	0.00269	0.00397
18	0.00515	0.00442	0.00442	0.00442	0.00589	0.00368	0.00331	0.00626	0.00994	0.01178	0.04418	0.04197	0.81775	0.01105	0.00515	0.00147	0.00221	0.00920	0.00405	0.00368
19	0.00870	0.04648	0.03899	0.11616	0.06809	0.03528	0.05186	0.03840	0.03447	0.05003	0.13341	0.22523	0.03606	0.00840	0.01383	0.00157	0.02782	0.05691	0.00342	0.00489
20	0.01629	0.02079	0.01236	0.01124	0.01348	0.82921	0.00843	0.01742	0.01236	0.01067	0.00674	0.00787	0.00562	0.00449	0.00393	0.00112	0.00787	0.00281	0.00225	0.00506
21	0.00764	0.00699	0.01127	0.65573	0.02482	0.00839	0.01025	0.01009	0.00888	0.01125	0.02525	0.04507	0.12726	0.00596	0.00479	0.01936	0.00507	0.00501	0.00236	0.00456
22	0.01218	0.20709	0.07417	0.04268	0.04569	0.15304	0.03014	0.11107	0.08595	0.04174	0.00967	0.05808	0.00826	0.00585	0.02093	0.00141	0.07956	0.00395	0.00276	0.00578
23	0.01022	0.17336	0.19301	0.06634	0.03860	0.05199	0.12226	0.07299	0.02630	0.01297	0.00876	0.04296	0.00750	0.01946	0.02932	0.09300	0.01929	0.00397	0.00230	0.00537
24	0.00564	0.00432	0.00550	0.00599	0.00672	0.00401	0.01663	0.00703	0.03667	0.01205	0.08544	0.55604	0.20125	0.01230	0.00541	0.00167	0.00256	0.02294	0.00409	0.00377
25	0.01020	0.04850	0.10143	0.08985	0.15103	0.02505	0.06543	0.10211	0.09227	0.01540	0.11304	0.01427	0.02476	0.00585	0.01442	0.00148	0.11162	0.00452	0.00291	0.00584
26	0.00901	0.03992	0.27194	0.00964	0.01301	0.00825	0.08450	0.02495	0.02455	0.05866	0.01060	0.01494	0.01815	0.16756	0.11690	0.00261	0.03773	0.00431	0.00248	0.08029
27	0.00871	0.00851	0.02905	0.63339	0.06142	0.00983	0.07079	0.02597	0.03949	0.01223	0.02578	0.01246	0.01638	0.00460	0.00466	0.00145	0.02380	0.00415	0.00219	0.00514
28	0.04548	0.33023	0.10090	0.02360	0.03987	0.11253	0.07165	0.04114	0.03640	0.01258	0.00885	0.02246	0.03360	0.00499	0.01481	0.00127	0.05483	0.00343	0.00230	0.03908
29	0.02226	0.00552	0.02081	0.00641	0.00769	0.01817	0.02197	0.00863	0.05184	0.03944	0.05822	0.38102	0.21324	0.02760	0.02283	0.00174	0.00312	0.03939	0.00388	0.04623
30	0.03902	0.00951	0.01287	0.04274	0.01217	0.02952	0.02490	0.02521	0.00750	0.03831	0.00662	0.01014	0.00616	0.02520	0.01237	0.00182	0.65098	0.00380	0.00215	0.03900
31	0.07938	0.08896	0.01334	0.06424	0.04173	0.12237	0.03522	0.09289	0.04826	0.01368	0.00865	0.05529	0.00789	0.00618	0.00749	0.00152	0.28448	0.02058	0.00256	0.00529
32	0.02617	0.36195	0.06973	0.03692	0.02736	0.13084	0.00800	0.09401	0.04004	0.02646	0.02548	0.08330	0.00914	0.00626	0.03558	0.00140	0.00526	0.00393	0.00262	0.00555
33	0.00700	0.00557	0.03730	0.00589	0.00650	0.00527	0.00411	0.04810	0.02530	0.01081	0.03120	0.16411	0.03217	0.52017	0.02933	0.00328	0.03179	0.00702	0.02164	0.00345

[dist]
# distance from previous block
# <min> <max>
2	29

[block]
# block no. 8 follows, 60 sequences, length 26
# corresponding to MSA columns:
# 1406-1431
name=unknown_I
#
# <colnr> <probs for GDERKNQSTAVLIFYWHMCP>
#	G	D	E	R	K	N	Q	S	T	A	V	L	I	F	Y	W	H	M	C	P
0	0.04231	0.09507	0.08651	0.03316	0.04089	0.03658	0.03417	0.16321	0.05427	0.07562	0.03223	0.09676	0.02668	0.01905	0.00464	0.00131	0.02217	0.00465	0.00326	0.12746
1	0.04685	0.09437	0.08692	0.05411	0.14806	0.08703	0.03119	0.07601	0.08649	0.03690	0.07357	0.01329	0.02639	0.03330	0.00467	0.00133	0.00476	0.00404	0.00290	0.08780
2	0.04952	0.09690	0.09865	0.04590	0.16695	0.06136	0.06189	0.01477	0.18192	0.01417	0.04361	0.02488	0.01025	0.05256	0.00547	0.00151	0.02750	0.01850	0.00280	0.02088
3	0.00887	0.00820	0.01060	0.05416	0.18497	0.05467	0.04195	0.05470	0.05087	0.01373	0.02017	0.10278	0.23112	0.00754	0.02115	0.00144	0.00415	0.00608	0.00316	0.11969
4	0.03843	0.00536	0.00723	0.02826	0.00809	0.00619	0.00529	0.03478	0.00737	0.01069	0.01191	0.01857	0.03024	0.19150	0.46938	0.04690	0.06868	0.00489	0.00246	0.00378
5	0.00559	0.00423	0.00517	0.00548	0.00636	0.00382	0.00397	0.00689	0.01007	0.01327	0.26121	0.32904	0.27273	0.01141	0.00534	0.00157	0.00236	0.04345	0.00427	0.00377
6	0.01371	0.01113	0.01218	0.00965	0.01269	0.06436	0.03924	0.40518	0.12167	0.04185	0.03616	0.01224	0.00922	0.00530	0.00485	0.00128	0.05358	0.01538	0.00379	0.12652
7	0.01630	0.01208	0.01293	0.00998	0.01342	0.01340	0.00822	0.76752	0.05841	0.02704	0.01082	0.01075	0.00770	0.00527	0.00437	0.00132	0.00473	0.00397	0.00437	0.00739
8	0.00868	0.00699	0.00785	0.00760	0.00923	0.00765	0.00574	0.01586	0.44297	0.02958	0.07388	0.26410	0.05049	0.00885	0.00491	0.00158	0.00307	0.04115	0.00433	0.00549
9	0.01139	0.05504	0.07928	0.11373	0.44091	0.05280	0.06809	0.06539	0.01063	0.04897	0.00851	0.01064	0.00672	0.00412	0.00428	0.00131	0.00553	0.00381	0.00238	0.00646
10	0.09849	0.06821	0.17324	0.04464	0.02647	0.07927	0.09727	0.05467	0.02157	0.02445	0.00957	0.08578	0.00863	0.03007	0.05554	0.00185	0.10802	0.00444	0.00249	0.00532
11	0.00608	0.00461	0.00571	0.00627	0.00710	0.00445	0.00462	0.00816	0.07596	0.01266	0.09187	0.44222	0.16892	0.01191	0.00544	0.00170	0.00274	0.13147	0.00414	0.00397
12	0.00732	0.02718	0.00655	0.00607	0.00676	0.02566	0.00438	0.00765	0.02196	0.02771	0.12570	0.11786	0.10485	0.06471	0.09973	0.30917	0.02425	0.00618	0.00300	0.00330
13	0.01222	0.11400	0.05978	0.11811	0.27776	0.23738	0.01064	0.01512	0.06853	0.03405	0.00840	0.01005	0.00675	0.00430	0.00404	0.00124	0.00584	0.00345	0.00235	0.00597
14	0.01099	0.55250	0.18590	0.01029	0.04130	0.03093	0.08914	0.01340	0.00918	0.01150	0.00678	0.00807	0.00573	0.00383	0.00338	0.00109	0.00538	0.00286	0.00191	0.00583
15	0.04148	0.03212	0.08056	0.00652	0.00826	0.00571	0.00550	0.00959	0.08416	0.02828	0.14592	0.25952	0.22997	0.00979	0.00496	0.00153	0.00299	0.03481	0.00390	0.00444
16	0.01092	0.11319	0.08709	0.07422	0.22236	0.04846	0.03619	0.11393	0.06596	0.03197	0.01190	0.07849	0.03291	0.00559	0.00431	0.00135	0.00489	0.03472	0.01554	0.00600
17	0.00894	0.01686	0.02335	0.09682	0.05102	0.04924	0.02289	0.06155	0.00910	0.05302	0.03947	0.03167	0.02245	0.19963	0.18786	0.03065	0.03923	0.04901	0.00281	0.00442
18	0.00879	0.00927	0.01892	0.11414	0.01945	0.00897	0.50340	0.01166	0.00974	0.01306	0.03098	0.18595	0.03245	0.00614	0.00514	0.00153	0.00591	0.00667	0.00266	0.00517
19	0.00862	0.00686	0.01082	0.60752	0.02339	0.00823	0.00974	0.01127	0.00896	0.04170	0.00964	0.01285	0.00728	0.00457	0.00405	0.00135	0.00483	0.00394	0.20963	0.00475
20	0.01119	0.05787	0.15504	0.09117	0.22209	0.06943	0.10303	0.08318	0.02687	0.04501	0.00949	0.01130	0.02863	0.00465	0.00499	0.00137	0.06213	0.00394	0.00248	0.00615
21	0.02878	0.00843	0.08410	0.03685	0.01193	0.00731	0.10608	0.10959	0.03512	0.07483	0.05349	0.20892	0.12150	0.00941	0.04443	0.00179	0.00446	0.04424	0.00362	0.00512
22	0.00801	0.00754	0.04900	0.29967	0.11274	0.01934	0.00859	0.03294	0.00902	0.01212	0.04073	0.11916	0.03700	0.14239	0.03065	0.00206	0.00485	0.02553	0.03405	0.00460
23	0.34072	0.10640	0.04023	0.04495	0.05604	0.15200	0.02862	0.15581	0.01111	0.01742	0.00730	0.00841	0.00570	0.00430	0.00349	0.00126	0.00496	0.00297	0.00272	0.00558
24	0.00744	0.00595	0.02923	0.02160	0.03294	0.02181	0.00529	0.06926	0.00995	0.03624	0.10520	0.46354	0.04452	0.07082	0.00639	0.00178	0.00322	0.03049	0.00385	0.03048
25	0.06239	0.09173	0.13582	0.03979	0.09692	0.04715	0.05435	0.11463	0.04038	0.07216	0.02174	0.03302	0.02900	0.00477	0.00399	0.00123	0.00475	0.00391	0.02914	0.11314

[dist]
# distance from previous block
# <min> <max>
10	25

[block]
# block no. 9 follows, 60 sequences, length 7
# corresponding to MSA columns:
# 1457-1463
name=unknown_J
#
# <colnr> <probs for GDERKNQSTAVLIFYWHMCP>
#	G	D	E	R	K	N	Q	S	T	A	V	L	I	F	Y	W	H	M	C	P
0	0.08402	0.05436	0.10271	0.05461	0.09203	0.06665	0.00827	0.12495	0.05007	0.05706	0.01027	0.04148	0.00884	0.09839	0.04989	0.00191	0.02089	0.00412	0.00289	0.06660
1	0.06780	0.07748	0.02912	0.00824	0.01093	0.00908	0.05524	0.08118	0.14816	0.07083	0.08937	0.01688	0.06264	0.00588	0.00478	0.00130	0.05562	0.03706	0.03246	0.13594
2	0.01030	0.10703	0.09555	0.02511	0.08311	0.09519	0.05124	0.08428	0.06005	0.02697	0.01597	0.06439	0.14716	0.01959	0.00473	0.00134	0.01942	0.00504	0.02477	0.05874
3	0.00785	0.00470	0.00760	0.00761	0.05087	0.00465	0.05711	0.00669	0.00626	0.00842	0.00808	0.01398	0.00799	0.06572	0.01589	0.71396	0.00413	0.00404	0.00198	0.00248
4	0.01082	0.11472	0.15559	0.05402	0.01527	0.06778	0.15344	0.14207	0.01172	0.02897	0.08494	0.03629	0.05906	0.00540	0.00456	0.00133	0.02135	0.00464	0.00290	0.02514
5	0.03317	0.08403	0.06812	0.08368	0.01406	0.18561	0.02603	0.23952	0.05177	0.04348	0.02824	0.01211	0.00845	0.06921	0.03244	0.00168	0.00569	0.00385	0.00308	0.00579
6	0.03583	0.10264	0.07438	0.04856	0.01473	0.02895	0.17420	0.16555	0.08967	0.01587	0.01264	0.06408	0.06219	0.00661	0.03264	0.00159	0.05625	0.00487	0.00300	0.00577

[dist]
# distance from previous block
# <min> <max>
2	3

[block]
# block no. 10 follows, 60 sequences, length 13
# corresponding to MSA columns:
# 1467-1479
name=unknown_K
#
# <colnr> <probs for GDERKNQSTAVLIFYWHMCP>
#	G	D	E	R	K	N	Q	S	T	A	V	L	I	F	Y	W	H	M	C	P
0	0.00997	0.08180	0.18229	0.15512	0.16632	0.06525	0.03895	0.02249	0.04368	0.03829	0.02789	0.05855	0.02326	0.00565	0.00488	0.03988	0.00529	0.02230	0.00249	0.00562
1	0.03587	0.14072	0.13538	0.07420	0.07252	0.05569	0.05459	0.06543	0.02052	0.08937	0.03448	0.10649	0.01088	0.02316	0.00503	0.00144	0.03836	0.02739	0.00289	0.00562
2	0.00780	0.00568	0.00773	0.00788	0.05123	0.02357	0.05821	0.02281	0.00861	0.06899	0.01831	0.32791	0.04752	0.28825	0.01086	0.00249	0.00384	0.03093	0.00342	0.00398
3	0.00606	0.00442	0.00572	0.00606	0.00635	0.00461	0.00414	0.00675	0.00747	0.01011	0.01816	0.35336	0.03917	0.29698	0.14255	0.00344	0.04573	0.03234	0.00320	0.00337
4	0.01094	0.16851	0.18760	0.10575	0.12812	0.05667	0.12106	0.07303	0.01044	0.04202	0.00896	0.05136	0.00741	0.00461	0.00417	0.00131	0.00566	0.00402	0.00240	0.00598
5	0.00900	0.00835	0.02742	0.10379	0.22829	0.04524	0.05502	0.02866	0.03225	0.02750	0.01106	0.07874	0.01017	0.04191	0.25635	0.00321	0.02040	0.00492	0.00252	0.00519
6	0.01368	0.00654	0.00845	0.00736	0.02687	0.00609	0.00569	0.05407	0.04006	0.41106	0.11873	0.05499	0.03948	0.05931	0.00563	0.00156	0.00338	0.04762	0.08350	0.00592
7	0.00953	0.00878	0.07303	0.05405	0.24047	0.00777	0.04963	0.04616	0.04595	0.07777	0.07129	0.07728	0.15897	0.00682	0.00469	0.00142	0.00417	0.03527	0.02133	0.00561
8	0.03692	0.04837	0.12145	0.06067	0.20538	0.10384	0.11896	0.08867	0.04390	0.07615	0.00917	0.01074	0.00700	0.00493	0.01909	0.00144	0.03057	0.00384	0.00267	0.00624
9	0.00852	0.00877	0.07740	0.17154	0.09590	0.04064	0.05705	0.06868	0.00984	0.01312	0.01497	0.28942	0.03707	0.02435	0.00542	0.00158	0.02705	0.02321	0.02056	0.00490
