[name]
unknown

[dist]
# distance from previous block
# <min> <max>
0	174

[block]
# block no. 0 follows, 72 sequences, length 126
# corresponding to MSA columns:
# 174-299
name=unknown_A
#
# <colnr> <probs for GDERKNQSTAVLIFYWHMCP>
#	G	D	E	R	K	N	Q	S	T	A	V	L	I	F	Y	W	H	M	C	P
0	0.02752	0.04031	0.03619	0.33672	0.20692	0.00819	0.03002	0.01157	0.05902	0.07551	0.01848	0.01124	0.00698	0.00399	0.00369	0.00116	0.00434	0.03101	0.00225	0.08489
1	0.01155	0.00952	0.05951	0.02860	0.15832	0.03702	0.10761	0.14068	0.20709	0.17412	0.01104	0.01147	0.00806	0.00432	0.00388	0.00120	0.00422	0.01268	0.00319	0.00591
2	0.01320	0.04807	0.08680	0.00818	0.01109	0.18597	0.04150	0.06041	0.07740	0.33069	0.04353	0.01100	0.00852	0.00435	0.00365	0.00110	0.00433	0.00343	0.00331	0.05346
3	0.00675	0.00540	0.01805	0.00634	0.00794	0.00500	0.09319	0.04589	0.03990	0.05126	0.37704	0.03271	0.18797	0.02778	0.05751	0.00157	0.00317	0.00613	0.00354	0.02288
4	0.00811	0.02090	0.31458	0.00830	0.01231	0.02237	0.05950	0.01119	0.03827	0.03015	0.04726	0.00934	0.00705	0.00351	0.00335	0.00092	0.00410	0.00292	0.00218	0.39369
5	0.00546	0.00367	0.00414	0.00417	0.00420	0.00365	0.00235	0.00551	0.00564	0.00749	0.01280	0.05183	0.03179	0.82120	0.01853	0.00356	0.00359	0.00574	0.00236	0.00234
6	0.01390	0.03107	0.02293	0.00933	0.03169	0.25246	0.00739	0.52589	0.03777	0.01873	0.00819	0.00852	0.00608	0.00432	0.00366	0.00109	0.00493	0.00312	0.00315	0.00579
7	0.00716	0.00674	0.01138	0.85760	0.02612	0.00843	0.01053	0.00969	0.00758	0.00969	0.00674	0.01011	0.00506	0.00379	0.00379	0.00126	0.00506	0.00337	0.00169	0.00421
8	0.00791	0.12230	0.74707	0.01029	0.01561	0.00956	0.01310	0.01193	0.00797	0.01164	0.00662	0.00777	0.00481	0.00356	0.00346	0.00115	0.00542	0.00271	0.00160	0.00552
9	0.01255	0.01112	0.01275	0.01045	0.04209	0.18104	0.16044	0.26813	0.10700	0.10380	0.00975	0.01021	0.01874	0.00434	0.00412	0.00117	0.03005	0.00362	0.00304	0.00560
10	0.00473	0.00339	0.00449	0.00533	0.00561	0.00318	0.00364	0.00545	0.00734	0.00974	0.02102	0.77372	0.04268	0.03310	0.00522	0.00160	0.00231	0.06089	0.00349	0.00309
11	0.00790	0.11791	0.75134	0.01031	0.01564	0.00953	0.01314	0.01193	0.00797	0.01165	0.00663	0.00778	0.00481	0.00356	0.00347	0.00116	0.00543	0.00271	0.00160	0.00552
12	0.10878	0.01015	0.01323	0.01000	0.01310	0.04932	0.21087	0.42895	0.01345	0.09183	0.00870	0.00929	0.00621	0.00409	0.00379	0.00117	0.00463	0.00352	0.00316	0.00577
13	0.00577	0.00436	0.00539	0.00512	0.00614	0.00425	0.00383	0.00854	0.11257	0.01462	0.63543	0.08420	0.07957	0.00782	0.00442	0.00123	0.00198	0.00688	0.00405	0.00382
14	0.00471	0.00337	0.00451	0.00539	0.00565	0.00316	0.00368	0.00544	0.00735	0.00979	0.02085	0.81302	0.02488	0.01179	0.00487	0.00155	0.00228	0.06109	0.00352	0.00311
15	0.00903	0.00865	0.01475	0.15758	0.71155	0.00892	0.01146	0.01133	0.00847	0.01196	0.00707	0.00950	0.00585	0.00345	0.00376	0.00115	0.00459	0.00338	0.00185	0.00572
16	0.10207	0.00712	0.01108	0.69587	0.02315	0.00865	0.03375	0.05449	0.00806	0.01131	0.00674	0.00964	0.00505	0.00379	0.00366	0.00125	0.00482	0.00326	0.00188	0.00435
17	0.00716	0.00674	0.01138	0.85760	0.02612	0.00843	0.01053	0.00969	0.00758	0.00969	0.00674	0.01011	0.00506	0.00379	0.00379	0.00126	0.00506	0.00337	0.00169	0.00421
18	0.00552	0.00368	0.00414	0.00414	0.00414	0.00368	0.00230	0.00552	0.00552	0.00735	0.01195	0.02482	0.01379	0.86672	0.01930	0.00368	0.00368	0.00552	0.00230	0.00230
19	0.00552	0.00368	0.00414	0.00414	0.00414	0.00368	0.00230	0.00552	0.00552	0.00735	0.01195	0.02482	0.01379	0.86672	0.01930	0.00368	0.00368	0.00552	0.00230	0.00230
20	0.00547	0.00387	0.00510	0.00510	0.00544	0.00420	0.00350	0.00614	0.00580	0.00807	0.01107	0.01993	0.01166	0.45320	0.42991	0.00487	0.00687	0.00480	0.00217	0.00283
21	0.04821	0.00654	0.00872	0.00671	0.00963	0.00576	0.00554	0.02896	0.01079	0.80529	0.01454	0.01262	0.00916	0.00465	0.00376	0.00117	0.00323	0.00375	0.00460	0.00637
22	0.00786	0.00674	0.00786	0.00562	0.00899	0.00506	0.00449	0.00955	0.00786	0.01236	0.00674	0.00786	0.00562	0.00281	0.00281	0.00056	0.00281	0.00225	0.00225	0.88990
23	0.01587	0.00829	0.00994	0.00762	0.01060	0.00830	0.00629	0.37595	0.01393	0.48388	0.01238	0.01123	0.00809	0.00463	0.00381	0.00116	0.00364	0.00364	0.00430	0.00645
24	0.00552	0.00368	0.00414	0.00414	0.00414	0.00368	0.00230	0.00552	0.00552	0.00735	0.01195	0.02482	0.01379	0.86672	0.01930	0.00368	0.00368	0.00552	0.00230	0.00230
25	0.00818	0.21101	0.66067	0.00984	0.01491	0.01020	0.01232	0.01186	0.00794	0.01131	0.00646	0.00757	0.00482	0.00352	0.00334	0.00111	0.00526	0.00263	0.00161	0.00544
26	0.00550	0.00400	0.00452	0.00463	0.00569	0.00354	0.00337	0.02994	0.00856	0.05582	0.03035	0.31566	0.49479	0.00997	0.00455	0.00136	0.00215	0.00859	0.00359	0.00343
27	0.00542	0.00406	0.00610	0.00610	0.00677	0.00474	0.00474	0.00677	0.00610	0.00880	0.01016	0.01490	0.00948	0.02844	0.85169	0.00610	0.01016	0.00406	0.00203	0.00339
28	0.86534	0.03480	0.00603	0.00504	0.00741	0.00872	0.00418	0.01115	0.00649	0.01676	0.00528	0.00616	0.00413	0.00351	0.00235	0.00116	0.00297	0.00205	0.00232	0.00413
29	0.84576	0.00751	0.00589	0.00519	0.00757	0.00868	0.00428	0.05564	0.00707	0.01739	0.00549	0.00632	0.00423	0.00358	0.00243	0.00117	0.00300	0.00213	0.00243	0.00423
30	0.00531	0.00387	0.00499	0.00471	0.00563	0.00355	0.00353	0.00705	0.01060	0.01490	0.79101	0.02884	0.08603	0.00787	0.00447	0.00120	0.00180	0.00693	0.00413	0.00355
31	0.01486	0.00991	0.01094	0.00839	0.01141	0.01071	0.00693	0.69183	0.01664	0.16417	0.01011	0.00975	0.00695	0.00458	0.00380	0.00114	0.00401	0.00348	0.00395	0.00645
32	0.89350	0.00733	0.00557	0.00499	0.00733	0.00851	0.00411	0.01115	0.00645	0.01702	0.00528	0.00616	0.00411	0.00352	0.00235	0.00117	0.00293	0.00205	0.00235	0.00411
33	0.00462	0.00330	0.00440	0.00528	0.00550	0.00308	0.00352	0.00528	0.00726	0.00968	0.02090	0.86424	0.02508	0.01188	0.00484	0.00154	0.00220	0.01078	0.00352	0.00308
34	0.00543	0.00400	0.00579	0.00579	0.00636	0.00457	0.00436	0.00658	0.00600	0.00858	0.01044	0.01645	0.01016	0.15973	0.72132	0.00572	0.00914	0.00429	0.00207	0.00322
35	0.01014	0.86900	0.01987	0.00649	0.00973	0.01501	0.00649	0.01136	0.00771	0.00892	0.00527	0.00608	0.00487	0.00324	0.00243	0.00081	0.00406	0.00203	0.00162	0.00487
36	0.00543	0.00401	0.00585	0.00585	0.00644	0.00461	0.00443	0.00661	0.00602	0.00862	0.01038	0.01615	0.01002	0.13374	0.74713	0.00579	0.00934	0.00425	0.00207	0.00325
37	0.89350	0.00733	0.00557	0.00499	0.00733	0.00851	0.00411	0.01115	0.00645	0.01702	0.00528	0.00616	0.00411	0.00352	0.00235	0.00117	0.00293	0.00205	0.00235	0.00411
38	0.00786	0.00674	0.00786	0.00562	0.00899	0.00506	0.00449	0.00955	0.00786	0.01236	0.00674	0.00786	0.00562	0.00281	0.00281	0.00056	0.00281	0.00225	0.00225	0.88990
39	0.00929	0.00670	0.00801	0.00579	0.00910	0.00514	0.00466	0.01094	0.00833	0.14178	0.00802	0.00865	0.00620	0.00310	0.00296	0.00066	0.00287	0.00249	0.00263	0.75269
40	0.87726	0.00726	0.00555	0.00499	0.00730	0.00841	0.00410	0.01104	0.00647	0.01688	0.00557	0.02184	0.00449	0.00367	0.00239	0.00118	0.00292	0.00221	0.00237	0.00409
41	0.00707	0.00353	0.00353	0.00353	0.00442	0.00353	0.00265	0.00884	0.00795	0.01414	0.01237	0.01414	0.00972	0.00442	0.00265	0.00088	0.00177	0.00353	0.88777	0.00353
42	0.03667	0.00689	0.00899	0.00691	0.00984	0.00626	0.00571	0.10011	0.01146	0.74408	0.01415	0.01237	0.00897	0.00465	0.00378	0.00117	0.00332	0.00373	0.00455	0.00640
43	0.00523	0.00356	0.00422	0.00450	0.00457	0.00349	0.00268	0.00544	0.00607	0.00809	0.01477	0.28956	0.01735	0.59712	0.01474	0.00300	0.00321	0.00718	0.00268	0.00254
44	0.00895	0.01023	0.02238	0.01598	0.01982	0.00959	0.82928	0.01215	0.00895	0.01215	0.00767	0.01023	0.00575	0.00320	0.00448	0.00128	0.00639	0.00448	0.00192	0.00512
45	0.01643	0.00779	0.00905	0.00713	0.00994	0.09286	0.00580	0.03437	0.03730	0.71679	0.01392	0.01225	0.00894	0.00462	0.00377	0.00116	0.00361	0.00368	0.00437	0.00623
46	0.01394	0.01771	0.01077	0.03680	0.01218	0.82461	0.00743	0.01497	0.01065	0.00929	0.00589	0.00694	0.00489	0.00390	0.00343	0.00099	0.00678	0.00247	0.00195	0.00439
47	0.00488	0.00386	0.00440	0.00426	0.00537	0.00337	0.00320	0.00622	0.00959	0.01250	0.40291	0.03279	0.47562	0.00876	0.00448	0.00124	0.00186	0.00748	0.00382	0.00337
48	0.00499	0.00387	0.00455	0.00440	0.00546	0.00343	0.00331	0.00642	0.00981	0.01301	0.48341	0.03205	0.38434	0.00859	0.00449	0.00124	0.00187	0.01748	0.00388	0.00341
49	0.01014	0.86900	0.01987	0.00649	0.00973	0.01501	0.00649	0.01136	0.00771	0.00892	0.00527	0.00608	0.00487	0.00324	0.00243	0.00081	0.00406	0.00203	0.00162	0.00487
50	0.00924	0.00710	0.06074	0.00735	0.00954	0.00644	0.07890	0.01358	0.23927	0.18400	0.19091	0.06429	0.07417	0.01815	0.01769	0.00136	0.00326	0.00529	0.00369	0.00503
51	0.00659	0.00329	0.00494	0.00494	0.00494	0.00329	0.00329	0.00494	0.00494	0.00659	0.00659	0.01153	0.00659	0.01318	0.01482	0.88966	0.00329	0.00329	0.00165	0.00165
52	0.00722	0.00680	0.01148	0.83676	0.04653	0.00844	0.01056	0.00974	0.00761	0.00976	0.00675	0.01009	0.00508	0.00378	0.00379	0.00126	0.00504	0.00337	0.00169	0.00426
53	0.00935	0.03637	0.01544	0.04358	0.79608	0.00919	0.01145	0.01158	0.00858	0.01221	0.00706	0.00930	0.00595	0.00339	0.00371	0.00112	0.00450	0.00334	0.00186	0.00593
54	0.00830	0.00830	0.01162	0.00996	0.00996	0.01162	0.00830	0.00913	0.00581	0.00913	0.00498	0.00830	0.00498	0.00664	0.01245	0.00166	0.85977	0.00332	0.00166	0.00415
55	0.00552	0.00368	0.00414	0.00414	0.00414	0.00368	0.00230	0.00552	0.00552	0.00735	0.01195	0.02482	0.01379	0.86672	0.01930	0.00368	0.00368	0.00552	0.00230	0.00230
56	0.00472	0.00385	0.00418	0.00410	0.00527	0.00330	0.00307	0.00591	0.00921	0.01160	0.25741	0.03427	0.62168	0.00910	0.00448	0.00126	0.00189	0.00769	0.00370	0.00330
57	0.00462	0.00330	0.00440	0.00528	0.00550	0.00308	0.00352	0.00528	0.00726	0.00968	0.02090	0.86424	0.02508	0.01188	0.00484	0.00154	0.00220	0.01078	0.00352	0.00308
58	0.00762	0.01938	0.82949	0.01079	0.01628	0.00887	0.01389	0.01195	0.00796	0.01195	0.00677	0.00801	0.00481	0.00367	0.00379	0.00121	0.02358	0.00281	0.00160	0.00557
59	0.00769	0.04670	0.82069	0.01067	0.01620	0.00901	0.01377	0.01199	0.00800	0.01191	0.00676	0.00795	0.00481	0.00359	0.00357	0.00119	0.00556	0.00278	0.00160	0.00558
60	0.02534	0.78610	0.03388	0.00675	0.00994	0.06695	0.00664	0.01160	0.00788	0.00914	0.00534	0.00617	0.00485	0.00330	0.00251	0.00083	0.00424	0.00207	0.00165	0.00484
61	0.00608	0.00435	0.00607	0.00692	0.00780	0.00434	0.00605	0.00781	0.00873	0.01133	0.02045	0.04265	0.03816	0.01046	0.00522	0.00174	0.00346	0.80140	0.00349	0.00349
62	0.00472	0.00345	0.00480	0.00552	0.00582	0.00322	0.02181	0.00543	0.00730	0.00974	0.02061	0.84533	0.02466	0.01169	0.00483	0.00153	0.00229	0.01064	0.00349	0.00313
63	0.00761	0.01962	0.84707	0.01081	0.01641	0.00881	0.01401	0.01201	0.00801	0.01201	0.00681	0.00801	0.00480	0.00360	0.00360	0.00120	0.00560	0.00280	0.00160	0.00560
64	0.00537	0.00388	0.00507	0.00477	0.00567	0.00358	0.00358	0.00716	0.01074	0.01521	0.84106	0.02833	0.03578	0.00775	0.00447	0.00119	0.00179	0.00686	0.00417	0.00358
65	0.00988	0.78160	0.10499	0.00693	0.01042	0.01437	0.00726	0.01142	0.00774	0.00924	0.00543	0.00628	0.00486	0.00328	0.00255	0.00085	0.00422	0.00211	0.00162	0.00494
66	0.00848	0.00459	0.00490	0.00455	0.00585	0.00471	0.00350	0.01167	0.14319	0.09998	0.01314	0.01401	0.00999	0.00457	0.00297	0.00098	0.00212	0.00369	0.65290	0.00424
67	0.01017	0.00851	0.00899	0.00787	0.01014	0.00978	0.00618	0.14041	0.71474	0.01706	0.01450	0.01340	0.01082	0.00506	0.00385	0.00126	0.00318	0.00416	0.00385	0.00607
68	0.00636	0.00440	0.00616	0.00696	0.00787	0.00438	0.00607	0.00809	0.00876	0.03217	0.01996	0.05247	0.02156	0.01035	0.00520	0.00173	0.00347	0.78696	0.00352	0.00356
69	0.00462	0.00330	0.00440	0.00528	0.00550	0.00308	0.00352	0.00528	0.00726	0.00968	0.02090	0.86424	0.02508	0.01188	0.00484	0.00154	0.00220	0.01078	0.00352	0.00308
70	0.00943	0.00815	0.00858	0.00772	0.00986	0.00943	0.00600	0.02015	0.83621	0.01586	0.01544	0.01415	0.01158	0.00515	0.00386	0.00129	0.00300	0.00429	0.00386	0.00600
71	0.00786	0.00674	0.00786	0.00562	0.00899	0.00506	0.00449	0.00955	0.00786	0.01236	0.00674	0.00786	0.00562	0.00281	0.00281	0.00056	0.00281	0.00225	0.00225	0.88990
72	0.00684	0.00617	0.00882	0.00801	0.00834	0.00815	0.00649	0.00792	0.00598	0.00899	0.00783	0.03248	0.00761	0.01711	0.41032	0.00376	0.43570	0.00386	0.00188	0.00376
73	0.00815	0.16198	0.65544	0.00989	0.01488	0.00989	0.01225	0.01241	0.05960	0.01173	0.00709	0.00807	0.00524	0.00364	0.00342	0.00114	0.00518	0.00276	0.00175	0.00551
74	0.00537	0.00388	0.00507	0.00477	0.00567	0.00358	0.00358	0.00716	0.01074	0.01521	0.84106	0.02833	0.03578	0.00775	0.00447	0.00119	0.00179	0.00686	0.00417	0.00358
75	0.00469	0.00333	0.00438	0.00519	0.00539	0.00313	0.00342	0.00530	0.00712	0.00950	0.02020	0.79822	0.02420	0.07912	0.00598	0.00171	0.00232	0.01037	0.00342	0.00302
76	0.00939	0.00901	0.01539	0.02328	0.84306	0.00901	0.01164	0.01164	0.00864	0.01239	0.00713	0.00939	0.00601	0.00338	0.00375	0.00113	0.00451	0.00338	0.00188	0.00601
77	0.00943	0.00815	0.00858	0.00772	0.00986	0.00943	0.00600	0.02015	0.83621	0.01586	0.01544	0.01415	0.01158	0.00515	0.00386	0.00129	0.00300	0.00429	0.00386	0.00600
78	0.01442	0.01062	0.01138	0.00873	0.01176	0.01176	0.00721	0.83041	0.01783	0.02390	0.00911	0.00911	0.00645	0.00455	0.00379	0.00114	0.00417	0.00341	0.00379	0.00645
79	0.89350	0.00733	0.00557	0.00499	0.00733	0.00851	0.00411	0.01115	0.00645	0.01702	0.00528	0.00616	0.00411	0.00352	0.00235	0.00117	0.00293	0.00205	0.00235	0.00411
80	0.00830	0.00830	0.01162	0.00996	0.00996	0.01162	0.00830	0.00913	0.00581	0.00913	0.00498	0.00830	0.00498	0.00664	0.01245	0.00166	0.85977	0.00332	0.00166	0.00415
81	0.00537	0.00388	0.00507	0.00477	0.00567	0.00358	0.00358	0.00716	0.01074	0.01521	0.84106	0.02833	0.03578	0.00775	0.00447	0.00119	0.00179	0.00686	0.00417	0.00358
82	0.01010	0.85598	0.03255	0.00656	0.00984	0.01491	0.00660	0.01137	0.00771	0.00897	0.00530	0.00611	0.00487	0.00325	0.00245	0.00082	0.00408	0.00204	0.00162	0.00488
83	0.00916	0.00878	0.01498	0.10913	0.75900	0.00895	0.01153	0.01144	0.00853	0.01211	0.00709	0.00946	0.00591	0.00342	0.00376	0.00114	0.00456	0.00338	0.00186	0.00582
84	0.00552	0.00368	0.00414	0.00414	0.00414	0.00368	0.00230	0.00552	0.00552	0.00735	0.01195	0.02482	0.01379	0.86672	0.01930	0.00368	0.00368	0.00552	0.00230	0.00230
85	0.01501	0.00934	0.01055	0.00812	0.01110	0.00990	0.00670	0.56958	0.04230	0.26109	0.01100	0.01037	0.00746	0.00461	0.00380	0.00115	0.00386	0.00356	0.00406	0.00644
86	0.01014	0.86900	0.01987	0.00649	0.00973	0.01501	0.00649	0.01136	0.00771	0.00892	0.00527	0.00608	0.00487	0.00324	0.00243	0.00081	0.00406	0.00203	0.00162	0.00487
87	0.00659	0.01547	0.00520	0.00501	0.00509	0.00352	0.00340	0.00511	0.00503	0.00672	0.00672	0.01160	0.00669	0.01370	0.05079	0.83904	0.00360	0.00331	0.00166	0.00177
88	0.00611	0.00437	0.00611	0.00698	0.00786	0.00437	0.00611	0.00786	0.00873	0.01135	0.02008	0.04278	0.02183	0.01048	0.00524	0.00175	0.00349	0.81753	0.00349	0.00349
89	0.00732	0.00378	0.00381	0.00371	0.00467	0.00382	0.00281	0.03734	0.00830	0.01448	0.01226	0.01396	0.00961	0.00442	0.00269	0.00089	0.00185	0.00353	0.85710	0.00364
90	0.00819	0.00787	0.01363	0.46427	0.36824	0.00873	0.05341	0.01063	0.00810	0.01095	0.00695	0.00981	0.00549	0.00359	0.00381	0.00121	0.00489	0.00343	0.00178	0.00501
91	0.01014	0.86900	0.01987	0.00649	0.00973	0.01501	0.00649	0.01136	0.00771	0.00892	0.00527	0.00608	0.00487	0.00324	0.00243	0.00081	0.00406	0.00203	0.00162	0.00487
92	0.00574	0.00449	0.00579	0.03362	0.01852	0.00405	0.00427	0.00708	0.03289	0.01061	0.01674	0.56312	0.01906	0.00911	0.00430	0.00130	0.00255	0.04269	0.00315	0.21094
93	0.01005	0.00868	0.01459	0.02139	0.74948	0.00859	0.01092	0.01222	0.00888	0.09182	0.02201	0.01004	0.00683	0.00358	0.00377	0.00113	0.00434	0.00348	0.00218	0.00601
94	0.01049	0.00867	0.00917	0.00793	0.01026	0.00993	0.00626	0.19183	0.66281	0.01757	0.01409	0.01308	0.01049	0.00502	0.00385	0.00125	0.00325	0.00410	0.00385	0.00610
95	0.89350	0.00733	0.00557	0.00499	0.00733	0.00851	0.00411	0.01115	0.00645	0.01702	0.00528	0.00616	0.00411	0.00352	0.00235	0.00117	0.00293	0.00205	0.00235	0.00411
96	0.00761	0.01962	0.84707	0.01081	0.01641	0.00881	0.01401	0.01201	0.00801	0.01201	0.00681	0.00801	0.00480	0.00360	0.00360	0.00120	0.00560	0.00280	0.00160	0.00560
97	0.00448	0.00384	0.00384	0.00384	0.00512	0.00320	0.00288	0.00544	0.00864	0.01025	0.03842	0.03650	0.84152	0.00960	0.00448	0.00128	0.00192	0.00800	0.00352	0.00320
98	0.00552	0.00368	0.00414	0.00414	0.00414	0.00368	0.00230	0.00552	0.00552	0.00735	0.01195	0.02482	0.01379	0.86672	0.01930	0.00368	0.00368	0.00552	0.00230	0.00230
99	0.00716	0.00674	0.01138	0.85760	0.02612	0.00843	0.01053	0.00969	0.00758	0.00969	0.00674	0.01011	0.00506	0.00379	0.00379	0.00126	0.00506	0.00337	0.00169	0.00421
100	0.01652	0.00635	0.00864	0.00666	0.00951	0.00549	0.00549	0.01800	0.01085	0.81052	0.04994	0.01356	0.01051	0.00482	0.00384	0.00117	0.00317	0.00394	0.00467	0.00633
101	0.01014	0.86900	0.01987	0.00649	0.00973	0.01501	0.00649	0.01136	0.00771	0.00892	0.00527	0.00608	0.00487	0.00324	0.00243	0.00081	0.00406	0.00203	0.00162	0.00487
102	0.00830	0.00830	0.01162	0.00996	0.00996	0.01162	0.00830	0.00913	0.00581	0.00913	0.00498	0.00830	0.00498	0.00664	0.01245	0.00166	0.85977	0.00332	0.00166	0.00415
103	0.00462	0.00332	0.00438	0.00523	0.00549	0.00308	0.00350	0.00529	0.00731	0.00970	0.02148	0.83714	0.05181	0.01181	0.00483	0.00153	0.00219	0.01069	0.00352	0.00308
104	0.00523	0.00387	0.00488	0.00463	0.00558	0.00352	0.00347	0.00689	0.01041	0.01443	0.71526	0.02961	0.16207	0.00804	0.00447	0.00121	0.00181	0.00704	0.00407	0.00352
105	0.00761	0.01962	0.84707	0.01081	0.01641	0.00881	0.01401	0.01201	0.00801	0.01201	0.00681	0.00801	0.00480	0.00360	0.00360	0.00120	0.00560	0.00280	0.00160	0.00560
106	0.00769	0.01903	0.79564	0.01113	0.01663	0.00886	0.06485	0.01202	0.00807	0.01202	0.00686	0.00815	0.00486	0.00358	0.00366	0.00121	0.00565	0.00291	0.00162	0.00557
107	0.00537	0.00388	0.00507	0.00477	0.00567	0.00358	0.00358	0.00716	0.01074	0.01521	0.84106	0.02833	0.03578	0.00775	0.00447	0.00119	0.00179	0.00686	0.00417	0.00358
108	0.00461	0.00333	0.00437	0.00520	0.00548	0.00309	0.00349	0.00529	0.00734	0.00971	0.02186	0.81879	0.06992	0.01176	0.00482	0.00153	0.00218	0.01063	0.00352	0.00309
109	0.00769	0.01903	0.79564	0.01113	0.01663	0.00886	0.06485	0.01202	0.00807	0.01202	0.00686	0.00815	0.00486	0.00358	0.00366	0.00121	0.00565	0.00291	0.00162	0.00557
110	0.01599	0.00854	0.00977	0.00758	0.01049	0.06034	0.00622	0.28367	0.01313	0.52491	0.01248	0.01129	0.00815	0.00460	0.00378	0.00115	0.00376	0.00360	0.00423	0.00632
111	0.00716	0.00674	0.01138	0.85760	0.02612	0.00843	0.01053	0.00969	0.00758	0.00969	0.00674	0.01011	0.00506	0.00379	0.00379	0.00126	0.00506	0.00337	0.00169	0.00421
112	0.00462	0.00330	0.00440	0.00528	0.00550	0.00308	0.00352	0.00528	0.00726	0.00968	0.02090	0.86424	0.02508	0.01188	0.00484	0.00154	0.00220	0.01078	0.00352	0.00308
113	0.00923	0.00876	0.01459	0.03701	0.75154	0.00887	0.01103	0.01200	0.06028	0.01264	0.03218	0.01025	0.00721	0.00363	0.00378	0.00114	0.00434	0.00354	0.00206	0.00590
114	0.83826	0.00810	0.05805	0.00535	0.00790	0.00853	0.00472	0.01120	0.00655	0.01670	0.00538	0.00628	0.00415	0.00353	0.00243	0.00118	0.00310	0.00210	0.00230	0.00420
115	0.01037	0.74248	0.01858	0.00699	0.00992	0.08640	0.00667	0.01154	0.00785	0.00897	0.00530	0.00629	0.00488	0.00351	0.00314	0.00088	0.05765	0.00214	0.00165	0.00478
116	0.00906	0.00916	0.03128	0.06428	0.63311	0.00894	0.14490	0.01149	0.00859	0.01215	0.00750	0.02847	0.00632	0.00356	0.00390	0.00117	0.00481	0.00371	0.00191	0.00570
117	0.00862	0.01345	0.47505	0.06223	0.01421	0.00733	0.05034	0.01179	0.00853	0.14154	0.05516	0.11528	0.00975	0.00501	0.00389	0.00125	0.00461	0.00428	0.00248	0.00521
118	0.01623	0.00629	0.00849	0.00657	0.00940	0.00543	0.00541	0.01767	0.01072	0.79359	0.01642	0.01438	0.06128	0.00500	0.00386	0.00118	0.00315	0.00408	0.00462	0.00625
119	0.00716	0.00654	0.01089	0.80434	0.02477	0.00812	0.01004	0.00964	0.00761	0.00997	0.00709	0.01036	0.00535	0.00383	0.00372	0.00124	0.00485	0.00338	0.05694	0.00417
120	0.83867	0.00800	0.00590	0.00529	0.00761	0.06107	0.00431	0.01140	0.00672	0.01653	0.00532	0.00620	0.00416	0.00354	0.00241	0.00116	0.00318	0.00208	0.00232	0.00413
121	0.00594	0.00716	0.12933	0.00777	0.00976	0.00524	0.16326	0.00782	0.00839	0.01124	0.11420	0.30472	0.19359	0.00806	0.00447	0.00135	0.00339	0.00738	0.00301	0.00392
122	0.03721	0.03431	0.03057	0.00855	0.10675	0.03141	0.00615	0.06640	0.05970	0.20855	0.23918	0.06210	0.02767	0.00584	0.00449	0.00121	0.05655	0.00483	0.00351	0.00501
123	0.00924	0.01909	0.17572	0.00995	0.13798	0.00746	0.01831	0.08570	0.07891	0.12366	0.13780	0.01606	0.11428	0.00542	0.00433	0.00121	0.04210	0.00449	0.00307	0.00521
124	0.01046	0.27324	0.17442	0.06269	0.09488	0.09621	0.02124	0.05438	0.05592	0.08724	0.03027	0.00900	0.00670	0.00386	0.00334	0.00106	0.00459	0.00297	0.00227	0.00529
125	0.01110	0.13428	0.20647	0.00736	0.01084	0.01699	0.00737	0.02376	0.02911	0.28825	0.05611	0.01158	0.03736	0.00428	0.00347	0.00104	0.00376	0.00338	0.00302	0.14047

[dist]
# distance from previous block
# <min> <max>
1	6

[block]
# block no. 1 follows, 72 sequences, length 10
# corresponding to MSA columns:
# 306-315
name=unknown_B
#
# <colnr> <probs for GDERKNQSTAVLIFYWHMCP>
#	G	D	E	R	K	N	Q	S	T	A	V	L	I	F	Y	W	H	M	C	P
0	0.22772	0.48793	0.01485	0.00753	0.06714	0.01248	0.00630	0.08291	0.04183	0.01274	0.00615	0.00692	0.00517	0.00351	0.00268	0.00097	0.00378	0.00234	0.00210	0.00494
1	0.01190	0.11386	0.15746	0.00992	0.01338	0.11421	0.18861	0.07959	0.01012	0.22465	0.03355	0.01006	0.00724	0.00399	0.00373	0.00113	0.00492	0.00346	0.00276	0.00548
2	0.01001	0.33594	0.11664	0.01353	0.29861	0.03287	0.05686	0.04438	0.00872	0.03955	0.00673	0.00806	0.00552	0.00345	0.00327	0.00102	0.00458	0.00285	0.00192	0.00547
3	0.00966	0.09814	0.06935	0.01664	0.48586	0.00957	0.00979	0.01378	0.19062	0.04580	0.00906	0.01014	0.00717	0.00382	0.00363	0.00114	0.00415	0.00342	0.00238	0.00588
4	0.00917	0.01015	0.11775	0.01830	0.55656	0.00908	0.01070	0.01356	0.19059	0.01311	0.00892	0.01026	0.00708	0.00380	0.00376	0.00117	0.00431	0.00351	0.00228	0.00596
5	0.00924	0.00907	0.01609	0.05793	0.70544	0.00906	0.11370	0.01162	0.00863	0.01224	0.00718	0.00952	0.00594	0.00337	0.00385	0.00115	0.00476	0.00352	0.00187	0.00582
6	0.20240	0.00715	0.01060	0.56587	0.12400	0.00852	0.00926	0.01025	0.00747	0.01164	0.00647	0.00915	0.00497	0.00368	0.00347	0.00123	0.00452	0.00308	0.00185	0.00441
7	0.00939	0.00901	0.01539	0.02328	0.84306	0.00901	0.01164	0.01164	0.00864	0.01239	0.00713	0.00939	0.00601	0.00338	0.00375	0.00113	0.00451	0.00338	0.00188	0.00601
8	0.01044	0.01100	0.01437	0.02031	0.66020	0.19432	0.01069	0.01241	0.00910	0.01171	0.00685	0.00883	0.00576	0.00350	0.00368	0.00109	0.00502	0.00317	0.00189	0.00565
9	0.20386	0.00864	0.01323	0.01926	0.65923	0.00890	0.00998	0.01153	0.00816	0.01341	0.00673	0.00868	0.00559	0.00341	0.00344	0.00114	0.00416	0.00309	0.00198	0.00559

[dist]
# distance from previous block
# <min> <max>
0	4

[block]
# block no. 2 follows, 72 sequences, length 155
# corresponding to MSA columns:
# 320-474
name=unknown_C
#
# <colnr> <probs for GDERKNQSTAVLIFYWHMCP>
#	G	D	E	R	K	N	Q	S	T	A	V	L	I	F	Y	W	H	M	C	P
0	0.00453	0.00382	0.00392	0.00394	0.00516	0.00321	0.00294	0.00551	0.00868	0.01044	0.07319	0.07097	0.77151	0.00962	0.00450	0.00129	0.00193	0.00807	0.00355	0.00321
1	0.00898	0.00868	0.01513	0.02079	0.67703	0.00861	0.09475	0.01137	0.02114	0.01242	0.04156	0.04629	0.00807	0.00392	0.00390	0.00116	0.00447	0.00396	0.00207	0.00569
2	0.01510	0.00870	0.00908	0.00735	0.00983	0.15803	0.00588	0.07574	0.02048	0.53928	0.04181	0.01248	0.00940	0.04099	0.00465	0.00126	0.02657	0.00371	0.00393	0.00574
3	0.00531	0.00440	0.02304	0.00542	0.04098	0.00380	0.00394	0.00690	0.00989	0.01344	0.53372	0.05268	0.26618	0.00813	0.00444	0.00123	0.00203	0.00707	0.00382	0.00360
4	0.00924	0.00941	0.05040	0.04694	0.77014	0.00900	0.02592	0.01161	0.00858	0.01229	0.00712	0.00936	0.00592	0.00340	0.00376	0.00114	0.00460	0.00337	0.00186	0.00592
5	0.00462	0.00330	0.00440	0.00528	0.00550	0.00308	0.00352	0.00528	0.00726	0.00968	0.02090	0.86424	0.02508	0.01188	0.00484	0.00154	0.00220	0.01078	0.00352	0.00308
6	0.00952	0.55106	0.24574	0.00774	0.01158	0.01260	0.00847	0.02244	0.04284	0.02412	0.00637	0.00715	0.00525	0.00345	0.00286	0.00094	0.00439	0.00239	0.00181	0.02928
7	0.01003	0.83325	0.05469	0.00667	0.01002	0.01475	0.00681	0.01138	0.00772	0.00905	0.00534	0.00616	0.00486	0.00326	0.00248	0.00083	0.00412	0.00206	0.00162	0.00490
8	0.01070	0.15790	0.35777	0.01017	0.07133	0.07641	0.02176	0.10590	0.00969	0.12119	0.00781	0.00849	0.00571	0.00383	0.00358	0.00111	0.01582	0.00292	0.00231	0.00560
9	0.00568	0.00534	0.07559	0.00538	0.00671	0.00422	0.00453	0.00799	0.04088	0.01483	0.71951	0.03877	0.04116	0.00739	0.00438	0.00120	0.00216	0.00650	0.00393	0.00383
10	0.00637	0.00439	0.00583	0.00596	0.05841	0.00402	0.00414	0.00805	0.01034	0.07610	0.62185	0.02707	0.13788	0.00750	0.00438	0.00120	0.00208	0.00656	0.00398	0.00389
11	0.00993	0.02219	0.19820	0.01709	0.42951	0.00868	0.11420	0.01277	0.01931	0.11920	0.00822	0.00966	0.00620	0.00359	0.00380	0.00117	0.00480	0.00344	0.00221	0.00585
12	0.00796	0.05501	0.78984	0.01052	0.01595	0.00898	0.01347	0.01216	0.00807	0.03417	0.00696	0.00806	0.00493	0.00362	0.00356	0.00118	0.00548	0.00280	0.00168	0.00560
13	0.00542	0.00404	0.00599	0.00599	0.00664	0.00469	0.00462	0.00671	0.00607	0.00873	0.01025	0.01541	0.00970	0.07130	0.80913	0.00597	0.00983	0.00414	0.00205	0.00333
14	0.00777	0.03162	0.79278	0.01085	0.01625	0.01972	0.03385	0.01201	0.00803	0.01190	0.00677	0.00802	0.00483	0.00363	0.00372	0.00120	0.01704	0.00283	0.00161	0.00555
15	0.02208	0.01200	0.16412	0.00882	0.01147	0.17316	0.03981	0.10340	0.23485	0.03623	0.01069	0.02349	0.02137	0.04860	0.00494	0.00134	0.04396	0.02237	0.01213	0.00518
16	0.00498	0.00391	0.00450	0.00435	0.00545	0.00346	0.00326	0.00646	0.01935	0.01276	0.43491	0.03220	0.43353	0.00864	0.00447	0.00124	0.00187	0.00739	0.00385	0.00342
17	0.00462	0.00330	0.00440	0.00528	0.00550	0.00308	0.00352	0.00528	0.00726	0.00968	0.02090	0.86424	0.02508	0.01188	0.00484	0.00154	0.00220	0.01078	0.00352	0.00308
18	0.01684	0.00716	0.00892	0.00693	0.00981	0.05701	0.00568	0.01828	0.01085	0.79482	0.01441	0.01254	0.00911	0.00465	0.00379	0.00116	0.00345	0.00373	0.00453	0.00633
19	0.00913	0.00919	0.01702	0.05617	0.57110	0.00908	0.23617	0.01165	0.00868	0.01220	0.00744	0.01010	0.00611	0.00344	0.00397	0.00118	0.00503	0.01478	0.00190	0.00565
20	0.00451	0.00385	0.00388	0.00390	0.00517	0.00322	0.00294	0.00549	0.00865	0.01026	0.03809	0.03661	0.82698	0.00962	0.00450	0.00129	0.00195	0.02236	0.00352	0.00321
21	0.01014	0.86900	0.01987	0.00649	0.00973	0.01501	0.00649	0.01136	0.00771	0.00892	0.00527	0.00608	0.00487	0.00324	0.00243	0.00081	0.00406	0.00203	0.00162	0.00487
22	0.89350	0.00733	0.00557	0.00499	0.00733	0.00851	0.00411	0.01115	0.00645	0.01702	0.00528	0.00616	0.00411	0.00352	0.00235	0.00117	0.00293	0.00205	0.00235	0.00411
23	0.00545	0.00396	0.00555	0.00555	0.00603	0.00444	0.00406	0.00642	0.00593	0.00840	0.01066	0.01768	0.01069	0.26330	0.61848	0.00542	0.00834	0.00447	0.00211	0.00308
24	0.01426	0.01083	0.01125	0.00872	0.01167	0.04729	0.00716	0.78346	0.01737	0.02307	0.00914	0.02178	0.00666	0.00463	0.00379	0.00114	0.00426	0.00348	0.00371	0.00631
25	0.86881	0.00722	0.00554	0.00500	0.00728	0.00836	0.00409	0.01099	0.00648	0.01681	0.00571	0.03000	0.00469	0.00375	0.00242	0.00118	0.00291	0.00230	0.00238	0.00408
26	0.00828	0.03543	0.31604	0.00887	0.03652	0.00732	0.05970	0.02927	0.01904	0.03863	0.00774	0.04114	0.00627	0.00367	0.00348	0.00096	0.01416	0.00306	0.00214	0.35828
27	0.00812	0.05250	0.56082	0.01221	0.01717	0.00931	0.26225	0.01203	0.00828	0.01192	0.00701	0.00860	0.00510	0.00346	0.00382	0.00121	0.00578	0.00328	0.00170	0.00542
28	0.00468	0.00334	0.00447	0.00535	0.00560	0.00313	0.00363	0.00539	0.00732	0.00975	0.02087	0.83011	0.02495	0.01182	0.00486	0.00155	0.00225	0.04430	0.00352	0.00310
29	0.85371	0.00734	0.00571	0.00509	0.00745	0.00848	0.00419	0.01153	0.02958	0.03139	0.00573	0.00650	0.00441	0.00359	0.00241	0.00118	0.00294	0.00215	0.00243	0.00420
30	0.03639	0.08144	0.63059	0.01058	0.01553	0.04480	0.07836	0.02644	0.00834	0.02389	0.00683	0.00802	0.00496	0.00359	0.00355	0.00117	0.00546	0.00287	0.00175	0.00544
31	0.00461	0.00343	0.00430	0.00499	0.00545	0.00312	0.00342	0.00535	0.00758	0.00982	0.02465	0.67657	0.20003	0.01138	0.00477	0.00149	0.00216	0.02027	0.00352	0.00311
32	0.00562	0.00421	0.00543	0.00604	0.00703	0.00401	0.00514	0.00713	0.00870	0.01102	0.02561	0.04089	0.26906	0.01021	0.00501	0.00161	0.00302	0.57336	0.00350	0.00340
33	0.00708	0.03476	0.10164	0.00896	0.13370	0.00628	0.02999	0.01032	0.12222	0.02586	0.32549	0.05931	0.10628	0.00634	0.00413	0.00121	0.00305	0.00557	0.00326	0.00456
34	0.00912	0.00911	0.03748	0.05714	0.72775	0.00886	0.04683	0.01146	0.00865	0.01233	0.03030	0.00994	0.00675	0.00352	0.00380	0.00114	0.00456	0.00351	0.00193	0.00582
35	0.00570	0.00443	0.00644	0.00629	0.00684	0.00529	0.00486	0.00688	0.00602	0.00871	0.00983	0.01515	0.00944	0.10051	0.69897	0.00546	0.08967	0.00412	0.00202	0.00336
36	0.01194	0.10862	0.10773	0.01217	0.17394	0.43683	0.02118	0.03585	0.00978	0.02543	0.00642	0.00763	0.00523	0.00376	0.00357	0.00104	0.01922	0.00272	0.00196	0.00500
37	0.00448	0.00384	0.00384	0.00384	0.00512	0.00320	0.00288	0.00544	0.00864	0.01025	0.03842	0.03650	0.84152	0.00960	0.00448	0.00128	0.00192	0.00800	0.00352	0.00320
38	0.49122	0.00820	0.00756	0.06233	0.06867	0.07579	0.00562	0.01273	0.15290	0.01528	0.06059	0.00951	0.00770	0.00411	0.00303	0.00118	0.00343	0.00296	0.00262	0.00457
39	0.01417	0.01787	0.01077	0.00974	0.01173	0.82816	0.00732	0.03779	0.01094	0.00969	0.00595	0.00690	0.00493	0.00393	0.00343	0.00098	0.00677	0.00247	0.00201	0.00445
40	0.00786	0.00674	0.00786	0.00562	0.00899	0.00506	0.00449	0.00955	0.00786	0.01236	0.00674	0.00786	0.00562	0.00281	0.00281	0.00056	0.00281	0.00225	0.00225	0.88990
41	0.09649	0.00562	0.00680	0.00579	0.00763	0.00547	0.00458	0.05354	0.06631	0.26536	0.41335	0.01960	0.02164	0.00608	0.00399	0.00119	0.00254	0.00513	0.00411	0.00480
42	0.00981	0.00865	0.00877	0.00784	0.01001	0.04470	0.00610	0.04965	0.77172	0.01588	0.01480	0.01366	0.01111	0.00507	0.00384	0.00127	0.00320	0.00418	0.00378	0.00595
43	0.72350	0.06201	0.00739	0.00574	0.00810	0.04458	0.04132	0.01114	0.00679	0.01555	0.00569	0.00715	0.00467	0.03983	0.00321	0.00125	0.00336	0.00232	0.00226	0.00414
44	0.38370	0.18269	0.29081	0.00744	0.01104	0.04600	0.00804	0.01165	0.00741	0.01340	0.00582	0.00679	0.00452	0.00351	0.00283	0.00110	0.00422	0.00232	0.00194	0.00477
45	0.00907	0.05928	0.04003	0.02113	0.16888	0.00700	0.00660	0.01179	0.08906	0.07984	0.02271	0.02293	0.00732	0.00359	0.00325	0.00086	0.00336	0.00302	0.00252	0.43773
46	0.00463	0.00331	0.00441	0.00527	0.00550	0.00309	0.00352	0.00531	0.00732	0.00978	0.03491	0.84996	0.02527	0.01181	0.00483	0.00153	0.00219	0.01071	0.00353	0.00309
47	0.00798	0.03200	0.75503	0.01080	0.01614	0.00896	0.04780	0.02654	0.02701	0.02295	0.00716	0.00829	0.00509	0.00365	0.00363	0.00120	0.00550	0.00292	0.00174	0.00561
48	0.00880	0.00721	0.02433	0.00776	0.04812	0.00574	0.09671	0.01064	0.00830	0.09870	0.00860	0.06239	0.00725	0.00366	0.00328	0.00080	0.00334	0.00325	0.00252	0.58861
49	0.00786	0.00674	0.00786	0.00562	0.00899	0.00506	0.00449	0.00955	0.00786	0.01236	0.00674	0.00786	0.00562	0.00281	0.00281	0.00056	0.00281	0.00225	0.00225	0.88990
50	0.00659	0.00566	0.00832	0.14403	0.19102	0.00578	0.00668	0.00878	0.04381	0.01222	0.22399	0.03860	0.18414	0.00682	0.00428	0.00128	0.00317	0.09759	0.00305	0.00421
51	0.01256	0.01251	0.38662	0.00862	0.01276	0.00720	0.00941	0.03798	0.00972	0.43405	0.01099	0.01051	0.00718	0.00417	0.00370	0.00118	0.00432	0.00332	0.00324	0.01997
52	0.00552	0.00368	0.00414	0.00414	0.00414	0.00368	0.00230	0.00552	0.00552	0.00735	0.01195	0.02482	0.01379	0.86672	0.01930	0.00368	0.00368	0.00552	0.00230	0.00230
53	0.01417	0.01808	0.01075	0.00977	0.01172	0.85149	0.00733	0.01514	0.01075	0.00928	0.00586	0.00684	0.00489	0.00391	0.00342	0.00098	0.00684	0.00244	0.00195	0.00440
54	0.00462	0.00330	0.00440	0.00528	0.00550	0.00308	0.00352	0.00528	0.00726	0.00968	0.02090	0.86424	0.02508	0.01188	0.00484	0.00154	0.00220	0.01078	0.00352	0.00308
55	0.00611	0.00437	0.00611	0.00698	0.00786	0.00437	0.00611	0.00786	0.00873	0.01135	0.02008	0.04278	0.02183	0.01048	0.00524	0.00175	0.00349	0.81753	0.00349	0.00349
56	0.00552	0.00368	0.00414	0.00414	0.00414	0.00368	0.00230	0.00552	0.00552	0.00735	0.01195	0.02482	0.01379	0.86672	0.01930	0.00368	0.00368	0.00552	0.00230	0.00230
57	0.02038	0.09152	0.76494	0.01036	0.01572	0.00933	0.01323	0.01194	0.00796	0.01182	0.00665	0.00782	0.00480	0.00357	0.00349	0.00117	0.00544	0.00273	0.00161	0.00552
58	0.00943	0.00815	0.00858	0.00772	0.00986	0.00943	0.00600	0.02015	0.83621	0.01586	0.01544	0.01415	0.01158	0.00515	0.00386	0.00129	0.00300	0.00429	0.00386	0.00600
59	0.01696	0.00654	0.00886	0.00679	0.00973	0.00571	0.00561	0.03572	0.01100	0.82824	0.01484	0.01283	0.00933	0.00469	0.00381	0.00117	0.00325	0.00381	0.00467	0.00645
60	0.00448	0.00384	0.00384	0.00384	0.00512	0.00320	0.00288	0.00544	0.00864	0.01025	0.03842	0.03650	0.84152	0.00960	0.00448	0.00128	0.00192	0.00800	0.00352	0.00320
61	0.89350	0.00733	0.00557	0.00499	0.00733	0.00851	0.00411	0.01115	0.00645	0.01702	0.00528	0.00616	0.00411	0.00352	0.00235	0.00117	0.00293	0.00205	0.00235	0.00411
62	0.00786	0.00674	0.00786	0.00562	0.00899	0.00506	0.00449	0.00955	0.00786	0.01236	0.00674	0.00786	0.00562	0.00281	0.00281	0.00056	0.00281	0.00225	0.00225	0.88990
63	0.01442	0.01062	0.01138	0.00873	0.01176	0.01176	0.00721	0.83041	0.01783	0.02390	0.00911	0.00911	0.00645	0.00455	0.00379	0.00114	0.00417	0.00341	0.00379	0.00645
64	0.88104	0.00749	0.00565	0.00506	0.00740	0.02046	0.00415	0.01120	0.00652	0.01691	0.00529	0.00617	0.00412	0.00353	0.00236	0.00117	0.00299	0.00206	0.00234	0.00411
65	0.00994	0.01094	0.02027	0.01496	0.03299	0.10660	0.68101	0.01278	0.00924	0.05116	0.00780	0.00995	0.00583	0.00335	0.00431	0.00124	0.00626	0.00419	0.00205	0.00511
66	0.00487	0.00352	0.00465	0.00538	0.00574	0.00336	0.00372	0.01825	0.00747	0.00993	0.02079	0.73728	0.05754	0.01259	0.05431	0.00180	0.00273	0.03946	0.00344	0.00317
67	0.00922	0.00884	0.01509	0.08703	0.78063	0.00897	0.01155	0.01149	0.00856	0.01218	0.00710	0.00944	0.00593	0.00341	0.00376	0.00114	0.00455	0.00338	0.00186	0.00587
68	0.86006	0.00730	0.00570	0.00505	0.00742	0.00840	0.00416	0.01143	0.00662	0.04863	0.00565	0.00642	0.00431	0.00357	0.00240	0.00117	0.00294	0.00212	0.00244	0.00420
69	0.00544	0.00399	0.00570	0.00570	0.00625	0.00453	0.00425	0.00652	0.00598	0.00852	0.01052	0.01687	0.01034	0.19540	0.68591	0.00561	0.00887	0.00435	0.00208	0.00317
70	0.00464	0.00332	0.00443	0.00531	0.00553	0.00310	0.00356	0.00532	0.00728	0.00971	0.02089	0.85250	0.02504	0.01186	0.00485	0.00154	0.00222	0.02231	0.00352	0.00309
71	0.00716	0.00674	0.01138	0.85760	0.02612	0.00843	0.01053	0.00969	0.00758	0.00969	0.00674	0.01011	0.00506	0.00379	0.00379	0.00126	0.00506	0.00337	0.00169	0.00421
72	0.00786	0.00674	0.00786	0.00562	0.00899	0.00506	0.00449	0.00955	0.00786	0.01236	0.00674	0.00786	0.00562	0.00281	0.00281	0.00056	0.00281	0.00225	0.00225	0.88990
73	0.00761	0.01962	0.84707	0.01081	0.01641	0.00881	0.01401	0.01201	0.00801	0.01201	0.00681	0.00801	0.00480	0.00360	0.00360	0.00120	0.00560	0.00280	0.00160	0.00560
74	0.00943	0.00815	0.00858	0.00772	0.00986	0.00943	0.00600	0.02015	0.83621	0.01586	0.01544	0.01415	0.01158	0.00515	0.00386	0.00129	0.00300	0.00429	0.00386	0.00600
75	0.01702	0.00645	0.00880	0.00675	0.00968	0.00557	0.00557	0.01848	0.01085	0.84568	0.01496	0.01291	0.00939	0.00469	0.00381	0.00117	0.00323	0.00381	0.00469	0.00645
76	0.00895	0.01023	0.02238	0.01598	0.01982	0.00959	0.82928	0.01215	0.00895	0.01215	0.00767	0.01023	0.00575	0.00320	0.00448	0.00128	0.00639	0.00448	0.00192	0.00512
77	0.89350	0.00733	0.00557	0.00499	0.00733	0.00851	0.00411	0.01115	0.00645	0.01702	0.00528	0.00616	0.00411	0.00352	0.00235	0.00117	0.00293	0.00205	0.00235	0.00411
78	0.00895	0.01023	0.02238	0.01598	0.01982	0.00959	0.82928	0.01215	0.00895	0.01215	0.00767	0.01023	0.00575	0.00320	0.00448	0.00128	0.00639	0.00448	0.00192	0.00512
79	0.00552	0.00368	0.00414	0.00414	0.00414	0.00368	0.00230	0.00552	0.00552	0.00735	0.01195	0.02482	0.01379	0.86672	0.01930	0.00368	0.00368	0.00552	0.00230	0.00230
80	0.00462	0.00330	0.00440	0.00528	0.00550	0.00308	0.00352	0.00528	0.00726	0.00968	0.02090	0.86424	0.02508	0.01188	0.00484	0.00154	0.00220	0.01078	0.00352	0.00308
81	0.01417	0.01808	0.01075	0.00977	0.01172	0.85149	0.00733	0.01514	0.01075	0.00928	0.00586	0.00684	0.00489	0.00391	0.00342	0.00098	0.00684	0.00244	0.00195	0.00440
82	0.00552	0.00368	0.00414	0.00414	0.00414	0.00368	0.00230	0.00552	0.00552	0.00735	0.01195	0.02482	0.01379	0.86672	0.01930	0.00368	0.00368	0.00552	0.00230	0.00230
83	0.01433	0.01542	0.01089	0.00936	0.01168	0.56584	0.00724	0.26905	0.01296	0.03778	0.00713	0.00772	0.00550	0.00413	0.00355	0.00103	0.00591	0.00278	0.00261	0.00509
84	0.00939	0.00901	0.01539	0.02328	0.84306	0.00901	0.01164	0.01164	0.00864	0.01239	0.00713	0.00939	0.00601	0.00338	0.00375	0.00113	0.00451	0.00338	0.00188	0.00601
85	0.00462	0.00330	0.00440	0.00528	0.00550	0.00308	0.00352	0.00528	0.00726	0.00968	0.02090	0.86424	0.02508	0.01188	0.00484	0.00154	0.00220	0.01078	0.00352	0.00308
86	0.00469	0.00336	0.00454	0.00535	0.00560	0.00322	0.00362	0.00540	0.00717	0.00961	0.02002	0.79467	0.02381	0.01324	0.07420	0.00191	0.00285	0.01023	0.00340	0.00311
87	0.00880	0.41870	0.45841	0.00878	0.01328	0.01172	0.01048	0.01170	0.00787	0.01056	0.00609	0.00710	0.00483	0.00343	0.00305	0.00102	0.00488	0.00244	0.00161	0.00526
88	0.00620	0.00406	0.00448	0.00433	0.00460	0.00412	0.00262	0.05304	0.00649	0.00906	0.01183	0.02272	0.01291	0.72088	0.01655	0.00322	0.00349	0.00517	0.10152	0.00267
89	0.01417	0.01808	0.01075	0.00977	0.01172	0.85149	0.00733	0.01514	0.01075	0.00928	0.00586	0.00684	0.00489	0.00391	0.00342	0.00098	0.00684	0.00244	0.00195	0.00440
90	0.01418	0.01776	0.01077	0.00973	0.01173	0.81615	0.00732	0.04946	0.01105	0.00990	0.00600	0.00693	0.00495	0.00394	0.00344	0.00098	0.00673	0.00248	0.00203	0.00448
91	0.23603	0.06715	0.28460	0.00799	0.01115	0.08429	0.00817	0.06021	0.03742	0.02757	0.00834	0.10477	0.00736	0.00476	0.00367	0.00120	0.03466	0.00356	0.00231	0.00481
92	0.00918	0.00880	0.01503	0.09961	0.76832	0.00896	0.01154	0.01146	0.00854	0.01214	0.00710	0.00945	0.00592	0.00342	0.00376	0.00114	0.00456	0.00338	0.00186	0.00584
93	0.00741	0.00537	0.00669	0.00685	0.00818	0.00559	0.00573	0.01135	0.21619	0.05796	0.07418	0.03272	0.05951	0.00860	0.00473	0.00154	0.00316	0.47625	0.00370	0.00427
94	0.00786	0.00674	0.00786	0.00562	0.00899	0.00506	0.00449	0.00955	0.00786	0.01236	0.00674	0.00786	0.00562	0.00281	0.00281	0.00056	0.00281	0.00225	0.00225	0.88990
95	0.00552	0.00368	0.00414	0.00414	0.00414	0.00368	0.00230	0.00552	0.00552	0.00735	0.01195	0.02482	0.01379	0.86672	0.01930	0.00368	0.00368	0.00552	0.00230	0.00230
96	0.01702	0.00645	0.00880	0.00675	0.00968	0.00557	0.00557	0.01848	0.01085	0.84568	0.01496	0.01291	0.00939	0.00469	0.00381	0.00117	0.00323	0.00381	0.00469	0.00645
97	0.01442	0.01062	0.01138	0.00873	0.01176	0.01176	0.00721	0.83041	0.01783	0.02390	0.00911	0.00911	0.00645	0.00455	0.00379	0.00114	0.00417	0.00341	0.00379	0.00645
98	0.01702	0.00645	0.00880	0.00675	0.00968	0.00557	0.00557	0.01848	0.01085	0.84568	0.01496	0.01291	0.00939	0.00469	0.00381	0.00117	0.00323	0.00381	0.00469	0.00645
99	0.01458	0.01011	0.01102	0.00846	0.01146	0.01104	0.00698	0.73862	0.01700	0.10555	0.00973	0.00955	0.00679	0.00456	0.00378	0.00114	0.00405	0.00346	0.01571	0.00641
100	0.00450	0.00384	0.00387	0.00386	0.00513	0.00321	0.00290	0.00548	0.00869	0.01035	0.05546	0.03633	0.82441	0.00957	0.00448	0.00128	0.00192	0.00798	0.00354	0.00321
101	0.89350	0.00733	0.00557	0.00499	0.00733	0.00851	0.00411	0.01115	0.00645	0.01702	0.00528	0.00616	0.00411	0.00352	0.00235	0.00117	0.00293	0.00205	0.00235	0.00411
102	0.00939	0.00901	0.01539	0.02328	0.84306	0.00901	0.01164	0.01164	0.00864	0.01239	0.00713	0.00939	0.00601	0.00338	0.00375	0.00113	0.00451	0.00338	0.00188	0.00601
103	0.01442	0.01062	0.01138	0.00873	0.01176	0.01176	0.00721	0.83041	0.01783	0.02390	0.00911	0.00911	0.00645	0.00455	0.00379	0.00114	0.00417	0.00341	0.00379	0.00645
