[name]
unknown

[dist]
# distance from previous block
# <min> <max>
8	284

[block]
# block no. 0 follows, 75 sequences, length 44
# corresponding to MSA columns:
# 421-464
name=unknown_A
#
# <colnr> <probs for GDERKNQSTAVLIFYWHMCP>
#	G	D	E	R	K	N	Q	S	T	A	V	L	I	F	Y	W	H	M	C	P
0	0.03553	0.06054	0.09317	0.07390	0.08082	0.08929	0.03673	0.08677	0.04912	0.04408	0.03314	0.11512	0.03211	0.00541	0.00443	0.00120	0.07835	0.03863	0.00251	0.03914
1	0.04841	0.12242	0.04251	0.04514	0.08069	0.09666	0.00635	0.13143	0.07998	0.01270	0.02734	0.13492	0.07018	0.00572	0.01221	0.00116	0.00376	0.02260	0.00267	0.05316
2	0.00569	0.00506	0.05401	0.00594	0.04075	0.00412	0.02703	0.01742	0.00866	0.03161	0.24331	0.12495	0.29940	0.02221	0.00507	0.04801	0.00251	0.04746	0.00328	0.00352
3	0.01003	0.62470	0.02979	0.00680	0.00962	0.10059	0.00634	0.03721	0.08353	0.00975	0.00645	0.00736	0.00563	0.01893	0.02886	0.00106	0.00432	0.00237	0.00189	0.00474
4	0.00468	0.00372	0.00412	0.00431	0.00522	0.00332	0.00314	0.00572	0.02336	0.00991	0.06144	0.19287	0.51226	0.09029	0.00579	0.00153	0.00218	0.05974	0.00333	0.00308
5	0.04816	0.10933	0.02694	0.03395	0.03365	0.06836	0.00689	0.48743	0.08305	0.01815	0.00862	0.02974	0.00664	0.00431	0.00345	0.00107	0.00405	0.00325	0.00308	0.01988
6	0.01283	0.04490	0.02908	0.04262	0.01167	0.63709	0.00728	0.04909	0.01011	0.04493	0.01581	0.00742	0.00533	0.00403	0.00393	0.00102	0.06379	0.00260	0.00206	0.00444
7	0.00762	0.00653	0.00762	0.00544	0.00870	0.00490	0.00435	0.00925	0.00762	0.01197	0.00653	0.00762	0.00544	0.00272	0.00272	0.00054	0.00272	0.00218	0.00218	0.89338
8	0.01165	0.00669	0.06544	0.00644	0.00868	0.00568	0.00547	0.09708	0.03730	0.40360	0.08891	0.08077	0.04030	0.01737	0.03581	0.06167	0.00336	0.00452	0.01418	0.00506
9	0.00845	0.06111	0.60595	0.04211	0.02648	0.07486	0.05533	0.02519	0.02272	0.03455	0.00689	0.00803	0.00500	0.00355	0.00348	0.00113	0.00532	0.00282	0.00176	0.00527
10	0.00669	0.00346	0.00512	0.00503	0.00512	0.00355	0.00344	0.00534	0.00506	0.03220	0.00698	0.03682	0.00694	0.01224	0.01365	0.80610	0.03521	0.00342	0.00174	0.00187
11	0.00532	0.00366	0.00453	0.00453	0.00471	0.00384	0.00288	0.00568	0.00550	0.00751	0.01110	0.02139	0.01221	0.63907	0.24898	0.00420	0.00529	0.00495	0.00215	0.00252
12	0.00801	0.00660	0.00771	0.00556	0.00876	0.00511	0.00445	0.03754	0.00806	0.03321	0.02066	0.00811	0.00604	0.00290	0.00280	0.00059	0.00276	0.00233	0.00232	0.82649
13	0.03222	0.04918	0.47565	0.01183	0.12874	0.07270	0.07551	0.02234	0.02638	0.01166	0.01775	0.02568	0.00582	0.00376	0.00373	0.00115	0.02580	0.00310	0.00180	0.00520
14	0.01541	0.00649	0.00849	0.00667	0.00940	0.00594	0.00546	0.01814	0.13177	0.72867	0.01456	0.01268	0.00940	0.00461	0.00370	0.00115	0.00309	0.00376	0.00443	0.00619
15	0.00710	0.00670	0.01132	0.79670	0.08938	0.00820	0.01028	0.00953	0.00742	0.00959	0.00656	0.00974	0.00497	0.00364	0.00367	0.00121	0.00485	0.00326	0.00165	0.00422
16	0.03033	0.00794	0.02726	0.07561	0.59225	0.00779	0.00975	0.01102	0.00845	0.07180	0.03243	0.01263	0.04994	0.00414	0.00373	0.00114	0.00405	0.04215	0.00222	0.00536
17	0.00520	0.00374	0.00499	0.00559	0.00622	0.00364	0.00437	0.00623	0.00755	0.00983	0.02067	0.29416	0.13853	0.02931	0.07191	0.04737	0.00327	0.33115	0.00317	0.00309
18	0.00840	0.00797	0.01319	0.27194	0.52568	0.00854	0.01047	0.01102	0.04903	0.01132	0.00714	0.00947	0.00578	0.00353	0.00380	0.00114	0.02177	0.00329	0.00186	0.02467
19	0.00694	0.00653	0.01102	0.86210	0.02530	0.00816	0.01020	0.00938	0.00734	0.00938	0.00653	0.00979	0.00490	0.00367	0.00367	0.00122	0.00490	0.00326	0.00163	0.00408
20	0.00890	0.00879	0.02350	0.08230	0.54726	0.03650	0.01011	0.01161	0.08190	0.01152	0.00723	0.00930	0.00603	0.00395	0.00491	0.00119	0.13441	0.00330	0.00194	0.00536
21	0.00473	0.00363	0.00400	0.00403	0.00487	0.00322	0.00283	0.00542	0.00776	0.00970	0.11497	0.09570	0.50616	0.15987	0.00742	0.05023	0.00224	0.00717	0.00317	0.00290
22	0.00462	0.00371	0.00400	0.00394	0.00498	0.00322	0.00288	0.00563	0.00850	0.01066	0.20585	0.03256	0.59301	0.09343	0.00575	0.00145	0.00200	0.00728	0.00343	0.00309
23	0.00555	0.00392	0.00538	0.00614	0.00683	0.00385	0.00507	0.00698	0.00818	0.01086	0.06222	0.24569	0.02227	0.01017	0.00486	0.00159	0.00294	0.55413	0.03007	0.00329
24	0.00804	0.00804	0.01125	0.00964	0.00964	0.01125	0.00804	0.00884	0.00562	0.00884	0.00482	0.00804	0.00482	0.00643	0.01205	0.00161	0.86420	0.00321	0.00161	0.00402
25	0.00523	0.00372	0.00466	0.00463	0.00550	0.00336	0.00341	0.00657	0.00928	0.03800	0.47579	0.19890	0.19813	0.00863	0.00440	0.00125	0.00191	0.01949	0.00379	0.00338
26	0.89687	0.00710	0.00540	0.00483	0.00710	0.00824	0.00398	0.01080	0.00625	0.01648	0.00511	0.00597	0.00398	0.00341	0.00227	0.00114	0.00284	0.00199	0.00227	0.00398
27	0.00803	0.00678	0.00784	0.00564	0.00888	0.00532	0.00453	0.06375	0.00825	0.01271	0.00668	0.00770	0.00549	0.00283	0.00278	0.00058	0.00281	0.00225	0.00227	0.83488
28	0.00914	0.00789	0.00830	0.00747	0.00955	0.00914	0.00581	0.01952	0.84138	0.01536	0.01495	0.01370	0.01121	0.00498	0.00374	0.00125	0.00291	0.00415	0.00374	0.00581
29	0.01372	0.01750	0.01041	0.00946	0.01135	0.85618	0.00710	0.01467	0.01041	0.00899	0.00568	0.00662	0.00473	0.00378	0.00331	0.00095	0.00662	0.00237	0.00189	0.00426
30	0.01396	0.01029	0.01102	0.00845	0.01139	0.01139	0.00698	0.83577	0.01727	0.02315	0.00882	0.00882	0.00625	0.00441	0.00367	0.00110	0.00404	0.00331	0.00367	0.00625
31	0.89687	0.00710	0.00540	0.00483	0.00710	0.00824	0.00398	0.01080	0.00625	0.01648	0.00511	0.00597	0.00398	0.00341	0.00227	0.00114	0.00284	0.00199	0.00227	0.00398
32	0.00909	0.00873	0.01491	0.02254	0.84801	0.00873	0.01127	0.01127	0.00836	0.01200	0.00691	0.00909	0.00582	0.00327	0.00364	0.00109	0.00436	0.00327	0.00182	0.00582
33	0.00931	0.00798	0.00841	0.00751	0.00962	0.00922	0.00586	0.04990	0.81070	0.01565	0.01472	0.01352	0.01103	0.00496	0.00373	0.00124	0.00295	0.00412	0.00373	0.00583
34	0.00540	0.00413	0.00609	0.00601	0.00660	0.00489	0.00466	0.00662	0.00586	0.00848	0.00966	0.01453	0.00914	0.06466	0.77464	0.00557	0.05386	0.00396	0.00196	0.00327
35	0.01072	0.01169	0.01088	0.23235	0.04653	0.36828	0.03315	0.02327	0.09385	0.04143	0.00723	0.00875	0.00569	0.00412	0.00434	0.00114	0.08694	0.00302	0.00210	0.00453
36	0.01591	0.00717	0.00909	0.00697	0.00983	0.00676	0.00576	0.20321	0.01204	0.66308	0.01320	0.01167	0.00845	0.00451	0.00369	0.00113	0.00333	0.00361	0.00435	0.00625
37	0.00447	0.00320	0.00426	0.00511	0.00533	0.00298	0.00341	0.00511	0.00703	0.00938	0.02024	0.86853	0.02429	0.01151	0.00469	0.00149	0.00213	0.01044	0.00341	0.00298
38	0.00870	0.01018	0.06995	0.02440	0.20947	0.07451	0.44341	0.01130	0.00865	0.01154	0.03520	0.04369	0.02345	0.00381	0.00405	0.00118	0.00535	0.00420	0.00199	0.00496
39	0.00860	0.00732	0.02529	0.36626	0.27758	0.00772	0.04983	0.01095	0.02686	0.10206	0.00882	0.07682	0.00732	0.00425	0.00377	0.00119	0.00435	0.00394	0.00220	0.00488
40	0.00457	0.00324	0.00423	0.00499	0.00518	0.00305	0.00328	0.00514	0.00685	0.00913	0.01929	0.77606	0.02309	0.10561	0.00622	0.00172	0.00229	0.00988	0.00328	0.00290
41	0.02560	0.00980	0.13033	0.07163	0.44620	0.00842	0.05641	0.07204	0.00908	0.10415	0.00808	0.01000	0.00627	0.00369	0.00367	0.00114	0.00444	0.02121	0.00225	0.00559
42	0.01021	0.02771	0.11743	0.02342	0.22573	0.12603	0.15049	0.04859	0.10438	0.08493	0.01920	0.00969	0.00672	0.00383	0.00390	0.00114	0.02547	0.00342	0.00235	0.00535
43	0.01262	0.00641	0.00764	0.00612	0.00835	0.00631	0.00496	0.22572	0.01155	0.36897	0.07275	0.01293	0.01029	0.00466	0.00346	0.00106	0.00291	0.00374	0.22421	0.00535

[dist]
# distance from previous block
# <min> <max>
0	1

[block]
# block no. 1 follows, 75 sequences, length 23
# corresponding to MSA columns:
# 466-488
name=unknown_B
#
# <colnr> <probs for GDERKNQSTAVLIFYWHMCP>
#	G	D	E	R	K	N	Q	S	T	A	V	L	I	F	Y	W	H	M	C	P
0	0.02945	0.11859	0.06179	0.04074	0.33212	0.11413	0.02794	0.14805	0.01979	0.04670	0.00718	0.00840	0.00566	0.00359	0.00341	0.00104	0.00453	0.00297	0.00223	0.02167
1	0.00998	0.04488	0.01114	0.27393	0.10718	0.04682	0.00814	0.24488	0.17527	0.01477	0.02135	0.01017	0.00706	0.00414	0.00362	0.00115	0.00419	0.00341	0.00269	0.00525
2	0.82925	0.00735	0.00583	0.00511	0.00743	0.00848	0.00421	0.07398	0.00709	0.01699	0.00540	0.00618	0.00415	0.00349	0.00238	0.00113	0.00293	0.00209	0.00238	0.00415
3	0.00523	0.00382	0.00541	0.00545	0.00601	0.00427	0.00407	0.00632	0.00608	0.00865	0.02994	0.06395	0.03062	0.14880	0.62919	0.00499	0.00795	0.00464	0.02152	0.00311
4	0.00526	0.00388	0.00561	0.00561	0.00617	0.00443	0.00423	0.00637	0.00582	0.00831	0.01010	0.01590	0.00982	0.15663	0.72816	0.00554	0.00888	0.00415	0.00201	0.00312
5	0.07095	0.00630	0.00833	0.00643	0.00924	0.00557	0.00531	0.01746	0.01025	0.79895	0.01391	0.01210	0.00878	0.00448	0.00361	0.00114	0.00311	0.00359	0.00441	0.00611
6	0.87038	0.00720	0.00557	0.00494	0.00723	0.00833	0.00407	0.03555	0.00658	0.01668	0.00523	0.00605	0.00405	0.00344	0.00231	0.00114	0.00288	0.00203	0.00231	0.00405
7	0.00762	0.00653	0.00762	0.00544	0.00870	0.00490	0.00435	0.00925	0.00762	0.01197	0.00653	0.00762	0.00544	0.00272	0.00272	0.00054	0.00272	0.00218	0.00218	0.89338
8	0.00447	0.00320	0.00426	0.00511	0.00533	0.00298	0.00341	0.00511	0.00703	0.00938	0.02024	0.86853	0.02429	0.01151	0.00469	0.00149	0.00213	0.01044	0.00341	0.00298
9	0.00694	0.00653	0.01102	0.86210	0.02530	0.00816	0.01020	0.00938	0.00734	0.00938	0.00653	0.00979	0.00490	0.00367	0.00367	0.00122	0.00490	0.00326	0.00163	0.00408
10	0.00453	0.00324	0.00433	0.00518	0.00542	0.00303	0.00351	0.00521	0.00709	0.00944	0.02021	0.83555	0.02417	0.01145	0.00470	0.00150	0.00218	0.04285	0.00341	0.00300
11	0.00447	0.00320	0.00426	0.00511	0.00533	0.00298	0.00341	0.00511	0.00703	0.00938	0.02024	0.86853	0.02429	0.01151	0.00469	0.00149	0.00213	0.01044	0.00341	0.00298
12	0.05179	0.00628	0.00840	0.00647	0.00928	0.00551	0.00534	0.01761	0.01034	0.81711	0.01411	0.01224	0.00889	0.00450	0.00364	0.00114	0.00311	0.00363	0.00445	0.00616
13	0.00710	0.00670	0.01131	0.79780	0.08830	0.00820	0.01028	0.00953	0.00742	0.00958	0.00656	0.00974	0.00497	0.00364	0.00367	0.00121	0.00486	0.00326	0.00165	0.00421
14	0.00737	0.01900	0.85189	0.01047	0.01590	0.00853	0.01357	0.01163	0.00775	0.01163	0.00659	0.00775	0.00465	0.00349	0.00349	0.00116	0.00543	0.00271	0.00155	0.00543
15	0.00509	0.00388	0.00448	0.00429	0.00540	0.00345	0.00323	0.00662	0.02764	0.02853	0.42345	0.03065	0.42349	0.00826	0.00431	0.00120	0.00185	0.00706	0.00374	0.00340
16	0.00556	0.00407	0.00576	0.00568	0.00630	0.00463	0.00429	0.03297	0.00616	0.00875	0.01000	0.01561	0.00965	0.15186	0.68867	0.02208	0.00859	0.00411	0.00205	0.00319
17	0.00870	0.39309	0.43484	0.00858	0.01274	0.04391	0.01000	0.01141	0.00768	0.01015	0.00586	0.00690	0.00469	0.00342	0.00319	0.00100	0.02487	0.00238	0.00157	0.00504
18	0.00779	0.00747	0.01216	0.56670	0.28065	0.02632	0.01038	0.01027	0.02348	0.01030	0.00679	0.00958	0.00530	0.00357	0.00365	0.00118	0.00473	0.00326	0.00174	0.00466
19	0.00536	0.00370	0.00432	0.00437	0.00449	0.00375	0.00269	0.00557	0.00571	0.00760	0.01309	0.05849	0.04389	0.71620	0.03865	0.00331	0.02232	0.05171	0.00236	0.00242
20	0.00940	0.01078	0.05723	0.11650	0.30573	0.16795	0.20378	0.01174	0.01950	0.01096	0.00704	0.02507	0.00578	0.00365	0.00399	0.00114	0.02944	0.00347	0.00185	0.00499
21	0.04765	0.06044	0.03636	0.01888	0.07125	0.12561	0.04653	0.26894	0.04228	0.13861	0.00882	0.02053	0.00666	0.00544	0.04769	0.00136	0.04143	0.00328	0.00289	0.00534
22	0.00839	0.08308	0.36348	0.05277	0.13638	0.00917	0.23542	0.01175	0.02383	0.03089	0.00708	0.00870	0.00531	0.00338	0.00367	0.00115	0.00524	0.00325	0.00179	0.00526

[dist]
# distance from previous block
# <min> <max>
0	1

[block]
# block no. 2 follows, 75 sequences, length 18
# corresponding to MSA columns:
# 490-507
name=unknown_C
#
# <colnr> <probs for GDERKNQSTAVLIFYWHMCP>
#	G	D	E	R	K	N	Q	S	T	A	V	L	I	F	Y	W	H	M	C	P
0	0.62967	0.00926	0.00762	0.00754	0.08171	0.16648	0.02848	0.01159	0.00728	0.01456	0.00544	0.00647	0.00432	0.00346	0.00264	0.00110	0.00377	0.00224	0.00215	0.00422
1	0.00527	0.00433	0.00525	0.02308	0.03922	0.00418	0.00393	0.00700	0.05905	0.01129	0.21482	0.12905	0.39542	0.02618	0.00488	0.00132	0.03213	0.02673	0.00339	0.00348
2	0.06252	0.00723	0.01029	0.48114	0.08844	0.02964	0.00843	0.05123	0.00805	0.03387	0.00676	0.00901	0.00519	0.00355	0.00352	0.00107	0.01683	0.00298	0.00197	0.16827
3	0.00671	0.00344	0.00344	0.00344	0.00432	0.00341	0.00258	0.00838	0.00774	0.01349	0.01336	0.01487	0.05510	0.00455	0.00266	0.00088	0.00172	0.00366	0.84285	0.00341
4	0.01372	0.01750	0.01041	0.00946	0.01135	0.85618	0.00710	0.01467	0.01041	0.00899	0.00568	0.00662	0.00473	0.00378	0.00331	0.00095	0.00662	0.00237	0.00189	0.00426
5	0.00510	0.00365	0.00471	0.00553	0.00580	0.00336	0.00369	0.00558	0.00743	0.00996	0.02072	0.86160	0.02468	0.01183	0.00493	0.00160	0.00235	0.01057	0.00360	0.00331
6	0.00522	0.00401	0.00513	0.00582	0.05156	0.00376	0.00391	0.03671	0.00843	0.01114	0.16627	0.42035	0.22041	0.00953	0.00446	0.00134	0.00223	0.03290	0.00344	0.00338
7	0.00914	0.00789	0.00830	0.00747	0.00955	0.00914	0.00581	0.01952	0.84138	0.01536	0.01495	0.01370	0.01121	0.00498	0.00374	0.00125	0.00291	0.00415	0.00374	0.00581
8	0.89687	0.00710	0.00540	0.00483	0.00710	0.00824	0.00398	0.01080	0.00625	0.01648	0.00511	0.00597	0.00398	0.00341	0.00227	0.00114	0.00284	0.00199	0.00227	0.00398
9	0.00749	0.06257	0.80942	0.01025	0.01557	0.00884	0.01320	0.01160	0.00774	0.01148	0.00652	0.00766	0.00466	0.00347	0.00343	0.00114	0.00535	0.00268	0.00155	0.00539
10	0.00748	0.01831	0.79601	0.01127	0.07146	0.00854	0.01342	0.01161	0.00779	0.01166	0.00661	0.00784	0.00473	0.00347	0.00350	0.00116	0.00536	0.00275	0.00157	0.00545
11	0.00504	0.00376	0.00469	0.00450	0.00545	0.00341	0.00341	0.00659	0.00988	0.01354	0.63916	0.02968	0.21103	0.00800	0.00436	0.00119	0.00182	0.03720	0.00388	0.00338
12	0.00472	0.00385	0.00412	0.00408	0.00523	0.00336	0.00304	0.02704	0.00877	0.01087	0.14498	0.10110	0.64779	0.00911	0.00435	0.00125	0.00192	0.00770	0.00350	0.00322
13	0.00875	0.06096	0.16994	0.03257	0.02694	0.15993	0.06524	0.01109	0.03731	0.03266	0.04658	0.05393	0.01836	0.00492	0.02574	0.00114	0.01913	0.02551	0.00222	0.19708
14	0.00950	0.43488	0.11142	0.02970	0.05296	0.01117	0.00708	0.14416	0.00931	0.01226	0.06275	0.00913	0.00749	0.01824	0.00322	0.00098	0.00386	0.00284	0.06417	0.00487
15	0.00517	0.00459	0.05092	0.01571	0.00638	0.00388	0.00415	0.03095	0.00791	0.01056	0.10279	0.37974	0.20281	0.03431	0.08111	0.00181	0.00306	0.02929	0.02154	0.00333
16	0.01007	0.81956	0.01871	0.00645	0.00955	0.04369	0.00633	0.03392	0.00784	0.00905	0.00523	0.00600	0.00476	0.00320	0.00243	0.00080	0.00402	0.00201	0.00164	0.00474
17	0.00881	0.11717	0.38927	0.02046	0.07601	0.00907	0.02734	0.10521	0.03829	0.02781	0.01701	0.00834	0.00572	0.00359	0.00344	0.00104	0.01578	0.00283	0.00206	0.12077

[dist]
# distance from previous block
# <min> <max>
0	1

[block]
# block no. 3 follows, 75 sequences, length 16
# corresponding to MSA columns:
# 509-524
name=unknown_D
#
# <colnr> <probs for GDERKNQSTAVLIFYWHMCP>
#	G	D	E	R	K	N	Q	S	T	A	V	L	I	F	Y	W	H	M	C	P
0	0.00735	0.01952	0.00727	0.02568	0.01622	0.07311	0.02759	0.02547	0.13449	0.02867	0.02564	0.04862	0.04108	0.23384	0.12840	0.00254	0.04995	0.09817	0.00264	0.00374
1	0.85541	0.04758	0.00605	0.00490	0.00721	0.00853	0.00409	0.01081	0.00631	0.01611	0.00511	0.00596	0.00401	0.00340	0.00228	0.00112	0.00289	0.00199	0.00224	0.00401
2	0.12785	0.01260	0.03600	0.04105	0.10922	0.41136	0.00723	0.07313	0.02624	0.01174	0.02159	0.03237	0.02242	0.00430	0.00368	0.00108	0.03583	0.01556	0.00220	0.00452
3	0.00705	0.00638	0.04437	0.09048	0.11620	0.00578	0.02028	0.05928	0.00873	0.02333	0.17217	0.02870	0.10899	0.00812	0.11580	0.00168	0.00404	0.00442	0.00266	0.17153
4	0.01495	0.00712	0.00889	0.00692	0.00965	0.00685	0.00568	0.19685	0.06326	0.57846	0.05217	0.01247	0.00979	0.00468	0.00372	0.00114	0.00325	0.00377	0.00428	0.00609
5	0.39744	0.03325	0.09084	0.02570	0.04865	0.15426	0.02725	0.07674	0.00833	0.01413	0.00595	0.00696	0.00466	0.00348	0.00287	0.00104	0.00405	0.00239	0.00218	0.08982
6	0.00445	0.00342	0.00407	0.00455	0.00519	0.00305	0.00317	0.00524	0.00768	0.00978	0.05645	0.51138	0.34742	0.01050	0.00454	0.00138	0.00201	0.00925	0.00343	0.00305
7	0.01227	0.00896	0.00970	0.00788	0.01047	0.00993	0.00637	0.43384	0.34592	0.09671	0.01179	0.01111	0.00849	0.00465	0.00370	0.00116	0.00350	0.00368	0.00378	0.00607
8	0.01423	0.00892	0.01000	0.00771	0.01052	0.00947	0.00636	0.58753	0.01508	0.23095	0.01041	0.00999	0.00712	0.00444	0.00362	0.00110	0.00369	0.00341	0.04934	0.00610
9	0.78003	0.00729	0.00588	0.00514	0.00743	0.00839	0.00422	0.09177	0.00738	0.01704	0.00571	0.00651	0.00438	0.00354	0.00242	0.00112	0.00292	0.00217	0.03248	0.00418
10	0.00914	0.00789	0.00830	0.00747	0.00955	0.00914	0.00581	0.01952	0.84138	0.01536	0.01495	0.01370	0.01121	0.00498	0.00374	0.00125	0.00291	0.00415	0.00374	0.00581
11	0.00540	0.00430	0.00491	0.00470	0.00588	0.00409	0.00358	0.00794	0.11876	0.01277	0.38787	0.02923	0.35559	0.00798	0.00428	0.00122	0.00199	0.03216	0.00373	0.00363
12	0.00769	0.13128	0.74244	0.00992	0.01505	0.00932	0.01261	0.01155	0.00772	0.01124	0.00640	0.00751	0.00466	0.00344	0.00334	0.00111	0.00523	0.00262	0.00155	0.00533
13	0.00583	0.00419	0.00592	0.00665	0.00747	0.00428	0.00574	0.00747	0.00812	0.01067	0.01818	0.03788	0.01957	0.01243	0.11698	0.00224	0.00423	0.71558	0.00320	0.00337
14	0.00469	0.00369	0.00424	0.00419	0.00520	0.00324	0.00311	0.00592	0.00907	0.01179	0.35802	0.09885	0.45738	0.00876	0.00436	0.00123	0.00183	0.00752	0.00366	0.00324
15	0.01015	0.10540	0.00980	0.00633	0.00947	0.00754	0.00528	0.20166	0.01010	0.09142	0.00763	0.00815	0.00588	0.00333	0.00299	0.00076	0.00320	0.00255	0.00267	0.50569

[dist]
# distance from previous block
# <min> <max>
0	4

[block]
# block no. 4 follows, 75 sequences, length 58
# corresponding to MSA columns:
# 529-586
name=unknown_E
#
# <colnr> <probs for GDERKNQSTAVLIFYWHMCP>
#	G	D	E	R	K	N	Q	S	T	A	V	L	I	F	Y	W	H	M	C	P
0	0.00646	0.00551	0.00627	0.00648	0.02510	0.06482	0.02616	0.05429	0.10429	0.01114	0.04409	0.52951	0.05855	0.00932	0.01297	0.00141	0.00288	0.02374	0.00328	0.00373
1	0.01111	0.01127	0.01115	0.01978	0.01138	0.26800	0.08599	0.16915	0.14055	0.02557	0.03002	0.00969	0.00713	0.01968	0.00545	0.00123	0.16205	0.00336	0.00256	0.00487
2	0.00878	0.04138	0.08234	0.13186	0.29945	0.04177	0.22545	0.02172	0.06451	0.01158	0.00736	0.00936	0.00579	0.00353	0.00400	0.00116	0.02937	0.00348	0.00192	0.00518
3	0.00842	0.09849	0.24154	0.04422	0.23878	0.05295	0.02047	0.02851	0.04690	0.01151	0.02415	0.03491	0.00698	0.00486	0.03934	0.00127	0.00467	0.01402	0.00199	0.07603
4	0.00568	0.00388	0.00506	0.00526	0.00572	0.00399	0.00387	0.00651	0.00659	0.02533	0.03549	0.04350	0.01529	0.39510	0.19472	0.00340	0.00478	0.23033	0.00261	0.00290
5	0.00948	0.75490	0.13451	0.00686	0.01032	0.01370	0.00729	0.01109	0.00750	0.00905	0.00531	0.00615	0.00470	0.00319	0.00251	0.00084	0.00414	0.00207	0.00157	0.00481
6	0.00509	0.00378	0.00461	0.00451	0.00543	0.00347	0.00337	0.00673	0.02714	0.01304	0.51886	0.09883	0.22511	0.00815	0.00430	0.00121	0.00185	0.02386	0.03726	0.00339
7	0.00723	0.00401	0.00492	0.00450	0.00566	0.00370	0.00344	0.00885	0.00947	0.13372	0.42740	0.03296	0.07025	0.00630	0.00373	0.00107	0.00194	0.00540	0.26160	0.00382
8	0.00509	0.00375	0.00476	0.00451	0.00542	0.00342	0.00338	0.00672	0.01014	0.01413	0.74520	0.02842	0.13591	0.00773	0.00433	0.00117	0.00175	0.00678	0.00396	0.00342
9	0.00455	0.00349	0.00415	0.00448	0.00519	0.00312	0.00316	0.00547	0.00806	0.01042	0.16022	0.39938	0.34176	0.02317	0.00471	0.00137	0.00198	0.00871	0.00349	0.00309
10	0.00982	0.87313	0.01925	0.00628	0.00943	0.01453	0.00628	0.01100	0.00746	0.00864	0.00511	0.00589	0.00471	0.00314	0.00236	0.00079	0.00393	0.00196	0.00157	0.00471
11	0.00737	0.01900	0.85189	0.01047	0.01590	0.00853	0.01357	0.01163	0.00775	0.01163	0.00659	0.00775	0.00465	0.00349	0.00349	0.00116	0.00543	0.00271	0.00155	0.00543
12	0.00554	0.00396	0.00423	0.00403	0.00541	0.00334	0.00307	0.00655	0.00866	0.09049	0.07008	0.03282	0.73130	0.00877	0.00428	0.00123	0.00198	0.00732	0.00355	0.00342
13	0.00867	0.00991	0.02167	0.01548	0.01920	0.00929	0.83467	0.01176	0.00867	0.01176	0.00743	0.00991	0.00557	0.00310	0.00433	0.00124	0.00619	0.00433	0.00186	0.00495
14	0.00575	0.00411	0.00573	0.00657	0.00735	0.00408	0.00563	0.00732	0.00829	0.01080	0.01954	0.13703	0.02150	0.01030	0.00503	0.00167	0.00324	0.72934	0.00339	0.00334
15	0.00475	0.00374	0.00435	0.00469	0.00564	0.00334	0.00363	0.00582	0.00820	0.01020	0.05396	0.19187	0.48393	0.00985	0.00457	0.00139	0.00225	0.19127	0.00342	0.00315
16	0.23535	0.03500	0.03265	0.00693	0.00955	0.12444	0.01469	0.14125	0.01021	0.31804	0.00941	0.00916	0.00648	0.00404	0.00321	0.00109	0.00376	0.00294	0.02654	0.00525
17	0.00984	0.79906	0.06026	0.00661	0.00982	0.04538	0.00668	0.01116	0.00759	0.00880	0.00520	0.00601	0.00471	0.00318	0.00245	0.00081	0.00410	0.00202	0.00158	0.00473
18	0.01748	0.04532	0.31338	0.02180	0.06003	0.03948	0.03068	0.08100	0.03198	0.02612	0.00770	0.04983	0.00630	0.00382	0.00343	0.00099	0.01361	0.00309	0.00214	0.24182
19	0.03152	0.25487	0.07534	0.05034	0.04024	0.03941	0.11488	0.06469	0.01859	0.01054	0.00857	0.06080	0.00824	0.15694	0.02523	0.00162	0.00441	0.02741	0.00210	0.00428
20	0.00694	0.00653	0.01102	0.86210	0.02530	0.00816	0.01020	0.00938	0.00734	0.00938	0.00653	0.00979	0.00490	0.00367	0.00367	0.00122	0.00490	0.00326	0.00163	0.00408
21	0.89687	0.00710	0.00540	0.00483	0.00710	0.00824	0.00398	0.01080	0.00625	0.01648	0.00511	0.00597	0.00398	0.00341	0.00227	0.00114	0.00284	0.00199	0.00227	0.00398
22	0.09342	0.00604	0.03845	0.00617	0.00737	0.00603	0.02596	0.18490	0.00799	0.02899	0.00722	0.01063	0.00642	0.05332	0.01019	0.47621	0.02203	0.00323	0.00221	0.00323
23	0.01533	0.00649	0.00850	0.00658	0.00929	0.00589	0.00541	0.10449	0.01120	0.69764	0.06893	0.01335	0.01980	0.00478	0.00374	0.00114	0.00312	0.00389	0.00441	0.00603
24	0.00622	0.00324	0.00473	0.00472	0.00482	0.00319	0.00318	0.00489	0.00520	0.00689	0.03834	0.01319	0.05757	0.01236	0.01340	0.80788	0.00306	0.00359	0.00179	0.00175
25	0.00891	0.00749	0.00805	0.00732	0.00925	0.00854	0.00573	0.06692	0.68033	0.01525	0.03299	0.05510	0.01268	0.00565	0.00388	0.00128	0.00295	0.05850	0.00370	0.00550
26	0.03189	0.01579	0.01086	0.00987	0.03658	0.70083	0.04684	0.02840	0.01015	0.03171	0.00653	0.00751	0.01782	0.00391	0.00360	0.00100	0.02768	0.00263	0.00201	0.00440
27	0.01447	0.00582	0.00778	0.00611	0.00866	0.00503	0.00499	0.01585	0.01027	0.70796	0.06541	0.01592	0.10419	0.00525	0.00380	0.00115	0.00290	0.00432	0.00439	0.00574
28	0.00477	0.00353	0.00441	0.00464	0.00527	0.00324	0.00328	0.00583	0.00837	0.01125	0.31686	0.35249	0.18118	0.05408	0.02225	0.00152	0.00217	0.00819	0.00355	0.00314
29	0.00458	0.00328	0.00424	0.00495	0.00522	0.00307	0.00331	0.00519	0.00698	0.00923	0.02045	0.72026	0.07419	0.09349	0.00601	0.00168	0.00227	0.02537	0.00330	0.00293
30	0.89687	0.00710	0.00540	0.00483	0.00710	0.00824	0.00398	0.01080	0.00625	0.01648	0.00511	0.00597	0.00398	0.00341	0.00227	0.00114	0.00284	0.00199	0.00227	0.00398
31	0.00810	0.00443	0.00567	0.00506	0.00637	0.00410	0.00389	0.03585	0.01007	0.19816	0.47586	0.08441	0.02435	0.00667	0.00399	0.00114	0.00214	0.00579	0.10982	0.00413
32	0.00755	0.00760	0.01334	0.24120	0.16422	0.03443	0.24895	0.00975	0.00815	0.01082	0.05423	0.11769	0.04299	0.00488	0.00416	0.00123	0.01741	0.00479	0.00216	0.00444
33	0.03226	0.00646	0.00852	0.00656	0.00936	0.00578	0.00541	0.06773	0.01079	0.76825	0.01392	0.01218	0.00883	0.00451	0.00364	0.00113	0.00315	0.00363	0.02172	0.00615
34	0.00918	0.02070	0.01345	0.17393	0.52280	0.05139	0.01024	0.04845	0.00848	0.02442	0.00678	0.00900	0.00557	0.00370	0.00431	0.00115	0.07606	0.00321	0.00189	0.00528
35	0.00744	0.01781	0.75454	0.01082	0.01599	0.00849	0.09184	0.01154	0.00790	0.01171	0.02450	0.00838	0.00538	0.00354	0.00359	0.00117	0.00542	0.00295	0.00163	0.00534
36	0.00462	0.00365	0.00417	0.00421	0.00518	0.00319	0.00309	0.00576	0.00879	0.01131	0.28249	0.16025	0.47207	0.00909	0.00439	0.00125	0.00186	0.00782	0.00360	0.00319
37	0.00804	0.00804	0.01125	0.00964	0.00964	0.01125	0.00804	0.00884	0.00562	0.00884	0.00482	0.00804	0.00482	0.00643	0.01205	0.00161	0.86420	0.00321	0.00161	0.00402
38	0.00463	0.00331	0.00438	0.00511	0.00544	0.00309	0.00352	0.00542	0.00740	0.00993	0.08351	0.73258	0.04362	0.01100	0.00465	0.00146	0.00215	0.05245	0.01330	0.00305
39	0.00685	0.00342	0.00342	0.00342	0.00428	0.00342	0.00257	0.00856	0.00770	0.01369	0.01198	0.01369	0.00941	0.00428	0.00257	0.00086	0.00171	0.00342	0.89131	0.00342
40	0.89687	0.00710	0.00540	0.00483	0.00710	0.00824	0.00398	0.01080	0.00625	0.01648	0.00511	0.00597	0.00398	0.00341	0.00227	0.00114	0.00284	0.00199	0.00227	0.00398
41	0.00751	0.06890	0.80325	0.01022	0.01552	0.00888	0.01314	0.01159	0.00774	0.01146	0.00650	0.00765	0.00466	0.00347	0.00342	0.00114	0.00534	0.00267	0.00155	0.00539
42	0.02036	0.01115	0.29756	0.02043	0.19354	0.00721	0.04020	0.01149	0.02465	0.10249	0.03523	0.03539	0.02213	0.00391	0.00351	0.00105	0.00414	0.00338	0.00227	0.15992
43	0.01268	0.00973	0.01084	0.14403	0.01348	0.03604	0.00742	0.62950	0.05006	0.03632	0.00873	0.00918	0.00625	0.00430	0.00367	0.00112	0.00419	0.00331	0.00332	0.00582
44	0.01199	0.00628	0.00773	0.00633	0.00846	0.00612	0.00503	0.14196	0.09488	0.39055	0.16721	0.04653	0.02678	0.05717	0.00475	0.00130	0.00296	0.00462	0.00404	0.00529
45	0.00528	0.00464	0.05428	0.00516	0.00617	0.00380	0.00409	0.02804	0.00928	0.01286	0.47677	0.28207	0.07659	0.00851	0.00437	0.00126	0.00214	0.00755	0.00366	0.00348
46	0.03148	0.05761	0.02441	0.03092	0.04742	0.02971	0.01429	0.01932	0.00784	0.02251	0.00654	0.00768	0.00538	0.00291	0.00283	0.00066	0.00315	0.00231	0.00214	0.68090
47	0.00460	0.00336	0.00426	0.00484	0.00525	0.00310	0.00330	0.00535	0.00744	0.00982	0.09528	0.61480	0.13773	0.06233	0.00545	0.00155	0.00216	0.02300	0.00339	0.00300
48	0.00473	0.00373	0.00428	0.00429	0.00532	0.00328	0.00325	0.00595	0.00895	0.01150	0.29530	0.08420	0.48143	0.00891	0.00441	0.00126	0.00193	0.06043	0.00361	0.00323
49	0.00836	0.03547	0.17037	0.12611	0.40063	0.02069	0.07836	0.01860	0.03177	0.01147	0.00761	0.04872	0.00641	0.00383	0.00379	0.00115	0.01598	0.00356	0.00188	0.00524
50	0.00923	0.00981	0.07974	0.14915	0.52361	0.05982	0.01059	0.06660	0.03390	0.01223	0.00712	0.00906	0.00571	0.00351	0.00362	0.00111	0.00460	0.00320	0.00195	0.00545
51	0.00448	0.00345	0.00411	0.00460	0.00526	0.00308	0.00324	0.00529	0.00768	0.00975	0.04217	0.49117	0.35516	0.01050	0.00455	0.00139	0.00206	0.03559	0.00342	0.00305
52	0.00849	0.00462	0.00584	0.00517	0.00662	0.00430	0.00404	0.02677	0.04010	0.22375	0.40418	0.04398	0.06879	0.00653	0.00397	0.00115	0.00224	0.03007	0.10514	0.00426
53	0.00996	0.02278	0.24099	0.07069	0.29259	0.02637	0.05504	0.04991	0.02336	0.14778	0.00820	0.00933	0.00602	0.00369	0.00375	0.00114	0.01733	0.00323	0.00229	0.00556
54	0.00613	0.00512	0.02808	0.00658	0.02150	0.01409	0.04323	0.04709	0.03263	0.02085	0.04960	0.25772	0.15823	0.01786	0.01394	0.00151	0.00305	0.26587	0.00327	0.00363
55	0.01018	0.00810	0.00878	0.00802	0.01002	0.00885	0.00620	0.03933	0.63830	0.04920	0.07105	0.01865	0.01453	0.00639	0.00442	0.00149	0.00334	0.08296	0.00414	0.00606
56	0.78018	0.00915	0.00687	0.00622	0.00852	0.10648	0.00489	0.01209	0.00754	0.01667	0.00642	0.00774	0.00524	0.00426	0.00294	0.00134	0.00370	0.00245	0.00264	0.00465
57	0.01090	0.82309	0.05404	0.00729	0.01058	0.01484	0.00709	0.01187	0.00827	0.00996	0.00641	0.00767	0.00587	0.00397	0.00295	0.00103	0.00440	0.00242	0.00199	0.00537

[dist]
# distance from previous block
# <min> <max>
0	1

[block]
# block no. 5 follows, 75 sequences, length 19
# corresponding to MSA columns:
# 588-606
name=unknown_F
#
# <colnr> <probs for GDERKNQSTAVLIFYWHMCP>
#	G	D	E	R	K	N	Q	S	T	A	V	L	I	F	Y	W	H	M	C	P
0	0.00538	0.00392	0.00486	0.00526	0.00580	0.00356	0.00361	0.00612	0.00838	0.01131	0.22620	0.52374	0.11776	0.04844	0.00546	0.00159	0.00231	0.00913	0.00373	0.00344
1	0.00736	0.01278	0.45428	0.00841	0.01184	0.00719	0.00927	0.01085	0.08967	0.01251	0.13143	0.03118	0.12379	0.05239	0.00502	0.00144	0.01836	0.00459	0.00267	0.00498
2	0.00559	0.00480	0.03587	0.00490	0.00616	0.00390	0.00384	0.00686	0.00979	0.01303	0.44036	0.03103	0.40243	0.00858	0.00459	0.00132	0.00217	0.00719	0.00387	0.00373
3	0.01041	0.01184	0.01086	0.07564	0.24993	0.39099	0.00796	0.01219	0.03969	0.01036	0.03300	0.01131	0.09035	0.00439	0.00379	0.00107	0.02605	0.00343	0.00212	0.00460
4	0.00812	0.03286	0.36848	0.17085	0.15697	0.06159	0.05590	0.01123	0.02078	0.01091	0.00669	0.00859	0.00514	0.00408	0.01963	0.00125	0.04718	0.00303	0.00169	0.00503
5	0.00526	0.00389	0.00568	0.00568	0.00626	0.00447	0.00431	0.00641	0.00584	0.00836	0.01004	0.01557	0.00968	0.12759	0.75700	0.00562	0.00909	0.00410	0.00200	0.00315
6	0.00902	0.12226	0.36895	0.01276	0.19324	0.10613	0.08220	0.02391	0.02738	0.01130	0.00666	0.00802	0.00517	0.00345	0.00344	0.00108	0.00514	0.00288	0.00176	0.00527
7	0.00694	0.00653	0.01102	0.86210	0.02530	0.00816	0.01020	0.00938	0.00734	0.00938	0.00653	0.00979	0.00490	0.00367	0.00367	0.00122	0.00490	0.00326	0.00163	0.00408
8	0.00483	0.00361	0.00505	0.07138	0.02549	0.00356	0.00414	0.00565	0.00708	0.00941	0.01862	0.73703	0.02199	0.03530	0.00500	0.00153	0.00247	0.03153	0.00320	0.00312
9	0.73443	0.00801	0.00641	0.00554	0.00789	0.04598	0.00454	0.12645	0.00798	0.01708	0.00566	0.00639	0.00433	0.00357	0.00251	0.00112	0.00318	0.00219	0.00245	0.00431
10	0.03013	0.01814	0.09416	0.04149	0.48396	0.02888	0.03681	0.03037	0.04183	0.01240	0.04676	0.00973	0.00713	0.00355	0.00353	0.00105	0.00419	0.00326	0.00206	0.10057
11	0.00447	0.00320	0.00426	0.00511	0.00533	0.00298	0.00341	0.00511	0.00703	0.00938	0.02024	0.86853	0.02429	0.01151	0.00469	0.00149	0.00213	0.01044	0.00341	0.00298
12	0.00823	0.00923	0.14835	0.06446	0.18072	0.01864	0.02568	0.04819	0.23162	0.02594	0.12037	0.02923	0.04989	0.00489	0.00393	0.00119	0.01731	0.00421	0.00279	0.00512
13	0.00510	0.00373	0.00470	0.00467	0.00554	0.00343	0.00354	0.00660	0.00952	0.01310	0.54302	0.10298	0.16658	0.00830	0.00438	0.00124	0.00193	0.07971	0.02856	0.00335
14	0.03211	0.12023	0.50330	0.00927	0.01348	0.00875	0.07031	0.03317	0.02604	0.05803	0.00795	0.04537	0.00621	0.00391	0.00341	0.00112	0.00469	0.00319	0.04434	0.00514
15	0.00987	0.13173	0.16009	0.04225	0.26139	0.10821	0.06000	0.11472	0.00939	0.01235	0.00666	0.00810	0.00531	0.00354	0.00358	0.00105	0.02182	0.00292	0.00198	0.03505
16	0.02535	0.09245	0.08791	0.11897	0.21312	0.12410	0.08620	0.08061	0.05915	0.04398	0.00741	0.00884	0.00577	0.00378	0.00376	0.01094	0.01731	0.00312	0.00214	0.00512
17	0.01024	0.00779	0.03984	0.00670	0.00958	0.01963	0.02084	0.18323	0.04788	0.14141	0.03919	0.01073	0.03166	0.01683	0.00367	0.00093	0.01685	0.00319	0.01293	0.37689
18	0.00540	0.00397	0.00488	0.00512	0.00591	0.00380	0.00373	0.00731	0.08567	0.03081	0.20609	0.40379	0.15668	0.00942	0.00446	0.00136	0.00216	0.05235	0.00361	0.00347

[dist]
# distance from previous block
# <min> <max>
1	6

[block]
# block no. 6 follows, 75 sequences, length 28
# corresponding to MSA columns:
# 613-640
name=unknown_G
#
# <colnr> <probs for GDERKNQSTAVLIFYWHMCP>
#	G	D	E	R	K	N	Q	S	T	A	V	L	I	F	Y	W	H	M	C	P
0	0.00501	0.00360	0.00469	0.00500	0.00549	0.00339	0.01869	0.00575	0.00717	0.02433	0.06046	0.47291	0.13395	0.16587	0.03802	0.00197	0.00274	0.03478	0.00317	0.00300
1	0.05101	0.09433	0.08156	0.09199	0.27232	0.05732	0.02052	0.11479	0.04873	0.02319	0.00740	0.01940	0.00603	0.00485	0.03801	0.00131	0.05680	0.00316	0.00215	0.00514
2	0.17488	0.11961	0.07269	0.04817	0.12552	0.07000	0.03650	0.11491	0.05189	0.03167	0.00767	0.02043	0.00641	0.00424	0.00387	0.00114	0.06192	0.04128	0.00232	0.00488
3	0.00452	0.00327	0.00425	0.00497	0.00528	0.00303	0.00334	0.00522	0.00726	0.00964	0.06256	0.74853	0.08432	0.02890	0.00493	0.00150	0.00212	0.00995	0.00342	0.00300
4	0.00823	0.00831	0.05851	0.31635	0.32222	0.00826	0.11503	0.01064	0.00802	0.03935	0.00770	0.02646	0.00633	0.00387	0.00393	0.00120	0.01862	0.03013	0.00191	0.00493
5	0.00950	0.03518	0.01232	0.10650	0.44327	0.00791	0.00884	0.03582	0.03682	0.09647	0.00783	0.00929	0.00614	0.00343	0.00344	0.00101	0.00392	0.00310	0.00225	0.16695
6	0.89687	0.00710	0.00540	0.00483	0.00710	0.00824	0.00398	0.01080	0.00625	0.01648	0.00511	0.00597	0.00398	0.00341	0.00227	0.00114	0.00284	0.00199	0.00227	0.00398
7	0.00982	0.87313	0.01925	0.00628	0.00943	0.01453	0.00628	0.01100	0.00746	0.00864	0.00511	0.00589	0.00471	0.00314	0.00236	0.00079	0.00393	0.00196	0.00157	0.00471
8	0.00754	0.00363	0.00379	0.00365	0.00465	0.00357	0.00277	0.00923	0.00790	0.07382	0.01216	0.01361	0.00939	0.00430	0.00265	0.00088	0.00181	0.00344	0.82760	0.00363
9	0.00470	0.00357	0.00433	0.00449	0.00527	0.00320	0.00323	0.00583	0.00869	0.01152	0.32949	0.29630	0.28737	0.00934	0.00445	0.00129	0.00190	0.00820	0.00364	0.00320
10	0.00493	0.00374	0.00454	0.00434	0.00533	0.00335	0.00326	0.00642	0.00977	0.01325	0.59779	0.02986	0.28386	0.00806	0.00433	0.00118	0.00177	0.00698	0.00385	0.00335
11	0.01296	0.08665	0.00877	0.00617	0.00858	0.00662	0.00512	0.09922	0.05308	0.46012	0.08490	0.01303	0.01076	0.00465	0.00347	0.00107	0.00297	0.00374	0.12265	0.00547
12	0.00614	0.00419	0.00466	0.00442	0.00469	0.00429	0.00267	0.08245	0.00645	0.00861	0.01132	0.02262	0.01269	0.79046	0.01730	0.00333	0.00361	0.00515	0.00236	0.00260
13	0.01404	0.01034	0.01093	0.00841	0.01133	0.03219	0.00693	0.78949	0.01688	0.04897	0.00892	0.00888	0.00630	0.00440	0.00367	0.00110	0.00408	0.00330	0.00366	0.00620
14	0.00864	0.00826	0.01409	0.19952	0.67459	0.00861	0.01105	0.01087	0.00815	0.01145	0.00683	0.00924	0.00562	0.00336	0.00364	0.00112	0.00448	0.00327	0.00178	0.00545
15	0.00854	0.00846	0.01272	0.21327	0.44152	0.07913	0.04222	0.01061	0.00828	0.01107	0.03592	0.03769	0.00746	0.00402	0.00384	0.00114	0.01677	0.02597	0.00196	0.02941
16	0.03850	0.02426	0.04080	0.10989	0.37068	0.02259	0.06368	0.15557	0.03909	0.03591	0.03108	0.01071	0.00719	0.00395	0.00369	0.00114	0.00431	0.02920	0.00238	0.00539
17	0.00453	0.00381	0.00395	0.00393	0.00513	0.00328	0.00294	0.00575	0.02955	0.01041	0.09875	0.06188	0.73516	0.00913	0.00434	0.00124	0.00189	0.00766	0.00347	0.00319
18	0.00492	0.00355	0.00483	0.00588	0.04468	0.00339	0.00377	0.00556	0.00692	0.00924	0.01820	0.66123	0.02150	0.11243	0.00656	0.02467	0.00250	0.05400	0.00315	0.00301
19	0.00980	0.33701	0.22847	0.06177	0.08397	0.06084	0.04033	0.02344	0.02428	0.08792	0.00695	0.00787	0.00539	0.00349	0.00313	0.00101	0.00456	0.00268	0.00197	0.00512
20	0.00586	0.00497	0.00537	0.00573	0.00637	0.08285	0.00419	0.00698	0.03355	0.00942	0.01746	0.39933	0.08340	0.05146	0.14283	0.03107	0.00403	0.09899	0.00293	0.00321
21	0.00885	0.00848	0.01448	0.11483	0.75757	0.00866	0.01115	0.01106	0.00825	0.01171	0.00687	0.00917	0.00572	0.00332	0.00364	0.00111	0.00442	0.00327	0.00180	0.00563
22	0.00996	0.04693	0.04570	0.04036	0.00932	0.01537	0.05763	0.10290	0.00946	0.23709	0.02607	0.22383	0.01215	0.00601	0.00374	0.00117	0.00318	0.00521	0.13924	0.00467
23	0.00814	0.03262	0.16056	0.19543	0.22684	0.00862	0.11700	0.02599	0.02281	0.02399	0.00752	0.01060	0.00619	0.02242	0.02582	0.00137	0.06665	0.03061	0.00189	0.00490
24	0.00448	0.00371	0.00392	0.00390	0.00505	0.00315	0.00291	0.00552	0.00864	0.01065	0.16211	0.06048	0.69460	0.00909	0.00435	0.00123	0.00185	0.00766	0.00351	0.00315
25	0.00732	0.01788	0.77554	0.01042	0.01556	0.00833	0.04945	0.01142	0.00792	0.01178	0.04587	0.00877	0.00610	0.00366	0.00357	0.00117	0.00529	0.00297	0.00168	0.00532
26	0.00913	0.03672	0.06908	0.18180	0.32797	0.07165	0.12701	0.01968	0.02983	0.05080	0.00742	0.00943	0.00582	0.00431	0.03259	0.00129	0.00504	0.00334	0.00197	0.00512
27	0.00850	0.04365	0.17548	0.06201	0.10059	0.06645	0.15733	0.05641	0.06428	0.03332	0.06049	0.08116	0.03602	0.00482	0.00384	0.00118	0.00446	0.02241	0.01277	0.00483

[dist]
# distance from previous block
# <min> <max>
0	1

[block]
# block no. 7 follows, 75 sequences, length 27
# corresponding to MSA columns:
# 642-668
name=unknown_H
#
# <colnr> <probs for GDERKNQSTAVLIFYWHMCP>
#	G	D	E	R	K	N	Q	S	T	A	V	L	I	F	Y	W	H	M	C	P
0	0.00869	0.00756	0.00830	0.05538	0.03629	0.02852	0.00600	0.04056	0.62290	0.01427	0.01448	0.11766	0.01199	0.00561	0.00383	0.00126	0.00309	0.00478	0.00347	0.00535
1	0.07408	0.14845	0.02433	0.06291	0.31138	0.14872	0.02316	0.06533	0.02026	0.01187	0.00682	0.00883	0.00575	0.00362	0.00329	0.00102	0.00448	0.02485	0.00202	0.04881
2	0.00588	0.00487	0.00644	0.00743	0.09267	0.03587	0.02032	0.00674	0.00697	0.00943	0.01495	0.46148	0.01707	0.13681	0.05217	0.00196	0.06128	0.02369	0.03062	0.00335
3	0.00934	0.00857	0.01367	0.09802	0.62810	0.00880	0.01030	0.09718	0.02894	0.01300	0.00725	0.00917	0.00589	0.00344	0.00361	0.00108	0.00427	0.00325	0.00206	0.04408
4	0.00694	0.00392	0.00483	0.00445	0.00553	0.00366	0.00339	0.00864	0.00955	0.10503	0.49137	0.02146	0.02388	0.00616	0.00370	0.00106	0.00188	0.00530	0.28549	0.00375
5	0.31226	0.00682	0.00765	0.00609	0.00875	0.00677	0.00503	0.07236	0.00955	0.51265	0.01094	0.01005	0.00717	0.00415	0.00321	0.00113	0.00309	0.00309	0.00372	0.00549
6	0.00556	0.00427	0.00516	0.00488	0.00596	0.00412	0.00371	0.00822	0.11173	0.01392	0.59016	0.02743	0.16312	0.00756	0.00428	0.00119	0.00194	0.02920	0.00388	0.00369
7	0.00448	0.00373	0.00391	0.00386	0.00504	0.00316	0.00290	0.00553	0.00869	0.01069	0.16588	0.03409	0.71737	0.00902	0.00434	0.00123	0.00184	0.00757	0.00351	0.00316
8	0.00525	0.00394	0.00590	0.00590	0.00656	0.00459	0.00459	0.00656	0.00590	0.00853	0.00984	0.01443	0.00918	0.02755	0.85637	0.00590	0.00984	0.00394	0.00197	0.00328
9	0.89687	0.00710	0.00540	0.00483	0.00710	0.00824	0.00398	0.01080	0.00625	0.01648	0.00511	0.00597	0.00398	0.00341	0.00227	0.00114	0.00284	0.00199	0.00227	0.00398
10	0.15080	0.00812	0.00902	0.00705	0.00982	0.02474	0.00581	0.32345	0.01239	0.39559	0.01075	0.01000	0.00715	0.00430	0.00346	0.00112	0.00349	0.00326	0.00382	0.00586
11	0.00499	0.00402	0.00639	0.00638	0.00702	0.00375	0.10516	0.00593	0.00723	0.00967	0.01867	0.76343	0.02200	0.01048	0.00464	0.00146	0.00263	0.00969	0.00322	0.00322
12	0.00762	0.00653	0.00762	0.00544	0.00870	0.00490	0.00435	0.00925	0.00762	0.01197	0.00653	0.00762	0.00544	0.00272	0.00272	0.00054	0.00272	0.00218	0.00218	0.89338
13	0.00776	0.00610	0.00726	0.00547	0.00833	0.00469	0.00430	0.00926	0.00772	0.06200	0.00868	0.11328	0.00797	0.00391	0.00302	0.00070	0.00267	0.00328	0.00247	0.73113
14	0.00817	0.01793	0.74897	0.01022	0.01534	0.00888	0.01276	0.11250	0.00892	0.01304	0.00686	0.00788	0.00485	0.00360	0.00351	0.00116	0.00526	0.00279	0.00181	0.00553
15	0.00735	0.00619	0.00651	0.00592	0.00766	0.00662	0.00458	0.06276	0.42227	0.01371	0.07297	0.02253	0.33252	0.00676	0.00400	0.00123	0.00250	0.00563	0.00363	0.00466
16	0.00694	0.00653	0.01102	0.86210	0.02530	0.00816	0.01020	0.00938	0.00734	0.00938	0.00653	0.00979	0.00490	0.00367	0.00367	0.00122	0.00490	0.00326	0.00163	0.00408
17	0.01174	0.00695	0.00797	0.00650	0.00872	0.02947	0.00522	0.23848	0.05466	0.30049	0.14132	0.04445	0.11620	0.00577	0.00389	0.00115	0.00306	0.00474	0.00394	0.00526
18	0.00849	0.00910	0.07688	0.05995	0.17527	0.00836	0.34647	0.02969	0.06472	0.03407	0.00838	0.01156	0.00694	0.10971	0.00603	0.00149	0.03194	0.00399	0.00209	0.00487
19	0.00843	0.01271	0.28488	0.01368	0.01792	0.00896	0.55499	0.01186	0.00842	0.03101	0.00733	0.00928	0.00536	0.00325	0.00405	0.00121	0.00588	0.00381	0.00182	0.00513
20	0.01620	0.00669	0.00880	0.00675	0.00960	0.00606	0.00557	0.10790	0.01126	0.75951	0.01387	0.01210	0.00878	0.00453	0.00369	0.00113	0.00323	0.00365	0.00445	0.00625
21	0.01073	0.04252	0.03450	0.06671	0.06252	0.16473	0.11911	0.06636	0.05171	0.14102	0.02103	0.01910	0.00693	0.00561	0.05012	0.00143	0.12506	0.00345	0.00248	0.00489
22	0.08837	0.04411	0.00934	0.08787	0.20012	0.01650	0.03716	0.03450	0.00787	0.01129	0.01248	0.29011	0.01331	0.00692	0.00418	0.00131	0.02264	0.10516	0.00259	0.00416
23	0.00534	0.00356	0.00401	0.00401	0.00401	0.00356	0.00223	0.00534	0.00534	0.00712	0.01157	0.02403	0.01335	0.87092	0.01869	0.00356	0.00356	0.00534	0.00223	0.00223
24	0.01372	0.01750	0.01041	0.00946	0.01135	0.85618	0.00710	0.01467	0.01041	0.00899	0.00568	0.00662	0.00473	0.00378	0.00331	0.00095	0.00662	0.00237	0.00189	0.00426
25	0.01130	0.14166	0.03859	0.05876	0.02090	0.15705	0.00693	0.29611	0.16204	0.01518	0.00967	0.00993	0.03749	0.00430	0.00343	0.00106	0.00426	0.00324	0.01281	0.00528
26	0.66442	0.00719	0.02268	0.14148	0.01030	0.00795	0.00518	0.01046	0.00657	0.01488	0.00548	0.00675	0.00426	0.00340	0.00256	0.00110	0.00321	0.00222	0.00215	0.07777

[dist]
