[name]
unknown

[dist]
# distance from previous block
# <min> <max>
0	2

[block]
# block no. 0 follows, 68 sequences, length 40
# corresponding to MSA columns:
# 2-41
name=unknown_A
#
# <colnr> <probs for GDERKNQSTAVLIFYWHMCP>
#	G	D	E	R	K	N	Q	S	T	A	V	L	I	F	Y	W	H	M	C	P
0	0.04785	0.00680	0.00806	0.00769	0.00944	0.02688	0.00655	0.20208	0.01154	0.09511	0.01674	0.03083	0.01654	0.00843	0.00480	0.00157	0.00385	0.48678	0.00376	0.00473
1	0.02411	0.10774	0.01228	0.03463	0.01198	0.06842	0.08073	0.16768	0.07433	0.20876	0.02670	0.01063	0.00791	0.00425	0.00368	0.00108	0.00417	0.00346	0.00328	0.14417
2	0.01146	0.00892	0.01186	0.03258	0.01240	0.00944	0.13601	0.42580	0.04179	0.04286	0.03784	0.17381	0.01180	0.00621	0.00434	0.00132	0.00420	0.01816	0.00358	0.00562
3	0.01133	0.01431	0.22947	0.13441	0.01594	0.17763	0.04180	0.22819	0.05548	0.01505	0.00800	0.00920	0.00596	0.00429	0.00415	0.00122	0.03220	0.00328	0.00251	0.00558
4	0.00566	0.00425	0.00637	0.00637	0.00708	0.00496	0.00496	0.00708	0.00637	0.00920	0.01062	0.01558	0.00991	0.02974	0.84494	0.00637	0.01062	0.00425	0.00212	0.00354
5	0.01086	0.29880	0.22906	0.00946	0.03746	0.15400	0.02857	0.06208	0.05766	0.03821	0.01900	0.00903	0.02158	0.00404	0.00342	0.00108	0.00507	0.00298	0.00221	0.00542
6	0.00566	0.00425	0.00637	0.00637	0.00708	0.00496	0.00496	0.00708	0.00637	0.00920	0.01062	0.01558	0.00991	0.02974	0.84494	0.00637	0.01062	0.00425	0.00212	0.00354
7	0.01060	0.86304	0.02078	0.00678	0.01018	0.01569	0.00678	0.01187	0.00806	0.00933	0.00551	0.00636	0.00509	0.00339	0.00254	0.00085	0.00424	0.00212	0.00170	0.00509
8	0.04468	0.01960	0.77922	0.01095	0.01655	0.00922	0.01395	0.01279	0.03412	0.01290	0.00733	0.00849	0.00522	0.00381	0.00372	0.00126	0.00566	0.00295	0.00178	0.00581
9	0.14878	0.05105	0.09167	0.00924	0.02366	0.22227	0.05111	0.16143	0.05295	0.11834	0.00852	0.00900	0.00628	0.00427	0.00381	0.00118	0.02496	0.00312	0.00285	0.00550
10	0.21148	0.04886	0.01054	0.00791	0.01086	0.04879	0.00655	0.45725	0.01416	0.13290	0.00912	0.00912	0.00646	0.00444	0.00355	0.00118	0.00406	0.00319	0.00356	0.00602
11	0.00833	0.03462	0.69613	0.01158	0.01700	0.02334	0.09224	0.01298	0.04390	0.01264	0.00755	0.00882	0.00543	0.00379	0.00384	0.00126	0.00581	0.00315	0.00181	0.00579
12	0.00937	0.00803	0.00852	0.00770	0.00981	0.00919	0.00597	0.01953	0.74057	0.01630	0.07121	0.01675	0.04801	0.00575	0.00410	0.00134	0.00301	0.00482	0.00404	0.00599
13	0.00682	0.00347	0.00511	0.00511	0.00511	0.00347	0.00338	0.00520	0.00520	0.00694	0.00724	0.01293	0.00736	0.06737	0.01579	0.82889	0.00347	0.00359	0.00176	0.00176
14	0.00822	0.00705	0.00822	0.00587	0.00940	0.00529	0.00470	0.00998	0.00822	0.01292	0.00705	0.00822	0.00587	0.00294	0.00294	0.00059	0.00294	0.00235	0.00235	0.88490
15	0.00654	0.00435	0.00547	0.00526	0.00578	0.00454	0.00358	0.03471	0.00701	0.04392	0.07070	0.02202	0.01426	0.48560	0.26526	0.00422	0.00573	0.00526	0.00262	0.00317
16	0.00577	0.00384	0.00432	0.00432	0.00432	0.00384	0.00240	0.00577	0.00577	0.00769	0.01249	0.02595	0.01441	0.86066	0.02018	0.00384	0.00384	0.00577	0.00240	0.00240
17	0.00711	0.00437	0.00565	0.00547	0.00656	0.00401	0.00407	0.00875	0.02925	0.12731	0.38843	0.26008	0.09629	0.00904	0.00469	0.00137	0.00228	0.02705	0.00417	0.00403
18	0.00488	0.00353	0.00463	0.00549	0.00582	0.00328	0.00374	0.00563	0.00774	0.01022	0.02296	0.77647	0.07639	0.01222	0.00505	0.00160	0.00233	0.04108	0.00368	0.00324
19	0.01297	0.00827	0.00939	0.00788	0.01049	0.00889	0.00629	0.11613	0.47597	0.27522	0.01519	0.01376	0.01075	0.00516	0.00401	0.00129	0.00336	0.00422	0.00430	0.00648
20	0.07237	0.00456	0.00539	0.00534	0.00648	0.00435	0.00400	0.02344	0.02264	0.07157	0.25968	0.26330	0.18799	0.00918	0.00458	0.00139	0.00236	0.04362	0.00388	0.00386
21	0.02378	0.00408	0.00513	0.00558	0.00626	0.00385	0.00390	0.02551	0.02185	0.06397	0.04871	0.65200	0.09814	0.01112	0.00485	0.00153	0.00240	0.00994	0.00377	0.00363
22	0.03271	0.00563	0.00653	0.00610	0.00751	0.00572	0.00458	0.11773	0.10370	0.09833	0.11050	0.30343	0.07804	0.03277	0.00482	0.00143	0.00274	0.00712	0.06610	0.00450
23	0.00687	0.00456	0.00571	0.00544	0.00641	0.00439	0.00407	0.04002	0.02137	0.06389	0.40973	0.04757	0.05688	0.19465	0.00810	0.00190	0.00275	0.10813	0.00382	0.00375
24	0.03211	0.00508	0.00592	0.00527	0.00692	0.00463	0.00404	0.01949	0.06329	0.08375	0.30861	0.05582	0.24440	0.00758	0.00443	0.01307	0.00235	0.00633	0.01666	0.11026
25	0.00543	0.00404	0.00511	0.00564	0.00620	0.00394	0.00392	0.00731	0.08624	0.01166	0.14988	0.62399	0.04961	0.01100	0.00489	0.00152	0.00230	0.00990	0.00382	0.00360
26	0.03548	0.00423	0.00496	0.00490	0.00594	0.00394	0.00363	0.00727	0.03853	0.01357	0.41855	0.15917	0.26717	0.00910	0.00464	0.00133	0.00206	0.00789	0.00398	0.00365
27	0.00822	0.00705	0.00822	0.00587	0.00940	0.00529	0.00470	0.00998	0.00822	0.01292	0.00705	0.00822	0.00587	0.00294	0.00294	0.00059	0.00294	0.00235	0.00235	0.88490
28	0.00734	0.00475	0.00603	0.00604	0.00698	0.00473	0.00444	0.04086	0.08591	0.08951	0.10945	0.36342	0.03392	0.05695	0.04685	0.05774	0.00316	0.06430	0.00365	0.00394
29	0.01011	0.00856	0.00903	0.00803	0.01027	0.00985	0.00625	0.07942	0.74319	0.01692	0.01554	0.01476	0.01178	0.03247	0.00454	0.00141	0.00325	0.00446	0.00398	0.00619
30	0.00629	0.00413	0.00501	0.00498	0.00603	0.00377	0.00366	0.00731	0.00867	0.08657	0.11333	0.21040	0.34198	0.04113	0.08234	0.02961	0.00307	0.00771	0.03040	0.00362
31	0.01052	0.00840	0.01157	0.03713	0.20388	0.00886	0.05092	0.27190	0.02590	0.04768	0.05159	0.06357	0.06843	0.00601	0.00466	0.00132	0.03942	0.07951	0.00323	0.00552
32	0.00820	0.00753	0.05809	0.01008	0.03856	0.00696	0.23704	0.02821	0.02198	0.06516	0.01134	0.08594	0.02934	0.03709	0.21533	0.06427	0.03539	0.00489	0.03016	0.00444
33	0.00613	0.00412	0.00495	0.00491	0.00596	0.00369	0.00359	0.00728	0.00918	0.07953	0.22083	0.21563	0.32192	0.05322	0.02862	0.00163	0.00248	0.00807	0.01462	0.00365
34	0.00824	0.00580	0.00796	0.07839	0.05718	0.02000	0.00594	0.07526	0.03443	0.08228	0.01119	0.04527	0.02488	0.03931	0.38461	0.10124	0.00697	0.00433	0.00258	0.00417
35	0.06181	0.05638	0.11727	0.20137	0.18646	0.06696	0.06964	0.11553	0.00992	0.04379	0.00756	0.00937	0.00578	0.00398	0.00404	0.00122	0.02786	0.00334	0.00226	0.00547
36	0.04698	0.00514	0.00605	0.00632	0.04042	0.02062	0.00438	0.02204	0.05383	0.10478	0.07603	0.32302	0.18705	0.06959	0.00565	0.00158	0.00276	0.01606	0.00364	0.00405
37	0.00617	0.00435	0.00552	0.02742	0.02914	0.00425	0.00391	0.01825	0.03569	0.03421	0.18946	0.26002	0.08979	0.23591	0.00916	0.02956	0.00286	0.00751	0.00338	0.00344
38	0.05025	0.01922	0.00991	0.07023	0.07066	0.03696	0.00668	0.29563	0.03696	0.14195	0.02406	0.03527	0.00910	0.10542	0.04112	0.02942	0.00438	0.00408	0.00332	0.00539
39	0.15892	0.02827	0.03575	0.11256	0.07947	0.09856	0.04309	0.20659	0.04455	0.07011	0.00900	0.01032	0.02021	0.00441	0.00388	0.00121	0.02349	0.01626	0.00284	0.03053

[dist]
# distance from previous block
# <min> <max>
13	42

[block]
# block no. 1 follows, 68 sequences, length 12
# corresponding to MSA columns:
# 84-95
name=unknown_B
#
# <colnr> <probs for GDERKNQSTAVLIFYWHMCP>
#	G	D	E	R	K	N	Q	S	T	A	V	L	I	F	Y	W	H	M	C	P
0	0.02048	0.04898	0.06073	0.00729	0.02332	0.03930	0.00597	0.06307	0.00818	0.03363	0.01041	0.10950	0.00996	0.04552	0.30468	0.00309	0.04815	0.00441	0.00248	0.15085
1	0.01119	0.01168	0.02638	0.01008	0.09237	0.28939	0.00725	0.04883	0.21286	0.04415	0.05478	0.01433	0.08265	0.00543	0.00452	0.00123	0.05615	0.01854	0.00298	0.00519
2	0.06745	0.08588	0.08339	0.00902	0.07575	0.02054	0.00727	0.17931	0.03893	0.10787	0.01005	0.06194	0.01973	0.01636	0.02513	0.00131	0.05776	0.00377	0.00294	0.12561
3	0.02736	0.22584	0.15250	0.03534	0.09507	0.06487	0.04851	0.13906	0.02346	0.10581	0.00816	0.00892	0.00616	0.00393	0.00352	0.00110	0.00473	0.00307	0.00255	0.04004
4	0.01096	0.07900	0.21107	0.01146	0.06364	0.04311	0.15863	0.14046	0.05601	0.09956	0.00936	0.04189	0.00726	0.00450	0.00440	0.00125	0.04516	0.00385	0.00267	0.00576
5	0.00522	0.00410	0.00504	0.00496	0.00598	0.00367	0.02263	0.00645	0.00928	0.01207	0.27224	0.16007	0.37593	0.06190	0.00572	0.00152	0.00229	0.03372	0.00377	0.00344
6	0.04519	0.08212	0.02584	0.17479	0.23155	0.04893	0.06141	0.06633	0.00913	0.01236	0.03032	0.10105	0.03710	0.00542	0.00453	0.03343	0.01878	0.00445	0.00235	0.00493
7	0.00993	0.06752	0.09639	0.07097	0.30756	0.03780	0.06404	0.11128	0.03751	0.02767	0.03856	0.04317	0.03096	0.00461	0.00428	0.00123	0.03442	0.00402	0.00246	0.00562
8	0.00595	0.00441	0.00590	0.00614	0.03708	0.00462	0.02118	0.00651	0.00637	0.00871	0.01298	0.14761	0.01451	0.49483	0.16974	0.00374	0.03809	0.00612	0.00249	0.00302
9	0.00877	0.00967	0.08346	0.36893	0.21035	0.02979	0.13797	0.03054	0.04062	0.01195	0.00776	0.01039	0.00600	0.00437	0.02168	0.00138	0.00547	0.00369	0.00199	0.00522
10	0.04544	0.03168	0.03809	0.12034	0.11177	0.02818	0.02740	0.23882	0.05719	0.11286	0.02347	0.05497	0.02008	0.02017	0.03964	0.00151	0.00453	0.01514	0.00315	0.00559
11	0.03009	0.06045	0.10676	0.06224	0.37078	0.03566	0.03623	0.10932	0.02885	0.07318	0.00866	0.01009	0.01833	0.00406	0.00408	0.00120	0.02818	0.00349	0.00243	0.00593

[dist]
# distance from previous block
# <min> <max>
11	18

[block]
# block no. 2 follows, 68 sequences, length 19
# corresponding to MSA columns:
# 118-136
name=unknown_C
#
# <colnr> <probs for GDERKNQSTAVLIFYWHMCP>
#	G	D	E	R	K	N	Q	S	T	A	V	L	I	F	Y	W	H	M	C	P
0	0.00547	0.00389	0.00468	0.00477	0.00525	0.00369	0.00319	0.00629	0.00808	0.01088	0.24889	0.15966	0.11707	0.36018	0.01115	0.00240	0.00283	0.03524	0.00335	0.00306
1	0.00572	0.00463	0.00499	0.00526	0.00613	0.04754	0.00378	0.00675	0.00892	0.02833	0.14816	0.38264	0.29519	0.01036	0.00479	0.00143	0.00244	0.02573	0.00372	0.00349
2	0.00735	0.00471	0.00552	0.00520	0.00658	0.00437	0.00394	0.00949	0.07954	0.12608	0.19773	0.12098	0.31198	0.02685	0.00481	0.00137	0.00235	0.02098	0.05605	0.00414
3	0.00729	0.00446	0.00550	0.00518	0.00639	0.00403	0.00384	0.02327	0.00980	0.13913	0.29401	0.17388	0.22734	0.07068	0.00575	0.00152	0.00240	0.00753	0.00401	0.00397
4	0.76685	0.00755	0.00611	0.00548	0.00780	0.00867	0.00445	0.06107	0.00754	0.01764	0.00702	0.07223	0.00613	0.00442	0.00275	0.00125	0.00309	0.00294	0.00264	0.00436
5	0.00670	0.00349	0.00507	0.00507	0.00518	0.00344	0.00341	0.00521	0.00549	0.00721	0.00969	0.01425	0.07666	0.01346	0.01458	0.81016	0.00332	0.00386	0.00189	0.00186
6	0.04860	0.00552	0.00652	0.00585	0.00749	0.00534	0.00453	0.07869	0.04959	0.19207	0.16962	0.12551	0.15789	0.05234	0.00516	0.00145	0.00277	0.03907	0.03740	0.00458
7	0.00667	0.00449	0.00553	0.00564	0.00656	0.00430	0.00408	0.06098	0.02983	0.06708	0.12743	0.45919	0.12748	0.03405	0.00519	0.00153	0.00250	0.02670	0.01693	0.00384
8	0.00565	0.00423	0.00516	0.00496	0.00595	0.00396	0.00370	0.00758	0.04422	0.01404	0.53937	0.03102	0.19340	0.07949	0.00598	0.00151	0.00219	0.03993	0.00402	0.00365
9	0.05749	0.00633	0.00774	0.00640	0.00859	0.00601	0.00503	0.11340	0.01071	0.41339	0.03258	0.08902	0.09713	0.10783	0.01870	0.00165	0.00338	0.00519	0.00409	0.00535
10	0.03950	0.00478	0.00628	0.00602	0.00702	0.00507	0.00457	0.04347	0.00786	0.08659	0.06035	0.07152	0.04641	0.14747	0.40503	0.00412	0.00672	0.04054	0.00287	0.00382
11	0.00506	0.00377	0.00473	0.00517	0.00584	0.00344	0.00370	0.00614	0.00880	0.01164	0.20824	0.45034	0.20358	0.01086	0.00492	0.00148	0.00221	0.05287	0.00383	0.00339
12	0.08796	0.00469	0.00544	0.00514	0.00645	0.00446	0.00392	0.01961	0.00918	0.09731	0.22117	0.07796	0.26176	0.02764	0.04339	0.06137	0.00284	0.03586	0.02001	0.00381
13	0.00813	0.00824	0.02552	0.05590	0.11104	0.06354	0.22648	0.01048	0.04488	0.01108	0.01093	0.08930	0.03419	0.04728	0.17882	0.02163	0.04082	0.00489	0.00230	0.00454
14	0.00899	0.00789	0.01034	0.13274	0.12063	0.06844	0.03730	0.09684	0.06892	0.03647	0.04836	0.04626	0.03516	0.01134	0.21330	0.00255	0.04262	0.00438	0.00265	0.00482
15	0.00583	0.00440	0.00499	0.00487	0.00609	0.00407	0.00366	0.00733	0.04239	0.05303	0.10664	0.10935	0.52258	0.02595	0.06082	0.00174	0.02120	0.00772	0.00365	0.00368
16	0.09792	0.02445	0.01002	0.05814	0.05380	0.15910	0.02366	0.12164	0.15532	0.07996	0.05928	0.04724	0.01041	0.00549	0.00438	0.02130	0.02606	0.03349	0.00314	0.00521
17	0.02329	0.01084	0.03213	0.01245	0.19948	0.13184	0.04840	0.25469	0.08860	0.04913	0.04018	0.01202	0.02407	0.04943	0.00481	0.00133	0.00467	0.00387	0.00303	0.00576
18	0.02917	0.02803	0.17903	0.01040	0.05576	0.34974	0.03848	0.05395	0.11438	0.01242	0.01063	0.02394	0.06761	0.00471	0.00382	0.00117	0.00552	0.00360	0.00246	0.00517

[dist]
# distance from previous block
# <min> <max>
1	7

[block]
# block no. 3 follows, 68 sequences, length 40
# corresponding to MSA columns:
# 144-183
name=unknown_D
#
# <colnr> <probs for GDERKNQSTAVLIFYWHMCP>
#	G	D	E	R	K	N	Q	S	T	A	V	L	I	F	Y	W	H	M	C	P
0	0.03348	0.05520	0.00913	0.01842	0.02024	0.03508	0.02831	0.05477	0.05636	0.31340	0.04356	0.16066	0.04461	0.00743	0.02621	0.00146	0.01591	0.06671	0.00382	0.00523
1	0.03250	0.00970	0.09192	0.01083	0.07567	0.00875	0.16605	0.13140	0.16982	0.10304	0.07791	0.01429	0.03573	0.00492	0.00414	0.00127	0.00428	0.02301	0.00326	0.03151
2	0.28788	0.00942	0.03323	0.00781	0.02514	0.10037	0.03981	0.16207	0.07887	0.05097	0.07402	0.08490	0.01918	0.00528	0.00363	0.00125	0.00386	0.00413	0.00314	0.00503
3	0.02077	0.00640	0.00705	0.00662	0.00790	0.08550	0.03121	0.04852	0.04766	0.10638	0.11650	0.29842	0.06930	0.08490	0.00595	0.00161	0.00331	0.04427	0.00359	0.00417
4	0.00576	0.00386	0.00441	0.00441	0.00444	0.00389	0.00251	0.00582	0.00579	0.00775	0.01241	0.02550	0.01422	0.82479	0.05579	0.00395	0.00414	0.00570	0.00239	0.00245
5	0.01074	0.83438	0.02045	0.00690	0.01025	0.04384	0.00681	0.01201	0.00816	0.00934	0.00553	0.00639	0.00509	0.00342	0.00258	0.00085	0.00434	0.00213	0.00171	0.00507
6	0.00822	0.00705	0.00822	0.00587	0.00940	0.00529	0.00470	0.00998	0.00822	0.01292	0.00705	0.00822	0.00587	0.00294	0.00294	0.00059	0.00294	0.00235	0.00235	0.88490
7	0.00607	0.00440	0.00649	0.00638	0.00690	0.00515	0.00487	0.00689	0.00613	0.00880	0.00970	0.01486	0.00924	0.05157	0.62700	0.15093	0.06521	0.00411	0.00204	0.00326
8	0.01005	0.08624	0.38161	0.01151	0.12698	0.00949	0.01080	0.03319	0.15388	0.11089	0.00989	0.02204	0.00735	0.00427	0.00378	0.00123	0.00471	0.00347	0.00260	0.00601
9	0.00502	0.00408	0.00484	0.00552	0.04145	0.00363	0.00376	0.00601	0.00852	0.01062	0.03169	0.30824	0.49483	0.01087	0.01737	0.00151	0.00240	0.03261	0.00358	0.00344
10	0.00488	0.00348	0.00465	0.00557	0.00582	0.00326	0.00376	0.00560	0.00764	0.01017	0.02183	0.83425	0.02612	0.01238	0.00507	0.00162	0.00234	0.03465	0.00368	0.00323
11	0.47782	0.27867	0.05526	0.00686	0.00985	0.05255	0.04739	0.01203	0.00760	0.01419	0.00576	0.00677	0.00471	0.00360	0.00272	0.00110	0.00397	0.00233	0.00213	0.00469
12	0.00505	0.00395	0.00457	0.00458	0.00562	0.00347	0.00337	0.00633	0.00964	0.01254	0.33027	0.14899	0.42814	0.00966	0.00473	0.00134	0.00200	0.00833	0.00393	0.00347
13	0.06109	0.13450	0.07717	0.00823	0.01157	0.01108	0.00735	0.41519	0.05919	0.08724	0.00919	0.00931	0.00671	0.00431	0.00358	0.00111	0.00412	0.00321	0.00332	0.08254
14	0.01904	0.02340	0.10859	0.00758	0.00995	0.00765	0.01787	0.19512	0.08323	0.10491	0.04775	0.07096	0.02137	0.10525	0.12323	0.00226	0.00484	0.01629	0.00323	0.02748
15	0.10508	0.01030	0.01057	0.00869	0.02542	0.04179	0.00691	0.54801	0.12468	0.02160	0.01029	0.03886	0.00790	0.01685	0.00406	0.00126	0.00410	0.00380	0.00368	0.00616
16	0.01657	0.02478	0.01006	0.00760	0.01065	0.00778	0.00628	0.21095	0.05677	0.58418	0.01401	0.01248	0.00911	0.00487	0.00396	0.00122	0.00361	0.00388	0.00457	0.00669
17	0.01228	0.05786	0.01085	0.00839	0.01112	0.03384	0.00679	0.33979	0.39452	0.04072	0.01238	0.01180	0.00916	0.00491	0.00388	0.00122	0.00380	0.00386	0.00380	0.02902
18	0.00895	0.33718	0.53216	0.00960	0.01454	0.01164	0.01169	0.01230	0.00825	0.01134	0.00651	0.00762	0.00505	0.00363	0.00331	0.00110	0.00525	0.00263	0.00168	0.00557
19	0.00918	0.00857	0.01418	0.35421	0.46581	0.00934	0.01144	0.05726	0.00913	0.01251	0.00741	0.01010	0.00591	0.00377	0.00394	0.00124	0.00492	0.00353	0.00200	0.00556
20	0.00831	0.16186	0.49740	0.01023	0.01480	0.00975	0.09269	0.01203	0.02710	0.01251	0.10778	0.01099	0.00923	0.00422	0.00377	0.00119	0.00512	0.00352	0.00209	0.00543
21	0.00483	0.00402	0.00421	0.00416	0.00544	0.00341	0.00312	0.00596	0.00937	0.01150	0.16118	0.03686	0.71281	0.00975	0.00468	0.00132	0.00199	0.00819	0.00379	0.00341
22	0.00932	0.00891	0.01519	0.20131	0.66284	0.00929	0.01192	0.01173	0.00879	0.01235	0.00737	0.00998	0.00607	0.00363	0.00393	0.00121	0.00483	0.00353	0.00192	0.00588
23	0.01432	0.01061	0.01153	0.00928	0.03110	0.01174	0.00743	0.67594	0.12730	0.04385	0.01052	0.01034	0.00753	0.00482	0.00398	0.00121	0.00418	0.00370	0.00395	0.00667
24	0.01387	0.00731	0.01042	0.07783	0.10011	0.00748	0.00728	0.02692	0.03121	0.48424	0.05527	0.01297	0.00984	0.00516	0.00535	0.00131	0.12965	0.00400	0.00380	0.00598
25	0.00567	0.00422	0.00623	0.00623	0.00689	0.00488	0.00478	0.00699	0.00633	0.00910	0.01075	0.01630	0.01022	0.08745	0.78766	0.00620	0.01015	0.00435	0.00214	0.00346
26	0.00761	0.00717	0.01211	0.80779	0.06970	0.00884	0.01107	0.01024	0.00799	0.01028	0.00707	0.01053	0.00534	0.00394	0.00396	0.00131	0.00526	0.00352	0.00177	0.00450
27	0.00980	0.00956	0.01603	0.03705	0.75129	0.02873	0.04687	0.01216	0.00908	0.01280	0.00772	0.01051	0.00656	0.00370	0.00398	0.00120	0.00484	0.02001	0.00200	0.00612
28	0.00495	0.00354	0.00474	0.00566	0.00595	0.00333	0.00389	0.00573	0.00771	0.01026	0.02179	0.79372	0.02595	0.01231	0.00509	0.00163	0.00241	0.07441	0.00368	0.00325
29	0.01507	0.01111	0.01190	0.00912	0.01230	0.01230	0.00754	0.82270	0.01864	0.02499	0.00952	0.00952	0.00674	0.00476	0.00397	0.00119	0.00436	0.00357	0.00397	0.00674
30	0.00504	0.00370	0.00473	0.00517	0.00575	0.00339	0.00361	0.00611	0.00884	0.01187	0.25939	0.50912	0.13696	0.01086	0.00490	0.00147	0.00214	0.00970	0.00388	0.00339
31	0.00911	0.00863	0.01424	0.08155	0.65602	0.00874	0.01089	0.01170	0.03940	0.01279	0.03457	0.01290	0.07343	0.00429	0.00401	0.00121	0.00439	0.00406	0.00223	0.00584
32	0.00572	0.00392	0.00476	0.00478	0.00494	0.00406	0.00297	0.00603	0.00595	0.00807	0.01238	0.04827	0.01383	0.66355	0.19063	0.00430	0.00520	0.00561	0.00238	0.00266
33	0.00867	0.00867	0.01214	0.01041	0.01041	0.01214	0.00867	0.00954	0.00607	0.00954	0.00520	0.00867	0.00520	0.00694	0.01301	0.00173	0.85340	0.00347	0.00173	0.00434
34	0.00822	0.00705	0.00822	0.00587	0.00940	0.00529	0.00470	0.00998	0.00822	0.01292	0.00705	0.00822	0.00587	0.00294	0.00294	0.00059	0.00294	0.00235	0.00235	0.88490
35	0.01060	0.86304	0.02078	0.00678	0.01018	0.01569	0.00678	0.01187	0.00806	0.00933	0.00551	0.00636	0.00509	0.00339	0.00254	0.00085	0.00424	0.00212	0.00170	0.00509
36	0.00981	0.00942	0.01609	0.02434	0.83592	0.00942	0.01217	0.01217	0.00903	0.01295	0.00746	0.00981	0.00628	0.00353	0.00393	0.00118	0.00471	0.00353	0.00196	0.00628
37	0.00519	0.00393	0.00530	0.00570	0.00637	0.00363	0.02654	0.00627	0.00849	0.01120	0.12860	0.51677	0.15474	0.01109	0.00498	0.00153	0.00246	0.09007	0.00372	0.00341
38	0.10787	0.12470	0.01129	0.05290	0.08505	0.00897	0.00660	0.15385	0.01990	0.14351	0.03126	0.00975	0.00730	0.00398	0.00338	0.00102	0.00370	0.00309	0.00296	0.21890
39	0.03282	0.00962	0.01402	0.13482	0.47500	0.06559	0.03198	0.04420	0.08797	0.03092	0.00831	0.01019	0.00663	0.00397	0.00414	0.00122	0.02694	0.00356	0.00229	0.00581

[dist]
# distance from previous block
# <min> <max>
0	2

[block]
# block no. 4 follows, 68 sequences, length 57
# corresponding to MSA columns:
# 186-242
name=unknown_E
#
# <colnr> <probs for GDERKNQSTAVLIFYWHMCP>
#	G	D	E	R	K	N	Q	S	T	A	V	L	I	F	Y	W	H	M	C	P
0	0.00549	0.00394	0.00527	0.00610	0.02083	0.00378	0.00429	0.00667	0.02467	0.02389	0.05750	0.60300	0.05929	0.01224	0.03961	0.00179	0.00286	0.11166	0.00364	0.00349
1	0.02971	0.00974	0.01062	0.00874	0.01961	0.02039	0.02452	0.41574	0.31148	0.03051	0.01208	0.03518	0.00915	0.00506	0.00396	0.00124	0.00385	0.00406	0.00382	0.04055
2	0.02709	0.16215	0.37463	0.01018	0.01468	0.00986	0.12837	0.03523	0.01899	0.08503	0.00786	0.00887	0.00580	0.00370	0.00361	0.00113	0.00506	0.00310	0.00218	0.09249
3	0.01040	0.13438	0.30324	0.01092	0.11397	0.00927	0.03587	0.03856	0.06033	0.15181	0.02113	0.04229	0.01765	0.00451	0.00378	0.00120	0.00457	0.01270	0.00265	0.02076
4	0.00948	0.08214	0.50554	0.01012	0.01471	0.00872	0.06908	0.01299	0.00908	0.13381	0.06416	0.01205	0.00870	0.00446	0.00390	0.00125	0.00507	0.03664	0.00244	0.00566
5	0.00790	0.00735	0.01210	0.43117	0.29226	0.00815	0.01023	0.01024	0.00855	0.01139	0.03557	0.01516	0.07974	0.00486	0.00412	0.00130	0.00462	0.04824	0.00218	0.00487
6	0.01015	0.08825	0.15047	0.01032	0.08870	0.07411	0.06084	0.10424	0.13336	0.06649	0.01203	0.15190	0.02063	0.00566	0.00402	0.00126	0.00438	0.00483	0.00293	0.00544
7	0.02784	0.04176	0.21450	0.04072	0.14421	0.00836	0.05224	0.08890	0.03648	0.14514	0.11881	0.03294	0.01141	0.00488	0.00401	0.00124	0.00433	0.01359	0.00299	0.00566
8	0.00671	0.03786	0.00644	0.00629	0.00732	0.00473	0.00512	0.01989	0.00904	0.05485	0.10112	0.18117	0.10003	0.04444	0.03312	0.00183	0.00333	0.36929	0.00362	0.00376
9	0.00816	0.08806	0.77442	0.01094	0.01660	0.00973	0.01402	0.01250	0.00835	0.01230	0.00699	0.00821	0.00503	0.00374	0.00367	0.00122	0.00573	0.00286	0.00168	0.00580
10	0.01066	0.01513	0.44224	0.01098	0.01556	0.02689	0.13377	0.06495	0.06414	0.16270	0.00952	0.01012	0.00662	0.00408	0.00397	0.00126	0.00529	0.00352	0.00262	0.00600
11	0.01078	0.01838	0.05312	0.08282	0.10124	0.02082	0.18420	0.07002	0.06129	0.17798	0.01259	0.04382	0.02969	0.00537	0.00445	0.00134	0.01699	0.09652	0.00308	0.00548
12	0.00571	0.00406	0.00544	0.00544	0.00582	0.00445	0.00379	0.00648	0.00609	0.00851	0.01148	0.02032	0.01197	0.40985	0.46765	0.00522	0.00752	0.00494	0.00225	0.00302
13	0.00525	0.00399	0.00483	0.00472	0.00573	0.00357	0.00350	0.00675	0.01023	0.01377	0.51432	0.09873	0.29201	0.00907	0.00471	0.00131	0.00195	0.00788	0.00409	0.00357
14	0.00767	0.00780	0.04439	0.17063	0.12067	0.03092	0.17841	0.02709	0.00878	0.01160	0.01381	0.22918	0.05126	0.00680	0.00453	0.00141	0.00451	0.07336	0.00262	0.00454
15	0.00475	0.00393	0.00416	0.00430	0.00544	0.00334	0.00315	0.00574	0.00890	0.01083	0.06995	0.16787	0.67331	0.01034	0.00475	0.00138	0.00205	0.00878	0.00371	0.00334
16	0.02658	0.01314	0.01017	0.00903	0.01129	0.36157	0.00696	0.10076	0.38850	0.01457	0.01108	0.01090	0.00848	0.00474	0.00381	0.00119	0.00495	0.00354	0.00316	0.00558
17	0.00992	0.00944	0.01537	0.01980	0.55670	0.03287	0.10956	0.08614	0.00990	0.01369	0.00907	0.08012	0.00815	0.00448	0.00413	0.00124	0.00477	0.01647	0.00232	0.00587
18	0.01779	0.00675	0.00920	0.00705	0.01012	0.00583	0.00583	0.01932	0.01135	0.83867	0.01564	0.01350	0.00981	0.00491	0.00399	0.00123	0.00337	0.00399	0.00491	0.00675
19	0.00575	0.00437	0.00653	0.00648	0.00717	0.00515	0.00506	0.00715	0.00636	0.00921	0.01047	0.01539	0.00978	0.02911	0.82199	0.00624	0.03388	0.00423	0.00211	0.00356
20	0.00931	0.01171	0.18900	0.05529	0.59196	0.00938	0.05139	0.01219	0.00886	0.01274	0.00740	0.00958	0.00596	0.00359	0.00393	0.00121	0.00507	0.00346	0.00190	0.00607
21	0.01738	0.00741	0.00961	0.00737	0.01045	0.00681	0.00609	0.14145	0.01246	0.71498	0.01471	0.01289	0.00935	0.00488	0.00398	0.00122	0.00352	0.00392	0.00476	0.00675
22	0.00483	0.00345	0.00460	0.00552	0.00575	0.00322	0.00368	0.00552	0.00759	0.01012	0.02185	0.85807	0.02622	0.01242	0.00506	0.00161	0.00230	0.01127	0.00368	0.00322
23	0.00986	0.00852	0.00897	0.00807	0.01031	0.00986	0.00628	0.02107	0.82876	0.01659	0.01614	0.01479	0.01210	0.00538	0.00403	0.00134	0.00314	0.00448	0.00403	0.00628
24	0.01061	0.81255	0.04983	0.00703	0.01048	0.03548	0.00709	0.01199	0.00814	0.00945	0.00558	0.00645	0.00509	0.00342	0.00261	0.00087	0.00437	0.00216	0.00170	0.00510
25	0.00824	0.09842	0.70668	0.01069	0.01617	0.00962	0.02701	0.01236	0.00835	0.01228	0.00698	0.00821	0.00509	0.00368	0.00363	0.00118	0.00557	0.00285	0.00172	0.05127
26	0.00841	0.02997	0.02010	0.00604	0.00771	0.02595	0.00475	0.03031	0.14134	0.13154	0.28707	0.11088	0.16479	0.00763	0.00440	0.00130	0.00267	0.00652	0.00402	0.00461
27	0.00814	0.00681	0.00744	0.00684	0.00862	0.00748	0.00529	0.01565	0.51320	0.01564	0.22167	0.02187	0.10904	0.00672	0.00431	0.00133	0.00271	0.02792	0.00407	0.00525
28	0.00850	0.00803	0.01358	0.43923	0.39537	0.00891	0.01135	0.01098	0.00848	0.01149	0.00781	0.01163	0.00646	0.00406	0.00401	0.00128	0.00496	0.03671	0.00193	0.00523
29	0.00918	0.02850	0.62491	0.02298	0.03930	0.06354	0.05190	0.02606	0.00890	0.05943	0.00771	0.00911	0.00560	0.02091	0.00413	0.00129	0.00572	0.00313	0.00196	0.00573
30	0.01481	0.01890	0.01124	0.01021	0.01226	0.84474	0.00766	0.01583	0.01124	0.00970	0.00613	0.00715	0.00511	0.00409	0.00358	0.00102	0.00715	0.00255	0.00204	0.00460
31	0.00557	0.00401	0.00535	0.00546	0.00589	0.00430	0.00383	0.00638	0.00640	0.00883	0.01375	0.11400	0.04728	0.32117	0.42481	0.00474	0.00694	0.00574	0.00246	0.00309
32	0.00592	0.00669	0.12202	0.07174	0.07462	0.00507	0.01961	0.00749	0.00791	0.01074	0.01791	0.57019	0.04519	0.00966	0.00469	0.00149	0.00327	0.00872	0.00310	0.00395
33	0.00868	0.00809	0.01342	0.14035	0.53941	0.00836	0.02018	0.01118	0.04115	0.01225	0.01011	0.13708	0.00960	0.00511	0.00414	0.00128	0.00438	0.01744	0.00230	0.00550
34	0.00569	0.00421	0.00622	0.00622	0.00687	0.00486	0.00477	0.00697	0.00631	0.00907	0.01068	0.01619	0.01016	0.08287	0.77935	0.01957	0.01008	0.00433	0.00214	0.00344
35	0.88866	0.00767	0.00583	0.00521	0.00767	0.00889	0.00429	0.01166	0.00675	0.01779	0.00552	0.00644	0.00429	0.00368	0.00245	0.00123	0.00307	0.00215	0.00245	0.00429
36	0.00963	0.01027	0.01200	0.01038	0.01070	0.14204	0.00852	0.01052	0.00688	0.00957	0.00535	0.00844	0.00519	0.00649	0.01154	0.00162	0.72138	0.00333	0.00178	0.00438
37	0.00822	0.00705	0.00822	0.00587	0.00940	0.00529	0.00470	0.00998	0.00822	0.01292	0.00705	0.00822	0.00587	0.00294	0.00294	0.00059	0.00294	0.00235	0.00235	0.88490
38	0.01050	0.83024	0.05267	0.00696	0.01045	0.01544	0.00709	0.01190	0.00807	0.00945	0.00557	0.00644	0.00509	0.00341	0.00259	0.00086	0.00430	0.00215	0.00170	0.00512
39	0.88866	0.00767	0.00583	0.00521	0.00767	0.00889	0.00429	0.01166	0.00675	0.01779	0.00552	0.00644	0.00429	0.00368	0.00245	0.00123	0.00307	0.00215	0.00245	0.00429
40	0.00823	0.00828	0.08526	0.03004	0.02305	0.00592	0.03957	0.01032	0.00839	0.02578	0.00872	0.01078	0.03002	0.00361	0.00329	0.00079	0.00346	0.03416	0.00238	0.65796
41	0.02617	0.01080	0.02144	0.01549	0.01927	0.04335	0.70862	0.05422	0.00985	0.01325	0.00889	0.01119	0.02948	0.00364	0.00456	0.00131	0.00638	0.00459	0.00216	0.00531
42	0.01202	0.14117	0.12496	0.00940	0.01303	0.02315	0.10868	0.26679	0.05224	0.10290	0.00905	0.00953	0.00664	0.00408	0.00370	0.00111	0.00456	0.00334	0.00297	0.10067
43	0.00804	0.00667	0.02432	0.03054	0.00925	0.00677	0.03785	0.01366	0.34111	0.05598	0.25074	0.02267	0.15367	0.00680	0.00435	0.00131	0.00287	0.01451	0.00392	0.00498
44	0.01204	0.00963	0.01125	0.01101	0.14386	0.01059	0.00766	0.39540	0.27344	0.01963	0.01237	0.03574	0.02890	0.00510	0.00403	0.00125	0.00392	0.00419	0.00365	0.00634
45	0.00862	0.00864	0.01266	0.03456	0.01146	0.01171	0.05843	0.00971	0.00641	0.00982	0.00587	0.00986	0.00575	0.00675	0.01203	0.00170	0.75367	0.02615	0.00181	0.00438
46	0.88866	0.00767	0.00583	0.00521	0.00767	0.00889	0.00429	0.01166	0.00675	0.01779	0.00552	0.00644	0.00429	0.00368	0.00245	0.00123	0.00307	0.00215	0.00245	0.00429
47	0.00469	0.00402	0.00402	0.00402	0.00536	0.00335	0.00301	0.00569	0.00904	0.01071	0.04017	0.03816	0.83432	0.01004	0.00469	0.00134	0.00201	0.00837	0.00368	0.00335
48	0.01779	0.00675	0.00920	0.00705	0.01012	0.00583	0.00583	0.01932	0.01135	0.83867	0.01564	0.01350	0.00981	0.00491	0.00399	0.00123	0.00337	0.00399	0.00491	0.00675
49	0.00481	0.00354	0.00451	0.00528	0.00569	0.00324	0.00357	0.00555	0.00782	0.01022	0.02476	0.72777	0.15464	0.01204	0.00500	0.00157	0.00225	0.01081	0.00368	0.00324
50	0.00822	0.00705	0.00822	0.00587	0.00940	0.00529	0.00470	0.00998	0.00822	0.01292	0.00705	0.00822	0.00587	0.00294	0.00294	0.00059	0.00294	0.00235	0.00235	0.88490
51	0.01065	0.00979	0.03492	0.06913	0.54884	0.00970	0.08267	0.12685	0.01043	0.04660	0.00809	0.01000	0.00637	0.00377	0.00400	0.00121	0.00484	0.00364	0.00235	0.00616
52	0.00579	0.00383	0.00435	0.00435	0.00437	0.00382	0.00245	0.00574	0.00580	0.00771	0.01275	0.02563	0.02802	0.81425	0.01974	0.03709	0.00380	0.00572	0.00240	0.00239
53	0.00494	0.00352	0.00469	0.00555	0.00583	0.00330	0.00377	0.00570	0.00773	0.01033	0.04823	0.78151	0.02621	0.02940	0.00537	0.00165	0.00237	0.04297	0.00368	0.00324
54	0.00536	0.00404	0.00496	0.00473	0.00577	0.00364	0.00355	0.00700	0.01064	0.01452	0.62229	0.03189	0.24982	0.00862	0.00468	0.00127	0.00191	0.00749	0.00418	0.00364
55	0.00945	0.27278	0.51075	0.00981	0.01457	0.07253	0.01158	0.03495	0.00877	0.01172	0.00663	0.00771	0.00510	0.00371	0.00339	0.00111	0.00543	0.00268	0.00177	0.00556
56	0.64748	0.00872	0.00730	0.02286	0.00912	0.04939	0.00518	0.13341	0.04085	0.03463	0.00679	0.00748	0.00513	0.00396	0.00286	0.00122	0.00351	0.00253	0.00276	0.00480

[dist]
# distance from previous block
# <min> <max>
2	4

[block]
# block no. 5 follows, 68 sequences, length 51
# corresponding to MSA columns:
# 247-297
name=unknown_F
#
# <colnr> <probs for GDERKNQSTAVLIFYWHMCP>
#	G	D	E	R	K	N	Q	S	T	A	V	L	I	F	Y	W	H	M	C	P
0	0.00874	0.00716	0.00831	0.00667	0.02870	0.00621	0.00509	0.11487	0.05014	0.01412	0.01071	0.06522	0.05369	0.02033	0.00400	0.02214	0.00311	0.00363	0.00278	0.56441
1	0.00502	0.00372	0.00460	0.00505	0.00560	0.00346	0.00347	0.00585	0.00797	0.01045	0.09640	0.46160	0.20650	0.10572	0.05374	0.00203	0.00283	0.00926	0.00351	0.00322
2	0.00549	0.00397	0.00528	0.00577	0.00645	0.00375	0.00440	0.00688	0.00923	0.01247	0.28319	0.33974	0.06226	0.01054	0.00503	0.00154	0.00251	0.22409	0.00389	0.00351
3	0.00541	0.00409	0.00500	0.00488	0.00587	0.00374	0.00362	0.00717	0.02998	0.01406	0.53711	0.11446	0.23210	0.00895	0.00470	0.00131	0.00198	0.00781	0.00412	0.00365
4	0.00639	0.00416	0.00523	0.00520	0.00607	0.00385	0.00373	0.00773	0.02444	0.08142	0.30686	0.27520	0.12511	0.11011	0.00656	0.00168	0.00242	0.01628	0.00388	0.00368
5	0.09000	0.00522	0.00612	0.00557	0.00705	0.00502	0.00417	0.03731	0.02700	0.21356	0.11000	0.16669	0.12056	0.13798	0.00665	0.00171	0.00287	0.01492	0.03329	0.00433
6	0.00566	0.00425	0.00637	0.00637	0.00708	0.00496	0.00496	0.00708	0.00637	0.00920	0.01062	0.01558	0.00991	0.02974	0.84494	0.00637	0.01062	0.00425	0.00212	0.00354
7	0.00593	0.00407	0.00458	0.00448	0.00534	0.00374	0.00313	0.00680	0.00826	0.04393	0.13382	0.03076	0.33423	0.30312	0.00993	0.00218	0.00273	0.03767	0.05208	0.00324
8	0.06001	0.00531	0.00643	0.00601	0.00738	0.00516	0.00450	0.09179	0.00980	0.18302	0.10593	0.32935	0.06109	0.07474	0.00570	0.00159	0.00287	0.03107	0.00386	0.00438
9	0.00575	0.00418	0.00530	0.00570	0.00635	0.00402	0.00408	0.06247	0.00914	0.01226	0.15993	0.56525	0.07193	0.01094	0.00492	0.00152	0.00243	0.05643	0.00381	0.00358
10	0.00498	0.00380	0.00435	0.00463	0.00536	0.00341	0.00318	0.00577	0.00818	0.01039	0.08578	0.30561	0.37820	0.14928	0.00733	0.00183	0.00239	0.00882	0.00352	0.00318
11	0.45101	0.00699	0.00689	0.00600	0.00829	0.00748	0.00494	0.07554	0.00926	0.18258	0.07765	0.01397	0.01031	0.00510	0.00336	0.00127	0.00313	0.07886	0.04252	0.00485
12	0.08178	0.00418	0.00477	0.00483	0.00564	0.00401	0.00340	0.00674	0.00860	0.01227	0.27770	0.22272	0.17435	0.16278	0.00737	0.00182	0.00246	0.00766	0.00356	0.00335
13	0.02664	0.00409	0.00495	0.00499	0.00598	0.00371	0.00364	0.00712	0.00941	0.05676	0.30158	0.28093	0.25623	0.00968	0.00471	0.00138	0.00215	0.00846	0.00395	0.00365
14	0.00487	0.00355	0.00460	0.00542	0.00580	0.00328	0.00370	0.00564	0.00781	0.01025	0.02388	0.73630	0.11679	0.01210	0.00503	0.00159	0.00232	0.04014	0.00368	0.00325
15	0.00822	0.00705	0.00822	0.00587	0.00940	0.00529	0.00470	0.00998	0.00822	0.01292	0.00705	0.00822	0.00587	0.00294	0.00294	0.00059	0.00294	0.00235	0.00235	0.88490
16	0.01708	0.00469	0.00603	0.00596	0.00676	0.01373	0.00444	0.04353	0.02915	0.01935	0.07981	0.12729	0.05446	0.13122	0.39343	0.02524	0.00653	0.02491	0.00281	0.00358
17	0.00563	0.00407	0.00490	0.00499	0.00562	0.00388	0.00348	0.02593	0.00850	0.01133	0.21875	0.18964	0.15573	0.26765	0.02201	0.00223	0.00287	0.05611	0.00344	0.00324
18	0.00557	0.00405	0.00524	0.00494	0.00590	0.00372	0.00371	0.00740	0.01113	0.01567	0.79850	0.03000	0.07288	0.00819	0.00468	0.00125	0.00188	0.00722	0.00433	0.00372
19	0.29838	0.00996	0.00960	0.02766	0.01093	0.05651	0.00642	0.41368	0.05157	0.06623	0.00863	0.00888	0.00624	0.00439	0.00346	0.00121	0.00401	0.00312	0.00337	0.00575
20	0.01059	0.00996	0.01354	0.15909	0.35778	0.09084	0.04162	0.15650	0.05225	0.01441	0.01939	0.04011	0.00747	0.00434	0.00399	0.00122	0.00486	0.00386	0.00249	0.00570
21	0.00737	0.00359	0.00534	0.00525	0.00539	0.00355	0.00355	0.00580	0.00544	0.04391	0.00728	0.01212	0.00702	0.01338	0.01498	0.84532	0.00344	0.00347	0.00186	0.00195
22	0.00689	0.00344	0.00517	0.00517	0.00517	0.00344	0.00344	0.00517	0.00517	0.00689	0.00689	0.01205	0.00689	0.01377	0.01550	0.88464	0.00344	0.00344	0.00172	0.00172
23	0.02545	0.03982	0.01122	0.00893	0.01158	0.24198	0.00715	0.41144	0.08607	0.05722	0.02879	0.01002	0.00764	0.00538	0.02830	0.00130	0.00508	0.00343	0.00335	0.00586
24	0.11330	0.01362	0.01188	0.11350	0.17585	0.41634	0.02590	0.04262	0.02963	0.01210	0.00683	0.00835	0.00551	0.00395	0.00361	0.00113	0.00577	0.00294	0.00216	0.00500
25	0.00917	0.00715	0.00799	0.00693	0.00882	0.00772	0.00543	0.20035	0.28171	0.01806	0.34862	0.02037	0.04786	0.00650	0.00430	0.00127	0.00287	0.00549	0.00414	0.00526
26	0.01007	0.00993	0.01747	0.08471	0.43905	0.02333	0.25318	0.08830	0.00998	0.01374	0.00777	0.01006	0.00615	0.00363	0.00415	0.00123	0.00535	0.00386	0.00215	0.00587
27	0.01336	0.01086	0.04314	0.01069	0.06711	0.02228	0.08426	0.57138	0.03579	0.04170	0.01004	0.04256	0.00772	0.00489	0.00408	0.00123	0.00455	0.01445	0.00355	0.00633
28	0.00643	0.00530	0.00755	0.00757	0.04545	0.00625	0.00561	0.00771	0.00717	0.01027	0.11078	0.01837	0.04959	0.09090	0.40902	0.00403	0.17420	0.02761	0.00245	0.00375
29	0.01033	0.00949	0.00918	0.00827	0.01049	0.08822	0.00641	0.02058	0.75203	0.01594	0.01520	0.01408	0.01145	0.00526	0.00399	0.00131	0.00351	0.00430	0.00385	0.00612
30	0.00990	0.02073	0.01492	0.17274	0.54281	0.09439	0.03832	0.02363	0.00922	0.01227	0.01957	0.00996	0.00643	0.00375	0.00392	0.00119	0.00508	0.00351	0.00200	0.00569
31	0.02165	0.01002	0.02507	0.06884	0.44869	0.06641	0.14972	0.01282	0.02764	0.05990	0.00792	0.01001	0.00632	0.00392	0.00464	0.00125	0.06356	0.00368	0.00217	0.00576
32	0.77046	0.03377	0.00684	0.00579	0.00823	0.09770	0.00472	0.01210	0.00726	0.01669	0.00558	0.00651	0.00440	0.00372	0.00258	0.00119	0.00353	0.00219	0.00239	0.00435
33	0.00477	0.00383	0.00426	0.00455	0.00551	0.00332	0.00326	0.00570	0.00864	0.01072	0.06462	0.30922	0.53620	0.01075	0.00481	0.00143	0.00210	0.00928	0.00371	0.00332
34	0.00914	0.00919	0.01153	0.02932	0.01069	0.08880	0.00828	0.01012	0.00672	0.02498	0.00597	0.00923	0.00567	0.00844	0.08002	0.00203	0.67021	0.00346	0.00186	0.00434
35	0.00772	0.00577	0.00660	0.00593	0.00741	0.02430	0.00461	0.10778	0.08996	0.04544	0.48591	0.02622	0.12464	0.00756	0.00451	0.00127	0.00254	0.03324	0.00415	0.00442
36	0.00980	0.23184	0.21068	0.04127	0.24277	0.06589	0.02330	0.02320	0.07283	0.01212	0.02605	0.00928	0.00672	0.00386	0.00355	0.00112	0.00488	0.00314	0.00207	0.00563
37	0.01065	0.00891	0.00941	0.00823	0.01061	0.01023	0.00647	0.14234	0.70620	0.01786	0.01514	0.01400	0.01129	0.00529	0.00402	0.00132	0.00332	0.00434	0.00402	0.00635
38	0.01753	0.00716	0.00945	0.00725	0.01033	0.00643	0.00599	0.09472	0.01203	0.76230	0.01507	0.01312	0.00953	0.00489	0.00399	0.00122	0.00347	0.00395	0.00482	0.00675
39	0.06400	0.05293	0.04394	0.00833	0.01133	0.02191	0.00710	0.39057	0.11854	0.19949	0.01101	0.01063	0.00774	0.00476	0.00407	0.00122	0.02873	0.00358	0.00380	0.00633
40	0.01980	0.02093	0.02628	0.00845	0.06288	0.07818	0.01563	0.03049	0.03056	0.03707	0.01153	0.12949	0.02137	0.11018	0.24502	0.00309	0.12689	0.01553	0.00251	0.00412
41	0.00557	0.00387	0.00439	0.00444	0.00466	0.00380	0.00267	0.00581	0.00632	0.00828	0.01653	0.06458	0.12466	0.66809	0.05741	0.00353	0.00386	0.00629	0.00262	0.00262
42	0.00738	0.00523	0.00621	0.00570	0.00709	0.00514	0.00438	0.07491	0.09580	0.06298	0.40526	0.05791	0.16541	0.03565	0.00507	0.00139	0.00248	0.04363	0.00409	0.00429
43	0.04370	0.27880	0.12144	0.18078	0.07991	0.02031	0.03548	0.10661	0.04641	0.01280	0.00748	0.02234	0.00606	0.00404	0.00362	0.00114	0.01844	0.00315	0.00217	0.00532
44	0.00835	0.00811	0.02187	0.35474	0.32071	0.02724	0.04627	0.01081	0.02067	0.01139	0.02300	0.01242	0.04007	0.03311	0.04353	0.00158	0.00516	0.00393	0.00204	0.00503
45	0.00524	0.00378	0.00490	0.00552	0.00602	0.00356	0.00396	0.00622	0.00824	0.01093	0.11710	0.49413	0.09390	0.08034	0.00628	0.00176	0.00257	0.13862	0.00365	0.00329
46	0.00758	0.00489	0.00578	0.00549	0.00661	0.00477	0.00401	0.00981	0.11294	0.11642	0.12593	0.09077	0.16099	0.25599	0.00910	0.00210	0.00299	0.06630	0.00360	0.00394
47	0.01396	0.19014	0.01317	0.00952	0.01184	0.67656	0.00748	0.01503	0.01059	0.00963	0.00600	0.00699	0.00510	0.00395	0.00337	0.00099	0.00656	0.00247	0.00197	0.00470
48	0.00806	0.00712	0.00960	0.13472	0.09448	0.08321	0.06025	0.00950	0.00775	0.04801	0.01069	0.10458	0.01046	0.15942	0.19177	0.00287	0.04613	0.00491	0.00236	0.00411
49	0.01143	0.09142	0.02976	0.01699	0.43340	0.24685	0.00995	0.03673	0.00980	0.02427	0.02038	0.00904	0.00635	0.00393	0.00401	0.00113	0.03370	0.00318	0.00209	0.00560
50	0.00858	0.00769	0.00896	0.00775	0.08693	0.04299	0.00545	0.01031	0.00835	0.01260	0.00723	0.00892	0.00616	0.03174	0.00363	0.00077	0.00332	0.00258	0.00230	0.73372

[dist]
# distance from previous block
# <min> <max>
0	1

[block]
# block no. 6 follows, 68 sequences, length 21
# corresponding to MSA columns:
# 299-319
name=unknown_G
#
# <colnr> <probs for GDERKNQSTAVLIFYWHMCP>
#	G	D	E	R	K	N	Q	S	T	A	V	L	I	F	Y	W	H	M	C	P
0	0.00950	0.06550	0.16325	0.01741	0.42262	0.03452	0.09199	0.04095	0.02758	0.01295	0.02806	0.01059	0.02107	0.00472	0.03119	0.00136	0.00519	0.00364	0.00211	0.00580
1	0.00601	0.00440	0.00541	0.00525	0.00631	0.00417	0.00397	0.00788	0.04494	0.04325	0.41433	0.13215	0.23548	0.00897	0.00493	0.00135	0.02515	0.03822	0.00401	0.00381
2	0.00612	0.00436	0.00529	0.00511	0.00619	0.00409	0.00383	0.00794	0.04803	0.05057	0.35382	0.07859	0.24781	0.07397	0.05206	0.00180	0.00276	0.04007	0.00385	0.00374
3	0.03367	0.07575	0.01058	0.02314	0.03914	0.06058	0.04012	0.03573	0.53678	0.01507	0.03106	0.04964	0.02088	0.00533	0.00393	0.00128	0.00366	0.00445	0.00348	0.00575
4	0.00735	0.00706	0.06492	0.00630	0.00878	0.00564	0.00535	0.01906	0.07616	0.01351	0.18962	0.04539	0.09422	0.00577	0.00416	0.00104	0.03304	0.03558	0.00309	0.37398
5	0.02503	0.33053	0.12581	0.00856	0.04222	0.08984	0.03027	0.06972	0.00898	0.03191	0.02845	0.01061	0.00747	0.09118	0.06607	0.00171	0.02133	0.00322	0.00217	0.00492
6	0.00802	0.21152	0.01003	0.00662	0.00835	0.00835	0.00538	0.03707	0.21951	0.01291	0.12133	0.25638	0.01817	0.00756	0.00413	0.00131	0.00307	0.05224	0.00339	0.00466
7	0.00488	0.00396	0.00434	0.00446	0.00558	0.00342	0.00331	0.00598	0.00912	0.01134	0.13994	0.15451	0.58963	0.01016	0.00476	0.00138	0.00208	0.03400	0.00377	0.00339
8	0.00496	0.00369	0.00462	0.00525	0.00580	0.00338	0.00368	0.00584	0.00814	0.01059	0.06690	0.56394	0.20089	0.03416	0.00539	0.00161	0.00234	0.06187	0.00368	0.00328
9	0.01063	0.26867	0.19815	0.02719	0.09943	0.10403	0.03472	0.10022	0.04584	0.01261	0.00713	0.00833	0.00573	0.00403	0.00403	0.00113	0.05758	0.00295	0.00212	0.00551
10	0.00673	0.02361	0.00603	0.00571	0.00590	0.00445	0.00406	0.00592	0.00575	0.00778	0.00899	0.08466	0.00940	0.04829	0.09975	0.58581	0.05711	0.02568	0.00201	0.00235
11	0.00493	0.00377	0.00453	0.00495	0.00570	0.00337	0.00352	0.00593	0.00866	0.01119	0.14255	0.42585	0.31830	0.01092	0.00488	0.00147	0.00217	0.03018	0.00378	0.00335
12	0.01180	0.00824	0.00916	0.00760	0.00981	0.00884	0.00603	0.49663	0.01458	0.05866	0.04282	0.21923	0.01302	0.00676	0.00418	0.00128	0.00354	0.00562	0.06667	0.00555
13	0.03695	0.06512	0.18238	0.01081	0.04649	0.09677	0.10100	0.02651	0.02789	0.02680	0.00789	0.05502	0.00700	0.02165	0.03613	0.00159	0.23917	0.00380	0.00210	0.00493
14	0.01682	0.00830	0.01016	0.00779	0.01090	0.00813	0.00644	0.30564	0.01395	0.54868	0.01346	0.01208	0.00872	0.00485	0.00398	0.00121	0.00373	0.00384	0.00457	0.00675
