[name]
unknown

[dist]
# distance from previous block
# <min> <max>
0	72

[block]
# block no. 0 follows, 68 sequences, length 10
# corresponding to MSA columns:
# 75-84
name=unknown_A
#
# <colnr> <probs for GDERKNQSTAVLIFYWHMCP>
#	G	D	E	R	K	N	Q	S	T	A	V	L	I	F	Y	W	H	M	C	P
0	0.00500	0.00360	0.00478	0.00566	0.00602	0.00338	0.00396	0.00583	0.00783	0.01034	0.02251	0.73175	0.05908	0.01216	0.00509	0.00162	0.00244	0.10198	0.00368	0.00327
1	0.04879	0.04351	0.07474	0.02727	0.16978	0.13801	0.05981	0.18393	0.05073	0.05859	0.00967	0.01166	0.02643	0.00467	0.00426	0.00123	0.03862	0.03992	0.00275	0.00563
2	0.16731	0.13644	0.07961	0.03189	0.08342	0.07169	0.03701	0.09767	0.05049	0.06567	0.05997	0.05892	0.00915	0.00469	0.00354	0.00117	0.00415	0.00371	0.00274	0.03077
3	0.07054	0.02860	0.05297	0.01124	0.11036	0.11269	0.12918	0.22545	0.01170	0.05705	0.05764	0.05636	0.00943	0.04348	0.00471	0.00134	0.00475	0.00419	0.00292	0.00541
4	0.07244	0.02976	0.04169	0.02725	0.27640	0.18225	0.07985	0.05642	0.05089	0.03639	0.02777	0.01095	0.02299	0.00429	0.00405	0.00119	0.02560	0.01949	0.00242	0.02791
5	0.05139	0.09717	0.05099	0.01287	0.26645	0.08248	0.00842	0.08814	0.07985	0.08137	0.04499	0.01136	0.00849	0.00431	0.00369	0.00113	0.00429	0.02460	0.00273	0.07527
6	0.01141	0.03198	0.06314	0.01607	0.38279	0.11707	0.03793	0.13168	0.03977	0.05615	0.00823	0.00954	0.00644	0.00388	0.00381	0.00113	0.00485	0.00335	0.00249	0.06829
7	0.05207	0.03871	0.04620	0.03916	0.32188	0.08078	0.04728	0.11955	0.07177	0.04447	0.00837	0.00963	0.00654	0.00388	0.00373	0.00113	0.00459	0.00334	0.00253	0.09439
8	0.06440	0.04781	0.07878	0.02738	0.24355	0.07972	0.00848	0.08953	0.07877	0.12389	0.04313	0.03661	0.02788	0.00464	0.00381	0.00119	0.00426	0.00385	0.00291	0.02941
9	0.07282	0.03251	0.01355	0.03757	0.40662	0.10191	0.04633	0.06913	0.07466	0.06588	0.03522	0.01049	0.00766	0.00407	0.00382	0.00119	0.00463	0.00357	0.00256	0.00581

[dist]
# distance from previous block
# <min> <max>
12	235

[block]
# block no. 1 follows, 68 sequences, length 6
# corresponding to MSA columns:
# 333-338
name=unknown_B
#
# <colnr> <probs for GDERKNQSTAVLIFYWHMCP>
#	G	D	E	R	K	N	Q	S	T	A	V	L	I	F	Y	W	H	M	C	P
0	0.24183	0.00739	0.00937	0.00918	0.13393	0.00716	0.00639	0.01626	0.00981	0.50193	0.01179	0.01112	0.00785	0.00438	0.00358	0.00122	0.00350	0.00344	0.00383	0.00604
1	0.01119	0.04844	0.01135	0.08576	0.09944	0.03728	0.00772	0.22722	0.39427	0.01726	0.01188	0.01189	0.00894	0.00476	0.00392	0.00125	0.00399	0.00389	0.00342	0.00612
2	0.00961	0.06708	0.57830	0.01144	0.06786	0.01020	0.01264	0.17063	0.01040	0.01482	0.00751	0.00857	0.00544	0.00392	0.00374	0.00121	0.00540	0.00305	0.00214	0.00601
3	0.03145	0.06443	0.28931	0.01358	0.14492	0.03762	0.22198	0.01201	0.00876	0.03336	0.00901	0.09869	0.00783	0.00455	0.00406	0.00127	0.00533	0.00431	0.00213	0.00541
4	0.01048	0.73441	0.02007	0.00943	0.13461	0.01474	0.00760	0.01192	0.00820	0.00987	0.00581	0.00688	0.00527	0.00341	0.00275	0.00090	0.00431	0.00233	0.00174	0.00527
5	0.00574	0.00504	0.00820	0.00733	0.00860	0.00462	0.16318	0.00712	0.00854	0.01122	0.08791	0.44584	0.20136	0.00978	0.00487	0.00147	0.00306	0.00902	0.00341	0.00371

[dist]
# distance from previous block
# <min> <max>
4	13

[block]
# block no. 2 follows, 68 sequences, length 9
# corresponding to MSA columns:
# 352-360
name=unknown_C
#
# <colnr> <probs for GDERKNQSTAVLIFYWHMCP>
#	G	D	E	R	K	N	Q	S	T	A	V	L	I	F	Y	W	H	M	C	P
0	0.15935	0.10435	0.13416	0.00887	0.05815	0.05341	0.05563	0.01170	0.01988	0.09480	0.03471	0.13269	0.07354	0.00603	0.00411	0.00132	0.02091	0.01853	0.00287	0.00499
1	0.01355	0.09122	0.13904	0.00938	0.01284	0.11560	0.00857	0.52481	0.01519	0.01976	0.00837	0.00876	0.00613	0.00440	0.00376	0.00115	0.00493	0.00321	0.00317	0.00619
2	0.00900	0.10914	0.43009	0.00990	0.01416	0.09291	0.07267	0.01219	0.00909	0.03030	0.10371	0.01079	0.00906	0.00420	0.00374	0.00114	0.00515	0.00341	0.00217	0.06719
3	0.00821	0.00864	0.06051	0.01151	0.05801	0.00763	0.33295	0.06750	0.02976	0.01345	0.08940	0.09092	0.11823	0.00591	0.00451	0.00131	0.00456	0.03841	0.00283	0.04575
4	0.00907	0.04903	0.43474	0.00919	0.01329	0.00890	0.01025	0.11849	0.10590	0.04158	0.08662	0.01356	0.07229	0.00498	0.00393	0.00125	0.00454	0.00400	0.00275	0.00564
5	0.00609	0.00465	0.00674	0.00597	0.00662	0.00450	0.09837	0.00684	0.00724	0.00984	0.15046	0.08810	0.01819	0.55299	0.01462	0.00295	0.00373	0.00629	0.00278	0.00303
6	0.17625	0.33880	0.08060	0.00833	0.03019	0.24329	0.00736	0.05348	0.00927	0.01214	0.00606	0.00699	0.00505	0.00374	0.00301	0.00102	0.00497	0.00242	0.00205	0.00498
7	0.10827	0.31355	0.06202	0.00697	0.00995	0.08622	0.00636	0.03659	0.03765	0.11440	0.03130	0.00929	0.00724	0.00399	0.00308	0.00100	0.00396	0.00285	0.06991	0.08540
8	0.01120	0.22556	0.12429	0.00817	0.01138	0.13241	0.00756	0.14269	0.08489	0.05004	0.03396	0.02852	0.02090	0.00441	0.00348	0.00105	0.00448	0.00330	0.00268	0.09902

[dist]
# distance from previous block
# <min> <max>
1	24

[block]
# block no. 3 follows, 68 sequences, length 18
# corresponding to MSA columns:
# 385-402
name=unknown_D
#
# <colnr> <probs for GDERKNQSTAVLIFYWHMCP>
#	G	D	E	R	K	N	Q	S	T	A	V	L	I	F	Y	W	H	M	C	P
0	0.00647	0.00456	0.00551	0.04140	0.00743	0.00423	0.00440	0.03147	0.00926	0.07642	0.04643	0.17838	0.41737	0.00975	0.00477	0.00145	0.00264	0.14054	0.00371	0.00380
1	0.82821	0.03316	0.00696	0.00571	0.00825	0.00914	0.03634	0.01170	0.00689	0.01734	0.00562	0.00660	0.00438	0.00366	0.00254	0.00122	0.00324	0.00225	0.00241	0.00436
2	0.00513	0.00364	0.00445	0.00496	0.00523	0.00344	0.00318	0.00562	0.00714	0.00937	0.02070	0.49080	0.10965	0.29617	0.01008	0.00233	0.00279	0.00911	0.00325	0.00296
3	0.11876	0.33948	0.08421	0.00835	0.05143	0.09279	0.00728	0.08554	0.05840	0.01305	0.00725	0.02396	0.00609	0.00391	0.00311	0.00101	0.00433	0.00277	0.00228	0.08600
4	0.26395	0.03782	0.06820	0.01184	0.21534	0.12102	0.02528	0.06980	0.00959	0.11781	0.01981	0.00903	0.00635	0.00398	0.00344	0.00118	0.00444	0.00305	0.00263	0.00545
5	0.11479	0.03978	0.10174	0.02415	0.08653	0.06320	0.03687	0.07439	0.02647	0.08251	0.05597	0.07280	0.03036	0.03324	0.00519	0.00136	0.08065	0.02713	0.00278	0.04007
6	0.05738	0.07736	0.14234	0.03010	0.09566	0.02259	0.03320	0.01251	0.08104	0.10581	0.11464	0.02481	0.02134	0.00572	0.03964	0.00135	0.00418	0.00391	0.00284	0.12357
7	0.00934	0.03953	0.06021	0.02883	0.04512	0.02480	0.04977	0.01162	0.04214	0.17099	0.24081	0.10954	0.01781	0.00606	0.00411	0.00118	0.00332	0.00531	0.00349	0.12600
8	0.00967	0.06347	0.11926	0.02545	0.02269	0.02938	0.03498	0.10564	0.02829	0.08883	0.14500	0.02580	0.02676	0.00488	0.00378	0.00106	0.00374	0.02232	0.00304	0.23595
9	0.06122	0.17163	0.12696	0.04401	0.02955	0.05912	0.04942	0.03173	0.03726	0.06793	0.21163	0.02749	0.05558	0.00535	0.00382	0.00117	0.00394	0.00440	0.00291	0.00488
10	0.00812	0.11631	0.08907	0.00647	0.00850	0.06055	0.00569	0.02513	0.00970	0.07462	0.26150	0.10743	0.13228	0.02139	0.00463	0.00126	0.02416	0.00583	0.00332	0.03404
11	0.00953	0.15207	0.22176	0.00804	0.02956	0.02416	0.00783	0.06902	0.03755	0.10579	0.17542	0.03043	0.03635	0.04172	0.00452	0.00127	0.00396	0.00428	0.00298	0.03376
12	0.00914	0.29445	0.33310	0.00939	0.04066	0.01069	0.04435	0.02532	0.04450	0.03882	0.05369	0.02515	0.04592	0.00441	0.00354	0.00113	0.00465	0.00349	0.00222	0.00538
13	0.00953	0.20766	0.35341	0.00999	0.04940	0.01029	0.05556	0.08335	0.02386	0.04288	0.05417	0.01042	0.02812	0.00417	0.00362	0.00113	0.00478	0.00334	0.00230	0.04204
14	0.05424	0.20266	0.30767	0.01069	0.10554	0.01941	0.03121	0.07897	0.00938	0.04636	0.02882	0.02820	0.00719	0.00420	0.00355	0.00115	0.00472	0.02014	0.00226	0.03364
15	0.02344	0.12049	0.30812	0.01111	0.12446	0.00906	0.05540	0.05409	0.02567	0.05786	0.10112	0.03669	0.04604	0.00481	0.00387	0.00121	0.00452	0.00406	0.00253	0.00545
16	0.00915	0.08696	0.37658	0.02330	0.09484	0.02978	0.01036	0.08031	0.02605	0.04344	0.09750	0.02502	0.02427	0.00468	0.00384	0.00119	0.00466	0.01791	0.00249	0.03766
17	0.03520	0.09646	0.46287	0.01033	0.05761	0.00916	0.02711	0.04504	0.02537	0.09601	0.04573	0.02268	0.00760	0.00419	0.00370	0.00119	0.00487	0.00335	0.00236	0.03916

[dist]
# distance from previous block
# <min> <max>
22	98

[block]
# block no. 4 follows, 68 sequences, length 13
# corresponding to MSA columns:
# 511-523
name=unknown_E
#
# <colnr> <probs for GDERKNQSTAVLIFYWHMCP>
#	G	D	E	R	K	N	Q	S	T	A	V	L	I	F	Y	W	H	M	C	P
0	0.01081	0.04415	0.15942	0.01369	0.24862	0.03776	0.05589	0.16024	0.06444	0.06625	0.03891	0.02316	0.00805	0.00427	0.00389	0.00118	0.00462	0.00369	0.00272	0.04825
1	0.05819	0.02489	0.17728	0.01363	0.26463	0.03611	0.03297	0.12024	0.08066	0.04025	0.00980	0.05980	0.01743	0.01902	0.00414	0.00126	0.00452	0.00393	0.00261	0.02862
2	0.01015	0.02772	0.15539	0.05315	0.21616	0.08582	0.07544	0.11043	0.02674	0.04656	0.04861	0.02412	0.04526	0.01805	0.00422	0.00123	0.00481	0.00393	0.00255	0.03967
3	0.01096	0.04522	0.09870	0.07620	0.21545	0.07976	0.00911	0.17440	0.03514	0.06704	0.02255	0.05278	0.00823	0.00472	0.00404	0.00120	0.01842	0.02165	0.00274	0.05168
4	0.01025	0.05717	0.10883	0.03782	0.22779	0.06306	0.04515	0.05365	0.03863	0.08779	0.04412	0.01121	0.00815	0.04473	0.00464	0.00123	0.01633	0.00354	0.00254	0.13337
5	0.00994	0.17175	0.03866	0.04266	0.24155	0.07144	0.03230	0.05520	0.09583	0.04276	0.04733	0.03962	0.08459	0.00495	0.00381	0.00117	0.00424	0.00417	0.00265	0.00539
6	0.02029	0.14178	0.04518	0.07120	0.11159	0.01077	0.01999	0.25838	0.05662	0.03236	0.04390	0.02019	0.00794	0.00459	0.00443	0.00117	0.07294	0.00352	0.00282	0.07035
7	0.20179	0.34002	0.05462	0.03995	0.09105	0.08446	0.08300	0.01227	0.00829	0.02552	0.00639	0.00773	0.00529	0.00411	0.01986	0.00118	0.00474	0.00270	0.00201	0.00502
8	0.00743	0.00698	0.03742	0.13012	0.27759	0.00676	0.04671	0.00920	0.00815	0.01106	0.01326	0.14642	0.04876	0.14122	0.00689	0.00177	0.00419	0.08910	0.00251	0.00448
9	0.00532	0.02552	0.00508	0.00471	0.00580	0.00388	0.00355	0.00665	0.00964	0.01258	0.34391	0.07963	0.38828	0.04592	0.00535	0.00144	0.00218	0.04323	0.00384	0.00351
10	0.01146	0.13155	0.07010	0.00926	0.05057	0.06998	0.02858	0.12142	0.34304	0.08885	0.01187	0.02731	0.00905	0.00476	0.00379	0.00121	0.00410	0.00383	0.00331	0.00598
11	0.01115	0.26602	0.12656	0.03741	0.04330	0.11255	0.11880	0.11336	0.03583	0.04494	0.00756	0.00860	0.00590	0.00381	0.00352	0.00108	0.00507	0.00306	0.00230	0.04917
12	0.00780	0.00673	0.03385	0.00678	0.00821	0.03335	0.00530	0.09495	0.20767	0.01393	0.10793	0.25194	0.06204	0.06743	0.00563	0.00159	0.00314	0.07356	0.00366	0.00450

[dist]
# distance from previous block
# <min> <max>
0	11

[block]
# block no. 5 follows, 68 sequences, length 22
# corresponding to MSA columns:
# 535-556
name=unknown_F
#
# <colnr> <probs for GDERKNQSTAVLIFYWHMCP>
#	G	D	E	R	K	N	Q	S	T	A	V	L	I	F	Y	W	H	M	C	P
0	0.01163	0.00980	0.01181	0.04010	0.03703	0.11543	0.10150	0.17633	0.06862	0.11614	0.01015	0.06411	0.00838	0.03161	0.01471	0.00141	0.11814	0.00416	0.00300	0.05596
1	0.00984	0.00862	0.00903	0.00790	0.00979	0.11858	0.05268	0.23791	0.05679	0.01520	0.05341	0.11685	0.12394	0.04570	0.00515	0.00146	0.00402	0.11495	0.00344	0.00474
2	0.00615	0.05378	0.00649	0.00543	0.00652	0.00493	0.00422	0.02962	0.01049	0.01445	0.56715	0.09089	0.11072	0.00830	0.00491	0.00130	0.03527	0.03159	0.00396	0.00384
3	0.01073	0.06203	0.01041	0.04459	0.03098	0.11502	0.02533	0.26796	0.07736	0.01601	0.06690	0.01593	0.15980	0.00564	0.00411	0.00117	0.01766	0.00447	0.00323	0.06067
4	0.03620	0.00989	0.01119	0.01005	0.09079	0.01084	0.00743	0.53632	0.13141	0.04357	0.01110	0.06379	0.00870	0.00519	0.00400	0.00124	0.00403	0.00415	0.00375	0.00635
5	0.04951	0.43624	0.05839	0.00810	0.03241	0.09831	0.00721	0.08419	0.09960	0.04612	0.00784	0.00849	0.00638	0.00492	0.03584	0.00123	0.00469	0.00279	0.00237	0.00536
6	0.00971	0.01106	0.09837	0.12160	0.50422	0.09922	0.01122	0.01213	0.00902	0.01218	0.00770	0.00981	0.01838	0.00373	0.00383	0.00115	0.00502	0.00337	0.00197	0.05630
7	0.00514	0.00375	0.00484	0.00564	0.00598	0.00362	0.00380	0.00642	0.05476	0.01043	0.02128	0.78797	0.02511	0.03405	0.00539	0.00165	0.00239	0.01074	0.00367	0.00337
8	0.00768	0.00512	0.00632	0.00638	0.03208	0.00492	0.00464	0.06545	0.05877	0.11006	0.12118	0.28732	0.20565	0.00917	0.00466	0.00142	0.00266	0.05837	0.00389	0.00427
9	0.00522	0.00392	0.00475	0.00478	0.00563	0.00354	0.00344	0.00651	0.00959	0.01286	0.40964	0.18777	0.25427	0.06317	0.00573	0.00150	0.00211	0.00819	0.00392	0.00345
10	0.00915	0.00866	0.07497	0.00717	0.01080	0.00658	0.04173	0.07844	0.04113	0.03674	0.00789	0.00885	0.00623	0.00332	0.00324	0.00077	0.00347	0.00273	0.00255	0.64559
11	0.02593	0.00864	0.00895	0.00816	0.06151	0.12509	0.00595	0.08843	0.08314	0.16003	0.01229	0.03406	0.05278	0.03783	0.07313	0.00160	0.00444	0.00391	0.02827	0.17586
12	0.06435	0.25704	0.07784	0.39384	0.01913	0.03876	0.06146	0.01145	0.02136	0.01082	0.00669	0.00888	0.00530	0.00375	0.00348	0.00116	0.00500	0.00304	0.00184	0.00480
13	0.00974	0.01953	0.01888	0.00831	0.05424	0.08919	0.00618	0.12324	0.26634	0.03013	0.11573	0.07622	0.06702	0.00614	0.00411	0.00124	0.00354	0.02877	0.00354	0.06791
14	0.00983	0.42102	0.09904	0.00727	0.01040	0.01076	0.03168	0.01192	0.03885	0.09011	0.06892	0.08264	0.02115	0.00481	0.00336	0.00104	0.00388	0.00379	0.00254	0.07700
15	0.00689	0.00344	0.00517	0.00517	0.00517	0.00344	0.00344	0.00517	0.00517	0.00689	0.00689	0.01205	0.00689	0.01377	0.01550	0.88464	0.00344	0.00344	0.00172	0.00172
16	0.00599	0.00466	0.00672	0.00654	0.00708	0.00556	0.00503	0.00717	0.00627	0.00905	0.01029	0.01615	0.00998	0.13040	0.65635	0.00558	0.09723	0.00436	0.00212	0.00348
17	0.01265	0.05685	0.15306	0.01140	0.03472	0.50360	0.11908	0.02918	0.01043	0.02357	0.00676	0.00801	0.00535	0.00391	0.00373	0.00111	0.00657	0.00295	0.00204	0.00505
18	0.00733	0.00597	0.02933	0.00609	0.00747	0.01639	0.00480	0.00884	0.03673	0.06522	0.26950	0.05041	0.37583	0.00891	0.00569	0.00147	0.08458	0.00716	0.00394	0.00434
19	0.00869	0.01055	0.18885	0.00847	0.03447	0.02472	0.05422	0.05952	0.03063	0.01355	0.03853	0.00986	0.00728	0.01726	0.01715	0.00102	0.00411	0.00304	0.00238	0.46570
20	0.00573	0.00508	0.03677	0.00626	0.01960	0.01610	0.01628	0.00747	0.06148	0.01104	0.04501	0.53087	0.12862	0.02102	0.01908	0.00160	0.00282	0.03025	0.00349	0.03142
21	0.04508	0.46051	0.13543	0.00739	0.01074	0.04965	0.00738	0.02415	0.04261	0.01130	0.03847	0.03556	0.02004	0.00449	0.01498	0.00106	0.00431	0.00300	0.00213	0.08175

[dist]
# distance from previous block
# <min> <max>
4	15

[block]
# block no. 6 follows, 68 sequences, length 28
# corresponding to MSA columns:
# 572-599
name=unknown_G
#
# <colnr> <probs for GDERKNQSTAVLIFYWHMCP>
#	G	D	E	R	K	N	Q	S	T	A	V	L	I	F	Y	W	H	M	C	P
0	0.00920	0.19445	0.34876	0.05311	0.01368	0.05006	0.00991	0.04052	0.07786	0.02878	0.04180	0.01119	0.04200	0.00447	0.00383	0.00117	0.02435	0.01259	0.00228	0.03003
1	0.00961	0.00874	0.03558	0.04222	0.24737	0.04633	0.06229	0.03966	0.02406	0.06583	0.02318	0.02330	0.02884	0.01816	0.02934	0.00122	0.00433	0.00357	0.00249	0.28388
2	0.00524	0.00389	0.00497	0.00561	0.00620	0.00364	0.00397	0.00645	0.03399	0.01073	0.03649	0.64093	0.10144	0.01145	0.00495	0.00155	0.00243	0.07866	0.00366	0.03375
3	0.01223	0.21048	0.01333	0.00917	0.06152	0.05881	0.00722	0.30626	0.20698	0.02799	0.00982	0.00992	0.00751	0.00441	0.00359	0.00111	0.00415	0.00335	0.00317	0.03897
4	0.01016	0.02236	0.05681	0.19380	0.16451	0.02812	0.13287	0.02158	0.03365	0.12662	0.00869	0.01029	0.00650	0.00382	0.00398	0.00115	0.01591	0.00352	0.00246	0.15321
5	0.00830	0.16444	0.25572	0.00927	0.05099	0.00915	0.06590	0.02912	0.06597	0.01156	0.05207	0.01399	0.01964	0.18894	0.00757	0.00176	0.03457	0.00398	0.00226	0.00481
6	0.08505	0.07403	0.10111	0.01250	0.09824	0.03437	0.29222	0.04589	0.00945	0.12110	0.00964	0.08132	0.00793	0.00449	0.00404	0.00126	0.00503	0.00433	0.00258	0.00542
7	0.00522	0.00431	0.00519	0.10014	0.00801	0.00404	0.00416	0.00652	0.00904	0.01135	0.13843	0.12142	0.51924	0.00930	0.00464	0.00136	0.00243	0.02639	0.01532	0.00352
8	0.01825	0.16110	0.51210	0.01026	0.02752	0.01040	0.03037	0.05377	0.05701	0.05551	0.00791	0.00879	0.00582	0.00395	0.00378	0.00120	0.02130	0.00302	0.00212	0.00579
9	0.01010	0.00987	0.09523	0.26332	0.22609	0.03790	0.01009	0.09679	0.09953	0.07355	0.00942	0.03449	0.00732	0.00438	0.00396	0.00126	0.00471	0.00379	0.00257	0.00562
10	0.00522	0.00355	0.00470	0.00550	0.00584	0.00330	0.00371	0.00595	0.00773	0.03230	0.02188	0.80581	0.04084	0.01205	0.00499	0.00158	0.00232	0.01089	0.01851	0.00332
11	0.00611	0.00470	0.00665	0.00717	0.05022	0.00522	0.00506	0.00772	0.04325	0.00981	0.01291	0.12834	0.01326	0.14245	0.45706	0.00446	0.03378	0.05567	0.00253	0.00363
12	0.00896	0.14160	0.39922	0.01235	0.11294	0.01888	0.12449	0.03410	0.00892	0.02454	0.02707	0.05383	0.00730	0.00423	0.00383	0.00121	0.00525	0.00369	0.00204	0.00556
13	0.00858	0.02574	0.01369	0.54317	0.22831	0.04914	0.05348	0.01108	0.00844	0.01093	0.00713	0.01014	0.00556	0.00382	0.00394	0.00126	0.00528	0.00351	0.00184	0.00495
14	0.43420	0.00719	0.00759	0.00617	0.00895	0.00729	0.00509	0.01566	0.00915	0.44616	0.01080	0.01012	0.00717	0.00432	0.00325	0.00123	0.00323	0.00311	0.00373	0.00557
15	0.00951	0.00973	0.04566	0.02194	0.65238	0.00924	0.12248	0.01205	0.00906	0.01285	0.00823	0.01171	0.00707	0.00390	0.00410	0.00124	0.00497	0.04584	0.00205	0.00600
16	0.03626	0.07333	0.28019	0.10801	0.12139	0.06463	0.06364	0.03024	0.03015	0.07885	0.00901	0.05145	0.00733	0.00447	0.00386	0.00124	0.00506	0.02312	0.00231	0.00545
17	0.01034	0.00549	0.00687	0.00617	0.00788	0.00517	0.00475	0.02572	0.09672	0.30691	0.08443	0.18932	0.11874	0.06757	0.00555	0.00154	0.00291	0.04492	0.00412	0.00488
18	0.00515	0.00388	0.00485	0.00526	0.00593	0.00365	0.00371	0.00651	0.03674	0.01144	0.16812	0.48408	0.18292	0.01179	0.04505	0.00171	0.00259	0.00942	0.00374	0.00346
19	0.00912	0.16394	0.53127	0.01104	0.05813	0.05003	0.04069	0.01260	0.00862	0.03804	0.00762	0.02281	0.00597	0.00400	0.00365	0.00119	0.00543	0.01836	0.00190	0.00561
20	0.02294	0.00958	0.09768	0.04784	0.22997	0.00833	0.12249	0.07226	0.03354	0.21419	0.01179	0.04579	0.04350	0.00471	0.00423	0.00126	0.01677	0.00427	0.00300	0.00588
21	0.00961	0.54844	0.32672	0.00847	0.01278	0.01327	0.00972	0.01213	0.00817	0.01053	0.00611	0.00711	0.00506	0.00353	0.00300	0.00100	0.00484	0.00242	0.00169	0.00538
22	0.01435	0.01758	0.01241	0.01076	0.01305	0.72068	0.08913	0.03314	0.01121	0.03243	0.00665	0.00773	0.00536	0.00405	0.00371	0.00106	0.00694	0.00283	0.00216	0.00478
23	0.01015	0.11145	0.14534	0.04012	0.24115	0.01025	0.17712	0.05702	0.10030	0.05564	0.00877	0.01011	0.00671	0.00387	0.00391	0.00121	0.00500	0.00364	0.00238	0.00587
24	0.00813	0.00676	0.00736	0.00688	0.00848	0.03743	0.01733	0.01405	0.39564	0.03983	0.13126	0.19010	0.10515	0.00758	0.00439	0.00137	0.00288	0.00656	0.00389	0.00494
25	0.00568	0.00420	0.00614	0.00614	0.00677	0.00483	0.00467	0.00693	0.00630	0.00903	0.01083	0.01674	0.01042	0.12313	0.75225	0.00609	0.00986	0.00442	0.00216	0.00341
26	0.00679	0.04971	0.00756	0.00724	0.05067	0.00552	0.01779	0.00837	0.03348	0.05432	0.01492	0.19890	0.05312	0.05235	0.38354	0.00374	0.00653	0.03872	0.00278	0.00393
27	0.08660	0.17045	0.42224	0.04411	0.02408	0.05496	0.02957	0.01288	0.02736	0.05545	0.00725	0.00836	0.00544	0.00390	0.00376	0.00119	0.03206	0.00287	0.00201	0.00546

[dist]
# distance from previous block
# <min> <max>
0	2

[block]
# block no. 7 follows, 68 sequences, length 68
# corresponding to MSA columns:
# 602-669
name=unknown_H
#
# <colnr> <probs for GDERKNQSTAVLIFYWHMCP>
#	G	D	E	R	K	N	Q	S	T	A	V	L	I	F	Y	W	H	M	C	P
0	0.01270	0.01050	0.00986	0.00844	0.01091	0.15835	0.00664	0.16219	0.41050	0.13158	0.02760	0.01258	0.01003	0.00502	0.00395	0.00124	0.00408	0.00396	0.00380	0.00608
1	0.01087	0.00985	0.01550	0.03051	0.61741	0.02107	0.05060	0.15822	0.01082	0.02510	0.00793	0.00982	0.00637	0.00377	0.00397	0.00119	0.00477	0.00359	0.00236	0.00628
2	0.01315	0.12140	0.06968	0.02594	0.01299	0.32171	0.05836	0.23373	0.06375	0.03067	0.00798	0.00866	0.00613	0.00421	0.00368	0.00111	0.00555	0.00310	0.00267	0.00552
3	0.01471	0.02906	0.01180	0.00927	0.01216	0.19122	0.00750	0.60000	0.05084	0.02105	0.00899	0.00917	0.00658	0.00461	0.00386	0.00115	0.00491	0.00336	0.00351	0.00623
4	0.01512	0.01103	0.01185	0.00908	0.01226	0.01218	0.00750	0.80804	0.01851	0.03984	0.00963	0.00959	0.00680	0.00476	0.00397	0.00119	0.00434	0.00358	0.00398	0.00674
5	0.00930	0.01058	0.02304	0.04275	0.02093	0.00999	0.79623	0.01262	0.00931	0.01262	0.00799	0.01069	0.00599	0.00336	0.00466	0.00134	0.00664	0.00464	0.00200	0.00532
6	0.00909	0.00845	0.01456	0.35578	0.44697	0.00910	0.05094	0.01159	0.00867	0.03604	0.00756	0.01027	0.00597	0.00374	0.00398	0.00124	0.00500	0.00360	0.00197	0.00549
7	0.00973	0.00924	0.01544	0.11655	0.61057	0.00953	0.06023	0.04396	0.06103	0.01331	0.00807	0.01026	0.00654	0.00373	0.00398	0.00121	0.00478	0.00366	0.00215	0.00603
8	0.00577	0.00384	0.00432	0.00432	0.00432	0.00384	0.00240	0.00577	0.00577	0.00769	0.01249	0.02595	0.01441	0.86066	0.02018	0.00384	0.00384	0.00577	0.00240	0.00240
9	0.00558	0.00397	0.00540	0.00628	0.00681	0.00386	0.00486	0.00676	0.00821	0.01081	0.02106	0.45201	0.02416	0.04855	0.00591	0.00181	0.00298	0.37400	0.00361	0.00338
10	0.01499	0.01116	0.01222	0.00939	0.01254	0.05552	0.04706	0.67901	0.01724	0.08614	0.00974	0.00976	0.00686	0.00467	0.00398	0.00119	0.00455	0.00360	0.00384	0.00656
11	0.00973	0.12297	0.02258	0.01516	0.01901	0.04314	0.68294	0.01271	0.00926	0.01214	0.00762	0.00999	0.00586	0.00338	0.00436	0.00126	0.00638	0.00426	0.00197	0.00528
12	0.00493	0.00403	0.00438	0.00448	0.00568	0.00348	0.00341	0.00607	0.00917	0.01128	0.11460	0.08726	0.63978	0.01007	0.00477	0.00139	0.00215	0.07593	0.00375	0.00340
13	0.00490	0.00350	0.00468	0.00560	0.00586	0.00328	0.00380	0.00564	0.00766	0.01020	0.02182	0.82279	0.02608	0.01236	0.00508	0.00162	0.00236	0.04589	0.00368	0.00324
14	0.01316	0.00983	0.01135	0.00960	0.04753	0.03070	0.04799	0.36732	0.28377	0.11764	0.01218	0.01175	0.00878	0.00484	0.00402	0.00125	0.00404	0.00395	0.00387	0.00645
15	0.07139	0.47726	0.04596	0.00761	0.01087	0.07054	0.00707	0.19182	0.01074	0.06345	0.00711	0.00762	0.00568	0.00387	0.00305	0.00100	0.00439	0.00261	0.00247	0.00549
16	0.88866	0.00767	0.00583	0.00521	0.00767	0.00889	0.00429	0.01166	0.00675	0.01779	0.00552	0.00644	0.00429	0.00368	0.00245	0.00123	0.00307	0.00215	0.00245	0.00429
17	0.00986	0.00852	0.00897	0.00807	0.01031	0.00986	0.00628	0.02107	0.82876	0.01659	0.01614	0.01479	0.01210	0.00538	0.00403	0.00134	0.00314	0.00448	0.00403	0.00628
18	0.00483	0.00345	0.00460	0.00552	0.00575	0.00322	0.00368	0.00552	0.00759	0.01012	0.02185	0.85807	0.02622	0.01242	0.00506	0.00161	0.00230	0.01127	0.00368	0.00322
19	0.03334	0.01640	0.01121	0.00977	0.01210	0.59752	0.00753	0.22344	0.01301	0.01385	0.00725	0.00842	0.00583	0.00437	0.00369	0.00108	0.00628	0.01721	0.00258	0.00513
20	0.01060	0.86304	0.02078	0.00678	0.01018	0.01569	0.00678	0.01187	0.00806	0.00933	0.00551	0.00636	0.00509	0.00339	0.00254	0.00085	0.00424	0.00212	0.00170	0.00509
21	0.00981	0.00942	0.01609	0.02434	0.83592	0.00942	0.01217	0.01217	0.00903	0.01295	0.00746	0.00981	0.00628	0.00353	0.00393	0.00118	0.00471	0.00353	0.00196	0.00628
22	0.00474	0.00402	0.00409	0.00407	0.00539	0.00337	0.00305	0.00579	0.00916	0.01101	0.08621	0.03766	0.78808	0.00993	0.00469	0.00133	0.00200	0.00830	0.00372	0.00337
23	0.06769	0.01090	0.01153	0.00889	0.01202	0.01209	0.00734	0.77385	0.01793	0.02455	0.00928	0.00933	0.00660	0.00469	0.00388	0.00119	0.00428	0.00348	0.00388	0.00660
24	0.01721	0.00715	0.00938	0.00725	0.01029	0.00649	0.00597	0.07740	0.05169	0.73989	0.01522	0.01327	0.00970	0.00492	0.00399	0.00123	0.00343	0.00398	0.00480	0.00672
25	0.00495	0.00357	0.00481	0.00557	0.00590	0.00343	0.00381	0.00577	0.00763	0.01027	0.05401	0.71907	0.03818	0.01409	0.09653	0.00211	0.00318	0.01029	0.00354	0.00328
26	0.01018	0.00867	0.00914	0.00813	0.01043	0.01001	0.00635	0.06935	0.77997	0.01709	0.01574	0.01448	0.01178	0.00534	0.00403	0.00134	0.00321	0.00443	0.00403	0.00630
27	0.00483	0.00345	0.00460	0.00552	0.00575	0.00322	0.00368	0.00552	0.00759	0.01012	0.02185	0.85807	0.02622	0.01242	0.00506	0.00161	0.00230	0.01127	0.00368	0.00322
28	0.00492	0.00352	0.00471	0.00562	0.00589	0.00330	0.00384	0.00568	0.00768	0.01022	0.02180	0.81058	0.02602	0.01234	0.00509	0.00162	0.00238	0.05786	0.00368	0.00325
29	0.00496	0.00401	0.00441	0.00435	0.00553	0.00346	0.00325	0.00620	0.00962	0.01220	0.26979	0.06301	0.57621	0.00956	0.00470	0.00132	0.00198	0.00812	0.00388	0.00346
30	0.00932	0.01060	0.02285	0.01640	0.02022	0.01013	0.78193	0.01255	0.00920	0.01255	0.00788	0.01060	0.00598	0.00352	0.00508	0.00136	0.04792	0.00462	0.00199	0.00530
31	0.00826	0.11777	0.74553	0.01078	0.01635	0.00996	0.01374	0.01248	0.00833	0.01218	0.00693	0.00814	0.00503	0.00372	0.00363	0.00121	0.00567	0.00284	0.00168	0.00577
32	0.01613	0.00940	0.01085	0.00831	0.01145	0.00977	0.00687	0.50892	0.01579	0.34279	0.01191	0.01107	0.00794	0.00482	0.00397	0.00120	0.00398	0.00373	0.00433	0.00674
33	0.00822	0.00705	0.00822	0.00587	0.00940	0.00529	0.00470	0.00998	0.00822	0.01292	0.00705	0.00822	0.00587	0.00294	0.00294	0.00059	0.00294	0.00235	0.00235	0.88490
34	0.00536	0.00373	0.00479	0.00535	0.00591	0.00342	0.00373	0.00626	0.00829	0.03678	0.10593	0.60171	0.13465	0.02262	0.00515	0.00156	0.00231	0.03524	0.00377	0.00340
35	0.00867	0.00867	0.01214	0.01041	0.01041	0.01214	0.00867	0.00954	0.00607	0.00954	0.00520	0.00867	0.00520	0.00694	0.01301	0.00173	0.85340	0.00347	0.00173	0.00434
36	0.01483	0.01843	0.01128	0.01015	0.01226	0.79460	0.00765	0.06443	0.01168	0.01062	0.00633	0.00729	0.00521	0.00413	0.00360	0.00103	0.00698	0.00261	0.00216	0.00473
37	0.00609	0.00476	0.00577	0.00600	0.00698	0.00480	0.00459	0.00893	0.14047	0.01249	0.15085	0.27990	0.16754	0.00982	0.00498	0.00151	0.01701	0.15977	0.00381	0.00392
38	0.00972	0.00933	0.01592	0.05751	0.80348	0.00940	0.01212	0.01209	0.00898	0.01284	0.00744	0.00984	0.00624	0.00355	0.00393	0.00118	0.00473	0.00353	0.00195	0.00621
39	0.01526	0.00918	0.01058	0.00821	0.01117	0.00965	0.00676	0.50386	0.01541	0.28480	0.01160	0.01124	0.00797	0.00631	0.05461	0.00151	0.00439	0.00375	0.01724	0.00651
40	0.00514	0.00365	0.00466	0.00531	0.00562	0.00346	0.00358	0.00583	0.00756	0.01002	0.05165	0.56663	0.06810	0.17636	0.00798	0.00203	0.00266	0.06319	0.00346	0.00312
41	0.01011	0.55961	0.20609	0.00795	0.01178	0.01334	0.00850	0.01318	0.09325	0.03287	0.00725	0.00788	0.00593	0.00372	0.00302	0.00100	0.00447	0.00260	0.00202	0.00543
42	0.01069	0.00947	0.01044	0.00896	0.01134	0.08729	0.07778	0.08473	0.51225	0.04693	0.01460	0.01574	0.02201	0.00548	0.00416	0.00133	0.00395	0.06333	0.00367	0.00586
43	0.00494	0.00353	0.00472	0.00564	0.00592	0.00331	0.00386	0.00570	0.00770	0.01024	0.02179	0.80272	0.02599	0.01232	0.00509	0.00162	0.00239	0.06557	0.00368	0.00325
44	0.00543	0.00384	0.00487	0.00532	0.00590	0.00358	0.00378	0.00640	0.00835	0.02506	0.14901	0.42570	0.12867	0.11154	0.00677	0.00180	0.00254	0.09448	0.00365	0.00333
45	0.35346	0.00914	0.00870	0.00722	0.00977	0.04721	0.00586	0.34572	0.01208	0.05754	0.00875	0.04891	0.00698	0.00620	0.05477	0.00153	0.00422	0.00340	0.00321	0.00533
46	0.00571	0.00412	0.00571	0.00601	0.00654	0.00442	0.00452	0.00681	0.00692	0.00950	0.01441	0.13292	0.01539	0.19836	0.40570	0.00437	0.00681	0.15581	0.00267	0.00328
47	0.00746	0.00383	0.00390	0.00388	0.00483	0.00385	0.00293	0.02367	0.00849	0.01482	0.01317	0.03306	0.01062	0.00488	0.00288	0.00096	0.00193	0.01493	0.83618	0.00374
48	0.11414	0.08940	0.22757	0.06102	0.05416	0.20022	0.04205	0.13392	0.01825	0.01401	0.00706	0.00822	0.00540	0.00394	0.00355	0.00116	0.00538	0.00293	0.00225	0.00537
49	0.00981	0.00942	0.01609	0.02434	0.83592	0.00942	0.01217	0.01217	0.00903	0.01295	0.00746	0.00981	0.00628	0.00353	0.00393	0.00118	0.00471	0.00353	0.00196	0.00628
50	0.00981	0.00942	0.01609	0.02434	0.83592	0.00942	0.01217	0.01217	0.00903	0.01295	0.00746	0.00981	0.00628	0.00353	0.00393	0.00118	0.00471	0.00353	0.00196	0.00628
51	0.05769	0.01082	0.01153	0.00888	0.01201	0.01196	0.00733	0.76184	0.01787	0.04627	0.00949	0.00948	0.00671	0.00471	0.00389	0.00119	0.00427	0.00351	0.00392	0.00662
52	0.00749	0.00705	0.01189	0.85113	0.02731	0.00881	0.01101	0.01013	0.00793	0.01013	0.00705	0.01057	0.00529	0.00396	0.00396	0.00132	0.00529	0.00352	0.00176	0.00440
53	0.06513	0.01338	0.00985	0.00891	0.01107	0.40485	0.00681	0.01802	0.39242	0.01340	0.01076	0.01067	0.00832	0.00466	0.00372	0.00118	0.00503	0.00343	0.00300	0.00536
54	0.01641	0.00897	0.01058	0.00811	0.01123	0.00912	0.00670	0.42849	0.01506	0.42426	0.01252	0.01147	0.00825	0.00483	0.00398	0.00121	0.00388	0.00377	0.00443	0.00675
55	0.01516	0.00665	0.00950	0.00734	0.01018	0.00583	0.06322	0.02631	0.01105	0.64090	0.06360	0.01664	0.09401	0.00549	0.00415	0.00125	0.00340	0.00465	0.00454	0.00614
56	0.00490	0.00350	0.00467	0.00554	0.00581	0.00327	0.00374	0.00566	0.00778	0.01041	0.05706	0.80439	0.02663	0.01220	0.00505	0.00160	0.00231	0.02850	0.00371	0.00325
57	0.00966	0.01082	0.05785	0.01584	0.01983	0.00969	0.73434	0.01293	0.00939	0.05413	0.00855	0.02237	0.00644	0.00356	0.00461	0.00133	0.00642	0.00466	0.00216	0.00541
58	0.07266	0.00933	0.01004	0.00794	0.01073	0.01015	0.00649	0.51770	0.07984	0.12353	0.01090	0.01079	0.00775	0.00474	0.00374	0.00118	0.00379	0.00361	0.09888	0.00621
59	0.00482	0.00376	0.00438	0.00478	0.00558	0.00332	0.00337	0.00574	0.00853	0.01082	0.09004	0.41488	0.40386	0.01099	0.00486	0.00146	0.00213	0.00962	0.00373	0.00332
60	0.02876	0.07019	0.10914	0.00914	0.01183	0.45509	0.00779	0.01549	0.07505	0.11905	0.04233	0.01005	0.02027	0.00446	0.00366	0.00111	0.00563	0.00318	0.00263	0.00513
61	0.01760	0.00706	0.00939	0.00720	0.01028	0.00629	0.00595	0.07621	0.01186	0.78106	0.01521	0.01321	0.00960	0.00490	0.00399	0.00122	0.00344	0.00396	0.00484	0.00675
62	0.00498	0.00359	0.00474	0.00546	0.00585	0.00335	0.00377	0.00588	0.00817	0.01094	0.12406	0.68667	0.06211	0.01172	0.00501	0.00156	0.00229	0.04276	0.00376	0.00331
63	0.00924	0.00870	0.01458	0.02090	0.66955	0.00869	0.03413	0.01189	0.04030	0.01348	0.11901	0.01269	0.01068	0.00421	0.00405	0.00120	0.00433	0.00409	0.00237	0.00591
64	0.01060	0.86304	0.02078	0.00678	0.01018	0.01569	0.00678	0.01187	0.00806	0.00933	0.00551	0.00636	0.00509	0.00339	0.00254	0.00085	0.00424	0.00212	0.00170	0.00509
65	0.00498	0.00360	0.00475	0.00561	0.00598	0.00337	0.00392	0.00581	0.00784	0.01034	0.02287	0.72466	0.07454	0.01213	0.00508	0.00162	0.00242	0.09353	0.00368	0.00327
66	0.00531	0.00366	0.00452	0.00501	0.00515	0.00355	0.00315	0.00571	0.00677	0.00902	0.01743	0.44551	0.02059	0.41089	0.01218	0.00267	0.00306	0.02990	0.00308	0.00285
67	0.00512	0.00380	0.00478	0.00514	0.00580	0.00350	0.00362	0.00638	0.02078	0.01209	0.27492	0.45372	0.16453	0.01059	0.00486	0.00145	0.00213	0.00943	0.00390	0.00345

[dist]
# distance from previous block
# <min> <max>
5	7

[block]
# block no. 8 follows, 68 sequences, length 11
# corresponding to MSA columns:
# 677-687
name=unknown_I
#
# <colnr> <probs for GDERKNQSTAVLIFYWHMCP>
#	G	D	E	R	K	N	Q	S	T	A	V	L	I	F	Y	W	H	M	C	P
0	0.01087	0.72703	0.04460	0.00729	0.01059	0.09068	0.00709	0.01261	0.04039	0.00974	0.00603	0.00682	0.00536	0.00354	0.00273	0.00090	0.00451	0.00228	0.00182	0.00511
1	0.00749	0.00705	0.01189	0.85113	0.02731	0.00881	0.01101	0.01013	0.00793	0.01013	0.00705	0.01057	0.00529	0.00396	0.00396	0.00132	0.00529	0.00352	0.00176	0.00440
2	0.00981	0.00942	0.01609	0.02434	0.83592	0.00942	0.01217	0.01217	0.00903	0.01295	0.00746	0.00981	0.00628	0.00353	0.00393	0.00118	0.00471	0.00353	0.00196	0.00628
3	0.00491	0.00351	0.00469	0.00561	0.00588	0.00329	0.00382	0.00566	0.00767	0.01021	0.02181	0.81536	0.02604	0.01234	0.00508	0.00162	0.00237	0.05317	0.00368	0.00324
4	0.00728	0.00653	0.01053	0.26932	0.18934	0.00716	0.03987	0.00916	0.00835	0.01140	0.12191	0.13955	0.02791	0.06409	0.02203	0.00161	0.05157	0.00545	0.00253	0.00440
5	0.00974	0.00642	0.00813	0.00713	0.00869	0.02146	0.00564	0.12464	0.04885	0.15573	0.01109	0.01390	0.00919	0.05246	0.39697	0.02443	0.05552	0.00403	0.00294	0.03305
6	0.00570	0.00382	0.00434	0.00440	0.00442	0.00380	0.00249	0.00575	0.00589	0.00785	0.01312	0.08158	0.01520	0.80395	0.01917	0.00369	0.00374	0.00613	0.00249	0.00246
7	0.01063	0.08489	0.04222	0.01625	0.41733	0.16840	0.00957	0.01242	0.00900	0.03855	0.00749	0.01003	0.00649	0.06115	0.00529	0.00131	0.05234	0.00332	0.00207	0.04124
8	0.01188	0.01354	0.01398	0.06390	0.39420	0.38019	0.04088	0.01370	0.00996	0.01134	0.00687	0.00871	0.00569	0.00380	0.00380	0.00112	0.00590	0.00314	0.00199	0.00539
9	0.00973	0.01072	0.02265	0.01622	0.02018	0.01017	0.76881	0.06516	0.00996	0.01350	0.00812	0.01062	0.00606	0.00343	0.00463	0.00133	0.00653	0.00461	0.00213	0.00544
10	0.01075	0.01009	0.00975	0.00806	0.04408	0.20913	0.02717	0.01237	0.00929	0.08406	0.00762	0.00855	0.00605	0.00342	0.00327	0.00079	0.00417	0.00265	0.00247	0.53625

[dist]
# distance from previous block
# <min> <max>
3	6

[block]
# block no. 9 follows, 68 sequences, length 108
# corresponding to MSA columns:
# 694-801
name=unknown_J
#
# <colnr> <probs for GDERKNQSTAVLIFYWHMCP>
#	G	D	E	R	K	N	Q	S	T	A	V	L	I	F	Y	W	H	M	C	P
0	0.00941	0.07168	0.03246	0.02232	0.01036	0.14391	0.04110	0.12092	0.04461	0.01309	0.02681	0.10093	0.01476	0.03680	0.00503	0.00151	0.00441	0.29225	0.00312	0.00450
1	0.00698	0.04658	0.00651	0.00616	0.00706	0.03302	0.00452	0.05849	0.03693	0.04945	0.03236	0.58681	0.03498	0.01036	0.00472	0.00149	0.00282	0.05215	0.01473	0.00388
2	0.03067	0.02968	0.01122	0.00922	0.01182	0.34443	0.00729	0.33929	0.10985	0.05457	0.00907	0.00925	0.00678	0.00452	0.00376	0.00114	0.00526	0.00324	0.00318	0.00575
3	0.01024	0.22502	0.02935	0.01556	0.40942	0.09938	0.00930	0.01213	0.00895	0.01174	0.02231	0.00881	0.00637	0.00357	0.00343	0.00101	0.00460	0.00299	0.00199	0.11382
4	0.00877	0.00974	0.14180	0.23852	0.21802	0.00843	0.06110	0.03363	0.06292	0.05013	0.05847	0.03982	0.04194	0.00470	0.00408	0.00128	0.00464	0.00425	0.00245	0.00532
5	0.00917	0.00970	0.06847	0.01191	0.06082	0.00946	0.27174	0.01581	0.37441	0.01411	0.01207	0.04155	0.00953	0.00590	0.04284	0.00158	0.02774	0.00459	0.00294	0.00567
6	0.00491	0.00351	0.00468	0.00555	0.00583	0.00328	0.00376	0.00567	0.00778	0.01040	0.05459	0.80210	0.02658	0.01221	0.00506	0.00160	0.00232	0.03322	0.00371	0.00325
7	0.01607	0.00647	0.00858	0.00670	0.00955	0.00562	0.00550	0.03122	0.01118	0.71887	0.01868	0.01658	0.11530	0.00556	0.00408	0.00124	0.00322	0.00454	0.00473	0.00631
8	0.00514	0.00394	0.00449	0.00462	0.00565	0.00343	0.00336	0.00623	0.00911	0.02750	0.17429	0.23993	0.47783	0.01019	0.00476	0.00139	0.00208	0.00879	0.00382	0.00345
9	0.00630	0.00403	0.00527	0.00528	0.00557	0.00419	0.00356	0.00648	0.00624	0.03373	0.01226	0.09450	0.01327	0.40556	0.18205	0.15163	0.02096	0.03387	0.00245	0.00280
10	0.00666	0.00442	0.00646	0.00629	0.00720	0.00492	0.00490	0.00811	0.00704	0.07591	0.04602	0.02733	0.01129	0.02600	0.71058	0.00555	0.00935	0.00443	0.02374	0.00380
11	0.00576	0.00388	0.00448	0.00448	0.00454	0.00393	0.00260	0.00587	0.00581	0.00780	0.01235	0.02515	0.01407	0.79653	0.08383	0.00404	0.00437	0.00565	0.00238	0.00249
12	0.00795	0.02051	0.84011	0.01130	0.01716	0.00921	0.01465	0.01256	0.00837	0.01256	0.00712	0.00837	0.00502	0.00377	0.00377	0.00126	0.00586	0.00293	0.00167	0.00586
13	0.01060	0.86304	0.02078	0.00678	0.01018	0.01569	0.00678	0.01187	0.00806	0.00933	0.00551	0.00636	0.00509	0.00339	0.00254	0.00085	0.00424	0.00212	0.00170	0.00509
14	0.00629	0.00487	0.00694	0.00664	0.00709	0.00586	0.00509	0.00714	0.00626	0.00899	0.02216	0.01592	0.02570	0.12082	0.49915	0.08898	0.15228	0.00434	0.00211	0.00337
15	0.00494	0.00355	0.00470	0.00554	0.00586	0.00331	0.00379	0.00575	0.00788	0.01050	0.06129	0.75868	0.04799	0.01208	0.00505	0.00160	0.00233	0.04819	0.00371	0.00327
16	0.00981	0.00942	0.01609	0.02434	0.83592	0.00942	0.01217	0.01217	0.00903	0.01295	0.00746	0.00981	0.00628	0.00353	0.00393	0.00118	0.00471	0.00353	0.00196	0.00628
17	0.03277	0.01044	0.02296	0.05538	0.51355	0.10623	0.06035	0.01374	0.12051	0.01305	0.00845	0.01017	0.00681	0.00386	0.00391	0.00120	0.00490	0.00358	0.00226	0.00589
18	0.00869	0.00676	0.02159	0.00834	0.03244	0.00679	0.09910	0.12298	0.09309	0.07333	0.04426	0.25701	0.01527	0.09022	0.07084	0.00202	0.02064	0.01867	0.00332	0.00464
19	0.00570	0.00412	0.00570	0.00570	0.00617	0.00459	0.00412	0.00665	0.00617	0.00871	0.01124	0.01898	0.01139	0.30279	0.57392	0.00554	0.00839	0.00475	0.00222	0.00317
20	0.00577	0.00384	0.00432	0.00432	0.00432	0.00384	0.00240	0.00577	0.00577	0.00769	0.01249	0.02595	0.01441	0.86066	0.02018	0.00384	0.00384	0.00577	0.00240	0.00240
21	0.01015	0.01104	0.07921	0.05044	0.50697	0.06070	0.13415	0.06294	0.02163	0.01338	0.00768	0.00976	0.00615	0.00367	0.00401	0.00121	0.00522	0.00362	0.00210	0.00596
22	0.00521	0.00382	0.00460	0.00488	0.00547	0.00354	0.00336	0.00606	0.00819	0.01075	0.16100	0.29989	0.21511	0.20544	0.00839	0.00201	0.00257	0.04303	0.00350	0.00317
23	0.00483	0.00374	0.00441	0.00491	0.00566	0.00333	0.00347	0.00572	0.00834	0.01054	0.04554	0.45879	0.37949	0.01125	0.00490	0.00149	0.00221	0.03437	0.00369	0.00330
24	0.13759	0.01342	0.28262	0.01203	0.02772	0.00993	0.28674	0.13483	0.03112	0.01535	0.00779	0.00924	0.00571	0.00380	0.00393	0.00127	0.00542	0.00356	0.00231	0.00561
25	0.00568	0.00453	0.00505	0.00487	0.00610	0.00426	0.00364	0.00815	0.10649	0.01306	0.29684	0.06086	0.40911	0.03492	0.00507	0.00139	0.00216	0.00747	0.01655	0.00379
26	0.00511	0.00364	0.00476	0.00554	0.00586	0.00345	0.00383	0.00587	0.00765	0.01014	0.02976	0.64274	0.05129	0.10238	0.00670	0.00186	0.00260	0.10008	0.00355	0.00319
27	0.00795	0.02051	0.84011	0.01130	0.01716	0.00921	0.01465	0.01256	0.00837	0.01256	0.00712	0.00837	0.00502	0.00377	0.00377	0.00126	0.00586	0.00293	0.00167	0.00586
28	0.04838	0.00761	0.01200	0.14152	0.41676	0.00809	0.00929	0.01035	0.00875	0.01262	0.12775	0.02575	0.05466	0.02152	0.01901	0.00140	0.06265	0.00440	0.00241	0.00510
29	0.00482	0.00349	0.00456	0.00541	0.00572	0.00323	0.00363	0.00553	0.00770	0.01017	0.02323	0.79629	0.08712	0.01224	0.00503	0.00159	0.00228	0.01105	0.00368	0.00323
30	0.01356	0.00987	0.01072	0.00852	0.01126	0.01083	0.00691	0.66852	0.04145	0.03786	0.01144	0.11728	0.00948	0.00575	0.00409	0.00124	0.00401	0.00458	0.01638	0.00624
31	0.00917	0.00939	0.01287	0.01081	0.01125	0.05458	0.06453	0.02778	0.00684	0.01010	0.00554	0.00875	0.00529	0.00650	0.01176	0.00166	0.73339	0.00351	0.00182	0.00447
32	0.01060	0.86304	0.02078	0.00678	0.01018	0.01569	0.00678	0.01187	0.00806	0.00933	0.00551	0.00636	0.00509	0.00339	0.00254	0.00085	0.00424	0.00212	0.00170	0.00509
33	0.00938	0.00761	0.00871	0.00646	0.00981	0.00648	0.00518	0.09759	0.08716	0.03849	0.00842	0.00913	0.00667	0.00342	0.00318	0.00074	0.00312	0.00273	0.00275	0.68296
34	0.00480	0.00401	0.00418	0.00416	0.00543	0.00339	0.00311	0.00591	0.00928	0.01134	0.13767	0.05010	0.72331	0.00984	0.00469	0.00133	0.00200	0.00827	0.00377	0.00339
35	0.00586	0.00462	0.00527	0.00512	0.00637	0.00430	0.00383	0.04178	0.06042	0.01295	0.22657	0.17542	0.36608	0.00925	0.00464	0.00134	0.00226	0.02611	0.00384	0.03398
36	0.00800	0.00766	0.01078	0.00944	0.00957	0.01049	0.00776	0.00895	0.00612	0.00942	0.00648	0.01055	0.00641	0.03754	0.17558	0.00270	0.66291	0.00369	0.00183	0.00412
37	0.00564	0.00406	0.00517	0.00493	0.00591	0.00370	0.00368	0.00735	0.01080	0.02698	0.69175	0.06816	0.13004	0.00848	0.00469	0.00127	0.00193	0.00745	0.00426	0.00371
38	0.00753	0.00709	0.01197	0.83573	0.04237	0.00882	0.01103	0.01017	0.00795	0.01018	0.00705	0.01056	0.00530	0.00396	0.00396	0.00132	0.00527	0.00352	0.00177	0.00444
39	0.00810	0.00614	0.00743	0.00749	0.00887	0.01741	0.00626	0.13210	0.11432	0.01445	0.05287	0.09278	0.01967	0.00921	0.00498	0.00162	0.00357	0.48455	0.00376	0.00443
40	0.01174	0.01318	0.01562	0.01389	0.12435	0.30574	0.27491	0.06160	0.11467	0.01288	0.00839	0.00977	0.00655	0.00397	0.00406	0.00120	0.00600	0.00368	0.00238	0.00540
41	0.00680	0.01592	0.00594	0.00530	0.00660	0.00461	0.00406	0.02108	0.07958	0.06489	0.57291	0.02781	0.14295	0.00780	0.00452	0.00126	0.00215	0.00676	0.01493	0.00414
42	0.00521	0.00385	0.00489	0.00515	0.00584	0.00355	0.00366	0.00660	0.02167	0.01271	0.36343	0.39603	0.13228	0.01021	0.00484	0.00142	0.00210	0.00909	0.00397	0.00350
43	0.09750	0.01087	0.00983	0.04397	0.01146	0.18163	0.00675	0.23663	0.24404	0.05445	0.01114	0.05551	0.00880	0.00507	0.00382	0.00123	0.00435	0.00391	0.00338	0.00565
44	0.00844	0.00815	0.01124	0.00973	0.00990	0.01118	0.00803	0.00983	0.04438	0.00993	0.00642	0.00997	0.00617	0.03046	0.06206	0.00203	0.72015	0.00363	0.02398	0.00431
