[name]
unknown

[dist]
# distance from previous block
# <min> <max>
0	30

[block]
# block no. 0 follows, 59 sequences, length 9
# corresponding to MSA columns:
# 135-143
name=unknown_A
#
# <colnr> <probs for GDERKNQSTAVLIFYWHMCP>
#	G	D	E	R	K	N	Q	S	T	A	V	L	I	F	Y	W	H	M	C	P
0	0.01255	0.51236	0.07747	0.00880	0.01237	0.11477	0.00840	0.12428	0.01117	0.01334	0.00814	0.01073	0.00725	0.00468	0.00352	0.00113	0.00523	0.05556	0.00244	0.00581
1	0.03495	0.03565	0.03705	0.00710	0.01021	0.00693	0.00594	0.04829	0.03285	0.18334	0.08161	0.04097	0.09372	0.00570	0.00435	0.00113	0.02659	0.00460	0.00366	0.33538
2	0.00767	0.00384	0.00575	0.00575	0.00575	0.00384	0.00384	0.00575	0.00575	0.00767	0.00767	0.01343	0.00767	0.01534	0.01726	0.87150	0.00384	0.00384	0.00192	0.00192
3	0.25672	0.04895	0.01112	0.04648	0.08594	0.11857	0.00746	0.15811	0.07692	0.07509	0.04468	0.03298	0.00909	0.00509	0.00388	0.00133	0.00457	0.00382	0.00332	0.00589
4	0.02925	0.19418	0.05231	0.00854	0.01169	0.03613	0.03254	0.14271	0.10900	0.14126	0.03554	0.06933	0.04425	0.00627	0.01963	0.00139	0.00443	0.00461	0.00358	0.05337
5	0.09434	0.00921	0.03535	0.03072	0.01117	0.05239	0.00677	0.15870	0.11703	0.18618	0.05870	0.09143	0.05716	0.03195	0.00520	0.00153	0.01908	0.02305	0.00410	0.00594
6	0.07509	0.06189	0.06246	0.07646	0.09352	0.03153	0.02328	0.15979	0.12196	0.12203	0.03595	0.05108	0.01010	0.00532	0.00422	0.00134	0.00449	0.00436	0.00352	0.05162
7	0.07492	0.06241	0.05390	0.03368	0.02680	0.12135	0.04790	0.14063	0.08927	0.07810	0.06747	0.04169	0.07030	0.03370	0.00488	0.00142	0.00468	0.00473	0.00345	0.03871
8	0.06786	0.09342	0.05940	0.00858	0.01190	0.00960	0.04938	0.17739	0.05797	0.18266	0.05486	0.03828	0.03163	0.02990	0.00468	0.00135	0.00420	0.00441	0.00375	0.10877

[dist]
# distance from previous block
# <min> <max>
4	50

[block]
# block no. 1 follows, 59 sequences, length 6
# corresponding to MSA columns:
# 194-199
name=unknown_B
#
# <colnr> <probs for GDERKNQSTAVLIFYWHMCP>
#	G	D	E	R	K	N	Q	S	T	A	V	L	I	F	Y	W	H	M	C	P
0	0.01015	0.00595	0.00735	0.00650	0.00823	0.00569	0.00501	0.06017	0.03105	0.21172	0.22388	0.11597	0.19595	0.05362	0.00628	0.00162	0.03397	0.00735	0.00450	0.00505
1	0.01072	0.01109	0.04524	0.09054	0.49738	0.07801	0.05769	0.01335	0.03072	0.01356	0.03205	0.01165	0.00792	0.00495	0.00540	0.04858	0.02868	0.00403	0.00228	0.00617
2	0.01219	0.18196	0.15635	0.01584	0.26370	0.01175	0.08403	0.07192	0.01075	0.11364	0.00908	0.01041	0.00695	0.00432	0.00440	0.00129	0.02850	0.00368	0.00263	0.00659
3	0.04168	0.01035	0.05514	0.00957	0.01290	0.01018	0.05502	0.18478	0.29658	0.25322	0.01482	0.01388	0.01039	0.00540	0.00443	0.00141	0.00425	0.00446	0.00443	0.00710
4	0.00594	0.00454	0.00602	0.07500	0.00860	0.00449	0.00484	0.00755	0.04235	0.01232	0.10839	0.57808	0.10137	0.01197	0.00540	0.00168	0.00280	0.01074	0.00402	0.00391
5	0.05786	0.03083	0.06209	0.06620	0.16493	0.07813	0.25080	0.03305	0.04209	0.04557	0.01072	0.05747	0.02713	0.02266	0.00524	0.00148	0.03050	0.00478	0.00263	0.00583

[dist]
# distance from previous block
# <min> <max>
2	36

[block]
# block no. 2 follows, 59 sequences, length 13
# corresponding to MSA columns:
# 236-248
name=unknown_C
#
# <colnr> <probs for GDERKNQSTAVLIFYWHMCP>
#	G	D	E	R	K	N	Q	S	T	A	V	L	I	F	Y	W	H	M	C	P
0	0.07330	0.27481	0.05332	0.01260	0.16826	0.09227	0.03870	0.11210	0.06316	0.03013	0.02162	0.02497	0.00774	0.00455	0.00381	0.00122	0.00507	0.00355	0.00269	0.00615
1	0.01061	0.00884	0.04720	0.00894	0.06317	0.03284	0.00684	0.11182	0.04311	0.08764	0.06902	0.07589	0.08004	0.00647	0.00504	0.02342	0.03707	0.02241	0.00347	0.25615
2	0.00691	0.00475	0.00695	0.00709	0.03550	0.00460	0.04277	0.00695	0.00793	0.01053	0.08054	0.21062	0.12394	0.06849	0.01128	0.33758	0.02020	0.00715	0.00302	0.00321
3	0.09202	0.00789	0.05697	0.02653	0.00973	0.00732	0.00599	0.13181	0.08179	0.07127	0.16394	0.02433	0.21613	0.02831	0.00532	0.02046	0.00339	0.01971	0.02191	0.00517
4	0.04074	0.06978	0.26479	0.04759	0.11872	0.03277	0.16349	0.04170	0.02684	0.02401	0.00972	0.01149	0.03897	0.00464	0.00498	0.00139	0.06015	0.00399	0.00233	0.03191
5	0.00652	0.00453	0.00576	0.00621	0.00684	0.00434	0.00434	0.04502	0.00958	0.03033	0.12485	0.54967	0.04911	0.09056	0.00709	0.00195	0.00285	0.04249	0.00411	0.00387
6	0.00840	0.00488	0.00611	0.00591	0.00711	0.00466	0.00442	0.02433	0.01002	0.12413	0.15204	0.20055	0.10160	0.05911	0.09194	0.00220	0.00368	0.02888	0.15564	0.00440
7	0.00745	0.00678	0.04614	0.03467	0.09278	0.00626	0.04279	0.05591	0.00974	0.01312	0.05591	0.36084	0.11220	0.01115	0.03902	0.02713	0.03141	0.03868	0.00350	0.00452
8	0.01270	0.00672	0.00846	0.00750	0.00950	0.00647	0.00575	0.15578	0.01221	0.30892	0.01934	0.39039	0.01863	0.00924	0.00498	0.00155	0.00341	0.00805	0.00466	0.00573
9	0.00999	0.00598	0.00701	0.00628	0.00809	0.00571	0.00483	0.06808	0.07354	0.18020	0.13414	0.09294	0.23194	0.06078	0.00591	0.00162	0.00299	0.02407	0.07085	0.00505
10	0.04531	0.04947	0.08667	0.00771	0.01051	0.00895	0.00682	0.22605	0.07795	0.11395	0.01371	0.04703	0.02604	0.00557	0.00395	0.00127	0.00376	0.00440	0.25492	0.00597
11	0.01113	0.39246	0.22362	0.03044	0.03761	0.10543	0.04044	0.01401	0.04233	0.01188	0.00774	0.00960	0.00655	0.04431	0.00449	0.00131	0.00563	0.00314	0.00210	0.00577
12	0.36205	0.07980	0.17393	0.00874	0.01233	0.09603	0.04007	0.06840	0.00969	0.01653	0.00850	0.00967	0.03213	0.00537	0.03068	0.00149	0.00512	0.00315	0.00257	0.03375

[dist]
# distance from previous block
# <min> <max>
0	5

[block]
# block no. 3 follows, 59 sequences, length 11
# corresponding to MSA columns:
# 254-264
name=unknown_D
#
# <colnr> <probs for GDERKNQSTAVLIFYWHMCP>
#	G	D	E	R	K	N	Q	S	T	A	V	L	I	F	Y	W	H	M	C	P
0	0.01219	0.48365	0.11630	0.00968	0.01357	0.10817	0.07303	0.08813	0.01075	0.01303	0.03011	0.00891	0.00694	0.00421	0.00354	0.00111	0.00547	0.00307	0.00228	0.00586
1	0.00857	0.03606	0.10803	0.00768	0.00945	0.09148	0.00650	0.01081	0.05378	0.05231	0.15257	0.27502	0.03376	0.09091	0.00686	0.00179	0.02333	0.02290	0.00359	0.00461
2	0.03894	0.00847	0.06049	0.04281	0.03349	0.04141	0.00684	0.09294	0.08449	0.12390	0.21044	0.04018	0.05300	0.06063	0.03465	0.00181	0.00415	0.05198	0.00398	0.00539
3	0.01054	0.03752	0.08270	0.03843	0.10105	0.04096	0.05046	0.06392	0.31590	0.03872	0.03334	0.12232	0.03185	0.00647	0.00459	0.00146	0.00436	0.00561	0.00361	0.00618
4	0.00637	0.00429	0.00525	0.00550	0.00585	0.00416	0.00355	0.00696	0.00793	0.02987	0.08288	0.27818	0.05358	0.42224	0.04522	0.00317	0.00377	0.02450	0.00343	0.00331
5	0.01003	0.01452	0.31627	0.10539	0.25427	0.03041	0.05690	0.01370	0.02871	0.05264	0.00992	0.06950	0.00822	0.00491	0.00444	0.00141	0.00568	0.00439	0.00240	0.00627
6	0.03028	0.10128	0.19706	0.02785	0.04934	0.03788	0.08360	0.27611	0.02437	0.07188	0.00974	0.02604	0.00733	0.00474	0.00422	0.00131	0.00538	0.00385	0.00314	0.03460
7	0.02532	0.00453	0.00564	0.00594	0.00685	0.00417	0.00422	0.00808	0.00930	0.09095	0.07695	0.46656	0.17447	0.05633	0.02336	0.00191	0.00292	0.02432	0.00414	0.00403
8	0.00696	0.00489	0.00602	0.00625	0.00721	0.00469	0.00447	0.03270	0.06930	0.05269	0.15040	0.48066	0.13390	0.01148	0.00533	0.00163	0.00264	0.01019	0.00433	0.00426
9	0.04261	0.03453	0.08889	0.25321	0.08763	0.04128	0.05698	0.10046	0.05790	0.08282	0.02375	0.01237	0.02178	0.00482	0.00448	0.00137	0.02157	0.00404	0.02914	0.03038
10	0.04577	0.06999	0.14689	0.01320	0.11626	0.07895	0.11815	0.16325	0.04443	0.08937	0.01004	0.03502	0.00778	0.00482	0.00449	0.00134	0.02105	0.00407	0.00302	0.02211

[dist]
# distance from previous block
# <min> <max>
6	14

[block]
# block no. 4 follows, 59 sequences, length 25
# corresponding to MSA columns:
# 279-303
name=unknown_E
#
# <colnr> <probs for GDERKNQSTAVLIFYWHMCP>
#	G	D	E	R	K	N	Q	S	T	A	V	L	I	F	Y	W	H	M	C	P
0	0.01195	0.36351	0.15936	0.04085	0.04434	0.01370	0.03910	0.13561	0.03358	0.05026	0.00859	0.02685	0.00699	0.00464	0.00423	0.00123	0.04300	0.00344	0.00258	0.00617
1	0.01135	0.06974	0.04488	0.11310	0.12862	0.05822	0.06287	0.15978	0.03625	0.06136	0.05113	0.11040	0.03619	0.00619	0.00455	0.00139	0.00484	0.02034	0.00325	0.01555
2	0.03690	0.04817	0.02478	0.01056	0.04663	0.13767	0.03225	0.20077	0.29288	0.04093	0.01263	0.04331	0.00994	0.00562	0.00471	0.00139	0.03632	0.00440	0.00368	0.00647
3	0.84550	0.00868	0.00673	0.00596	0.00872	0.01004	0.00491	0.04100	0.00799	0.02010	0.00631	0.00730	0.00488	0.00414	0.00279	0.00137	0.00347	0.00245	0.00279	0.00488
4	0.00652	0.00443	0.00568	0.00578	0.00663	0.00411	0.00415	0.00790	0.01035	0.04951	0.35902	0.28776	0.10503	0.07849	0.02258	0.00188	0.00274	0.02913	0.00433	0.00396
5	0.01288	0.00950	0.01035	0.00847	0.01140	0.03076	0.00672	0.20149	0.28939	0.12026	0.01361	0.01395	0.01031	0.04536	0.03402	0.00160	0.00425	0.00425	0.00403	0.16739
6	0.00879	0.00591	0.00729	0.00650	0.00850	0.00505	0.00484	0.03557	0.00969	0.10377	0.03519	0.38622	0.01831	0.00856	0.00454	0.00130	0.00298	0.00754	0.04306	0.29640
7	0.00607	0.00450	0.00551	0.00608	0.00678	0.00425	0.00423	0.05617	0.00954	0.01244	0.02740	0.63603	0.17902	0.01279	0.00548	0.00171	0.00264	0.01140	0.00412	0.00386
8	0.00694	0.00607	0.00711	0.00656	0.00781	0.00654	0.00514	0.00958	0.10646	0.01350	0.17125	0.03143	0.42708	0.00952	0.00689	0.00156	0.16073	0.00753	0.00387	0.00441
9	0.00632	0.00465	0.00674	0.00681	0.00749	0.00528	0.00516	0.00768	0.00717	0.01018	0.01294	0.05079	0.01283	0.13347	0.66850	0.00638	0.01028	0.03104	0.00253	0.00378
10	0.03051	0.00739	0.00898	0.00725	0.01002	0.00705	0.00587	0.11193	0.06496	0.44476	0.04281	0.01753	0.07899	0.00600	0.00430	0.00133	0.00343	0.00485	0.13553	0.00650
11	0.00572	0.00472	0.00506	0.00493	0.00637	0.00417	0.00371	0.00759	0.04795	0.01356	0.21933	0.03912	0.60132	0.01045	0.00518	0.00147	0.00226	0.00881	0.00429	0.00398
12	0.00846	0.00472	0.00567	0.00526	0.00654	0.00440	0.00395	0.01027	0.01085	0.11340	0.34197	0.04064	0.07912	0.06003	0.00552	0.00147	0.00244	0.00638	0.28451	0.00442
13	0.00658	0.00462	0.00561	0.00562	0.00603	0.00476	0.00373	0.02688	0.00740	0.00993	0.01611	0.05459	0.06581	0.53105	0.19217	0.00445	0.00572	0.04287	0.00285	0.00323
14	0.09730	0.36167	0.01671	0.00941	0.01237	0.35444	0.02685	0.02916	0.01049	0.01189	0.00657	0.00772	0.00565	0.00427	0.00373	0.00111	0.03040	0.00271	0.00219	0.00537
15	0.01219	0.01284	0.01516	0.17133	0.07550	0.22347	0.11845	0.08281	0.01073	0.02806	0.00771	0.01021	0.00624	0.00519	0.00676	0.00147	0.20018	0.00382	0.00237	0.00552
16	0.01023	0.03286	0.12033	0.00927	0.03768	0.03056	0.05479	0.06792	0.02954	0.10261	0.02808	0.14224	0.04744	0.03551	0.05072	0.00172	0.02066	0.00545	0.00324	0.16914
17	0.01161	0.19803	0.15253	0.04014	0.01352	0.03531	0.03482	0.13655	0.07102	0.07772	0.03878	0.08958	0.01050	0.00552	0.00411	0.00127	0.00472	0.00447	0.00314	0.06665
18	0.00772	0.00610	0.05731	0.00628	0.00784	0.00535	0.00519	0.02933	0.02371	0.06446	0.06064	0.04428	0.19612	0.06942	0.25435	0.00328	0.00570	0.00602	0.14251	0.00438
19	0.00882	0.00545	0.00659	0.00611	0.00778	0.00504	0.00469	0.01132	0.08287	0.16547	0.23519	0.12546	0.27377	0.00942	0.00508	0.00149	0.00269	0.03332	0.00459	0.00484
20	0.00954	0.07779	0.58882	0.01162	0.01703	0.03701	0.03295	0.01458	0.07600	0.02638	0.00902	0.01038	0.00671	0.00615	0.05581	0.00173	0.00651	0.00349	0.00220	0.00630
21	0.01014	0.00724	0.00823	0.00741	0.00916	0.00754	0.00561	0.26353	0.06638	0.05282	0.05703	0.30851	0.10524	0.06241	0.00612	0.00171	0.00347	0.00799	0.00423	0.00523
22	0.00555	0.00404	0.00534	0.00623	0.00667	0.00383	0.00435	0.00649	0.00862	0.01140	0.02501	0.67292	0.08650	0.01473	0.05721	0.00212	0.00323	0.06812	0.00399	0.00366
23	0.00696	0.00560	0.00758	0.00773	0.02128	0.00639	0.00562	0.00787	0.00817	0.02821	0.03904	0.45069	0.07025	0.06456	0.03964	0.00214	0.21177	0.00907	0.00342	0.00402
24	0.04995	0.06160	0.12381	0.05536	0.01459	0.13495	0.07529	0.14974	0.04851	0.14333	0.03090	0.02997	0.00922	0.02123	0.00463	0.00140	0.00534	0.01671	0.01734	0.00612

[dist]
# distance from previous block
# <min> <max>
0	38

[block]
# block no. 5 follows, 59 sequences, length 10
# corresponding to MSA columns:
# 342-351
name=unknown_F
#
# <colnr> <probs for GDERKNQSTAVLIFYWHMCP>
#	G	D	E	R	K	N	Q	S	T	A	V	L	I	F	Y	W	H	M	C	P
0	0.16709	0.07049	0.03662	0.05573	0.15023	0.18624	0.05071	0.01548	0.08170	0.07411	0.02844	0.01066	0.00780	0.00450	0.00392	0.00127	0.00523	0.00354	0.00280	0.04345
1	0.03749	0.00768	0.11226	0.00743	0.00967	0.00566	0.00653	0.01245	0.01040	0.25107	0.12009	0.29741	0.02088	0.00887	0.00490	0.00154	0.00345	0.04625	0.03071	0.00527
2	0.01210	0.63640	0.01990	0.00806	0.01140	0.12104	0.00753	0.04038	0.00994	0.01125	0.00873	0.01087	0.03714	0.00465	0.00330	0.00106	0.00502	0.04353	0.00222	0.00550
3	0.00810	0.00565	0.00685	0.00602	0.00798	0.00474	0.00448	0.00955	0.00949	0.07526	0.10158	0.25142	0.07474	0.05703	0.00548	0.00140	0.00289	0.00692	0.06000	0.30040
4	0.01516	0.25734	0.01555	0.01029	0.01299	0.59557	0.00825	0.01637	0.01150	0.01069	0.00663	0.00771	0.00568	0.00433	0.00365	0.00108	0.00704	0.00271	0.00217	0.00528
5	0.00837	0.00767	0.08385	0.01015	0.10636	0.00627	0.05825	0.01089	0.05147	0.07907	0.11727	0.30240	0.07727	0.00897	0.00503	0.00155	0.00366	0.02990	0.02655	0.00502
6	0.01053	0.00859	0.03884	0.00864	0.05061	0.02997	0.02044	0.04211	0.03802	0.10760	0.03805	0.04537	0.03117	0.03303	0.02992	0.00138	0.06241	0.00416	0.02914	0.37000
7	0.01181	0.84744	0.02314	0.00756	0.01134	0.01748	0.00756	0.01323	0.00897	0.01039	0.00614	0.00708	0.00567	0.00378	0.00283	0.00094	0.00472	0.00236	0.00189	0.00567
8	0.12298	0.18590	0.05071	0.03317	0.07875	0.06795	0.02442	0.12249	0.17753	0.04837	0.01072	0.04032	0.00861	0.00501	0.00390	0.00130	0.00464	0.00388	0.00316	0.00617
9	0.00684	0.00547	0.03030	0.00623	0.00745	0.00484	0.00474	0.05438	0.03234	0.03579	0.09811	0.37352	0.24565	0.03513	0.00580	0.00169	0.00285	0.04054	0.00413	0.00419

[dist]
# distance from previous block
# <min> <max>
1	3

[block]
# block no. 6 follows, 59 sequences, length 30
# corresponding to MSA columns:
# 356-385
name=unknown_G
#
# <colnr> <probs for GDERKNQSTAVLIFYWHMCP>
#	G	D	E	R	K	N	Q	S	T	A	V	L	I	F	Y	W	H	M	C	P
0	0.45716	0.02506	0.02419	0.02674	0.04332	0.12441	0.07436	0.05490	0.02407	0.01696	0.00769	0.03102	0.00636	0.00532	0.02305	0.00151	0.04269	0.00333	0.00267	0.00520
1	0.00746	0.00568	0.00703	0.00691	0.00756	0.06101	0.00514	0.00807	0.00716	0.00976	0.01059	0.01634	0.01010	0.07804	0.48246	0.21387	0.02534	0.00446	0.02954	0.00348
2	0.01254	0.01026	0.01086	0.00930	0.01208	0.01171	0.00737	0.23242	0.59777	0.02099	0.01600	0.01490	0.01188	0.00581	0.00447	0.00145	0.00386	0.00472	0.00447	0.00713
3	0.00955	0.00784	0.00920	0.00659	0.01050	0.00591	0.00528	0.01150	0.00929	0.04411	0.00820	0.00938	0.00670	0.00335	0.00331	0.00068	0.00329	0.00268	0.00272	0.83991
4	0.00552	0.00406	0.00515	0.00588	0.00643	0.00373	0.00407	0.00648	0.00907	0.01192	0.09054	0.59543	0.16049	0.03016	0.00590	0.00177	0.00257	0.04303	0.00413	0.00366
5	0.00752	0.00554	0.00742	0.00822	0.00939	0.00570	0.00710	0.01064	0.09342	0.01377	0.02282	0.04635	0.02417	0.01155	0.00593	0.00198	0.00401	0.70597	0.00411	0.00437
6	0.00767	0.00384	0.00575	0.00575	0.00575	0.00384	0.00384	0.00575	0.00575	0.00767	0.00767	0.01343	0.00767	0.01534	0.01726	0.87150	0.00384	0.00384	0.00192	0.00192
7	0.07504	0.00685	0.00829	0.00671	0.00935	0.00646	0.00544	0.06873	0.01177	0.46390	0.01526	0.01464	0.01040	0.00526	0.00390	0.00126	0.00328	0.00417	0.27299	0.00627
8	0.00722	0.00539	0.00611	0.00584	0.00692	0.00549	0.00417	0.01061	0.16716	0.01427	0.25552	0.04393	0.12732	0.24421	0.00983	0.00223	0.00304	0.01850	0.05801	0.00423
9	0.00944	0.03743	0.02687	0.02307	0.01060	0.03622	0.02075	0.04968	0.03662	0.05646	0.01092	0.03569	0.02647	0.01622	0.29582	0.02104	0.25834	0.00452	0.01900	0.00484
10	0.00555	0.00397	0.00512	0.00590	0.00621	0.00374	0.00391	0.00630	0.00837	0.01114	0.04928	0.65896	0.06280	0.12261	0.02232	0.00219	0.00292	0.01132	0.00391	0.00350
11	0.02895	0.15873	0.15265	0.02703	0.07832	0.31071	0.09606	0.07287	0.01141	0.01334	0.00752	0.00895	0.00600	0.00427	0.00400	0.00122	0.00656	0.00327	0.00229	0.00585
12	0.00927	0.03648	0.01391	0.38602	0.02109	0.10037	0.12856	0.01158	0.00905	0.01132	0.00922	0.04506	0.00808	0.05989	0.09712	0.00225	0.03919	0.00452	0.00221	0.00481
13	0.00850	0.00884	0.06111	0.04338	0.19572	0.00803	0.17578	0.01160	0.06082	0.01383	0.09352	0.16218	0.06985	0.00861	0.05628	0.00184	0.00512	0.00656	0.00306	0.00539
14	0.03914	0.32107	0.12205	0.01086	0.04284	0.11459	0.10934	0.06918	0.01045	0.03169	0.00775	0.00941	0.00639	0.02726	0.00442	0.00125	0.02002	0.00327	0.00233	0.04669
15	0.00763	0.00456	0.00506	0.00516	0.00638	0.00432	0.00400	0.00948	0.02150	0.05048	0.02466	0.08599	0.22960	0.00839	0.00434	0.00137	0.00252	0.11589	0.40449	0.00416
16	0.00819	0.00476	0.00582	0.00562	0.00686	0.00446	0.00423	0.01014	0.02788	0.10701	0.27811	0.16490	0.09350	0.00867	0.00467	0.00140	0.00246	0.03268	0.22418	0.00446
17	0.00881	0.00913	0.08548	0.07662	0.14062	0.03045	0.01803	0.03850	0.16669	0.01530	0.17074	0.10789	0.09894	0.00723	0.00477	0.00145	0.00396	0.00631	0.00358	0.00550
18	0.00898	0.04572	0.45752	0.04605	0.01539	0.00854	0.02507	0.01263	0.02394	0.07550	0.02760	0.19842	0.02259	0.00666	0.00455	0.00148	0.00515	0.00567	0.00279	0.00576
19	0.00538	0.00384	0.00512	0.00615	0.00641	0.00359	0.00410	0.00615	0.00846	0.01127	0.02434	0.84190	0.02921	0.01384	0.00564	0.00179	0.00256	0.01256	0.00410	0.00359
20	0.00569	0.00408	0.00520	0.00589	0.00631	0.00384	0.00402	0.00654	0.00866	0.01147	0.07686	0.54980	0.09266	0.13894	0.00815	0.00213	0.00286	0.05943	0.00393	0.00353
21	0.03127	0.09564	0.05508	0.06258	0.02480	0.43557	0.04451	0.15081	0.03397	0.01444	0.00792	0.00906	0.00626	0.00457	0.00404	0.00122	0.00666	0.00325	0.00263	0.00574
22	0.02471	0.00642	0.00833	0.02333	0.00857	0.00745	0.00568	0.05519	0.00811	0.08286	0.01175	0.04155	0.01170	0.31659	0.16093	0.02651	0.18812	0.00522	0.00281	0.00417
23	0.13556	0.05677	0.05684	0.01126	0.01465	0.04578	0.24447	0.14136	0.01154	0.10050	0.02330	0.01303	0.04069	0.03530	0.01934	0.01697	0.01935	0.00437	0.00308	0.00582
24	0.03102	0.30514	0.07579	0.00814	0.01189	0.01096	0.00762	0.03217	0.03214	0.42424	0.01242	0.01162	0.00857	0.00476	0.00383	0.00122	0.00431	0.00359	0.00384	0.00673
25	0.01108	0.43760	0.28503	0.01077	0.04312	0.04417	0.05631	0.04281	0.00978	0.01259	0.00715	0.00840	0.00582	0.00400	0.00357	0.00116	0.00562	0.00295	0.00202	0.00606
26	0.00754	0.00577	0.00688	0.00607	0.00820	0.00468	0.00453	0.00891	0.00924	0.04892	0.02116	0.31271	0.16829	0.00864	0.00454	0.00125	0.00284	0.00751	0.00355	0.35876
27	0.01040	0.27616	0.07882	0.00999	0.04455	0.12691	0.06328	0.02234	0.00924	0.01139	0.00924	0.04226	0.00862	0.03936	0.18268	0.00259	0.03376	0.02099	0.00227	0.00514
28	0.00714	0.00533	0.00663	0.00778	0.08229	0.02953	0.00478	0.00804	0.00855	0.02766	0.06788	0.30222	0.04940	0.27480	0.01081	0.01505	0.00357	0.04252	0.04222	0.00381
29	0.06362	0.13985	0.05111	0.04389	0.08612	0.10279	0.02256	0.21435	0.08274	0.05990	0.00982	0.01127	0.00776	0.04223	0.02029	0.00153	0.02713	0.00373	0.00312	0.00619

[dist]
# distance from previous block
# <min> <max>
6	25

[block]
# block no. 7 follows, 59 sequences, length 8
# corresponding to MSA columns:
# 411-418
name=unknown_H
#
# <colnr> <probs for GDERKNQSTAVLIFYWHMCP>
#	G	D	E	R	K	N	Q	S	T	A	V	L	I	F	Y	W	H	M	C	P
0	0.01658	0.06400	0.01017	0.00736	0.01029	0.00675	0.00606	0.01829	0.01209	0.60466	0.11707	0.05325	0.01525	0.00616	0.00444	0.00135	0.00351	0.00509	0.03091	0.00669
1	0.00788	0.00703	0.04312	0.02169	0.00866	0.06129	0.01958	0.05505	0.01004	0.01307	0.17810	0.14475	0.14808	0.03890	0.02282	0.15516	0.02692	0.03040	0.00345	0.00399
2	0.01342	0.33944	0.04974	0.00963	0.03214	0.01399	0.03793	0.30096	0.06215	0.04943	0.00992	0.04482	0.00808	0.00498	0.00387	0.00122	0.00476	0.00380	0.00322	0.00648
3	0.00585	0.00426	0.00554	0.00640	0.00690	0.00408	0.00456	0.00718	0.03466	0.01174	0.02473	0.62371	0.07036	0.04246	0.00624	0.00189	0.00286	0.12876	0.00406	0.00375
4	0.00732	0.00466	0.00591	0.00577	0.00694	0.00419	0.00426	0.00884	0.01100	0.10286	0.37793	0.24698	0.17593	0.01030	0.00524	0.00151	0.00242	0.00905	0.00459	0.00430
5	0.01077	0.00931	0.01013	0.01047	0.12118	0.10304	0.00704	0.12567	0.13321	0.04262	0.20994	0.05625	0.04971	0.03977	0.01922	0.00156	0.00418	0.00564	0.00382	0.03645
6	0.00919	0.00829	0.01149	0.00937	0.06340	0.00694	0.09362	0.01130	0.00929	0.01405	0.00960	0.03176	0.02735	0.00421	0.00417	0.00092	0.03654	0.02263	0.00263	0.62324
7	0.29740	0.11582	0.22448	0.00850	0.01214	0.03488	0.00862	0.07159	0.00956	0.04945	0.00906	0.06580	0.00768	0.00687	0.05934	0.00173	0.00517	0.00368	0.00269	0.00554

[dist]
# distance from previous block
# <min> <max>
0	1

[block]
# block no. 8 follows, 59 sequences, length 17
# corresponding to MSA columns:
# 420-430,434-439
name=unknown_I
#
# <colnr> <probs for GDERKNQSTAVLIFYWHMCP>
#	G	D	E	R	K	N	Q	S	T	A	V	L	I	F	Y	W	H	M	C	P
0	0.01373	0.01127	0.03739	0.00962	0.01267	0.03652	0.01856	0.43262	0.20399	0.03370	0.02346	0.05722	0.01046	0.00634	0.01911	0.00147	0.01864	0.00465	0.00411	0.04447
1	0.01247	0.05971	0.27487	0.01163	0.07670	0.00967	0.05758	0.06142	0.05813	0.20352	0.01083	0.01130	0.00771	0.00457	0.00441	0.00130	0.02375	0.00374	0.00314	0.10354
2	0.00704	0.00504	0.00635	0.00675	0.00794	0.00481	0.00554	0.03031	0.01038	0.03678	0.07943	0.09355	0.24000	0.04828	0.00640	0.00189	0.00337	0.39792	0.00412	0.00409
3	0.00800	0.03384	0.03213	0.00762	0.00887	0.02423	0.00619	0.04479	0.00836	0.04430	0.03949	0.01713	0.02311	0.06216	0.56076	0.00538	0.06186	0.00473	0.00265	0.00441
4	0.03289	0.15372	0.46545	0.01096	0.01590	0.07895	0.01249	0.06328	0.03636	0.03974	0.00860	0.01023	0.00660	0.00459	0.00423	0.00133	0.02478	0.02131	0.00234	0.00624
5	0.00635	0.00440	0.00551	0.00555	0.00580	0.00463	0.00358	0.00685	0.00670	0.00916	0.01364	0.05315	0.01499	0.57195	0.26433	0.00505	0.00650	0.00612	0.00263	0.00309
6	0.00889	0.00515	0.00658	0.00636	0.00730	0.00507	0.00454	0.03809	0.00879	0.14845	0.01703	0.19969	0.01770	0.32601	0.12072	0.00336	0.00483	0.06373	0.00358	0.00414
7	0.01045	0.14990	0.19319	0.10396	0.34116	0.04649	0.04944	0.01341	0.00968	0.01311	0.00812	0.02694	0.00674	0.00424	0.00414	0.00130	0.00567	0.00372	0.00209	0.00626
8	0.02647	0.08329	0.10358	0.01110	0.01446	0.06385	0.19152	0.16610	0.07184	0.01622	0.02938	0.05523	0.11335	0.00597	0.00483	0.00140	0.02724	0.00520	0.00314	0.00583
9	0.01108	0.01204	0.01330	0.03823	0.01265	0.18734	0.00951	0.01215	0.00806	0.01069	0.00608	0.00937	0.00578	0.00694	0.01192	0.00175	0.63256	0.00365	0.00201	0.00490
10	0.23660	0.01657	0.05827	0.05417	0.01422	0.46733	0.06569	0.01564	0.01070	0.01358	0.00692	0.00833	0.00553	0.00435	0.00378	0.00125	0.00656	0.00298	0.00235	0.00516
11	0.00610	0.00432	0.00569	0.00632	0.00701	0.00411	0.00464	0.00728	0.00917	0.03086	0.08274	0.47660	0.12372	0.01447	0.07958	0.00223	0.00357	0.12373	0.00403	0.00384
12	0.00657	0.00498	0.00604	0.00623	0.00677	0.02090	0.02184	0.02390	0.03356	0.01098	0.02004	0.38018	0.06278	0.31263	0.03840	0.00281	0.00380	0.03057	0.00347	0.00356
13	0.04619	0.05172	0.07516	0.15565	0.16449	0.11148	0.15719	0.06956	0.09795	0.01476	0.00916	0.01103	0.00708	0.00439	0.00435	0.00136	0.00588	0.00397	0.00256	0.00606
14	0.02999	0.02242	0.01065	0.06861	0.09176	0.10535	0.03561	0.05005	0.03925	0.02750	0.05699	0.11377	0.01337	0.03812	0.18156	0.00275	0.04897	0.03611	0.00294	0.02422
15	0.05231	0.02286	0.02646	0.12556	0.18689	0.04131	0.06167	0.09936	0.10513	0.08765	0.03825	0.04985	0.03459	0.00534	0.00440	0.00137	0.00473	0.00466	0.00323	0.04440
16	0.03903	0.06642	0.04364	0.05034	0.10303	0.10433	0.05752	0.08747	0.10180	0.07493	0.02979	0.05389	0.03497	0.00549	0.00484	0.00133	0.05287	0.00445	0.00313	0.08072

[dist]
# distance from previous block
# <min> <max>
30	138

[block]
# block no. 9 follows, 59 sequences, length 40
# corresponding to MSA columns:
# 588-627
name=unknown_J
#
# <colnr> <probs for GDERKNQSTAVLIFYWHMCP>
#	G	D	E	R	K	N	Q	S	T	A	V	L	I	F	Y	W	H	M	C	P
0	0.09852	0.14723	0.07115	0.00811	0.01115	0.04425	0.01717	0.06726	0.08401	0.06627	0.02405	0.04805	0.04385	0.00717	0.05963	0.00161	0.03792	0.00406	0.00303	0.15549
1	0.05270	0.11961	0.10321	0.03838	0.05330	0.04753	0.03851	0.14292	0.03726	0.05614	0.07090	0.03615	0.07442	0.04467	0.03369	0.00168	0.03538	0.00472	0.00316	0.00565
2	0.03433	0.02068	0.07110	0.03904	0.01072	0.07357	0.02101	0.09604	0.02208	0.07747	0.01998	0.19625	0.15509	0.04448	0.03630	0.00182	0.01500	0.04174	0.00356	0.01974
3	0.08451	0.09772	0.04887	0.02166	0.01855	0.10499	0.03174	0.07230	0.04732	0.05631	0.06673	0.11690	0.02885	0.06420	0.00540	0.00147	0.00437	0.00505	0.00319	0.11986
4	0.01025	0.09140	0.05556	0.04284	0.03943	0.02558	0.12027	0.08059	0.10220	0.05487	0.01387	0.10456	0.05073	0.05439	0.04628	0.00178	0.00498	0.00531	0.00314	0.09195
5	0.04607	0.09596	0.09420	0.00911	0.03080	0.06333	0.02519	0.13332	0.10312	0.02913	0.03058	0.21543	0.03295	0.02664	0.02340	0.00164	0.02417	0.00612	0.00339	0.00548
6	0.04749	0.18199	0.13341	0.04148	0.05240	0.02301	0.05093	0.10397	0.01096	0.01533	0.08409	0.01440	0.04045	0.00513	0.00401	0.00121	0.00460	0.03635	0.01812	0.13067
7	0.02629	0.10828	0.23099	0.08915	0.02524	0.09654	0.03621	0.08177	0.06400	0.03113	0.01042	0.08030	0.00909	0.01957	0.00501	0.00144	0.04244	0.02179	0.00269	0.01767
8	0.05057	0.00452	0.00500	0.00497	0.00514	0.00462	0.00291	0.00682	0.00651	0.00921	0.01343	0.02729	0.01526	0.76615	0.05712	0.00426	0.00457	0.00614	0.00267	0.00284
9	0.01209	0.53859	0.11309	0.00877	0.01245	0.18244	0.00857	0.01387	0.00980	0.01097	0.00845	0.00933	0.04678	0.00436	0.00335	0.00107	0.00547	0.00292	0.00208	0.00556
10	0.00638	0.00447	0.00576	0.00576	0.00608	0.00479	0.00385	0.00703	0.00670	0.00926	0.01306	0.02414	0.01399	0.51027	0.35417	0.00544	0.00739	0.00573	0.00255	0.00320
11	0.03447	0.29727	0.17470	0.03963	0.08257	0.15875	0.02408	0.05067	0.06112	0.01317	0.00785	0.00905	0.00636	0.00432	0.00390	0.00121	0.01950	0.00313	0.00229	0.00596
12	0.00966	0.00967	0.03201	0.13893	0.31355	0.05345	0.03881	0.01206	0.03252	0.01277	0.03739	0.01577	0.05419	0.07690	0.00747	0.00171	0.12294	0.02221	0.00246	0.00552
13	0.00571	0.00428	0.00535	0.00590	0.00664	0.00393	0.00419	0.00700	0.02275	0.01251	0.13023	0.51199	0.18344	0.01230	0.00547	0.00167	0.00254	0.05172	0.00418	0.01819
14	0.00792	0.00802	0.08086	0.00840	0.01014	0.04770	0.07743	0.06133	0.01028	0.02799	0.09057	0.41490	0.07849	0.01010	0.00542	0.00161	0.02137	0.02920	0.00371	0.00457
15	0.01045	0.00881	0.01171	0.01074	0.13268	0.00775	0.04913	0.06883	0.06115	0.04312	0.00923	0.01052	0.00738	0.00446	0.02229	0.00107	0.00413	0.00331	0.00287	0.53037
16	0.14783	0.14453	0.16558	0.07844	0.12958	0.16933	0.01008	0.02956	0.00976	0.01362	0.00750	0.00932	0.00609	0.00596	0.05410	0.00161	0.00609	0.00316	0.00222	0.00564
17	0.01036	0.01245	0.06999	0.01871	0.06318	0.01108	0.71747	0.01411	0.01034	0.01415	0.00885	0.01172	0.00665	0.00376	0.00511	0.00148	0.00728	0.00504	0.00221	0.00604
18	0.00639	0.00456	0.00625	0.00625	0.00677	0.00506	0.00448	0.00742	0.00690	0.00978	0.01261	0.02136	0.01279	0.31532	0.53129	0.00600	0.00902	0.00531	0.01894	0.00351
19	0.00548	0.00435	0.00480	0.00494	0.00603	0.00381	0.00354	0.00657	0.00979	0.01229	0.13911	0.18153	0.50828	0.08130	0.00674	0.00177	0.00245	0.00948	0.00408	0.00367
20	0.01055	0.01428	0.29313	0.01765	0.32777	0.00988	0.06878	0.05894	0.01066	0.05731	0.03593	0.01319	0.04139	0.00475	0.00446	0.00138	0.00550	0.01533	0.00257	0.00655
21	0.00641	0.00432	0.00499	0.00497	0.00506	0.00434	0.00289	0.00659	0.00673	0.00907	0.05019	0.02848	0.01696	0.76422	0.06394	0.00430	0.00458	0.00641	0.00276	0.00281
22	0.01460	0.02988	0.03954	0.00933	0.01233	0.05604	0.00772	0.27343	0.25860	0.17300	0.01370	0.01355	0.01000	0.03303	0.00532	0.00149	0.03298	0.00433	0.00424	0.00689
23	0.01203	0.71152	0.08202	0.00817	0.01213	0.01660	0.00829	0.08344	0.01005	0.01221	0.00667	0.00757	0.00583	0.00395	0.00308	0.00101	0.00487	0.00257	0.00211	0.00590
24	0.03950	0.02917	0.09076	0.00813	0.01024	0.02630	0.01906	0.16423	0.01056	0.05686	0.01259	0.10271	0.01184	0.12478	0.26931	0.00360	0.00693	0.00530	0.00310	0.00501
25	0.04242	0.65379	0.02055	0.00812	0.01170	0.08442	0.00764	0.10416	0.01057	0.01275	0.00671	0.00757	0.00585	0.00403	0.00311	0.00102	0.00496	0.00259	0.00224	0.00580
26	0.00546	0.00461	0.00475	0.00476	0.00620	0.00399	0.00355	0.00699	0.03746	0.01234	0.07151	0.08322	0.71780	0.01107	0.00522	0.00150	0.00229	0.00929	0.00414	0.00385
27	0.00996	0.06330	0.02910	0.04616	0.02373	0.00740	0.00636	0.05033	0.03637	0.05677	0.01117	0.02601	0.03535	0.01899	0.00408	0.00102	0.00372	0.04782	0.00297	0.51939
28	0.05008	0.05363	0.05835	0.10157	0.10161	0.01110	0.22025	0.19310	0.03311	0.07556	0.02206	0.01148	0.00765	0.00447	0.00443	0.00135	0.00550	0.00418	0.00303	0.03748
29	0.00566	0.00437	0.00512	0.00558	0.00640	0.00403	0.00389	0.00709	0.04537	0.01192	0.05807	0.44449	0.31443	0.05454	0.00627	0.00178	0.00256	0.01057	0.00407	0.00377
30	0.00659	0.00461	0.00581	0.00637	0.00712	0.00438	0.00454	0.05259	0.00960	0.03790	0.02567	0.61890	0.11983	0.01266	0.00551	0.00173	0.00280	0.06523	0.00416	0.00399
31	0.01296	0.56541	0.07984	0.00877	0.01246	0.15957	0.00840	0.05964	0.01042	0.03722	0.00701	0.00786	0.00594	0.00409	0.00328	0.00105	0.00541	0.00267	0.00221	0.00580
32	0.00601	0.00440	0.00611	0.00660	0.00716	0.00461	0.00481	0.00736	0.02096	0.01118	0.04572	0.39469	0.02136	0.05832	0.33357	0.00401	0.00641	0.04957	0.00338	0.00379
33	0.00549	0.00431	0.00497	0.00521	0.00627	0.00379	0.00379	0.00670	0.01006	0.01283	0.17977	0.26702	0.43643	0.01156	0.00535	0.00157	0.00234	0.02453	0.00424	0.00378
34	0.00748	0.00584	0.05511	0.00576	0.00686	0.00487	0.00432	0.00871	0.02639	0.07220	0.13151	0.04376	0.13691	0.43916	0.01399	0.00292	0.00372	0.02328	0.00345	0.00378
35	0.10838	0.10700	0.07687	0.02920	0.11072	0.07866	0.02583	0.29926	0.08953	0.01938	0.00943	0.01017	0.00716	0.00470	0.00402	0.00130	0.00506	0.00359	0.00322	0.00653
36	0.00555	0.00395	0.00504	0.00590	0.00634	0.00366	0.00402	0.00644	0.00870	0.01165	0.02593	0.70102	0.11003	0.01308	0.00547	0.00173	0.00253	0.02582	0.04951	0.00364
37	0.00874	0.02069	0.03180	0.22023	0.01561	0.01910	0.00766	0.01092	0.00875	0.01276	0.00823	0.01087	0.00687	0.00766	0.11014	0.00178	0.04359	0.00330	0.00235	0.44895
38	0.03297	0.01247	0.09720	0.03173	0.07220	0.14622	0.08545	0.12706	0.11322	0.05453	0.03048	0.04728	0.04503	0.06341	0.00588	0.00159	0.01947	0.00477	0.00320	0.00585
39	0.01085	0.01099	0.03376	0.07555	0.48423	0.07887	0.06114	0.03604	0.06329	0.01426	0.01025	0.08182	0.00910	0.00503	0.00451	0.00137	0.00533	0.00471	0.00255	0.00635

[dist]
# distance from previous block
# <min> <max>
0	3

[block]
# block no. 10 follows, 59 sequences, length 23
# corresponding to MSA columns:
# 631-653
name=unknown_K
#
# <colnr> <probs for GDERKNQSTAVLIFYWHMCP>
#	G	D	E	R	K	N	Q	S	T	A	V	L	I	F	Y	W	H	M	C	P
0	0.00804	0.00803	0.05742	0.05992	0.05497	0.03827	0.06804	0.02134	0.01923	0.01141	0.01109	0.06180	0.01052	0.08271	0.37849	0.00427	0.09246	0.00500	0.00243	0.00458
1	0.01096	0.01051	0.01598	0.01183	0.01542	0.05374	0.28280	0.07272	0.02662	0.03805	0.00867	0.01052	0.00682	0.00418	0.00516	0.00118	0.08177	0.00385	0.00266	0.33656
2	0.01047	0.01087	0.01323	0.01143	0.01181	0.10046	0.00940	0.01208	0.05125	0.01108	0.00657	0.00985	0.00621	0.00729	0.01282	0.00182	0.70245	0.00382	0.00211	0.00498
3	0.01161	0.12593	0.04453	0.05833	0.34729	0.17108	0.01059	0.02505	0.02097	0.02392	0.02878	0.03133	0.00938	0.00513	0.00427	0.00131	0.00551	0.06653	0.00250	0.00596
4	0.01131	0.00918	0.01000	0.00841	0.01137	0.00970	0.00663	0.07027	0.52570	0.05485	0.01499	0.01424	0.01128	0.00526	0.00419	0.00127	0.00354	0.00432	0.00407	0.21943
5	0.00956	0.00841	0.01022	0.05192	0.19637	0.05616	0.00757	0.04149	0.20273	0.01544	0.08025	0.06450	0.13167	0.00667	0.00450	0.00138	0.00383	0.00572	0.09600	0.00561
6	0.00682	0.00479	0.00613	0.00604	0.00717	0.00480	0.00456	0.00854	0.03137	0.05512	0.11609	0.10989	0.23810	0.03954	0.30732	0.00362	0.00593	0.00718	0.03287	0.00412
7	0.00991	0.00780	0.00919	0.00667	0.01044	0.00602	0.00534	0.02781	0.00975	0.06784	0.03865	0.01046	0.00816	0.00367	0.00344	0.00074	0.00329	0.00296	0.00292	0.76492
8	0.01949	0.00803	0.01057	0.00810	0.01153	0.00726	0.00669	0.10482	0.01351	0.73577	0.01670	0.01456	0.01057	0.00545	0.00444	0.00136	0.00388	0.00439	0.00535	0.00752
9	0.06294	0.00841	0.01045	0.00812	0.01146	0.00800	0.00669	0.15198	0.04320	0.60280	0.01617	0.01439	0.02354	0.00548	0.00436	0.00137	0.00389	0.00436	0.00509	0.00729
10	0.00553	0.00436	0.00499	0.00511	0.00622	0.00382	0.00372	0.00683	0.01039	0.01334	0.24638	0.20354	0.44778	0.01115	0.00530	0.00153	0.00226	0.00963	0.00430	0.00382
11	0.00632	0.00469	0.00544	0.00544	0.00667	0.00424	0.00400	0.00816	0.04685	0.04365	0.23593	0.20585	0.38512	0.01074	0.00524	0.00152	0.00238	0.00928	0.00436	0.00410
12	0.00639	0.00441	0.00544	0.00544	0.00566	0.00462	0.00346	0.00682	0.00661	0.00903	0.01334	0.02573	0.01468	0.62190	0.24348	0.00506	0.00635	0.00596	0.00259	0.00302
13	0.01042	0.01191	0.02606	0.01862	0.02308	0.01117	0.80119	0.01415	0.01042	0.01415	0.00894	0.01191	0.00670	0.00372	0.00521	0.00149	0.00745	0.00521	0.00223	0.00596
14	0.00802	0.00479	0.00537	0.00548	0.00648	0.00482	0.00408	0.07578	0.01004	0.01566	0.01763	0.26955	0.01726	0.00821	0.00415	0.00134	0.00256	0.05171	0.48284	0.00424
15	0.00576	0.00440	0.00532	0.00556	0.00650	0.00401	0.00402	0.00734	0.02862	0.01366	0.27420	0.31331	0.27267	0.01133	0.00536	0.00157	0.00237	0.02574	0.00434	0.00390
16	0.00839	0.00791	0.01326	0.80620	0.02978	0.00994	0.01218	0.01126	0.00876	0.01126	0.00778	0.01170	0.00588	0.00453	0.00476	0.00149	0.03413	0.00392	0.00196	0.00490
17	0.00641	0.00482	0.00706	0.00701	0.00770	0.00562	0.00537	0.00783	0.00703	0.01011	0.01186	0.01821	0.01136	0.10729	0.73134	0.00670	0.03319	0.00486	0.00238	0.00385
18	0.01838	0.00861	0.01075	0.00829	0.01165	0.00819	0.00683	0.21897	0.01458	0.58216	0.01695	0.01517	0.04696	0.00569	0.00447	0.00136	0.00397	0.00455	0.00514	0.00734
19	0.01144	0.28470	0.08515	0.06803	0.01333	0.01322	0.00903	0.08822	0.00959	0.07073	0.00784	0.00998	0.00660	0.01932	0.02533	0.02373	0.24230	0.00344	0.00243	0.00558
20	0.04925	0.04946	0.01154	0.07577	0.07315	0.08699	0.03662	0.03893	0.00918	0.01275	0.04146	0.14226	0.03289	0.04376	0.01894	0.00173	0.21637	0.00548	0.04866	0.00481
21	0.01021	0.00967	0.01487	0.06357	0.56478	0.04222	0.01126	0.03504	0.01033	0.01414	0.04364	0.03224	0.07304	0.03651	0.00519	0.00146	0.00491	0.01816	0.00259	0.00618
22	0.00855	0.00665	0.00993	0.09338	0.21038	0.00665	0.00765	0.03703	0.01077	0.06001	0.22744	0.18812	0.06334	0.00821	0.00498	0.00149	0.00363	0.04299	0.00370	0.00510

[dist]
# distance from previous block
# <min> <max>
0	3

[block]
# block no. 11 follows, 59 sequences, length 17
# corresponding to MSA columns:
# 657-673
name=unknown_L
#
# <colnr> <probs for GDERKNQSTAVLIFYWHMCP>
#	G	D	E	R	K	N	Q	S	T	A	V	L	I	F	Y	W	H	M	C	P
0	0.01109	0.11052	0.05296	0.11733	0.11401	0.05149	0.02102	0.06483	0.07210	0.07346	0.03802	0.01330	0.00938	0.05234	0.00508	0.00137	0.00468	0.01940	0.00291	0.16469
1	0.08893	0.10540	0.24061	0.01083	0.05395	0.01085	0.06035	0.13744	0.07669	0.06632	0.02367	0.02477	0.03551	0.00492	0.00410	0.00132	0.00495	0.00397	0.00301	0.04241
2	0.00658	0.00541	0.03792	0.00702	0.00789	0.00484	0.00539	0.05257	0.02799	0.01281	0.02262	0.61219	0.02607	0.01252	0.00556	0.00178	0.00312	0.13962	0.00403	0.00408
3	0.00846	0.00629	0.00734	0.00663	0.00830	0.00640	0.00510	0.07905	0.17777	0.04634	0.44124	0.05028	0.12242	0.00834	0.00498	0.00143	0.00270	0.00718	0.00466	0.00509
4	0.00991	0.10125	0.49798	0.01312	0.06334	0.03256	0.10285	0.01410	0.02866	0.03559	0.00884	0.03671	0.00691	0.00457	0.00448	0.00138	0.02550	0.00381	0.00217	0.00627
5	0.01330	0.01184	0.01070	0.00936	0.02845	0.19118	0.00702	0.32595	0.08674	0.01788	0.01161	0.01623	0.01027	0.20280	0.00863	0.00202	0.00527	0.03161	0.00348	0.00567
6	0.00595	0.00435	0.00534	0.00581	0.00641	0.00413	0.00404	0.00717	0.02975	0.01187	0.10883	0.38235	0.14764	0.17833	0.00890	0.00221	0.00296	0.07644	0.00390	0.00362
7	0.00758	0.00493	0.00606	0.00597	0.00674	0.00488	0.00421	0.00865	0.02656	0.08496	0.06450	0.15494	0.12416	0.33707	0.05303	0.00294	0.03186	0.06359	0.00356	0.00381
8	0.03127	0.34658	0.07771	0.05103	0.01307	0.15841	0.00876	0.04523	0.00954	0.01167	0.00700	0.00927	0.00625	0.03806	0.01924	0.00147	0.15482	0.00313	0.00213	0.00536
9	0.00710	0.00480	0.00580	0.00619	0.00692	0.00476	0.00434	0.09065	0.00984	0.01384	0.02092	0.59142	0.02351	0.03275	0.00550	0.00168	0.00276	0.01004	0.15313	0.00407
10	0.01121	0.00690	0.00787	0.00671	0.00829	0.00717	0.00494	0.22397	0.01150	0.12306	0.01343	0.01999	0.01222	0.36101	0.05898	0.00287	0.00454	0.00513	0.10533	0.00487
11	0.00670	0.00511	0.00601	0.00625	0.00711	0.00513	0.00437	0.02689	0.13484	0.01299	0.08453	0.42243	0.12425	0.12310	0.00760	0.00200	0.00291	0.00960	0.00404	0.00415
12	0.01295	0.00990	0.01198	0.00994	0.01281	0.05625	0.10023	0.02128	0.48637	0.18352	0.03503	0.01555	0.01238	0.00561	0.00456	0.00145	0.00423	0.00485	0.00431	0.00681
13	0.00942	0.00895	0.01519	0.49930	0.35689	0.01010	0.01280	0.01223	0.00934	0.01259	0.00804	0.01142	0.00635	0.00422	0.00440	0.00141	0.00562	0.00393	0.00206	0.00577
14	0.00541	0.00422	0.00491	0.00529	0.00622	0.00372	0.00376	0.00650	0.00970	0.01236	0.12900	0.36864	0.40050	0.01201	0.00539	0.00160	0.00235	0.01049	0.00419	0.00372
15	0.00795	0.00628	0.00949	0.39550	0.01819	0.00714	0.00823	0.03692	0.00929	0.04370	0.01560	0.25058	0.05231	0.00930	0.05149	0.00186	0.00476	0.02094	0.04592	0.00456
16	0.01503	0.01051	0.01119	0.00909	0.01212	0.05720	0.00729	0.33517	0.19855	0.18443	0.01411	0.05983	0.01066	0.00583	0.00443	0.00136	0.00429	0.00466	0.00442	0.04985

[dist]
# distance from previous block
# <min> <max>
2	60

[block]
# block no. 12 follows, 59 sequences, length 26
# corresponding to MSA columns:
# 734-759
name=unknown_M
#
# <colnr> <probs for GDERKNQSTAVLIFYWHMCP>
#	G	D	E	R	K	N	Q	S	T	A	V	L	I	F	Y	W	H	M	C	P
0	0.22581	0.01096	0.06574	0.02761	0.05283	0.06568	0.09714	0.12264	0.03501	0.04959	0.03290	0.02259	0.03285	0.00481	0.00414	0.00129	0.01950	0.00385	0.00303	0.12204
1	0.02504	0.04378	0.04170	0.03287	0.09922	0.13652	0.08430	0.12254	0.06751	0.20062	0.01094	0.01146	0.00796	0.00483	0.00471	0.00131	0.04092	0.00390	0.00341	0.05645
2	0.59605	0.00853	0.00880	0.00743	0.01011	0.00948	0.08520	0.03755	0.06098	0.01890	0.08018	0.04146	0.00982	0.00502	0.00348	0.00140	0.00372	0.00377	0.00309	0.00503
3	0.01194	0.82425	0.02285	0.00766	0.01140	0.04020	0.00758	0.01335	0.00907	0.01040	0.00616	0.00711	0.00567	0.00380	0.00287	0.00095	0.00481	0.00238	0.00190	0.00565
4	0.00525	0.00448	0.00452	0.00451	0.00598	0.00374	0.00338	0.00640	0.01014	0.01210	0.06673	0.04223	0.79335	0.01112	0.00522	0.00149	0.00223	0.00928	0.00412	0.00374
5	0.00626	0.00462	0.00587	0.00571	0.00673	0.00434	0.00422	0.00852	0.04407	0.01648	0.62368	0.14429	0.08916	0.00971	0.00524	0.00146	0.00222	0.00858	0.00469	0.00417
6	0.00817	0.02441	0.00963	0.03068	0.10129	0.00697	0.05079	0.07923	0.09223	0.01418	0.03296	0.43194	0.04296	0.00992	0.00516	0.00162	0.00362	0.04557	0.00376	0.00491
7	0.00768	0.00759	0.01400	0.01165	0.04395	0.00712	0.32177	0.00981	0.00971	0.01283	0.04152	0.26905	0.18915	0.00861	0.00551	0.00158	0.02217	0.00831	0.00326	0.00473
8	0.11923	0.01158	0.01208	0.00940	0.01273	0.01286	0.00775	0.67595	0.01871	0.02641	0.01023	0.01043	0.00734	0.00515	0.00416	0.00132	0.00457	0.00379	0.03926	0.00705
9	0.00631	0.00473	0.00710	0.00710	0.00789	0.00552	0.00552	0.00789	0.00710	0.01025	0.01183	0.01735	0.01104	0.03312	0.82728	0.00710	0.01183	0.00473	0.00237	0.00394
10	0.00834	0.00433	0.00619	0.00604	0.00632	0.00439	0.00413	0.00746	0.05637	0.03930	0.00869	0.01368	0.00816	0.01438	0.01597	0.78384	0.00381	0.00393	0.00221	0.00245
11	0.00544	0.00402	0.00502	0.00579	0.00629	0.00368	0.00394	0.00626	0.00871	0.01131	0.02785	0.62531	0.18476	0.05568	0.00642	0.00187	0.00262	0.02744	0.00403	0.00358
12	0.17455	0.01167	0.01201	0.00936	0.01275	0.01300	0.00773	0.65754	0.01833	0.02636	0.00979	0.00997	0.00701	0.00508	0.00411	0.00133	0.00460	0.00369	0.00411	0.00701
13	0.01227	0.00687	0.00842	0.00711	0.00927	0.00688	0.00566	0.14480	0.05265	0.24081	0.22102	0.01946	0.01849	0.00947	0.09765	0.00198	0.00418	0.00530	0.12196	0.00576
14	0.00545	0.00404	0.00509	0.00576	0.00634	0.00368	0.00396	0.00643	0.00922	0.01212	0.11680	0.59630	0.18310	0.01278	0.00551	0.00169	0.00245	0.01142	0.00419	0.00368
15	0.01399	0.03621	0.01523	0.01214	0.01501	0.37724	0.18442	0.09054	0.10102	0.04046	0.02896	0.01104	0.00809	0.00481	0.00462	0.00130	0.02747	0.00393	0.01775	0.00578
