[name]
unknown

[dist]
# distance from previous block
# <min> <max>
0	66

[block]
# block no. 0 follows, 71 sequences, length 9
# corresponding to MSA columns:
# 81-89
name=unknown_A
#
# <colnr> <probs for GDERKNQSTAVLIFYWHMCP>
#	G	D	E	R	K	N	Q	S	T	A	V	L	I	F	Y	W	H	M	C	P
0	0.03266	0.00711	0.00876	0.00750	0.00923	0.00792	0.00607	0.07943	0.19737	0.22620	0.10930	0.03817	0.02927	0.00614	0.00577	0.00135	0.17525	0.04363	0.00363	0.00525
1	0.01164	0.00802	0.00882	0.00726	0.00954	0.00860	0.00581	0.44106	0.09053	0.09094	0.01430	0.12276	0.07016	0.00598	0.00392	0.00121	0.00338	0.00488	0.08566	0.00553
2	0.00487	0.00342	0.00439	0.00508	0.00526	0.00325	0.00329	0.00539	0.00695	0.00927	0.01915	0.67888	0.02285	0.19930	0.00810	0.00203	0.00255	0.00973	0.00329	0.00294
3	0.00856	0.00608	0.00704	0.00618	0.00785	0.00623	0.00484	0.17507	0.13129	0.07348	0.34806	0.06515	0.10997	0.00707	0.00429	0.00125	0.00265	0.02623	0.00401	0.00469
4	0.00958	0.00883	0.01387	0.12389	0.57278	0.00929	0.01057	0.07107	0.11647	0.01348	0.00840	0.01019	0.00672	0.00378	0.00382	0.00118	0.00440	0.00354	0.00227	0.00588
5	0.13537	0.25132	0.29589	0.00851	0.01219	0.17981	0.00893	0.01275	0.00847	0.04587	0.00638	0.00726	0.00498	0.00364	0.00311	0.00105	0.00500	0.00248	0.00193	0.00504
6	0.01033	0.01156	0.13087	0.09875	0.12858	0.12629	0.12165	0.09782	0.09532	0.05184	0.02128	0.00994	0.00683	0.00394	0.00379	0.00114	0.00494	0.00344	0.00246	0.06923
7	0.00666	0.00477	0.00556	0.02511	0.00646	0.00459	0.00357	0.02382	0.05287	0.04784	0.01605	0.02229	0.15532	0.41172	0.08125	0.00273	0.00382	0.00522	0.00272	0.11761
8	0.00780	0.00574	0.00647	0.00577	0.00738	0.00578	0.00447	0.15457	0.11626	0.05303	0.25331	0.09152	0.25731	0.00766	0.00432	0.00126	0.00253	0.00649	0.00389	0.00443

[dist]
# distance from previous block
# <min> <max>
1	6

[block]
# block no. 1 follows, 71 sequences, length 13
# corresponding to MSA columns:
# 96-108
name=unknown_B
#
# <colnr> <probs for GDERKNQSTAVLIFYWHMCP>
#	G	D	E	R	K	N	Q	S	T	A	V	L	I	F	Y	W	H	M	C	P
0	0.00590	0.00513	0.02816	0.00584	0.00717	0.00457	0.05372	0.05953	0.03684	0.01235	0.17417	0.26345	0.31052	0.00899	0.00454	0.00134	0.00255	0.00790	0.00356	0.00376
1	0.00890	0.02498	0.12402	0.01305	0.01681	0.05739	0.51026	0.01195	0.02218	0.01204	0.00799	0.04091	0.00643	0.00363	0.00410	0.00117	0.00566	0.00408	0.00203	0.12241
2	0.12146	0.22325	0.07550	0.03487	0.14567	0.09202	0.00817	0.05585	0.03879	0.02123	0.00650	0.00794	0.00542	0.00416	0.00468	0.00116	0.14345	0.00280	0.00205	0.00503
3	0.01632	0.00494	0.00692	0.09880	0.09562	0.00493	0.00525	0.00851	0.03075	0.03180	0.49697	0.05480	0.06792	0.01645	0.00442	0.00124	0.00257	0.00605	0.04173	0.00402
4	0.00483	0.00355	0.00455	0.00509	0.00555	0.00336	0.00350	0.00564	0.00754	0.00998	0.07183	0.55097	0.14895	0.06761	0.08620	0.00207	0.00302	0.00924	0.00338	0.00314
5	0.06490	0.00690	0.00785	0.00572	0.00900	0.00550	0.00459	0.03315	0.00823	0.03270	0.00759	0.00854	0.02138	0.00311	0.00289	0.00065	0.00288	0.00244	0.00241	0.76956
6	0.00934	0.00834	0.02149	0.00657	0.00982	0.08606	0.01893	0.04383	0.02802	0.05442	0.00746	0.00835	0.00596	0.00319	0.00305	0.00070	0.00341	0.00251	0.00245	0.67609
7	0.00496	0.00389	0.00450	0.00444	0.00551	0.00343	0.00334	0.00630	0.00956	0.01246	0.37049	0.06778	0.44471	0.00906	0.00457	0.00128	0.00195	0.03452	0.00383	0.00340
8	0.00949	0.00833	0.00825	0.00734	0.00933	0.06843	0.00568	0.09907	0.52744	0.01545	0.06905	0.01678	0.09118	0.04117	0.00461	0.00136	0.00328	0.00469	0.00368	0.00542
9	0.00462	0.00388	0.00402	0.00406	0.00528	0.00328	0.00305	0.00563	0.00879	0.01059	0.07476	0.06762	0.75324	0.00973	0.00456	0.00131	0.00198	0.02677	0.00359	0.00326
10	0.01040	0.00843	0.00934	0.00744	0.04071	0.04244	0.00573	0.24429	0.01107	0.04241	0.00801	0.02434	0.00639	0.00364	0.00326	0.00081	0.00347	0.00287	0.00280	0.52217
11	0.03147	0.00778	0.01207	0.43965	0.23645	0.02313	0.02855	0.01145	0.08679	0.01161	0.02627	0.01056	0.00670	0.00388	0.00377	0.00120	0.00459	0.00349	0.00208	0.04852
12	0.06874	0.49053	0.10644	0.00806	0.02529	0.09531	0.03384	0.08030	0.00907	0.04209	0.00635	0.00714	0.00522	0.00357	0.00294	0.00096	0.00454	0.00246	0.00203	0.00512

[dist]
# distance from previous block
# <min> <max>
1	68

[block]
# block no. 2 follows, 71 sequences, length 9
# corresponding to MSA columns:
# 178-186
name=unknown_C
#
# <colnr> <probs for GDERKNQSTAVLIFYWHMCP>
#	G	D	E	R	K	N	Q	S	T	A	V	L	I	F	Y	W	H	M	C	P
0	0.00965	0.07220	0.05472	0.06500	0.18719	0.16323	0.10628	0.04907	0.04818	0.01177	0.00987	0.08000	0.04585	0.00470	0.00402	0.00115	0.02675	0.00405	0.00228	0.05402
1	0.03045	0.01074	0.00989	0.02816	0.04527	0.19356	0.00676	0.24550	0.25975	0.04848	0.01262	0.01241	0.06954	0.00494	0.00379	0.00118	0.00426	0.00383	0.00330	0.00557
2	0.00933	0.00775	0.00826	0.00744	0.00948	0.00882	0.00583	0.07262	0.65435	0.01611	0.04383	0.01642	0.03805	0.00560	0.00395	0.00129	0.00301	0.04034	0.04182	0.00571
3	0.00631	0.00500	0.00567	0.00539	0.00667	0.00499	0.00408	0.04540	0.16888	0.01359	0.28760	0.10612	0.26712	0.02738	0.00477	0.00135	0.00232	0.02951	0.00382	0.00403
4	0.00477	0.00358	0.00443	0.00487	0.00549	0.00324	0.00340	0.00572	0.00834	0.01095	0.17370	0.49924	0.23699	0.01066	0.00473	0.00143	0.00208	0.00946	0.00368	0.00324
5	0.00502	0.00390	0.00456	0.00439	0.00548	0.00344	0.00330	0.00644	0.00989	0.01308	0.47319	0.03242	0.40373	0.00869	0.00453	0.00125	0.00187	0.00746	0.00392	0.00344
6	0.01025	0.86756	0.02009	0.00656	0.00984	0.01517	0.00656	0.01148	0.00779	0.00902	0.00533	0.00615	0.00492	0.00328	0.00246	0.00082	0.00410	0.00205	0.00164	0.00492
7	0.00959	0.00802	0.00844	0.00755	0.00967	0.00923	0.00589	0.05527	0.74098	0.01628	0.01511	0.01408	0.01135	0.00512	0.00381	0.00127	0.00300	0.00424	0.06518	0.00592
8	0.03170	0.04568	0.01025	0.00811	0.01056	0.08907	0.02993	0.32223	0.23148	0.01735	0.03007	0.05768	0.02981	0.00525	0.00383	0.00118	0.00390	0.02497	0.00341	0.04356

[dist]
# distance from previous block
# <min> <max>
0	6

[block]
# block no. 3 follows, 71 sequences, length 56
# corresponding to MSA columns:
# 193-248
name=unknown_D
#
# <colnr> <probs for GDERKNQSTAVLIFYWHMCP>
#	G	D	E	R	K	N	Q	S	T	A	V	L	I	F	Y	W	H	M	C	P
0	0.01070	0.54320	0.09343	0.05207	0.04962	0.12101	0.00781	0.03813	0.00867	0.03561	0.00614	0.00710	0.00517	0.00352	0.00292	0.00094	0.00466	0.00241	0.00186	0.00505
1	0.00775	0.00719	0.00759	0.11253	0.02386	0.12610	0.00574	0.02009	0.05245	0.03300	0.04487	0.22352	0.13905	0.00735	0.00461	0.00128	0.04831	0.04480	0.00293	0.08700
2	0.02581	0.05648	0.05829	0.00718	0.00960	0.04488	0.02443	0.07681	0.12441	0.14188	0.06701	0.03347	0.07882	0.00599	0.00397	0.00121	0.00351	0.13222	0.00336	0.10066
3	0.05600	0.00852	0.03036	0.02614	0.02094	0.05355	0.04941	0.16282	0.17257	0.15297	0.02513	0.02935	0.01793	0.00559	0.00423	0.00128	0.02650	0.11978	0.00345	0.03345
4	0.00539	0.00406	0.00506	0.00565	0.00619	0.00405	0.00391	0.00755	0.12561	0.01086	0.04518	0.70236	0.03771	0.01087	0.00473	0.00151	0.00232	0.00980	0.00363	0.00355
5	0.00991	0.03457	0.01616	0.01252	0.04658	0.07745	0.37015	0.01200	0.00858	0.09219	0.04554	0.01065	0.00738	0.00513	0.02721	0.00145	0.21137	0.00400	0.00225	0.00492
6	0.01746	0.02131	0.03562	0.18667	0.29620	0.02534	0.05104	0.17559	0.01016	0.02708	0.00807	0.02468	0.00658	0.00540	0.04627	0.00146	0.03990	0.01348	0.00234	0.00539
7	0.00745	0.01674	0.66365	0.01026	0.01497	0.00817	0.04588	0.02364	0.02316	0.01206	0.00915	0.13040	0.00797	0.00486	0.00387	0.00127	0.00514	0.00409	0.00198	0.00530
8	0.00466	0.00348	0.00433	0.00499	0.00548	0.00315	0.00341	0.00542	0.00774	0.01004	0.04290	0.65417	0.21351	0.01139	0.00480	0.00149	0.00215	0.01017	0.00357	0.00315
9	0.00876	0.00836	0.01424	0.29386	0.57671	0.00892	0.01140	0.01113	0.00839	0.01164	0.00708	0.00973	0.00576	0.00355	0.00381	0.00118	0.00474	0.00341	0.00183	0.00548
10	0.00983	0.01156	0.13283	0.18508	0.06224	0.11681	0.19667	0.13962	0.03631	0.01325	0.00880	0.03405	0.02697	0.00420	0.00396	0.00122	0.00534	0.00382	0.00229	0.00515
11	0.02595	0.00624	0.00820	0.00642	0.00914	0.00546	0.00526	0.03317	0.01074	0.69822	0.01828	0.01630	0.12797	0.00544	0.00393	0.00120	0.00309	0.00443	0.00453	0.00603
12	0.01073	0.70588	0.01838	0.00720	0.01013	0.13149	0.00677	0.01190	0.00812	0.00908	0.00540	0.00637	0.00493	0.00355	0.00311	0.00089	0.04739	0.00217	0.00169	0.00482
13	0.00640	0.00457	0.00568	0.00516	0.00627	0.00442	0.00393	0.08720	0.01142	0.01618	0.72088	0.02610	0.03209	0.00737	0.00437	0.00119	0.00204	0.00644	0.04439	0.00390
14	0.00455	0.00382	0.00395	0.00405	0.00522	0.00322	0.00299	0.00548	0.00858	0.01029	0.03679	0.13243	0.74557	0.00998	0.00457	0.00133	0.00197	0.00842	0.00356	0.00322
15	0.00621	0.00334	0.00484	0.00504	0.00511	0.00329	0.00337	0.00517	0.00561	0.00756	0.01013	0.20801	0.01105	0.01281	0.01237	0.66310	0.00304	0.00508	0.02283	0.00204
16	0.00467	0.00335	0.00444	0.00531	0.00555	0.00312	0.00355	0.00534	0.00737	0.00980	0.02151	0.84535	0.04252	0.01196	0.00489	0.00155	0.00222	0.01084	0.00356	0.00312
17	0.00530	0.00389	0.00487	0.00466	0.00560	0.00354	0.00348	0.00694	0.01034	0.01438	0.66663	0.05434	0.16360	0.00818	0.00449	0.00122	0.00184	0.00715	0.02599	0.00354
18	0.00548	0.00410	0.00610	0.00610	0.00677	0.00476	0.00472	0.00681	0.00614	0.00886	0.01033	0.01537	0.00972	0.05437	0.82462	0.00609	0.01007	0.00415	0.00206	0.00339
19	0.01377	0.02197	0.01046	0.00824	0.01089	0.13026	0.00667	0.55382	0.01525	0.07572	0.00960	0.02296	0.00709	0.00460	0.00367	0.00111	0.00427	0.00345	0.09034	0.00586
20	0.05049	0.81300	0.01927	0.00655	0.00977	0.03000	0.00647	0.01154	0.00779	0.00940	0.00534	0.00617	0.00489	0.00331	0.00247	0.00084	0.00410	0.00206	0.00168	0.00488
21	0.00791	0.00772	0.01065	0.03222	0.04469	0.02526	0.00774	0.00886	0.00639	0.00952	0.00763	0.13063	0.00809	0.00758	0.02768	0.00169	0.62840	0.00442	0.00198	0.02095
22	0.00690	0.07059	0.22560	0.00885	0.01145	0.00729	0.12484	0.00932	0.00719	0.01023	0.00869	0.01196	0.00750	0.01683	0.45092	0.00381	0.00810	0.00369	0.00190	0.00436
23	0.01223	0.00957	0.01019	0.00835	0.01100	0.01079	0.00672	0.45203	0.39837	0.02038	0.01219	0.01158	0.00894	0.00488	0.00387	0.00122	0.00367	0.00386	0.00387	0.00631
24	0.00584	0.00420	0.00603	0.00597	0.00673	0.00483	0.00464	0.02545	0.00661	0.00977	0.01046	0.01486	0.00954	0.02586	0.74903	0.00554	0.00931	0.00404	0.08776	0.00351
25	0.00890	0.09082	0.63043	0.01058	0.01546	0.12959	0.03838	0.01254	0.00850	0.01149	0.00664	0.00783	0.00490	0.00364	0.00354	0.00115	0.00574	0.00277	0.00168	0.00541
26	0.00731	0.00690	0.01158	0.81727	0.03980	0.00862	0.01060	0.00981	0.00763	0.00983	0.00677	0.01016	0.00513	0.00391	0.00409	0.00129	0.02991	0.00341	0.00171	0.00429
27	0.00491	0.00395	0.00439	0.00430	0.00545	0.00346	0.00322	0.00630	0.02252	0.01208	0.30061	0.06115	0.53591	0.00910	0.00453	0.00127	0.00193	0.00775	0.00378	0.00340
28	0.01291	0.00880	0.00997	0.00795	0.01054	0.00952	0.00648	0.52834	0.04678	0.12530	0.01074	0.04151	0.00820	0.00832	0.12474	0.00188	0.00481	0.00387	0.00365	0.02570
29	0.00514	0.00574	0.12459	0.00612	0.00716	0.00398	0.00509	0.00637	0.00749	0.01014	0.01941	0.68935	0.04379	0.02360	0.00493	0.00154	0.00276	0.02606	0.00326	0.00348
30	0.00649	0.00550	0.00774	0.00717	0.00751	0.00699	0.00562	0.00745	0.00597	0.00877	0.00878	0.01443	0.00874	0.15789	0.42892	0.00423	0.29824	0.00409	0.00197	0.00351
31	0.00666	0.00333	0.00500	0.00500	0.00500	0.00333	0.00333	0.00500	0.00500	0.00666	0.00666	0.01166	0.00666	0.01332	0.01499	0.88844	0.00333	0.00333	0.00167	0.00167
32	0.00568	0.00413	0.00555	0.00628	0.00709	0.00401	0.00521	0.00716	0.00865	0.01125	0.06480	0.18874	0.11594	0.01060	0.00510	0.00165	0.00303	0.53811	0.00357	0.00343
33	0.00756	0.00652	0.00754	0.00643	0.00877	0.04460	0.01815	0.00965	0.04963	0.01212	0.03279	0.07301	0.02646	0.00582	0.00378	0.00103	0.00319	0.21047	0.00281	0.46969
34	0.00647	0.00686	0.12605	0.00720	0.00871	0.00553	0.00661	0.00904	0.07552	0.01118	0.02601	0.09014	0.03065	0.09403	0.07464	0.00216	0.02907	0.38323	0.00301	0.00390
35	0.00538	0.00363	0.00424	0.00444	0.00449	0.00358	0.00260	0.00552	0.00597	0.00795	0.01408	0.20986	0.01646	0.67704	0.01629	0.00324	0.00339	0.00675	0.00260	0.00250
36	0.00724	0.00681	0.01150	0.85604	0.02641	0.00852	0.01065	0.00980	0.00767	0.00980	0.00681	0.01022	0.00511	0.00383	0.00383	0.00128	0.00511	0.00341	0.00170	0.00426
37	0.01392	0.02627	0.01207	0.01079	0.13021	0.03339	0.00782	0.62519	0.01588	0.07248	0.00913	0.00937	0.00657	0.00440	0.00380	0.00114	0.00428	0.00342	0.00353	0.00637
38	0.00576	0.00442	0.00543	0.00612	0.00678	0.03070	0.00472	0.02453	0.00834	0.01077	0.02126	0.44996	0.07765	0.01090	0.00495	0.00159	0.00289	0.31634	0.00350	0.00340
39	0.89233	0.00741	0.00564	0.00504	0.00741	0.00860	0.00415	0.01127	0.00653	0.01720	0.00534	0.00623	0.00415	0.00356	0.00237	0.00119	0.00297	0.00208	0.00237	0.00415
40	0.00533	0.00386	0.00508	0.00523	0.00599	0.00360	0.00395	0.00685	0.00970	0.01339	0.51053	0.22099	0.05722	0.00924	0.00472	0.00137	0.00215	0.12338	0.00395	0.00348
41	0.01374	0.13959	0.01218	0.00940	0.01157	0.73062	0.00729	0.01476	0.01043	0.00933	0.00584	0.00681	0.00494	0.00386	0.00331	0.00096	0.00651	0.00241	0.00193	0.00451
42	0.00516	0.00404	0.00561	0.08871	0.04564	0.00396	0.00455	0.00619	0.00779	0.01028	0.06555	0.59609	0.12139	0.01032	0.00468	0.00146	0.00255	0.00928	0.00334	0.00340
43	0.00795	0.00681	0.00795	0.00568	0.00909	0.00511	0.00454	0.00965	0.00795	0.01249	0.00681	0.00795	0.00568	0.00284	0.00284	0.00057	0.00284	0.00227	0.00227	0.88869
44	0.00510	0.00383	0.00473	0.00467	0.00557	0.00345	0.00344	0.00655	0.00985	0.01338	0.53101	0.14977	0.22681	0.00888	0.00458	0.00128	0.00190	0.00778	0.00397	0.00345
45	0.00489	0.00390	0.00438	0.00426	0.00540	0.00339	0.00320	0.00620	0.00959	0.01238	0.36141	0.03357	0.51595	0.00896	0.00453	0.00126	0.00189	0.00763	0.00383	0.00339
46	0.00489	0.00352	0.00464	0.00516	0.00560	0.00326	0.00356	0.00590	0.00840	0.01143	0.26090	0.60190	0.04507	0.01074	0.00478	0.00145	0.00210	0.00968	0.00375	0.00326
47	0.00757	0.00409	0.00438	0.00429	0.00529	0.00411	0.00321	0.04914	0.02562	0.04379	0.01374	0.13520	0.01191	0.00558	0.00312	0.00102	0.00205	0.00464	0.66745	0.00381
48	0.01275	0.00905	0.01239	0.08678	0.33264	0.10108	0.03383	0.03142	0.00990	0.31667	0.00999	0.01059	0.00712	0.00402	0.00381	0.00116	0.00444	0.00351	0.00297	0.00588
49	0.01406	0.01756	0.01076	0.00974	0.01175	0.78545	0.00733	0.03316	0.05640	0.01007	0.00653	0.00737	0.00535	0.00403	0.00349	0.00101	0.00664	0.00259	0.00212	0.00458
50	0.00912	0.01053	0.13396	0.02110	0.68573	0.00895	0.02742	0.01171	0.00870	0.01254	0.02924	0.00981	0.00669	0.00356	0.00381	0.00115	0.00468	0.00345	0.00192	0.00593
51	0.00866	0.00522	0.00557	0.00496	0.00622	0.00541	0.00373	0.18260	0.00983	0.04231	0.01259	0.04356	0.02570	0.15064	0.00592	0.00147	0.00270	0.00422	0.47463	0.00406
52	0.01276	0.70998	0.05645	0.00963	0.05503	0.01538	0.00827	0.01334	0.00979	0.01234	0.00930	0.04976	0.00879	0.00571	0.00404	0.00145	0.00511	0.00360	0.00279	0.00647
53	0.00805	0.14517	0.14025	0.02259	0.05158	0.03396	0.02903	0.06456	0.03903	0.03710	0.03998	0.28230	0.03616	0.02020	0.02163	0.00140	0.01388	0.00583	0.00276	0.00453
54	0.03364	0.12504	0.05222	0.01827	0.00938	0.00779	0.05794	0.08806	0.10116	0.03837	0.12253	0.07345	0.06080	0.04156	0.11866	0.00197	0.01436	0.01698	0.01330	0.00453
55	0.05421	0.05961	0.05964	0.00814	0.05115	0.03772	0.03214	0.16603	0.10638	0.07483	0.04294	0.06027	0.07198	0.00512	0.00384	0.00838	0.01097	0.00411	0.00306	0.13948

[dist]
# distance from previous block
# <min> <max>
1	39

[block]
# block no. 4 follows, 71 sequences, length 31
# corresponding to MSA columns:
# 288-318
name=unknown_E
#
# <colnr> <probs for GDERKNQSTAVLIFYWHMCP>
#	G	D	E	R	K	N	Q	S	T	A	V	L	I	F	Y	W	H	M	C	P
0	0.04552	0.23661	0.05678	0.03409	0.01847	0.05728	0.03952	0.15195	0.02328	0.06069	0.00997	0.06457	0.04633	0.05106	0.00526	0.03485	0.05262	0.00381	0.00255	0.00480
1	0.00976	0.05695	0.11420	0.07558	0.25621	0.06604	0.00915	0.06456	0.22580	0.02937	0.04714	0.01120	0.00865	0.00427	0.00375	0.00118	0.00430	0.00362	0.00264	0.00564
2	0.02268	0.04544	0.17708	0.08968	0.23272	0.02952	0.09589	0.07739	0.08587	0.02697	0.02082	0.01177	0.03474	0.00425	0.00385	0.00121	0.00470	0.02763	0.00235	0.00546
3	0.04102	0.00785	0.00942	0.02566	0.01011	0.12304	0.14096	0.04537	0.05554	0.07379	0.19044	0.05670	0.19139	0.00637	0.00419	0.00123	0.00372	0.00557	0.00325	0.00439
4	0.00837	0.07043	0.26787	0.00794	0.02633	0.15414	0.00781	0.01071	0.01813	0.02329	0.02656	0.07972	0.13175	0.00562	0.00370	0.00116	0.00424	0.02834	0.11938	0.00450
5	0.05064	0.31176	0.14102	0.00793	0.02147	0.07334	0.01651	0.10761	0.05233	0.08113	0.02225	0.03585	0.04482	0.00444	0.00341	0.00107	0.01340	0.00331	0.00252	0.00520
6	0.00871	0.31251	0.39132	0.00895	0.01301	0.01053	0.03556	0.02842	0.00836	0.02361	0.00831	0.01224	0.00729	0.00446	0.00348	0.00115	0.00480	0.11017	0.00198	0.00514
7	0.00812	0.01923	0.80747	0.01074	0.01629	0.00876	0.01378	0.01244	0.00823	0.04985	0.00725	0.00832	0.00507	0.00369	0.00365	0.00121	0.00556	0.00288	0.00176	0.00571
8	0.00547	0.00374	0.00451	0.00478	0.00496	0.00368	0.00308	0.00588	0.00652	0.00869	0.04802	0.18662	0.01799	0.56490	0.01441	0.00297	0.00333	0.10499	0.00278	0.00267
9	0.00482	0.00387	0.00434	0.00453	0.00559	0.00339	0.00343	0.00592	0.00877	0.01091	0.11607	0.15437	0.55285	0.00994	0.00467	0.00137	0.00214	0.09611	0.00362	0.00329
10	0.00808	0.00702	0.00789	0.00608	0.00909	0.03905	0.00492	0.02299	0.00835	0.01242	0.00860	0.01260	0.00783	0.00394	0.00321	0.00075	0.00312	0.10991	0.00245	0.72169
11	0.00462	0.00363	0.00418	0.00459	0.00537	0.00319	0.00323	0.00546	0.00812	0.01019	0.04711	0.42664	0.43857	0.01076	0.00470	0.00142	0.00207	0.00939	0.00357	0.00319
12	0.00547	0.00423	0.00510	0.00557	0.00635	0.00415	0.00407	0.00768	0.11724	0.01094	0.02399	0.48015	0.19261	0.01046	0.00474	0.00149	0.00243	0.10616	0.00360	0.00358
13	0.01003	0.01014	0.02707	0.11858	0.26213	0.19064	0.00879	0.02652	0.11850	0.03819	0.01051	0.01457	0.02401	0.00496	0.00405	0.00124	0.01472	0.10774	0.00251	0.00511
14	0.00861	0.07574	0.68603	0.01098	0.05305	0.03573	0.01293	0.01249	0.00833	0.05147	0.00715	0.00823	0.00514	0.00367	0.00357	0.00118	0.00544	0.00284	0.00179	0.00564
15	0.00557	0.00375	0.00432	0.00432	0.00437	0.00379	0.00250	0.00567	0.00562	0.00754	0.01195	0.02437	0.01363	0.80529	0.07905	0.00389	0.00419	0.00547	0.00230	0.00240
16	0.00949	0.00911	0.01556	0.02353	0.84133	0.00911	0.01177	0.01177	0.00873	0.01253	0.00721	0.00949	0.00607	0.00342	0.00380	0.00114	0.00456	0.00342	0.00190	0.00607
17	0.00769	0.01983	0.84538	0.01093	0.01659	0.00890	0.01417	0.01214	0.00810	0.01214	0.00688	0.00810	0.00486	0.00364	0.00364	0.00121	0.00567	0.00283	0.00162	0.00567
18	0.00479	0.00389	0.00425	0.00416	0.00534	0.00335	0.00312	0.00601	0.00936	0.01182	0.27288	0.03449	0.60482	0.00916	0.00453	0.00127	0.00190	0.00775	0.00375	0.00335
19	0.00908	0.16435	0.56859	0.01005	0.01491	0.01040	0.03599	0.12006	0.00939	0.01320	0.00695	0.00797	0.00512	0.00370	0.00349	0.00114	0.00523	0.00283	0.00193	0.00564
20	0.01383	0.00864	0.00971	0.00780	0.01051	0.02449	0.00632	0.31384	0.22822	0.28807	0.03864	0.01235	0.00973	0.00489	0.00387	0.00120	0.00357	0.00390	0.00413	0.00628
21	0.07806	0.00450	0.00444	0.00427	0.00542	0.00477	0.00323	0.01050	0.11716	0.01448	0.01233	0.01409	0.00979	0.03906	0.00349	0.00108	0.00212	0.00364	0.66366	0.00390
22	0.00472	0.00380	0.00421	0.00431	0.00535	0.00329	0.00316	0.00580	0.00889	0.01119	0.18448	0.17838	0.54946	0.00976	0.00459	0.00132	0.00197	0.00836	0.00368	0.00329
23	0.00803	0.00773	0.01290	0.47568	0.24909	0.00907	0.03634	0.01029	0.00778	0.01056	0.00716	0.01015	0.01687	0.00416	0.00501	0.00129	0.11784	0.00350	0.00179	0.00477
24	0.12553	0.00538	0.00548	0.00498	0.00651	0.00571	0.00388	0.05267	0.13671	0.06810	0.07036	0.01391	0.01104	0.00472	0.00309	0.00105	0.00235	0.00374	0.47039	0.00437
25	0.01422	0.01053	0.01132	0.00865	0.01174	0.01153	0.00714	0.78494	0.01749	0.02354	0.00908	0.00914	0.00648	0.00451	0.00378	0.00112	0.00415	0.00339	0.00375	0.05350
26	0.01546	0.00623	0.00839	0.00669	0.00929	0.00550	0.00541	0.04219	0.01071	0.70803	0.01574	0.12536	0.01150	0.00570	0.00399	0.00123	0.00316	0.00478	0.00456	0.00607
27	0.01121	0.00990	0.01512	0.07949	0.57607	0.00954	0.03527	0.01248	0.01033	0.01452	0.01380	0.09150	0.07233	0.00666	0.00520	0.00173	0.00515	0.01976	0.00315	0.00679
28	0.00966	0.14902	0.19541	0.02204	0.04732	0.09344	0.05166	0.07119	0.16221	0.02958	0.01003	0.05576	0.00852	0.02027	0.00405	0.00123	0.01219	0.04045	0.01074	0.00523
29	0.09827	0.01251	0.01384	0.01415	0.23380	0.31624	0.16848	0.05000	0.00972	0.01223	0.00694	0.02134	0.00572	0.00382	0.00382	0.00113	0.01757	0.00327	0.00209	0.00506
30	0.00689	0.00513	0.00718	0.00694	0.03782	0.00548	0.03958	0.07002	0.02230	0.03682	0.03221	0.06020	0.04994	0.19358	0.38618	0.00397	0.01682	0.01264	0.00256	0.00374

[dist]
# distance from previous block
# <min> <max>
0	5

[block]
# block no. 5 follows, 71 sequences, length 79
# corresponding to MSA columns:
# 338-416
name=unknown_F
#
# <colnr> <probs for GDERKNQSTAVLIFYWHMCP>
#	G	D	E	R	K	N	Q	S	T	A	V	L	I	F	Y	W	H	M	C	P
0	0.04574	0.06979	0.01060	0.00903	0.01093	0.68070	0.00685	0.01391	0.01016	0.00969	0.00740	0.09313	0.00697	0.00471	0.00350	0.00104	0.00612	0.00328	0.00213	0.00433
1	0.00594	0.00405	0.00507	0.00476	0.00586	0.00364	0.00359	0.00751	0.01029	0.06569	0.58830	0.05752	0.20700	0.00819	0.00450	0.00124	0.00194	0.00713	0.00409	0.00370
2	0.01085	0.01212	0.00901	0.00811	0.00966	0.43949	0.00620	0.06595	0.02187	0.01217	0.24684	0.01432	0.02944	0.00621	0.03114	0.00128	0.06422	0.00406	0.00278	0.00429
3	0.00946	0.02391	0.26836	0.01335	0.01756	0.00918	0.46623	0.01279	0.00885	0.09596	0.00813	0.00983	0.00587	0.00361	0.00439	0.00126	0.02984	0.00388	0.00211	0.00543
4	0.01565	0.00671	0.00876	0.00687	0.00963	0.00614	0.00562	0.06554	0.07089	0.67663	0.07388	0.01403	0.01139	0.00499	0.00391	0.00119	0.00320	0.00409	0.00459	0.00628
5	0.00578	0.00392	0.00448	0.00440	0.00457	0.00391	0.00261	0.02786	0.00648	0.00873	0.09559	0.04254	0.01622	0.73783	0.01728	0.00335	0.00351	0.00577	0.00258	0.00258
6	0.00548	0.00411	0.00616	0.00616	0.00685	0.00479	0.00479	0.00685	0.00616	0.00890	0.01027	0.01506	0.00959	0.02876	0.85006	0.00616	0.01027	0.00411	0.00205	0.00342
7	0.00509	0.00390	0.00522	0.00582	0.00608	0.00403	0.00411	0.00582	0.00729	0.00980	0.02008	0.72329	0.05079	0.01136	0.00567	0.00157	0.08856	0.03494	0.00337	0.00324
8	0.00715	0.00357	0.00357	0.00357	0.00447	0.00357	0.00268	0.00893	0.00804	0.01429	0.01251	0.01429	0.00983	0.00447	0.00268	0.00089	0.00179	0.00357	0.88654	0.00357
9	0.00846	0.00969	0.03556	0.01455	0.01810	0.00886	0.70791	0.01142	0.00896	0.01202	0.01122	0.03497	0.09038	0.00412	0.00452	0.00130	0.00588	0.00502	0.00214	0.00493
10	0.00733	0.00690	0.01165	0.82446	0.05731	0.00854	0.01069	0.00987	0.00771	0.00990	0.00683	0.01019	0.00515	0.00382	0.00383	0.00127	0.00509	0.00341	0.00171	0.00433
11	0.01644	0.00738	0.00938	0.00723	0.01019	0.00695	0.00596	0.17141	0.04096	0.66063	0.01403	0.01237	0.00901	0.00473	0.00385	0.00118	0.00343	0.00380	0.00454	0.00651
12	0.00506	0.00390	0.00461	0.00444	0.00550	0.00346	0.00333	0.00652	0.00998	0.01330	0.50869	0.03205	0.36809	0.00861	0.00453	0.00124	0.00186	0.00741	0.00395	0.00346
13	0.00905	0.00742	0.00793	0.00714	0.00908	0.02333	0.00556	0.03503	0.58055	0.04643	0.15375	0.01797	0.05270	0.00589	0.00405	0.00128	0.00290	0.02055	0.00393	0.00548
14	0.00786	0.00765	0.00995	0.00881	0.00909	0.05605	0.00716	0.00880	0.00621	0.00907	0.00672	0.01073	0.00657	0.04987	0.22450	0.00286	0.55875	0.00359	0.00182	0.00393
15	0.00888	0.00679	0.00805	0.00579	0.00916	0.00516	0.00465	0.01056	0.00826	0.09633	0.00765	0.00846	0.00606	0.00303	0.00294	0.00063	0.00288	0.00243	0.00252	0.79975
16	0.00467	0.00379	0.00415	0.00434	0.00537	0.00327	0.00318	0.00566	0.00861	0.01064	0.09449	0.20829	0.58918	0.01007	0.00463	0.00135	0.00203	0.02942	0.00361	0.00325
17	0.01474	0.00832	0.00982	0.00754	0.01052	0.00827	0.00619	0.37403	0.01371	0.37386	0.02223	0.02609	0.00842	0.00466	0.00377	0.00112	0.00360	0.00368	0.00407	0.09537
18	0.00795	0.00681	0.00795	0.00568	0.00909	0.00511	0.00454	0.00965	0.00795	0.01249	0.00681	0.00795	0.00568	0.00284	0.00284	0.00057	0.00284	0.00227	0.00227	0.88869
19	0.00464	0.00346	0.00432	0.00502	0.00548	0.00314	0.00342	0.00537	0.00765	0.00991	0.02504	0.68041	0.20517	0.01150	0.00481	0.00150	0.00216	0.01028	0.00356	0.00314
20	0.00552	0.00380	0.00466	0.00469	0.00486	0.00395	0.00295	0.00587	0.00578	0.00787	0.01199	0.05387	0.01334	0.63653	0.21457	0.00421	0.00520	0.00543	0.00231	0.00261
21	0.01041	0.83480	0.01974	0.00669	0.00992	0.04737	0.00659	0.01163	0.00791	0.00903	0.00535	0.00618	0.00492	0.00331	0.00250	0.00083	0.00421	0.00207	0.00165	0.00490
22	0.01335	0.00732	0.00905	0.00729	0.00976	0.00746	0.00594	0.25809	0.04385	0.36588	0.01214	0.01229	0.00863	0.00998	0.19068	0.00227	0.00508	0.00378	0.00380	0.02336
23	0.00857	0.00812	0.01369	0.24610	0.56055	0.00856	0.01092	0.01086	0.00845	0.01167	0.00881	0.01192	0.03981	0.00402	0.00389	0.00120	0.00457	0.03093	0.00197	0.00539
24	0.00732	0.03665	0.43342	0.00886	0.02732	0.00760	0.02408	0.01164	0.12269	0.01300	0.16467	0.03761	0.07836	0.00531	0.00393	0.00123	0.00416	0.00445	0.00263	0.00506
25	0.60254	0.00895	0.00761	0.01839	0.03520	0.11138	0.02057	0.05861	0.00794	0.03006	0.00636	0.02252	0.00519	0.00403	0.00321	0.00119	0.03798	0.01143	0.00242	0.00442
26	0.01052	0.04800	0.35023	0.01052	0.03866	0.30810	0.04919	0.04189	0.03915	0.01168	0.00739	0.00895	0.00580	0.00397	0.00360	0.00112	0.00574	0.01993	0.03043	0.00513
27	0.00471	0.00336	0.00447	0.00535	0.00558	0.00315	0.00359	0.00539	0.00734	0.00978	0.02098	0.83572	0.02513	0.02511	0.00513	0.00159	0.00227	0.02470	0.00354	0.00311
28	0.00937	0.00899	0.01535	0.06661	0.79917	0.00908	0.01171	0.01167	0.00868	0.01239	0.00719	0.00953	0.00602	0.00344	0.00380	0.00115	0.00458	0.00342	0.00189	0.00598
29	0.00829	0.00751	0.02685	0.01773	0.09373	0.00596	0.03085	0.03617	0.00838	0.01279	0.00716	0.01995	0.00600	0.00312	0.00308	0.00070	0.00324	0.00264	0.00227	0.70359
30	0.06793	0.03044	0.00811	0.04084	0.00920	0.03202	0.03983	0.11036	0.00960	0.19268	0.01501	0.38145	0.01502	0.00761	0.00416	0.00132	0.00325	0.00664	0.00350	0.02102
31	0.04500	0.00627	0.00796	0.00642	0.00892	0.00582	0.00520	0.01684	0.10244	0.58442	0.05170	0.03155	0.01112	0.00502	0.00374	0.00118	0.00299	0.00410	0.09342	0.00589
32	0.00567	0.00480	0.00686	0.02621	0.02238	0.00443	0.08679	0.00754	0.02721	0.01309	0.41569	0.03764	0.31130	0.00784	0.00449	0.00125	0.00248	0.00694	0.00365	0.00375
33	0.01036	0.05681	0.07760	0.02601	0.05293	0.04153	0.03035	0.09870	0.03879	0.20550	0.01571	0.14483	0.10590	0.00644	0.00432	0.00127	0.02849	0.04611	0.00332	0.00504
34	0.01686	0.00656	0.00887	0.00681	0.00977	0.00568	0.00561	0.01848	0.02229	0.81120	0.01492	0.01294	0.00942	0.00470	0.00383	0.00117	0.00325	0.00382	0.00467	0.02915
35	0.00482	0.00345	0.00462	0.00551	0.00580	0.00325	0.00382	0.00560	0.00749	0.00996	0.02105	0.78013	0.02503	0.01187	0.00493	0.00158	0.00236	0.09202	0.00356	0.00316
36	0.00972	0.04204	0.07641	0.08159	0.53852	0.03263	0.08024	0.05397	0.00918	0.02855	0.00735	0.00937	0.00591	0.00354	0.00379	0.00115	0.00485	0.00340	0.00201	0.00578
37	0.00724	0.00681	0.01150	0.85604	0.02641	0.00852	0.01065	0.00980	0.00767	0.00980	0.00681	0.01022	0.00511	0.00383	0.00383	0.00128	0.00511	0.00341	0.00170	0.00426
38	0.00485	0.00390	0.00432	0.00422	0.00537	0.00337	0.00316	0.00611	0.00949	0.01213	0.32117	0.03399	0.55635	0.00905	0.00453	0.00126	0.00190	0.00768	0.00379	0.00337
39	0.00558	0.00372	0.00418	0.00418	0.00418	0.00372	0.00232	0.00558	0.00558	0.00743	0.01208	0.02509	0.01394	0.86525	0.01952	0.00372	0.00372	0.00558	0.00232	0.00232
40	0.00577	0.00414	0.00495	0.00506	0.00549	0.00427	0.00336	0.00727	0.08993	0.00947	0.04387	0.20772	0.04114	0.41419	0.10181	0.01409	0.00387	0.01602	0.01448	0.00309
41	0.00467	0.00334	0.00445	0.00534	0.00556	0.00311	0.00356	0.00534	0.00734	0.00979	0.02113	0.86275	0.02536	0.01201	0.00489	0.00156	0.00222	0.01090	0.00356	0.00311
42	0.01110	0.00680	0.00738	0.00608	0.00801	0.00718	0.00484	0.34403	0.01226	0.10156	0.01140	0.01274	0.00869	0.05571	0.00427	0.00120	0.00304	0.00367	0.38504	0.00500
43	0.01025	0.86756	0.02009	0.00656	0.00984	0.01517	0.00656	0.01148	0.00779	0.00902	0.00533	0.00615	0.00492	0.00328	0.00246	0.00082	0.00410	0.00205	0.00164	0.00492
44	0.01010	0.09584	0.03189	0.06596	0.36814	0.08454	0.03780	0.01279	0.07652	0.08458	0.00953	0.03990	0.01535	0.00472	0.01678	0.00124	0.00456	0.03190	0.00241	0.00545
45	0.01039	0.83897	0.01978	0.00667	0.00991	0.04326	0.00659	0.01161	0.00789	0.00903	0.00535	0.00618	0.00492	0.00330	0.00249	0.00083	0.00420	0.00206	0.00165	0.00490
46	0.00868	0.00959	0.02040	0.01492	0.01833	0.00912	0.71025	0.01166	0.00892	0.01208	0.00915	0.02639	0.00773	0.00420	0.00482	0.00135	0.02900	0.08635	0.00212	0.00495
47	0.01023	0.83740	0.01969	0.00660	0.00985	0.01497	0.00654	0.01179	0.03680	0.00927	0.00569	0.00644	0.00516	0.00335	0.00251	0.00084	0.00406	0.00213	0.00172	0.00496
48	0.72759	0.01926	0.05846	0.00594	0.00852	0.07590	0.00517	0.03916	0.00737	0.01640	0.00561	0.00650	0.00435	0.00363	0.00259	0.00117	0.00350	0.00220	0.00234	0.00436
49	0.00552	0.00407	0.00560	0.00554	0.00608	0.00450	0.00407	0.00657	0.00658	0.00925	0.09462	0.01959	0.04524	0.23101	0.51119	0.00478	0.02532	0.00489	0.00239	0.00318
50	0.00472	0.00337	0.00451	0.00540	0.00564	0.00316	0.00365	0.00543	0.00739	0.00985	0.02110	0.83399	0.02524	0.01196	0.00491	0.00156	0.00227	0.03914	0.00356	0.00313
51	0.01383	0.09571	0.01180	0.00926	0.01161	0.55484	0.00726	0.19702	0.04108	0.01289	0.00694	0.00761	0.00553	0.00408	0.00346	0.00102	0.00591	0.00272	0.00243	0.00501
52	0.00883	0.46350	0.05136	0.00631	0.00859	0.03044	0.00574	0.02691	0.00752	0.03074	0.01737	0.01198	0.00797	0.19324	0.11295	0.00216	0.00489	0.00325	0.00200	0.00425
53	0.00938	0.16157	0.21025	0.04733	0.06822	0.08060	0.07457	0.04813	0.02368	0.05107	0.01943	0.03941	0.00711	0.00670	0.08930	0.00165	0.04195	0.00345	0.00215	0.01406
54	0.00774	0.03620	0.82945	0.01084	0.01646	0.00903	0.01402	0.01213	0.00809	0.01208	0.00685	0.00806	0.00486	0.00364	0.00362	0.00121	0.00564	0.00282	0.00162	0.00565
55	0.00531	0.00384	0.00461	0.00493	0.00545	0.00367	0.00349	0.00603	0.00729	0.00942	0.03569	0.17419	0.19644	0.33383	0.03221	0.00247	0.00318	0.16196	0.00306	0.00294
56	0.00939	0.00844	0.03103	0.00884	0.09283	0.11293	0.00628	0.19711	0.06862	0.03142	0.03585	0.25187	0.07650	0.00749	0.01591	0.00136	0.00380	0.03234	0.00325	0.00475
57	0.04014	0.12663	0.16302	0.05999	0.08469	0.06824	0.04586	0.04067	0.04111	0.15367	0.07746	0.02024	0.01871	0.01396	0.00407	0.00119	0.02881	0.00362	0.00268	0.00525
58	0.00470	0.00337	0.00451	0.00537	0.00561	0.00318	0.00361	0.00539	0.00730	0.00975	0.02073	0.83123	0.02477	0.01263	0.03632	0.00173	0.00252	0.01065	0.00350	0.00313
59	0.00889	0.00979	0.01952	0.01484	0.04797	0.01021	0.58334	0.01147	0.00821	0.01149	0.00703	0.00980	0.00562	0.00415	0.00660	0.00139	0.22868	0.00418	0.00187	0.00495
60	0.00824	0.00917	0.11397	0.15735	0.30334	0.00822	0.07518	0.03286	0.06131	0.01212	0.03504	0.06366	0.01791	0.04359	0.00485	0.00137	0.01966	0.02480	0.00226	0.00510
61	0.00928	0.00911	0.01495	0.16265	0.64475	0.04029	0.04004	0.01159	0.00864	0.01194	0.00712	0.00955	0.00586	0.00350	0.00382	0.00116	0.00480	0.00342	0.00187	0.00568
62	0.00821	0.00428	0.00445	0.00414	0.00531	0.00432	0.00318	0.07359	0.00896	0.05512	0.01238	0.01384	0.00955	0.00449	0.00283	0.00093	0.00205	0.00358	0.77484	0.00395
63	0.00558	0.00372	0.00418	0.00418	0.00418	0.00372	0.00232	0.00558	0.00558	0.00743	0.01208	0.02509	0.01394	0.86525	0.01952	0.00372	0.00372	0.00558	0.00232	0.00232
64	0.35629	0.02093	0.02877	0.00911	0.08816	0.11600	0.05143	0.05509	0.01927	0.01413	0.00621	0.00761	0.00505	0.00399	0.00425	0.00116	0.11384	0.00269	0.00223	0.09381
65	0.00891	0.00799	0.01273	0.11592	0.48272	0.00834	0.02022	0.05679	0.03348	0.02763	0.09247	0.01285	0.03085	0.02690	0.01604	0.00133	0.03310	0.00400	0.00238	0.00537
66	0.03438	0.06655	0.06427	0.00877	0.04201	0.03479	0.00725	0.41212	0.14595	0.07993	0.03060	0.02685	0.00832	0.00467	0.00372	0.00116	0.00399	0.00364	0.00345	0.01759
67	0.00761	0.00518	0.00658	0.00710	0.09084	0.00480	0.00480	0.05070	0.02038	0.12635	0.04329	0.18655	0.33106	0.02488	0.00468	0.00136	0.00271	0.05061	0.00353	0.02701
68	0.01136	0.51636	0.03687	0.00758	0.01069	0.09769	0.02138	0.13894	0.05603	0.03800	0.00699	0.00754	0.00573	0.00370	0.00297	0.00094	0.00436	0.00256	0.00226	0.02805
69	0.00687	0.01834	0.09095	0.02504	0.04952	0.00575	0.08132	0.03464	0.03593	0.02825	0.11035	0.05488	0.27243	0.02264	0.00456	0.00131	0.00333	0.08744	0.00308	0.06337
70	0.01215	0.03549	0.08122	0.00944	0.01197	0.33526	0.06484	0.17451	0.08464	0.04556	0.01778	0.03273	0.00742	0.02981	0.00447	0.00122	0.03140	0.01229	0.00266	0.00512
71	0.00911	0.25542	0.51841	0.00948	0.01414	0.01100	0.01126	0.09422	0.00898	0.01244	0.00665	0.00767	0.00505	0.00368	0.00347	0.00110	0.01786	0.00268	0.00185	0.00552
72	0.00518	0.00378	0.00491	0.00531	0.00561	0.00384	0.00364	0.00585	0.00687	0.00926	0.03223	0.44229	0.05693	0.22057	0.11884	0.00267	0.03473	0.03144	0.00301	0.00303
73	0.01069	0.18781	0.18351	0.01023	0.03294	0.17266	0.15073	0.04198	0.02670	0.07972	0.00871	0.02166	0.02262	0.00416	0.00364	0.00112	0.00521	0.02849	0.00226	0.00516
74	0.00834	0.18454	0.13969	0.00757	0.03170	0.07098	0.03111	0.05702	0.03999	0.01076	0.04663	0.06463	0.01076	0.25286	0.01747	0.00192	0.00434	0.01313	0.00234	0.00423
75	0.00504	0.00423	0.00437	0.00450	0.00560	0.02073	0.00332	0.02198	0.00864	0.01048	0.03300	0.19108	0.60538	0.02791	0.00491	0.00140	0.00224	0.03838	0.00351	0.00329
76	0.03195	0.00849	0.09554	0.04838	0.41560	0.00763	0.00925	0.01009	0.00852	0.01237	0.13763	0.07125	0.02174	0.02091	0.02240	0.00138	0.05431	0.01513	0.00239	0.00503
77	0.01711	0.07990	0.09335	0.06553	0.14061	0.08348	0.08246	0.12021	0.09588	0.04392	0.00892	0.01100	0.00721	0.04256	0.07080	0.00167	0.01537	0.01233	0.00247	0.00524
78	0.00970	0.00876	0.09313	0.00841	0.03910	0.01910	0.02267	0.03442	0.43219	0.11306	0.03185	0.06213	0.03488	0.00647	0.03810	0.00149	0.02023	0.01524	0.00349	0.00558

[dist]
# distance from previous block
# <min> <max>
3	52

[block]
# block no. 6 follows, 71 sequences, length 53
# corresponding to MSA columns:
# 470-522
name=unknown_G
#
# <colnr> <probs for GDERKNQSTAVLIFYWHMCP>
#	G	D	E	R	K	N	Q	S	T	A	V	L	I	F	Y	W	H	M	C	P
0	0.08501	0.06232	0.13654	0.00815	0.02663	0.05467	0.05978	0.05270	0.12967	0.03626	0.03063	0.03584	0.02330	0.00417	0.00343	0.00103	0.00389	0.00340	0.00259	0.23999
1	0.23643	0.04791	0.11744	0.04389	0.06622	0.10078	0.02823	0.09699	0.04846	0.03345	0.03444	0.01891	0.01684	0.02771	0.00388	0.00120	0.01542	0.00316	0.00248	0.05615
2	0.02875	0.02487	0.04255	0.11945	0.42027	0.10966	0.04776	0.03943	0.02585	0.01219	0.00796	0.01913	0.02206	0.00387	0.00386	0.00114	0.01865	0.00343	0.01288	0.03624
3	0.80529	0.00716	0.00578	0.00540	0.02227	0.00825	0.00428	0.01093	0.00659	0.01656	0.00601	0.02278	0.00492	0.00485	0.04029	0.00141	0.00329	0.00238	0.01744	0.00413
4	0.00472	0.00386	0.00417	0.00432	0.00543	0.00333	0.00324	0.00573	0.00863	0.01055	0.07083	0.13359	0.63863	0.02263	0.00485	0.00139	0.00211	0.06516	0.00357	0.00325
5	0.01132	0.09375	0.01076	0.00803	0.01061	0.01089	0.00653	0.29453	0.47515	0.01811	0.01242	0.01177	0.00927	0.00481	0.00374	0.00120	0.00354	0.00381	0.00366	0.00611
6	0.00797	0.01229	0.35367	0.04219	0.26606	0.00781	0.02625	0.02065	0.00851	0.02476	0.05496	0.11393	0.00970	0.00487	0.00389	0.00123	0.00453	0.00431	0.02714	0.00527
7	0.00929	0.41681	0.17947	0.02065	0.01137	0.06058	0.03571	0.02037	0.02370	0.03156	0.00781	0.05015	0.00699	0.00656	0.08660	0.00153	0.00514	0.01888	0.00198	0.00486
8	0.71486	0.09244	0.00751	0.00550	0.00800	0.02751	0.00463	0.03439	0.00730	0.06096	0.00599	0.00669	0.00460	0.00363	0.00253	0.00114	0.00321	0.00222	0.00246	0.00443
9	0.00558	0.00372	0.00418	0.00418	0.00418	0.00372	0.00232	0.00558	0.00558	0.00743	0.01208	0.02509	0.01394	0.86525	0.01952	0.00372	0.00372	0.00558	0.00232	0.00232
10	0.00480	0.00365	0.00454	0.00501	0.00566	0.00339	0.00358	0.00572	0.00788	0.01021	0.06470	0.45410	0.27631	0.01270	0.08804	0.00192	0.00296	0.03818	0.00344	0.00322
11	0.00766	0.00518	0.00609	0.00585	0.00714	0.02306	0.00445	0.01045	0.14222	0.12568	0.20672	0.21738	0.12833	0.02166	0.00469	0.00139	0.00259	0.07138	0.00387	0.00423
12	0.00467	0.00334	0.00445	0.00534	0.00556	0.00311	0.00356	0.00534	0.00734	0.00979	0.02113	0.86275	0.02536	0.01201	0.00489	0.00156	0.00222	0.01090	0.00356	0.00311
13	0.01311	0.01593	0.01004	0.00911	0.01095	0.69866	0.00687	0.01412	0.01043	0.03311	0.00950	0.01021	0.08740	0.00465	0.00389	0.00105	0.03693	0.00311	0.01657	0.00436
14	0.00929	0.00919	0.03114	0.08002	0.74687	0.00908	0.03475	0.01165	0.00865	0.01233	0.00719	0.00954	0.00598	0.00344	0.00382	0.00115	0.00467	0.00344	0.00188	0.00592
15	0.00502	0.00391	0.00480	0.00505	0.00590	0.00356	0.01893	0.00595	0.00798	0.01006	0.02738	0.26808	0.38333	0.08095	0.02926	0.01322	0.00271	0.11736	0.00336	0.00319
16	0.00549	0.00407	0.00595	0.00595	0.00656	0.00468	0.00453	0.00671	0.00610	0.00874	0.01046	0.01614	0.01005	0.11824	0.76121	0.00590	0.00957	0.00427	0.00208	0.00331
17	0.01476	0.00650	0.00834	0.00657	0.00922	0.00593	0.00537	0.08964	0.03290	0.60979	0.05193	0.01578	0.09223	0.00536	0.00392	0.00119	0.00311	0.00437	0.02711	0.00599
18	0.00775	0.05033	0.76306	0.01075	0.01610	0.00898	0.03584	0.01194	0.00811	0.01198	0.00733	0.02178	0.00554	0.00388	0.00367	0.00122	0.00554	0.01896	0.00170	0.00554
19	0.01009	0.00953	0.01346	0.19637	0.33311	0.08184	0.07071	0.10152	0.10433	0.02893	0.00838	0.01008	0.00651	0.00390	0.00385	0.00119	0.00479	0.00353	0.00236	0.00553
20	0.89233	0.00741	0.00564	0.00504	0.00741	0.00860	0.00415	0.01127	0.00653	0.01720	0.00534	0.00623	0.00415	0.00356	0.00237	0.00119	0.00297	0.00208	0.00237	0.00415
21	0.00746	0.00704	0.01190	0.77402	0.10669	0.00858	0.01076	0.00999	0.00777	0.01007	0.00685	0.01015	0.00521	0.00379	0.00383	0.00126	0.00506	0.00341	0.00172	0.00444
22	0.00804	0.00783	0.01090	0.02224	0.00968	0.01078	0.00776	0.00883	0.00588	0.00905	0.00585	0.01018	0.00599	0.09165	0.02816	0.00195	0.74589	0.00359	0.00175	0.00400
23	0.00769	0.01983	0.84538	0.01093	0.01659	0.00890	0.01417	0.01214	0.00810	0.01214	0.00688	0.00810	0.00486	0.00364	0.00364	0.00121	0.00567	0.00283	0.00162	0.00567
24	0.00968	0.00831	0.00875	0.00783	0.01002	0.00960	0.00610	0.04274	0.81182	0.01626	0.01543	0.01416	0.01156	0.00519	0.00390	0.00130	0.00307	0.00431	0.00390	0.00608
25	0.00697	0.00585	0.00629	0.00584	0.00745	0.00615	0.00448	0.01255	0.38045	0.01394	0.19280	0.02504	0.30237	0.00730	0.00425	0.00128	0.00241	0.00616	0.00385	0.00459
26	0.00666	0.00333	0.00500	0.00500	0.00500	0.00333	0.00333	0.00500	0.00500	0.00666	0.00666	0.01166	0.00666	0.01332	0.01499	0.88844	0.00333	0.00333	0.00167	0.00167
27	0.65422	0.02678	0.00643	0.00540	0.00765	0.02390	0.00444	0.04130	0.00750	0.06813	0.00779	0.00849	0.03514	0.00404	0.00290	0.00117	0.02494	0.00260	0.06285	0.00434
28	0.00460	0.00383	0.00402	0.00413	0.00529	0.00325	0.00306	0.00557	0.00864	0.01044	0.05704	0.12946	0.71290	0.00994	0.00459	0.00133	0.00200	0.02309	0.00358	0.00324
29	0.00467	0.00334	0.00445	0.00534	0.00556	0.00311	0.00356	0.00534	0.00734	0.00979	0.02113	0.86275	0.02536	0.01201	0.00489	0.00156	0.00222	0.01090	0.00356	0.00311
30	0.00724	0.00681	0.01150	0.85604	0.02641	0.00852	0.01065	0.00980	0.00767	0.00980	0.00681	0.01022	0.00511	0.00383	0.00383	0.00128	0.00511	0.00341	0.00170	0.00426
31	0.10083	0.00755	0.02407	0.00743	0.02529	0.00743	0.00600	0.06274	0.19778	0.46477	0.02314	0.01235	0.00935	0.00477	0.00397	0.00122	0.02741	0.00376	0.00407	0.00606
32	0.00604	0.00451	0.00462	0.00457	0.00470	0.04868	0.00270	0.00615	0.00588	0.00760	0.01168	0.02369	0.01327	0.78349	0.05445	0.00368	0.00417	0.00535	0.00229	0.00248
33	0.00891	0.00912	0.01254	0.02713	0.10088	0.07302	0.06381	0.02082	0.00697	0.00999	0.00586	0.00890	0.00544	0.00692	0.05132	0.00175	0.57693	0.00341	0.00179	0.00448
34	0.00548	0.00411	0.00616	0.00616	0.00685	0.00479	0.00479	0.00685	0.00616	0.00890	0.01027	0.01506	0.00959	0.02876	0.85006	0.00616	0.01027	0.00411	0.00205	0.00342
35	0.01012	0.00928	0.00895	0.00803	0.01020	0.09238	0.00623	0.03748	0.73548	0.01556	0.01451	0.01347	0.01092	0.00507	0.00386	0.00127	0.00344	0.00413	0.00371	0.00592
36	0.01131	0.64612	0.01769	0.00743	0.01037	0.23281	0.00678	0.01248	0.00859	0.00912	0.00549	0.00635	0.00493	0.00346	0.00272	0.00086	0.00483	0.00216	0.00173	0.00480
