[name]
unknown

[dist]
# distance from previous block
# <min> <max>
13	65

[block]
# block no. 0 follows, 69 sequences, length 33
# corresponding to MSA columns:
# 90-122
name=unknown_A
#
# <colnr> <probs for GDERKNQSTAVLIFYWHMCP>
#	G	D	E	R	K	N	Q	S	T	A	V	L	I	F	Y	W	H	M	C	P
0	0.10438	0.00659	0.00658	0.00594	0.00771	0.03788	0.00458	0.08635	0.16762	0.04153	0.07076	0.05448	0.27251	0.05804	0.02046	0.00151	0.00308	0.01571	0.00348	0.03081
1	0.00916	0.00894	0.04159	0.22470	0.08531	0.06397	0.09246	0.08040	0.14764	0.02400	0.04096	0.06134	0.01765	0.02436	0.01428	0.00142	0.03512	0.01902	0.00267	0.00504
2	0.01034	0.01011	0.10161	0.05027	0.30182	0.02056	0.03908	0.14016	0.08397	0.06009	0.03991	0.01105	0.01699	0.00414	0.00385	0.00115	0.00433	0.00364	0.00270	0.09423
3	0.00563	0.00427	0.00467	0.00445	0.00576	0.00374	0.00336	0.02866	0.00970	0.04317	0.22083	0.03383	0.58003	0.02844	0.00493	0.00135	0.00211	0.00765	0.00382	0.00359
4	0.01585	0.03675	0.01061	0.00778	0.01090	0.00817	0.02565	0.27192	0.01319	0.49589	0.01263	0.01155	0.00831	0.00462	0.00385	0.00116	0.00373	0.00369	0.00426	0.04948
5	0.25356	0.00631	0.00688	0.00573	0.00800	0.00632	0.00464	0.05595	0.00970	0.33670	0.06619	0.01303	0.02706	0.00477	0.00335	0.00116	0.00288	0.00366	0.17898	0.00514
6	0.00480	0.00375	0.00430	0.00462	0.00544	0.00331	0.00326	0.00570	0.00842	0.01063	0.09282	0.34783	0.43222	0.04770	0.00544	0.00153	0.00216	0.00916	0.00364	0.00325
7	0.00479	0.00381	0.00431	0.00459	0.00553	0.00333	0.00332	0.00577	0.00866	0.01083	0.09515	0.29438	0.50153	0.01054	0.00477	0.00141	0.00210	0.02819	0.00369	0.00331
8	0.88991	0.00758	0.00576	0.00516	0.00758	0.00879	0.00425	0.01152	0.00667	0.01759	0.00546	0.00637	0.00425	0.00364	0.00243	0.00121	0.00303	0.00212	0.00243	0.00425
9	0.00602	0.00449	0.00499	0.00486	0.00588	0.00441	0.00352	0.00847	0.11919	0.01228	0.18126	0.07233	0.27251	0.14705	0.03104	0.00182	0.00265	0.00661	0.10697	0.00366
10	0.00480	0.00391	0.00421	0.00432	0.00542	0.00337	0.00318	0.00581	0.00882	0.01085	0.09919	0.13897	0.62489	0.03852	0.00521	0.00144	0.00211	0.02801	0.00365	0.00330
11	0.03814	0.00853	0.03248	0.32273	0.28433	0.00929	0.08207	0.02330	0.00829	0.02274	0.00722	0.00994	0.00576	0.00409	0.00492	0.00129	0.10284	0.00353	0.02341	0.00511
12	0.00505	0.00359	0.00469	0.00547	0.00574	0.00341	0.00367	0.01989	0.00760	0.01013	0.02073	0.77105	0.02471	0.07200	0.00605	0.00174	0.00244	0.02530	0.00355	0.00320
13	0.00936	0.00876	0.01421	0.17789	0.53297	0.00948	0.01099	0.06188	0.00900	0.01263	0.00757	0.03089	0.00644	0.00419	0.00478	0.00126	0.08635	0.00368	0.00205	0.00563
14	0.00816	0.00670	0.00730	0.00671	0.00809	0.06899	0.03204	0.14971	0.06128	0.03395	0.06298	0.31654	0.14825	0.05487	0.00542	0.00150	0.01243	0.00731	0.00351	0.00425
15	0.13958	0.01494	0.01016	0.03322	0.01162	0.53724	0.00699	0.12565	0.03668	0.01318	0.00696	0.00784	0.00552	0.00413	0.00343	0.00108	0.00578	0.00272	0.02845	0.00481
16	0.01022	0.00879	0.01336	0.18563	0.32548	0.00964	0.04503	0.13680	0.07552	0.05292	0.00858	0.01044	0.00668	0.00477	0.02213	0.00137	0.07080	0.00365	0.00249	0.00568
17	0.00560	0.00419	0.00625	0.00624	0.00695	0.00484	0.00484	0.00702	0.00653	0.00941	0.04930	0.01605	0.01108	0.02840	0.80709	0.00606	0.01009	0.00434	0.00220	0.00351
18	0.00793	0.00445	0.00569	0.00534	0.00661	0.00397	0.00399	0.00920	0.00968	0.20051	0.27873	0.23651	0.16952	0.03328	0.00501	0.00141	0.00237	0.00757	0.00409	0.00414
19	0.00490	0.00392	0.00438	0.00439	0.00549	0.00340	0.00324	0.00609	0.00938	0.01193	0.25511	0.12199	0.53267	0.00965	0.00467	0.00133	0.00198	0.00825	0.00382	0.00340
20	0.00579	0.00462	0.00517	0.00503	0.00618	0.00446	0.00370	0.00850	0.13827	0.01265	0.25500	0.10524	0.34488	0.07597	0.00577	0.00152	0.00229	0.00740	0.00378	0.00379
21	0.10257	0.00640	0.00808	0.00642	0.00909	0.00581	0.00525	0.02986	0.01068	0.61178	0.07716	0.01587	0.08268	0.00540	0.00390	0.00122	0.00310	0.00436	0.00445	0.00592
22	0.01125	0.25081	0.04965	0.05335	0.07168	0.20121	0.00790	0.08527	0.16838	0.01249	0.00823	0.00900	0.00661	0.00422	0.00386	0.00111	0.04418	0.00304	0.00242	0.00534
23	0.09037	0.00930	0.03715	0.18789	0.29673	0.03815	0.04213	0.06161	0.13543	0.01366	0.00843	0.01015	0.00661	0.00411	0.00418	0.00125	0.04150	0.00350	0.00236	0.00548
24	0.04356	0.00691	0.00843	0.00719	0.00874	0.00772	0.00577	0.13124	0.10892	0.11793	0.32290	0.01777	0.01877	0.00642	0.00586	0.00133	0.16693	0.00496	0.00371	0.00494
25	0.00927	0.03340	0.43590	0.02353	0.04941	0.00925	0.06779	0.15417	0.05275	0.02636	0.00951	0.08189	0.00786	0.00478	0.00396	0.00127	0.00500	0.01579	0.00245	0.00567
26	0.00849	0.04576	0.39676	0.03015	0.08724	0.04231	0.01013	0.03869	0.02986	0.05129	0.13132	0.01454	0.08683	0.00503	0.00393	0.00122	0.00451	0.00413	0.00255	0.00526
27	0.00843	0.00599	0.00702	0.00633	0.00790	0.00631	0.00490	0.05592	0.27225	0.08048	0.34662	0.02150	0.02186	0.03982	0.03812	0.00156	0.00296	0.02927	0.03793	0.00483
28	0.84671	0.00744	0.00576	0.00514	0.00753	0.00858	0.00423	0.01159	0.00680	0.03247	0.00587	0.00675	0.00452	0.00369	0.00246	0.00120	0.00300	0.00220	0.02978	0.00427
29	0.01058	0.03525	0.01158	0.15079	0.06150	0.05299	0.08008	0.22389	0.08396	0.06038	0.06828	0.03385	0.05235	0.00509	0.00421	0.00123	0.02397	0.00430	0.03041	0.00532
30	0.00489	0.00374	0.00437	0.00470	0.00543	0.00335	0.00327	0.00577	0.00833	0.01069	0.12142	0.36275	0.35068	0.08474	0.00611	0.00164	0.00224	0.00906	0.00361	0.00322
31	0.05902	0.02766	0.01711	0.06957	0.11690	0.21040	0.03748	0.01122	0.01968	0.06325	0.02885	0.14054	0.02342	0.07527	0.04563	0.00170	0.00487	0.04037	0.00262	0.00443
32	0.58557	0.10749	0.06991	0.01668	0.00980	0.05306	0.04547	0.03044	0.00768	0.03529	0.00607	0.00702	0.00471	0.00367	0.00278	0.00117	0.00381	0.00241	0.00233	0.00463

[dist]
# distance from previous block
# <min> <max>
0	7

[block]
# block no. 1 follows, 69 sequences, length 16
# corresponding to MSA columns:
# 130-145
name=unknown_B
#
# <colnr> <probs for GDERKNQSTAVLIFYWHMCP>
#	G	D	E	R	K	N	Q	S	T	A	V	L	I	F	Y	W	H	M	C	P
0	0.02171	0.03551	0.04696	0.01254	0.13599	0.10851	0.08522	0.07251	0.00867	0.05040	0.00674	0.00894	0.00567	0.00517	0.00777	0.00140	0.37570	0.00340	0.00213	0.00507
1	0.01001	0.11920	0.09570	0.04438	0.19056	0.03899	0.02212	0.13745	0.05144	0.04600	0.05940	0.04989	0.04570	0.00486	0.00400	0.00116	0.02402	0.00402	0.00270	0.04840
2	0.00503	0.00391	0.00443	0.00443	0.00538	0.00347	0.00318	0.00613	0.00905	0.01167	0.26426	0.11301	0.43306	0.10787	0.00643	0.00161	0.00218	0.00791	0.00369	0.00330
3	0.04470	0.00570	0.00695	0.00635	0.00751	0.04152	0.00484	0.03171	0.00769	0.16568	0.01131	0.02680	0.01013	0.17920	0.37882	0.00396	0.04282	0.00431	0.01592	0.00407
4	0.00901	0.00852	0.01410	0.17590	0.50680	0.00915	0.03616	0.03046	0.02405	0.01211	0.00796	0.03877	0.00694	0.02877	0.00514	0.00133	0.07344	0.00386	0.00204	0.00548
5	0.00591	0.00415	0.00516	0.00498	0.00609	0.00375	0.00383	0.00748	0.01026	0.05236	0.49617	0.05674	0.24341	0.00873	0.00467	0.00131	0.00212	0.07508	0.00408	0.00371
6	0.00881	0.05673	0.05436	0.04752	0.05155	0.00759	0.04076	0.07381	0.20381	0.07014	0.22195	0.06872	0.06541	0.00617	0.00416	0.00126	0.00331	0.00533	0.00353	0.00507
7	0.09822	0.10371	0.21111	0.00969	0.02960	0.04091	0.08754	0.20132	0.06476	0.10322	0.00879	0.00930	0.00638	0.00409	0.00364	0.00118	0.00468	0.00326	0.00280	0.00579
8	0.00686	0.00572	0.00760	0.00696	0.00719	0.00714	0.00527	0.00779	0.02530	0.00901	0.00944	0.01665	0.00981	0.32538	0.19648	0.00344	0.31299	0.00446	0.02905	0.00344
9	0.02567	0.07858	0.08502	0.04786	0.21478	0.02374	0.06971	0.27199	0.04376	0.03937	0.00899	0.04767	0.00724	0.00444	0.00395	0.00120	0.01359	0.00378	0.00277	0.00588
10	0.00509	0.00405	0.00451	0.00454	0.00560	0.00363	0.00332	0.00649	0.03471	0.01156	0.19271	0.12693	0.49189	0.06434	0.00565	0.00150	0.00218	0.02419	0.00370	0.00341
11	0.00509	0.00374	0.00475	0.00506	0.00571	0.00347	0.00359	0.00606	0.00849	0.01131	0.22213	0.37987	0.20139	0.01206	0.06731	0.04163	0.00277	0.00868	0.00360	0.00329
12	0.01035	0.00832	0.00893	0.00678	0.00993	0.06044	0.00541	0.15659	0.02954	0.07391	0.00869	0.03941	0.00706	0.00383	0.00330	0.00081	0.00344	0.00303	0.00286	0.55737
13	0.00654	0.00433	0.00532	0.00530	0.00626	0.00406	0.00384	0.03777	0.02844	0.07788	0.22195	0.34673	0.15792	0.04938	0.00535	0.00150	0.00236	0.00826	0.02303	0.00378
14	0.14015	0.07622	0.01208	0.05312	0.16153	0.19066	0.02266	0.18872	0.04938	0.02842	0.02242	0.00900	0.00649	0.00415	0.00369	0.00114	0.01903	0.00312	0.00261	0.00540
15	0.05451	0.04276	0.09642	0.02511	0.12151	0.16186	0.03430	0.05304	0.04867	0.06307	0.03294	0.04354	0.07057	0.02501	0.00477	0.00125	0.06298	0.00397	0.00258	0.05112

[dist]
# distance from previous block
# <min> <max>
2	7

[block]
# block no. 2 follows, 69 sequences, length 25
# corresponding to MSA columns:
# 155-179
name=unknown_C
#
# <colnr> <probs for GDERKNQSTAVLIFYWHMCP>
#	G	D	E	R	K	N	Q	S	T	A	V	L	I	F	Y	W	H	M	C	P
0	0.00868	0.03205	0.01028	0.05065	0.20662	0.00687	0.03716	0.07159	0.00960	0.06447	0.06879	0.04297	0.15387	0.00620	0.02800	0.00127	0.00373	0.02665	0.00288	0.16766
1	0.01130	0.45997	0.01544	0.00750	0.01022	0.10410	0.00666	0.06084	0.10971	0.07598	0.04962	0.00941	0.00796	0.00429	0.00368	0.00103	0.05155	0.00298	0.00251	0.00524
2	0.01180	0.05260	0.10911	0.04865	0.08048	0.07183	0.06711	0.23581	0.07830	0.10464	0.00958	0.03044	0.00726	0.00441	0.00396	0.00117	0.01744	0.00361	0.00298	0.05881
3	0.00877	0.36916	0.39010	0.00896	0.01323	0.01132	0.04837	0.01156	0.00816	0.01085	0.00845	0.00975	0.05303	0.02840	0.00378	0.00116	0.00489	0.00303	0.00181	0.00521
4	0.00806	0.08517	0.77878	0.01083	0.01644	0.00960	0.01389	0.01236	0.00825	0.01217	0.00691	0.00812	0.00497	0.00370	0.00363	0.00121	0.00567	0.00284	0.00166	0.00574
5	0.05152	0.00931	0.03506	0.03102	0.05729	0.04513	0.14567	0.19789	0.15347	0.10649	0.01167	0.09289	0.00946	0.00513	0.00403	0.00126	0.00426	0.00453	0.02829	0.00562
6	0.00950	0.01197	0.16816	0.03277	0.13793	0.05457	0.28121	0.06459	0.07284	0.01321	0.02546	0.01081	0.02260	0.00421	0.00483	0.00129	0.07240	0.00394	0.00225	0.00547
7	0.00561	0.00417	0.00613	0.00613	0.00676	0.00481	0.00468	0.00689	0.00625	0.00897	0.01066	0.01629	0.01019	0.10158	0.77504	0.00608	0.00992	0.00433	0.00212	0.00340
8	0.00481	0.00348	0.00451	0.00529	0.00562	0.00323	0.00355	0.00553	0.00767	0.01014	0.04498	0.74762	0.09070	0.03611	0.00539	0.00162	0.00228	0.01065	0.00362	0.00319
9	0.06196	0.15030	0.13356	0.02129	0.24004	0.05023	0.03168	0.08913	0.00980	0.13863	0.00820	0.00915	0.00619	0.00396	0.00383	0.00115	0.02946	0.00316	0.00251	0.00578
10	0.00476	0.00348	0.00448	0.00528	0.00564	0.00320	0.00356	0.00548	0.00768	0.01008	0.02379	0.76056	0.12363	0.01200	0.00496	0.00156	0.00224	0.01080	0.00364	0.00320
11	0.00484	0.00350	0.00458	0.00532	0.00568	0.00324	0.00361	0.00566	0.00793	0.01059	0.10131	0.73224	0.07352	0.01173	0.00495	0.00154	0.00222	0.01059	0.00370	0.00324
12	0.00950	0.09469	0.19280	0.17014	0.23104	0.10236	0.04922	0.02388	0.02863	0.01159	0.00706	0.00902	0.00560	0.00388	0.00414	0.00120	0.04481	0.00320	0.00190	0.00535
13	0.04195	0.06720	0.13177	0.02260	0.07164	0.03570	0.12303	0.07300	0.05861	0.06661	0.01178	0.12225	0.02029	0.08291	0.00551	0.00152	0.00441	0.05154	0.00274	0.00493
14	0.00925	0.00988	0.01434	0.01163	0.01266	0.08370	0.18531	0.01065	0.00715	0.01013	0.00583	0.00888	0.00531	0.00585	0.01027	0.00157	0.59764	0.00361	0.00180	0.00453
15	0.00477	0.00344	0.00451	0.00537	0.00566	0.00319	0.00360	0.00547	0.00759	0.01004	0.02268	0.81095	0.07395	0.01214	0.00498	0.00158	0.00226	0.01097	0.00364	0.00319
16	0.01224	0.09997	0.01282	0.04012	0.15322	0.19211	0.04864	0.16077	0.05567	0.10808	0.00970	0.07191	0.00803	0.00472	0.00380	0.00116	0.00478	0.00386	0.00285	0.00553
17	0.02430	0.03037	0.02295	0.02453	0.14992	0.35198	0.00822	0.21826	0.06549	0.04555	0.00811	0.00888	0.00626	0.00424	0.00381	0.00112	0.01462	0.00313	0.00270	0.00556
18	0.07860	0.00808	0.00945	0.00737	0.01033	0.04456	0.00605	0.16886	0.01224	0.59303	0.01321	0.01184	0.00854	0.00470	0.00381	0.00120	0.00366	0.00367	0.00438	0.00640
19	0.01039	0.05473	0.03467	0.04836	0.01211	0.00983	0.06601	0.13214	0.45434	0.03864	0.01240	0.01216	0.00928	0.00464	0.00384	0.00121	0.00375	0.00390	0.00341	0.08418
20	0.00498	0.00354	0.00469	0.00553	0.00580	0.00334	0.00379	0.00571	0.00752	0.00999	0.02089	0.72944	0.02482	0.07108	0.00608	0.00176	0.00250	0.08182	0.00355	0.00317
21	0.00576	0.00416	0.00573	0.00572	0.00620	0.00467	0.00418	0.00674	0.00623	0.00887	0.01124	0.01897	0.01134	0.27965	0.53630	0.00519	0.02594	0.02254	0.02737	0.00318
22	0.00567	0.00393	0.00491	0.00491	0.00513	0.00414	0.00316	0.00611	0.00589	0.00807	0.01177	0.02245	0.01286	0.60184	0.27843	0.00458	0.00590	0.00523	0.00229	0.00273
23	0.01466	0.01044	0.01126	0.00868	0.01170	0.01147	0.00715	0.75044	0.01763	0.06051	0.00984	0.00983	0.00696	0.00471	0.00387	0.00117	0.00415	0.00355	0.04543	0.00653
24	0.00652	0.03059	0.00737	0.06999	0.03168	0.04386	0.00532	0.00804	0.00780	0.01058	0.10482	0.01793	0.11737	0.01744	0.41471	0.00363	0.00682	0.00465	0.00252	0.08837

[dist]
# distance from previous block
# <min> <max>
0	2

[block]
# block no. 3 follows, 69 sequences, length 14
# corresponding to MSA columns:
# 182-195
name=unknown_D
#
# <colnr> <probs for GDERKNQSTAVLIFYWHMCP>
#	G	D	E	R	K	N	Q	S	T	A	V	L	I	F	Y	W	H	M	C	P
0	0.05261	0.05566	0.03004	0.03709	0.05765	0.07668	0.03276	0.07526	0.41704	0.06894	0.04650	0.01264	0.01028	0.00482	0.00382	0.00124	0.00386	0.00394	0.00339	0.00577
1	0.00559	0.00406	0.00595	0.00603	0.00661	0.00459	0.00454	0.00668	0.00632	0.00898	0.01150	0.09613	0.01148	0.08090	0.67306	0.04817	0.00894	0.00492	0.00225	0.00331
2	0.01048	0.86458	0.02054	0.00671	0.01006	0.01551	0.00671	0.01174	0.00797	0.00922	0.00545	0.00629	0.00503	0.00335	0.00252	0.00084	0.00419	0.00210	0.00168	0.00503
3	0.00485	0.00352	0.00459	0.00535	0.00572	0.00326	0.00365	0.00565	0.00787	0.01044	0.07210	0.72605	0.09032	0.01181	0.00496	0.00155	0.00226	0.02915	0.00368	0.00324
4	0.00992	0.00839	0.00889	0.00790	0.01012	0.00962	0.00617	0.07987	0.72838	0.01698	0.05744	0.01499	0.01285	0.00541	0.00402	0.00131	0.00313	0.00450	0.00400	0.00611
5	0.01293	0.01543	0.01111	0.06179	0.07699	0.59054	0.00786	0.03921	0.07198	0.01087	0.00838	0.00937	0.03888	0.00440	0.00388	0.00110	0.02515	0.00308	0.00226	0.00480
6	0.01324	0.01013	0.01064	0.00835	0.01134	0.04526	0.00679	0.50970	0.14816	0.05949	0.01028	0.01017	0.00748	0.00453	0.00378	0.00111	0.00399	0.00349	0.00368	0.12839
7	0.00680	0.00505	0.00752	0.05017	0.00875	0.00515	0.07334	0.02083	0.01756	0.06179	0.06525	0.36226	0.02920	0.11559	0.04852	0.00202	0.04780	0.06545	0.00319	0.00376
8	0.06225	0.00988	0.02063	0.01489	0.01854	0.00935	0.70992	0.01202	0.00915	0.01291	0.04079	0.01212	0.03998	0.00377	0.00449	0.00131	0.00603	0.00471	0.00216	0.00509
9	0.00856	0.05982	0.04564	0.56363	0.12996	0.00914	0.01038	0.01162	0.06054	0.05202	0.00793	0.01042	0.00598	0.00396	0.00383	0.00125	0.00488	0.00346	0.00206	0.00493
10	0.01008	0.01136	0.01737	0.03237	0.01655	0.18770	0.48574	0.05385	0.00991	0.01219	0.00983	0.09302	0.03174	0.00461	0.00438	0.00127	0.00600	0.00483	0.00229	0.00492
11	0.02455	0.01130	0.16578	0.02774	0.06250	0.12719	0.11043	0.07571	0.02800	0.08152	0.00985	0.03926	0.01932	0.07226	0.11512	0.00208	0.01593	0.00400	0.00248	0.00498
12	0.05811	0.05819	0.15692	0.01196	0.19627	0.03137	0.03985	0.04329	0.12813	0.05204	0.07487	0.03100	0.00980	0.00465	0.00413	0.00121	0.03581	0.01274	0.00267	0.04699
13	0.04169	0.00967	0.09357	0.01582	0.04186	0.14766	0.02525	0.04860	0.07624	0.08316	0.02123	0.13989	0.08407	0.08427	0.00576	0.00150	0.03036	0.01783	0.00294	0.02861

[dist]
# distance from previous block
# <min> <max>
0	12

[block]
# block no. 4 follows, 69 sequences, length 17
# corresponding to MSA columns:
# 208-224
name=unknown_E
#
# <colnr> <probs for GDERKNQSTAVLIFYWHMCP>
#	G	D	E	R	K	N	Q	S	T	A	V	L	I	F	Y	W	H	M	C	P
0	0.08787	0.03305	0.01176	0.05051	0.10495	0.08555	0.09895	0.06760	0.26879	0.06047	0.01070	0.03397	0.00836	0.00456	0.00397	0.00122	0.01990	0.00386	0.00297	0.04101
1	0.01114	0.00562	0.00737	0.04402	0.00893	0.00530	0.00507	0.01309	0.05304	0.37266	0.06403	0.04454	0.11433	0.04348	0.12018	0.00202	0.00405	0.00493	0.03937	0.03683
2	0.01088	0.74635	0.04198	0.00721	0.01048	0.10877	0.00702	0.01220	0.00833	0.00935	0.00556	0.00643	0.00503	0.00344	0.00266	0.00087	0.00456	0.00217	0.00171	0.00500
3	0.01045	0.11905	0.14205	0.03795	0.10577	0.02536	0.03077	0.14681	0.15279	0.04610	0.00910	0.00976	0.00694	0.00407	0.00373	0.00110	0.01728	0.00326	0.00270	0.12495
4	0.00793	0.00879	0.10344	0.65208	0.10324	0.00893	0.01128	0.03809	0.00835	0.01105	0.00710	0.01011	0.00534	0.00388	0.00389	0.00128	0.00520	0.00342	0.00183	0.00477
5	0.00570	0.00382	0.00437	0.00437	0.00440	0.00385	0.00249	0.00576	0.00573	0.00767	0.01227	0.02520	0.01406	0.82547	0.05644	0.00391	0.00410	0.00563	0.00236	0.00243
6	0.00630	0.00431	0.00613	0.00576	0.00617	0.00426	0.06408	0.00639	0.00626	0.00833	0.01186	0.02384	0.01303	0.49601	0.01588	0.20293	0.00389	0.10964	0.00235	0.00260
7	0.00681	0.00340	0.00511	0.00511	0.00511	0.00340	0.00340	0.00511	0.00511	0.00681	0.00681	0.01192	0.00681	0.01362	0.01532	0.88594	0.00340	0.00340	0.00170	0.00170
8	0.01464	0.01868	0.01111	0.01010	0.01212	0.84648	0.00757	0.01565	0.01111	0.00959	0.00606	0.00707	0.00505	0.00404	0.00353	0.00101	0.00707	0.00252	0.00202	0.00454
9	0.02868	0.00800	0.01142	0.09865	0.14724	0.03238	0.03196	0.06845	0.00802	0.03409	0.00759	0.01062	0.00659	0.01053	0.19332	0.00250	0.28952	0.00362	0.00212	0.00471
10	0.00612	0.00445	0.00621	0.00604	0.00655	0.00511	0.00448	0.00710	0.00623	0.02861	0.01076	0.01770	0.01070	0.25641	0.54106	0.00517	0.06721	0.00455	0.00222	0.00332
11	0.00645	0.00407	0.00525	0.00533	0.00625	0.00369	0.00391	0.00767	0.00928	0.10187	0.27823	0.36569	0.13577	0.00977	0.00474	0.00141	0.00227	0.04060	0.00398	0.00376
12	0.01128	0.00839	0.00921	0.00769	0.01002	0.00928	0.02095	0.32166	0.31660	0.04136	0.02799	0.04146	0.01043	0.00521	0.00383	0.00121	0.00338	0.00424	0.13998	0.00583
13	0.02846	0.03783	0.38874	0.01222	0.07670	0.00967	0.16808	0.11502	0.04616	0.03289	0.03087	0.00985	0.00675	0.00399	0.00403	0.00124	0.01594	0.00353	0.00229	0.00574
14	0.01015	0.32746	0.25988	0.00835	0.01233	0.03198	0.00882	0.11701	0.04089	0.02525	0.00719	0.00796	0.00566	0.00369	0.00321	0.00100	0.00453	0.00267	0.00219	0.11980
15	0.00482	0.00347	0.00450	0.00529	0.00558	0.00323	0.00352	0.00548	0.00748	0.00990	0.02215	0.75754	0.07513	0.06460	0.00590	0.00171	0.00235	0.01063	0.00356	0.00314
16	0.00698	0.00572	0.00915	0.17254	0.01246	0.00567	0.12948	0.00881	0.00903	0.06263	0.13939	0.10130	0.22184	0.02601	0.00488	0.00142	0.00358	0.07188	0.00316	0.00407

[dist]
# distance from previous block
# <min> <max>
0	10

[block]
# block no. 5 follows, 69 sequences, length 23
# corresponding to MSA columns:
# 235-257
name=unknown_F
#
# <colnr> <probs for GDERKNQSTAVLIFYWHMCP>
#	G	D	E	R	K	N	Q	S	T	A	V	L	I	F	Y	W	H	M	C	P
0	0.04031	0.00551	0.00719	0.02130	0.02536	0.00519	0.00489	0.04475	0.01056	0.31043	0.31784	0.04705	0.05755	0.03510	0.04774	0.00158	0.00316	0.00550	0.00411	0.00488
1	0.08035	0.19823	0.04060	0.02713	0.07224	0.14036	0.04810	0.08641	0.03789	0.13671	0.02528	0.01000	0.00723	0.03967	0.00444	0.00123	0.03296	0.00323	0.00266	0.00528
2	0.04993	0.13231	0.19771	0.07752	0.03377	0.05328	0.04721	0.12997	0.00993	0.07130	0.02066	0.04700	0.00762	0.00553	0.03764	0.00138	0.01561	0.02197	0.00251	0.03714
3	0.00567	0.00381	0.00438	0.00440	0.00444	0.00384	0.00253	0.00576	0.00577	0.00773	0.01249	0.04525	0.01432	0.80173	0.05932	0.00387	0.00409	0.00576	0.00239	0.00245
4	0.00512	0.00411	0.00458	0.00447	0.00566	0.00365	0.00335	0.00673	0.03586	0.01256	0.31685	0.05135	0.51344	0.00916	0.00462	0.00130	0.00198	0.00780	0.00389	0.00354
5	0.00838	0.00769	0.01205	0.00971	0.01194	0.00797	0.25725	0.03007	0.29304	0.01395	0.07749	0.12634	0.02806	0.02567	0.00485	0.00139	0.02078	0.00560	0.05275	0.00502
6	0.00798	0.00680	0.00797	0.00576	0.00910	0.00514	0.00459	0.00973	0.00830	0.01294	0.05358	0.00932	0.00756	0.00319	0.00300	0.00062	0.00284	0.00259	0.00243	0.83656
7	0.00575	0.00435	0.00531	0.00547	0.00646	0.00417	0.00423	0.00787	0.06998	0.01271	0.26763	0.13765	0.21556	0.03455	0.00522	0.00150	0.00248	0.18619	0.01925	0.00367
8	0.00508	0.00428	0.00431	0.00419	0.00559	0.00369	0.00317	0.04113	0.00935	0.01120	0.03840	0.03650	0.80022	0.00970	0.00460	0.00132	0.00209	0.00807	0.00365	0.00346
9	0.00599	0.00469	0.00602	0.00597	0.00656	0.03872	0.00441	0.00704	0.00635	0.00877	0.01076	0.01749	0.01066	0.22569	0.61667	0.00549	0.00877	0.00449	0.00216	0.00328
10	0.88991	0.00758	0.00576	0.00516	0.00758	0.00879	0.00425	0.01152	0.00667	0.01759	0.00546	0.00637	0.00425	0.00364	0.00243	0.00121	0.00303	0.00212	0.00243	0.00425
11	0.00583	0.00450	0.00614	0.00609	0.00677	0.02549	0.00462	0.00711	0.00671	0.00944	0.07072	0.01725	0.01212	0.11220	0.68013	0.00555	0.00910	0.00452	0.00229	0.00343
12	0.01038	0.00534	0.00683	0.00584	0.00745	0.00505	0.00446	0.05267	0.02552	0.30285	0.27369	0.02066	0.01909	0.16752	0.05452	0.00198	0.00337	0.00526	0.02285	0.00468
13	0.00989	0.01134	0.09792	0.03892	0.53861	0.10510	0.01131	0.01211	0.00872	0.01192	0.00690	0.00914	0.00580	0.00401	0.00495	0.00123	0.11124	0.00331	0.00189	0.00569
14	0.00820	0.00593	0.02113	0.00587	0.00725	0.00584	0.00445	0.19573	0.02685	0.04643	0.14705	0.14485	0.11588	0.18784	0.00759	0.00181	0.00306	0.00627	0.05378	0.00418
15	0.00718	0.00664	0.05438	0.00738	0.04157	0.00656	0.00583	0.04436	0.06120	0.03236	0.28954	0.07220	0.17172	0.00759	0.00610	0.00137	0.17032	0.00606	0.00337	0.00429
16	0.01075	0.24779	0.06851	0.06098	0.06782	0.04150	0.07773	0.17751	0.02470	0.04291	0.00842	0.01037	0.02080	0.04316	0.00501	0.00127	0.07005	0.01296	0.00244	0.00531
17	0.01136	0.00821	0.00918	0.03920	0.01082	0.00909	0.00634	0.13348	0.50881	0.14743	0.01549	0.01448	0.04395	0.00567	0.01722	0.00137	0.00346	0.00434	0.00399	0.00612
18	0.02222	0.00858	0.03992	0.00947	0.10163	0.06601	0.05097	0.13269	0.16348	0.04818	0.14233	0.01808	0.11424	0.02381	0.02408	0.00142	0.00389	0.02049	0.00336	0.00515
19	0.00544	0.00402	0.00456	0.00470	0.00525	0.00386	0.00311	0.00646	0.04616	0.00956	0.04052	0.18755	0.23603	0.38298	0.02510	0.00255	0.00305	0.02297	0.00309	0.00303
20	0.02943	0.01470	0.01223	0.03561	0.07853	0.52069	0.08179	0.03278	0.01027	0.05307	0.00707	0.00870	0.00578	0.02321	0.02036	0.00128	0.05445	0.00306	0.00219	0.00481
21	0.43109	0.03202	0.00914	0.00766	0.02765	0.08858	0.04703	0.14316	0.00947	0.05574	0.00769	0.02062	0.00625	0.00534	0.03616	0.00142	0.03462	0.02884	0.00271	0.00483
22	0.02742	0.00881	0.04816	0.08650	0.17821	0.03484	0.00797	0.10298	0.19169	0.03112	0.11448	0.01370	0.02309	0.01980	0.00479	0.00129	0.05883	0.00414	0.00298	0.03920

[dist]
# distance from previous block
# <min> <max>
1	4

[block]
# block no. 6 follows, 69 sequences, length 42
# corresponding to MSA columns:
# 262-303
name=unknown_G
#
# <colnr> <probs for GDERKNQSTAVLIFYWHMCP>
#	G	D	E	R	K	N	Q	S	T	A	V	L	I	F	Y	W	H	M	C	P
0	0.00492	0.00379	0.00443	0.00465	0.00548	0.00338	0.00330	0.00594	0.00875	0.01129	0.19442	0.29477	0.37392	0.05591	0.00557	0.00152	0.00215	0.00880	0.00371	0.00330
1	0.02626	0.08464	0.08083	0.01025	0.04809	0.07772	0.11697	0.20847	0.25159	0.01622	0.03274	0.01105	0.00848	0.00447	0.00386	0.00121	0.00452	0.00376	0.00305	0.00582
2	0.00535	0.00381	0.00445	0.00456	0.00496	0.00367	0.00293	0.00587	0.00707	0.00930	0.09023	0.15315	0.16942	0.45825	0.05780	0.00292	0.00343	0.00704	0.00295	0.00284
3	0.55880	0.00723	0.00675	0.00570	0.00822	0.00778	0.00468	0.05352	0.00855	0.22337	0.01018	0.01015	0.05041	0.00436	0.00301	0.00121	0.00309	0.00302	0.02508	0.00491
4	0.00481	0.00347	0.00456	0.00540	0.00571	0.00322	0.00365	0.00554	0.00766	0.01016	0.03559	0.78924	0.06884	0.01207	0.00499	0.00158	0.00227	0.02438	0.00365	0.00321
5	0.00481	0.00389	0.00428	0.00438	0.00545	0.00336	0.00321	0.00590	0.00907	0.01136	0.17158	0.17044	0.56858	0.00999	0.00469	0.00135	0.00201	0.00854	0.00375	0.00336
6	0.01020	0.00865	0.00912	0.00807	0.01037	0.00996	0.00631	0.09118	0.75960	0.01713	0.01538	0.01417	0.01150	0.00527	0.00398	0.00132	0.00321	0.00435	0.00398	0.00625
7	0.00740	0.00697	0.01176	0.85280	0.02700	0.00871	0.01089	0.01002	0.00784	0.01002	0.00697	0.01045	0.00523	0.00392	0.00392	0.00131	0.00523	0.00348	0.00174	0.00436
8	0.00753	0.00709	0.01198	0.80844	0.07040	0.00874	0.01095	0.01012	0.00790	0.01017	0.00699	0.01041	0.00528	0.00390	0.00392	0.00130	0.00520	0.00348	0.00175	0.00445
9	0.01506	0.01072	0.01161	0.00890	0.01203	0.01178	0.00735	0.77657	0.01800	0.07344	0.00977	0.00965	0.00685	0.00471	0.00392	0.00118	0.00426	0.00355	0.00398	0.00667
10	0.00819	0.00796	0.00927	0.38014	0.01660	0.11999	0.00766	0.01150	0.13994	0.01145	0.07316	0.01611	0.12981	0.00564	0.00437	0.02881	0.00431	0.00447	0.01622	0.00438
11	0.00818	0.00645	0.04257	0.00765	0.06113	0.01805	0.02031	0.07148	0.02080	0.08394	0.01284	0.11279	0.02808	0.32388	0.06989	0.00262	0.07257	0.02997	0.00280	0.00400
12	0.00786	0.00770	0.01172	0.79991	0.02607	0.06129	0.01068	0.01037	0.00804	0.00999	0.00691	0.01024	0.00521	0.00393	0.00390	0.00129	0.00534	0.00342	0.00176	0.00437
13	0.01694	0.00653	0.00889	0.00687	0.00979	0.00565	0.00565	0.01848	0.01121	0.79633	0.05937	0.01420	0.01117	0.00502	0.00398	0.00121	0.00326	0.00411	0.00482	0.00651
14	0.88991	0.00758	0.00576	0.00516	0.00758	0.00879	0.00425	0.01152	0.00667	0.01759	0.00546	0.00637	0.00425	0.00364	0.00243	0.00121	0.00303	0.00212	0.00243	0.00425
15	0.00975	0.00842	0.00886	0.00798	0.01019	0.00975	0.00621	0.02083	0.83069	0.01640	0.01596	0.01463	0.01197	0.00532	0.00399	0.00133	0.00310	0.00443	0.00399	0.00621
16	0.00740	0.00697	0.01176	0.85280	0.02700	0.00871	0.01089	0.01002	0.00784	0.01002	0.00697	0.01045	0.00523	0.00392	0.00392	0.00131	0.00523	0.00348	0.00174	0.00436
17	0.00560	0.00420	0.00630	0.00630	0.00700	0.00490	0.00490	0.00700	0.00630	0.00910	0.01050	0.01540	0.00980	0.02940	0.84669	0.00630	0.01050	0.00420	0.00210	0.00350
18	0.00570	0.00381	0.00432	0.00436	0.00438	0.00380	0.00248	0.00575	0.00581	0.00773	0.01271	0.04219	0.01465	0.82801	0.01936	0.00372	0.00377	0.02260	0.00243	0.00242
19	0.00762	0.00708	0.01176	0.82848	0.02657	0.00881	0.01079	0.03350	0.00814	0.01044	0.00704	0.01042	0.00527	0.00394	0.00392	0.00130	0.00520	0.00349	0.00180	0.00442
20	0.00740	0.00697	0.01176	0.85280	0.02700	0.00871	0.01089	0.01002	0.00784	0.01002	0.00697	0.01045	0.00523	0.00392	0.00392	0.00131	0.00523	0.00348	0.00174	0.00436
21	0.88991	0.00758	0.00576	0.00516	0.00758	0.00879	0.00425	0.01152	0.00667	0.01759	0.00546	0.00637	0.00425	0.00364	0.00243	0.00121	0.00303	0.00212	0.00243	0.00425
22	0.00573	0.00418	0.00453	0.00433	0.00572	0.00355	0.00328	0.00687	0.00940	0.07335	0.14553	0.03476	0.66631	0.00929	0.00458	0.00130	0.00207	0.00779	0.00382	0.00361
23	0.01063	0.83460	0.02021	0.00683	0.01013	0.04496	0.00674	0.01188	0.00808	0.00924	0.00547	0.00632	0.00503	0.00338	0.00255	0.00084	0.00429	0.00211	0.00169	0.00501
24	0.02295	0.09344	0.23555	0.00988	0.02506	0.05444	0.06110	0.12089	0.05701	0.17304	0.03107	0.02434	0.05155	0.00532	0.00434	0.00138	0.01511	0.00409	0.00328	0.00617
25	0.01030	0.34911	0.20798	0.00982	0.02496	0.11964	0.10240	0.05170	0.00897	0.01118	0.00648	0.00795	0.00536	0.01643	0.00409	0.00112	0.05260	0.00284	0.00188	0.00519
26	0.88991	0.00758	0.00576	0.00516	0.00758	0.00879	0.00425	0.01152	0.00667	0.01759	0.00546	0.00637	0.00425	0.00364	0.00243	0.00121	0.00303	0.00212	0.00243	0.00425
27	0.01405	0.01741	0.01087	0.00987	0.01177	0.76100	0.00745	0.01509	0.01070	0.02525	0.00642	0.00764	0.00537	0.00536	0.04403	0.00129	0.03717	0.00266	0.00207	0.00453
28	0.00618	0.00415	0.00544	0.00504	0.00608	0.00381	0.00381	0.00801	0.01110	0.05911	0.79254	0.02845	0.03556	0.00785	0.00459	0.00123	0.00193	0.00692	0.00434	0.00386
29	0.20786	0.00711	0.00852	0.00669	0.00960	0.00678	0.00553	0.06248	0.01063	0.61526	0.01294	0.01160	0.00834	0.00458	0.00361	0.00121	0.00332	0.00352	0.00427	0.00614
30	0.01464	0.01868	0.01111	0.01010	0.01212	0.84648	0.00757	0.01565	0.01111	0.00959	0.00606	0.00707	0.00505	0.00404	0.00353	0.00101	0.00707	0.00252	0.00202	0.00454
31	0.00569	0.00383	0.00444	0.00444	0.00450	0.00389	0.00258	0.00581	0.00575	0.00773	0.01220	0.02481	0.01388	0.79321	0.08846	0.00401	0.00436	0.00558	0.00235	0.00247
32	0.01464	0.01868	0.01111	0.01010	0.01212	0.84648	0.00757	0.01565	0.01111	0.00959	0.00606	0.00707	0.00505	0.00404	0.00353	0.00101	0.00707	0.00252	0.00202	0.00454
33	0.00786	0.02028	0.84191	0.01117	0.01697	0.00910	0.01448	0.01242	0.00828	0.01242	0.00704	0.00828	0.00497	0.00372	0.00372	0.00124	0.00579	0.00290	0.00166	0.00579
34	0.00975	0.00842	0.00886	0.00798	0.01019	0.00975	0.00621	0.02083	0.83069	0.01640	0.01596	0.01463	0.01197	0.00532	0.00399	0.00133	0.00310	0.00443	0.00399	0.00621
35	0.00786	0.02028	0.84191	0.01117	0.01697	0.00910	0.01448	0.01242	0.00828	0.01242	0.00704	0.00828	0.00497	0.00372	0.00372	0.00124	0.00579	0.00290	0.00166	0.00579
36	0.00925	0.01058	0.02313	0.01652	0.02049	0.00991	0.82353	0.01256	0.00925	0.01256	0.00793	0.01058	0.00595	0.00330	0.00463	0.00132	0.00661	0.00463	0.00198	0.00529
37	0.00497	0.00385	0.00434	0.00447	0.00532	0.00342	0.00314	0.00591	0.00857	0.01094	0.16929	0.19295	0.42556	0.13134	0.00688	0.00171	0.00228	0.00826	0.00358	0.00322
38	0.00516	0.00373	0.00468	0.00523	0.00563	0.00354	0.00351	0.01742	0.02126	0.01036	0.06806	0.60372	0.09118	0.12877	0.00698	0.00184	0.00248	0.00971	0.00351	0.00321
39	0.00692	0.00527	0.00613	0.00576	0.00705	0.00537	0.01541	0.04424	0.17669	0.03262	0.14083	0.11052	0.22176	0.10086	0.05893	0.00190	0.00317	0.01977	0.03268	0.00412
40	0.00770	0.00573	0.00674	0.01760	0.00779	0.00594	0.00473	0.07673	0.19595	0.05181	0.36043	0.09893	0.10548	0.01861	0.00474	0.00133	0.01476	0.00643	0.00401	0.00455
41	0.01022	0.09152	0.10083	0.04378	0.09571	0.09500	0.11543	0.06114	0.00904	0.05448	0.00718	0.00890	0.00576	0.00430	0.00531	0.01168	0.14685	0.00320	0.00217	0.12751

[dist]
# distance from previous block
# <min> <max>
1	8

[block]
# block no. 7 follows, 69 sequences, length 33
# corresponding to MSA columns:
# 314-346
name=unknown_H
#
# <colnr> <probs for GDERKNQSTAVLIFYWHMCP>
#	G	D	E	R	K	N	Q	S	T	A	V	L	I	F	Y	W	H	M	C	P
0	0.00941	0.12445	0.12842	0.08712	0.09954	0.03050	0.14385	0.06439	0.00850	0.01173	0.00659	0.00886	0.00545	0.00457	0.00637	0.00133	0.24849	0.00337	0.00192	0.00512
1	0.00592	0.00453	0.00576	0.00548	0.00634	0.00445	0.03010	0.01855	0.06538	0.01176	0.24394	0.15217	0.16148	0.18948	0.04001	0.02674	0.01399	0.00704	0.00340	0.00349
2	0.00610	0.00414	0.00532	0.00525	0.00567	0.00439	0.00360	0.00675	0.00638	0.03860	0.01325	0.07237	0.04354	0.43517	0.29388	0.00422	0.02705	0.00547	0.01580	0.00306
3	0.01484	0.01053	0.01142	0.00881	0.01189	0.01155	0.00726	0.72278	0.05973	0.08556	0.01020	0.00998	0.00717	0.00475	0.00393	0.00119	0.00418	0.00361	0.00400	0.00664
4	0.00560	0.00393	0.00498	0.00500	0.00530	0.00413	0.00331	0.00617	0.00619	0.00847	0.03334	0.04692	0.03936	0.51064	0.29562	0.00443	0.00590	0.00547	0.00241	0.00284
5	0.00485	0.00352	0.00458	0.00528	0.00567	0.00325	0.00359	0.00569	0.00803	0.01070	0.11517	0.69999	0.09196	0.01161	0.00493	0.00153	0.00220	0.01046	0.00372	0.00325
6	0.00921	0.01088	0.04861	0.01636	0.02038	0.00989	0.79836	0.01255	0.00922	0.01255	0.00790	0.01050	0.00592	0.00332	0.00460	0.00132	0.00658	0.00457	0.00197	0.00530
7	0.00896	0.00774	0.00811	0.00736	0.00944	0.00876	0.00571	0.01849	0.70394	0.01550	0.01962	0.01819	0.13909	0.00603	0.00409	0.00133	0.00293	0.00502	0.00394	0.00576
8	0.00740	0.00697	0.01176	0.85280	0.02700	0.00871	0.01089	0.01002	0.00784	0.01002	0.00697	0.01045	0.00523	0.00392	0.00392	0.00131	0.00523	0.00348	0.00174	0.00436
9	0.88991	0.00758	0.00576	0.00516	0.00758	0.00879	0.00425	0.01152	0.00667	0.01759	0.00546	0.00637	0.00425	0.00364	0.00243	0.00121	0.00303	0.00212	0.00243	0.00425
10	0.01490	0.01098	0.01177	0.00902	0.01216	0.01216	0.00745	0.82470	0.01843	0.02471	0.00941	0.00941	0.00667	0.00471	0.00392	0.00118	0.00431	0.00353	0.00392	0.00667
11	0.00553	0.00401	0.00521	0.00491	0.00584	0.00369	0.00368	0.00735	0.01104	0.01559	0.81519	0.02950	0.05759	0.00806	0.00462	0.00124	0.00185	0.00712	0.00430	0.00369
12	0.00813	0.00697	0.00813	0.00581	0.00929	0.00523	0.00465	0.00987	0.00813	0.01277	0.00697	0.00813	0.00581	0.00290	0.00290	0.00058	0.00290	0.00232	0.00232	0.88619
13	0.04630	0.00412	0.00515	0.00494	0.00590	0.00387	0.00369	0.00734	0.01048	0.01508	0.69052	0.10052	0.07099	0.00827	0.00456	0.00127	0.00195	0.00727	0.00414	0.00366
14	0.00630	0.00536	0.02744	0.00765	0.03400	0.00568	0.06019	0.02808	0.00689	0.00983	0.01016	0.01509	0.00944	0.07302	0.66564	0.00536	0.01971	0.00424	0.00213	0.00378
15	0.00681	0.00340	0.00511	0.00511	0.00511	0.00340	0.00340	0.00511	0.00511	0.00681	0.00681	0.01192	0.00681	0.01362	0.01532	0.88594	0.00340	0.00340	0.00170	0.00170
16	0.21928	0.00694	0.00791	0.00634	0.00898	0.00685	0.00520	0.09661	0.01051	0.46437	0.01220	0.01148	0.00817	0.00452	0.00344	0.00117	0.00318	0.00344	0.11369	0.00573
17	0.00786	0.02028	0.84191	0.01117	0.01697	0.00910	0.01448	0.01242	0.00828	0.01242	0.00704	0.00828	0.00497	0.00372	0.00372	0.00124	0.00579	0.00290	0.00166	0.00579
18	0.00504	0.00397	0.00456	0.00456	0.00565	0.00349	0.00343	0.00634	0.00959	0.01238	0.31310	0.09187	0.46551	0.00947	0.00469	0.00133	0.00203	0.04565	0.00387	0.00345
19	0.01409	0.01787	0.01072	0.00976	0.01174	0.79990	0.00732	0.01510	0.01099	0.00965	0.00792	0.00876	0.05097	0.00437	0.00360	0.00103	0.00679	0.00284	0.00211	0.00448
20	0.01407	0.07197	0.01185	0.01042	0.05005	0.71960	0.00766	0.01543	0.03246	0.02263	0.00649	0.00744	0.00536	0.00402	0.00350	0.00102	0.00661	0.00261	0.00209	0.00473
21	0.00480	0.00345	0.00456	0.00544	0.00572	0.00321	0.00367	0.00551	0.00758	0.01006	0.02218	0.81812	0.05205	0.01218	0.00500	0.00159	0.00229	0.02576	0.00364	0.00320
22	0.00948	0.00917	0.01501	0.12539	0.62692	0.03111	0.04526	0.01225	0.04682	0.01257	0.00781	0.01008	0.00639	0.00366	0.00389	0.00119	0.00475	0.00356	0.01883	0.00585
23	0.00560	0.00420	0.00630	0.00630	0.00700	0.00490	0.00490	0.00700	0.00630	0.00910	0.01050	0.01540	0.00980	0.02940	0.84669	0.00630	0.01050	0.00420	0.00210	0.00350
24	0.00941	0.00902	0.01539	0.12888	0.73523	0.00924	0.01189	0.01178	0.00879	0.01245	0.00732	0.00980	0.00609	0.00355	0.00389	0.00118	0.00473	0.00349	0.00192	0.00598
25	0.00813	0.00697	0.00813	0.00581	0.00929	0.00523	0.00465	0.00987	0.00813	0.01277	0.00697	0.00813	0.00581	0.00290	0.00290	0.00058	0.00290	0.00232	0.00232	0.88619
26	0.01232	0.06546	0.03777	0.04254	0.11518	0.43910	0.09233	0.05846	0.05542	0.01160	0.00737	0.00898	0.00602	0.00408	0.00383	0.00112	0.01593	0.01521	0.00220	0.00507
27	0.00487	0.00348	0.00465	0.00552	0.00580	0.00326	0.00376	0.00564	0.00769	0.01027	0.04775	0.79528	0.02613	0.01208	0.00501	0.00159	0.00232	0.04799	0.00366	0.00322
28	0.00709	0.00556	0.03669	0.05923	0.00869	0.00518	0.03681	0.05064	0.00973	0.06216	0.36894	0.13284	0.02368	0.10952	0.02384	0.00172	0.02121	0.02892	0.00354	0.00399
29	0.00496	0.00377	0.00458	0.00488	0.00566	0.00339	0.00350	0.00607	0.00892	0.01168	0.23205	0.36063	0.29488	0.01040	0.00480	0.00142	0.00211	0.02913	0.00381	0.00337
30	0.45247	0.00971	0.00842	0.03771	0.02259	0.12082	0.00585	0.19690	0.01031	0.07606	0.00735	0.00818	0.00553	0.01888	0.00340	0.00123	0.00400	0.00276	0.00285	0.00501
31	0.06893	0.10737	0.22409	0.00931	0.03920	0.06414	0.04676	0.11052	0.08775	0.09292	0.00867	0.00921	0.00643	0.00395	0.00352	0.00110	0.00452	0.00309	0.00263	0.10590
32	0.03349	0.03927	0.04712	0.04475	0.06661	0.23114	0.09285	0.11901	0.05856	0.02509	0.00830	0.01021	0.00676	0.05992	0.00469	0.00125	0.00500	0.00333	0.03430	0.10836

[dist]
# distance from previous block
# <min> <max>
0	4

[block]
# block no. 8 follows, 69 sequences, length 47
# corresponding to MSA columns:
# 376-394,397-424
name=unknown_I
#
# <colnr> <probs for GDERKNQSTAVLIFYWHMCP>
#	G	D	E	R	K	N	Q	S	T	A	V	L	I	F	Y	W	H	M	C	P
0	0.01426	0.10232	0.01182	0.00820	0.01126	0.06264	0.00683	0.45292	0.04215	0.17212	0.00995	0.00974	0.00707	0.00444	0.00368	0.00110	0.00415	0.00333	0.00362	0.06840
1	0.02655	0.02344	0.00668	0.01529	0.00731	0.00475	0.05523	0.02211	0.02481	0.02538	0.03865	0.37954	0.09783	0.10374	0.10651	0.01631	0.00388	0.03531	0.00314	0.00355
2	0.04694	0.39190	0.23640	0.00787	0.01157	0.02971	0.00835	0.02539	0.05228	0.06200	0.00887	0.03103	0.03736	0.00416	0.00320	0.00105	0.00435	0.00305	0.00221	0.03230
3	0.01547	0.02084	0.00974	0.06744	0.01141	0.00698	0.00631	0.10447	0.02916	0.58936	0.01328	0.01218	0.00868	0.00466	0.00401	0.00118	0.01912	0.00372	0.00423	0.06776
4	0.07410	0.00769	0.00842	0.00726	0.00954	0.00839	0.00569	0.06025	0.47581	0.19665	0.01444	0.01425	0.01076	0.06437	0.00494	0.00145	0.00323	0.00418	0.02268	0.00587
5	0.01051	0.00888	0.07481	0.16000	0.32821	0.00816	0.05228	0.03791	0.01881	0.17534	0.07744	0.01215	0.00924	0.00427	0.00399	0.00122	0.00442	0.00390	0.00274	0.00571
6	0.00942	0.02292	0.05043	0.03878	0.51984	0.00894	0.13447	0.01199	0.02667	0.04360	0.00920	0.06246	0.01963	0.00426	0.00421	0.00123	0.01979	0.00419	0.00221	0.00575
7	0.00858	0.00858	0.01201	0.01029	0.01029	0.01201	0.00858	0.00943	0.00600	0.00943	0.00515	0.00858	0.00515	0.00686	0.01287	0.00172	0.85505	0.00343	0.00172	0.00429
8	0.00570	0.00380	0.00428	0.00428	0.00428	0.00380	0.00238	0.00570	0.00570	0.00760	0.01235	0.02566	0.01425	0.86222	0.01995	0.00380	0.00380	0.00570	0.00238	0.00238
9	0.01143	0.31853	0.08798	0.01099	0.13181	0.06515	0.07650	0.08516	0.05026	0.10467	0.00809	0.00886	0.00628	0.00387	0.00354	0.00108	0.01467	0.00307	0.00243	0.00563
10	0.00879	0.03254	0.37741	0.06262	0.03154	0.04456	0.34773	0.01240	0.00874	0.01211	0.00730	0.00929	0.00541	0.00361	0.00422	0.00127	0.01959	0.00363	0.00182	0.00542
11	0.00918	0.00977	0.02005	0.01462	0.01812	0.00933	0.66525	0.05120	0.04034	0.01320	0.00946	0.05595	0.00774	0.00412	0.00454	0.00133	0.00591	0.02180	0.03290	0.00519
12	0.02306	0.00660	0.03076	0.01021	0.21483	0.00628	0.00637	0.02647	0.12273	0.02270	0.29284	0.02256	0.18557	0.00661	0.00427	0.00125	0.00294	0.00576	0.00343	0.00475
13	0.01041	0.07173	0.21478	0.09424	0.19124	0.01006	0.07684	0.17068	0.02504	0.05720	0.00814	0.00965	0.00615	0.01409	0.00420	0.00124	0.02271	0.00341	0.00241	0.00580
14	0.00608	0.00556	0.03217	0.02565	0.11181	0.04477	0.00534	0.00717	0.00784	0.01031	0.01837	0.55953	0.05975	0.04421	0.04074	0.00177	0.00337	0.00871	0.00313	0.00372
15	0.00560	0.00420	0.00630	0.00630	0.00700	0.00490	0.00490	0.00700	0.00630	0.00910	0.01050	0.01540	0.00980	0.02940	0.84669	0.00630	0.01050	0.00420	0.00210	0.00350
16	0.85919	0.00797	0.00595	0.00533	0.00774	0.03820	0.00436	0.01167	0.00683	0.01731	0.00548	0.00639	0.00427	0.00365	0.00247	0.00121	0.00317	0.00214	0.00241	0.00426
17	0.00944	0.38624	0.18642	0.04579	0.11147	0.01192	0.02053	0.01295	0.12120	0.01156	0.03005	0.00915	0.00700	0.00392	0.00343	0.00108	0.01734	0.00300	0.00210	0.00542
18	0.01393	0.01756	0.01153	0.01024	0.01235	0.75565	0.05402	0.01528	0.02813	0.00994	0.00739	0.00836	0.03037	0.00420	0.00364	0.00104	0.00681	0.00286	0.00211	0.00458
19	0.00561	0.00415	0.00603	0.00603	0.00664	0.00476	0.00457	0.00683	0.00622	0.00890	0.01075	0.01676	0.01039	0.13947	0.73742	0.00597	0.00962	0.00440	0.00214	0.00335
20	0.00503	0.00346	0.00450	0.00528	0.00559	0.00325	0.00356	0.00586	0.00772	0.01065	0.05512	0.75032	0.02500	0.01142	0.00479	0.00152	0.00222	0.01031	0.08115	0.00325
21	0.00545	0.00400	0.00511	0.00483	0.00580	0.00366	0.00363	0.00722	0.01088	0.01519	0.75393	0.03015	0.11909	0.00821	0.00462	0.00124	0.00186	0.00721	0.00425	0.00366
22	0.01465	0.01852	0.01112	0.01008	0.01212	0.82847	0.00757	0.03312	0.01127	0.00992	0.00613	0.00712	0.00508	0.00405	0.00354	0.00101	0.00701	0.00255	0.00206	0.00459
23	0.00478	0.00341	0.00455	0.00546	0.00569	0.00318	0.00364	0.00546	0.00751	0.01001	0.02161	0.85966	0.02593	0.01228	0.00500	0.00159	0.00227	0.01114	0.00364	0.00318
24	0.00555	0.00401	0.00524	0.00493	0.00586	0.00370	0.00370	0.00740	0.01110	0.01572	0.83570	0.02928	0.03699	0.00801	0.00462	0.00123	0.00185	0.00709	0.00432	0.00370
25	0.01444	0.06015	0.01157	0.00993	0.01202	0.80575	0.00753	0.01546	0.01096	0.00958	0.00603	0.00703	0.00505	0.00401	0.00348	0.00100	0.00693	0.00250	0.00200	0.00457
26	0.00963	0.01062	0.02149	0.01556	0.01915	0.03533	0.70904	0.03102	0.00932	0.02588	0.00783	0.01034	0.00594	0.00364	0.00515	0.00134	0.06696	0.00444	0.00206	0.00525
27	0.02303	0.00996	0.03006	0.02033	0.62881	0.02816	0.02122	0.14248	0.03185	0.01479	0.00787	0.00966	0.00635	0.00375	0.00387	0.00117	0.00464	0.00349	0.00232	0.00620
