[name]
unknown

[dist]
# distance from previous block
# <min> <max>
0	406

[block]
# block no. 0 follows, 69 sequences, length 8
# corresponding to MSA columns:
# 436-443
name=unknown_A
#
# <colnr> <probs for GDERKNQSTAVLIFYWHMCP>
#	G	D	E	R	K	N	Q	S	T	A	V	L	I	F	Y	W	H	M	C	P
0	0.00878	0.02836	0.01067	0.20195	0.13529	0.06122	0.04154	0.07766	0.02101	0.03408	0.10404	0.03711	0.04902	0.02439	0.02107	0.00140	0.02475	0.05594	0.03019	0.03154
1	0.05328	0.04360	0.03514	0.16404	0.17502	0.05539	0.00775	0.05489	0.03832	0.08223	0.08899	0.05932	0.05819	0.03254	0.00440	0.00129	0.00402	0.00442	0.00278	0.03440
2	0.01021	0.05088	0.01001	0.08601	0.04403	0.15540	0.02670	0.13371	0.05363	0.06419	0.05710	0.02800	0.10561	0.03988	0.06737	0.00168	0.02646	0.01737	0.00292	0.01884
3	0.01069	0.00953	0.01034	0.07983	0.14914	0.17570	0.00747	0.07770	0.05893	0.10103	0.06985	0.04215	0.05398	0.00658	0.05136	0.00149	0.05466	0.00418	0.00286	0.03255
4	0.08087	0.00871	0.05268	0.04370	0.04063	0.10083	0.09203	0.03349	0.03573	0.02727	0.03138	0.13079	0.07113	0.05967	0.00602	0.02250	0.07876	0.00494	0.00260	0.07629
5	0.04095	0.07925	0.10369	0.03394	0.05234	0.05754	0.04947	0.09127	0.10875	0.01330	0.06837	0.04125	0.09848	0.04157	0.02314	0.00145	0.06542	0.00446	0.00276	0.02260
6	0.03740	0.00909	0.04109	0.08644	0.13476	0.03635	0.11217	0.11512	0.08399	0.11048	0.01027	0.03231	0.02445	0.02382	0.00461	0.00126	0.03805	0.00390	0.00282	0.09162
7	0.02789	0.09286	0.08742	0.03502	0.09134	0.03611	0.03962	0.06873	0.08339	0.09992	0.06084	0.05675	0.04671	0.00546	0.01794	0.00125	0.03654	0.00416	0.02405	0.08398

[dist]
# distance from previous block
# <min> <max>
0	1

[block]
# block no. 1 follows, 69 sequences, length 47
# corresponding to MSA columns:
# 445-491
name=unknown_B
#
# <colnr> <probs for GDERKNQSTAVLIFYWHMCP>
#	G	D	E	R	K	N	Q	S	T	A	V	L	I	F	Y	W	H	M	C	P
0	0.05779	0.03812	0.03932	0.01891	0.03307	0.07619	0.01453	0.13175	0.11550	0.04206	0.04020	0.05787	0.05158	0.08063	0.07860	0.00186	0.04551	0.00435	0.00293	0.06922
1	0.02148	0.08445	0.02744	0.08617	0.03770	0.06718	0.01799	0.12310	0.06915	0.08369	0.08808	0.05396	0.10433	0.00553	0.00404	0.00116	0.02210	0.00450	0.00309	0.09485
2	0.00962	0.05914	0.09443	0.04079	0.28350	0.00908	0.12646	0.07446	0.02521	0.05387	0.02115	0.05474	0.03133	0.00451	0.00434	0.00120	0.04245	0.00407	0.00242	0.05722
3	0.01055	0.06942	0.21848	0.01870	0.04394	0.01848	0.11814	0.17741	0.09918	0.08414	0.03002	0.05590	0.00869	0.01389	0.00411	0.00126	0.00462	0.00406	0.01331	0.00570
4	0.00494	0.00370	0.00460	0.00515	0.00574	0.00339	0.00360	0.00599	0.02007	0.01090	0.11544	0.55488	0.20571	0.01116	0.00488	0.00149	0.00221	0.02910	0.00372	0.00332
5	0.00973	0.01074	0.09225	0.01411	0.10057	0.05662	0.42531	0.03209	0.03847	0.06671	0.01004	0.05302	0.02890	0.00500	0.02824	0.00143	0.01453	0.00455	0.00238	0.00533
6	0.00982	0.15141	0.35420	0.04985	0.10812	0.05102	0.06021	0.03091	0.06990	0.06654	0.00809	0.00913	0.00606	0.00385	0.00364	0.00117	0.00510	0.00315	0.00216	0.00567
7	0.00771	0.00736	0.01266	0.73368	0.10877	0.00882	0.04527	0.01033	0.00801	0.01041	0.00705	0.01038	0.00536	0.00385	0.00395	0.00129	0.00523	0.00353	0.00177	0.00458
8	0.00472	0.00389	0.00415	0.00430	0.00543	0.00332	0.00317	0.00570	0.00877	0.01068	0.06141	0.17169	0.66445	0.01027	0.00471	0.00137	0.00206	0.02295	0.00366	0.00331
9	0.01211	0.13954	0.25413	0.02177	0.05739	0.11483	0.00945	0.17904	0.01110	0.13987	0.00844	0.00895	0.00613	0.00411	0.00373	0.00114	0.01672	0.00307	0.00267	0.00582
10	0.01062	0.08377	0.06952	0.07125	0.27329	0.04756	0.18736	0.05776	0.04300	0.09363	0.01938	0.01023	0.00686	0.00384	0.00393	0.00119	0.00502	0.00367	0.00241	0.00572
11	0.00505	0.00431	0.00439	0.00431	0.00569	0.00381	0.00325	0.00684	0.07119	0.01121	0.06611	0.03568	0.74551	0.00951	0.00458	0.00132	0.00207	0.00794	0.00369	0.00354
12	0.00813	0.00697	0.00813	0.00581	0.00929	0.00523	0.00465	0.00987	0.00813	0.01277	0.00697	0.00813	0.00581	0.00290	0.00290	0.00058	0.00290	0.00232	0.00232	0.88619
13	0.00528	0.00452	0.00606	0.00572	0.00702	0.00400	0.07554	0.00650	0.00869	0.01086	0.04621	0.21305	0.49153	0.00981	0.00476	0.00141	0.00260	0.07810	0.00349	0.01484
14	0.00932	0.08970	0.56192	0.02136	0.08682	0.00999	0.02169	0.11378	0.00964	0.02954	0.00740	0.00852	0.00540	0.00381	0.00368	0.00119	0.00533	0.00301	0.00203	0.00587
15	0.01276	0.01544	0.01189	0.15072	0.13079	0.59080	0.00875	0.01422	0.01026	0.01012	0.00639	0.00800	0.00524	0.00394	0.00365	0.00108	0.00643	0.00282	0.00196	0.00475
16	0.00554	0.00413	0.00613	0.00620	0.00685	0.00475	0.00476	0.00686	0.00638	0.00914	0.01138	0.07948	0.01111	0.04441	0.76681	0.00590	0.00975	0.00476	0.00222	0.00345
17	0.00747	0.00704	0.01188	0.82820	0.05107	0.00873	0.01092	0.01008	0.00787	0.01010	0.00698	0.01043	0.00526	0.00391	0.00392	0.00130	0.00521	0.00348	0.00175	0.00441
18	0.01348	0.01620	0.01044	0.00941	0.01142	0.66256	0.00711	0.06141	0.07349	0.01139	0.06173	0.00988	0.02567	0.00456	0.00369	0.00106	0.00616	0.00315	0.00246	0.00471
19	0.00570	0.00380	0.00428	0.00428	0.00428	0.00380	0.00238	0.00570	0.00570	0.00760	0.01235	0.02566	0.01425	0.86222	0.01995	0.00380	0.00380	0.00570	0.00238	0.00238
20	0.01337	0.00988	0.01066	0.00831	0.01113	0.01080	0.00681	0.69540	0.01714	0.02297	0.09092	0.01307	0.06076	0.00535	0.00403	0.00119	0.00393	0.00417	0.00394	0.00617
21	0.00465	0.00397	0.00400	0.00399	0.00531	0.00332	0.00299	0.00566	0.00898	0.01070	0.05612	0.03755	0.81971	0.00989	0.00463	0.00132	0.00198	0.00825	0.00365	0.00332
22	0.00665	0.00438	0.00563	0.00517	0.00633	0.00407	0.00393	0.00876	0.03980	0.08336	0.70719	0.02780	0.06628	0.00774	0.00455	0.00124	0.00202	0.00679	0.00432	0.00402
23	0.01759	0.00667	0.00910	0.00698	0.01001	0.00576	0.00576	0.01911	0.01122	0.84048	0.01547	0.01334	0.00970	0.00485	0.00394	0.00121	0.00334	0.00394	0.00485	0.00667
24	0.00858	0.00858	0.01201	0.01029	0.01029	0.01201	0.00858	0.00943	0.00600	0.00943	0.00515	0.00858	0.00515	0.00686	0.01287	0.00172	0.85505	0.00343	0.00172	0.00429
25	0.00528	0.00400	0.00486	0.00465	0.00569	0.00358	0.00349	0.00687	0.01046	0.01420	0.60008	0.03178	0.27356	0.00858	0.00463	0.00126	0.00189	0.00744	0.00412	0.00358
26	0.01048	0.86458	0.02054	0.00671	0.01006	0.01551	0.00671	0.01174	0.00797	0.00922	0.00545	0.00629	0.00503	0.00335	0.00252	0.00084	0.00419	0.00210	0.00168	0.00503
27	0.00858	0.00858	0.01201	0.01029	0.01029	0.01201	0.00858	0.00943	0.00600	0.00943	0.00515	0.00858	0.00515	0.00686	0.01287	0.00172	0.85505	0.00343	0.00172	0.00429
28	0.88991	0.00758	0.00576	0.00516	0.00758	0.00879	0.00425	0.01152	0.00667	0.01759	0.00546	0.00637	0.00425	0.00364	0.00243	0.00121	0.00303	0.00212	0.00243	0.00425
29	0.00970	0.00931	0.01591	0.02406	0.83777	0.00931	0.01203	0.01203	0.00893	0.01281	0.00737	0.00970	0.00621	0.00349	0.00388	0.00116	0.00466	0.00349	0.00194	0.00621
30	0.01490	0.01098	0.01177	0.00902	0.01216	0.01216	0.00745	0.82470	0.01843	0.02471	0.00941	0.00941	0.00667	0.00471	0.00392	0.00118	0.00431	0.00353	0.00392	0.00667
31	0.00975	0.00842	0.00886	0.00798	0.01019	0.00975	0.00621	0.02083	0.83069	0.01640	0.01596	0.01463	0.01197	0.00532	0.00399	0.00133	0.00310	0.00443	0.00399	0.00621
32	0.00477	0.00344	0.00452	0.00537	0.00566	0.00319	0.00360	0.00547	0.00759	0.01004	0.02264	0.81281	0.07212	0.01215	0.00498	0.00158	0.00226	0.01098	0.00364	0.00319
33	0.01465	0.01080	0.01156	0.00891	0.01198	0.01196	0.00734	0.79192	0.03768	0.02434	0.00962	0.00962	0.00685	0.00472	0.00390	0.00118	0.00424	0.00355	0.01856	0.00661
34	0.01048	0.86458	0.02054	0.00671	0.01006	0.01551	0.00671	0.01174	0.00797	0.00922	0.00545	0.00629	0.00503	0.00335	0.00252	0.00084	0.00419	0.00210	0.00168	0.00503
35	0.00740	0.00697	0.01176	0.85280	0.02700	0.00871	0.01089	0.01002	0.00784	0.01002	0.00697	0.01045	0.00523	0.00392	0.00392	0.00131	0.00523	0.00348	0.00174	0.00436
36	0.00488	0.00348	0.00453	0.00533	0.00558	0.00327	0.00354	0.00553	0.00739	0.00982	0.02116	0.74658	0.04511	0.09403	0.00644	0.00180	0.00243	0.02247	0.00352	0.00312
37	0.00482	0.00344	0.00459	0.00550	0.00575	0.00322	0.00371	0.00553	0.00754	0.01005	0.02159	0.83910	0.02584	0.01225	0.00501	0.00160	0.00231	0.03133	0.00364	0.00320
38	0.00800	0.01929	0.75875	0.01172	0.01733	0.00919	0.09665	0.01243	0.00838	0.01243	0.00713	0.00851	0.00507	0.00368	0.00382	0.00125	0.00588	0.00307	0.00169	0.00574
39	0.00493	0.00364	0.00461	0.00527	0.00576	0.00340	0.00368	0.00574	0.00773	0.01007	0.02408	0.57469	0.17914	0.05266	0.04329	0.00187	0.00274	0.05999	0.00351	0.00321
40	0.00975	0.00842	0.00886	0.00798	0.01019	0.00975	0.00621	0.02083	0.83069	0.01640	0.01596	0.01463	0.01197	0.00532	0.00399	0.00133	0.00310	0.00443	0.00399	0.00621
41	0.67748	0.03993	0.00742	0.00624	0.00855	0.15779	0.00505	0.01220	0.00749	0.01563	0.00556	0.00656	0.00444	0.00380	0.00293	0.00118	0.02887	0.00223	0.00231	0.00433
42	0.00584	0.00432	0.00549	0.00515	0.00616	0.00412	0.00388	0.00834	0.06863	0.01577	0.77815	0.02826	0.03523	0.00783	0.00458	0.00124	0.00194	0.00690	0.00429	0.00388
43	0.00481	0.00395	0.00423	0.00423	0.00542	0.00337	0.00315	0.00594	0.00924	0.01148	0.18216	0.08306	0.64594	0.00972	0.00465	0.00132	0.00198	0.00822	0.00376	0.00337
44	0.00988	0.07101	0.08545	0.03843	0.23702	0.02248	0.20013	0.08524	0.06292	0.02453	0.00810	0.00966	0.00632	0.00365	0.00383	0.00112	0.00486	0.00351	0.00230	0.11956
45	0.01020	0.03798	0.01027	0.01974	0.07693	0.00701	0.03906	0.08278	0.03395	0.12482	0.00943	0.01010	0.02809	0.00373	0.00350	0.00087	0.01549	0.00307	0.00280	0.48018
46	0.57952	0.09482	0.02635	0.00632	0.00891	0.09009	0.00535	0.05068	0.06092	0.03680	0.00666	0.00732	0.00516	0.00384	0.00278	0.00116	0.00367	0.00244	0.00253	0.00469

[dist]
# distance from previous block
# <min> <max>
0	8

[block]
# block no. 2 follows, 69 sequences, length 29
# corresponding to MSA columns:
# 500-528
name=unknown_C
#
# <colnr> <probs for GDERKNQSTAVLIFYWHMCP>
#	G	D	E	R	K	N	Q	S	T	A	V	L	I	F	Y	W	H	M	C	P
0	0.10156	0.02806	0.01167	0.06625	0.12660	0.40063	0.05357	0.04859	0.01030	0.04962	0.06103	0.00960	0.00755	0.00419	0.00364	0.00112	0.00550	0.00320	0.00238	0.00491
1	0.03090	0.01016	0.06379	0.04517	0.49505	0.03163	0.03161	0.14595	0.01059	0.07263	0.00837	0.01022	0.00658	0.00393	0.00388	0.00119	0.00466	0.01513	0.00248	0.00608
2	0.00916	0.01039	0.02256	0.05876	0.02082	0.00985	0.78249	0.01243	0.00918	0.01243	0.00788	0.01057	0.00591	0.00334	0.00459	0.00132	0.00654	0.00457	0.00197	0.00524
3	0.00544	0.00398	0.00497	0.00474	0.00563	0.00366	0.00347	0.00699	0.01028	0.01423	0.64716	0.03009	0.14392	0.09111	0.00611	0.00149	0.00206	0.00712	0.00404	0.00352
4	0.00478	0.00341	0.00455	0.00546	0.00569	0.00318	0.00364	0.00546	0.00751	0.01001	0.02161	0.85966	0.02593	0.01228	0.00500	0.00159	0.00227	0.01114	0.00364	0.00318
5	0.01048	0.86458	0.02054	0.00671	0.01006	0.01551	0.00671	0.01174	0.00797	0.00922	0.00545	0.00629	0.00503	0.00335	0.00252	0.00084	0.00419	0.00210	0.00168	0.00503
6	0.00940	0.00892	0.01472	0.13363	0.65455	0.00927	0.01135	0.01256	0.08287	0.01276	0.00809	0.01025	0.00660	0.00371	0.00390	0.00120	0.00459	0.00358	0.00210	0.00596
7	0.00478	0.00341	0.00455	0.00546	0.00569	0.00318	0.00364	0.00546	0.00751	0.01001	0.02161	0.85966	0.02593	0.01228	0.00500	0.00159	0.00227	0.01114	0.00364	0.00318
8	0.00920	0.43184	0.40623	0.00922	0.01375	0.01227	0.04518	0.01209	0.00817	0.01086	0.00630	0.00740	0.00504	0.00353	0.00317	0.00105	0.00505	0.00258	0.00168	0.00540
9	0.00555	0.00401	0.00524	0.00493	0.00586	0.00370	0.00370	0.00740	0.01110	0.01572	0.83570	0.02928	0.03699	0.00801	0.00462	0.00123	0.00185	0.00709	0.00432	0.00370
10	0.00786	0.02028	0.84191	0.01117	0.01697	0.00910	0.01448	0.01242	0.00828	0.01242	0.00704	0.00828	0.00497	0.00372	0.00372	0.00124	0.00579	0.00290	0.00166	0.00579
11	0.00764	0.00721	0.01218	0.76903	0.10895	0.00877	0.01100	0.01022	0.00795	0.01030	0.00701	0.01038	0.00533	0.00388	0.00392	0.00129	0.00517	0.00348	0.00176	0.00454
12	0.00821	0.05044	0.78293	0.01094	0.01655	0.00944	0.01396	0.04108	0.00862	0.01273	0.00706	0.00825	0.00503	0.00375	0.00369	0.00122	0.00568	0.00289	0.00174	0.00580
13	0.00740	0.00697	0.01176	0.85280	0.02700	0.00871	0.01089	0.01002	0.00784	0.01002	0.00697	0.01045	0.00523	0.00392	0.00392	0.00131	0.00523	0.00348	0.00174	0.00436
14	0.88991	0.00758	0.00576	0.00516	0.00758	0.00879	0.00425	0.01152	0.00667	0.01759	0.00546	0.00637	0.00425	0.00364	0.00243	0.00121	0.00303	0.00212	0.00243	0.00425
15	0.00463	0.00397	0.00397	0.00397	0.00530	0.00331	0.00298	0.00563	0.00894	0.01059	0.03971	0.03773	0.83618	0.00993	0.00463	0.00132	0.00199	0.00827	0.00364	0.00331
16	0.00975	0.00842	0.00886	0.00798	0.01019	0.00975	0.00621	0.02083	0.83069	0.01640	0.01596	0.01463	0.01197	0.00532	0.00399	0.00133	0.00310	0.00443	0.00399	0.00621
17	0.00514	0.00399	0.00467	0.00450	0.00561	0.00353	0.00338	0.00661	0.01013	0.01343	0.48064	0.03305	0.39347	0.00887	0.00463	0.00127	0.00191	0.00762	0.00401	0.00353
18	0.00970	0.00931	0.01591	0.02406	0.83777	0.00931	0.01203	0.01203	0.00893	0.01281	0.00737	0.00970	0.00621	0.00349	0.00388	0.00116	0.00466	0.00349	0.00194	0.00621
19	0.01759	0.00667	0.00910	0.00698	0.01001	0.00576	0.00576	0.01911	0.01122	0.84048	0.01547	0.01334	0.00970	0.00485	0.00394	0.00121	0.00334	0.00394	0.00485	0.00667
20	0.00925	0.01058	0.02313	0.01652	0.02049	0.00991	0.82353	0.01256	0.00925	0.01256	0.00793	0.01058	0.00595	0.00330	0.00463	0.00132	0.00661	0.00463	0.00198	0.00529
21	0.01039	0.00901	0.00921	0.00815	0.01044	0.03952	0.00637	0.09313	0.72850	0.01691	0.01502	0.01389	0.01125	0.00522	0.00397	0.00130	0.00335	0.00428	0.00391	0.00619
22	0.00696	0.00372	0.00397	0.00391	0.00482	0.00366	0.00293	0.00879	0.00879	0.01483	0.17559	0.01752	0.01538	0.00525	0.00311	0.00098	0.00183	0.00433	0.70995	0.00366
23	0.01261	0.00969	0.01038	0.00850	0.01120	0.01086	0.00687	0.45140	0.36353	0.03745	0.01253	0.01235	0.00928	0.00508	0.00398	0.00125	0.00377	0.01890	0.00396	0.00641
24	0.00620	0.00445	0.00618	0.00706	0.00794	0.00442	0.00611	0.00794	0.00895	0.01162	0.02125	0.08283	0.04200	0.01088	0.00538	0.00178	0.00351	0.75432	0.00361	0.00358
25	0.00536	0.00381	0.00432	0.00446	0.00481	0.00363	0.00280	0.00575	0.00685	0.00887	0.04148	0.14185	0.19020	0.52525	0.01396	0.00287	0.00315	0.02496	0.00289	0.00275
26	0.00587	0.00458	0.00676	0.00661	0.00723	0.00551	0.00516	0.00719	0.00626	0.00909	0.01007	0.01506	0.00950	0.04945	0.74959	0.00582	0.08647	0.00417	0.00207	0.00354
27	0.01058	0.05260	0.03117	0.04120	0.11185	0.29033	0.05541	0.01260	0.05269	0.01070	0.02516	0.00956	0.00671	0.00654	0.06929	0.00162	0.18628	0.00330	0.00208	0.02035
28	0.08848	0.49488	0.03037	0.02128	0.00965	0.01216	0.00652	0.01050	0.00731	0.01005	0.00650	0.00849	0.00594	0.00905	0.17525	0.00209	0.09234	0.00270	0.00184	0.00458

[dist]
# distance from previous block
# <min> <max>
0	6

[block]
# block no. 3 follows, 69 sequences, length 66
# corresponding to MSA columns:
# 535-600
name=unknown_D
#
# <colnr> <probs for GDERKNQSTAVLIFYWHMCP>
#	G	D	E	R	K	N	Q	S	T	A	V	L	I	F	Y	W	H	M	C	P
0	0.00561	0.00417	0.00613	0.00613	0.00677	0.00481	0.00468	0.00689	0.00625	0.00897	0.01066	0.01628	0.01018	0.10085	0.77576	0.00609	0.00993	0.00433	0.00212	0.00340
1	0.00540	0.00363	0.00476	0.00546	0.00592	0.00335	0.00375	0.00617	0.00782	0.04872	0.02263	0.74025	0.08467	0.01173	0.00494	0.00156	0.00233	0.02984	0.00369	0.00337
2	0.00482	0.00345	0.00451	0.00535	0.00560	0.00322	0.00355	0.00548	0.00747	0.00991	0.02181	0.78808	0.05503	0.05447	0.00573	0.00169	0.00234	0.01077	0.00358	0.00315
3	0.00910	0.00965	0.01452	0.01172	0.01276	0.06198	0.19668	0.01053	0.00706	0.01017	0.00584	0.00895	0.00533	0.00587	0.01040	0.00158	0.60788	0.00365	0.00180	0.00453
4	0.00478	0.00341	0.00455	0.00546	0.00569	0.00318	0.00364	0.00546	0.00751	0.01001	0.02161	0.85966	0.02593	0.01228	0.00500	0.00159	0.00227	0.01114	0.00364	0.00318
5	0.00526	0.00400	0.00485	0.00463	0.00568	0.00358	0.00348	0.00685	0.01043	0.01413	0.58860	0.03191	0.28508	0.00861	0.00463	0.00126	0.00189	0.00746	0.00411	0.00358
6	0.01048	0.86458	0.02054	0.00671	0.01006	0.01551	0.00671	0.01174	0.00797	0.00922	0.00545	0.00629	0.00503	0.00335	0.00252	0.00084	0.00419	0.00210	0.00168	0.00503
7	0.01057	0.00874	0.00923	0.00805	0.01039	0.01002	0.00633	0.15804	0.67184	0.01778	0.01476	0.01373	0.01101	0.00520	0.00395	0.00129	0.00328	0.00426	0.02529	0.00622
8	0.00813	0.00697	0.00813	0.00581	0.00929	0.00523	0.00465	0.00987	0.00813	0.01277	0.00697	0.00813	0.00581	0.00290	0.00290	0.00058	0.00290	0.00232	0.00232	0.88619
9	0.88991	0.00758	0.00576	0.00516	0.00758	0.00879	0.00425	0.01152	0.00667	0.01759	0.00546	0.00637	0.00425	0.00364	0.00243	0.00121	0.00303	0.00212	0.00243	0.00425
10	0.00858	0.00858	0.01201	0.01029	0.01029	0.01201	0.00858	0.00943	0.00600	0.00943	0.00515	0.00858	0.00515	0.00686	0.01287	0.00172	0.85505	0.00343	0.00172	0.00429
11	0.00555	0.00401	0.00524	0.00493	0.00586	0.00370	0.00370	0.00740	0.01110	0.01572	0.83570	0.02928	0.03699	0.00801	0.00462	0.00123	0.00185	0.00709	0.00432	0.00370
12	0.01048	0.86458	0.02054	0.00671	0.01006	0.01551	0.00671	0.01174	0.00797	0.00922	0.00545	0.00629	0.00503	0.00335	0.00252	0.00084	0.00419	0.00210	0.00168	0.00503
13	0.00570	0.00380	0.00428	0.00428	0.00428	0.00380	0.00238	0.00570	0.00570	0.00760	0.01235	0.02566	0.01425	0.86222	0.01995	0.00380	0.00380	0.00570	0.00238	0.00238
14	0.00777	0.00734	0.01242	0.72054	0.15639	0.00881	0.01107	0.01034	0.00801	0.01046	0.00703	0.01033	0.00538	0.00385	0.00391	0.00128	0.00514	0.00349	0.00177	0.00465
15	0.18500	0.07812	0.04475	0.00702	0.00969	0.00785	0.02158	0.12073	0.01030	0.32444	0.01231	0.12713	0.01002	0.00551	0.00370	0.00124	0.00350	0.01800	0.00361	0.00547
16	0.00786	0.02028	0.84191	0.01117	0.01697	0.00910	0.01448	0.01242	0.00828	0.01242	0.00704	0.00828	0.00497	0.00372	0.00372	0.00124	0.00579	0.00290	0.00166	0.00579
17	0.00555	0.00401	0.00524	0.00493	0.00586	0.00370	0.00370	0.00740	0.01110	0.01572	0.83570	0.02928	0.03699	0.00801	0.00462	0.00123	0.00185	0.00709	0.00432	0.00370
18	0.01302	0.00951	0.01059	0.04536	0.01188	0.01045	0.00718	0.60077	0.05117	0.04415	0.01190	0.01474	0.02883	0.00556	0.00410	0.00126	0.00409	0.10067	0.01871	0.00605
19	0.00830	0.00745	0.01176	0.75151	0.02522	0.00912	0.01048	0.10781	0.00911	0.01178	0.00726	0.01033	0.00540	0.00401	0.00392	0.00129	0.00512	0.00349	0.00200	0.00463
20	0.01520	0.01050	0.01147	0.00879	0.01192	0.01145	0.00726	0.73540	0.01763	0.11513	0.01008	0.00985	0.00700	0.00472	0.00392	0.00118	0.00421	0.00358	0.00402	0.00667
21	0.00571	0.00421	0.00613	0.00625	0.00694	0.00472	0.00490	0.00710	0.00687	0.00968	0.04819	0.02092	0.01316	0.07884	0.63296	0.00526	0.00868	0.12359	0.00244	0.00345
22	0.01544	0.00685	0.00957	0.10913	0.04377	0.00642	0.00654	0.04902	0.01077	0.64025	0.01376	0.01324	0.00911	0.04215	0.00464	0.00133	0.00367	0.00393	0.00422	0.00619
23	0.01562	0.00983	0.01105	0.00847	0.01158	0.01044	0.00700	0.60859	0.01650	0.24355	0.01104	0.01047	0.00748	0.00475	0.00393	0.00119	0.00405	0.00364	0.00417	0.00667
24	0.00751	0.00383	0.00410	0.00397	0.00497	0.00375	0.00300	0.00932	0.00874	0.04988	0.12405	0.01654	0.01367	0.00505	0.00305	0.00097	0.00189	0.00413	0.72779	0.00379
25	0.48166	0.20311	0.01188	0.02622	0.02319	0.06303	0.10387	0.01209	0.02156	0.01432	0.00603	0.00718	0.00486	0.00359	0.00286	0.00113	0.00405	0.00253	0.00218	0.00463
26	0.88991	0.00758	0.00576	0.00516	0.00758	0.00879	0.00425	0.01152	0.00667	0.01759	0.00546	0.00637	0.00425	0.00364	0.00243	0.00121	0.00303	0.00212	0.00243	0.00425
27	0.01605	0.00650	0.00873	0.00680	0.00958	0.00574	0.00557	0.04595	0.01146	0.71287	0.11372	0.01512	0.01287	0.00523	0.00402	0.00121	0.00319	0.00431	0.00476	0.00631
28	0.00488	0.00361	0.00456	0.00512	0.00565	0.00329	0.00353	0.00580	0.00834	0.01104	0.15709	0.58211	0.16827	0.01118	0.00488	0.00149	0.00216	0.00999	0.00375	0.00329
29	0.00484	0.00344	0.00453	0.00537	0.00558	0.00323	0.00355	0.00548	0.00737	0.00983	0.02093	0.79834	0.02507	0.07478	0.00610	0.00175	0.00239	0.01074	0.00355	0.00312
30	0.00477	0.00344	0.00452	0.00539	0.00567	0.00319	0.00361	0.00547	0.00757	0.01003	0.02241	0.82316	0.06191	0.01218	0.00499	0.00158	0.00226	0.01102	0.00364	0.00319
31	0.00550	0.00401	0.00517	0.00488	0.00583	0.00368	0.00366	0.00730	0.01098	0.01544	0.79204	0.02975	0.08082	0.00812	0.00462	0.00124	0.00186	0.00715	0.00428	0.00368
32	0.01048	0.86458	0.02054	0.00671	0.01006	0.01551	0.00671	0.01174	0.00797	0.00922	0.00545	0.00629	0.00503	0.00335	0.00252	0.00084	0.00419	0.00210	0.00168	0.00503
33	0.01759	0.00667	0.00910	0.00698	0.01001	0.00576	0.00576	0.01911	0.01122	0.84048	0.01547	0.01334	0.00970	0.00485	0.00394	0.00121	0.00334	0.00394	0.00485	0.00667
34	0.01228	0.00902	0.01027	0.00810	0.01072	0.00969	0.03862	0.53489	0.05214	0.04582	0.11591	0.01461	0.07191	0.00548	0.00404	0.00120	0.00373	0.00443	0.04132	0.00584
35	0.00914	0.01190	0.16123	0.01764	0.24006	0.00961	0.46653	0.01239	0.00900	0.01260	0.00763	0.00995	0.00585	0.00343	0.00427	0.00127	0.00594	0.00403	0.00192	0.00562
36	0.78425	0.00779	0.00698	0.00743	0.10724	0.00886	0.00518	0.01158	0.00694	0.01702	0.00569	0.00677	0.00448	0.00362	0.00260	0.00121	0.00323	0.00229	0.00237	0.00448
37	0.00549	0.00399	0.00501	0.00476	0.00573	0.00365	0.00357	0.00723	0.01070	0.01500	0.69824	0.02984	0.14224	0.00814	0.00455	0.00123	0.00187	0.00712	0.03801	0.00365
38	0.00933	0.01036	0.02190	0.01781	0.16027	0.00981	0.68473	0.01247	0.00920	0.01260	0.00784	0.01043	0.00599	0.00334	0.00450	0.00129	0.00628	0.00443	0.00198	0.00545
39	0.01749	0.00684	0.00920	0.00705	0.01009	0.00601	0.00583	0.05014	0.01150	0.80906	0.01523	0.01319	0.00959	0.00485	0.00394	0.00121	0.00337	0.00393	0.00482	0.00667
40	0.00925	0.01058	0.02313	0.01652	0.02049	0.00991	0.82353	0.01256	0.00925	0.01256	0.00793	0.01058	0.00595	0.00330	0.00463	0.00132	0.00661	0.00463	0.00198	0.00529
41	0.01013	0.00861	0.00908	0.00805	0.01034	0.00993	0.00630	0.07994	0.77096	0.01701	0.01548	0.01424	0.01158	0.00527	0.00398	0.00132	0.00319	0.00437	0.00398	0.00624
42	0.00560	0.00404	0.00531	0.00507	0.00600	0.00375	0.00386	0.00744	0.01097	0.01548	0.78575	0.03020	0.03611	0.00819	0.00467	0.00127	0.00196	0.05639	0.00427	0.00369
43	0.01751	0.00679	0.00917	0.00703	0.01007	0.00594	0.00581	0.04207	0.01143	0.81723	0.01529	0.01323	0.00962	0.00485	0.00394	0.00121	0.00336	0.00393	0.00483	0.00667
44	0.01399	0.01759	0.01061	0.00967	0.01154	0.78452	0.00719	0.01492	0.01071	0.00945	0.00652	0.00844	0.00573	0.06714	0.00474	0.00122	0.00683	0.00276	0.00205	0.00439
45	0.00620	0.00397	0.00471	0.00462	0.00482	0.00401	0.00280	0.00642	0.00600	0.04318	0.01228	0.02398	0.01356	0.73255	0.11182	0.00397	0.00453	0.00546	0.00245	0.00268
46	0.00688	0.00601	0.01010	0.00998	0.10649	0.00647	0.13022	0.00900	0.04207	0.01030	0.00997	0.01437	0.00903	0.06403	0.52520	0.00451	0.02481	0.00425	0.00215	0.00416
47	0.00525	0.00377	0.00507	0.00592	0.00639	0.00359	0.00441	0.00631	0.00811	0.01072	0.05034	0.57320	0.04482	0.01165	0.00510	0.00164	0.00264	0.24408	0.00365	0.00333
48	0.01759	0.00667	0.00910	0.00698	0.01001	0.00576	0.00576	0.01911	0.01122	0.84048	0.01547	0.01334	0.00970	0.00485	0.00394	0.00121	0.00334	0.00394	0.00485	0.00667
49	0.00681	0.02226	0.00844	0.00982	0.17212	0.03908	0.00623	0.00825	0.00710	0.00984	0.01052	0.07640	0.01023	0.06657	0.52297	0.00448	0.00812	0.00454	0.00219	0.00403
50	0.07799	0.06180	0.10945	0.00876	0.01213	0.01150	0.00791	0.56948	0.05013	0.03947	0.00902	0.00918	0.00648	0.00446	0.00371	0.00117	0.00431	0.00331	0.00344	0.00627
51	0.00656	0.00479	0.00673	0.00727	0.00826	0.00483	0.02404	0.04356	0.00916	0.01202	0.01967	0.13138	0.02137	0.01129	0.03856	0.00192	0.00383	0.63748	0.00353	0.00373
52	0.43225	0.15253	0.01001	0.00708	0.00953	0.27224	0.00578	0.01326	0.04428	0.01365	0.00610	0.00694	0.00496	0.00379	0.00286	0.00109	0.00449	0.00235	0.00224	0.00455
53	0.00486	0.00348	0.00463	0.00540	0.00571	0.00324	0.00365	0.00567	0.00790	0.01064	0.11184	0.76762	0.02716	0.01181	0.00496	0.00155	0.00223	0.01070	0.00371	0.00324
54	0.00929	0.00949	0.06208	0.04515	0.61544	0.00896	0.01938	0.01258	0.08903	0.01318	0.04670	0.01100	0.00809	0.00389	0.00390	0.00118	0.00443	0.00370	0.00224	0.03029
55	0.00489	0.00354	0.00464	0.00543	0.00581	0.00329	0.00375	0.00572	0.00787	0.01042	0.06076	0.71304	0.08582	0.01183	0.00498	0.00157	0.00231	0.05742	0.00367	0.00324
56	0.00475	0.00389	0.00419	0.00430	0.00541	0.00333	0.00315	0.00579	0.00896	0.01106	0.12322	0.15830	0.62989	0.01007	0.00469	0.00135	0.00201	0.00857	0.00371	0.00333
57	0.00813	0.00697	0.00813	0.00581	0.00929	0.00523	0.00465	0.00987	0.00813	0.01277	0.00697	0.00813	0.00581	0.00290	0.00290	0.00058	0.00290	0.00232	0.00232	0.88619
58	0.00615	0.00408	0.00503	0.00473	0.00580	0.00373	0.00357	0.00786	0.01044	0.05088	0.58476	0.02806	0.14935	0.00774	0.00437	0.00121	0.00193	0.00671	0.10984	0.00377
59	0.00473	0.00395	0.00412	0.00413	0.00537	0.00334	0.00308	0.00579	0.00909	0.01107	0.11657	0.07185	0.72379	0.00984	0.00465	0.00133	0.00198	0.00828	0.00371	0.00334
60	0.01464	0.01868	0.01111	0.01010	0.01212	0.84648	0.00757	0.01565	0.01111	0.00959	0.00606	0.00707	0.00505	0.00404	0.00353	0.00101	0.00707	0.00252	0.00202	0.00454
61	0.00970	0.00931	0.01591	0.02406	0.83777	0.00931	0.01203	0.01203	0.00893	0.01281	0.00737	0.00970	0.00621	0.00349	0.00388	0.00116	0.00466	0.00349	0.00194	0.00621
62	0.00478	0.00398	0.00418	0.00413	0.00539	0.00337	0.00309	0.00591	0.00928	0.01142	0.16782	0.03637	0.70756	0.00962	0.00463	0.00131	0.00196	0.00808	0.00375	0.00337
63	0.01048	0.86458	0.02054	0.00671	0.01006	0.01551	0.00671	0.01174	0.00797	0.00922	0.00545	0.00629	0.00503	0.00335	0.00252	0.00084	0.00419	0.00210	0.00168	0.00503
64	0.00484	0.00346	0.00462	0.00553	0.00578	0.00324	0.00375	0.00556	0.00757	0.01008	0.02157	0.82740	0.02580	0.01222	0.00502	0.00160	0.00233	0.04281	0.00364	0.00320
65	0.00967	0.49697	0.04763	0.03053	0.02433	0.05623	0.01439	0.03458	0.00888	0.01945	0.10629	0.04345	0.00989	0.00435	0.00314	0.00096	0.00400	0.00327	0.00225	0.07976

[dist]
# distance from previous block
# <min> <max>
0	1

[block]
# block no. 4 follows, 69 sequences, length 17
# corresponding to MSA columns:
# 602-618
name=unknown_E
#
# <colnr> <probs for GDERKNQSTAVLIFYWHMCP>
#	G	D	E	R	K	N	Q	S	T	A	V	L	I	F	Y	W	H	M	C	P
0	0.04981	0.14227	0.01118	0.00769	0.01002	0.09568	0.03883	0.12509	0.09912	0.07021	0.07880	0.03509	0.04660	0.02365	0.00466	0.00121	0.06419	0.01281	0.00299	0.08011
1	0.01515	0.07991	0.00999	0.00709	0.00988	0.00720	0.00591	0.08501	0.04463	0.57792	0.01359	0.01269	0.00915	0.00737	0.09440	0.00173	0.00425	0.00380	0.00417	0.00617
2	0.01056	0.40456	0.21262	0.00949	0.01322	0.17956	0.09650	0.01277	0.00881	0.01041	0.00621	0.00737	0.00512	0.00357	0.00323	0.00102	0.00541	0.00264	0.00177	0.00514
3	0.00512	0.00409	0.00461	0.00467	0.00574	0.00369	0.00343	0.00673	0.04892	0.01192	0.21550	0.19304	0.45904	0.00973	0.00467	0.00136	0.00206	0.00837	0.00381	0.00351
4	0.02154	0.07315	0.16325	0.01088	0.13509	0.00791	0.10870	0.01140	0.00850	0.04093	0.00779	0.00913	0.01763	0.00340	0.00344	0.00094	0.00424	0.00301	0.00216	0.36691
5	0.03013	0.00799	0.01398	0.29615	0.28401	0.00847	0.14698	0.02273	0.00859	0.02511	0.00914	0.10185	0.00817	0.00468	0.00413	0.00129	0.00484	0.01453	0.00217	0.00504
6	0.01149	0.00593	0.00725	0.00607	0.00807	0.00574	0.00483	0.08784	0.08303	0.31650	0.23142	0.01756	0.01691	0.00566	0.00389	0.00117	0.00272	0.00472	0.17391	0.00526
7	0.00782	0.01075	0.25359	0.12997	0.08508	0.03781	0.04592	0.01078	0.03206	0.03182	0.03245	0.04985	0.07503	0.00617	0.00430	0.00138	0.00459	0.17327	0.00256	0.00480
8	0.03821	0.35925	0.27492	0.00957	0.05222	0.02781	0.04745	0.06317	0.00904	0.05870	0.00726	0.00858	0.00577	0.00380	0.00329	0.00108	0.00480	0.01751	0.00208	0.00547
9	0.00924	0.10338	0.10867	0.01491	0.01900	0.01043	0.65095	0.01245	0.00901	0.01218	0.00757	0.00987	0.00575	0.00335	0.00431	0.00126	0.00626	0.00417	0.00192	0.00531
10	0.00503	0.00399	0.00455	0.00460	0.00571	0.00351	0.00350	0.00630	0.00943	0.01203	0.25067	0.08928	0.49977	0.00964	0.00472	0.00136	0.00211	0.07654	0.00382	0.00343
11	0.00738	0.02404	0.39673	0.00850	0.02715	0.00671	0.02202	0.01037	0.02381	0.05796	0.13144	0.10760	0.12288	0.03051	0.00459	0.00136	0.00408	0.00529	0.00276	0.00483
12	0.02012	0.12195	0.06982	0.01174	0.10194	0.14790	0.15098	0.16918	0.11009	0.01440	0.00869	0.02906	0.00695	0.00425	0.00392	0.00117	0.01612	0.00360	0.00258	0.00557
13	0.01016	0.00999	0.04906	0.00953	0.08075	0.14919	0.00715	0.07908	0.31873	0.03025	0.04327	0.05435	0.01243	0.02202	0.00443	0.00136	0.00412	0.10550	0.00330	0.00533
14	0.00558	0.00375	0.00431	0.00443	0.00445	0.00372	0.00254	0.00567	0.00593	0.00791	0.01352	0.13115	0.01573	0.75471	0.01806	0.00352	0.00361	0.00639	0.00254	0.00248
15	0.14587	0.03835	0.49352	0.01105	0.10274	0.00910	0.01137	0.04902	0.00879	0.08425	0.00761	0.00856	0.00547	0.00382	0.00354	0.00121	0.00493	0.00294	0.00218	0.00569
16	0.00545	0.00541	0.09464	0.00592	0.00678	0.00407	0.00473	0.00653	0.00748	0.01013	0.05434	0.49655	0.02146	0.19097	0.00804	0.00202	0.00305	0.06589	0.00319	0.00335

[dist]
# distance from previous block
# <min> <max>
1	4

[block]
# block no. 5 follows, 69 sequences, length 14
# corresponding to MSA columns:
# 623-636
name=unknown_F
#
# <colnr> <probs for GDERKNQSTAVLIFYWHMCP>
#	G	D	E	R	K	N	Q	S	T	A	V	L	I	F	Y	W	H	M	C	P
0	0.03181	0.49656	0.26357	0.00829	0.01221	0.07240	0.00900	0.01259	0.04199	0.01070	0.00640	0.00728	0.00528	0.00360	0.00301	0.00100	0.00480	0.00246	0.00181	0.00525
1	0.00713	0.00447	0.00496	0.00463	0.00610	0.00402	0.00359	0.00884	0.03616	0.10321	0.09256	0.02728	0.39255	0.00757	0.00405	0.00120	0.00222	0.03899	0.21547	0.03500
2	0.00493	0.00395	0.00441	0.00438	0.00550	0.00343	0.00325	0.00618	0.00953	0.01219	0.29206	0.09061	0.52680	0.00948	0.00466	0.00131	0.00196	0.00809	0.00386	0.00343
3	0.03357	0.00859	0.01192	0.11020	0.19380	0.06801	0.07248	0.02526	0.00887	0.10215	0.00866	0.01139	0.00706	0.00436	0.00466	0.00116	0.09054	0.04217	0.03099	0.16417
4	0.00539	0.00400	0.00501	0.00476	0.00576	0.00363	0.00357	0.00708	0.01071	0.01481	0.69399	0.03079	0.17927	0.00836	0.00463	0.00125	0.00187	0.00730	0.00420	0.00363
5	0.01490	0.01098	0.01177	0.00902	0.01216	0.01216	0.00745	0.82470	0.01843	0.02471	0.00941	0.00941	0.00667	0.00471	0.00392	0.00118	0.00431	0.00353	0.00392	0.00667
6	0.06170	0.00714	0.00919	0.00708	0.01009	0.00654	0.00585	0.09720	0.01169	0.71916	0.01437	0.01261	0.00913	0.00478	0.00386	0.00121	0.00342	0.00381	0.00464	0.00655
7	0.00970	0.00931	0.01591	0.02406	0.83777	0.00931	0.01203	0.01203	0.00893	0.01281	0.00737	0.00970	0.00621	0.00349	0.00388	0.00116	0.00466	0.00349	0.00194	0.00621
8	0.01095	0.00889	0.00941	0.04275	0.01116	0.03796	0.00656	0.11321	0.61979	0.07259	0.01446	0.01351	0.01069	0.00512	0.00396	0.00129	0.00348	0.00419	0.00388	0.00616
9	0.88991	0.00758	0.00576	0.00516	0.00758	0.00879	0.00425	0.01152	0.00667	0.01759	0.00546	0.00637	0.00425	0.00364	0.00243	0.00121	0.00303	0.00212	0.00243	0.00425
10	0.00621	0.00468	0.00602	0.00635	0.02401	0.00466	0.01743	0.04901	0.06894	0.02812	0.07160	0.55093	0.10610	0.01028	0.00495	0.00148	0.02265	0.00913	0.00364	0.00382
11	0.09810	0.01618	0.01038	0.00942	0.01128	0.66742	0.00716	0.01439	0.01010	0.01033	0.00620	0.00756	0.00525	0.00561	0.05164	0.00137	0.05848	0.00264	0.00205	0.00444
12	0.00547	0.00398	0.00489	0.00466	0.00566	0.00362	0.00349	0.00714	0.01048	0.01461	0.62374	0.03013	0.19856	0.00820	0.00451	0.00123	0.00188	0.00713	0.05702	0.00362
13	0.00915	0.06115	0.36030	0.01356	0.21285	0.02839	0.06839	0.03834	0.00900	0.04449	0.00862	0.03696	0.00715	0.00429	0.00386	0.00121	0.00504	0.04453	0.00214	0.04059

[dist]
# distance from previous block
# <min> <max>
0	1

[block]
# block no. 6 follows, 69 sequences, length 14
# corresponding to MSA columns:
# 638-651
name=unknown_G
#
# <colnr> <probs for GDERKNQSTAVLIFYWHMCP>
#	G	D	E	R	K	N	Q	S	T	A	V	L	I	F	Y	W	H	M	C	P
0	0.01004	0.14948	0.03379	0.01208	0.12697	0.11555	0.18983	0.03504	0.02327	0.04939	0.00846	0.03254	0.00725	0.00756	0.11382	0.00186	0.05836	0.01748	0.00222	0.00503
1	0.00483	0.00376	0.00439	0.00471	0.00554	0.00332	0.00335	0.00583	0.00870	0.01115	0.15465	0.36084	0.39382	0.01056	0.00478	0.00142	0.00208	0.00923	0.00374	0.00332
2	0.00473	0.00358	0.00437	0.00500	0.00557	0.00322	0.00344	0.00551	0.00794	0.01019	0.02716	0.60752	0.27448	0.01156	0.00489	0.00151	0.00219	0.01026	0.00364	0.00322
3	0.00796	0.00679	0.00795	0.00579	0.00911	0.00512	0.00459	0.00965	0.00810	0.01264	0.00770	0.05079	0.00681	0.00337	0.00301	0.00063	0.00287	0.00276	0.00239	0.84195
4	0.01481	0.00827	0.01036	0.04672	0.08732	0.03123	0.00697	0.19286	0.08048	0.44045	0.01294	0.03046	0.00894	0.00483	0.00395	0.00122	0.00382	0.00395	0.00407	0.00635
5	0.00485	0.00398	0.00427	0.00420	0.00543	0.00340	0.00315	0.00604	0.00944	0.01180	0.22694	0.03574	0.64820	0.00948	0.00463	0.00130	0.00195	0.00800	0.00380	0.00340
6	0.00486	0.00398	0.00428	0.00421	0.00543	0.00341	0.00316	0.00606	0.00947	0.01185	0.23558	0.03565	0.63953	0.00946	0.00463	0.00130	0.00195	0.00798	0.00381	0.00341
7	0.00941	0.25046	0.35428	0.04923	0.12277	0.03594	0.05012	0.04740	0.02407	0.01201	0.00692	0.00825	0.00541	0.00366	0.00347	0.00112	0.00514	0.00291	0.00187	0.00556
8	0.01011	0.10074	0.01278	0.32046	0.12951	0.21026	0.00923	0.04778	0.00916	0.01085	0.00722	0.01035	0.00609	0.00446	0.00438	0.01605	0.04801	0.03581	0.00200	0.00475
9	0.00471	0.00397	0.00408	0.00406	0.00534	0.00334	0.00304	0.00578	0.00913	0.01104	0.10974	0.03699	0.76587	0.00976	0.00463	0.00132	0.00197	0.00817	0.00370	0.00334
10	0.00873	0.00695	0.00819	0.00588	0.00934	0.00526	0.00472	0.01046	0.00833	0.06527	0.00751	0.00846	0.00605	0.00303	0.00297	0.00062	0.00293	0.00243	0.00248	0.83041
11	0.05844	0.00766	0.00898	0.00676	0.00984	0.00699	0.00551	0.13838	0.01013	0.17632	0.00882	0.00928	0.00658	0.00383	0.00382	0.00090	0.05250	0.00288	0.00304	0.47936
12	0.00813	0.00697	0.00813	0.00581	0.00929	0.00523	0.00465	0.00987	0.00813	0.01277	0.00697	0.00813	0.00581	0.00290	0.00290	0.00058	0.00290	0.00232	0.00232	0.88619
13	0.03317	0.09828	0.02562	0.03016	0.01108	0.04365	0.06830	0.16322	0.23353	0.03912	0.10821	0.05428	0.01269	0.00547	0.00406	0.00124	0.01421	0.02927	0.00334	0.02111

[dist]
# distance from previous block
# <min> <max>
2	5

[block]
# block no. 7 follows, 69 sequences, length 93
# corresponding to MSA columns:
# 657-749
name=unknown_H
#
# <colnr> <probs for GDERKNQSTAVLIFYWHMCP>
#	G	D	E	R	K	N	Q	S	T	A	V	L	I	F	Y	W	H	M	C	P
0	0.01519	0.01596	0.04461	0.04076	0.12101	0.00613	0.01785	0.04418	0.02830	0.02818	0.13173	0.20298	0.13246	0.00792	0.02456	0.00142	0.04882	0.01351	0.00309	0.07137
1	0.02413	0.25049	0.12270	0.04242	0.09814	0.15992	0.00851	0.11681	0.06790	0.04250	0.00817	0.01956	0.01440	0.00411	0.00344	0.00108	0.00485	0.00306	0.00238	0.00544
2	0.06222	0.06958	0.01395	0.02520	0.44485	0.02581	0.03738	0.08209	0.00993	0.15430	0.00905	0.03292	0.00714	0.00407	0.00376	0.00117	0.00433	0.00362	0.00266	0.00596
3	0.00843	0.00733	0.00862	0.04339	0.02325	0.01996	0.00524	0.03600	0.00843	0.01284	0.00706	0.00849	0.00589	0.01311	0.00344	0.00071	0.02320	0.00250	0.00232	0.75977
4	0.00521	0.00359	0.00442	0.00491	0.00503	0.00347	0.00305	0.00557	0.00667	0.00889	0.01732	0.47294	0.02051	0.40640	0.01194	0.00262	0.00298	0.00862	0.00305	0.00281
5	0.00792	0.00749	0.01269	0.66702	0.20875	0.00885	0.01114	0.01047	0.00808	0.01064	0.00706	0.01028	0.00545	0.00382	0.00391	0.00127	0.00510	0.00349	0.00179	0.00477
6	0.07496	0.00677	0.00846	0.00669	0.00939	0.00633	0.00547	0.09971	0.01123	0.59147	0.01415	0.04474	0.00967	0.00501	0.00376	0.00120	0.00323	0.00402	0.08766	0.00609
7	0.00522	0.00407	0.00619	0.00644	0.00700	0.00381	0.07425	0.00615	0.00767	0.01023	0.02024	0.74803	0.02390	0.02710	0.00526	0.00162	0.00271	0.03328	0.00347	0.00336
8	0.00475	0.00351	0.00445	0.00520	0.00562	0.00321	0.00353	0.00549	0.00775	0.01011	0.02473	0.71771	0.16586	0.01188	0.00494	0.00155	0.00222	0.01065	0.00364	0.00321
9	0.00545	0.00397	0.00512	0.00489	0.00581	0.00365	0.00365	0.00718	0.01076	0.01507	0.73856	0.07170	0.09280	0.00836	0.00464	0.00126	0.00188	0.00738	0.00423	0.00365
10	0.01048	0.86458	0.02054	0.00671	0.01006	0.01551	0.00671	0.01174	0.00797	0.00922	0.00545	0.00629	0.00503	0.00335	0.00252	0.00084	0.00419	0.00210	0.00168	0.00503
11	0.01462	0.01070	0.01146	0.00882	0.01187	0.01184	0.00727	0.79382	0.01805	0.02433	0.00954	0.00961	0.00680	0.00470	0.00388	0.00117	0.00422	0.00353	0.03724	0.00655
12	0.00681	0.00340	0.00511	0.00511	0.00511	0.00340	0.00340	0.00511	0.00511	0.00681	0.00681	0.01192	0.00681	0.01362	0.01532	0.88594	0.00340	0.00340	0.00170	0.00170
13	0.00624	0.00509	0.00734	0.00697	0.00747	0.00631	0.00546	0.00741	0.00619	0.00904	0.00952	0.01483	0.00919	0.09588	0.59899	0.00511	0.18915	0.00417	0.00204	0.00357
14	0.01048	0.86458	0.02054	0.00671	0.01006	0.01551	0.00671	0.01174	0.00797	0.00922	0.00545	0.00629	0.00503	0.00335	0.00252	0.00084	0.00419	0.00210	0.00168	0.00503
15	0.01195	0.00951	0.01002	0.00770	0.01084	0.05241	0.00623	0.38162	0.08136	0.04156	0.00902	0.00934	0.00678	0.00404	0.00352	0.00095	0.00379	0.00310	0.00324	0.34300
16	0.00561	0.00418	0.00620	0.00620	0.00687	0.00485	0.00477	0.00694	0.00627	0.00903	0.01059	0.01591	0.01002	0.07079	0.80560	0.00618	0.01017	0.00427	0.00211	0.00344
17	0.00543	0.00418	0.00556	0.00598	0.02023	0.01750	0.02321	0.00663	0.00885	0.01198	0.27523	0.49515	0.05012	0.01033	0.00484	0.00146	0.00241	0.04367	0.00376	0.00349
18	0.88991	0.00758	0.00576	0.00516	0.00758	0.00879	0.00425	0.01152	0.00667	0.01759	0.00546	0.00637	0.00425	0.00364	0.00243	0.00121	0.00303	0.00212	0.00243	0.00425
19	0.00592	0.00408	0.00532	0.00497	0.00595	0.00376	0.00374	0.00776	0.01105	0.03885	0.79754	0.02857	0.03573	0.00786	0.00457	0.00123	0.00189	0.00694	0.02051	0.00378
20	0.00529	0.00400	0.00488	0.00466	0.00570	0.00359	0.00350	0.00690	0.01049	0.01428	0.61168	0.03166	0.26191	0.00855	0.00463	0.00126	0.00189	0.00742	0.00413	0.00359
21	0.00541	0.00378	0.00508	0.00592	0.00641	0.00364	0.00445	0.00653	0.00807	0.01087	0.03088	0.54373	0.02415	0.01136	0.00501	0.00162	0.00267	0.26721	0.04983	0.00335
22	0.00478	0.00341	0.00455	0.00546	0.00569	0.00318	0.00364	0.00546	0.00751	0.01001	0.02161	0.85966	0.02593	0.01228	0.00500	0.00159	0.00227	0.01114	0.00364	0.00318
23	0.00550	0.00412	0.00512	0.00493	0.00594	0.00380	0.00372	0.00740	0.03230	0.01451	0.61936	0.05556	0.17998	0.00851	0.00465	0.00128	0.00198	0.03353	0.00414	0.00368
24	0.00967	0.01019	0.01066	0.03022	0.08664	0.22398	0.00767	0.03281	0.00801	0.01007	0.00711	0.01044	0.00657	0.04646	0.17510	0.00246	0.31213	0.00346	0.00198	0.00436
25	0.00532	0.00398	0.00472	0.00456	0.00563	0.00357	0.00343	0.00686	0.01013	0.01374	0.49126	0.03184	0.32449	0.00858	0.00454	0.00126	0.00193	0.02110	0.04951	0.00355
26	0.00621	0.00449	0.00601	0.02827	0.03532	0.00427	0.00431	0.02852	0.01104	0.03271	0.72805	0.04678	0.03349	0.00770	0.00456	0.00124	0.00214	0.00681	0.00415	0.00393
27	0.01043	0.84882	0.03587	0.00679	0.01019	0.01539	0.00685	0.01175	0.00797	0.00928	0.00548	0.00633	0.00503	0.00336	0.00254	0.00085	0.00422	0.00211	0.00168	0.00505
28	0.88991	0.00758	0.00576	0.00516	0.00758	0.00879	0.00425	0.01152	0.00667	0.01759	0.00546	0.00637	0.00425	0.00364	0.00243	0.00121	0.00303	0.00212	0.00243	0.00425
29	0.00925	0.00891	0.07401	0.02911	0.16171	0.03202	0.04435	0.14621	0.15143	0.01535	0.16681	0.02486	0.01433	0.05092	0.01567	0.00146	0.00402	0.04118	0.00316	0.00526
30	0.00527	0.00388	0.00478	0.00493	0.00580	0.00350	0.00361	0.00653	0.00937	0.02424	0.33122	0.26970	0.26124	0.00985	0.00476	0.00138	0.00210	0.04045	0.00391	0.00348
31	0.00996	0.00909	0.01498	0.08007	0.69531	0.00927	0.01136	0.05356	0.02321	0.03276	0.00785	0.00997	0.00639	0.00366	0.00387	0.00118	0.00459	0.00352	0.01331	0.00608
32	0.00912	0.00897	0.03411	0.09416	0.68534	0.00882	0.01134	0.01147	0.00893	0.01266	0.05116	0.01141	0.02723	0.00392	0.00394	0.00119	0.00452	0.00378	0.00208	0.00584
33	0.78764	0.00888	0.00639	0.00573	0.00811	0.10668	0.00463	0.01201	0.00719	0.01666	0.00553	0.00645	0.00434	0.00369	0.00256	0.00119	0.00350	0.00217	0.00238	0.00428
34	0.00996	0.40118	0.02581	0.00845	0.01130	0.01154	0.11161	0.09768	0.07412	0.02491	0.01946	0.01544	0.00963	0.00515	0.00366	0.00117	0.00430	0.15699	0.00258	0.00508
35	0.00956	0.00923	0.01544	0.10281	0.74814	0.02181	0.01186	0.01189	0.00886	0.01249	0.00732	0.00973	0.00610	0.00354	0.00388	0.00118	0.00475	0.00348	0.00192	0.00601
36	0.00495	0.00389	0.00447	0.00452	0.00554	0.00341	0.00332	0.00616	0.00938	0.01211	0.28812	0.17093	0.44984	0.00971	0.00469	0.00134	0.00199	0.00837	0.00385	0.00341
37	0.00671	0.00639	0.07821	0.00645	0.00799	0.00540	0.02737	0.07736	0.07524	0.01322	0.18634	0.22973	0.13854	0.06907	0.00566	0.00156	0.00299	0.05414	0.00352	0.00409
