[name]
unknown

[dist]
# distance from previous block
# <min> <max>
5	63

[block]
# block no. 0 follows, 73 sequences, length 15
# corresponding to MSA columns:
# 63-77
name=unknown_A
#
# <colnr> <probs for GDERKNQSTAVLIFYWHMCP>
#	G	D	E	R	K	N	Q	S	T	A	V	L	I	F	Y	W	H	M	C	P
0	0.03772	0.06727	0.03452	0.00684	0.02794	0.06145	0.03840	0.03572	0.02050	0.09032	0.07514	0.15176	0.11076	0.04432	0.06064	0.03469	0.02413	0.01790	0.00288	0.05711
1	0.10936	0.00567	0.00706	0.00626	0.00791	0.02525	0.04280	0.04451	0.00919	0.22651	0.13512	0.21055	0.05442	0.02776	0.01596	0.00141	0.00305	0.05923	0.00359	0.00437
2	0.06473	0.00497	0.00637	0.00693	0.07558	0.00515	0.00465	0.07648	0.00799	0.03108	0.05099	0.22955	0.07978	0.11486	0.19464	0.01651	0.00452	0.01866	0.00285	0.00370
3	0.03460	0.06351	0.05732	0.00727	0.00937	0.14254	0.02655	0.13090	0.04180	0.12600	0.03206	0.08900	0.11003	0.06795	0.01500	0.00141	0.03246	0.00459	0.00299	0.00465
4	0.05777	0.00610	0.04283	0.02325	0.00835	0.01993	0.05047	0.03571	0.00725	0.04732	0.03592	0.10276	0.03818	0.08805	0.19447	0.09791	0.07499	0.00458	0.00240	0.06175
5	0.00568	0.00399	0.00473	0.00466	0.00508	0.00401	0.00305	0.04407	0.00710	0.00957	0.12023	0.10745	0.06943	0.49869	0.09373	0.00308	0.00378	0.00607	0.00275	0.00286
6	0.00747	0.00696	0.06273	0.04328	0.02327	0.05653	0.05280	0.06046	0.04315	0.04188	0.04849	0.31514	0.04233	0.00786	0.00477	0.01325	0.04095	0.07899	0.04565	0.00406
7	0.13652	0.07655	0.09735	0.00824	0.01135	0.03713	0.07741	0.20031	0.05265	0.24056	0.00955	0.00953	0.00668	0.00412	0.00360	0.00114	0.01531	0.00323	0.00316	0.00562
8	0.00529	0.00358	0.00463	0.00520	0.00558	0.00341	0.00351	0.00615	0.03716	0.03479	0.01954	0.66401	0.05657	0.06628	0.00627	0.05989	0.00239	0.00929	0.00333	0.00312
9	0.03000	0.00886	0.00963	0.00747	0.01027	0.03105	0.00607	0.36578	0.08942	0.03200	0.00846	0.00894	0.00644	0.00406	0.00394	0.00097	0.05974	0.00301	0.00303	0.31087
10	0.00543	0.00395	0.00481	0.00515	0.00581	0.00382	0.00361	0.00709	0.08693	0.02685	0.07838	0.47990	0.15726	0.07022	0.00586	0.02464	0.00235	0.02114	0.00345	0.00336
11	0.06644	0.00548	0.00682	0.00675	0.05242	0.00549	0.00483	0.05301	0.08577	0.15397	0.06843	0.19264	0.07882	0.03495	0.09666	0.03037	0.00361	0.01784	0.00331	0.03239
12	0.00905	0.00917	0.05557	0.01281	0.04297	0.00839	0.50536	0.04090	0.00900	0.08007	0.04784	0.01274	0.04675	0.03592	0.02527	0.00146	0.04499	0.00447	0.00235	0.00492
13	0.06672	0.00868	0.01587	0.10311	0.19851	0.00868	0.37410	0.06539	0.00897	0.01269	0.00949	0.05348	0.04846	0.00412	0.00404	0.00123	0.00498	0.00433	0.00217	0.00499
14	0.00646	0.00412	0.00493	0.00478	0.00594	0.00368	0.00354	0.00774	0.02689	0.12511	0.18014	0.22063	0.34909	0.03353	0.00483	0.00136	0.00219	0.00762	0.00374	0.00368

[dist]
# distance from previous block
# <min> <max>
0	4

[block]
# block no. 1 follows, 73 sequences, length 18
# corresponding to MSA columns:
# 82-99
name=unknown_B
#
# <colnr> <probs for GDERKNQSTAVLIFYWHMCP>
#	G	D	E	R	K	N	Q	S	T	A	V	L	I	F	Y	W	H	M	C	P
0	0.07329	0.00786	0.00870	0.00711	0.00940	0.00838	0.00569	0.39156	0.07779	0.15939	0.04060	0.08785	0.01045	0.05695	0.00468	0.00133	0.00344	0.01398	0.02613	0.00544
1	0.06108	0.00436	0.00461	0.00464	0.00577	0.00416	0.00340	0.02033	0.07728	0.01124	0.07036	0.21223	0.45105	0.04641	0.00495	0.00141	0.00222	0.00760	0.00342	0.00346
2	0.00539	0.00373	0.00452	0.00460	0.00529	0.00344	0.00321	0.00633	0.00820	0.03869	0.24626	0.23555	0.19882	0.18685	0.00752	0.00180	0.00236	0.01972	0.01455	0.00317
3	0.00588	0.00400	0.00485	0.00469	0.00573	0.00361	0.00346	0.00730	0.02422	0.07472	0.36758	0.15215	0.27230	0.04628	0.00506	0.00136	0.00208	0.00737	0.00379	0.00356
4	0.04239	0.00519	0.00614	0.00586	0.00698	0.00475	0.00419	0.02262	0.00953	0.13212	0.25399	0.22441	0.12346	0.13107	0.00692	0.00184	0.00288	0.00732	0.00401	0.00432
5	0.00853	0.00518	0.00618	0.00562	0.00713	0.00503	0.00425	0.02278	0.16262	0.20259	0.14176	0.15962	0.17595	0.06889	0.00526	0.00144	0.00257	0.00634	0.00382	0.00443
6	0.00857	0.00685	0.00795	0.00589	0.00897	0.00566	0.00472	0.07454	0.04995	0.04713	0.06016	0.00966	0.00794	0.00341	0.00305	0.00070	0.00285	0.00276	0.00264	0.68660
7	0.00535	0.00444	0.04594	0.00447	0.00502	0.00378	0.00308	0.00588	0.00653	0.00864	0.08090	0.05912	0.14385	0.59117	0.01434	0.00287	0.00326	0.00601	0.00262	0.00270
8	0.00650	0.00406	0.00504	0.00482	0.00593	0.00362	0.00358	0.00775	0.00930	0.12572	0.33581	0.18844	0.24807	0.02821	0.00474	0.00132	0.00212	0.00739	0.00386	0.00370
9	0.00524	0.00387	0.00562	0.00574	0.00630	0.00433	0.00431	0.00642	0.00635	0.00901	0.04533	0.14419	0.01302	0.07664	0.63968	0.00501	0.00813	0.00522	0.00233	0.00325
10	0.01343	0.01402	0.01045	0.00918	0.01125	0.46837	0.00699	0.20778	0.04604	0.01454	0.08422	0.01181	0.02849	0.00525	0.00416	0.00123	0.02059	0.00362	0.03329	0.00527
11	0.00536	0.00382	0.00462	0.00475	0.00570	0.00345	0.00351	0.00643	0.00844	0.05354	0.15076	0.26866	0.36147	0.01079	0.05621	0.00163	0.00259	0.04135	0.00355	0.00338
12	0.05036	0.00459	0.00547	0.00544	0.00642	0.00459	0.00396	0.02100	0.12025	0.06170	0.23652	0.35818	0.05511	0.04269	0.00492	0.00143	0.00235	0.00752	0.00367	0.00384
13	0.00824	0.00641	0.05844	0.00711	0.04388	0.03488	0.02840	0.14161	0.00772	0.01033	0.00728	0.01098	0.00659	0.03204	0.03622	0.53561	0.00399	0.00334	0.01383	0.00312
14	0.00886	0.01012	0.02214	0.01581	0.01961	0.00949	0.83112	0.01202	0.00886	0.01202	0.00759	0.01012	0.00569	0.00316	0.00443	0.00127	0.00633	0.00443	0.00190	0.00506
15	0.00505	0.00362	0.00441	0.00477	0.00514	0.00349	0.00314	0.00585	0.02951	0.00934	0.06448	0.40657	0.11711	0.26950	0.03250	0.01862	0.00282	0.00807	0.00309	0.00292
16	0.00500	0.00358	0.00460	0.00509	0.00551	0.00345	0.00351	0.00586	0.02617	0.00969	0.06665	0.50881	0.10279	0.09210	0.06408	0.05160	0.00291	0.03237	0.00321	0.00303
17	0.00622	0.00490	0.03959	0.00606	0.00708	0.00480	0.02349	0.00750	0.00639	0.05037	0.01034	0.01579	0.00975	0.17638	0.56357	0.00478	0.00790	0.00416	0.01665	0.03428

[dist]
# distance from previous block
# <min> <max>
1	4

[block]
# block no. 2 follows, 73 sequences, length 130
# corresponding to MSA columns:
# 105-234
name=unknown_C
#
# <colnr> <probs for GDERKNQSTAVLIFYWHMCP>
#	G	D	E	R	K	N	Q	S	T	A	V	L	I	F	Y	W	H	M	C	P
0	0.00764	0.03604	0.01182	0.69116	0.06979	0.04620	0.02516	0.00996	0.00765	0.00970	0.00665	0.00975	0.00515	0.00431	0.02259	0.00133	0.02584	0.00328	0.00170	0.00429
1	0.00939	0.00884	0.01341	0.07220	0.52049	0.04015	0.04171	0.04002	0.08269	0.02237	0.00785	0.00955	0.00633	0.00353	0.00364	0.00107	0.00430	0.00331	0.00216	0.10700
2	0.01049	0.71637	0.01799	0.00695	0.00989	0.12384	0.00655	0.01192	0.03108	0.00907	0.00557	0.00639	0.00500	0.00342	0.00279	0.00086	0.02319	0.00215	0.00171	0.00477
3	0.00692	0.00691	0.04245	0.74374	0.02356	0.00799	0.00996	0.00932	0.00746	0.00966	0.00775	0.07801	0.00657	0.00443	0.00398	0.00128	0.02018	0.00390	0.00181	0.00413
4	0.00884	0.00547	0.00687	0.00550	0.00771	0.00460	0.00434	0.01066	0.02453	0.20250	0.35194	0.01733	0.01876	0.00525	0.00370	0.00096	0.00246	0.00448	0.00358	0.31050
5	0.00778	0.00667	0.00778	0.00556	0.00889	0.00500	0.00445	0.00945	0.00778	0.01223	0.00667	0.00778	0.00556	0.00278	0.00278	0.00056	0.00278	0.00222	0.00222	0.89108
6	0.00515	0.00388	0.00568	0.00614	0.00671	0.00368	0.04692	0.00621	0.00771	0.01026	0.04714	0.60787	0.02345	0.01086	0.00485	0.00154	0.00267	0.19262	0.00342	0.00326
7	0.00563	0.00391	0.00512	0.00477	0.00572	0.00359	0.00359	0.00739	0.01062	0.03820	0.81973	0.02760	0.03467	0.00759	0.00441	0.00118	0.00181	0.00670	0.00414	0.00362
8	0.00586	0.00417	0.00487	0.01898	0.00535	0.00409	0.00301	0.00638	0.02119	0.00824	0.01173	0.02342	0.01307	0.68529	0.01594	0.00310	0.01337	0.05857	0.00236	0.09099
9	0.00657	0.00556	0.00788	0.00727	0.00779	0.00705	0.00582	0.03527	0.00631	0.00927	0.00844	0.01276	0.00799	0.04537	0.53280	0.00440	0.28001	0.00381	0.00196	0.00366
10	0.00644	0.00357	0.00511	0.00506	0.00527	0.00359	0.00347	0.01920	0.00544	0.00735	0.00788	0.04315	0.00804	0.06342	0.08427	0.68306	0.00382	0.01684	0.00184	0.02316
11	0.00472	0.00380	0.00411	0.00408	0.00515	0.00330	0.00301	0.00576	0.00867	0.01085	0.18993	0.04401	0.59117	0.08136	0.00568	0.00146	0.00206	0.02419	0.00351	0.00317
12	0.00778	0.00667	0.00778	0.00556	0.00889	0.00500	0.00445	0.00945	0.00778	0.01223	0.00667	0.00778	0.00556	0.00278	0.00278	0.00056	0.00278	0.00222	0.00222	0.89108
13	0.00640	0.00329	0.00482	0.00482	0.00487	0.00327	0.00321	0.00493	0.00505	0.00668	0.00789	0.01278	0.03847	0.04132	0.01442	0.82764	0.00322	0.00351	0.00172	0.00171
14	0.00521	0.00375	0.00464	0.00451	0.00518	0.00350	0.00317	0.00642	0.00899	0.01240	0.51786	0.07621	0.11118	0.21146	0.00791	0.00179	0.00225	0.00681	0.00359	0.00317
15	0.89465	0.00726	0.00551	0.00493	0.00726	0.00842	0.00406	0.01103	0.00638	0.01683	0.00522	0.00609	0.00406	0.00348	0.00232	0.00116	0.00290	0.00203	0.00232	0.00406
16	0.01423	0.01135	0.01119	0.00875	0.01163	0.10719	0.00714	0.73943	0.01684	0.02200	0.00864	0.00875	0.00620	0.00443	0.00371	0.00111	0.00443	0.00327	0.00355	0.00615
17	0.01578	0.00646	0.00864	0.00675	0.00949	0.00584	0.00555	0.05521	0.03073	0.73401	0.01423	0.01275	0.00921	0.00619	0.05963	0.00148	0.00368	0.00378	0.00441	0.00617
18	0.00641	0.00411	0.00515	0.00474	0.00593	0.00367	0.00361	0.00793	0.01010	0.10840	0.55087	0.04164	0.21754	0.00781	0.00436	0.00120	0.00197	0.00677	0.00403	0.00377
19	0.03116	0.04289	0.05292	0.00722	0.01013	0.01573	0.02885	0.20106	0.14071	0.06576	0.06683	0.01081	0.00891	0.00451	0.01759	0.00105	0.00353	0.00332	0.00303	0.28399
20	0.00536	0.00400	0.00595	0.00595	0.00659	0.00465	0.00459	0.00665	0.00601	0.00865	0.01012	0.01513	0.00955	0.06184	0.81982	0.00593	0.00979	0.00408	0.00202	0.00331
21	0.82052	0.00801	0.00596	0.00531	0.00762	0.06401	0.00433	0.02643	0.00687	0.01646	0.00533	0.00619	0.00416	0.00353	0.00242	0.00115	0.00318	0.00208	0.00232	0.00412
22	0.00686	0.00548	0.00784	0.04189	0.00957	0.00571	0.06875	0.03640	0.11232	0.01202	0.01786	0.08752	0.04083	0.00872	0.00489	0.00157	0.01348	0.51101	0.00330	0.00398
23	0.02173	0.08258	0.07541	0.17205	0.14859	0.02068	0.28407	0.01229	0.00863	0.12575	0.00800	0.00972	0.00592	0.00355	0.00382	0.00117	0.00506	0.00358	0.00218	0.00520
24	0.00778	0.00667	0.00778	0.00556	0.00889	0.00500	0.00445	0.00945	0.00778	0.01223	0.00667	0.00778	0.00556	0.00278	0.00278	0.00056	0.00278	0.00222	0.00222	0.89108
25	0.00536	0.00402	0.00603	0.00603	0.00670	0.00469	0.00469	0.00670	0.00603	0.00871	0.01005	0.01474	0.00938	0.02814	0.85328	0.00603	0.01005	0.00402	0.00201	0.00335
26	0.02931	0.05542	0.57229	0.01245	0.17159	0.00883	0.02102	0.01185	0.01960	0.02738	0.03164	0.00884	0.00605	0.00366	0.00355	0.00116	0.00502	0.00300	0.00182	0.00551
27	0.00546	0.00364	0.00409	0.00409	0.00409	0.00364	0.00227	0.00546	0.00546	0.00727	0.01182	0.02455	0.01364	0.86815	0.01910	0.00364	0.00364	0.00546	0.00227	0.00227
28	0.00540	0.00361	0.00411	0.00417	0.00418	0.00360	0.00235	0.00544	0.00557	0.00743	0.01240	0.07986	0.01437	0.81184	0.01815	0.00350	0.00354	0.00580	0.00235	0.00232
29	0.08935	0.08551	0.33889	0.01000	0.06280	0.00847	0.09438	0.01351	0.01897	0.22978	0.00879	0.00924	0.00613	0.00377	0.00351	0.00115	0.00455	0.00313	0.00252	0.00555
30	0.00982	0.24565	0.23262	0.03868	0.11792	0.10536	0.06258	0.07981	0.00904	0.02198	0.00673	0.00807	0.00536	0.00448	0.03554	0.00123	0.00519	0.00283	0.00192	0.00518
31	0.00791	0.00516	0.00456	0.00443	0.00548	0.08995	0.00339	0.02472	0.00840	0.02319	0.01195	0.01461	0.00969	0.00464	0.00287	0.00094	0.00241	0.04564	0.72642	0.00367
32	0.00831	0.00952	0.06012	0.33206	0.04460	0.03841	0.41832	0.01115	0.00831	0.01097	0.00709	0.00980	0.00535	0.00348	0.00417	0.00125	0.01676	0.00382	0.00179	0.00474
33	0.00922	0.04549	0.17546	0.03429	0.37418	0.03247	0.17635	0.02198	0.01731	0.04490	0.00773	0.02974	0.00622	0.00365	0.00380	0.00116	0.00498	0.00358	0.00199	0.00552
34	0.00920	0.00892	0.01552	0.04587	0.77379	0.00893	0.05933	0.01149	0.00853	0.01217	0.00708	0.00935	0.00590	0.00334	0.00376	0.00113	0.00458	0.00341	0.00185	0.00584
35	0.00575	0.00458	0.00671	0.00648	0.00704	0.00558	0.00509	0.00697	0.00597	0.00871	0.00941	0.01418	0.00892	0.05313	0.71146	0.00535	0.12533	0.00397	0.00197	0.00342
36	0.89465	0.00726	0.00551	0.00493	0.00726	0.00842	0.00406	0.01103	0.00638	0.01683	0.00522	0.00609	0.00406	0.00348	0.00232	0.00116	0.00290	0.00203	0.00232	0.00406
37	0.01003	0.80144	0.01879	0.00647	0.00965	0.03817	0.00634	0.01125	0.00772	0.00901	0.00531	0.00613	0.00485	0.00321	0.00245	0.00079	0.00403	0.00203	0.00165	0.05069
38	0.00549	0.00408	0.00510	0.00474	0.00585	0.00371	0.02158	0.02057	0.00989	0.02382	0.50981	0.04882	0.26562	0.00795	0.00433	0.00120	0.00197	0.00691	0.04503	0.00353
39	0.00545	0.00366	0.00422	0.00422	0.00426	0.00371	0.00243	0.00554	0.00549	0.00737	0.01170	0.02391	0.01336	0.81295	0.07391	0.00379	0.00406	0.00536	0.00226	0.00234
40	0.01458	0.00857	0.00988	0.00773	0.01058	0.00894	0.00634	0.40369	0.12869	0.34226	0.01212	0.01116	0.00821	0.00464	0.00377	0.00116	0.00360	0.00365	0.00411	0.00632
41	0.00546	0.00364	0.00409	0.00409	0.00409	0.00364	0.00227	0.00546	0.00546	0.00727	0.01182	0.02455	0.01364	0.86815	0.01910	0.00364	0.00364	0.00546	0.00227	0.00227
42	0.00545	0.00394	0.00528	0.00549	0.00631	0.00378	0.00436	0.00705	0.00939	0.01286	0.43800	0.10987	0.05873	0.00987	0.04166	0.00160	0.00271	0.26646	0.00374	0.00345
43	0.00495	0.00354	0.00479	0.00566	0.00605	0.00338	0.00415	0.00588	0.00756	0.01000	0.02047	0.65260	0.02398	0.01139	0.00489	0.00158	0.00251	0.21999	0.00348	0.00315
44	0.00557	0.00391	0.00495	0.00570	0.00604	0.00360	0.00383	0.00609	0.00780	0.01065	0.03594	0.77726	0.02462	0.02350	0.00521	0.00166	0.00248	0.02308	0.04459	0.00350
45	0.89465	0.00726	0.00551	0.00493	0.00726	0.00842	0.00406	0.01103	0.00638	0.01683	0.00522	0.00609	0.00406	0.00348	0.00232	0.00116	0.00290	0.00203	0.00232	0.00406
46	0.00830	0.00794	0.01367	0.42634	0.37638	0.00873	0.06478	0.02866	0.00826	0.01120	0.00695	0.00968	0.00548	0.00355	0.00378	0.00119	0.00484	0.00341	0.00181	0.00504
47	0.00582	0.00463	0.00619	0.01806	0.09804	0.00441	0.00454	0.00792	0.04815	0.01383	0.55633	0.02664	0.16355	0.00737	0.00432	0.00120	0.00221	0.01921	0.00372	0.00386
48	0.00592	0.00427	0.00586	0.00663	0.00752	0.00422	0.00575	0.00759	0.00870	0.01128	0.04841	0.04144	0.07607	0.01022	0.00511	0.00168	0.00330	0.73912	0.00348	0.00344
49	0.00918	0.00790	0.00835	0.00752	0.00960	0.00911	0.00585	0.01945	0.80661	0.01567	0.04664	0.01453	0.01236	0.00519	0.00384	0.00127	0.00292	0.00434	0.00383	0.00585
50	0.00531	0.00383	0.00501	0.00472	0.00560	0.00354	0.00354	0.00708	0.01062	0.01504	0.84277	0.02802	0.03540	0.00767	0.00442	0.00118	0.00177	0.00678	0.00413	0.00354
51	0.00632	0.00453	0.00621	0.00603	0.00686	0.01907	0.00471	0.03041	0.00674	0.03747	0.01021	0.01421	0.00916	0.02386	0.69878	0.00512	0.02300	0.00391	0.07981	0.00358
52	0.00457	0.00326	0.00435	0.00522	0.00544	0.00305	0.00348	0.00522	0.00718	0.00958	0.02068	0.86570	0.02481	0.01175	0.00479	0.00152	0.00218	0.01067	0.00348	0.00305
53	0.89465	0.00726	0.00551	0.00493	0.00726	0.00842	0.00406	0.01103	0.00638	0.01683	0.00522	0.00609	0.00406	0.00348	0.00232	0.00116	0.00290	0.00203	0.00232	0.00406
54	0.00785	0.00671	0.00777	0.00570	0.00888	0.00531	0.00454	0.01023	0.07437	0.01257	0.02714	0.00876	0.00674	0.00308	0.00290	0.00063	0.00277	0.00249	0.00240	0.79915
55	0.00985	0.00969	0.01471	0.02142	0.74687	0.07619	0.01101	0.04290	0.00905	0.01244	0.00703	0.00907	0.00587	0.00343	0.00369	0.00110	0.00463	0.00327	0.00194	0.00583
56	0.89465	0.00726	0.00551	0.00493	0.00726	0.00842	0.00406	0.01103	0.00638	0.01683	0.00522	0.00609	0.00406	0.00348	0.00232	0.00116	0.00290	0.00203	0.00232	0.00406
57	0.00902	0.00958	0.01163	0.00997	0.01032	0.12665	0.02795	0.00992	0.00649	0.00912	0.00511	0.00806	0.00493	0.00611	0.01090	0.00154	0.72366	0.00319	0.00169	0.00416
58	0.00792	0.15461	0.71699	0.01001	0.01519	0.00969	0.01268	0.01178	0.00787	0.01140	0.00649	0.00762	0.00476	0.00351	0.00338	0.00113	0.00530	0.00265	0.00159	0.00543
59	0.00546	0.00364	0.00409	0.00409	0.00409	0.00364	0.00227	0.00546	0.00546	0.00727	0.01182	0.02455	0.01364	0.86815	0.01910	0.00364	0.00364	0.00546	0.00227	0.00227
60	0.00503	0.00383	0.00462	0.00446	0.00547	0.00343	0.00336	0.00651	0.00986	0.01326	0.54494	0.03116	0.31407	0.00837	0.00445	0.00122	0.00186	0.02681	0.00389	0.00341
61	0.00497	0.00344	0.00426	0.00474	0.00487	0.00332	0.00297	0.00534	0.00642	0.00856	0.01669	0.48905	0.01976	0.38541	0.02083	0.00250	0.00290	0.00832	0.00294	0.00271
62	0.01401	0.01788	0.01063	0.00967	0.01160	0.85309	0.00725	0.01498	0.01063	0.00918	0.00580	0.00677	0.00483	0.00387	0.00338	0.00097	0.00677	0.00242	0.00193	0.00435
63	0.04666	0.00727	0.00913	0.00702	0.00992	0.00689	0.00580	0.18700	0.01202	0.64762	0.01327	0.01176	0.00850	0.00457	0.00372	0.00115	0.00338	0.00363	0.00438	0.00630
64	0.00949	0.00940	0.01474	0.06209	0.75084	0.06439	0.01118	0.01165	0.00863	0.01193	0.00696	0.00915	0.00582	0.00340	0.00369	0.00111	0.00463	0.00328	0.00185	0.00575
65	0.01729	0.00362	0.00476	0.00536	0.00572	0.00353	0.00370	0.00583	0.00747	0.02553	0.08275	0.72787	0.03795	0.01096	0.00499	0.00149	0.03473	0.00980	0.00347	0.00320
66	0.01466	0.06582	0.01128	0.00841	0.02599	0.11552	0.06710	0.17793	0.02696	0.43071	0.01122	0.01058	0.00757	0.00430	0.00368	0.00111	0.00414	0.00346	0.00366	0.00591
67	0.00954	0.70295	0.18280	0.00726	0.01093	0.01364	0.00788	0.01136	0.00768	0.00943	0.00551	0.00639	0.00480	0.00328	0.00264	0.00088	0.00431	0.00216	0.00160	0.00496
68	0.00602	0.00405	0.00528	0.00488	0.00590	0.00376	0.00369	0.00793	0.02598	0.06065	0.78206	0.02693	0.03353	0.00746	0.00438	0.00118	0.00187	0.00657	0.00415	0.00374
69	0.01383	0.01023	0.01079	0.00835	0.01121	0.02677	0.00687	0.76860	0.01693	0.02281	0.00914	0.00926	0.00654	0.00448	0.00368	0.00111	0.00404	0.00337	0.05582	0.00617
70	0.01759	0.00701	0.00931	0.00727	0.01022	0.00603	0.00589	0.01880	0.01127	0.83710	0.01557	0.01391	0.01006	0.00521	0.00415	0.00132	0.00350	0.00405	0.00491	0.00681
71	0.00764	0.01872	0.79391	0.01150	0.07071	0.00873	0.01371	0.01186	0.00796	0.01191	0.00675	0.00801	0.00483	0.00355	0.00357	0.00118	0.00547	0.00281	0.00160	0.00557
72	0.01101	0.32636	0.31373	0.00802	0.01198	0.01007	0.00884	0.01342	0.00859	0.24194	0.00841	0.00857	0.00603	0.00373	0.00320	0.00104	0.00433	0.00277	0.00244	0.00551
73	0.01608	0.00622	0.00846	0.00655	0.00932	0.00538	0.00538	0.01755	0.01073	0.79262	0.06924	0.01377	0.01100	0.00484	0.00382	0.00116	0.00310	0.00397	0.00461	0.00620
74	0.00536	0.00402	0.00603	0.00603	0.00670	0.00469	0.00469	0.00670	0.00603	0.00871	0.01005	0.01474	0.00938	0.02814	0.85328	0.00603	0.01005	0.00402	0.00201	0.00335
75	0.01079	0.00866	0.01126	0.02224	0.19988	0.00936	0.04804	0.16977	0.37924	0.08235	0.01171	0.01166	0.00872	0.00444	0.00381	0.00120	0.00373	0.00384	0.00331	0.00599
76	0.00820	0.00815	0.01169	0.06646	0.05982	0.01113	0.00855	0.00921	0.00603	0.00925	0.00516	0.00839	0.00499	0.00619	0.01125	0.00159	0.75478	0.00329	0.00166	0.00422
77	0.00467	0.00333	0.00446	0.00533	0.00559	0.00313	0.00365	0.00539	0.00728	0.00969	0.02062	0.81156	0.02460	0.01166	0.00481	0.00154	0.00226	0.06385	0.00348	0.00307
78	0.00933	0.00806	0.00848	0.00764	0.00976	0.00933	0.00594	0.01994	0.83797	0.01569	0.01527	0.01400	0.01145	0.00509	0.00382	0.00127	0.00297	0.00424	0.00382	0.00594
79	0.00933	0.00806	0.00848	0.00764	0.00976	0.00933	0.00594	0.01994	0.83797	0.01569	0.01527	0.01400	0.01145	0.00509	0.00382	0.00127	0.00297	0.00424	0.00382	0.00594
80	0.00778	0.00667	0.00778	0.00556	0.00889	0.00500	0.00445	0.00945	0.00778	0.01223	0.00667	0.00778	0.00556	0.00278	0.00278	0.00056	0.00278	0.00222	0.00222	0.89108
81	0.00535	0.00391	0.00503	0.00474	0.00566	0.00363	0.00356	0.00725	0.02570	0.01488	0.79816	0.02806	0.06452	0.00769	0.00441	0.00118	0.00180	0.00678	0.00410	0.00357
82	0.00546	0.00364	0.00409	0.00409	0.00409	0.00364	0.00227	0.00546	0.00546	0.00727	0.01182	0.02455	0.01364	0.86815	0.01910	0.00364	0.00364	0.00546	0.00227	0.00227
83	0.89465	0.00726	0.00551	0.00493	0.00726	0.00842	0.00406	0.01103	0.00638	0.01683	0.00522	0.00609	0.00406	0.00348	0.00232	0.00116	0.00290	0.00203	0.00232	0.00406
84	0.00936	0.01131	0.16041	0.01937	0.61081	0.06165	0.01143	0.02565	0.03179	0.01228	0.00718	0.00902	0.00583	0.00348	0.00367	0.00112	0.00474	0.00321	0.00190	0.00578
85	0.89465	0.00726	0.00551	0.00493	0.00726	0.00842	0.00406	0.01103	0.00638	0.01683	0.00522	0.00609	0.00406	0.00348	0.00232	0.00116	0.00290	0.00203	0.00232	0.00406
86	0.00531	0.00383	0.00501	0.00472	0.00560	0.00354	0.00354	0.00708	0.01062	0.01504	0.84277	0.02802	0.03540	0.00767	0.00442	0.00118	0.00177	0.00678	0.00413	0.00354
87	0.00454	0.00380	0.00395	0.00392	0.00514	0.00321	0.00294	0.00560	0.00881	0.01075	0.13945	0.03509	0.74139	0.00927	0.00443	0.00126	0.00188	0.00778	0.00357	0.00321
88	0.00536	0.00400	0.00593	0.00593	0.00657	0.00464	0.00457	0.00664	0.00600	0.00864	0.01014	0.01524	0.00960	0.07081	0.81091	0.00591	0.00972	0.00409	0.00202	0.00330
89	0.01003	0.87041	0.01966	0.00642	0.00963	0.01485	0.00642	0.01123	0.00762	0.00883	0.00522	0.00602	0.00481	0.00321	0.00241	0.00080	0.00401	0.00201	0.00160	0.00481
90	0.00687	0.00352	0.00361	0.00359	0.00446	0.00350	0.00269	0.00862	0.00808	0.01407	0.07533	0.01505	0.01157	0.00462	0.00276	0.00090	0.00175	0.00375	0.82176	0.00350
91	0.00842	0.06375	0.00882	0.00585	0.00915	0.00615	0.00478	0.07198	0.00852	0.01287	0.00675	0.00776	0.00557	0.00294	0.00283	0.00062	0.00296	0.00230	0.00230	0.76570
92	0.01363	0.01724	0.01069	0.00968	0.01148	0.79775	0.00731	0.01459	0.01031	0.00917	0.00574	0.00686	0.00484	0.00404	0.00397	0.00101	0.06295	0.00247	0.00191	0.00433
93	0.01091	0.06578	0.04293	0.00858	0.01035	0.04009	0.02598	0.29026	0.01045	0.06497	0.00729	0.00898	0.00588	0.00602	0.00768	0.10897	0.27423	0.00323	0.00255	0.00485
94	0.00776	0.00736	0.01248	0.60110	0.27857	0.00851	0.01076	0.01018	0.00782	0.01041	0.00679	0.00978	0.00529	0.00362	0.00374	0.00121	0.00483	0.00334	0.00173	0.00472
95	0.00457	0.00326	0.00435	0.00522	0.00544	0.00305	0.00348	0.00522	0.00718	0.00958	0.02068	0.86570	0.02481	0.01175	0.00479	0.00152	0.00218	0.01067	0.00348	0.00305
96	0.00594	0.00428	0.00590	0.00670	0.00760	0.00424	0.00584	0.00762	0.00863	0.01116	0.02106	0.04191	0.07561	0.01031	0.00513	0.00170	0.00335	0.76613	0.00346	0.00344
97	0.00832	0.29104	0.58409	0.00933	0.01413	0.01067	0.01149	0.01167	0.00783	0.01091	0.00625	0.00731	0.00477	0.00345	0.00320	0.00107	0.00506	0.00253	0.00159	0.00531
98	0.00886	0.01012	0.02214	0.01581	0.01961	0.00949	0.83112	0.01202	0.00886	0.01202	0.00759	0.01012	0.00569	0.00316	0.00443	0.00127	0.00633	0.00443	0.00190	0.00506
99	0.00929	0.00891	0.01523	0.02303	0.84475	0.00891	0.01151	0.01151	0.00854	0.01226	0.00706	0.00929	0.00594	0.00334	0.00371	0.00111	0.00446	0.00334	0.00186	0.00594
100	0.00911	0.00874	0.01491	0.08956	0.77958	0.00887	0.01143	0.01136	0.00846	0.01204	0.00703	0.00934	0.00587	0.00338	0.00372	0.00113	0.00450	0.00334	0.00184	0.00580
101	0.00546	0.00364	0.00409	0.00409	0.00409	0.00364	0.00227	0.00546	0.00546	0.00727	0.01182	0.02455	0.01364	0.86815	0.01910	0.00364	0.00364	0.00546	0.00227	0.00227
102	0.00985	0.00498	0.00638	0.00545	0.00713	0.00461	0.00429	0.02192	0.05026	0.30709	0.40666	0.02015	0.02176	0.00607	0.00395	0.00114	0.00235	0.00519	0.10609	0.00468
103	0.00929	0.00891	0.01523	0.02303	0.84475	0.00891	0.01151	0.01151	0.00854	0.01226	0.00706	0.00929	0.00594	0.00334	0.00371	0.00111	0.00446	0.00334	0.00186	0.00594
104	0.37532	0.00855	0.00800	0.00770	0.06364	0.09125	0.00553	0.07889	0.05942	0.08062	0.06082	0.01210	0.00910	0.08379	0.03810	0.00170	0.00407	0.00349	0.00301	0.00489
105	0.01646	0.00698	0.00907	0.00696	0.00987	0.00640	0.00575	0.13561	0.01173	0.72861	0.01397	0.01223	0.00887	0.00462	0.00377	0.00116	0.00333	0.00372	0.00452	0.00638
106	0.00460	0.00328	0.00434	0.00519	0.00540	0.00307	0.00344	0.00523	0.00713	0.00950	0.02038	0.83774	0.02444	0.04022	0.00526	0.00159	0.00223	0.01049	0.00344	0.00302
107	0.01073	0.00875	0.00927	0.00792	0.01029	0.00998	0.00628	0.24950	0.60614	0.01794	0.01350	0.01259	0.01002	0.00492	0.00380	0.00123	0.00330	0.00400	0.00380	0.00606
108	0.00805	0.00729	0.01082	0.18122	0.32809	0.00781	0.00841	0.02320	0.18198	0.01273	0.10596	0.01489	0.08385	0.00484	0.00389	0.00120	0.00372	0.00432	0.00266	0.00508
109	0.02012	0.41317	0.42573	0.00847	0.01282	0.01143	0.00997	0.01149	0.00776	0.01054	0.00601	0.00701	0.00480	0.00337	0.00299	0.00099	0.00471	0.00239	0.00162	0.03462
110	0.01525	0.00893	0.01003	0.00778	0.01066	0.04432	0.00638	0.43222	0.01420	0.38240	0.01155	0.02121	0.00781	0.00463	0.00376	0.00114	0.00381	0.00360	0.00406	0.00626
111	0.00540	0.00361	0.00411	0.00417	0.00418	0.00360	0.00235	0.00544	0.00557	0.00743	0.01240	0.07986	0.01437	0.81184	0.01815	0.00350	0.00354	0.00580	0.00235	0.00232
112	0.00774	0.00721	0.01210	0.37447	0.27962	0.00783	0.06561	0.01022	0.02941	0.02149	0.05973	0.01353	0.07614	0.00441	0.00390	0.00121	0.00438	0.01412	0.00215	0.00473
113	0.01019	0.00874	0.01187	0.18804	0.25590	0.01992	0.01777	0.24476	0.15298	0.01547	0.01935	0.02221	0.00742	0.00423	0.00378	0.00118	0.00421	0.00365	0.00274	0.00560
114	0.00536	0.00402	0.00603	0.00603	0.00670	0.00469	0.00469	0.00670	0.00603	0.00871	0.01005	0.01474	0.00938	0.02814	0.85328	0.00603	0.01005	0.00402	0.00201	0.00335
115	0.00528	0.00383	0.00497	0.00469	0.00559	0.00353	0.00352	0.00702	0.01055	0.01488	0.81531	0.02830	0.06296	0.00773	0.00443	0.00118	0.00177	0.00682	0.00411	0.00353
116	0.00778	0.00667	0.00778	0.00556	0.00889	0.00500	0.00445	0.00945	0.00778	0.01223	0.00667	0.00778	0.00556	0.00278	0.00278	0.00056	0.00278	0.00222	0.00222	0.89108
117	0.00653	0.00571	0.00906	0.03963	0.30359	0.00559	0.03476	0.00797	0.00797	0.01080	0.02681	0.37611	0.09876	0.00789	0.00434	0.00134	0.00324	0.04289	0.00280	0.00421
118	0.00460	0.00379	0.00396	0.00398	0.00510	0.00325	0.00294	0.00554	0.00841	0.01020	0.07669	0.05465	0.70123	0.07113	0.00551	0.00145	0.00207	0.02893	0.00343	0.00313
119	0.00849	0.00714	0.03527	0.22292	0.14550	0.00707	0.10388	0.02511	0.04838	0.10810	0.15500	0.02915	0.05347	0.00507	0.00403	0.00122	0.00396	0.02866	0.00280	0.00477
120	0.02937	0.21343	0.59690	0.01011	0.04596	0.01013	0.02200	0.01170	0.00785	0.01132	0.00637	0.00752	0.00481	0.00347	0.00329	0.00110	0.00510	0.00262	0.00162	0.00535
121	0.00752	0.01941	0.84871	0.01069	0.01624	0.00871	0.01386	0.01188	0.00792	0.01188	0.00673	0.00792	0.00475	0.00356	0.00356	0.00119	0.00554	0.00277	0.00158	0.00554
122	0.00527	0.00408	0.00480	0.00465	0.00571	0.00379	0.00352	0.00719	0.05706	0.01284	0.43370	0.03073	0.31962	0.04093	0.00499	0.00134	0.00205	0.05046	0.00378	0.00349
123	0.00642	0.00641	0.04700	0.11159	0.01054	0.05756	0.08132	0.00834	0.04453	0.01025	0.04950	0.29957	0.06028	0.02946	0.13954	0.00214	0.01256	0.01653	0.00270	0.00377
124	0.04058	0.17202	0.01563	0.01528	0.36770	0.11430	0.11215	0.08597	0.00938	0.01235	0.00671	0.00832	0.00553	0.00351	0.00358	0.00107	0.01548	0.00307	0.00201	0.00538
125	0.00536	0.00400	0.00593	0.00593	0.00657	0.00464	0.00457	0.00664	0.00600	0.00864	0.01014	0.01523	0.00959	0.06998	0.81173	0.00591	0.00973	0.00409	0.00202	0.00330
126	0.00534	0.00360	0.00423	0.00440	0.00452	0.00354	0.00267	0.00550	0.00599	0.00794	0.02343	0.15466	0.04609	0.63448	0.01552	0.03261	0.00331	0.03714	0.00255	0.00246
127	0.02886	0.03957	0.07340	0.18148	0.18428	0.08593	0.04011	0.05117	0.10016	0.04387	0.05071	0.08557	0.00934	0.00473	0.00378	0.00119	0.00432	0.00411	0.00248	0.00496
128	0.01133	0.10010	0.05933	0.02961	0.06673	0.24661	0.01691	0.10838	0.21873	0.05596	0.03260	0.02064	0.00808	0.00436	0.00355	0.00110	0.00458	0.00336	0.00277	0.00527
129	0.01328	0.07426	0.02145	0.00832	0.01113	0.06315	0.00695	0.61128	0.03041	0.04025	0.01856	0.00910	0.00666	0.00443	0.00384	0.00110	0.02897	0.00325	0.02122	0.02238

[dist]
# distance from previous block
# <min> <max>
4	11

[block]
# block no. 3 follows, 73 sequences, length 58
# corresponding to MSA columns:
# 246-303
name=unknown_D
#
# <colnr> <probs for GDERKNQSTAVLIFYWHMCP>
#	G	D	E	R	K	N	Q	S	T	A	V	L	I	F	Y	W	H	M	C	P
0	0.03779	0.02032	0.05551	0.02100	0.06388	0.04617	0.00770	0.46601	0.10994	0.01848	0.00869	0.00925	0.00652	0.00461	0.00469	0.00120	0.10601	0.00334	0.00311	0.00579
1	0.83837	0.00738	0.00574	0.00510	0.00743	0.02025	0.00419	0.01147	0.01723	0.04750	0.00572	0.00645	0.00436	0.00355	0.00241	0.00116	0.00297	0.00213	0.00242	0.00418
2	0.00795	0.05197	0.08729	0.03243	0.18018	0.00720	0.02173	0.07756	0.09724	0.02833	0.26570	0.01791	0.09775	0.00559	0.00395	0.00116	0.00331	0.00484	0.00308	0.00482
3	0.01009	0.00549	0.00670	0.00571	0.00761	0.00517	0.00450	0.03358	0.12223	0.31674	0.21517	0.02176	0.19635	0.02621	0.00443	0.00126	0.00258	0.00547	0.00408	0.00486
4	0.01182	0.26287	0.02581	0.02899	0.01106	0.45933	0.00701	0.03355	0.00950	0.00979	0.03669	0.00759	0.00603	0.00392	0.00356	0.00096	0.04596	0.00255	0.00195	0.03105
5	0.00519	0.00377	0.00488	0.00473	0.00556	0.00347	0.00350	0.00679	0.01014	0.01421	0.71366	0.11904	0.07459	0.00820	0.00446	0.00122	0.00182	0.00726	0.00403	0.00347
6	0.00598	0.00435	0.00591	0.00664	0.00750	0.00432	0.00560	0.00786	0.03906	0.01116	0.01950	0.17114	0.02133	0.01020	0.00501	0.00165	0.00322	0.64083	0.00344	0.02532
7	0.04189	0.01016	0.18742	0.01220	0.23414	0.03916	0.05011	0.02522	0.05617	0.10204	0.14127	0.03340	0.01919	0.00469	0.00403	0.00118	0.02579	0.00406	0.00267	0.00522
8	0.01136	0.00828	0.00904	0.00765	0.01006	0.00919	0.00608	0.19635	0.52913	0.13333	0.01425	0.01313	0.02488	0.00498	0.00381	0.00122	0.00323	0.00405	0.00391	0.00605
9	0.00868	0.00966	0.02055	0.01491	0.01845	0.00914	0.74532	0.01203	0.03950	0.01210	0.00870	0.01242	0.00697	0.00372	0.00446	0.00130	0.00601	0.05903	0.00207	0.00499
10	0.00909	0.00731	0.00839	0.00610	0.00937	0.00613	0.00492	0.14802	0.00951	0.03469	0.00726	0.00811	0.00579	0.00311	0.00297	0.00067	0.00302	0.00246	0.00254	0.72055
11	0.00758	0.01900	0.81236	0.01092	0.01639	0.00875	0.04981	0.01189	0.00796	0.01189	0.00677	0.00802	0.00479	0.00355	0.00360	0.00119	0.00558	0.00285	0.00160	0.00552
12	0.00531	0.00393	0.00511	0.00577	0.00656	0.00374	0.00466	0.00660	0.00828	0.01064	0.03731	0.24840	0.20111	0.01048	0.00491	0.00157	0.00277	0.42606	0.00348	0.00329
13	0.00933	0.00806	0.00848	0.00764	0.00976	0.00933	0.00594	0.01994	0.83797	0.01569	0.01527	0.01400	0.01145	0.00509	0.00382	0.00127	0.00297	0.00424	0.00382	0.00594
14	0.00444	0.00378	0.00382	0.00386	0.00508	0.00316	0.00288	0.00538	0.00849	0.01011	0.03729	0.07062	0.80917	0.00960	0.00445	0.00128	0.00191	0.00803	0.00348	0.00316
15	0.00536	0.00361	0.00419	0.00429	0.00433	0.00361	0.00249	0.00548	0.00566	0.00758	0.01271	0.11513	0.01469	0.74449	0.04840	0.00350	0.00372	0.00597	0.00239	0.00240
16	0.00933	0.00806	0.00848	0.00764	0.00976	0.00933	0.00594	0.01994	0.83797	0.01569	0.01527	0.01400	0.01145	0.00509	0.00382	0.00127	0.00297	0.00424	0.00382	0.00594
17	0.01678	0.00647	0.00876	0.00671	0.00962	0.00563	0.00555	0.03428	0.01087	0.83116	0.01469	0.01270	0.00923	0.00464	0.00377	0.00116	0.00321	0.00377	0.00463	0.00638
18	0.01416	0.01029	0.01106	0.00849	0.01145	0.01136	0.00701	0.80060	0.01732	0.03884	0.00918	0.00918	0.00650	0.00450	0.00373	0.00112	0.00406	0.00339	0.02144	0.00632
19	0.00720	0.00679	0.01140	0.80411	0.05435	0.00845	0.01039	0.00964	0.00749	0.00966	0.00663	0.00992	0.00503	0.00382	0.00401	0.00126	0.03061	0.00333	0.00167	0.00423
20	0.01214	0.00913	0.00974	0.00786	0.01040	0.01016	0.00636	0.52887	0.23540	0.02053	0.03145	0.01121	0.00871	0.00473	0.00370	0.00115	0.00357	0.00370	0.07525	0.00596
21	0.00457	0.00326	0.00435	0.00522	0.00544	0.00305	0.00348	0.00522	0.00718	0.00958	0.02068	0.86570	0.02481	0.01175	0.00479	0.00152	0.00218	0.01067	0.00348	0.00305
22	0.00515	0.00388	0.00570	0.00599	0.00652	0.00369	0.05911	0.00606	0.00732	0.00980	0.01876	0.62302	0.02189	0.08796	0.00606	0.00171	0.00273	0.10244	0.01906	0.00317
23	0.89465	0.00726	0.00551	0.00493	0.00726	0.00842	0.00406	0.01103	0.00638	0.01683	0.00522	0.00609	0.00406	0.00348	0.00232	0.00116	0.00290	0.00203	0.00232	0.00406
24	0.00960	0.34411	0.16771	0.01311	0.29897	0.01116	0.01816	0.04559	0.00848	0.03175	0.00659	0.00791	0.00542	0.00367	0.01213	0.00106	0.00452	0.00275	0.00186	0.00543
25	0.00877	0.16903	0.59446	0.00987	0.01471	0.00959	0.05230	0.01228	0.00814	0.07714	0.00714	0.00807	0.00517	0.00357	0.00342	0.00112	0.00513	0.00280	0.00184	0.00546
26	0.00575	0.00409	0.00550	0.00610	0.00694	0.00394	0.00505	0.00725	0.00868	0.02420	0.12121	0.16238	0.10095	0.01008	0.00494	0.00158	0.00291	0.51148	0.00356	0.00342
27	0.00711	0.00671	0.01126	0.83833	0.02545	0.00841	0.01037	0.00957	0.00746	0.00957	0.00663	0.00996	0.00500	0.00382	0.00396	0.00126	0.02597	0.00333	0.00167	0.00417
28	0.01172	0.15601	0.09247	0.04274	0.19395	0.05877	0.06707	0.12573	0.01016	0.19285	0.00860	0.00926	0.00630	0.00381	0.00353	0.00109	0.00445	0.00318	0.00265	0.00565
29	0.00809	0.00741	0.01240	0.13153	0.46778	0.00761	0.04405	0.02097	0.00849	0.01167	0.01068	0.05817	0.01982	0.00531	0.00411	0.00129	0.00426	0.16909	0.00228	0.00499
30	0.00491	0.00341	0.00425	0.00478	0.00492	0.00328	0.00301	0.00531	0.00651	0.00868	0.01724	0.53922	0.02048	0.34415	0.01034	0.00234	0.00274	0.00864	0.00301	0.00275
31	0.01120	0.57293	0.01645	0.00739	0.01022	0.21407	0.00664	0.06169	0.05027	0.01014	0.00608	0.00677	0.00524	0.00354	0.00279	0.00088	0.00462	0.00230	0.00192	0.00485
32	0.04011	0.00850	0.07029	0.04929	0.04202	0.01803	0.00675	0.03799	0.44133	0.19351	0.04246	0.01294	0.01037	0.00476	0.00375	0.00122	0.00339	0.00393	0.00359	0.00577
33	0.09215	0.32955	0.01405	0.00826	0.05190	0.03278	0.00685	0.36170	0.01184	0.01607	0.00693	0.00756	0.00548	0.00393	0.00343	0.00102	0.03576	0.00272	0.00261	0.00543
34	0.00563	0.00380	0.00436	0.00433	0.00444	0.00388	0.00255	0.00602	0.03625	0.00762	0.01168	0.02326	0.01312	0.76932	0.05307	0.03681	0.00387	0.00527	0.00230	0.00243
35	0.01683	0.00638	0.00871	0.00668	0.00958	0.00551	0.00551	0.01828	0.01074	0.84734	0.01480	0.01277	0.00929	0.00464	0.00377	0.00116	0.00319	0.00377	0.00464	0.00638
36	0.06567	0.05708	0.05616	0.01067	0.07749	0.01799	0.24819	0.02963	0.00759	0.01104	0.00807	0.01107	0.00689	0.01291	0.32810	0.00304	0.03831	0.00372	0.00197	0.00441
37	0.00467	0.00335	0.00451	0.00533	0.00560	0.00318	0.00365	0.00540	0.00719	0.00960	0.02011	0.78867	0.02390	0.01252	0.04745	0.00176	0.00263	0.04398	0.00341	0.00308
38	0.00538	0.00396	0.00571	0.00571	0.00627	0.00452	0.00429	0.00649	0.00593	0.00847	0.01034	0.01636	0.01008	0.16728	0.71511	0.00563	0.00899	0.00426	0.00205	0.00317
39	0.07054	0.00932	0.01018	0.00803	0.01075	0.01026	0.00659	0.52951	0.12082	0.13798	0.01023	0.00996	0.00724	0.00461	0.00399	0.00117	0.03554	0.00345	0.00372	0.00609
40	0.01003	0.87041	0.01966	0.00642	0.00963	0.01485	0.00642	0.01123	0.00762	0.00883	0.00522	0.00602	0.00481	0.00321	0.00241	0.00080	0.00401	0.00201	0.00160	0.00481
41	0.00457	0.00326	0.00435	0.00522	0.00544	0.00305	0.00348	0.00522	0.00718	0.00958	0.02068	0.86570	0.02481	0.01175	0.00479	0.00152	0.00218	0.01067	0.00348	0.00305
42	0.01003	0.87041	0.01966	0.00642	0.00963	0.01485	0.00642	0.01123	0.00762	0.00883	0.00522	0.00602	0.00481	0.00321	0.00241	0.00080	0.00401	0.00201	0.00160	0.00481
43	0.00906	0.00878	0.01451	0.13141	0.69650	0.02560	0.01119	0.01126	0.00836	0.01175	0.00692	0.00930	0.00577	0.00350	0.00397	0.00114	0.03022	0.00332	0.00183	0.00562
44	0.89465	0.00726	0.00551	0.00493	0.00726	0.00842	0.00406	0.01103	0.00638	0.01683	0.00522	0.00609	0.00406	0.00348	0.00232	0.00116	0.00290	0.00203	0.00232	0.00406
45	0.00546	0.00364	0.00409	0.00409	0.00409	0.00364	0.00227	0.00546	0.00546	0.00727	0.01182	0.02455	0.01364	0.86815	0.01910	0.00364	0.00364	0.00546	0.00227	0.00227
46	0.00922	0.00819	0.00980	0.00959	0.09601	0.00926	0.04432	0.01828	0.68597	0.01496	0.01416	0.01351	0.02157	0.00491	0.00402	0.00126	0.02149	0.00419	0.00348	0.00582
47	0.00778	0.00667	0.00778	0.00556	0.00889	0.00500	0.00445	0.00945	0.00778	0.01223	0.00667	0.00778	0.00556	0.00278	0.00278	0.00056	0.00278	0.00222	0.00222	0.89108
48	0.00456	0.00365	0.00409	0.00438	0.00528	0.00318	0.00317	0.00548	0.00822	0.01022	0.06942	0.29764	0.52538	0.01015	0.00457	0.00136	0.00202	0.03058	0.00351	0.00315
49	0.01368	0.01732	0.01068	0.00968	0.01150	0.80402	0.00730	0.01463	0.01035	0.00917	0.00575	0.00685	0.00484	0.00402	0.00390	0.00101	0.05659	0.00247	0.00192	0.00434
50	0.00546	0.00364	0.00409	0.00409	0.00409	0.00364	0.00227	0.00546	0.00546	0.00727	0.01182	0.02455	0.01364	0.86815	0.01910	0.00364	0.00364	0.00546	0.00227	0.00227
51	0.00549	0.00389	0.00500	0.00469	0.00565	0.00355	0.00353	0.00719	0.01047	0.03236	0.76591	0.02830	0.09434	0.00774	0.00441	0.00119	0.00181	0.00680	0.00409	0.00357
52	0.00548	0.00363	0.00411	0.00411	0.00411	0.00363	0.00229	0.00544	0.00544	0.00726	0.01172	0.02430	0.01350	0.85147	0.01901	0.02094	0.00363	0.00541	0.00226	0.00226
53	0.00937	0.00767	0.00893	0.02776	0.03595	0.00684	0.00547	0.20479	0.02136	0.01492	0.00735	0.00826	0.00583	0.00326	0.00308	0.00073	0.00321	0.00259	0.00258	0.62006
54	0.01095	0.03374	0.01089	0.00938	0.01052	0.42329	0.01626	0.02121	0.00836	0.00923	0.00580	0.00797	0.00523	0.00665	0.06278	0.01932	0.32953	0.00289	0.00183	0.00418
55	0.00456	0.00332	0.00430	0.00508	0.00540	0.00306	0.00342	0.00524	0.00732	0.00963	0.02243	0.78172	0.10766	0.01153	0.00475	0.00150	0.00215	0.01039	0.00348	0.00306
56	0.00778	0.00667	0.00778	0.00556	0.00889	0.00500	0.00445	0.00945	0.00778	0.01223	0.00667	0.00778	0.00556	0.00278	0.00278	0.00056	0.00278	0.00222	0.00222	0.89108
57	0.00492	0.00354	0.00455	0.00524	0.00558	0.00336	0.00353	0.03222	0.00751	0.00997	0.02059	0.77360	0.05411	0.04544	0.00531	0.00159	0.00229	0.01012	0.00344	0.00313

[dist]
# distance from previous block
# <min> <max>
0	1

[block]
# block no. 4 follows, 73 sequences, length 27
# corresponding to MSA columns:
# 305-331
name=unknown_E
#
# <colnr> <probs for GDERKNQSTAVLIFYWHMCP>
#	G	D	E	R	K	N	Q	S	T	A	V	L	I	F	Y	W	H	M	C	P
0	0.00919	0.08649	0.15002	0.00697	0.01065	0.00699	0.00655	0.03245	0.00855	0.07002	0.00763	0.00865	0.00607	0.00343	0.00317	0.00083	0.00358	0.00259	0.00242	0.57376
1	0.01040	0.00942	0.01073	0.00898	0.01044	0.13443	0.05541	0.16646	0.03166	0.06694	0.06292	0.01203	0.03024	0.00633	0.03219	0.00147	0.31244	0.03017	0.00263	0.00472
2	0.00651	0.00546	0.00661	0.00641	0.00731	0.06638	0.00495	0.03485	0.05668	0.00960	0.01008	0.01427	0.00922	0.05287	0.68492	0.00514	0.00898	0.00395	0.00218	0.00364
3	0.00727	0.00612	0.01002	0.42946	0.16718	0.00704	0.00835	0.00856	0.00690	0.00919	0.00701	0.01116	0.00612	0.06603	0.00755	0.20517	0.02790	0.00346	0.00173	0.00377
4	0.00916	0.00857	0.01374	0.24774	0.51876	0.03614	0.02872	0.02878	0.02513	0.03657	0.00736	0.00961	0.00586	0.00356	0.00373	0.00115	0.00465	0.00337	0.00197	0.00541
5	0.00709	0.00667	0.01125	0.85913	0.02584	0.00834	0.01042	0.00959	0.00750	0.00959	0.00667	0.01000	0.00500	0.00375	0.00375	0.00125	0.00500	0.00333	0.00167	0.00417
6	0.01022	0.83006	0.01923	0.00657	0.00972	0.05451	0.00646	0.01141	0.00777	0.00884	0.00524	0.00605	0.00482	0.00324	0.00245	0.00081	0.00414	0.00203	0.00162	0.00479
7	0.01138	0.01131	0.13868	0.05726	0.01178	0.20179	0.00794	0.02852	0.00881	0.21649	0.00883	0.04203	0.00699	0.02424	0.01720	0.00136	0.19446	0.00347	0.00257	0.00490
8	0.01683	0.00638	0.00871	0.00668	0.00958	0.00551	0.00551	0.01828	0.01074	0.84734	0.01480	0.01277	0.00929	0.00464	0.00377	0.00116	0.00319	0.00377	0.00464	0.00638
9	0.00870	0.00972	0.02024	0.04601	0.01846	0.00973	0.68504	0.01151	0.00837	0.01151	0.00718	0.00985	0.00556	0.00366	0.00551	0.00132	0.12666	0.00423	0.00185	0.00489
10	0.00894	0.00981	0.04648	0.22813	0.30970	0.07792	0.24149	0.01147	0.00852	0.01126	0.00700	0.00944	0.00550	0.00344	0.00389	0.00118	0.00535	0.00355	0.00182	0.00511
11	0.00931	0.00811	0.01108	0.01359	0.34522	0.04011	0.03052	0.03504	0.25033	0.06094	0.05411	0.04475	0.07042	0.00494	0.00388	0.00119	0.00368	0.00439	0.00293	0.00547
12	0.00451	0.00380	0.00390	0.00388	0.00511	0.00320	0.00291	0.00553	0.00873	0.01055	0.10571	0.03543	0.77526	0.00935	0.00443	0.00126	0.00189	0.00782	0.00354	0.00320
13	0.01444	0.00981	0.01089	0.03168	0.01173	0.01066	0.00699	0.69167	0.01636	0.14268	0.00978	0.00958	0.00676	0.00450	0.00376	0.00113	0.00402	0.00343	0.00382	0.00632
14	0.08056	0.13691	0.06766	0.04763	0.05161	0.10438	0.00735	0.25240	0.04110	0.14337	0.00847	0.00882	0.00620	0.00410	0.00359	0.00109	0.02336	0.00301	0.00288	0.00550
15	0.00930	0.00797	0.00887	0.00786	0.00994	0.00916	0.03047	0.01898	0.75282	0.03103	0.01489	0.03602	0.01141	0.00524	0.00410	0.00129	0.02677	0.00438	0.00371	0.00579
