[name]
unknown

[dist]
# distance from previous block
# <min> <max>
2	565

[block]
# block no. 0 follows, 57 sequences, length 22
# corresponding to MSA columns:
# 593-614
name=unknown_A
#
# <colnr> <probs for GDERKNQSTAVLIFYWHMCP>
#	G	D	E	R	K	N	Q	S	T	A	V	L	I	F	Y	W	H	M	C	P
0	0.03872	0.19308	0.14909	0.01047	0.07845	0.03408	0.00899	0.10828	0.03254	0.09468	0.01083	0.05221	0.00934	0.08112	0.05880	0.00198	0.02411	0.00428	0.00296	0.00598
1	0.05182	0.18670	0.16161	0.00981	0.03967	0.03903	0.00900	0.19845	0.03296	0.05935	0.02109	0.03115	0.00876	0.05204	0.04702	0.03300	0.00542	0.00397	0.00304	0.00608
2	0.11950	0.08594	0.21109	0.04627	0.01419	0.06789	0.02272	0.14003	0.08135	0.03296	0.02982	0.06632	0.03833	0.00614	0.01715	0.00149	0.00518	0.00447	0.00311	0.00604
3	0.06974	0.18023	0.17038	0.02752	0.01307	0.04889	0.00884	0.11154	0.05013	0.10101	0.01173	0.07975	0.02256	0.00605	0.00461	0.03257	0.00483	0.01680	0.00315	0.03662
4	0.01170	0.24424	0.22951	0.01005	0.01410	0.03800	0.03831	0.09129	0.07795	0.06472	0.03771	0.01224	0.03692	0.00549	0.01526	0.00139	0.04292	0.00387	0.00287	0.02148
5	0.01017	0.21357	0.14652	0.03443	0.03542	0.03771	0.06480	0.04182	0.03811	0.04149	0.04343	0.11370	0.05815	0.00728	0.02183	0.04398	0.00497	0.00517	0.00287	0.03457
6	0.06088	0.24840	0.18991	0.01041	0.02590	0.05749	0.07834	0.04746	0.04375	0.02633	0.03135	0.04634	0.00860	0.00544	0.01809	0.00138	0.03434	0.00388	0.00256	0.05912
7	0.08029	0.41941	0.12314	0.02029	0.01255	0.07467	0.00860	0.01419	0.00998	0.08418	0.03750	0.01311	0.00925	0.00511	0.00371	0.00124	0.00501	0.06933	0.00266	0.00578
8	0.00899	0.05988	0.19718	0.00906	0.01191	0.06843	0.04207	0.02922	0.01044	0.04179	0.08514	0.11194	0.11370	0.03868	0.03512	0.00186	0.00498	0.12122	0.00332	0.00508
9	0.06691	0.15712	0.01317	0.04888	0.02360	0.01034	0.03651	0.12581	0.05778	0.07970	0.02490	0.01513	0.03775	0.00539	0.00424	0.00123	0.01757	0.06417	0.00331	0.20650
10	0.00605	0.00451	0.00619	0.00661	0.00719	0.00472	0.00478	0.00721	0.00827	0.01131	0.04859	0.38269	0.07638	0.05459	0.32783	0.00405	0.02286	0.00890	0.00343	0.00384
11	0.10858	0.00791	0.03632	0.08113	0.01196	0.03082	0.00717	0.08015	0.02629	0.13436	0.01229	0.01622	0.01023	0.01781	0.35600	0.00397	0.00789	0.04241	0.00320	0.00529
12	0.01137	0.07450	0.36565	0.04084	0.05535	0.03980	0.01203	0.05978	0.21265	0.06667	0.01137	0.01184	0.00834	0.00490	0.00432	0.00141	0.00547	0.00389	0.00301	0.00679
13	0.01149	0.01055	0.04353	0.17528	0.12023	0.01097	0.12724	0.11040	0.25552	0.04540	0.01260	0.01444	0.00963	0.00522	0.00471	0.00149	0.00521	0.02614	0.00337	0.00658
14	0.01036	0.00621	0.00714	0.00639	0.00853	0.00577	0.00496	0.01350	0.13759	0.23029	0.03244	0.08925	0.41103	0.00924	0.00505	0.00152	0.00295	0.00774	0.00465	0.00540
15	0.00618	0.00498	0.02401	0.00586	0.00698	0.00433	0.00447	0.00790	0.02673	0.01399	0.22754	0.25438	0.26534	0.02644	0.00571	0.00165	0.00263	0.06026	0.04659	0.00406
16	0.01152	0.01127	0.04178	0.16048	0.19341	0.06522	0.12867	0.11551	0.10071	0.02969	0.02268	0.05345	0.00931	0.00529	0.00500	0.00146	0.03054	0.00477	0.00295	0.00628
17	0.00948	0.13007	0.71409	0.01224	0.01857	0.01149	0.01557	0.01425	0.00952	0.01387	0.00789	0.00927	0.00575	0.00425	0.00412	0.00137	0.00646	0.00323	0.00192	0.00658
18	0.00536	0.00456	0.00462	0.00468	0.00614	0.00382	0.00348	0.00649	0.01025	0.01221	0.04486	0.08322	0.77171	0.01161	0.00538	0.00155	0.00231	0.00973	0.00421	0.00382
19	0.03878	0.00924	0.01540	0.18749	0.13262	0.00939	0.17162	0.04903	0.01128	0.22986	0.05256	0.01437	0.02581	0.00510	0.00497	0.00146	0.02658	0.00472	0.00340	0.00633
20	0.01175	0.18057	0.11451	0.13177	0.14775	0.07439	0.09735	0.06376	0.03119	0.04909	0.00903	0.02912	0.00729	0.00468	0.00455	0.00135	0.02920	0.00394	0.00251	0.00619
21	0.71085	0.01038	0.08376	0.00697	0.01022	0.01036	0.00632	0.06551	0.00893	0.04251	0.00711	0.00803	0.00535	0.00434	0.00311	0.00140	0.00391	0.00270	0.00291	0.00534

[dist]
# distance from previous block
# <min> <max>
0	1

[block]
# block no. 1 follows, 57 sequences, length 42
# corresponding to MSA columns:
# 616-657
name=unknown_B
#
# <colnr> <probs for GDERKNQSTAVLIFYWHMCP>
#	G	D	E	R	K	N	Q	S	T	A	V	L	I	F	Y	W	H	M	C	P
0	0.01158	0.00973	0.03409	0.07697	0.01369	0.02935	0.05626	0.15003	0.31143	0.06394	0.06813	0.08312	0.03459	0.01870	0.00502	0.00154	0.00428	0.00569	0.01555	0.00633
1	0.00647	0.00485	0.00728	0.00728	0.00809	0.00566	0.00566	0.00809	0.00728	0.01052	0.01214	0.01780	0.01133	0.03398	0.82279	0.00728	0.01214	0.00485	0.00243	0.00405
2	0.00898	0.00888	0.05719	0.00931	0.01208	0.00813	0.13392	0.02985	0.24757	0.01651	0.18803	0.02319	0.15439	0.00700	0.00489	0.00143	0.00390	0.00626	0.00394	0.07454
3	0.00845	0.00422	0.00422	0.00422	0.00528	0.00422	0.00317	0.01056	0.00950	0.01689	0.01478	0.01689	0.01161	0.00528	0.00317	0.00106	0.00211	0.00422	0.86591	0.00422
4	0.00630	0.00450	0.00615	0.00719	0.00780	0.00435	0.00555	0.00765	0.00944	0.01243	0.02455	0.49578	0.02828	0.01347	0.00599	0.00195	0.00330	0.34725	0.00419	0.00389
5	0.00575	0.00461	0.00514	0.00500	0.00636	0.00399	0.00375	0.00727	0.01126	0.01445	0.33054	0.03997	0.52463	0.01065	0.00535	0.00149	0.00224	0.00905	0.00450	0.00399
6	0.00845	0.00422	0.00422	0.00422	0.00528	0.00422	0.00317	0.01056	0.00950	0.01689	0.01478	0.01689	0.01161	0.00528	0.00317	0.00106	0.00211	0.00422	0.86591	0.00422
7	0.01074	0.00927	0.00974	0.00881	0.01127	0.01060	0.00684	0.02250	0.73303	0.01835	0.02091	0.01930	0.08536	0.00663	0.00468	0.00154	0.00347	0.00552	0.00457	0.00687
8	0.17135	0.04697	0.00776	0.00641	0.00825	0.05367	0.00509	0.07865	0.01177	0.01820	0.33693	0.02232	0.04570	0.00701	0.00430	0.00134	0.00318	0.02870	0.13759	0.00480
9	0.00960	0.04653	0.70923	0.01246	0.01860	0.01091	0.01558	0.05887	0.01011	0.01488	0.00828	0.00978	0.00599	0.00515	0.02390	0.00157	0.02646	0.00341	0.00208	0.00662
10	0.00615	0.00477	0.00574	0.00618	0.00739	0.00435	0.00497	0.00768	0.01039	0.01307	0.08807	0.11389	0.40545	0.01194	0.00572	0.00175	0.00300	0.29128	0.00425	0.00397
11	0.07080	0.65512	0.02061	0.00795	0.01158	0.03245	0.00755	0.04119	0.09291	0.01280	0.00774	0.00842	0.00666	0.00421	0.00316	0.00108	0.00469	0.00277	0.00237	0.00595
12	0.02385	0.00872	0.03945	0.05622	0.03914	0.02180	0.05363	0.12343	0.01062	0.06908	0.01071	0.01435	0.00911	0.09101	0.20763	0.00300	0.02650	0.00425	0.00296	0.18454
13	0.04150	0.09239	0.09158	0.03973	0.08911	0.01169	0.00901	0.13227	0.30975	0.04232	0.01274	0.01352	0.00986	0.03327	0.02620	0.00167	0.02892	0.00429	0.00354	0.00665
14	0.04218	0.00967	0.05660	0.00766	0.01024	0.03644	0.00651	0.34275	0.01453	0.02158	0.01219	0.01330	0.00920	0.00523	0.00383	0.00122	0.00385	0.00401	0.39311	0.00590
15	0.01103	0.01061	0.03706	0.16973	0.36023	0.02239	0.10195	0.03747	0.04868	0.04391	0.00918	0.01164	0.00726	0.00454	0.00522	0.00142	0.06036	0.00415	0.00251	0.05065
16	0.00651	0.00484	0.00603	0.00648	0.00751	0.00457	0.00519	0.00804	0.01016	0.01308	0.12168	0.05965	0.25382	0.11712	0.00802	0.00214	0.00339	0.35381	0.00410	0.00389
17	0.00723	0.00433	0.00638	0.00638	0.00670	0.00465	0.00453	0.00682	0.00650	0.00898	0.01001	0.01650	0.00985	0.08182	0.33575	0.46684	0.00720	0.00449	0.00220	0.00284
18	0.03679	0.01002	0.01146	0.00896	0.01237	0.02130	0.00733	0.32183	0.09876	0.34397	0.01427	0.01327	0.00970	0.00544	0.00442	0.00135	0.00426	0.00426	0.02081	0.04942
19	0.00845	0.00422	0.00422	0.00422	0.00528	0.00422	0.00317	0.01056	0.00950	0.01689	0.01478	0.01689	0.01161	0.00528	0.00317	0.00106	0.00211	0.00422	0.86591	0.00422
20	0.06317	0.18904	0.05232	0.04435	0.09261	0.02829	0.06575	0.13806	0.03790	0.01588	0.00939	0.01083	0.03017	0.00483	0.00497	0.00127	0.08350	0.00366	0.00273	0.12128
21	0.02210	0.11919	0.15189	0.02698	0.13086	0.08457	0.04032	0.08276	0.05605	0.03893	0.02454	0.02656	0.00824	0.02332	0.00641	0.00150	0.14296	0.00401	0.00266	0.00612
22	0.00845	0.00422	0.00422	0.00422	0.00528	0.00422	0.00317	0.01056	0.00950	0.01689	0.01478	0.01689	0.01161	0.00528	0.00317	0.00106	0.00211	0.00422	0.86591	0.00422
23	0.00696	0.00521	0.00725	0.00707	0.00773	0.00602	0.00532	0.02493	0.00746	0.01068	0.01225	0.01967	0.01203	0.20051	0.57678	0.00614	0.05727	0.00514	0.01769	0.00391
24	0.00856	0.00805	0.01359	0.82986	0.03121	0.01007	0.01258	0.01158	0.00906	0.01158	0.00805	0.01208	0.00604	0.00453	0.00453	0.00151	0.00604	0.00403	0.00201	0.00503
25	0.00713	0.00488	0.00629	0.00584	0.00707	0.00451	0.00441	0.00942	0.02800	0.05593	0.72767	0.03302	0.07027	0.00911	0.00529	0.00143	0.00225	0.00802	0.00498	0.00448
26	0.00653	0.00461	0.00605	0.00605	0.00644	0.00500	0.00413	0.00730	0.00692	0.00961	0.01326	0.02402	0.01403	0.45737	0.40310	0.00577	0.00807	0.00577	0.00259	0.00336
27	0.01171	0.68988	0.02193	0.00852	0.01168	0.01718	0.00815	0.01308	0.00879	0.01071	0.00623	0.00776	0.00584	0.00462	0.00511	0.00116	0.15734	0.00271	0.00195	0.00566
28	0.00627	0.00475	0.00689	0.00706	0.00785	0.00494	0.02704	0.00768	0.00852	0.01167	0.06466	0.28665	0.06727	0.04325	0.36592	0.00427	0.00706	0.06090	0.00337	0.00396
29	0.02718	0.33537	0.26277	0.01013	0.01466	0.08907	0.01066	0.14969	0.01182	0.03831	0.00805	0.00891	0.00626	0.00441	0.00377	0.00122	0.00569	0.00310	0.00254	0.00640
30	0.00845	0.00422	0.00422	0.00422	0.00528	0.00422	0.00317	0.01056	0.00950	0.01689	0.01478	0.01689	0.01161	0.00528	0.00317	0.00106	0.00211	0.00422	0.86591	0.00422
31	0.00544	0.00459	0.00471	0.00468	0.00617	0.00386	0.00351	0.00667	0.01054	0.01273	0.10927	0.04280	0.74697	0.01129	0.00535	0.00152	0.00228	0.00945	0.00427	0.00386
32	0.01047	0.03839	0.04484	0.35105	0.22559	0.01103	0.14112	0.08268	0.01078	0.01449	0.00881	0.01216	0.00692	0.00447	0.00462	0.00145	0.00599	0.01671	0.00237	0.00606
33	0.01157	0.23908	0.34546	0.03840	0.08436	0.04183	0.03247	0.12876	0.01138	0.01528	0.00806	0.00938	0.00621	0.00434	0.00401	0.00129	0.00590	0.00332	0.00236	0.00653
34	0.00787	0.00394	0.00590	0.00590	0.00590	0.00394	0.00394	0.00590	0.00590	0.00787	0.00787	0.01377	0.00787	0.01574	0.01771	0.86816	0.00394	0.00394	0.00197	0.00197
35	0.01988	0.00843	0.01096	0.00840	0.01192	0.00772	0.00694	0.13363	0.01417	0.70239	0.01687	0.01477	0.01071	0.00558	0.00455	0.00140	0.00402	0.00449	0.00545	0.00771
36	0.00818	0.00774	0.05827	0.01243	0.21041	0.00677	0.03424	0.01077	0.06022	0.03772	0.08096	0.28501	0.15065	0.00912	0.00514	0.00157	0.00374	0.00820	0.00364	0.00523
37	0.01079	0.01066	0.01721	0.22997	0.51331	0.05004	0.05790	0.01377	0.02677	0.01387	0.00857	0.01146	0.00695	0.00423	0.00453	0.00139	0.00578	0.00408	0.00224	0.00648
38	0.42465	0.01016	0.00972	0.00799	0.01102	0.01137	0.00653	0.35371	0.01384	0.04856	0.00973	0.05662	0.00776	0.00536	0.00378	0.00141	0.00411	0.00382	0.00372	0.00614
39	0.01433	0.01099	0.01220	0.01066	0.05845	0.01216	0.00811	0.42567	0.28471	0.04570	0.03825	0.01459	0.03148	0.00587	0.00460	0.00143	0.00435	0.00471	0.00446	0.00729
40	0.03977	0.02655	0.09034	0.01230	0.06992	0.03716	0.07650	0.44928	0.06183	0.06319	0.01071	0.01121	0.00775	0.00510	0.00464	0.00139	0.01729	0.00409	0.00380	0.00718
41	0.01106	0.01003	0.01372	0.07311	0.33184	0.01099	0.01023	0.01917	0.43351	0.01680	0.01378	0.01431	0.01065	0.00520	0.00456	0.00146	0.00447	0.00462	0.00349	0.00703

[dist]
# distance from previous block
# <min> <max>
2	12

[block]
# block no. 2 follows, 57 sequences, length 17
# corresponding to MSA columns:
# 670-686
name=unknown_C
#
# <colnr> <probs for GDERKNQSTAVLIFYWHMCP>
#	G	D	E	R	K	N	Q	S	T	A	V	L	I	F	Y	W	H	M	C	P
0	0.16334	0.01100	0.01495	0.19055	0.33085	0.08673	0.05624	0.04727	0.01024	0.01522	0.00796	0.01044	0.00639	0.00438	0.00447	0.00140	0.02639	0.00373	0.00240	0.00605
1	0.01204	0.01183	0.06450	0.00960	0.03131	0.12374	0.00774	0.19861	0.22720	0.01834	0.06106	0.06437	0.08746	0.00658	0.00460	0.00139	0.00454	0.00533	0.00388	0.05588
2	0.00787	0.00394	0.00590	0.00590	0.00590	0.00394	0.00394	0.00590	0.00590	0.00787	0.00787	0.01377	0.00787	0.01574	0.01771	0.86816	0.00394	0.00394	0.00197	0.00197
3	0.01058	0.00959	0.01620	0.33686	0.47659	0.01032	0.01309	0.01335	0.00994	0.04760	0.00874	0.01173	0.00691	0.00429	0.00451	0.00141	0.00557	0.00406	0.00230	0.00637
4	0.00845	0.00422	0.00422	0.00422	0.00528	0.00422	0.00317	0.01056	0.00950	0.01689	0.01478	0.01689	0.01161	0.00528	0.00317	0.00106	0.00211	0.00422	0.86591	0.00422
5	0.00940	0.00805	0.00940	0.00671	0.01074	0.00604	0.00537	0.01141	0.00940	0.01477	0.00805	0.00940	0.00671	0.00336	0.00336	0.00067	0.00336	0.00268	0.00268	0.86845
6	0.06635	0.01566	0.01199	0.01020	0.01296	0.40966	0.00795	0.21177	0.01434	0.14014	0.00965	0.01019	0.00718	0.00551	0.00484	0.04245	0.00624	0.00348	0.00340	0.00607
7	0.00845	0.00422	0.00422	0.00422	0.00528	0.00422	0.00317	0.01056	0.00950	0.01689	0.01478	0.01689	0.01161	0.00528	0.00317	0.00106	0.00211	0.00422	0.86591	0.00422
8	0.01142	0.01248	0.01104	0.01000	0.01162	0.33373	0.05261	0.03547	0.01023	0.01160	0.01049	0.04623	0.00989	0.05086	0.28044	0.00349	0.05953	0.03157	0.00256	0.00475
9	0.10067	0.02324	0.01095	0.02351	0.05378	0.02672	0.00759	0.10118	0.05544	0.03182	0.04324	0.02773	0.04135	0.08907	0.08139	0.00239	0.26704	0.00471	0.00296	0.00521
10	0.04182	0.01155	0.16401	0.01053	0.07671	0.00939	0.00893	0.15019	0.15216	0.10298	0.12524	0.03021	0.03923	0.02378	0.00496	0.00148	0.00434	0.00502	0.00387	0.03362
11	0.02795	0.01133	0.01266	0.07057	0.08499	0.12044	0.00903	0.17040	0.08060	0.01570	0.01067	0.01305	0.03908	0.03653	0.04314	0.00190	0.23896	0.00428	0.00294	0.00578
12	0.01145	0.01199	0.06105	0.14847	0.29198	0.13086	0.03874	0.04095	0.01037	0.04292	0.00905	0.02518	0.00759	0.02348	0.05678	0.00185	0.07472	0.00414	0.00244	0.00600
13	0.01172	0.08708	0.05746	0.08425	0.41036	0.01118	0.05627	0.07111	0.05909	0.06199	0.02543	0.01245	0.02222	0.00461	0.00443	0.00136	0.00524	0.00420	0.00277	0.00675
14	0.00632	0.00519	0.00683	0.00632	0.00774	0.00473	0.05417	0.00838	0.04029	0.01471	0.31961	0.14431	0.34375	0.01035	0.00538	0.00153	0.00267	0.00908	0.00439	0.00424
15	0.00950	0.00828	0.01055	0.00981	0.12894	0.00664	0.00658	0.01156	0.00950	0.01463	0.00885	0.04520	0.00778	0.00392	0.00363	0.00082	0.00362	0.00332	0.00268	0.70418
16	0.01043	0.00860	0.01237	0.07638	0.19747	0.02794	0.06784	0.08069	0.04621	0.06188	0.02627	0.13172	0.01277	0.12939	0.00739	0.00184	0.00468	0.00576	0.00318	0.08718

[dist]
# distance from previous block
# <min> <max>
0	2

[block]
# block no. 3 follows, 57 sequences, length 15
# corresponding to MSA columns:
# 689-703
name=unknown_D
#
# <colnr> <probs for GDERKNQSTAVLIFYWHMCP>
#	G	D	E	R	K	N	Q	S	T	A	V	L	I	F	Y	W	H	M	C	P
0	0.00955	0.00967	0.04062	0.44896	0.13552	0.03436	0.09607	0.03122	0.02942	0.01331	0.03113	0.04800	0.00857	0.00494	0.00462	0.00145	0.00576	0.00459	0.00241	0.03984
1	0.00927	0.06356	0.00998	0.00778	0.00948	0.04034	0.01982	0.06331	0.00895	0.03056	0.01066	0.01643	0.01019	0.19758	0.24496	0.00365	0.09147	0.00448	0.00267	0.15485
2	0.01180	0.00972	0.01163	0.08193	0.09978	0.01098	0.00842	0.08883	0.52316	0.05342	0.01560	0.01531	0.01172	0.00653	0.02925	0.00167	0.00438	0.00479	0.00410	0.00696
3	0.00845	0.00422	0.00422	0.00422	0.00528	0.00422	0.00317	0.01056	0.00950	0.01689	0.01478	0.01689	0.01161	0.00528	0.00317	0.00106	0.00211	0.00422	0.86591	0.00422
4	0.00787	0.00394	0.00590	0.00590	0.00590	0.00394	0.00394	0.00590	0.00590	0.00787	0.00787	0.01377	0.00787	0.01574	0.01771	0.86816	0.00394	0.00394	0.00197	0.00197
5	0.00845	0.00422	0.00422	0.00422	0.00528	0.00422	0.00317	0.01056	0.00950	0.01689	0.01478	0.01689	0.01161	0.00528	0.00317	0.00106	0.00211	0.00422	0.86591	0.00422
6	0.67836	0.00929	0.00912	0.01021	0.15885	0.01043	0.00673	0.04434	0.00873	0.01962	0.00690	0.00822	0.00544	0.00422	0.00319	0.00139	0.00391	0.00281	0.00277	0.00544
7	0.01106	0.01108	0.03890	0.04936	0.73186	0.01077	0.05239	0.01388	0.01028	0.01469	0.00853	0.01125	0.00709	0.00405	0.00453	0.00136	0.00555	0.00408	0.00223	0.00705
8	0.00920	0.00818	0.01092	0.00958	0.04281	0.04710	0.11940	0.07352	0.13221	0.01750	0.36634	0.02523	0.10390	0.00750	0.00508	0.00145	0.00381	0.00672	0.00419	0.00536
9	0.00810	0.00732	0.05140	0.00817	0.05783	0.02431	0.00614	0.03638	0.11144	0.03419	0.30160	0.10498	0.18205	0.00900	0.00515	0.00151	0.00319	0.03793	0.00429	0.00501
10	0.01527	0.03755	0.02940	0.01185	0.02847	0.63333	0.00910	0.01654	0.01164	0.01117	0.00699	0.00871	0.00599	0.00575	0.02325	0.00143	0.13290	0.00314	0.00226	0.00526
11	0.00925	0.00799	0.00975	0.00709	0.01095	0.00610	0.03043	0.01126	0.00940	0.01460	0.00892	0.04995	0.00785	0.00390	0.00354	0.00076	0.00346	0.00327	0.00275	0.79882
12	0.01102	0.27211	0.27628	0.02948	0.01601	0.01246	0.10085	0.03642	0.06172	0.04396	0.00879	0.00993	0.00678	0.00423	0.00394	0.00123	0.00552	0.00342	0.00243	0.09341
13	0.01089	0.00927	0.01226	0.01094	0.10357	0.04353	0.08099	0.05991	0.03030	0.06633	0.07573	0.03083	0.01092	0.02284	0.00496	0.00118	0.03559	0.00417	0.00312	0.38270
14	0.01694	0.02111	0.01288	0.01161	0.01401	0.77883	0.00875	0.06025	0.01330	0.01203	0.00721	0.00832	0.00594	0.00471	0.00411	0.00118	0.00800	0.00298	0.00245	0.00539

[dist]
# distance from previous block
# <min> <max>
0	1

[block]
# block no. 4 follows, 57 sequences, length 14
# corresponding to MSA columns:
# 705-718
name=unknown_E
#
# <colnr> <probs for GDERKNQSTAVLIFYWHMCP>
#	G	D	E	R	K	N	Q	S	T	A	V	L	I	F	Y	W	H	M	C	P
0	0.01006	0.02178	0.08477	0.00845	0.02944	0.02529	0.02840	0.07725	0.02809	0.05756	0.07115	0.06652	0.06294	0.00689	0.04156	0.00140	0.00432	0.00470	0.00327	0.36614
1	0.00591	0.00427	0.00531	0.00601	0.00639	0.00408	0.00396	0.00696	0.03442	0.01130	0.02417	0.59182	0.08402	0.17826	0.00915	0.00232	0.00299	0.01113	0.00393	0.00362
2	0.01166	0.13804	0.07717	0.00937	0.01191	0.20393	0.00820	0.04259	0.04217	0.04883	0.05343	0.01798	0.02740	0.00909	0.08366	0.00196	0.06008	0.11179	0.00299	0.03775
3	0.00940	0.00805	0.00940	0.00671	0.01074	0.00604	0.00537	0.01141	0.00940	0.01477	0.00805	0.00940	0.00671	0.00336	0.00336	0.00067	0.00336	0.00268	0.00268	0.86845
4	0.08193	0.01300	0.01047	0.00945	0.01061	0.33391	0.00711	0.01281	0.00926	0.01117	0.00864	0.01432	0.00865	0.23052	0.01179	0.00226	0.21307	0.00413	0.00240	0.00448
5	0.01723	0.01269	0.01360	0.01043	0.01405	0.01405	0.00861	0.79738	0.02131	0.02856	0.01088	0.01088	0.00771	0.00544	0.00453	0.00136	0.00499	0.00408	0.00453	0.00771
6	0.00845	0.00422	0.00422	0.00422	0.00528	0.00422	0.00317	0.01056	0.00950	0.01689	0.01478	0.01689	0.01161	0.00528	0.00317	0.00106	0.00211	0.00422	0.86591	0.00422
7	0.80225	0.00909	0.00723	0.00633	0.00920	0.01049	0.00521	0.07794	0.00883	0.02101	0.00669	0.00765	0.00514	0.00431	0.00295	0.00140	0.00363	0.00259	0.00295	0.00514
8	0.01267	0.01520	0.02233	0.01674	0.02061	0.26899	0.54606	0.01565	0.01138	0.01343	0.00848	0.01094	0.00655	0.00409	0.00495	0.00141	0.00781	0.00458	0.00231	0.00584
9	0.01143	0.00950	0.01019	0.00896	0.01155	0.01062	0.00698	0.12458	0.57663	0.01930	0.01734	0.08897	0.01399	0.00659	0.00462	0.00148	0.00367	0.00552	0.00444	0.06366
10	0.00845	0.00422	0.00422	0.00422	0.00528	0.00422	0.00317	0.01056	0.00950	0.01689	0.01478	0.01689	0.01161	0.00528	0.00317	0.00106	0.00211	0.00422	0.86591	0.00422
11	0.17450	0.15161	0.01336	0.00969	0.01250	0.43227	0.00774	0.06885	0.03558	0.04431	0.00777	0.00859	0.00623	0.00459	0.00372	0.00121	0.00625	0.00296	0.00269	0.00559
12	0.01376	0.00811	0.04370	0.00941	0.05952	0.00767	0.00730	0.03362	0.04750	0.36743	0.04717	0.01744	0.04344	0.06384	0.12468	0.00251	0.08766	0.00495	0.00410	0.00620
13	0.01143	0.02939	0.04453	0.03204	0.30989	0.05195	0.03129	0.08353	0.01102	0.03309	0.00867	0.01051	0.00703	0.00457	0.01761	0.00123	0.01788	0.00354	0.00265	0.28817

[dist]
# distance from previous block
# <min> <max>
1	5

[block]
# block no. 5 follows, 57 sequences, length 15
# corresponding to MSA columns:
# 724-738
name=unknown_F
#
# <colnr> <probs for GDERKNQSTAVLIFYWHMCP>
#	G	D	E	R	K	N	Q	S	T	A	V	L	I	F	Y	W	H	M	C	P
0	0.00861	0.00461	0.00506	0.00562	0.05310	0.00461	0.00380	0.01076	0.00955	0.01677	0.01441	0.01656	0.01135	0.00521	0.00325	0.00107	0.00231	0.00421	0.81475	0.00440
1	0.00772	0.00760	0.06736	0.02236	0.05951	0.00628	0.02862	0.04780	0.01131	0.01539	0.25321	0.02844	0.27392	0.00820	0.00525	0.00140	0.02874	0.01978	0.00383	0.10329
2	0.00991	0.00991	0.01388	0.01190	0.01190	0.01388	0.00991	0.01091	0.00694	0.01091	0.00595	0.00991	0.00595	0.00793	0.01487	0.00198	0.83246	0.00397	0.00198	0.00496
3	0.51887	0.03633	0.04093	0.05332	0.08827	0.07936	0.00730	0.07084	0.00976	0.01855	0.03522	0.00932	0.00685	0.00451	0.00344	0.00137	0.00444	0.00308	0.00281	0.00544
4	0.00845	0.00422	0.00422	0.00422	0.00528	0.00422	0.00317	0.01056	0.00950	0.01689	0.01478	0.01689	0.01161	0.00528	0.00317	0.00106	0.00211	0.00422	0.86591	0.00422
5	0.01440	0.01069	0.01226	0.01019	0.03510	0.02690	0.03526	0.48406	0.05307	0.06842	0.01365	0.14963	0.01178	0.00674	0.00471	0.00142	0.00455	0.00558	0.00427	0.04730
6	0.01153	0.01091	0.01294	0.02930	0.26391	0.14137	0.03018	0.14350	0.01199	0.01543	0.04003	0.15857	0.01297	0.07103	0.00638	0.00167	0.02361	0.00580	0.00311	0.00578
7	0.03981	0.00814	0.04643	0.00785	0.01042	0.00743	0.04596	0.05990	0.17064	0.07466	0.08787	0.04709	0.18536	0.04936	0.00567	0.00157	0.00365	0.03858	0.00397	0.10564
8	0.00845	0.00422	0.00422	0.00422	0.00528	0.00422	0.00317	0.01056	0.00950	0.01689	0.01478	0.01689	0.01161	0.00528	0.00317	0.00106	0.00211	0.00422	0.86591	0.00422
9	0.00991	0.00991	0.01388	0.01190	0.01190	0.01388	0.00991	0.01091	0.00694	0.01091	0.00595	0.00991	0.00595	0.00793	0.01487	0.00198	0.83246	0.00397	0.00198	0.00496
10	0.00736	0.00593	0.00721	0.00644	0.00854	0.00481	0.00474	0.00875	0.00907	0.01312	0.01761	0.41595	0.04517	0.00893	0.00461	0.00127	0.00296	0.00791	0.00348	0.41613
11	0.87276	0.00876	0.00666	0.00596	0.00876	0.01017	0.00491	0.01332	0.00771	0.02033	0.00631	0.00736	0.00491	0.00421	0.00280	0.00140	0.00351	0.00245	0.00280	0.00491
12	0.01024	0.00871	0.01124	0.00982	0.10386	0.00727	0.02968	0.04230	0.01003	0.03611	0.00845	0.00992	0.00691	0.00370	0.00391	0.00085	0.02470	0.00305	0.00275	0.66650
13	0.00991	0.00991	0.01388	0.01190	0.01190	0.01388	0.00991	0.01091	0.00694	0.01091	0.00595	0.00991	0.00595	0.00793	0.01487	0.00198	0.83246	0.00397	0.00198	0.00496
14	0.03467	0.00906	0.03253	0.00766	0.01116	0.05488	0.02730	0.03976	0.01049	0.07516	0.03010	0.01548	0.06535	0.00503	0.00397	0.00101	0.00390	0.05396	0.00317	0.51537

[dist]
# distance from previous block
# <min> <max>
0	1

[block]
# block no. 6 follows, 57 sequences, length 6
# corresponding to MSA columns:
# 740-745
name=unknown_G
#
# <colnr> <probs for GDERKNQSTAVLIFYWHMCP>
#	G	D	E	R	K	N	Q	S	T	A	V	L	I	F	Y	W	H	M	C	P
0	0.00982	0.05114	0.28422	0.04428	0.11422	0.00967	0.06828	0.03331	0.09612	0.03603	0.11012	0.01549	0.04905	0.00538	0.00452	0.00138	0.00509	0.00465	0.00296	0.05425
1	0.00845	0.00422	0.00422	0.00422	0.00528	0.00422	0.00317	0.01056	0.00950	0.01689	0.01478	0.01689	0.01161	0.00528	0.00317	0.00106	0.00211	0.00422	0.86591	0.00422
2	0.14022	0.00878	0.00929	0.00863	0.01057	0.06220	0.02747	0.08423	0.20667	0.01693	0.05203	0.13658	0.01687	0.00822	0.00525	0.00164	0.03771	0.15738	0.00389	0.00543
3	0.01238	0.00748	0.01133	0.30451	0.01815	0.00776	0.04290	0.03964	0.01139	0.28797	0.11443	0.04763	0.06219	0.00626	0.00477	0.00147	0.00449	0.00544	0.00392	0.00587
4	0.00804	0.00654	0.00769	0.04497	0.00989	0.02786	0.00602	0.05369	0.11623	0.01416	0.02258	0.27791	0.11434	0.01118	0.03543	0.00186	0.00386	0.16177	0.00394	0.07206
5	0.30782	0.00647	0.00638	0.00604	0.00787	0.00684	0.00471	0.01109	0.07812	0.01742	0.25775	0.07799	0.15215	0.00804	0.00446	0.00149	0.00287	0.03388	0.00399	0.00463

[dist]
# distance from previous block
# <min> <max>
0	1

[block]
# block no. 7 follows, 57 sequences, length 20
# corresponding to MSA columns:
# 747-766
name=unknown_H
#
# <colnr> <probs for GDERKNQSTAVLIFYWHMCP>
#	G	D	E	R	K	N	Q	S	T	A	V	L	I	F	Y	W	H	M	C	P
0	0.04543	0.09167	0.06693	0.04178	0.10542	0.04856	0.08803	0.09774	0.13183	0.01606	0.04984	0.05611	0.05616	0.00600	0.00484	0.00142	0.03202	0.02203	0.00320	0.03493
1	0.00688	0.00539	0.00659	0.00712	0.03675	0.00522	0.00516	0.02395	0.07996	0.01416	0.15590	0.19900	0.25687	0.03862	0.00607	0.00176	0.00300	0.13898	0.00425	0.00438
2	0.01061	0.05360	0.03603	0.13435	0.44393	0.01085	0.01174	0.04031	0.07031	0.01429	0.00966	0.01330	0.00829	0.05794	0.00620	0.00161	0.05050	0.01763	0.00250	0.00636
3	0.00845	0.00422	0.00422	0.00422	0.00528	0.00422	0.00317	0.01056	0.00950	0.01689	0.01478	0.01689	0.01161	0.00528	0.00317	0.00106	0.00211	0.00422	0.86591	0.00422
4	0.01062	0.04425	0.03735	0.15526	0.19609	0.09934	0.03087	0.03351	0.00972	0.03246	0.01024	0.11380	0.00975	0.03458	0.00714	0.00163	0.16026	0.00505	0.00255	0.00553
5	0.00845	0.00422	0.00422	0.00422	0.00528	0.00422	0.00317	0.01056	0.00950	0.01689	0.01478	0.01689	0.01161	0.00528	0.00317	0.00106	0.00211	0.00422	0.86591	0.00422
6	0.78375	0.00905	0.00768	0.00753	0.06015	0.01036	0.00563	0.04466	0.00842	0.02031	0.00663	0.00775	0.00516	0.00424	0.00298	0.00140	0.00368	0.00262	0.00284	0.00516
7	0.01116	0.01085	0.03698	0.10885	0.58288	0.04920	0.01268	0.02943	0.01048	0.03555	0.00973	0.06385	0.00853	0.00484	0.00455	0.00139	0.00540	0.00454	0.00248	0.00665
8	0.01038	0.02347	0.18770	0.03316	0.05342	0.06281	0.06852	0.04963	0.00949	0.02534	0.03068	0.03991	0.02168	0.02260	0.00896	0.00171	0.32600	0.01651	0.00244	0.00559
9	0.01301	0.02861	0.14150	0.01178	0.07052	0.01182	0.04273	0.28534	0.25344	0.03869	0.01294	0.01367	0.00972	0.00544	0.00454	0.00144	0.00487	0.02273	0.02012	0.00709
10	0.01083	0.01087	0.05554	0.23836	0.40051	0.05337	0.03413	0.03982	0.01029	0.03409	0.00900	0.01250	0.00743	0.05757	0.00568	0.00159	0.00572	0.00415	0.00237	0.00620
11	0.01163	0.21810	0.12427	0.01534	0.08930	0.04253	0.34222	0.07680	0.01108	0.01457	0.00833	0.01032	0.00653	0.00407	0.00443	0.00134	0.00644	0.00407	0.00233	0.00630
12	0.00647	0.00592	0.05764	0.03417	0.00844	0.00488	0.00535	0.00839	0.03131	0.01413	0.28655	0.19018	0.21167	0.01131	0.02765	0.04782	0.00317	0.03669	0.00409	0.00418
13	0.00888	0.00749	0.00966	0.02773	0.01057	0.00694	0.05565	0.04357	0.04252	0.01368	0.03354	0.02987	0.04562	0.19538	0.02667	0.00195	0.05320	0.00466	0.00292	0.37952
14	0.00845	0.00422	0.00422	0.00422	0.00528	0.00422	0.00317	0.01056	0.00950	0.01689	0.01478	0.01689	0.01161	0.00528	0.00317	0.00106	0.00211	0.00422	0.86591	0.00422
15	0.01016	0.00767	0.00866	0.00767	0.00931	0.03725	0.00593	0.22496	0.01274	0.03688	0.14695	0.10320	0.07038	0.09387	0.13889	0.00270	0.03654	0.01688	0.02428	0.00508
16	0.00907	0.04103	0.25338	0.02682	0.02691	0.01973	0.15864	0.07243	0.01086	0.01465	0.03787	0.11955	0.13914	0.00716	0.00494	0.00152	0.00523	0.04245	0.00303	0.00558
17	0.01390	0.00921	0.01068	0.05121	0.01268	0.00995	0.00732	0.16793	0.35217	0.20851	0.05610	0.05318	0.01382	0.00632	0.00467	0.00148	0.00393	0.00524	0.00470	0.00699
18	0.03164	0.03346	0.01299	0.13228	0.22478	0.00933	0.00908	0.07284	0.08109	0.01568	0.01022	0.01183	0.02852	0.00436	0.00405	0.00115	0.00444	0.00373	0.00280	0.30573
19	0.04330	0.00848	0.06123	0.03006	0.17363	0.00816	0.02279	0.06149	0.02133	0.08336	0.05221	0.04805	0.01168	0.01625	0.30941	0.00362	0.03153	0.00489	0.00299	0.00556

[dist]
# distance from previous block
# <min> <max>
1	14

[block]
# block no. 8 follows, 57 sequences, length 21
# corresponding to MSA columns:
# 781-801
name=unknown_I
#
# <colnr> <probs for GDERKNQSTAVLIFYWHMCP>
#	G	D	E	R	K	N	Q	S	T	A	V	L	I	F	Y	W	H	M	C	P
0	0.40771	0.01006	0.01087	0.02223	0.08339	0.05161	0.06567	0.13963	0.02256	0.01897	0.02508	0.04155	0.02210	0.03018	0.00472	0.00152	0.02955	0.00395	0.00308	0.00557
1	0.00718	0.00422	0.00575	0.00577	0.00589	0.00433	0.00377	0.00646	0.00640	0.00864	0.01109	0.03918	0.01186	0.30524	0.13116	0.42774	0.00520	0.00520	0.00235	0.00257
2	0.01237	0.07818	0.01670	0.18376	0.12894	0.07141	0.13665	0.17171	0.02732	0.03851	0.00921	0.01128	0.00710	0.00478	0.00507	0.00140	0.05510	0.00408	0.03022	0.00621
3	0.00845	0.00422	0.00422	0.00422	0.00528	0.00422	0.00317	0.01056	0.00950	0.01689	0.01478	0.01689	0.01161	0.00528	0.00317	0.00106	0.00211	0.00422	0.86591	0.00422
4	0.16068	0.21264	0.17259	0.01147	0.06538	0.08659	0.10291	0.04195	0.01006	0.02633	0.00773	0.00919	0.00614	0.00465	0.01758	0.00135	0.00568	0.00325	0.00237	0.05145
5	0.01123	0.10335	0.29639	0.01259	0.06867	0.07794	0.09506	0.06297	0.05404	0.05371	0.05062	0.05566	0.00997	0.00531	0.00466	0.00140	0.02294	0.00444	0.00278	0.00627
6	0.00895	0.03367	0.14732	0.04523	0.08689	0.02206	0.00825	0.02632	0.01059	0.01525	0.18722	0.01696	0.05921	0.00546	0.00425	0.00114	0.00406	0.00460	0.00308	0.30946
7	0.00845	0.00422	0.00422	0.00422	0.00528	0.00422	0.00317	0.01056	0.00950	0.01689	0.01478	0.01689	0.01161	0.00528	0.00317	0.00106	0.00211	0.00422	0.86591	0.00422
8	0.39975	0.15450	0.10328	0.00862	0.01207	0.15329	0.03606	0.01453	0.02678	0.01597	0.00707	0.00819	0.00565	0.00424	0.00337	0.00127	0.00505	0.00280	0.00249	0.03503
9	0.00859	0.12114	0.08923	0.02598	0.06409	0.00841	0.03081	0.05410	0.07896	0.01419	0.08299	0.32198	0.05022	0.00894	0.00491	0.00154	0.00391	0.02126	0.00356	0.00518
10	0.00815	0.00728	0.02807	0.00835	0.05609	0.03268	0.00598	0.01162	0.14846	0.01406	0.06855	0.26559	0.08254	0.05155	0.00586	0.00163	0.00347	0.04826	0.00376	0.14807
11	0.00597	0.00430	0.00576	0.00653	0.00709	0.00409	0.00474	0.00721	0.00959	0.01289	0.14639	0.53980	0.05070	0.01378	0.03380	0.00199	0.00312	0.13413	0.00426	0.00387
12	0.01046	0.00735	0.00838	0.00641	0.00955	0.00623	0.00511	0.07614	0.01063	0.06698	0.01076	0.01197	0.00843	0.00420	0.00348	0.00088	0.00318	0.00334	0.24151	0.50500
13	0.00976	0.18540	0.00894	0.00544	0.00718	0.05763	0.00450	0.01167	0.00965	0.01520	0.01248	0.01429	0.01001	0.00494	0.00317	0.00104	0.00307	0.00376	0.62724	0.00463
14	0.50803	0.00849	0.07030	0.00669	0.00902	0.00825	0.00571	0.02649	0.00844	0.01726	0.01207	0.21735	0.01233	0.03033	0.00437	0.00161	0.00359	0.02711	0.01785	0.00470
15	0.17179	0.00715	0.00695	0.00736	0.05707	0.07619	0.00509	0.00967	0.01030	0.01496	0.19403	0.13123	0.25706	0.02563	0.00512	0.00154	0.00327	0.00737	0.00380	0.00442
16	0.00991	0.00991	0.01388	0.01190	0.01190	0.01388	0.00991	0.01091	0.00694	0.01091	0.00595	0.00991	0.00595	0.00793	0.01487	0.00198	0.83246	0.00397	0.00198	0.00496
17	0.03868	0.01080	0.05593	0.12868	0.50438	0.01073	0.01241	0.01538	0.14843	0.01526	0.01010	0.01211	0.00804	0.00449	0.00445	0.00141	0.00516	0.00414	0.00263	0.00680
18	0.00856	0.00467	0.00498	0.00482	0.00580	0.00498	0.00370	0.01059	0.00930	0.01642	0.01409	0.01635	0.01117	0.00549	0.00408	0.00113	0.06710	0.00420	0.79829	0.00428
19	0.09868	0.03432	0.06892	0.02906	0.16049	0.04485	0.20616	0.07164	0.05531	0.06543	0.01128	0.01264	0.04410	0.00465	0.00443	0.00136	0.00544	0.00431	0.00291	0.07403
20	0.01015	0.00930	0.01570	0.21088	0.42401	0.00966	0.06819	0.02840	0.01013	0.03442	0.01182	0.05736	0.05205	0.03216	0.00528	0.00153	0.00531	0.00499	0.00255	0.00612

[dist]
# distance from previous block
# <min> <max>
0	1

[block]
# block no. 9 follows, 57 sequences, length 16
# corresponding to MSA columns:
# 804-819
name=unknown_J
#
# <colnr> <probs for GDERKNQSTAVLIFYWHMCP>
#	G	D	E	R	K	N	Q	S	T	A	V	L	I	F	Y	W	H	M	C	P
0	0.16017	0.00993	0.08152	0.02989	0.19268	0.03762	0.02402	0.01320	0.07663	0.03703	0.12303	0.03411	0.09652	0.00599	0.00436	0.00138	0.00419	0.00503	0.00325	0.05945
1	0.00845	0.00422	0.00422	0.00422	0.00528	0.00422	0.00317	0.01056	0.00950	0.01689	0.01478	0.01689	0.01161	0.00528	0.00317	0.00106	0.00211	0.00422	0.86591	0.00422
2	0.00991	0.00991	0.01388	0.01190	0.01190	0.01388	0.00991	0.01091	0.00694	0.01091	0.00595	0.00991	0.00595	0.00793	0.01487	0.00198	0.83246	0.00397	0.00198	0.00496
3	0.06004	0.04967	0.04713	0.04974	0.02789	0.03827	0.00843	0.38902	0.14083	0.07987	0.01217	0.04168	0.00925	0.00557	0.00438	0.00139	0.00472	0.00434	0.00402	0.02158
4	0.87276	0.00876	0.00666	0.00596	0.00876	0.01017	0.00491	0.01332	0.00771	0.02033	0.00631	0.00736	0.00491	0.00421	0.00280	0.00140	0.00351	0.00245	0.00280	0.00491
5	0.00774	0.00590	0.00693	0.02882	0.00833	0.02812	0.00483	0.06031	0.00966	0.02760	0.06564	0.34988	0.05268	0.16216	0.05260	0.00235	0.00394	0.00839	0.00364	0.11049
6	0.00845	0.00422	0.00422	0.00422	0.00528	0.00422	0.00317	0.01056	0.00950	0.01689	0.01478	0.01689	0.01161	0.00528	0.00317	0.00106	0.00211	0.00422	0.86591	0.00422
7	0.82611	0.00895	0.00775	0.00667	0.00957	0.01024	0.04772	0.01338	0.00787	0.02002	0.00646	0.00762	0.00501	0.00419	0.00294	0.00141	0.00373	0.00261	0.00278	0.00497
8	0.02503	0.04848	0.16160	0.04026	0.11706	0.00865	0.05422	0.06543	0.01051	0.02764	0.03772	0.11368	0.04933	0.00581	0.00436	0.00127	0.00459	0.00504	0.00291	0.21642
9	0.00845	0.00422	0.00422	0.00422	0.00528	0.00422	0.00317	0.01056	0.00950	0.01689	0.01478	0.01689	0.01161	0.00528	0.00317	0.00106	0.00211	0.00422	0.86591	0.00422
10	0.01027	0.06669	0.12241	0.03157	0.07623	0.06437	0.12005	0.01322	0.03142	0.01400	0.00941	0.01295	0.00804	0.00460	0.00446	0.00118	0.02837	0.05812	0.00254	0.32010
11	0.01028	0.01669	0.43718	0.04643	0.05894	0.02610	0.04206	0.04811	0.07239	0.06831	0.01328	0.01442	0.08050	0.02454	0.00513	0.00152	0.02062	0.00438	0.00276	0.00637
12	0.00875	0.03760	0.05486	0.03363	0.06489	0.06538	0.00680	0.01265	0.16415	0.01431	0.13611	0.06743	0.15511	0.08762	0.00662	0.00176	0.00395	0.05290	0.00369	0.02179
13	0.00567	0.00447	0.00514	0.00535	0.00647	0.00393	0.00392	0.00697	0.01044	0.01331	0.19269	0.22889	0.44617	0.01171	0.00549	0.00160	0.00241	0.03712	0.00436	0.00389
14	0.01182	0.09075	0.17201	0.03317	0.12550	0.08265	0.04084	0.09167	0.07965	0.06999	0.03640	0.03266	0.05765	0.00561	0.00499	0.00140	0.04941	0.00450	0.00305	0.00629
15	0.14189	0.04016	0.03133	0.00881	0.04407	0.03694	0.00695	0.14490	0.09716	0.14000	0.08853	0.01774	0.07298	0.00776	0.04777	0.00173	0.01784	0.02901	0.01841	0.00601

[dist]
# distance from previous block
# <min> <max>
0	14

[block]
# block no. 10 follows, 57 sequences, length 9
# corresponding to MSA columns:
# 834-842
name=unknown_K
#
# <colnr> <probs for GDERKNQSTAVLIFYWHMCP>
#	G	D	E	R	K	N	Q	S	T	A	V	L	I	F	Y	W	H	M	C	P
0	0.01113	0.01033	0.01560	0.09997	0.46310	0.03666	0.03783	0.08944	0.04130	0.01551	0.01075	0.04734	0.02774	0.02440	0.00497	0.00143	0.00519	0.00459	0.00270	0.05002
1	0.00845	0.00422	0.00422	0.00422	0.00528	0.00422	0.00317	0.01056	0.00950	0.01689	0.01478	0.01689	0.01161	0.00528	0.00317	0.00106	0.00211	0.00422	0.86591	0.00422
2	0.00648	0.00483	0.00713	0.00713	0.00789	0.00558	0.00548	0.00800	0.00724	0.01041	0.01227	0.01855	0.01166	0.08524	0.77198	0.00710	0.01165	0.00497	0.00245	0.00396
3	0.00845	0.00422	0.00422	0.00422	0.00528	0.00422	0.00317	0.01056	0.00950	0.01689	0.01478	0.01689	0.01161	0.00528	0.00317	0.00106	0.00211	0.00422	0.86591	0.00422
4	0.81545	0.00903	0.00712	0.00626	0.00912	0.01043	0.00516	0.06584	0.00862	0.02088	0.00662	0.00760	0.00509	0.00429	0.00292	0.00140	0.00360	0.00256	0.00292	0.00509
5	0.02946	0.06202	0.04580	0.01444	0.22717	0.03571	0.05488	0.19226	0.04983	0.01714	0.01369	0.17648	0.02735	0.00685	0.00472	0.00147	0.00477	0.02645	0.00334	0.00619
6	0.01178	0.07005	0.27225	0.01129	0.01506	0.04810	0.04396	0.11897	0.12083	0.06152	0.01085	0.01184	0.02630	0.00555	0.00621	0.00150	0.15056	0.00402	0.00294	0.00643
7	0.01269	0.06265	0.08117	0.04756	0.13927	0.03271	0.03627	0.26567	0.12885	0.01896	0.03087	0.02799	0.00925	0.00551	0.00541	0.00144	0.07933	0.00434	0.00335	0.00671
8	0.01041	0.09124	0.06021	0.09493	0.35138	0.00972	0.02737	0.03029	0.01019	0.06093	0.01251	0.15220	0.01202	0.00640	0.00467	0.00146	0.00488	0.05024	0.00286	0.00607

[dist]
# distance from previous block
# <min> <max>
0	1

[block]
# block no. 11 follows, 57 sequences, length 11
# corresponding to MSA columns:
# 844-854
name=unknown_L
#
# <colnr> <probs for GDERKNQSTAVLIFYWHMCP>
#	G	D	E	R	K	N	Q	S	T	A	V	L	I	F	Y	W	H	M	C	P
0	0.05515	0.12621	0.08643	0.01321	0.17040	0.08584	0.00971	0.22968	0.06424	0.01795	0.01079	0.05692	0.00927	0.00555	0.00430	0.00136	0.00516	0.03815	0.00318	0.00649
1	0.03093	0.00523	0.00599	0.00642	0.03819	0.00486	0.00464	0.00838	0.04683	0.01358	0.12778	0.07098	0.46953	0.04424	0.00606	0.00170	0.00282	0.10351	0.00414	0.00419
2	0.01081	0.00988	0.04555	0.05234	0.41114	0.02522	0.03230	0.01352	0.03411	0.07411	0.03445	0.04582	0.03016	0.02958	0.02039	0.00156	0.01904	0.02198	0.00285	0.08520
3	0.00845	0.00422	0.00422	0.00422	0.00528	0.00422	0.00317	0.01056	0.00950	0.01689	0.01478	0.01689	0.01161	0.00528	0.00317	0.00106	0.00211	0.00422	0.86591	0.00422
4	0.03013	0.01051	0.01371	0.03253	0.20549	0.04934	0.02265	0.21561	0.01217	0.05304	0.00952	0.01226	0.00790	0.03908	0.09666	0.00224	0.17381	0.00418	0.00299	0.00618
5	0.01116	0.31641	0.23787	0.01263	0.09251	0.06024	0.09902	0.04598	0.01026	0.01331	0.00863	0.05645	0.00750	0.00470	0.00401	0.00127	0.00579	0.00385	0.00226	0.00614
6	0.00783	0.00678	0.01040	0.26090	0.10722	0.00726	0.03064	0.01068	0.05093	0.01463	0.27852	0.10688	0.07400	0.00756	0.00501	0.00150	0.00400	0.00678	0.00354	0.00495
7	0.01115	0.05028	0.04036	0.09383	0.18427	0.03031	0.04885	0.08915	0.03396	0.09402	0.07785	0.06087	0.05472	0.03414	0.00574	0.00157	0.03676	0.04291	0.00335	0.00591
8	0.00802	0.00595	0.00712	0.00603	0.00824	0.00495	0.00458	0.00964	0.01027	0.06147	0.19736	0.09043	0.17411	0.05804	0.03031	0.00157	0.00317	0.00649	0.00379	0.30847
9	0.01023	0.00896	0.03409	0.04468	0.23491	0.00840	0.08386	0.03561	0.05928	0.07250	0.08207	0.04151	0.10328	0.00620	0.00493	0.00139	0.02189	0.03396	0.00331	0.10893
10	0.09623	0.11308	0.08241	0.01407	0.23508	0.04023	0.03554	0.07373	0.03123	0.06555	0.02695	0.08221	0.03708	0.00552	0.00424	0.00134	0.00476	0.00465	0.00299	0.04310

[dist]
# distance from previous block
# <min> <max>
2	16

[block]
# block no. 12 follows, 57 sequences, length 9
# corresponding to MSA columns:
# 875-883
name=unknown_M
#
# <colnr> <probs for GDERKNQSTAVLIFYWHMCP>
#	G	D	E	R	K	N	Q	S	T	A	V	L	I	F	Y	W	H	M	C	P
0	0.03422	0.07524	0.12869	0.04879	0.14091	0.07901	0.05628	0.20886	0.05101	0.04562	0.01045	0.02758	0.02129	0.00551	0.00501	0.04250	0.00546	0.00411	0.00305	0.00641
1	0.00844	0.00468	0.00666	0.03938	0.00740	0.00485	0.00453	0.05682	0.00705	0.00939	0.00837	0.01426	0.00819	0.05287	0.01658	0.73769	0.00411	0.00407	0.00217	0.00249
2	0.00594	0.00483	0.00520	0.00507	0.00645	0.00431	0.00375	0.00778	0.04831	0.01361	0.20681	0.03935	0.55697	0.06383	0.00645	0.00169	0.00246	0.00887	0.00430	0.00401
3	0.81365	0.00869	0.00693	0.00610	0.00896	0.00992	0.00503	0.01393	0.00808	0.07548	0.00711	0.00792	0.00534	0.00430	0.00293	0.00140	0.00353	0.00260	0.00300	0.00510
4	0.13861	0.02705	0.04823	0.00745	0.00983	0.06191	0.00623	0.07938	0.07624	0.10024	0.26548	0.02276	0.09783	0.00722	0.00460	0.00143	0.00365	0.03228	0.00416	0.00542
5	0.06566	0.00560	0.00651	0.00614	0.00692	0.00601	0.00423	0.08305	0.00853	0.01230	0.04928	0.02366	0.01480	0.46957	0.21465	0.00447	0.00618	0.00572	0.00295	0.00375
6	0.03048	0.02866	0.03369	0.03321	0.14180	0.03312	0.08137	0.15873	0.01314	0.29319	0.01237	0.01312	0.00882	0.00497	0.00446	0.00134	0.00488	0.02044	0.00389	0.07831
7	0.00845	0.00422	0.00422	0.00422	0.00528	0.00422	0.00317	0.01056	0.00950	0.01689	0.01478	0.01689	0.01161	0.00528	0.00317	0.00106	0.00211	0.00422	0.86591	0.00422
8	0.18133	0.15229	0.07667	0.01288	0.17933	0.08952	0.00934	0.16374	0.02846	0.03541	0.00840	0.00949	0.00659	0.00446	0.00383	0.00128	0.00510	0.00331	0.00286	0.02572

[dist]
# distance from previous block
# <min> <max>
0	1

[block]
# block no. 13 follows, 57 sequences, length 14
# corresponding to MSA columns:
# 885-898
name=unknown_N
#
# <colnr> <probs for GDERKNQSTAVLIFYWHMCP>
#	G	D	E	R	K	N	Q	S	T	A	V	L	I	F	Y	W	H	M	C	P
0	0.02418	0.16886	0.10761	0.04387	0.14092	0.16668	0.07777	0.03035	0.05839	0.02965	0.04268	0.06948	0.00996	0.00528	0.00428	0.00133	0.00568	0.00441	0.00268	0.00595
1	0.00812	0.04087	0.00850	0.03982	0.04601	0.02170	0.00597	0.04135	0.10249	0.01493	0.15155	0.07370	0.24706	0.00883	0.00501	0.00148	0.00335	0.09948	0.00396	0.07581
2	0.00963	0.00774	0.01113	0.33741	0.08663	0.00879	0.02873	0.06272	0.10787	0.01556	0.03467	0.01448	0.00982	0.00507	0.00421	0.00136	0.00446	0.00437	0.23991	0.00543
3	0.05354	0.11862	0.12209	0.04800	0.14191	0.08550	0.02791	0.05306	0.19155	0.03512	0.03544	0.01354	0.04423	0.00520	0.00426	0.00136	0.00504	0.00421	0.00308	0.00634
4	0.00734	0.02594	0.04064	0.02857	0.00904	0.00583	0.02263	0.01023	0.07957	0.03493	0.33645	0.09598	0.17464	0.01104	0.06338	0.00193	0.00364	0.03938	0.00421	0.00465
5	0.00873	0.04864	0.11890	0.02612	0.05030	0.00853	0.03489	0.05171	0.10288	0.01361	0.01591	0.06872	0.09640	0.08018	0.17254	0.00290	0.04935	0.01592	0.00301	0.03076
