[name]
unknown

[dist]
# distance from previous block
# <min> <max>
0	73

[block]
# block no. 0 follows, 64 sequences, length 22
# corresponding to MSA columns:
# 82-92,94-104
name=unknown_A
#
# <colnr> <probs for GDERKNQSTAVLIFYWHMCP>
#	G	D	E	R	K	N	Q	S	T	A	V	L	I	F	Y	W	H	M	C	P
0	0.00794	0.00585	0.00749	0.00786	0.00917	0.00611	0.00671	0.09535	0.08609	0.01429	0.02027	0.06842	0.02120	0.01030	0.00541	0.00179	0.00380	0.61364	0.00390	0.00441
1	0.00598	0.00417	0.00522	0.00522	0.00550	0.00440	0.00341	0.00649	0.00634	0.00865	0.01318	0.02395	0.03417	0.56332	0.28790	0.00483	0.00630	0.00559	0.00246	0.00293
2	0.01079	0.01194	0.15449	0.13542	0.06777	0.05501	0.04177	0.18869	0.18447	0.01639	0.02876	0.01168	0.00837	0.01290	0.01235	0.00136	0.00492	0.00386	0.00298	0.04607
3	0.00535	0.00403	0.00467	0.00486	0.00561	0.00365	0.00335	0.00628	0.00883	0.01144	0.17538	0.24307	0.31868	0.17624	0.00819	0.00197	0.00253	0.00878	0.00373	0.00335
4	0.00923	0.00814	0.01049	0.04765	0.04736	0.00903	0.07453	0.08720	0.32850	0.01525	0.03996	0.05962	0.15287	0.00668	0.00533	0.00143	0.08212	0.00557	0.00354	0.00550
5	0.01012	0.00857	0.00964	0.00824	0.01032	0.03943	0.00654	0.01624	0.37644	0.06494	0.08099	0.01401	0.01199	0.00564	0.00579	0.00131	0.15879	0.00423	0.00347	0.16331
6	0.00640	0.00536	0.00575	0.00561	0.00681	0.04146	0.00416	0.00897	0.10190	0.01391	0.34295	0.15276	0.26985	0.00926	0.00483	0.00139	0.00247	0.00799	0.00410	0.00405
7	0.06643	0.00889	0.00950	0.03137	0.01105	0.04282	0.00648	0.14252	0.35171	0.19218	0.03604	0.01378	0.01090	0.00526	0.00403	0.00131	0.00366	0.00421	0.05160	0.00628
8	0.00893	0.00903	0.01411	0.01159	0.01235	0.01168	0.14094	0.01033	0.00709	0.01070	0.02846	0.01046	0.00680	0.00809	0.06054	0.00202	0.63627	0.00400	0.00196	0.00465
9	0.00898	0.00777	0.00982	0.02372	0.14067	0.00687	0.00643	0.04715	0.08775	0.01416	0.01109	0.05161	0.05183	0.00440	0.00362	0.00093	0.00342	0.00374	0.00277	0.51326
10	0.01149	0.01082	0.00976	0.00872	0.01103	0.15863	0.00675	0.07047	0.58824	0.01655	0.01444	0.01371	0.01092	0.00532	0.00408	0.00132	0.00406	0.00424	0.04330	0.00617
11	0.01296	0.11186	0.01188	0.00831	0.01096	0.03947	0.03929	0.32015	0.01346	0.15677	0.07365	0.05976	0.01144	0.03466	0.07477	0.00178	0.00480	0.00451	0.00368	0.00584
12	0.01099	0.82259	0.05471	0.00730	0.01096	0.01616	0.00744	0.01247	0.00845	0.00991	0.00584	0.00675	0.00533	0.00357	0.00272	0.00091	0.00451	0.00226	0.00178	0.00536
13	0.00854	0.00702	0.00779	0.00726	0.00901	0.00782	0.00557	0.04226	0.45758	0.01522	0.05522	0.11289	0.09584	0.01031	0.11143	0.00209	0.00402	0.00594	0.02883	0.00536
14	0.02635	0.01001	0.01394	0.11233	0.25087	0.05740	0.08123	0.17048	0.05214	0.06391	0.04564	0.01149	0.00834	0.00459	0.00465	0.00129	0.04808	0.00394	0.00286	0.03047
15	0.06650	0.01036	0.01321	0.12272	0.10380	0.11651	0.06019	0.03405	0.00829	0.01171	0.00654	0.00943	0.00571	0.00604	0.02491	0.00162	0.38793	0.00354	0.00203	0.00493
16	0.00975	0.06067	0.00990	0.00683	0.01032	0.06263	0.00552	0.06085	0.04555	0.01403	0.00780	0.00881	0.00639	0.00342	0.00321	0.00074	0.00356	0.00264	0.00258	0.67480
17	0.00744	0.00517	0.00628	0.00641	0.00735	0.00521	0.00465	0.13649	0.02935	0.03191	0.03825	0.58333	0.02259	0.01072	0.00492	0.00155	0.00281	0.03381	0.05756	0.00418
18	0.00515	0.00392	0.00475	0.00517	0.00592	0.00351	0.00364	0.00620	0.00911	0.01185	0.16819	0.44358	0.29118	0.01141	0.00510	0.00153	0.00223	0.01007	0.00398	0.00351
19	0.00702	0.00507	0.00653	0.00657	0.00752	0.00517	0.02112	0.00941	0.10050	0.04886	0.08728	0.32880	0.08117	0.06184	0.00635	0.00173	0.04037	0.12506	0.04555	0.00409
20	0.00647	0.00475	0.00572	0.00637	0.00696	0.00425	0.00431	0.00693	0.00916	0.01215	0.05986	0.64450	0.16244	0.03559	0.00618	0.00192	0.00286	0.01123	0.00426	0.00410
21	0.00909	0.00973	0.07649	0.10831	0.01585	0.00944	0.23230	0.02810	0.27779	0.01432	0.04939	0.05368	0.04667	0.00549	0.00492	0.00142	0.04333	0.00508	0.00304	0.00555

[dist]
# distance from previous block
# <min> <max>
1	3

[block]
# block no. 1 follows, 64 sequences, length 21
# corresponding to MSA columns:
# 108-128
name=unknown_B
#
# <colnr> <probs for GDERKNQSTAVLIFYWHMCP>
#	G	D	E	R	K	N	Q	S	T	A	V	L	I	F	Y	W	H	M	C	P
0	0.01049	0.05900	0.13394	0.01096	0.04466	0.07652	0.06238	0.05058	0.20485	0.03722	0.00977	0.02797	0.00792	0.00551	0.00672	0.00144	0.23783	0.00393	0.00268	0.00565
1	0.77664	0.00870	0.00687	0.00600	0.00863	0.03203	0.00492	0.08932	0.00839	0.01913	0.00620	0.00708	0.00477	0.00398	0.00275	0.00128	0.00346	0.00240	0.00271	0.00475
2	0.09891	0.21648	0.15072	0.01206	0.18717	0.09342	0.00924	0.07021	0.00949	0.01317	0.00752	0.00969	0.00640	0.04892	0.04884	0.00159	0.00535	0.00315	0.00218	0.00549
3	0.00880	0.00809	0.01327	0.42720	0.31245	0.00903	0.01103	0.04786	0.00920	0.01239	0.00922	0.09570	0.00820	0.00493	0.00425	0.00135	0.00496	0.00452	0.00223	0.00531
4	0.00672	0.00509	0.00681	0.00654	0.00719	0.00586	0.00487	0.03929	0.03861	0.01017	0.01148	0.01856	0.01132	0.25439	0.49390	0.00521	0.06304	0.00482	0.00243	0.00368
5	0.00614	0.00408	0.00508	0.00540	0.00583	0.00394	0.00362	0.00679	0.00762	0.04284	0.04286	0.32930	0.07468	0.34092	0.04971	0.00280	0.00354	0.05827	0.00333	0.00326
6	0.00584	0.00406	0.00447	0.00447	0.00472	0.00394	0.00263	0.00603	0.00663	0.00860	0.01811	0.02940	0.15554	0.70801	0.01833	0.00357	0.00369	0.00651	0.00275	0.00269
7	0.88336	0.00803	0.00611	0.00546	0.00803	0.00932	0.00450	0.01221	0.00707	0.01864	0.00578	0.00675	0.00450	0.00386	0.00257	0.00129	0.00321	0.00225	0.00257	0.00450
8	0.07209	0.01104	0.01509	0.03068	0.42709	0.09803	0.07670	0.14391	0.01107	0.01539	0.00805	0.01032	0.00658	0.00424	0.00445	0.00127	0.03897	0.01646	0.00246	0.00609
9	0.00582	0.00425	0.00497	0.00489	0.00598	0.00382	0.00365	0.00723	0.01007	0.02701	0.33773	0.06023	0.34978	0.06801	0.00598	0.00156	0.00230	0.04881	0.04423	0.00368
10	0.08343	0.00834	0.00927	0.00702	0.01037	0.00772	0.00568	0.18210	0.06196	0.08791	0.00930	0.00979	0.00706	0.00392	0.00343	0.00092	0.00343	0.00303	0.02010	0.47523
11	0.00891	0.02072	0.76861	0.01166	0.01758	0.00990	0.01477	0.07557	0.00961	0.01417	0.00765	0.00886	0.00540	0.00403	0.00396	0.00131	0.00602	0.00312	0.00194	0.00621
12	0.79561	0.00922	0.00668	0.00599	0.00852	0.09305	0.00486	0.01265	0.00754	0.01778	0.00585	0.00682	0.00458	0.00390	0.00269	0.00126	0.00365	0.00229	0.00253	0.00453
13	0.01145	0.00795	0.00886	0.00762	0.00983	0.00849	0.00594	0.22911	0.26301	0.12807	0.01780	0.13070	0.08531	0.05964	0.00546	0.00155	0.00349	0.00578	0.00414	0.00581
14	0.00980	0.01120	0.02451	0.01751	0.02171	0.01050	0.81303	0.01331	0.00980	0.01331	0.00840	0.01120	0.00630	0.00350	0.00490	0.00140	0.00700	0.00490	0.00210	0.00560
15	0.00784	0.00738	0.01246	0.84404	0.02861	0.00923	0.01154	0.01061	0.00831	0.01061	0.00738	0.01107	0.00554	0.00415	0.00415	0.00138	0.00554	0.00369	0.00185	0.00461
16	0.01018	0.00704	0.00877	0.00890	0.10539	0.00715	0.00614	0.13143	0.13399	0.12309	0.20813	0.05348	0.10479	0.00678	0.00442	0.00132	0.00316	0.01773	0.05268	0.00544
17	0.00610	0.00399	0.00467	0.00490	0.00563	0.00371	0.00341	0.00719	0.00868	0.03077	0.11750	0.30149	0.17974	0.12404	0.00682	0.00175	0.00245	0.00819	0.17542	0.00353
18	0.01304	0.01433	0.01035	0.00916	0.01146	0.45695	0.00697	0.04748	0.18735	0.03669	0.03062	0.01177	0.03700	0.02361	0.00427	0.00120	0.00554	0.00359	0.00292	0.08571
19	0.00988	0.05212	0.54250	0.01134	0.01630	0.09339	0.07345	0.02669	0.04117	0.05150	0.02505	0.01001	0.00675	0.01691	0.00425	0.00132	0.00590	0.00340	0.00218	0.00591
20	0.04569	0.01133	0.02161	0.05210	0.05869	0.21874	0.08293	0.13265	0.06638	0.07947	0.03523	0.03143	0.03899	0.03865	0.00492	0.00141	0.00512	0.06619	0.00312	0.00535

[dist]
# distance from previous block
# <min> <max>
4	7

[block]
# block no. 2 follows, 64 sequences, length 11
# corresponding to MSA columns:
# 137-147
name=unknown_C
#
# <colnr> <probs for GDERKNQSTAVLIFYWHMCP>
#	G	D	E	R	K	N	Q	S	T	A	V	L	I	F	Y	W	H	M	C	P
0	0.01002	0.00990	0.01663	0.15540	0.60743	0.03603	0.07877	0.01257	0.00938	0.01297	0.00775	0.01040	0.00635	0.00378	0.00417	0.00127	0.00528	0.00377	0.00203	0.00613
1	0.00559	0.00403	0.00515	0.00585	0.00623	0.00392	0.00399	0.00689	0.05034	0.01087	0.04129	0.62718	0.02510	0.12677	0.00742	0.00199	0.00275	0.05747	0.00371	0.00347
2	0.04474	0.09873	0.21560	0.04167	0.17066	0.06637	0.12518	0.10468	0.05314	0.01449	0.00820	0.00972	0.00633	0.00447	0.01732	0.00134	0.00557	0.00351	0.00234	0.00595
3	0.14167	0.05166	0.01157	0.00919	0.01187	0.28459	0.00737	0.32343	0.04107	0.03611	0.00821	0.00878	0.00625	0.00463	0.00407	0.00121	0.03635	0.00314	0.00309	0.00576
4	0.00525	0.00413	0.00448	0.00452	0.00552	0.00364	0.00319	0.00620	0.00902	0.01129	0.13411	0.09918	0.51938	0.16246	0.00786	0.00189	0.00246	0.00835	0.00371	0.00337
5	0.00594	0.00402	0.00473	0.00482	0.00491	0.00406	0.00286	0.00613	0.00627	0.00842	0.01382	0.10146	0.01584	0.70906	0.08740	0.00403	0.00447	0.00643	0.00261	0.00269
6	0.00521	0.00380	0.00487	0.00566	0.00608	0.00353	0.00391	0.00603	0.00816	0.01068	0.02468	0.64840	0.12523	0.05695	0.00612	0.00179	0.00256	0.06919	0.00378	0.00338
7	0.01095	0.00923	0.00974	0.00858	0.01104	0.01062	0.00672	0.11198	0.72969	0.01837	0.01612	0.01487	0.01204	0.00556	0.00422	0.00139	0.00343	0.00459	0.00422	0.00663
8	0.88336	0.00803	0.00611	0.00546	0.00803	0.00932	0.00450	0.01221	0.00707	0.01864	0.00578	0.00675	0.00450	0.00386	0.00257	0.00129	0.00321	0.00225	0.00257	0.00450
9	0.00964	0.02918	0.18311	0.01157	0.13244	0.08276	0.04500	0.05030	0.18116	0.02667	0.04473	0.07077	0.08911	0.00587	0.00429	0.00134	0.00454	0.01890	0.00301	0.00563
10	0.00530	0.00390	0.00501	0.00578	0.00634	0.00362	0.00416	0.00628	0.00854	0.01115	0.04931	0.57879	0.15722	0.01225	0.00529	0.00166	0.00255	0.12551	0.00387	0.00348

[dist]
# distance from previous block
# <min> <max>
0	1

[block]
# block no. 3 follows, 64 sequences, length 20
# corresponding to MSA columns:
# 149-168
name=unknown_D
#
# <colnr> <probs for GDERKNQSTAVLIFYWHMCP>
#	G	D	E	R	K	N	Q	S	T	A	V	L	I	F	Y	W	H	M	C	P
0	0.07025	0.27667	0.01486	0.00922	0.03066	0.21939	0.02267	0.22930	0.04595	0.01533	0.00773	0.00850	0.00620	0.00480	0.02061	0.00121	0.00531	0.00298	0.00268	0.00567
1	0.00740	0.00387	0.00566	0.00558	0.00571	0.00394	0.00380	0.02827	0.00586	0.00785	0.00746	0.01271	0.00735	0.01488	0.05090	0.81725	0.00396	0.00365	0.00189	0.00203
2	0.09931	0.06959	0.10133	0.00949	0.03192	0.13120	0.00819	0.38443	0.01411	0.06038	0.00877	0.00948	0.00654	0.02174	0.00414	0.00125	0.00493	0.00330	0.00321	0.02667
3	0.01332	0.12349	0.07120	0.07654	0.01356	0.02844	0.01946	0.43612	0.03399	0.06310	0.00971	0.01028	0.00711	0.00463	0.00385	0.00120	0.00455	0.00354	0.06967	0.00625
4	0.00522	0.00431	0.00457	0.00460	0.00586	0.00376	0.00342	0.00662	0.03194	0.01182	0.11468	0.09466	0.64070	0.02986	0.00531	0.00148	0.00222	0.02149	0.00390	0.00360
5	0.64850	0.00879	0.00749	0.00637	0.00909	0.03861	0.00523	0.11343	0.00933	0.10937	0.00751	0.00800	0.00549	0.00415	0.00299	0.00127	0.00357	0.00266	0.00304	0.00512
6	0.88336	0.00803	0.00611	0.00546	0.00803	0.00932	0.00450	0.01221	0.00707	0.01864	0.00578	0.00675	0.00450	0.00386	0.00257	0.00129	0.00321	0.00225	0.00257	0.00450
7	0.00506	0.00361	0.00482	0.00578	0.00602	0.00337	0.00386	0.00578	0.00795	0.01060	0.02289	0.85131	0.02747	0.01301	0.00530	0.00169	0.00241	0.01181	0.00386	0.00337
8	0.00912	0.00737	0.00867	0.00622	0.00988	0.00557	0.00498	0.01095	0.00878	0.05494	0.00784	0.00889	0.00636	0.00318	0.00313	0.00065	0.00310	0.00255	0.00260	0.83523
9	0.88336	0.00803	0.00611	0.00546	0.00803	0.00932	0.00450	0.01221	0.00707	0.01864	0.00578	0.00675	0.00450	0.00386	0.00257	0.00129	0.00321	0.00225	0.00257	0.00450
10	0.00592	0.00413	0.00554	0.00619	0.00673	0.00413	0.00465	0.00710	0.00814	0.01111	0.03302	0.35730	0.02200	0.10249	0.12259	0.00264	0.00416	0.23392	0.05473	0.00350
11	0.00518	0.00401	0.00444	0.00471	0.00551	0.00358	0.00322	0.00593	0.00835	0.01041	0.03089	0.26233	0.44077	0.18186	0.00830	0.00201	0.00258	0.00906	0.00359	0.00327
12	0.00505	0.00365	0.00478	0.00569	0.00600	0.00338	0.00381	0.00579	0.00804	0.01064	0.02402	0.80370	0.07435	0.01287	0.00528	0.00167	0.00239	0.01163	0.00386	0.00338
13	0.05959	0.00910	0.00946	0.00838	0.01082	0.01049	0.00657	0.08733	0.70858	0.01818	0.01571	0.01455	0.01176	0.00548	0.00413	0.00139	0.00339	0.00448	0.00413	0.00650
14	0.00716	0.00462	0.00558	0.00547	0.00672	0.00419	0.00404	0.00883	0.04579	0.11870	0.17946	0.27505	0.29870	0.00996	0.00490	0.00145	0.00241	0.00866	0.00417	0.00414
15	0.03531	0.00919	0.01071	0.00829	0.01140	0.00941	0.00679	0.39926	0.03065	0.38085	0.01297	0.01252	0.00885	0.03824	0.00480	0.00138	0.00404	0.00401	0.00449	0.00682
16	0.01072	0.74048	0.13443	0.00776	0.01168	0.01549	0.00825	0.01254	0.00849	0.01024	0.00601	0.00696	0.00532	0.00361	0.00284	0.00095	0.00468	0.00234	0.00177	0.00544
17	0.01141	0.00936	0.01757	0.01325	0.03549	0.00880	0.45381	0.07733	0.01086	0.18010	0.01374	0.06103	0.07649	0.00507	0.00470	0.00138	0.00539	0.00534	0.00312	0.00574
18	0.47501	0.00803	0.00782	0.00755	0.06392	0.00873	0.00552	0.02744	0.15812	0.01701	0.00928	0.05848	0.00777	0.00462	0.00324	0.00123	0.00330	0.00342	0.00293	0.12659
19	0.01014	0.00985	0.06105	0.09836	0.36243	0.02853	0.01002	0.13005	0.08950	0.01541	0.07017	0.04302	0.04301	0.00510	0.00425	0.00130	0.00449	0.00451	0.00286	0.00596

[dist]
# distance from previous block
# <min> <max>
0	1

[block]
# block no. 4 follows, 64 sequences, length 8
# corresponding to MSA columns:
# 170-177
name=unknown_E
#
# <colnr> <probs for GDERKNQSTAVLIFYWHMCP>
#	G	D	E	R	K	N	Q	S	T	A	V	L	I	F	Y	W	H	M	C	P
0	0.01129	0.09432	0.03396	0.05546	0.46859	0.10289	0.01071	0.05520	0.03852	0.04675	0.00872	0.01125	0.00725	0.00425	0.00399	0.00122	0.00505	0.03207	0.00240	0.00611
1	0.20746	0.14076	0.05046	0.00988	0.10590	0.12083	0.00750	0.14853	0.03333	0.03114	0.00785	0.00887	0.00621	0.00484	0.02597	0.00129	0.00472	0.00298	0.02669	0.05480
2	0.00535	0.00402	0.00490	0.00543	0.00613	0.00368	0.00392	0.00635	0.00870	0.01119	0.07533	0.38957	0.26668	0.07696	0.00644	0.00179	0.00260	0.11373	0.00379	0.00344
3	0.03986	0.13142	0.03336	0.08589	0.06553	0.22546	0.00768	0.09539	0.10333	0.03412	0.05553	0.01168	0.00909	0.03564	0.00439	0.00128	0.00495	0.00360	0.04649	0.00531
4	0.00529	0.00397	0.00484	0.00514	0.00589	0.00359	0.00362	0.00641	0.00934	0.01233	0.24968	0.36197	0.25127	0.04993	0.00581	0.00161	0.00228	0.00951	0.00399	0.00352
5	0.00770	0.00655	0.00730	0.00678	0.00757	0.06638	0.00512	0.03770	0.03168	0.01209	0.16608	0.04636	0.07349	0.19973	0.07807	0.00245	0.14996	0.03877	0.05231	0.00390
6	0.14227	0.00771	0.00860	0.00779	0.00922	0.05476	0.00622	0.09180	0.09339	0.01357	0.00973	0.01261	0.00841	0.01678	0.37501	0.00375	0.12727	0.00385	0.00262	0.00465
7	0.46575	0.03272	0.03022	0.00649	0.00908	0.11474	0.00537	0.04338	0.03227	0.01648	0.00749	0.00851	0.00590	0.00403	0.00297	0.00114	0.00376	0.00267	0.10571	0.10133

[dist]
# distance from previous block
# <min> <max>
0	3

[block]
# block no. 5 follows, 64 sequences, length 27
# corresponding to MSA columns:
# 182-208
name=unknown_F
#
# <colnr> <probs for GDERKNQSTAVLIFYWHMCP>
#	G	D	E	R	K	N	Q	S	T	A	V	L	I	F	Y	W	H	M	C	P
0	0.07404	0.04227	0.03560	0.02161	0.04779	0.32504	0.00803	0.30892	0.02559	0.01711	0.00810	0.00891	0.00623	0.00455	0.00401	0.00118	0.02467	0.00318	0.02743	0.00574
1	0.07835	0.19641	0.06882	0.07583	0.15963	0.10911	0.04101	0.06576	0.00982	0.04179	0.00738	0.00880	0.00592	0.00390	0.00367	0.00111	0.01553	0.00303	0.00230	0.10183
2	0.00566	0.00469	0.00574	0.00576	0.00653	0.00481	0.00428	0.00666	0.00859	0.01118	0.09429	0.27569	0.36033	0.03401	0.03883	0.00181	0.11533	0.00864	0.00354	0.00362
3	0.00531	0.00394	0.00499	0.00570	0.00623	0.00368	0.00397	0.00651	0.03109	0.01130	0.06959	0.62962	0.13992	0.01213	0.00522	0.00163	0.00244	0.04929	0.00390	0.00353
4	0.03090	0.11537	0.06304	0.01277	0.17214	0.19178	0.02231	0.22250	0.03080	0.04627	0.00819	0.00921	0.00638	0.00443	0.00431	0.00120	0.04635	0.00330	0.00273	0.00600
5	0.00584	0.00425	0.00597	0.00610	0.00661	0.00470	0.00444	0.00690	0.00671	0.00943	0.01312	0.13014	0.01367	0.20456	0.55197	0.00544	0.00845	0.00577	0.00251	0.00341
6	0.00638	0.00434	0.00538	0.00542	0.00650	0.00392	0.00408	0.00775	0.00998	0.06886	0.27835	0.20560	0.26549	0.02407	0.00529	0.00152	0.00242	0.08665	0.00414	0.00387
7	0.00556	0.00414	0.00519	0.00525	0.00617	0.00377	0.00389	0.00708	0.01042	0.01413	0.46602	0.19851	0.19607	0.00996	0.00502	0.00143	0.00217	0.04728	0.00425	0.00372
8	0.05915	0.00902	0.01065	0.00820	0.01143	0.00908	0.00677	0.35069	0.01484	0.45649	0.01320	0.01205	0.00866	0.00501	0.00409	0.00127	0.00395	0.00390	0.00461	0.00694
9	0.01102	0.00897	0.00971	0.05200	0.01167	0.01027	0.00681	0.16739	0.56925	0.01851	0.01487	0.01424	0.01111	0.00538	0.00411	0.00134	0.00354	0.00440	0.06903	0.00636
10	0.00741	0.00385	0.00536	0.00532	0.00554	0.00390	0.00363	0.00663	0.03738	0.00871	0.00844	0.01312	0.00788	0.01281	0.01399	0.72793	0.00337	0.00368	0.11878	0.00226
11	0.00784	0.00738	0.01246	0.84404	0.02861	0.00923	0.01154	0.01061	0.00831	0.01061	0.00738	0.01107	0.00554	0.00415	0.00415	0.00138	0.00554	0.00369	0.00185	0.00461
12	0.03254	0.00641	0.00942	0.00838	0.00944	0.02339	0.07531	0.03192	0.00739	0.01085	0.00963	0.01393	0.00878	0.02181	0.53055	0.01784	0.15383	0.00421	0.02021	0.00413
13	0.00604	0.00405	0.00463	0.00463	0.00467	0.00408	0.00264	0.00611	0.00607	0.00813	0.01299	0.02666	0.01488	0.81462	0.06024	0.00415	0.00437	0.00596	0.00250	0.00257
14	0.00558	0.00420	0.00516	0.00499	0.00604	0.00378	0.00372	0.00724	0.01096	0.01491	0.57834	0.07626	0.24507	0.00926	0.00492	0.00135	0.00202	0.00807	0.00435	0.00378
15	0.00586	0.00399	0.00475	0.00492	0.00502	0.00401	0.00296	0.00611	0.00642	0.00862	0.01462	0.16823	0.01685	0.64249	0.08459	0.00384	0.00432	0.00690	0.00272	0.00276
16	0.00784	0.00738	0.01246	0.84404	0.02861	0.00923	0.01154	0.01061	0.00831	0.01061	0.00738	0.01107	0.00554	0.00415	0.00415	0.00138	0.00554	0.00369	0.00185	0.00461
17	0.00756	0.00633	0.00971	0.02530	0.23360	0.00623	0.06275	0.00876	0.00776	0.01067	0.03108	0.04477	0.02524	0.42670	0.01272	0.00266	0.00435	0.03937	0.00251	0.03191
18	0.68099	0.00869	0.00773	0.03094	0.03555	0.00995	0.00555	0.15031	0.00933	0.01954	0.00662	0.00754	0.00504	0.00405	0.00294	0.00128	0.00357	0.00259	0.00281	0.00501
19	0.00602	0.00440	0.00525	0.00544	0.00663	0.00395	0.00428	0.00738	0.00971	0.04554	0.13279	0.12726	0.41983	0.01054	0.00511	0.00154	0.00258	0.19400	0.00399	0.00376
20	0.07958	0.19544	0.12064	0.02832	0.08501	0.27626	0.05323	0.05424	0.02162	0.03905	0.00726	0.00840	0.00578	0.00403	0.00360	0.00114	0.00571	0.00296	0.00226	0.00548
21	0.00514	0.00380	0.00481	0.00549	0.00602	0.00347	0.00380	0.00605	0.00858	0.01125	0.09167	0.61645	0.17592	0.01215	0.00521	0.00161	0.00235	0.02887	0.00391	0.00345
22	0.02999	0.07372	0.04540	0.06190	0.22709	0.22883	0.04100	0.09582	0.04821	0.05312	0.00835	0.00971	0.00657	0.00429	0.00417	0.00121	0.02969	0.00339	0.02177	0.00577
23	0.00789	0.02193	0.00699	0.00614	0.00786	0.02980	0.00474	0.02209	0.19403	0.05717	0.26645	0.04310	0.23666	0.00854	0.03105	0.00149	0.00297	0.00653	0.00403	0.04052
24	0.01069	0.19228	0.04540	0.04961	0.12093	0.19669	0.03309	0.03509	0.04092	0.02204	0.03587	0.07763	0.03274	0.05891	0.00524	0.00138	0.02970	0.00426	0.00247	0.00506
25	0.00970	0.21219	0.04710	0.00722	0.00974	0.04957	0.00625	0.06639	0.21675	0.03851	0.12995	0.01883	0.15903	0.00621	0.00403	0.00123	0.00359	0.00497	0.00343	0.00530
26	0.00883	0.05210	0.05451	0.00743	0.00933	0.06104	0.02163	0.03445	0.15698	0.07275	0.10840	0.22686	0.07552	0.00819	0.00461	0.00143	0.00350	0.07323	0.00371	0.01549

[dist]
# distance from previous block
# <min> <max>
0	6

[block]
# block no. 6 follows, 64 sequences, length 20
# corresponding to MSA columns:
# 216-235
name=unknown_G
#
# <colnr> <probs for GDERKNQSTAVLIFYWHMCP>
#	G	D	E	R	K	N	Q	S	T	A	V	L	I	F	Y	W	H	M	C	P
0	0.05397	0.11433	0.28878	0.01083	0.05766	0.06425	0.08482	0.03708	0.02391	0.02546	0.05217	0.01075	0.00796	0.00436	0.00419	0.00121	0.03868	0.01541	0.01516	0.08901
1	0.00772	0.02548	0.08306	0.00642	0.00850	0.00623	0.00548	0.09227	0.08155	0.01471	0.18552	0.08965	0.17904	0.06657	0.00553	0.00146	0.00310	0.00620	0.04475	0.08675
2	0.00616	0.00496	0.00692	0.00748	0.07209	0.00508	0.02342	0.00735	0.00792	0.01066	0.06680	0.11844	0.19560	0.15258	0.26518	0.00348	0.03259	0.00661	0.00293	0.00374
3	0.09704	0.06956	0.13081	0.10544	0.19924	0.05619	0.04497	0.06396	0.02860	0.05089	0.06792	0.01199	0.03076	0.00460	0.00412	0.00127	0.02065	0.00382	0.00258	0.00560
4	0.03108	0.43835	0.10911	0.00827	0.01140	0.15282	0.00786	0.02679	0.05083	0.01127	0.00798	0.05774	0.00722	0.00504	0.01876	0.00119	0.02562	0.00322	0.02023	0.00522
5	0.07112	0.12794	0.19272	0.01388	0.24060	0.05193	0.01047	0.18120	0.02913	0.03144	0.00807	0.00921	0.00623	0.00411	0.00377	0.00121	0.00500	0.00325	0.00254	0.00620
6	0.07935	0.02718	0.12554	0.00795	0.01036	0.10030	0.00702	0.14060	0.05460	0.04150	0.05415	0.16181	0.08753	0.02083	0.04546	0.00166	0.02035	0.00557	0.00323	0.00501
7	0.00574	0.00432	0.00514	0.00541	0.00623	0.00408	0.00394	0.00723	0.04270	0.01174	0.13948	0.22079	0.25519	0.15202	0.00780	0.00196	0.00276	0.11620	0.00374	0.00354
8	0.00932	0.05196	0.03759	0.10960	0.06770	0.04700	0.01719	0.09679	0.18389	0.02724	0.13237	0.09356	0.07707	0.00658	0.00438	0.00135	0.00386	0.02384	0.00345	0.00525
9	0.00640	0.00439	0.00557	0.00522	0.00632	0.00403	0.00391	0.00810	0.01096	0.05702	0.59606	0.03071	0.15458	0.04487	0.04207	0.00167	0.00255	0.00733	0.00430	0.00395
10	0.01059	0.01019	0.01469	0.13533	0.39100	0.07510	0.07143	0.08369	0.10098	0.01439	0.02617	0.03063	0.00819	0.00444	0.00421	0.00129	0.00504	0.00409	0.00256	0.00600
11	0.01221	0.00884	0.01043	0.00792	0.01121	0.00848	0.03187	0.28063	0.07206	0.11419	0.05210	0.01145	0.00912	0.00443	0.00380	0.00102	0.00371	0.00359	0.00357	0.34938
12	0.00531	0.00431	0.00479	0.00476	0.00584	0.00391	0.00349	0.00639	0.00935	0.01177	0.16530	0.10512	0.54040	0.07496	0.00648	0.00163	0.03045	0.00844	0.00380	0.00352
13	0.04006	0.00920	0.00962	0.04094	0.14359	0.18164	0.02349	0.01149	0.05404	0.01349	0.22306	0.06411	0.08676	0.00655	0.00463	0.00130	0.03094	0.01803	0.03235	0.00472
14	0.00599	0.00490	0.00537	0.00521	0.00658	0.00465	0.00391	0.00889	0.13481	0.01346	0.22852	0.08702	0.45655	0.00943	0.00483	0.00140	0.00227	0.00803	0.00409	0.00407
15	0.06605	0.06897	0.04862	0.05816	0.08032	0.11671	0.04053	0.15734	0.02165	0.10430	0.00969	0.03371	0.00782	0.03373	0.07076	0.00172	0.00531	0.00375	0.01454	0.05632
16	0.04015	0.01010	0.02254	0.05209	0.09721	0.03241	0.01873	0.23817	0.01283	0.06065	0.02682	0.03221	0.00938	0.00540	0.00451	0.00132	0.01680	0.02696	0.00351	0.28819
17	0.06670	0.06227	0.09320	0.03927	0.06173	0.11791	0.02022	0.21672	0.03617	0.06993	0.04652	0.01074	0.00821	0.00507	0.01969	0.00128	0.01919	0.00350	0.02441	0.07727
18	0.07783	0.11350	0.06037	0.03249	0.08534	0.10311	0.03391	0.11100	0.06130	0.09522	0.03748	0.04033	0.04555	0.01775	0.00521	0.00152	0.05233	0.00443	0.00338	0.01794
19	0.06391	0.10503	0.06917	0.02282	0.01302	0.08018	0.09010	0.08967	0.04671	0.10417	0.02998	0.02685	0.05072	0.00629	0.01659	0.00154	0.05729	0.02366	0.02260	0.07971

[dist]
# distance from previous block
# <min> <max>
1	14

[block]
# block no. 7 follows, 64 sequences, length 22
# corresponding to MSA columns:
# 258-279
name=unknown_H
#
# <colnr> <probs for GDERKNQSTAVLIFYWHMCP>
#	G	D	E	R	K	N	Q	S	T	A	V	L	I	F	Y	W	H	M	C	P
0	0.04426	0.04209	0.00804	0.00720	0.03346	0.07395	0.02514	0.06040	0.05455	0.04556	0.05328	0.22107	0.04874	0.21700	0.00852	0.00201	0.00376	0.00649	0.00321	0.04126
1	0.02884	0.11790	0.01269	0.02624	0.09181	0.10822	0.00764	0.26054	0.09635	0.06280	0.02392	0.03566	0.00839	0.00519	0.01520	0.00125	0.02024	0.00373	0.00320	0.07017
2	0.02980	0.09571	0.18733	0.02814	0.12439	0.07509	0.05546	0.12486	0.03308	0.08449	0.03751	0.06016	0.02061	0.00493	0.00402	0.00125	0.00490	0.00410	0.00282	0.02134
3	0.04686	0.02817	0.07947	0.04570	0.18191	0.03117	0.06509	0.11327	0.12729	0.11236	0.05519	0.01315	0.00987	0.02614	0.00454	0.00134	0.00448	0.01546	0.00317	0.03536
4	0.01823	0.10076	0.08509	0.02407	0.01108	0.00780	0.12313	0.05466	0.02491	0.04066	0.07936	0.22048	0.04538	0.06803	0.04046	0.00181	0.02967	0.01673	0.00304	0.00463
5	0.00919	0.02085	0.04148	0.03674	0.06792	0.12370	0.04526	0.05973	0.07040	0.02714	0.09513	0.19447	0.04060	0.01881	0.04003	0.00167	0.07604	0.02294	0.00311	0.00478
6	0.04607	0.04353	0.07676	0.08174	0.06817	0.06929	0.12289	0.17210	0.08816	0.06382	0.02672	0.04914	0.02557	0.00617	0.00495	0.00163	0.00549	0.01350	0.00364	0.03064
7	0.09646	0.01942	0.01268	0.02787	0.14202	0.03726	0.17962	0.03610	0.04243	0.09366	0.05978	0.06627	0.03874	0.09295	0.00603	0.00161	0.00452	0.01942	0.00297	0.02020
8	0.00521	0.00376	0.00486	0.00565	0.00602	0.00351	0.00385	0.00599	0.00809	0.01067	0.03700	0.67001	0.09370	0.07259	0.00641	0.00183	0.00256	0.05116	0.00377	0.00336
9	0.01067	0.14302	0.01591	0.17769	0.38361	0.11409	0.02525	0.02553	0.04269	0.01233	0.00765	0.00975	0.00628	0.00393	0.00387	0.00120	0.00526	0.00340	0.00210	0.00577
10	0.02306	0.05108	0.09154	0.05649	0.26560	0.05692	0.01875	0.14026	0.03671	0.13810	0.00972	0.01124	0.00745	0.03422	0.02726	0.00149	0.01738	0.00372	0.00290	0.00614
11	0.00531	0.00398	0.00447	0.00476	0.00567	0.00354	0.00338	0.00634	0.00892	0.01160	0.08217	0.29641	0.41803	0.04565	0.00554	0.00156	0.00226	0.00913	0.07779	0.00348
12	0.00738	0.00492	0.00583	0.00539	0.00691	0.00450	0.00417	0.02128	0.05104	0.10925	0.32955	0.03225	0.35085	0.00885	0.00481	0.00137	0.00238	0.04068	0.00430	0.00429
13	0.04329	0.07598	0.04085	0.02291	0.03461	0.03581	0.03130	0.43823	0.03109	0.17771	0.01071	0.02110	0.00766	0.00484	0.00401	0.00124	0.00450	0.00376	0.00381	0.00660
14	0.03617	0.08087	0.01218	0.10077	0.23429	0.11281	0.00842	0.04619	0.00955	0.05843	0.01147	0.21248	0.01137	0.00634	0.00459	0.00134	0.03945	0.00538	0.00272	0.00517
15	0.00671	0.00503	0.00651	0.00712	0.00826	0.00503	0.00606	0.00933	0.07831	0.01283	0.05560	0.04258	0.14153	0.01072	0.00546	0.00177	0.00345	0.58581	0.00389	0.00401
16	0.00604	0.00403	0.00453	0.00453	0.00453	0.00403	0.00252	0.00604	0.00604	0.00805	0.01309	0.02718	0.01510	0.85402	0.02114	0.00403	0.00403	0.00604	0.00252	0.00252
17	0.00845	0.00721	0.00866	0.00689	0.04119	0.00558	0.00518	0.01024	0.00858	0.01327	0.00842	0.03399	0.00753	0.02709	0.00375	0.00080	0.00318	0.02599	0.00253	0.77148
18	0.00814	0.00837	0.08592	0.03654	0.18859	0.00742	0.06754	0.06002	0.02376	0.01318	0.05201	0.22296	0.04861	0.03269	0.00557	0.00153	0.04343	0.06392	0.00297	0.02682
19	0.08414	0.26713	0.03913	0.01008	0.09247	0.10057	0.04701	0.02605	0.02452	0.01216	0.04060	0.06414	0.04011	0.00524	0.00479	0.00122	0.10579	0.00390	0.00236	0.02860
20	0.06965	0.03849	0.11511	0.00856	0.03529	0.06661	0.00733	0.08671	0.20054	0.11800	0.05273	0.06288	0.06773	0.00574	0.00406	0.00129	0.00397	0.00464	0.00350	0.04717
21	0.02335	0.06247	0.01233	0.02681	0.10867	0.08120	0.06388	0.15534	0.02058	0.05699	0.00996	0.03576	0.03467	0.00437	0.00377	0.00104	0.00433	0.00364	0.00285	0.28796

[dist]
# distance from previous block
# <min> <max>
7	42

[block]
# block no. 8 follows, 64 sequences, length 10
# corresponding to MSA columns:
# 323-332
name=unknown_I
#
# <colnr> <probs for GDERKNQSTAVLIFYWHMCP>
#	G	D	E	R	K	N	Q	S	T	A	V	L	I	F	Y	W	H	M	C	P
0	0.00872	0.00864	0.05139	0.00996	0.01178	0.04369	0.16648	0.05312	0.03335	0.03752	0.01427	0.15377	0.07668	0.03239	0.07455	0.00202	0.17419	0.03996	0.00282	0.00469
1	0.00698	0.00541	0.00636	0.00648	0.00755	0.00559	0.00477	0.04973	0.19244	0.01355	0.09627	0.40045	0.08814	0.03587	0.00545	0.00163	0.00279	0.06221	0.00398	0.00434
2	0.01315	0.12659	0.01401	0.01050	0.01254	0.41559	0.04784	0.08890	0.01068	0.01173	0.00654	0.00818	0.00558	0.00492	0.00604	0.00126	0.20564	0.00305	0.00220	0.00507
3	0.00681	0.00532	0.00692	0.00628	0.00761	0.00521	0.04096	0.04156	0.09720	0.01569	0.49821	0.07430	0.11099	0.03453	0.00535	0.00145	0.00259	0.03050	0.00421	0.00429
4	0.02593	0.06044	0.18076	0.08017	0.12658	0.10602	0.03704	0.09248	0.04492	0.01350	0.01040	0.14777	0.00966	0.00573	0.00456	0.00134	0.03996	0.00476	0.00257	0.00542
5	0.00510	0.00385	0.00473	0.00541	0.00603	0.00349	0.00379	0.00598	0.00849	0.01088	0.02859	0.56766	0.26633	0.01219	0.00521	0.00161	0.00239	0.05099	0.00385	0.00344
6	0.00919	0.00868	0.04222	0.00757	0.04554	0.03624	0.00594	0.03279	0.04583	0.01391	0.00787	0.00900	0.00643	0.00335	0.00326	0.00074	0.00349	0.00268	0.00253	0.71275
7	0.02520	0.08777	0.07697	0.05317	0.25971	0.04370	0.07108	0.09879	0.06927	0.01458	0.03271	0.03265	0.00833	0.00493	0.02077	0.00131	0.00486	0.00387	0.02264	0.06768
8	0.00935	0.08017	0.10439	0.00820	0.03603	0.06651	0.03087	0.06759	0.03530	0.06710	0.20667	0.08504	0.05013	0.03634	0.00485	0.00134	0.00387	0.02356	0.00333	0.07939
9	0.01089	0.08139	0.07313	0.03049	0.10855	0.08270	0.03789	0.09552	0.07311	0.10662	0.05440	0.03923	0.07199	0.04950	0.03966	0.00162	0.01484	0.00456	0.00310	0.02081

[dist]
# distance from previous block
# <min> <max>
1	7

[block]
# block no. 9 follows, 64 sequences, length 31
# corresponding to MSA columns:
# 340-370
name=unknown_J
#
# <colnr> <probs for GDERKNQSTAVLIFYWHMCP>
#	G	D	E	R	K	N	Q	S	T	A	V	L	I	F	Y	W	H	M	C	P
0	0.01039	0.06553	0.02170	0.03294	0.14092	0.07131	0.09988	0.12413	0.05955	0.01477	0.05938	0.04560	0.02012	0.00523	0.01729	0.00125	0.03840	0.00413	0.00278	0.16470
1	0.01075	0.09785	0.04703	0.09586	0.11552	0.06712	0.31669	0.07059	0.05846	0.03202	0.00855	0.01040	0.00658	0.00392	0.00421	0.00126	0.00572	0.00394	0.00238	0.04114
2	0.00937	0.03106	0.04374	0.03204	0.05963	0.03308	0.10281	0.09266	0.06114	0.05141	0.08018	0.07152	0.08914	0.02211	0.01808	0.00145	0.02841	0.06641	0.00320	0.10257
3	0.01549	0.01044	0.01153	0.00902	0.01218	0.01133	0.00739	0.56060	0.13500	0.16493	0.01210	0.01150	0.00844	0.00511	0.00417	0.00128	0.00420	0.00396	0.00434	0.00699
4	0.00899	0.00739	0.00834	0.00755	0.00946	0.00812	0.01822	0.08912	0.42452	0.01640	0.12692	0.09369	0.08785	0.00839	0.04537	0.00167	0.00350	0.02496	0.00406	0.00549
5	0.01446	0.01308	0.01092	0.00905	0.01163	0.27861	0.00717	0.43180	0.01535	0.01934	0.00937	0.01002	0.00706	0.00473	0.00383	0.00115	0.00511	0.00342	0.13806	0.00584
6	0.00601	0.00438	0.00649	0.00649	0.00716	0.00504	0.00496	0.00723	0.00657	0.00943	0.01101	0.01668	0.01046	0.07332	0.74938	0.05480	0.01034	0.00449	0.00222	0.00354
7	0.00765	0.01158	0.33042	0.00833	0.01134	0.00706	0.00879	0.03641	0.02475	0.03478	0.05889	0.18517	0.12205	0.00728	0.00498	0.00141	0.06008	0.00601	0.06813	0.00490
8	0.00506	0.00418	0.00444	0.00444	0.00572	0.00356	0.00331	0.00623	0.00972	0.01198	0.15529	0.08337	0.66764	0.01036	0.00493	0.00140	0.00210	0.00875	0.00396	0.00356
9	0.01071	0.03596	0.04459	0.20155	0.15236	0.06045	0.09480	0.13365	0.14791	0.02425	0.02405	0.01173	0.00802	0.01373	0.00434	0.00133	0.00502	0.00397	0.01577	0.00582
10	0.00620	0.00439	0.00504	0.00485	0.00537	0.00412	0.00298	0.00656	0.00675	0.00920	0.02781	0.10870	0.04428	0.62638	0.01660	0.00326	0.00365	0.00633	0.00273	0.10483
11	0.01011	0.08214	0.03882	0.01084	0.12097	0.23443	0.02677	0.02032	0.00970	0.01178	0.08160	0.15265	0.04095	0.00639	0.00508	0.00128	0.08721	0.00510	0.00265	0.05121
12	0.01093	0.00889	0.01084	0.00834	0.03319	0.02924	0.06153	0.17184	0.02170	0.06114	0.00858	0.00947	0.00665	0.00368	0.00354	0.00087	0.00384	0.00305	0.00293	0.53977
13	0.00596	0.00449	0.00522	0.00502	0.00625	0.00410	0.00377	0.00800	0.05248	0.02922	0.40688	0.06570	0.35211	0.00920	0.00483	0.00136	0.00213	0.00791	0.02143	0.00393
14	0.00794	0.00736	0.01200	0.69759	0.05833	0.00869	0.01066	0.01053	0.00837	0.01104	0.00789	0.03722	0.00633	0.00430	0.00408	0.00131	0.00516	0.00382	0.00198	0.09541
15	0.88336	0.00803	0.00611	0.00546	0.00803	0.00932	0.00450	0.01221	0.00707	0.01864	0.00578	0.00675	0.00450	0.00386	0.00257	0.00129	0.00321	0.00225	0.00257	0.00450
16	0.00994	0.00948	0.01594	0.13951	0.68298	0.00980	0.01233	0.01283	0.04215	0.01331	0.00812	0.01060	0.00668	0.00384	0.00412	0.00126	0.00495	0.00374	0.00211	0.00630
17	0.00604	0.00403	0.00453	0.00453	0.00453	0.00403	0.00252	0.00604	0.00604	0.00805	0.01309	0.02718	0.01510	0.85402	0.02114	0.00403	0.00403	0.00604	0.00252	0.00252
18	0.01095	0.32839	0.01632	0.06458	0.14708	0.16688	0.05420	0.03551	0.00966	0.01138	0.00942	0.05844	0.03864	0.00482	0.00369	0.00114	0.00509	0.02633	0.00224	0.00524
19	0.00834	0.00555	0.00697	0.00580	0.00788	0.00467	0.00450	0.01014	0.01058	0.12258	0.41305	0.06312	0.03982	0.00665	0.00427	0.00111	0.00253	0.00576	0.00395	0.27274
20	0.00987	0.11527	0.26413	0.01440	0.22596	0.08403	0.08662	0.01281	0.00964	0.02963	0.08827	0.01176	0.02084	0.00439	0.00402	0.00123	0.00530	0.00381	0.00228	0.00575
21	0.00994	0.01297	0.27161	0.07952	0.42227	0.00933	0.01266	0.02403	0.00943	0.06730	0.00910	0.02383	0.02103	0.00419	0.00410	0.00128	0.00517	0.00375	0.00224	0.00623
22	0.01842	0.00742	0.00986	0.00756	0.01078	0.00663	0.00624	0.08142	0.01248	0.76897	0.01589	0.01382	0.01003	0.00513	0.00418	0.00128	0.00361	0.00414	0.00507	0.00707
23	0.00864	0.00757	0.01068	0.01371	0.32845	0.04042	0.02815	0.01085	0.04166	0.05612	0.08245	0.04610	0.26513	0.00690	0.00453	0.00134	0.00374	0.03524	0.00317	0.00516
24	0.01056	0.03894	0.35237	0.15618	0.13717	0.06378	0.03062	0.04359	0.00976	0.10571	0.00851	0.00995	0.00617	0.00412	0.00401	0.00128	0.00556	0.00341	0.00232	0.00596
25	0.00509	0.00363	0.00481	0.00574	0.00597	0.00340	0.00381	0.00579	0.00789	0.01051	0.02255	0.82250	0.02704	0.04242	0.00586	0.00177	0.00247	0.01161	0.00381	0.00334
26	0.74316	0.00948	0.00746	0.00682	0.02795	0.10265	0.02561	0.01274	0.00772	0.01743	0.00597	0.00703	0.00469	0.00389	0.00280	0.00126	0.00383	0.00240	0.00250	0.00461
27	0.00560	0.00410	0.00482	0.00483	0.00585	0.00369	0.00355	0.00706	0.01012	0.01377	0.35956	0.15475	0.30700	0.00953	0.00478	0.00136	0.00207	0.00825	0.08563	0.00369
28	0.00901	0.00944	0.09008	0.01128	0.17606	0.00728	0.04885	0.01189	0.05316	0.01378	0.02760	0.01001	0.00731	0.00358	0.00357	0.00091	0.00393	0.00314	0.00244	0.50669
29	0.02676	0.00965	0.03447	0.06846	0.34280	0.07759	0.02866	0.01207	0.02548	0.01353	0.08404	0.01161	0.00938	0.00410	0.00387	0.00108	0.00444	0.00365	0.00244	0.23592
30	0.71441	0.00817	0.00751	0.02730	0.04975	0.00918	0.02688	0.03482	0.00777	0.01787	0.00712	0.00818	0.02624	0.00402	0.00287	0.00126	0.00346	0.00265	0.00259	0.03793

[dist]
# distance from previous block
# <min> <max>
0	1

[block]
# block no. 10 follows, 64 sequences, length 13
# corresponding to MSA columns:
# 372-384
name=unknown_K
#
# <colnr> <probs for GDERKNQSTAVLIFYWHMCP>
#	G	D	E	R	K	N	Q	S	T	A	V	L	I	F	Y	W	H	M	C	P
0	0.00874	0.07586	0.09248	0.00850	0.03167	0.06619	0.03513	0.04990	0.04383	0.04751	0.08594	0.22604	0.06102	0.02545	0.00558	0.00149	0.06764	0.05913	0.00321	0.00470
1	0.00639	0.00480	0.00655	0.17771	0.01001	0.00531	0.00486	0.00723	0.00662	0.00887	0.01155	0.02188	0.01227	0.52869	0.16688	0.00397	0.00564	0.00527	0.00233	0.00317
2	0.18984	0.00795	0.01093	0.23907	0.14281	0.00845	0.00837	0.04376	0.00983	0.28430	0.01019	0.01104	0.00711	0.00438	0.00383	0.00130	0.00427	0.00356	0.00320	0.00580
3	0.00952	0.05076	0.19346	0.03166	0.36333	0.02290	0.12036	0.01261	0.02669	0.02415	0.01014	0.03901	0.04656	0.00442	0.00417	0.00127	0.00519	0.00415	0.00223	0.02744
4	0.00505	0.00365	0.00479	0.00570	0.00600	0.00338	0.00382	0.00579	0.00804	0.01064	0.02395	0.80674	0.07136	0.01288	0.00528	0.00167	0.00239	0.01164	0.00386	0.00338
5	0.01244	0.00772	0.00892	0.00762	0.00998	0.00811	0.00608	0.15132	0.27943	0.22864	0.06379	0.06896	0.01397	0.00624	0.00428	0.00135	0.00336	0.04125	0.07045	0.00610
6	0.03178	0.02390	0.06112	0.09770	0.24044	0.13353	0.13121	0.08533	0.01067	0.06928	0.00989	0.02978	0.02900	0.00459	0.00421	0.00128	0.00543	0.02252	0.00257	0.00574
7	0.72245	0.00814	0.00630	0.00580	0.00806	0.05260	0.00466	0.01173	0.00741	0.01709	0.00758	0.04786	0.00685	0.04293	0.00372	0.00144	0.00346	0.03490	0.00265	0.00435
8	0.11300	0.03260	0.21800	0.05488	0.18166	0.09538	0.07246	0.03185	0.00929	0.01345	0.02577	0.06552	0.03240	0.00490	0.00430	0.00131	0.03141	0.00408	0.00230	0.00543
9	0.01264	0.03248	0.13070	0.04581	0.04671	0.02542	0.04551	0.35858	0.09373	0.06281	0.00994	0.01042	0.00724	0.00451	0.00401	0.00121	0.00468	0.00362	0.00332	0.09665
10	0.00605	0.00435	0.00522	0.00493	0.00617	0.00386	0.00372	0.00765	0.01090	0.04882	0.49740	0.03368	0.33376	0.00911	0.00487	0.00134	0.00208	0.00784	0.00433	0.00390
11	0.00897	0.00879	0.07350	0.00884	0.03523	0.00860	0.04114	0.02803	0.47035	0.01591	0.13116	0.07052	0.03227	0.00737	0.03888	0.00161	0.00379	0.00546	0.00381	0.00575
12	0.00845	0.00821	0.00700	0.00722	0.00816	0.22288	0.00513	0.00979	0.04378	0.03469	0.03938	0.54806	0.02084	0.01006	0.00480	0.00149	0.00380	0.00877	0.00348	0.00401

[dist]
# distance from previous block
# <min> <max>
3	5

[block]
# block no. 11 follows, 64 sequences, length 36
# corresponding to MSA columns:
# 390-425
name=unknown_L
#
# <colnr> <probs for GDERKNQSTAVLIFYWHMCP>
#	G	D	E	R	K	N	Q	S	T	A	V	L	I	F	Y	W	H	M	C	P
0	0.00661	0.00601	0.04911	0.00654	0.02075	0.00523	0.02550	0.00963	0.12106	0.01418	0.33304	0.13022	0.18540	0.00872	0.00516	0.03324	0.00270	0.00729	0.00389	0.02571
1	0.00540	0.00423	0.00489	0.00472	0.00591	0.00372	0.00354	0.00691	0.01062	0.01397	0.43801	0.03546	0.42878	0.00950	0.00490	0.00135	0.00203	0.00813	0.00422	0.00372
2	0.00998	0.00996	0.06138	0.03692	0.19351	0.04705	0.06863	0.05154	0.26403	0.02632	0.01207	0.07776	0.01025	0.02820	0.02579	0.00158	0.06147	0.00473	0.00300	0.00581
3	0.00955	0.00768	0.00887	0.00651	0.01003	0.00628	0.00522	0.07630	0.04059	0.04683	0.00931	0.01011	0.03026	0.00362	0.00330	0.00075	0.00320	0.00290	0.00281	0.71589
4	0.01070	0.21315	0.31234	0.01023	0.01427	0.01160	0.06826	0.12736	0.01024	0.06144	0.00841	0.04106	0.00677	0.00469	0.00469	0.00127	0.08172	0.00355	0.00241	0.00585
5	0.00994	0.13012	0.05333	0.01598	0.03361	0.01129	0.65754	0.01317	0.00957	0.01281	0.00799	0.01046	0.00613	0.00353	0.00454	0.00132	0.00658	0.00444	0.00204	0.00560
6	0.00588	0.00425	0.00555	0.00523	0.00621	0.00392	0.00392	0.00784	0.01176	0.01666	0.82592	0.03103	0.03919	0.00849	0.00490	0.00131	0.00196	0.00751	0.00457	0.00392
7	0.00577	0.00434	0.00543	0.00592	0.00664	0.00421	0.00426	0.00781	0.08220	0.01236	0.14942	0.50242	0.11032	0.01127	0.00513	0.00159	0.00250	0.07062	0.00400	0.00380
8	0.11718	0.05933	0.40301	0.00982	0.01427	0.01040	0.01081	0.20017	0.01123	0.07951	0.00867	0.02408	0.00638	0.00448	0.00401	0.00129	0.02321	0.00333	0.00271	0.00610
9	0.01008	0.03028	0.21845	0.03017	0.21357	0.09111	0.01007	0.03950	0.00959	0.02690	0.00761	0.00910	0.00602	0.00370	0.00368	0.00104	0.00488	0.00303	0.00223	0.27899
10	0.01077	0.08207	0.12229	0.01107	0.04675	0.03304	0.15995	0.13894	0.19505	0.01587	0.01001	0.01077	0.00761	0.00425	0.00399	0.00119	0.00481	0.00374	0.00288	0.13496
11	0.00847	0.00802	0.01359	0.63296	0.23478	0.00939	0.01185	0.01116	0.00860	0.01138	0.00749	0.01087	0.00581	0.00404	0.00414	0.00135	0.00538	0.00369	0.00190	0.00512
12	0.01051	0.04211	0.07755	0.03458	0.10913	0.07157	0.05911	0.16851	0.06458	0.02787	0.06575	0.04294	0.07461	0.00631	0.02370	0.00145	0.09355	0.00460	0.00298	0.01858
13	0.00601	0.00405	0.00468	0.00473	0.00480	0.00407	0.00277	0.00616	0.00627	0.00840	0.02474	0.05308	0.01576	0.76528	0.05623	0.00400	0.00426	0.01948	0.00260	0.00264
14	0.05706	0.04152	0.07149	0.07744	0.10102	0.03051	0.04515	0.08319	0.01029	0.17180	0.01051	0.06451	0.00837	0.00468	0.00384	0.00116	0.00419	0.00394	0.03697	0.17236
15	0.01039	0.11582	0.01616	0.08697	0.54366	0.02095	0.01105	0.04329	0.05085	0.01348	0.00803	0.01004	0.00663	0.00385	0.00389	0.00118	0.00478	0.00350	0.00221	0.04325
16	0.00767	0.00562	0.00658	0.00646	0.00767	0.00509	0.00472	0.00925	0.05313	0.03546	0.38512	0.16972	0.23449	0.01055	0.00559	0.00170	0.00282	0.03892	0.00471	0.00475
17	0.00510	0.00366	0.00484	0.00572	0.00602	0.00341	0.00384	0.00590	0.00820	0.01095	0.06708	0.78694	0.04753	0.01271	0.00527	0.00166	0.00238	0.01150	0.00389	0.00341
18	0.00530	0.00424	0.00471	0.00466	0.00587	0.00370	0.00350	0.00661	0.00999	0.01269	0.26113	0.03729	0.54035	0.04061	0.00553	0.00149	0.00221	0.04253	0.00401	0.00360
19	0.00508	0.00378	0.00474	0.00541	0.00595	0.00344	0.00371	0.00596	0.00853	0.01114	0.08012	0.62426	0.19838	0.01218	0.00519	0.00160	0.00231	0.01088	0.00390	0.00344
20	0.01108	0.76254	0.02070	0.00746	0.01068	0.01589	0.00727	0.01238	0.00832	0.02668	0.00596	0.00704	0.00544	0.00392	0.00369	0.00098	0.08045	0.00239	0.00185	0.00530
21	0.00511	0.00419	0.00450	0.00447	0.00575	0.00358	0.00334	0.00633	0.00987	0.01230	0.19969	0.06966	0.63637	0.01021	0.00492	0.00139	0.00209	0.00863	0.00400	0.00358
