[name]
unknown

[dist]
# distance from previous block
# <min> <max>
0	55

[block]
# block no. 0 follows, 74 sequences, length 25
# corresponding to MSA columns:
# 55-79
name=unknown_A
#
# <colnr> <probs for GDERKNQSTAVLIFYWHMCP>
#	G	D	E	R	K	N	Q	S	T	A	V	L	I	F	Y	W	H	M	C	P
0	0.02478	0.14992	0.08725	0.09833	0.22802	0.04114	0.10884	0.04751	0.01980	0.03153	0.00848	0.08193	0.00759	0.00465	0.01355	0.00120	0.01233	0.02606	0.00212	0.00496
1	0.05359	0.18989	0.15407	0.04472	0.07842	0.03319	0.06489	0.09670	0.06714	0.03610	0.05761	0.04401	0.00830	0.00429	0.00361	0.00110	0.02353	0.00348	0.01801	0.01738
2	0.03780	0.00591	0.00812	0.03494	0.17120	0.02111	0.03000	0.07832	0.00847	0.02273	0.01480	0.43551	0.04187	0.00773	0.00414	0.00128	0.00311	0.00695	0.00292	0.06309
3	0.00749	0.00432	0.00544	0.00491	0.00626	0.00388	0.00377	0.00908	0.02114	0.18475	0.43780	0.06574	0.18930	0.00739	0.00420	0.00119	0.00210	0.00638	0.03085	0.00401
4	0.02772	0.15910	0.17643	0.16166	0.06650	0.04006	0.07567	0.06279	0.02447	0.07168	0.02265	0.04463	0.00710	0.00422	0.00374	0.00114	0.02464	0.01866	0.00220	0.00494
5	0.00862	0.09537	0.11229	0.03531	0.05698	0.03083	0.15537	0.10453	0.03925	0.05238	0.03031	0.23926	0.01159	0.00590	0.00396	0.00123	0.00409	0.00535	0.00268	0.00472
6	0.00645	0.00322	0.00484	0.00484	0.00484	0.00322	0.00322	0.00484	0.00484	0.00645	0.00645	0.01128	0.00645	0.01289	0.01451	0.89201	0.00322	0.00322	0.00161	0.00161
7	0.00513	0.00376	0.00495	0.00540	0.00566	0.00384	0.00372	0.00578	0.00701	0.02148	0.05351	0.63292	0.03880	0.10921	0.00695	0.00173	0.07482	0.00903	0.00320	0.00309
8	0.01078	0.07060	0.13370	0.11129	0.18721	0.03130	0.04206	0.18286	0.04037	0.12562	0.00870	0.02426	0.00654	0.00400	0.00362	0.00113	0.00440	0.00337	0.00262	0.00556
9	0.00614	0.00525	0.00707	0.00630	0.00750	0.04640	0.10241	0.00770	0.02643	0.01083	0.14223	0.09908	0.17522	0.06185	0.17301	0.01907	0.00439	0.01800	0.07761	0.00351
10	0.00967	0.79862	0.01810	0.00611	0.00909	0.01374	0.00603	0.01091	0.00756	0.00916	0.00575	0.00662	0.00516	0.00327	0.00240	0.00080	0.00378	0.00211	0.07646	0.00465
11	0.01850	0.04091	0.02726	0.08705	0.25614	0.00732	0.10804	0.02477	0.00851	0.02210	0.09502	0.01378	0.08324	0.01304	0.00404	0.00110	0.02289	0.01388	0.01173	0.14071
12	0.01284	0.03627	0.01015	0.00899	0.01087	0.70830	0.00679	0.01464	0.08020	0.00988	0.03047	0.02384	0.00663	0.00417	0.00340	0.00099	0.00600	0.00282	0.01836	0.00438
13	0.00884	0.03084	0.28409	0.00837	0.03517	0.00748	0.02689	0.10320	0.02797	0.05107	0.00764	0.02262	0.00594	0.00356	0.00338	0.00093	0.01455	0.00285	0.00229	0.35232
14	0.00878	0.06407	0.39434	0.02262	0.10816	0.03297	0.09815	0.06574	0.06743	0.03015	0.02816	0.00961	0.01895	0.00392	0.00390	0.00116	0.03118	0.00328	0.00209	0.00536
15	0.00985	0.00830	0.00928	0.00893	0.08034	0.00940	0.00646	0.13931	0.63034	0.01628	0.01362	0.03069	0.01041	0.00494	0.00378	0.00123	0.00321	0.00413	0.00360	0.00588
16	0.00726	0.07939	0.01138	0.55498	0.07198	0.00818	0.03854	0.02128	0.01929	0.01018	0.02864	0.04292	0.07060	0.00446	0.00371	0.00119	0.00439	0.00393	0.01347	0.00424
17	0.02603	0.06606	0.05135	0.09859	0.11403	0.12505	0.07134	0.09021	0.00918	0.11297	0.00934	0.06536	0.01937	0.07743	0.00535	0.00136	0.04586	0.00388	0.00247	0.00477
18	0.00728	0.01664	0.68413	0.01036	0.01514	0.00815	0.07568	0.01116	0.00785	0.01162	0.03795	0.00931	0.00628	0.00569	0.07535	0.00158	0.00578	0.00312	0.00172	0.00519
19	0.00450	0.00376	0.00392	0.00388	0.00508	0.00318	0.00291	0.00555	0.00873	0.01067	0.14368	0.03467	0.73841	0.00916	0.00439	0.00124	0.00186	0.00769	0.00353	0.00318
20	0.00711	0.00966	0.25043	0.02967	0.07778	0.02128	0.05899	0.03464	0.04768	0.03052	0.04930	0.17128	0.15178	0.00628	0.00398	0.00124	0.00374	0.00548	0.03467	0.00449
21	0.03875	0.12500	0.17725	0.03893	0.09119	0.05448	0.14980	0.11578	0.08392	0.03574	0.00806	0.02825	0.00634	0.00395	0.00379	0.00114	0.02672	0.00337	0.00229	0.00526
22	0.00556	0.00351	0.00465	0.00522	0.00569	0.00324	0.00357	0.00627	0.00741	0.08018	0.02029	0.75127	0.04784	0.03000	0.00496	0.00152	0.00226	0.00978	0.00352	0.00328
23	0.00688	0.00520	0.00790	0.09824	0.02525	0.00538	0.10249	0.00853	0.00822	0.04689	0.16625	0.07985	0.09669	0.02747	0.01607	0.01743	0.06416	0.00514	0.20815	0.00380
24	0.03785	0.06154	0.07731	0.04667	0.15966	0.12061	0.05645	0.14854	0.03355	0.12604	0.04152	0.03644	0.01809	0.01480	0.00381	0.00115	0.00438	0.00361	0.00272	0.00527

[dist]
# distance from previous block
# <min> <max>
0	3

[block]
# block no. 1 follows, 74 sequences, length 50
# corresponding to MSA columns:
# 83-132
name=unknown_B
#
# <colnr> <probs for GDERKNQSTAVLIFYWHMCP>
#	G	D	E	R	K	N	Q	S	T	A	V	L	I	F	Y	W	H	M	C	P
0	0.18902	0.01052	0.09467	0.02952	0.24765	0.08534	0.15388	0.07214	0.02218	0.02393	0.00686	0.00842	0.00536	0.00361	0.00375	0.00115	0.03166	0.00312	0.00211	0.00512
1	0.01194	0.29725	0.02410	0.00950	0.05996	0.37765	0.05487	0.07464	0.00975	0.02934	0.00616	0.00712	0.00510	0.00363	0.00325	0.00095	0.01547	0.00254	0.00199	0.00479
2	0.00650	0.01528	0.02013	0.00559	0.00642	0.02761	0.00422	0.00773	0.07970	0.02223	0.12301	0.03659	0.04326	0.04166	0.24227	0.28484	0.00492	0.00435	0.00244	0.02125
3	0.02466	0.15247	0.16299	0.00984	0.11535	0.05467	0.02312	0.10450	0.06943	0.11621	0.02101	0.02088	0.02699	0.00418	0.00376	0.00108	0.03787	0.00326	0.00255	0.04517
4	0.00798	0.01475	0.52589	0.02562	0.13620	0.00829	0.06154	0.03208	0.03889	0.02828	0.06417	0.01035	0.02152	0.00394	0.00369	0.00117	0.00488	0.00337	0.00202	0.00537
5	0.00452	0.00323	0.00431	0.00517	0.00538	0.00301	0.00345	0.00517	0.00711	0.00948	0.02046	0.86713	0.02455	0.01163	0.00474	0.00151	0.00215	0.01055	0.00345	0.00301
6	0.02572	0.14508	0.19634	0.10269	0.05494	0.03432	0.04975	0.02955	0.00743	0.02254	0.00618	0.01836	0.00523	0.00456	0.00619	0.00126	0.28034	0.00305	0.00177	0.00470
7	0.01958	0.01027	0.13999	0.12219	0.27168	0.05666	0.06768	0.07713	0.03525	0.07332	0.00846	0.05589	0.00691	0.00421	0.00404	0.00118	0.03432	0.00368	0.00228	0.00527
8	0.02802	0.00651	0.01066	0.52032	0.18984	0.00749	0.00925	0.00922	0.00759	0.01023	0.00903	0.13801	0.00844	0.00496	0.00386	0.00126	0.00433	0.02467	0.00201	0.00430
9	0.00477	0.00337	0.00442	0.00514	0.00539	0.00320	0.00348	0.00543	0.00707	0.00942	0.03780	0.67325	0.02308	0.12516	0.00664	0.00179	0.00243	0.07191	0.00330	0.00296
10	0.05029	0.24542	0.03753	0.10539	0.01164	0.03649	0.00687	0.24521	0.03580	0.04110	0.00820	0.02625	0.00681	0.01875	0.05805	0.00142	0.02379	0.02342	0.01260	0.00496
11	0.03592	0.03408	0.01971	0.05587	0.22220	0.06066	0.05678	0.13265	0.15661	0.01390	0.00851	0.00975	0.00675	0.02024	0.00399	0.00111	0.02338	0.00327	0.00251	0.13210
12	0.00707	0.00670	0.01150	0.81075	0.02500	0.00823	0.04464	0.00955	0.00750	0.00961	0.00686	0.01045	0.00526	0.00380	0.00376	0.00125	0.00498	0.01728	0.00169	0.00415
13	0.00440	0.00372	0.00380	0.00387	0.00504	0.00312	0.00287	0.00531	0.00836	0.00998	0.03629	0.09957	0.78189	0.00957	0.00441	0.00127	0.00190	0.00804	0.00345	0.00312
14	0.03147	0.00765	0.04397	0.00865	0.05709	0.00714	0.08992	0.12307	0.09862	0.29771	0.07453	0.09196	0.01142	0.00520	0.00400	0.00119	0.01575	0.00451	0.00355	0.02257
15	0.00540	0.00360	0.00405	0.00405	0.00405	0.00360	0.00225	0.00540	0.00540	0.00720	0.01170	0.02429	0.01349	0.86955	0.01889	0.00360	0.00360	0.00540	0.00225	0.00225
16	0.89577	0.00718	0.00546	0.00488	0.00718	0.00833	0.00402	0.01091	0.00632	0.01665	0.00517	0.00603	0.00402	0.00345	0.00230	0.00115	0.00287	0.00201	0.00230	0.00402
17	0.00923	0.00797	0.00839	0.00755	0.00965	0.00923	0.00588	0.01972	0.83969	0.01553	0.01511	0.01385	0.01133	0.00504	0.00378	0.00126	0.00294	0.00420	0.00378	0.00588
18	0.01660	0.00640	0.00867	0.00664	0.00952	0.00558	0.00549	0.03471	0.01076	0.83215	0.01453	0.01256	0.00913	0.00459	0.00373	0.00115	0.00318	0.00372	0.00458	0.00632
19	0.89577	0.00718	0.00546	0.00488	0.00718	0.00833	0.00402	0.01091	0.00632	0.01665	0.00517	0.00603	0.00402	0.00345	0.00230	0.00115	0.00287	0.00201	0.00230	0.00402
20	0.00452	0.00323	0.00431	0.00517	0.00538	0.00301	0.00345	0.00517	0.00711	0.00948	0.02046	0.86713	0.02455	0.01163	0.00474	0.00151	0.00215	0.01055	0.00345	0.00301
21	0.00701	0.00660	0.01113	0.86063	0.02556	0.00825	0.01031	0.00948	0.00742	0.00948	0.00660	0.00990	0.00495	0.00371	0.00371	0.00124	0.00495	0.00330	0.00165	0.00412
22	0.14690	0.00829	0.00928	0.00722	0.01005	0.00862	0.00596	0.38606	0.01307	0.35116	0.01063	0.00996	0.00712	0.00436	0.00351	0.00113	0.00353	0.00330	0.00385	0.00597
23	0.00940	0.05691	0.05302	0.37050	0.16642	0.00941	0.01958	0.19830	0.03008	0.02347	0.00743	0.00931	0.00563	0.00379	0.00361	0.00114	0.00453	0.00323	0.00225	0.02197
24	0.00595	0.00425	0.00595	0.00680	0.00764	0.00425	0.00593	0.00764	0.00852	0.01108	0.01967	0.05848	0.02143	0.01028	0.00512	0.00170	0.00339	0.80510	0.00342	0.00341
25	0.06567	0.03995	0.59679	0.04578	0.01544	0.00869	0.08154	0.01219	0.03787	0.05170	0.00727	0.00838	0.00520	0.00359	0.00351	0.00117	0.00511	0.00294	0.00187	0.00533
26	0.03993	0.00694	0.00882	0.00684	0.00959	0.00652	0.00562	0.14218	0.01121	0.61868	0.01306	0.03454	0.00875	0.00469	0.00387	0.00114	0.02352	0.00373	0.00419	0.04619
27	0.89577	0.00718	0.00546	0.00488	0.00718	0.00833	0.00402	0.01091	0.00632	0.01665	0.00517	0.00603	0.00402	0.00345	0.00230	0.00115	0.00287	0.00201	0.00230	0.00402
28	0.00580	0.00393	0.00443	0.00432	0.00449	0.00399	0.00255	0.02906	0.03356	0.00800	0.02182	0.02315	0.01327	0.77943	0.01765	0.03094	0.00356	0.00525	0.00234	0.00248
29	0.03215	0.00993	0.00989	0.00787	0.01053	0.12037	0.00638	0.45666	0.03852	0.21007	0.01008	0.00981	0.00703	0.00439	0.00359	0.00109	0.00404	0.00331	0.04843	0.00585
30	0.00728	0.00683	0.01083	0.52533	0.06576	0.00861	0.00923	0.01942	0.00712	0.00963	0.00706	0.04895	0.00612	0.00592	0.04870	0.00157	0.20207	0.00365	0.00178	0.00414
31	0.00591	0.00422	0.00590	0.00676	0.00758	0.00421	0.00586	0.00757	0.00848	0.01103	0.01969	0.08003	0.02151	0.01032	0.00511	0.00170	0.00336	0.78392	0.00342	0.00340
32	0.01387	0.01769	0.01052	0.00956	0.01148	0.85465	0.00717	0.01482	0.01052	0.00908	0.00574	0.00669	0.00478	0.00383	0.00335	0.00096	0.00669	0.00239	0.00191	0.00430
33	0.01033	0.47768	0.03833	0.00726	0.02376	0.01207	0.00652	0.08365	0.19451	0.06261	0.00852	0.01743	0.00686	0.00395	0.00317	0.00098	0.02124	0.00286	0.00247	0.01578
34	0.00510	0.00362	0.00474	0.00503	0.00561	0.00340	0.00355	0.00646	0.02822	0.02314	0.36691	0.48241	0.02844	0.00968	0.00455	0.00135	0.00202	0.00870	0.00374	0.00333
35	0.00853	0.00727	0.00777	0.00704	0.00894	0.00825	0.00545	0.01752	0.69991	0.01525	0.12696	0.01646	0.04331	0.00553	0.00388	0.00125	0.00274	0.00466	0.00381	0.00546
36	0.00506	0.00379	0.00470	0.00447	0.00543	0.00342	0.00335	0.00664	0.01006	0.01383	0.66893	0.02947	0.21119	0.00798	0.00438	0.00119	0.00178	0.00696	0.00395	0.00342
37	0.00484	0.00367	0.00484	0.00583	0.04495	0.00344	0.00378	0.00582	0.02247	0.01000	0.05490	0.66356	0.13680	0.01065	0.00461	0.00144	0.00222	0.00957	0.00340	0.00324
38	0.00876	0.01001	0.02190	0.01564	0.01940	0.00939	0.83292	0.01189	0.00876	0.01189	0.00751	0.01001	0.00563	0.00313	0.00438	0.00125	0.00626	0.00438	0.00188	0.00501
39	0.01606	0.00656	0.00867	0.00673	0.00955	0.00590	0.00553	0.04282	0.06879	0.76579	0.01450	0.01261	0.00925	0.00462	0.00374	0.00116	0.00317	0.00375	0.00451	0.00629
40	0.01355	0.00991	0.01067	0.00833	0.01118	0.01096	0.00683	0.69126	0.12850	0.05522	0.00998	0.00973	0.00711	0.00454	0.00372	0.00113	0.00389	0.00347	0.00376	0.00625
41	0.00866	0.00987	0.02149	0.01537	0.01907	0.00924	0.81389	0.01174	0.00875	0.01185	0.00820	0.01060	0.02487	0.00327	0.00438	0.00125	0.00616	0.00446	0.00191	0.00496
42	0.89577	0.00718	0.00546	0.00488	0.00718	0.00833	0.00402	0.01091	0.00632	0.01665	0.00517	0.00603	0.00402	0.00345	0.00230	0.00115	0.00287	0.00201	0.00230	0.00402
43	0.00455	0.00324	0.00430	0.00514	0.00535	0.00303	0.00341	0.00517	0.00706	0.00941	0.02022	0.84408	0.02425	0.03509	0.00512	0.00156	0.00219	0.01041	0.00341	0.00299
44	0.01353	0.00563	0.00750	0.00598	0.00835	0.00490	0.00485	0.01498	0.01037	0.62319	0.15502	0.01717	0.08575	0.00550	0.00388	0.00116	0.00279	0.00458	0.01937	0.00552
45	0.01004	0.04300	0.13378	0.05022	0.20629	0.04966	0.08203	0.15349	0.08820	0.06417	0.07449	0.01091	0.00863	0.00414	0.00373	0.00114	0.00437	0.00361	0.00263	0.00546
46	0.00538	0.00408	0.00606	0.00602	0.00664	0.00480	0.00467	0.00666	0.00594	0.00859	0.00985	0.01467	0.00927	0.05026	0.80867	0.00578	0.03337	0.00400	0.00199	0.00331
47	0.00471	0.00365	0.00437	0.00459	0.00542	0.00330	0.00336	0.00578	0.00834	0.01080	0.19063	0.27276	0.36862	0.01075	0.05206	0.00159	0.00244	0.04014	0.00349	0.00319
48	0.00896	0.02683	0.02778	0.09182	0.28940	0.00701	0.03318	0.06196	0.02141	0.12476	0.02482	0.19556	0.04314	0.00583	0.00397	0.00123	0.00368	0.02093	0.00280	0.00494
49	0.02488	0.06958	0.13225	0.03253	0.24847	0.05127	0.06610	0.18547	0.08059	0.06071	0.00827	0.00920	0.00625	0.00381	0.00360	0.00112	0.00450	0.00325	0.00250	0.00565

[dist]
# distance from previous block
# <min> <max>
0	13

[block]
# block no. 2 follows, 74 sequences, length 35
# corresponding to MSA columns:
# 146-180
name=unknown_C
#
# <colnr> <probs for GDERKNQSTAVLIFYWHMCP>
#	G	D	E	R	K	N	Q	S	T	A	V	L	I	F	Y	W	H	M	C	P
0	0.03681	0.01858	0.00805	0.06698	0.13891	0.00583	0.00582	0.03811	0.05074	0.06666	0.02481	0.34709	0.01399	0.00728	0.01889	0.00130	0.01630	0.00608	0.00290	0.12487
1	0.08217	0.00876	0.00973	0.02531	0.08918	0.02419	0.00661	0.38726	0.18743	0.03284	0.07600	0.01200	0.03255	0.00475	0.00367	0.00115	0.00358	0.00379	0.00340	0.00561
2	0.00685	0.00418	0.00503	0.00461	0.00595	0.00367	0.00352	0.00814	0.00942	0.15541	0.31058	0.05887	0.36283	0.02430	0.00453	0.00125	0.00209	0.00673	0.01825	0.00379
3	0.00525	0.00379	0.00496	0.00467	0.00555	0.00350	0.00350	0.00700	0.01051	0.01488	0.84444	0.02773	0.03502	0.00759	0.00438	0.00117	0.00175	0.00671	0.00409	0.00350
4	0.00487	0.00378	0.00443	0.00426	0.00531	0.00334	0.00320	0.00626	0.00960	0.01272	0.48519	0.03129	0.39562	0.00840	0.00438	0.00121	0.00181	0.00721	0.00380	0.00334
5	0.89577	0.00718	0.00546	0.00488	0.00718	0.00833	0.00402	0.01091	0.00632	0.01665	0.00517	0.00603	0.00402	0.00345	0.00230	0.00115	0.00287	0.00201	0.00230	0.00402
6	0.00745	0.00713	0.01008	0.00884	0.00900	0.00976	0.00729	0.00838	0.00575	0.00886	0.00608	0.00966	0.00592	0.01159	0.21313	0.00266	0.65939	0.00342	0.00171	0.00388
7	0.00992	0.87178	0.01945	0.00635	0.00953	0.01469	0.00635	0.01111	0.00754	0.00873	0.00516	0.00595	0.00476	0.00318	0.00238	0.00079	0.00397	0.00198	0.00159	0.00476
8	0.00814	0.00817	0.01162	0.00988	0.00997	0.01132	0.02750	0.00900	0.00576	0.00900	0.00493	0.00817	0.00489	0.00642	0.01200	0.00162	0.84263	0.00327	0.00163	0.00408
9	0.00701	0.00660	0.01113	0.86063	0.02556	0.00825	0.01031	0.00948	0.00742	0.00948	0.00660	0.00990	0.00495	0.00371	0.00371	0.00124	0.00495	0.00330	0.00165	0.00412
10	0.00622	0.00517	0.00697	0.00649	0.00666	0.00640	0.00486	0.00686	0.00575	0.00827	0.00961	0.07496	0.01038	0.32090	0.21556	0.00336	0.29167	0.00470	0.00206	0.00316
11	0.01110	0.01308	0.01093	0.00965	0.01064	0.44854	0.00763	0.01199	0.00819	0.00901	0.00532	0.00738	0.00483	0.00511	0.00760	0.00128	0.41896	0.00280	0.00177	0.00419
12	0.01411	0.01040	0.01114	0.00854	0.01151	0.01151	0.00706	0.83402	0.01745	0.02339	0.00891	0.00891	0.00631	0.00446	0.00371	0.00111	0.00408	0.00334	0.00371	0.00631
13	0.00864	0.03083	0.06092	0.10650	0.34118	0.00865	0.27139	0.02238	0.00850	0.02402	0.00835	0.02564	0.02100	0.00377	0.00390	0.00118	0.00492	0.02245	0.02061	0.00517
14	0.00775	0.08725	0.25782	0.38786	0.01906	0.00888	0.06191	0.05518	0.00817	0.01099	0.00746	0.05775	0.00609	0.00406	0.00364	0.00119	0.00489	0.00350	0.00185	0.00469
15	0.00539	0.00362	0.00414	0.00414	0.00417	0.00365	0.00236	0.00546	0.00543	0.00727	0.01161	0.02382	0.01329	0.82905	0.05912	0.00371	0.00390	0.00533	0.00224	0.00230
16	0.05409	0.00635	0.00848	0.00653	0.00938	0.00558	0.00539	0.01778	0.01044	0.81352	0.01424	0.01235	0.00897	0.00455	0.00367	0.00115	0.00315	0.00366	0.00450	0.00622
17	0.00800	0.04069	0.47482	0.07102	0.10154	0.02011	0.10471	0.01159	0.03302	0.02900	0.00819	0.02157	0.01871	0.01661	0.00392	0.00122	0.00509	0.02311	0.00188	0.00520
18	0.00615	0.00409	0.00494	0.00486	0.00595	0.00373	0.00363	0.00759	0.03744	0.09915	0.19522	0.21109	0.31811	0.02265	0.02986	0.00147	0.00240	0.03441	0.00365	0.00361
19	0.00922	0.00742	0.00801	0.00727	0.00923	0.00841	0.00562	0.01823	0.71098	0.06394	0.01559	0.09575	0.01247	0.00564	0.00387	0.00128	0.00288	0.00478	0.00379	0.00563
20	0.01252	0.00562	0.00724	0.00591	0.00816	0.00502	0.00475	0.01448	0.06274	0.53662	0.11706	0.03118	0.14690	0.00585	0.00392	0.00118	0.00273	0.00487	0.01789	0.00535
21	0.02660	0.05700	0.00985	0.00812	0.06297	0.00844	0.00617	0.28505	0.11786	0.24984	0.03487	0.07791	0.00988	0.00505	0.00370	0.00115	0.00341	0.00412	0.02229	0.00571
22	0.01030	0.00515	0.00664	0.00561	0.00744	0.00472	0.00444	0.01251	0.07149	0.36487	0.36648	0.02070	0.07786	0.00622	0.00404	0.00117	0.00244	0.00530	0.01779	0.00483
23	0.00806	0.00424	0.00514	0.00468	0.00537	0.00403	0.00304	0.00842	0.00668	0.20799	0.01260	0.04073	0.01272	0.64372	0.01495	0.00297	0.00346	0.00512	0.00284	0.00324
24	0.02014	0.00362	0.00449	0.00500	0.00556	0.00336	0.00346	0.02158	0.00776	0.02778	0.06382	0.63583	0.16263	0.01063	0.00458	0.00143	0.00216	0.00948	0.00349	0.00321
25	0.00861	0.00765	0.01138	0.05044	0.07629	0.04774	0.19133	0.09461	0.08627	0.05181	0.01252	0.24014	0.02875	0.01840	0.00485	0.00133	0.05479	0.00567	0.00280	0.00461
26	0.00937	0.00687	0.01084	0.10059	0.24822	0.02527	0.08276	0.02096	0.00858	0.18434	0.02188	0.19917	0.01112	0.02131	0.03041	0.00142	0.00405	0.00516	0.00281	0.00488
27	0.78819	0.05366	0.00684	0.00573	0.03098	0.03077	0.01622	0.01105	0.00659	0.01584	0.00527	0.00619	0.00415	0.00343	0.00240	0.00112	0.00312	0.00209	0.00223	0.00413
28	0.00530	0.00364	0.00428	0.00432	0.00451	0.00361	0.00266	0.00564	0.00615	0.00827	0.08704	0.07093	0.04914	0.64579	0.06785	0.00329	0.00368	0.01886	0.00253	0.00252
29	0.00902	0.05610	0.05472	0.04175	0.54891	0.00912	0.04537	0.02512	0.11389	0.01248	0.03097	0.01008	0.00721	0.00371	0.00377	0.00113	0.01541	0.00346	0.00214	0.00563
30	0.00523	0.00379	0.00493	0.00465	0.00553	0.00349	0.00348	0.00696	0.01045	0.01476	0.82335	0.02794	0.05619	0.00764	0.00438	0.00117	0.00175	0.00674	0.00407	0.00349
31	0.00563	0.00440	0.00630	0.00629	0.01931	0.00515	0.00474	0.00697	0.02345	0.00877	0.01078	0.03456	0.03310	0.10245	0.63775	0.00500	0.07560	0.00430	0.00209	0.00335
32	0.00603	0.07236	0.00704	0.02153	0.00699	0.01804	0.00463	0.02268	0.00637	0.00877	0.01009	0.05690	0.01000	0.14785	0.55935	0.00464	0.02701	0.00429	0.00208	0.00336
33	0.00462	0.00332	0.00442	0.00514	0.00543	0.00315	0.00348	0.00535	0.00719	0.00964	0.05844	0.74695	0.03809	0.03020	0.05395	0.00179	0.00261	0.00984	0.00337	0.00304
34	0.37866	0.02936	0.04759	0.00759	0.04202	0.28740	0.00597	0.06344	0.02125	0.01379	0.00637	0.00731	0.00504	0.00371	0.00289	0.00106	0.00433	0.00244	0.06540	0.00440

[dist]
# distance from previous block
# <min> <max>
0	60

[block]
# block no. 3 follows, 74 sequences, length 15
# corresponding to MSA columns:
# 241-255
name=unknown_D
#
# <colnr> <probs for GDERKNQSTAVLIFYWHMCP>
#	G	D	E	R	K	N	Q	S	T	A	V	L	I	F	Y	W	H	M	C	P
0	0.00557	0.04082	0.02671	0.00576	0.00660	0.00464	0.05123	0.00660	0.00689	0.00939	0.09923	0.19315	0.05039	0.23886	0.23423	0.00314	0.00494	0.00605	0.00260	0.00320
1	0.00566	0.00385	0.00489	0.00459	0.00555	0.00353	0.00346	0.00734	0.01018	0.04088	0.70539	0.02692	0.09096	0.00741	0.00424	0.00115	0.00180	0.00649	0.06214	0.00356
2	0.00910	0.00760	0.01034	0.00865	0.00951	0.00958	0.00716	0.01038	0.02995	0.11429	0.00672	0.00894	0.00577	0.00622	0.02901	0.00151	0.59998	0.00322	0.00214	0.11993
3	0.00923	0.00797	0.00839	0.00755	0.00965	0.00923	0.00588	0.01972	0.83969	0.01553	0.01511	0.01385	0.01133	0.00504	0.00378	0.00126	0.00294	0.00420	0.00378	0.00588
4	0.00770	0.00660	0.00770	0.00550	0.00880	0.00495	0.00440	0.00935	0.00770	0.01210	0.00660	0.00770	0.00550	0.00275	0.00275	0.00055	0.00275	0.00220	0.00220	0.89224
5	0.00539	0.00387	0.00508	0.00574	0.00630	0.00377	0.00437	0.03077	0.00789	0.01037	0.02007	0.44894	0.06070	0.06493	0.00573	0.00169	0.00275	0.30506	0.00337	0.00322
6	0.00525	0.00379	0.00496	0.00467	0.00555	0.00350	0.00350	0.00700	0.01051	0.01488	0.84444	0.02773	0.03502	0.00759	0.00438	0.00117	0.00175	0.00671	0.00409	0.00350
7	0.00816	0.00658	0.00774	0.00556	0.00883	0.00497	0.00445	0.00980	0.00785	0.05558	0.00702	0.00795	0.00569	0.00284	0.00280	0.00058	0.00277	0.00228	0.00232	0.84621
8	0.00539	0.00365	0.00430	0.00430	0.00439	0.00373	0.00256	0.00556	0.00547	0.00738	0.01147	0.02302	0.01294	0.75933	0.12836	0.00391	0.00443	0.00521	0.00221	0.00239
9	0.15206	0.00747	0.00854	0.00685	0.00951	0.00764	0.00559	0.16443	0.15319	0.42745	0.01221	0.01114	0.00823	0.00447	0.00351	0.00116	0.00324	0.00347	0.00394	0.00588
10	0.00482	0.00378	0.00436	0.00422	0.00528	0.00332	0.00316	0.00617	0.00949	0.01247	0.44260	0.03171	0.43837	0.00849	0.00438	0.00121	0.00182	0.00727	0.00377	0.00332
11	0.02759	0.60000	0.04199	0.00822	0.07400	0.14076	0.00700	0.02892	0.00825	0.00961	0.00579	0.02225	0.00523	0.00348	0.00273	0.00088	0.00441	0.00236	0.00175	0.00479
12	0.00903	0.00853	0.04858	0.09716	0.07916	0.10359	0.08463	0.01107	0.04626	0.10136	0.00926	0.07970	0.00814	0.02646	0.11953	0.00196	0.15468	0.00407	0.00233	0.00450
13	0.00533	0.00402	0.00547	0.00602	0.04179	0.00419	0.00409	0.00644	0.02113	0.00965	0.07489	0.31628	0.06506	0.12578	0.24667	0.00297	0.02860	0.00683	0.02154	0.00325
14	0.25418	0.03379	0.07015	0.06961	0.29489	0.08256	0.00840	0.04875	0.03145	0.01323	0.00646	0.00802	0.00521	0.00372	0.00373	0.00114	0.05487	0.00282	0.00206	0.00497

[dist]
# distance from previous block
# <min> <max>
0	3

[block]
# block no. 4 follows, 74 sequences, length 44
# corresponding to MSA columns:
# 259-302
name=unknown_E
#
# <colnr> <probs for GDERKNQSTAVLIFYWHMCP>
#	G	D	E	R	K	N	Q	S	T	A	V	L	I	F	Y	W	H	M	C	P
0	0.01604	0.00658	0.00867	0.00671	0.00952	0.00594	0.00552	0.06515	0.04648	0.75251	0.01429	0.01249	0.00912	0.00460	0.00372	0.00115	0.00318	0.00373	0.01837	0.00625
1	0.05155	0.06398	0.01040	0.00782	0.02547	0.03857	0.00631	0.48089	0.03426	0.14751	0.04900	0.01067	0.00825	0.03273	0.00407	0.00118	0.00379	0.00347	0.01435	0.00573
2	0.29242	0.00539	0.00556	0.00489	0.00666	0.00552	0.00389	0.01106	0.02302	0.18581	0.18710	0.01464	0.03632	0.00494	0.00318	0.00110	0.00242	0.00387	0.19794	0.00427
3	0.89577	0.00718	0.00546	0.00488	0.00718	0.00833	0.00402	0.01091	0.00632	0.01665	0.00517	0.00603	0.00402	0.00345	0.00230	0.00115	0.00287	0.00201	0.00230	0.00402
4	0.00510	0.00379	0.00475	0.00451	0.00545	0.00344	0.00338	0.00672	0.01015	0.01405	0.70558	0.02910	0.17440	0.00790	0.00438	0.00118	0.00177	0.00691	0.00398	0.00344
5	0.00598	0.00427	0.00598	0.00684	0.00769	0.00427	0.00598	0.00769	0.00854	0.01111	0.01965	0.04187	0.02136	0.01025	0.00513	0.00171	0.00342	0.82141	0.00342	0.00342
6	0.00466	0.00377	0.00414	0.00405	0.00518	0.00325	0.00304	0.00586	0.00911	0.01158	0.29553	0.03317	0.58600	0.00882	0.00438	0.00123	0.00184	0.00748	0.00365	0.00325
7	0.00923	0.00797	0.00839	0.00755	0.00965	0.00923	0.00588	0.01972	0.83969	0.01553	0.01511	0.01385	0.01133	0.00504	0.00378	0.00126	0.00294	0.00420	0.00378	0.00588
8	0.01665	0.00632	0.00861	0.00660	0.00948	0.00546	0.00546	0.01809	0.01062	0.84897	0.01464	0.01263	0.00919	0.00459	0.00373	0.00115	0.00316	0.00373	0.00459	0.00632
9	0.01411	0.01040	0.01114	0.00854	0.01151	0.01151	0.00706	0.83402	0.01745	0.02339	0.00891	0.00891	0.00631	0.00446	0.00371	0.00111	0.00408	0.00334	0.00371	0.00631
10	0.00812	0.00812	0.01137	0.00975	0.00975	0.01137	0.00812	0.00893	0.00568	0.00893	0.00487	0.00812	0.00487	0.00650	0.01218	0.00162	0.86276	0.00325	0.00162	0.00406
11	0.01387	0.01769	0.01052	0.00956	0.01148	0.85465	0.00717	0.01482	0.01052	0.00908	0.00574	0.00669	0.00478	0.00383	0.00335	0.00096	0.00669	0.00239	0.00191	0.00430
12	0.00770	0.00660	0.00770	0.00550	0.00880	0.00495	0.00440	0.00935	0.00770	0.01210	0.00660	0.00770	0.00550	0.00275	0.00275	0.00055	0.00275	0.00220	0.00220	0.89224
13	0.07626	0.00776	0.02483	0.01318	0.34792	0.00733	0.00797	0.05201	0.00968	0.38799	0.01054	0.01091	0.00744	0.00404	0.00362	0.00114	0.00373	0.01451	0.00321	0.00592
14	0.00907	0.06525	0.01098	0.04454	0.14348	0.10611	0.09956	0.01079	0.00873	0.10333	0.01266	0.09184	0.02510	0.00648	0.01532	0.00135	0.00429	0.22241	0.00272	0.01598
15	0.00992	0.87178	0.01945	0.00635	0.00953	0.01469	0.00635	0.01111	0.00754	0.00873	0.00516	0.00595	0.00476	0.00318	0.00238	0.00079	0.00397	0.00198	0.00159	0.00476
16	0.01387	0.01769	0.01052	0.00956	0.01148	0.85465	0.00717	0.01482	0.01052	0.00908	0.00574	0.00669	0.00478	0.00383	0.00335	0.00096	0.00669	0.00239	0.00191	0.00430
17	0.89577	0.00718	0.00546	0.00488	0.00718	0.00833	0.00402	0.01091	0.00632	0.01665	0.00517	0.00603	0.00402	0.00345	0.00230	0.00115	0.00287	0.00201	0.00230	0.00402
18	0.00531	0.00397	0.00591	0.00591	0.00655	0.00461	0.00457	0.00659	0.00595	0.00857	0.01000	0.01488	0.00941	0.05346	0.82940	0.00589	0.00975	0.00402	0.00200	0.00328
19	0.00919	0.00882	0.01507	0.02278	0.84640	0.00882	0.01139	0.01139	0.00845	0.01213	0.00698	0.00919	0.00588	0.00331	0.00367	0.00110	0.00441	0.00331	0.00184	0.00588
20	0.00525	0.00379	0.00496	0.00467	0.00555	0.00350	0.00350	0.00700	0.01051	0.01488	0.84444	0.02773	0.03502	0.00759	0.00438	0.00117	0.00175	0.00671	0.00409	0.00350
21	0.00530	0.00398	0.00597	0.00597	0.00663	0.00464	0.00464	0.00663	0.00597	0.00862	0.00994	0.01458	0.00928	0.02784	0.85484	0.00597	0.00994	0.00398	0.00199	0.00331
22	0.00582	0.00398	0.00587	0.00578	0.00618	0.00457	0.00433	0.00617	0.00558	0.00792	0.00862	0.01349	0.00828	0.04864	0.52004	0.27851	0.05780	0.00375	0.00186	0.00280
23	0.23117	0.02533	0.03434	0.00856	0.08750	0.03419	0.00651	0.28642	0.04597	0.19145	0.00903	0.00905	0.00639	0.00408	0.00333	0.00113	0.00369	0.00306	0.00322	0.00558
24	0.01387	0.01769	0.01052	0.00956	0.01148	0.85465	0.00717	0.01482	0.01052	0.00908	0.00574	0.00669	0.00478	0.00383	0.00335	0.00096	0.00669	0.00239	0.00191	0.00430
25	0.83852	0.00712	0.00566	0.00499	0.00733	0.00814	0.00411	0.01138	0.00660	0.07085	0.00579	0.00646	0.00436	0.00352	0.00239	0.00115	0.00289	0.00212	0.00245	0.00417
26	0.00713	0.00366	0.00369	0.00361	0.00454	0.00370	0.00273	0.03298	0.00807	0.01412	0.01201	0.01369	0.00942	0.00433	0.00263	0.00087	0.00180	0.00346	0.86402	0.00354
27	0.00876	0.01001	0.02190	0.01564	0.01940	0.00939	0.83292	0.01189	0.00876	0.01189	0.00751	0.01001	0.00563	0.00313	0.00438	0.00125	0.00626	0.00438	0.00188	0.00501
28	0.00439	0.00376	0.00376	0.00376	0.00501	0.00313	0.00282	0.00533	0.00846	0.01003	0.03760	0.03572	0.84489	0.00940	0.00439	0.00125	0.00188	0.00783	0.00345	0.00313
29	0.00464	0.00398	0.00401	0.00396	0.00526	0.00346	0.00298	0.00609	0.05245	0.01032	0.03641	0.03456	0.80078	0.00917	0.00435	0.00125	0.00194	0.00764	0.00346	0.00328
30	0.00792	0.00673	0.00782	0.00560	0.00889	0.00518	0.00449	0.03803	0.00804	0.01249	0.00668	0.00774	0.00553	0.00281	0.00278	0.00057	0.00280	0.00224	0.00225	0.86143
31	0.00770	0.00660	0.00770	0.00550	0.00880	0.00495	0.00440	0.00935	0.00770	0.01210	0.00660	0.00770	0.00550	0.00275	0.00275	0.00055	0.00275	0.00220	0.00220	0.89224
32	0.00776	0.00769	0.01078	0.03878	0.01012	0.03155	0.04921	0.00887	0.00672	0.00989	0.11119	0.02563	0.02837	0.00645	0.00998	0.00151	0.62554	0.00395	0.00203	0.00401
33	0.00992	0.87178	0.01945	0.00635	0.00953	0.01469	0.00635	0.01111	0.00754	0.00873	0.00516	0.00595	0.00476	0.00318	0.00238	0.00079	0.00397	0.00198	0.00159	0.00476
34	0.01045	0.02975	0.05884	0.07422	0.20018	0.03503	0.06443	0.21803	0.04813	0.07382	0.01933	0.03265	0.01848	0.01458	0.00471	0.00122	0.08447	0.00368	0.00264	0.00538
35	0.24339	0.06333	0.07293	0.06634	0.02572	0.15185	0.04692	0.02075	0.00802	0.06651	0.00927	0.17552	0.00882	0.00524	0.00357	0.00118	0.01973	0.00418	0.00244	0.00430
36	0.00439	0.00376	0.00376	0.00376	0.00501	0.00313	0.00282	0.00533	0.00846	0.01003	0.03760	0.03572	0.84489	0.00940	0.00439	0.00125	0.00188	0.00783	0.00345	0.00313
37	0.04282	0.00758	0.01105	0.00831	0.01132	0.00713	0.13864	0.14534	0.01126	0.55810	0.01229	0.01142	0.00800	0.00430	0.00379	0.00116	0.00379	0.00372	0.00395	0.00603
38	0.02152	0.13853	0.17741	0.05919	0.11964	0.06443	0.16166	0.05521	0.00890	0.09596	0.00808	0.04774	0.00648	0.00396	0.00371	0.00113	0.01559	0.00350	0.00220	0.00516
39	0.01062	0.01006	0.14669	0.00893	0.05609	0.00897	0.03623	0.35463	0.08486	0.03798	0.00980	0.02186	0.00749	0.00450	0.00384	0.00114	0.03107	0.01900	0.14078	0.00546
40	0.00439	0.00376	0.00376	0.00376	0.00501	0.00313	0.00282	0.00533	0.00846	0.01003	0.03760	0.03572	0.84489	0.00940	0.00439	0.00125	0.00188	0.00783	0.00345	0.00313
41	0.01839	0.19422	0.25200	0.00774	0.01056	0.01895	0.03324	0.05675	0.03276	0.03081	0.01152	0.24630	0.02335	0.00613	0.00383	0.00121	0.01601	0.02920	0.00245	0.00457
42	0.01028	0.06134	0.22458	0.04853	0.11954	0.06988	0.10831	0.03078	0.00902	0.18332	0.03369	0.03452	0.00781	0.00426	0.00385	0.00116	0.01715	0.02420	0.00251	0.00528
43	0.01352	0.01731	0.03600	0.00949	0.01152	0.79257	0.00731	0.03626	0.01056	0.00955	0.00609	0.02093	0.00514	0.00396	0.00338	0.00098	0.00651	0.00256	0.00197	0.00437

[dist]
# distance from previous block
# <min> <max>
11	27

[block]
# block no. 5 follows, 74 sequences, length 22
# corresponding to MSA columns:
# 338-359
name=unknown_F
#
# <colnr> <probs for GDERKNQSTAVLIFYWHMCP>
#	G	D	E	R	K	N	Q	S	T	A	V	L	I	F	Y	W	H	M	C	P
0	0.02621	0.00410	0.03113	0.00515	0.00581	0.00359	0.00376	0.00612	0.02900	0.01030	0.09131	0.56563	0.11831	0.05984	0.00537	0.00155	0.00234	0.02393	0.00335	0.00321
1	0.03599	0.00603	0.06169	0.01953	0.07225	0.00538	0.01797	0.03893	0.00892	0.03869	0.24609	0.06906	0.23214	0.03915	0.00524	0.00133	0.06301	0.02034	0.01434	0.00393
2	0.03296	0.28133	0.01154	0.03537	0.02915	0.02071	0.01845	0.04535	0.01582	0.02563	0.02043	0.05917	0.00904	0.07140	0.23863	0.00264	0.02142	0.00380	0.01934	0.03781
3	0.02734	0.00622	0.00639	0.00561	0.00714	0.08849	0.00435	0.07278	0.01013	0.13239	0.30683	0.03399	0.09643	0.00605	0.00395	0.00110	0.02066	0.00499	0.13150	0.03365
4	0.04372	0.00735	0.01147	0.26485	0.35166	0.02530	0.01915	0.00991	0.00784	0.01105	0.03419	0.03978	0.00781	0.03342	0.04148	0.00146	0.02263	0.02531	0.00200	0.03961
5	0.02202	0.27139	0.23844	0.02567	0.10913	0.05411	0.04796	0.03303	0.03941	0.04779	0.03985	0.00873	0.00659	0.00376	0.00350	0.00105	0.02833	0.00292	0.00203	0.01428
6	0.02069	0.10264	0.38445	0.02374	0.10331	0.01933	0.04619	0.06980	0.02498	0.02767	0.03518	0.09312	0.00841	0.00461	0.00364	0.00117	0.00454	0.01923	0.00218	0.00511
7	0.00624	0.00436	0.00571	0.00578	0.00689	0.00413	0.02106	0.00805	0.04590	0.06837	0.15491	0.14564	0.20380	0.00906	0.00462	0.00143	0.00266	0.29412	0.00360	0.00365
8	0.00790	0.02176	0.03398	0.00660	0.00826	0.00635	0.03859	0.05686	0.26245	0.07219	0.12764	0.15646	0.08293	0.06790	0.00516	0.00144	0.00294	0.03258	0.00349	0.00453
9	0.02305	0.07438	0.20010	0.01210	0.14963	0.05320	0.16638	0.06666	0.07102	0.06449	0.00883	0.04241	0.00714	0.00460	0.02167	0.00126	0.00487	0.02062	0.00231	0.00527
10	0.03756	0.02759	0.14572	0.03540	0.18279	0.02892	0.13823	0.03975	0.00876	0.13916	0.01037	0.09524	0.02417	0.00481	0.00409	0.00121	0.02953	0.02666	0.01494	0.00510
11	0.00530	0.00398	0.00597	0.00597	0.00663	0.00464	0.00464	0.00663	0.00597	0.00862	0.00994	0.01458	0.00928	0.02784	0.85484	0.00597	0.00994	0.00398	0.00199	0.00331
12	0.00625	0.00494	0.00573	0.00576	0.02463	0.02658	0.00419	0.06215	0.06280	0.01225	0.22417	0.17993	0.16618	0.07021	0.04474	0.00167	0.01485	0.05849	0.02082	0.00366
13	0.02341	0.13519	0.12703	0.05315	0.17678	0.08253	0.10643	0.08872	0.04295	0.06527	0.00814	0.03074	0.00657	0.00443	0.02126	0.00121	0.00479	0.01391	0.00227	0.00522
14	0.04685	0.02633	0.06168	0.08050	0.14729	0.04298	0.06219	0.10283	0.09238	0.17424	0.03731	0.02329	0.00809	0.00436	0.00408	0.00117	0.04735	0.00362	0.02811	0.00534
15	0.00513	0.00372	0.00468	0.00479	0.00561	0.00341	0.00354	0.00638	0.00887	0.02825	0.35134	0.24917	0.21663	0.00994	0.03796	0.00149	0.00232	0.04978	0.00366	0.00333
16	0.08094	0.08376	0.06654	0.04671	0.21571	0.04548	0.03584	0.05175	0.05680	0.12256	0.02269	0.06225	0.00859	0.00492	0.01493	0.00122	0.01159	0.03886	0.02379	0.00509
17	0.02280	0.11576	0.13107	0.07096	0.13200	0.08809	0.04754	0.19785	0.06247	0.05331	0.00875	0.02647	0.00692	0.00444	0.00390	0.00122	0.01460	0.00345	0.00269	0.00571
18	0.02264	0.00853	0.02936	0.07144	0.27757	0.05982	0.06803	0.05521	0.04799	0.04084	0.05898	0.10911	0.03547	0.00643	0.03479	0.00150	0.05019	0.01428	0.00269	0.00514
19	0.00480	0.00353	0.00450	0.00509	0.00552	0.00334	0.00348	0.00597	0.04032	0.01034	0.11887	0.66299	0.07771	0.02872	0.00493	0.00148	0.00215	0.00956	0.00351	0.00318
20	0.03399	0.00491	0.00617	0.00577	0.02319	0.02208	0.04877	0.00755	0.02605	0.03626	0.25578	0.09748	0.29813	0.03438	0.03834	0.00148	0.02498	0.00650	0.00331	0.02488
21	0.07248	0.04703	0.03374	0.03062	0.16689	0.02778	0.05455	0.10604	0.13813	0.01339	0.03737	0.02340	0.03734	0.05471	0.01769	0.00136	0.06725	0.00376	0.01193	0.05453

[dist]
# distance from previous block
# <min> <max>
2	23

[block]
# block no. 6 follows, 74 sequences, length 23
# corresponding to MSA columns:
# 383-405
name=unknown_G
#
# <colnr> <probs for GDERKNQSTAVLIFYWHMCP>
#	G	D	E	R	K	N	Q	S	T	A	V	L	I	F	Y	W	H	M	C	P
0	0.12369	0.02748	0.04036	0.03617	0.05619	0.05892	0.02838	0.12537	0.07350	0.04805	0.04023	0.16563	0.06791	0.03052	0.00427	0.00128	0.01374	0.02230	0.00293	0.03309
1	0.13907	0.19480	0.03499	0.03812	0.16888	0.06284	0.02918	0.13534	0.05379	0.06219	0.01949	0.00941	0.00679	0.00417	0.00348	0.00117	0.00427	0.00311	0.00265	0.02627
2	0.00670	0.00534	0.00605	0.00518	0.00677	0.01787	0.00376	0.03508	0.04147	0.01063	0.03911	0.08002	0.06192	0.27796	0.04213	0.00194	0.00330	0.02179	0.00257	0.33039
3	0.06177	0.07602	0.04803	0.09709	0.18708	0.03049	0.02440	0.02065	0.00698	0.00986	0.00709	0.03929	0.00652	0.03169	0.00739	0.28663	0.00392	0.00332	0.00186	0.04992
4	0.00598	0.00377	0.00439	0.00426	0.00452	0.00370	0.00257	0.00622	0.00611	0.05373	0.06866	0.02396	0.03501	0.72536	0.03435	0.00329	0.00354	0.00543	0.00252	0.00260
5	0.00539	0.00400	0.00505	0.00477	0.00572	0.00377	0.00358	0.00752	0.05405	0.01448	0.72853	0.04430	0.08947	0.00766	0.00435	0.00118	0.00183	0.00673	0.00401	0.00359
6	0.00530	0.00398	0.00597	0.00597	0.00663	0.00464	0.00464	0.00663	0.00597	0.00862	0.00994	0.01458	0.00928	0.02784	0.85484	0.00597	0.00994	0.00398	0.00199	0.00331
7	0.00923	0.00797	0.00839	0.00755	0.00965	0.00923	0.00588	0.01972	0.83969	0.01553	0.01511	0.01385	0.01133	0.00504	0.00378	0.00126	0.00294	0.00420	0.00378	0.00588
8	0.00923	0.00655	0.00785	0.00569	0.00891	0.00503	0.00458	0.01084	0.00820	0.15526	0.00797	0.00854	0.00613	0.00306	0.00292	0.00065	0.00282	0.00246	0.00261	0.74068
9	0.00582	0.00418	0.00578	0.00658	0.00741	0.00414	0.00566	0.00744	0.00849	0.01106	0.04027	0.09783	0.04471	0.01026	0.00506	0.00167	0.00325	0.72359	0.00344	0.00338
10	0.00812	0.00812	0.01137	0.00975	0.00975	0.01137	0.00812	0.00893	0.00568	0.00893	0.00487	0.00812	0.00487	0.00650	0.01218	0.00162	0.86276	0.00325	0.00162	0.00406
11	0.89577	0.00718	0.00546	0.00488	0.00718	0.00833	0.00402	0.01091	0.00632	0.01665	0.00517	0.00603	0.00402	0.00345	0.00230	0.00115	0.00287	0.00201	0.00230	0.00402
12	0.00522	0.00379	0.00491	0.00463	0.00552	0.00349	0.00347	0.00694	0.01042	0.01469	0.81126	0.02806	0.06832	0.00766	0.00438	0.00117	0.00176	0.00676	0.00406	0.00349
13	0.89577	0.00718	0.00546	0.00488	0.00718	0.00833	0.00402	0.01091	0.00632	0.01665	0.00517	0.00603	0.00402	0.00345	0.00230	0.00115	0.00287	0.00201	0.00230	0.00402
14	0.01933	0.00526	0.00702	0.00736	0.06668	0.01785	0.02118	0.06416	0.02546	0.04623	0.01345	0.29341	0.01423	0.11057	0.18693	0.00260	0.05278	0.02936	0.01239	0.00377
15	0.02080	0.06756	0.48113	0.02315	0.08813	0.02705	0.05135	0.03053	0.00814	0.02786	0.00792	0.03707	0.02530	0.00398	0.00381	0.00114	0.03444	0.00321	0.00188	0.05556
16	0.00519	0.00426	0.00494	0.00453	0.00580	0.00376	0.02479	0.00636	0.02340	0.01024	0.09172	0.02850	0.48921	0.15021	0.04371	0.00177	0.00272	0.00647	0.00308	0.08936
17	0.00635	0.00403	0.00473	0.00448	0.00495	0.00394	0.00287	0.03385	0.00712	0.06418	0.15266	0.03963	0.04040	0.59915	0.01429	0.00284	0.00320	0.00561	0.00282	0.00290
18	0.04378	0.08790	0.21119	0.03163	0.11572	0.04265	0.03476	0.14017	0.09013	0.02529	0.01036	0.06895	0.05266	0.00471	0.00380	0.00116	0.02365	0.00384	0.00248	0.00517
19	0.02975	0.00966	0.10297	0.09260	0.28249	0.02162	0.19568	0.04647	0.03201	0.08658	0.03004	0.02186	0.00703	0.00376	0.00381	0.00116	0.00469	0.00368	0.00228	0.02185
20	0.00808	0.00457	0.00566	0.00504	0.00655	0.00410	0.01741	0.00968	0.03524	0.21935	0.18254	0.08710	0.29002	0.01874	0.00425	0.00122	0.00231	0.00619	0.08785	0.00412
21	0.00791	0.00488	0.00592	0.00542	0.00675	0.00474	0.00415	0.07245	0.06293	0.14185	0.25885	0.11804	0.11622	0.06687	0.00518	0.00140	0.00251	0.05514	0.05472	0.00411
22	0.09873	0.10984	0.09178	0.03116	0.17624	0.07501	0.07904	0.12766	0.04019	0.05609	0.00763	0.01913	0.00600	0.00383	0.00360	0.00109	0.02543	0.00311	0.01400	0.03042

[dist]
# distance from previous block
# <min> <max>
2	9

[block]
# block no. 7 follows, 74 sequences, length 38
# corresponding to MSA columns:
# 415-452
name=unknown_H
#
# <colnr> <probs for GDERKNQSTAVLIFYWHMCP>
#	G	D	E	R	K	N	Q	S	T	A	V	L	I	F	Y	W	H	M	C	P
0	0.01906	0.41148	0.08679	0.03847	0.07215	0.09312	0.03212	0.07156	0.04253	0.01090	0.01558	0.00875	0.00615	0.02837	0.00379	0.00107	0.03235	0.01892	0.00198	0.00486
1	0.00529	0.00375	0.00513	0.00533	0.00587	0.00393	0.00395	0.00627	0.00685	0.00950	0.08918	0.16629	0.05525	0.11926	0.35300	0.04581	0.00560	0.07765	0.02900	0.00308
2	0.00658	0.02882	0.04830	0.00781	0.11038	0.05346	0.01585	0.03043	0.03051	0.01120	0.13428	0.23816	0.16942	0.06740	0.00530	0.00141	0.01569	0.00655	0.01461	0.00386
3	0.00737	0.00559	0.01519	0.01643	0.00731	0.00562	0.00443	0.09561	0.14868	0.02614	0.29794	0.03655	0.09471	0.01916	0.01534	0.00122	0.01750	0.00517	0.12398	0.05604
4	0.00601	0.00411	0.00531	0.00487	0.00594	0.00381	0.00369	0.00801	0.03611	0.05716	0.75895	0.02611	0.03235	0.00726	0.00429	0.00116	0.00188	0.00639	0.00406	0.02252
5	0.02977	0.04055	0.17790	0.05490	0.17243	0.00867	0.04191	0.07076	0.08109	0.06901	0.00933	0.02549	0.00745	0.00471	0.01425	0.00129	0.01385	0.00353	0.00270	0.17042
6	0.00850	0.01632	0.60869	0.01201	0.09655	0.02471	0.09938	0.01222	0.00823	0.06830	0.00730	0.00850	0.00522	0.00354	0.00364	0.00117	0.00533	0.00303	0.00184	0.00551
7	0.00876	0.01001	0.02190	0.01564	0.01940	0.00939	0.83292	0.01189	0.00876	0.01189	0.00751	0.01001	0.00563	0.00313	0.00438	0.00125	0.00626	0.00438	0.00188	0.00501
8	0.01129	0.02241	0.02261	0.04403	0.19035	0.00714	0.09052	0.09430	0.00998	0.28300	0.02109	0.02357	0.04492	0.00475	0.00382	0.00117	0.00379	0.05752	0.05832	0.00540
9	0.00804	0.07534	0.06335	0.02061	0.07594	0.07846	0.03487	0.07007	0.04781	0.01138	0.07340	0.10924	0.05266	0.04443	0.09711	0.00183	0.11018	0.00462	0.01636	0.00429
10	0.00764	0.00653	0.00764	0.00554	0.00876	0.00493	0.00445	0.00930	0.00772	0.01206	0.00700	0.00875	0.00599	0.00298	0.00282	0.00059	0.00277	0.02755	0.00224	0.86474
11	0.01008	0.83889	0.01911	0.00647	0.00960	0.04704	0.00638	0.01126	0.00766	0.00875	0.00518	0.00598	0.00476	0.00320	0.00242	0.00080	0.00407	0.00200	0.00160	0.00475
12	0.02385	0.00660	0.00768	0.00551	0.00878	0.00502	0.00441	0.00956	0.00774	0.03029	0.00675	0.00777	0.00555	0.00280	0.00276	0.00057	0.00276	0.00223	0.00225	0.85711
13	0.02741	0.28491	0.16099	0.00772	0.01097	0.06099	0.00752	0.14713	0.06484	0.15361	0.00866	0.02389	0.00658	0.00432	0.01412	0.00110	0.00424	0.00298	0.00265	0.00539
14	0.00540	0.00360	0.00405	0.00405	0.00405	0.00360	0.00225	0.00540	0.00540	0.00720	0.01170	0.02429	0.01349	0.86955	0.01889	0.00360	0.00360	0.00540	0.00225	0.00225
15	0.02662	0.00729	0.00836	0.03588	0.04179	0.03218	0.00518	0.08096	0.02697	0.01293	0.00714	0.02047	0.00593	0.00335	0.00316	0.01546	0.00313	0.00256	0.00233	0.65831
16	0.00953	0.00812	0.00856	0.00761	0.00977	0.00937	0.00595	0.06930	0.78963	0.01601	0.01473	0.01355	0.01103	0.00500	0.00377	0.00125	0.00301	0.00414	0.00377	0.00590
17	0.00582	0.00392	0.00513	0.00475	0.00574	0.00360	0.00359	0.00754	0.01048	0.05712	0.78920	0.02709	0.04691	0.00747	0.00435	0.00117	0.00182	0.00658	0.00410	0.00364
18	0.03217	0.00979	0.05688	0.04603	0.23627	0.02803	0.02670	0.37170	0.01229	0.04998	0.00811	0.00926	0.00616	0.02219	0.00392	0.00113	0.00422	0.00325	0.00279	0.06912
