[name]
unknown

[dist]
# distance from previous block
# <min> <max>
0	43

[block]
# block no. 0 follows, 70 sequences, length 45
# corresponding to MSA columns:
# 43-87
name=unknown_A
#
# <colnr> <probs for GDERKNQSTAVLIFYWHMCP>
#	G	D	E	R	K	N	Q	S	T	A	V	L	I	F	Y	W	H	M	C	P
0	0.01105	0.24804	0.12692	0.02196	0.09980	0.14457	0.06799	0.02433	0.02051	0.11889	0.04100	0.01004	0.00749	0.00466	0.02465	0.00121	0.00499	0.01426	0.00237	0.00527
1	0.01146	0.07577	0.17480	0.01170	0.10836	0.00883	0.17775	0.08154	0.02996	0.22870	0.01025	0.04647	0.00766	0.00431	0.00393	0.00121	0.00468	0.00393	0.00288	0.00581
2	0.00687	0.01168	0.39729	0.00879	0.04654	0.00637	0.00906	0.00965	0.01956	0.03784	0.03586	0.27237	0.09044	0.00714	0.00423	0.00135	0.00401	0.02363	0.00267	0.00467
3	0.00885	0.06971	0.27616	0.01464	0.11129	0.00990	0.39712	0.01232	0.02105	0.01218	0.00740	0.00939	0.00562	0.00353	0.00424	0.00124	0.02431	0.00372	0.00186	0.00546
4	0.01135	0.02583	0.06111	0.08928	0.16714	0.10317	0.16485	0.09403	0.02684	0.14975	0.02071	0.01096	0.02049	0.01592	0.00433	0.00124	0.02103	0.00375	0.00267	0.00552
5	0.00937	0.15321	0.08357	0.03221	0.06067	0.00893	0.25141	0.04142	0.00861	0.09000	0.02171	0.01272	0.00806	0.14628	0.05356	0.00187	0.00522	0.00400	0.00232	0.00484
6	0.00587	0.00392	0.00483	0.00504	0.00551	0.00383	0.00337	0.00666	0.02490	0.04889	0.01821	0.31480	0.09605	0.34035	0.08023	0.00276	0.00357	0.02504	0.00306	0.00312
7	0.03129	0.12314	0.15438	0.01231	0.04620	0.05221	0.36281	0.02240	0.00910	0.08577	0.02579	0.04131	0.00724	0.00397	0.00397	0.00120	0.00538	0.00398	0.00226	0.00528
8	0.03051	0.04676	0.05721	0.09194	0.21457	0.10093	0.13760	0.03754	0.02716	0.20414	0.00915	0.01015	0.00666	0.00392	0.00384	0.00118	0.00488	0.00353	0.00267	0.00565
9	0.00897	0.10346	0.36524	0.01246	0.01691	0.01020	0.32714	0.05247	0.02451	0.01261	0.00738	0.00904	0.00551	0.00363	0.00412	0.00123	0.02422	0.00352	0.00192	0.00547
10	0.00877	0.00563	0.00672	0.00589	0.00756	0.00559	0.00459	0.07255	0.15025	0.15063	0.39846	0.02297	0.10875	0.00683	0.00426	0.00123	0.00247	0.00583	0.02626	0.00473
11	0.01149	0.07585	0.13356	0.13789	0.14384	0.00841	0.07336	0.02456	0.03896	0.27837	0.02907	0.01108	0.00772	0.00414	0.00382	0.00119	0.00443	0.00361	0.00291	0.00574
12	0.00913	0.12812	0.50262	0.04186	0.04642	0.00934	0.06558	0.01255	0.00856	0.09548	0.02698	0.02203	0.00655	0.00394	0.00366	0.00118	0.00512	0.00324	0.00208	0.00556
13	0.00474	0.00392	0.00415	0.00413	0.00534	0.00333	0.00308	0.00585	0.00916	0.01130	0.17192	0.05800	0.68257	0.00957	0.00459	0.00130	0.00195	0.00806	0.00371	0.00333
14	0.00872	0.06446	0.48472	0.06508	0.19764	0.05405	0.03778	0.01228	0.01807	0.01194	0.00702	0.00859	0.00532	0.00365	0.00368	0.00118	0.00542	0.00304	0.00176	0.00561
15	0.00945	0.03037	0.16708	0.03629	0.43011	0.04070	0.18423	0.03256	0.00905	0.01258	0.00730	0.00936	0.00579	0.00351	0.00393	0.00119	0.00530	0.00352	0.00192	0.00576
16	0.00673	0.00337	0.00505	0.00505	0.00505	0.00337	0.00337	0.00505	0.00505	0.00673	0.00673	0.01178	0.00673	0.01347	0.01515	0.88721	0.00337	0.00337	0.00168	0.00168
17	0.00673	0.00337	0.00505	0.00505	0.00505	0.00337	0.00337	0.00505	0.00505	0.00673	0.00673	0.01178	0.00673	0.01347	0.01515	0.88721	0.00337	0.00337	0.00168	0.00168
18	0.01448	0.01032	0.01183	0.00989	0.06662	0.04230	0.03766	0.57147	0.03299	0.14772	0.01005	0.00999	0.00705	0.00453	0.00389	0.00117	0.00430	0.00357	0.00375	0.00642
19	0.02931	0.10750	0.31184	0.01265	0.02803	0.01028	0.34678	0.04883	0.00888	0.01254	0.00715	0.00894	0.00540	0.00364	0.00429	0.00123	0.04191	0.00352	0.00190	0.00539
20	0.00864	0.02435	0.04012	0.00623	0.00973	0.00608	0.00523	0.07842	0.00890	0.01354	0.00707	0.00812	0.00577	0.00306	0.00298	0.00065	0.00312	0.00241	0.00239	0.76320
21	0.00732	0.00689	0.01163	0.85444	0.02670	0.00861	0.01077	0.00991	0.00775	0.00991	0.00689	0.01034	0.00517	0.00388	0.00388	0.00129	0.00517	0.00345	0.00172	0.00431
22	0.00673	0.00337	0.00505	0.00505	0.00505	0.00337	0.00337	0.00505	0.00505	0.00673	0.00673	0.01178	0.00673	0.01347	0.01515	0.88721	0.00337	0.00337	0.00168	0.00168
23	0.01178	0.01015	0.02810	0.17399	0.26761	0.13357	0.02811	0.12081	0.01050	0.14856	0.00856	0.00987	0.00636	0.00406	0.00399	0.00118	0.02116	0.00340	0.00261	0.00562
24	0.16401	0.02249	0.02558	0.02685	0.35047	0.12179	0.07666	0.05470	0.00890	0.01322	0.00667	0.00855	0.00549	0.00396	0.00452	0.00121	0.09442	0.00315	0.00209	0.00528
25	0.00882	0.00752	0.00803	0.00728	0.00926	0.00851	0.00564	0.01804	0.68035	0.01581	0.12352	0.01761	0.06098	0.00586	0.00406	0.00130	0.00285	0.00493	0.00397	0.00566
26	0.00958	0.00931	0.01566	0.05215	0.75318	0.02246	0.04179	0.01206	0.02325	0.01257	0.00743	0.00970	0.00618	0.00350	0.00386	0.00116	0.00471	0.00350	0.00195	0.00602
27	0.00732	0.00689	0.01163	0.85444	0.02670	0.00861	0.01077	0.00991	0.00775	0.00991	0.00689	0.01034	0.00517	0.00388	0.00388	0.00129	0.00517	0.00345	0.00172	0.00431
28	0.02093	0.00532	0.00533	0.00493	0.00649	0.04694	0.00375	0.00821	0.06296	0.04270	0.15572	0.04691	0.49491	0.00818	0.00431	0.00123	0.00241	0.00683	0.00357	0.06836
29	0.00554	0.00415	0.00623	0.00623	0.00692	0.00485	0.00485	0.00692	0.00623	0.00900	0.01038	0.01523	0.00969	0.02908	0.84839	0.00623	0.01038	0.00415	0.00208	0.00346
30	0.02645	0.01007	0.01074	0.00899	0.02722	0.05446	0.03474	0.38580	0.35199	0.01937	0.01161	0.01129	0.00858	0.00476	0.00387	0.00121	0.00396	0.00380	0.00366	0.01742
31	0.01625	0.00686	0.00904	0.00688	0.00994	0.00598	0.00567	0.06175	0.01116	0.70923	0.01407	0.01243	0.00902	0.00458	0.00379	0.00113	0.00331	0.00371	0.00448	0.10072
32	0.00790	0.01306	0.40623	0.21343	0.09188	0.00822	0.03132	0.01119	0.00815	0.04047	0.00869	0.01150	0.02242	0.00616	0.07167	0.00166	0.00565	0.03333	0.00195	0.00513
33	0.00938	0.52942	0.30634	0.00813	0.01220	0.01259	0.00922	0.01176	0.00806	0.02153	0.00700	0.00819	0.02274	0.00371	0.00301	0.00100	0.00463	0.01415	0.00176	0.00520
34	0.00462	0.00393	0.00398	0.00397	0.00526	0.00329	0.00298	0.00564	0.00893	0.01071	0.07594	0.03693	0.80119	0.00973	0.00458	0.00130	0.00196	0.00813	0.00363	0.00329
35	0.01537	0.00615	0.00835	0.00655	0.00920	0.00535	0.00535	0.01692	0.01108	0.70152	0.15527	0.01588	0.01419	0.00533	0.00401	0.00120	0.00305	0.00443	0.00471	0.00610
36	0.01083	0.00820	0.02768	0.04345	0.40378	0.00790	0.05162	0.05556	0.02041	0.19297	0.07377	0.02744	0.04023	0.00460	0.00409	0.00120	0.01337	0.00418	0.00293	0.00578
37	0.00817	0.00776	0.01316	0.54493	0.32958	0.00884	0.01119	0.01065	0.00815	0.01093	0.00704	0.01006	0.00553	0.00372	0.00386	0.00124	0.00496	0.00345	0.00180	0.00499
38	0.00767	0.00713	0.01186	0.80159	0.02595	0.00878	0.02706	0.04467	0.00823	0.01057	0.00701	0.01029	0.00524	0.00390	0.00389	0.00129	0.00516	0.00347	0.00182	0.00442
39	0.73420	0.00810	0.00676	0.00578	0.00831	0.00929	0.00477	0.15739	0.00868	0.01865	0.00610	0.00684	0.00463	0.00379	0.00266	0.00119	0.00323	0.00235	0.00266	0.00463
40	0.01155	0.00962	0.00977	0.00826	0.01071	0.05708	0.00655	0.30370	0.46886	0.01871	0.04397	0.01278	0.01054	0.00508	0.00392	0.00124	0.00366	0.00406	0.00382	0.00611
41	0.00519	0.00371	0.00454	0.00494	0.00534	0.00352	0.00334	0.00588	0.00745	0.00981	0.08650	0.34699	0.12796	0.28631	0.00968	0.00223	0.00278	0.07760	0.00325	0.00298
42	0.00930	0.00860	0.05742	0.02363	0.27297	0.00725	0.06755	0.04027	0.00906	0.06528	0.04475	0.01005	0.00747	0.00355	0.00353	0.00094	0.00390	0.00323	0.00241	0.35883
43	0.00832	0.00767	0.03873	0.00791	0.09111	0.08232	0.00568	0.04699	0.05485	0.05204	0.09332	0.05182	0.21333	0.02160	0.00422	0.00115	0.00331	0.02359	0.00307	0.18899
44	0.00846	0.12309	0.18144	0.00740	0.01020	0.05559	0.00709	0.03074	0.10743	0.03779	0.16792	0.07193	0.04365	0.00547	0.00393	0.00113	0.02072	0.00445	0.00287	0.10872

[dist]
# distance from previous block
# <min> <max>
0	2

[block]
# block no. 1 follows, 70 sequences, length 100
# corresponding to MSA columns:
# 90-189
name=unknown_B
#
# <colnr> <probs for GDERKNQSTAVLIFYWHMCP>
#	G	D	E	R	K	N	Q	S	T	A	V	L	I	F	Y	W	H	M	C	P
0	0.00770	0.00728	0.00772	0.00720	0.00822	0.15387	0.01811	0.03528	0.00748	0.00963	0.00929	0.01373	0.00868	0.08532	0.52778	0.00449	0.05854	0.00387	0.00212	0.02368
1	0.00999	0.00690	0.00892	0.00664	0.00979	0.00564	0.05145	0.01217	0.04688	0.18949	0.04704	0.02611	0.00861	0.00381	0.00335	0.00083	0.00312	0.00324	0.00300	0.55301
2	0.01474	0.01086	0.01163	0.00892	0.01202	0.01202	0.00737	0.82664	0.01823	0.02443	0.00931	0.00931	0.00659	0.00465	0.00388	0.00116	0.00427	0.00349	0.00388	0.00659
3	0.01407	0.06363	0.01189	0.00881	0.01175	0.09311	0.00724	0.63897	0.07678	0.02144	0.00922	0.00927	0.00672	0.00455	0.00376	0.00114	0.00443	0.00337	0.00357	0.00626
4	0.00803	0.04185	0.02198	0.00785	0.00976	0.05673	0.15143	0.01970	0.07701	0.06969	0.27454	0.11655	0.10449	0.00681	0.00445	0.00127	0.01395	0.00611	0.00340	0.00442
5	0.00742	0.00697	0.01326	0.01097	0.01313	0.00668	0.35575	0.00979	0.00899	0.01194	0.02593	0.06041	0.01561	0.00755	0.00500	0.00157	0.00476	0.42710	0.00289	0.00426
6	0.01679	0.00757	0.00960	0.00736	0.01038	0.00714	0.00608	0.20293	0.01272	0.65592	0.01393	0.01231	0.00891	0.00477	0.00389	0.00119	0.00352	0.00381	0.00459	0.00660
7	0.00944	0.22790	0.03877	0.12370	0.31701	0.01086	0.16893	0.02406	0.02213	0.01158	0.00702	0.00904	0.00574	0.00349	0.00364	0.00112	0.00494	0.00332	0.00189	0.00543
8	0.00960	0.00921	0.01574	0.02380	0.83957	0.00921	0.01190	0.01190	0.00883	0.01267	0.00729	0.00960	0.00614	0.00345	0.00384	0.00115	0.00461	0.00345	0.00192	0.00614
9	0.00616	0.00379	0.00508	0.00565	0.00621	0.00350	0.00397	0.00700	0.00795	0.09831	0.03242	0.71342	0.02391	0.01123	0.00485	0.00154	0.00243	0.05529	0.00373	0.00355
10	0.00558	0.00396	0.00527	0.00526	0.00564	0.00430	0.00365	0.00635	0.00615	0.00858	0.04422	0.02043	0.01278	0.41119	0.43453	0.00490	0.00700	0.00495	0.00229	0.00296
11	0.10571	0.00932	0.06094	0.05500	0.43624	0.02166	0.02297	0.06082	0.00951	0.16799	0.00865	0.00982	0.00646	0.00383	0.00370	0.00118	0.00433	0.00336	0.00260	0.00590
12	0.00575	0.00427	0.00571	0.00586	0.00664	0.00410	0.03370	0.00761	0.07824	0.03365	0.14894	0.54398	0.08617	0.01021	0.00474	0.00146	0.00242	0.00919	0.00371	0.00366
13	0.00475	0.00341	0.00447	0.00531	0.00556	0.00318	0.00353	0.00541	0.00740	0.00983	0.02161	0.80420	0.05149	0.04303	0.00547	0.00165	0.00229	0.01073	0.00355	0.00312
14	0.06891	0.05579	0.38387	0.02257	0.06697	0.00907	0.11422	0.03840	0.06552	0.11409	0.00867	0.00952	0.00623	0.00388	0.00370	0.00121	0.00492	0.00330	0.01349	0.00567
15	0.02193	0.03018	0.41792	0.04759	0.20833	0.08218	0.07394	0.01247	0.00874	0.03615	0.02078	0.00909	0.00593	0.00373	0.00376	0.00119	0.00541	0.00320	0.00191	0.00558
16	0.00844	0.00842	0.01187	0.04195	0.01080	0.01175	0.00857	0.00935	0.00601	0.00935	0.00516	0.00855	0.00509	0.00668	0.01239	0.00168	0.82462	0.00339	0.00170	0.00424
17	0.01092	0.34372	0.03617	0.01855	0.01041	0.04955	0.01869	0.05657	0.00849	0.13369	0.00757	0.00921	0.00631	0.03914	0.03512	0.00144	0.20413	0.00304	0.00232	0.00497
18	0.01041	0.05709	0.10854	0.20237	0.32010	0.04683	0.03281	0.02354	0.00904	0.14010	0.00828	0.00987	0.00620	0.00381	0.00377	0.00118	0.00479	0.00337	0.00230	0.00560
19	0.01216	0.14962	0.07317	0.09547	0.05939	0.44396	0.04133	0.01398	0.02568	0.04119	0.00674	0.00795	0.00541	0.00385	0.00347	0.00105	0.00590	0.00278	0.00203	0.00487
20	0.25958	0.00896	0.03103	0.05113	0.49708	0.02278	0.00939	0.01198	0.02442	0.02590	0.00696	0.00875	0.00565	0.00363	0.00356	0.00118	0.01737	0.00306	0.00212	0.00546
21	0.01054	0.00877	0.00927	0.00807	0.01042	0.01006	0.00635	0.16213	0.68958	0.01766	0.01464	0.01356	0.01091	0.00515	0.00393	0.00129	0.00328	0.00423	0.00393	0.00622
22	0.00995	0.00513	0.00673	0.00574	0.00746	0.00469	0.00451	0.02459	0.03574	0.30707	0.51019	0.02266	0.02586	0.00669	0.00431	0.00121	0.00242	0.00578	0.00444	0.00481
23	0.01505	0.01036	0.01133	0.00868	0.01177	0.01128	0.00717	0.73224	0.01739	0.12002	0.01001	0.00976	0.00694	0.00467	0.00388	0.00117	0.00415	0.00354	0.00399	0.00659
24	0.00706	0.00607	0.00972	0.14200	0.17952	0.00628	0.09034	0.00836	0.00712	0.00962	0.01054	0.01876	0.02324	0.41607	0.02684	0.00255	0.00452	0.02542	0.00217	0.00379
25	0.00964	0.00833	0.00877	0.00789	0.01008	0.00964	0.00614	0.02060	0.83257	0.01622	0.01578	0.01446	0.01183	0.00526	0.00394	0.00131	0.00307	0.00438	0.00394	0.00614
26	0.00563	0.00378	0.00434	0.00434	0.00437	0.00382	0.00248	0.00571	0.00567	0.00760	0.01212	0.02483	0.01386	0.81902	0.06414	0.00389	0.00411	0.00556	0.00233	0.00241
27	0.89114	0.00750	0.00570	0.00510	0.00750	0.00870	0.00420	0.01140	0.00660	0.01739	0.00540	0.00630	0.00420	0.00360	0.00240	0.00120	0.00300	0.00210	0.00240	0.00420
28	0.01692	0.00649	0.00884	0.00682	0.00973	0.00562	0.00562	0.01843	0.01109	0.80928	0.04810	0.01382	0.01067	0.00492	0.00393	0.00120	0.00324	0.00402	0.00478	0.00648
29	0.00481	0.00344	0.00460	0.00550	0.00577	0.00323	0.00376	0.00555	0.00751	0.01000	0.02132	0.81269	0.02544	0.01206	0.00497	0.00159	0.00233	0.05866	0.00360	0.00317
30	0.01036	0.86609	0.02032	0.00663	0.00995	0.01534	0.00663	0.01161	0.00788	0.00912	0.00539	0.00622	0.00498	0.00332	0.00249	0.00083	0.00415	0.00207	0.00166	0.00498
31	0.00820	0.00689	0.00806	0.00576	0.00920	0.00518	0.00461	0.00992	0.00809	0.02723	0.00704	0.00813	0.00581	0.00290	0.00289	0.00059	0.00288	0.00233	0.00234	0.87195
32	0.00513	0.00394	0.00469	0.00452	0.00558	0.00350	0.00338	0.00661	0.01009	0.01351	0.51797	0.04643	0.34317	0.00872	0.00458	0.00126	0.00189	0.00753	0.00400	0.00350
33	0.00875	0.00928	0.01630	0.01265	0.01423	0.01104	0.33680	0.01057	0.00723	0.01057	0.00620	0.00928	0.00541	0.00537	0.00945	0.00154	0.51503	0.00387	0.00180	0.00464
34	0.00534	0.00398	0.00498	0.00478	0.00577	0.00361	0.00362	0.00700	0.01047	0.01440	0.64876	0.03118	0.19281	0.00841	0.00461	0.00126	0.00192	0.03941	0.00411	0.00358
35	0.01187	0.00817	0.00909	0.00775	0.01020	0.00895	0.00614	0.11776	0.53865	0.19837	0.01499	0.02879	0.01096	0.00521	0.00394	0.00128	0.00325	0.00429	0.00412	0.00624
36	0.00915	0.01046	0.02288	0.01634	0.02026	0.00980	0.82549	0.01242	0.00915	0.01242	0.00784	0.01046	0.00588	0.00327	0.00458	0.00131	0.00654	0.00458	0.00196	0.00523
37	0.00625	0.00446	0.00625	0.00714	0.00803	0.00446	0.00625	0.00803	0.00892	0.01160	0.02053	0.04373	0.02231	0.01071	0.00535	0.00178	0.00357	0.81348	0.00357	0.00357
38	0.05562	0.00686	0.00885	0.00686	0.00973	0.00628	0.00565	0.08978	0.01148	0.68642	0.04708	0.01319	0.01017	0.00485	0.00384	0.00119	0.00329	0.00390	0.01864	0.00633
39	0.00939	0.00899	0.01520	0.05993	0.74219	0.00895	0.02300	0.01169	0.00874	0.01254	0.00726	0.00955	0.00607	0.00344	0.00379	0.00113	0.00456	0.00340	0.00193	0.05826
40	0.00555	0.00412	0.00608	0.00608	0.00673	0.00477	0.00466	0.00683	0.00619	0.00889	0.01052	0.01597	0.01001	0.08985	0.78806	0.00605	0.00990	0.00426	0.00210	0.00338
41	0.00477	0.00341	0.00454	0.00536	0.00563	0.00318	0.00360	0.00552	0.00765	0.01026	0.07409	0.80746	0.02635	0.01187	0.00492	0.00155	0.00222	0.01076	0.00364	0.00318
42	0.01029	0.84158	0.04416	0.00676	0.01015	0.01516	0.00686	0.01163	0.00789	0.00921	0.00544	0.00628	0.00497	0.00333	0.00252	0.00084	0.00419	0.00210	0.00166	0.00500
43	0.01091	0.00896	0.00948	0.00814	0.01056	0.01023	0.00644	0.22032	0.63079	0.01825	0.01418	0.01319	0.01054	0.00511	0.00393	0.00128	0.00336	0.00416	0.00393	0.00625
44	0.00487	0.00394	0.00432	0.00423	0.00541	0.00339	0.00317	0.00611	0.00951	0.01207	0.28999	0.03469	0.58629	0.00922	0.00458	0.00128	0.00192	0.00781	0.00381	0.00339
45	0.00554	0.00415	0.00623	0.00623	0.00692	0.00485	0.00485	0.00692	0.00623	0.00900	0.01038	0.01523	0.00969	0.02908	0.84839	0.00623	0.01038	0.00415	0.00208	0.00346
46	0.00543	0.00396	0.00511	0.00482	0.00576	0.00364	0.00362	0.00721	0.01085	0.01525	0.79126	0.02944	0.08303	0.00804	0.00457	0.00122	0.00184	0.00708	0.00423	0.00364
47	0.01474	0.01086	0.01163	0.00892	0.01202	0.01202	0.00737	0.82664	0.01823	0.02443	0.00931	0.00931	0.00659	0.00465	0.00388	0.00116	0.00427	0.00349	0.00388	0.00659
48	0.89114	0.00750	0.00570	0.00510	0.00750	0.00870	0.00420	0.01140	0.00660	0.01739	0.00540	0.00630	0.00420	0.00360	0.00240	0.00120	0.00300	0.00210	0.00240	0.00420
49	0.00673	0.00337	0.00505	0.00505	0.00505	0.00337	0.00337	0.00505	0.00505	0.00673	0.00673	0.01178	0.00673	0.01347	0.01515	0.88721	0.00337	0.00337	0.00168	0.00168
50	0.00915	0.01046	0.02288	0.01634	0.02026	0.00980	0.82549	0.01242	0.00915	0.01242	0.00784	0.01046	0.00588	0.00327	0.00458	0.00131	0.00654	0.00458	0.00196	0.00523
51	0.00820	0.00456	0.00466	0.00430	0.00549	0.00471	0.00332	0.11549	0.00944	0.01575	0.01221	0.01378	0.00950	0.00453	0.00286	0.00094	0.00213	0.00360	0.77051	0.00400
52	0.01474	0.01086	0.01163	0.00892	0.01202	0.01202	0.00737	0.82664	0.01823	0.02443	0.00931	0.00931	0.00659	0.00465	0.00388	0.00116	0.00427	0.00349	0.00388	0.00659
53	0.01496	0.01050	0.01141	0.00875	0.01184	0.01149	0.00723	0.75805	0.01762	0.09388	0.00982	0.00964	0.00685	0.00467	0.00388	0.00117	0.00418	0.00353	0.00396	0.00659
54	0.00964	0.00833	0.00877	0.00789	0.01008	0.00964	0.00614	0.02060	0.83257	0.01622	0.01578	0.01446	0.01183	0.00526	0.00394	0.00131	0.00307	0.00438	0.00394	0.00614
55	0.01728	0.00678	0.00911	0.00698	0.00999	0.00596	0.00577	0.05281	0.01140	0.80791	0.01504	0.01303	0.00947	0.00479	0.00390	0.00120	0.00334	0.00388	0.00476	0.00660
56	0.01474	0.01086	0.01163	0.00892	0.01202	0.01202	0.00737	0.82664	0.01823	0.02443	0.00931	0.00931	0.00659	0.00465	0.00388	0.00116	0.00427	0.00349	0.00388	0.00659
57	0.00986	0.00843	0.00889	0.00793	0.01016	0.00974	0.00619	0.05431	0.79851	0.01656	0.01551	0.01425	0.01162	0.00523	0.00394	0.00131	0.00312	0.00435	0.00394	0.00616
58	0.01474	0.01086	0.01163	0.00892	0.01202	0.01202	0.00737	0.82664	0.01823	0.02443	0.00931	0.00931	0.00659	0.00465	0.00388	0.00116	0.00427	0.00349	0.00388	0.00659
59	0.01429	0.01815	0.01102	0.00999	0.01193	0.82099	0.00752	0.01528	0.01082	0.00948	0.00596	0.00704	0.00500	0.00409	0.00380	0.00102	0.03462	0.00253	0.00199	0.00449
60	0.00778	0.02005	0.84367	0.01105	0.01678	0.00900	0.01432	0.01228	0.00818	0.01228	0.00696	0.00818	0.00491	0.00368	0.00368	0.00123	0.00573	0.00286	0.00164	0.00573
61	0.00804	0.00689	0.00804	0.00574	0.00919	0.00517	0.00459	0.00976	0.00804	0.01263	0.00689	0.00804	0.00574	0.00287	0.00287	0.00057	0.00287	0.00230	0.00230	0.88745
62	0.46143	0.00915	0.00861	0.00697	0.00972	0.01033	0.00575	0.41112	0.01230	0.02085	0.00732	0.00777	0.00537	0.00412	0.00312	0.00118	0.00362	0.00278	0.00312	0.00537
63	0.00804	0.00689	0.00804	0.00574	0.00919	0.00517	0.00459	0.00976	0.00804	0.01263	0.00689	0.00804	0.00574	0.00287	0.00287	0.00057	0.00287	0.00230	0.00230	0.88745
64	0.01036	0.86609	0.02032	0.00663	0.00995	0.01534	0.00663	0.01161	0.00788	0.00912	0.00539	0.00622	0.00498	0.00332	0.00249	0.00083	0.00415	0.00207	0.00166	0.00498
65	0.00475	0.00339	0.00449	0.00536	0.00558	0.00317	0.00356	0.00541	0.00736	0.00982	0.02107	0.83404	0.02527	0.03984	0.00543	0.00165	0.00230	0.01085	0.00356	0.00312
66	0.01739	0.00660	0.00900	0.00690	0.00990	0.00570	0.00570	0.01889	0.01110	0.84226	0.01529	0.01320	0.00960	0.00480	0.00390	0.00120	0.00330	0.00390	0.00480	0.00660
67	0.01036	0.86609	0.02032	0.00663	0.00995	0.01534	0.00663	0.01161	0.00788	0.00912	0.00539	0.00622	0.00498	0.00332	0.00249	0.00083	0.00415	0.00207	0.00166	0.00498
68	0.00554	0.00415	0.00623	0.00623	0.00692	0.00485	0.00485	0.00692	0.00623	0.00900	0.01038	0.01523	0.00969	0.02908	0.84839	0.00623	0.01038	0.00415	0.00208	0.00346
69	0.00804	0.00689	0.00804	0.00574	0.00919	0.00517	0.00459	0.00976	0.00804	0.01263	0.00689	0.00804	0.00574	0.00287	0.00287	0.00057	0.00287	0.00230	0.00230	0.88745
70	0.00617	0.00443	0.00625	0.00704	0.00791	0.00451	0.00609	0.00791	0.00862	0.01131	0.01939	0.04053	0.02089	0.01277	0.10006	0.00228	0.00434	0.72255	0.00340	0.00356
71	0.01036	0.86609	0.02032	0.00663	0.00995	0.01534	0.00663	0.01161	0.00788	0.00912	0.00539	0.00622	0.00498	0.00332	0.00249	0.00083	0.00415	0.00207	0.00166	0.00498
72	0.00964	0.00833	0.00877	0.00789	0.01008	0.00964	0.00614	0.02060	0.83257	0.01622	0.01578	0.01446	0.01183	0.00526	0.00394	0.00131	0.00307	0.00438	0.00394	0.00614
73	0.00549	0.00396	0.00518	0.00488	0.00579	0.00366	0.00366	0.00732	0.01097	0.01555	0.83752	0.02896	0.03658	0.00793	0.00457	0.00122	0.00183	0.00701	0.00427	0.00366
74	0.00804	0.00689	0.00804	0.00574	0.00919	0.00517	0.00459	0.00976	0.00804	0.01263	0.00689	0.00804	0.00574	0.00287	0.00287	0.00057	0.00287	0.00230	0.00230	0.88745
75	0.01394	0.01750	0.01093	0.02855	0.01218	0.76946	0.00753	0.01540	0.04602	0.00978	0.00641	0.00743	0.00529	0.00413	0.00379	0.00104	0.03139	0.00262	0.00207	0.00455
76	0.00960	0.00921	0.01574	0.02380	0.83957	0.00921	0.01190	0.01190	0.00883	0.01267	0.00729	0.00960	0.00614	0.00345	0.00384	0.00115	0.00461	0.00345	0.00192	0.00614
77	0.00560	0.00404	0.00523	0.00492	0.00585	0.00377	0.00369	0.00760	0.02683	0.01554	0.80852	0.02845	0.03568	0.00782	0.00453	0.00122	0.00185	0.00691	0.01825	0.00371
78	0.00842	0.18465	0.60217	0.01070	0.01578	0.01032	0.09227	0.01216	0.00822	0.01167	0.00674	0.00802	0.00502	0.00357	0.00354	0.00116	0.00550	0.00288	0.00167	0.00553
79	0.00853	0.00863	0.01270	0.01064	0.01093	0.01172	0.06950	0.00956	0.00618	0.00956	0.00529	0.00863	0.00515	0.00652	0.01211	0.00167	0.79317	0.00348	0.00172	0.00431
80	0.00472	0.00337	0.00450	0.00540	0.00562	0.00315	0.00360	0.00540	0.00742	0.00990	0.02137	0.86122	0.02564	0.01215	0.00495	0.00157	0.00225	0.01102	0.00360	0.00315
81	0.00596	0.00362	0.00451	0.00454	0.00459	0.00359	0.00276	0.00542	0.00559	0.00741	0.01145	0.04523	0.03866	0.51471	0.01721	0.31179	0.00352	0.00508	0.00219	0.00217
82	0.00763	0.00641	0.00978	0.01336	0.37875	0.00649	0.00708	0.02676	0.00752	0.01047	0.01014	0.01792	0.01036	0.36279	0.07403	0.00264	0.00464	0.03673	0.00222	0.00427
83	0.01731	0.00674	0.00908	0.00696	0.00997	0.00590	0.00575	0.04516	0.01133	0.81566	0.01510	0.01307	0.00950	0.00479	0.00390	0.00120	0.00333	0.00389	0.00477	0.00660
84	0.00915	0.01046	0.02288	0.01634	0.02026	0.00980	0.82549	0.01242	0.00915	0.01242	0.00784	0.01046	0.00588	0.00327	0.00458	0.00131	0.00654	0.00458	0.00196	0.00523
85	0.00557	0.00466	0.00768	0.03078	0.00858	0.00441	0.13800	0.00678	0.00784	0.01052	0.03715	0.64247	0.04535	0.01018	0.00480	0.00150	0.00301	0.00947	0.01770	0.00354
86	0.00564	0.00376	0.00423	0.00423	0.00423	0.00376	0.00235	0.00564	0.00564	0.00752	0.01222	0.02537	0.01409	0.86375	0.01973	0.00376	0.00376	0.00564	0.00235	0.00235
87	0.00848	0.00848	0.01187	0.01018	0.01018	0.01187	0.00848	0.00933	0.00594	0.00933	0.00509	0.00848	0.00509	0.00679	0.01272	0.00170	0.85666	0.00339	0.00170	0.00424
88	0.01047	0.84440	0.02008	0.00672	0.01000	0.03665	0.00666	0.01171	0.00796	0.00913	0.00541	0.00624	0.00498	0.00333	0.00251	0.00083	0.00422	0.00208	0.00167	0.00496
89	0.00744	0.00702	0.01185	0.80924	0.07093	0.00865	0.01083	0.01001	0.00781	0.01006	0.00691	0.01030	0.00522	0.00385	0.00387	0.00128	0.00514	0.00345	0.00173	0.00441
90	0.00954	0.00915	0.01563	0.04505	0.81877	0.00920	0.01187	0.01185	0.00880	0.01259	0.00728	0.00961	0.00612	0.00347	0.00384	0.00116	0.00462	0.00345	0.00191	0.00609
91	0.00915	0.01046	0.02288	0.01634	0.02026	0.00980	0.82549	0.01242	0.00915	0.01242	0.00784	0.01046	0.00588	0.00327	0.00458	0.00131	0.00654	0.00458	0.00196	0.00523
92	0.00697	0.00587	0.00913	0.44717	0.04947	0.01972	0.00780	0.00830	0.00708	0.00925	0.00892	0.10535	0.00851	0.05858	0.05478	0.15460	0.02845	0.00442	0.00199	0.00364
93	0.00858	0.01835	0.69461	0.01101	0.01613	0.03139	0.04830	0.03989	0.00863	0.03818	0.00722	0.00846	0.00516	0.00388	0.00414	0.00124	0.04434	0.00301	0.00184	0.00566
94	0.01008	0.06969	0.50708	0.05054	0.01474	0.03116	0.01115	0.03129	0.00907	0.17544	0.02262	0.01007	0.00673	0.00410	0.00368	0.00119	0.00497	0.01422	0.01649	0.00567
95	0.00719	0.00675	0.01125	0.81315	0.02566	0.00835	0.01039	0.00969	0.00780	0.00993	0.00846	0.01165	0.04560	0.00416	0.00391	0.00129	0.00501	0.00368	0.00181	0.00426
96	0.02359	0.00545	0.00667	0.02147	0.00785	0.00546	0.00477	0.14667	0.02029	0.14768	0.01672	0.40188	0.01727	0.06173	0.00535	0.00154	0.00298	0.05175	0.04651	0.00436
97	0.07451	0.05199	0.01213	0.15154	0.09280	0.12081	0.03336	0.29832	0.03680	0.04217	0.00796	0.00912	0.00602	0.00426	0.00406	0.00118	0.04150	0.00325	0.00275	0.00549
98	0.05081	0.00443	0.00549	0.00556	0.01672	0.00425	0.00419	0.00946	0.00873	0.14846	0.09907	0.26131	0.01831	0.00782	0.00407	0.00131	0.00250	0.10964	0.23384	0.00403
99	0.01119	0.00927	0.01144	0.03460	0.08720	0.00996	0.06561	0.30645	0.29580	0.01800	0.01092	0.01109	0.00817	0.00444	0.00384	0.00117	0.00392	0.00374	0.00336	0.09983

[dist]
# distance from previous block
# <min> <max>
6	11

[block]
# block no. 2 follows, 70 sequences, length 114
# corresponding to MSA columns:
# 201-314
name=unknown_C
#
# <colnr> <probs for GDERKNQSTAVLIFYWHMCP>
#	G	D	E	R	K	N	Q	S	T	A	V	L	I	F	Y	W	H	M	C	P
0	0.00635	0.00542	0.00564	0.00533	0.00691	0.00545	0.00407	0.01076	0.28721	0.01274	0.08335	0.02905	0.50672	0.00816	0.00437	0.00131	0.00233	0.00682	0.00376	0.00427
1	0.01036	0.86609	0.02032	0.00663	0.00995	0.01534	0.00663	0.01161	0.00788	0.00912	0.00539	0.00622	0.00498	0.00332	0.00249	0.00083	0.00415	0.00207	0.00166	0.00498
2	0.00558	0.00397	0.00530	0.00530	0.00568	0.00434	0.00369	0.00633	0.00596	0.00831	0.01123	0.01992	0.01173	0.41513	0.46512	0.00509	0.00732	0.00484	0.00220	0.00295
3	0.00485	0.00346	0.00463	0.00551	0.00578	0.00326	0.00378	0.00560	0.00751	0.00999	0.02116	0.78571	0.02520	0.02563	0.00522	0.00163	0.00237	0.07196	0.00358	0.00317
4	0.00787	0.00723	0.01095	0.65506	0.02279	0.00886	0.00968	0.01242	0.20201	0.01139	0.00898	0.01131	0.00674	0.00420	0.00389	0.00130	0.00467	0.00367	0.00225	0.00474
5	0.00804	0.00689	0.00804	0.00574	0.00919	0.00517	0.00459	0.00976	0.00804	0.01263	0.00689	0.00804	0.00574	0.00287	0.00287	0.00057	0.00287	0.00230	0.00230	0.88745
6	0.00459	0.00391	0.00394	0.00396	0.00525	0.00327	0.00296	0.00556	0.00880	0.01046	0.03885	0.05687	0.81871	0.00987	0.00459	0.00132	0.00197	0.00825	0.00360	0.00327
7	0.00491	0.00394	0.00439	0.00428	0.00544	0.00341	0.00321	0.00621	0.00962	0.01233	0.33218	0.03425	0.54392	0.00912	0.00458	0.00128	0.00191	0.00775	0.00385	0.00341
8	0.01739	0.00660	0.00900	0.00690	0.00990	0.00570	0.00570	0.01889	0.01110	0.84226	0.01529	0.01320	0.00960	0.00480	0.00390	0.00120	0.00330	0.00390	0.00480	0.00660
9	0.01036	0.86609	0.02032	0.00663	0.00995	0.01534	0.00663	0.01161	0.00788	0.00912	0.00539	0.00622	0.00498	0.00332	0.00249	0.00083	0.00415	0.00207	0.00166	0.00498
10	0.16155	0.00675	0.00845	0.00660	0.00950	0.00619	0.00545	0.01766	0.01035	0.70616	0.01366	0.01206	0.00871	0.00460	0.00365	0.00120	0.00325	0.00360	0.00440	0.00620
11	0.01036	0.86609	0.02032	0.00663	0.00995	0.01534	0.00663	0.01161	0.00788	0.00912	0.00539	0.00622	0.00498	0.00332	0.00249	0.00083	0.00415	0.00207	0.00166	0.00498
12	0.01294	0.00759	0.00886	0.00747	0.01000	0.00796	0.00595	0.01987	0.48297	0.36776	0.01557	0.01392	0.01088	0.00506	0.00393	0.00127	0.00317	0.00418	0.00431	0.00633
13	0.89114	0.00750	0.00570	0.00510	0.00750	0.00870	0.00420	0.01140	0.00660	0.01739	0.00540	0.00630	0.00420	0.00360	0.00240	0.00120	0.00300	0.00210	0.00240	0.00420
14	0.00848	0.00848	0.01187	0.01018	0.01018	0.01187	0.00848	0.00933	0.00594	0.00933	0.00509	0.00848	0.00509	0.00679	0.01272	0.00170	0.85666	0.00339	0.00170	0.00424
15	0.89114	0.00750	0.00570	0.00510	0.00750	0.00870	0.00420	0.01140	0.00660	0.01739	0.00540	0.00630	0.00420	0.00360	0.00240	0.00120	0.00300	0.00210	0.00240	0.00420
16	0.89114	0.00750	0.00570	0.00510	0.00750	0.00870	0.00420	0.01140	0.00660	0.01739	0.00540	0.00630	0.00420	0.00360	0.00240	0.00120	0.00300	0.00210	0.00240	0.00420
17	0.00500	0.00392	0.00456	0.00496	0.00576	0.00362	0.00350	0.00647	0.05997	0.01068	0.05102	0.45878	0.34633	0.01067	0.00473	0.00144	0.00218	0.00937	0.00364	0.00340
18	0.00978	0.00862	0.00883	0.00795	0.01014	0.03368	0.00618	0.02045	0.80902	0.01602	0.01550	0.01425	0.01164	0.00522	0.00393	0.00131	0.00318	0.00433	0.00389	0.00609
19	0.01739	0.00660	0.00900	0.00690	0.00990	0.00570	0.00570	0.01889	0.01110	0.84226	0.01529	0.01320	0.00960	0.00480	0.00390	0.00120	0.00330	0.00390	0.00480	0.00660
20	0.00512	0.00403	0.00463	0.00447	0.00560	0.00358	0.00336	0.00671	0.02585	0.01306	0.42877	0.03279	0.43048	0.00881	0.00456	0.00127	0.00192	0.00754	0.00393	0.00352
21	0.00520	0.00384	0.00446	0.00451	0.00511	0.00367	0.00304	0.00588	0.00731	0.00947	0.08676	0.09824	0.28139	0.35283	0.10897	0.00287	0.00367	0.00684	0.00298	0.00295
22	0.00960	0.00921	0.01574	0.02380	0.83957	0.00921	0.01190	0.01190	0.00883	0.01267	0.00729	0.00960	0.00614	0.00345	0.00384	0.00115	0.00461	0.00345	0.00192	0.00614
23	0.00472	0.00337	0.00450	0.00540	0.00562	0.00315	0.00360	0.00540	0.00742	0.00990	0.02137	0.86122	0.02564	0.01215	0.00495	0.00157	0.00225	0.01102	0.00360	0.00315
24	0.00956	0.00824	0.00869	0.00783	0.00999	0.00952	0.00609	0.02033	0.81592	0.01620	0.03242	0.01476	0.01234	0.00531	0.00396	0.00131	0.00304	0.00444	0.00395	0.00609
25	0.00960	0.00921	0.01574	0.02380	0.83957	0.00921	0.01190	0.01190	0.00883	0.01267	0.00729	0.00960	0.00614	0.00345	0.00384	0.00115	0.00461	0.00345	0.00192	0.00614
26	0.00583	0.00417	0.00577	0.00667	0.00738	0.00411	0.00553	0.00732	0.00852	0.01114	0.02075	0.26494	0.02321	0.01110	0.00524	0.00173	0.00321	0.59634	0.00358	0.00346
27	0.00564	0.00376	0.00423	0.00423	0.00423	0.00376	0.00235	0.00564	0.00564	0.00752	0.01222	0.02537	0.01409	0.86375	0.01973	0.00376	0.00376	0.00564	0.00235	0.00235
28	0.00468	0.00393	0.00406	0.00403	0.00530	0.00331	0.00302	0.00575	0.00906	0.01101	0.12415	0.03642	0.75279	0.00962	0.00458	0.00130	0.00195	0.00806	0.00367	0.00331
29	0.00778	0.02005	0.84367	0.01105	0.01678	0.00900	0.01432	0.01228	0.00818	0.01228	0.00696	0.00818	0.00491	0.00368	0.00368	0.00123	0.00573	0.00286	0.00164	0.00573
30	0.00839	0.00813	0.01159	0.72610	0.03662	0.08849	0.01030	0.03348	0.00842	0.02224	0.00700	0.01002	0.00527	0.00392	0.00384	0.00126	0.00528	0.00336	0.00186	0.00445
31	0.89114	0.00750	0.00570	0.00510	0.00750	0.00870	0.00420	0.01140	0.00660	0.01739	0.00540	0.00630	0.00420	0.00360	0.00240	0.00120	0.00300	0.00210	0.00240	0.00420
32	0.01739	0.00660	0.00900	0.00690	0.00990	0.00570	0.00570	0.01889	0.01110	0.84226	0.01529	0.01320	0.00960	0.00480	0.00390	0.00120	0.00330	0.00390	0.00480	0.00660
33	0.01735	0.00667	0.00904	0.00693	0.00993	0.00580	0.00572	0.03182	0.01121	0.82916	0.01520	0.01313	0.00955	0.00480	0.00390	0.00120	0.00331	0.00389	0.00478	0.00660
34	0.89114	0.00750	0.00570	0.00510	0.00750	0.00870	0.00420	0.01140	0.00660	0.01739	0.00540	0.00630	0.00420	0.00360	0.00240	0.00120	0.00300	0.00210	0.00240	0.00420
35	0.00460	0.00393	0.00395	0.00395	0.00525	0.00328	0.00296	0.00560	0.00888	0.01058	0.05544	0.03714	0.82176	0.00978	0.00458	0.00131	0.00196	0.00816	0.00361	0.00328
36	0.00848	0.00848	0.01187	0.01018	0.01018	0.01187	0.00848	0.00933	0.00594	0.00933	0.00509	0.00848	0.00509	0.00679	0.01272	0.00170	0.85666	0.00339	0.00170	0.00424
37	0.00515	0.00410	0.00471	0.00500	0.00616	0.00367	0.00404	0.00641	0.00891	0.01094	0.04860	0.03925	0.55483	0.01007	0.00484	0.00146	0.00249	0.27238	0.00360	0.00338
38	0.00778	0.02005	0.84367	0.01105	0.01678	0.00900	0.01432	0.01228	0.00818	0.01228	0.00696	0.00818	0.00491	0.00368	0.00368	0.00123	0.00573	0.00286	0.00164	0.00573
39	0.01036	0.86609	0.02032	0.00663	0.00995	0.01534	0.00663	0.01161	0.00788	0.00912	0.00539	0.00622	0.00498	0.00332	0.00249	0.00083	0.00415	0.00207	0.00166	0.00498
40	0.00915	0.01046	0.02288	0.01634	0.02026	0.00980	0.82549	0.01242	0.00915	0.01242	0.00784	0.01046	0.00588	0.00327	0.00458	0.00131	0.00654	0.00458	0.00196	0.00523
41	0.01400	0.00749	0.00899	0.00739	0.01005	0.00760	0.00594	0.04854	0.36095	0.46144	0.01529	0.01360	0.01044	0.00499	0.00392	0.00125	0.00324	0.00409	0.00440	0.00640
42	0.01171	0.00870	0.00976	0.00728	0.01054	0.00836	0.00594	0.38722	0.01293	0.06945	0.00853	0.00894	0.00637	0.00381	0.00340	0.00088	0.00354	0.00295	0.00318	0.42650
43	0.48468	0.00800	0.00725	0.00644	0.00878	0.00925	0.00515	0.05487	0.34805	0.01725	0.00987	0.00981	0.00747	0.00434	0.00311	0.00125	0.00309	0.00311	0.00311	0.00511
44	0.01188	0.01301	0.00979	0.00886	0.01096	0.39653	0.00676	0.01824	0.45351	0.01311	0.01126	0.01102	0.00868	0.00468	0.00374	0.00117	0.00488	0.00351	0.00305	0.00538
45	0.00960	0.00921	0.01574	0.02380	0.83957	0.00921	0.01190	0.01190	0.00883	0.01267	0.00729	0.00960	0.00614	0.00345	0.00384	0.00115	0.00461	0.00345	0.00192	0.00614
46	0.00960	0.00921	0.01574	0.02380	0.83957	0.00921	0.01190	0.01190	0.00883	0.01267	0.00729	0.00960	0.00614	0.00345	0.00384	0.00115	0.00461	0.00345	0.00192	0.00614
47	0.00723	0.00361	0.00361	0.00361	0.00452	0.00361	0.00271	0.00903	0.00813	0.01445	0.01265	0.01445	0.00994	0.00452	0.00271	0.00090	0.00181	0.00361	0.88528	0.00361
48	0.89114	0.00750	0.00570	0.00510	0.00750	0.00870	0.00420	0.01140	0.00660	0.01739	0.00540	0.00630	0.00420	0.00360	0.00240	0.00120	0.00300	0.00210	0.00240	0.00420
49	0.00848	0.00848	0.01187	0.01018	0.01018	0.01187	0.00848	0.00933	0.00594	0.00933	0.00509	0.00848	0.00509	0.00679	0.01272	0.00170	0.85666	0.00339	0.00170	0.00424
50	0.00625	0.00446	0.00625	0.00714	0.00803	0.00446	0.00625	0.00803	0.00892	0.01160	0.02053	0.04373	0.02231	0.01071	0.00535	0.00178	0.00357	0.81348	0.00357	0.00357
51	0.08025	0.00674	0.00881	0.00681	0.00976	0.00603	0.00562	0.03379	0.01091	0.76724	0.01447	0.01262	0.00915	0.00471	0.00379	0.00120	0.00330	0.00376	0.00461	0.00642
52	0.89114	0.00750	0.00570	0.00510	0.00750	0.00870	0.00420	0.01140	0.00660	0.01739	0.00540	0.00630	0.00420	0.00360	0.00240	0.00120	0.00300	0.00210	0.00240	0.00420
53	0.00855	0.00814	0.01384	0.40703	0.46453	0.00894	0.01138	0.01098	0.00833	0.01139	0.00711	0.00994	0.00569	0.00365	0.00386	0.00122	0.00487	0.00345	0.00183	0.00529
54	0.00629	0.00380	0.00446	0.00429	0.00520	0.00364	0.00322	0.00811	0.00966	0.01504	0.45695	0.02227	0.02429	0.00635	0.00371	0.00107	0.00182	0.00544	0.41074	0.00364
55	0.00508	0.00365	0.00481	0.00516	0.00570	0.00338	0.00363	0.00628	0.00906	0.01250	0.39792	0.47724	0.03069	0.01020	0.00477	0.00141	0.00206	0.00917	0.00391	0.00338
56	0.00515	0.00395	0.00471	0.00452	0.00558	0.00351	0.00339	0.00666	0.01017	0.01365	0.53857	0.03209	0.33672	0.00863	0.00458	0.00125	0.00188	0.00745	0.00402	0.00351
57	0.00804	0.00689	0.00804	0.00574	0.00919	0.00517	0.00459	0.00976	0.00804	0.01263	0.00689	0.00804	0.00574	0.00287	0.00287	0.00057	0.00287	0.00230	0.00230	0.88745
58	0.00530	0.00396	0.00492	0.00468	0.00568	0.00358	0.00351	0.00696	0.01053	0.01450	0.67326	0.03068	0.20150	0.00832	0.00457	0.00124	0.00186	0.00725	0.00413	0.00358
59	0.00948	0.01048	0.02221	0.01590	0.01977	0.00994	0.77698	0.06069	0.00969	0.01313	0.00793	0.01039	0.00592	0.00335	0.00453	0.00130	0.00640	0.00451	0.00207	0.00531
60	0.00778	0.02005	0.84367	0.01105	0.01678	0.00900	0.01432	0.01228	0.00818	0.01228	0.00696	0.00818	0.00491	0.00368	0.00368	0.00123	0.00573	0.00286	0.00164	0.00573
61	0.00848	0.00848	0.01187	0.01018	0.01018	0.01187	0.00848	0.00933	0.00594	0.00933	0.00509	0.00848	0.00509	0.00679	0.01272	0.00170	0.85666	0.00339	0.00170	0.00424
62	0.00474	0.00393	0.00414	0.00409	0.00533	0.00334	0.00307	0.00586	0.00920	0.01134	0.17646	0.03587	0.70027	0.00949	0.00458	0.00129	0.00194	0.00798	0.00371	0.00334
63	0.01452	0.01747	0.01107	0.00985	0.01199	0.73788	0.00747	0.12249	0.01194	0.01146	0.00643	0.00730	0.00520	0.00408	0.00355	0.00102	0.00663	0.00263	0.00225	0.00477
64	0.00732	0.00689	0.01163	0.85444	0.02670	0.00861	0.01077	0.00991	0.00775	0.00991	0.00689	0.01034	0.00517	0.00388	0.00388	0.00129	0.00517	0.00345	0.00172	0.00431
65	0.00472	0.00337	0.00450	0.00540	0.00562	0.00315	0.00360	0.00540	0.00742	0.00990	0.02137	0.86122	0.02564	0.01215	0.00495	0.00157	0.00225	0.01102	0.00360	0.00315
66	0.00614	0.00504	0.00553	0.00518	0.00638	0.03985	0.00392	0.02102	0.07930	0.01429	0.53291	0.02848	0.22144	0.00793	0.00447	0.00124	0.00222	0.00682	0.00398	0.00386
67	0.01321	0.00722	0.00863	0.00724	0.00974	0.00738	0.00581	0.01901	0.38312	0.41542	0.01557	0.01469	0.01099	0.00517	0.00392	0.00126	0.00315	0.02731	0.03498	0.00620
68	0.00515	0.00412	0.00435	0.00422	0.00549	0.00360	0.00318	0.02955	0.00943	0.01192	0.17214	0.03403	0.64019	0.00910	0.00447	0.00127	0.00200	0.00764	0.04469	0.00345
69	0.00732	0.00689	0.01163	0.85444	0.02670	0.00861	0.01077	0.00991	0.00775	0.00991	0.00689	0.01034	0.00517	0.00388	0.00388	0.00129	0.00517	0.00345	0.00172	0.00431
70	0.02238	0.00592	0.00762	0.00710	0.00897	0.00583	0.00591	0.02851	0.13608	0.30671	0.01758	0.06325	0.01583	0.00764	0.00454	0.00148	0.00334	0.34219	0.00405	0.00508
71	0.01136	0.00742	0.00847	0.00681	0.00898	0.00787	0.04131	0.38550	0.01299	0.06755	0.01106	0.01184	0.00820	0.00454	0.00340	0.00106	0.00323	0.00362	0.38958	0.00523
72	0.01727	0.00680	0.00912	0.00699	0.01000	0.00599	0.00578	0.05650	0.01143	0.80418	0.01502	0.01301	0.00946	0.00479	0.00390	0.00120	0.00334	0.00388	0.00476	0.00660
73	0.01036	0.86609	0.02032	0.00663	0.00995	0.01534	0.00663	0.01161	0.00788	0.00912	0.00539	0.00622	0.00498	0.00332	0.00249	0.00083	0.00415	0.00207	0.00166	0.00498
74	0.00483	0.00393	0.00428	0.00426	0.00544	0.00339	0.00321	0.00601	0.00928	0.01162	0.21609	0.05716	0.61740	0.00948	0.00461	0.00131	0.00198	0.02862	0.00375	0.00336
75	0.00590	0.00403	0.00521	0.00578	0.00631	0.00400	0.00446	0.00699	0.00767	0.01033	0.01769	0.16203	0.01958	0.26143	0.00935	0.00227	0.00330	0.39859	0.06194	0.00315
76	0.53647	0.00895	0.00837	0.04293	0.00973	0.09911	0.02727	0.01133	0.00703	0.01427	0.00552	0.00715	0.00457	0.00437	0.00498	0.00130	0.19768	0.00256	0.00216	0.00427
77	0.01447	0.01073	0.01148	0.00887	0.01192	0.01190	0.00730	0.78415	0.06116	0.02400	0.00965	0.00958	0.00687	0.00469	0.00388	0.00117	0.00420	0.00354	0.00388	0.00657
78	0.01155	0.58488	0.04094	0.00772	0.01076	0.22239	0.00711	0.05649	0.00922	0.01013	0.00580	0.00663	0.00507	0.00357	0.00285	0.00090	0.00491	0.00228	0.00186	0.00496
79	0.00472	0.00337	0.00450	0.00540	0.00562	0.00315	0.00360	0.00540	0.00742	0.00990	0.02137	0.86122	0.02564	0.01215	0.00495	0.00157	0.00225	0.01102	0.00360	0.00315
80	0.00495	0.00368	0.00461	0.00493	0.00560	0.00334	0.00349	0.00606	0.00887	0.01187	0.29342	0.42390	0.19046	0.01030	0.00475	0.00140	0.00205	0.00914	0.00382	0.00334
81	0.00890	0.00447	0.00551	0.00514	0.00653	0.00402	0.00388	0.01017	0.00902	0.24811	0.05471	0.24934	0.16116	0.00775	0.00407	0.00126	0.00238	0.00666	0.20265	0.00428
82	0.00544	0.00396	0.00512	0.00483	0.00576	0.00364	0.00362	0.00723	0.01086	0.01529	0.79653	0.02939	0.07774	0.00802	0.00457	0.00122	0.00184	0.00707	0.00423	0.00364
83	0.01739	0.00660	0.00900	0.00690	0.00990	0.00570	0.00570	0.01889	0.01110	0.84226	0.01529	0.01320	0.00960	0.00480	0.00390	0.00120	0.00330	0.00390	0.00480	0.00660
84	0.00732	0.00689	0.01163	0.85444	0.02670	0.00861	0.01077	0.00991	0.00775	0.00991	0.00689	0.01034	0.00517	0.00388	0.00388	0.00129	0.00517	0.00345	0.00172	0.00431
85	0.00985	0.00843	0.00888	0.00793	0.01016	0.00974	0.00619	0.05292	0.79991	0.01655	0.01552	0.01426	0.01162	0.00524	0.00394	0.00131	0.00312	0.00435	0.00394	0.00615
86	0.01036	0.86609	0.02032	0.00663	0.00995	0.01534	0.00663	0.01161	0.00788	0.00912	0.00539	0.00622	0.00498	0.00332	0.00249	0.00083	0.00415	0.00207	0.00166	0.00498
87	0.01474	0.01086	0.01163	0.00892	0.01202	0.01202	0.00737	0.82664	0.01823	0.02443	0.00931	0.00931	0.00659	0.00465	0.00388	0.00116	0.00427	0.00349	0.00388	0.00659
88	0.03309	0.01969	0.81965	0.01088	0.01651	0.00899	0.01403	0.01225	0.00814	0.01242	0.00691	0.00813	0.00489	0.00368	0.00365	0.00123	0.00565	0.00284	0.00166	0.00569
89	0.01577	0.00847	0.12461	0.03176	0.01133	0.00624	0.00704	0.01772	0.01060	0.70351	0.01390	0.01242	0.00882	0.00462	0.00387	0.00121	0.00369	0.00374	0.00427	0.00641
90	0.03190	0.00661	0.00894	0.00687	0.00986	0.00575	0.00567	0.01877	0.01102	0.82856	0.01513	0.01308	0.00951	0.00478	0.00387	0.00120	0.00329	0.00387	0.00476	0.00656
91	0.00977	0.00859	0.00882	0.00794	0.01013	0.03125	0.00617	0.02047	0.81139	0.01604	0.01553	0.01427	0.01166	0.00523	0.00393	0.00131	0.00317	0.00433	0.00389	0.00609
92	0.00472	0.00337	0.00450	0.00540	0.00562	0.00315	0.00360	0.00540	0.00742	0.00990	0.02137	0.86122	0.02564	0.01215	0.00495	0.00157	0.00225	0.01102	0.00360	0.00315
93	0.00463	0.00374	0.00413	0.00444	0.00537	0.00323	0.00317	0.00551	0.00835	0.01027	0.03306	0.32328	0.55604	0.01063	0.00471	0.00140	0.00206	0.00917	0.00360	0.00323
94	0.01192	0.00946	0.01005	0.00835	0.01095	0.01071	0.00669	0.38142	0.46803	0.01990	0.01288	0.01216	0.00949	0.00499	0.00391	0.00125	0.00360	0.00398	0.00391	0.00634
