[name]
unknown

[dist]
# distance from previous block
# <min> <max>
37	294

[block]
# block no. 0 follows, 62 sequences, length 6
# corresponding to MSA columns:
# 371-376
name=unknown_A
#
# <colnr> <probs for GDERKNQSTAVLIFYWHMCP>
#	G	D	E	R	K	N	Q	S	T	A	V	L	I	F	Y	W	H	M	C	P
0	0.04953	0.05470	0.04393	0.06303	0.06835	0.11175	0.12401	0.09498	0.08048	0.04303	0.04438	0.05503	0.00987	0.04968	0.00574	0.00148	0.05766	0.00445	0.00286	0.03509
1	0.03872	0.05411	0.09395	0.07826	0.06804	0.01043	0.03312	0.04886	0.06214	0.01308	0.03880	0.04198	0.04584	0.00632	0.00746	0.00151	0.28210	0.03293	0.00255	0.03979
2	0.01138	0.04069	0.14027	0.03891	0.07797	0.09531	0.04704	0.13857	0.09105	0.07188	0.03837	0.02695	0.02328	0.00714	0.07027	0.00173	0.02548	0.00410	0.00301	0.04660
3	0.01054	0.03879	0.07683	0.34497	0.06315	0.03795	0.00965	0.08911	0.03511	0.09845	0.03315	0.03836	0.00836	0.00474	0.00412	0.00128	0.00487	0.00398	0.00277	0.09380
4	0.01206	0.05843	0.07856	0.04770	0.07990	0.09205	0.12001	0.11268	0.11816	0.11439	0.08098	0.01301	0.01058	0.00486	0.00425	0.00128	0.00493	0.00421	0.00325	0.03871
5	0.01022	0.07597	0.02643	0.03830	0.09558	0.08571	0.04769	0.05051	0.06469	0.08082	0.05059	0.07819	0.11476	0.00716	0.02977	0.00148	0.03707	0.02970	0.00316	0.07220

[dist]
# distance from previous block
# <min> <max>
5	14

[block]
# block no. 1 follows, 62 sequences, length 23
# corresponding to MSA columns:
# 391-413
name=unknown_B
#
# <colnr> <probs for GDERKNQSTAVLIFYWHMCP>
#	G	D	E	R	K	N	Q	S	T	A	V	L	I	F	Y	W	H	M	C	P
0	0.17201	0.00967	0.01008	0.03566	0.07907	0.07172	0.00698	0.26089	0.05156	0.02739	0.08987	0.03500	0.03880	0.00600	0.02020	0.00139	0.00426	0.01681	0.00343	0.05922
1	0.13671	0.01089	0.04576	0.03028	0.01287	0.07905	0.07815	0.22189	0.07927	0.10942	0.01009	0.02169	0.00765	0.02137	0.00492	0.00136	0.05483	0.00379	0.00332	0.06670
2	0.04514	0.01029	0.03102	0.02804	0.04213	0.10196	0.02123	0.21805	0.15885	0.09088	0.06134	0.05529	0.01159	0.04846	0.00579	0.02655	0.02932	0.00463	0.00362	0.00581
3	0.02479	0.06036	0.01261	0.08664	0.06029	0.30256	0.02888	0.08552	0.10390	0.17759	0.01035	0.01074	0.00761	0.00467	0.00403	0.00124	0.00553	0.00356	0.00318	0.00593
4	0.03234	0.03867	0.03585	0.02210	0.03608	0.08149	0.02090	0.06561	0.16469	0.07310	0.05404	0.11130	0.11759	0.00681	0.00434	0.00132	0.00381	0.02818	0.01635	0.08543
5	0.00957	0.00808	0.01079	0.08556	0.22125	0.04924	0.00809	0.09466	0.03976	0.04399	0.20659	0.08901	0.04426	0.00679	0.00486	0.00139	0.02541	0.04198	0.00342	0.00533
6	0.01397	0.12254	0.06672	0.00944	0.03885	0.02423	0.00800	0.41001	0.04698	0.10928	0.06357	0.01171	0.00955	0.00499	0.00404	0.00122	0.00442	0.00385	0.00374	0.04289
7	0.01296	0.01171	0.01077	0.00928	0.01167	0.18621	0.00730	0.17597	0.35074	0.06165	0.05707	0.01341	0.01117	0.00558	0.00481	0.00135	0.05411	0.00424	0.00378	0.00621
8	0.00837	0.00574	0.00679	0.00623	0.00788	0.00553	0.00482	0.09629	0.04409	0.09386	0.12507	0.12866	0.25907	0.03386	0.06963	0.00192	0.00356	0.05374	0.00399	0.04090
9	0.09061	0.00987	0.03784	0.01116	0.05979	0.06484	0.17888	0.12027	0.03784	0.10795	0.11782	0.06388	0.01309	0.00578	0.00488	0.00139	0.04163	0.02352	0.00336	0.00561
10	0.00571	0.00422	0.00497	0.00525	0.00581	0.00407	0.00350	0.00669	0.03230	0.01028	0.02379	0.28974	0.21531	0.29480	0.07183	0.00283	0.00363	0.00858	0.00338	0.00332
11	0.00606	0.00423	0.00522	0.00524	0.00598	0.00392	0.00364	0.00724	0.00966	0.03248	0.35607	0.20485	0.13665	0.18949	0.00864	0.00203	0.00262	0.00840	0.00399	0.00361
12	0.01012	0.00972	0.01597	0.05868	0.60637	0.02566	0.06109	0.03137	0.03076	0.01383	0.01059	0.05410	0.04328	0.00468	0.00436	0.00131	0.00496	0.00452	0.00238	0.00626
13	0.05993	0.06495	0.03260	0.02762	0.22173	0.07241	0.00879	0.18196	0.14819	0.07996	0.03203	0.01231	0.02915	0.00487	0.00407	0.00128	0.00454	0.00397	0.00329	0.00635
14	0.01264	0.00901	0.01000	0.00836	0.01109	0.00972	0.00665	0.18968	0.41703	0.14211	0.07366	0.01519	0.01296	0.00561	0.00429	0.00133	0.00358	0.00459	0.00437	0.05813
15	0.00575	0.00402	0.00480	0.00513	0.00537	0.00391	0.00320	0.00615	0.00717	0.00947	0.01928	0.29814	0.09162	0.46593	0.04868	0.00321	0.00371	0.00831	0.00314	0.00301
16	0.05320	0.07026	0.44014	0.01210	0.06109	0.02871	0.10477	0.04375	0.06435	0.01418	0.01054	0.01162	0.05767	0.00454	0.00410	0.00133	0.00557	0.00380	0.00231	0.00598
17	0.07274	0.02511	0.11375	0.03487	0.02765	0.10166	0.05023	0.16447	0.13664	0.10110	0.04305	0.07966	0.01919	0.00564	0.00423	0.00135	0.00467	0.00462	0.00345	0.00594
18	0.00513	0.00423	0.00444	0.00455	0.00578	0.00361	0.00332	0.00615	0.00946	0.01149	0.06667	0.13560	0.67070	0.04265	0.00570	0.00157	0.00226	0.00920	0.00392	0.00355
19	0.04648	0.00590	0.00770	0.00715	0.00856	0.00587	0.04551	0.09153	0.02823	0.10231	0.08785	0.40556	0.07028	0.00970	0.00513	0.00155	0.02283	0.02672	0.01656	0.00459
20	0.02462	0.07452	0.21016	0.03027	0.18804	0.02174	0.09246	0.13598	0.08568	0.04974	0.01741	0.01119	0.00757	0.00449	0.00431	0.00132	0.01753	0.01389	0.00273	0.00634
21	0.02636	0.05878	0.08774	0.00961	0.01243	0.04721	0.06674	0.28295	0.03314	0.06004	0.04126	0.05601	0.06236	0.00677	0.02650	0.00152	0.08816	0.02323	0.00336	0.00582
22	0.01004	0.00955	0.01622	0.11050	0.69944	0.00973	0.01247	0.01258	0.00968	0.01374	0.04885	0.01168	0.00831	0.00409	0.00426	0.00128	0.00497	0.00399	0.00221	0.00639

[dist]
# distance from previous block
# <min> <max>
3	5

[block]
# block no. 2 follows, 62 sequences, length 16
# corresponding to MSA columns:
# 420-435
name=unknown_C
#
# <colnr> <probs for GDERKNQSTAVLIFYWHMCP>
#	G	D	E	R	K	N	Q	S	T	A	V	L	I	F	Y	W	H	M	C	P
0	0.01046	0.08698	0.01200	0.02948	0.01139	0.22522	0.04443	0.04097	0.02522	0.01120	0.01024	0.11231	0.02526	0.03131	0.10419	0.00213	0.20538	0.00470	0.00246	0.00467
1	0.05777	0.02292	0.15745	0.00936	0.03762	0.00860	0.05555	0.08873	0.12794	0.08118	0.03181	0.03188	0.00889	0.00454	0.00389	0.00115	0.00420	0.00378	0.00309	0.25963
2	0.04298	0.09135	0.04824	0.03384	0.01274	0.17083	0.03570	0.19417	0.10294	0.08819	0.01081	0.04010	0.02045	0.00495	0.00395	0.00120	0.00489	0.00383	0.00324	0.08560
3	0.00796	0.00616	0.00663	0.02032	0.00797	0.05929	0.00471	0.01045	0.11182	0.06043	0.08993	0.32629	0.07934	0.08459	0.00623	0.00167	0.00315	0.00781	0.04289	0.06237
4	0.00971	0.02085	0.06898	0.04493	0.16551	0.00916	0.25048	0.08962	0.01065	0.02995	0.09182	0.08759	0.02374	0.02347	0.00531	0.00144	0.03301	0.00533	0.00282	0.02566
5	0.01198	0.03746	0.02776	0.01832	0.41421	0.12566	0.08196	0.07518	0.03624	0.06831	0.01025	0.01236	0.03156	0.00453	0.00426	0.00128	0.00532	0.02447	0.00266	0.00626
6	0.03748	0.03566	0.00959	0.00848	0.05805	0.00812	0.00629	0.24183	0.04378	0.15969	0.06509	0.17058	0.10892	0.00750	0.00454	0.00140	0.00355	0.01965	0.00411	0.00569
7	0.00771	0.00542	0.00626	0.00592	0.00733	0.00526	0.00445	0.08870	0.06671	0.06017	0.20193	0.21437	0.24711	0.00939	0.00485	0.00144	0.00260	0.00809	0.04784	0.00446
8	0.02813	0.03388	0.33381	0.01402	0.09142	0.15903	0.19031	0.01474	0.06910	0.01336	0.00834	0.00987	0.00631	0.00410	0.00421	0.00131	0.00631	0.00364	0.00218	0.00594
9	0.01041	0.00984	0.01479	0.29244	0.30359	0.05648	0.07100	0.06801	0.07675	0.02764	0.00946	0.01169	0.02023	0.00436	0.00429	0.00134	0.00533	0.00400	0.00246	0.00588
10	0.04730	0.00868	0.01027	0.00834	0.01117	0.00905	0.03121	0.19343	0.24680	0.27120	0.07396	0.01578	0.04194	0.00573	0.00433	0.00135	0.00371	0.00470	0.00448	0.00658
11	0.00567	0.00428	0.00523	0.00558	0.00641	0.00399	0.00401	0.01995	0.02500	0.01230	0.14321	0.39535	0.25743	0.01230	0.03582	0.01808	0.00276	0.03495	0.00397	0.00370
12	0.06366	0.22263	0.12194	0.02461	0.13729	0.02542	0.03661	0.10765	0.11907	0.08740	0.00959	0.01022	0.00730	0.00436	0.00377	0.00123	0.00471	0.00345	0.00286	0.00624
13	0.01109	0.06560	0.03074	0.13872	0.18049	0.02607	0.04852	0.17163	0.05001	0.06592	0.05775	0.01450	0.07284	0.00587	0.02433	0.00145	0.02108	0.00444	0.00307	0.00587
14	0.00618	0.00407	0.00529	0.00590	0.00654	0.00373	0.00413	0.00711	0.00878	0.06555	0.05082	0.64353	0.11893	0.01229	0.00531	0.00166	0.00255	0.03981	0.00406	0.00376
15	0.03337	0.18064	0.12896	0.01246	0.13702	0.21571	0.07175	0.04260	0.02618	0.04269	0.01010	0.01112	0.06051	0.00454	0.00389	0.00120	0.00561	0.00358	0.00240	0.00567

[dist]
# distance from previous block
# <min> <max>
2	16

[block]
# block no. 3 follows, 62 sequences, length 17
# corresponding to MSA columns:
# 452-468
name=unknown_D
#
# <colnr> <probs for GDERKNQSTAVLIFYWHMCP>
#	G	D	E	R	K	N	Q	S	T	A	V	L	I	F	Y	W	H	M	C	P
0	0.00783	0.00648	0.00895	0.13578	0.11332	0.00606	0.00656	0.00951	0.00877	0.02931	0.03488	0.15805	0.07956	0.08655	0.00589	0.00148	0.00367	0.02462	0.00288	0.26986
1	0.01190	0.44515	0.13289	0.00868	0.01248	0.09630	0.00852	0.12491	0.04315	0.01346	0.00739	0.00818	0.00606	0.00403	0.00333	0.00105	0.00499	0.00278	0.00234	0.06240
2	0.05626	0.03201	0.06325	0.00845	0.01195	0.00941	0.03289	0.29270	0.04016	0.06482	0.00951	0.01033	0.00722	0.00602	0.05715	0.00144	0.00463	0.00339	0.00326	0.28515
3	0.00976	0.00829	0.03078	0.00864	0.01051	0.07126	0.08927	0.01216	0.07881	0.13306	0.02039	0.13053	0.20916	0.00853	0.02920	0.00165	0.13326	0.00636	0.00343	0.00495
4	0.00798	0.02700	0.00785	0.00704	0.01866	0.00576	0.04621	0.03702	0.09752	0.08201	0.20083	0.26314	0.13311	0.02934	0.00532	0.00154	0.00298	0.01801	0.00407	0.00459
5	0.00545	0.00426	0.00496	0.00505	0.00615	0.00377	0.00376	0.00680	0.01018	0.01316	0.27689	0.16126	0.42195	0.01058	0.00513	0.00148	0.00225	0.04902	0.00417	0.00372
6	0.00606	0.00410	0.00481	0.00493	0.00500	0.00412	0.00291	0.00624	0.00646	0.00866	0.01449	0.12544	0.01670	0.70046	0.06897	0.00400	0.00437	0.00680	0.00272	0.00276
7	0.02865	0.07711	0.59506	0.01165	0.03471	0.08713	0.01350	0.06511	0.02402	0.01402	0.00773	0.00890	0.00567	0.00414	0.00393	0.00129	0.00605	0.00312	0.00206	0.00615
8	0.01450	0.00798	0.00958	0.00745	0.01066	0.02694	0.00602	0.05234	0.10919	0.41669	0.04378	0.01337	0.01049	0.00484	0.00399	0.00113	0.00354	0.00392	0.00425	0.24935
9	0.00527	0.00382	0.00494	0.00580	0.00617	0.00355	0.00394	0.00606	0.00827	0.01088	0.02478	0.71293	0.09875	0.04675	0.00606	0.00181	0.00256	0.04033	0.00389	0.00345
10	0.00889	0.00843	0.01430	0.56195	0.30093	0.00968	0.01224	0.01162	0.00891	0.01191	0.00771	0.01107	0.00604	0.00410	0.00424	0.00137	0.00546	0.00378	0.00196	0.00541
11	0.01002	0.02461	0.02437	0.00707	0.00870	0.05223	0.00543	0.07477	0.06471	0.17305	0.05577	0.40425	0.04721	0.00928	0.00480	0.00149	0.00331	0.00809	0.01591	0.00494
12	0.01290	0.00686	0.00807	0.00677	0.00905	0.00687	0.00540	0.09666	0.15554	0.29713	0.09402	0.01637	0.01363	0.00559	0.00400	0.00125	0.00307	0.00458	0.24630	0.00593
13	0.00790	0.00441	0.00451	0.00445	0.00556	0.00444	0.00334	0.03015	0.04498	0.01565	0.01659	0.05985	0.07170	0.00585	0.00334	0.00109	0.00215	0.00478	0.70515	0.00412
14	0.00889	0.06522	0.34161	0.24189	0.08701	0.00991	0.06082	0.04364	0.00935	0.01294	0.00891	0.06365	0.00743	0.00477	0.00422	0.00137	0.00562	0.01497	0.00213	0.00563
15	0.07740	0.00873	0.01133	0.01055	0.08959	0.00938	0.09037	0.09658	0.30937	0.03666	0.09332	0.04984	0.01331	0.00567	0.00450	0.00137	0.02257	0.00490	0.03053	0.03405
16	0.08445	0.01143	0.02746	0.07024	0.20708	0.12444	0.03620	0.24093	0.01286	0.09571	0.00971	0.04331	0.00764	0.00481	0.00413	0.00129	0.00506	0.00394	0.00313	0.00620

[dist]
# distance from previous block
# <min> <max>
0	1

[block]
# block no. 4 follows, 62 sequences, length 25
# corresponding to MSA columns:
# 470-494
name=unknown_E
#
# <colnr> <probs for GDERKNQSTAVLIFYWHMCP>
#	G	D	E	R	K	N	Q	S	T	A	V	L	I	F	Y	W	H	M	C	P
0	0.01367	0.08580	0.01211	0.00900	0.01169	0.16968	0.00732	0.38688	0.04599	0.03752	0.05955	0.01377	0.08337	0.00569	0.00455	0.00126	0.03836	0.00422	0.00357	0.00599
1	0.01245	0.03192	0.01067	0.00864	0.01117	0.15651	0.02728	0.19535	0.16393	0.08657	0.11565	0.01587	0.06819	0.00582	0.00445	0.00127	0.02029	0.00461	0.00376	0.05560
2	0.01022	0.15877	0.34287	0.06683	0.06521	0.03881	0.02150	0.05930	0.06246	0.02916	0.00811	0.00951	0.00626	0.00446	0.00476	0.00130	0.08062	0.00330	0.00224	0.02429
3	0.04597	0.00461	0.00549	0.00554	0.00674	0.00422	0.00415	0.00815	0.00982	0.08305	0.18151	0.26570	0.28732	0.01039	0.00502	0.00152	0.00251	0.06015	0.00414	0.00402
4	0.00962	0.00931	0.01649	0.05004	0.46721	0.00925	0.17091	0.01265	0.04161	0.01431	0.12366	0.01487	0.01203	0.00473	0.00454	0.00134	0.00498	0.02384	0.00260	0.00601
5	0.00889	0.00609	0.00727	0.03798	0.00881	0.00603	0.00512	0.16697	0.01219	0.08893	0.22227	0.18726	0.20743	0.00890	0.00486	0.00143	0.00294	0.00763	0.00423	0.00476
6	0.00920	0.00875	0.04338	0.04716	0.28055	0.03377	0.04959	0.08617	0.03593	0.01452	0.08616	0.12119	0.06857	0.00752	0.02940	0.00158	0.00455	0.06352	0.00308	0.00543
7	0.01846	0.00745	0.00992	0.00764	0.01086	0.00663	0.00630	0.07135	0.01268	0.74745	0.04384	0.01480	0.01133	0.00537	0.00430	0.00131	0.00363	0.00437	0.00518	0.00713
8	0.00526	0.00388	0.00493	0.00560	0.00613	0.00355	0.00384	0.00622	0.00888	0.01174	0.12675	0.61800	0.15492	0.01235	0.00532	0.00163	0.00236	0.01105	0.00404	0.00355
9	0.04958	0.76785	0.05243	0.00744	0.01113	0.01618	0.00750	0.02796	0.00881	0.01086	0.00606	0.00698	0.00545	0.00370	0.00281	0.00095	0.00456	0.00234	0.00190	0.00549
10	0.06226	0.00443	0.00472	0.00482	0.00586	0.00442	0.00354	0.00966	0.02923	0.04364	0.01690	0.22558	0.04041	0.00722	0.00372	0.00123	0.00229	0.00610	0.51992	0.00405
11	0.00547	0.00395	0.00472	0.00521	0.00561	0.00369	0.00338	0.00604	0.00782	0.01015	0.02400	0.43423	0.17508	0.27842	0.01050	0.00243	0.00293	0.00963	0.00351	0.00320
12	0.07434	0.00993	0.01111	0.00869	0.01185	0.01051	0.00713	0.48160	0.03427	0.25052	0.01251	0.04783	0.00903	0.00545	0.00421	0.00131	0.00416	0.00424	0.00442	0.00689
13	0.01048	0.01007	0.01708	0.02546	0.78818	0.01024	0.01289	0.01293	0.00955	0.01374	0.00790	0.01048	0.00669	0.00395	0.00464	0.00129	0.04189	0.00379	0.00210	0.00665
14	0.00578	0.00398	0.00513	0.00583	0.00639	0.00365	0.00405	0.00668	0.00867	0.04257	0.04632	0.65853	0.13353	0.01250	0.00534	0.00167	0.00251	0.03920	0.00402	0.00365
15	0.00613	0.00411	0.00471	0.00476	0.00480	0.00412	0.00272	0.00621	0.00631	0.00843	0.01388	0.07024	0.01601	0.78624	0.04129	0.00407	0.00422	0.00645	0.00264	0.00265
16	0.01361	0.22270	0.01410	0.00869	0.01187	0.01292	0.00738	0.33704	0.23733	0.07457	0.01155	0.01122	0.00861	0.00493	0.00389	0.00123	0.00421	0.00374	0.00373	0.00665
17	0.00625	0.00439	0.00550	0.00544	0.00566	0.00471	0.00354	0.00670	0.00638	0.00877	0.01262	0.02419	0.01383	0.59605	0.25020	0.00483	0.02984	0.00566	0.00247	0.00298
18	0.04102	0.01101	0.01492	0.12066	0.07181	0.11130	0.19030	0.16851	0.02456	0.18806	0.01027	0.01124	0.00731	0.00448	0.00433	0.00132	0.00548	0.00402	0.00323	0.00616
19	0.01058	0.00651	0.01019	0.00839	0.01047	0.00609	0.14400	0.04190	0.01019	0.24030	0.06779	0.20623	0.06284	0.06571	0.05944	0.00197	0.00431	0.00678	0.03123	0.00507
20	0.00569	0.00396	0.00474	0.00515	0.00535	0.00381	0.00319	0.00607	0.00724	0.00955	0.01960	0.36675	0.07632	0.44743	0.01382	0.00295	0.00331	0.00882	0.00324	0.00301
21	0.02334	0.50495	0.22168	0.00878	0.01280	0.05681	0.00936	0.03690	0.02354	0.01189	0.03230	0.00851	0.00671	0.00411	0.00350	0.00109	0.02322	0.00281	0.00205	0.00564
22	0.04366	0.35583	0.29662	0.01022	0.04029	0.05777	0.04370	0.01308	0.00892	0.01204	0.00679	0.00812	0.00553	0.00394	0.00380	0.00114	0.03504	0.00283	0.00192	0.04875
23	0.02656	0.04562	0.16969	0.02427	0.06186	0.07589	0.00843	0.12269	0.05045	0.06113	0.03794	0.04577	0.07030	0.01517	0.05881	0.00162	0.00502	0.00433	0.00299	0.11147
24	0.00962	0.05321	0.05585	0.02568	0.02901	0.01962	0.06644	0.09218	0.07493	0.10313	0.09661	0.10523	0.20899	0.00734	0.00456	0.00136	0.00367	0.00631	0.00370	0.03255

[dist]
# distance from previous block
# <min> <max>
0	34

[block]
# block no. 5 follows, 62 sequences, length 39
# corresponding to MSA columns:
# 542-580
name=unknown_F
#
# <colnr> <probs for GDERKNQSTAVLIFYWHMCP>
#	G	D	E	R	K	N	Q	S	T	A	V	L	I	F	Y	W	H	M	C	P
0	0.04333	0.10727	0.10434	0.03558	0.01182	0.00810	0.00692	0.03351	0.00901	0.01375	0.00735	0.00867	0.00602	0.00353	0.00350	0.00084	0.02271	0.00266	0.00237	0.56872
1	0.01001	0.00970	0.03847	0.22017	0.44524	0.00981	0.08237	0.03255	0.03719	0.03199	0.03540	0.01173	0.00783	0.00419	0.00432	0.00133	0.00523	0.00406	0.00233	0.00608
2	0.00844	0.00715	0.01166	0.00958	0.02767	0.00678	0.22258	0.05092	0.04828	0.05980	0.20915	0.05877	0.19658	0.01716	0.00514	0.00146	0.00393	0.04637	0.00369	0.00487
3	0.01063	0.01021	0.03134	0.17898	0.26592	0.08577	0.00986	0.08448	0.07077	0.02733	0.00945	0.05119	0.00791	0.00470	0.00434	0.00125	0.02377	0.00401	0.00261	0.11547
4	0.00534	0.00384	0.00510	0.00606	0.00641	0.00360	0.00421	0.00621	0.00836	0.01106	0.02401	0.74408	0.05403	0.01309	0.00546	0.00174	0.00260	0.08736	0.00395	0.00351
5	0.00659	0.00540	0.00596	0.00581	0.00725	0.00532	0.00441	0.01037	0.19560	0.01402	0.18530	0.10725	0.37915	0.00950	0.00494	0.00147	0.00251	0.04058	0.00418	0.00440
6	0.01128	0.67919	0.13550	0.00821	0.01213	0.07117	0.00854	0.01313	0.00892	0.01053	0.00620	0.00719	0.00545	0.00375	0.00299	0.00098	0.00501	0.00243	0.00184	0.00554
7	0.03750	0.11267	0.01297	0.07804	0.01342	0.02713	0.07073	0.05785	0.01154	0.51460	0.01320	0.01248	0.00875	0.00479	0.00409	0.00128	0.00433	0.00394	0.00413	0.00658
8	0.01757	0.00876	0.01072	0.00826	0.01150	0.00859	0.00681	0.29549	0.01490	0.51669	0.04538	0.01366	0.01052	0.00534	0.00430	0.00130	0.00393	0.00425	0.00489	0.00712
9	0.00550	0.00435	0.00496	0.00485	0.00610	0.00381	0.00367	0.00699	0.01067	0.01384	0.36464	0.03738	0.47348	0.00995	0.00505	0.00141	0.00215	0.03319	0.00425	0.00378
10	0.01175	0.41326	0.15018	0.01019	0.03366	0.14257	0.08013	0.03463	0.04655	0.03012	0.00746	0.00848	0.00607	0.00399	0.00350	0.00111	0.00550	0.00297	0.00217	0.00571
11	0.00953	0.00733	0.00809	0.00726	0.00926	0.00796	0.00563	0.04738	0.44263	0.05885	0.21752	0.02157	0.08581	0.00682	0.00449	0.00138	0.00293	0.00576	0.04406	0.00572
12	0.00529	0.00432	0.00468	0.00459	0.00591	0.00370	0.00344	0.00662	0.01032	0.01298	0.25061	0.03851	0.61376	0.01022	0.00503	0.00141	0.00212	0.00864	0.00415	0.00370
13	0.01320	0.00799	0.00899	0.00747	0.00997	0.00840	0.00598	0.20230	0.22330	0.21876	0.02914	0.01504	0.02909	0.00548	0.00403	0.00127	0.00338	0.00441	0.19554	0.00625
14	0.01361	0.38514	0.10384	0.00854	0.01229	0.02959	0.00820	0.20026	0.03009	0.15668	0.00926	0.00940	0.00692	0.00437	0.00355	0.00113	0.00464	0.00315	0.00305	0.00629
15	0.00954	0.00485	0.00516	0.00475	0.00613	0.00485	0.00367	0.05487	0.02927	0.09629	0.01405	0.01542	0.01072	0.00502	0.00321	0.00105	0.00232	0.00401	0.72028	0.00453
16	0.00633	0.00436	0.00502	0.00494	0.00494	0.00453	0.00288	0.00637	0.00620	0.00834	0.01305	0.02700	0.01502	0.81205	0.02131	0.00402	0.04233	0.00608	0.00255	0.00267
17	0.00953	0.14240	0.41158	0.09941	0.01855	0.05847	0.15611	0.01315	0.00923	0.01248	0.00784	0.02818	0.00614	0.00415	0.00406	0.00130	0.00612	0.00360	0.00195	0.00576
18	0.78270	0.00817	0.00655	0.00575	0.00840	0.00929	0.00472	0.03860	0.00791	0.01906	0.03764	0.00806	0.00614	0.00414	0.00280	0.00129	0.00328	0.00257	0.00276	0.04017
19	0.00876	0.08809	0.76431	0.01174	0.01782	0.01043	0.01505	0.01342	0.00896	0.01320	0.00750	0.00881	0.00540	0.00401	0.00394	0.00131	0.00615	0.00308	0.00180	0.00622
20	0.55722	0.00950	0.00814	0.00731	0.02966	0.07735	0.00571	0.08145	0.06802	0.09615	0.01966	0.00907	0.00663	0.00440	0.00322	0.00130	0.00383	0.00295	0.00312	0.00531
21	0.01060	0.00904	0.00953	0.00854	0.01089	0.01042	0.00662	0.04780	0.75882	0.01773	0.01693	0.01615	0.01290	0.03837	0.00500	0.00154	0.00344	0.00483	0.00426	0.00659
22	0.01176	0.71017	0.04090	0.00850	0.04444	0.06720	0.00782	0.04723	0.00940	0.01100	0.00627	0.00723	0.00559	0.00377	0.00296	0.00096	0.00481	0.00245	0.00196	0.00558
23	0.03570	0.04386	0.30450	0.00980	0.01430	0.00892	0.07324	0.09254	0.01021	0.06465	0.00871	0.02741	0.00672	0.00414	0.00393	0.00112	0.01388	0.00338	0.00258	0.27040
24	0.00925	0.04488	0.20387	0.36611	0.20904	0.04412	0.03882	0.01240	0.00909	0.01222	0.00761	0.01029	0.00586	0.00406	0.00414	0.00133	0.00576	0.00358	0.00194	0.00563
25	0.00576	0.00428	0.00535	0.00530	0.00627	0.00390	0.00393	0.00738	0.01089	0.01484	0.52113	0.13571	0.19175	0.02727	0.00545	0.00149	0.00221	0.03888	0.00437	0.00383
26	0.00865	0.05584	0.79560	0.01193	0.01811	0.01016	0.01538	0.01345	0.00897	0.01333	0.00757	0.00890	0.00539	0.00403	0.00399	0.00133	0.00622	0.00311	0.00180	0.00625
27	0.00530	0.00384	0.00502	0.00584	0.00626	0.00357	0.00402	0.00621	0.00861	0.01144	0.08352	0.69673	0.08664	0.01274	0.00539	0.00169	0.00247	0.04317	0.00400	0.00353
28	0.01004	0.01148	0.02511	0.01793	0.02224	0.01076	0.80846	0.01363	0.01004	0.01363	0.00861	0.01148	0.00646	0.00359	0.00502	0.00143	0.00717	0.00502	0.00215	0.00574
29	0.00566	0.00435	0.00518	0.00501	0.00618	0.00387	0.00378	0.00730	0.01108	0.01479	0.49941	0.03574	0.34409	0.00958	0.00504	0.00139	0.00211	0.02721	0.00438	0.00385
30	0.00564	0.00439	0.00514	0.00505	0.00620	0.00395	0.00375	0.00739	0.03007	0.01420	0.40511	0.10841	0.36549	0.00991	0.00504	0.00142	0.00214	0.00856	0.00430	0.00385
31	0.00861	0.00807	0.01350	0.69027	0.15852	0.00964	0.01194	0.02781	0.00894	0.01170	0.00769	0.01119	0.00588	0.00420	0.00425	0.00139	0.00555	0.00378	0.00197	0.00511
32	0.05209	0.00699	0.00912	0.00716	0.01010	0.00628	0.00586	0.04352	0.01203	0.65173	0.08789	0.01566	0.01286	0.00550	0.00421	0.00130	0.00341	0.00447	0.05316	0.00667
33	0.00518	0.00370	0.00494	0.00592	0.00617	0.00346	0.00395	0.00592	0.00815	0.01086	0.02345	0.84768	0.02814	0.01333	0.00543	0.00173	0.00247	0.01210	0.00395	0.00346
34	0.01058	0.00685	0.00847	0.00802	0.00989	0.00707	0.00668	0.13295	0.12836	0.14244	0.04530	0.07618	0.01877	0.00887	0.00511	0.00165	0.00376	0.36946	0.00427	0.00532
35	0.08565	0.01036	0.01168	0.00941	0.01191	0.06311	0.02470	0.28683	0.04999	0.21116	0.01052	0.01090	0.00760	0.00549	0.00615	0.00141	0.17939	0.00379	0.00369	0.00628
36	0.08653	0.00712	0.00793	0.00661	0.00892	0.00728	0.00530	0.17956	0.05073	0.24194	0.01381	0.04796	0.01032	0.00537	0.00374	0.00122	0.00319	0.00426	0.30249	0.00571
37	0.00551	0.00441	0.00494	0.00479	0.00607	0.00387	0.00360	0.00713	0.02390	0.01377	0.34682	0.03696	0.50337	0.00988	0.00501	0.00140	0.00212	0.00841	0.00424	0.00381
38	0.00526	0.00376	0.00501	0.00587	0.00619	0.00351	0.00396	0.00612	0.00852	0.01145	0.09898	0.77048	0.02928	0.01289	0.00539	0.00169	0.00243	0.01168	0.00402	0.00351

[dist]
# distance from previous block
# <min> <max>
2	7

[block]
# block no. 6 follows, 62 sequences, length 58
# corresponding to MSA columns:
# 588-645
name=unknown_G
#
# <colnr> <probs for GDERKNQSTAVLIFYWHMCP>
#	G	D	E	R	K	N	Q	S	T	A	V	L	I	F	Y	W	H	M	C	P
0	0.00864	0.00699	0.00781	0.00673	0.00898	0.02569	0.00508	0.03953	0.01031	0.02547	0.10441	0.15102	0.17550	0.02485	0.00515	0.00138	0.01508	0.02526	0.00369	0.34844
1	0.00964	0.00482	0.00557	0.00517	0.00659	0.00462	0.00394	0.01183	0.04324	0.16946	0.08279	0.10052	0.04052	0.00637	0.00376	0.00119	0.00241	0.00533	0.48759	0.00464
2	0.00931	0.00931	0.01303	0.01117	0.01117	0.01303	0.00931	0.01024	0.00652	0.01024	0.00559	0.00931	0.00559	0.00745	0.01396	0.00186	0.84267	0.00372	0.00186	0.00465
3	0.88052	0.00823	0.00625	0.00560	0.00823	0.00955	0.00461	0.01251	0.00724	0.01909	0.00592	0.00691	0.00461	0.00395	0.00263	0.00132	0.00329	0.00230	0.00263	0.00461
4	0.05688	0.00879	0.01294	0.02651	0.07921	0.00847	0.12870	0.14349	0.01259	0.41948	0.04937	0.01338	0.01004	0.00494	0.00434	0.00133	0.00440	0.00433	0.00416	0.00665
5	0.01367	0.00998	0.01093	0.00877	0.01173	0.01083	0.00709	0.43374	0.22846	0.08149	0.07852	0.01370	0.01163	0.00548	0.00428	0.00129	0.00395	0.00436	0.00429	0.05581
6	0.00532	0.00380	0.00509	0.00608	0.00639	0.00357	0.00418	0.00616	0.00828	0.01101	0.02338	0.78314	0.02785	0.01320	0.00547	0.00175	0.00259	0.07531	0.00395	0.00349
7	0.00518	0.00370	0.00494	0.00592	0.00617	0.00346	0.00395	0.00592	0.00815	0.01086	0.02345	0.84768	0.02814	0.01333	0.00543	0.00173	0.00247	0.01210	0.00395	0.00346
8	0.01077	0.01104	0.01788	0.05955	0.56561	0.07665	0.15280	0.01357	0.02565	0.01351	0.00816	0.01061	0.00666	0.00386	0.00433	0.00129	0.00563	0.00394	0.00216	0.00633
9	0.01832	0.00707	0.00963	0.00744	0.01060	0.00612	0.00612	0.01999	0.01217	0.77909	0.06427	0.01550	0.01228	0.00547	0.00432	0.00132	0.00353	0.00448	0.00523	0.00705
10	0.00596	0.00472	0.00541	0.00517	0.00647	0.00436	0.00389	0.00837	0.07593	0.01470	0.41845	0.03448	0.37777	0.00937	0.00497	0.00139	0.00218	0.00802	0.00434	0.00405
11	0.00824	0.00777	0.01313	0.77453	0.09344	0.00951	0.01192	0.01105	0.00860	0.01112	0.00760	0.01128	0.00576	0.00422	0.00425	0.00141	0.00562	0.00378	0.00191	0.00489
12	0.00997	0.01040	0.01988	0.01471	0.01832	0.01023	0.55080	0.03241	0.18678	0.01511	0.07617	0.01405	0.01062	0.00451	0.00485	0.00143	0.00587	0.00517	0.00288	0.00585
13	0.00579	0.00475	0.00504	0.00490	0.00633	0.00426	0.00369	0.03539	0.04203	0.01304	0.14957	0.07561	0.61412	0.01021	0.00499	0.00143	0.00229	0.00860	0.00408	0.00390
14	0.00648	0.00514	0.00698	0.00690	0.00763	0.03143	0.00529	0.00785	0.00694	0.00977	0.01126	0.01714	0.01074	0.09649	0.72108	0.00631	0.03192	0.00461	0.00229	0.00376
15	0.01489	0.01852	0.01136	0.01036	0.01238	0.73258	0.00770	0.01635	0.04468	0.01054	0.00757	0.00964	0.00660	0.07273	0.00530	0.00135	0.00721	0.00310	0.00231	0.00482
16	0.00551	0.00438	0.00470	0.00458	0.00597	0.00373	0.00345	0.00678	0.01021	0.02885	0.19735	0.03860	0.65056	0.01025	0.00501	0.00141	0.00216	0.00863	0.00412	0.00375
17	0.00619	0.00413	0.00464	0.00464	0.00464	0.00413	0.00258	0.00619	0.00619	0.00825	0.01341	0.02785	0.01547	0.85046	0.02166	0.00413	0.00413	0.00619	0.00258	0.00258
18	0.00542	0.00421	0.00455	0.00464	0.00582	0.00366	0.00341	0.00665	0.00975	0.01253	0.14477	0.14420	0.54477	0.01036	0.00491	0.00143	0.00216	0.00881	0.07428	0.00366
19	0.07660	0.00458	0.00536	0.00555	0.00605	0.00475	0.00370	0.00746	0.03576	0.01079	0.04882	0.25898	0.01851	0.37068	0.12082	0.00336	0.00443	0.00736	0.00308	0.00336
20	0.01618	0.01192	0.01277	0.00979	0.01320	0.01320	0.00809	0.80973	0.02001	0.02682	0.01022	0.01022	0.00724	0.00511	0.00426	0.00128	0.00468	0.00383	0.00426	0.00724
21	0.00654	0.00528	0.00657	0.02425	0.00777	0.02792	0.00497	0.04004	0.00867	0.01164	0.03097	0.64840	0.02335	0.01155	0.00607	0.00165	0.08601	0.01009	0.00362	0.03463
22	0.01485	0.01360	0.03449	0.00987	0.01283	0.21238	0.00805	0.47682	0.09752	0.02082	0.02011	0.01063	0.00787	0.00596	0.03344	0.00145	0.00553	0.00372	0.00363	0.00644
23	0.02615	0.00974	0.01093	0.00853	0.01177	0.04171	0.03492	0.27239	0.14481	0.14235	0.01237	0.01219	0.03080	0.00482	0.00401	0.00116	0.00405	0.00386	0.00381	0.21965
24	0.01284	0.01011	0.01129	0.18515	0.01537	0.07660	0.00810	0.36256	0.04875	0.07610	0.07609	0.01438	0.04364	0.00550	0.00433	0.00131	0.00465	0.01761	0.00365	0.02198
25	0.01555	0.01883	0.01195	0.01071	0.01301	0.70984	0.00811	0.08136	0.06875	0.01225	0.00762	0.00845	0.00615	0.00454	0.00390	0.00113	0.00713	0.00297	0.00251	0.00524
26	0.01004	0.01148	0.02511	0.01793	0.02224	0.01076	0.80846	0.01363	0.01004	0.01363	0.00861	0.01148	0.00646	0.00359	0.00502	0.00143	0.00717	0.00502	0.00215	0.00574
27	0.40089	0.00845	0.00847	0.00709	0.00987	0.02174	0.01807	0.07963	0.12576	0.22099	0.02357	0.01199	0.03691	0.00494	0.00359	0.00133	0.00357	0.00364	0.00373	0.00576
28	0.00561	0.00452	0.00501	0.00486	0.00618	0.00403	0.00365	0.00746	0.04372	0.01371	0.31540	0.03670	0.51430	0.00984	0.00500	0.00140	0.00215	0.00836	0.00422	0.00387
29	0.01874	0.00732	0.00986	0.00762	0.01087	0.00643	0.00627	0.02081	0.04527	0.79356	0.01681	0.01454	0.01063	0.00529	0.00428	0.00132	0.00361	0.00430	0.00523	0.00722
30	0.01004	0.01148	0.02511	0.01793	0.02224	0.01076	0.80846	0.01363	0.01004	0.01363	0.00861	0.01148	0.00646	0.00359	0.00502	0.00143	0.00717	0.00502	0.00215	0.00574
31	0.20112	0.00760	0.00909	0.00724	0.01032	0.00730	0.00594	0.01914	0.07603	0.59023	0.01453	0.01299	0.00947	0.00503	0.00393	0.00133	0.00353	0.00390	0.00463	0.00664
32	0.01116	0.00891	0.00946	0.00818	0.01067	0.00990	0.00645	0.18616	0.49598	0.04412	0.01986	0.01858	0.13898	0.00640	0.00442	0.00140	0.00346	0.00524	0.00428	0.00636
33	0.00517	0.00374	0.00490	0.00583	0.00615	0.00346	0.00391	0.00594	0.00824	0.01090	0.02465	0.79860	0.07645	0.01318	0.00541	0.00171	0.00245	0.01191	0.00395	0.00346
34	0.01016	0.00834	0.00865	0.00772	0.01000	0.02676	0.00602	0.06807	0.52323	0.05500	0.02261	0.02110	0.20043	0.00684	0.00447	0.00142	0.00327	0.00565	0.00424	0.00602
35	0.01004	0.01148	0.02511	0.01793	0.02224	0.01076	0.80846	0.01363	0.01004	0.01363	0.00861	0.01148	0.00646	0.00359	0.00502	0.00143	0.00717	0.00502	0.00215	0.00574
36	0.00581	0.00444	0.00540	0.00545	0.00661	0.00403	0.00428	0.00746	0.01072	0.01411	0.37063	0.03843	0.33241	0.01008	0.00519	0.00150	0.00244	0.16293	0.00426	0.00384
37	0.00566	0.00434	0.00519	0.00498	0.00614	0.00386	0.00373	0.00734	0.01120	0.01505	0.54071	0.03509	0.32237	0.00945	0.00502	0.00137	0.00206	0.00816	0.00442	0.00386
38	0.17907	0.09683	0.04656	0.02732	0.01254	0.31344	0.01908	0.16551	0.02474	0.04941	0.00775	0.00856	0.00599	0.00446	0.00384	0.00121	0.02238	0.00301	0.00276	0.00554
39	0.01271	0.00804	0.02325	0.00873	0.05595	0.00799	0.00661	0.18546	0.12814	0.24136	0.17690	0.05466	0.01672	0.02131	0.03101	0.00157	0.00381	0.00529	0.00436	0.00612
40	0.00598	0.00453	0.00553	0.00525	0.00641	0.00418	0.00395	0.00817	0.04326	0.01584	0.61453	0.03322	0.21526	0.00905	0.00499	0.00136	0.00209	0.00787	0.00450	0.00403
41	0.00617	0.00420	0.00500	0.00500	0.00512	0.00432	0.00303	0.00642	0.00629	0.00852	0.01308	0.02603	0.01468	0.71675	0.15429	0.00457	0.00531	0.00592	0.00253	0.00278
42	0.05151	0.38775	0.23939	0.01047	0.01488	0.01334	0.14353	0.06998	0.00972	0.01318	0.00714	0.00843	0.00569	0.00386	0.00357	0.00116	0.00541	0.00308	0.00208	0.00582
43	0.00908	0.00863	0.01466	0.49809	0.36325	0.00973	0.01234	0.01179	0.00900	0.01214	0.00775	0.01100	0.00612	0.00406	0.00424	0.00135	0.00541	0.00379	0.00198	0.00557
44	0.00566	0.00425	0.00523	0.00516	0.00617	0.00383	0.00380	0.00726	0.01093	0.01481	0.51590	0.14070	0.24102	0.00984	0.00508	0.00141	0.00211	0.00860	0.00440	0.00383
45	0.07431	0.12348	0.13651	0.06454	0.20275	0.11807	0.02070	0.07867	0.07085	0.01431	0.01876	0.03124	0.00744	0.00453	0.00403	0.00126	0.01659	0.00361	0.00248	0.00587
46	0.01928	0.13332	0.10754	0.05612	0.14196	0.03413	0.01971	0.05932	0.02597	0.03016	0.10407	0.06781	0.07986	0.00588	0.00416	0.00125	0.00423	0.02662	0.00290	0.07568
47	0.07248	0.00757	0.00901	0.03742	0.10154	0.03649	0.01813	0.14368	0.04851	0.05332	0.04813	0.19436	0.10563	0.07504	0.00590	0.00163	0.00376	0.01755	0.00352	0.01633
48	0.04840	0.01802	0.03364	0.08482	0.08533	0.00741	0.02372	0.10549	0.06587	0.04275	0.05664	0.15116	0.14422	0.01881	0.00473	0.00142	0.00368	0.03254	0.00343	0.06792
49	0.01120	0.04426	0.02365	0.01250	0.19524	0.17548	0.02406	0.07761	0.03889	0.06961	0.05232	0.16696	0.04310	0.00654	0.00466	0.00134	0.02823	0.00551	0.00311	0.01575
50	0.01055	0.04050	0.05071	0.13373	0.17406	0.07691	0.02164	0.14375	0.03159	0.03171	0.02781	0.04570	0.04531	0.03572	0.04479	0.00166	0.00516	0.03167	0.00284	0.04418
51	0.03652	0.04459	0.03816	0.10890	0.22565	0.04021	0.04473	0.05566	0.04356	0.08143	0.01311	0.04662	0.08397	0.03845	0.02151	0.00150	0.00467	0.00459	0.00285	0.06334
52	0.02462	0.04668	0.03406	0.03615	0.06938	0.12288	0.04753	0.27710	0.03284	0.06947	0.00981	0.04482	0.00786	0.00564	0.02590	0.00137	0.03587	0.00390	0.00319	0.10095
53	0.03345	0.00864	0.02087	0.05857	0.14580	0.04677	0.04871	0.13437	0.06464	0.05289	0.15964	0.05396	0.06894	0.00683	0.02563	0.00146	0.00426	0.01841	0.00345	0.04271
54	0.03300	0.02567	0.02784	0.05365	0.05965	0.09648	0.01985	0.14142	0.12620	0.10425	0.05933	0.06586	0.03965	0.02839	0.00522	0.00142	0.04391	0.02530	0.00350	0.03943
55	0.01211	0.03803	0.04667	0.00963	0.03607	0.12412	0.04313	0.19432	0.08006	0.08716	0.07152	0.03352	0.06892	0.00648	0.02485	0.00145	0.07239	0.00457	0.00341	0.04160
56	0.03549	0.11601	0.03501	0.07304	0.19382	0.06021	0.06311	0.17791	0.05269	0.01562	0.01118	0.06455	0.04592	0.00553	0.01590	0.00135	0.00492	0.00438	0.00284	0.02052
57	0.01256	0.01094	0.05592	0.02647	0.05610	0.08353	0.00779	0.30004	0.12329	0.06664	0.03749	0.07949	0.02674	0.00576	0.00440	0.00129	0.01679	0.00463	0.00365	0.07647

[dist]
# distance from previous block
# <min> <max>
6	45

[block]
# block no. 7 follows, 62 sequences, length 18
# corresponding to MSA columns:
# 691-708
name=unknown_H
#
# <colnr> <probs for GDERKNQSTAVLIFYWHMCP>
#	G	D	E	R	K	N	Q	S	T	A	V	L	I	F	Y	W	H	M	C	P
0	0.05085	0.07450	0.12022	0.01112	0.10408	0.06244	0.06443	0.14432	0.05709	0.10113	0.03143	0.02620	0.05530	0.02148	0.00442	0.00131	0.00470	0.00416	0.00312	0.05769
1	0.02327	0.05310	0.15084	0.00944	0.05477	0.05716	0.01836	0.12450	0.10868	0.04862	0.11951	0.04453	0.03602	0.00546	0.00412	0.00122	0.00423	0.00448	0.00327	0.12843
2	0.10601	0.02895	0.19868	0.01036	0.06147	0.06501	0.05576	0.07330	0.07611	0.15101	0.06453	0.01195	0.00946	0.00468	0.00400	0.00127	0.00470	0.00379	0.00316	0.06581
3	0.08959	0.05110	0.09054	0.00977	0.01298	0.13679	0.08370	0.19519	0.12505	0.05741	0.07167	0.01198	0.00984	0.00490	0.00407	0.00127	0.00492	0.00392	0.00329	0.03206
4	0.05587	0.11627	0.11386	0.02842	0.05104	0.06029	0.20540	0.06989	0.07165	0.04497	0.00998	0.01121	0.03560	0.00440	0.00432	0.00125	0.02797	0.00386	0.00261	0.08115
5	0.04594	0.02710	0.28925	0.02570	0.04537	0.07199	0.08827	0.01458	0.08453	0.11069	0.06999	0.01290	0.03070	0.00483	0.00429	0.00130	0.01630	0.00404	0.00286	0.04936
6	0.01034	0.00913	0.01291	0.05928	0.29099	0.00861	0.03177	0.10841	0.03632	0.01540	0.00838	0.01002	0.00675	0.00376	0.00380	0.00102	0.00425	0.00333	0.00260	0.37296
7	0.00545	0.00396	0.00518	0.00601	0.00652	0.00370	0.00430	0.00645	0.00872	0.01148	0.06276	0.61552	0.10668	0.01264	0.00544	0.00171	0.00262	0.12331	0.00398	0.00356
8	0.01127	0.01020	0.01013	0.00928	0.02886	0.07757	0.00705	0.05841	0.69660	0.01753	0.01592	0.01483	0.01198	0.00559	0.00428	0.00140	0.00381	0.00458	0.00410	0.00661
9	0.00518	0.00373	0.00491	0.00586	0.00615	0.00346	0.00392	0.00593	0.00821	0.01089	0.02425	0.81507	0.06024	0.01323	0.00541	0.00172	0.00246	0.01197	0.00395	0.00346
10	0.01135	0.05252	0.21544	0.07671	0.15063	0.04123	0.18608	0.10851	0.02266	0.08061	0.00897	0.01050	0.00662	0.00416	0.00428	0.00132	0.00576	0.00385	0.00256	0.00623
11	0.04094	0.07461	0.05568	0.05268	0.02793	0.37458	0.08872	0.05855	0.12258	0.02763	0.00867	0.00971	0.00680	0.00454	0.00426	0.00124	0.02933	0.00341	0.00259	0.00554
12	0.00584	0.00417	0.00554	0.00640	0.00691	0.00401	0.00478	0.00693	0.00857	0.01127	0.02288	0.47440	0.05275	0.09045	0.00707	0.00202	0.00310	0.27558	0.00381	0.00354
13	0.03214	0.11451	0.37692	0.02578	0.11508	0.08192	0.11269	0.01379	0.00959	0.04775	0.02643	0.00986	0.00670	0.00410	0.00402	0.00127	0.00587	0.00346	0.00215	0.00598
14	0.03820	0.06538	0.01384	0.12604	0.13741	0.24935	0.05287	0.09002	0.05502	0.05033	0.03041	0.01048	0.00747	0.00464	0.00458	0.00127	0.05085	0.00360	0.00263	0.00563
15	0.03316	0.02921	0.00700	0.02818	0.03106	0.04779	0.00508	0.00940	0.06780	0.05055	0.06756	0.42246	0.10930	0.02818	0.00529	0.00161	0.00313	0.04527	0.00376	0.00421
16	0.03671	0.09070	0.01268	0.01037	0.03538	0.51784	0.00789	0.12973	0.04614	0.01366	0.03359	0.00917	0.00719	0.00456	0.00382	0.00113	0.00631	0.00311	0.00264	0.02741
17	0.05192	0.33081	0.11024	0.00871	0.01216	0.09815	0.03355	0.11298	0.05471	0.05427	0.03070	0.03127	0.03042	0.00472	0.00362	0.00115	0.00480	0.00352	0.00271	0.01958

[dist]
# distance from previous block
# <min> <max>
5	21

[block]
# block no. 8 follows, 62 sequences, length 31
# corresponding to MSA columns:
# 734-764
name=unknown_I
#
# <colnr> <probs for GDERKNQSTAVLIFYWHMCP>
#	G	D	E	R	K	N	Q	S	T	A	V	L	I	F	Y	W	H	M	C	P
0	0.03391	0.16480	0.16916	0.00927	0.03516	0.07784	0.02577	0.11453	0.04418	0.05767	0.01247	0.07114	0.06720	0.02909	0.05793	0.00170	0.01539	0.00443	0.00284	0.00551
1	0.07008	0.06864	0.21265	0.02273	0.02515	0.02936	0.00868	0.08852	0.03118	0.18421	0.04526	0.01271	0.02406	0.04054	0.02616	0.00152	0.03460	0.00382	0.00315	0.06700
2	0.11012	0.03284	0.06528	0.00821	0.01094	0.02126	0.06564	0.12214	0.09125	0.08493	0.02636	0.09739	0.13356	0.00644	0.00454	0.00134	0.03128	0.00530	0.00345	0.07774
3	0.21590	0.03677	0.18495	0.03838	0.01262	0.07110	0.04608	0.04406	0.04679	0.04925	0.01131	0.09156	0.05134	0.00573	0.00477	0.00140	0.07563	0.00437	0.00273	0.00523
4	0.04568	0.32837	0.03353	0.00962	0.05630	0.11827	0.00791	0.20202	0.13126	0.01579	0.00885	0.00932	0.00703	0.00442	0.00357	0.00114	0.00482	0.00318	0.00286	0.00605
5	0.02239	0.23766	0.42330	0.01067	0.05013	0.01165	0.01160	0.06851	0.02114	0.01349	0.00871	0.02148	0.03001	0.00441	0.00397	0.00123	0.02601	0.00330	0.00215	0.02820
6	0.03066	0.17423	0.27864	0.02296	0.08819	0.03196	0.16498	0.04580	0.00972	0.05969	0.00819	0.01000	0.00635	0.02574	0.00467	0.00135	0.02515	0.00356	0.00225	0.00593
7	0.01119	0.28648	0.34019	0.01008	0.01469	0.01199	0.06013	0.08091	0.02223	0.09305	0.02610	0.00968	0.00700	0.00422	0.00375	0.00120	0.00525	0.00327	0.00247	0.00612
8	0.00554	0.00408	0.00522	0.00596	0.00644	0.00390	0.00408	0.00701	0.05331	0.01172	0.08099	0.70615	0.06474	0.01246	0.00532	0.00167	0.00247	0.01123	0.00402	0.00368
9	0.00945	0.00634	0.02338	0.00651	0.00799	0.05090	0.00495	0.03963	0.02061	0.17980	0.16506	0.22721	0.09303	0.09668	0.04688	0.00198	0.00366	0.00735	0.00401	0.00459
10	0.00646	0.00453	0.00531	0.00500	0.00638	0.00397	0.00379	0.00798	0.01091	0.07142	0.38402	0.03505	0.42068	0.00947	0.00497	0.00138	0.00219	0.00808	0.00437	0.00404
11	0.01008	0.00965	0.01646	0.17254	0.68100	0.00999	0.01284	0.01267	0.00948	0.01336	0.00792	0.01068	0.00655	0.00387	0.00422	0.00129	0.00517	0.00379	0.00207	0.00638
12	0.01138	0.85302	0.02230	0.00728	0.01092	0.01684	0.00728	0.01274	0.00865	0.01001	0.00592	0.00683	0.00546	0.00364	0.00273	0.00091	0.00455	0.00228	0.00182	0.00546
13	0.08215	0.00752	0.00970	0.00753	0.01075	0.00683	0.00621	0.04598	0.03260	0.72062	0.01579	0.01382	0.01005	0.00518	0.00416	0.00132	0.00362	0.00413	0.00502	0.00703
14	0.00612	0.00414	0.00462	0.00462	0.00471	0.00409	0.00262	0.00618	0.00640	0.00845	0.01519	0.02863	0.06388	0.80008	0.02066	0.00396	0.00401	0.00636	0.00266	0.00264
15	0.00528	0.00377	0.00505	0.00604	0.00633	0.00354	0.00412	0.00610	0.00825	0.01097	0.02340	0.79970	0.02792	0.01324	0.00546	0.00174	0.00256	0.05909	0.00395	0.00348
16	0.00566	0.00428	0.00522	0.00511	0.00616	0.00384	0.00378	0.00728	0.01100	0.01488	0.52311	0.11187	0.26278	0.00973	0.00506	0.00140	0.00209	0.00848	0.00440	0.00384
17	0.00615	0.00411	0.00465	0.00469	0.00470	0.00410	0.00264	0.00618	0.00627	0.00836	0.01382	0.06178	0.01599	0.81581	0.02099	0.00403	0.00406	0.00643	0.00264	0.00261
18	0.00804	0.00756	0.01276	0.84023	0.02931	0.00945	0.01182	0.01087	0.00851	0.01087	0.00756	0.01134	0.00567	0.00425	0.00425	0.00142	0.00567	0.00378	0.00189	0.00473
19	0.01607	0.00835	0.01016	0.00803	0.01102	0.00827	0.00655	0.21942	0.10505	0.45089	0.09664	0.01531	0.01297	0.00563	0.00435	0.00132	0.00370	0.00457	0.00485	0.00686
20	0.00667	0.00477	0.00654	0.00744	0.00833	0.00474	0.00634	0.00842	0.00949	0.01233	0.02265	0.08926	0.04816	0.06214	0.00677	0.00206	0.00380	0.68246	0.00384	0.00380
21	0.01277	0.00681	0.00774	0.00646	0.00866	0.00691	0.00516	0.16677	0.07994	0.23916	0.01426	0.01441	0.01028	0.00514	0.00369	0.00117	0.00306	0.00410	0.39780	0.00572
22	0.01114	0.01155	0.01559	0.11796	0.56766	0.15908	0.01191	0.01343	0.00998	0.01289	0.00799	0.01087	0.00675	0.00412	0.00418	0.00127	0.00558	0.01980	0.00213	0.00612
23	0.00532	0.00413	0.00517	0.00612	0.03521	0.00374	0.00404	0.00624	0.00871	0.01118	0.02935	0.55295	0.28808	0.01215	0.00526	0.00162	0.00246	0.01078	0.00388	0.00362
24	0.01602	0.01027	0.01140	0.00882	0.01199	0.01098	0.00726	0.58035	0.01745	0.18568	0.01186	0.01157	0.00822	0.00513	0.00415	0.00126	0.00423	0.00393	0.08248	0.00694
25	0.01082	0.00685	0.03386	0.00664	0.00885	0.00616	0.00546	0.14005	0.01283	0.21976	0.31970	0.02496	0.17134	0.00750	0.00468	0.00134	0.00300	0.00631	0.00453	0.00533
26	0.01053	0.01011	0.01727	0.02612	0.82392	0.01011	0.01306	0.01306	0.00969	0.01390	0.00800	0.01053	0.00674	0.00379	0.00421	0.00126	0.00505	0.00379	0.00211	0.00674
27	0.01128	0.11405	0.01179	0.03436	0.01167	0.06854	0.02052	0.17552	0.05375	0.03483	0.06677	0.01104	0.00918	0.00433	0.00366	0.00098	0.00405	0.00339	0.00305	0.35723
28	0.00525	0.00394	0.00488	0.00555	0.00618	0.00357	0.00388	0.00618	0.00878	0.01136	0.06083	0.56842	0.23836	0.01240	0.00533	0.00164	0.00243	0.04351	0.00398	0.00353
