[name]
unknown

[dist]
# distance from previous block
# <min> <max>
0	11

[block]
# block no. 0 follows, 74 sequences, length 159
# corresponding to MSA columns:
# 11-169
name=unknown_A
#
# <colnr> <probs for GDERKNQSTAVLIFYWHMCP>
#	G	D	E	R	K	N	Q	S	T	A	V	L	I	F	Y	W	H	M	C	P
0	0.00601	0.00433	0.00586	0.00651	0.00740	0.00430	0.00556	0.03123	0.00882	0.01153	0.06834	0.09478	0.05787	0.00999	0.00498	0.00163	0.00319	0.66074	0.00347	0.00347
1	0.00761	0.00650	0.00760	0.00549	0.00870	0.00489	0.00437	0.00923	0.00768	0.01202	0.00700	0.03250	0.00605	0.00301	0.00281	0.00058	0.00273	0.00244	0.00224	0.86658
2	0.00992	0.87178	0.01945	0.00635	0.00953	0.01469	0.00635	0.01111	0.00754	0.00873	0.00516	0.00595	0.00476	0.00318	0.00238	0.00079	0.00397	0.00198	0.00159	0.00476
3	0.00516	0.00368	0.00503	0.00587	0.00636	0.00356	0.00452	0.00626	0.00770	0.01015	0.02000	0.50032	0.02303	0.02214	0.00509	0.00162	0.00272	0.36018	0.00342	0.00318
4	0.01402	0.01035	0.01109	0.00852	0.01148	0.01147	0.00703	0.81956	0.03205	0.02325	0.00902	0.00900	0.00640	0.00447	0.00371	0.00112	0.00406	0.00336	0.00371	0.00630
5	0.02618	0.01754	0.01045	0.00950	0.01142	0.84283	0.00713	0.01477	0.01046	0.00919	0.00573	0.00668	0.00477	0.00382	0.00333	0.00096	0.00664	0.00239	0.00192	0.00430
6	0.01665	0.00632	0.00861	0.00660	0.00948	0.00546	0.00546	0.01809	0.01062	0.84897	0.01464	0.01263	0.00919	0.00459	0.00373	0.00115	0.00316	0.00373	0.00459	0.00632
7	0.00446	0.00378	0.00386	0.00387	0.00510	0.00318	0.00293	0.00544	0.00852	0.01018	0.05796	0.03569	0.80016	0.00938	0.00441	0.00126	0.00192	0.03129	0.00346	0.00315
8	0.00543	0.00393	0.00521	0.00525	0.00613	0.00371	0.00418	0.00714	0.00989	0.01367	0.58656	0.03196	0.05689	0.00840	0.00459	0.00132	0.00222	0.23617	0.00388	0.00347
9	0.01665	0.00632	0.00861	0.00660	0.00948	0.00546	0.00546	0.01809	0.01062	0.84897	0.01464	0.01263	0.00919	0.00459	0.00373	0.00115	0.00316	0.00373	0.00459	0.00632
10	0.00876	0.01001	0.02190	0.01564	0.01940	0.00939	0.83292	0.01189	0.00876	0.01189	0.00751	0.01001	0.00563	0.00313	0.00438	0.00125	0.00626	0.00438	0.00188	0.00501
11	0.00992	0.87178	0.01945	0.00635	0.00953	0.01469	0.00635	0.01111	0.00754	0.00873	0.00516	0.00595	0.00476	0.00318	0.00238	0.00079	0.00397	0.00198	0.00159	0.00476
12	0.00744	0.01920	0.85032	0.01058	0.01607	0.00862	0.01371	0.01176	0.00784	0.01176	0.00666	0.00784	0.00470	0.00353	0.00353	0.00118	0.00549	0.00274	0.00157	0.00549
13	0.00614	0.00453	0.00606	0.00684	0.00772	0.01619	0.00591	0.00805	0.03251	0.01115	0.01936	0.06800	0.02095	0.01006	0.00505	0.00168	0.00341	0.75949	0.00341	0.00349
14	0.89577	0.00718	0.00546	0.00488	0.00718	0.00833	0.00402	0.01091	0.00632	0.01665	0.00517	0.00603	0.00402	0.00345	0.00230	0.00115	0.00287	0.00201	0.00230	0.00402
15	0.00701	0.00660	0.01113	0.86063	0.02556	0.00825	0.01031	0.00948	0.00742	0.00948	0.00660	0.00990	0.00495	0.00371	0.00371	0.00124	0.00495	0.00330	0.00165	0.00412
16	0.00770	0.00660	0.00770	0.00550	0.00880	0.00495	0.00440	0.00935	0.00770	0.01210	0.00660	0.00770	0.00550	0.00275	0.00275	0.00055	0.00275	0.00220	0.00220	0.89224
17	0.00533	0.00357	0.00407	0.00413	0.00415	0.00355	0.00234	0.00538	0.00553	0.00737	0.01237	0.08904	0.01434	0.80365	0.01781	0.00344	0.00349	0.00579	0.00234	0.00231
18	0.00441	0.00376	0.00379	0.00378	0.00502	0.00314	0.00283	0.00536	0.00850	0.01013	0.05478	0.03555	0.82764	0.00936	0.00439	0.00125	0.00188	0.00781	0.00346	0.00314
19	0.00439	0.00376	0.00376	0.00376	0.00501	0.00313	0.00282	0.00533	0.00846	0.01003	0.03760	0.03572	0.84489	0.00940	0.00439	0.00125	0.00188	0.00783	0.00345	0.00313
20	0.00525	0.00379	0.00496	0.00467	0.00555	0.00350	0.00350	0.00700	0.01051	0.01488	0.84444	0.02773	0.03502	0.00759	0.00438	0.00117	0.00175	0.00671	0.00409	0.00350
21	0.00774	0.00735	0.01246	0.57824	0.30222	0.00844	0.01067	0.01013	0.00777	0.01037	0.00673	0.00966	0.00526	0.00357	0.00370	0.00119	0.00477	0.00330	0.00171	0.00472
22	0.00992	0.87178	0.01945	0.00635	0.00953	0.01469	0.00635	0.01111	0.00754	0.00873	0.00516	0.00595	0.00476	0.00318	0.00238	0.00079	0.00397	0.00198	0.00159	0.00476
23	0.00876	0.01001	0.02190	0.01564	0.01940	0.00939	0.83292	0.01189	0.00876	0.01189	0.00751	0.01001	0.00563	0.00313	0.00438	0.00125	0.00626	0.00438	0.00188	0.00501
24	0.78201	0.00759	0.00619	0.00535	0.00774	0.00874	0.00441	0.11711	0.00775	0.01752	0.00565	0.00640	0.00432	0.00358	0.00248	0.00114	0.00303	0.00218	0.00248	0.00432
25	0.01138	0.01232	0.01296	0.04831	0.28124	0.32997	0.08183	0.10387	0.05996	0.01229	0.00724	0.00859	0.00578	0.00373	0.00362	0.00108	0.00534	0.00311	0.00218	0.00518
26	0.00919	0.00882	0.01507	0.02278	0.84640	0.00882	0.01139	0.01139	0.00845	0.01213	0.00698	0.00919	0.00588	0.00331	0.00367	0.00110	0.00441	0.00331	0.00184	0.00588
27	0.00923	0.00983	0.06209	0.01756	0.39436	0.00920	0.30008	0.06029	0.07560	0.01295	0.00791	0.00976	0.00619	0.00346	0.00393	0.00117	0.00498	0.00373	0.00210	0.00558
28	0.00732	0.00692	0.01170	0.74020	0.14355	0.00833	0.01046	0.00976	0.00757	0.00986	0.00665	0.00979	0.00508	0.00365	0.00371	0.00122	0.00487	0.00330	0.00168	0.00438
29	0.01083	0.00868	0.03240	0.01337	0.19420	0.00824	0.28281	0.09710	0.03615	0.19363	0.03726	0.03869	0.00825	0.00416	0.00410	0.00119	0.01649	0.00412	0.00282	0.00552
30	0.00867	0.00845	0.01194	0.02355	0.01078	0.02377	0.06763	0.07960	0.00702	0.01038	0.00560	0.00852	0.00518	0.00661	0.03495	0.00166	0.67620	0.00335	0.00184	0.00430
31	0.89577	0.00718	0.00546	0.00488	0.00718	0.00833	0.00402	0.01091	0.00632	0.01665	0.00517	0.00603	0.00402	0.00345	0.00230	0.00115	0.00287	0.00201	0.00230	0.00402
32	0.00518	0.00382	0.00459	0.00471	0.00564	0.00341	0.01230	0.00632	0.02390	0.04460	0.12389	0.34682	0.38189	0.00968	0.00448	0.00134	0.00209	0.00846	0.00356	0.00333
33	0.00759	0.06993	0.80088	0.01033	0.01568	0.00898	0.01328	0.01172	0.00782	0.01158	0.00657	0.00772	0.00471	0.00351	0.00346	0.00115	0.00540	0.00270	0.00157	0.00544
34	0.01665	0.00632	0.00861	0.00660	0.00948	0.00546	0.00546	0.01809	0.01062	0.84897	0.01464	0.01263	0.00919	0.00459	0.00373	0.00115	0.00316	0.00373	0.00459	0.00632
35	0.00808	0.00723	0.01062	0.01411	0.41232	0.00746	0.00787	0.01214	0.21469	0.01334	0.17508	0.04356	0.04728	0.00510	0.00390	0.00117	0.00335	0.00462	0.00288	0.00521
36	0.00903	0.00866	0.01479	0.08268	0.78771	0.00878	0.01131	0.01126	0.00838	0.01194	0.00695	0.00924	0.00581	0.00334	0.00368	0.00111	0.00445	0.00331	0.00182	0.00575
37	0.01349	0.01115	0.06015	0.00876	0.01181	0.04827	0.01713	0.71434	0.04276	0.02170	0.00882	0.00892	0.00630	0.00438	0.00370	0.00112	0.00427	0.00330	0.00349	0.00615
38	0.00812	0.00812	0.01137	0.00975	0.00975	0.01137	0.00812	0.00893	0.00568	0.00893	0.00487	0.00812	0.00487	0.00650	0.01218	0.00162	0.86276	0.00325	0.00162	0.00406
39	0.00443	0.00376	0.00382	0.00381	0.00504	0.00315	0.00286	0.00541	0.00857	0.01028	0.07920	0.03531	0.80314	0.00931	0.00439	0.00125	0.00187	0.00778	0.00348	0.00315
40	0.00466	0.00346	0.00489	0.00552	0.00585	0.00323	0.03101	0.00539	0.00716	0.00956	0.02003	0.83864	0.02392	0.01135	0.00473	0.00150	0.00229	0.01035	0.00339	0.00308
41	0.01655	0.00648	0.00872	0.00668	0.00956	0.00570	0.00552	0.05087	0.01090	0.81580	0.01441	0.01248	0.00907	0.00459	0.00373	0.00115	0.00320	0.00372	0.00456	0.00632
42	0.01655	0.00649	0.00872	0.00669	0.00956	0.00571	0.00552	0.05249	0.01091	0.81416	0.01440	0.01248	0.00907	0.00459	0.00373	0.00115	0.00320	0.00372	0.00456	0.00632
43	0.00715	0.00679	0.01161	0.80123	0.05969	0.00830	0.03410	0.00963	0.00750	0.00966	0.00664	0.00987	0.00501	0.00368	0.00373	0.00123	0.00496	0.00333	0.00166	0.00422
44	0.01357	0.00970	0.02233	0.00868	0.01164	0.01029	0.06126	0.58193	0.09146	0.13520	0.01015	0.00994	0.00710	0.00443	0.00376	0.00114	0.00401	0.00353	0.00369	0.00618
45	0.00524	0.00379	0.00495	0.00466	0.00554	0.00350	0.00349	0.00698	0.01048	0.01482	0.83440	0.02783	0.04510	0.00761	0.00438	0.00117	0.00175	0.00673	0.00408	0.00350
46	0.01631	0.00687	0.00896	0.00687	0.00975	0.00627	0.00567	0.12827	0.01155	0.73748	0.01387	0.01213	0.00880	0.00458	0.00373	0.00114	0.00328	0.00368	0.00448	0.00632
47	0.01365	0.05593	0.01154	0.00882	0.02969	0.09645	0.00710	0.67249	0.03433	0.02077	0.00849	0.00865	0.00618	0.00431	0.00361	0.00108	0.00432	0.00319	0.00338	0.00601
48	0.00439	0.00374	0.00378	0.00380	0.00502	0.00313	0.00284	0.00532	0.00842	0.01001	0.03708	0.06095	0.82000	0.00947	0.00440	0.00126	0.00189	0.00792	0.00345	0.00313
49	0.00467	0.00368	0.00422	0.00427	0.00524	0.00323	0.00313	0.00581	0.00886	0.01142	0.28080	0.17111	0.46194	0.00922	0.00444	0.00127	0.00189	0.00794	0.00364	0.00323
50	0.00895	0.00861	0.01478	0.11043	0.74566	0.00877	0.02592	0.01120	0.00835	0.01185	0.00695	0.00928	0.00578	0.00335	0.00369	0.00112	0.00450	0.00333	0.00182	0.00568
51	0.00980	0.00825	0.00871	0.00767	0.00987	0.00950	0.00601	0.11418	0.74432	0.01644	0.01439	0.01328	0.01075	0.00497	0.00377	0.00124	0.00307	0.00410	0.00377	0.00593
52	0.01411	0.01040	0.01114	0.00854	0.01151	0.01151	0.00706	0.83402	0.01745	0.02339	0.00891	0.00891	0.00631	0.00446	0.00371	0.00111	0.00408	0.00334	0.00371	0.00631
53	0.00452	0.00323	0.00431	0.00517	0.00538	0.00301	0.00345	0.00517	0.00711	0.00948	0.02046	0.86713	0.02455	0.01163	0.00474	0.00151	0.00215	0.01055	0.00345	0.00301
54	0.89577	0.00718	0.00546	0.00488	0.00718	0.00833	0.00402	0.01091	0.00632	0.01665	0.00517	0.00603	0.00402	0.00345	0.00230	0.00115	0.00287	0.00201	0.00230	0.00402
55	0.00770	0.00660	0.00770	0.00550	0.00880	0.00495	0.00440	0.00935	0.00770	0.01210	0.00660	0.00770	0.00550	0.00275	0.00275	0.00055	0.00275	0.00220	0.00220	0.89224
56	0.00701	0.00660	0.01113	0.86063	0.02556	0.00825	0.01031	0.00948	0.00742	0.00948	0.00660	0.00990	0.00495	0.00371	0.00371	0.00124	0.00495	0.00330	0.00165	0.00412
57	0.89577	0.00718	0.00546	0.00488	0.00718	0.00833	0.00402	0.01091	0.00632	0.01665	0.00517	0.00603	0.00402	0.00345	0.00230	0.00115	0.00287	0.00201	0.00230	0.00402
58	0.00456	0.00326	0.00435	0.00521	0.00544	0.00305	0.00351	0.00523	0.00714	0.00952	0.02044	0.84577	0.02447	0.01159	0.00475	0.00151	0.00219	0.03153	0.00344	0.00303
59	0.00992	0.87178	0.01945	0.00635	0.00953	0.01469	0.00635	0.01111	0.00754	0.00873	0.00516	0.00595	0.00476	0.00318	0.00238	0.00079	0.00397	0.00198	0.00159	0.00476
60	0.00919	0.00882	0.01507	0.02278	0.84640	0.00882	0.01139	0.01139	0.00845	0.01213	0.00698	0.00919	0.00588	0.00331	0.00367	0.00110	0.00441	0.00331	0.00184	0.00588
61	0.00439	0.00376	0.00376	0.00376	0.00501	0.00313	0.00282	0.00533	0.00846	0.01003	0.03760	0.03572	0.84489	0.00940	0.00439	0.00125	0.00188	0.00783	0.00345	0.00313
62	0.00452	0.00323	0.00431	0.00517	0.00538	0.00301	0.00345	0.00517	0.00711	0.00948	0.02046	0.86713	0.02455	0.01163	0.00474	0.00151	0.00215	0.01055	0.00345	0.00301
63	0.00451	0.00377	0.00394	0.00389	0.00509	0.00319	0.00292	0.00557	0.00876	0.01074	0.15646	0.03454	0.72559	0.00913	0.00439	0.00124	0.00186	0.00767	0.00354	0.00319
64	0.01411	0.01040	0.01114	0.00854	0.01151	0.01151	0.00706	0.83402	0.01745	0.02339	0.00891	0.00891	0.00631	0.00446	0.00371	0.00111	0.00408	0.00334	0.00371	0.00631
65	0.00792	0.00726	0.01040	0.00745	0.01082	0.00585	0.16151	0.00997	0.01888	0.01210	0.00688	0.00822	0.00560	0.00285	0.00307	0.00069	0.00342	0.00264	0.00216	0.71231
66	0.00992	0.87178	0.01945	0.00635	0.00953	0.01469	0.00635	0.01111	0.00754	0.00873	0.00516	0.00595	0.00476	0.00318	0.00238	0.00079	0.00397	0.00198	0.00159	0.00476
67	0.89577	0.00718	0.00546	0.00488	0.00718	0.00833	0.00402	0.01091	0.00632	0.01665	0.00517	0.00603	0.00402	0.00345	0.00230	0.00115	0.00287	0.00201	0.00230	0.00402
68	0.00852	0.38928	0.48967	0.00874	0.01323	0.01125	0.01052	0.01148	0.00771	0.01044	0.00601	0.00702	0.00473	0.00337	0.00303	0.00101	0.00483	0.00241	0.00158	0.00517
69	0.00439	0.00376	0.00376	0.00376	0.00501	0.00313	0.00282	0.00533	0.00846	0.01003	0.03760	0.03572	0.84489	0.00940	0.00439	0.00125	0.00188	0.00783	0.00345	0.00313
70	0.00995	0.00943	0.00871	0.00783	0.00990	0.13853	0.00606	0.02919	0.69078	0.01463	0.02514	0.01288	0.01059	0.00488	0.00372	0.00121	0.00351	0.00394	0.00350	0.00561
71	0.00441	0.00376	0.00379	0.00378	0.00503	0.00314	0.00284	0.00537	0.00851	0.01015	0.05848	0.03552	0.82393	0.00935	0.00439	0.00125	0.00188	0.00780	0.00346	0.00314
72	0.00923	0.00797	0.00839	0.00755	0.00965	0.00923	0.00588	0.01972	0.83969	0.01553	0.01511	0.01385	0.01133	0.00504	0.00378	0.00126	0.00294	0.00420	0.00378	0.00588
73	0.01387	0.01769	0.01052	0.00956	0.01148	0.85465	0.00717	0.01482	0.01052	0.00908	0.00574	0.00669	0.00478	0.00383	0.00335	0.00096	0.00669	0.00239	0.00191	0.00430
74	0.00992	0.87178	0.01945	0.00635	0.00953	0.01469	0.00635	0.01111	0.00754	0.00873	0.00516	0.00595	0.00476	0.00318	0.00238	0.00079	0.00397	0.00198	0.00159	0.00476
75	0.89577	0.00718	0.00546	0.00488	0.00718	0.00833	0.00402	0.01091	0.00632	0.01665	0.00517	0.00603	0.00402	0.00345	0.00230	0.00115	0.00287	0.00201	0.00230	0.00402
76	0.01665	0.00632	0.00861	0.00660	0.00948	0.00546	0.00546	0.01809	0.01062	0.84897	0.01464	0.01263	0.00919	0.00459	0.00373	0.00115	0.00316	0.00373	0.00459	0.00632
77	0.00932	0.00802	0.00844	0.00757	0.00969	0.00927	0.00590	0.03424	0.82503	0.01567	0.01500	0.01376	0.01124	0.00503	0.00378	0.00126	0.00296	0.00418	0.00378	0.00588
78	0.00439	0.00376	0.00376	0.00376	0.00501	0.00313	0.00282	0.00533	0.00846	0.01003	0.03760	0.03572	0.84489	0.00940	0.00439	0.00125	0.00188	0.00783	0.00345	0.00313
79	0.00458	0.00327	0.00437	0.00523	0.00547	0.00306	0.00354	0.00526	0.00716	0.00954	0.02043	0.83604	0.02443	0.01158	0.00475	0.00152	0.00220	0.04110	0.00344	0.00303
80	0.01377	0.01023	0.01095	0.00847	0.01138	0.01135	0.00697	0.77739	0.07463	0.02285	0.00934	0.00926	0.00666	0.00450	0.00372	0.00112	0.00400	0.00340	0.00372	0.00628
81	0.00864	0.01017	0.04898	0.05110	0.01955	0.00931	0.77101	0.01178	0.00867	0.01178	0.00744	0.00994	0.00557	0.00317	0.00432	0.00125	0.00618	0.00428	0.00186	0.00498
82	0.00598	0.00427	0.00598	0.00684	0.00769	0.00427	0.00598	0.00769	0.00854	0.01111	0.01965	0.04187	0.02136	0.01025	0.00513	0.00171	0.00342	0.82141	0.00342	0.00342
83	0.00820	0.23897	0.56283	0.00993	0.01467	0.01026	0.08353	0.01160	0.00784	0.01098	0.00635	0.00754	0.00480	0.00340	0.00331	0.00108	0.00516	0.00269	0.00160	0.00526
84	0.00457	0.00334	0.00426	0.00492	0.00529	0.00308	0.00332	0.00528	0.00737	0.00971	0.06072	0.68829	0.12902	0.04562	0.00524	0.00154	0.00216	0.00982	0.00343	0.00302
85	0.01030	0.58739	0.11693	0.00795	0.04632	0.03113	0.00757	0.13331	0.00915	0.01142	0.00599	0.00677	0.00503	0.00343	0.00279	0.00090	0.00424	0.00234	0.00192	0.00512
86	0.01337	0.10158	0.01142	0.00923	0.01125	0.74371	0.00711	0.02623	0.01023	0.00925	0.00571	0.00668	0.00480	0.00382	0.00342	0.00096	0.02255	0.00238	0.00190	0.00437
87	0.00777	0.01692	0.64477	0.01184	0.01689	0.00881	0.21697	0.01179	0.00807	0.01179	0.00687	0.00838	0.00493	0.00343	0.00374	0.00119	0.00568	0.00315	0.00164	0.00537
88	0.00442	0.00376	0.00380	0.00379	0.00503	0.00315	0.00284	0.00539	0.00853	0.01020	0.06671	0.03543	0.81567	0.00934	0.00439	0.00125	0.00188	0.00779	0.00347	0.00315
89	0.01665	0.00632	0.00861	0.00660	0.00948	0.00546	0.00546	0.01809	0.01062	0.84897	0.01464	0.01263	0.00919	0.00459	0.00373	0.00115	0.00316	0.00373	0.00459	0.00632
90	0.00915	0.00878	0.01499	0.03860	0.83090	0.00881	0.01137	0.01136	0.00843	0.01208	0.00697	0.00920	0.00586	0.00331	0.00368	0.00110	0.00442	0.00331	0.00183	0.00585
91	0.00452	0.00323	0.00431	0.00517	0.00538	0.00301	0.00345	0.00517	0.00711	0.00948	0.02046	0.86713	0.02455	0.01163	0.00474	0.00151	0.00215	0.01055	0.00345	0.00301
92	0.00452	0.00323	0.00431	0.00517	0.00538	0.00301	0.00345	0.00517	0.00711	0.00948	0.02046	0.86713	0.02455	0.01163	0.00474	0.00151	0.00215	0.01055	0.00345	0.00301
93	0.00525	0.00379	0.00496	0.00467	0.00555	0.00350	0.00350	0.00700	0.01051	0.01488	0.84444	0.02773	0.03502	0.00759	0.00438	0.00117	0.00175	0.00671	0.00409	0.00350
94	0.00794	0.01571	0.53585	0.01250	0.01733	0.00891	0.32469	0.01181	0.00819	0.01181	0.00698	0.00866	0.00506	0.00338	0.00385	0.00120	0.00578	0.00336	0.00169	0.00530
95	0.00452	0.00323	0.00431	0.00517	0.00538	0.00301	0.00345	0.00517	0.00711	0.00948	0.02046	0.86713	0.02455	0.01163	0.00474	0.00151	0.00215	0.01055	0.00345	0.00301
96	0.01416	0.01032	0.01109	0.00851	0.01147	0.01140	0.00703	0.81953	0.01733	0.03805	0.00901	0.00898	0.00636	0.00446	0.00371	0.00111	0.00407	0.00335	0.00373	0.00631
97	0.00863	0.00825	0.01406	0.23624	0.63727	0.00867	0.01112	0.01091	0.00819	0.01145	0.00688	0.00937	0.00564	0.00341	0.00368	0.00114	0.00455	0.00331	0.00179	0.00543
98	0.01416	0.01031	0.01109	0.00850	0.01147	0.01138	0.00702	0.81664	0.01731	0.04097	0.00903	0.00899	0.00637	0.00446	0.00371	0.00111	0.00406	0.00335	0.00373	0.00631
99	0.00876	0.01001	0.02190	0.01564	0.01940	0.00939	0.83292	0.01189	0.00876	0.01189	0.00751	0.01001	0.00563	0.00313	0.00438	0.00125	0.00626	0.00438	0.00188	0.00501
100	0.00992	0.87178	0.01945	0.00635	0.00953	0.01469	0.00635	0.01111	0.00754	0.00873	0.00516	0.00595	0.00476	0.00318	0.00238	0.00079	0.00397	0.00198	0.00159	0.00476
101	0.00963	0.76975	0.11889	0.00686	0.01031	0.01396	0.00723	0.01119	0.00758	0.00909	0.00534	0.00618	0.00476	0.00322	0.00252	0.00084	0.00415	0.00208	0.00159	0.00485
102	0.00744	0.01920	0.85032	0.01058	0.01607	0.00862	0.01371	0.01176	0.00784	0.01176	0.00666	0.00784	0.00470	0.00353	0.00353	0.00118	0.00549	0.00274	0.00157	0.00549
103	0.00441	0.00376	0.00379	0.00378	0.00503	0.00314	0.00284	0.00536	0.00851	0.01014	0.05552	0.03554	0.82691	0.00936	0.00439	0.00125	0.00188	0.00781	0.00346	0.00314
104	0.89577	0.00718	0.00546	0.00488	0.00718	0.00833	0.00402	0.01091	0.00632	0.01665	0.00517	0.00603	0.00402	0.00345	0.00230	0.00115	0.00287	0.00201	0.00230	0.00402
105	0.00992	0.87178	0.01945	0.00635	0.00953	0.01469	0.00635	0.01111	0.00754	0.00873	0.00516	0.00595	0.00476	0.00318	0.00238	0.00079	0.00397	0.00198	0.00159	0.00476
106	0.89577	0.00718	0.00546	0.00488	0.00718	0.00833	0.00402	0.01091	0.00632	0.01665	0.00517	0.00603	0.00402	0.00345	0.00230	0.00115	0.00287	0.00201	0.00230	0.00402
107	0.00923	0.00797	0.00839	0.00755	0.00965	0.00923	0.00588	0.01972	0.83969	0.01553	0.01511	0.01385	0.01133	0.00504	0.00378	0.00126	0.00294	0.00420	0.00378	0.00588
108	0.00923	0.00797	0.00839	0.00755	0.00965	0.00923	0.00588	0.01972	0.83969	0.01553	0.01511	0.01385	0.01133	0.00504	0.00378	0.00126	0.00294	0.00420	0.00378	0.00588
109	0.89577	0.00718	0.00546	0.00488	0.00718	0.00833	0.00402	0.01091	0.00632	0.01665	0.00517	0.00603	0.00402	0.00345	0.00230	0.00115	0.00287	0.00201	0.00230	0.00402
110	0.00525	0.00379	0.00496	0.00467	0.00555	0.00350	0.00350	0.00700	0.01051	0.01488	0.84444	0.02773	0.03502	0.00759	0.00438	0.00117	0.00175	0.00671	0.00409	0.00350
111	0.00525	0.00379	0.00496	0.00467	0.00555	0.00350	0.00350	0.00700	0.01051	0.01488	0.84444	0.02773	0.03502	0.00759	0.00438	0.00117	0.00175	0.00671	0.00409	0.00350
112	0.00522	0.00379	0.00492	0.00464	0.00553	0.00349	0.00348	0.00695	0.01044	0.01472	0.81762	0.02799	0.06194	0.00765	0.00438	0.00117	0.00176	0.00675	0.00406	0.00349
113	0.00452	0.00324	0.00429	0.00514	0.00538	0.00302	0.00343	0.00517	0.00714	0.00949	0.02085	0.84814	0.04329	0.01158	0.00473	0.00150	0.00215	0.01049	0.00345	0.00302
114	0.01651	0.00635	0.00861	0.00662	0.00948	0.00553	0.00546	0.01812	0.02620	0.83331	0.01465	0.01266	0.00923	0.00460	0.00373	0.00115	0.00315	0.00374	0.00458	0.00631
115	0.37601	0.00829	0.00794	0.00646	0.00892	0.00930	0.00530	0.40256	0.01178	0.01955	0.00773	0.00828	0.00573	0.00403	0.00300	0.00110	0.00332	0.00281	0.10285	0.00505
116	0.01646	0.00663	0.00881	0.00675	0.00963	0.00592	0.00558	0.08028	0.01114	0.78604	0.01421	0.01235	0.00897	0.00458	0.00373	0.00115	0.00323	0.00370	0.00453	0.00632
117	0.00460	0.00329	0.00440	0.00526	0.00551	0.00308	0.00358	0.00531	0.00719	0.00956	0.02041	0.82200	0.02438	0.01155	0.00476	0.00152	0.00222	0.05489	0.00344	0.00304
118	0.00452	0.00323	0.00431	0.00517	0.00538	0.00301	0.00345	0.00517	0.00711	0.00948	0.02046	0.86713	0.02455	0.01163	0.00474	0.00151	0.00215	0.01055	0.00345	0.00301
119	0.00967	0.77065	0.09384	0.00700	0.01040	0.01399	0.03087	0.01119	0.00760	0.00909	0.00536	0.00624	0.00478	0.00321	0.00254	0.00084	0.00417	0.00212	0.00159	0.00484
120	0.00877	0.00997	0.02168	0.01588	0.04619	0.00937	0.80630	0.01187	0.00875	0.01190	0.00749	0.00999	0.00564	0.00313	0.00436	0.00125	0.00620	0.00435	0.00188	0.00503
121	0.01657	0.00645	0.00870	0.00667	0.00954	0.00565	0.00551	0.04452	0.01085	0.82222	0.01446	0.01251	0.00910	0.00459	0.00373	0.00115	0.00319	0.00372	0.00457	0.00632
122	0.00532	0.00350	0.00472	0.00535	0.00576	0.00332	0.00371	0.00609	0.00724	0.05690	0.01918	0.71833	0.02227	0.02340	0.07046	0.00186	0.00287	0.03312	0.00338	0.00323
123	0.02190	0.08940	0.74013	0.01054	0.04298	0.00913	0.01287	0.01168	0.00781	0.01159	0.00652	0.00770	0.00474	0.00349	0.00342	0.00114	0.00528	0.00269	0.00159	0.00542
124	0.00452	0.00323	0.00431	0.00517	0.00538	0.00301	0.00345	0.00517	0.00711	0.00948	0.02046	0.86713	0.02455	0.01163	0.00474	0.00151	0.00215	0.01055	0.00345	0.00301
125	0.00440	0.00376	0.00378	0.00377	0.00502	0.00314	0.00283	0.00535	0.00849	0.01009	0.04788	0.03562	0.83458	0.00938	0.00439	0.00125	0.00188	0.00782	0.00346	0.00314
126	0.00817	0.21813	0.62748	0.00965	0.01453	0.01002	0.02977	0.01169	0.00782	0.02154	0.00643	0.00750	0.00479	0.00345	0.00328	0.00109	0.00512	0.00261	0.00162	0.00532
127	0.00878	0.00828	0.01402	0.06599	0.72579	0.00837	0.01084	0.01095	0.00841	0.01189	0.00812	0.01222	0.00725	0.00397	0.00381	0.00117	0.00435	0.07827	0.00197	0.00556
128	0.89577	0.00718	0.00546	0.00488	0.00718	0.00833	0.00402	0.01091	0.00632	0.01665	0.00517	0.00603	0.00402	0.00345	0.00230	0.00115	0.00287	0.00201	0.00230	0.00402
129	0.00441	0.00376	0.00380	0.00379	0.00503	0.00314	0.00284	0.00538	0.00852	0.01017	0.06113	0.03549	0.82128	0.00935	0.00439	0.00125	0.00188	0.00780	0.00347	0.00314
130	0.00812	0.00812	0.01137	0.00975	0.00975	0.01137	0.00812	0.00893	0.00568	0.00893	0.00487	0.00812	0.00487	0.00650	0.01218	0.00162	0.86276	0.00325	0.00162	0.00406
131	0.00770	0.00660	0.00770	0.00550	0.00880	0.00495	0.00440	0.00935	0.00770	0.01210	0.00660	0.00770	0.00550	0.00275	0.00275	0.00055	0.00275	0.00220	0.00220	0.89224
132	0.00441	0.00375	0.00380	0.00381	0.00503	0.00314	0.00285	0.00537	0.00850	0.01016	0.06062	0.04877	0.80841	0.00938	0.00439	0.00125	0.00188	0.00784	0.00347	0.00314
133	0.00894	0.00856	0.01454	0.11606	0.74377	0.00876	0.01120	0.01129	0.01931	0.01188	0.00705	0.00933	0.00585	0.00338	0.00368	0.00112	0.00445	0.00332	0.00184	0.00568
134	0.00450	0.00376	0.00392	0.00388	0.00508	0.00318	0.00291	0.00555	0.00873	0.01067	0.14471	0.03466	0.73738	0.00916	0.00439	0.00124	0.00186	0.00768	0.00353	0.00318
135	0.06358	0.00636	0.00845	0.00651	0.00935	0.00561	0.00538	0.01771	0.01039	0.80454	0.01414	0.01228	0.00891	0.00453	0.00366	0.00115	0.00314	0.00364	0.00447	0.00619
136	0.01352	0.05159	0.01091	0.00943	0.01134	0.78180	0.00717	0.02569	0.01034	0.00926	0.00573	0.00674	0.00480	0.00389	0.00360	0.00097	0.03453	0.00242	0.00191	0.00434
137	0.89577	0.00718	0.00546	0.00488	0.00718	0.00833	0.00402	0.01091	0.00632	0.01665	0.00517	0.00603	0.00402	0.00345	0.00230	0.00115	0.00287	0.00201	0.00230	0.00402
138	0.00535	0.00363	0.00430	0.00434	0.00443	0.00371	0.00260	0.00555	0.00554	0.00747	0.01182	0.05690	0.01340	0.72719	0.12548	0.00382	0.00435	0.00542	0.00226	0.00242
139	0.00976	0.69780	0.11373	0.00713	0.01038	0.05493	0.00730	0.01128	0.00765	0.00910	0.00535	0.00629	0.00476	0.00338	0.00295	0.00088	0.03877	0.00214	0.00160	0.00480
140	0.00793	0.06121	0.62443	0.01218	0.13227	0.00887	0.05305	0.01163	0.00797	0.02104	0.00701	0.02341	0.00532	0.00361	0.00355	0.00115	0.00521	0.00301	0.00169	0.00545
141	0.01665	0.00632	0.00861	0.00660	0.00948	0.00546	0.00546	0.01809	0.01062	0.84897	0.01464	0.01263	0.00919	0.00459	0.00373	0.00115	0.00316	0.00373	0.00459	0.00632
142	0.01111	0.00537	0.00623	0.00520	0.00702	0.00525	0.00416	0.12825	0.01008	0.28775	0.01248	0.01275	0.00896	0.00443	0.00312	0.00099	0.00253	0.00353	0.47599	0.00479
143	0.02199	0.00864	0.01490	0.08387	0.66445	0.00873	0.07990	0.01163	0.02319	0.03619	0.00734	0.00945	0.00595	0.00339	0.00372	0.00113	0.00452	0.00341	0.00195	0.00566
144	0.00480	0.00381	0.00449	0.00475	0.02384	0.00338	0.00339	0.00597	0.00881	0.01136	0.25544	0.16438	0.44885	0.00915	0.00445	0.00128	0.00199	0.03299	0.00359	0.00329
145	0.01604	0.00617	0.00834	0.00644	0.00922	0.00534	0.00531	0.01746	0.01049	0.80330	0.01535	0.01343	0.03697	0.00475	0.00373	0.00115	0.00309	0.00386	0.02342	0.00615
146	0.00638	0.00468	0.00533	0.00507	0.00621	0.00422	0.00375	0.03476	0.01033	0.01420	0.44785	0.04535	0.30260	0.00845	0.00461	0.00135	0.00223	0.00702	0.08166	0.00396
147	0.01208	0.12295	0.10941	0.03126	0.04492	0.06221	0.14297	0.11277	0.03293	0.26805	0.01851	0.00995	0.00699	0.00395	0.00362	0.00111	0.00445	0.00338	0.00292	0.00556
148	0.00883	0.01043	0.08723	0.04825	0.07819	0.09401	0.18268	0.01089	0.02957	0.01027	0.00618	0.00866	0.00526	0.00486	0.00766	0.00137	0.39590	0.00339	0.00178	0.00460
149	0.00452	0.00323	0.00431	0.00517	0.00538	0.00301	0.00345	0.00517	0.00711	0.00948	0.02046	0.86713	0.02455	0.01163	0.00474	0.00151	0.00215	0.01055	0.00345	0.00301
150	0.00921	0.47326	0.34904	0.00826	0.01226	0.07097	0.00933	0.01163	0.00787	0.00996	0.00580	0.00675	0.00474	0.00336	0.00290	0.00096	0.00476	0.00231	0.00160	0.00502
151	0.03024	0.08075	0.09123	0.06983	0.27472	0.03087	0.06334	0.16205	0.05401	0.07574	0.01754	0.01864	0.00667	0.00388	0.00360	0.00112	0.00437	0.00336	0.00248	0.00555
152	0.00644	0.00584	0.01840	0.01718	0.05345	0.00548	0.14120	0.01855	0.08415	0.02413	0.24495	0.02432	0.31599	0.00686	0.00436	0.00122	0.01406	0.00611	0.00326	0.00407
153	0.02877	0.00696	0.00876	0.00683	0.00959	0.00660	0.00561	0.13933	0.06880	0.62863	0.01360	0.01210	0.00884	0.00458	0.00367	0.00114	0.00323	0.00367	0.03313	0.00616
154	0.00959	0.74198	0.12317	0.00691	0.01035	0.01378	0.00726	0.01142	0.02981	0.00929	0.00561	0.00640	0.00493	0.00327	0.00256	0.00085	0.00413	0.00214	0.00164	0.00488
155	0.00971	0.40553	0.20218	0.00837	0.02324	0.06233	0.04127	0.07028	0.11283	0.01155	0.01646	0.00806	0.00607	0.00366	0.00308	0.00100	0.00442	0.00272	0.00207	0.00516
156	0.00489	0.01692	0.00460	0.00441	0.00546	0.00350	0.00335	0.00615	0.00910	0.01179	0.32689	0.09122	0.43223	0.00886	0.00442	0.00126	0.00198	0.05602	0.00365	0.00330
157	0.02933	0.03013	0.07121	0.00765	0.04572	0.06980	0.00614	0.13868	0.07942	0.15838	0.02154	0.04926	0.03058	0.09430	0.00538	0.00135	0.02697	0.01256	0.01454	0.10707
158	0.01921	0.07344	0.00710	0.00584	0.02649	0.04611	0.00445	0.05249	0.03121	0.08174	0.14777	0.09128	0.27913	0.02181	0.03842	0.00142	0.02211	0.01820	0.01564	0.01614

[dist]
# distance from previous block
# <min> <max>
1	12

[block]
# block no. 1 follows, 74 sequences, length 82
# corresponding to MSA columns:
# 182-263
name=unknown_B
#
# <colnr> <probs for GDERKNQSTAVLIFYWHMCP>
#	G	D	E	R	K	N	Q	S	T	A	V	L	I	F	Y	W	H	M	C	P
0	0.00972	0.19783	0.08249	0.08916	0.16802	0.11959	0.05339	0.06506	0.07250	0.01150	0.02375	0.00885	0.00629	0.00412	0.01152	0.00114	0.06494	0.00305	0.00206	0.00502
1	0.02101	0.24383	0.11247	0.00877	0.05480	0.03074	0.02579	0.28689	0.07276	0.06549	0.00833	0.02249	0.00643	0.00402	0.00332	0.00104	0.00414	0.00307	0.00271	0.02189
2	0.00882	0.05973	0.10110	0.00772	0.00955	0.26100	0.00665	0.02913	0.03995	0.01006	0.03279	0.01335	0.04798	0.02252	0.25755	0.00259	0.04101	0.04221	0.00219	0.00412
3	0.00452	0.00323	0.00431	0.00517	0.00538	0.00301	0.00345	0.00517	0.00711	0.00948	0.02046	0.86713	0.02455	0.01163	0.00474	0.00151	0.00215	0.01055	0.00345	0.00301
4	0.00499	0.00346	0.00425	0.00467	0.00483	0.00336	0.00295	0.00537	0.00634	0.00843	0.01642	0.41098	0.03673	0.41754	0.03117	0.00260	0.00304	0.02734	0.00285	0.00267
5	0.00877	0.00873	0.03571	0.16243	0.67678	0.00873	0.02252	0.01109	0.00827	0.01167	0.00692	0.00928	0.00569	0.00338	0.00369	0.00113	0.00455	0.00331	0.00180	0.00556
6	0.01578	0.00638	0.00852	0.00659	0.00934	0.00567	0.00542	0.06312	0.01100	0.74886	0.06787	0.01340	0.01069	0.00478	0.00377	0.00115	0.00312	0.00390	0.00451	0.00614
7	0.01661	0.00638	0.00866	0.00664	0.00951	0.00555	0.00548	0.03147	0.01074	0.83543	0.01455	0.01257	0.00914	0.00459	0.00373	0.00115	0.00317	0.00373	0.00458	0.00632
8	0.02426	0.00857	0.01451	0.10477	0.75130	0.00875	0.01116	0.01120	0.00831	0.01195	0.00691	0.00920	0.00576	0.00335	0.00365	0.00112	0.00444	0.00328	0.00183	0.00567
9	0.00923	0.00797	0.00839	0.00755	0.00965	0.00923	0.00588	0.01972	0.83969	0.01553	0.01511	0.01385	0.01133	0.00504	0.00378	0.00126	0.00294	0.00420	0.00378	0.00588
10	0.01411	0.01040	0.01114	0.00854	0.01151	0.01151	0.00706	0.83402	0.01745	0.02339	0.00891	0.00891	0.00631	0.00446	0.00371	0.00111	0.00408	0.00334	0.00371	0.00631
11	0.00452	0.00323	0.00431	0.00517	0.00538	0.00301	0.00345	0.00517	0.00711	0.00948	0.02046	0.86713	0.02455	0.01163	0.00474	0.00151	0.00215	0.01055	0.00345	0.00301
12	0.89577	0.00718	0.00546	0.00488	0.00718	0.00833	0.00402	0.01091	0.00632	0.01665	0.00517	0.00603	0.00402	0.00345	0.00230	0.00115	0.00287	0.00201	0.00230	0.00402
13	0.01411	0.01040	0.01114	0.00854	0.01151	0.01151	0.00706	0.83402	0.01745	0.02339	0.00891	0.00891	0.00631	0.00446	0.00371	0.00111	0.00408	0.00334	0.00371	0.00631
14	0.00919	0.00882	0.01507	0.02278	0.84640	0.00882	0.01139	0.01139	0.00845	0.01213	0.00698	0.00919	0.00588	0.00331	0.00367	0.00110	0.00441	0.00331	0.00184	0.00588
15	0.00444	0.00376	0.00383	0.00381	0.00504	0.00315	0.00286	0.00542	0.00858	0.01030	0.08347	0.03527	0.79885	0.00930	0.00439	0.00125	0.00187	0.00777	0.00348	0.00315
16	0.00525	0.00379	0.00496	0.00467	0.00555	0.00350	0.00350	0.00700	0.01051	0.01488	0.84444	0.02773	0.03502	0.00759	0.00438	0.00117	0.00175	0.00671	0.00409	0.00350
17	0.01410	0.01059	0.01112	0.00857	0.01151	0.03422	0.00706	0.81196	0.01727	0.02301	0.00883	0.00885	0.00627	0.00444	0.00370	0.00111	0.00415	0.00332	0.00366	0.00626
18	0.00912	0.00923	0.04840	0.02230	0.81326	0.00881	0.01148	0.01141	0.00843	0.01211	0.00697	0.00913	0.00583	0.00332	0.00367	0.00111	0.00445	0.00328	0.00183	0.00586
19	0.01104	0.23352	0.07741	0.00671	0.00927	0.05595	0.00605	0.11788	0.02788	0.19712	0.03955	0.01130	0.00839	0.06815	0.02729	0.00133	0.00389	0.00329	0.08902	0.00497
20	0.00807	0.00806	0.01167	0.01033	0.04335	0.01091	0.03876	0.00901	0.00596	0.00919	0.00558	0.03700	0.00560	0.00642	0.01130	0.00159	0.76784	0.00354	0.00170	0.00413
21	0.01019	0.75485	0.05441	0.00683	0.00999	0.09329	0.00675	0.01149	0.00783	0.00890	0.00528	0.00610	0.00476	0.00325	0.00252	0.00083	0.00429	0.00206	0.00162	0.00475
22	0.00813	0.00810	0.01432	0.08880	0.26568	0.00871	0.22711	0.01036	0.02747	0.01101	0.00860	0.09063	0.00798	0.00498	0.00566	0.00132	0.16977	0.03453	0.00204	0.00479
23	0.00539	0.00361	0.00412	0.00412	0.00415	0.00364	0.00234	0.00545	0.00542	0.00725	0.01163	0.02390	0.01333	0.83596	0.05225	0.00369	0.00385	0.00534	0.00224	0.00229
24	0.01619	0.00647	0.00864	0.00669	0.00951	0.00576	0.00550	0.02951	0.05804	0.78994	0.01459	0.01265	0.00927	0.00462	0.00373	0.00115	0.00316	0.00375	0.00454	0.00629
25	0.00929	0.02546	0.04677	0.03599	0.20755	0.09895	0.44603	0.01184	0.00861	0.01136	0.00695	0.00921	0.00549	0.00347	0.00449	0.00120	0.05670	0.00373	0.00184	0.00507
26	0.00577	0.00420	0.00569	0.00643	0.00734	0.00412	0.00556	0.00738	0.00853	0.01096	0.02203	0.04105	0.13063	0.01014	0.00503	0.00165	0.00321	0.71347	0.00342	0.00338
27	0.01665	0.00632	0.00861	0.00660	0.00948	0.00546	0.00546	0.01809	0.01062	0.84897	0.01464	0.01263	0.00919	0.00459	0.00373	0.00115	0.00316	0.00373	0.00459	0.00632
28	0.00525	0.00379	0.00496	0.00467	0.00555	0.00350	0.00350	0.00700	0.01051	0.01488	0.84444	0.02773	0.03502	0.00759	0.00438	0.00117	0.00175	0.00671	0.00409	0.00350
29	0.00935	0.63238	0.22619	0.00773	0.02554	0.02512	0.00828	0.01133	0.00767	0.00955	0.00557	0.00649	0.00477	0.00327	0.00270	0.00090	0.00439	0.00220	0.00159	0.00496
30	0.01562	0.00664	0.00861	0.00670	0.00946	0.00610	0.00550	0.08295	0.06292	0.69992	0.01412	0.01246	0.00910	0.00460	0.00369	0.00114	0.00317	0.00372	0.03739	0.00618
31	0.00515	0.00379	0.00481	0.00456	0.00548	0.00346	0.00342	0.00680	0.01026	0.01429	0.74596	0.02870	0.13387	0.00781	0.00438	0.00118	0.00177	0.00685	0.00401	0.00346
32	0.00636	0.00508	0.00603	0.00639	0.02154	0.00539	0.00460	0.01057	0.29880	0.01178	0.01885	0.46487	0.04622	0.00900	0.00440	0.00142	0.00255	0.06852	0.00353	0.00410
33	0.04823	0.01833	0.04716	0.02895	0.03425	0.07246	0.07261	0.31557	0.08212	0.20915	0.01024	0.01063	0.00732	0.00436	0.00370	0.00115	0.00417	0.02045	0.00337	0.00576
34	0.00523	0.00379	0.00494	0.00465	0.00553	0.00349	0.00349	0.00697	0.01046	0.01478	0.82665	0.02790	0.05288	0.00763	0.00438	0.00117	0.00175	0.00674	0.00407	0.00349
35	0.01208	0.00541	0.00740	0.00649	0.00851	0.00488	0.00543	0.01363	0.00994	0.49550	0.09784	0.02359	0.01567	0.00672	0.00425	0.00133	0.00310	0.26896	0.00416	0.00510
36	0.01030	0.79084	0.01860	0.00666	0.00971	0.09429	0.00643	0.01147	0.00782	0.00877	0.00522	0.00602	0.00477	0.00324	0.00247	0.00081	0.00423	0.00202	0.00162	0.00472
37	0.00653	0.00600	0.07033	0.06028	0.13783	0.00525	0.00594	0.04461	0.01707	0.02260	0.02250	0.35910	0.03332	0.11514	0.00673	0.05909	0.00329	0.01791	0.00272	0.00377
38	0.02994	0.22491	0.48976	0.00978	0.05099	0.06222	0.01080	0.06045	0.00849	0.01168	0.00635	0.00739	0.00485	0.00350	0.00323	0.00106	0.00500	0.00258	0.00175	0.00527
39	0.00703	0.00663	0.01114	0.84315	0.02524	0.00831	0.01026	0.00947	0.00739	0.00947	0.00656	0.00986	0.00495	0.00377	0.00389	0.00124	0.02257	0.00330	0.00165	0.00412
40	0.00906	0.03201	0.01460	0.10824	0.70333	0.02762	0.01098	0.01121	0.00831	0.01163	0.00682	0.00910	0.00571	0.00342	0.00381	0.00112	0.02237	0.00325	0.00181	0.00560
41	0.00991	0.85404	0.01922	0.00638	0.00953	0.01458	0.00634	0.01129	0.02463	0.00887	0.00536	0.00612	0.00490	0.00321	0.00241	0.00080	0.00395	0.00203	0.00163	0.00479
42	0.00525	0.00379	0.00496	0.00467	0.00555	0.00350	0.00350	0.00700	0.01051	0.01488	0.84444	0.02773	0.03502	0.00759	0.00438	0.00117	0.00175	0.00671	0.00409	0.00350
43	0.00974	0.78751	0.04869	0.00690	0.01008	0.01420	0.03323	0.01110	0.00753	0.00895	0.00528	0.00622	0.00479	0.00329	0.00279	0.00085	0.03034	0.00213	0.00160	0.00478
44	0.00538	0.00359	0.00405	0.00407	0.00408	0.00359	0.00227	0.00539	0.00543	0.00724	0.01188	0.04184	0.01372	0.85169	0.01860	0.00356	0.00357	0.00551	0.00227	0.00227
45	0.00846	0.36710	0.51128	0.00885	0.01340	0.01110	0.01071	0.01149	0.00772	0.01052	0.00605	0.00707	0.00473	0.00338	0.00306	0.00102	0.00487	0.00243	0.00158	0.00519
46	0.00452	0.00323	0.00431	0.00517	0.00538	0.00301	0.00345	0.00517	0.00711	0.00948	0.02046	0.86713	0.02455	0.01163	0.00474	0.00151	0.00215	0.01055	0.00345	0.00301
47	0.00439	0.00375	0.00377	0.00379	0.00502	0.00313	0.00284	0.00532	0.00843	0.01001	0.03719	0.05566	0.82522	0.00945	0.00440	0.00126	0.00189	0.00790	0.00345	0.00313
48	0.00910	0.00873	0.01491	0.05528	0.81456	0.00880	0.01135	0.01132	0.00841	0.01202	0.00697	0.00921	0.00584	0.00332	0.00368	0.00111	0.00443	0.00331	0.00183	0.00581
49	0.00504	0.00370	0.00481	0.00531	0.00598	0.00347	0.00405	0.00624	0.00838	0.01110	0.19117	0.35735	0.14166	0.01012	0.00472	0.00146	0.00237	0.22627	0.00357	0.00324
50	0.00777	0.08417	0.63406	0.01082	0.01569	0.00903	0.12892	0.01156	0.00797	0.01151	0.00718	0.00936	0.00550	0.00371	0.00362	0.00118	0.00539	0.03559	0.00169	0.00528
51	0.67786	0.00765	0.00728	0.00765	0.12029	0.00861	0.00530	0.07282	0.02687	0.02819	0.00606	0.00694	0.00468	0.00356	0.00264	0.00114	0.00317	0.00236	0.00241	0.00452
52	0.00850	0.00827	0.01334	0.35453	0.48986	0.04004	0.01081	0.01076	0.00812	0.01097	0.00678	0.00938	0.00547	0.00349	0.00368	0.00115	0.00471	0.00327	0.00177	0.00512
53	0.00546	0.00448	0.03495	0.00505	0.00610	0.00390	0.00399	0.00759	0.04329	0.01446	0.72583	0.07219	0.03225	0.00760	0.00435	0.00120	0.00197	0.01776	0.00394	0.00364
54	0.89577	0.00718	0.00546	0.00488	0.00718	0.00833	0.00402	0.01091	0.00632	0.01665	0.00517	0.00603	0.00402	0.00345	0.00230	0.00115	0.00287	0.00201	0.00230	0.00402
55	0.89577	0.00718	0.00546	0.00488	0.00718	0.00833	0.00402	0.01091	0.00632	0.01665	0.00517	0.00603	0.00402	0.00345	0.00230	0.00115	0.00287	0.00201	0.00230	0.00402
56	0.06198	0.00963	0.01043	0.00806	0.01096	0.01048	0.00665	0.66269	0.03406	0.13305	0.00961	0.00936	0.00668	0.00443	0.00364	0.00112	0.00387	0.00334	0.00376	0.00618
57	0.00450	0.00338	0.00418	0.00478	0.00529	0.00306	0.00328	0.00525	0.00754	0.00974	0.04312	0.62703	0.24349	0.01095	0.00464	0.00143	0.00207	0.00974	0.00346	0.00306
58	0.04198	0.07082	0.34648	0.07387	0.18051	0.02169	0.07986	0.10767	0.00909	0.01295	0.00705	0.01888	0.00544	0.00365	0.00355	0.00114	0.00491	0.00311	0.00196	0.00537
59	0.00991	0.80661	0.05994	0.00665	0.00990	0.03738	0.00673	0.01125	0.00764	0.00889	0.00525	0.00607	0.00476	0.00321	0.00246	0.00082	0.00412	0.00203	0.00160	0.00479
60	0.01381	0.01025	0.01097	0.00848	0.01140	0.01137	0.00698	0.78395	0.06801	0.02291	0.00929	0.00922	0.00662	0.00449	0.00372	0.00112	0.00401	0.00339	0.00372	0.00629
61	0.00983	0.00902	0.04299	0.06558	0.38905	0.01703	0.11711	0.14068	0.04306	0.05380	0.05604	0.02254	0.00811	0.00399	0.00383	0.00115	0.00439	0.00377	0.00248	0.00555
62	0.00471	0.00342	0.00444	0.00516	0.00550	0.00323	0.00350	0.00567	0.02968	0.00983	0.05022	0.75470	0.05327	0.02986	0.00500	0.00153	0.00220	0.02152	0.00345	0.00310
63	0.00445	0.00376	0.00385	0.00383	0.00505	0.00316	0.00287	0.00545	0.00862	0.01040	0.09877	0.03512	0.78349	0.00926	0.00439	0.00125	0.00187	0.00775	0.00350	0.00316
64	0.01012	0.02063	0.01283	0.18405	0.38922	0.24366	0.00972	0.02855	0.00887	0.01081	0.00649	0.00855	0.00534	0.00369	0.00395	0.00111	0.04253	0.00303	0.00185	0.00501
65	0.89577	0.00718	0.00546	0.00488	0.00718	0.00833	0.00402	0.01091	0.00632	0.01665	0.00517	0.00603	0.00402	0.00345	0.00230	0.00115	0.00287	0.00201	0.00230	0.00402
66	0.00524	0.00379	0.00494	0.00465	0.00553	0.00349	0.00349	0.00697	0.01047	0.01479	0.82806	0.02789	0.05146	0.00763	0.00438	0.00117	0.00175	0.00674	0.00407	0.00349
67	0.00484	0.00375	0.00432	0.00449	0.00538	0.00340	0.00325	0.00622	0.03784	0.01117	0.19765	0.27669	0.38503	0.00939	0.00442	0.00130	0.00197	0.00815	0.02747	0.00328
68	0.00456	0.00340	0.00424	0.00480	0.00531	0.00309	0.00331	0.00538	0.00773	0.01011	0.10137	0.59993	0.21175	0.01075	0.00462	0.00142	0.00205	0.00958	0.00351	0.00309
69	0.00984	0.84220	0.04828	0.00650	0.00975	0.01448	0.00661	0.01114	0.00755	0.00884	0.00521	0.00602	0.00476	0.00319	0.00242	0.00081	0.00402	0.00201	0.00159	0.00479
70	0.00919	0.00882	0.01507	0.02278	0.84640	0.00882	0.01139	0.01139	0.00845	0.01213	0.00698	0.00919	0.00588	0.00331	0.00367	0.00110	0.00441	0.00331	0.00184	0.00588
71	0.00950	0.70535	0.15151	0.00707	0.01057	0.01353	0.00751	0.01152	0.03699	0.00945	0.00575	0.00653	0.00499	0.00330	0.00261	0.00087	0.00417	0.00218	0.00166	0.00492
72	0.00545	0.00366	0.00430	0.00443	0.00454	0.00365	0.00275	0.00565	0.00582	0.00773	0.01288	0.05749	0.01472	0.72201	0.01667	0.01778	0.00352	0.10212	0.00242	0.00241
73	0.01411	0.01040	0.01114	0.00854	0.01151	0.01151	0.00706	0.83402	0.01745	0.02339	0.00891	0.00891	0.00631	0.00446	0.00371	0.00111	0.00408	0.00334	0.00371	0.00631
74	0.00807	0.00805	0.01126	0.00968	0.00968	0.01124	0.00805	0.00888	0.00571	0.00894	0.00511	0.02122	0.00517	0.00657	0.01207	0.00162	0.84963	0.00336	0.00165	0.00404
75	0.00781	0.00667	0.00776	0.00555	0.00885	0.00507	0.00445	0.02452	0.00788	0.01230	0.00664	0.00772	0.00551	0.00278	0.00277	0.00056	0.00277	0.00222	0.00223	0.87594
76	0.00876	0.01001	0.02190	0.01564	0.01940	0.00939	0.83292	0.01189	0.00876	0.01189	0.00751	0.01001	0.00563	0.00313	0.00438	0.00125	0.00626	0.00438	0.00188	0.00501
77	0.00598	0.00427	0.00598	0.00684	0.00769	0.00427	0.00598	0.00769	0.00854	0.01111	0.01965	0.04187	0.02136	0.01025	0.00513	0.00171	0.00342	0.82141	0.00342	0.00342
78	0.00784	0.00651	0.00763	0.00549	0.00872	0.00492	0.00439	0.00948	0.00782	0.03303	0.01881	0.00848	0.01745	0.00295	0.00282	0.00058	0.00273	0.00238	0.00230	0.84567
79	0.00942	0.00925	0.01395	0.12009	0.63852	0.07371	0.01066	0.03276	0.03386	0.01197	0.00714	0.00921	0.00586	0.00348	0.00366	0.00111	0.00460	0.00326	0.00193	0.00556
80	0.00803	0.02943	0.27197	0.05904	0.05107	0.01517	0.04225	0.08640	0.09048	0.02523	0.10774	0.04403	0.03986	0.02850	0.01266	0.00131	0.03467	0.01414	0.03318	0.00485
81	0.00496	0.00374	0.00458	0.00445	0.00539	0.00337	0.00331	0.00641	0.00970	0.01316	0.56266	0.08987	0.25805	0.00838	0.00441	0.00122	0.00182	0.00730	0.00386	0.00337

[dist]
# distance from previous block
# <min> <max>
0	6

[block]
# block no. 2 follows, 74 sequences, length 136
# corresponding to MSA columns:
