[name]
unknown

[dist]
# distance from previous block
# <min> <max>
0	204

[block]
# block no. 0 follows, 73 sequences, length 8
# corresponding to MSA columns:
# 271-278
name=unknown_A
#
# <colnr> <probs for GDERKNQSTAVLIFYWHMCP>
#	G	D	E	R	K	N	Q	S	T	A	V	L	I	F	Y	W	H	M	C	P
0	0.00617	0.00401	0.00494	0.00508	0.00568	0.00388	0.00354	0.00728	0.04341	0.06972	0.06494	0.27314	0.07442	0.31759	0.00980	0.00223	0.00290	0.09487	0.00318	0.00322
1	0.03119	0.00828	0.01252	0.07241	0.40924	0.00857	0.03192	0.12720	0.03798	0.12962	0.04238	0.01132	0.00803	0.00419	0.00404	0.00117	0.03028	0.02129	0.00269	0.00567
2	0.00647	0.00521	0.00720	0.00759	0.06753	0.00596	0.00544	0.00981	0.17982	0.01042	0.01092	0.01419	0.00957	0.02155	0.61499	0.00468	0.00817	0.00402	0.00238	0.00408
3	0.00447	0.00365	0.00396	0.00420	0.00517	0.00313	0.00303	0.00534	0.00817	0.00998	0.03312	0.27006	0.61242	0.01014	0.00453	0.00134	0.00198	0.00869	0.00348	0.00313
4	0.00652	0.00326	0.00489	0.00489	0.00489	0.00326	0.00326	0.00489	0.00489	0.00652	0.00652	0.01140	0.00652	0.01303	0.01466	0.89084	0.00326	0.00326	0.00163	0.00163
5	0.00778	0.00667	0.00778	0.00556	0.00889	0.00500	0.00445	0.00945	0.00778	0.01223	0.00667	0.00778	0.00556	0.00278	0.00278	0.00056	0.00278	0.00222	0.00222	0.89108
6	0.03119	0.00891	0.01432	0.16202	0.54993	0.03582	0.06076	0.04884	0.00875	0.01225	0.00697	0.00926	0.00568	0.00355	0.00393	0.00116	0.02593	0.00335	0.00192	0.00547
7	0.35399	0.22587	0.01105	0.00761	0.05143	0.23996	0.00597	0.01254	0.04113	0.01247	0.00587	0.00673	0.00485	0.00358	0.00276	0.00102	0.00431	0.00228	0.00207	0.00450

[dist]
# distance from previous block
# <min> <max>
5	7

[block]
# block no. 1 follows, 73 sequences, length 37
# corresponding to MSA columns:
# 286-322
name=unknown_B
#
# <colnr> <probs for GDERKNQSTAVLIFYWHMCP>
#	G	D	E	R	K	N	Q	S	T	A	V	L	I	F	Y	W	H	M	C	P
0	0.00744	0.00703	0.01190	0.72362	0.15857	0.00843	0.01060	0.00990	0.00767	0.01002	0.00673	0.00989	0.00515	0.00368	0.00374	0.00123	0.00491	0.00334	0.00170	0.00446
1	0.00676	0.00492	0.00603	0.00535	0.00658	0.00485	0.00412	0.14082	0.01176	0.01644	0.70763	0.02494	0.03070	0.00716	0.00432	0.00117	0.00215	0.00623	0.00407	0.00400
2	0.00537	0.00438	0.00559	0.00547	0.00612	0.00461	0.00412	0.00649	0.00841	0.01142	0.29208	0.25256	0.22163	0.00903	0.00580	0.00137	0.14122	0.00754	0.00340	0.00341
3	0.00572	0.00469	0.00565	0.00541	0.00629	0.00491	0.00415	0.01683	0.03273	0.02311	0.14061	0.15282	0.37951	0.02571	0.00601	0.00140	0.14135	0.02509	0.01450	0.00351
4	0.01511	0.00613	0.00799	0.00626	0.00884	0.00550	0.00513	0.05855	0.01063	0.66996	0.01409	0.01277	0.00919	0.00459	0.00359	0.00111	0.00301	0.00371	0.14793	0.00592
5	0.00483	0.00345	0.00446	0.00494	0.00532	0.00323	0.00335	0.00568	0.00784	0.01062	0.21047	0.55512	0.05414	0.10074	0.00620	0.00166	0.00223	0.00913	0.00351	0.00308
6	0.10917	0.01001	0.00936	0.00776	0.01016	0.14600	0.00621	0.38427	0.06969	0.09328	0.03850	0.04987	0.00879	0.01493	0.00383	0.00118	0.00406	0.02415	0.00336	0.00540
7	0.00478	0.00355	0.00446	0.00512	0.00559	0.00332	0.00356	0.00577	0.02719	0.00985	0.02302	0.63148	0.15658	0.03843	0.00519	0.00156	0.00228	0.06169	0.00345	0.00314
8	0.00469	0.00336	0.00446	0.00514	0.00547	0.00313	0.00349	0.00552	0.00774	0.01046	0.15392	0.72993	0.02653	0.01109	0.00473	0.00147	0.00211	0.01004	0.00359	0.00313
9	0.00622	0.00605	0.00523	0.00507	0.00625	0.14101	0.00375	0.00731	0.00918	0.01097	0.21063	0.09346	0.44518	0.02740	0.00461	0.00127	0.00272	0.00693	0.00335	0.00341
10	0.37825	0.00599	0.00614	0.00553	0.00724	0.00641	0.00429	0.05535	0.03792	0.14206	0.02844	0.14161	0.00956	0.00669	0.00511	0.14542	0.00294	0.00409	0.00292	0.00405
11	0.03392	0.00819	0.00971	0.00749	0.01038	0.00826	0.00617	0.38043	0.01366	0.44941	0.01212	0.02484	0.00814	0.00467	0.00375	0.00115	0.00359	0.00367	0.00418	0.00628
12	0.00922	0.00911	0.01635	0.02186	0.71101	0.00901	0.14435	0.01160	0.00859	0.01222	0.00714	0.00942	0.00590	0.00331	0.00383	0.00114	0.00476	0.00352	0.00186	0.00580
13	0.00471	0.00353	0.00437	0.00476	0.00539	0.00319	0.00334	0.00569	0.00831	0.01098	0.21624	0.47088	0.22439	0.01026	0.00462	0.00138	0.00202	0.00910	0.00363	0.00319
14	0.00455	0.00335	0.00426	0.00499	0.00538	0.00307	0.00338	0.00525	0.00740	0.00967	0.02349	0.73124	0.15746	0.01139	0.00473	0.00148	0.00213	0.01022	0.00348	0.00307
15	0.01325	0.01643	0.01138	0.01183	0.14663	0.71626	0.00794	0.01442	0.01029	0.00968	0.00600	0.00717	0.00501	0.00378	0.00344	0.00099	0.00639	0.00257	0.00192	0.00461
16	0.00550	0.00429	0.00589	0.14310	0.00882	0.00427	0.00458	0.00729	0.00988	0.01360	0.61468	0.02603	0.12340	0.00725	0.00432	0.00120	0.00231	0.00636	0.00366	0.00360
17	0.00962	0.01173	0.14585	0.01376	0.01766	0.02490	0.55847	0.14499	0.01017	0.01383	0.00766	0.00955	0.00565	0.00345	0.00417	0.00123	0.00586	0.00397	0.00215	0.00533
18	0.00676	0.00492	0.00603	0.00535	0.00658	0.00485	0.00412	0.14082	0.01176	0.01644	0.70763	0.02494	0.03070	0.00716	0.00432	0.00117	0.00215	0.00623	0.00407	0.00400
19	0.00778	0.00667	0.00778	0.00556	0.00889	0.00500	0.00445	0.00945	0.00778	0.01223	0.00667	0.00778	0.00556	0.00278	0.00278	0.00056	0.00278	0.00222	0.00222	0.89108
20	0.00553	0.00385	0.00424	0.00417	0.00446	0.00378	0.00250	0.02812	0.00629	0.00819	0.01599	0.02600	0.14790	0.70530	0.01630	0.00318	0.00337	0.00580	0.00251	0.00253
21	0.00540	0.00369	0.00438	0.00440	0.00453	0.00377	0.00267	0.00563	0.00564	0.00760	0.01227	0.04495	0.02851	0.70744	0.14056	0.00389	0.00451	0.00542	0.00229	0.00247
22	0.00546	0.00364	0.00409	0.00409	0.00409	0.00364	0.00227	0.00546	0.00546	0.00727	0.01182	0.02455	0.01364	0.86815	0.01910	0.00364	0.00364	0.00546	0.00227	0.00227
23	0.00929	0.00891	0.01523	0.02303	0.84475	0.00891	0.01151	0.01151	0.00854	0.01226	0.00706	0.00929	0.00594	0.00334	0.00371	0.00111	0.00446	0.00334	0.00186	0.00594
24	0.02701	0.03162	0.06313	0.01307	0.09513	0.05180	0.36232	0.23909	0.01122	0.03797	0.00801	0.01895	0.00607	0.00379	0.00405	0.00118	0.01384	0.00378	0.00248	0.00548
25	0.00599	0.00511	0.00531	0.00503	0.00654	0.00509	0.00384	0.00996	0.26380	0.01213	0.07837	0.02883	0.53984	0.00804	0.00424	0.00126	0.00222	0.00672	0.00362	0.00404
26	0.00472	0.00381	0.00420	0.00410	0.00524	0.00329	0.00308	0.00594	0.00923	0.01175	0.30333	0.03344	0.57689	0.00890	0.00443	0.00124	0.00186	0.00754	0.00370	0.00329
27	0.01003	0.87041	0.01966	0.00642	0.00963	0.01485	0.00642	0.01123	0.00762	0.00883	0.00522	0.00602	0.00481	0.00321	0.00241	0.00080	0.00401	0.00201	0.00160	0.00481
28	0.08600	0.14734	0.08040	0.00886	0.02402	0.04810	0.06850	0.42347	0.02909	0.03758	0.00789	0.00838	0.00585	0.00401	0.00344	0.00109	0.00436	0.00306	0.00290	0.00567
29	0.00612	0.00441	0.00610	0.00693	0.00782	0.00444	0.00604	0.00806	0.02829	0.01133	0.01976	0.04165	0.02135	0.01024	0.00515	0.00172	0.00344	0.80018	0.00346	0.00351
30	0.01401	0.01788	0.01063	0.00967	0.01160	0.85309	0.00725	0.01498	0.01063	0.00918	0.00580	0.00677	0.00483	0.00387	0.00338	0.00097	0.00677	0.00242	0.00193	0.00435
31	0.05493	0.02762	0.00473	0.00424	0.00549	0.00390	0.00324	0.00642	0.00908	0.01208	0.29895	0.03095	0.50851	0.00839	0.00426	0.00122	0.00197	0.00705	0.00358	0.00338
32	0.00931	0.44801	0.32090	0.00873	0.03501	0.04748	0.01970	0.01205	0.03739	0.02119	0.00635	0.00725	0.00513	0.00346	0.00300	0.00099	0.00468	0.00247	0.00174	0.00516
33	0.00702	0.02731	0.00563	0.00512	0.00537	0.00406	0.00354	0.05159	0.00569	0.00756	0.00677	0.01148	0.00666	0.03573	0.01384	0.79224	0.00334	0.00329	0.00177	0.00200
34	0.06072	0.07593	0.07827	0.00779	0.01052	0.02688	0.02575	0.31194	0.15921	0.07588	0.08585	0.03434	0.02075	0.00488	0.00367	0.00115	0.00371	0.00389	0.00335	0.00553
35	0.04027	0.41974	0.09930	0.00793	0.01114	0.08507	0.04374	0.14342	0.03966	0.04865	0.00692	0.00756	0.00552	0.00368	0.00314	0.00098	0.01407	0.00262	0.00223	0.01435
36	0.04161	0.08886	0.13418	0.00813	0.01141	0.04213	0.10142	0.08363	0.03023	0.09373	0.05111	0.02949	0.00786	0.00393	0.00349	0.00098	0.01238	0.00328	0.00256	0.24962

[dist]
# distance from previous block
# <min> <max>
1	22

[block]
# block no. 2 follows, 73 sequences, length 273
# corresponding to MSA columns:
# 345-617
name=unknown_C
#
# <colnr> <probs for GDERKNQSTAVLIFYWHMCP>
#	G	D	E	R	K	N	Q	S	T	A	V	L	I	F	Y	W	H	M	C	P
0	0.01071	0.00635	0.00752	0.00652	0.00853	0.01602	0.00516	0.02835	0.28411	0.29388	0.16562	0.04941	0.05789	0.00605	0.00403	0.00124	0.00283	0.03641	0.00408	0.00530
1	0.01798	0.00370	0.00470	0.00501	0.00562	0.00344	0.00355	0.00628	0.00823	0.02851	0.24496	0.43875	0.08347	0.07200	0.00564	0.00155	0.00225	0.04746	0.00356	0.01330
2	0.19432	0.00725	0.00770	0.00606	0.00882	0.00698	0.00485	0.10325	0.11931	0.04407	0.00806	0.00873	0.00630	0.00393	0.00348	0.03922	0.00302	0.00268	0.00269	0.41930
3	0.02181	0.00652	0.00736	0.00643	0.00845	0.00676	0.00506	0.06120	0.34392	0.18996	0.07907	0.04979	0.16121	0.00620	0.00398	0.00124	0.00278	0.01687	0.00389	0.01749
4	0.03842	0.00558	0.00705	0.00584	0.00788	0.00514	0.00466	0.06332	0.02188	0.40172	0.28218	0.03349	0.09441	0.00614	0.00401	0.00118	0.00265	0.00516	0.00422	0.00504
5	0.00552	0.00408	0.00448	0.00431	0.00562	0.00355	0.00329	0.00688	0.02819	0.06446	0.17031	0.04200	0.60804	0.00883	0.00440	0.00126	0.00202	0.02560	0.00367	0.00350
6	0.50530	0.00674	0.00627	0.00555	0.00772	0.00740	0.00450	0.02353	0.11617	0.12819	0.04406	0.02189	0.05721	0.00474	0.00308	0.00120	0.00286	0.03322	0.01583	0.00454
7	0.10201	0.00604	0.00700	0.00621	0.00803	0.00611	0.00487	0.11640	0.10082	0.22575	0.07709	0.21107	0.06444	0.00694	0.00401	0.00128	0.00285	0.04051	0.00377	0.00480
8	0.00701	0.00572	0.00649	0.00646	0.00775	0.00621	0.00490	0.01258	0.40439	0.01279	0.02814	0.29049	0.08123	0.00819	0.00434	0.00140	0.00268	0.10109	0.00365	0.00449
9	0.00460	0.00381	0.00404	0.00398	0.00517	0.00324	0.00298	0.00571	0.00895	0.01108	0.19367	0.03454	0.68697	0.00915	0.00443	0.00125	0.00188	0.00770	0.00361	0.00324
10	0.00479	0.00349	0.00439	0.00494	0.00538	0.00324	0.00340	0.00557	0.00755	0.00995	0.09068	0.53805	0.14202	0.10667	0.00633	0.00171	0.00234	0.05309	0.00340	0.00304
11	0.05237	0.00771	0.00897	0.00705	0.00973	0.00785	0.00578	0.30517	0.06255	0.39218	0.01213	0.01134	0.00819	0.00455	0.00360	0.00113	0.00336	0.00356	0.08679	0.00599
12	0.00536	0.00402	0.00603	0.00603	0.00670	0.00469	0.00469	0.00670	0.00603	0.00871	0.01005	0.01474	0.00938	0.02814	0.85328	0.00603	0.01005	0.00402	0.00201	0.00335
13	0.89465	0.00726	0.00551	0.00493	0.00726	0.00842	0.00406	0.01103	0.00638	0.01683	0.00522	0.00609	0.00406	0.00348	0.00232	0.00116	0.00290	0.00203	0.00232	0.00406
14	0.27898	0.00580	0.00641	0.00567	0.00759	0.00584	0.00447	0.01217	0.04379	0.28943	0.09522	0.16574	0.02613	0.01496	0.00378	0.00127	0.00276	0.02178	0.00358	0.00463
15	0.02774	0.00689	0.00883	0.00690	0.00972	0.00642	0.00566	0.08043	0.09749	0.68654	0.01428	0.01252	0.00922	0.00466	0.00376	0.00117	0.00324	0.00377	0.00446	0.00631
16	0.00709	0.00667	0.01125	0.85913	0.02584	0.00834	0.01042	0.00959	0.00750	0.00959	0.00667	0.01000	0.00500	0.00375	0.00375	0.00125	0.00500	0.00333	0.00167	0.00417
17	0.00545	0.00365	0.00413	0.00412	0.00416	0.00363	0.00233	0.00553	0.00568	0.00761	0.04762	0.02470	0.01458	0.83108	0.01846	0.00353	0.00356	0.00551	0.00235	0.00233
18	0.88083	0.00731	0.00560	0.00499	0.00732	0.00847	0.00411	0.02392	0.00656	0.01694	0.00528	0.00614	0.00410	0.00350	0.00234	0.00116	0.00292	0.00205	0.00234	0.00410
19	0.01596	0.00762	0.00945	0.00726	0.01018	0.00737	0.00599	0.25680	0.02575	0.59294	0.01311	0.01169	0.00847	0.00461	0.00377	0.00115	0.00346	0.00366	0.00437	0.00638
20	0.00588	0.00431	0.00543	0.00505	0.00609	0.00417	0.00382	0.00857	0.09709	0.02607	0.74538	0.02636	0.03255	0.00736	0.00435	0.00119	0.00191	0.00648	0.00410	0.00383
21	0.00466	0.00331	0.00437	0.00519	0.00541	0.00311	0.00346	0.00529	0.00711	0.00947	0.02011	0.79603	0.02405	0.06492	0.00569	0.00166	0.00229	0.02746	0.00341	0.00301
22	0.00543	0.00363	0.00410	0.00412	0.00412	0.00362	0.00230	0.00545	0.00550	0.00733	0.01203	0.04466	0.01391	0.84767	0.01875	0.00359	0.00360	0.00558	0.00230	0.00229
23	0.84040	0.00705	0.00548	0.00492	0.00715	0.00812	0.00403	0.01079	0.00664	0.01672	0.05631	0.00743	0.00597	0.00374	0.00245	0.00116	0.00283	0.00232	0.00243	0.00403
24	0.00752	0.01941	0.84871	0.01069	0.01624	0.00871	0.01386	0.01188	0.00792	0.01188	0.00673	0.00792	0.00475	0.00356	0.00356	0.00119	0.00554	0.00277	0.00158	0.00554
25	0.00465	0.00332	0.00444	0.00528	0.00555	0.00311	0.00359	0.00538	0.00733	0.00978	0.04054	0.80995	0.02493	0.01160	0.00480	0.00152	0.00222	0.04542	0.00350	0.00308
26	0.00709	0.00667	0.01125	0.85913	0.02584	0.00834	0.01042	0.00959	0.00750	0.00959	0.00667	0.01000	0.00500	0.00375	0.00375	0.00125	0.00500	0.00333	0.00167	0.00417
27	0.01401	0.01788	0.01063	0.00967	0.01160	0.85309	0.00725	0.01498	0.01063	0.00918	0.00580	0.00677	0.00483	0.00387	0.00338	0.00097	0.00677	0.00242	0.00193	0.00435
28	0.01683	0.00638	0.00871	0.00668	0.00958	0.00551	0.00551	0.01828	0.01074	0.84734	0.01480	0.01277	0.00929	0.00464	0.00377	0.00116	0.00319	0.00377	0.00464	0.00638
29	0.00481	0.00382	0.00433	0.00420	0.00530	0.00333	0.00315	0.00612	0.00945	0.01226	0.38697	0.03260	0.49294	0.00871	0.00443	0.00123	0.00184	0.00743	0.00376	0.00333
30	0.00546	0.00364	0.00409	0.00409	0.00409	0.00364	0.00227	0.00546	0.00546	0.00727	0.01182	0.02455	0.01364	0.86815	0.01910	0.00364	0.00364	0.00546	0.00227	0.00227
31	0.01640	0.00675	0.00890	0.00683	0.00971	0.00608	0.00564	0.09714	0.01141	0.75430	0.02724	0.01264	0.00941	0.00468	0.00378	0.00116	0.00326	0.00378	0.00455	0.00634
32	0.02500	0.00941	0.01172	0.13172	0.23592	0.05152	0.00850	0.32779	0.11430	0.01655	0.00894	0.02620	0.00694	0.00425	0.00373	0.00116	0.00427	0.00354	0.00284	0.00570
33	0.00531	0.00383	0.00501	0.00472	0.00560	0.00354	0.00354	0.00708	0.01062	0.01504	0.84277	0.02802	0.03540	0.00767	0.00442	0.00118	0.00177	0.00678	0.00413	0.00354
34	0.02858	0.00668	0.00884	0.00679	0.00969	0.00597	0.00561	0.07386	0.01115	0.77973	0.01427	0.01242	0.00902	0.00462	0.00375	0.00116	0.00325	0.00372	0.00455	0.00635
35	0.00886	0.01012	0.02214	0.01581	0.01961	0.00949	0.83112	0.01202	0.00886	0.01202	0.00759	0.01012	0.00569	0.00316	0.00443	0.00127	0.00633	0.00443	0.00190	0.00506
36	0.05199	0.01243	0.01076	0.04617	0.05237	0.32113	0.02427	0.30006	0.10005	0.01549	0.00832	0.02518	0.00650	0.00431	0.00359	0.00110	0.00499	0.00321	0.00280	0.00527
37	0.01652	0.00646	0.00870	0.00672	0.00958	0.00567	0.00553	0.01835	0.04555	0.81235	0.01482	0.01282	0.00938	0.00466	0.00377	0.00117	0.00318	0.00379	0.00461	0.00637
38	0.00443	0.00380	0.00380	0.00380	0.00507	0.00317	0.00285	0.00538	0.00855	0.01014	0.03801	0.03611	0.84322	0.00950	0.00443	0.00127	0.00190	0.00792	0.00348	0.00317
39	0.00818	0.00756	0.01161	0.38062	0.25273	0.02467	0.02100	0.03028	0.10481	0.01159	0.00930	0.01379	0.00791	0.00454	0.00391	0.00126	0.00447	0.09468	0.00223	0.00486
40	0.00939	0.00969	0.03867	0.19398	0.31759	0.09689	0.07560	0.03914	0.15721	0.01232	0.00841	0.01003	0.00657	0.00383	0.00376	0.00117	0.00472	0.00348	0.00223	0.00533
41	0.00527	0.00383	0.00497	0.00468	0.00558	0.00352	0.00351	0.00701	0.01054	0.01485	0.81035	0.02835	0.06794	0.00774	0.00443	0.00118	0.00178	0.00683	0.00410	0.00352
42	0.01561	0.00835	0.00992	0.00761	0.01056	0.00843	0.00629	0.40641	0.01403	0.45457	0.01204	0.01098	0.00790	0.00458	0.00376	0.00114	0.00364	0.00358	0.00422	0.00638
43	0.02146	0.00603	0.00790	0.02001	0.05977	0.04139	0.04234	0.04005	0.04626	0.01076	0.02782	0.36160	0.05345	0.02120	0.07021	0.00180	0.13492	0.02635	0.00283	0.00386
44	0.01158	0.03104	0.09026	0.01164	0.01467	0.37450	0.28691	0.10159	0.02020	0.01201	0.00694	0.00832	0.00536	0.00367	0.00378	0.00111	0.00612	0.00325	0.00210	0.00494
45	0.00896	0.00767	0.00817	0.00737	0.00938	0.00880	0.00572	0.01876	0.76212	0.01563	0.09113	0.01528	0.01365	0.00533	0.00387	0.00126	0.00286	0.00447	0.00385	0.00572
46	0.00545	0.00365	0.00418	0.00418	0.00420	0.00368	0.00238	0.00551	0.00548	0.00734	0.01174	0.02413	0.01346	0.83196	0.05504	0.00374	0.00391	0.00539	0.00226	0.00232
47	0.00873	0.02049	0.04280	0.13498	0.15139	0.05247	0.18037	0.02506	0.06740	0.06747	0.15940	0.02336	0.03994	0.00470	0.00400	0.00119	0.00430	0.00442	0.00266	0.00487
48	0.00817	0.00813	0.01160	0.06321	0.03771	0.01121	0.00845	0.00914	0.00595	0.00917	0.00510	0.00835	0.00496	0.00629	0.01150	0.00160	0.78034	0.00329	0.00165	0.00417
49	0.00457	0.00326	0.00435	0.00522	0.00544	0.00305	0.00348	0.00522	0.00718	0.00958	0.02068	0.86570	0.02481	0.01175	0.00479	0.00152	0.00218	0.01067	0.00348	0.00305
50	0.00520	0.00372	0.00508	0.00595	0.00644	0.00359	0.00458	0.00632	0.00781	0.01029	0.02033	0.51257	0.02343	0.01116	0.00496	0.00161	0.00272	0.35756	0.00347	0.00322
51	0.01082	0.03109	0.01389	0.03472	0.46609	0.27652	0.04514	0.03220	0.00931	0.01132	0.00662	0.00843	0.00552	0.00363	0.00386	0.00109	0.02949	0.00307	0.00191	0.00530
52	0.00494	0.00353	0.00477	0.00563	0.00602	0.00336	0.00411	0.00586	0.00756	0.00999	0.02068	0.65191	0.03350	0.01138	0.00488	0.00157	0.00249	0.21120	0.00348	0.00315
53	0.01003	0.87041	0.01966	0.00642	0.00963	0.01485	0.00642	0.01123	0.00762	0.00883	0.00522	0.00602	0.00481	0.00321	0.00241	0.00080	0.00401	0.00201	0.00160	0.00481
54	0.00508	0.00364	0.00474	0.00544	0.00581	0.00350	0.00374	0.04496	0.00773	0.01030	0.02009	0.79939	0.02383	0.01136	0.00475	0.00151	0.00231	0.03509	0.00349	0.00322
55	0.44671	0.01068	0.00977	0.00811	0.01051	0.24075	0.12534	0.03541	0.00834	0.03944	0.00612	0.00721	0.00476	0.00370	0.00329	0.00114	0.02943	0.00261	0.00224	0.00442
56	0.00591	0.00349	0.00453	0.00453	0.00456	0.00353	0.00281	0.00527	0.00524	0.00702	0.00946	0.01844	0.01038	0.46049	0.05782	0.38426	0.00379	0.00444	0.00198	0.00205
57	0.00821	0.00821	0.01149	0.00985	0.00985	0.01149	0.00821	0.00903	0.00575	0.00903	0.00492	0.00821	0.00492	0.00657	0.01231	0.00164	0.86128	0.00328	0.00164	0.00410
58	0.00457	0.00326	0.00435	0.00522	0.00544	0.00305	0.00348	0.00522	0.00718	0.00958	0.02068	0.86570	0.02481	0.01175	0.00479	0.00152	0.00218	0.01067	0.00348	0.00305
59	0.01385	0.00994	0.01092	0.02233	0.02356	0.01092	0.00703	0.71068	0.04919	0.07162	0.00976	0.02597	0.00708	0.00465	0.00378	0.00114	0.00401	0.00357	0.00374	0.00626
60	0.00749	0.00709	0.01192	0.71641	0.07816	0.00863	0.04038	0.02563	0.00773	0.01009	0.00669	0.00985	0.00511	0.00385	0.00418	0.00126	0.04606	0.00337	0.00173	0.00436
61	0.00910	0.01009	0.02137	0.01533	0.01900	0.00964	0.77259	0.05128	0.00920	0.01251	0.00760	0.01002	0.00571	0.00331	0.00458	0.00127	0.02598	0.00435	0.00198	0.00510
62	0.00933	0.00806	0.00848	0.00764	0.00976	0.00933	0.00594	0.01994	0.83797	0.01569	0.01527	0.01400	0.01145	0.00509	0.00382	0.00127	0.00297	0.00424	0.00382	0.00594
63	0.89465	0.00726	0.00551	0.00493	0.00726	0.00842	0.00406	0.01103	0.00638	0.01683	0.00522	0.00609	0.00406	0.00348	0.00232	0.00116	0.00290	0.00203	0.00232	0.00406
64	0.83167	0.00767	0.02580	0.00559	0.00806	0.00847	0.04395	0.01110	0.00654	0.01649	0.00537	0.00633	0.00416	0.00347	0.00245	0.00117	0.00313	0.00216	0.00228	0.00415
65	0.00461	0.00332	0.00438	0.00520	0.00549	0.00309	0.00353	0.00531	0.00730	0.00966	0.02154	0.79780	0.06674	0.01160	0.00478	0.00152	0.00220	0.03537	0.00348	0.00307
66	0.00954	0.00816	0.00860	0.00768	0.00984	0.00943	0.00599	0.05493	0.80263	0.01604	0.01500	0.01378	0.01123	0.00506	0.00381	0.00127	0.00302	0.00420	0.00381	0.00596
67	0.00709	0.00667	0.01125	0.85913	0.02584	0.00834	0.01042	0.00959	0.00750	0.00959	0.00667	0.01000	0.00500	0.00375	0.00375	0.00125	0.00500	0.00333	0.00167	0.00417
68	0.01679	0.00645	0.00875	0.00670	0.00961	0.00561	0.00554	0.03067	0.01084	0.83481	0.01471	0.01271	0.00924	0.00464	0.00377	0.00116	0.00321	0.00377	0.00463	0.00638
69	0.00513	0.00402	0.00476	0.00513	0.00623	0.00366	0.00422	0.00641	0.00859	0.01060	0.03023	0.03877	0.49084	0.00987	0.00475	0.00146	0.00257	0.35599	0.00347	0.00329
70	0.00984	0.80525	0.08313	0.00675	0.01014	0.01438	0.00699	0.01128	0.00765	0.00906	0.00533	0.00616	0.00481	0.00324	0.00250	0.00083	0.00413	0.00206	0.00160	0.00487
71	0.00709	0.00667	0.01125	0.85913	0.02584	0.00834	0.01042	0.00959	0.00750	0.00959	0.00667	0.01000	0.00500	0.00375	0.00375	0.00125	0.00500	0.00333	0.00167	0.00417
72	0.89465	0.00726	0.00551	0.00493	0.00726	0.00842	0.00406	0.01103	0.00638	0.01683	0.00522	0.00609	0.00406	0.00348	0.00232	0.00116	0.00290	0.00203	0.00232	0.00406
73	0.00905	0.00751	0.00789	0.00714	0.00911	0.00863	0.00554	0.01860	0.73881	0.01549	0.01491	0.01400	0.01123	0.00500	0.00367	0.00122	0.00282	0.00415	0.10956	0.00565
74	0.00929	0.00891	0.01523	0.02303	0.84475	0.00891	0.01151	0.01151	0.00854	0.01226	0.00706	0.00929	0.00594	0.00334	0.00371	0.00111	0.00446	0.00334	0.00186	0.00594
75	0.89465	0.00726	0.00551	0.00493	0.00726	0.00842	0.00406	0.01103	0.00638	0.01683	0.00522	0.00609	0.00406	0.00348	0.00232	0.00116	0.00290	0.00203	0.00232	0.00406
76	0.00443	0.00380	0.00380	0.00380	0.00507	0.00317	0.00285	0.00538	0.00855	0.01014	0.03801	0.03611	0.84322	0.00950	0.00443	0.00127	0.00190	0.00792	0.00348	0.00317
77	0.01433	0.01039	0.01119	0.00858	0.01158	0.01146	0.00709	0.80922	0.01744	0.04694	0.00917	0.00911	0.00646	0.00451	0.00375	0.00113	0.00410	0.00339	0.00378	0.00638
78	0.00572	0.00441	0.00613	0.00601	0.00669	0.02120	0.01301	0.01978	0.00626	0.00881	0.01014	0.01564	0.00972	0.12924	0.71312	0.00551	0.00907	0.00416	0.00207	0.00330
79	0.00531	0.00383	0.00501	0.00472	0.00560	0.00354	0.00354	0.00708	0.01062	0.01504	0.84277	0.02802	0.03540	0.00767	0.00442	0.00118	0.00177	0.00678	0.00413	0.00354
80	0.00461	0.00329	0.00439	0.00520	0.00545	0.00307	0.00349	0.00531	0.00735	0.00984	0.06010	0.82553	0.02532	0.01156	0.00477	0.00151	0.00216	0.01048	0.00351	0.00307
81	0.04370	0.01007	0.01002	0.00821	0.01078	0.07572	0.00660	0.47476	0.26823	0.01957	0.01077	0.02678	0.00809	0.00474	0.00371	0.00117	0.00390	0.00366	0.00358	0.00594
82	0.01651	0.00690	0.00903	0.00692	0.00984	0.00629	0.00572	0.12079	0.01161	0.74361	0.01407	0.01230	0.00892	0.00463	0.00377	0.00116	0.00331	0.00372	0.00453	0.00638
83	0.00594	0.00424	0.00592	0.00678	0.00760	0.00422	0.00586	0.00758	0.00853	0.01111	0.01992	0.10318	0.02183	0.01047	0.00515	0.00171	0.00336	0.75970	0.00346	0.00342
84	0.00528	0.00383	0.00497	0.00470	0.00559	0.00352	0.00352	0.00701	0.01052	0.01484	0.80969	0.04032	0.05655	0.00778	0.00443	0.00119	0.00178	0.00687	0.00410	0.00352
85	0.00541	0.00362	0.00410	0.00415	0.00416	0.00361	0.00233	0.00544	0.00554	0.00738	0.01225	0.06489	0.01418	0.82708	0.01841	0.00354	0.00357	0.00571	0.00233	0.00231
86	0.00821	0.00821	0.01149	0.00985	0.00985	0.01149	0.00821	0.00903	0.00575	0.00903	0.00492	0.00821	0.00492	0.00657	0.01231	0.00164	0.86128	0.00328	0.00164	0.00410
87	0.00447	0.00380	0.00386	0.00390	0.00513	0.00319	0.00293	0.00543	0.00852	0.01015	0.03726	0.05343	0.80888	0.00957	0.00446	0.00128	0.00194	0.02515	0.00348	0.00317
88	0.00454	0.00369	0.00403	0.00420	0.00520	0.00318	0.00305	0.00550	0.00844	0.01046	0.10779	0.21664	0.59055	0.00983	0.00451	0.00132	0.00195	0.00841	0.00354	0.00318
89	0.00778	0.00667	0.00778	0.00556	0.00889	0.00500	0.00445	0.00945	0.00778	0.01223	0.00667	0.00778	0.00556	0.00278	0.00278	0.00056	0.00278	0.00222	0.00222	0.89108
90	0.00443	0.00380	0.00380	0.00380	0.00507	0.00317	0.00285	0.00538	0.00855	0.01014	0.03801	0.03611	0.84322	0.00950	0.00443	0.00127	0.00190	0.00792	0.00348	0.00317
91	0.02349	0.00842	0.00899	0.00773	0.01007	0.00953	0.00611	0.17553	0.61946	0.06666	0.01390	0.01285	0.01024	0.00493	0.00378	0.00124	0.00320	0.00402	0.00383	0.00602
92	0.00534	0.00361	0.00421	0.00428	0.00439	0.00356	0.00253	0.00559	0.00616	0.00830	0.09399	0.12043	0.01703	0.68683	0.01604	0.00316	0.00329	0.00618	0.00259	0.00248
93	0.00752	0.01941	0.84871	0.01069	0.01624	0.00871	0.01386	0.01188	0.00792	0.01188	0.00673	0.00792	0.00475	0.00356	0.00356	0.00119	0.00554	0.00277	0.00158	0.00554
94	0.00448	0.00380	0.00386	0.00384	0.00509	0.00319	0.00288	0.00547	0.00865	0.01037	0.07660	0.03572	0.80448	0.00941	0.00443	0.00126	0.00189	0.00786	0.00351	0.00319
95	0.15180	0.00961	0.01002	0.00788	0.01070	0.01065	0.00648	0.60006	0.08078	0.06145	0.00919	0.00913	0.00656	0.00440	0.00354	0.00114	0.00380	0.00325	0.00358	0.00598
96	0.00606	0.00398	0.00515	0.00510	0.00606	0.00366	0.00388	0.00748	0.00944	0.07813	0.42071	0.17781	0.12956	0.02257	0.00477	0.00136	0.00220	0.10463	0.00386	0.00360
97	0.00531	0.00383	0.00501	0.00472	0.00560	0.00354	0.00354	0.00708	0.01062	0.01504	0.84277	0.02802	0.03540	0.00767	0.00442	0.00118	0.00177	0.00678	0.00413	0.00354
98	0.00798	0.00444	0.00455	0.00419	0.00535	0.00460	0.00323	0.11996	0.00919	0.01529	0.01180	0.01331	0.00918	0.00439	0.00278	0.00091	0.00207	0.00348	0.76942	0.00389
99	0.79579	0.00732	0.00582	0.00513	0.00743	0.00843	0.00421	0.06747	0.00722	0.01718	0.00579	0.00664	0.00446	0.00359	0.00243	0.00115	0.00294	0.00219	0.04062	0.00420
100	0.00447	0.00379	0.00386	0.00386	0.00509	0.00318	0.00289	0.00544	0.00860	0.01031	0.06773	0.05180	0.79727	0.00948	0.00444	0.00127	0.00190	0.00793	0.00351	0.00318
101	0.00457	0.00326	0.00435	0.00522	0.00544	0.00305	0.00348	0.00522	0.00718	0.00958	0.02068	0.86570	0.02481	0.01175	0.00479	0.00152	0.00218	0.01067	0.00348	0.00305
102	0.01010	0.00840	0.00887	0.00773	0.00999	0.00960	0.00608	0.16502	0.67239	0.01699	0.01466	0.01360	0.02933	0.00508	0.00382	0.00125	0.00315	0.00417	0.00380	0.00595
103	0.00545	0.00412	0.00616	0.00611	0.00676	0.00485	0.00476	0.00673	0.00600	0.00868	0.00986	0.01451	0.00921	0.02732	0.81736	0.01987	0.03292	0.00399	0.00199	0.00334
104	0.01180	0.01455	0.01557	0.01230	0.01503	0.49128	0.36059	0.01371	0.00987	0.01040	0.00657	0.00820	0.00520	0.00356	0.00383	0.00109	0.00658	0.00328	0.00192	0.00465
105	0.00541	0.00383	0.00505	0.00505	0.00538	0.00416	0.00346	0.00607	0.00574	0.00798	0.01095	0.01972	0.01154	0.45442	0.42996	0.00482	0.00680	0.00475	0.00214	0.00280
106	0.89465	0.00726	0.00551	0.00493	0.00726	0.00842	0.00406	0.01103	0.00638	0.01683	0.00522	0.00609	0.00406	0.00348	0.00232	0.00116	0.00290	0.00203	0.00232	0.00406
107	0.03479	0.00618	0.00786	0.00644	0.00864	0.00583	0.00516	0.12122	0.01888	0.43561	0.05497	0.05998	0.02043	0.00666	0.01847	0.10185	0.00327	0.03655	0.00382	0.04338
108	0.01278	0.00998	0.01218	0.01019	0.07607	0.03747	0.09447	0.54874	0.03359	0.05677	0.04488	0.01015	0.00770	0.00437	0.00382	0.00113	0.00427	0.00362	0.00338	0.02445
109	0.00545	0.00365	0.00418	0.00418	0.00421	0.00368	0.00238	0.00551	0.00548	0.00734	0.01174	0.02411	0.01345	0.83055	0.05643	0.00374	0.00392	0.00539	0.00226	0.00232
110	0.01683	0.00638	0.00871	0.00668	0.00958	0.00551	0.00551	0.01828	0.01074	0.84734	0.01480	0.01277	0.00929	0.00464	0.00377	0.00116	0.00319	0.00377	0.00464	0.00638
111	0.15185	0.00671	0.02122	0.00642	0.00913	0.00611	0.00534	0.04679	0.01006	0.62641	0.01308	0.03780	0.00883	0.01391	0.00372	0.00119	0.00317	0.00370	0.01876	0.00582
112	0.00527	0.00397	0.00494	0.00494	0.00594	0.00366	0.00388	0.00691	0.01858	0.01302	0.46228	0.03280	0.24233	0.00865	0.00457	0.00131	0.00215	0.16752	0.00383	0.00345
113	0.00958	0.00800	0.00849	0.00760	0.00975	0.00921	0.00592	0.01988	0.81111	0.04270	0.01525	0.01396	0.01138	0.00508	0.00382	0.00127	0.00298	0.00423	0.00384	0.00595
114	0.03231	0.00359	0.00426	0.00462	0.00479	0.00353	0.00287	0.00555	0.00630	0.00867	0.02665	0.38800	0.01847	0.45949	0.01219	0.00261	0.00296	0.00762	0.00282	0.00268
115	0.01026	0.00617	0.00735	0.00651	0.00832	0.00632	0.00507	0.08780	0.23635	0.23761	0.08706	0.17364	0.01532	0.02738	0.00441	0.00133	0.00287	0.03529	0.03587	0.00509
116	0.00933	0.00806	0.00848	0.00764	0.00976	0.00933	0.00594	0.01994	0.83797	0.01569	0.01527	0.01400	0.01145	0.00509	0.00382	0.00127	0.00297	0.00424	0.00382	0.00594
117	0.00605	0.00432	0.00605	0.00691	0.00777	0.00432	0.00605	0.00777	0.00864	0.01123	0.01986	0.04232	0.02159	0.01036	0.00518	0.00173	0.00345	0.81949	0.00345	0.00345
118	0.04520	0.00451	0.00557	0.00590	0.00673	0.00415	0.00422	0.00779	0.00840	0.10313	0.05647	0.57031	0.08360	0.01059	0.00488	0.00158	0.00265	0.06655	0.00383	0.00393
119	0.02047	0.00541	0.00694	0.00620	0.00791	0.00510	0.00475	0.05608	0.07076	0.37450	0.02802	0.36631	0.01602	0.00764	0.00419	0.00132	0.00278	0.00666	0.00402	0.00490
120	0.00536	0.00401	0.00600	0.00600	0.00666	0.00467	0.00466	0.00668	0.00602	0.00869	0.01007	0.01488	0.00944	0.04003	0.84147	0.00600	0.00996	0.00404	0.00201	0.00333
121	0.02718	0.00938	0.01048	0.00807	0.01102	0.01002	0.00666	0.59961	0.03591	0.22688	0.01054	0.01002	0.00719	0.00454	0.00374	0.00114	0.00385	0.00348	0.00395	0.00634
122	0.00491	0.00382	0.00425	0.00426	0.00531	0.00337	0.00315	0.00593	0.00846	0.02437	0.14236	0.09448	0.55236	0.06533	0.04198	0.00164	0.00242	0.02494	0.00345	0.00322
123	0.00546	0.00364	0.00409	0.00409	0.00409	0.00364	0.00227	0.00546	0.00546	0.00727	0.01182	0.02455	0.01364	0.86815	0.01910	0.00364	0.00364	0.00546	0.00227	0.00227
124	0.00933	0.00806	0.00848	0.00764	0.00976	0.00933	0.00594	0.01994	0.83797	0.01569	0.01527	0.01400	0.01145	0.00509	0.00382	0.00127	0.00297	0.00424	0.00382	0.00594
125	0.00472	0.00373	0.00393	0.00398	0.00485	0.00329	0.00275	0.00542	0.00771	0.00945	0.04353	0.08449	0.56691	0.22922	0.00821	0.00189	0.00236	0.00744	0.00318	0.00294
126	0.00815	0.00782	0.01341	0.44521	0.35662	0.00867	0.05865	0.01083	0.03344	0.01100	0.00714	0.00984	0.00562	0.00359	0.00378	0.00120	0.00480	0.00343	0.00182	0.00499
127	0.00928	0.00800	0.00844	0.00759	0.00970	0.00925	0.00590	0.01976	0.82645	0.01569	0.02679	0.01419	0.01179	0.00513	0.00383	0.00127	0.00295	0.00428	0.00382	0.00590
128	0.00933	0.00806	0.00848	0.00764	0.00976	0.00933	0.00594	0.01994	0.83797	0.01569	0.01527	0.01400	0.01145	0.00509	0.00382	0.00127	0.00297	0.00424	0.00382	0.00594
129	0.01578	0.00685	0.00885	0.00692	0.00973	0.00637	0.00567	0.07166	0.10921	0.69498	0.01448	0.01267	0.00935	0.00469	0.00378	0.00117	0.00323	0.00380	0.00449	0.00633
130	0.00652	0.00326	0.00489	0.00489	0.00489	0.00326	0.00326	0.00489	0.00489	0.00652	0.00652	0.01140	0.00652	0.01303	0.01466	0.89084	0.00326	0.00326	0.00163	0.00163
131	0.00709	0.00667	0.01125	0.85913	0.02584	0.00834	0.01042	0.00959	0.00750	0.00959	0.00667	0.01000	0.00500	0.00375	0.00375	0.00125	0.00500	0.00333	0.00167	0.00417
132	0.00957	0.00807	0.00853	0.00763	0.00978	0.00929	0.00595	0.03333	0.80727	0.03306	0.01516	0.01389	0.01132	0.00507	0.00382	0.00127	0.00299	0.00422	0.00383	0.00595
133	0.23022	0.01074	0.16841	0.05259	0.17337	0.01727	0.23769	0.02410	0.00809	0.02488	0.00677	0.00851	0.00517	0.00346	0.00363	0.00119	0.01365	0.00321	0.00199	0.00505
134	0.00546	0.00364	0.00409	0.00409	0.00409	0.00364	0.00227	0.00546	0.00546	0.00727	0.01182	0.02455	0.01364	0.86815	0.01910	0.00364	0.00364	0.00546	0.00227	0.00227
135	0.00709	0.00667	0.01125	0.85913	0.02584	0.00834	0.01042	0.00959	0.00750	0.00959	0.00667	0.01000	0.00500	0.00375	0.00375	0.00125	0.00500	0.00333	0.00167	0.00417
136	0.00733	0.00692	0.01170	0.76504	0.11800	0.00840	0.01054	0.00980	0.00762	0.00989	0.00671	0.00992	0.00511	0.00371	0.00375	0.00124	0.00494	0.00334	0.00169	0.00437
137	0.01090	0.15154	0.05715	0.05756	0.05262	0.13221	0.26106	0.13356	0.01020	0.06913	0.00811	0.00933	0.02197	0.00375	0.00369	0.00111	0.00519	0.00342	0.00232	0.00518
138	0.01678	0.00646	0.00876	0.00671	0.00962	0.00563	0.00555	0.03410	0.01087	0.83134	0.01469	0.01270	0.00923	0.00464	0.00377	0.00116	0.00321	0.00377	0.00463	0.00638
139	0.01401	0.01788	0.01063	0.00967	0.01160	0.85309	0.00725	0.01498	0.01063	0.00918	0.00580	0.00677	0.00483	0.00387	0.00338	0.00097	0.00677	0.00242	0.00193	0.00435
140	0.01105	0.01069	0.01272	0.16028	0.35999	0.22968	0.02771	0.03446	0.00939	0.09741	0.00752	0.00912	0.00584	0.00371	0.00366	0.00111	0.00506	0.00317	0.00218	0.00526
141	0.01679	0.00645	0.00875	0.00670	0.00961	0.00561	0.00554	0.03067	0.01084	0.83481	0.01471	0.01271	0.00924	0.00464	0.00377	0.00116	0.00321	0.00377	0.00463	0.00638
142	0.01003	0.87041	0.01966	0.00642	0.00963	0.01485	0.00642	0.01123	0.00762	0.00883	0.00522	0.00602	0.00481	0.00321	0.00241	0.00080	0.00401	0.00201	0.00160	0.00481
143	0.03375	0.01672	0.01188	0.01028	0.01245	0.73371	0.10470	0.01454	0.01032	0.00969	0.00600	0.00715	0.00492	0.00377	0.00348	0.00101	0.00662	0.00265	0.00194	0.00443
144	0.00882	0.02605	0.05267	0.03639	0.48537	0.00891	0.25976	0.01134	0.00857	0.01194	0.00865	0.01072	0.04593	0.00360	0.00393	0.00117	0.00495	0.00384	0.00193	0.00547
145	0.14774	0.00671	0.00835	0.00651	0.00933	0.00624	0.00538	0.05623	0.01042	0.68387	0.01309	0.01159	0.00837	0.00446	0.00356	0.00116	0.00319	0.00349	0.00425	0.00604
146	0.02913	0.00692	0.00899	0.00690	0.00981	0.00634	0.00570	0.12189	0.01155	0.73045	0.01393	0.01219	0.00884	0.00461	0.00375	0.00116	0.00331	0.00370	0.00450	0.00635
147	0.05568	0.01031	0.01040	0.00830	0.01105	0.06559	0.00675	0.57927	0.15790	0.04170	0.00984	0.00968	0.00712	0.00452	0.00367	0.00114	0.00402	0.00341	0.00360	0.00606
148	0.00512	0.00383	0.00475	0.00452	0.00549	0.00346	0.00339	0.00671	0.01017	0.01398	0.66825	0.02978	0.21058	0.00807	0.00443	0.00120	0.00180	0.00703	0.00399	0.00346
149	0.01555	0.00629	0.00833	0.00648	0.00919	0.00556	0.00532	0.05217	0.01084	0.72621	0.03474	0.01414	0.05050	0.00494	0.00378	0.00116	0.00309	0.00402	0.03163	0.00607
150	0.00494	0.00360	0.00467	0.00525	0.00568	0.00344	0.00361	0.00627	0.04766	0.01088	0.17156	0.67085	0.02612	0.01068	0.00468	0.00145	0.00214	0.00964	0.00362	0.00328
151	0.00991	0.82960	0.05942	0.00662	0.00995	0.01455	0.00678	0.01127	0.00764	0.00897	0.00529	0.00611	0.00481	0.00323	0.00246	0.00082	0.00409	0.00204	0.00160	0.00485
152	0.01403	0.01039	0.01113	0.00858	0.01154	0.01152	0.00707	0.79328	0.05698	0.02326	0.00931	0.00925	0.00662	0.00453	0.00376	0.00113	0.00407	0.00342	0.00376	0.00636
153	0.00457	0.00326	0.00435	0.00522	0.00544	0.00305	0.00348	0.00522	0.00718	0.00958	0.02068	0.86570	0.02481	0.01175	0.00479	0.00152	0.00218	0.01067	0.00348	0.00305
154	0.00448	0.00377	0.00389	0.00393	0.00512	0.00318	0.00292	0.00546	0.00857	0.01034	0.07556	0.08555	0.75533	0.00955	0.00445	0.00128	0.00191	0.00803	0.00351	0.00318
155	0.01401	0.01788	0.01063	0.00967	0.01160	0.85309	0.00725	0.01498	0.01063	0.00918	0.00580	0.00677	0.00483	0.00387	0.00338	0.00097	0.00677	0.00242	0.00193	0.00435
156	0.00534	0.00379	0.00479	0.00479	0.00514	0.00399	0.00322	0.00592	0.00591	0.00804	0.01322	0.02179	0.07724	0.48615	0.33028	0.00435	0.00590	0.00511	0.00227	0.00275
157	0.00765	0.06022	0.80895	0.01049	0.01592	0.00901	0.01350	0.01185	0.00791	0.01173	0.00666	0.00783	0.00476	0.00355	0.00351	0.00117	0.00547	0.00274	0.00159	0.00551
158	0.01568	0.00823	0.00985	0.00755	0.01050	0.00825	0.00624	0.38169	0.01382	0.47958	0.01221	0.01109	0.00799	0.00458	0.00376	0.00115	0.00361	0.00360	0.00425	0.00638
159	0.00529	0.00383	0.00498	0.00469	0.00559	0.00353	0.00352	0.00703	0.01056	0.01491	0.82001	0.02825	0.05824	0.00772	0.00443	0.00118	0.00177	0.00682	0.00411	0.00353
160	0.00929	0.00891	0.01523	0.02303	0.84475	0.00891	0.01151	0.01151	0.00854	0.01226	0.00706	0.00929	0.00594	0.00334	0.00371	0.00111	0.00446	0.00334	0.00186	0.00594
161	0.00568	0.00445	0.00606	0.00597	0.00676	0.01635	0.00463	0.03195	0.00677	0.00938	0.01337	0.05741	0.10001	0.02376	0.66271	0.00497	0.02936	0.00470	0.00228	0.00344
162	0.00546	0.00364	0.00409	0.00409	0.00409	0.00364	0.00227	0.00546	0.00546	0.00727	0.01182	0.02455	0.01364	0.86815	0.01910	0.00364	0.00364	0.00546	0.00227	0.00227
163	0.04099	0.01756	0.01048	0.00952	0.01147	0.82721	0.00715	0.01486	0.01050	0.00942	0.00578	0.00675	0.00481	0.00385	0.00335	0.00097	0.00665	0.00240	0.00194	0.00434
164	0.01401	0.01788	0.01063	0.00967	0.01160	0.85309	0.00725	0.01498	0.01063	0.00918	0.00580	0.00677	0.00483	0.00387	0.00338	0.00097	0.00677	0.00242	0.00193	0.00435
165	0.00752	0.01941	0.84871	0.01069	0.01624	0.00871	0.01386	0.01188	0.00792	0.01188	0.00673	0.00792	0.00475	0.00356	0.00356	0.00119	0.00554	0.00277	0.00158	0.00554
166	0.12045	0.03724	0.05367	0.00953	0.09428	0.07528	0.07238	0.10094	0.06161	0.26652	0.01032	0.04776	0.00772	0.00445	0.00377	0.00117	0.02067	0.00363	0.00314	0.00547
167	0.00601	0.00412	0.00573	0.00566	0.00624	0.00455	0.00420	0.00699	0.00626	0.04870	0.01140	0.04226	0.01143	0.24852	0.50559	0.00472	0.02771	0.04438	0.00231	0.00322
168	0.00687	0.00740	0.04963	0.01078	0.01302	0.00653	0.41568	0.00897	0.00809	0.01094	0.01354	0.37795	0.01434	0.00709	0.00457	0.00139	0.00442	0.03200	0.00261	0.00417
169	0.02790	0.00652	0.00817	0.00647	0.00898	0.00612	0.00527	0.13841	0.02316	0.53119	0.10678	0.01498	0.05170	0.00517	0.00380	0.00115	0.00305	0.00421	0.04122	0.00575
170	0.03997	0.09348	0.04178	0.01031	0.11840	0.13841	0.04620	0.25365	0.02321	0.08821	0.00904	0.01131	0.00729	0.00541	0.03856	0.00133	0.00477	0.06051	0.00280	0.00536
171	0.00909	0.00873	0.01496	0.09649	0.76307	0.00887	0.02099	0.01135	0.00845	0.01202	0.00703	0.00936	0.00586	0.00338	0.00373	0.00113	0.00453	0.00335	0.00184	0.00578
172	0.00536	0.00402	0.00603	0.00603	0.00670	0.00469	0.00469	0.00670	0.00603	0.00871	0.01005	0.01474	0.00938	0.02814	0.85328	0.00603	0.01005	0.00402	0.00201	0.00335
173	0.00991	0.40663	0.05400	0.00823	0.01046	0.16469	0.03247	0.01119	0.00776	0.00922	0.00602	0.02634	0.00560	0.00499	0.02665	0.00121	0.19693	0.01143	0.00175	0.00452
174	0.02857	0.02293	0.08470	0.02980	0.27452	0.11248	0.06231	0.10572	0.09582	0.08736	0.00929	0.04426	0.00747	0.00427	0.00374	0.00116	0.00452	0.01299	0.00260	0.00551
175	0.01546	0.00873	0.00984	0.00766	0.01050	0.06085	0.00628	0.32980	0.02482	0.45767	0.01191	0.01092	0.00787	0.00457	0.00385	0.00114	0.01429	0.00354	0.00409	0.00622
176	0.00457	0.00326	0.00435	0.00522	0.00544	0.00305	0.00348	0.00522	0.00718	0.00958	0.02068	0.86570	0.02481	0.01175	0.00479	0.00152	0.00218	0.01067	0.00348	0.00305
177	0.02544	0.00790	0.03073	0.00884	0.08589	0.03564	0.02750	0.14848	0.25744	0.06692	0.05659	0.09319	0.05165	0.00608	0.00404	0.00127	0.00345	0.08035	0.00342	0.00518
178	0.01077	0.07237	0.02269	0.02875	0.37991	0.21454	0.04817	0.07149	0.04950	0.02312	0.00748	0.02409	0.00621	0.00386	0.00377	0.00109	0.02146	0.00325	0.00215	0.00535
179	0.00536	0.00402	0.00603	0.00603	0.00670	0.00469	0.00469	0.00670	0.00603	0.00871	0.01005	0.01474	0.00938	0.02814	0.85328	0.00603	0.01005	0.00402	0.00201	0.00335
180	0.00804	0.01028	0.16189	0.36899	0.12299	0.02518	0.21463	0.01108	0.01980	0.01100	0.00706	0.00957	0.00533	0.00354	0.00388	0.00122	0.00536	0.00350	0.00177	0.00488
181	0.01060	0.48260	0.02800	0.00907	0.08517	0.19659	0.04291	0.02909	0.02368	0.01012	0.04606	0.00794	0.00658	0.00364	0.00299	0.00093	0.00465	0.00263	0.00192	0.00483
182	0.01478	0.00847	0.02144	0.00764	0.01049	0.00853	0.00636	0.42053	0.01384	0.37991	0.01157	0.01106	0.00784	0.01554	0.04282	0.00140	0.00401	0.00359	0.00401	0.00618
183	0.01159	0.01026	0.01634	0.01223	0.03149	0.01055	0.38908	0.42444	0.02522	0.01792	0.00840	0.00960	0.00613	0.00387	0.00407	0.00119	0.00514	0.00388	0.00286	0.00575
184	0.00467	0.00381	0.00413	0.00405	0.00521	0.00327	0.00304	0.00584	0.00911	0.01146	0.25497	0.03393	0.62544	0.00901	0.00443	0.00124	0.00187	0.00761	0.00366	0.00327
185	0.00931	0.00900	0.01512	0.03422	0.82327	0.01940	0.01145	0.01153	0.00855	0.01218	0.00704	0.00926	0.00592	0.00335	0.00371	0.00111	0.00449	0.00333	0.00186	0.00590
186	0.00514	0.00388	0.00475	0.00452	0.00552	0.00352	0.00340	0.00681	0.02038	0.01382	0.62977	0.02989	0.23859	0.00810	0.00442	0.00120	0.00182	0.00704	0.00396	0.00348
187	0.03752	0.00706	0.00944	0.00721	0.01015	0.00649	0.03609	0.11933	0.01142	0.69375	0.01358	0.01204	0.00867	0.00454	0.00376	0.00116	0.00342	0.00371	0.00438	0.00628
188	0.00914	0.00893	0.01428	0.01167	0.05509	0.00937	0.33631	0.01635	0.46518	0.01405	0.01179	0.01221	0.00888	0.00423	0.00406	0.00126	0.00439	0.00427	0.00295	0.00559
189	0.01426	0.01051	0.01126	0.00863	0.01163	0.01163	0.00713	0.83224	0.01764	0.02364	0.00901	0.00901	0.00638	0.00450	0.00375	0.00113	0.00413	0.00338	0.00375	0.00638
190	0.00457	0.00326	0.00435	0.00522	0.00544	0.00305	0.00348	0.00522	0.00718	0.00958	0.02068	0.86570	0.02481	0.01175	0.00479	0.00152	0.00218	0.01067	0.00348	0.00305
191	0.01677	0.00648	0.00877	0.00672	0.00963	0.00566	0.00555	0.03737	0.01090	0.82803	0.01467	0.01268	0.00922	0.00464	0.00377	0.00116	0.00321	0.00376	0.00462	0.00638
192	0.00538	0.00368	0.00438	0.00441	0.00455	0.00375	0.00269	0.00562	0.00568	0.00765	0.01255	0.05964	0.03268	0.68980	0.13891	0.00384	0.00446	0.00553	0.00232	0.00248
193	0.00457	0.00326	0.00435	0.00522	0.00544	0.00305	0.00348	0.00522	0.00718	0.00958	0.02068	0.86570	0.02481	0.01175	0.00479	0.00152	0.00218	0.01067	0.00348	0.00305
194	0.01401	0.01788	0.01063	0.00967	0.01160	0.85309	0.00725	0.01498	0.01063	0.00918	0.00580	0.00677	0.00483	0.00387	0.00338	0.00097	0.00677	0.00242	0.00193	0.00435
