[name]
unknown

[dist]
# distance from previous block
# <min> <max>
0	128

[block]
# block no. 0 follows, 70 sequences, length 37
# corresponding to MSA columns:
# 219-255
name=unknown_A
#
# <colnr> <probs for GDERKNQSTAVLIFYWHMCP>
#	G	D	E	R	K	N	Q	S	T	A	V	L	I	F	Y	W	H	M	C	P
0	0.00524	0.00418	0.00615	0.00610	0.00690	0.00386	0.07630	0.00632	0.00816	0.01081	0.11295	0.53451	0.14264	0.03244	0.00521	0.00153	0.00261	0.02721	0.00350	0.00340
1	0.01229	0.01066	0.01390	0.02212	0.08450	0.07576	0.18735	0.37450	0.11329	0.04079	0.00962	0.02064	0.00721	0.00436	0.00402	0.00121	0.00482	0.00386	0.00315	0.00597
2	0.00915	0.01046	0.02288	0.01634	0.02026	0.00980	0.82549	0.01242	0.00915	0.01242	0.00784	0.01046	0.00588	0.00327	0.00458	0.00131	0.00654	0.00458	0.00196	0.00523
3	0.00602	0.00403	0.00608	0.00598	0.00658	0.00386	0.05339	0.00638	0.00736	0.02505	0.11646	0.33708	0.04366	0.01203	0.04799	0.27009	0.00324	0.03877	0.00295	0.00299
4	0.01015	0.01081	0.01187	0.09458	0.08578	0.24712	0.09927	0.06117	0.04196	0.01190	0.07394	0.01346	0.03417	0.00551	0.01565	0.00133	0.12307	0.05113	0.00243	0.00469
5	0.00555	0.00413	0.00609	0.00609	0.00673	0.00477	0.00467	0.00683	0.00619	0.00890	0.01051	0.01594	0.01000	0.08771	0.79018	0.00606	0.00992	0.00426	0.00210	0.00338
6	0.01378	0.01751	0.08491	0.01036	0.03604	0.65773	0.00821	0.10456	0.01148	0.01147	0.00648	0.00743	0.00520	0.00402	0.00356	0.00104	0.00651	0.00267	0.00217	0.00488
7	0.01008	0.07554	0.20992	0.00988	0.01262	0.28334	0.08370	0.03058	0.00916	0.01094	0.03110	0.11207	0.00848	0.00520	0.00470	0.00122	0.09059	0.00402	0.00215	0.00473
8	0.01399	0.01737	0.01100	0.00991	0.01180	0.75321	0.00751	0.04451	0.01086	0.01002	0.00611	0.00728	0.00512	0.00453	0.01520	0.00112	0.06124	0.00261	0.00205	0.00454
9	0.00823	0.00729	0.01222	0.66505	0.16985	0.00857	0.01071	0.01071	0.00811	0.05189	0.00738	0.01035	0.00556	0.00385	0.00387	0.00126	0.00498	0.00347	0.00191	0.00475
10	0.09454	0.08208	0.00733	0.00609	0.03090	0.05683	0.00463	0.04088	0.03297	0.02873	0.23585	0.08421	0.22764	0.00738	0.00410	0.00124	0.00285	0.04431	0.00338	0.00405
11	0.07930	0.00740	0.00898	0.00819	0.06574	0.00750	0.00608	0.22757	0.04835	0.29780	0.01401	0.15561	0.02541	0.00606	0.00400	0.00127	0.00342	0.02379	0.00389	0.00565
12	0.00472	0.00337	0.00450	0.00540	0.00562	0.00315	0.00360	0.00540	0.00742	0.00990	0.02137	0.86122	0.02564	0.01215	0.00495	0.00157	0.00225	0.01102	0.00360	0.00315
13	0.05086	0.31522	0.03700	0.00881	0.08362	0.14000	0.02212	0.05979	0.00903	0.01128	0.02131	0.17654	0.01027	0.00559	0.00353	0.00113	0.00425	0.03259	0.00239	0.00467
14	0.00814	0.04752	0.07045	0.52716	0.06019	0.05467	0.04985	0.02296	0.00832	0.01083	0.00786	0.01160	0.00633	0.00417	0.00381	0.00124	0.00502	0.04180	0.05354	0.00454
15	0.13657	0.00827	0.01002	0.08270	0.01191	0.00878	0.04526	0.31586	0.02404	0.22528	0.01019	0.02236	0.00728	0.00496	0.00426	0.04537	0.00389	0.00356	0.02383	0.00562
16	0.00466	0.00385	0.00408	0.00419	0.00532	0.00328	0.00308	0.00565	0.00877	0.01070	0.08444	0.15082	0.67775	0.01003	0.00463	0.00134	0.00200	0.00850	0.00364	0.00328
17	0.02312	0.01331	0.12584	0.01042	0.05164	0.31071	0.10300	0.08271	0.07311	0.01251	0.03358	0.10675	0.02602	0.00515	0.00393	0.00119	0.00527	0.00427	0.00253	0.00493
18	0.01942	0.01018	0.09527	0.01160	0.10385	0.03842	0.17071	0.13907	0.09276	0.13226	0.02533	0.01195	0.03147	0.02823	0.00513	0.00133	0.07052	0.00399	0.00291	0.00560
19	0.01053	0.00695	0.00802	0.00690	0.00896	0.00728	0.00545	0.13779	0.28451	0.17820	0.18940	0.05501	0.05778	0.00626	0.00416	0.00127	0.00295	0.01900	0.00413	0.00546
20	0.01707	0.03265	0.06519	0.08660	0.04271	0.02239	0.09423	0.17699	0.03740	0.01448	0.11376	0.07125	0.16470	0.00629	0.00429	0.00127	0.01209	0.02881	0.00309	0.00475
21	0.05484	0.24676	0.19491	0.00843	0.01181	0.05239	0.06167	0.08961	0.05090	0.03845	0.02028	0.08402	0.00794	0.00453	0.00345	0.00110	0.00439	0.00362	0.00240	0.05851
22	0.00494	0.00375	0.00455	0.00512	0.00577	0.00345	0.00365	0.00598	0.02305	0.01028	0.02651	0.48955	0.27786	0.03491	0.00527	0.00157	0.00234	0.08464	0.00357	0.00326
23	0.00496	0.00370	0.00456	0.00511	0.00564	0.00345	0.00352	0.00602	0.03051	0.01034	0.06404	0.56171	0.18449	0.06786	0.00582	0.00165	0.00232	0.02751	0.00356	0.00324
24	0.08999	0.09917	0.02539	0.06357	0.04200	0.19932	0.08558	0.06115	0.05852	0.03017	0.00894	0.02607	0.02828	0.03477	0.09460	0.00178	0.04014	0.00354	0.00234	0.00468
25	0.02443	0.13886	0.40956	0.01120	0.05591	0.01922	0.13698	0.07463	0.00909	0.02163	0.00797	0.05869	0.00652	0.00414	0.00372	0.00119	0.00519	0.00357	0.00204	0.00545
26	0.00483	0.00354	0.00449	0.00515	0.00560	0.00326	0.00354	0.00562	0.00779	0.01021	0.06142	0.62765	0.15623	0.04621	0.00549	0.00161	0.00229	0.03831	0.00358	0.00317
27	0.00903	0.04648	0.03930	0.06804	0.11183	0.07186	0.13733	0.08954	0.07539	0.03237	0.07664	0.10688	0.08008	0.00578	0.00414	0.00125	0.00423	0.02359	0.01134	0.00490
28	0.01844	0.07756	0.18855	0.04309	0.03586	0.09648	0.03035	0.11430	0.12635	0.05935	0.03759	0.09048	0.02505	0.00527	0.00385	0.00122	0.00437	0.02138	0.01521	0.00526
29	0.00747	0.01547	0.56754	0.04951	0.01430	0.04188	0.01122	0.01093	0.00845	0.01201	0.10621	0.01351	0.03540	0.06953	0.00506	0.00142	0.00499	0.01799	0.00211	0.00500
30	0.01347	0.01651	0.01081	0.00972	0.01168	0.70578	0.03242	0.05493	0.01098	0.01036	0.00758	0.08284	0.00693	0.00473	0.00368	0.00107	0.00642	0.00337	0.00223	0.00450
31	0.08979	0.05229	0.17929	0.11302	0.19556	0.09836	0.03477	0.04108	0.02573	0.02675	0.02692	0.01051	0.04557	0.00413	0.00372	0.00116	0.01335	0.00337	0.00218	0.03246
32	0.01037	0.08500	0.24987	0.01118	0.07258	0.05689	0.14841	0.07437	0.05939	0.11164	0.03399	0.01093	0.03044	0.00425	0.00404	0.00120	0.02367	0.00365	0.00255	0.00557
33	0.00821	0.00757	0.01087	0.58418	0.04682	0.05009	0.00929	0.04382	0.05646	0.01094	0.00747	0.01026	0.00578	0.00450	0.00448	0.05625	0.00479	0.00336	0.00200	0.07287
34	0.00996	0.00820	0.00908	0.00714	0.03476	0.05571	0.00552	0.12280	0.00977	0.06414	0.00765	0.00852	0.00605	0.00340	0.00336	0.00076	0.02284	0.00263	0.00262	0.61509
35	0.00602	0.00512	0.00518	0.00509	0.00634	0.05534	0.00387	0.00779	0.05750	0.02742	0.19002	0.09220	0.45311	0.00896	0.00454	0.00132	0.00246	0.06038	0.00367	0.00366
36	0.00763	0.00784	0.04767	0.00741	0.00833	0.11737	0.03766	0.01794	0.00711	0.00922	0.01074	0.03609	0.05078	0.28141	0.16182	0.00300	0.17763	0.00456	0.00218	0.00360

[dist]
# distance from previous block
# <min> <max>
4	71

[block]
# block no. 1 follows, 70 sequences, length 14
# corresponding to MSA columns:
# 360-373
name=unknown_B
#
# <colnr> <probs for GDERKNQSTAVLIFYWHMCP>
#	G	D	E	R	K	N	Q	S	T	A	V	L	I	F	Y	W	H	M	C	P
0	0.03259	0.14851	0.19718	0.02063	0.10717	0.03307	0.06609	0.10232	0.05983	0.02306	0.00891	0.08681	0.00774	0.00459	0.00384	0.00115	0.02411	0.00380	0.00238	0.06623
1	0.00508	0.00358	0.00434	0.00479	0.00503	0.00341	0.00304	0.00551	0.00683	0.00899	0.01933	0.44982	0.09539	0.35422	0.01086	0.00243	0.00283	0.00860	0.00310	0.00284
2	0.01001	0.06237	0.11800	0.07319	0.25629	0.14332	0.04770	0.03348	0.02251	0.02494	0.00694	0.00894	0.00570	0.00469	0.02043	0.00132	0.14976	0.00322	0.00197	0.00524
3	0.00491	0.00383	0.00445	0.00453	0.00550	0.00338	0.00331	0.00611	0.00926	0.01203	0.29900	0.19767	0.41285	0.00965	0.00465	0.00133	0.00198	0.00836	0.00382	0.00338
4	0.00486	0.00343	0.00446	0.00522	0.00541	0.00324	0.00341	0.00543	0.00715	0.00954	0.01999	0.73548	0.02390	0.14026	0.00717	0.00190	0.00248	0.01021	0.00341	0.00303
5	0.03643	0.04383	0.11900	0.03102	0.40224	0.11891	0.13466	0.01278	0.04164	0.01227	0.00737	0.00919	0.00591	0.00360	0.00380	0.00116	0.00523	0.00337	0.00198	0.00560
6	0.00487	0.00366	0.00454	0.00503	0.00567	0.00329	0.00349	0.00574	0.00807	0.01060	0.09545	0.57499	0.20982	0.01095	0.00477	0.00145	0.00217	0.00975	0.00361	0.03208
7	0.01204	0.27094	0.05799	0.02902	0.05311	0.31960	0.05620	0.06344	0.00984	0.04563	0.00661	0.00770	0.00539	0.00390	0.00375	0.00104	0.04393	0.00274	0.00208	0.00503
8	0.00499	0.00364	0.00443	0.00481	0.00529	0.00337	0.00323	0.00575	0.00782	0.01031	0.13766	0.41790	0.17829	0.18496	0.00784	0.00192	0.00244	0.00882	0.00344	0.00308
9	0.00942	0.00905	0.01490	0.10344	0.66248	0.02756	0.03531	0.03135	0.00910	0.01272	0.04204	0.01044	0.00730	0.00372	0.00389	0.00117	0.00465	0.00362	0.00205	0.00580
10	0.03560	0.04082	0.00621	0.00581	0.00687	0.00523	0.00441	0.06688	0.07215	0.01211	0.05816	0.36222	0.14497	0.04818	0.00526	0.00155	0.00274	0.11355	0.00350	0.00380
11	0.27440	0.33605	0.07103	0.07668	0.02705	0.03529	0.00699	0.11028	0.00886	0.01381	0.00615	0.00718	0.00497	0.00366	0.00288	0.00106	0.00410	0.00246	0.00217	0.00494
12	0.36646	0.00889	0.00899	0.00754	0.00962	0.06604	0.02527	0.13445	0.03060	0.06361	0.00725	0.00880	0.00579	0.00464	0.00504	0.00127	0.17532	0.01951	0.00264	0.04826
13	0.07635	0.02854	0.02109	0.03724	0.18040	0.29921	0.01773	0.07095	0.05604	0.03071	0.01851	0.04591	0.00722	0.01658	0.00447	0.00120	0.06268	0.00345	0.00238	0.01934

[dist]
# distance from previous block
# <min> <max>
0	25

[block]
# block no. 2 follows, 70 sequences, length 59
# corresponding to MSA columns:
# 399-457
name=unknown_C
#
# <colnr> <probs for GDERKNQSTAVLIFYWHMCP>
#	G	D	E	R	K	N	Q	S	T	A	V	L	I	F	Y	W	H	M	C	P
0	0.03215	0.13964	0.02298	0.02707	0.14010	0.11431	0.02384	0.05430	0.04347	0.04393	0.09831	0.16903	0.02741	0.01585	0.00424	0.00124	0.02083	0.01381	0.00280	0.00471
1	0.09622	0.16391	0.03006	0.00723	0.03673	0.15806	0.00572	0.03857	0.02922	0.01222	0.14817	0.08770	0.08324	0.02365	0.02446	0.00134	0.00396	0.04243	0.00280	0.00429
2	0.02434	0.00682	0.00815	0.01876	0.02293	0.03041	0.03103	0.16074	0.10114	0.06982	0.09088	0.17062	0.04047	0.10874	0.00657	0.00164	0.04739	0.05157	0.00341	0.00457
3	0.03814	0.06058	0.12346	0.03054	0.03904	0.32860	0.06048	0.14859	0.07488	0.01340	0.00847	0.00930	0.02900	0.00424	0.00376	0.00113	0.01558	0.00318	0.00243	0.00521
4	0.02940	0.00359	0.00451	0.00524	0.00566	0.00337	0.00358	0.00566	0.00755	0.01015	0.02267	0.70247	0.11556	0.03303	0.00522	0.00159	0.00231	0.03171	0.00353	0.00318
5	0.02805	0.59564	0.07786	0.00863	0.01202	0.05506	0.00795	0.08703	0.01043	0.02430	0.00972	0.01115	0.04454	0.00523	0.00381	0.00133	0.00499	0.00331	0.00276	0.00617
6	0.01006	0.14260	0.03038	0.04729	0.57516	0.08921	0.02729	0.01214	0.00884	0.01171	0.00687	0.00885	0.00579	0.00350	0.00361	0.00110	0.00484	0.00316	0.00188	0.00572
7	0.01909	0.17250	0.15686	0.01221	0.17824	0.10028	0.05537	0.12644	0.07894	0.03747	0.00794	0.00891	0.00618	0.00393	0.00372	0.00112	0.01964	0.00314	0.00236	0.00565
8	0.02913	0.00814	0.00965	0.00762	0.01046	0.00827	0.00622	0.28158	0.12461	0.42770	0.01342	0.03555	0.00928	0.00500	0.00390	0.00121	0.00355	0.00400	0.00431	0.00640
9	0.00550	0.00458	0.02213	0.00542	0.00641	0.00419	0.00408	0.01840	0.08952	0.01136	0.07472	0.38340	0.27835	0.01043	0.01943	0.00152	0.00252	0.05078	0.00361	0.00364
10	0.05583	0.00824	0.00968	0.00760	0.01050	0.00838	0.00623	0.28324	0.11126	0.43790	0.01294	0.01176	0.00863	0.00475	0.00383	0.00120	0.00357	0.00374	0.00428	0.00643
11	0.01876	0.00972	0.01307	0.03406	0.29676	0.09532	0.09496	0.11067	0.11273	0.04259	0.03095	0.02666	0.03330	0.00464	0.00440	0.00123	0.04619	0.01576	0.00267	0.00555
12	0.00522	0.00389	0.00491	0.00555	0.00604	0.00379	0.00381	0.00693	0.08610	0.01076	0.05604	0.70876	0.06113	0.01121	0.00482	0.00152	0.00230	0.01009	0.00366	0.00346
13	0.00520	0.00359	0.00434	0.00474	0.00488	0.00347	0.00292	0.00553	0.00652	0.00865	0.01699	0.39916	0.03998	0.46174	0.01275	0.00272	0.00304	0.00811	0.00294	0.00273
14	0.00951	0.21252	0.17766	0.02153	0.12755	0.04348	0.02092	0.07572	0.02413	0.03618	0.03604	0.03284	0.05958	0.00480	0.00460	0.00118	0.10068	0.00362	0.00228	0.00518
15	0.02278	0.04903	0.11571	0.01122	0.12308	0.04501	0.08944	0.23645	0.08488	0.05708	0.04880	0.03336	0.00893	0.02548	0.00447	0.00127	0.02187	0.01257	0.00293	0.00564
16	0.00897	0.00911	0.01711	0.19714	0.40993	0.00927	0.26757	0.01164	0.00870	0.01200	0.00738	0.01002	0.00585	0.00348	0.00408	0.00123	0.00533	0.00380	0.00189	0.00547
17	0.02484	0.00442	0.00526	0.00518	0.00629	0.00410	0.00378	0.02697	0.03283	0.11273	0.12077	0.31755	0.25477	0.05563	0.00537	0.00150	0.00241	0.00803	0.00375	0.00381
18	0.06203	0.03188	0.06925	0.04538	0.07797	0.11858	0.06136	0.08461	0.14317	0.02283	0.03612	0.09051	0.06079	0.02358	0.00451	0.00132	0.02617	0.03219	0.00284	0.00492
19	0.02596	0.11206	0.01600	0.02694	0.09077	0.04344	0.28081	0.13963	0.06090	0.05963	0.02558	0.03858	0.00764	0.00434	0.00442	0.00122	0.05007	0.00401	0.00259	0.00541
20	0.01059	0.00669	0.00988	0.00788	0.01018	0.00637	0.14326	0.09913	0.05037	0.25324	0.14471	0.09821	0.10751	0.00629	0.00426	0.00126	0.00342	0.00563	0.02600	0.00511
21	0.09061	0.00574	0.02475	0.00715	0.05688	0.00550	0.04160	0.05872	0.04946	0.01316	0.14282	0.24949	0.16732	0.01935	0.00457	0.00139	0.00287	0.05117	0.00339	0.00405
22	0.04952	0.07159	0.04823	0.10821	0.30968	0.13626	0.10979	0.02085	0.00895	0.03782	0.00776	0.04722	0.00658	0.00406	0.00390	0.00117	0.01747	0.00362	0.00209	0.00525
23	0.00799	0.00775	0.01089	0.00948	0.00959	0.01067	0.00783	0.00891	0.00598	0.00925	0.00601	0.00977	0.00593	0.02260	0.14170	0.00243	0.71383	0.00354	0.00176	0.00409
24	0.00529	0.00352	0.00470	0.00547	0.00581	0.00326	0.00369	0.00600	0.00759	0.04721	0.02110	0.82320	0.02492	0.01182	0.00490	0.00156	0.00230	0.01070	0.00365	0.00330
25	0.03244	0.08940	0.03972	0.04889	0.10658	0.07269	0.01963	0.06504	0.04256	0.08009	0.07298	0.20598	0.04653	0.02719	0.00455	0.00131	0.02113	0.00551	0.01310	0.00467
26	0.01422	0.01299	0.01143	0.04795	0.06242	0.31400	0.00770	0.38135	0.01399	0.08424	0.00836	0.00885	0.00617	0.00432	0.00374	0.00111	0.00524	0.00316	0.00306	0.00570
27	0.00472	0.00338	0.00449	0.00537	0.00562	0.00315	0.00359	0.00540	0.00745	0.00991	0.02172	0.84489	0.04175	0.01210	0.00494	0.00157	0.00224	0.01096	0.00360	0.00315
28	0.00836	0.02089	0.03799	0.07055	0.40419	0.00824	0.19806	0.01067	0.00867	0.01190	0.01176	0.09454	0.08695	0.00489	0.00416	0.00125	0.00463	0.00486	0.00223	0.00522
29	0.00924	0.21726	0.13695	0.03504	0.21433	0.06354	0.00862	0.01197	0.06813	0.03823	0.07386	0.03050	0.06732	0.00465	0.00361	0.00112	0.00423	0.00382	0.00239	0.00520
30	0.00732	0.00689	0.01163	0.85444	0.02670	0.00861	0.01077	0.00991	0.00775	0.00991	0.00689	0.01034	0.00517	0.00388	0.00388	0.00129	0.00517	0.00345	0.00172	0.00431
31	0.00513	0.00394	0.00469	0.00453	0.00558	0.00350	0.00339	0.00662	0.01009	0.01352	0.51952	0.04894	0.33906	0.00873	0.00458	0.00126	0.00189	0.00753	0.00400	0.00350
32	0.00996	0.58854	0.02884	0.00762	0.01069	0.05484	0.08248	0.04775	0.00874	0.01037	0.00949	0.01081	0.08483	0.00423	0.00309	0.00097	0.00431	0.02553	0.00204	0.00486
33	0.01094	0.74749	0.01901	0.00710	0.01023	0.13188	0.00675	0.01215	0.00831	0.00917	0.00547	0.00633	0.00498	0.00341	0.00263	0.00085	0.00454	0.00213	0.00171	0.00491
34	0.00867	0.00745	0.00797	0.00722	0.02115	0.02727	0.00553	0.03834	0.49980	0.01521	0.12869	0.01803	0.08654	0.00583	0.00400	0.00123	0.00294	0.02115	0.00372	0.08928
35	0.01424	0.01166	0.01125	0.04686	0.01247	0.15605	0.00740	0.56977	0.05671	0.06112	0.00924	0.00940	0.00666	0.00454	0.00382	0.00115	0.00467	0.00338	0.00351	0.00611
36	0.01474	0.01086	0.01163	0.00892	0.01202	0.01202	0.00737	0.82664	0.01823	0.02443	0.00931	0.00931	0.00659	0.00465	0.00388	0.00116	0.00427	0.00349	0.00388	0.00659
37	0.00955	0.00918	0.01556	0.02319	0.80239	0.00933	0.01174	0.01178	0.00870	0.01252	0.00719	0.00955	0.00609	0.00360	0.00424	0.00118	0.04281	0.00345	0.00191	0.00606
38	0.00538	0.00396	0.00504	0.00477	0.00573	0.00361	0.00358	0.00711	0.01073	0.01496	0.74532	0.02992	0.12915	0.00814	0.00457	0.00123	0.00184	0.00715	0.00419	0.00361
39	0.00535	0.00364	0.00431	0.00460	0.00467	0.00356	0.00275	0.00556	0.00621	0.00827	0.01513	0.29130	0.01777	0.59281	0.01503	0.00306	0.00328	0.00735	0.00275	0.00260
40	0.00498	0.00394	0.00448	0.00434	0.00548	0.00344	0.00326	0.00633	0.00977	0.01269	0.38774	0.03366	0.48815	0.00899	0.00458	0.00127	0.00190	0.00767	0.00389	0.00344
41	0.00941	0.00788	0.00828	0.00748	0.00955	0.00907	0.00581	0.01950	0.75417	0.01605	0.01548	0.01446	0.01165	0.00519	0.00383	0.00128	0.00295	0.00431	0.08775	0.00590
42	0.89114	0.00750	0.00570	0.00510	0.00750	0.00870	0.00420	0.01140	0.00660	0.01739	0.00540	0.00630	0.00420	0.00360	0.00240	0.00120	0.00300	0.00210	0.00240	0.00420
43	0.01036	0.86609	0.02032	0.00663	0.00995	0.01534	0.00663	0.01161	0.00788	0.00912	0.00539	0.00622	0.00498	0.00332	0.00249	0.00083	0.00415	0.00207	0.00166	0.00498
44	0.00489	0.00352	0.00464	0.00525	0.00565	0.00327	0.00360	0.00583	0.00826	0.01118	0.20569	0.65373	0.04780	0.01114	0.00485	0.00149	0.00215	0.01005	0.00375	0.00327
45	0.01448	0.01848	0.01099	0.00999	0.01199	0.84819	0.00749	0.01548	0.01099	0.00949	0.00599	0.00699	0.00499	0.00400	0.00350	0.00100	0.00699	0.00250	0.00200	0.00449
46	0.01453	0.00891	0.01015	0.00803	0.01090	0.00942	0.00655	0.38725	0.19001	0.29303	0.01267	0.01170	0.00871	0.00483	0.00390	0.00121	0.00369	0.00382	0.00420	0.00650
47	0.89114	0.00750	0.00570	0.00510	0.00750	0.00870	0.00420	0.01140	0.00660	0.01739	0.00540	0.00630	0.00420	0.00360	0.00240	0.00120	0.00300	0.00210	0.00240	0.00420
48	0.00960	0.00921	0.01574	0.02380	0.83957	0.00921	0.01190	0.01190	0.00883	0.01267	0.00729	0.00960	0.00614	0.00345	0.00384	0.00115	0.00461	0.00345	0.00192	0.00614
49	0.01461	0.01079	0.01156	0.00889	0.01197	0.01196	0.00734	0.80583	0.03925	0.02422	0.00947	0.00944	0.00673	0.00467	0.00388	0.00117	0.00424	0.00351	0.00388	0.00658
50	0.01239	0.00940	0.00970	0.00816	0.01069	0.06297	0.00649	0.23473	0.44829	0.13383	0.01337	0.01244	0.00969	0.00495	0.00389	0.00124	0.00367	0.00396	0.00392	0.00622
51	0.00544	0.00367	0.00429	0.00449	0.00454	0.00362	0.00263	0.00558	0.00603	0.00804	0.01424	0.21035	0.01665	0.67528	0.01646	0.00328	0.00342	0.00683	0.00263	0.00253
52	0.00733	0.00373	0.00390	0.00382	0.00478	0.00367	0.00288	0.00913	0.00848	0.03640	0.09115	0.01580	0.01246	0.00485	0.00292	0.00094	0.00185	0.00394	0.77827	0.00370
53	0.01448	0.01848	0.01099	0.00999	0.01199	0.84819	0.00749	0.01548	0.01099	0.00949	0.00599	0.00699	0.00499	0.00400	0.00350	0.00100	0.00699	0.00250	0.00200	0.00449
54	0.02628	0.00793	0.01031	0.00936	0.11062	0.02071	0.00678	0.17349	0.01214	0.56144	0.01291	0.01183	0.00846	0.00458	0.00386	0.00118	0.00370	0.00372	0.00420	0.00648
55	0.00476	0.00339	0.00449	0.00535	0.00557	0.00317	0.00355	0.00541	0.00735	0.00980	0.02099	0.82677	0.02517	0.04725	0.00556	0.00166	0.00231	0.01080	0.00355	0.00312
56	0.00476	0.00340	0.00454	0.00544	0.00569	0.00318	0.00367	0.00547	0.00746	0.00994	0.02135	0.83966	0.02555	0.01211	0.00496	0.00158	0.00228	0.03219	0.00360	0.00316
57	0.00823	0.00830	0.06498	0.56791	0.21455	0.00870	0.02367	0.01085	0.00816	0.03756	0.00727	0.01012	0.00553	0.00379	0.00387	0.00125	0.00503	0.00344	0.00187	0.00491
58	0.00745	0.00697	0.01177	0.63196	0.14952	0.00821	0.02394	0.00983	0.00791	0.01037	0.00834	0.09114	0.00728	0.00459	0.00398	0.00130	0.00483	0.00419	0.00194	0.00449

[dist]
# distance from previous block
# <min> <max>
1	8

[block]
# block no. 3 follows, 70 sequences, length 19
# corresponding to MSA columns:
# 466-484
name=unknown_D
#
# <colnr> <probs for GDERKNQSTAVLIFYWHMCP>
#	G	D	E	R	K	N	Q	S	T	A	V	L	I	F	Y	W	H	M	C	P
0	0.00572	0.00446	0.00527	0.00531	0.00630	0.00436	0.00388	0.00845	0.13845	0.01286	0.29085	0.28189	0.19914	0.00919	0.00459	0.00136	0.00218	0.00807	0.00387	0.00381
1	0.00650	0.00469	0.00585	0.00618	0.00695	0.00472	0.00454	0.13471	0.00932	0.01240	0.01936	0.61934	0.02221	0.01078	0.00483	0.00154	0.00274	0.11596	0.00364	0.00375
2	0.00804	0.00689	0.00804	0.00574	0.00919	0.00517	0.00459	0.00976	0.00804	0.01263	0.00689	0.00804	0.00574	0.00287	0.00287	0.00057	0.00287	0.00230	0.00230	0.88745
3	0.00719	0.03858	0.52673	0.00886	0.01288	0.00751	0.01045	0.01097	0.03676	0.01336	0.27022	0.01492	0.01517	0.00507	0.00394	0.00122	0.00436	0.00421	0.00255	0.00507
4	0.01036	0.86609	0.02032	0.00663	0.00995	0.01534	0.00663	0.01161	0.00788	0.00912	0.00539	0.00622	0.00498	0.00332	0.00249	0.00083	0.00415	0.00207	0.00166	0.00498
5	0.00910	0.01079	0.05157	0.01615	0.02014	0.00978	0.79713	0.01241	0.00912	0.01241	0.00781	0.01038	0.00585	0.00328	0.00454	0.00130	0.00651	0.00452	0.00195	0.00525
6	0.00665	0.00646	0.01252	0.01017	0.01201	0.00605	0.36221	0.00846	0.00818	0.01100	0.01547	0.49001	0.01702	0.00827	0.00479	0.00146	0.00412	0.00821	0.00288	0.00406
7	0.00804	0.00689	0.00804	0.00574	0.00919	0.00517	0.00459	0.00976	0.00804	0.01263	0.00689	0.00804	0.00574	0.00287	0.00287	0.00057	0.00287	0.00230	0.00230	0.88745
8	0.00683	0.00358	0.00375	0.00389	0.00469	0.00354	0.00285	0.00846	0.00802	0.01374	0.01402	0.14742	0.01240	0.00571	0.00306	0.00101	0.00188	0.00478	0.74683	0.00354
9	0.00964	0.00833	0.00877	0.00789	0.01008	0.00964	0.00614	0.02060	0.83257	0.01622	0.01578	0.01446	0.01183	0.00526	0.00394	0.00131	0.00307	0.00438	0.00394	0.00614
10	0.01379	0.02970	0.03484	0.00969	0.03729	0.41069	0.00752	0.30207	0.04524	0.03562	0.00801	0.00887	0.00623	0.02838	0.00411	0.00116	0.00553	0.00308	0.00280	0.00539
11	0.00587	0.00439	0.00550	0.00518	0.00622	0.00425	0.00390	0.00859	0.09552	0.01533	0.70999	0.05333	0.05140	0.00782	0.00452	0.00124	0.00197	0.00689	0.00420	0.00389
12	0.00564	0.00376	0.00423	0.00423	0.00423	0.00376	0.00235	0.00564	0.00564	0.00752	0.01222	0.02537	0.01409	0.86375	0.01973	0.00376	0.00376	0.00564	0.00235	0.00235
13	0.00708	0.00390	0.00409	0.00397	0.00496	0.00386	0.00300	0.03411	0.00887	0.01470	0.12673	0.01751	0.05814	0.00527	0.00310	0.00098	0.00189	0.00432	0.68981	0.00369
14	0.00778	0.02005	0.84367	0.01105	0.01678	0.00900	0.01432	0.01228	0.00818	0.01228	0.00696	0.00818	0.00491	0.00368	0.00368	0.00123	0.00573	0.00286	0.00164	0.00573
15	0.00513	0.00392	0.00451	0.00438	0.00532	0.00351	0.00316	0.00632	0.00925	0.01218	0.37644	0.03186	0.36585	0.14310	0.00696	0.00166	0.00219	0.00728	0.00369	0.00329
16	0.00520	0.00430	0.00561	0.16425	0.00939	0.00426	0.00464	0.00639	0.00814	0.01026	0.05329	0.30543	0.36153	0.03337	0.00500	0.00146	0.00271	0.00812	0.00323	0.00341
17	0.00942	0.42805	0.27930	0.00873	0.01223	0.04766	0.00939	0.01162	0.00780	0.01017	0.00586	0.00723	0.00497	0.00401	0.00452	0.00110	0.13864	0.00255	0.00167	0.00508
18	0.01396	0.00629	0.00823	0.00658	0.00906	0.00576	0.00533	0.06375	0.03875	0.54917	0.15841	0.01575	0.01413	0.00631	0.03932	0.00139	0.00335	0.00440	0.02164	0.02842

[dist]
# distance from previous block
# <min> <max>
3	5

[block]
# block no. 4 follows, 70 sequences, length 13
# corresponding to MSA columns:
# 490-502
name=unknown_E
#
# <colnr> <probs for GDERKNQSTAVLIFYWHMCP>
#	G	D	E	R	K	N	Q	S	T	A	V	L	I	F	Y	W	H	M	C	P
0	0.06976	0.12257	0.05674	0.05632	0.04187	0.28319	0.00768	0.06197	0.06769	0.02703	0.00760	0.00954	0.00636	0.00569	0.04575	0.00141	0.09664	0.02508	0.00226	0.00483
1	0.27388	0.10449	0.04391	0.00969	0.09655	0.22548	0.04014	0.09316	0.00938	0.01382	0.00642	0.00765	0.00519	0.00453	0.02627	0.00125	0.02837	0.00270	0.00224	0.00488
2	0.00652	0.00534	0.00744	0.03247	0.15227	0.00514	0.01957	0.03020	0.02878	0.02391	0.24206	0.12884	0.24591	0.00794	0.00447	0.00131	0.00278	0.04749	0.00344	0.00414
3	0.00835	0.01780	0.68928	0.01075	0.01606	0.00859	0.06102	0.01241	0.00837	0.05290	0.00741	0.00855	0.00526	0.00365	0.00368	0.00118	0.00544	0.00297	0.00186	0.07446
4	0.00792	0.01780	0.67358	0.07741	0.01800	0.00908	0.11810	0.01211	0.00828	0.01211	0.00707	0.00864	0.00506	0.00364	0.00381	0.00124	0.00579	0.00313	0.00169	0.00555
5	0.00533	0.00396	0.00497	0.00472	0.00570	0.00359	0.00354	0.00702	0.01061	0.01469	0.70340	0.03036	0.17124	0.00824	0.00457	0.00123	0.00185	0.00721	0.00416	0.00359
6	0.00848	0.00848	0.01187	0.01018	0.01018	0.01187	0.00848	0.00933	0.00594	0.00933	0.00509	0.00848	0.00509	0.00679	0.01272	0.00170	0.85666	0.00339	0.00170	0.00424
7	0.01739	0.00660	0.00900	0.00690	0.00990	0.00570	0.00570	0.01889	0.01110	0.84226	0.01529	0.01320	0.00960	0.00480	0.00390	0.00120	0.00330	0.00390	0.00480	0.00660
8	0.00498	0.00391	0.00447	0.00439	0.00545	0.00344	0.00325	0.00626	0.00954	0.01241	0.35971	0.07342	0.45262	0.03280	0.00502	0.00135	0.00197	0.00778	0.00383	0.00340
9	0.03629	0.00723	0.00897	0.03347	0.11486	0.00648	0.00586	0.06162	0.07079	0.01358	0.00885	0.06659	0.00770	0.00396	0.00329	0.00086	0.00319	0.00333	0.02686	0.51622
10	0.00667	0.00568	0.00734	0.00897	0.17688	0.02159	0.00551	0.00855	0.05949	0.03469	0.05326	0.17054	0.36736	0.00825	0.00465	0.00133	0.02632	0.02547	0.00325	0.00418
11	0.29755	0.08431	0.13462	0.03100	0.04756	0.06511	0.00731	0.11635	0.07347	0.06925	0.00809	0.02340	0.00624	0.00446	0.01507	0.00124	0.00418	0.00299	0.00264	0.00519
12	0.05241	0.00763	0.02377	0.06779	0.10639	0.05762	0.03991	0.12123	0.05421	0.03603	0.15810	0.07988	0.07948	0.00622	0.01276	0.00127	0.00364	0.02364	0.04312	0.02490

[dist]
# distance from previous block
# <min> <max>
0	19

[block]
# block no. 5 follows, 70 sequences, length 24
# corresponding to MSA columns:
# 527-550
name=unknown_F
#
# <colnr> <probs for GDERKNQSTAVLIFYWHMCP>
#	G	D	E	R	K	N	Q	S	T	A	V	L	I	F	Y	W	H	M	C	P
0	0.00956	0.05331	0.14314	0.00860	0.05339	0.00734	0.04989	0.02694	0.13428	0.16936	0.14886	0.04914	0.05380	0.02381	0.00460	0.00131	0.02310	0.03106	0.00333	0.00519
1	0.00554	0.00415	0.00623	0.00623	0.00692	0.00485	0.00485	0.00692	0.00623	0.00900	0.01038	0.01523	0.00969	0.02908	0.84839	0.00623	0.01038	0.00415	0.00208	0.00346
2	0.01281	0.27908	0.01380	0.00909	0.03059	0.51758	0.00720	0.04029	0.01015	0.01004	0.01927	0.02084	0.00589	0.00399	0.00325	0.00097	0.00581	0.00263	0.00201	0.00472
3	0.00627	0.00543	0.00694	0.07704	0.07492	0.00520	0.03647	0.07429	0.00953	0.01186	0.02983	0.02970	0.57897	0.00816	0.00443	0.00130	0.00285	0.02960	0.00327	0.00394
4	0.03499	0.02194	0.01229	0.30887	0.16165	0.09677	0.07914	0.04080	0.00862	0.04617	0.00811	0.03644	0.00693	0.07492	0.00557	0.00145	0.04467	0.00381	0.00214	0.00472
5	0.01102	0.56935	0.08568	0.00814	0.02813	0.16621	0.00760	0.04596	0.00887	0.01016	0.00582	0.00677	0.00507	0.00361	0.00309	0.00093	0.02441	0.00233	0.00182	0.00502
6	0.00819	0.01361	0.40741	0.07308	0.16511	0.00844	0.05963	0.02866	0.02747	0.02078	0.01976	0.06356	0.02095	0.00441	0.00402	0.00122	0.02009	0.00381	0.00207	0.04774
7	0.01244	0.05032	0.01139	0.07718	0.05224	0.08526	0.00751	0.40142	0.19691	0.03515	0.01030	0.01089	0.00775	0.00466	0.00382	0.00119	0.00429	0.01795	0.00337	0.00597
8	0.01026	0.00864	0.00911	0.00801	0.01032	0.00993	0.00629	0.11859	0.73357	0.01722	0.01499	0.01384	0.01120	0.00519	0.00394	0.00130	0.00321	0.00427	0.00394	0.00619
9	0.00554	0.00414	0.00614	0.00614	0.00681	0.00480	0.00474	0.00687	0.00620	0.00894	0.01046	0.01567	0.00988	0.06509	0.81264	0.00612	0.01010	0.00422	0.00209	0.00341
10	0.00872	0.13656	0.39735	0.09832	0.13405	0.04355	0.07900	0.01204	0.02027	0.01157	0.00743	0.00900	0.01797	0.00371	0.00364	0.00117	0.00531	0.00312	0.00179	0.00541
11	0.00620	0.03767	0.00641	0.00626	0.06752	0.00485	0.00434	0.01876	0.05687	0.02809	0.35834	0.04585	0.32840	0.00796	0.00439	0.00124	0.00231	0.00683	0.00372	0.00397
12	0.00623	0.00519	0.02405	0.00618	0.00653	0.00584	0.00461	0.00697	0.00614	0.00874	0.04492	0.01886	0.01177	0.40078	0.24795	0.00386	0.18121	0.00476	0.00220	0.00317
13	0.02839	0.03953	0.04898	0.00818	0.05830	0.05194	0.02321	0.13797	0.06535	0.05403	0.00831	0.01688	0.00654	0.00366	0.00331	0.00088	0.00369	0.00292	0.00269	0.43525
14	0.00475	0.00350	0.00446	0.00518	0.00561	0.00321	0.00354	0.00553	0.00778	0.01019	0.04806	0.68898	0.15726	0.01162	0.00489	0.00152	0.00221	0.02491	0.00362	0.00319
15	0.10253	0.12096	0.18090	0.01328	0.26012	0.06020	0.02942	0.09878	0.07356	0.01395	0.00759	0.00875	0.00596	0.00379	0.00349	0.00114	0.00464	0.00306	0.00225	0.00563
16	0.00997	0.21103	0.27708	0.02576	0.10778	0.04166	0.11110	0.06651	0.03259	0.05516	0.00777	0.00928	0.00604	0.00382	0.00359	0.00114	0.00504	0.01697	0.00214	0.00555
17	0.00475	0.00341	0.00452	0.00540	0.00567	0.00318	0.00364	0.00546	0.00749	0.00995	0.02176	0.82454	0.04411	0.01206	0.00495	0.00157	0.00227	0.02851	0.00360	0.00316
18	0.00923	0.16152	0.42704	0.00990	0.05516	0.04876	0.01052	0.07883	0.00910	0.01268	0.00684	0.00793	0.00525	0.00358	0.00337	0.00104	0.00491	0.00271	0.00196	0.13967
19	0.02321	0.35767	0.20619	0.04125	0.04783	0.06043	0.04022	0.09877	0.03853	0.01218	0.00679	0.00788	0.00546	0.00380	0.00357	0.00107	0.03504	0.00276	0.00203	0.00533
20	0.00474	0.00345	0.00448	0.00525	0.00560	0.00318	0.00355	0.00549	0.00769	0.01018	0.05731	0.75553	0.09572	0.01177	0.00490	0.00154	0.00221	0.01061	0.00363	0.00318
21	0.00582	0.00406	0.00529	0.00501	0.00599	0.00374	0.00381	0.00761	0.01081	0.03802	0.74829	0.02951	0.06365	0.00804	0.00459	0.00125	0.00196	0.04464	0.00423	0.00372
22	0.02594	0.00663	0.01780	0.00725	0.00848	0.07537	0.03757	0.02311	0.08627	0.01066	0.03325	0.05199	0.01031	0.03662	0.47140	0.00406	0.05384	0.00430	0.00240	0.03273
23	0.00906	0.20897	0.25973	0.12330	0.09604	0.01075	0.16855	0.04630	0.00870	0.01178	0.00687	0.00864	0.00534	0.00361	0.00376	0.00116	0.01710	0.00318	0.00184	0.00533

[dist]
# distance from previous block
# <min> <max>
0	3

[block]
# block no. 6 follows, 70 sequences, length 14
# corresponding to MSA columns:
# 554-567
name=unknown_G
#
# <colnr> <probs for GDERKNQSTAVLIFYWHMCP>
#	G	D	E	R	K	N	Q	S	T	A	V	L	I	F	Y	W	H	M	C	P
0	0.01180	0.01031	0.00983	0.00883	0.06076	0.22394	0.04501	0.22692	0.01187	0.06464	0.05381	0.01153	0.00877	0.02911	0.00404	0.00114	0.00436	0.00355	0.17945	0.03033
1	0.03810	0.48948	0.22813	0.00866	0.04412	0.04623	0.00878	0.05252	0.03197	0.01130	0.00638	0.00727	0.00525	0.00357	0.00299	0.00099	0.00462	0.00248	0.00187	0.00528
2	0.00874	0.00902	0.06521	0.12674	0.38750	0.02987	0.00976	0.03495	0.08685	0.01229	0.01055	0.07919	0.04810	0.00500	0.00463	0.00127	0.06838	0.00431	0.00232	0.00532
3	0.00561	0.00407	0.00595	0.00595	0.00653	0.00465	0.00450	0.00669	0.00611	0.00872	0.01041	0.01619	0.01004	0.12120	0.71581	0.04865	0.00931	0.00428	0.00209	0.00325
4	0.09358	0.00877	0.01053	0.00952	0.09592	0.00937	0.03035	0.39400	0.01329	0.12283	0.03993	0.01342	0.07411	0.00519	0.00423	0.00123	0.03734	0.02714	0.00350	0.00575
5	0.00823	0.00595	0.00681	0.00725	0.00797	0.00522	0.00486	0.00794	0.00959	0.01282	0.02635	0.55355	0.20046	0.05381	0.00754	0.05859	0.00349	0.01034	0.00444	0.00477
6	0.00470	0.00347	0.00440	0.00514	0.00556	0.00317	0.00348	0.00543	0.00767	0.01000	0.02451	0.71660	0.16823	0.01174	0.00488	0.00153	0.00220	0.01052	0.00360	0.00317
7	0.00856	0.00798	0.01316	0.01928	0.64389	0.00788	0.00991	0.01068	0.00915	0.01292	0.13597	0.01483	0.07967	0.00466	0.00401	0.00117	0.00397	0.00439	0.00241	0.00553
8	0.00521	0.00395	0.00481	0.00459	0.00562	0.00354	0.00344	0.00679	0.01033	0.01402	0.59763	0.03147	0.27743	0.00849	0.00458	0.00125	0.00187	0.00736	0.00407	0.00354
9	0.00554	0.00414	0.00614	0.00614	0.00680	0.00480	0.00473	0.00686	0.00620	0.00893	0.01047	0.01569	0.00989	0.06707	0.81067	0.00612	0.01008	0.00422	0.00209	0.00341
10	0.00532	0.00406	0.00480	0.00470	0.00573	0.00371	0.00349	0.00711	0.04214	0.01331	0.44101	0.11062	0.30135	0.00878	0.00454	0.00128	0.00196	0.00760	0.02491	0.00358
11	0.00957	0.01151	0.11129	0.04522	0.21494	0.23424	0.00861	0.01166	0.03374	0.02333	0.04255	0.15021	0.02015	0.00605	0.02093	0.00133	0.04286	0.00461	0.00238	0.00482
12	0.01005	0.76265	0.12098	0.00717	0.01079	0.01457	0.00757	0.01169	0.00791	0.00951	0.00558	0.00646	0.00497	0.00336	0.00263	0.00088	0.00434	0.00217	0.00166	0.00507
13	0.02894	0.25161	0.01371	0.03208	0.06348	0.26040	0.03186	0.06859	0.07373	0.01165	0.04643	0.00919	0.00733	0.00485	0.02414	0.00120	0.06057	0.00304	0.00227	0.00493

[dist]
# distance from previous block
# <min> <max>
0	8

[block]
# block no. 7 follows, 70 sequences, length 120
# corresponding to MSA columns:
# 576-695
name=unknown_H
#
# <colnr> <probs for GDERKNQSTAVLIFYWHMCP>
#	G	D	E	R	K	N	Q	S	T	A	V	L	I	F	Y	W	H	M	C	P
0	0.03104	0.00695	0.02602	0.68988	0.03370	0.00816	0.00982	0.03115	0.00819	0.01084	0.04297	0.03516	0.02921	0.00453	0.00393	0.00130	0.00476	0.01603	0.00203	0.00432
1	0.01036	0.00899	0.04449	0.03170	0.05514	0.04502	0.00644	0.17865	0.07322	0.05884	0.00849	0.00917	0.00652	0.00366	0.00335	0.00088	0.00365	0.00291	0.00280	0.44571
2	0.00950	0.00666	0.00834	0.00816	0.10248	0.05041	0.03188	0.01130	0.04088	0.18990	0.11200	0.04753	0.12901	0.09893	0.00567	0.00141	0.00333	0.00498	0.00329	0.13433
3	0.00892	0.14586	0.50611	0.01098	0.01575	0.02347	0.14476	0.03078	0.03807	0.02933	0.00739	0.00859	0.00546	0.00367	0.00366	0.00118	0.00546	0.00311	0.00190	0.00557
4	0.00916	0.02475	0.18193	0.02505	0.14622	0.02069	0.20961	0.07692	0.05878	0.02656	0.00878	0.05478	0.00730	0.00562	0.04284	0.00151	0.08781	0.00407	0.00227	0.00535
5	0.01474	0.01086	0.01163	0.00892	0.01202	0.01202	0.00737	0.82664	0.01823	0.02443	0.00931	0.00931	0.00659	0.00465	0.00388	0.00116	0.00427	0.00349	0.00388	0.00659
6	0.00471	0.00342	0.00445	0.00528	0.00559	0.00316	0.00355	0.00541	0.00754	0.00994	0.02279	0.79556	0.09038	0.01196	0.00492	0.00155	0.00223	0.01079	0.00360	0.00316
7	0.00472	0.00337	0.00450	0.00540	0.00562	0.00315	0.00360	0.00540	0.00742	0.00990	0.02137	0.86122	0.02564	0.01215	0.00495	0.00157	0.00225	0.01102	0.00360	0.00315
8	0.03493	0.00795	0.01266	0.44513	0.25654	0.00936	0.01045	0.04547	0.00824	0.01147	0.00683	0.00972	0.00547	0.00416	0.00497	0.00130	0.11515	0.00340	0.00189	0.00492
9	0.01448	0.01848	0.01099	0.00999	0.01199	0.84819	0.00749	0.01548	0.01099	0.00949	0.00599	0.00699	0.00499	0.00400	0.00350	0.00100	0.00699	0.00250	0.00200	0.00449
10	0.86869	0.00778	0.00583	0.00522	0.00761	0.03020	0.00428	0.01150	0.00671	0.01719	0.00541	0.00632	0.00422	0.00361	0.00243	0.00119	0.00310	0.00211	0.00239	0.00421
11	0.00666	0.00526	0.00601	0.00558	0.00697	0.00534	0.00426	0.01096	0.24884	0.02525	0.42546	0.02626	0.19293	0.00750	0.00438	0.00127	0.00223	0.00645	0.00404	0.00434
12	0.00655	0.00425	0.00526	0.00488	0.00614	0.00379	0.00374	0.00809	0.01030	0.10480	0.48959	0.03008	0.27083	0.00821	0.00452	0.00126	0.00208	0.02767	0.00411	0.00386
13	0.01060	0.81706	0.01978	0.00683	0.01007	0.06351	0.00668	0.01183	0.00806	0.00914	0.00542	0.00626	0.00498	0.00336	0.00255	0.00084	0.00431	0.00210	0.00168	0.00495
14	0.00490	0.00398	0.00401	0.00399	0.00527	0.00341	0.00299	0.00613	0.02238	0.01099	0.05392	0.03493	0.74119	0.00928	0.00442	0.00127	0.00197	0.00773	0.07388	0.00336
15	0.01327	0.00916	0.01178	0.05827	0.20855	0.00965	0.00813	0.40599	0.01369	0.16962	0.00993	0.01036	0.00710	0.00435	0.00382	0.00116	0.00411	0.00356	0.04126	0.00623
16	0.00478	0.00343	0.00455	0.00534	0.00563	0.00319	0.00360	0.00555	0.00772	0.01035	0.08663	0.78488	0.03639	0.01178	0.00491	0.00154	0.00221	0.01067	0.00365	0.00319
17	0.00462	0.00394	0.00398	0.00399	0.00529	0.00330	0.00301	0.00563	0.00887	0.01056	0.04958	0.03730	0.81425	0.00981	0.00459	0.00132	0.00199	0.02109	0.00361	0.00328
18	0.01036	0.86609	0.02032	0.00663	0.00995	0.01534	0.00663	0.01161	0.00788	0.00912	0.00539	0.00622	0.00498	0.00332	0.00249	0.00083	0.00415	0.00207	0.00166	0.00498
19	0.04449	0.00863	0.01013	0.00779	0.01082	0.00876	0.00643	0.39774	0.01430	0.43168	0.01216	0.01115	0.00801	0.00469	0.00384	0.00118	0.00374	0.00365	0.00429	0.00652
20	0.00804	0.00689	0.00804	0.00574	0.00919	0.00517	0.00459	0.00976	0.00804	0.01263	0.00689	0.00804	0.00574	0.00287	0.00287	0.00057	0.00287	0.00230	0.00230	0.88745
21	0.89114	0.00750	0.00570	0.00510	0.00750	0.00870	0.00420	0.01140	0.00660	0.01739	0.00540	0.00630	0.00420	0.00360	0.00240	0.00120	0.00300	0.00210	0.00240	0.00420
22	0.00472	0.00337	0.00450	0.00540	0.00562	0.00315	0.00360	0.00540	0.00742	0.00990	0.02137	0.86122	0.02564	0.01215	0.00495	0.00157	0.00225	0.01102	0.00360	0.00315
23	0.01448	0.01848	0.01099	0.00999	0.01199	0.84819	0.00749	0.01548	0.01099	0.00949	0.00599	0.00699	0.00499	0.00400	0.00350	0.00100	0.00699	0.00250	0.00200	0.00449
24	0.00574	0.00416	0.00570	0.00649	0.01829	0.00404	0.00517	0.00724	0.00885	0.01174	0.14226	0.24352	0.05307	0.01052	0.00509	0.00162	0.00294	0.45637	0.00366	0.00350
25	0.01050	0.83859	0.02001	0.00674	0.01002	0.04236	0.00666	0.01173	0.00798	0.00913	0.00541	0.00624	0.00498	0.00334	0.00252	0.00083	0.00424	0.00209	0.00167	0.00496
26	0.01364	0.10149	0.01212	0.00842	0.01138	0.01181	0.00704	0.68543	0.01656	0.02208	0.04469	0.02980	0.00815	0.00483	0.00378	0.00114	0.00410	0.00367	0.00365	0.00621
27	0.00556	0.04096	0.00591	0.00538	0.00620	0.00459	0.00407	0.00671	0.00751	0.01011	0.12779	0.07821	0.16100	0.13181	0.34869	0.00364	0.00578	0.03991	0.00282	0.00335
28	0.00879	0.00963	0.01972	0.01578	0.11264	0.00937	0.60421	0.01157	0.00881	0.01204	0.00959	0.03464	0.05018	0.00414	0.00512	0.00133	0.07054	0.00472	0.00207	0.00510
29	0.00964	0.00833	0.00877	0.00789	0.01008	0.00964	0.00614	0.02060	0.83257	0.01622	0.01578	0.01446	0.01183	0.00526	0.00394	0.00131	0.00307	0.00438	0.00394	0.00614
30	0.01091	0.00902	0.00974	0.00841	0.01076	0.07596	0.04984	0.05221	0.57114	0.10400	0.01444	0.01440	0.01091	0.00518	0.00399	0.00129	0.00366	0.03445	0.00376	0.00593
31	0.00882	0.08313	0.41551	0.01277	0.01748	0.00975	0.34872	0.01247	0.00864	0.03527	0.00743	0.00911	0.00545	0.00351	0.00396	0.00123	0.00587	0.00354	0.00186	0.00549
32	0.00533	0.00391	0.00500	0.00482	0.00572	0.00358	0.00358	0.00698	0.01046	0.01456	0.68791	0.09669	0.12009	0.00846	0.00460	0.00126	0.00188	0.00746	0.00414	0.00358
33	0.00574	0.00393	0.00482	0.00514	0.00541	0.00391	0.00355	0.00629	0.00671	0.00886	0.01530	0.09797	0.01734	0.55439	0.01448	0.00303	0.00358	0.23398	0.00279	0.00276
34	0.05261	0.00996	0.01088	0.00840	0.01143	0.01080	0.00693	0.63938	0.03917	0.15546	0.01028	0.00995	0.00712	0.00465	0.00382	0.00118	0.00402	0.00352	0.00396	0.00648
35	0.00754	0.00711	0.01202	0.77491	0.10453	0.00867	0.01087	0.01010	0.00785	0.01017	0.00693	0.01026	0.00526	0.00384	0.00387	0.00128	0.00511	0.00345	0.00174	0.00448
36	0.00909	0.01091	0.06185	0.01609	0.02010	0.00977	0.78697	0.01241	0.00910	0.01241	0.00780	0.01035	0.00584	0.00329	0.00453	0.00130	0.00650	0.00449	0.00195	0.00525
37	0.00780	0.01986	0.82671	0.01116	0.01685	0.00902	0.03108	0.01228	0.00820	0.01228	0.00698	0.00823	0.00493	0.00367	0.00370	0.00123	0.00575	0.00290	0.00164	0.00572
38	0.00792	0.01912	0.77713	0.01080	0.01625	0.00905	0.01367	0.01294	0.07388	0.01259	0.00766	0.00869	0.00546	0.00381	0.00370	0.00123	0.00552	0.00299	0.00182	0.00576
39	0.00458	0.00393	0.00393	0.00393	0.00524	0.00327	0.00295	0.00556	0.00884	0.01047	0.03927	0.03731	0.83800	0.00982	0.00458	0.00131	0.00196	0.00818	0.00360	0.00327
40	0.01036	0.86609	0.02032	0.00663	0.00995	0.01534	0.00663	0.01161	0.00788	0.00912	0.00539	0.00622	0.00498	0.00332	0.00249	0.00083	0.00415	0.00207	0.00166	0.00498
41	0.00488	0.00348	0.00467	0.00553	0.00584	0.00328	0.00383	0.00568	0.00765	0.01020	0.04410	0.76762	0.02566	0.01190	0.00497	0.00158	0.00235	0.07997	0.00361	0.00320
42	0.00538	0.00396	0.00503	0.00476	0.00572	0.00361	0.00357	0.00711	0.01072	0.01494	0.74144	0.02996	0.13305	0.00815	0.00457	0.00123	0.00185	0.00715	0.00419	0.00361
43	0.00506	0.00395	0.00459	0.00443	0.00553	0.00347	0.00332	0.00648	0.00996	0.01313	0.45797	0.03293	0.41764	0.00883	0.00458	0.00126	0.00189	0.00757	0.00395	0.00347
44	0.00564	0.00376	0.00423	0.00423	0.00423	0.00376	0.00235	0.00564	0.00564	0.00752	0.01222	0.02537	0.01409	0.86375	0.01973	0.00376	0.00376	0.00564	0.00235	0.00235
45	0.00547	0.00396	0.00516	0.00486	0.00578	0.00365	0.00365	0.00729	0.01094	0.01547	0.82484	0.02909	0.04931	0.00796	0.00457	0.00122	0.00183	0.00703	0.00426	0.00365
46	0.00545	0.00395	0.00514	0.00486	0.00577	0.00364	0.00364	0.00724	0.01086	0.01533	0.80419	0.04232	0.05693	0.00804	0.00458	0.00123	0.00184	0.00710	0.00424	0.00364
47	0.01449	0.03072	0.01135	0.00960	0.01196	0.57538	0.00744	0.26615	0.01317	0.01410	0.00701	0.00769	0.00549	0.00419	0.00360	0.00105	0.00610	0.00280	0.00257	0.00515
48	0.01694	0.00733	0.00945	0.00725	0.01026	0.00679	0.00599	0.15793	0.01232	0.70149	0.01426	0.01253	0.00908	0.00477	0.00390	0.00119	0.00347	0.00383	0.00464	0.00660
49	0.00816	0.01908	0.77694	0.01104	0.03052	0.00893	0.01375	0.01274	0.03503	0.03765	0.00750	0.00857	0.00530	0.00376	0.00370	0.00123	0.00555	0.00296	0.00181	0.00578
50	0.01436	0.04425	0.01127	0.00989	0.01192	0.82286	0.00746	0.01536	0.01089	0.00948	0.00597	0.00697	0.00499	0.00397	0.00346	0.00099	0.00690	0.00248	0.00199	0.00451
51	0.00872	0.00937	0.01746	0.01329	0.01536	0.01052	0.43960	0.01084	0.00768	0.01098	0.00704	0.03546	0.00613	0.00509	0.00819	0.00149	0.38193	0.00425	0.00189	0.00473
52	0.00514	0.00357	0.00436	0.00482	0.00498	0.00343	0.00301	0.00551	0.00666	0.00883	0.01778	0.45388	0.04674	0.39986	0.01167	0.00256	0.00293	0.00848	0.00303	0.00279
