[name]
unknown

[dist]
# distance from previous block
# <min> <max>
0	45

[block]
# block no. 0 follows, 61 sequences, length 9
# corresponding to MSA columns:
# 46-54
name=unknown_A
#
# <colnr> <probs for GDERKNQSTAVLIFYWHMCP>
#	G	D	E	R	K	N	Q	S	T	A	V	L	I	F	Y	W	H	M	C	P
0	0.00592	0.00418	0.00532	0.00584	0.00658	0.00383	0.00421	0.00706	0.00939	0.03651	0.14335	0.48005	0.17584	0.01194	0.00537	0.00165	0.00254	0.08252	0.00414	0.00376
1	0.01423	0.08682	0.03789	0.01000	0.03841	0.09824	0.04276	0.33842	0.07364	0.11540	0.06488	0.01214	0.00990	0.00507	0.00418	0.00125	0.00476	0.00400	0.00373	0.03426
2	0.00919	0.02981	0.02524	0.00841	0.07163	0.00742	0.00609	0.16610	0.09568	0.03405	0.21246	0.14624	0.13293	0.00801	0.00471	0.00140	0.00322	0.00686	0.02535	0.00521
3	0.00555	0.00412	0.00501	0.00529	0.00606	0.00372	0.00372	0.00658	0.00950	0.01249	0.22712	0.32950	0.26646	0.05324	0.00653	0.03551	0.00242	0.00956	0.00403	0.00357
4	0.02931	0.00575	0.00729	0.00663	0.00842	0.00536	0.00505	0.03059	0.05821	0.30214	0.10722	0.30865	0.08938	0.00903	0.00485	0.00150	0.00296	0.00785	0.00455	0.00524
5	0.01102	0.03520	0.14080	0.04050	0.35257	0.07304	0.06568	0.05229	0.03589	0.03888	0.00853	0.01026	0.00672	0.00402	0.00411	0.00122	0.00532	0.00360	0.00240	0.10795
6	0.04177	0.02395	0.15051	0.09687	0.02734	0.06408	0.16800	0.07226	0.03401	0.02538	0.01088	0.08346	0.02909	0.02644	0.06005	0.00187	0.07130	0.00482	0.00258	0.00534
7	0.00536	0.00397	0.00503	0.00576	0.00633	0.00364	0.00403	0.00632	0.00887	0.01160	0.07456	0.60053	0.17849	0.01264	0.00542	0.00168	0.00249	0.05562	0.00404	0.00358
8	0.01001	0.08126	0.53717	0.01369	0.10740	0.01058	0.08264	0.04313	0.00981	0.05290	0.00827	0.00964	0.00603	0.00409	0.00412	0.00132	0.00598	0.00344	0.00215	0.00639

[dist]
# distance from previous block
# <min> <max>
1	5

[block]
# block no. 1 follows, 61 sequences, length 13
# corresponding to MSA columns:
# 63-75
name=unknown_B
#
# <colnr> <probs for GDERKNQSTAVLIFYWHMCP>
#	G	D	E	R	K	N	Q	S	T	A	V	L	I	F	Y	W	H	M	C	P
0	0.32544	0.02874	0.12161	0.00780	0.01131	0.00863	0.04810	0.06209	0.00934	0.05340	0.02662	0.04771	0.00766	0.00446	0.00348	0.00118	0.00398	0.00341	0.00281	0.22224
1	0.01220	0.06237	0.01131	0.05212	0.04646	0.09037	0.02445	0.19411	0.03223	0.13383	0.03137	0.03983	0.04107	0.03379	0.16270	0.00245	0.01581	0.00454	0.00337	0.00562
2	0.01157	0.24007	0.26790	0.01070	0.01498	0.03890	0.07998	0.18250	0.05702	0.01562	0.00835	0.00936	0.00641	0.00440	0.00423	0.00125	0.03463	0.00336	0.00255	0.00622
3	0.00580	0.00411	0.00481	0.00504	0.00541	0.00391	0.00319	0.00633	0.00781	0.01027	0.08590	0.24144	0.14793	0.43336	0.01367	0.00289	0.00326	0.00838	0.00336	0.00312
4	0.02785	0.00973	0.07626	0.09093	0.05984	0.03386	0.17252	0.07038	0.04785	0.01454	0.09276	0.03263	0.11434	0.00615	0.00513	0.00141	0.04840	0.04217	0.00299	0.05026
5	0.00886	0.00781	0.04634	0.00744	0.02196	0.04673	0.00580	0.05388	0.09144	0.04288	0.07407	0.11474	0.05260	0.11011	0.07364	0.02084	0.03352	0.00552	0.01478	0.16704
6	0.00548	0.00429	0.00488	0.00505	0.00610	0.00380	0.00370	0.00665	0.00972	0.01234	0.16884	0.17293	0.45401	0.06835	0.00636	0.00170	0.00245	0.05568	0.00403	0.00364
7	0.00523	0.00382	0.00493	0.00582	0.00620	0.00351	0.00392	0.00602	0.00842	0.01107	0.02595	0.75648	0.11639	0.01321	0.00545	0.00172	0.00246	0.01190	0.00400	0.00351
8	0.01118	0.01051	0.07396	0.07642	0.30520	0.01003	0.05656	0.16650	0.04458	0.04651	0.00952	0.01150	0.00749	0.00717	0.08771	0.00187	0.01947	0.00395	0.00276	0.04710
9	0.01060	0.00921	0.00942	0.00882	0.03637	0.10717	0.01856	0.11153	0.24928	0.04541	0.04370	0.11126	0.10207	0.02001	0.00516	0.00149	0.02890	0.05252	0.02300	0.00551
10	0.00523	0.00383	0.00491	0.00577	0.00619	0.00352	0.00390	0.00602	0.00847	0.01109	0.02652	0.73338	0.13912	0.01313	0.00544	0.00171	0.00245	0.01180	0.00400	0.00352
11	0.01162	0.00826	0.01144	0.20232	0.06113	0.00946	0.00860	0.12692	0.07933	0.16607	0.01101	0.01285	0.00838	0.00965	0.13825	0.00233	0.11932	0.00414	0.00318	0.00575
12	0.01316	0.06258	0.01299	0.04626	0.03203	0.09735	0.05005	0.39774	0.06348	0.01926	0.01065	0.05678	0.00873	0.00805	0.08551	0.00186	0.01963	0.00432	0.00342	0.00614

[dist]
# distance from previous block
# <min> <max>
0	3

[block]
# block no. 2 follows, 61 sequences, length 25
# corresponding to MSA columns:
# 79-103
name=unknown_C
#
# <colnr> <probs for GDERKNQSTAVLIFYWHMCP>
#	G	D	E	R	K	N	Q	S	T	A	V	L	I	F	Y	W	H	M	C	P
0	0.00830	0.00629	0.00719	0.00652	0.00800	0.04697	0.02466	0.01043	0.06878	0.10192	0.19812	0.09180	0.28243	0.06134	0.00652	0.00162	0.05335	0.00731	0.00398	0.00448
1	0.00962	0.16426	0.01042	0.00768	0.03768	0.11423	0.00578	0.05177	0.04161	0.05323	0.06593	0.20562	0.14273	0.04228	0.00544	0.02327	0.00389	0.00654	0.00334	0.00468
2	0.01163	0.10954	0.16889	0.01208	0.06292	0.14759	0.11423	0.13150	0.06603	0.01471	0.00952	0.06596	0.00806	0.00514	0.00477	0.00133	0.05341	0.00416	0.00265	0.00588
3	0.04752	0.11264	0.05145	0.02088	0.11851	0.14681	0.18127	0.08224	0.10343	0.01477	0.00926	0.01065	0.00726	0.00436	0.00419	0.00127	0.01630	0.00379	0.05753	0.00586
4	0.00903	0.00576	0.00700	0.00655	0.00800	0.00572	0.00493	0.04206	0.09369	0.15795	0.07368	0.27604	0.19607	0.04367	0.00611	0.00164	0.04505	0.00810	0.00417	0.00477
5	0.01174	0.04174	0.01023	0.00835	0.01059	0.02441	0.00659	0.40078	0.09758	0.01979	0.03817	0.27074	0.01554	0.00793	0.00466	0.00144	0.00387	0.01590	0.00410	0.00584
6	0.03180	0.00978	0.01672	0.02319	0.65711	0.00968	0.08196	0.01262	0.00978	0.01396	0.01132	0.01344	0.08040	0.00446	0.00437	0.00131	0.00500	0.00439	0.00232	0.00639
7	0.02384	0.02961	0.01164	0.00915	0.01211	0.08451	0.04447	0.27444	0.18089	0.14103	0.05614	0.03406	0.01104	0.00543	0.00427	0.00129	0.00437	0.00439	0.00402	0.06329
8	0.01059	0.48341	0.29979	0.00988	0.01449	0.04150	0.06162	0.01336	0.00908	0.01159	0.00679	0.00799	0.00557	0.00385	0.00341	0.00111	0.00549	0.00280	0.00187	0.00582
9	0.00695	0.00524	0.00784	0.00745	0.00859	0.00502	0.08998	0.03059	0.02263	0.05280	0.02227	0.51897	0.10481	0.01310	0.08012	0.00212	0.00393	0.00970	0.00373	0.00415
10	0.07268	0.04669	0.01369	0.01160	0.07949	0.20286	0.09832	0.19589	0.08634	0.10877	0.01005	0.01075	0.00752	0.01502	0.00433	0.00130	0.00539	0.00373	0.00326	0.02232
11	0.00812	0.00725	0.00986	0.00875	0.00942	0.00891	0.02692	0.04057	0.04208	0.01301	0.18528	0.14727	0.05609	0.02801	0.00959	0.00173	0.38314	0.00635	0.00315	0.00450
12	0.00549	0.00389	0.00499	0.00568	0.00597	0.00367	0.00374	0.00621	0.00822	0.01101	0.08271	0.61949	0.04362	0.16402	0.00843	0.00215	0.00276	0.01076	0.00380	0.00338
13	0.00751	0.00590	0.00614	0.00586	0.00714	0.06575	0.00445	0.01981	0.04613	0.03041	0.39990	0.06263	0.15668	0.00840	0.00472	0.00135	0.00270	0.04029	0.11998	0.00425
14	0.04884	0.01095	0.01137	0.00979	0.04992	0.09497	0.00751	0.34148	0.13939	0.17757	0.05470	0.01284	0.01032	0.00531	0.00426	0.00131	0.00446	0.00415	0.00416	0.00671
15	0.00953	0.00922	0.01501	0.43870	0.39609	0.03326	0.01244	0.01221	0.00927	0.01241	0.00783	0.01100	0.00624	0.00409	0.00428	0.00135	0.00551	0.00380	0.00202	0.00574
16	0.00848	0.00647	0.00715	0.00650	0.00832	0.00660	0.00500	0.09225	0.21512	0.05124	0.17894	0.08567	0.29397	0.00859	0.00483	0.00144	0.00281	0.00726	0.00433	0.00505
17	0.00810	0.00688	0.00743	0.00732	0.00847	0.10738	0.04109	0.02065	0.05264	0.06009	0.03682	0.51050	0.09440	0.01059	0.00509	0.00158	0.00348	0.00940	0.00381	0.00427
18	0.01349	0.01507	0.01523	0.01794	0.35770	0.38712	0.05760	0.04791	0.01140	0.02543	0.00770	0.00944	0.00630	0.00418	0.00414	0.00121	0.00642	0.00343	0.00231	0.00595
19	0.00548	0.00393	0.00530	0.00614	0.00648	0.00382	0.00424	0.00635	0.00808	0.01085	0.02181	0.67217	0.02566	0.05476	0.10151	0.00247	0.00369	0.04999	0.00374	0.00352
20	0.00636	0.00449	0.00565	0.00617	0.00683	0.00437	0.00436	0.03063	0.05239	0.02563	0.07775	0.58312	0.05477	0.03986	0.00583	0.00174	0.00270	0.04986	0.03356	0.00390
21	0.01056	0.01059	0.01424	0.41877	0.23819	0.12898	0.02354	0.06450	0.01020	0.01285	0.00779	0.01061	0.00612	0.00431	0.00443	0.00135	0.02156	0.00370	0.00218	0.00554
22	0.01607	0.05107	0.01310	0.00963	0.01304	0.01307	0.00800	0.69868	0.05154	0.06612	0.01076	0.01063	0.00765	0.00514	0.00424	0.00128	0.00463	0.00387	0.00425	0.00722
23	0.05795	0.04622	0.02605	0.02367	0.05092	0.25097	0.03474	0.23994	0.01287	0.01640	0.00806	0.00939	0.00642	0.00573	0.03817	0.00143	0.06092	0.00331	0.00283	0.10401
24	0.01070	0.22468	0.12948	0.00995	0.02135	0.13552	0.07732	0.06046	0.03306	0.01287	0.05699	0.05444	0.06262	0.00564	0.00500	0.00129	0.08636	0.00432	0.00257	0.00536

[dist]
# distance from previous block
# <min> <max>
0	1

[block]
# block no. 3 follows, 61 sequences, length 15
# corresponding to MSA columns:
# 105-119
name=unknown_D
#
# <colnr> <probs for GDERKNQSTAVLIFYWHMCP>
#	G	D	E	R	K	N	Q	S	T	A	V	L	I	F	Y	W	H	M	C	P
0	0.03719	0.19408	0.05944	0.00826	0.02452	0.07768	0.02352	0.08114	0.05982	0.05860	0.10915	0.09603	0.04941	0.00653	0.01785	0.00133	0.01793	0.00490	0.00319	0.06944
1	0.00655	0.02779	0.04671	0.06404	0.00902	0.00590	0.00564	0.00791	0.00725	0.00999	0.01369	0.04538	0.06199	0.22210	0.42552	0.00486	0.02412	0.00532	0.00247	0.00377
2	0.01187	0.10096	0.03459	0.02885	0.10126	0.19307	0.07365	0.05696	0.07217	0.07579	0.03631	0.06002	0.01009	0.01751	0.06201	0.00173	0.03693	0.01781	0.00288	0.00554
3	0.00901	0.00827	0.01156	0.21921	0.18543	0.05759	0.03902	0.07618	0.01085	0.01429	0.16514	0.08474	0.08792	0.00644	0.00461	0.00138	0.00443	0.00572	0.00307	0.00513
4	0.00741	0.00377	0.00556	0.00556	0.00556	0.00377	0.00367	0.00565	0.00565	0.00753	0.00785	0.01400	0.00798	0.06526	0.01714	0.82216	0.00377	0.00389	0.00192	0.00192
5	0.00884	0.00708	0.01095	0.04132	0.37508	0.00717	0.00827	0.01085	0.00907	0.02731	0.03314	0.05264	0.03047	0.06707	0.09533	0.00207	0.00477	0.00475	0.19859	0.00522
6	0.74569	0.00818	0.00690	0.00597	0.00874	0.00915	0.00492	0.01395	0.00811	0.14426	0.00770	0.00819	0.00560	0.00421	0.00292	0.00133	0.00338	0.00264	0.00308	0.00508
7	0.00837	0.00573	0.00612	0.00569	0.00720	0.00587	0.00435	0.10567	0.11331	0.01645	0.09683	0.09034	0.17717	0.00738	0.00416	0.00128	0.00259	0.00616	0.33067	0.00465
8	0.01136	0.01221	0.01510	0.01567	0.22324	0.19212	0.09138	0.03267	0.00955	0.01235	0.03261	0.01035	0.00717	0.00548	0.00786	0.00148	0.30791	0.00383	0.00220	0.00548
9	0.00711	0.00470	0.00590	0.00611	0.00708	0.00446	0.00438	0.00913	0.07578	0.08754	0.15036	0.48389	0.11478	0.01109	0.00519	0.00159	0.00257	0.00986	0.00427	0.00423
10	0.00908	0.00566	0.00670	0.00596	0.00772	0.00529	0.00459	0.06663	0.05119	0.16196	0.26309	0.06414	0.28928	0.03254	0.00536	0.00148	0.00272	0.00732	0.00446	0.00481
11	0.01090	0.04632	0.05237	0.12811	0.03319	0.16624	0.06078	0.03018	0.08992	0.06673	0.11069	0.02586	0.04795	0.00584	0.00553	0.00139	0.10515	0.00458	0.00297	0.00530
12	0.00618	0.00458	0.00609	0.00561	0.00676	0.00421	0.02608	0.00816	0.01178	0.01657	0.68861	0.03193	0.11675	0.00873	0.00500	0.00135	0.00219	0.00770	0.03764	0.00407
13	0.00682	0.00505	0.00596	0.00635	0.00715	0.00463	0.00439	0.04095	0.00993	0.01308	0.08579	0.51131	0.21173	0.05620	0.00657	0.00193	0.00293	0.01071	0.00430	0.00421
14	0.03802	0.00655	0.00669	0.00597	0.00754	0.04304	0.00455	0.14910	0.01135	0.06807	0.09647	0.06767	0.03548	0.07555	0.00532	0.00144	0.00310	0.00510	0.36426	0.00471

[dist]
# distance from previous block
# <min> <max>
4	8

[block]
# block no. 4 follows, 61 sequences, length 19
# corresponding to MSA columns:
# 129-147
name=unknown_E
#
# <colnr> <probs for GDERKNQSTAVLIFYWHMCP>
#	G	D	E	R	K	N	Q	S	T	A	V	L	I	F	Y	W	H	M	C	P
0	0.00627	0.00421	0.00544	0.00607	0.00672	0.00392	0.00426	0.00745	0.02741	0.05842	0.04686	0.64721	0.10098	0.01241	0.00538	0.00169	0.00261	0.04475	0.00410	0.00384
1	0.01230	0.00709	0.00806	0.00686	0.00900	0.00729	0.00546	0.20010	0.08580	0.18480	0.04583	0.06116	0.01277	0.00600	0.00401	0.00126	0.00320	0.02743	0.30589	0.00570
2	0.04962	0.01328	0.05004	0.00992	0.01309	0.17465	0.02996	0.41270	0.09281	0.07302	0.02088	0.01086	0.00801	0.00501	0.00417	0.00128	0.00516	0.00377	0.01524	0.00654
3	0.05975	0.07562	0.10623	0.00968	0.01181	0.02813	0.10095	0.07375	0.00872	0.01259	0.00894	0.01363	0.00827	0.14806	0.14261	0.00279	0.17713	0.00419	0.00234	0.00482
4	0.42414	0.00886	0.00880	0.00724	0.01020	0.00960	0.00594	0.16612	0.07843	0.22588	0.01059	0.01034	0.00741	0.00471	0.00354	0.00134	0.00369	0.00335	0.00380	0.00603
5	0.31326	0.03811	0.00993	0.00920	0.08810	0.07422	0.00664	0.17120	0.04541	0.06286	0.07925	0.04597	0.02837	0.00534	0.00379	0.00132	0.00403	0.00406	0.00336	0.00557
6	0.07934	0.02788	0.06755	0.01287	0.09295	0.20226	0.19231	0.03006	0.06466	0.04356	0.07093	0.01237	0.02409	0.00483	0.00470	0.00132	0.04151	0.00415	0.00272	0.01993
7	0.00647	0.00449	0.00541	0.00560	0.00616	0.00438	0.00376	0.04041	0.00840	0.02719	0.04820	0.31154	0.11250	0.32549	0.04587	0.00280	0.00361	0.03077	0.00347	0.00347
8	0.00555	0.00416	0.00515	0.00576	0.00649	0.00382	0.00420	0.00661	0.00904	0.01164	0.06503	0.42496	0.24741	0.04939	0.00617	0.00179	0.00269	0.13259	0.00397	0.00360
9	0.10129	0.03552	0.04869	0.00975	0.06322	0.14214	0.00751	0.12216	0.21391	0.06757	0.09659	0.01424	0.03296	0.00551	0.00431	0.00133	0.01956	0.00428	0.00355	0.00594
10	0.05798	0.01017	0.09551	0.00893	0.01204	0.07995	0.07377	0.05050	0.04847	0.33238	0.06204	0.05365	0.07134	0.00601	0.00442	0.00137	0.00437	0.01706	0.00399	0.00605
11	0.00547	0.00407	0.00513	0.00581	0.00636	0.00380	0.00399	0.00675	0.03501	0.01184	0.09234	0.63729	0.14123	0.01249	0.00537	0.00167	0.00245	0.01119	0.00407	0.00367
12	0.00720	0.00513	0.00621	0.00618	0.00714	0.02809	0.00450	0.00879	0.04239	0.06853	0.10422	0.22503	0.12310	0.11918	0.22077	0.00325	0.00522	0.00753	0.00353	0.00401
13	0.02638	0.01153	0.06003	0.04296	0.33872	0.07750	0.05414	0.14987	0.09162	0.05487	0.01032	0.04455	0.00832	0.00479	0.00432	0.00133	0.00510	0.00423	0.00295	0.00647
14	0.00894	0.00813	0.01115	0.06003	0.30266	0.06048	0.02761	0.01116	0.03527	0.04459	0.09897	0.06656	0.23290	0.00695	0.00464	0.00137	0.00402	0.00612	0.00319	0.00527
15	0.00534	0.00390	0.00503	0.00579	0.00627	0.00359	0.00398	0.00627	0.00881	0.01166	0.09577	0.66226	0.12406	0.01274	0.00542	0.00168	0.00245	0.02734	0.00406	0.00357
16	0.03002	0.07302	0.63262	0.01141	0.01679	0.07949	0.01382	0.01351	0.00924	0.01312	0.00865	0.00991	0.03332	0.00444	0.00432	0.00133	0.03373	0.00329	0.00195	0.00601
17	0.01186	0.09306	0.03782	0.01195	0.04686	0.08835	0.21235	0.18591	0.07147	0.02780	0.01049	0.01262	0.03107	0.06395	0.00607	0.00152	0.04998	0.00427	0.00289	0.02973
18	0.00904	0.00750	0.01198	0.03217	0.32112	0.00760	0.05331	0.01133	0.03426	0.05366	0.01405	0.06988	0.05446	0.06338	0.12056	0.00237	0.01808	0.07634	0.03362	0.00530

[dist]
# distance from previous block
# <min> <max>
0	13

[block]
# block no. 5 follows, 61 sequences, length 52
# corresponding to MSA columns:
# 161-212
name=unknown_F
#
# <colnr> <probs for GDERKNQSTAVLIFYWHMCP>
#	G	D	E	R	K	N	Q	S	T	A	V	L	I	F	Y	W	H	M	C	P
0	0.03303	0.00977	0.09323	0.01939	0.03271	0.00875	0.07037	0.16954	0.14402	0.06098	0.07306	0.07241	0.05154	0.03166	0.02340	0.00155	0.00433	0.01618	0.00357	0.08051
1	0.00914	0.00918	0.05348	0.05751	0.03290	0.00869	0.30538	0.03194	0.06406	0.04343	0.07851	0.01810	0.11211	0.04330	0.03994	0.00179	0.05920	0.00547	0.02066	0.00523
2	0.24224	0.13124	0.04644	0.07317	0.01268	0.05582	0.05296	0.12519	0.04744	0.03264	0.01037	0.06471	0.03739	0.00509	0.00372	0.00128	0.00441	0.00394	0.00290	0.04637
3	0.00873	0.01993	0.01139	0.12702	0.30440	0.02099	0.00866	0.01092	0.02576	0.04477	0.07656	0.11553	0.14687	0.00679	0.00458	0.00138	0.00403	0.02040	0.00304	0.03822
4	0.00762	0.00703	0.04282	0.00954	0.11403	0.00643	0.04898	0.01120	0.14258	0.02585	0.20970	0.14444	0.19583	0.00829	0.00487	0.00145	0.00324	0.00734	0.00383	0.00494
5	0.00698	0.00548	0.00613	0.00608	0.00724	0.02641	0.00450	0.00999	0.13563	0.02301	0.20887	0.18656	0.18525	0.06305	0.03911	0.00187	0.00313	0.04058	0.03586	0.00426
6	0.00554	0.00391	0.00495	0.00561	0.00587	0.00373	0.00365	0.00615	0.00785	0.01046	0.03845	0.57313	0.05413	0.22709	0.02666	0.00246	0.00309	0.01035	0.00362	0.00330
7	0.01065	0.07858	0.17926	0.07738	0.23366	0.05609	0.06950	0.06828	0.10145	0.02424	0.00978	0.01174	0.01744	0.03771	0.00488	0.00142	0.00537	0.00390	0.00252	0.00613
8	0.01400	0.01298	0.06329	0.00964	0.01266	0.16319	0.00805	0.33470	0.22777	0.05020	0.02830	0.01207	0.00933	0.00522	0.00422	0.00130	0.00488	0.00399	0.02765	0.00654
9	0.00845	0.00526	0.00641	0.00642	0.00757	0.00523	0.00467	0.03991	0.11456	0.11054	0.05482	0.46446	0.02184	0.00991	0.00483	0.00153	0.00275	0.00877	0.11745	0.00462
10	0.00725	0.00489	0.00581	0.00550	0.00687	0.00457	0.00423	0.00966	0.06257	0.06844	0.38317	0.03161	0.23507	0.00870	0.00482	0.00138	0.00237	0.05154	0.09720	0.00433
11	0.01040	0.12105	0.18601	0.09837	0.06783	0.06585	0.02579	0.14775	0.01076	0.01414	0.01001	0.06868	0.00917	0.11183	0.00651	0.00168	0.01555	0.02056	0.00260	0.00544
12	0.03534	0.00831	0.00913	0.00772	0.01024	0.00896	0.00615	0.16297	0.32923	0.17758	0.01512	0.01451	0.01096	0.00541	0.00404	0.00131	0.00342	0.00435	0.17885	0.00639
13	0.00589	0.00445	0.00539	0.00575	0.00657	0.00421	0.00410	0.01951	0.04948	0.01272	0.15556	0.41842	0.20937	0.04211	0.00588	0.00169	0.00255	0.03841	0.00409	0.00383
14	0.09247	0.24148	0.03384	0.01042	0.05277	0.17620	0.07660	0.18013	0.01197	0.03656	0.00847	0.04497	0.00711	0.00466	0.00377	0.00119	0.00533	0.00355	0.00274	0.00579
15	0.00913	0.00804	0.00864	0.00877	0.08133	0.10933	0.02280	0.04562	0.07909	0.04289	0.12353	0.04148	0.16440	0.14206	0.04855	0.00208	0.02936	0.00595	0.02231	0.00465
16	0.00547	0.00405	0.00508	0.00576	0.00637	0.00373	0.00408	0.00645	0.00886	0.01153	0.06925	0.52157	0.19293	0.04871	0.00615	0.00180	0.00263	0.08806	0.00397	0.00356
17	0.02869	0.04146	0.00642	0.00597	0.00737	0.00508	0.00490	0.01942	0.00993	0.04282	0.06482	0.07544	0.30238	0.00985	0.00496	0.00155	0.00298	0.26330	0.09856	0.00409
18	0.04702	0.46950	0.05276	0.02015	0.08051	0.13056	0.02879	0.02997	0.00952	0.01159	0.00803	0.04476	0.02290	0.00453	0.00363	0.00111	0.02380	0.00326	0.00215	0.00545
19	0.04898	0.00778	0.04147	0.02733	0.08096	0.05881	0.10251	0.04916	0.00958	0.01312	0.03833	0.45333	0.01901	0.00921	0.00492	0.00155	0.00398	0.00839	0.01702	0.00457
20	0.00583	0.00449	0.00514	0.00535	0.00662	0.00397	0.00418	0.00714	0.00990	0.02889	0.08326	0.11003	0.52958	0.01109	0.00528	0.00158	0.00259	0.16721	0.00406	0.00379
21	0.00848	0.00808	0.01387	0.72107	0.11449	0.00969	0.04113	0.01135	0.00880	0.01144	0.00774	0.01140	0.00589	0.00423	0.00433	0.00142	0.00573	0.00388	0.00195	0.00504
22	0.54650	0.06648	0.00938	0.00769	0.02328	0.18572	0.00610	0.04257	0.02202	0.01670	0.00650	0.00757	0.00522	0.00427	0.00347	0.00128	0.03512	0.00260	0.00257	0.00496
23	0.01066	0.01023	0.01748	0.02644	0.82174	0.01023	0.01322	0.01322	0.00981	0.01407	0.00810	0.01066	0.00682	0.00384	0.00426	0.00128	0.00512	0.00384	0.00213	0.00682
24	0.00983	0.00776	0.00973	0.00713	0.01072	0.00624	0.03998	0.01206	0.03138	0.08351	0.03846	0.01060	0.00818	0.00376	0.00369	0.00081	0.02038	0.00309	0.00289	0.68979
25	0.03611	0.00836	0.00933	0.00799	0.01053	0.00898	0.00632	0.09852	0.42005	0.18987	0.08874	0.01799	0.06566	0.00620	0.00442	0.00140	0.00340	0.00511	0.00454	0.00647
26	0.00536	0.00385	0.00510	0.00602	0.00637	0.00359	0.00412	0.00623	0.00853	0.01136	0.05733	0.75216	0.05132	0.01315	0.00549	0.00174	0.00254	0.04817	0.00403	0.00355
27	0.01219	0.00975	0.01090	0.04615	0.04561	0.01103	0.00758	0.19146	0.53942	0.05445	0.01514	0.01435	0.01120	0.00553	0.00436	0.00141	0.00388	0.00454	0.00421	0.00686
28	0.00813	0.00766	0.01292	0.83826	0.02967	0.00957	0.01196	0.01101	0.00861	0.01101	0.00766	0.01148	0.00574	0.00431	0.00431	0.00144	0.00574	0.00383	0.00191	0.00479
29	0.00864	0.02228	0.82630	0.01228	0.01864	0.01000	0.01592	0.01364	0.00909	0.01364	0.00773	0.00909	0.00546	0.00409	0.00409	0.00136	0.00637	0.00318	0.00182	0.00637
30	0.07764	0.00572	0.00652	0.00585	0.00756	0.00551	0.00453	0.06606	0.01106	0.13219	0.23166	0.07831	0.28204	0.03155	0.00537	0.00149	0.01982	0.00711	0.01541	0.00461
31	0.00525	0.00375	0.00500	0.00600	0.00625	0.00350	0.00400	0.00600	0.00825	0.01100	0.02374	0.84580	0.02849	0.01350	0.00550	0.00175	0.00250	0.01225	0.00400	0.00350
32	0.00957	0.00810	0.00873	0.00792	0.01004	0.00912	0.00613	0.01929	0.62363	0.01757	0.17054	0.02034	0.05709	0.00665	0.00455	0.00144	0.00309	0.00563	0.00443	0.00614
33	0.00893	0.00766	0.00893	0.00638	0.01021	0.00574	0.00510	0.01085	0.00893	0.01404	0.00766	0.00893	0.00638	0.00319	0.00319	0.00064	0.00319	0.00255	0.00255	0.87495
34	0.01180	0.01234	0.01518	0.13559	0.45737	0.21509	0.01151	0.01395	0.01016	0.03026	0.00777	0.01009	0.00639	0.00424	0.00459	0.00129	0.04060	0.00358	0.00218	0.00600
35	0.00524	0.00377	0.00498	0.00595	0.00624	0.00350	0.00398	0.00600	0.00829	0.01101	0.02429	0.82379	0.05015	0.01342	0.00549	0.00174	0.00249	0.01216	0.00400	0.00350
36	0.02266	0.00975	0.01169	0.02314	0.17533	0.05897	0.00771	0.15309	0.02424	0.08500	0.00909	0.01007	0.00702	0.00400	0.00377	0.00100	0.00422	0.00326	0.00301	0.38299
37	0.03391	0.01002	0.01031	0.00844	0.01120	0.11776	0.00675	0.14955	0.12236	0.27970	0.07184	0.01403	0.02390	0.00548	0.00463	0.00128	0.04040	0.00423	0.00411	0.08009
38	0.00524	0.00437	0.00452	0.00450	0.00590	0.00373	0.00338	0.00641	0.00981	0.01195	0.08062	0.03956	0.73456	0.01146	0.03526	0.00164	0.00251	0.00876	0.02212	0.00367
39	0.00522	0.00436	0.00449	0.00446	0.00582	0.00369	0.00331	0.00634	0.00986	0.01195	0.10564	0.04012	0.72159	0.04700	0.00582	0.00156	0.00226	0.00886	0.00400	0.00363
40	0.08574	0.00959	0.01137	0.00992	0.08046	0.02757	0.04923	0.17705	0.14801	0.04465	0.01012	0.01072	0.00775	0.00429	0.00382	0.00110	0.00405	0.00351	0.00326	0.30776
41	0.00986	0.00764	0.00825	0.00776	0.01929	0.05579	0.00587	0.11059	0.20795	0.06683	0.07909	0.21295	0.05773	0.00943	0.04651	0.00174	0.00387	0.04048	0.03206	0.01631
42	0.00556	0.00399	0.00539	0.00612	0.00649	0.00393	0.00425	0.00647	0.00805	0.01086	0.03881	0.59811	0.02479	0.07827	0.14007	0.00277	0.00414	0.04478	0.00364	0.00352
43	0.00555	0.00431	0.00500	0.00515	0.00620	0.00384	0.00381	0.00682	0.00996	0.01280	0.22238	0.16562	0.41205	0.05323	0.00607	0.00165	0.00242	0.06536	0.00410	0.00369
44	0.03141	0.09359	0.15928	0.02860	0.06398	0.16305	0.08092	0.11826	0.17028	0.01544	0.01005	0.01139	0.00784	0.00472	0.00413	0.00130	0.00553	0.02127	0.00284	0.00610
45	0.00932	0.00829	0.00920	0.01073	0.13307	0.11241	0.00674	0.01038	0.02319	0.01323	0.06290	0.36920	0.05306	0.04630	0.04814	0.00213	0.02335	0.01779	0.03551	0.00505
46	0.02766	0.00674	0.00731	0.00671	0.00841	0.02183	0.00513	0.17339	0.07668	0.06048	0.03348	0.21723	0.21102	0.04148	0.00542	0.00157	0.00322	0.03620	0.05117	0.00487
47	0.02990	0.07165	0.04367	0.04093	0.01662	0.08416	0.33508	0.05656	0.02493	0.04404	0.00848	0.01068	0.00667	0.00554	0.03579	0.01940	0.08210	0.00404	0.00243	0.07732
48	0.00756	0.03665	0.05985	0.04156	0.02989	0.04380	0.00589	0.03786	0.00823	0.01097	0.01484	0.11823	0.07717	0.22028	0.19598	0.02236	0.03787	0.00589	0.02110	0.00399
49	0.01042	0.11268	0.28791	0.01016	0.03028	0.03335	0.07101	0.11216	0.01102	0.06774	0.04776	0.02839	0.10523	0.00548	0.00433	0.00131	0.01579	0.00448	0.03472	0.00580
50	0.00938	0.04286	0.00943	0.00659	0.01014	0.02465	0.00530	0.02800	0.02069	0.03223	0.02533	0.03186	0.02510	0.00391	0.00339	0.00076	0.00333	0.00314	0.00275	0.71116
51	0.03888	0.04642	0.22048	0.03145	0.14477	0.10114	0.04725	0.05123	0.00998	0.06955	0.02664	0.05308	0.00895	0.05389	0.04440	0.00175	0.02707	0.00421	0.01319	0.00566

[dist]
# distance from previous block
# <min> <max>
0	5

[block]
# block no. 6 follows, 61 sequences, length 33
# corresponding to MSA columns:
# 220-252
name=unknown_G
#
# <colnr> <probs for GDERKNQSTAVLIFYWHMCP>
#	G	D	E	R	K	N	Q	S	T	A	V	L	I	F	Y	W	H	M	C	P
0	0.00634	0.01898	0.04183	0.00716	0.03358	0.00499	0.01377	0.00827	0.05832	0.01208	0.04777	0.51808	0.09643	0.01175	0.03665	0.00178	0.00325	0.01991	0.00369	0.05537
1	0.00828	0.00501	0.00559	0.00526	0.00657	0.00489	0.00393	0.03750	0.06467	0.07645	0.13898	0.07554	0.14682	0.07250	0.00551	0.00149	0.00255	0.00616	0.32792	0.00437
2	0.02160	0.00517	0.00547	0.00586	0.00670	0.05266	0.00414	0.00764	0.02935	0.01233	0.11393	0.46304	0.19818	0.01118	0.00509	0.00156	0.00271	0.00982	0.03976	0.00380
3	0.02283	0.10703	0.03274	0.02164	0.11899	0.04169	0.04612	0.07108	0.03804	0.01424	0.00840	0.01051	0.00711	0.05349	0.00466	0.00114	0.00429	0.00325	0.00256	0.39019
4	0.00833	0.00684	0.01657	0.03821	0.00882	0.04166	0.00519	0.15502	0.02875	0.01592	0.26348	0.10710	0.19398	0.08315	0.00637	0.00165	0.00326	0.00717	0.00398	0.00454
5	0.00523	0.00382	0.00492	0.00581	0.00620	0.00351	0.00391	0.00602	0.00843	0.01107	0.02608	0.75115	0.12163	0.01319	0.00545	0.00171	0.00246	0.01187	0.00400	0.00351
6	0.00979	0.00885	0.01437	0.06891	0.40244	0.03175	0.09001	0.02761	0.00941	0.04383	0.01051	0.04482	0.02173	0.06328	0.13141	0.00237	0.00615	0.00463	0.00245	0.00567
7	0.01083	0.11811	0.02477	0.02648	0.35775	0.06261	0.09699	0.06179	0.06266	0.01422	0.02639	0.01289	0.06343	0.00461	0.00418	0.00125	0.00501	0.00416	0.00257	0.03932
8	0.00534	0.00397	0.00498	0.00566	0.00620	0.00367	0.00390	0.00622	0.00856	0.01115	0.04313	0.57432	0.19652	0.04948	0.03767	0.00199	0.00287	0.02697	0.00389	0.00352
9	0.00528	0.00392	0.00493	0.00570	0.00623	0.00358	0.00392	0.00615	0.00870	0.01131	0.04493	0.64324	0.19152	0.01282	0.00542	0.00169	0.00246	0.03066	0.00401	0.00355
10	0.00802	0.00648	0.00938	0.07363	0.17188	0.00663	0.01864	0.05859	0.03276	0.02761	0.07614	0.20402	0.08902	0.06445	0.06937	0.00210	0.00438	0.06882	0.00333	0.00475
11	0.01193	0.01233	0.02259	0.08261	0.27165	0.22543	0.03137	0.04769	0.01020	0.04352	0.00831	0.02724	0.00719	0.04244	0.00654	0.00149	0.13564	0.00387	0.00237	0.00561
12	0.01333	0.01575	0.01263	0.01116	0.01248	0.47519	0.00878	0.03063	0.01005	0.01081	0.00632	0.00851	0.00563	0.00574	0.00814	0.00143	0.35315	0.00321	0.00212	0.00492
13	0.01132	0.00962	0.01020	0.00839	0.01135	0.03481	0.00665	0.15448	0.40432	0.01807	0.01288	0.01264	0.00981	0.00495	0.00420	0.00119	0.01962	0.00394	0.00373	0.25782
14	0.01167	0.01016	0.01025	0.00902	0.01157	0.05232	0.00706	0.11715	0.67797	0.01874	0.01612	0.01496	0.01206	0.00569	0.00435	0.00142	0.00379	0.00465	0.00427	0.00679
15	0.01011	0.00867	0.00920	0.00832	0.01060	0.00989	0.00645	0.02103	0.71723	0.01769	0.08079	0.01841	0.05001	0.00629	0.00447	0.00145	0.00325	0.00528	0.00439	0.00647
16	0.00620	0.00415	0.00472	0.00477	0.00479	0.00414	0.00269	0.00625	0.00638	0.00851	0.01417	0.07635	0.01642	0.79942	0.02096	0.00403	0.00408	0.00662	0.00269	0.00266
17	0.00901	0.00855	0.01450	0.55751	0.30360	0.00980	0.01240	0.01177	0.00903	0.01207	0.00781	0.01120	0.00612	0.00414	0.00429	0.00138	0.00553	0.00383	0.00199	0.00549
18	0.00921	0.00782	0.00908	0.00651	0.01033	0.00603	0.00522	0.04077	0.00936	0.01453	0.00776	0.00899	0.00642	0.00326	0.00323	0.00066	0.00325	0.00260	0.00262	0.84235
19	0.00702	0.00558	0.00712	0.00658	0.00692	0.02425	0.03427	0.00756	0.00670	0.00914	0.01187	0.02280	0.01298	0.55310	0.15429	0.00416	0.11443	0.00554	0.00244	0.00326
20	0.23359	0.00737	0.00842	0.00704	0.00950	0.02297	0.03970	0.02956	0.06732	0.25431	0.19219	0.01844	0.07999	0.00614	0.00416	0.00136	0.00334	0.00499	0.00413	0.00549
21	0.07663	0.01703	0.01144	0.01050	0.03158	0.58480	0.00783	0.06538	0.07771	0.02882	0.04294	0.00980	0.00785	0.00476	0.00393	0.00118	0.00652	0.00325	0.00272	0.00531
22	0.01065	0.01027	0.01769	0.02622	0.80095	0.01025	0.03385	0.01323	0.00982	0.01407	0.00812	0.01069	0.00682	0.00383	0.00429	0.00128	0.00517	0.00387	0.00213	0.00680
23	0.00593	0.00418	0.00536	0.00565	0.00605	0.00428	0.00383	0.00670	0.00731	0.01000	0.01770	0.25951	0.06521	0.30662	0.24164	0.00399	0.00557	0.00761	0.02954	0.00331
24	0.02344	0.01113	0.11303	0.27917	0.17098	0.05672	0.08801	0.04621	0.02472	0.03049	0.00844	0.01115	0.00662	0.00633	0.06246	0.00178	0.04760	0.00387	0.00225	0.00560
25	0.03361	0.03957	0.03753	0.05621	0.10368	0.14018	0.08846	0.11316	0.13673	0.07139	0.09068	0.01463	0.03420	0.00532	0.00435	0.00133	0.00495	0.01484	0.00330	0.00591
26	0.00836	0.00786	0.05837	0.09459	0.24882	0.00719	0.00825	0.04832	0.01043	0.02800	0.20993	0.05495	0.11726	0.07191	0.00598	0.00158	0.00392	0.00594	0.00323	0.00510
27	0.00523	0.00382	0.00492	0.00580	0.00620	0.00352	0.00391	0.00602	0.00843	0.01107	0.02610	0.75031	0.12246	0.01319	0.00545	0.00171	0.00246	0.01187	0.00400	0.00352
28	0.02511	0.00703	0.00807	0.04852	0.03443	0.03078	0.00592	0.11898	0.13910	0.02645	0.12271	0.18107	0.11773	0.04079	0.03037	0.00175	0.00369	0.04871	0.00388	0.00492
29	0.09780	0.03601	0.23638	0.01880	0.03808	0.14193	0.03988	0.06933	0.09130	0.05714	0.04014	0.01318	0.06526	0.00592	0.02933	0.00149	0.00540	0.00401	0.00288	0.00574
30	0.00598	0.00456	0.00622	0.03959	0.03849	0.00450	0.01526	0.00730	0.03892	0.01111	0.02144	0.58361	0.05932	0.11322	0.02759	0.00211	0.00323	0.01017	0.00363	0.00374
31	0.00540	0.00408	0.00492	0.00548	0.00623	0.00372	0.00389	0.00638	0.00881	0.01135	0.02973	0.45267	0.30467	0.03022	0.03916	0.00190	0.00285	0.04941	0.02555	0.00358
32	0.04258	0.09593	0.04386	0.00962	0.05445	0.15178	0.03137	0.13788	0.09103	0.07787	0.06921	0.07351	0.06683	0.00604	0.00436	0.00130	0.01671	0.00484	0.01519	0.00565

[dist]
# distance from previous block
# <min> <max>
1	11

[block]
# block no. 7 follows, 61 sequences, length 21
# corresponding to MSA columns:
# 264-267,270-286
name=unknown_H
#
# <colnr> <probs for GDERKNQSTAVLIFYWHMCP>
#	G	D	E	R	K	N	Q	S	T	A	V	L	I	F	Y	W	H	M	C	P
0	0.03257	0.30729	0.11491	0.00824	0.01204	0.13996	0.00778	0.02732	0.00957	0.01244	0.00693	0.00804	0.00581	0.00373	0.00327	0.00093	0.00483	0.00260	0.00220	0.28956
1	0.08348	0.11073	0.08681	0.02553	0.13128	0.06953	0.07179	0.09836	0.07117	0.03405	0.02531	0.05584	0.03079	0.00580	0.02789	0.00142	0.00498	0.00419	0.00283	0.05822
2	0.01197	0.10305	0.14529	0.01979	0.07751	0.08556	0.05776	0.14153	0.04118	0.09790	0.02994	0.06121	0.00924	0.00620	0.03504	0.00150	0.03179	0.00422	0.00301	0.03631
3	0.00763	0.00600	0.00696	0.00699	0.00819	0.00635	0.00510	0.05318	0.26463	0.01461	0.08889	0.45069	0.04311	0.01018	0.00504	0.00159	0.00286	0.00902	0.00420	0.00480
4	0.00987	0.01032	0.02014	0.13963	0.30123	0.01023	0.38785	0.01294	0.00980	0.01342	0.00952	0.01227	0.03381	0.00405	0.00469	0.00139	0.00612	0.00460	0.00219	0.00594
5	0.02214	0.14711	0.02693	0.09967	0.22058	0.05288	0.10153	0.09690	0.03781	0.01413	0.02690	0.04658	0.02334	0.02350	0.00487	0.00137	0.02921	0.01621	0.00258	0.00576
6	0.00832	0.02746	0.02713	0.00950	0.12377	0.00636	0.00634	0.07221	0.02667	0.06551	0.06252	0.35655	0.12487	0.00956	0.00516	0.00154	0.02168	0.03634	0.00374	0.00479
7	0.00602	0.00459	0.00514	0.00502	0.00632	0.00410	0.00374	0.00768	0.03682	0.03553	0.22943	0.07246	0.48641	0.05373	0.00595	0.00159	0.00238	0.02502	0.00416	0.00390
8	0.00793	0.00473	0.00550	0.00552	0.02050	0.00473	0.00403	0.04802	0.00976	0.03763	0.11381	0.09282	0.05188	0.04846	0.06937	0.00180	0.00319	0.02728	0.43885	0.00418
9	0.01102	0.30732	0.16225	0.03129	0.15685	0.07387	0.08906	0.06018	0.01010	0.01297	0.01669	0.03497	0.00705	0.00430	0.00381	0.00119	0.00545	0.00353	0.00220	0.00590
10	0.04630	0.01260	0.01053	0.00912	0.01162	0.25251	0.00712	0.19131	0.26870	0.04558	0.02816	0.01230	0.00962	0.00519	0.00406	0.00127	0.00486	0.00391	0.06916	0.00606
11	0.00652	0.00432	0.00549	0.00569	0.00623	0.00428	0.00388	0.00726	0.00768	0.05215	0.01923	0.27467	0.08847	0.31044	0.16612	0.00353	0.00484	0.02245	0.00326	0.00347
12	0.01590	0.00685	0.00910	0.00722	0.00999	0.00613	0.00587	0.05866	0.01271	0.58321	0.21549	0.01878	0.01792	0.00618	0.00452	0.00134	0.00332	0.00517	0.00513	0.00652
13	0.00732	0.00563	0.00738	0.00716	0.00835	0.00604	0.02321	0.06762	0.09904	0.01314	0.04453	0.20277	0.07411	0.01834	0.31999	0.00361	0.00636	0.05692	0.02408	0.00440
14	0.00562	0.00396	0.00499	0.00571	0.00621	0.00372	0.00391	0.00678	0.02326	0.01196	0.06793	0.64908	0.09196	0.01216	0.00521	0.00163	0.00242	0.01090	0.07894	0.00365
15	0.01091	0.01060	0.01240	0.01053	0.03679	0.11555	0.04632	0.09598	0.00964	0.01351	0.00735	0.00970	0.00633	0.00555	0.00819	0.00138	0.36198	0.00348	0.04758	0.18624
16	0.00674	0.00431	0.00557	0.00589	0.00658	0.00407	0.00412	0.00767	0.00866	0.07928	0.07573	0.44478	0.09495	0.13670	0.06595	0.00239	0.00347	0.03551	0.00384	0.00378
17	0.00749	0.00595	0.00604	0.00565	0.00721	0.05259	0.00427	0.03215	0.05250	0.06444	0.21042	0.06174	0.43759	0.02622	0.00526	0.00147	0.00275	0.00782	0.00415	0.00429
18	0.00961	0.04131	0.22542	0.01600	0.29698	0.08002	0.05248	0.01268	0.03612	0.01307	0.01104	0.16447	0.01051	0.00579	0.00441	0.00138	0.00522	0.00518	0.00247	0.00584
19	0.00928	0.00936	0.07902	0.01498	0.28157	0.00826	0.09892	0.03683	0.08304	0.03624	0.02306	0.16770	0.06290	0.02983	0.00509	0.00148	0.00445	0.00597	0.00299	0.03904
20	0.01137	0.01171	0.01352	0.14132	0.09321	0.20221	0.12467	0.05306	0.14686	0.02856	0.01251	0.01363	0.07340	0.00499	0.00434	0.00130	0.00548	0.00431	0.00284	0.05070

[dist]
# distance from previous block
# <min> <max>
0	21

[block]
# block no. 8 follows, 61 sequences, length 20
# corresponding to MSA columns:
# 308-327
name=unknown_I
#
# <colnr> <probs for GDERKNQSTAVLIFYWHMCP>
#	G	D	E	R	K	N	Q	S	T	A	V	L	I	F	Y	W	H	M	C	P
0	0.00942	0.05640	0.18546	0.03099	0.03331	0.08606	0.02230	0.10598	0.00999	0.01319	0.03291	0.10305	0.02929	0.14004	0.08415	0.00233	0.04238	0.00510	0.00270	0.00495
1	0.03569	0.00874	0.01230	0.02135	0.03401	0.01647	0.14464	0.07960	0.07199	0.09193	0.04233	0.02381	0.00984	0.00472	0.00420	0.00114	0.01365	0.04178	0.00318	0.33863
2	0.03413	0.40330	0.22421	0.00961	0.01390	0.01304	0.07884	0.04644	0.02789	0.06051	0.00810	0.02286	0.00654	0.00415	0.00355	0.00115	0.00510	0.00319	0.00231	0.03118
3	0.01094	0.16963	0.37121	0.01014	0.03835	0.01038	0.01080	0.04993	0.05846	0.12850	0.05985	0.02728	0.00959	0.02142	0.00435	0.00134	0.00499	0.00385	0.00283	0.00616
4	0.01012	0.00988	0.01595	0.03329	0.17093	0.06676	0.27325	0.01338	0.07787	0.05000	0.07854	0.07129	0.05371	0.00568	0.00523	0.00142	0.04873	0.00545	0.00291	0.00561
5	0.00731	0.00384	0.00569	0.00569	0.00576	0.00391	0.00385	0.00583	0.00576	0.00774	0.00809	0.01403	0.00810	0.04916	0.09063	0.76221	0.00446	0.00392	0.00194	0.00208
6	0.03184	0.01060	0.04609	0.43477	0.02143	0.15417	0.04146	0.05404	0.01973	0.03692	0.00890	0.03113	0.00719	0.00674	0.06434	0.00178	0.00630	0.01516	0.00236	0.00505
7	0.05798	0.01275	0.12262	0.01056	0.02252	0.17640	0.10961	0.07969	0.08567	0.07914	0.01270	0.11435	0.03430	0.00611	0.00480	0.00141	0.03796	0.02275	0.00310	0.00558
8	0.29749	0.19184	0.04524	0.01129	0.17116	0.07614	0.00803	0.05622	0.05839	0.03693	0.00775	0.00878	0.00619	0.00415	0.00339	0.00122	0.00452	0.00298	0.00258	0.00571
9	0.00557	0.00418	0.00507	0.00539	0.00619	0.00380	0.00385	0.00671	0.00951	0.01247	0.20589	0.31824	0.25980	0.08111	0.00668	0.00179	0.00252	0.05355	0.00405	0.00362
10	0.00891	0.03476	0.04811	0.02754	0.04469	0.18078	0.00647	0.01026	0.00942	0.02669	0.04845	0.19596	0.08500	0.10976	0.04792	0.00206	0.02132	0.08454	0.00308	0.00428
11	0.04047	0.09062	0.01349	0.01037	0.03511	0.19353	0.04449	0.26837	0.01347	0.10941	0.00985	0.03272	0.00787	0.00537	0.00506	0.00132	0.08450	0.02467	0.00328	0.00604
12	0.00547	0.00425	0.00502	0.00515	0.00617	0.00380	0.00376	0.00678	0.01005	0.01309	0.26687	0.21943	0.37772	0.01175	0.03925	0.00172	0.00260	0.00924	0.00415	0.00374
13	0.00538	0.00407	0.00488	0.00537	0.00609	0.00368	0.00375	0.00634	0.00901	0.01159	0.09391	0.43038	0.29491	0.06906	0.00646	0.00179	0.00251	0.03331	0.00396	0.00354
14	0.09886	0.04686	0.01049	0.00968	0.09456	0.04887	0.03953	0.14539	0.01917	0.07502	0.04654	0.06351	0.04606	0.04817	0.12901	0.00230	0.00530	0.02770	0.03773	0.00526
15	0.00957	0.01929	0.58851	0.01325	0.01884	0.02673	0.17026	0.06134	0.00999	0.01436	0.00802	0.00964	0.00579	0.00414	0.00449	0.00138	0.02250	0.00360	0.00205	0.00626
16	0.00616	0.00463	0.00531	0.00547	0.00626	0.00448	0.00385	0.00776	0.06522	0.01127	0.06349	0.14329	0.25391	0.29308	0.02387	0.00255	0.00331	0.08898	0.00356	0.00355
17	0.05534	0.01000	0.01508	0.08010	0.55288	0.03433	0.01134	0.07620	0.03065	0.03426	0.05161	0.01179	0.00868	0.00435	0.00423	0.00130	0.00488	0.00398	0.00259	0.00642
18	0.07250	0.04616	0.07512	0.01051	0.08320	0.05215	0.05801	0.22686	0.01220	0.01756	0.00826	0.00936	0.00641	0.00402	0.00376	0.00106	0.00458	0.00321	0.00287	0.30221
19	0.00599	0.00465	0.00550	0.00548	0.00659	0.00435	0.00403	0.00829	0.07404	0.01441	0.36658	0.19216	0.27175	0.01012	0.00511	0.00147	0.00228	0.00882	0.00434	0.00404

[dist]
# distance from previous block
# <min> <max>
0	1

[block]
# block no. 9 follows, 61 sequences, length 11
# corresponding to MSA columns:
# 329-339
name=unknown_J
#
# <colnr> <probs for GDERKNQSTAVLIFYWHMCP>
#	G	D	E	R	K	N	Q	S	T	A	V	L	I	F	Y	W	H	M	C	P
0	0.00538	0.00417	0.00483	0.00509	0.00601	0.00369	0.00362	0.00648	0.00957	0.01228	0.17464	0.29656	0.38898	0.05125	0.00602	0.00166	0.00235	0.00973	0.00407	0.00362
1	0.02437	0.02339	0.19173	0.04340	0.04345	0.05706	0.12519	0.10560	0.02831	0.04056	0.03339	0.14927	0.01184	0.03256	0.00544	0.00153	0.03488	0.02528	0.01731	0.00547
2	0.00530	0.00406	0.00486	0.00532	0.00611	0.00362	0.00374	0.00634	0.00933	0.01204	0.13326	0.44387	0.32277	0.01194	0.00529	0.00159	0.00232	0.01051	0.00409	0.00362
3	0.00693	0.00452	0.00592	0.00592	0.00670	0.00490	0.00446	0.02541	0.00792	0.01201	0.02974	0.04844	0.01285	0.10078	0.40813	0.03835	0.00706	0.03218	0.23401	0.00377
4	0.29080	0.21691	0.07919	0.01043	0.08677	0.06136	0.08528	0.07977	0.00973	0.01562	0.00703	0.00830	0.00563	0.00399	0.00341	0.00121	0.00481	0.00296	0.00241	0.02439
5	0.01063	0.13106	0.54092	0.01140	0.01666	0.09744	0.04061	0.03625	0.00989	0.05529	0.00797	0.00907	0.00583	0.00415	0.00395	0.00128	0.00613	0.00317	0.00213	0.00617
6	0.00575	0.00421	0.00478	0.00493	0.00554	0.00392	0.00326	0.00641	0.00823	0.01056	0.08149	0.15241	0.27941	0.37158	0.01242	0.00268	0.00313	0.03263	0.00345	0.00322
7	0.00540	0.00395	0.00502	0.00573	0.00622	0.00365	0.00394	0.00630	0.00871	0.01146	0.08076	0.60145	0.14419	0.05398	0.00624	0.00181	0.00256	0.04111	0.00398	0.00353
8	0.01261	0.50806	0.10737	0.00897	0.01257	0.21560	0.00859	0.06037	0.01031	0.01161	0.00660	0.00756	0.00563	0.00400	0.00327	0.00104	0.00558	0.00261	0.00208	0.00559
9	0.00634	0.00477	0.00527	0.00550	0.00596	0.02882	0.00357	0.02989	0.00818	0.01060	0.04567	0.32730	0.11609	0.36826	0.01235	0.00270	0.00338	0.00866	0.00339	0.00331
10	0.04758	0.24511	0.12927	0.05494	0.10323	0.13198	0.00964	0.18396	0.02966	0.01535	0.00784	0.00894	0.00619	0.00428	0.00372	0.00119	0.00538	0.00314	0.00255	0.00605

[dist]
# distance from previous block
# <min> <max>
2	5

[block]
# block no. 10 follows, 61 sequences, length 7
# corresponding to MSA columns:
# 346-352
name=unknown_K
#
# <colnr> <probs for GDERKNQSTAVLIFYWHMCP>
#	G	D	E	R	K	N	Q	S	T	A	V	L	I	F	Y	W	H	M	C	P
0	0.00645	0.00476	0.00602	0.00651	0.00726	0.00478	0.00478	0.03979	0.06087	0.01236	0.04269	0.46280	0.06883	0.06400	0.06111	0.00221	0.00355	0.13345	0.00385	0.00393
1	0.02575	0.00931	0.02760	0.03559	0.10977	0.09546	0.10788	0.08539	0.03461	0.06997	0.03312	0.11407	0.10110	0.02794	0.01818	0.00157	0.00473	0.06238	0.01474	0.02084
2	0.02919	0.10917	0.05107	0.11113	0.27072	0.11358	0.04761	0.08646	0.03014	0.01433	0.06285	0.01233	0.03373	0.00467	0.00413	0.00126	0.00521	0.00398	0.00257	0.00586
3	0.00651	0.00538	0.00714	0.07674	0.03370	0.03423	0.02919	0.02469	0.00883	0.01151	0.02109	0.57028	0.06690	0.03086	0.02825	0.00185	0.00354	0.03182	0.00358	0.00392
4	0.00601	0.00472	0.00616	0.00608	0.00710	0.00443	0.03971	0.02704	0.00929	0.01205	0.09610	0.28420	0.28458	0.09188	0.06156	0.00218	0.00345	0.04596	0.00374	0.00375
5	0.02849	0.08734	0.09089	0.01385	0.14317	0.17730	0.15624	0.08194	0.03958	0.04207	0.00912	0.04714	0.00755	0.00467	0.00444	0.00128	0.02628	0.00402	0.00258	0.03206
6	0.03336	0.03029	0.01429	0.06272	0.21848	0.07711	0.06741	0.24559	0.06961	0.06116	0.01029	0.04594	0.00823	0.00503	0.00460	0.00134	0.03077	0.00423	0.00317	0.00637

[dist]
# distance from previous block
# <min> <max>
5	23

[block]
# block no. 11 follows, 61 sequences, length 13
# corresponding to MSA columns:
# 377-389
name=unknown_L
#
# <colnr> <probs for GDERKNQSTAVLIFYWHMCP>
#	G	D	E	R	K	N	Q	S	T	A	V	L	I	F	Y	W	H	M	C	P
0	0.02962	0.11201	0.10607	0.01214	0.16875	0.04865	0.02113	0.09119	0.07686	0.05350	0.07714	0.05284	0.01167	0.04998	0.01876	0.00157	0.04446	0.01496	0.00297	0.00575
1	0.02552	0.09320	0.12216	0.04538	0.16912	0.03979	0.04260	0.07498	0.03508	0.01393	0.00944	0.06444	0.00841	0.04218	0.03110	0.00152	0.02935	0.00408	0.00252	0.14520
