[name]
unknown

[dist]
# distance from previous block
# <min> <max>
0	22

[block]
# block no. 0 follows, 59 sequences, length 28
# corresponding to MSA columns:
# 29-56
name=unknown_A
#
# <colnr> <probs for GDERKNQSTAVLIFYWHMCP>
#	G	D	E	R	K	N	Q	S	T	A	V	L	I	F	Y	W	H	M	C	P
0	0.00955	0.00555	0.00772	0.00808	0.00956	0.00535	0.00700	0.01152	0.01064	0.16753	0.02225	0.04317	0.02265	0.01091	0.00578	0.00191	0.00401	0.63779	0.00433	0.00473
1	0.17329	0.00797	0.01033	0.00956	0.09916	0.00750	0.00691	0.01885	0.01143	0.57176	0.02971	0.01351	0.00998	0.00512	0.00414	0.00136	0.00383	0.00408	0.00460	0.00690
2	0.76072	0.00996	0.00743	0.00693	0.02865	0.09962	0.00541	0.01351	0.00813	0.01870	0.00628	0.00735	0.00494	0.00415	0.00291	0.00134	0.00396	0.00248	0.00267	0.00487
3	0.01631	0.01218	0.01337	0.01094	0.05253	0.01345	0.00860	0.73859	0.04628	0.02688	0.01074	0.01081	0.00768	0.00526	0.00442	0.00133	0.00483	0.00401	0.00431	0.00747
4	0.00998	0.01128	0.02423	0.01742	0.02163	0.01054	0.73358	0.01349	0.01039	0.01396	0.01197	0.01451	0.07524	0.00436	0.00521	0.00149	0.00700	0.00556	0.00239	0.00577
5	0.00538	0.00384	0.00512	0.00615	0.00641	0.00359	0.00410	0.00615	0.00846	0.01127	0.02434	0.84190	0.02921	0.01384	0.00564	0.00179	0.00256	0.01256	0.00410	0.00359
6	0.01088	0.01065	0.01882	0.02618	0.73006	0.01057	0.10002	0.01362	0.01010	0.01440	0.00838	0.01104	0.00696	0.00391	0.00446	0.00133	0.00549	0.00408	0.00219	0.00688
7	0.01185	0.01337	0.04907	0.19453	0.25978	0.21574	0.13189	0.04637	0.01087	0.01333	0.00801	0.01044	0.00635	0.00423	0.00441	0.00133	0.00644	0.00383	0.00225	0.00592
8	0.00545	0.00387	0.00511	0.00607	0.00631	0.00363	0.00401	0.00617	0.00833	0.01110	0.02369	0.79097	0.02839	0.06589	0.00669	0.00195	0.00267	0.01217	0.00401	0.00353
9	0.01064	0.01020	0.01741	0.11671	0.72988	0.01042	0.01341	0.01330	0.00992	0.01408	0.00826	0.01102	0.00687	0.00399	0.00438	0.00133	0.00532	0.00393	0.00216	0.00676
10	0.01581	0.01319	0.19005	0.03347	0.07388	0.11498	0.00972	0.06719	0.01211	0.40604	0.01259	0.01219	0.00843	0.00491	0.00432	0.00134	0.00515	0.00389	0.00385	0.00688
11	0.01453	0.08080	0.02829	0.03037	0.10087	0.01067	0.00818	0.16478	0.24723	0.24645	0.01396	0.01333	0.00995	0.00523	0.00430	0.00136	0.00423	0.00425	0.00417	0.00707
12	0.00545	0.00387	0.00511	0.00607	0.00631	0.00363	0.00401	0.00617	0.00833	0.01110	0.02369	0.79097	0.02839	0.06589	0.00669	0.00195	0.00267	0.01217	0.00401	0.00353
13	0.01083	0.01059	0.01867	0.04221	0.72010	0.01055	0.09442	0.01357	0.01007	0.01434	0.00836	0.01105	0.00694	0.00392	0.00446	0.00133	0.00549	0.00407	0.00219	0.00685
14	0.01362	0.03828	0.32491	0.08020	0.01630	0.08540	0.01113	0.06465	0.03639	0.26924	0.01125	0.01145	0.00768	0.00476	0.00426	0.00136	0.00549	0.00373	0.00329	0.00662
15	0.02612	0.01248	0.01379	0.02920	0.09838	0.23316	0.07203	0.02454	0.01065	0.21438	0.00960	0.01088	0.00726	0.00543	0.00683	0.00145	0.21105	0.00383	0.00300	0.00593
16	0.74948	0.09783	0.00850	0.00622	0.00905	0.04403	0.00523	0.01320	0.00787	0.01845	0.00618	0.00720	0.00491	0.00408	0.00279	0.00131	0.00374	0.00241	0.00263	0.00489
17	0.00551	0.00390	0.00509	0.00599	0.00621	0.00367	0.00393	0.00618	0.00821	0.01095	0.02308	0.74371	0.02762	0.11419	0.00767	0.00209	0.00277	0.01182	0.00393	0.00348
18	0.00982	0.00842	0.00939	0.00850	0.01040	0.00973	0.00662	0.04631	0.51110	0.01677	0.06944	0.08858	0.07920	0.00743	0.00579	0.00156	0.09474	0.00601	0.00417	0.00605
19	0.76084	0.00909	0.00736	0.07627	0.01064	0.04946	0.00560	0.01306	0.00787	0.01866	0.00633	0.00760	0.00492	0.00415	0.00294	0.00136	0.00385	0.00254	0.00265	0.00481
20	0.00986	0.01076	0.02218	0.01615	0.01985	0.01041	0.61798	0.01310	0.01030	0.01425	0.09710	0.01394	0.01046	0.00463	0.00593	0.00149	0.07698	0.00531	0.00251	0.03682
21	0.01164	0.00952	0.01192	0.10032	0.01459	0.01063	0.07489	0.10307	0.49206	0.06817	0.04396	0.01546	0.01230	0.00563	0.00456	0.00146	0.00420	0.00486	0.00409	0.00666
22	0.08734	0.01667	0.02902	0.01054	0.02340	0.55249	0.03632	0.01545	0.01103	0.02871	0.00800	0.01030	0.00686	0.04830	0.09521	0.00199	0.00765	0.00333	0.00240	0.00498
23	0.14578	0.01616	0.00815	0.00688	0.00896	0.00669	0.04178	0.03807	0.07833	0.11867	0.32238	0.05048	0.10737	0.00739	0.00458	0.00140	0.00305	0.00626	0.00425	0.02336
24	0.06153	0.01119	0.01606	0.03551	0.58416	0.05907	0.01189	0.11898	0.03078	0.01635	0.00863	0.01065	0.00700	0.00422	0.00427	0.00131	0.00522	0.00381	0.00257	0.00679
25	0.09910	0.01055	0.01589	0.07469	0.54615	0.03613	0.03505	0.06920	0.02954	0.02969	0.00858	0.01072	0.00691	0.00417	0.00423	0.00133	0.00516	0.00382	0.00250	0.00659
26	0.06695	0.01102	0.01525	0.04648	0.47231	0.04531	0.01111	0.19379	0.03182	0.03505	0.00904	0.01071	0.00712	0.00437	0.00425	0.00131	0.00507	0.00381	0.00286	0.02237
27	0.19639	0.01138	0.01384	0.03503	0.38842	0.09326	0.01010	0.14920	0.03259	0.01754	0.00834	0.00994	0.00663	0.00433	0.00400	0.00132	0.00503	0.00353	0.00275	0.00638

[dist]
# distance from previous block
# <min> <max>
7	18

[block]
# block no. 1 follows, 59 sequences, length 29
# corresponding to MSA columns:
# 75-103
name=unknown_B
#
# <colnr> <probs for GDERKNQSTAVLIFYWHMCP>
#	G	D	E	R	K	N	Q	S	T	A	V	L	I	F	Y	W	H	M	C	P
0	0.00951	0.11678	0.01518	0.53018	0.13854	0.03807	0.01155	0.01202	0.00901	0.01156	0.00752	0.01078	0.00601	0.00449	0.00487	0.00140	0.06153	0.00369	0.00199	0.00530
1	0.01111	0.51442	0.27663	0.00965	0.01431	0.01464	0.03955	0.03792	0.00956	0.02616	0.00714	0.00822	0.00583	0.00399	0.00343	0.00113	0.00538	0.00284	0.00203	0.00604
2	0.04512	0.32841	0.32965	0.03665	0.01485	0.01270	0.02407	0.03904	0.05430	0.01332	0.00883	0.05865	0.00753	0.00475	0.00376	0.00126	0.00526	0.00362	0.00228	0.00595
3	0.00989	0.03660	0.01569	0.39953	0.33212	0.01065	0.03458	0.03858	0.02450	0.01321	0.00820	0.01127	0.00652	0.00437	0.00474	0.00141	0.03614	0.00393	0.00218	0.00589
4	0.01274	0.01217	0.15904	0.04068	0.11610	0.04833	0.20495	0.01588	0.02738	0.24000	0.03208	0.02676	0.03311	0.00494	0.00462	0.00140	0.00550	0.00464	0.00326	0.00642
5	0.01030	0.08755	0.21616	0.10415	0.24909	0.02364	0.18787	0.01363	0.00973	0.02485	0.00816	0.01049	0.00636	0.00411	0.00462	0.00137	0.02566	0.00390	0.00211	0.00624
6	0.00894	0.00758	0.01013	0.11700	0.08848	0.05567	0.06306	0.01177	0.07088	0.06985	0.24138	0.04893	0.17349	0.00739	0.00486	0.00142	0.00387	0.00650	0.00374	0.00505
7	0.00534	0.00426	0.00479	0.00511	0.00616	0.00371	0.00366	0.00641	0.00968	0.01209	0.08839	0.31318	0.49780	0.01194	0.00536	0.00159	0.00234	0.01033	0.00415	0.00371
8	0.01421	0.10987	0.04090	0.03251	0.04685	0.10444	0.18079	0.16297	0.02470	0.18449	0.01089	0.03467	0.00818	0.00491	0.00456	0.00134	0.01972	0.00426	0.00334	0.00641
9	0.09586	0.01398	0.25659	0.11411	0.28866	0.03296	0.02056	0.06185	0.01028	0.05233	0.00845	0.01028	0.00640	0.00426	0.00417	0.00136	0.00553	0.00359	0.00241	0.00638
10	0.00532	0.00448	0.00462	0.00458	0.00603	0.00377	0.00344	0.00654	0.01031	0.01251	0.12183	0.04155	0.73799	0.01097	0.00522	0.00148	0.00222	0.00919	0.00418	0.00377
11	0.00834	0.00785	0.01325	0.83417	0.03042	0.00981	0.01227	0.01128	0.00883	0.01128	0.00785	0.01178	0.00589	0.00442	0.00442	0.00147	0.00589	0.00393	0.00196	0.00491
12	0.01074	0.20439	0.51829	0.01117	0.01654	0.06147	0.01315	0.08994	0.01054	0.01433	0.00772	0.00887	0.00580	0.00423	0.00390	0.00128	0.00605	0.00311	0.00214	0.00635
13	0.01135	0.07111	0.16128	0.02973	0.04455	0.01157	0.44468	0.11564	0.01150	0.04186	0.00902	0.01103	0.00668	0.00409	0.00471	0.00141	0.00655	0.00443	0.00253	0.00630
14	0.00650	0.00440	0.00517	0.00528	0.00546	0.00438	0.00332	0.00687	0.00720	0.00960	0.05382	0.03179	0.01850	0.69732	0.01954	0.00385	0.00415	0.10697	0.00296	0.00293
15	0.01652	0.02038	0.01257	0.01128	0.01366	0.76407	0.00852	0.07841	0.01315	0.01213	0.00712	0.00817	0.00583	0.00461	0.00402	0.00115	0.00772	0.00293	0.00244	0.00531
16	0.00909	0.00801	0.01104	0.01009	0.11710	0.00674	0.06183	0.01151	0.02743	0.01482	0.10492	0.01422	0.01171	0.00450	0.00392	0.00096	0.00372	0.03532	0.00290	0.54015
17	0.00642	0.00428	0.00482	0.00482	0.00482	0.00428	0.00268	0.00642	0.00642	0.00856	0.01392	0.02890	0.01606	0.84478	0.02248	0.00428	0.00428	0.00642	0.00268	0.00268
18	0.01085	0.58011	0.28210	0.00919	0.01386	0.01514	0.01040	0.01347	0.00909	0.01156	0.00672	0.00781	0.00564	0.00391	0.00328	0.00109	0.00531	0.00265	0.00188	0.00595
19	0.00859	0.00724	0.00986	0.01033	0.12800	0.03674	0.06626	0.03714	0.07360	0.04006	0.28550	0.09086	0.12153	0.04830	0.00582	0.00157	0.00361	0.01610	0.00388	0.00501
20	0.01045	0.00987	0.01603	0.17645	0.56572	0.01043	0.01247	0.01440	0.11263	0.01436	0.00947	0.01180	0.00762	0.00429	0.00440	0.00137	0.00514	0.00407	0.00244	0.00660
21	0.00974	0.00656	0.00851	0.00889	0.09642	0.00643	0.00614	0.03814	0.11192	0.14402	0.22741	0.02725	0.16579	0.02734	0.03558	0.00173	0.00355	0.06497	0.00427	0.00534
22	0.03943	0.01668	0.01260	0.01262	0.11641	0.51917	0.00871	0.05553	0.06436	0.08659	0.02168	0.01005	0.00748	0.00474	0.00411	0.00122	0.00657	0.00339	0.00286	0.00579
23	0.00992	0.00972	0.01411	0.56800	0.18453	0.08226	0.01204	0.04421	0.00988	0.01253	0.00796	0.01122	0.00616	0.00437	0.00437	0.00140	0.00590	0.00383	0.00213	0.00545
24	0.05436	0.11674	0.06551	0.00983	0.02293	0.24266	0.02717	0.09104	0.14806	0.02883	0.10546	0.01291	0.01156	0.00538	0.00454	0.00130	0.03880	0.00402	0.00315	0.00577
25	0.01089	0.01047	0.01778	0.02660	0.79102	0.01059	0.01343	0.01346	0.00995	0.01431	0.00823	0.01089	0.00696	0.00406	0.00470	0.00133	0.03230	0.00393	0.00218	0.00693
26	0.00898	0.00847	0.01355	0.31351	0.18878	0.01007	0.03762	0.01129	0.02334	0.01192	0.01865	0.05185	0.00854	0.05699	0.02810	0.00187	0.19445	0.00460	0.00225	0.00518
27	0.05995	0.27121	0.07394	0.03747	0.05594	0.04934	0.05691	0.03516	0.05647	0.16862	0.03847	0.01154	0.01789	0.00477	0.00419	0.00125	0.03134	0.00368	0.00303	0.01883
28	0.06596	0.13008	0.04043	0.00813	0.02481	0.13207	0.01940	0.04836	0.06990	0.08979	0.12305	0.02839	0.13121	0.03431	0.01564	0.00146	0.00438	0.00507	0.00345	0.02412

[dist]
# distance from previous block
# <min> <max>
2	12

[block]
# block no. 2 follows, 59 sequences, length 27
# corresponding to MSA columns:
# 116-138,140-143
name=unknown_C
#
# <colnr> <probs for GDERKNQSTAVLIFYWHMCP>
#	G	D	E	R	K	N	Q	S	T	A	V	L	I	F	Y	W	H	M	C	P
0	0.01235	0.01144	0.06097	0.06970	0.25229	0.04111	0.03570	0.25700	0.08336	0.02751	0.02077	0.03171	0.00929	0.00537	0.00477	0.00141	0.02536	0.04007	0.00324	0.00660
1	0.09877	0.00940	0.01112	0.04926	0.22411	0.10636	0.02669	0.05775	0.03996	0.01545	0.15947	0.07469	0.09600	0.00653	0.00451	0.00138	0.00432	0.00559	0.00327	0.00538
2	0.06008	0.01038	0.06119	0.01095	0.01471	0.00936	0.20469	0.13243	0.07537	0.25865	0.03004	0.01283	0.00922	0.00478	0.00444	0.00134	0.00488	0.00434	0.00380	0.08652
3	0.00874	0.00849	0.04013	0.01074	0.05803	0.03627	0.12917	0.01091	0.01058	0.03450	0.37836	0.02086	0.02259	0.00720	0.00726	0.00152	0.20035	0.00593	0.00343	0.00496
4	0.48182	0.01213	0.00929	0.00799	0.01079	0.20317	0.00639	0.15496	0.01128	0.05515	0.00761	0.00832	0.00576	0.00448	0.00340	0.00131	0.00476	0.00287	0.00305	0.00547
5	0.01238	0.01181	0.07340	0.09009	0.44542	0.05780	0.04028	0.11795	0.01168	0.08290	0.00924	0.01105	0.00711	0.00433	0.00438	0.00133	0.00545	0.00392	0.00272	0.00675
6	0.01006	0.00775	0.00907	0.00701	0.01035	0.00658	0.00563	0.04871	0.08806	0.07331	0.05638	0.01495	0.03503	0.00484	0.00385	0.00096	0.00335	0.04716	0.00334	0.56362
7	0.44022	0.00975	0.00920	0.00770	0.01065	0.01102	0.00628	0.24025	0.15229	0.05833	0.01001	0.01014	0.00737	0.00484	0.00360	0.00138	0.00386	0.00339	0.00365	0.00607
8	0.00907	0.03683	0.10629	0.03824	0.08562	0.00643	0.00695	0.01122	0.02360	0.14501	0.06978	0.02781	0.39977	0.00803	0.00477	0.00142	0.00351	0.00671	0.00377	0.00518
9	0.01468	0.01172	0.01414	0.07178	0.21479	0.05474	0.00982	0.44879	0.04150	0.05895	0.01019	0.01102	0.00752	0.00489	0.00439	0.00133	0.00510	0.00396	0.00363	0.00706
10	0.01190	0.01260	0.01612	0.12039	0.53796	0.19820	0.01225	0.01422	0.01048	0.01322	0.00791	0.01035	0.00656	0.00413	0.00429	0.00129	0.00595	0.00368	0.00218	0.00631
11	0.15331	0.01142	0.02107	0.01534	0.01939	0.01131	0.56049	0.12338	0.01138	0.01698	0.00871	0.01095	0.00650	0.00400	0.00470	0.00145	0.00643	0.00458	0.00262	0.00598
12	0.00958	0.00705	0.02790	0.00648	0.00827	0.07182	0.00505	0.03918	0.01102	0.16201	0.13854	0.14192	0.28618	0.05752	0.00598	0.00162	0.00333	0.00764	0.00418	0.00473
13	0.42996	0.02694	0.13316	0.00729	0.01018	0.00841	0.00697	0.01224	0.00908	0.05333	0.09720	0.01838	0.03511	0.00618	0.00391	0.00147	0.00387	0.12816	0.00318	0.00499
14	0.00895	0.01783	0.51759	0.01219	0.01708	0.05663	0.11495	0.01294	0.00932	0.01319	0.00961	0.06862	0.00804	0.00830	0.10324	0.00211	0.00709	0.00432	0.00215	0.00586
15	0.00997	0.11280	0.40874	0.05346	0.20896	0.02699	0.09089	0.01376	0.00961	0.01351	0.00789	0.00979	0.00606	0.00406	0.00419	0.00133	0.00610	0.00353	0.00199	0.00638
16	0.01238	0.01273	0.05802	0.03505	0.04570	0.11601	0.41689	0.08290	0.03964	0.09087	0.01036	0.04037	0.00799	0.00461	0.00481	0.00142	0.00648	0.00481	0.00285	0.00612
17	0.00807	0.00719	0.01175	0.49436	0.11828	0.00831	0.01052	0.01054	0.00915	0.01198	0.01259	0.12558	0.01225	0.00686	0.00485	0.00159	0.00508	0.13360	0.00261	0.00485
18	0.00916	0.00853	0.01442	0.16525	0.43229	0.00881	0.05260	0.01162	0.02006	0.01320	0.01217	0.19132	0.01206	0.00635	0.00474	0.00147	0.00485	0.02269	0.00263	0.00577
19	0.01050	0.00730	0.01080	0.09654	0.04828	0.01695	0.08422	0.05382	0.02904	0.16064	0.05646	0.06526	0.07944	0.00818	0.00527	0.00162	0.01367	0.24280	0.00386	0.00532
20	0.01437	0.01017	0.09521	0.01045	0.01399	0.00849	0.16528	0.12358	0.02263	0.34676	0.04607	0.04623	0.02451	0.04478	0.00550	0.00155	0.00481	0.00504	0.00408	0.00653
21	0.00676	0.00524	0.00756	0.00734	0.00791	0.00627	0.00564	0.00796	0.00697	0.01005	0.01142	0.03374	0.01118	0.11545	0.59903	0.03507	0.11128	0.00493	0.00237	0.00384
22	0.01110	0.22376	0.45272	0.01123	0.01624	0.15719	0.02951	0.02713	0.01001	0.01277	0.00736	0.00861	0.00568	0.00416	0.00385	0.00124	0.00633	0.00302	0.00199	0.00607
23	0.01281	0.00733	0.05707	0.00751	0.00989	0.00612	0.00625	0.06543	0.02228	0.36255	0.15478	0.21680	0.02037	0.00814	0.00488	0.00149	0.00342	0.02232	0.00471	0.00586
24	0.01057	0.01292	0.14658	0.16633	0.26472	0.11798	0.01174	0.04156	0.03554	0.01341	0.00935	0.07134	0.00816	0.00526	0.00512	0.00142	0.06538	0.00434	0.00238	0.00590
25	0.01055	0.01044	0.03585	0.07204	0.59635	0.03893	0.03135	0.03207	0.01035	0.01437	0.03739	0.04515	0.00954	0.00486	0.00451	0.00137	0.00520	0.03079	0.00245	0.00645
26	0.06706	0.01012	0.05396	0.08595	0.10975	0.00985	0.06091	0.24661	0.01331	0.18521	0.02833	0.03338	0.00968	0.04352	0.00526	0.00152	0.00478	0.02067	0.00369	0.00644

[dist]
# distance from previous block
# <min> <max>
0	2

[block]
# block no. 3 follows, 59 sequences, length 15
# corresponding to MSA columns:
# 146-160
name=unknown_D
#
# <colnr> <probs for GDERKNQSTAVLIFYWHMCP>
#	G	D	E	R	K	N	Q	S	T	A	V	L	I	F	Y	W	H	M	C	P
0	0.16219	0.01585	0.01070	0.01017	0.04366	0.51613	0.00744	0.01555	0.03486	0.01368	0.11941	0.01167	0.01082	0.00511	0.00397	0.00123	0.00613	0.00359	0.00277	0.00506
1	0.00977	0.00931	0.01583	0.38812	0.46528	0.01019	0.01298	0.01254	0.00951	0.01302	0.00810	0.01131	0.00650	0.00415	0.00439	0.00138	0.00553	0.00393	0.00209	0.00606
2	0.01190	0.01056	0.02397	0.07710	0.14744	0.13822	0.03082	0.08952	0.12537	0.09623	0.09181	0.09873	0.02653	0.00626	0.00459	0.00140	0.00474	0.00535	0.00353	0.00592
3	0.59152	0.00974	0.00761	0.00675	0.00925	0.10630	0.00540	0.06953	0.00975	0.01903	0.11896	0.01110	0.01021	0.00492	0.00335	0.00134	0.00387	0.00334	0.00310	0.00493
4	0.51286	0.00758	0.00707	0.02782	0.00909	0.00842	0.00515	0.01325	0.08039	0.07139	0.14354	0.02969	0.01337	0.03255	0.00422	0.00150	0.00331	0.02037	0.00346	0.00496
5	0.00583	0.00421	0.00525	0.00566	0.00623	0.00393	0.00390	0.00685	0.00926	0.01239	0.20251	0.37907	0.12405	0.16476	0.00860	0.00213	0.00280	0.04497	0.00401	0.00359
6	0.00697	0.00592	0.00797	0.06319	0.09591	0.03171	0.02370	0.00867	0.02186	0.01306	0.17173	0.32283	0.12783	0.03013	0.01751	0.00172	0.00347	0.03775	0.00374	0.00432
7	0.01089	0.73027	0.02055	0.00713	0.01059	0.01557	0.00697	0.01227	0.00913	0.01061	0.01151	0.01201	0.11822	0.00481	0.00317	0.00102	0.00438	0.00333	0.00220	0.00540
8	0.01127	0.01057	0.01455	0.38470	0.25510	0.08370	0.01164	0.14791	0.01156	0.01499	0.00836	0.01099	0.00647	0.00444	0.00436	0.00137	0.00571	0.00384	0.00248	0.00598
9	0.00805	0.00739	0.01223	0.71900	0.02711	0.00903	0.01114	0.01087	0.00934	0.01218	0.12003	0.01472	0.01086	0.00506	0.00453	0.00146	0.00536	0.00449	0.00237	0.00480
10	0.00635	0.00435	0.00512	0.00512	0.00530	0.00443	0.00310	0.00662	0.00669	0.00896	0.01513	0.02796	0.05442	0.69123	0.13350	0.00454	0.00523	0.00633	0.00270	0.00290
11	0.87598	0.00854	0.00649	0.00581	0.00854	0.00991	0.00478	0.01298	0.00752	0.01982	0.00615	0.00717	0.00478	0.00410	0.00273	0.00137	0.00342	0.00239	0.00273	0.00478
12	0.00886	0.02285	0.82190	0.01259	0.01912	0.01026	0.01632	0.01399	0.00932	0.01399	0.00793	0.00932	0.00559	0.00420	0.00420	0.00140	0.00653	0.00326	0.00186	0.00653
13	0.05319	0.01159	0.01294	0.39340	0.10521	0.20968	0.01047	0.07028	0.01054	0.01305	0.00792	0.01068	0.00627	0.00591	0.04461	0.00164	0.02138	0.00363	0.00230	0.00531
14	0.09052	0.45668	0.01743	0.00855	0.01170	0.23132	0.00749	0.08018	0.01069	0.01275	0.00694	0.00830	0.00607	0.03032	0.00387	0.00117	0.00547	0.00275	0.00230	0.00550

[dist]
# distance from previous block
# <min> <max>
0	2

[block]
# block no. 4 follows, 59 sequences, length 20
# corresponding to MSA columns:
# 163-182
name=unknown_E
#
# <colnr> <probs for GDERKNQSTAVLIFYWHMCP>
#	G	D	E	R	K	N	Q	S	T	A	V	L	I	F	Y	W	H	M	C	P
0	0.20339	0.09215	0.01266	0.01024	0.04073	0.29200	0.03242	0.06167	0.04962	0.03257	0.00794	0.02449	0.00663	0.00504	0.00507	0.00133	0.11067	0.00333	0.00263	0.00541
1	0.00595	0.00427	0.00577	0.00676	0.00731	0.00409	0.00508	0.00715	0.00907	0.01194	0.02458	0.55707	0.04939	0.01322	0.00578	0.00187	0.00305	0.26981	0.00409	0.00375
2	0.01348	0.01119	0.01136	0.00956	0.01244	0.05514	0.00761	0.31900	0.46772	0.02162	0.01459	0.01380	0.01080	0.00565	0.00444	0.00141	0.00425	0.00449	0.00435	0.00709
3	0.01157	0.03273	0.28497	0.01100	0.03809	0.00929	0.08939	0.09816	0.02778	0.12359	0.00974	0.01059	0.00707	0.00422	0.00410	0.00120	0.00511	0.00356	0.00291	0.22494
4	0.00886	0.02285	0.82190	0.01259	0.01912	0.01026	0.01632	0.01399	0.00932	0.01399	0.00793	0.00932	0.00559	0.00420	0.00420	0.00140	0.00653	0.00326	0.00186	0.00653
5	0.00928	0.12841	0.69636	0.01212	0.01823	0.01121	0.03786	0.01389	0.00931	0.01353	0.00773	0.00911	0.00564	0.00413	0.00405	0.00134	0.00632	0.00320	0.00188	0.00640
6	0.00988	0.00931	0.01551	0.10152	0.61598	0.00942	0.01192	0.01239	0.01014	0.01422	0.07803	0.01510	0.06746	0.00492	0.00451	0.00135	0.00483	0.00466	0.00252	0.00633
7	0.00725	0.00534	0.00713	0.00794	0.00909	0.00539	0.00685	0.00993	0.06457	0.01349	0.02447	0.04705	0.07840	0.01171	0.00593	0.00196	0.00390	0.68123	0.00410	0.00424
8	0.00543	0.00391	0.00515	0.00604	0.00640	0.00363	0.00407	0.00630	0.00879	0.01172	0.07576	0.75406	0.06559	0.01341	0.00559	0.00175	0.00252	0.01212	0.00415	0.00363
9	0.01002	0.01939	0.63379	0.01205	0.01779	0.00954	0.06326	0.01447	0.00981	0.10438	0.01068	0.01224	0.03413	0.00474	0.00437	0.00142	0.00607	0.02299	0.00242	0.00645
10	0.00834	0.00785	0.01325	0.83417	0.03042	0.00981	0.01227	0.01128	0.00883	0.01128	0.00785	0.01178	0.00589	0.00442	0.00442	0.00147	0.00589	0.00393	0.00196	0.00491
11	0.00640	0.00437	0.00527	0.00527	0.00543	0.00453	0.00325	0.00672	0.00656	0.00890	0.01350	0.02659	0.01505	0.68241	0.18349	0.00485	0.00579	0.00608	0.00261	0.00293
12	0.01209	0.00908	0.01103	0.01140	0.13429	0.00986	0.00777	0.02086	0.52223	0.14159	0.05838	0.01628	0.01358	0.00576	0.00451	0.00144	0.00373	0.00490	0.00431	0.00692
13	0.00868	0.00809	0.01332	0.45985	0.22012	0.00941	0.01128	0.01110	0.00893	0.01201	0.01005	0.12446	0.00933	0.00583	0.00533	0.00151	0.06805	0.00510	0.00231	0.00524
14	0.00877	0.02226	0.79574	0.01236	0.01871	0.01006	0.01593	0.01381	0.00943	0.01411	0.03379	0.01008	0.00675	0.00435	0.00423	0.00140	0.00638	0.00342	0.00196	0.00645
15	0.00895	0.00874	0.01558	0.62139	0.12857	0.01008	0.11987	0.01196	0.00920	0.01207	0.00806	0.01169	0.00614	0.00426	0.00452	0.00145	0.00602	0.00410	0.00203	0.00531
16	0.00884	0.01025	0.07157	0.05138	0.01839	0.00894	0.48086	0.01188	0.01003	0.01338	0.01605	0.09517	0.12001	0.00628	0.00521	0.00155	0.00594	0.05623	0.00274	0.00530
17	0.01393	0.00971	0.01203	0.05456	0.14664	0.04664	0.00848	0.23839	0.04360	0.20054	0.03418	0.03491	0.05464	0.00611	0.00492	0.00142	0.03270	0.04614	0.00395	0.00651
18	0.07022	0.01201	0.05110	0.06843	0.04898	0.05760	0.50571	0.03951	0.01060	0.06575	0.00904	0.01135	0.00671	0.00409	0.00492	0.00144	0.01950	0.00457	0.00251	0.00595
19	0.01486	0.01038	0.01114	0.00886	0.01167	0.03834	0.00707	0.49681	0.04342	0.11900	0.06336	0.01517	0.01141	0.11988	0.00692	0.00174	0.00453	0.00462	0.00427	0.00654

[dist]
# distance from previous block
# <min> <max>
1	23

[block]
# block no. 5 follows, 59 sequences, length 9
# corresponding to MSA columns:
# 206-214
name=unknown_F
#
# <colnr> <probs for GDERKNQSTAVLIFYWHMCP>
#	G	D	E	R	K	N	Q	S	T	A	V	L	I	F	Y	W	H	M	C	P
0	0.02807	0.01041	0.01547	0.21937	0.26424	0.04925	0.09774	0.13274	0.03987	0.05328	0.00959	0.01219	0.00747	0.00458	0.00446	0.00138	0.00549	0.02103	0.00277	0.02061
1	0.08461	0.05047	0.01309	0.03019	0.03928	0.24933	0.00842	0.40088	0.01560	0.01997	0.00862	0.00941	0.00656	0.00496	0.00450	0.00129	0.03972	0.00344	0.00332	0.00633
2	0.00701	0.00494	0.00689	0.02835	0.07389	0.00469	0.00545	0.00831	0.00952	0.06108	0.09411	0.48457	0.09567	0.01147	0.00540	0.00168	0.00301	0.08568	0.00404	0.00425
3	0.00639	0.00440	0.00541	0.00541	0.00562	0.00461	0.00342	0.00680	0.00660	0.00900	0.01337	0.02589	0.01475	0.63306	0.23242	0.00502	0.00625	0.00598	0.00260	0.00301
4	0.01609	0.10590	0.01385	0.01063	0.01342	0.50998	0.00839	0.24059	0.01449	0.01561	0.00783	0.00862	0.00621	0.00468	0.00399	0.00117	0.00674	0.00312	0.00284	0.00586
5	0.00537	0.00390	0.00507	0.00601	0.00637	0.00360	0.00404	0.00617	0.00859	0.01133	0.02601	0.77648	0.09355	0.01362	0.00560	0.00177	0.00254	0.01229	0.00410	0.00360
6	0.06583	0.30244	0.34298	0.01025	0.01496	0.05142	0.04811	0.01465	0.04231	0.05744	0.00813	0.00909	0.00624	0.00419	0.00370	0.00124	0.00555	0.00311	0.00227	0.00610
7	0.05075	0.50413	0.06095	0.00849	0.01229	0.01535	0.00810	0.23807	0.01240	0.04131	0.00786	0.00846	0.00631	0.00430	0.00340	0.00111	0.00477	0.00293	0.00276	0.00626
8	0.04432	0.62272	0.09745	0.00836	0.01223	0.07529	0.00836	0.04239	0.00974	0.03494	0.00685	0.00772	0.00585	0.00399	0.00315	0.00104	0.00506	0.00260	0.00214	0.00580

[dist]
# distance from previous block
# <min> <max>
3	22

[block]
# block no. 6 follows, 59 sequences, length 10
# corresponding to MSA columns:
# 237-246
name=unknown_G
#
# <colnr> <probs for GDERKNQSTAVLIFYWHMCP>
#	G	D	E	R	K	N	Q	S	T	A	V	L	I	F	Y	W	H	M	C	P
0	0.09832	0.04056	0.05233	0.01252	0.16091	0.06663	0.05698	0.06379	0.15212	0.07728	0.04416	0.03490	0.02633	0.00597	0.00445	0.00144	0.00463	0.08726	0.00340	0.00603
1	0.00538	0.00384	0.00512	0.00615	0.00641	0.00359	0.00410	0.00615	0.00846	0.01127	0.02434	0.84190	0.02921	0.01384	0.00564	0.00179	0.00256	0.01256	0.00410	0.00359
2	0.01142	0.00970	0.01023	0.00908	0.01165	0.01119	0.00710	0.08161	0.75041	0.01917	0.01743	0.01604	0.01304	0.00594	0.00449	0.00149	0.00360	0.00492	0.00449	0.00703
3	0.00966	0.00966	0.01353	0.01160	0.01160	0.01353	0.00966	0.01063	0.00676	0.01063	0.00580	0.00966	0.00580	0.00773	0.01449	0.00193	0.83670	0.00387	0.00193	0.00483
4	0.12817	0.06867	0.00808	0.00682	0.00821	0.00711	0.00528	0.08199	0.00922	0.03468	0.01509	0.23401	0.01593	0.11187	0.18015	0.00305	0.00536	0.06865	0.00328	0.00438
5	0.87598	0.00854	0.00649	0.00581	0.00854	0.00991	0.00478	0.01298	0.00752	0.01982	0.00615	0.00717	0.00478	0.00410	0.00273	0.00137	0.00342	0.00239	0.00273	0.00478
6	0.01097	0.01219	0.08854	0.04909	0.35059	0.06902	0.19870	0.01379	0.01011	0.04122	0.03665	0.01165	0.00792	0.00452	0.00541	0.00141	0.07538	0.00425	0.00235	0.00624
7	0.01503	0.11528	0.01292	0.00883	0.01221	0.01151	0.00736	0.33008	0.16203	0.18425	0.01255	0.01202	0.00899	0.00509	0.00414	0.00126	0.00423	0.00394	0.00417	0.08413
8	0.00541	0.00393	0.00511	0.00599	0.00638	0.00363	0.00404	0.00628	0.00879	0.01166	0.06685	0.73731	0.09155	0.01338	0.00558	0.00175	0.00251	0.01207	0.00414	0.00363
9	0.06685	0.01036	0.04809	0.00910	0.03294	0.05187	0.00738	0.25885	0.04189	0.31103	0.01290	0.01352	0.00929	0.07525	0.00577	0.00157	0.00448	0.00416	0.00422	0.03046

[dist]
# distance from previous block
# <min> <max>
15	43

[block]
# block no. 7 follows, 59 sequences, length 44
# corresponding to MSA columns:
# 306-349
name=unknown_H
#
# <colnr> <probs for GDERKNQSTAVLIFYWHMCP>
#	G	D	E	R	K	N	Q	S	T	A	V	L	I	F	Y	W	H	M	C	P
0	0.02338	0.12636	0.24814	0.00984	0.01372	0.06392	0.04828	0.11023	0.02980	0.08154	0.06301	0.09608	0.01130	0.00567	0.00425	0.00132	0.00502	0.00464	0.00306	0.05046
1	0.05266	0.17029	0.21466	0.01105	0.01514	0.03559	0.14597	0.12465	0.01118	0.04262	0.03044	0.04648	0.00849	0.00493	0.00438	0.00132	0.02355	0.01486	0.00270	0.03904
2	0.08634	0.02454	0.26469	0.03111	0.01542	0.00890	0.15252	0.04639	0.01030	0.12495	0.04248	0.10205	0.01057	0.00551	0.00442	0.00140	0.00514	0.00489	0.00301	0.05537
3	0.00857	0.00890	0.09557	0.00792	0.04267	0.00623	0.01670	0.01092	0.00986	0.01488	0.15586	0.01456	0.03559	0.00467	0.00385	0.00093	0.00350	0.00394	0.00297	0.55190
4	0.06705	0.00911	0.03864	0.00878	0.02311	0.02148	0.08194	0.10516	0.02248	0.16180	0.07704	0.02702	0.01090	0.02421	0.00449	0.00120	0.00408	0.00411	0.00351	0.30389
5	0.00869	0.00821	0.01350	0.61960	0.11365	0.01008	0.01179	0.01134	0.00888	0.01181	0.03963	0.01228	0.00742	0.00492	0.00558	0.00150	0.09983	0.00408	0.00210	0.00510
6	0.01076	0.01028	0.01739	0.05670	0.75405	0.01028	0.01316	0.01337	0.00997	0.01431	0.00827	0.01089	0.00694	0.00393	0.00433	0.00129	0.00519	0.00388	0.00220	0.04283
7	0.01076	0.01032	0.01762	0.07969	0.76597	0.01045	0.01347	0.01341	0.00998	0.01422	0.00828	0.01099	0.00692	0.00397	0.00438	0.00132	0.00529	0.00393	0.00217	0.00686
8	0.01214	0.01006	0.01064	0.00922	0.01192	0.01152	0.00727	0.17830	0.65255	0.02034	0.01651	0.01531	0.01230	0.00585	0.00448	0.00146	0.00377	0.00479	0.00448	0.00709
9	0.01093	0.01049	0.01793	0.02711	0.81723	0.01049	0.01355	0.01355	0.01006	0.01443	0.00831	0.01093	0.00700	0.00394	0.00437	0.00131	0.00525	0.00394	0.00219	0.00700
10	0.01730	0.00897	0.01163	0.01014	0.06970	0.06456	0.03097	0.01921	0.02726	0.57716	0.01484	0.02868	0.01007	0.00561	0.00538	0.00141	0.08118	0.00442	0.00454	0.00694
11	0.00886	0.02285	0.82190	0.01259	0.01912	0.01026	0.01632	0.01399	0.00932	0.01399	0.00793	0.00932	0.00559	0.00420	0.00420	0.00140	0.00653	0.00326	0.00186	0.00653
12	0.00618	0.00451	0.00581	0.00549	0.00656	0.00414	0.00411	0.00821	0.01234	0.01734	0.76511	0.03361	0.09170	0.00917	0.00521	0.00140	0.00209	0.00807	0.00481	0.00414
13	0.00712	0.00508	0.00712	0.00813	0.00915	0.00508	0.00712	0.00915	0.01017	0.01322	0.02338	0.04982	0.02542	0.01220	0.00610	0.00203	0.00407	0.78750	0.00407	0.00407
14	0.01097	0.01082	0.01954	0.06661	0.52701	0.01080	0.21768	0.05534	0.01065	0.01490	0.00857	0.01121	0.00689	0.00398	0.00460	0.00137	0.00583	0.00427	0.00230	0.00664
15	0.00886	0.02285	0.82190	0.01259	0.01912	0.01026	0.01632	0.01399	0.00932	0.01399	0.00793	0.00932	0.00559	0.00420	0.00420	0.00140	0.00653	0.00326	0.00186	0.00653
16	0.00586	0.00448	0.00538	0.00520	0.00637	0.00399	0.00388	0.00756	0.01151	0.01547	0.51842	0.06617	0.30975	0.00996	0.00523	0.00144	0.00215	0.00862	0.00457	0.00399
17	0.00544	0.00455	0.00478	0.00490	0.00634	0.00389	0.00380	0.00667	0.01008	0.01208	0.04223	0.04336	0.72254	0.01130	0.00532	0.00156	0.00245	0.10083	0.00410	0.00377
18	0.01922	0.00793	0.01117	0.00849	0.01197	0.00701	0.04697	0.05149	0.01284	0.74851	0.01673	0.01470	0.01058	0.00537	0.00448	0.00137	0.00399	0.00446	0.00526	0.00744
19	0.01093	0.01049	0.01793	0.02711	0.81723	0.01049	0.01355	0.01355	0.01006	0.01443	0.00831	0.01093	0.00700	0.00394	0.00437	0.00131	0.00525	0.00394	0.00219	0.00700
20	0.01679	0.01237	0.01325	0.01016	0.01370	0.01370	0.00839	0.80251	0.02077	0.02783	0.01060	0.01060	0.00751	0.00530	0.00442	0.00133	0.00486	0.00398	0.00442	0.00751
21	0.01093	0.01049	0.01793	0.02711	0.81723	0.01049	0.01355	0.01355	0.01006	0.01443	0.00831	0.01093	0.00700	0.00394	0.00437	0.00131	0.00525	0.00394	0.00219	0.00700
22	0.00711	0.00551	0.00760	0.00801	0.07172	0.00584	0.03331	0.00778	0.00716	0.00983	0.01334	0.07972	0.01478	0.53204	0.09485	0.00382	0.07033	0.02107	0.00266	0.00352
23	0.00708	0.00586	0.00857	0.00813	0.00873	0.00735	0.00647	0.00851	0.00702	0.01034	0.01045	0.01559	0.00984	0.02732	0.64148	0.00592	0.20039	0.00453	0.00227	0.00415
24	0.01067	0.01023	0.01746	0.10840	0.73798	0.01043	0.01342	0.01333	0.00993	0.01411	0.00826	0.01102	0.00688	0.00398	0.00438	0.00133	0.00531	0.00393	0.00216	0.00679
25	0.02664	0.00999	0.03453	0.03758	0.01591	0.01098	0.29176	0.01272	0.00876	0.08597	0.00873	0.01195	0.00718	0.02379	0.07496	0.00215	0.32410	0.00448	0.00243	0.00540
26	0.00986	0.01904	0.56226	0.01419	0.03714	0.01030	0.21380	0.01440	0.00979	0.05504	0.00867	0.01030	0.00618	0.00414	0.00447	0.00142	0.00659	0.00383	0.00215	0.00644
27	0.00841	0.00792	0.01338	0.81148	0.05253	0.00983	0.01230	0.01135	0.00887	0.01137	0.00786	0.01175	0.00592	0.00440	0.00441	0.00147	0.00587	0.00393	0.00197	0.00497
28	0.01045	0.01185	0.02570	0.01900	0.05879	0.01114	0.76577	0.01412	0.01041	0.01416	0.00891	0.01187	0.00671	0.00373	0.00517	0.00148	0.00735	0.00515	0.00223	0.00600
29	0.00973	0.01010	0.07390	0.04647	0.44324	0.00910	0.11342	0.01237	0.00986	0.02835	0.01216	0.12058	0.02215	0.00594	0.00477	0.00146	0.00515	0.06255	0.00263	0.00607
30	0.01353	0.02399	0.16049	0.05460	0.03945	0.00849	0.13271	0.02794	0.05519	0.33712	0.06493	0.03879	0.01145	0.00534	0.00458	0.00141	0.00487	0.00477	0.00382	0.00655
31	0.01023	0.01013	0.01886	0.03743	0.13207	0.01052	0.38229	0.02736	0.02429	0.03710	0.00931	0.01344	0.00790	0.09514	0.02120	0.00192	0.14799	0.00484	0.00240	0.00560
32	0.04185	0.01786	0.49936	0.04415	0.04669	0.06824	0.03382	0.02305	0.01003	0.11056	0.00991	0.04311	0.00761	0.00489	0.00429	0.00140	0.00592	0.01845	0.00254	0.00627
33	0.01079	0.01200	0.13942	0.07683	0.38923	0.01025	0.13365	0.01399	0.02512	0.07039	0.00981	0.01192	0.02470	0.00447	0.00502	0.00141	0.04790	0.00420	0.00243	0.00647
34	0.00902	0.08019	0.01035	0.07737	0.01176	0.07184	0.04708	0.01243	0.14204	0.03760	0.03123	0.26941	0.01858	0.00900	0.00499	0.00160	0.00416	0.15283	0.00361	0.00490
35	0.01030	0.01631	0.35948	0.01331	0.03107	0.07990	0.22357	0.04941	0.02676	0.03379	0.04685	0.05589	0.00953	0.00508	0.00463	0.00143	0.00622	0.01789	0.00255	0.00603
36	0.03038	0.34757	0.28627	0.00977	0.01409	0.08568	0.02801	0.01432	0.02079	0.06806	0.01711	0.00967	0.00684	0.02919	0.00432	0.00129	0.01528	0.00315	0.00228	0.00592
37	0.01064	0.10978	0.18704	0.03520	0.14766	0.03930	0.27754	0.01389	0.01026	0.05120	0.06713	0.01219	0.00908	0.00437	0.00449	0.00135	0.00601	0.00432	0.00245	0.00610
38	0.00548	0.00451	0.00483	0.00481	0.00620	0.00386	0.00365	0.00681	0.01051	0.01301	0.18145	0.04110	0.64595	0.01084	0.00525	0.00149	0.00228	0.03991	0.00424	0.00382
39	0.05122	0.30922	0.18263	0.00952	0.01310	0.01157	0.08035	0.04144	0.00966	0.02336	0.01107	0.05706	0.01061	0.03912	0.00485	0.00148	0.00504	0.13069	0.00259	0.00544
40	0.03043	0.37907	0.29235	0.01037	0.04754	0.04182	0.02103	0.02627	0.03762	0.04203	0.02900	0.00945	0.00713	0.00426	0.00363	0.00119	0.00533	0.00313	0.00227	0.00608
41	0.00546	0.00390	0.00519	0.00610	0.00642	0.00364	0.00411	0.00634	0.00880	0.01182	0.09163	0.77305	0.03027	0.01343	0.00560	0.00176	0.00252	0.01217	0.00416	0.00364
42	0.01223	0.77269	0.02218	0.00790	0.01155	0.09071	0.00765	0.01362	0.00929	0.01043	0.00620	0.00716	0.00567	0.00385	0.00294	0.00096	0.00502	0.00241	0.00192	0.00562
43	0.01102	0.36028	0.38708	0.01036	0.01534	0.03395	0.02353	0.08661	0.01033	0.01371	0.00743	0.00853	0.00582	0.00413	0.00367	0.00120	0.00568	0.00298	0.00213	0.00622

[dist]
# distance from previous block
# <min> <max>
0	2

[block]
# block no. 8 follows, 59 sequences, length 14
# corresponding to MSA columns:
# 352-365
name=unknown_I
#
# <colnr> <probs for GDERKNQSTAVLIFYWHMCP>
#	G	D	E	R	K	N	Q	S	T	A	V	L	I	F	Y	W	H	M	C	P
0	0.02896	0.32280	0.21106	0.01101	0.01525	0.14871	0.12680	0.01478	0.01006	0.06126	0.00778	0.00896	0.00611	0.00411	0.00380	0.00120	0.00601	0.00320	0.00223	0.00592
1	0.00641	0.00432	0.00500	0.00500	0.00506	0.00438	0.00290	0.00654	0.00648	0.00870	0.01375	0.02800	0.01566	0.78109	0.08563	0.00450	0.00487	0.00629	0.00265	0.00278
2	0.11870	0.39098	0.23608	0.00947	0.01380	0.03932	0.05245	0.01421	0.02648	0.05131	0.00759	0.00857	0.00601	0.00408	0.00347	0.00119	0.00523	0.00293	0.00224	0.00590
3	0.03595	0.66153	0.02012	0.00782	0.01119	0.07666	0.00735	0.05119	0.00973	0.01159	0.00771	0.06710	0.00742	0.00464	0.00319	0.00105	0.00478	0.00321	0.00222	0.00554
4	0.00563	0.00444	0.00508	0.00503	0.00625	0.00388	0.00373	0.00709	0.01087	0.01409	0.33863	0.10656	0.45185	0.01058	0.00525	0.00148	0.00221	0.00908	0.00439	0.00388
5	0.00682	0.00498	0.00697	0.06657	0.00974	0.00506	0.00649	0.00852	0.00953	0.01249	0.04763	0.18171	0.02441	0.08321	0.00727	0.00212	0.00389	0.50482	0.00383	0.00393
6	0.06505	0.08113	0.01517	0.01082	0.01419	0.07079	0.12451	0.38861	0.01528	0.11659	0.01005	0.01060	0.00728	0.00496	0.00476	0.00134	0.04466	0.00390	0.00364	0.00667
7	0.01059	0.13810	0.51305	0.01105	0.01633	0.01080	0.03602	0.03792	0.03866	0.09313	0.04688	0.01104	0.00819	0.00457	0.00412	0.00133	0.00566	0.00361	0.00254	0.00642
8	0.00623	0.00415	0.00544	0.00620	0.00676	0.00383	0.00431	0.00714	0.00889	0.05514	0.02554	0.69669	0.09040	0.01310	0.00556	0.00176	0.00267	0.04817	0.00417	0.00383
9	0.11790	0.01069	0.01305	0.25262	0.08813	0.12349	0.06946	0.11846	0.01117	0.03608	0.00964	0.01407	0.00807	0.00528	0.00466	0.00144	0.02998	0.07754	0.00276	0.00552
10	0.03858	0.07167	0.07554	0.01147	0.08331	0.05093	0.06400	0.25820	0.11501	0.10874	0.04492	0.01285	0.00977	0.00514	0.00432	0.00133	0.00485	0.01521	0.00365	0.02050
11	0.01060	0.06730	0.00995	0.00765	0.00988	0.00788	0.04294	0.10861	0.13101	0.13192	0.17548	0.07650	0.13212	0.03707	0.00539	0.00153	0.00350	0.03089	0.00425	0.00551
12	0.01020	0.01142	0.11137	0.01030	0.02819	0.08652	0.14235	0.02450	0.05327	0.03790	0.02477	0.07084	0.02463	0.00485	0.00416	0.00113	0.00482	0.00432	0.00280	0.34166
13	0.09349	0.00976	0.03736	0.08238	0.33742	0.03487	0.05368	0.03729	0.05320	0.02620	0.09413	0.03955	0.01161	0.00511	0.00435	0.00135	0.00470	0.01686	0.00285	0.05385

[dist]
# distance from previous block
# <min> <max>
3	19

[block]
# block no. 9 follows, 59 sequences, length 58
# corresponding to MSA columns:
# 387-444
name=unknown_J
#
# <colnr> <probs for GDERKNQSTAVLIFYWHMCP>
#	G	D	E	R	K	N	Q	S	T	A	V	L	I	F	Y	W	H	M	C	P
0	0.03967	0.07572	0.12531	0.01232	0.12684	0.06688	0.08540	0.05388	0.11445	0.06402	0.06329	0.01301	0.02189	0.00547	0.02344	0.00141	0.00509	0.00412	0.00301	0.09481
1	0.02332	0.02270	0.09771	0.03582	0.41843	0.04986	0.01117	0.06535	0.02971	0.07802	0.06538	0.01239	0.00960	0.00457	0.00430	0.00129	0.00497	0.00404	0.00282	0.05854
2	0.04392	0.08546	0.09265	0.01056	0.06607	0.12379	0.00862	0.20671	0.13997	0.03552	0.01117	0.01160	0.03351	0.00497	0.00426	0.00125	0.02113	0.00376	0.00324	0.09185
3	0.03514	0.19991	0.23573	0.00991	0.03999	0.02089	0.04649	0.06540	0.03435	0.07386	0.02387	0.01293	0.07934	0.00489	0.00395	0.00122	0.00485	0.00387	0.00277	0.10064
4	0.04822	0.09572	0.19444	0.01243	0.14454	0.04823	0.06274	0.05753	0.03226	0.05959	0.06819	0.05293	0.05648	0.04168	0.00510	0.00148	0.00497	0.00475	0.00289	0.00584
5	0.02606	0.40523	0.15242	0.00954	0.05145	0.05438	0.02808	0.02363	0.00939	0.05380	0.00863	0.01180	0.00769	0.09235	0.00552	0.00147	0.00511	0.02527	0.00232	0.02584
6	0.00947	0.04919	0.01089	0.04018	0.23568	0.08044	0.00759	0.01150	0.03578	0.06130	0.02320	0.06214	0.30877	0.00730	0.00461	0.00136	0.00402	0.00619	0.00326	0.03714
7	0.02295	0.28825	0.22812	0.01166	0.08327	0.06149	0.07443	0.03264	0.01006	0.08881	0.00920	0.05387	0.00763	0.00468	0.00392	0.00125	0.00544	0.00377	0.00248	0.00609
8	0.00631	0.00473	0.00710	0.00710	0.00789	0.00552	0.00552	0.00789	0.00710	0.01025	0.01183	0.01735	0.01104	0.03312	0.82728	0.00710	0.01183	0.00473	0.00237	0.00394
9	0.01147	0.69340	0.14961	0.00846	0.01264	0.03904	0.00897	0.01347	0.00913	0.01097	0.00644	0.00746	0.00566	0.00387	0.00308	0.00102	0.00510	0.00252	0.00190	0.00579
10	0.00995	0.01064	0.06349	0.03636	0.04209	0.13285	0.11550	0.05847	0.10371	0.01463	0.08400	0.05410	0.09881	0.00740	0.00495	0.00152	0.00494	0.14790	0.00341	0.00527
11	0.01128	0.01002	0.01623	0.07066	0.56848	0.01025	0.04010	0.04032	0.09364	0.05635	0.03247	0.01241	0.00878	0.00444	0.00445	0.00135	0.00500	0.00423	0.00273	0.00680
12	0.00618	0.00448	0.00578	0.00555	0.00654	0.00414	0.00412	0.00807	0.01190	0.01666	0.69154	0.07377	0.07737	0.04235	0.00593	0.00154	0.00224	0.02310	0.00469	0.00406
13	0.00956	0.00904	0.01504	0.45508	0.35821	0.01016	0.01254	0.01285	0.04996	0.01296	0.00856	0.01166	0.00674	0.00429	0.00440	0.00141	0.00550	0.00398	0.00218	0.00589
14	0.03757	0.05998	0.59766	0.01195	0.01759	0.01066	0.05908	0.03001	0.08102	0.04045	0.00909	0.01014	0.00655	0.00437	0.00418	0.00139	0.00600	0.00351	0.00231	0.00649
15	0.00621	0.00411	0.00544	0.00622	0.00669	0.00382	0.00426	0.00708	0.00876	0.05244	0.03869	0.72250	0.04066	0.03788	0.00608	0.00184	0.00271	0.03668	0.00414	0.00379
16	0.13797	0.00944	0.01101	0.00979	0.05230	0.10411	0.09667	0.03216	0.09553	0.18402	0.08467	0.09526	0.04055	0.00625	0.00441	0.00141	0.00435	0.00532	0.01908	0.00572
17	0.00614	0.01672	0.00591	0.00637	0.00684	0.00444	0.00451	0.02118	0.00846	0.01129	0.02097	0.51714	0.02433	0.14252	0.08319	0.00267	0.00393	0.10605	0.00369	0.00364
18	0.01089	0.59196	0.27062	0.00912	0.01375	0.01524	0.01027	0.01346	0.00908	0.01151	0.00669	0.00778	0.00565	0.00391	0.00326	0.00109	0.00528	0.00264	0.00188	0.00593
19	0.00950	0.00905	0.01542	0.46285	0.36590	0.01007	0.02693	0.01230	0.00939	0.01272	0.00806	0.01138	0.00638	0.00418	0.00439	0.00139	0.00560	0.00393	0.00207	0.01845
20	0.00834	0.00785	0.01325	0.83417	0.03042	0.00981	0.01227	0.01128	0.00883	0.01128	0.00785	0.01178	0.00589	0.00442	0.00442	0.00147	0.00589	0.00393	0.00196	0.00491
21	0.01933	0.00770	0.01029	0.00796	0.01133	0.00685	0.00655	0.03653	0.05154	0.76617	0.01732	0.01502	0.01099	0.00549	0.00444	0.00137	0.00377	0.00446	0.00540	0.00749
22	0.01410	0.00719	0.02321	0.00881	0.05147	0.00627	0.05530	0.01615	0.01227	0.44963	0.28163	0.02052	0.02061	0.00645	0.00474	0.00138	0.00355	0.00562	0.00484	0.00626
23	0.00916	0.00785	0.00916	0.00654	0.01047	0.00589	0.00523	0.01112	0.00916	0.01439	0.00785	0.00916	0.00654	0.00327	0.00327	0.00065	0.00327	0.00262	0.00262	0.87178
24	0.04477	0.00904	0.01203	0.00930	0.01269	0.00885	0.07775	0.15634	0.11607	0.48214	0.01519	0.01392	0.01009	0.00531	0.00446	0.00139	0.00423	0.00443	0.00478	0.00722
25	0.01163	0.68059	0.14126	0.00848	0.01262	0.04228	0.00891	0.03034	0.00939	0.01131	0.00652	0.00752	0.00570	0.00390	0.00311	0.00103	0.00510	0.00255	0.00195	0.00582
26	0.00838	0.00785	0.01305	0.79392	0.02945	0.00962	0.01192	0.01128	0.00885	0.01144	0.00785	0.01165	0.00592	0.00436	0.00436	0.00143	0.00576	0.00386	0.00199	0.04707
27	0.01043	0.00885	0.00948	0.00854	0.01085	0.01009	0.00663	0.03515	0.68538	0.01854	0.12781	0.01865	0.01727	0.00640	0.00459	0.00148	0.00332	0.00539	0.00454	0.00661
28	0.01017	0.00958	0.01616	0.02422	0.70545	0.00954	0.01225	0.01253	0.00984	0.01399	0.01052	0.12549	0.01006	0.00530	0.00455	0.00138	0.00488	0.00512	0.00245	0.00653
29	0.01140	0.00969	0.01022	0.00907	0.01164	0.01118	0.00709	0.07922	0.75282	0.01915	0.01745	0.01606	0.01305	0.00594	0.00449	0.00149	0.00359	0.00492	0.00449	0.00703
30	0.00986	0.22065	0.49627	0.01278	0.05651	0.01212	0.10589	0.01380	0.00940	0.01316	0.00763	0.00916	0.00581	0.00403	0.00399	0.00130	0.00614	0.00331	0.00193	0.00628
31	0.00912	0.04842	0.70048	0.01384	0.10165	0.01042	0.01557	0.01381	0.00938	0.01388	0.00814	0.02120	0.00608	0.00429	0.00419	0.00138	0.00628	0.00344	0.00193	0.00651
32	0.00886	0.02285	0.82190	0.01259	0.01912	0.01026	0.01632	0.01399	0.00932	0.01399	0.00793	0.00932	0.00559	0.00420	0.00420	0.00140	0.00653	0.00326	0.00186	0.00653
33	0.00551	0.00428	0.00525	0.00606	0.02611	0.00385	0.00411	0.00650	0.00921	0.01177	0.04846	0.49118	0.32306	0.01247	0.00545	0.00166	0.00252	0.02474	0.00407	0.00374
