[name]
unknown

[dist]
# distance from previous block
# <min> <max>
50	278

[block]
# block no. 0 follows, 66 sequences, length 25
# corresponding to MSA columns:
# 345-369
name=unknown_A
#
# <colnr> <probs for GDERKNQSTAVLIFYWHMCP>
#	G	D	E	R	K	N	Q	S	T	A	V	L	I	F	Y	W	H	M	C	P
0	0.21109	0.00925	0.05175	0.14831	0.07584	0.02704	0.04864	0.09973	0.08555	0.09692	0.01784	0.02382	0.00724	0.00464	0.00443	0.00132	0.06680	0.00359	0.00284	0.01338
1	0.10722	0.00945	0.01214	0.10893	0.09434	0.12262	0.13988	0.02687	0.06877	0.02693	0.00957	0.04099	0.00833	0.02324	0.08421	0.00185	0.03526	0.04209	0.00247	0.03480
2	0.02837	0.04034	0.06433	0.14782	0.09007	0.12828	0.07258	0.11707	0.03396	0.01385	0.08365	0.01321	0.04820	0.02846	0.00475	0.00130	0.03055	0.00405	0.00263	0.04654
3	0.00985	0.00961	0.01401	0.32987	0.29717	0.08056	0.05967	0.06679	0.05375	0.01295	0.02212	0.01076	0.00683	0.00408	0.00407	0.00127	0.00522	0.00372	0.00224	0.00549
4	0.04997	0.02493	0.01317	0.26500	0.18810	0.03492	0.06874	0.13780	0.02003	0.01411	0.02261	0.02361	0.00710	0.02496	0.00481	0.00133	0.04476	0.00377	0.00241	0.04787
5	0.00835	0.00726	0.01006	0.13386	0.09133	0.03038	0.06951	0.08043	0.06243	0.01305	0.11304	0.04701	0.04478	0.16666	0.00767	0.00180	0.02931	0.03060	0.00288	0.04961
6	0.00714	0.00544	0.00700	0.06878	0.05316	0.01971	0.00529	0.06526	0.02199	0.02099	0.11320	0.19988	0.01892	0.22085	0.05909	0.00239	0.00399	0.09987	0.00320	0.00385
7	0.03194	0.00592	0.00763	0.06385	0.00953	0.00603	0.04692	0.09074	0.05845	0.03474	0.11753	0.05326	0.20349	0.09806	0.00639	0.00171	0.00341	0.15264	0.00353	0.00425
8	0.01035	0.00939	0.01470	0.18494	0.54863	0.03917	0.01137	0.03885	0.03604	0.05529	0.00829	0.01045	0.00658	0.00390	0.00402	0.00124	0.00489	0.00363	0.00226	0.00603
9	0.00660	0.00366	0.00528	0.00535	0.00549	0.00370	0.00362	0.00558	0.00577	0.00773	0.01012	0.07527	0.03740	0.07393	0.10403	0.63349	0.00421	0.00453	0.00207	0.00218
10	0.00783	0.00432	0.00581	0.00550	0.00630	0.00413	0.00396	0.00820	0.00813	0.12373	0.19766	0.04431	0.05591	0.14479	0.07234	0.26420	0.00366	0.03266	0.00318	0.00337
11	0.00848	0.00576	0.00697	0.00629	0.00758	0.00604	0.00474	0.01186	0.18208	0.12213	0.26648	0.05090	0.07316	0.15829	0.00801	0.00182	0.06500	0.00601	0.00385	0.00454
12	0.00589	0.00402	0.00512	0.00551	0.00625	0.00369	0.00399	0.00698	0.00889	0.05238	0.15658	0.43718	0.15995	0.04151	0.00559	0.00162	0.00247	0.08490	0.00389	0.00359
13	0.01044	0.00816	0.00892	0.00768	0.01011	0.00881	0.00598	0.06874	0.53947	0.07683	0.01479	0.03984	0.01155	0.04553	0.00478	0.00138	0.00329	0.00447	0.00387	0.12538
14	0.23789	0.00920	0.00948	0.00766	0.01037	0.01011	0.00624	0.44623	0.02831	0.07281	0.07003	0.05419	0.00987	0.00526	0.00377	0.00126	0.00374	0.00400	0.00374	0.00584
15	0.05177	0.00465	0.00539	0.00513	0.00637	0.00433	0.00382	0.03231	0.00998	0.07380	0.30186	0.14651	0.27544	0.05379	0.00549	0.00149	0.00238	0.00762	0.00397	0.00390
16	0.11904	0.00904	0.00956	0.00802	0.01068	0.01006	0.00643	0.23106	0.40550	0.11524	0.02438	0.01272	0.01004	0.00511	0.00392	0.00130	0.00354	0.00403	0.00402	0.00632
17	0.06979	0.00418	0.00479	0.00499	0.00589	0.00392	0.00357	0.00665	0.00894	0.01241	0.22002	0.32023	0.25910	0.05017	0.00551	0.00156	0.00229	0.00872	0.00378	0.00350
18	0.00606	0.00417	0.00518	0.00508	0.00605	0.00379	0.00372	0.00744	0.00996	0.05455	0.41365	0.16194	0.20407	0.07208	0.00600	0.00156	0.00228	0.02463	0.00407	0.00371
19	0.00651	0.00434	0.00528	0.00549	0.00622	0.00416	0.00378	0.00802	0.06797	0.07161	0.05769	0.42543	0.12086	0.18365	0.00812	0.00202	0.00276	0.00877	0.00365	0.00366
20	0.40888	0.00642	0.00634	0.00578	0.00762	0.00711	0.00457	0.05060	0.01916	0.07520	0.01094	0.04394	0.05020	0.03782	0.17036	0.03101	0.00465	0.00379	0.05130	0.00430
21	0.38250	0.00819	0.00785	0.00682	0.00916	0.00924	0.00545	0.18578	0.18506	0.01879	0.07057	0.07352	0.01079	0.00537	0.00355	0.00130	0.00329	0.00409	0.00342	0.00524
22	0.00625	0.00424	0.00527	0.00523	0.00631	0.00384	0.00391	0.00760	0.00979	0.07311	0.30400	0.20026	0.26928	0.01047	0.03497	0.00159	0.00256	0.04345	0.00404	0.00381
23	0.00794	0.00521	0.00688	0.00710	0.04968	0.00510	0.00508	0.07152	0.00994	0.10641	0.17808	0.23554	0.08121	0.04027	0.09498	0.00207	0.00375	0.08117	0.00376	0.00431
24	0.04922	0.05071	0.00937	0.00830	0.06936	0.02954	0.03211	0.11199	0.01026	0.20281	0.01607	0.18105	0.08639	0.05545	0.06701	0.00185	0.00416	0.00579	0.00351	0.00505

[dist]
# distance from previous block
# <min> <max>
0	1

[block]
# block no. 1 follows, 66 sequences, length 6
# corresponding to MSA columns:
# 371-376
name=unknown_B
#
# <colnr> <probs for GDERKNQSTAVLIFYWHMCP>
#	G	D	E	R	K	N	Q	S	T	A	V	L	I	F	Y	W	H	M	C	P
0	0.00872	0.00732	0.01029	0.05808	0.01137	0.03732	0.14465	0.12382	0.01035	0.05503	0.06508	0.04781	0.20851	0.06535	0.08683	0.00202	0.02749	0.02226	0.00315	0.00456
1	0.06255	0.04063	0.01320	0.18379	0.12016	0.06672	0.13605	0.02680	0.03119	0.09667	0.00960	0.05263	0.00810	0.03679	0.03721	0.00162	0.05207	0.01658	0.00252	0.00510
2	0.00940	0.06219	0.09622	0.07711	0.08764	0.14382	0.03761	0.01172	0.04696	0.03570	0.01051	0.01291	0.05926	0.03108	0.16357	0.00234	0.10096	0.00390	0.00228	0.00481
3	0.04821	0.14102	0.21498	0.09968	0.05984	0.01014	0.12602	0.05683	0.03866	0.03753	0.00924	0.04213	0.02441	0.02250	0.02199	0.00143	0.03389	0.00386	0.00229	0.00536
4	0.04550	0.10825	0.16805	0.18806	0.11001	0.03183	0.03119	0.09182	0.00966	0.06373	0.03461	0.02656	0.00759	0.02340	0.00471	0.03887	0.00483	0.00363	0.00240	0.00529
5	0.09306	0.16702	0.09323	0.08789	0.08005	0.03891	0.02704	0.06689	0.03017	0.02620	0.03461	0.08274	0.07559	0.00597	0.02638	0.00134	0.00435	0.00430	0.00259	0.05168

[dist]
# distance from previous block
# <min> <max>
0	28

[block]
# block no. 2 follows, 66 sequences, length 86
# corresponding to MSA columns:
# 405-490
name=unknown_C
#
# <colnr> <probs for GDERKNQSTAVLIFYWHMCP>
#	G	D	E	R	K	N	Q	S	T	A	V	L	I	F	Y	W	H	M	C	P
0	0.08482	0.10539	0.12119	0.10620	0.13217	0.05337	0.03035	0.02863	0.02454	0.03978	0.00923	0.03504	0.02016	0.08327	0.08401	0.00196	0.01589	0.00381	0.00229	0.01790
1	0.04944	0.07715	0.14736	0.07021	0.06214	0.14449	0.13546	0.04253	0.01986	0.02356	0.02968	0.00961	0.00668	0.00439	0.01551	0.00123	0.03949	0.00334	0.00222	0.11564
2	0.04045	0.03979	0.09019	0.20165	0.25980	0.02077	0.05324	0.05371	0.00946	0.03749	0.05436	0.03656	0.00844	0.00433	0.00395	0.00121	0.00469	0.00387	0.00236	0.07366
3	0.00661	0.04086	0.04654	0.06923	0.04197	0.00631	0.02321	0.02431	0.00865	0.01138	0.07177	0.02366	0.33609	0.01201	0.16586	0.00233	0.07053	0.00585	0.00289	0.02997
4	0.00936	0.00815	0.02950	0.13005	0.31382	0.00811	0.02121	0.07673	0.05816	0.05020	0.15889	0.04024	0.02621	0.00515	0.00418	0.00124	0.00404	0.00464	0.00294	0.04717
5	0.00594	0.00519	0.00655	0.05192	0.10785	0.00493	0.00499	0.00757	0.02823	0.01198	0.13197	0.03155	0.54604	0.00869	0.00488	0.00135	0.02558	0.00731	0.00349	0.00400
6	0.00832	0.00681	0.00927	0.18499	0.14570	0.02915	0.00676	0.02687	0.00804	0.04404	0.00984	0.02908	0.00948	0.30091	0.00965	0.00208	0.00428	0.00431	0.00239	0.15801
7	0.01167	0.07625	0.01058	0.00805	0.02596	0.24475	0.00627	0.08930	0.03007	0.06978	0.05556	0.01072	0.03044	0.00426	0.00353	0.00094	0.00445	0.00320	0.00279	0.31144
8	0.11190	0.01457	0.02314	0.01077	0.01316	0.42973	0.14194	0.03247	0.09026	0.01243	0.00754	0.00880	0.00603	0.00439	0.00458	0.00122	0.07649	0.00323	0.00234	0.00501
9	0.01412	0.09643	0.01240	0.00912	0.01200	0.28369	0.00737	0.39470	0.01444	0.01758	0.00818	0.02135	0.00641	0.00447	0.00371	0.00108	0.00523	0.00318	0.00304	0.08150
10	0.00705	0.00352	0.00529	0.00529	0.00529	0.00352	0.00352	0.00529	0.00529	0.00705	0.00705	0.01233	0.00705	0.01409	0.01586	0.88196	0.00352	0.00352	0.00176	0.00176
11	0.00803	0.00708	0.01049	0.00924	0.02927	0.00767	0.11907	0.06350	0.05455	0.01241	0.02849	0.21678	0.01422	0.06554	0.00756	0.00167	0.17930	0.08595	0.00292	0.07623
12	0.00551	0.00379	0.00462	0.00497	0.00515	0.00367	0.00310	0.00595	0.00712	0.00958	0.08711	0.35618	0.02159	0.44828	0.01313	0.00280	0.00313	0.00826	0.00315	0.00291
13	0.00663	0.00428	0.00557	0.00544	0.00592	0.00451	0.00372	0.00731	0.00651	0.06024	0.01222	0.02152	0.01262	0.47383	0.34735	0.00480	0.00667	0.00517	0.00250	0.00320
14	0.01065	0.00484	0.00601	0.00530	0.00682	0.00447	0.00404	0.01190	0.00925	0.29073	0.05867	0.06291	0.04519	0.06501	0.00590	0.07636	0.00273	0.00481	0.31987	0.00454
15	0.00580	0.00435	0.00652	0.00652	0.00724	0.00507	0.00507	0.00724	0.00652	0.00942	0.01087	0.01594	0.01014	0.03043	0.84134	0.00652	0.01087	0.00435	0.00217	0.00362
16	0.01527	0.01131	0.01230	0.00979	0.03658	0.01250	0.00785	0.79497	0.01879	0.02521	0.00968	0.00975	0.00689	0.00483	0.00406	0.00122	0.00447	0.00365	0.00400	0.00689
17	0.01007	0.00855	0.00932	0.05144	0.01139	0.00989	0.00666	0.03944	0.72844	0.02703	0.01570	0.01479	0.01180	0.00616	0.02951	0.00153	0.00359	0.00450	0.00396	0.00626
18	0.00494	0.00355	0.00469	0.00560	0.00587	0.00330	0.00374	0.00565	0.00782	0.01038	0.02298	0.82777	0.05343	0.01263	0.00517	0.00164	0.00234	0.01144	0.00377	0.00330
19	0.00841	0.00721	0.00841	0.00601	0.00961	0.00541	0.00481	0.01022	0.00841	0.01322	0.00721	0.00841	0.00601	0.00300	0.00300	0.00060	0.00300	0.00240	0.00240	0.88222
20	0.00497	0.00354	0.00470	0.00561	0.00584	0.00331	0.00373	0.00566	0.00771	0.01029	0.02209	0.83133	0.02649	0.03662	0.00562	0.00171	0.00240	0.01137	0.00373	0.00327
21	0.01309	0.01542	0.01350	0.01629	0.34350	0.50536	0.00970	0.01469	0.01058	0.01127	0.00682	0.00842	0.00571	0.00395	0.00380	0.00111	0.00631	0.00302	0.00206	0.00540
22	0.04155	0.00781	0.00956	0.00762	0.01057	0.00767	0.00621	0.10668	0.18943	0.54492	0.01513	0.01345	0.01005	0.00507	0.00404	0.00128	0.00350	0.00409	0.00465	0.00673
23	0.00566	0.00424	0.00499	0.00522	0.00637	0.00379	0.00408	0.00693	0.00934	0.03493	0.10160	0.14096	0.45894	0.01047	0.00500	0.00150	0.00249	0.18599	0.00386	0.00361
24	0.01542	0.01136	0.01218	0.00933	0.01258	0.01258	0.00771	0.81858	0.01908	0.02557	0.00974	0.00974	0.00690	0.00487	0.00406	0.00122	0.00446	0.00365	0.00406	0.00690
25	0.00766	0.00721	0.01217	0.84767	0.02794	0.00901	0.01127	0.01037	0.00811	0.01037	0.00721	0.01082	0.00541	0.00406	0.00406	0.00135	0.00541	0.00361	0.00180	0.00451
26	0.00512	0.00366	0.00480	0.00552	0.00590	0.00340	0.00377	0.00591	0.00815	0.01087	0.10007	0.67277	0.07544	0.02273	0.00564	0.02758	0.00238	0.02923	0.00376	0.00331
27	0.00705	0.00352	0.00529	0.00529	0.00529	0.00352	0.00352	0.00529	0.00529	0.00705	0.00705	0.01233	0.00705	0.01409	0.01586	0.88196	0.00352	0.00352	0.00176	0.00176
28	0.88607	0.00785	0.00596	0.00534	0.00785	0.00910	0.00439	0.01193	0.00690	0.01820	0.00565	0.00659	0.00439	0.00377	0.00251	0.00126	0.00314	0.00220	0.00251	0.00439
29	0.00980	0.03842	0.02073	0.03665	0.14972	0.01016	0.55173	0.06070	0.00999	0.01362	0.03142	0.01124	0.00720	0.00433	0.02436	0.00144	0.00621	0.00448	0.00222	0.00559
30	0.00570	0.00403	0.00501	0.00496	0.00555	0.00382	0.00342	0.00685	0.00920	0.01270	0.44122	0.10874	0.05769	0.28252	0.00996	0.00219	0.00266	0.02676	0.00371	0.00332
31	0.01516	0.01934	0.01150	0.01045	0.01254	0.84113	0.00784	0.01620	0.01150	0.00993	0.00627	0.00732	0.00523	0.00418	0.00366	0.00105	0.00732	0.00261	0.00209	0.00470
32	0.04393	0.05633	0.01234	0.00913	0.01222	0.07552	0.00755	0.65550	0.01713	0.04222	0.00920	0.00936	0.00665	0.00475	0.00406	0.00120	0.01923	0.00346	0.00372	0.00652
33	0.00503	0.00392	0.00456	0.00491	0.00576	0.00349	0.00352	0.00600	0.00870	0.01101	0.08561	0.33880	0.41003	0.04103	0.01874	0.00165	0.00242	0.03769	0.00374	0.00338
34	0.01156	0.16346	0.09292	0.00870	0.01153	0.21890	0.00757	0.01707	0.32508	0.05737	0.01190	0.01172	0.03555	0.00478	0.00373	0.00119	0.00469	0.00361	0.00299	0.00566
35	0.00494	0.00353	0.00471	0.00565	0.00588	0.00330	0.00377	0.00565	0.00777	0.01036	0.02236	0.85477	0.02683	0.01271	0.00518	0.00165	0.00235	0.01153	0.00377	0.00330
36	0.00841	0.00721	0.00841	0.00601	0.00961	0.00541	0.00481	0.01022	0.00841	0.01322	0.00721	0.00841	0.00601	0.00300	0.00300	0.00060	0.00300	0.00240	0.00240	0.88222
37	0.00588	0.00481	0.02535	0.00598	0.03154	0.00425	0.00447	0.00788	0.03219	0.01452	0.52106	0.10271	0.15750	0.00884	0.00481	0.00136	0.00231	0.05654	0.00410	0.00391
38	0.03371	0.00377	0.00537	0.00529	0.00547	0.00376	0.00356	0.00564	0.00544	0.00758	0.00715	0.01238	0.00712	0.03345	0.01520	0.80950	0.00351	0.00351	0.00182	0.02678
39	0.00539	0.00388	0.00513	0.00589	0.00639	0.00368	0.00431	0.00644	0.00841	0.01114	0.08225	0.53358	0.06986	0.04458	0.00582	0.00174	0.00268	0.19164	0.00376	0.00341
40	0.00766	0.00721	0.01217	0.84767	0.02794	0.00901	0.01127	0.01037	0.00811	0.01037	0.00721	0.01082	0.00541	0.00406	0.00406	0.00135	0.00541	0.00361	0.00180	0.00451
41	0.07467	0.03563	0.14586	0.00812	0.02924	0.00845	0.00738	0.20594	0.01105	0.03404	0.02688	0.00923	0.00678	0.00384	0.00344	0.00096	0.00392	0.00296	0.00277	0.37885
42	0.00785	0.00607	0.00733	0.00590	0.00819	0.00516	0.00453	0.04487	0.00817	0.01191	0.01144	0.04144	0.09274	0.00773	0.04006	0.18992	0.01802	0.00375	0.00251	0.48241
43	0.43442	0.00948	0.00903	0.00733	0.01019	0.01067	0.00603	0.38665	0.03746	0.04149	0.00813	0.00849	0.00594	0.00436	0.00332	0.00124	0.00376	0.00299	0.00334	0.00568
44	0.00583	0.00421	0.00583	0.00583	0.00632	0.00470	0.00421	0.00680	0.00632	0.00891	0.01150	0.01942	0.01165	0.30161	0.57223	0.00567	0.00859	0.00486	0.00227	0.00324
45	0.00945	0.00919	0.01491	0.28257	0.52205	0.03673	0.02436	0.01212	0.02659	0.01231	0.00766	0.01032	0.00619	0.00381	0.00403	0.00125	0.00508	0.00362	0.00199	0.00575
46	0.00541	0.00371	0.00461	0.00512	0.00533	0.00357	0.00327	0.00596	0.00728	0.00988	0.05414	0.49120	0.02242	0.31738	0.01067	0.00243	0.00289	0.00905	0.03265	0.00303
47	0.00580	0.00435	0.00652	0.00652	0.00724	0.00507	0.00507	0.00724	0.00652	0.00942	0.01087	0.01594	0.01014	0.03043	0.84134	0.00652	0.01087	0.00435	0.00217	0.00362
48	0.01598	0.01011	0.01135	0.00875	0.01193	0.01077	0.00721	0.58339	0.04354	0.23710	0.01160	0.01098	0.00790	0.00493	0.00407	0.00123	0.00416	0.00380	0.00431	0.00689
49	0.00957	0.00592	0.00798	0.02550	0.02887	0.00633	0.00572	0.03191	0.09456	0.19722	0.06478	0.01727	0.02307	0.07320	0.32853	0.00352	0.04491	0.02307	0.00326	0.00480
50	0.00598	0.00396	0.00489	0.00523	0.00601	0.00366	0.00380	0.00718	0.00891	0.04157	0.14871	0.38329	0.16145	0.02134	0.00495	0.00148	0.00233	0.06534	0.11628	0.00361
51	0.00590	0.00393	0.00442	0.00442	0.00442	0.00393	0.00246	0.00590	0.00590	0.00787	0.01278	0.02655	0.01475	0.85742	0.02065	0.00393	0.00393	0.00590	0.00246	0.00246
52	0.77531	0.05477	0.00721	0.00580	0.00830	0.05860	0.00480	0.01216	0.00724	0.01713	0.00568	0.00666	0.00450	0.00382	0.00273	0.00123	0.01494	0.00224	0.00243	0.00446
53	0.00894	0.00485	0.00645	0.00565	0.00716	0.00438	0.00438	0.01077	0.01152	0.22634	0.62110	0.02607	0.03104	0.00745	0.00460	0.00127	0.00231	0.00650	0.00461	0.00462
54	0.01424	0.03997	0.03002	0.01223	0.11710	0.69588	0.00856	0.01555	0.01106	0.01041	0.00645	0.00767	0.00538	0.00408	0.00368	0.00107	0.00689	0.00274	0.00206	0.00496
55	0.00500	0.00358	0.00472	0.00561	0.00589	0.00335	0.00377	0.00572	0.00780	0.01034	0.02266	0.78818	0.05170	0.03651	0.00561	0.00171	0.00242	0.02842	0.00373	0.00329
56	0.01087	0.72400	0.08995	0.00757	0.01116	0.06701	0.00768	0.01259	0.01979	0.00995	0.00597	0.00685	0.00530	0.00358	0.00280	0.00092	0.00465	0.00230	0.00179	0.00526
57	0.00820	0.03893	0.81896	0.01146	0.01741	0.00956	0.01482	0.01283	0.00856	0.01278	0.00725	0.00852	0.00514	0.00385	0.00383	0.00128	0.00596	0.00298	0.00171	0.00598
58	0.00628	0.00456	0.00617	0.00687	0.00785	0.00445	0.00589	0.00807	0.00957	0.01249	0.11494	0.04335	0.10468	0.01079	0.00543	0.00175	0.00336	0.63596	0.00382	0.00372
59	0.01031	0.13383	0.27294	0.03061	0.10654	0.00920	0.07986	0.01338	0.03251	0.15321	0.07318	0.03749	0.01992	0.00468	0.00395	0.00123	0.00470	0.00401	0.00272	0.00574
60	0.01017	0.41912	0.30859	0.00932	0.01350	0.10072	0.04251	0.01275	0.00883	0.01105	0.02593	0.00807	0.00601	0.00379	0.00330	0.00106	0.00528	0.00274	0.00184	0.00541
61	0.00900	0.03303	0.02939	0.01907	0.03013	0.00657	0.03530	0.02760	0.05596	0.03109	0.00799	0.00906	0.00644	0.00331	0.00323	0.00075	0.00338	0.00273	0.00253	0.68344
62	0.01048	0.65680	0.06935	0.00731	0.01057	0.07692	0.00719	0.01204	0.00884	0.01047	0.09003	0.00913	0.00858	0.00404	0.00298	0.00095	0.00442	0.00278	0.00204	0.00508
63	0.00499	0.00356	0.00468	0.00555	0.00580	0.00333	0.00368	0.00567	0.00770	0.01023	0.02222	0.79322	0.04232	0.05871	0.00601	0.00177	0.00243	0.01117	0.00369	0.00325
64	0.01033	0.01080	0.13382	0.03710	0.18688	0.00992	0.00925	0.12413	0.33288	0.02881	0.01162	0.01216	0.00885	0.00599	0.04611	0.00157	0.01649	0.00396	0.00312	0.00621
65	0.01067	0.02362	0.01155	0.01026	0.05188	0.12066	0.00794	0.12161	0.10629	0.02592	0.06010	0.01168	0.02813	0.00611	0.00819	0.00146	0.38221	0.00391	0.00268	0.00513
66	0.00581	0.00429	0.00621	0.00621	0.00683	0.00490	0.00468	0.00705	0.00643	0.00919	0.01115	0.01751	0.01083	0.15308	0.71962	0.00614	0.00984	0.00458	0.00222	0.00345
67	0.01151	0.01073	0.09572	0.07287	0.32411	0.04452	0.10295	0.07220	0.02770	0.14761	0.00924	0.01058	0.00687	0.00406	0.00419	0.00124	0.01670	0.00371	0.00267	0.03082
68	0.01516	0.01934	0.01150	0.01045	0.01254	0.84113	0.00784	0.01620	0.01150	0.00993	0.00627	0.00732	0.00523	0.00418	0.00366	0.00105	0.00732	0.00261	0.00209	0.00470
69	0.00494	0.00353	0.00471	0.00565	0.00588	0.00330	0.00377	0.00565	0.00777	0.01036	0.02236	0.85477	0.02683	0.01271	0.00518	0.00165	0.00235	0.01153	0.00377	0.00330
70	0.21978	0.01034	0.01060	0.00830	0.01137	0.01147	0.00686	0.59388	0.01589	0.05979	0.00906	0.00918	0.00645	0.00462	0.00370	0.00123	0.00411	0.00333	0.00374	0.00631
71	0.00875	0.11117	0.62024	0.02262	0.01725	0.02802	0.11142	0.01283	0.00871	0.01241	0.00719	0.00863	0.00528	0.00377	0.00383	0.00125	0.00594	0.00312	0.00177	0.00580
72	0.00590	0.00393	0.00442	0.00442	0.00442	0.00393	0.00246	0.00590	0.00590	0.00787	0.01278	0.02655	0.01475	0.85742	0.02065	0.00393	0.00393	0.00590	0.00246	0.00246
73	0.00590	0.00393	0.00442	0.00442	0.00442	0.00393	0.00246	0.00590	0.00590	0.00787	0.01278	0.02655	0.01475	0.85742	0.02065	0.00393	0.00393	0.00590	0.00246	0.00246
74	0.00585	0.00432	0.00638	0.00638	0.00708	0.00500	0.00492	0.00726	0.00655	0.00952	0.01099	0.01627	0.01030	0.05710	0.79144	0.00628	0.01039	0.00438	0.02599	0.00359
75	0.00766	0.00721	0.01217	0.84767	0.02794	0.00901	0.01127	0.01037	0.00811	0.01037	0.00721	0.01082	0.00541	0.00406	0.00406	0.00135	0.00541	0.00361	0.00180	0.00451
76	0.03772	0.06097	0.24861	0.02992	0.13994	0.07158	0.01883	0.04722	0.22045	0.01413	0.01002	0.01147	0.00787	0.01658	0.00410	0.00129	0.00478	0.02227	0.00261	0.02964
77	0.00485	0.00390	0.00432	0.00466	0.00562	0.00338	0.00333	0.00576	0.00872	0.01075	0.03445	0.32873	0.54507	0.01114	0.00493	0.00147	0.00216	0.00962	0.00377	0.00338
78	0.00949	0.00945	0.03477	0.22663	0.60307	0.02170	0.01215	0.01200	0.00898	0.01249	0.00750	0.01016	0.00613	0.00374	0.00402	0.00124	0.00503	0.00358	0.00195	0.00592
79	0.00905	0.09807	0.03423	0.00635	0.00997	0.00674	0.00540	0.01100	0.01911	0.04351	0.00750	0.00850	0.00613	0.00319	0.00304	0.00068	0.00325	0.00249	0.00243	0.71937
80	0.29521	0.08567	0.46193	0.00907	0.01358	0.02118	0.01055	0.03696	0.00836	0.01467	0.00667	0.00777	0.00496	0.00383	0.00332	0.00124	0.00490	0.00268	0.00205	0.00542
81	0.01044	0.00623	0.00756	0.00706	0.04262	0.00630	0.00523	0.02388	0.22414	0.21065	0.20418	0.03414	0.02950	0.00601	0.00406	0.00124	0.00278	0.00509	0.16351	0.00536
82	0.00766	0.00721	0.01217	0.84767	0.02794	0.00901	0.01127	0.01037	0.00811	0.01037	0.00721	0.01082	0.00541	0.00406	0.00406	0.00135	0.00541	0.00361	0.00180	0.00451
83	0.00845	0.00732	0.00887	0.00633	0.00995	0.00555	0.02861	0.01030	0.00845	0.01321	0.00724	0.00849	0.00601	0.00302	0.00306	0.00062	0.00312	0.00247	0.00239	0.85654
84	0.00491	0.00407	0.00429	0.00433	0.00557	0.00346	0.00321	0.00601	0.00938	0.01148	0.12420	0.09825	0.68637	0.01024	0.00482	0.00138	0.00206	0.00865	0.00384	0.00346
85	0.02718	0.33994	0.06141	0.00769	0.01107	0.05414	0.00709	0.08922	0.01074	0.33865	0.01025	0.00986	0.00726	0.00428	0.00345	0.00109	0.00423	0.00313	0.00328	0.00604

[dist]
# distance from previous block
# <min> <max>
3	5

[block]
# block no. 3 follows, 66 sequences, length 16
# corresponding to MSA columns:
# 496-511
name=unknown_D
#
# <colnr> <probs for GDERKNQSTAVLIFYWHMCP>
#	G	D	E	R	K	N	Q	S	T	A	V	L	I	F	Y	W	H	M	C	P
0	0.00513	0.00387	0.00475	0.00516	0.00590	0.00349	0.00369	0.00622	0.00903	0.01184	0.19726	0.41881	0.25882	0.01103	0.00500	0.00150	0.00223	0.03890	0.00391	0.00346
1	0.00746	0.00520	0.00618	0.00562	0.00692	0.02918	0.00428	0.02993	0.04995	0.08100	0.63196	0.02712	0.06508	0.00770	0.00461	0.00127	0.00233	0.00669	0.02325	0.00428
2	0.01190	0.00801	0.00861	0.00708	0.00933	0.00863	0.00576	0.44685	0.01436	0.03815	0.01271	0.01469	0.03335	0.00536	0.00374	0.00117	0.00343	0.05099	0.31036	0.00552
3	0.00841	0.00721	0.00841	0.00601	0.00961	0.00541	0.00481	0.01022	0.00841	0.01322	0.00721	0.00841	0.00601	0.00300	0.00300	0.00060	0.00300	0.00240	0.00240	0.88222
4	0.01441	0.00928	0.01021	0.00799	0.01080	0.00994	0.00655	0.54614	0.01598	0.14938	0.01135	0.01136	0.00803	0.00487	0.00384	0.00117	0.00384	0.00374	0.16480	0.00633
5	0.01085	0.85986	0.02126	0.00694	0.01041	0.01605	0.00694	0.01215	0.00824	0.00955	0.00564	0.00651	0.00521	0.00347	0.00260	0.00087	0.00434	0.00217	0.00174	0.00521
6	0.88607	0.00785	0.00596	0.00534	0.00785	0.00910	0.00439	0.01193	0.00690	0.01820	0.00565	0.00659	0.00439	0.00377	0.00251	0.00126	0.00314	0.00220	0.00251	0.00439
7	0.00956	0.00915	0.01555	0.13234	0.63598	0.00941	0.04382	0.01235	0.04126	0.01292	0.00839	0.03585	0.00713	0.00401	0.00409	0.00125	0.00484	0.00394	0.00212	0.00604
8	0.00557	0.00414	0.00519	0.00493	0.00596	0.00376	0.00370	0.00733	0.01109	0.01532	0.68962	0.03186	0.17921	0.00865	0.00479	0.00129	0.00194	0.00756	0.00434	0.00376
9	0.00494	0.00353	0.00471	0.00565	0.00588	0.00330	0.00377	0.00565	0.00777	0.01036	0.02236	0.85477	0.02683	0.01271	0.00518	0.00165	0.00235	0.01153	0.00377	0.00330
10	0.01014	0.01032	0.01838	0.05896	0.34530	0.03192	0.31795	0.06533	0.00978	0.01346	0.00775	0.01024	0.00619	0.00393	0.00504	0.00132	0.07203	0.00403	0.00213	0.00580
11	0.00541	0.00382	0.00470	0.00506	0.00537	0.00370	0.00328	0.00599	0.00732	0.00975	0.07258	0.35933	0.08487	0.34689	0.06109	0.00279	0.00343	0.00837	0.00320	0.00303
12	0.88607	0.00785	0.00596	0.00534	0.00785	0.00910	0.00439	0.01193	0.00690	0.01820	0.00565	0.00659	0.00439	0.00377	0.00251	0.00126	0.00314	0.00220	0.00251	0.00439
13	0.00674	0.00659	0.07892	0.00579	0.00763	0.02153	0.00496	0.04757	0.05797	0.03297	0.29974	0.02940	0.36828	0.00826	0.00460	0.00131	0.00267	0.00697	0.00385	0.00423
14	0.00497	0.00409	0.00437	0.00436	0.00560	0.00349	0.00324	0.00613	0.00956	0.01185	0.17704	0.07673	0.65442	0.01005	0.00481	0.00137	0.00204	0.00849	0.00389	0.00349
15	0.01123	0.41337	0.19185	0.00911	0.01277	0.18972	0.03609	0.05001	0.00950	0.01118	0.00653	0.00765	0.00543	0.00445	0.02445	0.00117	0.00558	0.00265	0.00193	0.00531

[dist]
# distance from previous block
# <min> <max>
0	2

[block]
# block no. 4 follows, 66 sequences, length 21
# corresponding to MSA columns:
# 514-534
name=unknown_E
#
# <colnr> <probs for GDERKNQSTAVLIFYWHMCP>
#	G	D	E	R	K	N	Q	S	T	A	V	L	I	F	Y	W	H	M	C	P
0	0.09366	0.19011	0.01243	0.06187	0.01192	0.16515	0.02730	0.07674	0.25181	0.01399	0.01007	0.03417	0.00822	0.02109	0.00392	0.00124	0.00452	0.00358	0.00284	0.00538
1	0.80341	0.00854	0.05171	0.03881	0.00917	0.00912	0.00524	0.01192	0.00704	0.01760	0.00580	0.00687	0.00447	0.00378	0.00265	0.00126	0.00338	0.00230	0.00244	0.00449
2	0.03280	0.18220	0.42562	0.01085	0.03412	0.03650	0.06545	0.01293	0.04197	0.02358	0.00726	0.00864	0.00562	0.00417	0.00462	0.00125	0.09182	0.00307	0.00193	0.00560
3	0.00490	0.00411	0.00426	0.00422	0.00555	0.00347	0.00317	0.00603	0.00950	0.01156	0.13032	0.03806	0.74087	0.01005	0.00479	0.00136	0.00204	0.00842	0.00385	0.00347
4	0.06221	0.05393	0.69940	0.02668	0.01703	0.00971	0.05078	0.01272	0.00849	0.01300	0.00715	0.00851	0.00515	0.00382	0.00377	0.00127	0.00578	0.00301	0.00178	0.00581
5	0.00953	0.01082	0.02323	0.01670	0.02056	0.01039	0.76773	0.01280	0.00937	0.01280	0.00803	0.01082	0.00610	0.00365	0.00531	0.00139	0.05861	0.00471	0.00203	0.00541
6	0.00563	0.00414	0.00527	0.00499	0.00600	0.00378	0.00374	0.00745	0.01123	0.01567	0.74042	0.03130	0.12820	0.00852	0.00479	0.00129	0.00193	0.00748	0.00439	0.00378
7	0.01004	0.00964	0.01647	0.02490	0.83211	0.00964	0.01245	0.01245	0.00924	0.01325	0.00763	0.01004	0.00643	0.00361	0.00402	0.00120	0.00482	0.00361	0.00201	0.00643
8	0.88607	0.00785	0.00596	0.00534	0.00785	0.00910	0.00439	0.01193	0.00690	0.01820	0.00565	0.00659	0.00439	0.00377	0.00251	0.00126	0.00314	0.00220	0.00251	0.00439
9	0.00596	0.00432	0.00576	0.00644	0.00726	0.00418	0.00525	0.00746	0.00910	0.01190	0.09850	0.19094	0.10880	0.04588	0.00598	0.00181	0.00315	0.46995	0.00376	0.00358
10	0.01062	0.00927	0.00932	0.00823	0.01057	0.05204	0.00643	0.10969	0.64319	0.01721	0.01674	0.01560	0.06163	0.00566	0.00414	0.00134	0.00349	0.00463	0.00400	0.00620
11	0.00580	0.00435	0.00652	0.00652	0.00724	0.00507	0.00507	0.00724	0.00652	0.00942	0.01087	0.01594	0.01014	0.03043	0.84134	0.00652	0.01087	0.00435	0.00217	0.00362
12	0.01503	0.01198	0.01210	0.00982	0.03441	0.09270	0.00780	0.68656	0.05114	0.02337	0.00963	0.00974	0.00695	0.00480	0.00402	0.00121	0.00470	0.00359	0.00382	0.00665
13	0.00529	0.00405	0.00487	0.00497	0.00594	0.00363	0.00369	0.00665	0.00986	0.01300	0.34640	0.18491	0.32842	0.00999	0.00491	0.00141	0.00215	0.05225	0.00404	0.00358
14	0.01051	0.30753	0.04841	0.12396	0.32031	0.04129	0.00996	0.07068	0.00951	0.01234	0.00697	0.00873	0.00581	0.00374	0.00351	0.00110	0.00484	0.00305	0.00203	0.00571
15	0.01375	0.09662	0.29784	0.00887	0.01305	0.00871	0.00934	0.08287	0.01084	0.40075	0.01143	0.01093	0.00760	0.00445	0.00385	0.00122	0.00451	0.00348	0.00347	0.00642
16	0.00536	0.00371	0.00458	0.00511	0.00524	0.00358	0.00319	0.00576	0.00695	0.00926	0.01816	0.49128	0.02153	0.38344	0.01197	0.00265	0.00305	0.00906	0.00319	0.00293
17	0.00494	0.00353	0.00471	0.00565	0.00588	0.00330	0.00377	0.00565	0.00777	0.01036	0.02236	0.85477	0.02683	0.01271	0.00518	0.00165	0.00235	0.01153	0.00377	0.00330
18	0.88607	0.00785	0.00596	0.00534	0.00785	0.00910	0.00439	0.01193	0.00690	0.01820	0.00565	0.00659	0.00439	0.00377	0.00251	0.00126	0.00314	0.00220	0.00251	0.00439
19	0.00949	0.08910	0.01057	0.00880	0.05361	0.00934	0.03492	0.07376	0.42309	0.01517	0.01576	0.11923	0.04561	0.00628	0.00416	0.00133	0.00348	0.03358	0.00357	0.03915
20	0.01059	0.04336	0.02351	0.02657	0.05734	0.03504	0.05359	0.11019	0.07901	0.05757	0.00786	0.00984	0.00650	0.00570	0.00852	0.00147	0.41842	0.00362	0.00249	0.03879

[dist]
# distance from previous block
# <min> <max>
18	43

[block]
# block no. 5 follows, 66 sequences, length 11
# corresponding to MSA columns:
# 578-588
name=unknown_F
#
# <colnr> <probs for GDERKNQSTAVLIFYWHMCP>
#	G	D	E	R	K	N	Q	S	T	A	V	L	I	F	Y	W	H	M	C	P
0	0.00869	0.03919	0.06309	0.20161	0.27324	0.00900	0.08990	0.02132	0.00883	0.01228	0.04505	0.06069	0.00905	0.00488	0.00478	0.00130	0.06347	0.02762	0.00223	0.05378
1	0.00949	0.28071	0.12803	0.00912	0.01168	0.01227	0.02834	0.01219	0.08564	0.01119	0.00700	0.00869	0.00602	0.00490	0.00662	0.00127	0.28948	0.00306	0.00204	0.08226
2	0.07725	0.01135	0.21512	0.08836	0.09619	0.00848	0.20346	0.02274	0.00925	0.09872	0.03769	0.04965	0.05405	0.00477	0.00418	0.00132	0.00501	0.00443	0.00256	0.00543
3	0.00860	0.10869	0.63456	0.01180	0.06540	0.01038	0.01349	0.01250	0.00838	0.01228	0.00697	0.00846	0.00524	0.00406	0.00448	0.00127	0.07288	0.00299	0.00174	0.00581
4	0.00563	0.00392	0.00441	0.00451	0.00474	0.00379	0.00269	0.00586	0.00661	0.00860	0.01809	0.11787	0.13909	0.63842	0.01659	0.00330	0.00348	0.00691	0.00280	0.00269
5	0.01377	0.17558	0.01073	0.00674	0.00941	0.00752	0.00565	0.01536	0.02972	0.47927	0.01678	0.12324	0.07657	0.00614	0.00399	0.00124	0.00337	0.00503	0.00409	0.00581
6	0.00866	0.07622	0.05944	0.22007	0.23688	0.02864	0.01953	0.05721	0.01978	0.01244	0.04291	0.17832	0.01138	0.00582	0.00417	0.00131	0.00443	0.00519	0.00251	0.00508
7	0.00660	0.00844	0.18460	0.00760	0.02259	0.01864	0.03360	0.00848	0.00868	0.03258	0.07032	0.29587	0.21924	0.00883	0.00516	0.00145	0.05233	0.00757	0.00317	0.00424
8	0.01137	0.01332	0.01273	0.01140	0.05153	0.39752	0.12971	0.01277	0.00962	0.01060	0.00951	0.10946	0.03542	0.00578	0.00583	0.00132	0.16077	0.00441	0.00228	0.00464
9	0.44084	0.07102	0.09376	0.03295	0.10783	0.14201	0.00745	0.03900	0.00860	0.01517	0.00632	0.00753	0.00501	0.00385	0.00311	0.00119	0.00448	0.00260	0.00228	0.00499
10	0.03076	0.07368	0.00654	0.00555	0.00672	0.09005	0.00412	0.00759	0.00856	0.01046	0.02500	0.24218	0.33047	0.10922	0.00643	0.00168	0.00315	0.03101	0.00325	0.00359

[dist]
# distance from previous block
# <min> <max>
16	44

[block]
# block no. 6 follows, 66 sequences, length 12
# corresponding to MSA columns:
# 645-656
name=unknown_G
#
# <colnr> <probs for GDERKNQSTAVLIFYWHMCP>
#	G	D	E	R	K	N	Q	S	T	A	V	L	I	F	Y	W	H	M	C	P
0	0.03641	0.03004	0.03053	0.05633	0.07901	0.02674	0.02153	0.43672	0.08733	0.06377	0.00980	0.01020	0.00717	0.00450	0.00389	0.00118	0.00434	0.00356	0.00346	0.08349
1	0.01025	0.02662	0.07263	0.13342	0.47594	0.03579	0.06208	0.04278	0.04411	0.04515	0.00828	0.01030	0.00653	0.00388	0.00403	0.00124	0.00504	0.00365	0.00224	0.00603
2	0.00805	0.04601	0.13999	0.00779	0.02100	0.03679	0.03820	0.02570	0.11846	0.04378	0.18728	0.02188	0.22255	0.00686	0.00489	0.00132	0.05568	0.00563	0.00332	0.00481
3	0.00653	0.03830	0.00602	0.00586	0.00671	0.00431	0.00434	0.00759	0.00859	0.07788	0.08412	0.48264	0.09330	0.02591	0.04321	0.00181	0.00302	0.09235	0.00374	0.00376
4	0.01103	0.01202	0.13116	0.06786	0.27639	0.08631	0.10138	0.11307	0.05076	0.05905	0.00888	0.02637	0.00695	0.00429	0.00432	0.00126	0.02664	0.00380	0.00252	0.00595
5	0.00621	0.00418	0.00544	0.00544	0.00637	0.00384	0.00406	0.00774	0.01026	0.05925	0.47187	0.23727	0.09080	0.00956	0.00490	0.00141	0.00224	0.06113	0.00422	0.00383
6	0.04918	0.00748	0.00839	0.00732	0.00942	0.04047	0.00569	0.14852	0.14178	0.25853	0.01609	0.26053	0.01441	0.00725	0.00432	0.00138	0.00340	0.00615	0.00412	0.00557
7	0.05990	0.01216	0.04936	0.05907	0.22105	0.18664	0.07515	0.13419	0.06659	0.02858	0.00816	0.00962	0.00639	0.00433	0.00455	0.00125	0.06131	0.00347	0.00252	0.00570
8	0.03917	0.19860	0.29050	0.01170	0.07331	0.09519	0.13530	0.01368	0.03730	0.05752	0.00774	0.00892	0.00591	0.00384	0.00370	0.00118	0.00549	0.00319	0.00212	0.00566
9	0.00533	0.00398	0.00500	0.00563	0.00617	0.00380	0.00388	0.00688	0.06232	0.01131	0.08631	0.65561	0.10531	0.01165	0.00504	0.00157	0.00235	0.01046	0.00384	0.00356
10	0.01236	0.00793	0.00911	0.04120	0.01059	0.03405	0.00624	0.20238	0.15792	0.22828	0.05686	0.08251	0.01331	0.06263	0.00538	0.00151	0.00373	0.05424	0.00404	0.00572
11	0.03963	0.07484	0.01171	0.00968	0.10416	0.00805	0.08100	0.05596	0.07496	0.03219	0.00988	0.07858	0.01866	0.00450	0.00385	0.00102	0.02329	0.00386	0.00268	0.36149

[dist]
# distance from previous block
# <min> <max>
2	29

[block]
# block no. 7 follows, 66 sequences, length 98
# corresponding to MSA columns:
# 686-783
name=unknown_H
#
# <colnr> <probs for GDERKNQSTAVLIFYWHMCP>
#	G	D	E	R	K	N	Q	S	T	A	V	L	I	F	Y	W	H	M	C	P
0	0.05525	0.04948	0.08046	0.06878	0.15497	0.11064	0.04523	0.08973	0.04974	0.01354	0.03110	0.01192	0.05249	0.02767	0.00519	0.00131	0.08478	0.00375	0.00247	0.06152
1	0.01196	0.32635	0.05678	0.02456	0.04429	0.27549	0.01904	0.05585	0.03221	0.01111	0.00654	0.00782	0.00557	0.00428	0.00446	0.00111	0.10260	0.00277	0.00206	0.00516
2	0.02605	0.01011	0.01216	0.01470	0.32015	0.09608	0.00883	0.04259	0.34313	0.01474	0.01204	0.01256	0.03223	0.00479	0.00432	0.00128	0.03113	0.00402	0.00300	0.00608
3	0.01038	0.03119	0.20180	0.03035	0.22768	0.13517	0.26202	0.01338	0.00954	0.02877	0.00765	0.00960	0.00590	0.00373	0.00414	0.00125	0.00606	0.00367	0.00202	0.00573
4	0.00507	0.00360	0.00474	0.00561	0.00585	0.00339	0.00375	0.00576	0.00767	0.01022	0.02160	0.76568	0.02580	0.07733	0.00638	0.00183	0.00252	0.03629	0.00367	0.00325
5	0.00597	0.00422	0.00574	0.00581	0.00634	0.00463	0.00427	0.00702	0.00664	0.00942	0.01239	0.02146	0.01259	0.28328	0.48350	0.00510	0.00775	0.06608	0.04452	0.00328
6	0.00588	0.00400	0.00476	0.00476	0.00488	0.00412	0.00288	0.00612	0.00600	0.00812	0.01247	0.02483	0.01400	0.72350	0.15355	0.00435	0.00506	0.00565	0.00241	0.00265
7	0.01626	0.00673	0.00884	0.00697	0.00983	0.00602	0.00569	0.01855	0.07186	0.68509	0.03518	0.01569	0.05566	0.00541	0.00410	0.00126	0.00327	0.00442	0.03265	0.00651
8	0.00574	0.00415	0.00542	0.00510	0.00606	0.00383	0.00383	0.00766	0.01148	0.01627	0.82997	0.03031	0.03828	0.00829	0.00479	0.00128	0.00191	0.00734	0.00447	0.00383
9	0.00481	0.00411	0.00413	0.00413	0.00549	0.00343	0.00310	0.00586	0.00929	0.01106	0.05607	0.03888	0.81543	0.01024	0.00479	0.00137	0.00205	0.00854	0.00378	0.00343
10	0.00580	0.00435	0.00652	0.00652	0.00724	0.00507	0.00507	0.00724	0.00652	0.00942	0.01087	0.01594	0.01014	0.03043	0.84134	0.00652	0.01087	0.00435	0.00217	0.00362
11	0.00494	0.00353	0.00471	0.00565	0.00588	0.00330	0.00377	0.00565	0.00777	0.01036	0.02236	0.85477	0.02683	0.01271	0.00518	0.00165	0.00235	0.01153	0.00377	0.00330
12	0.01790	0.00739	0.00971	0.00745	0.01060	0.00668	0.00615	0.10604	0.01242	0.74751	0.01533	0.01337	0.00970	0.00501	0.00408	0.00125	0.00356	0.00403	0.00492	0.00690
13	0.00841	0.00721	0.00841	0.00601	0.00961	0.00541	0.00481	0.01022	0.00841	0.01322	0.00721	0.00841	0.00601	0.00300	0.00300	0.00060	0.00300	0.00240	0.00240	0.88222
14	0.88607	0.00785	0.00596	0.00534	0.00785	0.00910	0.00439	0.01193	0.00690	0.01820	0.00565	0.00659	0.00439	0.00377	0.00251	0.00126	0.00314	0.00220	0.00251	0.00439
15	0.01085	0.85986	0.02126	0.00694	0.01041	0.01605	0.00694	0.01215	0.00824	0.00955	0.00564	0.00651	0.00521	0.00347	0.00260	0.00087	0.00434	0.00217	0.00174	0.00521
16	0.00580	0.00435	0.00652	0.00652	0.00724	0.00507	0.00507	0.00724	0.00652	0.00942	0.01087	0.01594	0.01014	0.03043	0.84134	0.00652	0.01087	0.00435	0.00217	0.00362
17	0.00888	0.00888	0.01243	0.01065	0.01065	0.01243	0.00888	0.00976	0.00621	0.00976	0.00533	0.00888	0.00533	0.00710	0.01331	0.00178	0.84999	0.00355	0.00178	0.00444
18	0.00839	0.00821	0.01232	0.34441	0.01755	0.01107	0.00983	0.01000	0.00697	0.01000	0.00608	0.00965	0.00536	0.00589	0.00962	0.00161	0.51322	0.00357	0.00179	0.00447
19	0.00584	0.00416	0.00555	0.00555	0.00594	0.00455	0.00386	0.00662	0.00623	0.00870	0.01175	0.02084	0.01227	0.41245	0.46222	0.00533	0.00766	0.00506	0.00231	0.00308
20	0.00888	0.00888	0.01243	0.01065	0.01065	0.01243	0.00888	0.00976	0.00621	0.00976	0.00533	0.00888	0.00533	0.00710	0.01331	0.00178	0.84999	0.00355	0.00178	0.00444
21	0.01550	0.01124	0.01210	0.00927	0.01252	0.01239	0.00766	0.79575	0.01886	0.04870	0.00992	0.00986	0.00699	0.00487	0.00406	0.00122	0.00444	0.00366	0.00409	0.00690
22	0.00841	0.00721	0.00841	0.00601	0.00961	0.00541	0.00481	0.01022	0.00841	0.01322	0.00721	0.00841	0.00601	0.00300	0.00300	0.00060	0.00300	0.00240	0.00240	0.88222
23	0.00823	0.00659	0.00738	0.00670	0.00843	0.00710	0.00516	0.03623	0.40508	0.02893	0.34253	0.02282	0.08408	0.00695	0.00444	0.00133	0.00264	0.00595	0.00425	0.00518
24	0.01391	0.21436	0.03232	0.00952	0.01212	0.54648	0.00775	0.08004	0.02777	0.01131	0.00663	0.00751	0.00550	0.00409	0.00346	0.00103	0.00628	0.00264	0.00220	0.00506
25	0.00705	0.00352	0.00529	0.00529	0.00529	0.00352	0.00352	0.00529	0.00529	0.00705	0.00705	0.01233	0.00705	0.01409	0.01586	0.88196	0.00352	0.00352	0.00176	0.00176
26	0.00570	0.00411	0.00538	0.00513	0.00605	0.00380	0.00382	0.00755	0.01128	0.01595	0.78586	0.07534	0.03766	0.00854	0.00481	0.00130	0.00194	0.00757	0.00443	0.00380
27	0.01000	0.00590	0.00660	0.00584	0.00757	0.00611	0.00456	0.06707	0.19228	0.13933	0.12131	0.01657	0.01422	0.00542	0.00365	0.00115	0.00259	0.00446	0.38031	0.00505
28	0.00986	0.00979	0.05577	0.02954	0.36594	0.02347	0.04441	0.01596	0.33106	0.01462	0.01152	0.01278	0.00908	0.00455	0.00408	0.00129	0.00428	0.01864	0.02719	0.00618
29	0.00532	0.00410	0.00538	0.00573	0.00644	0.00382	0.02699	0.00667	0.03834	0.01138	0.10641	0.56552	0.17617	0.01129	0.00502	0.00154	0.00241	0.01011	0.00380	0.00355
30	0.00766	0.00721	0.01217	0.84767	0.02794	0.00901	0.01127	0.01037	0.00811	0.01037	0.00721	0.01082	0.00541	0.00406	0.00406	0.00135	0.00541	0.00361	0.00180	0.00451
31	0.00766	0.00721	0.01217	0.84767	0.02794	0.00901	0.01127	0.01037	0.00811	0.01037	0.00721	0.01082	0.00541	0.00406	0.00406	0.00135	0.00541	0.00361	0.00180	0.00451
32	0.00888	0.00888	0.01243	0.01065	0.01065	0.01243	0.00888	0.00976	0.00621	0.00976	0.00533	0.00888	0.00533	0.00710	0.01331	0.00178	0.84999	0.00355	0.00178	0.00444
33	0.00590	0.00393	0.00442	0.00442	0.00442	0.00393	0.00246	0.00590	0.00590	0.00787	0.01278	0.02655	0.01475	0.85742	0.02065	0.00393	0.00393	0.00590	0.00246	0.00246
34	0.00718	0.00573	0.00664	0.00533	0.00778	0.00456	0.00416	0.00877	0.00932	0.03921	0.16805	0.02155	0.25299	0.00616	0.00389	0.00097	0.00254	0.00516	0.00326	0.43677
35	0.88607	0.00785	0.00596	0.00534	0.00785	0.00910	0.00439	0.01193	0.00690	0.01820	0.00565	0.00659	0.00439	0.00377	0.00251	0.00126	0.00314	0.00220	0.00251	0.00439
36	0.00899	0.19149	0.57667	0.01110	0.01635	0.01081	0.09267	0.01282	0.00865	0.02453	0.00717	0.00846	0.00533	0.00375	0.00369	0.00121	0.00570	0.00302	0.00180	0.00580
37	0.00494	0.00353	0.00471	0.00565	0.00588	0.00330	0.00377	0.00565	0.00777	0.01036	0.02236	0.85477	0.02683	0.01271	0.00518	0.00165	0.00235	0.01153	0.00377	0.00330
38	0.00587	0.00406	0.00506	0.00506	0.00529	0.00428	0.00326	0.00631	0.00609	0.00834	0.01220	0.02331	0.01334	0.60517	0.27097	0.00472	0.00605	0.00543	0.00237	0.00281
39	0.01542	0.01136	0.01218	0.00933	0.01258	0.01258	0.00771	0.81858	0.01908	0.02557	0.00974	0.00974	0.00690	0.00487	0.00406	0.00122	0.00446	0.00365	0.00406	0.00690
40	0.00574	0.00415	0.00542	0.00510	0.00606	0.00383	0.00383	0.00766	0.01148	0.01627	0.82997	0.03031	0.03828	0.00829	0.00479	0.00128	0.00191	0.00734	0.00447	0.00383
41	0.01785	0.00747	0.00977	0.00749	0.01064	0.00681	0.00619	0.12191	0.01257	0.73143	0.01520	0.01329	0.00964	0.00500	0.00408	0.00125	0.00358	0.00403	0.00490	0.00690
42	0.00841	0.00721	0.00841	0.00601	0.00961	0.00541	0.00481	0.01022	0.00841	0.01322	0.00721	0.00841	0.00601	0.00300	0.00300	0.00060	0.00300	0.00240	0.00240	0.88222
43	0.00582	0.00424	0.00597	0.00597	0.00650	0.00477	0.00438	0.00689	0.00636	0.00901	0.01137	0.01875	0.01136	0.24914	0.62429	0.00584	0.00903	0.00476	0.00225	0.00331
44	0.00590	0.00393	0.00442	0.00442	0.00442	0.00393	0.00246	0.00590	0.00590	0.00787	0.01278	0.02655	0.01475	0.85742	0.02065	0.00393	0.00393	0.00590	0.00246	0.00246
45	0.00958	0.01094	0.02394	0.01710	0.02120	0.01026	0.81737	0.01300	0.00958	0.01300	0.00821	0.01094	0.00616	0.00342	0.00479	0.00137	0.00684	0.00479	0.00205	0.00547
46	0.00912	0.00894	0.01401	0.42630	0.37640	0.05265	0.01155	0.01156	0.00873	0.01158	0.00730	0.01025	0.00584	0.00394	0.00424	0.00128	0.02549	0.00356	0.00191	0.00535
47	0.01246	0.01389	0.01062	0.05166	0.02895	0.41965	0.00748	0.01817	0.36664	0.01310	0.01082	0.01096	0.00839	0.00474	0.00389	0.00121	0.00538	0.00355	0.00296	0.00548
48	0.00546	0.00376	0.00462	0.00510	0.00524	0.00365	0.00321	0.00585	0.00690	0.00919	0.01765	0.42673	0.02083	0.42565	0.01275	0.00277	0.00317	0.03145	0.00313	0.00290
49	0.02755	0.00948	0.01452	0.04162	0.07728	0.03914	0.26169	0.09823	0.01006	0.01435	0.00776	0.00949	0.00610	0.00348	0.00381	0.00101	0.00476	0.00343	0.00241	0.36385
50	0.29215	0.03568	0.01004	0.00895	0.02308	0.54430	0.00679	0.01469	0.00992	0.01260	0.00608	0.00711	0.00498	0.00402	0.00327	0.00111	0.00588	0.00248	0.00221	0.00464
51	0.00494	0.00353	0.00471	0.00565	0.00588	0.00330	0.00377	0.00565	0.00777	0.01036	0.02236	0.85477	0.02683	0.01271	0.00518	0.00165	0.00235	0.01153	0.00377	0.00330
52	0.00590	0.00393	0.00442	0.00442	0.00442	0.00393	0.00246	0.00590	0.00590	0.00787	0.01278	0.02655	0.01475	0.85742	0.02065	0.00393	0.00393	0.00590	0.00246	0.00246
53	0.00551	0.00414	0.00510	0.00486	0.00592	0.00373	0.00364	0.00720	0.01093	0.01494	0.63308	0.03249	0.23600	0.00879	0.00479	0.00130	0.00195	0.00764	0.00429	0.00373
54	0.00494	0.00353	0.00471	0.00565	0.00588	0.00330	0.00377	0.00565	0.00777	0.01036	0.02236	0.85477	0.02683	0.01271	0.00518	0.00165	0.00235	0.01153	0.00377	0.00330
55	0.01516	0.01934	0.01150	0.01045	0.01254	0.84113	0.00784	0.01620	0.01150	0.00993	0.00627	0.00732	0.00523	0.00418	0.00366	0.00105	0.00732	0.00261	0.00209	0.00470
