[name]
unknown

[dist]
# distance from previous block
# <min> <max>
0	51

[block]
# block no. 0 follows, 63 sequences, length 53
# corresponding to MSA columns:
# 51-103
name=unknown_A
#
# <colnr> <probs for GDERKNQSTAVLIFYWHMCP>
#	G	D	E	R	K	N	Q	S	T	A	V	L	I	F	Y	W	H	M	C	P
0	0.05477	0.20306	0.20480	0.03873	0.04558	0.03812	0.03377	0.08765	0.02982	0.05613	0.04311	0.04291	0.03851	0.02253	0.00427	0.00132	0.00472	0.04197	0.00271	0.00552
1	0.04626	0.07759	0.15156	0.00915	0.05348	0.06902	0.02478	0.08072	0.04438	0.04016	0.16028	0.10591	0.03966	0.00629	0.00451	0.00130	0.03067	0.00517	0.01305	0.03606
2	0.02517	0.06211	0.07506	0.02018	0.05449	0.02283	0.05411	0.00956	0.01875	0.03466	0.14593	0.15451	0.05743	0.14275	0.02622	0.00192	0.04219	0.00622	0.01582	0.03006
3	0.11190	0.36335	0.16110	0.01181	0.16657	0.01273	0.03344	0.05281	0.00931	0.03184	0.00707	0.00830	0.00576	0.00384	0.00337	0.00113	0.00481	0.00289	0.00215	0.00582
4	0.07075	0.12109	0.11752	0.01119	0.08537	0.10413	0.09024	0.11481	0.08791	0.08627	0.03327	0.01063	0.00795	0.00441	0.00389	0.00122	0.00499	0.00359	0.00289	0.03789
5	0.00616	0.00425	0.00539	0.00555	0.00643	0.00392	0.00400	0.00760	0.02191	0.05386	0.29013	0.36470	0.16457	0.01125	0.02877	0.00165	0.00256	0.00929	0.00417	0.00386
6	0.04174	0.00433	0.00539	0.00572	0.00646	0.00409	0.00399	0.00770	0.00851	0.08498	0.06840	0.48989	0.08741	0.12556	0.00729	0.00194	0.00279	0.03624	0.00382	0.00374
7	0.03051	0.04001	0.03629	0.08355	0.04870	0.02976	0.00708	0.13694	0.08829	0.04378	0.00902	0.00995	0.00699	0.00395	0.00360	0.00098	0.00396	0.00315	0.00289	0.41062
8	0.01126	0.02668	0.05947	0.06631	0.27105	0.11000	0.14536	0.10106	0.01089	0.05679	0.00996	0.09338	0.00865	0.00497	0.00435	0.00131	0.00539	0.00460	0.00264	0.00587
9	0.00711	0.00463	0.00589	0.00578	0.00684	0.00432	0.00424	0.03324	0.02281	0.08672	0.37563	0.30967	0.09714	0.00988	0.00500	0.00146	0.00239	0.00874	0.00435	0.00416
10	0.00794	0.00529	0.00723	0.00693	0.03117	0.00496	0.03346	0.01021	0.04810	0.11585	0.39460	0.08794	0.12346	0.00863	0.00494	0.00143	0.00277	0.09625	0.00430	0.00452
11	0.18346	0.02394	0.03024	0.01175	0.07207	0.18162	0.18932	0.12995	0.01120	0.06634	0.00849	0.02821	0.00664	0.00432	0.00394	0.00125	0.00542	0.00366	0.00276	0.03542
12	0.01043	0.00794	0.00857	0.00777	0.00980	0.03734	0.00598	0.02782	0.48097	0.11058	0.11109	0.13208	0.01740	0.00695	0.00448	0.00142	0.00324	0.00593	0.00430	0.00590
13	0.00619	0.00465	0.00522	0.00492	0.00633	0.00413	0.00374	0.03652	0.01082	0.04277	0.30474	0.03536	0.50031	0.00956	0.00491	0.00138	0.00222	0.00809	0.00421	0.00395
14	0.00818	0.00779	0.01337	0.75458	0.08492	0.00943	0.04084	0.01099	0.00854	0.01105	0.00754	0.01116	0.00571	0.00415	0.00423	0.00139	0.00561	0.00378	0.00189	0.00485
15	0.02816	0.00742	0.00926	0.00743	0.01024	0.01499	0.00598	0.09219	0.06875	0.54630	0.01674	0.08012	0.03584	0.03009	0.00478	0.00140	0.00356	0.00494	0.00470	0.02712
16	0.01627	0.00897	0.01056	0.00824	0.01132	0.00913	0.00676	0.35185	0.06151	0.38412	0.04315	0.01329	0.01026	0.00528	0.00420	0.00128	0.00388	0.00418	0.03886	0.00688
17	0.04552	0.01090	0.01137	0.03859	0.01266	0.06666	0.00749	0.47812	0.12198	0.11996	0.03629	0.01174	0.00902	0.00514	0.00416	0.00128	0.00443	0.00395	0.00407	0.00665
18	0.13704	0.00848	0.00998	0.00778	0.01095	0.00843	0.00642	0.21797	0.02794	0.50117	0.01349	0.01224	0.00883	0.00499	0.00400	0.00129	0.00379	0.00386	0.00458	0.00678
19	0.00517	0.00376	0.00487	0.00566	0.00607	0.00347	0.00384	0.00603	0.00848	0.01125	0.08484	0.71033	0.10557	0.01258	0.00530	0.00165	0.00237	0.01133	0.00396	0.00347
20	0.04598	0.01019	0.06467	0.03779	0.01228	0.09610	0.00737	0.13592	0.02396	0.48485	0.02943	0.01260	0.00931	0.00500	0.00412	0.00128	0.00436	0.00392	0.00427	0.00660
21	0.03534	0.03913	0.01062	0.00786	0.01109	0.03669	0.00651	0.13354	0.01291	0.63902	0.01469	0.01304	0.00946	0.00507	0.00412	0.00127	0.00389	0.00400	0.00478	0.00696
22	0.01006	0.01118	0.02115	0.01726	0.12467	0.06744	0.56648	0.01303	0.00972	0.01294	0.00881	0.04155	0.00723	0.00504	0.03277	0.00158	0.03652	0.00484	0.00218	0.00556
23	0.01124	0.85479	0.02203	0.00719	0.01079	0.01663	0.00719	0.01259	0.00854	0.00989	0.00584	0.00674	0.00539	0.00360	0.00270	0.00090	0.00450	0.00225	0.00180	0.00539
24	0.00582	0.00435	0.00512	0.00489	0.00612	0.00384	0.00368	0.00739	0.01090	0.03296	0.46661	0.03494	0.37933	0.00941	0.00495	0.00136	0.00208	0.00808	0.00433	0.00386
25	0.04303	0.20738	0.11237	0.01245	0.15544	0.26407	0.02544	0.06923	0.02396	0.01287	0.00719	0.00843	0.00587	0.00402	0.00363	0.00112	0.00569	0.00296	0.00222	0.03264
26	0.00611	0.00408	0.00458	0.00458	0.00458	0.00408	0.00255	0.00611	0.00611	0.00815	0.01325	0.02751	0.01528	0.85226	0.02140	0.00408	0.00408	0.00611	0.00255	0.00255
27	0.00674	0.00528	0.00750	0.00717	0.00788	0.00634	0.00561	0.03263	0.00715	0.01034	0.01107	0.01636	0.02086	0.07713	0.63099	0.00563	0.11590	0.00452	0.01698	0.00389
28	0.01009	0.00954	0.03868	0.27908	0.41176	0.02652	0.01149	0.05707	0.04029	0.03192	0.00860	0.01101	0.00675	0.00413	0.00413	0.00129	0.00505	0.00376	0.03291	0.00593
29	0.01516	0.01169	0.01250	0.02360	0.01322	0.08244	0.03998	0.54103	0.09708	0.08969	0.01084	0.01084	0.00775	0.00503	0.00437	0.00128	0.01890	0.00387	0.00396	0.00676
30	0.00534	0.00401	0.00498	0.00554	0.00619	0.00370	0.00387	0.00658	0.02718	0.01182	0.12741	0.54047	0.19923	0.01186	0.00521	0.00160	0.00236	0.02506	0.00400	0.00359
31	0.01121	0.72425	0.06279	0.00801	0.01167	0.01582	0.03588	0.04849	0.00906	0.01094	0.00621	0.00722	0.00551	0.00377	0.00318	0.00098	0.02510	0.00249	0.00192	0.00551
32	0.02635	0.03939	0.01265	0.08661	0.15857	0.02533	0.03299	0.18689	0.04889	0.07086	0.00904	0.01021	0.00694	0.00422	0.00419	0.00112	0.03442	0.00344	0.00294	0.23493
33	0.06917	0.19935	0.12251	0.03382	0.05399	0.13680	0.02770	0.16963	0.05177	0.07261	0.00855	0.00923	0.00650	0.00430	0.00368	0.00118	0.00511	0.00318	0.00277	0.01816
34	0.00554	0.00420	0.00502	0.00512	0.00602	0.00383	0.00367	0.00698	0.02472	0.01311	0.31911	0.23204	0.27810	0.06582	0.00613	0.00163	0.00230	0.00890	0.00408	0.00366
35	0.11089	0.01016	0.03603	0.03387	0.07609	0.04330	0.03584	0.29248	0.02350	0.26241	0.01138	0.02707	0.00807	0.00489	0.00406	0.00129	0.00441	0.00389	0.00386	0.00651
36	0.02178	0.15052	0.07858	0.03051	0.11127	0.05688	0.08857	0.15608	0.11044	0.07770	0.02895	0.01160	0.02639	0.00471	0.00427	0.00126	0.02755	0.00386	0.00300	0.00609
37	0.01313	0.04511	0.12969	0.04004	0.05211	0.04132	0.03802	0.38801	0.04060	0.07327	0.01045	0.03334	0.02023	0.00513	0.00469	0.00131	0.04980	0.00398	0.00336	0.00639
38	0.00749	0.00532	0.00627	0.00606	0.00734	0.00518	0.00449	0.09795	0.05744	0.05692	0.18491	0.32251	0.20193	0.00995	0.00495	0.00148	0.00263	0.00868	0.00417	0.00435
39	0.03050	0.34141	0.18010	0.04044	0.09752	0.08160	0.04393	0.05382	0.07031	0.01279	0.00768	0.00881	0.00619	0.00401	0.00354	0.00114	0.00519	0.00305	0.00219	0.00579
40	0.01098	0.12402	0.29360	0.01184	0.09468	0.08022	0.05921	0.05879	0.06304	0.08115	0.01676	0.02478	0.00756	0.03068	0.00473	0.00135	0.02446	0.00367	0.00253	0.00595
41	0.02008	0.00930	0.01055	0.03436	0.03568	0.04714	0.04158	0.20916	0.28522	0.07079	0.05590	0.04933	0.06969	0.00594	0.00433	0.00133	0.00394	0.00496	0.00389	0.03683
42	0.12013	0.06429	0.01231	0.00949	0.04059	0.04249	0.03949	0.38807	0.05558	0.15367	0.01069	0.01117	0.00777	0.00487	0.00397	0.00127	0.00442	0.01946	0.00378	0.00647
43	0.07630	0.08005	0.04238	0.05980	0.13737	0.07843	0.07284	0.16166	0.06016	0.10786	0.00994	0.04397	0.00786	0.00485	0.00441	0.00130	0.03786	0.00395	0.00302	0.00598
44	0.03040	0.03333	0.10114	0.19454	0.13898	0.07562	0.08266	0.13154	0.05915	0.03303	0.00957	0.03083	0.01943	0.00511	0.01835	0.00142	0.02256	0.00399	0.00260	0.00573
45	0.00544	0.00458	0.03411	0.00590	0.00666	0.00388	0.00438	0.00670	0.02060	0.01167	0.10084	0.57440	0.14722	0.01186	0.00522	0.00162	0.00256	0.04482	0.00390	0.00365
46	0.00727	0.00513	0.00630	0.00671	0.03240	0.01971	0.00469	0.04068	0.04082	0.07275	0.13716	0.44627	0.12322	0.01052	0.00503	0.00154	0.00275	0.02882	0.00404	0.00420
47	0.13103	0.19117	0.08447	0.03702	0.10806	0.10797	0.06409	0.17317	0.02665	0.02799	0.00777	0.00887	0.00607	0.00414	0.00365	0.00119	0.00509	0.00317	0.00259	0.00583
48	0.00592	0.00430	0.00538	0.00590	0.00671	0.00401	0.00438	0.02629	0.00926	0.02578	0.07156	0.43609	0.21642	0.01171	0.00528	0.00164	0.00266	0.14904	0.00397	0.00371
49	0.00843	0.00573	0.00681	0.00669	0.03651	0.00546	0.00494	0.06799	0.07588	0.12044	0.09170	0.13585	0.34671	0.00911	0.00484	0.00145	0.00284	0.05981	0.00412	0.00468
50	0.01509	0.09365	0.01319	0.01089	0.02513	0.73103	0.02709	0.01628	0.01153	0.01038	0.00651	0.00764	0.00545	0.00424	0.00373	0.00108	0.00726	0.00274	0.00213	0.00497
51	0.03901	0.29051	0.18245	0.03098	0.11855	0.02861	0.03808	0.12779	0.01898	0.03250	0.02013	0.02571	0.02078	0.00437	0.00367	0.00118	0.00492	0.00342	0.00244	0.00590
52	0.00570	0.00433	0.00532	0.00572	0.00655	0.00408	0.00418	0.00749	0.05507	0.01261	0.18114	0.39132	0.20595	0.01116	0.00518	0.00157	0.00246	0.08234	0.00406	0.00378

[dist]
# distance from previous block
# <min> <max>
2	23

[block]
# block no. 1 follows, 63 sequences, length 30
# corresponding to MSA columns:
# 133-162
name=unknown_B
#
# <colnr> <probs for GDERKNQSTAVLIFYWHMCP>
#	G	D	E	R	K	N	Q	S	T	A	V	L	I	F	Y	W	H	M	C	P
0	0.06211	0.02897	0.06932	0.00652	0.00822	0.00634	0.00536	0.10383	0.05896	0.01394	0.06459	0.25466	0.17743	0.09385	0.00634	0.00173	0.00326	0.02666	0.00357	0.00437
1	0.10911	0.10285	0.29781	0.04036	0.06002	0.11684	0.01924	0.06640	0.01976	0.03512	0.01776	0.03632	0.00695	0.01244	0.00413	0.00128	0.02318	0.00341	0.00235	0.02468
2	0.04669	0.18533	0.14936	0.03678	0.04224	0.07417	0.03736	0.14546	0.03002	0.08962	0.02464	0.03641	0.02708	0.00476	0.00392	0.00120	0.01413	0.00370	0.00284	0.04427
3	0.03236	0.07071	0.01156	0.00881	0.01141	0.17452	0.00710	0.31727	0.03056	0.13525	0.02665	0.05477	0.01917	0.02468	0.02774	0.00147	0.03235	0.00414	0.00356	0.00593
4	0.00743	0.00405	0.00587	0.02473	0.00637	0.00420	0.00404	0.00662	0.04689	0.00817	0.00810	0.01311	0.00775	0.01448	0.05143	0.75810	0.00398	0.00375	0.01866	0.00226
5	0.01137	0.01171	0.02991	0.14103	0.42799	0.16023	0.01107	0.07668	0.04630	0.01383	0.00815	0.01015	0.00655	0.00410	0.00408	0.00124	0.00544	0.00356	0.00233	0.02425
6	0.06065	0.16200	0.10470	0.04800	0.02694	0.10531	0.02300	0.08037	0.03825	0.02791	0.06058	0.05264	0.04198	0.00498	0.00375	0.00113	0.00447	0.00391	0.00272	0.14670
7	0.00562	0.00419	0.00500	0.00502	0.00585	0.00387	0.00357	0.00679	0.00942	0.01249	0.29629	0.12236	0.26678	0.17524	0.03797	0.00214	0.00286	0.02723	0.00382	0.00349
8	0.23107	0.01035	0.01057	0.00841	0.01149	0.01149	0.00691	0.49631	0.08450	0.07375	0.01004	0.01002	0.00719	0.00483	0.00381	0.00129	0.00411	0.00352	0.00387	0.00646
9	0.01397	0.12906	0.09007	0.05040	0.01392	0.51636	0.00882	0.08944	0.02854	0.01220	0.00711	0.00817	0.00573	0.00429	0.00373	0.00112	0.00659	0.00288	0.00230	0.00531
10	0.04571	0.00502	0.00622	0.00630	0.03617	0.00475	0.00453	0.00926	0.04336	0.07768	0.37798	0.13010	0.17438	0.02337	0.00511	0.00146	0.00252	0.03763	0.00419	0.00427
11	0.00580	0.00424	0.00554	0.00629	0.00696	0.00407	0.00477	0.00722	0.02621	0.01175	0.06054	0.44269	0.10953	0.02727	0.00571	0.00177	0.00289	0.25918	0.00391	0.00365
12	0.01112	0.81809	0.05765	0.00740	0.01112	0.01633	0.00756	0.01262	0.00856	0.01004	0.00592	0.00684	0.00539	0.00361	0.00275	0.00092	0.00457	0.00229	0.00180	0.00543
13	0.01288	0.06161	0.03123	0.00932	0.01167	0.30302	0.00745	0.18027	0.15477	0.02684	0.02693	0.08107	0.02609	0.00576	0.00453	0.00128	0.04218	0.00433	0.00318	0.00557
14	0.00529	0.00389	0.00473	0.00527	0.00588	0.00354	0.00362	0.00621	0.00865	0.01138	0.08616	0.51011	0.23013	0.05637	0.00600	0.00171	0.00240	0.01025	0.03496	0.00346
15	0.00598	0.00402	0.00470	0.00486	0.00502	0.00398	0.00294	0.00632	0.00681	0.00927	0.03560	0.17063	0.03539	0.60228	0.04356	0.00349	0.00384	0.00708	0.04139	0.00286
16	0.00863	0.07989	0.77405	0.01165	0.01768	0.01024	0.01495	0.01326	0.00885	0.01307	0.00743	0.00873	0.00533	0.00397	0.00390	0.00130	0.00609	0.00305	0.00178	0.00616
17	0.00997	0.00977	0.01497	0.15598	0.53550	0.06478	0.02652	0.01262	0.03179	0.01312	0.03792	0.03668	0.00869	0.00450	0.00426	0.00130	0.00506	0.01835	0.00229	0.00595
18	0.01224	0.00861	0.00952	0.00778	0.01030	0.00910	0.00625	0.40710	0.08289	0.09317	0.12013	0.05554	0.14533	0.00683	0.00448	0.00133	0.00359	0.00557	0.00429	0.00596
19	0.01062	0.66975	0.20161	0.00826	0.01243	0.01511	0.00905	0.01275	0.00862	0.01065	0.00622	0.00722	0.00538	0.00368	0.00299	0.00100	0.00488	0.00244	0.00179	0.00558
20	0.00766	0.00665	0.00873	0.11247	0.02657	0.00774	0.00667	0.06528	0.03002	0.01231	0.03610	0.09334	0.24281	0.02670	0.03473	0.00178	0.21727	0.03902	0.01980	0.00435
21	0.01411	0.00947	0.04655	0.00862	0.01147	0.04379	0.03315	0.25796	0.07015	0.28250	0.01480	0.07889	0.03330	0.02504	0.02073	0.00152	0.00432	0.03321	0.00416	0.00626
22	0.00584	0.00402	0.00496	0.00537	0.00576	0.00384	0.00355	0.00647	0.00770	0.02579	0.04249	0.38521	0.09515	0.31529	0.03388	0.00266	0.00331	0.04206	0.00341	0.00323
23	0.03990	0.64732	0.05455	0.00755	0.01103	0.04471	0.00737	0.04178	0.03151	0.04085	0.03518	0.00836	0.00700	0.00399	0.00302	0.00099	0.00449	0.00268	0.00221	0.00549
24	0.01054	0.07592	0.07278	0.04234	0.13205	0.09497	0.16239	0.06287	0.02732	0.06896	0.02354	0.04791	0.11807	0.00559	0.00452	0.00132	0.01834	0.02228	0.00282	0.00548
25	0.03329	0.00558	0.00680	0.00702	0.04345	0.02761	0.00493	0.02607	0.00934	0.13897	0.05499	0.32383	0.17964	0.03200	0.06297	0.00192	0.02542	0.00802	0.00377	0.00437
26	0.01097	0.01171	0.07060	0.09694	0.24609	0.15646	0.06424	0.08436	0.05609	0.03150	0.05463	0.03630	0.02912	0.00558	0.02588	0.00143	0.00544	0.00426	0.00268	0.00571
27	0.03003	0.00975	0.01424	0.29775	0.33534	0.07208	0.04082	0.03838	0.05607	0.02281	0.00839	0.01083	0.00662	0.00419	0.00429	0.00131	0.01973	0.00374	0.01792	0.00570
28	0.13146	0.00893	0.01168	0.07008	0.22007	0.04457	0.03679	0.08427	0.02589	0.11689	0.00994	0.05712	0.00814	0.00571	0.03714	0.00144	0.00461	0.00395	0.00293	0.11839
29	0.06889	0.07140	0.02658	0.06045	0.09209	0.09030	0.09854	0.16156	0.10090	0.07209	0.01057	0.03645	0.02250	0.00479	0.00414	0.00125	0.01512	0.00399	0.00305	0.05533

[dist]
# distance from previous block
# <min> <max>
1	32

[block]
# block no. 2 follows, 63 sequences, length 12
# corresponding to MSA columns:
# 195-206
name=unknown_C
#
# <colnr> <probs for GDERKNQSTAVLIFYWHMCP>
#	G	D	E	R	K	N	Q	S	T	A	V	L	I	F	Y	W	H	M	C	P
0	0.17961	0.12798	0.06492	0.01175	0.16692	0.08556	0.05250	0.06372	0.06448	0.06285	0.00875	0.01055	0.00709	0.05078	0.02446	0.00151	0.00490	0.00343	0.00263	0.00560
1	0.06234	0.09035	0.09545	0.06997	0.11287	0.06070	0.08270	0.15914	0.07320	0.04482	0.02389	0.01040	0.00736	0.00435	0.00408	0.00122	0.01849	0.00358	0.00279	0.07230
2	0.14045	0.07835	0.12447	0.01040	0.07202	0.16578	0.04551	0.08494	0.04683	0.06833	0.05248	0.01038	0.00812	0.00453	0.00404	0.00122	0.02898	0.00341	0.00275	0.04699
3	0.00698	0.00524	0.00665	0.00711	0.03577	0.00525	0.00516	0.03623	0.07208	0.01232	0.06030	0.19731	0.04870	0.18217	0.04357	0.00233	0.00376	0.22366	0.00350	0.04188
4	0.00942	0.01131	0.13206	0.04257	0.09218	0.00967	0.33117	0.03128	0.17085	0.01424	0.01263	0.04482	0.05138	0.00500	0.00460	0.00141	0.00542	0.02144	0.00273	0.00580
5	0.00639	0.00495	0.00703	0.00691	0.00759	0.00583	0.00530	0.00813	0.04200	0.01005	0.01191	0.06202	0.01158	0.09478	0.62956	0.00568	0.06903	0.00499	0.00242	0.00382
6	0.00516	0.00370	0.00484	0.00573	0.00601	0.00345	0.00381	0.00587	0.00801	0.01063	0.02343	0.78010	0.05719	0.05286	0.00611	0.00181	0.00250	0.01156	0.00384	0.00338
7	0.07198	0.40622	0.27246	0.00942	0.03640	0.07127	0.00983	0.02913	0.00916	0.03988	0.00693	0.00790	0.00556	0.00388	0.00330	0.00111	0.00515	0.00269	0.00204	0.00569
8	0.01163	0.45862	0.16570	0.00917	0.02939	0.09574	0.02975	0.05545	0.00985	0.05622	0.02425	0.00854	0.00653	0.00400	0.00335	0.00106	0.00507	0.00285	0.00223	0.02060
9	0.15244	0.06396	0.04076	0.00885	0.04610	0.13422	0.00694	0.23432	0.02378	0.08975	0.03285	0.03904	0.00902	0.08185	0.01716	0.00157	0.00470	0.00391	0.00322	0.00554
10	0.03458	0.07697	0.07075	0.00875	0.02387	0.12566	0.02136	0.19316	0.10458	0.07373	0.07275	0.02923	0.09727	0.00572	0.00423	0.00125	0.01441	0.00450	0.00343	0.03377
11	0.11254	0.04830	0.02609	0.13284	0.01422	0.05532	0.04857	0.17582	0.12217	0.07551	0.02598	0.01338	0.02136	0.00533	0.00476	0.00137	0.06395	0.04362	0.00320	0.00566

[dist]
# distance from previous block
# <min> <max>
1	12

[block]
# block no. 3 follows, 63 sequences, length 12
# corresponding to MSA columns:
# 222-233
name=unknown_D
#
# <colnr> <probs for GDERKNQSTAVLIFYWHMCP>
#	G	D	E	R	K	N	Q	S	T	A	V	L	I	F	Y	W	H	M	C	P
0	0.03097	0.00852	0.01097	0.03266	0.06243	0.02952	0.07297	0.14891	0.06303	0.09627	0.05854	0.06283	0.07485	0.00565	0.00462	0.00123	0.04371	0.00474	0.00337	0.18421
1	0.10457	0.01000	0.01151	0.06146	0.08600	0.06507	0.04204	0.23618	0.09661	0.07942	0.03089	0.01127	0.00825	0.01734	0.00433	0.00126	0.01605	0.00371	0.00330	0.11075
2	0.06843	0.00980	0.05535	0.11019	0.41924	0.00953	0.05664	0.05281	0.04089	0.03311	0.01022	0.02457	0.04566	0.00450	0.00432	0.00130	0.02020	0.00407	0.00246	0.02670
3	0.00937	0.05392	0.01319	0.46093	0.14445	0.07838	0.02508	0.01178	0.00924	0.03175	0.05782	0.01170	0.00801	0.00432	0.00407	0.00127	0.00521	0.00376	0.00222	0.06353
4	0.00650	0.00554	0.00778	0.02740	0.03070	0.00514	0.09163	0.00849	0.04116	0.02738	0.07430	0.07881	0.45204	0.00940	0.00502	0.00149	0.00315	0.11624	0.00369	0.00413
5	0.04229	0.06795	0.24942	0.00874	0.01205	0.02110	0.03678	0.11820	0.05288	0.05861	0.09682	0.07183	0.07409	0.00657	0.00504	0.06000	0.00436	0.00486	0.00307	0.00533
6	0.01040	0.00999	0.01706	0.02580	0.82604	0.00999	0.01290	0.01290	0.00957	0.01373	0.00791	0.01040	0.00666	0.00375	0.00416	0.00125	0.00499	0.00375	0.00208	0.00666
7	0.00872	0.00747	0.00872	0.00623	0.00996	0.00560	0.00498	0.01058	0.00872	0.01370	0.00747	0.00872	0.00623	0.00311	0.00311	0.00062	0.00311	0.00249	0.00249	0.87796
8	0.00992	0.01134	0.02481	0.01772	0.02197	0.01063	0.81077	0.01347	0.00992	0.01347	0.00850	0.01134	0.00638	0.00354	0.00496	0.00142	0.00709	0.00496	0.00213	0.00567
9	0.00714	0.00721	0.10395	0.04273	0.02789	0.01791	0.02485	0.03110	0.04736	0.04583	0.03789	0.47737	0.09225	0.00991	0.00492	0.00155	0.00337	0.00883	0.00355	0.00438
10	0.04301	0.02614	0.10243	0.03193	0.22310	0.16697	0.05693	0.05949	0.02429	0.03302	0.01023	0.06809	0.00936	0.04428	0.01684	0.00153	0.01702	0.05732	0.00257	0.00545
11	0.00616	0.00406	0.00477	0.00480	0.00484	0.00409	0.00280	0.00614	0.00616	0.00825	0.01302	0.04899	0.01485	0.72891	0.06400	0.06264	0.00438	0.00603	0.00252	0.00259

[dist]
# distance from previous block
# <min> <max>
0	2

[block]
# block no. 4 follows, 63 sequences, length 27
# corresponding to MSA columns:
# 236-262
name=unknown_E
#
# <colnr> <probs for GDERKNQSTAVLIFYWHMCP>
#	G	D	E	R	K	N	Q	S	T	A	V	L	I	F	Y	W	H	M	C	P
0	0.00964	0.00858	0.05322	0.00823	0.06953	0.00662	0.00634	0.04837	0.03246	0.05389	0.00858	0.02191	0.00696	0.00362	0.00341	0.00081	0.00350	0.00296	0.00270	0.64866
1	0.00562	0.00425	0.00518	0.00502	0.00609	0.00382	0.00374	0.00727	0.01102	0.01493	0.55347	0.07749	0.26787	0.00944	0.00498	0.00137	0.00205	0.00820	0.00438	0.00382
2	0.01155	0.79577	0.02131	0.00745	0.01095	0.07452	0.00726	0.01288	0.00878	0.00992	0.00589	0.00680	0.00540	0.00365	0.00277	0.00091	0.00471	0.00228	0.00182	0.00536
3	0.01515	0.01908	0.01189	0.05492	0.01379	0.76979	0.00827	0.01661	0.03297	0.01050	0.00683	0.00799	0.00562	0.00436	0.00383	0.00111	0.00736	0.00282	0.00221	0.00491
4	0.01349	0.01024	0.01095	0.00883	0.01158	0.01140	0.00706	0.52213	0.22309	0.02222	0.01223	0.01342	0.00949	0.09709	0.00609	0.00161	0.00423	0.00429	0.00404	0.00652
5	0.00873	0.11546	0.71434	0.03659	0.01768	0.01053	0.01447	0.01315	0.00882	0.01285	0.00735	0.00871	0.00534	0.00396	0.00385	0.00128	0.00600	0.00303	0.00178	0.00607
6	0.01211	0.03611	0.06277	0.00941	0.02810	0.03338	0.03807	0.34194	0.19798	0.03795	0.01402	0.10787	0.03943	0.00611	0.00432	0.00135	0.00422	0.00505	0.01361	0.00621
7	0.06936	0.01092	0.05487	0.03886	0.03066	0.08494	0.06665	0.05158	0.15013	0.02323	0.00844	0.01036	0.00694	0.00580	0.00824	0.00155	0.36586	0.00376	0.00252	0.00534
8	0.00905	0.00746	0.00875	0.00627	0.00999	0.00562	0.00502	0.01091	0.00883	0.04036	0.00777	0.00890	0.00636	0.00318	0.00315	0.00064	0.00313	0.00255	0.00258	0.84948
9	0.00611	0.00408	0.00458	0.00458	0.00458	0.00408	0.00255	0.00611	0.00611	0.00815	0.01325	0.02751	0.01528	0.85226	0.02140	0.00408	0.00408	0.00611	0.00255	0.00255
10	0.00943	0.00932	0.03470	0.13541	0.55405	0.00925	0.05012	0.01194	0.00944	0.01319	0.03869	0.02336	0.04649	0.00462	0.00443	0.00132	0.01440	0.02161	0.00228	0.00596
11	0.00872	0.00747	0.00872	0.00623	0.00996	0.00560	0.00498	0.01058	0.00872	0.01370	0.00747	0.00872	0.00623	0.00311	0.00311	0.00062	0.00311	0.00249	0.00249	0.87796
12	0.00694	0.00576	0.00877	0.06762	0.22354	0.00575	0.00688	0.02547	0.00873	0.01186	0.01781	0.55400	0.02030	0.00991	0.00495	0.00156	0.00337	0.00906	0.00329	0.00443
13	0.00508	0.00380	0.00473	0.00547	0.00600	0.00345	0.00373	0.00590	0.00842	0.01088	0.02787	0.65347	0.22081	0.01256	0.00527	0.00164	0.00236	0.01120	0.00390	0.00345
14	0.01071	0.02117	0.06716	0.03798	0.24971	0.06329	0.00932	0.06903	0.31820	0.01558	0.02398	0.01271	0.02023	0.00487	0.00437	0.00131	0.02436	0.00408	0.00310	0.03885
15	0.03342	0.04120	0.21322	0.01048	0.03822	0.06170	0.05668	0.21083	0.18106	0.02979	0.03143	0.01183	0.00875	0.02196	0.01596	0.00143	0.00500	0.00390	0.01699	0.00618
16	0.01040	0.00999	0.01706	0.02580	0.82604	0.00999	0.01290	0.01290	0.00957	0.01373	0.00791	0.01040	0.00666	0.00375	0.00416	0.00125	0.00499	0.00375	0.00208	0.00666
17	0.00860	0.00735	0.00863	0.00625	0.00986	0.00559	0.00499	0.01045	0.00863	0.01353	0.00763	0.00905	0.00641	0.00432	0.03852	0.00088	0.00346	0.00258	0.00248	0.84078
18	0.01269	0.01503	0.01175	0.01049	0.01175	0.48375	0.00815	0.01368	0.00957	0.01011	0.00661	0.00935	0.00607	0.04660	0.03178	0.00165	0.30099	0.00326	0.00207	0.00463
19	0.03155	0.00824	0.02353	0.00815	0.02377	0.00756	0.00668	0.16472	0.01323	0.62971	0.01490	0.01329	0.00958	0.00511	0.00417	0.00129	0.00380	0.00408	0.01961	0.00703
20	0.00537	0.00399	0.00503	0.00574	0.00628	0.00374	0.00398	0.00661	0.03502	0.01140	0.06410	0.63629	0.14719	0.01228	0.00527	0.00164	0.00245	0.03610	0.00395	0.00358
21	0.00872	0.00841	0.03785	0.08579	0.35700	0.00813	0.07542	0.01145	0.04046	0.02443	0.17838	0.01808	0.09716	0.00565	0.00470	0.00133	0.02349	0.00518	0.00288	0.00549
22	0.02426	0.00864	0.00997	0.00734	0.01094	0.00768	0.02064	0.20866	0.02562	0.03218	0.00845	0.00930	0.00662	0.00369	0.00345	0.00083	0.00357	0.00292	0.00299	0.60222
23	0.00558	0.00386	0.00480	0.00532	0.00550	0.00372	0.00337	0.00599	0.00724	0.00963	0.01922	0.46346	0.04657	0.34307	0.02905	0.02481	0.00328	0.00920	0.00328	0.00304
24	0.01022	0.13721	0.42164	0.01180	0.06014	0.09052	0.06791	0.05033	0.02747	0.02820	0.00898	0.01013	0.03468	0.00432	0.00408	0.00126	0.01964	0.00341	0.00216	0.00590
25	0.00936	0.18290	0.49696	0.02831	0.01554	0.01090	0.02575	0.07134	0.02822	0.01361	0.02844	0.02974	0.03222	0.00455	0.00387	0.00126	0.00538	0.00356	0.00221	0.00589
26	0.01273	0.03874	0.01063	0.00849	0.03215	0.00974	0.00669	0.39971	0.08355	0.09323	0.20841	0.01605	0.01576	0.00584	0.00430	0.00126	0.00371	0.00475	0.01738	0.02687

[dist]
# distance from previous block
# <min> <max>
8	31

[block]
# block no. 5 follows, 63 sequences, length 24
# corresponding to MSA columns:
# 294-317
name=unknown_F
#
# <colnr> <probs for GDERKNQSTAVLIFYWHMCP>
#	G	D	E	R	K	N	Q	S	T	A	V	L	I	F	Y	W	H	M	C	P
0	0.00934	0.00815	0.00907	0.03803	0.01087	0.05124	0.00544	0.01119	0.00897	0.03508	0.00766	0.00890	0.00627	0.00328	0.00322	0.00070	0.00346	0.00260	0.00252	0.77402
1	0.02024	0.06184	0.18386	0.04704	0.03561	0.00873	0.07038	0.10694	0.03029	0.15120	0.01090	0.05751	0.00871	0.02608	0.00445	0.00129	0.00455	0.01525	0.02484	0.13031
2	0.00857	0.00824	0.01150	0.01003	0.01012	0.01128	0.00821	0.00950	0.00645	0.00993	0.00680	0.01147	0.00686	0.07354	0.11574	0.00261	0.67891	0.00396	0.00194	0.00434
3	0.00617	0.00467	0.00674	0.00666	0.00727	0.00545	0.00507	0.00744	0.00665	0.00955	0.01126	0.01769	0.01094	0.14425	0.68371	0.00615	0.04974	0.00469	0.00227	0.00363
4	0.03090	0.01049	0.11726	0.03644	0.05932	0.06722	0.02101	0.05710	0.01023	0.15675	0.02617	0.03081	0.00801	0.00424	0.00374	0.00103	0.00423	0.00345	0.00297	0.34863
5	0.01036	0.01154	0.01792	0.01391	0.01603	0.11949	0.35668	0.01244	0.00867	0.01159	0.00694	0.00991	0.00588	0.00531	0.00866	0.00156	0.37189	0.00411	0.00201	0.00510
6	0.00872	0.00747	0.00872	0.00623	0.00996	0.00560	0.00498	0.01058	0.00872	0.01370	0.00747	0.00872	0.00623	0.00311	0.00311	0.00062	0.00311	0.00249	0.00249	0.87796
7	0.00601	0.00450	0.00676	0.00676	0.00751	0.00525	0.00525	0.00751	0.00676	0.00976	0.01126	0.01651	0.01051	0.03153	0.83560	0.00676	0.01126	0.00450	0.00225	0.00375
8	0.02466	0.03774	0.61910	0.01107	0.01640	0.00965	0.03325	0.07185	0.00977	0.07540	0.00862	0.01019	0.00630	0.04226	0.00478	0.00144	0.00573	0.00339	0.00227	0.00613
9	0.00693	0.00518	0.00727	0.00759	0.05180	0.00578	0.00536	0.00893	0.06233	0.03084	0.02414	0.01835	0.02391	0.16262	0.53911	0.00527	0.02320	0.00484	0.00256	0.00401
10	0.00843	0.02174	0.83048	0.01198	0.01819	0.00976	0.01553	0.01331	0.00888	0.01331	0.00754	0.00888	0.00533	0.00399	0.00399	0.00133	0.00621	0.00311	0.00178	0.00621
11	0.00501	0.00426	0.00432	0.00430	0.00571	0.00357	0.00323	0.00612	0.00969	0.01160	0.07769	0.04005	0.78907	0.01055	0.00497	0.00142	0.00212	0.00881	0.00394	0.00357
12	0.00970	0.38946	0.11176	0.00889	0.03719	0.05046	0.02826	0.02988	0.00931	0.01161	0.01139	0.06985	0.01147	0.00627	0.00396	0.00129	0.00465	0.19701	0.00252	0.00506
13	0.01266	0.01455	0.05970	0.01147	0.06987	0.36404	0.03396	0.06264	0.10986	0.03313	0.00995	0.01102	0.04348	0.00524	0.00561	0.00131	0.13980	0.00366	0.00262	0.00541
14	0.00999	0.01104	0.02382	0.01711	0.02117	0.01041	0.76074	0.01339	0.00986	0.03094	0.00895	0.03014	0.00693	0.00386	0.00512	0.00143	0.02216	0.00508	0.00223	0.00563
15	0.00897	0.05393	0.37487	0.00987	0.05601	0.00821	0.01020	0.01218	0.00888	0.02718	0.00760	0.00888	0.00588	0.00360	0.00356	0.00099	0.00466	0.00285	0.00216	0.38952
16	0.00601	0.00448	0.00664	0.00664	0.00735	0.00519	0.00511	0.00743	0.00672	0.00967	0.01137	0.01712	0.01077	0.07651	0.79098	0.00661	0.01087	0.00459	0.00227	0.00369
17	0.02874	0.09871	0.01138	0.05466	0.01211	0.25085	0.00664	0.05022	0.01011	0.01284	0.00711	0.00835	0.00588	0.00369	0.00337	0.00087	0.00478	0.00266	0.00237	0.42468
18	0.01158	0.31302	0.25520	0.01035	0.06185	0.07427	0.01007	0.11146	0.01047	0.05575	0.00762	0.00855	0.00595	0.00410	0.00375	0.00114	0.02228	0.00295	0.00233	0.02733
19	0.01365	0.04467	0.09575	0.01012	0.05822	0.02033	0.02206	0.45357	0.01482	0.09052	0.00988	0.02238	0.00742	0.00605	0.00562	0.10681	0.00464	0.00380	0.00348	0.00621
20	0.00566	0.00464	0.00586	0.00538	0.00677	0.00409	0.04773	0.00719	0.01035	0.01347	0.30919	0.05323	0.46913	0.00945	0.00492	0.00138	0.00235	0.00816	0.02724	0.00382
21	0.00517	0.00373	0.00494	0.00581	0.00614	0.00350	0.00393	0.00597	0.00815	0.01087	0.04294	0.76752	0.05765	0.01366	0.03665	0.00188	0.00275	0.01145	0.00386	0.00345
22	0.00936	0.05550	0.31263	0.03380	0.10362	0.00953	0.15460	0.05029	0.05636	0.03219	0.09831	0.01333	0.02057	0.02590	0.00471	0.00139	0.00527	0.00427	0.00256	0.00580
23	0.00842	0.00808	0.05008	0.03394	0.29423	0.00737	0.01898	0.02089	0.09273	0.02436	0.11990	0.02983	0.19303	0.02078	0.00470	0.00134	0.00373	0.00552	0.00313	0.05896

[dist]
# distance from previous block
# <min> <max>
0	3

[block]
# block no. 6 follows, 63 sequences, length 10
# corresponding to MSA columns:
# 321-330
name=unknown_G
#
# <colnr> <probs for GDERKNQSTAVLIFYWHMCP>
#	G	D	E	R	K	N	Q	S	T	A	V	L	I	F	Y	W	H	M	C	P
0	0.01163	0.05267	0.04504	0.16318	0.10809	0.04069	0.06519	0.24569	0.04318	0.05873	0.02180	0.02468	0.04465	0.00494	0.00415	0.00128	0.00476	0.00417	0.04959	0.00588
1	0.00948	0.15499	0.49534	0.01089	0.03760	0.03537	0.03166	0.01381	0.06852	0.03040	0.03966	0.01007	0.00741	0.00422	0.00384	0.00124	0.00543	0.00331	0.00220	0.03455
2	0.00917	0.00855	0.04010	0.04594	0.01132	0.03201	0.00596	0.04358	0.04583	0.01422	0.03188	0.00984	0.00745	0.00359	0.00337	0.00078	0.00352	0.00288	0.00264	0.67736
3	0.00588	0.00502	0.00626	0.00635	0.04334	0.00465	0.03610	0.00767	0.04863	0.01185	0.07808	0.07227	0.52245	0.04568	0.08491	0.00204	0.00347	0.00783	0.00360	0.00392
4	0.00950	0.09888	0.08128	0.01005	0.12213	0.00799	0.04211	0.03118	0.00935	0.03976	0.03806	0.04328	0.00836	0.00406	0.00359	0.00094	0.00393	0.00344	0.00255	0.43954
5	0.01372	0.01062	0.01110	0.00864	0.01177	0.06450	0.00700	0.49390	0.01553	0.05229	0.00970	0.01059	0.00736	0.02677	0.05203	0.00150	0.00483	0.00356	0.00359	0.19099
6	0.00947	0.00877	0.01379	0.08694	0.27642	0.02892	0.14296	0.03372	0.10229	0.04038	0.03337	0.04857	0.14445	0.00568	0.00450	0.00136	0.00458	0.00530	0.00291	0.00561
7	0.01084	0.26454	0.03921	0.00741	0.01100	0.04636	0.00656	0.13580	0.01059	0.01444	0.02495	0.00878	0.00678	0.00376	0.00325	0.00086	0.00403	0.00276	0.00256	0.39552
8	0.00730	0.00365	0.00548	0.00548	0.00548	0.00365	0.00365	0.00548	0.00548	0.00730	0.00730	0.01278	0.00730	0.01460	0.01643	0.87769	0.00365	0.00365	0.00183	0.00183
9	0.01124	0.21996	0.22420	0.01145	0.10782	0.05493	0.02635	0.08194	0.08837	0.06764	0.02228	0.01057	0.00758	0.00451	0.00413	0.00123	0.03220	0.01495	0.00260	0.00604

[dist]
# distance from previous block
# <min> <max>
1	5

[block]
# block no. 7 follows, 63 sequences, length 48
# corresponding to MSA columns:
# 336-383
name=unknown_H
#
# <colnr> <probs for GDERKNQSTAVLIFYWHMCP>
#	G	D	E	R	K	N	Q	S	T	A	V	L	I	F	Y	W	H	M	C	P
0	0.01090	0.06531	0.41451	0.02242	0.05084	0.03766	0.01162	0.15787	0.11403	0.04803	0.02132	0.01043	0.00737	0.00449	0.00402	0.00129	0.00528	0.00352	0.00273	0.00635
1	0.05554	0.00726	0.00924	0.00708	0.01030	0.00631	0.00579	0.03675	0.01087	0.51776	0.01329	0.01252	0.00897	0.00595	0.04649	0.00140	0.00386	0.00369	0.00420	0.23273
2	0.00648	0.00627	0.05182	0.00674	0.05296	0.00534	0.00510	0.02716	0.10670	0.01308	0.09142	0.07479	0.50498	0.00917	0.00480	0.00142	0.00275	0.02087	0.00379	0.00435
3	0.00718	0.00373	0.00560	0.00560	0.00567	0.00380	0.00380	0.00567	0.00560	0.00753	0.00767	0.01313	0.00760	0.01618	0.09271	0.79659	0.00436	0.00373	0.00187	0.00200
4	0.00572	0.00429	0.00531	0.00505	0.00614	0.00387	0.00379	0.00749	0.01136	0.01559	0.64355	0.03349	0.22073	0.00907	0.00496	0.00134	0.00202	0.00790	0.00446	0.00387
5	0.01114	0.78119	0.07705	0.00759	0.01134	0.03254	0.00778	0.01272	0.00863	0.01013	0.00597	0.00691	0.00539	0.00364	0.00281	0.00093	0.00467	0.00232	0.00180	0.00544
6	0.01222	0.07516	0.03032	0.00948	0.01201	0.21236	0.02288	0.09622	0.41522	0.01560	0.01212	0.01198	0.00931	0.00514	0.00445	0.00130	0.04090	0.00389	0.00337	0.00606
7	0.00865	0.00910	0.13072	0.00945	0.10773	0.00698	0.00742	0.05989	0.07680	0.03766	0.25932	0.01866	0.06883	0.00585	0.00424	0.00119	0.00351	0.00500	0.00340	0.17561
8	0.01039	0.13230	0.45264	0.01173	0.06383	0.03467	0.04566	0.08975	0.04974	0.04493	0.00862	0.01000	0.00649	0.00426	0.00393	0.00127	0.00555	0.01573	0.00234	0.00617
9	0.08671	0.02708	0.09835	0.01199	0.08837	0.00969	0.18313	0.13593	0.10235	0.13450	0.04076	0.04252	0.00954	0.00489	0.00426	0.00134	0.00476	0.00442	0.00328	0.00612
10	0.00524	0.00379	0.00507	0.02504	0.00660	0.00359	0.00405	0.00606	0.00821	0.01096	0.05651	0.76637	0.04281	0.02714	0.00559	0.00172	0.00251	0.01142	0.00386	0.00345
11	0.03179	0.19518	0.08142	0.08483	0.07673	0.21613	0.12404	0.06784	0.02891	0.03414	0.00764	0.00911	0.00605	0.00411	0.00395	0.00119	0.01581	0.00329	0.00229	0.00557
12	0.01142	0.17995	0.18397	0.01335	0.16549	0.02091	0.10536	0.11959	0.02111	0.08068	0.00897	0.03395	0.00712	0.00443	0.00421	0.00125	0.02577	0.00374	0.00258	0.00614
13	0.00645	0.00462	0.00640	0.00735	0.00820	0.00457	0.00621	0.00816	0.00939	0.01224	0.02281	0.18653	0.04023	0.01186	0.00571	0.00189	0.00359	0.64614	0.00388	0.00379
14	0.00582	0.00430	0.00542	0.00593	0.02630	0.00397	0.00412	0.00697	0.00932	0.03064	0.18338	0.37150	0.24317	0.03545	0.00571	0.00161	0.01326	0.03545	0.00396	0.00373
15	0.01081	0.18396	0.15662	0.01126	0.09756	0.07799	0.07787	0.08649	0.06764	0.04371	0.04915	0.03980	0.03098	0.00492	0.00398	0.00122	0.00491	0.01548	0.00271	0.03292
16	0.02082	0.22238	0.31916	0.01005	0.03315	0.01142	0.02635	0.05112	0.09107	0.03509	0.04691	0.03103	0.00854	0.00484	0.00457	0.00128	0.07034	0.00364	0.00245	0.00580
17	0.00512	0.00367	0.00486	0.00581	0.00609	0.00342	0.00388	0.00586	0.00809	0.01075	0.02365	0.82966	0.04735	0.01311	0.00536	0.00170	0.00243	0.01188	0.00390	0.00342
18	0.01164	0.01076	0.05239	0.09019	0.38121	0.04374	0.04649	0.19014	0.01178	0.05099	0.00928	0.04624	0.00759	0.00465	0.00446	0.00130	0.02403	0.00411	0.00273	0.00629
19	0.02263	0.03098	0.06390	0.01635	0.34198	0.13056	0.04942	0.10522	0.07597	0.05657	0.00998	0.03499	0.01895	0.00457	0.00413	0.00125	0.00512	0.00396	0.00274	0.02073
20	0.01282	0.00856	0.04092	0.00885	0.01157	0.00819	0.10572	0.21562	0.02435	0.23418	0.06980	0.05547	0.01187	0.02065	0.03551	0.00155	0.02269	0.00479	0.10099	0.00590
21	0.01162	0.04639	0.06422	0.03917	0.23169	0.06125	0.02836	0.14019	0.25107	0.04599	0.01145	0.03101	0.00894	0.00485	0.00416	0.00130	0.00461	0.00412	0.00319	0.00640
22	0.00839	0.01826	0.66085	0.01068	0.01590	0.00865	0.01323	0.01266	0.00950	0.04363	0.14615	0.01289	0.01133	0.00482	0.00417	0.00133	0.00540	0.00391	0.00238	0.00587
23	0.00504	0.00416	0.00437	0.00452	0.00570	0.00355	0.00328	0.00601	0.00920	0.01113	0.03841	0.16450	0.66887	0.04518	0.00570	0.00157	0.00226	0.00923	0.00385	0.00349
24	0.04744	0.00719	0.00964	0.00741	0.01065	0.00629	0.00612	0.02022	0.01187	0.80213	0.01623	0.01406	0.01021	0.00516	0.00417	0.00130	0.00357	0.00416	0.00512	0.00707
25	0.00563	0.00428	0.00518	0.00496	0.00609	0.00383	0.00372	0.00732	0.01115	0.01509	0.57252	0.03431	0.29207	0.00925	0.00496	0.00135	0.00203	0.00801	0.00439	0.00383
26	0.01124	0.85479	0.02203	0.00719	0.01079	0.01663	0.00719	0.01259	0.00854	0.00989	0.00584	0.00674	0.00539	0.00360	0.00270	0.00090	0.00450	0.00225	0.00180	0.00539
27	0.00516	0.00369	0.00492	0.00582	0.00611	0.00344	0.00391	0.00596	0.00825	0.01105	0.06422	0.80757	0.02841	0.01294	0.00534	0.00169	0.00242	0.01173	0.00394	0.00344
28	0.00843	0.02174	0.83048	0.01198	0.01819	0.00976	0.01553	0.01331	0.00888	0.01331	0.00754	0.00888	0.00533	0.00399	0.00399	0.00133	0.00621	0.00311	0.00178	0.00621
29	0.00920	0.00920	0.01288	0.01104	0.01104	0.01288	0.00920	0.01012	0.00644	0.01012	0.00552	0.00920	0.00552	0.00736	0.01380	0.00184	0.84457	0.00368	0.00184	0.00460
30	0.00920	0.00920	0.01288	0.01104	0.01104	0.01288	0.00920	0.01012	0.00644	0.01012	0.00552	0.00920	0.00552	0.00736	0.01380	0.00184	0.84457	0.00368	0.00184	0.00460
31	0.01159	0.79315	0.02134	0.00737	0.01095	0.01637	0.00725	0.07104	0.00936	0.01110	0.00615	0.00699	0.00552	0.00370	0.00281	0.00093	0.00451	0.00236	0.00197	0.00552
32	0.00599	0.00440	0.00634	0.00646	0.00709	0.00494	0.00489	0.00726	0.00693	0.00978	0.01300	0.08459	0.01316	0.13248	0.62558	0.00578	0.00929	0.04596	0.00250	0.00358
33	0.00794	0.00747	0.01261	0.84216	0.02895	0.00934	0.01167	0.01074	0.00841	0.01074	0.00747	0.01121	0.00560	0.00420	0.00420	0.00140	0.00560	0.00374	0.00187	0.00467
34	0.01297	0.01028	0.01092	0.00906	0.01189	0.01163	0.00726	0.38116	0.45554	0.02163	0.01392	0.01314	0.01025	0.00540	0.00424	0.00135	0.00392	0.00431	0.00424	0.00688
35	0.00601	0.00450	0.00676	0.00676	0.00751	0.00525	0.00525	0.00751	0.00676	0.00976	0.01126	0.01651	0.01051	0.03153	0.83560	0.00676	0.01126	0.00450	0.00225	0.00375
36	0.00647	0.00519	0.00771	0.03772	0.00871	0.00634	0.00597	0.00793	0.00680	0.00986	0.01062	0.03159	0.01003	0.02709	0.68434	0.00584	0.11718	0.00452	0.00222	0.00389
37	0.88196	0.00813	0.00618	0.00553	0.00813	0.00943	0.00455	0.01236	0.00715	0.01886	0.00585	0.00683	0.00455	0.00390	0.00260	0.00130	0.00325	0.00228	0.00260	0.00455
38	0.00502	0.00406	0.00446	0.00478	0.00581	0.00351	0.00342	0.00597	0.00908	0.01115	0.03629	0.30280	0.56606	0.01146	0.00510	0.00151	0.00223	0.00987	0.00390	0.00351
39	0.00794	0.00639	0.00733	0.00673	0.00833	0.00683	0.00515	0.01429	0.36781	0.01718	0.46784	0.02447	0.02782	0.00732	0.00466	0.00137	0.00258	0.00634	0.00447	0.00515
40	0.00877	0.00482	0.00491	0.00458	0.00583	0.00496	0.00352	0.10151	0.01007	0.01691	0.01330	0.01503	0.01036	0.00491	0.00308	0.00101	0.00226	0.00390	0.77598	0.00429
41	0.00512	0.00366	0.00488	0.00585	0.00610	0.00341	0.00390	0.00585	0.00805	0.01073	0.02317	0.84952	0.02780	0.01317	0.00537	0.00171	0.00244	0.01195	0.00390	0.00341
42	0.00667	0.00479	0.00662	0.00749	0.00847	0.00475	0.00650	0.00857	0.00979	0.01276	0.06409	0.04634	0.05414	0.01142	0.00573	0.00189	0.00371	0.72850	0.00391	0.00386
43	0.00992	0.01134	0.02481	0.01772	0.02197	0.01063	0.81077	0.01347	0.00992	0.01347	0.00850	0.01134	0.00638	0.00354	0.00496	0.00142	0.00709	0.00496	0.00213	0.00567
44	0.00504	0.00425	0.00436	0.00436	0.00573	0.00357	0.00326	0.00615	0.00969	0.01169	0.09216	0.05991	0.75433	0.01058	0.00498	0.00142	0.00213	0.00887	0.00395	0.00357
45	0.01528	0.01142	0.01222	0.00953	0.01277	0.01271	0.00782	0.71129	0.12164	0.02536	0.01099	0.01081	0.00787	0.00513	0.00421	0.00128	0.00446	0.00391	0.00421	0.00709
46	0.01247	0.04237	0.01097	0.00914	0.01170	0.17116	0.00719	0.15926	0.49263	0.01745	0.01341	0.01281	0.01013	0.00525	0.00411	0.00131	0.00442	0.00410	0.00377	0.00635
47	0.00854	0.11565	0.01381	0.71648	0.02627	0.01036	0.01102	0.02943	0.00868	0.01099	0.00732	0.01061	0.00561	0.00414	0.00401	0.00133	0.00544	0.00355	0.00191	0.00482

[dist]
# distance from previous block
# <min> <max>
0	2

[block]
# block no. 8 follows, 63 sequences, length 9
# corresponding to MSA columns:
# 386-394
name=unknown_I
#
# <colnr> <probs for GDERKNQSTAVLIFYWHMCP>
#	G	D	E	R	K	N	Q	S	T	A	V	L	I	F	Y	W	H	M	C	P
0	0.03203	0.16574	0.36496	0.01360	0.17312	0.06198	0.04428	0.03391	0.04828	0.01328	0.00777	0.00912	0.00603	0.00398	0.00381	0.00123	0.00554	0.00320	0.00208	0.00605
1	0.01046	0.01168	0.06699	0.04624	0.24254	0.07205	0.30542	0.04120	0.06521	0.01371	0.00888	0.01161	0.00712	0.00432	0.00504	0.00137	0.05547	0.02248	0.00233	0.00590
2	0.01124	0.85479	0.02203	0.00719	0.01079	0.01663	0.00719	0.01259	0.00854	0.00989	0.00584	0.00674	0.00539	0.00360	0.00270	0.00090	0.00450	0.00225	0.00180	0.00539
3	0.00672	0.00401	0.00593	0.00593	0.00622	0.00431	0.00421	0.00631	0.00602	0.00832	0.00921	0.01513	0.00904	0.07148	0.33845	0.48326	0.00666	0.00413	0.00204	0.00263
4	0.00511	0.00389	0.00470	0.00529	0.00596	0.00349	0.00367	0.00601	0.00875	0.01123	0.06725	0.53862	0.29668	0.01211	0.00521	0.00159	0.00231	0.01071	0.00394	0.00349
5	0.00545	0.00428	0.00492	0.00476	0.00597	0.00375	0.00357	0.00696	0.01072	0.01405	0.42469	0.03603	0.44055	0.00964	0.00496	0.00137	0.00206	0.00825	0.00426	0.00375
6	0.01124	0.85479	0.02203	0.00719	0.01079	0.01663	0.00719	0.01259	0.00854	0.00989	0.00584	0.00674	0.00539	0.00360	0.00270	0.00090	0.00450	0.00225	0.00180	0.00539
7	0.01028	0.00887	0.00943	0.00832	0.01083	0.00996	0.00648	0.02115	0.73637	0.01719	0.01613	0.01498	0.01216	0.00544	0.00416	0.00134	0.00331	0.00452	0.00410	0.09497
8	0.00506	0.00388	0.00465	0.00526	0.00594	0.00346	0.00364	0.00592	0.00862	0.01096	0.03038	0.54924	0.32343	0.01223	0.00522	0.00160	0.00232	0.01081	0.00390	0.00346

[dist]
# distance from previous block
# <min> <max>
4	7

[block]
# block no. 9 follows, 63 sequences, length 64
# corresponding to MSA columns:
# 402-465
name=unknown_J
#
# <colnr> <probs for GDERKNQSTAVLIFYWHMCP>
#	G	D	E	R	K	N	Q	S	T	A	V	L	I	F	Y	W	H	M	C	P
0	0.00512	0.00366	0.00488	0.00585	0.00610	0.00341	0.00390	0.00585	0.00805	0.01073	0.02317	0.84952	0.02780	0.01317	0.00537	0.00171	0.00244	0.01195	0.00390	0.00341
1	0.00984	0.01112	0.14681	0.02507	0.05321	0.00993	0.15388	0.12569	0.07544	0.01469	0.05354	0.01241	0.02271	0.00647	0.02821	0.05522	0.15251	0.00420	0.00265	0.03639
2	0.04226	0.01998	0.03465	0.00689	0.03760	0.02067	0.03686	0.01880	0.01971	0.02744	0.26876	0.02843	0.27778	0.00795	0.00460	0.00132	0.00295	0.05518	0.01591	0.07225
3	0.00517	0.00368	0.00486	0.00579	0.00602	0.00345	0.00384	0.00587	0.00795	0.01060	0.02268	0.80909	0.02719	0.05444	0.00615	0.00182	0.00252	0.01166	0.00384	0.00337
4	0.01570	0.02004	0.01191	0.01083	0.01300	0.83539	0.00812	0.01679	0.01191	0.01029	0.00650	0.00758	0.00541	0.00433	0.00379	0.00108	0.00758	0.00271	0.00217	0.00487
