[name]
unknown

[dist]
# distance from previous block
# <min> <max>
0	55

[block]
# block no. 0 follows, 61 sequences, length 10
# corresponding to MSA columns:
# 55-64
name=unknown_A
#
# <colnr> <probs for GDERKNQSTAVLIFYWHMCP>
#	G	D	E	R	K	N	Q	S	T	A	V	L	I	F	Y	W	H	M	C	P
0	0.01099	0.75368	0.02077	0.00744	0.01081	0.01565	0.00732	0.01244	0.00889	0.01045	0.00793	0.01171	0.00775	0.00463	0.00313	0.00104	0.00453	0.09340	0.00209	0.00535
1	0.00587	0.00465	0.00634	0.00800	0.10015	0.00432	0.00492	0.00695	0.00889	0.01171	0.05501	0.55619	0.18752	0.01169	0.00526	0.00162	0.00272	0.01047	0.00381	0.00393
2	0.00948	0.01207	0.15986	0.06747	0.21028	0.03962	0.25292	0.01294	0.03532	0.01398	0.10250	0.04269	0.01124	0.00485	0.00461	0.00138	0.00562	0.00485	0.00252	0.00581
3	0.00624	0.00437	0.00536	0.00567	0.00668	0.00394	0.00422	0.00746	0.00969	0.05549	0.12786	0.32932	0.30469	0.01140	0.00529	0.00160	0.00256	0.10013	0.00416	0.00387
4	0.00568	0.00422	0.00521	0.00577	0.00643	0.00393	0.00401	0.03549	0.00928	0.01214	0.08135	0.59537	0.19055	0.01234	0.00534	0.00165	0.00248	0.01099	0.00406	0.00371
5	0.05312	0.00766	0.00875	0.00765	0.00989	0.00825	0.00602	0.05605	0.36895	0.16129	0.18151	0.01849	0.01751	0.00819	0.06542	0.00180	0.00383	0.00519	0.00439	0.00604
6	0.08043	0.01092	0.04215	0.10216	0.09180	0.08557	0.02174	0.24095	0.03806	0.08038	0.02179	0.01075	0.00754	0.00453	0.00398	0.00121	0.00472	0.00359	0.02126	0.12647
7	0.00864	0.02228	0.82630	0.01228	0.01864	0.01000	0.01592	0.01364	0.00909	0.01364	0.00773	0.00909	0.00546	0.00409	0.00409	0.00136	0.00637	0.00318	0.00182	0.00637
8	0.00628	0.00406	0.00536	0.00601	0.00657	0.00373	0.00413	0.00717	0.00879	0.06941	0.05903	0.71128	0.06671	0.01258	0.00538	0.00169	0.00255	0.01133	0.00413	0.00380
9	0.01118	0.04923	0.16560	0.08803	0.17498	0.03585	0.16317	0.10753	0.02756	0.07052	0.05683	0.01199	0.00877	0.00449	0.00438	0.00133	0.00551	0.00415	0.00273	0.00618

[dist]
# distance from previous block
# <min> <max>
0	1

[block]
# block no. 1 follows, 61 sequences, length 123
# corresponding to MSA columns:
# 66-91,93-156,158-190
name=unknown_B
#
# <colnr> <probs for GDERKNQSTAVLIFYWHMCP>
#	G	D	E	R	K	N	Q	S	T	A	V	L	I	F	Y	W	H	M	C	P
0	0.01280	0.04029	0.13062	0.02386	0.08541	0.11540	0.09036	0.23742	0.02613	0.07866	0.01010	0.03977	0.00810	0.04474	0.01702	0.00153	0.02442	0.00416	0.00307	0.00613
1	0.00528	0.00397	0.00490	0.00552	0.00615	0.00359	0.00382	0.00624	0.00901	0.01173	0.10081	0.56383	0.23471	0.01240	0.00535	0.00164	0.00237	0.01103	0.00407	0.00359
2	0.00866	0.01224	0.30177	0.01055	0.09199	0.00777	0.00969	0.03552	0.08493	0.04344	0.16852	0.11371	0.03963	0.00647	0.00449	0.00137	0.00427	0.00556	0.00320	0.04623
3	0.49362	0.05841	0.00964	0.00772	0.01040	0.20391	0.00624	0.12391	0.01034	0.01768	0.00675	0.00768	0.00531	0.00431	0.00338	0.00126	0.01886	0.00267	0.00273	0.00516
4	0.00639	0.00476	0.00673	0.00676	0.00736	0.00549	0.00513	0.00771	0.00725	0.01058	0.01345	0.15669	0.01364	0.06608	0.52715	0.00508	0.07092	0.00588	0.06914	0.00380
5	0.00813	0.00766	0.01292	0.83826	0.02967	0.00957	0.01196	0.01101	0.00861	0.01101	0.00766	0.01148	0.00574	0.00431	0.00431	0.00144	0.00574	0.00383	0.00191	0.00479
6	0.00525	0.00375	0.00500	0.00600	0.00625	0.00350	0.00400	0.00600	0.00825	0.01100	0.02374	0.84580	0.02849	0.01350	0.00550	0.00175	0.00250	0.01225	0.00400	0.00350
7	0.01285	0.01288	0.01815	0.04069	0.01781	0.16159	0.37319	0.18276	0.07867	0.04352	0.00965	0.01111	0.00718	0.00436	0.00459	0.00135	0.00634	0.00432	0.00291	0.00608
8	0.01609	0.02053	0.01221	0.01110	0.01332	0.83132	0.00832	0.01720	0.01221	0.01054	0.00666	0.00777	0.00555	0.00444	0.00388	0.00111	0.00777	0.00277	0.00222	0.00499
9	0.00515	0.00434	0.00446	0.00448	0.00587	0.00365	0.00334	0.00627	0.00987	0.01189	0.08132	0.07321	0.74964	0.01091	0.00511	0.00146	0.00219	0.00915	0.00404	0.00365
10	0.00615	0.00462	0.00692	0.00692	0.00769	0.00538	0.00538	0.00769	0.00692	0.01000	0.01154	0.01692	0.01077	0.03231	0.83154	0.00692	0.01154	0.00462	0.00231	0.00385
11	0.01564	0.08380	0.01300	0.01068	0.01310	0.69463	0.00821	0.07170	0.02933	0.01182	0.00709	0.00805	0.00583	0.00446	0.00384	0.00112	0.00722	0.00286	0.00238	0.00523
12	0.00570	0.00429	0.00511	0.00524	0.00629	0.00382	0.00385	0.00704	0.01024	0.02429	0.28342	0.22812	0.35007	0.01081	0.00520	0.00151	0.00229	0.03467	0.00425	0.00380
13	0.01386	0.00756	0.01060	0.00846	0.01117	0.00718	0.08629	0.11022	0.05203	0.38471	0.10645	0.09312	0.05544	0.00720	0.02381	0.00152	0.00396	0.00573	0.00452	0.00617
14	0.04107	0.39368	0.06342	0.00882	0.01225	0.15063	0.00803	0.17474	0.05820	0.04031	0.00809	0.00865	0.00646	0.00432	0.00348	0.00111	0.00512	0.00296	0.00268	0.00595
15	0.01655	0.01321	0.01240	0.00988	0.01305	0.17927	0.00798	0.54433	0.03143	0.11328	0.01046	0.01040	0.00744	0.00505	0.00423	0.00126	0.00521	0.00372	0.00400	0.00684
16	0.01523	0.01507	0.01280	0.01147	0.06547	0.34984	0.00857	0.33793	0.02721	0.02883	0.00850	0.00936	0.00656	0.00494	0.00483	0.00125	0.06646	0.00341	0.00312	0.01915
17	0.00874	0.00827	0.01401	0.64491	0.21832	0.00973	0.01226	0.01153	0.00890	0.01174	0.00776	0.01129	0.00600	0.00420	0.00430	0.00140	0.00559	0.00383	0.00197	0.00527
18	0.01097	0.01141	0.02242	0.01624	0.02018	0.01121	0.62659	0.13532	0.01154	0.01563	0.00963	0.01201	0.02547	0.00422	0.00540	0.00145	0.04690	0.00493	0.00253	0.00594
19	0.00623	0.00430	0.00534	0.00534	0.00556	0.00452	0.00341	0.00667	0.00645	0.00883	0.01299	0.02495	0.01426	0.61410	0.25452	0.00497	0.00629	0.00579	0.00252	0.00297
20	0.00543	0.00394	0.00515	0.00598	0.00637	0.00371	0.00405	0.00655	0.02725	0.01164	0.08333	0.74889	0.04581	0.01291	0.00543	0.00171	0.00248	0.01168	0.00406	0.00362
21	0.00537	0.00380	0.00496	0.00585	0.00607	0.00358	0.00384	0.00603	0.00801	0.01069	0.02255	0.74975	0.02698	0.11161	0.00743	0.00203	0.00270	0.01154	0.00384	0.00339
22	0.01051	0.01008	0.01720	0.07663	0.77278	0.01019	0.01314	0.01308	0.00973	0.01388	0.00807	0.01071	0.00676	0.00387	0.00427	0.00129	0.00516	0.00384	0.00212	0.00670
23	0.00626	0.00418	0.00470	0.00470	0.00470	0.00418	0.00261	0.00626	0.00626	0.00835	0.01357	0.02819	0.01566	0.84862	0.02192	0.00418	0.00418	0.00626	0.00261	0.00261
24	0.12468	0.01298	0.01235	0.01000	0.01301	0.26600	0.08747	0.17261	0.03007	0.21419	0.01026	0.01042	0.00730	0.00469	0.00405	0.00127	0.00547	0.00359	0.00349	0.00610
25	0.00898	0.00769	0.01213	0.04810	0.43752	0.00753	0.00916	0.01106	0.01015	0.05172	0.14173	0.07230	0.15092	0.00650	0.00461	0.00136	0.00393	0.00590	0.00311	0.00559
26	0.04409	0.00803	0.00973	0.00705	0.01082	0.00645	0.04263	0.03485	0.02293	0.01469	0.00789	0.00914	0.00646	0.00335	0.00331	0.00074	0.00344	0.00274	0.00262	0.75904
27	0.05180	0.68170	0.12507	0.00803	0.01197	0.03866	0.00837	0.01310	0.00883	0.01103	0.00623	0.00722	0.00548	0.00377	0.00296	0.00100	0.00486	0.00243	0.00189	0.00558
28	0.01435	0.01059	0.01171	0.04788	0.01297	0.01166	0.00768	0.64171	0.01819	0.02454	0.09210	0.04505	0.01150	0.00581	0.00440	0.00132	0.00437	0.00460	0.02290	0.00666
29	0.01066	0.01023	0.01748	0.02644	0.82174	0.01023	0.01322	0.01322	0.00981	0.01407	0.00810	0.01066	0.00682	0.00384	0.00426	0.00128	0.00512	0.00384	0.00213	0.00682
30	0.00833	0.00731	0.01210	0.04319	0.24691	0.00730	0.11212	0.01021	0.00938	0.03356	0.10027	0.19201	0.06719	0.06923	0.00651	0.00166	0.04324	0.00671	0.01780	0.00498
31	0.01422	0.01499	0.01097	0.00967	0.01193	0.45514	0.00740	0.17801	0.04776	0.04396	0.07699	0.07605	0.02270	0.00583	0.00425	0.00124	0.00586	0.00438	0.00322	0.00542
32	0.00624	0.00432	0.00555	0.00565	0.00649	0.00400	0.00405	0.00780	0.02063	0.04202	0.41862	0.32131	0.09208	0.03406	0.00567	0.00158	0.00234	0.00927	0.00438	0.00394
33	0.00580	0.00433	0.00539	0.00526	0.00629	0.00392	0.00389	0.00751	0.01130	0.01546	0.57750	0.11850	0.19952	0.00972	0.00513	0.00142	0.00211	0.00852	0.00451	0.00392
34	0.00552	0.00421	0.00507	0.00522	0.00617	0.00376	0.00378	0.00687	0.01028	0.01360	0.33244	0.26309	0.30274	0.01084	0.00520	0.00150	0.00221	0.00948	0.00428	0.00376
35	0.01114	0.70134	0.15231	0.00821	0.01233	0.01584	0.00877	0.02805	0.00903	0.01102	0.00635	0.00733	0.00555	0.00378	0.00301	0.00100	0.00489	0.00248	0.00189	0.00570
36	0.01047	0.00732	0.00710	0.00615	0.00800	0.06617	0.00482	0.18865	0.01167	0.01772	0.01209	0.01367	0.00944	0.00605	0.03917	0.00130	0.00354	0.00381	0.51085	0.07202
37	0.87904	0.00833	0.00633	0.00566	0.00833	0.00966	0.00467	0.01266	0.00733	0.01933	0.00600	0.00700	0.00467	0.00400	0.00267	0.00133	0.00333	0.00233	0.00267	0.00467
38	0.00802	0.00704	0.00680	0.00695	0.00765	0.13703	0.00487	0.02055	0.00894	0.03882	0.04381	0.47543	0.02118	0.14373	0.00818	0.00200	0.04283	0.00884	0.00347	0.00386
39	0.00955	0.00910	0.01547	0.38447	0.47242	0.00994	0.01267	0.01224	0.00928	0.01272	0.00791	0.01102	0.00635	0.00404	0.00428	0.00135	0.00539	0.00383	0.00204	0.00592
40	0.00600	0.00442	0.00518	0.00524	0.00635	0.00395	0.00384	0.00742	0.02111	0.03909	0.23440	0.20439	0.37152	0.04010	0.00575	0.00160	0.00239	0.02920	0.00419	0.00385
41	0.00854	0.00811	0.01141	0.01003	0.01021	0.01103	0.00822	0.00959	0.00666	0.01020	0.00733	0.01190	0.00723	0.04693	0.20276	0.00314	0.61620	0.00406	0.00201	0.00443
42	0.00655	0.00494	0.00635	0.00727	0.05650	0.00475	0.00486	0.02184	0.06408	0.03000	0.09604	0.46690	0.16380	0.01115	0.00521	0.00161	0.00274	0.03726	0.00401	0.00416
43	0.01137	0.00958	0.01011	0.00890	0.01145	0.01102	0.00698	0.11395	0.72183	0.01908	0.01670	0.01541	0.01247	0.00577	0.00437	0.00144	0.00356	0.00475	0.00437	0.00688
44	0.01063	0.37532	0.27067	0.01165	0.11217	0.04930	0.02311	0.01416	0.07244	0.01240	0.00777	0.00888	0.00628	0.00403	0.00357	0.00116	0.00530	0.00303	0.00209	0.00603
45	0.00624	0.00427	0.00517	0.00517	0.00534	0.00443	0.00320	0.00657	0.00641	0.00871	0.01314	0.02578	0.01461	0.67374	0.19537	0.00476	0.00575	0.00591	0.00255	0.00287
46	0.01197	0.10503	0.10193	0.01131	0.01484	0.09532	0.17378	0.12921	0.26535	0.03064	0.01126	0.01172	0.00848	0.00471	0.00426	0.00133	0.00529	0.00409	0.00316	0.00631
47	0.00812	0.00757	0.01276	0.82035	0.02915	0.00944	0.01179	0.01089	0.00855	0.01093	0.00765	0.01152	0.00578	0.00454	0.00458	0.02022	0.00570	0.00383	0.00191	0.00472
48	0.01030	0.02169	0.01029	0.00757	0.01110	0.08979	0.02440	0.07272	0.01008	0.01451	0.00770	0.00897	0.00634	0.00362	0.00374	0.00080	0.03082	0.00277	0.00261	0.66018
49	0.00864	0.00721	0.00769	0.00705	0.00905	0.00777	0.00544	0.01619	0.46992	0.02841	0.11795	0.02546	0.25620	0.00768	0.00467	0.00144	0.00289	0.00645	0.00433	0.00556
50	0.01084	0.00839	0.02437	0.00765	0.01111	0.00723	0.03549	0.05680	0.14200	0.11697	0.01118	0.03958	0.00882	0.00438	0.00375	0.00098	0.00355	0.00366	0.00332	0.49991
51	0.00973	0.02058	0.02584	0.00986	0.01374	0.00767	0.22283	0.03277	0.03224	0.03406	0.00878	0.02484	0.00711	0.00369	0.00384	0.00095	0.00441	0.00356	0.00262	0.53088
52	0.04304	0.00954	0.05993	0.00983	0.01301	0.00890	0.13427	0.07904	0.22653	0.27683	0.03865	0.04296	0.01150	0.02002	0.00476	0.00145	0.00432	0.00483	0.00409	0.00649
53	0.00893	0.00766	0.00893	0.00638	0.01021	0.00574	0.00510	0.01085	0.00893	0.01404	0.00766	0.00893	0.00638	0.00319	0.00319	0.00064	0.00319	0.00255	0.00255	0.87495
54	0.05050	0.01187	0.01241	0.00968	0.01300	0.02849	0.00795	0.70256	0.07831	0.02584	0.01063	0.01058	0.00762	0.00516	0.00424	0.00130	0.00464	0.00387	0.00421	0.00714
55	0.36299	0.02789	0.01003	0.00876	0.02538	0.33173	0.01895	0.07947	0.01042	0.01559	0.00681	0.00799	0.00547	0.00458	0.00383	0.02963	0.00531	0.00276	0.00256	0.03985
56	0.00626	0.00418	0.00470	0.00470	0.00470	0.00418	0.00261	0.00626	0.00626	0.00835	0.01357	0.02819	0.01566	0.84862	0.02192	0.00418	0.00418	0.00626	0.00261	0.00261
57	0.00605	0.00449	0.00558	0.00529	0.00641	0.00413	0.00397	0.00813	0.02811	0.01632	0.65887	0.03315	0.17106	0.00904	0.00503	0.00137	0.00209	0.00789	0.01899	0.00405
58	0.00937	0.00655	0.00767	0.00682	0.00867	0.00672	0.00531	0.06280	0.23669	0.10403	0.38797	0.02540	0.08842	0.00759	0.00477	0.00139	0.00280	0.01706	0.00461	0.00535
59	0.01066	0.01023	0.01748	0.02644	0.82174	0.01023	0.01322	0.01322	0.00981	0.01407	0.00810	0.01066	0.00682	0.00384	0.00426	0.00128	0.00512	0.00384	0.00213	0.00682
60	0.00541	0.00387	0.00519	0.00619	0.00651	0.00364	0.00429	0.00629	0.00841	0.01118	0.02365	0.76738	0.02813	0.01334	0.00554	0.00177	0.00264	0.08903	0.00400	0.00354
61	0.00813	0.00766	0.01292	0.83826	0.02967	0.00957	0.01196	0.01101	0.00861	0.01101	0.00766	0.01148	0.00574	0.00431	0.00431	0.00144	0.00574	0.00383	0.00191	0.00479
62	0.01121	0.01120	0.01693	0.02421	0.69901	0.08534	0.02528	0.02664	0.01012	0.01386	0.00795	0.01037	0.00668	0.00402	0.00452	0.00128	0.02886	0.00376	0.00217	0.00659
63	0.00893	0.00867	0.01212	0.01052	0.01060	0.01194	0.00866	0.00988	0.00661	0.01022	0.00666	0.01117	0.00669	0.05517	0.09482	0.00250	0.71436	0.00399	0.00197	0.00451
64	0.00524	0.00378	0.00497	0.00593	0.00623	0.00350	0.00397	0.00601	0.00832	0.01102	0.02462	0.81027	0.06345	0.01338	0.00548	0.00174	0.00249	0.01211	0.00400	0.00350
65	0.01104	0.01022	0.01667	0.08742	0.67941	0.01050	0.01262	0.09283	0.01077	0.01515	0.00829	0.01069	0.00679	0.00401	0.00427	0.00129	0.00513	0.00384	0.00233	0.00672
66	0.02778	0.01152	0.03768	0.00932	0.01235	0.09344	0.00765	0.30032	0.29943	0.13448	0.01331	0.01264	0.00958	0.00531	0.00426	0.00134	0.00445	0.00414	0.00416	0.00684
67	0.00978	0.00934	0.01590	0.30799	0.54704	0.01000	0.01278	0.01245	0.00939	0.01301	0.00795	0.01095	0.00645	0.00400	0.00428	0.00133	0.00533	0.00383	0.00206	0.00612
68	0.00839	0.00792	0.01338	0.75670	0.10924	0.00964	0.01209	0.01123	0.00873	0.01131	0.00770	0.01140	0.00585	0.00426	0.00430	0.00142	0.00568	0.00383	0.00194	0.00499
69	0.00525	0.00375	0.00500	0.00600	0.00625	0.00350	0.00400	0.00600	0.00825	0.01100	0.02374	0.84580	0.02849	0.01350	0.00550	0.00175	0.00250	0.01225	0.00400	0.00350
70	0.01275	0.01027	0.01089	0.00918	0.01198	0.01167	0.00731	0.30550	0.52803	0.02131	0.01494	0.01401	0.01105	0.00560	0.00436	0.00140	0.00389	0.00451	0.00436	0.00700
71	0.20872	0.01064	0.01056	0.03794	0.06368	0.14392	0.02735	0.08336	0.14845	0.18079	0.01147	0.03624	0.00864	0.00503	0.00394	0.00133	0.00453	0.00389	0.00353	0.00599
72	0.00542	0.00412	0.00497	0.00530	0.00613	0.00369	0.00376	0.00658	0.00970	0.01270	0.22388	0.37025	0.29292	0.02334	0.00549	0.00159	0.00230	0.01003	0.00416	0.00367
73	0.00974	0.00918	0.01539	0.20273	0.55717	0.00971	0.01212	0.01258	0.03379	0.01319	0.00857	0.01151	0.00710	0.00630	0.07118	0.00178	0.00572	0.00393	0.00217	0.00613
74	0.01004	0.01108	0.02328	0.09623	0.12067	0.01069	0.63476	0.01347	0.00998	0.01357	0.00854	0.01149	0.00650	0.00372	0.00491	0.00143	0.00686	0.00481	0.00215	0.00584
75	0.00599	0.00461	0.00581	0.04414	0.00748	0.00424	0.00427	0.00776	0.01114	0.01519	0.52733	0.07775	0.22360	0.00919	0.00501	0.00138	0.00230	0.00800	0.00432	0.03048
76	0.34941	0.06072	0.03563	0.00996	0.13155	0.01814	0.01930	0.05834	0.01779	0.06267	0.03267	0.02171	0.00741	0.00437	0.00368	0.00122	0.02398	0.00324	0.00281	0.13542
77	0.11560	0.17603	0.01339	0.00969	0.02731	0.44702	0.02550	0.01559	0.04020	0.04457	0.00890	0.00966	0.04036	0.00457	0.00365	0.00115	0.00602	0.00311	0.00248	0.00521
78	0.01123	0.76793	0.10332	0.00786	0.01182	0.01634	0.00823	0.01297	0.00879	0.01049	0.00616	0.00713	0.00552	0.00373	0.00290	0.00097	0.00478	0.00239	0.00184	0.00561
79	0.00813	0.00766	0.01292	0.83826	0.02967	0.00957	0.01196	0.01101	0.00861	0.01101	0.00766	0.01148	0.00574	0.00431	0.00431	0.00144	0.00574	0.00383	0.00191	0.00479
80	0.00561	0.00440	0.00486	0.00476	0.00609	0.00379	0.00356	0.00695	0.01045	0.02670	0.25285	0.06447	0.56970	0.01033	0.00509	0.00144	0.00218	0.00876	0.00422	0.00381
81	0.00591	0.00410	0.00508	0.00555	0.00630	0.00371	0.00389	0.00695	0.00919	0.04205	0.10670	0.51616	0.21535	0.01183	0.00523	0.00160	0.00240	0.01049	0.03379	0.00375
82	0.00652	0.00450	0.00589	0.00549	0.00658	0.00414	0.00414	0.00854	0.01220	0.04313	0.79377	0.03162	0.03968	0.00869	0.00506	0.00135	0.00208	0.00768	0.00476	0.00417
83	0.00561	0.00395	0.00513	0.00593	0.00620	0.00377	0.00401	0.00633	0.00802	0.01065	0.02164	0.60699	0.02559	0.17880	0.00880	0.00225	0.00297	0.08628	0.00372	0.00337
84	0.01086	0.01575	0.33321	0.01349	0.02901	0.02368	0.25477	0.15969	0.08669	0.01652	0.00941	0.01075	0.00687	0.00431	0.00446	0.00138	0.00607	0.00405	0.00263	0.00640
85	0.00626	0.00418	0.00470	0.00470	0.00470	0.00418	0.00261	0.00626	0.00626	0.00835	0.01357	0.02819	0.01566	0.84862	0.02192	0.00418	0.00418	0.00626	0.00261	0.00261
86	0.06379	0.01091	0.01164	0.00907	0.01236	0.05888	0.00744	0.47836	0.01667	0.26908	0.01192	0.01133	0.00810	0.00511	0.00420	0.00130	0.00451	0.00387	0.00441	0.00705
87	0.01221	0.70372	0.03482	0.00802	0.01155	0.12831	0.00767	0.03192	0.00950	0.01065	0.00621	0.00714	0.00557	0.00383	0.00298	0.00096	0.00507	0.00242	0.00195	0.00551
88	0.87904	0.00833	0.00633	0.00566	0.00833	0.00966	0.00467	0.01266	0.00733	0.01933	0.00600	0.00700	0.00467	0.00400	0.00267	0.00133	0.00333	0.00233	0.00267	0.00467
89	0.00764	0.00584	0.00928	0.02279	0.06999	0.00568	0.09702	0.00922	0.00919	0.06465	0.02010	0.38358	0.05081	0.02746	0.00588	0.00174	0.02266	0.17846	0.00362	0.00439
90	0.00676	0.00514	0.00602	0.00596	0.00638	0.04529	0.00407	0.00735	0.00679	0.00909	0.01212	0.02189	0.01279	0.43575	0.35051	0.04581	0.00733	0.00530	0.00243	0.00320
91	0.00641	0.00490	0.00704	0.00690	0.00750	0.00577	0.00525	0.00767	0.00680	0.00977	0.01142	0.01810	0.01114	0.15517	0.64851	0.00614	0.07066	0.00481	0.00232	0.00372
92	0.00525	0.00375	0.00500	0.00600	0.00625	0.00350	0.00400	0.00600	0.00825	0.01100	0.02374	0.84580	0.02849	0.01350	0.00550	0.00175	0.00250	0.01225	0.00400	0.00350
93	0.00727	0.00521	0.00649	0.00587	0.00717	0.00501	0.00448	0.08853	0.01293	0.02866	0.70406	0.03004	0.06063	0.00846	0.00499	0.00135	0.00233	0.00739	0.00468	0.00442
94	0.00532	0.00381	0.00494	0.00582	0.00610	0.00356	0.00385	0.00603	0.00816	0.01081	0.02385	0.74224	0.06443	0.08077	0.00680	0.00193	0.00262	0.01162	0.00389	0.00343
95	0.00864	0.02228	0.82630	0.01228	0.01864	0.01000	0.01592	0.01364	0.00909	0.01364	0.00773	0.00909	0.00546	0.00409	0.00409	0.00136	0.00637	0.00318	0.00182	0.00637
96	0.00622	0.00416	0.00471	0.00476	0.00477	0.00414	0.00267	0.00625	0.00636	0.00848	0.01405	0.06639	0.01626	0.80960	0.02116	0.00406	0.00410	0.00654	0.00267	0.00265
97	0.00626	0.00418	0.00470	0.00470	0.00470	0.00418	0.00261	0.00626	0.00626	0.00835	0.01357	0.02819	0.01566	0.84862	0.02192	0.00418	0.00418	0.00626	0.00261	0.00261
98	0.01677	0.01144	0.01254	0.00961	0.01304	0.01243	0.00794	0.70306	0.01920	0.13295	0.01122	0.01091	0.00777	0.00519	0.00431	0.00130	0.00460	0.00394	0.00444	0.00733
99	0.07292	0.00795	0.01011	0.00780	0.01111	0.00737	0.00644	0.11283	0.01295	0.68053	0.01552	0.01367	0.00989	0.00523	0.00422	0.00133	0.00377	0.00415	0.00504	0.00716
100	0.87904	0.00833	0.00633	0.00566	0.00833	0.00966	0.00467	0.01266	0.00733	0.01933	0.00600	0.00700	0.00467	0.00400	0.00267	0.00133	0.00333	0.00233	0.00267	0.00467
101	0.01609	0.02053	0.01221	0.01110	0.01332	0.83132	0.00832	0.01720	0.01221	0.01054	0.00666	0.00777	0.00555	0.00444	0.00388	0.00111	0.00777	0.00277	0.00222	0.00499
102	0.00570	0.00432	0.00526	0.00523	0.00628	0.00388	0.00388	0.00727	0.01090	0.01464	0.46176	0.14187	0.27645	0.01013	0.00516	0.00145	0.00218	0.02540	0.00440	0.00386
103	0.00531	0.00418	0.00477	0.00506	0.00605	0.00367	0.00363	0.00639	0.00953	0.01204	0.12579	0.29205	0.45550	0.02734	0.00555	0.00159	0.00233	0.02154	0.00406	0.00363
104	0.00533	0.00381	0.00507	0.00594	0.00627	0.00356	0.00401	0.00621	0.00864	0.01163	0.10368	0.76406	0.02971	0.01302	0.00546	0.00171	0.00245	0.01180	0.00407	0.00356
105	0.00540	0.00386	0.00515	0.00605	0.00640	0.00362	0.00415	0.00631	0.00863	0.01158	0.08510	0.74323	0.02924	0.01305	0.00549	0.00173	0.00254	0.05086	0.00405	0.00357
106	0.01180	0.79961	0.02193	0.00760	0.01120	0.06762	0.00743	0.01317	0.00897	0.01016	0.00603	0.00696	0.00553	0.00373	0.00283	0.00093	0.00480	0.00233	0.00187	0.00549
107	0.01215	0.07998	0.30658	0.01120	0.01531	0.02218	0.08258	0.16636	0.01146	0.12655	0.00917	0.01018	0.00666	0.00485	0.00547	0.00138	0.11515	0.00365	0.00283	0.00633
108	0.02466	0.31323	0.14255	0.01035	0.01398	0.26324	0.08033	0.03807	0.05359	0.01218	0.00745	0.00852	0.00606	0.00414	0.00365	0.00114	0.00600	0.00302	0.00220	0.00563
109	0.00860	0.00803	0.01295	0.36155	0.10257	0.03130	0.11457	0.04776	0.00946	0.01238	0.01177	0.16778	0.01142	0.04380	0.00546	0.00161	0.00515	0.03635	0.00259	0.00489
110	0.01137	0.01036	0.01628	0.16094	0.57254	0.01053	0.01248	0.01406	0.06009	0.01506	0.01181	0.01463	0.04645	0.00536	0.00493	0.00159	0.00541	0.00462	0.01447	0.00701
111	0.00509	0.00436	0.00436	0.00436	0.00582	0.00364	0.00327	0.00618	0.00982	0.01164	0.04364	0.04146	0.82000	0.01091	0.00509	0.00145	0.00218	0.00909	0.00400	0.00364
112	0.00560	0.00408	0.00535	0.00614	0.00670	0.00382	0.00446	0.00671	0.00902	0.01190	0.08960	0.55904	0.10612	0.01258	0.00551	0.00173	0.00269	0.15126	0.00405	0.00364
113	0.01568	0.00922	0.01214	0.00937	0.01255	0.00924	0.08714	0.30556	0.04069	0.34498	0.05703	0.05289	0.01156	0.00569	0.00450	0.00136	0.00427	0.00482	0.00452	0.00680
114	0.00534	0.00384	0.00507	0.00590	0.00626	0.00357	0.00399	0.00625	0.00873	0.01173	0.11567	0.73494	0.04691	0.01290	0.00544	0.00170	0.00244	0.01167	0.00408	0.00357
115	0.00941	0.01016	0.02115	0.01542	0.01882	0.00972	0.62972	0.01228	0.00932	0.01267	0.00952	0.01464	0.00821	0.16145	0.00853	0.00198	0.03434	0.00526	0.00225	0.00518
116	0.00813	0.00766	0.01292	0.83826	0.02967	0.00957	0.01196	0.01101	0.00861	0.01101	0.00766	0.01148	0.00574	0.00431	0.00431	0.00144	0.00574	0.00383	0.00191	0.00479
117	0.00592	0.00456	0.00545	0.00560	0.00651	0.01580	0.00408	0.00755	0.02720	0.01387	0.35466	0.26526	0.19830	0.02773	0.00555	0.00157	0.00243	0.03986	0.00426	0.00385
118	0.00710	0.00602	0.00641	0.00599	0.00713	0.08717	0.00449	0.00904	0.01219	0.01660	0.73781	0.02972	0.03712	0.00837	0.00496	0.00133	0.00261	0.00729	0.00449	0.00416
119	0.01117	0.14670	0.18222	0.04443	0.04020	0.05728	0.06631	0.14729	0.06536	0.01476	0.00857	0.02867	0.00700	0.00515	0.00585	0.00138	0.15549	0.00374	0.00254	0.00590
120	0.00979	0.16199	0.62073	0.01115	0.01676	0.02846	0.01370	0.01410	0.02568	0.04811	0.00801	0.00908	0.00585	0.00412	0.00388	0.00128	0.00592	0.00311	0.00204	0.00625
121	0.03606	0.00916	0.01344	0.01494	0.24450	0.01132	0.00983	0.02746	0.02502	0.01222	0.00782	0.04588	0.00742	0.00795	0.05696	0.00196	0.45638	0.00418	0.00220	0.00532
122	0.23620	0.01626	0.44274	0.06846	0.01651	0.03296	0.06324	0.02666	0.00904	0.03978	0.00763	0.00903	0.00553	0.00412	0.00380	0.00136	0.00552	0.00316	0.00223	0.00578

[dist]
# distance from previous block
# <min> <max>
1	7

[block]
# block no. 2 follows, 61 sequences, length 13
# corresponding to MSA columns:
# 201-213
name=unknown_C
#
# <colnr> <probs for GDERKNQSTAVLIFYWHMCP>
#	G	D	E	R	K	N	Q	S	T	A	V	L	I	F	Y	W	H	M	C	P
0	0.01497	0.02377	0.01357	0.03701	0.27538	0.00855	0.04590	0.05331	0.01140	0.41289	0.01314	0.01315	0.02360	0.00487	0.00460	0.00133	0.02768	0.00421	0.00382	0.00685
1	0.00625	0.00472	0.00582	0.00549	0.00666	0.00444	0.00413	0.00882	0.06490	0.01649	0.65212	0.03248	0.15362	0.00892	0.00504	0.00138	0.00215	0.00779	0.00461	0.00418
2	0.70337	0.01014	0.00741	0.00659	0.00923	0.13451	0.00531	0.01378	0.00833	0.05956	0.00667	0.00751	0.00511	0.00413	0.00294	0.00130	0.00402	0.00250	0.00274	0.00485
3	0.08909	0.01682	0.48422	0.01185	0.01673	0.00991	0.13761	0.04388	0.02381	0.01483	0.05545	0.01145	0.02370	0.00462	0.00459	0.00140	0.03793	0.00386	0.00231	0.00592
4	0.00838	0.02137	0.03260	0.00838	0.05697	0.00755	0.01904	0.01389	0.31239	0.02384	0.08986	0.05355	0.11041	0.11973	0.09016	0.00235	0.00431	0.01643	0.00363	0.00514
5	0.00615	0.00462	0.00692	0.00692	0.00769	0.00538	0.00538	0.00769	0.00692	0.01000	0.01154	0.01692	0.01077	0.03231	0.83154	0.00692	0.01154	0.00462	0.00231	0.00385
6	0.04789	0.12937	0.12497	0.02634	0.10724	0.23931	0.05068	0.09909	0.10823	0.01450	0.00867	0.00967	0.00680	0.00440	0.00393	0.00123	0.00576	0.00338	0.00260	0.00595
7	0.00738	0.00523	0.00685	0.00745	0.00851	0.00528	0.00614	0.02926	0.06564	0.03394	0.02240	0.18055	0.04843	0.04715	0.00634	0.00195	0.00364	0.50569	0.00399	0.00419
8	0.00752	0.06732	0.00651	0.00525	0.00581	0.03710	0.00337	0.00778	0.00709	0.04244	0.01427	0.02589	0.05130	0.68048	0.01832	0.00358	0.00423	0.00589	0.00271	0.00316
9	0.08161	0.53491	0.01774	0.00840	0.04543	0.12277	0.00722	0.01351	0.05077	0.01161	0.00938	0.01006	0.06249	0.00443	0.00321	0.00106	0.00471	0.00304	0.00225	0.00538
10	0.02323	0.12803	0.27006	0.05199	0.12446	0.02008	0.04715	0.02914	0.02937	0.06693	0.00927	0.04113	0.00764	0.03928	0.00469	0.00135	0.00510	0.00378	0.00244	0.09489
11	0.01287	0.07827	0.01227	0.01045	0.08463	0.06801	0.00769	0.32509	0.13730	0.05218	0.01283	0.13707	0.01120	0.00630	0.00456	0.00136	0.02285	0.00510	0.00372	0.00626
12	0.00653	0.00785	0.16129	0.00770	0.03806	0.00543	0.00639	0.00849	0.04235	0.01138	0.01864	0.41428	0.05562	0.18569	0.00856	0.00214	0.00370	0.00852	0.00324	0.00412

[dist]
# distance from previous block
# <min> <max>
2	24

[block]
# block no. 3 follows, 61 sequences, length 15
# corresponding to MSA columns:
# 238-252
name=unknown_D
#
# <colnr> <probs for GDERKNQSTAVLIFYWHMCP>
#	G	D	E	R	K	N	Q	S	T	A	V	L	I	F	Y	W	H	M	C	P
0	0.02808	0.03465	0.02870	0.16984	0.24396	0.05872	0.06296	0.06885	0.05166	0.05068	0.01040	0.01254	0.04202	0.01996	0.01927	0.00150	0.06594	0.00410	0.00259	0.02355
1	0.01026	0.03461	0.19233	0.01100	0.07254	0.05556	0.05713	0.09900	0.15068	0.02886	0.07676	0.04181	0.05227	0.01676	0.00506	0.00140	0.04529	0.00469	0.00311	0.04086
2	0.00669	0.00535	0.00728	0.00706	0.00765	0.00625	0.00546	0.00783	0.00734	0.01020	0.01547	0.02352	0.09900	0.18107	0.36849	0.00448	0.14889	0.08159	0.00264	0.00374
3	0.01338	0.12707	0.01288	0.00961	0.03034	0.16056	0.00759	0.22992	0.29826	0.03217	0.01176	0.01187	0.00903	0.02128	0.00439	0.00132	0.00478	0.00387	0.00356	0.00638
4	0.01128	0.01040	0.16218	0.01066	0.09836	0.01972	0.04094	0.07961	0.05455	0.19349	0.08212	0.11331	0.05404	0.00707	0.02618	0.00153	0.00445	0.00550	0.00363	0.02096
5	0.04183	0.21232	0.24391	0.01058	0.05107	0.04995	0.04935	0.11927	0.04009	0.06177	0.00851	0.00945	0.00649	0.00442	0.00403	0.01863	0.00518	0.00325	0.00258	0.05734
6	0.00832	0.05568	0.25125	0.00946	0.01255	0.02710	0.07491	0.02578	0.06186	0.02796	0.07080	0.14909	0.04200	0.01011	0.10334	0.00211	0.00552	0.05408	0.00295	0.00515
7	0.00556	0.00430	0.00506	0.00504	0.00615	0.00381	0.00372	0.00702	0.01067	0.01405	0.38463	0.13904	0.37486	0.01031	0.00514	0.00145	0.00216	0.00891	0.00433	0.00381
8	0.01061	0.01149	0.09833	0.08045	0.20119	0.09087	0.13600	0.05441	0.07671	0.04980	0.03630	0.05409	0.04680	0.00594	0.02660	0.00151	0.00549	0.00476	0.00280	0.00585
9	0.04546	0.11006	0.20851	0.01210	0.06421	0.09613	0.13644	0.12191	0.07065	0.04745	0.02091	0.01080	0.00747	0.02390	0.00452	0.00136	0.00560	0.00375	0.00270	0.00608
10	0.00717	0.00385	0.00561	0.00571	0.00587	0.00380	0.00392	0.00594	0.00643	0.00857	0.04765	0.07341	0.03539	0.01431	0.01463	0.70540	0.00354	0.04426	0.00232	0.00224
11	0.00586	0.00424	0.00496	0.00519	0.00603	0.00383	0.00362	0.00678	0.00902	0.03317	0.10313	0.28207	0.32864	0.15517	0.00810	0.00201	0.00269	0.02807	0.00386	0.00356
12	0.01216	0.07205	0.13811	0.02865	0.17647	0.13252	0.07068	0.10628	0.08006	0.06803	0.01031	0.01136	0.03092	0.00473	0.00458	0.00131	0.03899	0.00384	0.00278	0.00619
13	0.02691	0.08688	0.25157	0.04374	0.08119	0.05728	0.04690	0.08936	0.08617	0.14414	0.02662	0.02234	0.00836	0.00472	0.00413	0.00131	0.00516	0.00385	0.00302	0.00634
14	0.01198	0.01175	0.22453	0.02374	0.05277	0.00882	0.04596	0.04386	0.05951	0.24040	0.07714	0.01416	0.02939	0.00554	0.00557	0.00142	0.10874	0.00436	0.02421	0.00616

[dist]
# distance from previous block
# <min> <max>
0	23

[block]
# block no. 4 follows, 61 sequences, length 43
# corresponding to MSA columns:
# 276-318
name=unknown_E
#
# <colnr> <probs for GDERKNQSTAVLIFYWHMCP>
#	G	D	E	R	K	N	Q	S	T	A	V	L	I	F	Y	W	H	M	C	P
0	0.01194	0.11138	0.09834	0.03914	0.14819	0.10369	0.06537	0.14795	0.18830	0.01606	0.01035	0.02268	0.00811	0.00471	0.00414	0.00129	0.00518	0.00391	0.00296	0.00632
1	0.23692	0.02710	0.06862	0.07944	0.31402	0.13092	0.04758	0.01351	0.00934	0.01453	0.00724	0.00920	0.00585	0.00405	0.00391	0.00130	0.01525	0.00328	0.00224	0.00571
2	0.05285	0.02642	0.03304	0.05790	0.58670	0.04383	0.07874	0.03196	0.01001	0.02614	0.00811	0.01043	0.00661	0.00393	0.00421	0.00129	0.00533	0.00379	0.00224	0.00646
3	0.02849	0.02599	0.01611	0.04591	0.59246	0.01034	0.03351	0.06469	0.07040	0.03900	0.01751	0.01969	0.00789	0.00427	0.00426	0.00130	0.00490	0.00403	0.00258	0.00665
4	0.04357	0.00787	0.01005	0.05703	0.10220	0.04342	0.03408	0.09560	0.01122	0.21245	0.06162	0.08616	0.10445	0.06495	0.00573	0.00157	0.00403	0.02758	0.00375	0.02267
5	0.01069	0.01018	0.01715	0.06427	0.71473	0.01032	0.03610	0.03619	0.03217	0.01440	0.00842	0.01087	0.00695	0.00395	0.00430	0.00130	0.00515	0.00390	0.00225	0.00671
6	0.00686	0.00523	0.00674	0.00678	0.05355	0.00473	0.00472	0.00897	0.03315	0.03096	0.49150	0.09004	0.12741	0.00836	0.00482	0.00132	0.00246	0.00733	0.00421	0.10085
7	0.00691	0.00539	0.00684	0.03815	0.00845	0.00491	0.00481	0.00814	0.00822	0.01164	0.03030	0.27209	0.01722	0.15818	0.06215	0.00219	0.01539	0.07342	0.00311	0.26253
8	0.01550	0.01131	0.01222	0.00951	0.01275	0.01245	0.00781	0.68712	0.07236	0.04879	0.05717	0.01209	0.00971	0.00543	0.00436	0.00131	0.00447	0.00418	0.00437	0.00711
9	0.00515	0.00430	0.00449	0.00458	0.00589	0.00364	0.00338	0.00626	0.00977	0.01184	0.07881	0.12165	0.70332	0.01107	0.00513	0.00148	0.00221	0.00935	0.00404	0.00364
10	0.01140	0.01137	0.03168	0.01306	0.04916	0.08244	0.17121	0.11284	0.00991	0.04084	0.00748	0.01007	0.00625	0.00588	0.00922	0.00160	0.41371	0.00398	0.00240	0.00550
11	0.01068	0.01041	0.01700	0.08032	0.74101	0.03827	0.01297	0.01321	0.00981	0.01375	0.00802	0.01062	0.00671	0.00389	0.00425	0.00128	0.00525	0.00380	0.00212	0.00662
12	0.00581	0.00412	0.00566	0.00617	0.00673	0.00382	0.02173	0.00684	0.00902	0.03101	0.14310	0.66111	0.05399	0.01230	0.00539	0.00166	0.00255	0.01114	0.00410	0.00373
13	0.00648	0.00413	0.00534	0.00588	0.00655	0.00378	0.00408	0.00744	0.00896	0.07512	0.06898	0.63354	0.09940	0.01207	0.00526	0.00164	0.00252	0.01081	0.03417	0.00386
14	0.00604	0.00421	0.00534	0.00553	0.00578	0.00436	0.00361	0.00659	0.00682	0.00929	0.01499	0.18225	0.01684	0.47324	0.23200	0.00443	0.00579	0.00698	0.00280	0.00311
15	0.04274	0.00752	0.00902	0.02333	0.01001	0.03341	0.05720	0.22370	0.02177	0.01716	0.17038	0.25888	0.09002	0.00859	0.00484	0.00146	0.00356	0.00749	0.00396	0.00495
16	0.01255	0.01331	0.01405	0.09787	0.26639	0.29063	0.01033	0.04348	0.01041	0.04012	0.00752	0.00966	0.00622	0.00485	0.00589	0.00135	0.15394	0.00348	0.00229	0.00566
17	0.01202	0.00928	0.14302	0.00805	0.01091	0.03307	0.02275	0.03106	0.01083	0.31434	0.12795	0.01996	0.06927	0.05006	0.08196	0.00203	0.00477	0.03908	0.00393	0.00566
18	0.01194	0.00888	0.01016	0.00749	0.01117	0.00795	0.00608	0.23764	0.01244	0.08766	0.00922	0.00983	0.00702	0.00394	0.00361	0.00088	0.00367	0.00308	0.00329	0.55405
19	0.00844	0.00927	0.09293	0.03437	0.01181	0.01019	0.03162	0.01088	0.06300	0.01123	0.00860	0.01223	0.00772	0.01430	0.25728	0.00329	0.40179	0.00408	0.00219	0.00480
20	0.00528	0.00378	0.00497	0.00590	0.00618	0.00353	0.00392	0.00601	0.00822	0.01091	0.02393	0.79079	0.05122	0.04551	0.00612	0.00183	0.00255	0.01192	0.00395	0.00347
21	0.01513	0.01130	0.01217	0.00948	0.01276	0.01236	0.00776	0.67684	0.07410	0.02515	0.01120	0.04276	0.00849	0.00542	0.00430	0.00128	0.00447	0.00419	0.00420	0.05664
22	0.04888	0.01203	0.01208	0.00945	0.01274	0.09664	0.00771	0.56568	0.01748	0.12155	0.01049	0.01041	0.00741	0.00499	0.00416	0.00125	0.00480	0.00370	0.00408	0.04447
23	0.01169	0.60727	0.09784	0.00872	0.01268	0.01497	0.06342	0.05865	0.00970	0.04699	0.00711	0.00803	0.00594	0.00386	0.00322	0.00103	0.00489	0.00276	0.00217	0.02906
24	0.00529	0.00378	0.00505	0.00605	0.00632	0.00354	0.00408	0.00608	0.00829	0.01105	0.02372	0.82448	0.02839	0.01345	0.00551	0.00176	0.00254	0.03312	0.00400	0.00351
25	0.00516	0.00416	0.00460	0.00493	0.00597	0.00360	0.00353	0.00616	0.00935	0.01154	0.05359	0.30929	0.53959	0.01173	0.00523	0.00155	0.00228	0.01011	0.00402	0.00360
26	0.01204	0.01164	0.09718	0.01257	0.03770	0.02968	0.24466	0.25150	0.01281	0.07283	0.01111	0.10636	0.00938	0.00568	0.00533	0.00144	0.06369	0.00512	0.00319	0.00609
27	0.01001	0.05243	0.03003	0.08992	0.40657	0.09512	0.04466	0.01250	0.03206	0.01305	0.03919	0.03290	0.11268	0.00526	0.00435	0.00131	0.00496	0.00470	0.00253	0.00577
28	0.02318	0.01242	0.02646	0.07032	0.05612	0.30525	0.02515	0.09422	0.02882	0.02812	0.05860	0.01329	0.01948	0.00838	0.08956	0.03475	0.03422	0.02229	0.04434	0.00505
29	0.00550	0.00381	0.00492	0.00576	0.00602	0.00360	0.00380	0.00623	0.00807	0.01096	0.02215	0.71491	0.02622	0.10456	0.00717	0.00198	0.00266	0.01118	0.04711	0.00343
30	0.00965	0.02998	0.09557	0.06242	0.35059	0.02254	0.04154	0.02950	0.03557	0.02392	0.03762	0.03173	0.05923	0.02591	0.00584	0.00148	0.08879	0.03977	0.00255	0.00579
31	0.02612	0.02188	0.20517	0.02956	0.21164	0.01794	0.09868	0.07662	0.07890	0.05706	0.02911	0.03425	0.02575	0.00531	0.00447	0.00140	0.00513	0.06201	0.00287	0.00615
32	0.02723	0.01098	0.04718	0.07887	0.08165	0.15604	0.07603	0.10681	0.01090	0.07827	0.02149	0.07885	0.02102	0.05924	0.00624	0.00155	0.07513	0.00469	0.05251	0.00533
33	0.61556	0.05512	0.06908	0.02102	0.05217	0.05651	0.00661	0.04275	0.00843	0.01767	0.00645	0.00761	0.00506	0.00411	0.00319	0.00131	0.01712	0.00260	0.00254	0.00507
34	0.00553	0.00427	0.00497	0.00504	0.00602	0.00387	0.00362	0.00670	0.00959	0.01240	0.21439	0.16036	0.38763	0.09914	0.05516	0.00208	0.00295	0.00872	0.00393	0.00362
35	0.01291	0.33373	0.07604	0.01075	0.08462	0.23952	0.02126	0.06158	0.01890	0.04391	0.00743	0.00843	0.00609	0.00408	0.00353	0.00107	0.00557	0.00289	0.00232	0.05535
36	0.08376	0.00754	0.00846	0.00645	0.00969	0.00647	0.00512	0.04115	0.05527	0.02987	0.04951	0.01132	0.00890	0.02304	0.01868	0.00102	0.00335	0.00318	0.03431	0.59291
37	0.06282	0.01303	0.01180	0.00962	0.01263	0.19526	0.00771	0.43116	0.10551	0.09178	0.01067	0.01060	0.00772	0.00503	0.00413	0.00128	0.00510	0.00370	0.00385	0.00660
38	0.05494	0.01105	0.13679	0.02286	0.08948	0.00946	0.09070	0.16396	0.11056	0.12107	0.01298	0.08940	0.01082	0.00590	0.00448	0.00143	0.00468	0.04976	0.00348	0.00621
39	0.01425	0.03461	0.01240	0.02563	0.05886	0.04885	0.00788	0.52843	0.03190	0.03767	0.01999	0.04299	0.01949	0.00526	0.00420	0.00123	0.00456	0.00411	0.00381	0.09389
40	0.02787	0.00519	0.00551	0.00507	0.00640	0.00526	0.00384	0.09953	0.01036	0.04864	0.06110	0.04649	0.04806	0.07040	0.00494	0.00136	0.00260	0.00486	0.53812	0.00439
41	0.00735	0.00601	0.00682	0.00748	0.04267	0.05229	0.00504	0.01008	0.13589	0.02808	0.08257	0.48511	0.04675	0.05553	0.00599	0.00173	0.00312	0.00927	0.00389	0.00432
42	0.02648	0.24247	0.31650	0.02904	0.03265	0.09071	0.05628	0.06027	0.02351	0.02443	0.01903	0.03253	0.00700	0.00447	0.00397	0.00124	0.01787	0.00344	0.00225	0.00586

[dist]
# distance from previous block
# <min> <max>
3	9

[block]
# block no. 5 follows, 61 sequences, length 20
# corresponding to MSA columns:
# 328-347
name=unknown_F
#
# <colnr> <probs for GDERKNQSTAVLIFYWHMCP>
#	G	D	E	R	K	N	Q	S	T	A	V	L	I	F	Y	W	H	M	C	P
0	0.01254	0.19554	0.16055	0.01138	0.03385	0.11764	0.14382	0.13248	0.04231	0.07781	0.00900	0.01021	0.00689	0.02223	0.00439	0.00130	0.00568	0.00360	0.00270	0.00608
1	0.01022	0.04228	0.06945	0.04611	0.18257	0.00924	0.08930	0.09088	0.13483	0.04758	0.06264	0.09689	0.02746	0.00590	0.00448	0.00137	0.00444	0.02366	0.00322	0.04748
2	0.00615	0.00463	0.00538	0.00546	0.00657	0.00429	0.00397	0.00814	0.06922	0.03445	0.18872	0.26739	0.33948	0.02923	0.00551	0.00158	0.00242	0.00924	0.00418	0.00399
3	0.00907	0.02268	0.00739	0.00651	0.00808	0.04008	0.00498	0.05594	0.08240	0.11477	0.37285	0.14663	0.07543	0.00837	0.00481	0.00140	0.00287	0.00723	0.02368	0.00485
4	0.03245	0.22556	0.12978	0.05005	0.13077	0.08285	0.05285	0.06852	0.04738	0.06788	0.02624	0.01100	0.02549	0.00447	0.00385	0.00121	0.00509	0.00358	0.02503	0.00594
5	0.01172	0.00583	0.00761	0.00676	0.00868	0.00532	0.00528	0.05160	0.01138	0.34209	0.15839	0.22020	0.08154	0.00869	0.00489	0.00148	0.00307	0.05542	0.00468	0.00537
6	0.00534	0.00386	0.00506	0.00594	0.00632	0.00359	0.00406	0.00621	0.00859	0.01140	0.06232	0.72974	0.07790	0.01306	0.00547	0.00172	0.00251	0.03933	0.00403	0.00355
7	0.03692	0.05986	0.08280	0.02905	0.11469	0.36435	0.02887	0.04343	0.05384	0.05363	0.02222	0.01930	0.00730	0.00479	0.00468	0.00126	0.06137	0.00347	0.00255	0.00562
8	0.03035	0.11760	0.17693	0.02407	0.06327	0.06345	0.08463	0.09334	0.03091	0.10745	0.05847	0.02788	0.02618	0.01820	0.01408	0.00144	0.00512	0.04776	0.00302	0.00585
9	0.01221	0.00774	0.00864	0.00745	0.00974	0.00826	0.00587	0.13265	0.30836	0.17199	0.03161	0.05617	0.01265	0.00590	0.00412	0.00132	0.00326	0.00485	0.20107	0.00614
10	0.00923	0.03300	0.56459	0.03325	0.01771	0.00969	0.11165	0.03013	0.02252	0.04241	0.05651	0.01160	0.00828	0.02515	0.00471	0.00144	0.00594	0.00385	0.00227	0.00607
11	0.01077	0.09353	0.08043	0.01223	0.17214	0.03790	0.06319	0.12488	0.04124	0.07232	0.06181	0.06933	0.10307	0.03216	0.00493	0.00141	0.00448	0.00520	0.00320	0.00576
12	0.00923	0.10575	0.49085	0.08053	0.06553	0.02880	0.09245	0.01307	0.00910	0.01278	0.00791	0.01027	0.00616	0.04378	0.00491	0.00145	0.00607	0.00351	0.00193	0.00591
13	0.00670	0.00452	0.00614	0.00607	0.00690	0.00461	0.00448	0.00806	0.00883	0.05647	0.22653	0.14107	0.05494	0.11872	0.32178	0.00387	0.00607	0.00690	0.00346	0.00389
14	0.01065	0.04505	0.09246	0.01119	0.06489	0.12222	0.11359	0.08394	0.02445	0.04945	0.05562	0.05052	0.07297	0.00750	0.05096	0.00170	0.08988	0.02228	0.02532	0.00536
15	0.01182	0.18050	0.18626	0.04128	0.08028	0.08628	0.06971	0.15826	0.04165	0.03501	0.00899	0.02582	0.00724	0.00471	0.00431	0.00128	0.02892	0.01896	0.00263	0.00608
16	0.00549	0.00402	0.00515	0.00586	0.00633	0.00377	0.00399	0.00669	0.02952	0.01185	0.11172	0.65753	0.08654	0.03264	0.00579	0.00174	0.00249	0.01120	0.00406	0.00363
17	0.00611	0.00461	0.00557	0.00600	0.00677	0.00448	0.00422	0.03010	0.07481	0.01240	0.07167	0.51976	0.15933	0.05122	0.00606	0.00176	0.00266	0.02456	0.00402	0.00390
18	0.03664	0.10848	0.09719	0.04113	0.10914	0.17680	0.02127	0.15478	0.10176	0.01531	0.00915	0.01065	0.00731	0.00602	0.04335	0.00154	0.03851	0.01229	0.00275	0.00595
19	0.04788	0.05068	0.04750	0.03554	0.06944	0.09501	0.02056	0.18496	0.20658	0.08570	0.04817	0.03445	0.02357	0.02521	0.00463	0.00140	0.00452	0.00441	0.00361	0.00618

[dist]
# distance from previous block
# <min> <max>
1	4

[block]
# block no. 6 follows, 61 sequences, length 16
# corresponding to MSA columns:
# 352-367
name=unknown_G
#
# <colnr> <probs for GDERKNQSTAVLIFYWHMCP>
#	G	D	E	R	K	N	Q	S	T	A	V	L	I	F	Y	W	H	M	C	P
0	0.01013	0.08797	0.22438	0.01154	0.10471	0.05792	0.05987	0.04829	0.05454	0.04333	0.01068	0.06592	0.02000	0.01627	0.03109	0.00148	0.02378	0.00422	0.05356	0.07033
1	0.02124	0.00786	0.01034	0.18534	0.13468	0.04033	0.02143	0.09185	0.07018	0.01473	0.13181	0.07726	0.14757	0.02063	0.00489	0.00144	0.00408	0.00593	0.00330	0.00510
2	0.01059	0.04910	0.07851	0.06726	0.14971	0.10989	0.03816	0.07476	0.14055	0.02501	0.08299	0.05749	0.03306	0.00555	0.00428	0.00131	0.00467	0.00471	0.03815	0.02424
3	0.87904	0.00833	0.00633	0.00566	0.00833	0.00966	0.00467	0.01266	0.00733	0.01933	0.00600	0.00700	0.00467	0.00400	0.00267	0.00133	0.00333	0.00233	0.00267	0.00467
4	0.00643	0.00479	0.00669	0.00658	0.00724	0.00546	0.00495	0.00787	0.02372	0.01034	0.05198	0.01952	0.02492	0.16492	0.56487	0.02126	0.04247	0.00506	0.01720	0.00371
5	0.00515	0.00428	0.00451	0.00464	0.00591	0.00363	0.00341	0.00623	0.00968	0.01177	0.07183	0.15865	0.67306	0.01120	0.00515	0.00149	0.00222	0.00950	0.00403	0.00363
6	0.00682	0.00486	0.00599	0.00586	0.00699	0.00464	0.00433	0.00942	0.09105	0.05136	0.41320	0.22810	0.13136	0.00975	0.00508	0.00147	0.00237	0.00859	0.00446	0.00430
7	0.03343	0.02803	0.04559	0.01030	0.10158	0.00905	0.00773	0.21824	0.07265	0.30183	0.01385	0.06161	0.01044	0.00564	0.00428	0.00134	0.00407	0.02051	0.04318	0.00666
8	0.00963	0.00979	0.05171	0.07698	0.57218	0.00945	0.02469	0.01210	0.00962	0.01356	0.04339	0.03190	0.06743	0.00497	0.00485	0.00135	0.04335	0.00455	0.00237	0.00614
9	0.01000	0.01075	0.07438	0.16324	0.50364	0.03456	0.03166	0.01282	0.02258	0.01325	0.00899	0.01148	0.02881	0.00431	0.00467	0.00133	0.03842	0.00393	0.00216	0.01900
