[name]
unknown

[dist]
# distance from previous block
# <min> <max>
0	223

[block]
# block no. 0 follows, 70 sequences, length 43
# corresponding to MSA columns:
# 333-375
name=unknown_A
#
# <colnr> <probs for GDERKNQSTAVLIFYWHMCP>
#	G	D	E	R	K	N	Q	S	T	A	V	L	I	F	Y	W	H	M	C	P
0	0.00981	0.00890	0.02759	0.12581	0.29346	0.07637	0.02511	0.10010	0.01949	0.05638	0.03119	0.01284	0.03824	0.02864	0.04694	0.00148	0.00477	0.02818	0.00250	0.06221
1	0.01033	0.03178	0.06517	0.12240	0.19899	0.10979	0.02388	0.12045	0.02102	0.05611	0.02463	0.02154	0.02934	0.01897	0.00490	0.00125	0.08355	0.01286	0.00245	0.04059
2	0.06484	0.02059	0.08933	0.05175	0.18475	0.10300	0.03111	0.04935	0.03487	0.10538	0.11625	0.02954	0.02915	0.00483	0.00383	0.00117	0.00418	0.02236	0.00282	0.05090
3	0.02436	0.03826	0.16624	0.06939	0.16543	0.03404	0.14430	0.07661	0.01902	0.06271	0.04931	0.01108	0.02995	0.00404	0.00383	0.00114	0.00471	0.00367	0.00241	0.08951
4	0.04446	0.00675	0.04289	0.06026	0.18991	0.00626	0.02110	0.04122	0.04018	0.03768	0.08030	0.27843	0.04593	0.00700	0.00417	0.00128	0.00334	0.01560	0.00298	0.07027
5	0.02987	0.01033	0.12267	0.03639	0.47549	0.02463	0.02406	0.04064	0.03612	0.03950	0.02594	0.00984	0.00682	0.00368	0.00371	0.00111	0.00446	0.00335	0.00221	0.09918
6	0.00859	0.02234	0.02900	0.10022	0.28487	0.05642	0.00805	0.02616	0.02768	0.01218	0.03049	0.08617	0.02426	0.00462	0.00371	0.00106	0.00396	0.02428	0.00236	0.24359
7	0.00632	0.00483	0.00608	0.02935	0.04632	0.00446	0.00435	0.04374	0.00916	0.02903	0.21258	0.21771	0.19052	0.06091	0.00532	0.00141	0.00258	0.02048	0.00344	0.10138
8	0.00977	0.06297	0.02175	0.09199	0.31640	0.07918	0.03471	0.04056	0.15349	0.01287	0.00851	0.00988	0.00681	0.00386	0.00379	0.00110	0.01855	0.00333	0.00236	0.11810
9	0.00522	0.00389	0.00429	0.00438	0.00501	0.00360	0.00289	0.01909	0.00751	0.00950	0.03966	0.16092	0.34725	0.35735	0.01079	0.00234	0.00277	0.00749	0.00311	0.00294
10	0.01026	0.08161	0.08747	0.02423	0.02245	0.07048	0.09494	0.09253	0.09178	0.11649	0.11368	0.02438	0.05478	0.00495	0.00397	0.00114	0.01598	0.00417	0.00306	0.08165
11	0.00469	0.00382	0.00415	0.00430	0.00536	0.00328	0.00313	0.00568	0.00874	0.01079	0.10396	0.19787	0.61052	0.01011	0.00465	0.00135	0.00201	0.00864	0.00366	0.00328
12	0.00804	0.00689	0.00804	0.00574	0.00919	0.00517	0.00459	0.00976	0.00804	0.01263	0.00689	0.00804	0.00574	0.00287	0.00287	0.00057	0.00287	0.00230	0.00230	0.88745
13	0.01117	0.05825	0.04644	0.06625	0.06173	0.21196	0.00734	0.12727	0.14718	0.03283	0.00862	0.00930	0.00669	0.00399	0.00350	0.00102	0.00456	0.00305	0.00265	0.18618
14	0.00622	0.00420	0.00541	0.00526	0.00562	0.00453	0.00358	0.00679	0.00609	0.04381	0.01144	0.02072	0.01205	0.50797	0.30259	0.00442	0.03902	0.00497	0.00234	0.00299
15	0.00634	0.00466	0.00511	0.00489	0.00630	0.00434	0.00370	0.00878	0.12044	0.07151	0.10804	0.10375	0.50257	0.00876	0.00444	0.00131	0.00222	0.00741	0.02152	0.00393
16	0.01248	0.00959	0.01025	0.00839	0.01108	0.01076	0.00676	0.43620	0.39064	0.04258	0.01243	0.01177	0.00907	0.00493	0.00391	0.00123	0.00369	0.00391	0.00393	0.00638
17	0.00575	0.00399	0.00516	0.00494	0.00588	0.00365	0.00367	0.00740	0.01048	0.04240	0.67574	0.11243	0.08713	0.00837	0.00459	0.00126	0.00193	0.00739	0.00417	0.00368
18	0.01463	0.05274	0.01176	0.00934	0.04702	0.14793	0.00731	0.50743	0.01515	0.13449	0.00932	0.00933	0.00665	0.00445	0.00375	0.00112	0.00459	0.00331	0.00351	0.00615
19	0.01297	0.08528	0.01300	0.01192	0.12892	0.56532	0.04425	0.03724	0.01034	0.01045	0.00626	0.00758	0.00524	0.00397	0.00392	0.00105	0.04267	0.00276	0.00200	0.00485
20	0.00483	0.00342	0.00447	0.00527	0.00547	0.00322	0.00346	0.00542	0.00722	0.00963	0.02035	0.76813	0.02436	0.10699	0.00659	0.00182	0.00242	0.01042	0.00346	0.00306
21	0.01614	0.00800	0.00981	0.00754	0.01052	0.00784	0.00622	0.29906	0.01357	0.53557	0.03580	0.01228	0.00929	0.00483	0.00391	0.00119	0.00359	0.00384	0.00446	0.00652
22	0.01235	0.05020	0.01052	0.00893	0.01113	0.42632	0.00690	0.06154	0.34509	0.01302	0.01012	0.01012	0.00786	0.00452	0.00366	0.00113	0.00513	0.00330	0.00288	0.00530
23	0.00507	0.00389	0.00469	0.00513	0.00592	0.00359	0.00377	0.00638	0.03363	0.01094	0.09272	0.38960	0.30452	0.01063	0.00481	0.00147	0.00230	0.10391	0.00366	0.00337
24	0.00526	0.00388	0.00502	0.00576	0.00636	0.00370	0.00432	0.00655	0.03004	0.01061	0.02325	0.50849	0.12726	0.01127	0.00499	0.00159	0.00260	0.23210	0.00360	0.00336
25	0.12709	0.01265	0.01192	0.10941	0.14246	0.36108	0.06370	0.04478	0.00965	0.03637	0.00671	0.00826	0.00535	0.00396	0.00394	0.00115	0.04154	0.00296	0.00215	0.00487
26	0.00590	0.00397	0.00482	0.00465	0.00567	0.00363	0.00351	0.00749	0.00994	0.03904	0.47938	0.06446	0.19274	0.00798	0.00433	0.00122	0.00196	0.02721	0.12845	0.00364
27	0.03562	0.00826	0.01179	0.34684	0.23762	0.04341	0.00927	0.06246	0.00886	0.01232	0.00707	0.00935	0.00560	0.00361	0.00360	0.00109	0.00451	0.00314	0.00206	0.18353
28	0.00577	0.00465	0.00592	0.04195	0.00737	0.02316	0.02314	0.02380	0.02398	0.01095	0.12853	0.25301	0.17985	0.06981	0.15679	0.00242	0.00412	0.02811	0.00319	0.00351
29	0.02165	0.09960	0.29951	0.00995	0.01365	0.19449	0.07751	0.08390	0.03440	0.02842	0.02296	0.00867	0.00610	0.00396	0.00386	0.00112	0.03118	0.00302	0.00217	0.05390
30	0.00977	0.23779	0.09797	0.07054	0.13833	0.03328	0.01804	0.06866	0.10798	0.04345	0.00900	0.03032	0.00761	0.02467	0.03005	0.00136	0.02793	0.02647	0.00239	0.01440
31	0.00487	0.00348	0.00461	0.00533	0.00565	0.00325	0.00361	0.00570	0.00787	0.01061	0.12914	0.71765	0.02674	0.03331	0.00528	0.00159	0.00225	0.02221	0.00365	0.00320
32	0.00679	0.00599	0.05276	0.00657	0.00805	0.00527	0.06073	0.06620	0.06910	0.03495	0.07978	0.27292	0.18484	0.08381	0.00589	0.00160	0.00307	0.04429	0.00339	0.00400
33	0.03134	0.00866	0.02962	0.27509	0.41204	0.00903	0.06988	0.03820	0.03937	0.02622	0.01908	0.01027	0.00645	0.00377	0.00388	0.00122	0.00477	0.00358	0.00209	0.00544
34	0.00965	0.27495	0.01560	0.15683	0.28511	0.04139	0.03378	0.04607	0.04214	0.01174	0.04255	0.00962	0.00712	0.00381	0.00347	0.00108	0.00451	0.00321	0.00207	0.00529
35	0.00502	0.00359	0.00484	0.00574	0.00609	0.00340	0.00411	0.00591	0.00771	0.01023	0.02120	0.70239	0.02499	0.01187	0.00503	0.00162	0.00251	0.16693	0.00359	0.00323
36	0.01981	0.01167	0.25695	0.05003	0.19933	0.02068	0.05104	0.02884	0.18299	0.02678	0.04266	0.04820	0.03447	0.00471	0.00393	0.00125	0.00443	0.00411	0.00256	0.00555
37	0.10254	0.07375	0.16389	0.04184	0.19257	0.10896	0.02086	0.10851	0.01852	0.04101	0.03092	0.02590	0.02603	0.02377	0.00396	0.00121	0.00464	0.00343	0.00239	0.00530
38	0.00520	0.00371	0.00502	0.00590	0.00632	0.00355	0.00437	0.00619	0.00784	0.01037	0.02096	0.60131	0.02444	0.02647	0.00533	0.00168	0.00267	0.25184	0.00357	0.00326
39	0.84405	0.00762	0.00640	0.00593	0.03331	0.00874	0.02311	0.01143	0.00672	0.01714	0.00551	0.00649	0.00430	0.00359	0.00249	0.00120	0.00313	0.00220	0.00237	0.00428
40	0.00568	0.00376	0.00432	0.00434	0.00442	0.00380	0.00253	0.00585	0.00582	0.00795	0.01236	0.04536	0.01397	0.76044	0.06345	0.00372	0.00400	0.00561	0.04014	0.00248
41	0.07237	0.05610	0.41666	0.03097	0.04649	0.02178	0.01032	0.07670	0.07505	0.10618	0.00920	0.04569	0.00701	0.00435	0.00366	0.00121	0.00467	0.00344	0.00251	0.00563
42	0.07974	0.25840	0.03928	0.00962	0.05242	0.40123	0.04841	0.02364	0.00951	0.02644	0.00617	0.00722	0.00513	0.00375	0.00332	0.00101	0.01534	0.00256	0.00199	0.00483

[dist]
# distance from previous block
# <min> <max>
0	2

[block]
# block no. 1 follows, 70 sequences, length 27
# corresponding to MSA columns:
# 378-404
name=unknown_B
#
# <colnr> <probs for GDERKNQSTAVLIFYWHMCP>
#	G	D	E	R	K	N	Q	S	T	A	V	L	I	F	Y	W	H	M	C	P
0	0.00721	0.00504	0.00602	0.00584	0.00719	0.00497	0.00455	0.01042	0.16666	0.08970	0.20602	0.12939	0.20209	0.00848	0.00456	0.00138	0.00255	0.12978	0.00392	0.00424
1	0.01084	0.06783	0.01207	0.13411	0.07514	0.07659	0.05184	0.19760	0.30271	0.01565	0.01049	0.01098	0.00793	0.00445	0.00381	0.00121	0.00433	0.00368	0.00304	0.00571
2	0.05372	0.00927	0.01073	0.00900	0.01034	0.10147	0.03277	0.10512	0.03958	0.07369	0.00752	0.00979	0.00637	0.03405	0.04925	0.00170	0.38671	0.00340	0.00241	0.05312
3	0.02524	0.28403	0.03707	0.00949	0.05390	0.44220	0.00755	0.05709	0.03081	0.01069	0.00631	0.00722	0.00529	0.00381	0.00322	0.00098	0.00564	0.00252	0.00203	0.00491
4	0.00597	0.00474	0.00686	0.00662	0.00714	0.00576	0.00514	0.00715	0.00613	0.00891	0.00979	0.01520	0.00944	0.10407	0.64960	0.00534	0.13243	0.00418	0.00205	0.00347
5	0.00530	0.00434	0.00458	0.00448	0.00583	0.00385	0.00346	0.05012	0.00948	0.01161	0.08455	0.03574	0.68804	0.00949	0.00460	0.00133	0.00219	0.06388	0.00365	0.00350
6	0.00473	0.00349	0.00443	0.00513	0.00556	0.00319	0.00349	0.00550	0.00780	0.01022	0.05659	0.68813	0.16439	0.01158	0.00487	0.00152	0.00218	0.01038	0.00363	0.00319
7	0.01106	0.43693	0.04065	0.00746	0.01046	0.02428	0.00679	0.24012	0.08159	0.01425	0.00858	0.06738	0.00747	0.00448	0.00323	0.00103	0.00402	0.00333	0.00263	0.02427
8	0.04913	0.04219	0.03858	0.33541	0.30733	0.01721	0.03208	0.03165	0.00844	0.03923	0.00744	0.01007	0.00593	0.01793	0.03111	0.00141	0.01432	0.00341	0.00200	0.00512
9	0.02794	0.19235	0.65709	0.01002	0.01518	0.01029	0.01253	0.01212	0.00809	0.01175	0.00660	0.00774	0.00491	0.00361	0.00341	0.00115	0.00535	0.00269	0.00166	0.00554
10	0.00875	0.00852	0.00795	0.00751	0.00896	0.18884	0.00581	0.02350	0.24169	0.01156	0.01262	0.03082	0.03671	0.01466	0.32724	0.00316	0.00671	0.04775	0.00277	0.00448
11	0.01127	0.00545	0.00695	0.00585	0.00788	0.00487	0.00463	0.03596	0.02554	0.40868	0.18820	0.08021	0.18407	0.00697	0.00425	0.00125	0.00268	0.00589	0.00432	0.00508
12	0.06427	0.01283	0.33351	0.00933	0.01313	0.02148	0.07476	0.11876	0.08145	0.11646	0.03670	0.01221	0.06527	0.00465	0.00398	0.00124	0.01778	0.00379	0.00281	0.00557
13	0.00507	0.00370	0.00488	0.00556	0.00606	0.00339	0.00388	0.00591	0.00758	0.01022	0.02029	0.73759	0.02399	0.01139	0.00484	0.00152	0.00240	0.07351	0.00351	0.06470
14	0.00476	0.00390	0.00421	0.00421	0.00537	0.00334	0.00313	0.00589	0.00915	0.01140	0.19079	0.09303	0.62812	0.00962	0.00461	0.00131	0.00196	0.00816	0.00373	0.00334
15	0.01129	0.00531	0.00702	0.00630	0.00800	0.00484	0.00480	0.05610	0.00975	0.40642	0.01783	0.41210	0.01699	0.00825	0.00439	0.00137	0.00286	0.00723	0.00418	0.00497
16	0.00938	0.35808	0.19345	0.01008	0.01379	0.03535	0.20327	0.03273	0.00870	0.01121	0.00781	0.01118	0.00681	0.00411	0.00357	0.00113	0.00508	0.07721	0.00197	0.00509
17	0.00862	0.06254	0.67243	0.01157	0.07326	0.04038	0.01317	0.05189	0.00880	0.01263	0.00698	0.00819	0.00508	0.00371	0.00363	0.00119	0.00554	0.00288	0.00178	0.00572
18	0.00551	0.00403	0.00576	0.00581	0.00635	0.00454	0.00431	0.00659	0.00619	0.00878	0.01137	0.06706	0.01145	0.18254	0.64524	0.00550	0.00868	0.00483	0.00222	0.00324
19	0.39165	0.03650	0.00898	0.00777	0.01000	0.44411	0.00605	0.03328	0.00919	0.01324	0.00580	0.00673	0.00469	0.00382	0.00301	0.00108	0.00513	0.00234	0.00221	0.00443
20	0.00544	0.00397	0.00521	0.00521	0.00574	0.00421	0.00371	0.00633	0.00661	0.00904	0.05913	0.03532	0.10913	0.30492	0.41401	0.00449	0.00660	0.00538	0.00249	0.00307
21	0.00894	0.16655	0.42461	0.01137	0.06402	0.02825	0.14036	0.01220	0.00848	0.03264	0.01671	0.00861	0.00568	0.00358	0.00359	0.00112	0.00528	0.00307	0.00186	0.05306
22	0.04084	0.00421	0.00505	0.00491	0.00598	0.00383	0.00360	0.00736	0.00918	0.06350	0.32467	0.21565	0.21034	0.04885	0.00519	0.00142	0.00221	0.00758	0.00377	0.03187
23	0.04139	0.04867	0.13886	0.00833	0.04597	0.07628	0.03923	0.04239	0.06508	0.03683	0.11211	0.01232	0.03501	0.00510	0.02766	0.00117	0.01609	0.00359	0.00263	0.24131
24	0.02003	0.04163	0.08814	0.03084	0.02994	0.06342	0.01960	0.17140	0.10322	0.12807	0.12133	0.02737	0.02789	0.04358	0.00472	0.00135	0.00390	0.06495	0.00339	0.00524
25	0.08255	0.06340	0.11808	0.03154	0.03236	0.14116	0.06624	0.20086	0.03871	0.01487	0.05261	0.04275	0.07685	0.00502	0.00389	0.00118	0.01609	0.00400	0.00275	0.00509
26	0.02229	0.21747	0.15015	0.05618	0.08045	0.03750	0.05017	0.13850	0.05550	0.09677	0.01815	0.01010	0.01712	0.02858	0.00399	0.00119	0.00451	0.00329	0.00257	0.00551

[dist]
# distance from previous block
# <min> <max>
1	10

[block]
# block no. 2 follows, 70 sequences, length 8
# corresponding to MSA columns:
# 415-422
name=unknown_C
#
# <colnr> <probs for GDERKNQSTAVLIFYWHMCP>
#	G	D	E	R	K	N	Q	S	T	A	V	L	I	F	Y	W	H	M	C	P
0	0.29938	0.06605	0.03811	0.00712	0.02981	0.02118	0.00582	0.22966	0.02230	0.07040	0.00873	0.02756	0.02068	0.04581	0.00422	0.01791	0.00363	0.00319	0.00290	0.07556
1	0.06697	0.16757	0.23579	0.03366	0.04022	0.00900	0.03796	0.04524	0.02319	0.09973	0.05869	0.06057	0.02379	0.00512	0.00392	0.00122	0.02521	0.05445	0.00260	0.00510
2	0.01161	0.50492	0.01612	0.00784	0.01061	0.28099	0.00686	0.01379	0.09559	0.00998	0.00667	0.00733	0.00570	0.00374	0.00296	0.00093	0.00494	0.00245	0.00201	0.00494
3	0.00540	0.00369	0.00475	0.00511	0.00573	0.00340	0.00359	0.00648	0.00867	0.03739	0.24895	0.50355	0.09923	0.01029	0.00471	0.00142	0.00213	0.00919	0.03291	0.00342
4	0.00583	0.00433	0.00603	0.03679	0.04562	0.00468	0.00435	0.00682	0.00659	0.00921	0.08184	0.01976	0.01332	0.33730	0.39590	0.00446	0.00671	0.00490	0.00235	0.00322
5	0.01009	0.22546	0.07645	0.00704	0.01034	0.10889	0.00634	0.03511	0.00884	0.06526	0.00738	0.02854	0.00615	0.00358	0.00306	0.00082	0.00396	0.00266	0.00229	0.38775
6	0.03839	0.03735	0.34609	0.00938	0.01331	0.00848	0.07249	0.13672	0.01034	0.15982	0.04729	0.01226	0.00851	0.02250	0.00418	0.00127	0.00464	0.04151	0.00282	0.02265
7	0.00703	0.06082	0.02290	0.00625	0.02698	0.00531	0.00470	0.02904	0.02886	0.03108	0.03896	0.38156	0.03899	0.00747	0.00396	0.00114	0.00277	0.00655	0.00304	0.29260

[dist]
# distance from previous block
# <min> <max>
1	6

[block]
# block no. 3 follows, 70 sequences, length 31
# corresponding to MSA columns:
# 429-459
name=unknown_D
#
# <colnr> <probs for GDERKNQSTAVLIFYWHMCP>
#	G	D	E	R	K	N	Q	S	T	A	V	L	I	F	Y	W	H	M	C	P
0	0.00842	0.03156	0.10166	0.00774	0.05303	0.02320	0.02454	0.04471	0.03317	0.02354	0.02067	0.06328	0.03052	0.00405	0.00334	0.00086	0.00347	0.00338	0.00247	0.51640
1	0.01090	0.04675	0.12595	0.05552	0.35860	0.07043	0.03932	0.11504	0.01019	0.09475	0.00848	0.03180	0.00669	0.00404	0.00380	0.00117	0.00478	0.00353	0.00244	0.00582
2	0.00975	0.02149	0.00964	0.03284	0.15965	0.20488	0.01950	0.04451	0.00914	0.07978	0.01211	0.25612	0.01232	0.05758	0.03355	0.00158	0.02269	0.00560	0.00276	0.00451
3	0.00526	0.00350	0.00462	0.00534	0.00569	0.00329	0.00365	0.00601	0.00761	0.02688	0.04187	0.72074	0.02397	0.01141	0.00509	0.02784	0.00230	0.03258	0.05913	0.00323
4	0.00950	0.00973	0.09362	0.03448	0.36583	0.03280	0.07627	0.03262	0.05658	0.05708	0.04617	0.02797	0.00837	0.00407	0.00383	0.00113	0.00438	0.01291	0.00242	0.12025
5	0.00873	0.04276	0.13637	0.09822	0.13288	0.00779	0.02271	0.04092	0.07111	0.03356	0.00845	0.04362	0.00697	0.00393	0.00362	0.00100	0.01639	0.00331	0.00234	0.31532
6	0.00732	0.00689	0.01163	0.85444	0.02670	0.00861	0.01077	0.00991	0.00775	0.00991	0.00689	0.01034	0.00517	0.00388	0.00388	0.00129	0.00517	0.00345	0.00172	0.00431
7	0.00962	0.00702	0.00833	0.00604	0.00941	0.00554	0.00487	0.04608	0.00890	0.12796	0.00816	0.00881	0.00631	0.00321	0.00306	0.00069	0.00299	0.00257	0.00271	0.72774
8	0.00804	0.00689	0.00804	0.00574	0.00919	0.00517	0.00459	0.00976	0.00804	0.01263	0.00689	0.00804	0.00574	0.00287	0.00287	0.00057	0.00287	0.00230	0.00230	0.88745
9	0.00506	0.00392	0.00457	0.00445	0.00550	0.00347	0.00330	0.00643	0.00977	0.01289	0.43365	0.05703	0.39513	0.03158	0.00499	0.00134	0.00195	0.00762	0.00390	0.00344
10	0.00537	0.00396	0.00502	0.00475	0.00572	0.00361	0.00356	0.00708	0.01069	0.01487	0.73131	0.03007	0.14321	0.00818	0.00457	0.00123	0.00185	0.00717	0.00418	0.00361
11	0.01038	0.00816	0.00879	0.00780	0.01006	0.00927	0.00609	0.02044	0.75427	0.09495	0.01573	0.01434	0.01162	0.00522	0.00394	0.00130	0.00309	0.00434	0.00403	0.00618
12	0.00459	0.00389	0.00396	0.00402	0.00526	0.00326	0.00299	0.00555	0.00875	0.01044	0.03815	0.08922	0.78681	0.00997	0.00460	0.00133	0.00198	0.00836	0.00360	0.00326
13	0.00619	0.00444	0.00616	0.00702	0.00793	0.00442	0.00613	0.00794	0.00892	0.01156	0.02120	0.04350	0.05147	0.01068	0.00533	0.00177	0.00351	0.78469	0.00357	0.00356
14	0.89114	0.00750	0.00570	0.00510	0.00750	0.00870	0.00420	0.01140	0.00660	0.01739	0.00540	0.00630	0.00420	0.00360	0.00240	0.00120	0.00300	0.00210	0.00240	0.00420
15	0.00848	0.00848	0.01187	0.01018	0.01018	0.01187	0.00848	0.00933	0.00594	0.00933	0.00509	0.00848	0.00509	0.00679	0.01272	0.00170	0.85666	0.00339	0.00170	0.00424
16	0.00545	0.00396	0.00513	0.00484	0.00577	0.00364	0.00363	0.00724	0.01088	0.01533	0.80408	0.02931	0.07016	0.00800	0.00457	0.00122	0.00183	0.00706	0.00424	0.00364
17	0.01036	0.86609	0.02032	0.00663	0.00995	0.01534	0.00663	0.01161	0.00788	0.00912	0.00539	0.00622	0.00498	0.00332	0.00249	0.00083	0.00415	0.00207	0.00166	0.00498
18	0.00848	0.00848	0.01187	0.01018	0.01018	0.01187	0.00848	0.00933	0.00594	0.00933	0.00509	0.00848	0.00509	0.00679	0.01272	0.00170	0.85666	0.00339	0.00170	0.00424
19	0.89114	0.00750	0.00570	0.00510	0.00750	0.00870	0.00420	0.01140	0.00660	0.01739	0.00540	0.00630	0.00420	0.00360	0.00240	0.00120	0.00300	0.00210	0.00240	0.00420
20	0.00960	0.00921	0.01574	0.02380	0.83957	0.00921	0.01190	0.01190	0.00883	0.01267	0.00729	0.00960	0.00614	0.00345	0.00384	0.00115	0.00461	0.00345	0.00192	0.00614
21	0.00964	0.00833	0.00877	0.00789	0.01008	0.00964	0.00614	0.02060	0.83257	0.01622	0.01578	0.01446	0.01183	0.00526	0.00394	0.00131	0.00307	0.00438	0.00394	0.00614
22	0.00979	0.00840	0.00885	0.00792	0.01014	0.00971	0.00617	0.04341	0.80952	0.01645	0.01560	0.01432	0.01169	0.00524	0.00394	0.00131	0.00310	0.00436	0.00394	0.00615
23	0.00461	0.00382	0.00403	0.00420	0.00531	0.00325	0.00307	0.00553	0.00857	0.01037	0.03593	0.19098	0.68648	0.01025	0.00465	0.00136	0.00202	0.00871	0.00360	0.00325
24	0.00470	0.00347	0.00440	0.00515	0.00556	0.00317	0.00349	0.00543	0.00766	0.00999	0.02440	0.72173	0.16318	0.01175	0.00489	0.00153	0.00220	0.01054	0.00360	0.00317
25	0.01036	0.86609	0.02032	0.00663	0.00995	0.01534	0.00663	0.01161	0.00788	0.00912	0.00539	0.00622	0.00498	0.00332	0.00249	0.00083	0.00415	0.00207	0.00166	0.00498
26	0.00577	0.00446	0.00650	0.00637	0.00696	0.00530	0.00493	0.00701	0.00616	0.00891	0.01012	0.01552	0.00969	0.09426	0.71767	0.00568	0.07498	0.00421	0.00207	0.00343
27	0.00478	0.00341	0.00447	0.00529	0.00553	0.00319	0.00350	0.00542	0.00735	0.00976	0.02124	0.78783	0.04535	0.06574	0.00587	0.00171	0.00234	0.01061	0.00352	0.00310
28	0.00738	0.00695	0.01173	0.83317	0.04752	0.00863	0.01080	0.00996	0.00778	0.00998	0.00690	0.01032	0.00519	0.00387	0.00387	0.00129	0.00515	0.00345	0.00173	0.00435
29	0.01011	0.00990	0.01509	0.07973	0.63863	0.07280	0.04028	0.06338	0.00952	0.01296	0.00731	0.00946	0.00601	0.00359	0.00384	0.00116	0.00487	0.00342	0.00204	0.00588
30	0.01415	0.01057	0.01130	0.00880	0.01180	0.01175	0.00723	0.73319	0.11264	0.02348	0.01006	0.00991	0.00720	0.00472	0.00389	0.00118	0.00413	0.00359	0.00389	0.00654

[dist]
# distance from previous block
# <min> <max>
0	2

[block]
# block no. 4 follows, 70 sequences, length 22
# corresponding to MSA columns:
# 471-492
name=unknown_E
#
# <colnr> <probs for GDERKNQSTAVLIFYWHMCP>
#	G	D	E	R	K	N	Q	S	T	A	V	L	I	F	Y	W	H	M	C	P
0	0.01348	0.04092	0.01235	0.05152	0.02489	0.02749	0.05375	0.61792	0.05612	0.03602	0.02122	0.00988	0.00713	0.00454	0.00387	0.00117	0.00438	0.00358	0.00354	0.00623
1	0.00484	0.00393	0.00430	0.00426	0.00544	0.00339	0.00320	0.00604	0.00933	0.01173	0.23513	0.05410	0.60507	0.00942	0.00460	0.00130	0.00197	0.02479	0.00376	0.00337
2	0.00648	0.00426	0.00553	0.00509	0.00617	0.00395	0.00384	0.00846	0.03011	0.07735	0.74062	0.02737	0.03354	0.02429	0.00480	0.00127	0.00201	0.00669	0.00426	0.00391
3	0.01312	0.13275	0.06284	0.01042	0.10574	0.05059	0.05499	0.29842	0.02350	0.18398	0.00959	0.02084	0.00702	0.00429	0.00370	0.00113	0.00440	0.00345	0.00319	0.00603
4	0.23534	0.00980	0.04285	0.01351	0.14413	0.02259	0.36035	0.05017	0.03244	0.03022	0.00747	0.00922	0.00571	0.00360	0.00390	0.00124	0.01639	0.00359	0.00225	0.00522
5	0.00778	0.02005	0.84367	0.01105	0.01678	0.00900	0.01432	0.01228	0.00818	0.01228	0.00696	0.00818	0.00491	0.00368	0.00368	0.00123	0.00573	0.00286	0.00164	0.00573
6	0.00836	0.00751	0.01010	0.00930	0.05575	0.00964	0.00700	0.07975	0.00709	0.01037	0.00742	0.01297	0.00760	0.22749	0.01326	0.00215	0.51411	0.00398	0.00207	0.00407
7	0.89114	0.00750	0.00570	0.00510	0.00750	0.00870	0.00420	0.01140	0.00660	0.01739	0.00540	0.00630	0.00420	0.00360	0.00240	0.00120	0.00300	0.00210	0.00240	0.00420
8	0.89114	0.00750	0.00570	0.00510	0.00750	0.00870	0.00420	0.01140	0.00660	0.01739	0.00540	0.00630	0.00420	0.00360	0.00240	0.00120	0.00300	0.00210	0.00240	0.00420
9	0.00458	0.00393	0.00393	0.00393	0.00524	0.00327	0.00295	0.00556	0.00884	0.01047	0.03927	0.03731	0.83800	0.00982	0.00458	0.00131	0.00196	0.00818	0.00360	0.00327
10	0.00964	0.00833	0.00877	0.00789	0.01008	0.00964	0.00614	0.02060	0.83257	0.01622	0.01578	0.01446	0.01183	0.00526	0.00394	0.00131	0.00307	0.00438	0.00394	0.00614
11	0.00915	0.01046	0.02288	0.01634	0.02026	0.00980	0.82549	0.01242	0.00915	0.01242	0.00784	0.01046	0.00588	0.00327	0.00458	0.00131	0.00654	0.00458	0.00196	0.00523
12	0.00849	0.00846	0.01200	0.03480	0.03819	0.01169	0.00866	0.00943	0.00609	0.00946	0.00521	0.00857	0.00513	0.00659	0.01217	0.00167	0.80398	0.00340	0.00170	0.00431
13	0.00461	0.00393	0.00397	0.00396	0.00525	0.00328	0.00297	0.00562	0.00890	0.01063	0.06426	0.03705	0.81292	0.00976	0.00458	0.00131	0.00196	0.00815	0.00362	0.00328
14	0.89114	0.00750	0.00570	0.00510	0.00750	0.00870	0.00420	0.01140	0.00660	0.01739	0.00540	0.00630	0.00420	0.00360	0.00240	0.00120	0.00300	0.00210	0.00240	0.00420
15	0.01731	0.00673	0.00908	0.00696	0.00996	0.00590	0.00575	0.04410	0.01132	0.81674	0.01511	0.01307	0.00950	0.00479	0.00390	0.00120	0.00333	0.00389	0.00477	0.00660
16	0.00564	0.00376	0.00423	0.00423	0.00423	0.00376	0.00235	0.00564	0.00564	0.00752	0.01222	0.02537	0.01409	0.86375	0.01973	0.00376	0.00376	0.00564	0.00235	0.00235
17	0.01151	0.01029	0.01601	0.01252	0.05413	0.03017	0.34462	0.36998	0.01319	0.01766	0.02643	0.01210	0.00776	0.00442	0.00425	0.00125	0.00519	0.04984	0.00294	0.00573
18	0.00569	0.00419	0.00521	0.00492	0.00592	0.00396	0.00368	0.00793	0.05711	0.01496	0.68275	0.02839	0.10341	0.02485	0.00479	0.00127	0.00195	0.00684	0.02842	0.00374
19	0.00761	0.00846	0.09995	0.00929	0.13256	0.06480	0.02372	0.01098	0.14097	0.01277	0.15355	0.05342	0.19784	0.01783	0.00433	0.00125	0.00345	0.00541	0.00307	0.04873
20	0.00985	0.00747	0.00823	0.00743	0.00944	0.00832	0.00574	0.03379	0.60756	0.10348	0.03072	0.12473	0.01373	0.00614	0.00408	0.00133	0.00299	0.00522	0.00399	0.00576
21	0.00837	0.00714	0.00860	0.05437	0.02979	0.00580	0.00525	0.05078	0.00855	0.01307	0.00702	0.00827	0.00576	0.00303	0.00300	0.00066	0.00311	0.00245	0.00233	0.77263

[dist]
# distance from previous block
# <min> <max>
0	1

[block]
# block no. 5 follows, 70 sequences, length 56
# corresponding to MSA columns:
# 494-549
name=unknown_F
#
# <colnr> <probs for GDERKNQSTAVLIFYWHMCP>
#	G	D	E	R	K	N	Q	S	T	A	V	L	I	F	Y	W	H	M	C	P
0	0.01384	0.01077	0.01111	0.00879	0.01168	0.04977	0.00716	0.64980	0.15916	0.02233	0.01028	0.01010	0.00743	0.00473	0.00387	0.00118	0.00418	0.00360	0.00380	0.00642
1	0.13000	0.00961	0.01378	0.05239	0.61828	0.07568	0.01041	0.01200	0.00862	0.01291	0.00689	0.00895	0.00573	0.00358	0.00373	0.00116	0.01546	0.00319	0.00198	0.00565
2	0.00958	0.00885	0.01450	0.23462	0.50549	0.00940	0.04311	0.10355	0.00963	0.01328	0.00744	0.00979	0.00593	0.00369	0.00388	0.00119	0.00479	0.00350	0.00209	0.00569
3	0.00901	0.00871	0.01361	0.11649	0.35264	0.04667	0.12377	0.03077	0.10323	0.01265	0.02682	0.06950	0.00932	0.00476	0.00410	0.00126	0.00458	0.04421	0.00243	0.01546
4	0.00463	0.00388	0.00403	0.00409	0.00529	0.00328	0.00303	0.00562	0.00880	0.01063	0.07093	0.10746	0.73516	0.00994	0.00461	0.00133	0.00198	0.00838	0.00363	0.00328
5	0.00948	0.00800	0.00841	0.00760	0.00970	0.00923	0.00590	0.01980	0.77583	0.01610	0.01556	0.01446	0.01170	0.00521	0.00386	0.00129	0.00298	0.00433	0.06460	0.00596
6	0.00564	0.00376	0.00423	0.00423	0.00423	0.00376	0.00235	0.00564	0.00564	0.00752	0.01222	0.02537	0.01409	0.86375	0.01973	0.00376	0.00376	0.00564	0.00235	0.00235
7	0.00472	0.00340	0.00448	0.00534	0.00561	0.00315	0.00357	0.00540	0.00748	0.00992	0.02206	0.82935	0.05707	0.01206	0.00493	0.00156	0.00224	0.01091	0.00360	0.00315
8	0.01036	0.86609	0.02032	0.00663	0.00995	0.01534	0.00663	0.01161	0.00788	0.00912	0.00539	0.00622	0.00498	0.00332	0.00249	0.00083	0.00415	0.00207	0.00166	0.00498
9	0.00964	0.00833	0.00877	0.00789	0.01008	0.00964	0.00614	0.02060	0.83257	0.01622	0.01578	0.01446	0.01183	0.00526	0.00394	0.00131	0.00307	0.00438	0.00394	0.00614
10	0.00804	0.00689	0.00804	0.00574	0.00919	0.00517	0.00459	0.00976	0.00804	0.01263	0.00689	0.00804	0.00574	0.00287	0.00287	0.00057	0.00287	0.00230	0.00230	0.88745
11	0.89114	0.00750	0.00570	0.00510	0.00750	0.00870	0.00420	0.01140	0.00660	0.01739	0.00540	0.00630	0.00420	0.00360	0.00240	0.00120	0.00300	0.00210	0.00240	0.00420
12	0.00848	0.00848	0.01187	0.01018	0.01018	0.01187	0.00848	0.00933	0.00594	0.00933	0.00509	0.00848	0.00509	0.00679	0.01272	0.00170	0.85666	0.00339	0.00170	0.00424
13	0.01604	0.00826	0.07870	0.00747	0.01072	0.00676	0.00660	0.11986	0.01168	0.65108	0.01365	0.01217	0.00874	0.00464	0.00385	0.00118	0.00361	0.00372	0.00436	0.02688
14	0.01712	0.00654	0.00891	0.00685	0.00980	0.00565	0.00565	0.01863	0.01109	0.82315	0.03430	0.01356	0.01022	0.00487	0.00391	0.00120	0.00326	0.00397	0.00479	0.00653
15	0.00564	0.00376	0.00423	0.00423	0.00423	0.00376	0.00235	0.00564	0.00564	0.00752	0.01222	0.02537	0.01409	0.86375	0.01973	0.00376	0.00376	0.00564	0.00235	0.00235
16	0.00472	0.00337	0.00450	0.00540	0.00562	0.00315	0.00360	0.00540	0.00742	0.00990	0.02137	0.86122	0.02564	0.01215	0.00495	0.00157	0.00225	0.01102	0.00360	0.00315
17	0.01017	0.00960	0.01526	0.02215	0.74621	0.03230	0.01139	0.08172	0.00969	0.01359	0.00743	0.00950	0.00615	0.00357	0.00383	0.00115	0.00464	0.00343	0.00209	0.00613
18	0.00618	0.00442	0.00617	0.00707	0.00793	0.00441	0.00614	0.00792	0.00886	0.01153	0.02056	0.07772	0.02245	0.01077	0.00534	0.00178	0.00351	0.78011	0.00357	0.00355
19	0.00732	0.00689	0.01163	0.85444	0.02670	0.00861	0.01077	0.00991	0.00775	0.00991	0.00689	0.01034	0.00517	0.00388	0.00388	0.00129	0.00517	0.00345	0.00172	0.00431
20	0.00833	0.01810	0.68822	0.01171	0.01706	0.00901	0.13779	0.01254	0.00844	0.04232	0.00739	0.00871	0.00523	0.00366	0.00383	0.00124	0.00576	0.00316	0.00180	0.00568
21	0.00732	0.00689	0.01163	0.85444	0.02670	0.00861	0.01077	0.00991	0.00775	0.00991	0.00689	0.01034	0.00517	0.00388	0.00388	0.00129	0.00517	0.00345	0.00172	0.00431
22	0.89114	0.00750	0.00570	0.00510	0.00750	0.00870	0.00420	0.01140	0.00660	0.01739	0.00540	0.00630	0.00420	0.00360	0.00240	0.00120	0.00300	0.00210	0.00240	0.00420
23	0.01739	0.00660	0.00900	0.00690	0.00990	0.00570	0.00570	0.01889	0.01110	0.84226	0.01529	0.01320	0.00960	0.00480	0.00390	0.00120	0.00330	0.00390	0.00480	0.00660
24	0.01109	0.03252	0.02525	0.00944	0.08099	0.41780	0.00675	0.02833	0.08384	0.03387	0.02283	0.04737	0.14971	0.01562	0.00404	0.00117	0.00500	0.01711	0.00265	0.00460
25	0.00535	0.00432	0.00482	0.00476	0.00598	0.00398	0.00363	0.00743	0.07979	0.01225	0.23027	0.06798	0.48604	0.00912	0.00459	0.00133	0.00214	0.05880	0.00379	0.00363
26	0.00964	0.00833	0.00877	0.00789	0.01008	0.00964	0.00614	0.02060	0.83257	0.01622	0.01578	0.01446	0.01183	0.00526	0.00394	0.00131	0.00307	0.00438	0.00394	0.00614
27	0.01036	0.86609	0.02032	0.00663	0.00995	0.01534	0.00663	0.01161	0.00788	0.00912	0.00539	0.00622	0.00498	0.00332	0.00249	0.00083	0.00415	0.00207	0.00166	0.00498
28	0.00462	0.00393	0.00399	0.00397	0.00526	0.00329	0.00298	0.00565	0.00894	0.01071	0.07632	0.03692	0.80081	0.00973	0.00458	0.00130	0.00196	0.00813	0.00363	0.00329
29	0.00554	0.00402	0.00493	0.00466	0.00574	0.00360	0.00351	0.00712	0.01037	0.03559	0.59057	0.03091	0.26238	0.00838	0.00456	0.00124	0.00191	0.00726	0.00409	0.00363
30	0.00512	0.00393	0.00469	0.00455	0.00558	0.00350	0.00339	0.00659	0.01004	0.01345	0.51130	0.06662	0.32957	0.00879	0.00459	0.00127	0.00190	0.00761	0.00400	0.00350
31	0.00472	0.00337	0.00450	0.00540	0.00562	0.00315	0.00360	0.00540	0.00742	0.00990	0.02137	0.86122	0.02564	0.01215	0.00495	0.00157	0.00225	0.01102	0.00360	0.00315
32	0.00549	0.00396	0.00518	0.00488	0.00579	0.00366	0.00366	0.00732	0.01097	0.01555	0.83752	0.02896	0.03658	0.00793	0.00457	0.00122	0.00183	0.00701	0.00427	0.00366
33	0.00536	0.00396	0.00500	0.00474	0.00571	0.00360	0.00355	0.00706	0.01066	0.01481	0.72150	0.03017	0.15307	0.00820	0.00457	0.00123	0.00185	0.00718	0.00417	0.00360
34	0.01582	0.08170	0.01093	0.00762	0.01068	0.00884	0.00639	0.31471	0.01344	0.47083	0.01225	0.01117	0.00810	0.00462	0.00377	0.00115	0.00373	0.00359	0.00419	0.00646
35	0.05887	0.00564	0.00711	0.00594	0.00809	0.00511	0.00475	0.02802	0.01015	0.46710	0.09907	0.08937	0.09490	0.00622	0.00396	0.00123	0.00281	0.01669	0.07970	0.00526
36	0.00936	0.51372	0.33050	0.00835	0.01253	0.01273	0.00952	0.01221	0.03990	0.01059	0.00638	0.00728	0.00522	0.00353	0.00300	0.00100	0.00470	0.00246	0.00174	0.00530
37	0.01026	0.83336	0.05217	0.00680	0.01021	0.01509	0.00693	0.01163	0.00789	0.00924	0.00545	0.00629	0.00497	0.00333	0.00253	0.00084	0.00421	0.00210	0.00166	0.00500
38	0.01388	0.01022	0.01102	0.00862	0.01147	0.01126	0.00705	0.75637	0.01730	0.02319	0.01034	0.08220	0.00822	0.00529	0.00397	0.00120	0.00409	0.00413	0.00385	0.00630
39	0.00514	0.00390	0.00474	0.00463	0.00561	0.00350	0.00344	0.00661	0.01001	0.01351	0.52276	0.10459	0.27968	0.00887	0.00461	0.00128	0.00191	0.00772	0.00401	0.00350
40	0.00650	0.00482	0.00697	0.00841	0.07126	0.00482	0.00668	0.00833	0.00892	0.01168	0.01952	0.04113	0.02108	0.01016	0.00524	0.00174	0.00365	0.75188	0.00344	0.00377
41	0.00802	0.00802	0.07954	0.00620	0.00984	0.00550	0.00543	0.00998	0.00805	0.01260	0.00690	0.00805	0.00567	0.00294	0.00294	0.00063	0.00312	0.00235	0.00224	0.81201
42	0.00915	0.01046	0.02288	0.01634	0.02026	0.00980	0.82549	0.01242	0.00915	0.01242	0.00784	0.01046	0.00588	0.00327	0.00458	0.00131	0.00654	0.00458	0.00196	0.00523
43	0.00964	0.00833	0.00877	0.00789	0.01008	0.00964	0.00614	0.02060	0.83257	0.01622	0.01578	0.01446	0.01183	0.00526	0.00394	0.00131	0.00307	0.00438	0.00394	0.00614
44	0.00636	0.00559	0.00804	0.01087	0.27806	0.00530	0.00610	0.00788	0.02168	0.01129	0.04781	0.22893	0.33071	0.00818	0.00442	0.00132	0.00291	0.00724	0.00308	0.00424
45	0.00778	0.02005	0.84367	0.01105	0.01678	0.00900	0.01432	0.01228	0.00818	0.01228	0.00696	0.00818	0.00491	0.00368	0.00368	0.00123	0.00573	0.00286	0.00164	0.00573
46	0.01739	0.00660	0.00900	0.00690	0.00990	0.00570	0.00570	0.01889	0.01110	0.84226	0.01529	0.01320	0.00960	0.00480	0.00390	0.00120	0.00330	0.00390	0.00480	0.00660
47	0.00465	0.00389	0.00406	0.00416	0.00536	0.00330	0.00310	0.00564	0.00875	0.01053	0.04903	0.10967	0.73235	0.01002	0.00464	0.00134	0.00203	0.03058	0.00361	0.00328
48	0.01001	0.01006	0.01514	0.03583	0.73217	0.09073	0.01139	0.01217	0.00897	0.01226	0.00712	0.00934	0.00600	0.00357	0.00395	0.00115	0.01893	0.00336	0.00192	0.00592
49	0.00848	0.00848	0.01187	0.01018	0.01018	0.01187	0.00848	0.00933	0.00594	0.00933	0.00509	0.00848	0.00509	0.00679	0.01272	0.00170	0.85666	0.00339	0.00170	0.00424
50	0.01248	0.00587	0.00736	0.00601	0.00833	0.00528	0.00484	0.05181	0.03822	0.47344	0.09118	0.02056	0.22223	0.00634	0.00410	0.00122	0.00283	0.00524	0.02725	0.00541
51	0.00939	0.00882	0.01457	0.15064	0.63294	0.02436	0.02207	0.01165	0.00873	0.03384	0.00822	0.01047	0.02765	0.00377	0.00399	0.00119	0.01639	0.00358	0.00201	0.00573
52	0.01254	0.01196	0.01315	0.01608	0.39972	0.28797	0.02456	0.03636	0.01015	0.13850	0.00815	0.00929	0.00629	0.00387	0.00375	0.00111	0.00523	0.00323	0.00244	0.00566
53	0.01527	0.01003	0.01063	0.00832	0.01123	0.08144	0.00680	0.48858	0.01511	0.27188	0.01088	0.01046	0.00746	0.00531	0.02710	0.00130	0.00437	0.00355	0.00395	0.00633
54	0.69154	0.00751	0.00648	0.00644	0.06124	0.03312	0.00473	0.01118	0.00730	0.03184	0.07711	0.00912	0.00749	0.02767	0.00322	0.00126	0.00315	0.00275	0.00256	0.00428
55	0.00939	0.01057	0.07924	0.00734	0.00917	0.28847	0.00606	0.04401	0.01104	0.03506	0.43192	0.01859	0.02133	0.00603	0.00409	0.00114	0.00404	0.00491	0.00328	0.00431

[dist]
# distance from previous block
# <min> <max>
0	22

[block]
# block no. 6 follows, 70 sequences, length 14
# corresponding to MSA columns:
# 572-585
name=unknown_G
#
# <colnr> <probs for GDERKNQSTAVLIFYWHMCP>
#	G	D	E	R	K	N	Q	S	T	A	V	L	I	F	Y	W	H	M	C	P
0	0.00847	0.01169	0.25905	0.07591	0.01447	0.02595	0.11653	0.04470	0.00869	0.01270	0.00712	0.00861	0.00549	0.00334	0.00347	0.00096	0.00453	0.00291	0.00207	0.38334
1	0.00550	0.00412	0.00523	0.00572	0.00652	0.00395	0.00441	0.00723	0.04977	0.01160	0.13740	0.32425	0.16027	0.01040	0.00491	0.00153	0.00258	0.24740	0.00370	0.00351
2	0.00480	0.00392	0.00424	0.00420	0.00538	0.00336	0.00313	0.00596	0.00928	0.01163	0.22343	0.06348	0.62479	0.00946	0.00459	0.00130	0.00194	0.00801	0.00375	0.00336
3	0.00538	0.00396	0.00504	0.00477	0.00573	0.00361	0.00358	0.00712	0.01073	0.01497	0.74703	0.02991	0.12743	0.00814	0.00457	0.00123	0.00184	0.00714	0.00419	0.00361
4	0.01739	0.00660	0.00900	0.00690	0.00990	0.00570	0.00570	0.01889	0.01110	0.84226	0.01529	0.01320	0.00960	0.00480	0.00390	0.00120	0.00330	0.00390	0.00480	0.00660
5	0.00489	0.00398	0.00437	0.00448	0.00566	0.00346	0.00346	0.00606	0.00904	0.01115	0.12400	0.06424	0.62135	0.00980	0.00469	0.00137	0.00216	0.10881	0.00367	0.00335
6	0.01249	0.01307	0.01015	0.00895	0.01119	0.36964	0.00690	0.14092	0.35643	0.01458	0.01060	0.01048	0.00810	0.00463	0.00374	0.00116	0.00493	0.00344	0.00310	0.00550
7	0.00960	0.00921	0.01574	0.02380	0.83957	0.00921	0.01190	0.01190	0.00883	0.01267	0.00729	0.00960	0.00614	0.00345	0.00384	0.00115	0.00461	0.00345	0.00192	0.00614
8	0.00596	0.00402	0.00418	0.00413	0.00528	0.00376	0.00313	0.00781	0.04671	0.01273	0.09198	0.02677	0.39308	0.00740	0.00384	0.00115	0.00198	0.02351	0.34901	0.00358
9	0.01036	0.86609	0.02032	0.00663	0.00995	0.01534	0.00663	0.01161	0.00788	0.00912	0.00539	0.00622	0.00498	0.00332	0.00249	0.00083	0.00415	0.00207	0.00166	0.00498
10	0.00892	0.00843	0.01414	0.15465	0.62854	0.00873	0.01104	0.01141	0.02994	0.01216	0.00844	0.04998	0.00745	0.00416	0.00394	0.00121	0.00452	0.02465	0.00206	0.00564
11	0.00704	0.00699	0.09491	0.01968	0.00888	0.00511	0.04018	0.00866	0.00821	0.05472	0.01880	0.06556	0.26275	0.09094	0.00559	0.00135	0.01623	0.01929	0.00282	0.26228
12	0.25132	0.08159	0.05892	0.03676	0.06151	0.07869	0.00685	0.20772	0.03958	0.01611	0.00821	0.00898	0.03200	0.00411	0.00340	0.00111	0.01784	0.00295	0.00264	0.07971
13	0.01152	0.09110	0.01121	0.06168	0.03670	0.11962	0.08205	0.06317	0.03335	0.23298	0.14133	0.03485	0.05316	0.00522	0.00393	0.00117	0.00406	0.00441	0.00333	0.00516

[dist]
# distance from previous block
# <min> <max>
1	8

[block]
# block no. 7 follows, 70 sequences, length 55
# corresponding to MSA columns:
# 594-648
name=unknown_H
#
# <colnr> <probs for GDERKNQSTAVLIFYWHMCP>
#	G	D	E	R	K	N	Q	S	T	A	V	L	I	F	Y	W	H	M	C	P
0	0.00549	0.00451	0.00505	0.00473	0.00623	0.00383	0.00355	0.00696	0.03230	0.01158	0.12847	0.14469	0.44562	0.00857	0.00432	0.00121	0.00220	0.01869	0.00346	0.15854
1	0.00947	0.34893	0.39506	0.00940	0.01374	0.06260	0.05387	0.01252	0.02754	0.02439	0.00667	0.00769	0.00523	0.00359	0.00326	0.00106	0.00513	0.00268	0.00179	0.00536
2	0.00906	0.04166	0.01505	0.22589	0.59247	0.00931	0.02789	0.01141	0.00853	0.01185	0.00713	0.00966	0.00585	0.00355	0.00381	0.00118	0.00476	0.00342	0.00186	0.00563
3	0.00535	0.00391	0.00502	0.00484	0.00573	0.00359	0.00359	0.00702	0.01052	0.01468	0.70657	0.09536	0.10250	0.00842	0.00460	0.00125	0.00187	0.00743	0.00416	0.00359
4	0.00751	0.02353	0.08621	0.00787	0.05745	0.05684	0.00619	0.02220	0.20550	0.01260	0.07673	0.18931	0.11494	0.00816	0.03067	0.00149	0.00354	0.06719	0.01752	0.00454
5	0.07298	0.01024	0.00969	0.04256	0.01110	0.24516	0.04141	0.09443	0.02847	0.26742	0.02269	0.08857	0.02834	0.00527	0.00385	0.00119	0.00449	0.01360	0.00333	0.00521
6	0.02651	0.75737	0.03994	0.00734	0.01073	0.01465	0.05490	0.03280	0.00820	0.00994	0.00567	0.00660	0.00505	0.00336	0.00267	0.00088	0.00431	0.00228	0.00175	0.00504
7	0.00477	0.00341	0.00455	0.00543	0.00568	0.00319	0.00366	0.00549	0.00751	0.01002	0.03310	0.83048	0.02572	0.01205	0.00495	0.00157	0.00227	0.02937	0.00361	0.00317
8	0.03833	0.00621	0.00744	0.00652	0.00850	0.00608	0.00526	0.17551	0.01110	0.25473	0.01972	0.14006	0.16487	0.00779	0.01345	0.00140	0.00321	0.12091	0.00395	0.00496
9	0.03054	0.01044	0.01086	0.07287	0.02465	0.21607	0.06161	0.13764	0.03507	0.30410	0.02875	0.02478	0.00829	0.00462	0.00386	0.00117	0.00468	0.01102	0.00339	0.00560
10	0.02308	0.01100	0.01336	0.01106	0.02344	0.23215	0.20105	0.01188	0.00844	0.05098	0.00773	0.05919	0.00690	0.00642	0.04778	0.00159	0.27331	0.00393	0.00213	0.00458
11	0.29118	0.24198	0.25321	0.00774	0.01134	0.07793	0.00814	0.02590	0.00807	0.03477	0.00622	0.00711	0.00486	0.00363	0.00295	0.00109	0.00445	0.00242	0.00204	0.00498
12	0.00489	0.00394	0.00435	0.00425	0.00543	0.00340	0.00319	0.00616	0.00956	0.01220	0.31061	0.03447	0.56558	0.00917	0.00458	0.00128	0.00192	0.00778	0.00383	0.00340
13	0.00927	0.33912	0.12780	0.00743	0.01063	0.02418	0.02265	0.02815	0.00828	0.04492	0.02744	0.00969	0.00698	0.00573	0.06569	0.00133	0.03925	0.02578	0.00213	0.19354
14	0.00610	0.00423	0.00518	0.00501	0.00614	0.00386	0.00381	0.00782	0.03458	0.06705	0.40444	0.11188	0.26049	0.00876	0.00460	0.00131	0.00214	0.05483	0.00400	0.00376
15	0.00778	0.02005	0.84367	0.01105	0.01678	0.00900	0.01432	0.01228	0.00818	0.01228	0.00696	0.00818	0.00491	0.00368	0.00368	0.00123	0.00573	0.00286	0.00164	0.00573
16	0.08525	0.38855	0.02784	0.07069	0.20292	0.01221	0.03407	0.11429	0.00933	0.01277	0.00653	0.00784	0.00542	0.00358	0.00315	0.00103	0.00434	0.00276	0.00207	0.00535
17	0.00569	0.00415	0.00550	0.00557	0.00648	0.00424	0.00432	0.00695	0.00763	0.03490	0.05632	0.05993	0.23461	0.05363	0.39185	0.00372	0.00613	0.10199	0.00291	0.00347
18	0.89114	0.00750	0.00570	0.00510	0.00750	0.00870	0.00420	0.01140	0.00660	0.01739	0.00540	0.00630	0.00420	0.00360	0.00240	0.00120	0.00300	0.00210	0.00240	0.00420
19	0.89114	0.00750	0.00570	0.00510	0.00750	0.00870	0.00420	0.01140	0.00660	0.01739	0.00540	0.00630	0.00420	0.00360	0.00240	0.00120	0.00300	0.00210	0.00240	0.00420
20	0.01005	0.55495	0.24459	0.00813	0.01201	0.07236	0.00881	0.03106	0.00842	0.01037	0.00595	0.00688	0.00500	0.00350	0.00292	0.00096	0.00478	0.00235	0.00173	0.00519
21	0.00707	0.00569	0.00651	0.00600	0.00745	0.00600	0.00459	0.01246	0.33686	0.01543	0.45177	0.02383	0.08664	0.00701	0.00432	0.00126	0.00233	0.00606	0.00409	0.00461
22	0.00933	0.00955	0.01942	0.01397	0.01769	0.00873	0.63443	0.01222	0.00907	0.05514	0.00841	0.01109	0.00648	0.00348	0.00430	0.00120	0.00572	0.02536	0.00220	0.14220
23	0.00772	0.00561	0.00658	0.00601	0.00750	0.00582	0.00462	0.01259	0.29001	0.07011	0.43808	0.03635	0.04173	0.00685	0.00427	0.00126	0.00238	0.01614	0.03170	0.00468
24	0.00525	0.00395	0.00486	0.00463	0.00565	0.00356	0.00347	0.00687	0.01042	0.01424	0.63227	0.03111	0.24265	0.00841	0.00457	0.00124	0.00186	0.00731	0.00410	0.00356
25	0.00841	0.00816	0.03892	0.09365	0.09576	0.00706	0.12264	0.02955	0.01943	0.01252	0.00741	0.02141	0.00609	0.00342	0.00366	0.00090	0.02605	0.00308	0.00220	0.48969
26	0.00505	0.00394	0.00459	0.00445	0.00553	0.00347	0.00333	0.00647	0.00991	0.01308	0.45141	0.04863	0.40846	0.00888	0.00458	0.00127	0.00190	0.00763	0.00394	0.00347
27	0.01474	0.01086	0.01163	0.00892	0.01202	0.01202	0.00737	0.82664	0.01823	0.02443	0.00931	0.00931	0.00659	0.00465	0.00388	0.00116	0.00427	0.00349	0.00388	0.00659
28	0.38401	0.00745	0.00769	0.00627	0.00897	0.04056	0.00514	0.01561	0.00920	0.46283	0.01077	0.01005	0.00715	0.00426	0.00325	0.00119	0.00332	0.00309	0.00368	0.00551
29	0.00830	0.00769	0.01283	0.17378	0.52371	0.00796	0.01005	0.01047	0.00877	0.01228	0.10686	0.07995	0.01113	0.00476	0.00402	0.00122	0.00419	0.00448	0.00230	0.00527
30	0.01027	0.02256	0.00929	0.00801	0.01031	0.02526	0.00630	0.10364	0.72021	0.01683	0.01477	0.01366	0.01106	0.00514	0.00391	0.00129	0.00328	0.00422	0.00387	0.00613
31	0.84806	0.00758	0.00619	0.00601	0.04816	0.00872	0.00457	0.01142	0.00671	0.01716	0.00549	0.00646	0.00429	0.00359	0.00247	0.00120	0.00308	0.00217	0.00238	0.00429
