[name]
unknown

[dist]
# distance from previous block
# <min> <max>
14	172

[block]
# block no. 0 follows, 75 sequences, length 199
# corresponding to MSA columns:
# 229-427
name=unknown_A
#
# <colnr> <probs for GDERKNQSTAVLIFYWHMCP>
#	G	D	E	R	K	N	Q	S	T	A	V	L	I	F	Y	W	H	M	C	P
0	0.06791	0.30145	0.36280	0.00810	0.01199	0.00998	0.04124	0.02208	0.00784	0.01118	0.03819	0.00903	0.04265	0.00373	0.00309	0.00101	0.00434	0.00282	0.00185	0.04871
1	0.04473	0.36984	0.17455	0.00716	0.01017	0.04939	0.01745	0.05842	0.03355	0.03175	0.09632	0.05260	0.03117	0.00445	0.00316	0.00101	0.00391	0.00341	0.00227	0.00470
2	0.02341	0.00806	0.05062	0.00748	0.04546	0.07888	0.00584	0.18120	0.11335	0.06686	0.25947	0.07193	0.02814	0.00577	0.00399	0.00115	0.01550	0.00480	0.00340	0.02469
3	0.02675	0.24639	0.01277	0.00843	0.01077	0.52698	0.00682	0.10075	0.01028	0.01052	0.00585	0.00665	0.00487	0.00367	0.00308	0.00092	0.00557	0.00235	0.00200	0.00459
4	0.00819	0.00644	0.00760	0.00555	0.00866	0.00496	0.00443	0.02281	0.00794	0.06810	0.00764	0.04199	0.00644	0.00322	0.00288	0.00063	0.00274	0.00262	0.00241	0.78477
5	0.04808	0.00451	0.00547	0.00503	0.00624	0.00433	0.00386	0.06587	0.01016	0.07465	0.51596	0.09232	0.11511	0.00746	0.00419	0.00120	0.00213	0.02579	0.00384	0.00381
6	0.00982	0.00992	0.13085	0.00817	0.01083	0.06148	0.03660	0.03023	0.51885	0.09556	0.03057	0.01265	0.00998	0.00468	0.00372	0.00120	0.00364	0.01232	0.00332	0.00560
7	0.00883	0.07700	0.58392	0.01029	0.01487	0.11431	0.07957	0.01225	0.00826	0.04780	0.00679	0.00787	0.00494	0.00352	0.00347	0.00111	0.00543	0.00279	0.00175	0.00523
8	0.00737	0.01900	0.85189	0.01047	0.01590	0.00853	0.01357	0.01163	0.00775	0.01163	0.00659	0.00775	0.00465	0.00349	0.00349	0.00116	0.00543	0.00271	0.00155	0.00543
9	0.00469	0.00381	0.00422	0.00442	0.00553	0.00334	0.00347	0.00579	0.00839	0.01024	0.05196	0.06622	0.62752	0.00951	0.00450	0.00134	0.00218	0.17627	0.00342	0.00316
10	0.00533	0.00359	0.00415	0.00415	0.00420	0.00364	0.00240	0.00543	0.00538	0.00723	0.01144	0.02331	0.01304	0.80742	0.08177	0.00374	0.00403	0.00524	0.00221	0.00230
11	0.01338	0.00968	0.01053	0.02042	0.01117	0.01065	0.00676	0.72969	0.03977	0.05479	0.00972	0.04921	0.00732	0.00475	0.00372	0.00113	0.00390	0.00368	0.00367	0.00605
12	0.01396	0.01029	0.01102	0.00845	0.01139	0.01139	0.00698	0.83577	0.01727	0.02315	0.00882	0.00882	0.00625	0.00441	0.00367	0.00110	0.00404	0.00331	0.00367	0.00625
13	0.00638	0.00319	0.00478	0.00478	0.00478	0.00319	0.00319	0.00478	0.00478	0.00638	0.00638	0.01116	0.00638	0.01276	0.01435	0.89314	0.00319	0.00319	0.00159	0.00159
14	0.01641	0.00636	0.00859	0.00658	0.00943	0.00556	0.00544	0.03936	0.01069	0.82884	0.01434	0.01240	0.00902	0.00454	0.00369	0.00114	0.00315	0.00368	0.00452	0.00625
15	0.00447	0.00323	0.00422	0.00501	0.00530	0.00299	0.00336	0.00513	0.00713	0.00942	0.02147	0.80844	0.08359	0.01135	0.00466	0.00147	0.00211	0.01025	0.00341	0.00299
16	0.00542	0.00355	0.00398	0.00398	0.00402	0.00355	0.00224	0.00551	0.00546	0.00746	0.01159	0.02350	0.01315	0.82625	0.01786	0.00342	0.00347	0.00524	0.04806	0.00229
17	0.00434	0.00372	0.00372	0.00372	0.00496	0.00310	0.00279	0.00527	0.00837	0.00992	0.03721	0.03535	0.84652	0.00930	0.00434	0.00124	0.00186	0.00775	0.00341	0.00310
18	0.00484	0.00348	0.00463	0.00529	0.00575	0.00328	0.00385	0.00583	0.00782	0.01045	0.13853	0.56552	0.05722	0.01060	0.00469	0.00147	0.00229	0.15781	0.00349	0.00313
19	0.00449	0.00333	0.00416	0.00481	0.00525	0.00304	0.00328	0.00519	0.00730	0.00946	0.02365	0.65887	0.19959	0.03132	0.00495	0.00149	0.00212	0.02132	0.00338	0.00300
20	0.00569	0.00393	0.00463	0.00467	0.00499	0.00393	0.00302	0.05169	0.00688	0.00922	0.07663	0.17250	0.01697	0.55296	0.01347	0.00276	0.00319	0.05741	0.00272	0.00275
21	0.00447	0.00320	0.00426	0.00511	0.00533	0.00298	0.00341	0.00511	0.00703	0.00938	0.02024	0.86853	0.02429	0.01151	0.00469	0.00149	0.00213	0.01044	0.00341	0.00298
22	0.00449	0.00323	0.00426	0.00506	0.00532	0.00300	0.00339	0.00517	0.00716	0.00953	0.04229	0.82291	0.04790	0.01134	0.00467	0.00148	0.00211	0.01027	0.00343	0.00300
23	0.04683	0.00408	0.00423	0.00416	0.00537	0.00379	0.00322	0.03482	0.00859	0.01185	0.08492	0.02863	0.49449	0.00779	0.00392	0.00118	0.00205	0.06571	0.18101	0.00336
24	0.08633	0.00815	0.00901	0.00721	0.00964	0.00868	0.00586	0.46923	0.01326	0.18314	0.01068	0.02964	0.00843	0.08361	0.00502	0.00138	0.00364	0.04804	0.00358	0.00547
25	0.01598	0.00706	0.00902	0.00692	0.00978	0.00659	0.00571	0.18105	0.01186	0.68551	0.01336	0.01177	0.00852	0.00452	0.00369	0.00113	0.00331	0.00362	0.00437	0.00625
26	0.00447	0.00320	0.00426	0.00511	0.00533	0.00298	0.00341	0.00511	0.00703	0.00938	0.02024	0.86853	0.02429	0.01151	0.00469	0.00149	0.00213	0.01044	0.00341	0.00298
27	0.00637	0.00319	0.00477	0.00477	0.00477	0.00319	0.00318	0.00479	0.00479	0.00639	0.00645	0.01134	0.00648	0.02465	0.01441	0.88082	0.00319	0.00322	0.00160	0.00160
28	0.01291	0.00969	0.01037	0.00820	0.01095	0.01080	0.00670	0.64016	0.20304	0.03304	0.01028	0.00997	0.00741	0.00454	0.00369	0.00114	0.00377	0.00350	0.00370	0.00615
29	0.02608	0.01022	0.01069	0.00828	0.01112	0.03311	0.00681	0.77224	0.02481	0.02235	0.00883	0.00890	0.00631	0.00438	0.00362	0.00109	0.00402	0.00328	0.02778	0.00608
30	0.00525	0.00393	0.00588	0.00588	0.00652	0.00458	0.00456	0.00654	0.00590	0.00851	0.00986	0.01456	0.00924	0.03881	0.84519	0.00587	0.00975	0.00395	0.00197	0.00327
31	0.00533	0.00388	0.00537	0.00539	0.00587	0.00433	0.00395	0.00637	0.01447	0.00826	0.01069	0.01804	0.01078	0.27359	0.57680	0.00504	0.00773	0.02899	0.00210	0.00300
32	0.00447	0.00320	0.00426	0.00511	0.00533	0.00298	0.00341	0.00511	0.00703	0.00938	0.02024	0.86853	0.02429	0.01151	0.00469	0.00149	0.00213	0.01044	0.00341	0.00298
33	0.00976	0.00907	0.01655	0.01230	0.01538	0.00908	0.49935	0.05696	0.18674	0.09304	0.00967	0.01083	0.00711	0.00385	0.00445	0.00124	0.04262	0.00413	0.00260	0.00529
34	0.00841	0.00937	0.01999	0.08608	0.04274	0.00897	0.71264	0.01138	0.00861	0.01168	0.03734	0.01050	0.00656	0.00331	0.00426	0.00123	0.00587	0.00430	0.00192	0.00485
35	0.00767	0.00736	0.01208	0.61244	0.25279	0.02545	0.01043	0.01001	0.00769	0.01010	0.00662	0.00953	0.00515	0.00356	0.00365	0.00118	0.00478	0.00325	0.00169	0.00456
36	0.00731	0.00692	0.01166	0.70702	0.16007	0.00832	0.01033	0.00968	0.00748	0.00980	0.00656	0.00964	0.00505	0.00366	0.00384	0.00121	0.02217	0.00326	0.00166	0.00436
37	0.00442	0.00372	0.00383	0.00380	0.00501	0.00313	0.00285	0.00542	0.00856	0.01036	0.11099	0.03462	0.77246	0.00914	0.00434	0.00123	0.00185	0.00765	0.00347	0.00313
38	0.00847	0.00839	0.01508	0.22877	0.45217	0.00871	0.17508	0.01116	0.03457	0.01141	0.00717	0.00957	0.00571	0.00339	0.00379	0.00116	0.00481	0.00351	0.00184	0.00521
39	0.05744	0.00645	0.00848	0.00653	0.00935	0.00577	0.00539	0.04985	0.01058	0.77900	0.01383	0.01205	0.00874	0.00449	0.00363	0.00114	0.00315	0.00360	0.00441	0.00614
40	0.00490	0.00374	0.00449	0.00430	0.00530	0.00334	0.00323	0.00635	0.00968	0.01303	0.56100	0.03022	0.32079	0.00814	0.00433	0.00119	0.00178	0.00703	0.00382	0.00334
41	0.00804	0.00804	0.01125	0.00964	0.00964	0.01125	0.00804	0.00884	0.00562	0.00884	0.00482	0.00804	0.00482	0.00643	0.01205	0.00161	0.86420	0.00321	0.00161	0.00402
42	0.00737	0.01900	0.85189	0.01047	0.01590	0.00853	0.01357	0.01163	0.00775	0.01163	0.00659	0.00775	0.00465	0.00349	0.00349	0.00116	0.00543	0.00271	0.00155	0.00543
43	0.00936	0.00800	0.00843	0.00752	0.00964	0.00924	0.00587	0.05759	0.80294	0.01573	0.01466	0.01348	0.01098	0.00496	0.00373	0.00124	0.00296	0.00411	0.00373	0.00583
44	0.00516	0.00375	0.00485	0.00458	0.00546	0.00345	0.00343	0.00685	0.01030	0.01450	0.80835	0.02780	0.07252	0.00759	0.00433	0.00116	0.00174	0.00669	0.00401	0.00345
45	0.00457	0.00331	0.00433	0.00497	0.00533	0.00306	0.00338	0.00539	0.00759	0.01018	0.14091	0.70118	0.07059	0.01081	0.00462	0.00143	0.00206	0.00974	0.00350	0.00306
46	0.01379	0.01016	0.01090	0.00839	0.01128	0.01124	0.00692	0.82089	0.01708	0.02290	0.00902	0.02422	0.00657	0.00454	0.00369	0.00111	0.00401	0.00343	0.00367	0.00619
47	0.00434	0.00372	0.00372	0.00372	0.00496	0.00310	0.00279	0.00527	0.00837	0.00992	0.03721	0.03535	0.84652	0.00930	0.00434	0.00124	0.00186	0.00775	0.00341	0.00310
48	0.00534	0.00356	0.00401	0.00401	0.00401	0.00356	0.00223	0.00534	0.00534	0.00712	0.01157	0.02403	0.01335	0.87092	0.01869	0.00356	0.00356	0.00534	0.00223	0.00223
49	0.00744	0.00464	0.00640	0.00596	0.00707	0.00507	0.00470	0.06611	0.00744	0.11913	0.01055	0.01373	0.00898	0.02103	0.61584	0.00453	0.00789	0.00382	0.07579	0.00388
50	0.89687	0.00710	0.00540	0.00483	0.00710	0.00824	0.00398	0.01080	0.00625	0.01648	0.00511	0.00597	0.00398	0.00341	0.00227	0.00114	0.00284	0.00199	0.00227	0.00398
51	0.00584	0.00420	0.00582	0.00662	0.00749	0.00417	0.00577	0.00750	0.00845	0.01094	0.02027	0.04115	0.05963	0.01011	0.00504	0.00167	0.00331	0.78526	0.00338	0.00337
52	0.00515	0.00370	0.00436	0.00433	0.00523	0.00332	0.00315	0.00632	0.00875	0.03350	0.32545	0.15236	0.32252	0.06402	0.00522	0.00138	0.00199	0.00731	0.03869	0.00325
53	0.00551	0.00393	0.00491	0.00460	0.00563	0.00361	0.00347	0.00732	0.03171	0.03986	0.66329	0.02794	0.16911	0.00765	0.00430	0.00117	0.00183	0.00667	0.00394	0.00355
54	0.89687	0.00710	0.00540	0.00483	0.00710	0.00824	0.00398	0.01080	0.00625	0.01648	0.00511	0.00597	0.00398	0.00341	0.00227	0.00114	0.00284	0.00199	0.00227	0.00398
55	0.00454	0.00322	0.00424	0.00503	0.00523	0.00303	0.00332	0.00513	0.00691	0.00921	0.01961	0.80714	0.02350	0.07398	0.00571	0.00164	0.00223	0.01007	0.00332	0.00293
56	0.00488	0.00381	0.00405	0.00398	0.00521	0.00323	0.00300	0.00591	0.00861	0.04046	0.11537	0.05552	0.70623	0.00902	0.00433	0.00124	0.00192	0.01647	0.00351	0.00325
57	0.00439	0.00370	0.00380	0.00382	0.00500	0.00311	0.00285	0.00534	0.00842	0.01013	0.07429	0.06638	0.77767	0.00930	0.00435	0.00125	0.00186	0.00780	0.00344	0.00311
58	0.00694	0.00653	0.01102	0.86210	0.02530	0.00816	0.01020	0.00938	0.00734	0.00938	0.00653	0.00979	0.00490	0.00367	0.00367	0.00122	0.00490	0.00326	0.00163	0.00408
59	0.00491	0.00367	0.00461	0.00491	0.00568	0.00337	0.00370	0.00613	0.00862	0.01141	0.27587	0.27359	0.22281	0.00953	0.00456	0.00136	0.00216	0.14629	0.00360	0.00323
60	0.01311	0.00916	0.01004	0.00794	0.01061	0.00999	0.00647	0.59159	0.12854	0.11396	0.01086	0.05256	0.00814	0.00485	0.00374	0.00114	0.00369	0.00382	0.00377	0.00603
61	0.00762	0.00653	0.00762	0.00544	0.00870	0.00490	0.00435	0.00925	0.00762	0.01197	0.00653	0.00762	0.00544	0.00272	0.00272	0.00054	0.00272	0.00218	0.00218	0.89338
62	0.89687	0.00710	0.00540	0.00483	0.00710	0.00824	0.00398	0.01080	0.00625	0.01648	0.00511	0.00597	0.00398	0.00341	0.00227	0.00114	0.00284	0.00199	0.00227	0.00398
63	0.00838	0.00861	0.01120	0.00963	0.00975	0.06271	0.00798	0.00919	0.00592	0.00885	0.00487	0.00795	0.00482	0.00627	0.01152	0.00157	0.81197	0.00316	0.00162	0.00403
64	0.00525	0.00391	0.00576	0.00576	0.00637	0.00451	0.00441	0.00647	0.00586	0.00842	0.00997	0.01515	0.00949	0.09082	0.79353	0.00573	0.00937	0.00404	0.00199	0.00320
65	0.00435	0.00372	0.00374	0.00373	0.00497	0.00311	0.00280	0.00529	0.00840	0.00999	0.04860	0.03523	0.83509	0.00928	0.00434	0.00124	0.00186	0.00774	0.00342	0.00311
66	0.00867	0.00991	0.02167	0.01548	0.01920	0.00929	0.83467	0.01176	0.00867	0.01176	0.00743	0.00991	0.00557	0.00310	0.00433	0.00124	0.00619	0.00433	0.00186	0.00495
67	0.00990	0.75354	0.08117	0.00675	0.01004	0.02516	0.00688	0.05324	0.00802	0.00961	0.00541	0.00619	0.00479	0.00324	0.00252	0.00083	0.00408	0.00209	0.00168	0.00484
68	0.01313	0.00706	0.00912	0.00733	0.00985	0.00708	0.04427	0.05167	0.26585	0.46906	0.02977	0.01306	0.02128	0.00478	0.00399	0.00119	0.02763	0.00395	0.00403	0.00590
69	0.00516	0.00373	0.00488	0.00464	0.00548	0.00344	0.00346	0.00685	0.01024	0.01448	0.80756	0.06666	0.03417	0.00769	0.00435	0.00117	0.00175	0.00682	0.00401	0.00344
70	0.00999	0.00861	0.01104	0.01277	0.29491	0.00940	0.00788	0.16416	0.40934	0.01563	0.01111	0.01125	0.00848	0.00430	0.00369	0.00117	0.00361	0.00370	0.00307	0.00589
71	0.00534	0.00356	0.00401	0.00401	0.00401	0.00356	0.00223	0.00534	0.00534	0.00712	0.01157	0.02403	0.01335	0.87092	0.01869	0.00356	0.00356	0.00534	0.00223	0.00223
72	0.01294	0.04460	0.01141	0.01114	0.13146	0.63046	0.00766	0.08742	0.01063	0.01067	0.00612	0.00715	0.00502	0.00375	0.00336	0.00098	0.00598	0.00257	0.00203	0.00467
73	0.01191	0.00887	0.00983	0.00775	0.01032	0.00966	0.00634	0.62336	0.01451	0.01969	0.00891	0.01840	0.00684	0.00813	0.14320	0.00185	0.00486	0.00339	0.00327	0.07892
74	0.25995	0.00942	0.00934	0.00740	0.01012	0.02907	0.00609	0.55492	0.02541	0.04246	0.00795	0.00814	0.00572	0.00413	0.00328	0.00111	0.00372	0.00294	0.00327	0.00556
75	0.00527	0.00392	0.00588	0.00588	0.00653	0.00456	0.00456	0.00653	0.00588	0.00849	0.00977	0.01437	0.00913	0.02727	0.84050	0.02262	0.00971	0.00392	0.00196	0.00325
76	0.00534	0.00356	0.00401	0.00401	0.00401	0.00356	0.00223	0.00534	0.00534	0.00712	0.01157	0.02403	0.01335	0.87092	0.01869	0.00356	0.00356	0.00534	0.00223	0.00223
77	0.00534	0.00356	0.00401	0.00401	0.00401	0.00356	0.00223	0.00534	0.00534	0.00712	0.01157	0.02403	0.01335	0.87092	0.01869	0.00356	0.00356	0.00534	0.00223	0.00223
78	0.01372	0.01750	0.01041	0.00946	0.01135	0.85618	0.00710	0.01467	0.01041	0.00899	0.00568	0.00662	0.00473	0.00378	0.00331	0.00095	0.00662	0.00237	0.00189	0.00426
79	0.00473	0.00369	0.00423	0.00425	0.00520	0.00327	0.00314	0.00586	0.00873	0.01127	0.28628	0.10829	0.44521	0.05392	0.00514	0.00137	0.00199	0.03670	0.00355	0.00317
80	0.00447	0.00320	0.00426	0.00511	0.00533	0.00298	0.00341	0.00511	0.00703	0.00938	0.02024	0.86853	0.02429	0.01151	0.00469	0.00149	0.00213	0.01044	0.00341	0.00298
81	0.00447	0.00320	0.00426	0.00511	0.00533	0.00298	0.00341	0.00511	0.00703	0.00938	0.02024	0.86853	0.02429	0.01151	0.00469	0.00149	0.00213	0.01044	0.00341	0.00298
82	0.00762	0.00653	0.00762	0.00544	0.00870	0.00490	0.00435	0.00925	0.00762	0.01197	0.00653	0.00762	0.00544	0.00272	0.00272	0.00054	0.00272	0.00218	0.00218	0.89338
83	0.00762	0.00653	0.00762	0.00544	0.00870	0.00490	0.00435	0.00925	0.00762	0.01197	0.00653	0.00762	0.00544	0.00272	0.00272	0.00054	0.00272	0.00218	0.00218	0.89338
84	0.00434	0.00372	0.00372	0.00372	0.00496	0.00310	0.00279	0.00527	0.00837	0.00992	0.03721	0.03535	0.84652	0.00930	0.00434	0.00124	0.00186	0.00775	0.00341	0.00310
85	0.00434	0.00372	0.00372	0.00372	0.00496	0.00310	0.00279	0.00527	0.00837	0.00992	0.03721	0.03535	0.84652	0.00930	0.00434	0.00124	0.00186	0.00775	0.00341	0.00310
86	0.00447	0.00320	0.00426	0.00511	0.00533	0.00298	0.00341	0.00511	0.00703	0.00938	0.02024	0.86853	0.02429	0.01151	0.00469	0.00149	0.00213	0.01044	0.00341	0.00298
87	0.01372	0.01750	0.01041	0.00946	0.01135	0.85618	0.00710	0.01467	0.01041	0.00899	0.00568	0.00662	0.00473	0.00378	0.00331	0.00095	0.00662	0.00237	0.00189	0.00426
88	0.01371	0.01004	0.01075	0.00827	0.01114	0.01110	0.00682	0.80618	0.01693	0.02281	0.00893	0.00899	0.00636	0.00440	0.00363	0.00109	0.00396	0.00331	0.03543	0.00615
89	0.89687	0.00710	0.00540	0.00483	0.00710	0.00824	0.00398	0.01080	0.00625	0.01648	0.00511	0.00597	0.00398	0.00341	0.00227	0.00114	0.00284	0.00199	0.00227	0.00398
90	0.00525	0.00391	0.00580	0.00580	0.00642	0.00453	0.00446	0.00649	0.00587	0.00845	0.00993	0.01495	0.00941	0.07372	0.81051	0.00577	0.00949	0.00401	0.00198	0.00322
91	0.00746	0.01836	0.79391	0.01082	0.01613	0.00858	0.07092	0.01164	0.00782	0.01164	0.00665	0.00790	0.00472	0.00346	0.00355	0.00117	0.00548	0.00283	0.00157	0.00539
92	0.00447	0.00320	0.00425	0.00510	0.00532	0.00298	0.00340	0.00512	0.00705	0.00938	0.02046	0.85783	0.03485	0.01148	0.00468	0.00149	0.00213	0.01041	0.00341	0.00298
93	0.01092	0.01285	0.01081	0.03180	0.01093	0.44430	0.00761	0.01184	0.00812	0.00893	0.00530	0.00736	0.00478	0.00500	0.00735	0.00126	0.40216	0.00278	0.00175	0.00414
94	0.00867	0.00991	0.02167	0.01548	0.01920	0.00929	0.83467	0.01176	0.00867	0.01176	0.00743	0.00991	0.00557	0.00310	0.00433	0.00124	0.00619	0.00433	0.00186	0.00495
95	0.01280	0.00633	0.02619	0.02075	0.05340	0.00564	0.00559	0.05060	0.03986	0.52016	0.18512	0.01559	0.03089	0.00516	0.00383	0.00114	0.00299	0.00433	0.00410	0.00552
96	0.01359	0.02907	0.01060	0.00964	0.02531	0.83049	0.00716	0.01456	0.01033	0.00903	0.00569	0.00665	0.00475	0.00377	0.00330	0.00095	0.00655	0.00238	0.00189	0.00429
97	0.00534	0.00356	0.00401	0.00401	0.00401	0.00356	0.00223	0.00534	0.00534	0.00712	0.01157	0.02403	0.01335	0.87092	0.01869	0.00356	0.00356	0.00534	0.00223	0.00223
98	0.00534	0.00356	0.00401	0.00401	0.00401	0.00356	0.00223	0.00534	0.00534	0.00712	0.01157	0.02403	0.01335	0.87092	0.01869	0.00356	0.00356	0.00534	0.00223	0.00223
99	0.02611	0.01090	0.01087	0.41906	0.05457	0.30775	0.00870	0.09859	0.00950	0.01094	0.00646	0.00847	0.00500	0.00377	0.00352	0.00111	0.00536	0.00293	0.00196	0.00445
100	0.01372	0.01750	0.01041	0.00946	0.01135	0.85618	0.00710	0.01467	0.01041	0.00899	0.00568	0.00662	0.00473	0.00378	0.00331	0.00095	0.00662	0.00237	0.00189	0.00426
101	0.00461	0.00370	0.00409	0.00432	0.00529	0.00325	0.00323	0.00554	0.00801	0.00981	0.03105	0.15922	0.57584	0.05855	0.00530	0.00146	0.00218	0.10815	0.00334	0.00307
102	0.43673	0.00567	0.00535	0.00489	0.00644	0.00614	0.00376	0.04502	0.00783	0.03831	0.21134	0.06642	0.03097	0.10178	0.00502	0.01081	0.00265	0.00424	0.00291	0.00372
103	0.01307	0.00958	0.01038	0.00803	0.01089	0.01040	0.00659	0.67605	0.07174	0.04937	0.00945	0.02458	0.00694	0.00445	0.00363	0.00108	0.00380	0.00342	0.00359	0.07296
104	0.00434	0.00372	0.00372	0.00372	0.00496	0.00310	0.00279	0.00527	0.00837	0.00992	0.03721	0.03535	0.84652	0.00930	0.00434	0.00124	0.00186	0.00775	0.00341	0.00310
105	0.00451	0.00322	0.00430	0.00516	0.00539	0.00302	0.00347	0.00518	0.00707	0.00942	0.02022	0.84694	0.02421	0.01147	0.00470	0.00150	0.00216	0.03166	0.00341	0.00299
106	0.00804	0.00677	0.00737	0.00685	0.00860	0.00759	0.00537	0.01590	0.60682	0.01437	0.09077	0.03163	0.07218	0.00616	0.00399	0.00129	0.00277	0.09472	0.00370	0.00511
107	0.00534	0.00358	0.00411	0.00411	0.00414	0.00362	0.00235	0.00541	0.00537	0.00720	0.01148	0.02353	0.01313	0.82624	0.06307	0.00368	0.00389	0.00527	0.00221	0.00228
108	0.01648	0.00625	0.00852	0.00653	0.00938	0.00540	0.00540	0.01790	0.01051	0.85056	0.01449	0.01250	0.00909	0.00455	0.00369	0.00114	0.00313	0.00369	0.00455	0.00625
109	0.00448	0.00370	0.00376	0.00376	0.00483	0.00316	0.00271	0.00528	0.00796	0.00954	0.03370	0.03380	0.73247	0.12725	0.00631	0.00156	0.00209	0.00742	0.00325	0.00298
110	0.00855	0.00628	0.00752	0.00553	0.00855	0.00484	0.00442	0.01013	0.00809	0.11882	0.04465	0.03354	0.00772	0.00341	0.00297	0.00067	0.00271	0.00280	0.00259	0.71620
111	0.89687	0.00710	0.00540	0.00483	0.00710	0.00824	0.00398	0.01080	0.00625	0.01648	0.00511	0.00597	0.00398	0.00341	0.00227	0.00114	0.00284	0.00199	0.00227	0.00398
112	0.00914	0.00789	0.00830	0.00747	0.00955	0.00914	0.00581	0.01952	0.84138	0.01536	0.01495	0.01370	0.01121	0.00498	0.00374	0.00125	0.00291	0.00415	0.00374	0.00581
113	0.00575	0.00367	0.00422	0.00416	0.00435	0.00360	0.00245	0.00590	0.00583	0.04434	0.02634	0.05770	0.04688	0.75097	0.01668	0.00324	0.00339	0.00559	0.00245	0.00249
114	0.00440	0.00368	0.00380	0.00388	0.00500	0.00312	0.00287	0.00530	0.00823	0.00989	0.04422	0.10115	0.74840	0.02570	0.00465	0.00131	0.00193	0.01600	0.00339	0.00308
115	0.01415	0.00998	0.01083	0.00831	0.01124	0.01094	0.00686	0.77441	0.01676	0.08522	0.00924	0.00909	0.00646	0.00442	0.00368	0.00110	0.00397	0.00334	0.00374	0.00625
116	0.01531	0.00645	0.00840	0.00656	0.00924	0.00589	0.00538	0.07847	0.04958	0.69808	0.01408	0.02767	0.00926	0.00467	0.00366	0.00113	0.00310	0.00380	0.04321	0.00605
117	0.00505	0.00358	0.00442	0.00457	0.00531	0.00330	0.00334	0.00635	0.00877	0.01220	0.36507	0.26360	0.16063	0.00868	0.00428	0.00125	0.00192	0.03817	0.09625	0.00326
118	0.00516	0.00375	0.00485	0.00458	0.00546	0.00345	0.00343	0.00685	0.01030	0.01450	0.80835	0.02780	0.07252	0.00759	0.00433	0.00116	0.00174	0.00669	0.00401	0.00345
119	0.00466	0.00335	0.00445	0.00514	0.00550	0.00313	0.00358	0.00552	0.00758	0.01016	0.12122	0.68548	0.04598	0.01087	0.00466	0.00146	0.00217	0.06853	0.00348	0.00307
120	0.89687	0.00710	0.00540	0.00483	0.00710	0.00824	0.00398	0.01080	0.00625	0.01648	0.00511	0.00597	0.00398	0.00341	0.00227	0.00114	0.00284	0.00199	0.00227	0.00398
121	0.00614	0.00463	0.00519	0.00488	0.00620	0.00446	0.00371	0.02805	0.13923	0.05122	0.23764	0.06431	0.38669	0.02535	0.00451	0.00127	0.00217	0.01686	0.00366	0.00382
122	0.00438	0.00370	0.00380	0.00382	0.00500	0.00311	0.00285	0.00534	0.00840	0.01011	0.07180	0.07386	0.77266	0.00933	0.00436	0.00125	0.00187	0.00783	0.00344	0.00311
123	0.00455	0.00333	0.00429	0.00492	0.00533	0.00306	0.00338	0.00535	0.00754	0.01000	0.10573	0.67748	0.11969	0.01083	0.00462	0.00143	0.00208	0.01988	0.00347	0.00305
124	0.00531	0.00379	0.00524	0.00524	0.00566	0.00421	0.00377	0.00611	0.00569	0.00800	0.01032	0.01754	0.01050	0.30780	0.55565	0.02828	0.00758	0.00438	0.00204	0.00288
125	0.00475	0.00369	0.00404	0.00409	0.00514	0.00319	0.00300	0.00575	0.00844	0.02557	0.14342	0.14949	0.58090	0.02361	0.00459	0.00130	0.00193	0.00780	0.01614	0.00318
126	0.00633	0.00323	0.00484	0.00484	0.00487	0.00326	0.00326	0.00487	0.00484	0.00648	0.00654	0.01132	0.00651	0.01346	0.05449	0.85085	0.00351	0.00323	0.00161	0.00168
127	0.00956	0.00789	0.00839	0.00745	0.00958	0.00904	0.00582	0.05502	0.76723	0.04553	0.01489	0.01366	0.01932	0.00499	0.00374	0.00124	0.00295	0.00414	0.00376	0.00582
128	0.01349	0.00782	0.01048	0.00968	0.13249	0.00776	0.04280	0.26740	0.01182	0.37582	0.01106	0.01144	0.00781	0.05710	0.00474	0.01149	0.00375	0.00364	0.00359	0.00583
129	0.00466	0.00347	0.00436	0.00503	0.00546	0.00327	0.00343	0.00577	0.04371	0.00971	0.02235	0.71628	0.13706	0.01092	0.00460	0.00145	0.00213	0.00980	0.00342	0.00312
130	0.89687	0.00710	0.00540	0.00483	0.00710	0.00824	0.00398	0.01080	0.00625	0.01648	0.00511	0.00597	0.00398	0.00341	0.00227	0.00114	0.00284	0.00199	0.00227	0.00398
131	0.00454	0.00324	0.00425	0.00501	0.00525	0.00303	0.00333	0.00518	0.00706	0.00940	0.04090	0.78300	0.04374	0.05654	0.00541	0.00159	0.00219	0.01001	0.00336	0.00296
132	0.00810	0.27450	0.60282	0.00922	0.01396	0.01033	0.01139	0.01144	0.00767	0.01074	0.00615	0.00720	0.00467	0.00339	0.00315	0.00105	0.00498	0.00249	0.00156	0.00521
133	0.47322	0.00903	0.00829	0.00751	0.06103	0.06824	0.00569	0.29822	0.01050	0.01800	0.00655	0.00720	0.00493	0.00377	0.00292	0.00111	0.00362	0.00255	0.00271	0.00490
134	0.00482	0.00374	0.00438	0.00432	0.00530	0.00334	0.00320	0.00622	0.02110	0.01215	0.40581	0.11336	0.38172	0.00864	0.00436	0.00123	0.00184	0.00746	0.00370	0.00330
135	0.02201	0.19102	0.05268	0.01175	0.19892	0.28480	0.01666	0.06228	0.00902	0.01068	0.00598	0.00740	0.00507	0.00385	0.00421	0.00105	0.10322	0.00267	0.00187	0.00485
136	0.00447	0.00358	0.00401	0.00431	0.00520	0.00312	0.00314	0.00537	0.00802	0.00993	0.05233	0.29216	0.53571	0.00997	0.00448	0.00134	0.00201	0.04435	0.00343	0.00309
137	0.01186	0.01174	0.18447	0.00884	0.01229	0.01028	0.03032	0.55524	0.06006	0.01945	0.00854	0.00883	0.00613	0.00413	0.00361	0.00110	0.00425	0.00320	0.00311	0.05255
138	0.00523	0.00350	0.00406	0.00419	0.00422	0.00347	0.00243	0.00530	0.00559	0.00746	0.01282	0.15397	0.01491	0.72309	0.01646	0.01918	0.00333	0.00609	0.00240	0.00233
139	0.00541	0.00377	0.00493	0.00469	0.00556	0.00347	0.00350	0.00704	0.01011	0.03524	0.74920	0.09084	0.04677	0.00777	0.00434	0.00118	0.00180	0.00687	0.00400	0.00349
140	0.00989	0.78247	0.07702	0.00659	0.00988	0.01379	0.00676	0.01129	0.00759	0.03897	0.00555	0.00626	0.00487	0.00322	0.00248	0.00082	0.00400	0.00208	0.00168	0.00482
141	0.01596	0.00615	0.00830	0.00641	0.00915	0.00536	0.00528	0.01751	0.02085	0.80343	0.01439	0.01257	0.00913	0.00454	0.00364	0.00113	0.00306	0.00369	0.04332	0.00612
142	0.00456	0.00333	0.00431	0.00501	0.00540	0.00308	0.00346	0.00534	0.00741	0.00977	0.06071	0.69156	0.12088	0.01100	0.00465	0.00146	0.00214	0.04946	0.00344	0.00304
143	0.04640	0.00866	0.01006	0.00772	0.01061	0.00900	0.02009	0.48670	0.01420	0.33210	0.01078	0.01011	0.00722	0.00440	0.00364	0.00112	0.00369	0.00342	0.00392	0.00614
144	0.00524	0.00377	0.00492	0.00470	0.00553	0.00350	0.00354	0.00691	0.01012	0.01428	0.77767	0.02797	0.03326	0.03852	0.00488	0.00127	0.00188	0.04468	0.00395	0.00342
145	0.89687	0.00710	0.00540	0.00483	0.00710	0.00824	0.00398	0.01080	0.00625	0.01648	0.00511	0.00597	0.00398	0.00341	0.00227	0.00114	0.00284	0.00199	0.00227	0.00398
146	0.01648	0.00625	0.00852	0.00653	0.00938	0.00540	0.00540	0.01790	0.01051	0.85056	0.01449	0.01250	0.00909	0.00455	0.00369	0.00114	0.00313	0.00369	0.00455	0.00625
147	0.00961	0.00789	0.00839	0.00746	0.00960	0.00903	0.00583	0.04341	0.77974	0.05323	0.01475	0.01351	0.01097	0.00495	0.00373	0.00124	0.00295	0.00411	0.00377	0.00585
148	0.00447	0.00320	0.00426	0.00511	0.00533	0.00298	0.00341	0.00511	0.00703	0.00938	0.02024	0.86853	0.02429	0.01151	0.00469	0.00149	0.00213	0.01044	0.00341	0.00298
149	0.01396	0.01029	0.01102	0.00845	0.01139	0.01139	0.00698	0.83577	0.01727	0.02315	0.00882	0.00882	0.00625	0.00441	0.00367	0.00110	0.00404	0.00331	0.00367	0.00625
150	0.01648	0.00625	0.00852	0.00653	0.00938	0.00540	0.00540	0.01790	0.01051	0.85056	0.01449	0.01250	0.00909	0.00455	0.00369	0.00114	0.00313	0.00369	0.00455	0.00625
151	0.00914	0.00789	0.00830	0.00747	0.00955	0.00914	0.00581	0.01952	0.84138	0.01536	0.01495	0.01370	0.01121	0.00498	0.00374	0.00125	0.00291	0.00415	0.00374	0.00581
152	0.00982	0.87313	0.01925	0.00628	0.00943	0.01453	0.00628	0.01100	0.00746	0.00864	0.00511	0.00589	0.00471	0.00314	0.00236	0.00079	0.00393	0.00196	0.00157	0.00471
153	0.00762	0.00653	0.00762	0.00544	0.00870	0.00490	0.00435	0.00925	0.00762	0.01197	0.00653	0.00762	0.00544	0.00272	0.00272	0.00054	0.00272	0.00218	0.00218	0.89338
154	0.00520	0.00375	0.00491	0.00462	0.00549	0.00347	0.00347	0.00693	0.01040	0.01473	0.84608	0.02743	0.03465	0.00751	0.00433	0.00116	0.00173	0.00664	0.00404	0.00347
155	0.00914	0.00789	0.00830	0.00747	0.00955	0.00914	0.00581	0.01952	0.84138	0.01536	0.01495	0.01370	0.01121	0.00498	0.00374	0.00125	0.00291	0.00415	0.00374	0.00581
156	0.00438	0.00372	0.00377	0.00376	0.00498	0.00312	0.00282	0.00534	0.00846	0.01013	0.07259	0.03500	0.81101	0.00922	0.00434	0.00124	0.00185	0.00770	0.00344	0.00312
157	0.00447	0.00320	0.00426	0.00511	0.00533	0.00298	0.00341	0.00511	0.00703	0.00938	0.02024	0.86853	0.02429	0.01151	0.00469	0.00149	0.00213	0.01044	0.00341	0.00298
158	0.01407	0.01011	0.01091	0.00837	0.01130	0.01113	0.00691	0.79999	0.01697	0.05934	0.00907	0.00898	0.00637	0.00441	0.00367	0.00110	0.00400	0.00332	0.00371	0.00625
159	0.00434	0.00372	0.00372	0.00372	0.00496	0.00310	0.00279	0.00527	0.00837	0.00992	0.03721	0.03535	0.84652	0.00930	0.00434	0.00124	0.00186	0.00775	0.00341	0.00310
160	0.00533	0.00355	0.00401	0.00402	0.00403	0.00355	0.00225	0.00534	0.00537	0.00716	0.01172	0.03812	0.01354	0.85659	0.01846	0.00353	0.00354	0.00543	0.00225	0.00224
161	0.01372	0.01750	0.01041	0.00946	0.01135	0.85618	0.00710	0.01467	0.01041	0.00899	0.00568	0.00662	0.00473	0.00378	0.00331	0.00095	0.00662	0.00237	0.00189	0.00426
162	0.01546	0.00686	0.00877	0.00684	0.00961	0.00643	0.00561	0.10705	0.09538	0.67596	0.01392	0.01222	0.00900	0.00458	0.00370	0.00114	0.00320	0.00370	0.00437	0.00621
163	0.00525	0.00394	0.00590	0.00590	0.00656	0.00459	0.00459	0.00656	0.00590	0.00853	0.00984	0.01443	0.00918	0.02755	0.85637	0.00590	0.00984	0.00394	0.00197	0.00328
164	0.00905	0.00883	0.01551	0.02191	0.77404	0.00878	0.08476	0.01132	0.00839	0.01198	0.00696	0.00916	0.00580	0.00326	0.00370	0.00110	0.00453	0.00337	0.00182	0.00574
165	0.00520	0.00375	0.00491	0.00462	0.00549	0.00347	0.00347	0.00693	0.01040	0.01473	0.84608	0.02743	0.03465	0.00751	0.00433	0.00116	0.00173	0.00664	0.00404	0.00347
166	0.00982	0.87313	0.01925	0.00628	0.00943	0.01453	0.00628	0.01100	0.00746	0.00864	0.00511	0.00589	0.00471	0.00314	0.00236	0.00079	0.00393	0.00196	0.00157	0.00471
167	0.00772	0.00659	0.00767	0.00549	0.00875	0.00500	0.00440	0.02306	0.00778	0.01215	0.00657	0.00764	0.00545	0.00275	0.00274	0.00055	0.00274	0.00219	0.00220	0.87855
168	0.00909	0.00871	0.01480	0.02229	0.83400	0.00873	0.01118	0.01141	0.02229	0.01206	0.00704	0.00917	0.00591	0.00330	0.00364	0.00109	0.00434	0.00329	0.00185	0.00582
169	0.00447	0.00320	0.00426	0.00511	0.00533	0.00298	0.00341	0.00511	0.00703	0.00938	0.02024	0.86853	0.02429	0.01151	0.00469	0.00149	0.00213	0.01044	0.00341	0.00298
170	0.00525	0.00393	0.00586	0.00586	0.00651	0.00457	0.00454	0.00653	0.00589	0.00850	0.00987	0.01462	0.00927	0.04458	0.83945	0.00586	0.00971	0.00396	0.00197	0.00326
171	0.00914	0.00789	0.00830	0.00747	0.00955	0.00914	0.00581	0.01952	0.84138	0.01536	0.01495	0.01370	0.01121	0.00498	0.00374	0.00125	0.00291	0.00415	0.00374	0.00581
172	0.00437	0.00370	0.00377	0.00380	0.00499	0.00310	0.00283	0.00530	0.00836	0.01001	0.05540	0.07161	0.79155	0.00936	0.00436	0.00125	0.00187	0.00784	0.00343	0.00310
173	0.00434	0.00372	0.00372	0.00372	0.00496	0.00310	0.00279	0.00527	0.00837	0.00992	0.03721	0.03535	0.84652	0.00930	0.00434	0.00124	0.00186	0.00775	0.00341	0.00310
174	0.00531	0.00355	0.00401	0.00404	0.00405	0.00354	0.00227	0.00533	0.00540	0.00720	0.01186	0.05245	0.01372	0.84200	0.01822	0.00349	0.00351	0.00551	0.00227	0.00225
175	0.89687	0.00710	0.00540	0.00483	0.00710	0.00824	0.00398	0.01080	0.00625	0.01648	0.00511	0.00597	0.00398	0.00341	0.00227	0.00114	0.00284	0.00199	0.00227	0.00398
176	0.00737	0.01900	0.85189	0.01047	0.01590	0.00853	0.01357	0.01163	0.00775	0.01163	0.00659	0.00775	0.00465	0.00349	0.00349	0.00116	0.00543	0.00271	0.00155	0.00543
177	0.01396	0.01029	0.01102	0.00845	0.01139	0.01139	0.00698	0.83577	0.01727	0.02315	0.00882	0.00882	0.00625	0.00441	0.00367	0.00110	0.00404	0.00331	0.00367	0.00625
178	0.00446	0.00324	0.00422	0.00500	0.00530	0.00299	0.00336	0.00513	0.00714	0.00942	0.02159	0.80228	0.08967	0.01133	0.00466	0.00147	0.00211	0.01023	0.00341	0.00299
179	0.00447	0.00320	0.00426	0.00511	0.00533	0.00298	0.00341	0.00511	0.00703	0.00938	0.02024	0.86853	0.02429	0.01151	0.00469	0.00149	0.00213	0.01044	0.00341	0.00298
180	0.01372	0.01750	0.01041	0.00946	0.01135	0.85618	0.00710	0.01467	0.01041	0.00899	0.00568	0.00662	0.00473	0.00378	0.00331	0.00095	0.00662	0.00237	0.00189	0.00426
181	0.00982	0.87313	0.01925	0.00628	0.00943	0.01453	0.00628	0.01100	0.00746	0.00864	0.00511	0.00589	0.00471	0.00314	0.00236	0.00079	0.00393	0.00196	0.00157	0.00471
182	0.01648	0.00625	0.00852	0.00653	0.00938	0.00540	0.00540	0.01790	0.01051	0.85056	0.01449	0.01250	0.00909	0.00455	0.00369	0.00114	0.00313	0.00369	0.00455	0.00625
183	0.00447	0.00373	0.00390	0.00386	0.00504	0.00316	0.00289	0.00552	0.00868	0.01065	0.16036	0.03414	0.72291	0.00903	0.00434	0.00123	0.00184	0.00758	0.00351	0.00316
184	0.01233	0.00872	0.00928	0.00730	0.00976	0.00957	0.00597	0.64652	0.01508	0.02098	0.00954	0.00993	0.00697	0.00438	0.00342	0.00105	0.00351	0.00333	0.20674	0.00560
185	0.00434	0.00372	0.00372	0.00372	0.00496	0.00310	0.00279	0.00527	0.00837	0.00992	0.03721	0.03535	0.84652	0.00930	0.00434	0.00124	0.00186	0.00775	0.00341	0.00310
186	0.00520	0.00375	0.00491	0.00462	0.00549	0.00347	0.00347	0.00693	0.01040	0.01473	0.84608	0.02743	0.03465	0.00751	0.00433	0.00116	0.00173	0.00664	0.00404	0.00347
187	0.00575	0.00417	0.00569	0.00645	0.00733	0.00411	0.00559	0.00737	0.00845	0.01088	0.02129	0.04080	0.10673	0.01006	0.00500	0.00164	0.00322	0.73872	0.00338	0.00335
188	0.00534	0.00356	0.00401	0.00401	0.00401	0.00356	0.00223	0.00534	0.00534	0.00712	0.01157	0.02403	0.01335	0.87092	0.01869	0.00356	0.00356	0.00534	0.00223	0.00223
189	0.00737	0.01900	0.85189	0.01047	0.01590	0.00853	0.01357	0.01163	0.00775	0.01163	0.00659	0.00775	0.00465	0.00349	0.00349	0.00116	0.00543	0.00271	0.00155	0.00543
190	0.00914	0.00789	0.00830	0.00747	0.00955	0.00914	0.00581	0.01952	0.84138	0.01536	0.01495	0.01370	0.01121	0.00498	0.00374	0.00125	0.00291	0.00415	0.00374	0.00581
191	0.00806	0.00391	0.00419	0.00393	0.00506	0.00386	0.00301	0.01004	0.03785	0.11172	0.01238	0.01355	0.00944	0.00434	0.00274	0.00090	0.00192	0.00348	0.75575	0.00384
192	0.00873	0.01020	0.06010	0.01476	0.01847	0.00920	0.74679	0.01220	0.04749	0.02249	0.00783	0.01002	0.00584	0.00322	0.00426	0.00123	0.00596	0.00424	0.00196	0.00503
193	0.00905	0.00884	0.01556	0.02186	0.76751	0.00878	0.09125	0.01132	0.00839	0.01198	0.00696	0.00917	0.00579	0.00326	0.00370	0.00111	0.00454	0.00338	0.00182	0.00573
194	0.00531	0.00355	0.00401	0.00405	0.00405	0.00354	0.00227	0.00533	0.00540	0.00720	0.01188	0.05424	0.01374	0.84018	0.01819	0.00349	0.00351	0.00552	0.00227	0.00225
195	0.00798	0.00791	0.01115	0.07833	0.01090	0.01094	0.00815	0.00919	0.02948	0.00907	0.00525	0.00834	0.00501	0.00616	0.01114	0.00157	0.77046	0.00324	0.00167	0.00407
196	0.83058	0.07182	0.00643	0.00494	0.00728	0.00871	0.00415	0.01081	0.00634	0.01589	0.00511	0.00596	0.00403	0.00339	0.00228	0.00111	0.00292	0.00199	0.00222	0.00403
197	0.00875	0.00989	0.09187	0.05709	0.36956	0.00907	0.27512	0.02941	0.04667	0.01200	0.00733	0.00942	0.00580	0.00352	0.00428	0.00118	0.04819	0.00360	0.00192	0.00534
198	0.00910	0.10205	0.03448	0.00857	0.10853	0.01811	0.03815	0.08884	0.01661	0.04409	0.00700	0.00805	0.00563	0.00321	0.00323	0.00079	0.02292	0.00259	0.00227	0.47578

[dist]
# distance from previous block
# <min> <max>
0	1

[block]
# block no. 1 follows, 75 sequences, length 163
# corresponding to MSA columns:
# 429-591
name=unknown_B
#
# <colnr> <probs for GDERKNQSTAVLIFYWHMCP>
#	G	D	E	R	K	N	Q	S	T	A	V	L	I	F	Y	W	H	M	C	P
0	0.01090	0.00509	0.00680	0.00579	0.00764	0.00453	0.00458	0.01247	0.02394	0.43157	0.25651	0.12877	0.01889	0.00649	0.00404	0.00120	0.00259	0.03716	0.00414	0.02692
1	0.06640	0.01882	0.02427	0.07735	0.29215	0.01929	0.07098	0.03291	0.14506	0.01211	0.00820	0.01011	0.00671	0.00653	0.09418	0.00170	0.10262	0.00344	0.00219	0.00500
2	0.00572	0.00367	0.00431	0.00433	0.00468	0.00352	0.00271	0.00606	0.00641	0.05556	0.04709	0.16986	0.09651	0.55837	0.01351	0.00275	0.00306	0.00641	0.00274	0.00271
3	0.03758	0.00980	0.01048	0.00820	0.01100	0.01086	0.00675	0.71103	0.08831	0.03607	0.00957	0.00991	0.00698	0.00455	0.00367	0.00113	0.00388	0.02050	0.00365	0.00609
4	0.04013	0.01019	0.01086	0.00834	0.01126	0.01130	0.00689	0.81132	0.01694	0.02295	0.00871	0.00873	0.00618	0.00438	0.00363	0.00110	0.00401	0.00327	0.00363	0.00618
5	0.00501	0.00350	0.00424	0.00445	0.00473	0.00336	0.00285	0.00556	0.00686	0.00922	0.15177	0.27779	0.06254	0.41934	0.01128	0.00241	0.00275	0.01668	0.00295	0.00271
6	0.00526	0.00356	0.00406	0.00409	0.00417	0.00353	0.00236	0.00538	0.00565	0.00752	0.03345	0.06364	0.04015	0.77101	0.02895	0.00337	0.00348	0.00567	0.00236	0.00233
7	0.00813	0.01594	0.60285	0.01287	0.16435	0.00850	0.07903	0.01182	0.00804	0.04434	0.00702	0.00835	0.00511	0.00346	0.00359	0.00116	0.00521	0.00298	0.00174	0.00549
8	0.84334	0.00705	0.00559	0.00493	0.00724	0.00807	0.00406	0.01123	0.00651	0.06719	0.00568	0.00636	0.00429	0.00348	0.00236	0.00114	0.00286	0.00209	0.00241	0.00412
9	0.00498	0.00388	0.00422	0.00417	0.00539	0.00336	0.00320	0.00619	0.01733	0.03658	0.14842	0.03370	0.64600	0.00891	0.00436	0.00125	0.00199	0.05925	0.00354	0.00329
10	0.79793	0.00691	0.00549	0.00489	0.00708	0.00791	0.00400	0.03149	0.00673	0.02528	0.02419	0.00780	0.03838	0.00390	0.00262	0.01380	0.00282	0.00239	0.00241	0.00398
11	0.00547	0.00399	0.00504	0.00554	0.00619	0.00388	0.00409	0.07016	0.00823	0.01080	0.02096	0.56073	0.10756	0.01047	0.00465	0.00147	0.00249	0.16153	0.00342	0.00332
12	0.00534	0.00356	0.00401	0.00401	0.00401	0.00356	0.00223	0.00534	0.00534	0.00712	0.01157	0.02403	0.01335	0.87092	0.01869	0.00356	0.00356	0.00534	0.00223	0.00223
13	0.00478	0.00335	0.00428	0.00495	0.00529	0.00315	0.00339	0.00553	0.00717	0.00967	0.03404	0.63393	0.07254	0.07949	0.00569	0.00161	0.00228	0.06256	0.05332	0.00299
14	0.05600	0.00435	0.00577	0.00643	0.00733	0.00441	0.00549	0.00775	0.02013	0.01143	0.06483	0.08806	0.02077	0.00994	0.02004	0.00169	0.00329	0.65554	0.00334	0.00343
15	0.00942	0.00828	0.00838	0.00749	0.00957	0.04456	0.00583	0.06105	0.73680	0.01532	0.01497	0.01386	0.03789	0.00504	0.00374	0.00123	0.00309	0.00415	0.00365	0.00568
16	0.00534	0.00356	0.00401	0.00401	0.00401	0.00356	0.00223	0.00534	0.00534	0.00712	0.01157	0.02403	0.01335	0.87092	0.01869	0.00356	0.00356	0.00534	0.00223	0.00223
17	0.00952	0.00782	0.00835	0.00735	0.00945	0.00883	0.00583	0.17532	0.57022	0.01620	0.01564	0.01605	0.07074	0.00551	0.00385	0.00125	0.00308	0.05574	0.00368	0.00555
18	0.00467	0.00373	0.00418	0.00407	0.00516	0.00324	0.00305	0.00591	0.00916	0.01179	0.35083	0.03228	0.53173	0.00861	0.00434	0.00121	0.00181	0.00732	0.00366	0.00324
19	0.01396	0.01029	0.01102	0.00845	0.01139	0.01139	0.00698	0.83577	0.01727	0.02315	0.00882	0.00882	0.00625	0.00441	0.00367	0.00110	0.00404	0.00331	0.00367	0.00625
20	0.00587	0.00458	0.00550	0.00587	0.00665	0.00479	0.00423	0.00932	0.24279	0.01116	0.01870	0.58048	0.02042	0.00959	0.00444	0.00143	0.00242	0.05444	0.00350	0.00381
21	0.00469	0.00356	0.00427	0.00471	0.00536	0.00324	0.00332	0.01938	0.00779	0.00999	0.05372	0.49247	0.30441	0.02963	0.00487	0.00144	0.00213	0.03852	0.00341	0.00309
22	0.00434	0.00372	0.00372	0.00372	0.00496	0.00310	0.00279	0.00527	0.00837	0.00992	0.03721	0.03535	0.84652	0.00930	0.00434	0.00124	0.00186	0.00775	0.00341	0.00310
23	0.89687	0.00710	0.00540	0.00483	0.00710	0.00824	0.00398	0.01080	0.00625	0.01648	0.00511	0.00597	0.00398	0.00341	0.00227	0.00114	0.00284	0.00199	0.00227	0.00398
24	0.00580	0.00390	0.00475	0.00467	0.00555	0.00364	0.00342	0.01942	0.02195	0.05334	0.33717	0.18615	0.16772	0.07834	0.00541	0.00142	0.00214	0.02603	0.06575	0.00342
25	0.05630	0.00429	0.00513	0.00520	0.00620	0.00413	0.00399	0.03606	0.00842	0.06748	0.12441	0.20495	0.19246	0.08847	0.00571	0.00157	0.00259	0.17578	0.00340	0.00347
26	0.00583	0.00437	0.00497	0.00469	0.00593	0.00412	0.00356	0.00823	0.11521	0.04798	0.31534	0.02845	0.38648	0.02121	0.00459	0.01256	0.00207	0.01706	0.00368	0.00368
27	0.89687	0.00710	0.00540	0.00483	0.00710	0.00824	0.00398	0.01080	0.00625	0.01648	0.00511	0.00597	0.00398	0.00341	0.00227	0.00114	0.00284	0.00199	0.00227	0.00398
28	0.00471	0.00373	0.00424	0.00422	0.00526	0.00327	0.00318	0.00591	0.00892	0.01146	0.29589	0.07028	0.49529	0.02209	0.00461	0.00128	0.00193	0.04691	0.00359	0.00321
29	0.00475	0.00348	0.00430	0.00484	0.00527	0.00326	0.00331	0.00556	0.01959	0.00937	0.03033	0.52964	0.16139	0.14008	0.00674	0.00176	0.00238	0.05775	0.00324	0.00296
30	0.00553	0.00420	0.00515	0.00483	0.00587	0.00404	0.00365	0.00812	0.10020	0.01428	0.66919	0.02680	0.11928	0.00743	0.00427	0.00117	0.00187	0.00649	0.00394	0.00368
31	0.01634	0.00648	0.00866	0.00664	0.00949	0.00574	0.00549	0.06396	0.01089	0.80396	0.01417	0.01229	0.00893	0.00454	0.00369	0.00113	0.00318	0.00367	0.00450	0.00625
32	0.00447	0.00320	0.00426	0.00511	0.00533	0.00298	0.00341	0.00511	0.00703	0.00938	0.02024	0.86853	0.02429	0.01151	0.00469	0.00149	0.00213	0.01044	0.00341	0.00298
33	0.00482	0.00386	0.00431	0.00440	0.00538	0.00350	0.00321	0.00633	0.05523	0.01079	0.15679	0.20038	0.47069	0.03675	0.00484	0.00136	0.00203	0.01858	0.00349	0.00326
34	0.00447	0.00320	0.00426	0.00511	0.00533	0.00298	0.00341	0.00511	0.00703	0.00938	0.02024	0.86853	0.02429	0.01151	0.00469	0.00149	0.00213	0.01044	0.00341	0.00298
35	0.00909	0.00873	0.01491	0.02254	0.84801	0.00873	0.01127	0.01127	0.00836	0.01200	0.00691	0.00909	0.00582	0.00327	0.00364	0.00109	0.00436	0.00327	0.00182	0.00582
36	0.00804	0.00804	0.01125	0.00964	0.00964	0.01125	0.00804	0.00884	0.00562	0.00884	0.00482	0.00804	0.00482	0.00643	0.01205	0.00161	0.86420	0.00321	0.00161	0.00402
37	0.01213	0.00938	0.00999	0.00808	0.01069	0.01053	0.00654	0.52628	0.32973	0.02020	0.01114	0.01067	0.00813	0.00463	0.00370	0.00116	0.00361	0.00363	0.00370	0.00608
38	0.00724	0.00689	0.00983	0.03457	0.05633	0.00909	0.00722	0.00816	0.00611	0.00912	0.00818	0.17118	0.00880	0.00829	0.05624	0.00178	0.58048	0.00462	0.00198	0.00388
39	0.00449	0.00372	0.00393	0.00390	0.00506	0.00316	0.00291	0.00555	0.00869	0.01072	0.17211	0.04891	0.69613	0.00904	0.00435	0.00123	0.00184	0.00761	0.00352	0.00316
40	0.00694	0.00653	0.01102	0.86210	0.02530	0.00816	0.01020	0.00938	0.00734	0.00938	0.00653	0.00979	0.00490	0.00367	0.00367	0.00122	0.00490	0.00326	0.00163	0.00408
41	0.00686	0.00643	0.01082	0.83670	0.02470	0.00801	0.01000	0.00926	0.00733	0.00938	0.00693	0.03524	0.00547	0.00390	0.00370	0.00123	0.00481	0.00348	0.00168	0.00405
