[name]
unknown

[dist]
# distance from previous block
# <min> <max>
3	50

[block]
# block no. 0 follows, 54 sequences, length 6
# corresponding to MSA columns:
# 66-71
name=unknown_A
#
# <colnr> <probs for GDERKNQSTAVLIFYWHMCP>
#	G	D	E	R	K	N	Q	S	T	A	V	L	I	F	Y	W	H	M	C	P
0	0.02950	0.00716	0.00905	0.04718	0.01058	0.03423	0.05697	0.03209	0.02751	0.03803	0.06957	0.14137	0.11969	0.04570	0.00658	0.00167	0.06847	0.04996	0.14406	0.06065
1	0.07535	0.00721	0.00784	0.02510	0.00911	0.05040	0.00561	0.07812	0.01091	0.04544	0.12691	0.18159	0.11615	0.11683	0.05256	0.00234	0.05088	0.02910	0.00388	0.00467
2	0.05666	0.00874	0.01115	0.00950	0.03464	0.00890	0.07102	0.14836	0.10695	0.09755	0.05115	0.08192	0.03925	0.12992	0.00790	0.00192	0.02646	0.00578	0.00391	0.09832
3	0.01029	0.00920	0.07406	0.13081	0.13938	0.00861	0.00910	0.05560	0.07682	0.07985	0.10217	0.06278	0.06520	0.09391	0.00736	0.00188	0.03247	0.03118	0.00355	0.00577
4	0.00993	0.05124	0.01509	0.60668	0.07150	0.01055	0.04991	0.01285	0.00972	0.05708	0.00918	0.01280	0.00699	0.00638	0.04960	0.00186	0.00649	0.00425	0.00235	0.00556
5	0.03403	0.01080	0.05484	0.05584	0.09062	0.12214	0.00811	0.09021	0.12020	0.01587	0.04436	0.11083	0.01435	0.08997	0.03465	0.00202	0.00520	0.03506	0.05527	0.00562

[dist]
# distance from previous block
# <min> <max>
0	1

[block]
# block no. 1 follows, 54 sequences, length 7
# corresponding to MSA columns:
# 73,75-80
name=unknown_B
#
# <colnr> <probs for GDERKNQSTAVLIFYWHMCP>
#	G	D	E	R	K	N	Q	S	T	A	V	L	I	F	Y	W	H	M	C	P
0	0.00867	0.00562	0.00685	0.00645	0.00798	0.00524	0.00485	0.04528	0.04161	0.11170	0.30840	0.19810	0.21001	0.01047	0.00549	0.00160	0.00277	0.00910	0.00488	0.00492
1	0.00923	0.00745	0.00778	0.00717	0.00846	0.07008	0.00526	0.08565	0.04711	0.03691	0.18525	0.08165	0.12483	0.20913	0.06230	0.00266	0.03334	0.00717	0.00392	0.00464
2	0.00735	0.00630	0.05624	0.00644	0.00816	0.00497	0.00527	0.00914	0.01103	0.05458	0.25790	0.12045	0.25914	0.05787	0.03994	0.00198	0.00343	0.04111	0.00430	0.04441
3	0.01096	0.04636	0.01013	0.03593	0.01123	0.00737	0.00607	0.04862	0.03228	0.11649	0.04594	0.05308	0.08374	0.04302	0.00540	0.00128	0.02594	0.00479	0.00356	0.40781
4	0.01447	0.01064	0.01300	0.15074	0.01668	0.03638	0.02878	0.25098	0.09301	0.14892	0.01189	0.01261	0.00861	0.00539	0.00523	0.00141	0.05607	0.00421	0.00389	0.12709
5	0.01294	0.08821	0.01605	0.17966	0.17454	0.03774	0.05978	0.15195	0.04635	0.08517	0.02957	0.03043	0.00914	0.00524	0.00489	0.00143	0.02733	0.00445	0.00321	0.03192
6	0.04448	0.08662	0.06377	0.12961	0.06914	0.05339	0.06570	0.11830	0.07833	0.03787	0.04512	0.03946	0.01226	0.00631	0.00477	0.00151	0.00529	0.10074	0.00334	0.03398

[dist]
# distance from previous block
# <min> <max>
5	50

[block]
# block no. 2 follows, 54 sequences, length 28
# corresponding to MSA columns:
# 140-167
name=unknown_C
#
# <colnr> <probs for GDERKNQSTAVLIFYWHMCP>
#	G	D	E	R	K	N	Q	S	T	A	V	L	I	F	Y	W	H	M	C	P
0	0.01058	0.10959	0.01305	0.05786	0.17266	0.07931	0.00834	0.04620	0.01097	0.02902	0.06445	0.09118	0.08423	0.03728	0.00562	0.00150	0.02541	0.04013	0.00316	0.10945
1	0.06109	0.11807	0.03182	0.02972	0.07530	0.04184	0.04494	0.07851	0.06012	0.07694	0.01849	0.10198	0.14464	0.00719	0.00486	0.00145	0.02109	0.01934	0.00356	0.05904
2	0.01069	0.08470	0.04063	0.10081	0.24663	0.02988	0.00960	0.04267	0.04510	0.06416	0.03977	0.11310	0.09359	0.02781	0.00530	0.00156	0.00471	0.01928	0.00328	0.01673
3	0.04274	0.01204	0.08936	0.13606	0.17283	0.07513	0.12138	0.04385	0.04056	0.04114	0.01973	0.02830	0.03552	0.00630	0.03509	0.00168	0.02682	0.00462	0.02336	0.04349
4	0.08278	0.18734	0.11219	0.01094	0.07447	0.05457	0.04505	0.07760	0.02696	0.06444	0.01251	0.11163	0.03060	0.00883	0.07823	0.00197	0.00579	0.00502	0.00306	0.00600
5	0.01177	0.08454	0.31815	0.04557	0.01688	0.01087	0.05720	0.10094	0.06020	0.07951	0.01099	0.01188	0.02471	0.00478	0.00436	0.00133	0.00555	0.00388	0.00298	0.14392
6	0.01254	0.04409	0.12535	0.09758	0.16773	0.02426	0.05819	0.05378	0.04512	0.17604	0.02798	0.10316	0.03086	0.00622	0.00484	0.00151	0.00516	0.00548	0.00351	0.00661
7	0.01037	0.06717	0.29752	0.01321	0.11098	0.01018	0.06215	0.06639	0.02029	0.04770	0.04540	0.07103	0.08062	0.00659	0.00524	0.00154	0.03558	0.03871	0.00303	0.00630
8	0.00828	0.00543	0.00725	0.04627	0.00927	0.00542	0.00556	0.04327	0.02750	0.08507	0.07947	0.42735	0.05394	0.01451	0.08941	0.03403	0.00424	0.04495	0.00421	0.00459
9	0.02762	0.07671	0.24329	0.04926	0.25240	0.05211	0.03218	0.03466	0.06718	0.03377	0.01091	0.07930	0.00934	0.00543	0.00458	0.00146	0.00573	0.00467	0.00271	0.00668
10	0.05145	0.07807	0.10005	0.09137	0.13349	0.04464	0.06357	0.03532	0.02169	0.02962	0.01105	0.05296	0.01042	0.16968	0.03469	0.00230	0.04597	0.01550	0.00268	0.00550
11	0.01146	0.03003	0.07792	0.14594	0.43889	0.01158	0.13086	0.06806	0.01131	0.01571	0.00899	0.01173	0.00714	0.00436	0.00476	0.00145	0.00612	0.00432	0.00244	0.00693
12	0.00585	0.00434	0.00538	0.00604	0.00667	0.00396	0.00413	0.00684	0.00971	0.01270	0.10314	0.54302	0.20370	0.05303	0.00674	0.00193	0.00270	0.01186	0.00438	0.00387
13	0.04936	0.03683	0.06767	0.18665	0.35596	0.08237	0.01233	0.06952	0.01149	0.04265	0.03501	0.01207	0.00826	0.00472	0.00454	0.00142	0.00579	0.00409	0.00267	0.00661
14	0.03388	0.06002	0.26068	0.06278	0.08882	0.03232	0.27204	0.08498	0.01159	0.03474	0.00917	0.01122	0.00682	0.00442	0.00478	0.00148	0.00676	0.00429	0.00253	0.00669
15	0.00584	0.00429	0.00551	0.00640	0.00693	0.00395	0.00443	0.00683	0.00950	0.01246	0.05451	0.65551	0.13989	0.01412	0.00597	0.00187	0.00275	0.05095	0.00440	0.00390
16	0.01101	0.01459	0.17755	0.27528	0.15496	0.11247	0.13424	0.01475	0.03397	0.01383	0.00884	0.01155	0.00677	0.00453	0.00474	0.00149	0.00677	0.00415	0.00228	0.00623
17	0.03318	0.05520	0.30160	0.03432	0.10501	0.11329	0.03817	0.17547	0.02723	0.03489	0.00920	0.01052	0.00689	0.00488	0.00479	0.00143	0.03045	0.00377	0.00282	0.00688
18	0.00729	0.00502	0.00680	0.00663	0.00716	0.00488	0.04589	0.00791	0.00808	0.04208	0.01823	0.28822	0.02071	0.45650	0.05076	0.00356	0.00449	0.00875	0.00343	0.00362
19	0.01219	0.00974	0.03433	0.01047	0.06368	0.01026	0.00790	0.05677	0.48192	0.10286	0.08622	0.01893	0.01593	0.00780	0.04016	0.00182	0.00432	0.02305	0.00459	0.00706
20	0.01142	0.04684	0.04730	0.18741	0.29541	0.04175	0.05092	0.07444	0.04765	0.04039	0.03013	0.07251	0.01043	0.00562	0.00479	0.00149	0.00553	0.01659	0.00292	0.00646
21	0.01257	0.06599	0.08511	0.08198	0.13893	0.16967	0.10652	0.10430	0.03913	0.01579	0.06574	0.03261	0.01029	0.00544	0.00521	0.00144	0.04557	0.00454	0.00289	0.00627
22	0.00629	0.00476	0.00583	0.00613	0.00706	0.00444	0.00438	0.00823	0.04857	0.01470	0.27307	0.37429	0.20051	0.01216	0.00572	0.00170	0.00255	0.01075	0.00465	0.00423
23	0.05066	0.01198	0.06635	0.09239	0.21026	0.04548	0.14271	0.12764	0.02770	0.12627	0.01165	0.01312	0.02733	0.00547	0.01885	0.00157	0.00592	0.00452	0.00326	0.00687
24	0.01241	0.04517	0.18077	0.04271	0.22974	0.05846	0.10973	0.09740	0.03875	0.05859	0.01026	0.01294	0.00810	0.00508	0.00521	0.00149	0.04230	0.03119	0.00284	0.00686
25	0.01060	0.04573	0.06749	0.06978	0.07881	0.04148	0.17488	0.06665	0.01114	0.05278	0.04851	0.07135	0.07136	0.03324	0.06893	0.00212	0.04446	0.03183	0.00313	0.00574
26	0.00687	0.00505	0.00592	0.00592	0.00724	0.00463	0.00441	0.00874	0.04191	0.04770	0.18367	0.17375	0.37744	0.03297	0.04342	0.00199	0.00313	0.03639	0.00449	0.00435
27	0.01081	0.01198	0.12341	0.09671	0.34630	0.01048	0.09956	0.04962	0.01081	0.03511	0.01132	0.04792	0.02874	0.00683	0.04419	0.00181	0.03416	0.02104	0.00265	0.00656

[dist]
# distance from previous block
# <min> <max>
10	35

[block]
# block no. 3 follows, 54 sequences, length 8
# corresponding to MSA columns:
# 203-210
name=unknown_D
#
# <colnr> <probs for GDERKNQSTAVLIFYWHMCP>
#	G	D	E	R	K	N	Q	S	T	A	V	L	I	F	Y	W	H	M	C	P
0	0.01272	0.50311	0.09788	0.02921	0.05416	0.04347	0.00923	0.05687	0.04176	0.05710	0.00977	0.03250	0.02472	0.00488	0.00373	0.00120	0.00519	0.00354	0.00263	0.00634
1	0.01500	0.03142	0.01105	0.00866	0.01163	0.00881	0.03036	0.15702	0.12803	0.31593	0.08722	0.06174	0.09764	0.00720	0.00495	0.00150	0.00394	0.00602	0.00499	0.00689
2	0.08486	0.24510	0.15368	0.07346	0.07425	0.01239	0.00998	0.09286	0.01135	0.12404	0.01071	0.06874	0.00884	0.00538	0.00414	0.00137	0.00511	0.00420	0.00308	0.00648
3	0.01263	0.08873	0.14282	0.03642	0.06089	0.08005	0.06922	0.09516	0.08883	0.09717	0.05947	0.04359	0.01181	0.00588	0.00487	0.00144	0.02116	0.03271	0.00343	0.04371
4	0.00630	0.00489	0.00609	0.00620	0.00718	0.00468	0.00460	0.00777	0.01084	0.01443	0.27753	0.24410	0.26400	0.01284	0.04130	0.00194	0.03862	0.03808	0.00445	0.00416
5	0.00852	0.03335	0.06393	0.00717	0.00857	0.04359	0.00563	0.03150	0.04306	0.03937	0.03573	0.08392	0.07299	0.32991	0.16876	0.00386	0.00610	0.00650	0.00320	0.00434
6	0.10490	0.11463	0.09724	0.02833	0.04496	0.13968	0.03536	0.06780	0.01156	0.09890	0.04968	0.09596	0.05758	0.00648	0.00474	0.00144	0.02642	0.00512	0.00332	0.00590
7	0.07820	0.06991	0.11608	0.03229	0.05491	0.04250	0.06292	0.16681	0.04959	0.18974	0.06411	0.01438	0.01107	0.00554	0.00457	0.00145	0.00513	0.02006	0.00387	0.00688

[dist]
# distance from previous block
# <min> <max>
13	67

[block]
# block no. 4 follows, 54 sequences, length 17
# corresponding to MSA columns:
# 285-296,298-302
name=unknown_E
#
# <colnr> <probs for GDERKNQSTAVLIFYWHMCP>
#	G	D	E	R	K	N	Q	S	T	A	V	L	I	F	Y	W	H	M	C	P
0	0.01327	0.01267	0.08697	0.01527	0.16316	0.07934	0.16364	0.10825	0.03588	0.12167	0.03829	0.03548	0.02780	0.00528	0.00481	0.00141	0.00570	0.00483	0.00337	0.07290
1	0.01159	0.04373	0.01091	0.05168	0.08507	0.02307	0.00708	0.02417	0.02742	0.16261	0.07908	0.04913	0.08178	0.00624	0.00450	0.00125	0.00393	0.03669	0.00376	0.28631
2	0.10089	0.10984	0.10770	0.02361	0.12538	0.09970	0.05060	0.07105	0.02670	0.05097	0.02031	0.01212	0.00827	0.03662	0.08243	0.00206	0.02526	0.00392	0.00280	0.03981
3	0.01011	0.00903	0.01151	0.01286	0.18927	0.06463	0.03537	0.05692	0.06770	0.03368	0.09317	0.11305	0.13623	0.00922	0.05081	0.00182	0.02384	0.00654	0.00359	0.07065
4	0.00933	0.09088	0.06563	0.00809	0.01016	0.03995	0.02038	0.03779	0.09409	0.04893	0.07005	0.31951	0.03831	0.06157	0.00629	0.00177	0.00397	0.02296	0.00386	0.04648
5	0.00640	0.00447	0.00570	0.00633	0.00696	0.00413	0.00440	0.00745	0.00973	0.03400	0.10490	0.53076	0.12969	0.07372	0.00723	0.00203	0.00289	0.05085	0.00438	0.00398
6	0.01042	0.00836	0.00984	0.00706	0.01122	0.00632	0.00566	0.01250	0.00999	0.06000	0.00896	0.01013	0.00725	0.00362	0.00356	0.00074	0.00352	0.00290	0.00296	0.81497
7	0.01138	0.06846	0.29633	0.02888	0.12875	0.01060	0.06780	0.07581	0.02551	0.06573	0.02227	0.03157	0.00888	0.00505	0.00453	0.00138	0.00565	0.02759	0.00285	0.11098
8	0.04218	0.04791	0.17686	0.06087	0.06916	0.01043	0.03850	0.18583	0.03421	0.08862	0.09155	0.01636	0.04803	0.02489	0.00511	0.00151	0.00504	0.01466	0.00359	0.03469
9	0.00654	0.00477	0.00557	0.00569	0.00694	0.00420	0.00419	0.00789	0.01092	0.04774	0.18056	0.23718	0.41616	0.01198	0.00567	0.00166	0.00257	0.03095	0.00459	0.00421
10	0.01105	0.00996	0.05733	0.16035	0.06113	0.06779	0.04576	0.08198	0.07215	0.08810	0.08766	0.14673	0.05681	0.00805	0.02249	0.00169	0.00503	0.00645	0.00369	0.00582
11	0.01136	0.12524	0.27572	0.01485	0.16183	0.05352	0.06643	0.06349	0.02473	0.02756	0.00987	0.04716	0.00832	0.03155	0.00551	0.00153	0.03853	0.00430	0.02199	0.00651
12	0.00937	0.00880	0.01445	0.54876	0.18767	0.01033	0.01246	0.01247	0.02663	0.01313	0.03639	0.01455	0.04200	0.00526	0.00520	0.00155	0.03833	0.00460	0.00240	0.00566
13	0.00573	0.00451	0.00518	0.00559	0.00661	0.00396	0.00397	0.00687	0.01028	0.01298	0.10272	0.35702	0.43212	0.01287	0.00575	0.00171	0.00251	0.01120	0.00445	0.00396
14	0.35290	0.10803	0.06753	0.00954	0.04491	0.17824	0.00787	0.03146	0.03623	0.08995	0.00871	0.00960	0.00671	0.00544	0.02389	0.00151	0.00542	0.00317	0.00298	0.00590
15	0.04128	0.37903	0.04150	0.00831	0.01146	0.11571	0.00733	0.01334	0.03398	0.01267	0.01102	0.16366	0.01114	0.00619	0.00391	0.00121	0.00481	0.00479	0.00274	0.12592
16	0.06171	0.25220	0.08447	0.01033	0.06180	0.06668	0.02205	0.11336	0.01232	0.13090	0.07657	0.06500	0.01196	0.00578	0.00424	0.00134	0.00494	0.00453	0.00343	0.00639

[dist]
# distance from previous block
# <min> <max>
6	18

[block]
# block no. 5 follows, 54 sequences, length 14
# corresponding to MSA columns:
# 324-337
name=unknown_F
#
# <colnr> <probs for GDERKNQSTAVLIFYWHMCP>
#	G	D	E	R	K	N	Q	S	T	A	V	L	I	F	Y	W	H	M	C	P
0	0.01195	0.06863	0.11732	0.18420	0.05969	0.01172	0.05716	0.16880	0.15310	0.03824	0.04010	0.01413	0.01008	0.03794	0.00542	0.00160	0.00541	0.00456	0.00335	0.00660
1	0.03564	0.06519	0.04293	0.11070	0.08624	0.27007	0.02201	0.06389	0.08807	0.03813	0.00950	0.01139	0.00766	0.02765	0.00563	0.00147	0.06249	0.00381	0.00283	0.04470
2	0.01169	0.03476	0.07200	0.09611	0.05592	0.05435	0.20236	0.07086	0.02723	0.10082	0.01622	0.06668	0.11047	0.00617	0.00496	0.00148	0.00556	0.00568	0.00331	0.05340
3	0.01489	0.25800	0.05379	0.01221	0.05382	0.37859	0.06168	0.06430	0.03697	0.01337	0.00798	0.00919	0.00658	0.00461	0.00406	0.00123	0.00689	0.00328	0.00250	0.00608
4	0.00845	0.00459	0.00651	0.00636	0.00657	0.00470	0.00432	0.04161	0.00700	0.00938	0.00907	0.01565	0.00904	0.07773	0.06114	0.71414	0.00464	0.00436	0.00225	0.00249
5	0.07888	0.06732	0.05985	0.01197	0.09168	0.34643	0.00896	0.05582	0.04663	0.05230	0.03989	0.01192	0.03300	0.00513	0.00423	0.00128	0.00614	0.00375	0.00298	0.07184
6	0.05849	0.01927	0.03609	0.03840	0.05177	0.00771	0.00728	0.04284	0.02927	0.11338	0.03991	0.12335	0.04659	0.00742	0.00536	0.00144	0.05437	0.08963	0.00368	0.22374
7	0.00624	0.00503	0.00617	0.00694	0.05565	0.00450	0.00463	0.00769	0.01095	0.01416	0.21451	0.22062	0.40268	0.01158	0.00562	0.00163	0.00263	0.01006	0.00444	0.00427
8	0.00591	0.00457	0.00539	0.00566	0.00669	0.00405	0.00406	0.00724	0.01084	0.01407	0.23204	0.30053	0.35746	0.01229	0.00572	0.00167	0.00246	0.01072	0.00458	0.00405
9	0.01323	0.19378	0.05166	0.01337	0.15259	0.09831	0.03281	0.14314	0.10607	0.04332	0.01189	0.06194	0.02486	0.00570	0.00469	0.00139	0.02682	0.00455	0.00322	0.00665
10	0.01173	0.09913	0.05463	0.09095	0.16774	0.02703	0.18597	0.05601	0.02881	0.07179	0.01083	0.06243	0.00913	0.00692	0.04661	0.00181	0.05435	0.00494	0.00283	0.00634
11	0.00582	0.00419	0.00554	0.00659	0.00695	0.00390	0.00449	0.00671	0.00917	0.01215	0.02675	0.76822	0.05956	0.01459	0.00602	0.00191	0.00279	0.04640	0.00438	0.00386
12	0.01065	0.06300	0.07356	0.05912	0.05778	0.03263	0.08841	0.08855	0.01054	0.06238	0.01175	0.04010	0.02260	0.01563	0.27052	0.02308	0.05638	0.00484	0.00287	0.00563
13	0.01175	0.05474	0.21130	0.04815	0.10670	0.06410	0.09118	0.10769	0.04379	0.04937	0.02422	0.08221	0.01008	0.00667	0.02732	0.00168	0.04464	0.00496	0.00298	0.00647

[dist]
# distance from previous block
# <min> <max>
7	18

[block]
# block no. 6 follows, 54 sequences, length 9
# corresponding to MSA columns:
# 356-364
name=unknown_G
#
# <colnr> <probs for GDERKNQSTAVLIFYWHMCP>
#	G	D	E	R	K	N	Q	S	T	A	V	L	I	F	Y	W	H	M	C	P
0	0.10145	0.13558	0.04804	0.03621	0.05293	0.04565	0.02615	0.28504	0.06674	0.02043	0.03068	0.01117	0.00843	0.00496	0.00415	0.00129	0.00496	0.00377	0.00346	0.10891
1	0.03854	0.00971	0.04068	0.01246	0.11585	0.00939	0.10337	0.13034	0.05626	0.06621	0.01797	0.07420	0.12659	0.00792	0.02754	0.00170	0.04791	0.04435	0.00362	0.06537
2	0.08040	0.05333	0.04558	0.16171	0.16446	0.10011	0.04628	0.05098	0.07242	0.01528	0.03963	0.01473	0.03456	0.02182	0.04416	0.00179	0.00589	0.01919	0.00286	0.02484
3	0.01159	0.33329	0.11441	0.00922	0.03185	0.01276	0.00851	0.06407	0.12152	0.05825	0.06257	0.04324	0.05129	0.02786	0.02902	0.00159	0.00489	0.00462	0.00323	0.00621
4	0.00608	0.00463	0.00550	0.00575	0.00674	0.00417	0.00415	0.00740	0.01068	0.01390	0.22431	0.24676	0.32282	0.06843	0.00699	0.00188	0.00269	0.04865	0.00447	0.00400
5	0.04148	0.03532	0.04758	0.08440	0.19981	0.08600	0.03857	0.09182	0.08199	0.01606	0.05816	0.01499	0.04528	0.00815	0.07189	0.00198	0.06259	0.00468	0.00304	0.00620
6	0.03600	0.03335	0.04591	0.07368	0.16589	0.05060	0.08448	0.13513	0.05531	0.04606	0.06210	0.01725	0.03426	0.03578	0.03485	0.00184	0.03383	0.04411	0.00331	0.00627
7	0.06239	0.00708	0.02625	0.00923	0.08920	0.03073	0.03275	0.02556	0.04070	0.01240	0.01438	0.15363	0.01531	0.31742	0.03695	0.08922	0.00472	0.00666	0.02121	0.00420
8	0.00623	0.00472	0.00568	0.00604	0.00691	0.00442	0.00430	0.00773	0.03264	0.01312	0.13190	0.31670	0.25797	0.09900	0.04176	0.00228	0.00328	0.04705	0.00426	0.00400

[dist]
# distance from previous block
# <min> <max>
0	2

[block]
# block no. 7 follows, 54 sequences, length 7
# corresponding to MSA columns:
# 367-373
name=unknown_H
#
# <colnr> <probs for GDERKNQSTAVLIFYWHMCP>
#	G	D	E	R	K	N	Q	S	T	A	V	L	I	F	Y	W	H	M	C	P
0	0.03283	0.04393	0.00942	0.03808	0.03216	0.03388	0.02281	0.11254	0.01224	0.05140	0.08035	0.06367	0.35933	0.00879	0.00531	0.00148	0.02642	0.00723	0.00400	0.05412
1	0.03179	0.03262	0.01269	0.06391	0.14988	0.03903	0.02866	0.04700	0.05375	0.04693	0.01050	0.01221	0.02545	0.02332	0.00452	0.00116	0.00449	0.00372	0.00298	0.40539
2	0.00942	0.00727	0.00881	0.08326	0.07604	0.05974	0.00657	0.01127	0.01128	0.09015	0.20696	0.11547	0.14217	0.03604	0.00575	0.00160	0.00378	0.03742	0.03223	0.05477
3	0.06614	0.12760	0.06081	0.07165	0.21003	0.07220	0.01038	0.16821	0.04285	0.03558	0.01001	0.04662	0.00832	0.00523	0.00456	0.00138	0.02257	0.00417	0.00304	0.02865
4	0.12282	0.04158	0.05265	0.02881	0.09075	0.12228	0.19708	0.06999	0.03430	0.05060	0.03124	0.01205	0.00834	0.00654	0.03829	0.03007	0.04944	0.00427	0.00286	0.00605
5	0.00672	0.00545	0.00785	0.10713	0.09308	0.00542	0.00637	0.00808	0.00948	0.01248	0.02499	0.54184	0.12900	0.01208	0.00566	0.00178	0.00342	0.01087	0.00389	0.00440
6	0.03117	0.01171	0.03235	0.03847	0.08699	0.05166	0.02597	0.34962	0.06147	0.07467	0.03446	0.01281	0.00947	0.00702	0.05180	0.00171	0.00549	0.00426	0.00389	0.10502

[dist]
# distance from previous block
# <min> <max>
0	1

[block]
# block no. 8 follows, 54 sequences, length 13
# corresponding to MSA columns:
# 375-387
name=unknown_I
#
# <colnr> <probs for GDERKNQSTAVLIFYWHMCP>
#	G	D	E	R	K	N	Q	S	T	A	V	L	I	F	Y	W	H	M	C	P
0	0.05295	0.06111	0.20534	0.01549	0.20967	0.07062	0.04920	0.04247	0.03994	0.03187	0.01016	0.05578	0.00876	0.02997	0.02896	0.00173	0.05373	0.00445	0.00265	0.02514
1	0.04258	0.01139	0.00977	0.00889	0.01068	0.22302	0.00673	0.16250	0.01313	0.01632	0.10112	0.20507	0.08120	0.03914	0.00622	0.00165	0.04459	0.00698	0.00379	0.00523
2	0.00708	0.00572	0.00599	0.00600	0.00740	0.04395	0.00452	0.00850	0.01121	0.04201	0.17747	0.15091	0.43582	0.01143	0.00560	0.00163	0.00290	0.06309	0.00448	0.00429
3	0.04063	0.01260	0.13818	0.10791	0.06096	0.05591	0.02627	0.15408	0.01249	0.07139	0.01066	0.04336	0.00862	0.00519	0.00441	0.00131	0.00522	0.02454	0.00319	0.21308
4	0.01012	0.05663	0.02575	0.10303	0.24325	0.01975	0.07721	0.03402	0.04088	0.03441	0.05951	0.12487	0.05973	0.02135	0.00576	0.00162	0.03675	0.03630	0.00316	0.00590
5	0.00651	0.00458	0.00575	0.00614	0.00693	0.00427	0.00431	0.00760	0.00973	0.03951	0.11591	0.41345	0.19371	0.08132	0.07531	0.00247	0.00363	0.01059	0.00424	0.00403
6	0.01052	0.32758	0.24161	0.01018	0.01385	0.01376	0.01063	0.01343	0.03689	0.01242	0.00840	0.01112	0.00737	0.04821	0.07491	0.00207	0.14535	0.00359	0.00220	0.00590
7	0.02602	0.05513	0.28469	0.01616	0.18962	0.05436	0.10003	0.05929	0.01113	0.06391	0.01031	0.02627	0.02143	0.02250	0.00546	0.00154	0.03851	0.00429	0.00265	0.00671
8	0.00726	0.00524	0.00732	0.03538	0.00979	0.00526	0.00699	0.00913	0.01030	0.01345	0.02420	0.19777	0.02681	0.04546	0.00705	0.00220	0.00411	0.57384	0.00421	0.00422
9	0.00728	0.00482	0.00630	0.00672	0.00748	0.00473	0.00489	0.00847	0.00941	0.05874	0.04871	0.40925	0.08714	0.07738	0.10179	0.00270	0.02033	0.08234	0.04733	0.00418
10	0.01011	0.03727	0.11622	0.03344	0.05003	0.03880	0.05667	0.11088	0.05751	0.01544	0.02933	0.18480	0.03549	0.06615	0.00740	0.00187	0.07758	0.06201	0.00341	0.00558
11	0.01188	0.26683	0.30073	0.01253	0.07548	0.08385	0.02893	0.07201	0.01110	0.01446	0.00889	0.01178	0.00746	0.00501	0.00449	0.00136	0.02870	0.04563	0.00240	0.00647
12	0.04474	0.00995	0.03765	0.04866	0.01319	0.06178	0.02651	0.15452	0.02709	0.32383	0.05267	0.03555	0.01191	0.00941	0.09019	0.03091	0.00559	0.00484	0.00436	0.00666

[dist]
# distance from previous block
# <min> <max>
5	13

[block]
# block no. 9 follows, 54 sequences, length 15
# corresponding to MSA columns:
# 402-416
name=unknown_J
#
# <colnr> <probs for GDERKNQSTAVLIFYWHMCP>
#	G	D	E	R	K	N	Q	S	T	A	V	L	I	F	Y	W	H	M	C	P
0	0.03073	0.02411	0.01093	0.12388	0.04956	0.02659	0.00796	0.08344	0.11596	0.08924	0.13438	0.04462	0.02421	0.00841	0.04672	0.00183	0.05439	0.04862	0.02361	0.05081
1	0.05514	0.04816	0.03677	0.04915	0.14206	0.09628	0.00891	0.07528	0.02567	0.09134	0.01066	0.02448	0.00891	0.04863	0.09603	0.00225	0.08951	0.00425	0.03522	0.05130
2	0.04337	0.00583	0.00705	0.00707	0.00843	0.00578	0.00557	0.04091	0.03667	0.05868	0.12870	0.16090	0.18906	0.05482	0.00688	0.00193	0.02253	0.20680	0.00439	0.00462
3	0.00788	0.00622	0.03545	0.00779	0.00912	0.00637	0.00629	0.01056	0.06989	0.04990	0.03552	0.03850	0.03709	0.05460	0.56508	0.00584	0.00995	0.03617	0.00309	0.00469
4	0.04412	0.18027	0.19897	0.01046	0.02850	0.19451	0.00987	0.01431	0.01042	0.04133	0.04681	0.03698	0.00974	0.03322	0.08836	0.00208	0.03771	0.00404	0.00258	0.00573
5	0.03084	0.03946	0.00822	0.06446	0.00994	0.00721	0.00580	0.06301	0.09496	0.01543	0.07134	0.22317	0.01966	0.10424	0.00735	0.00194	0.02242	0.05922	0.14653	0.00481
6	0.00688	0.00480	0.00592	0.00631	0.00696	0.00465	0.00438	0.00817	0.03527	0.03297	0.05359	0.33006	0.11929	0.24258	0.04753	0.00285	0.00384	0.07609	0.00395	0.00389
7	0.00684	0.00499	0.00606	0.00647	0.00726	0.00483	0.00482	0.00828	0.02985	0.01239	0.06036	0.12119	0.17760	0.27647	0.01181	0.00276	0.00376	0.24652	0.00392	0.00383
8	0.01337	0.01200	0.06772	0.13070	0.16813	0.09528	0.03164	0.14948	0.04466	0.11986	0.02107	0.07512	0.02403	0.00642	0.01820	0.00158	0.00562	0.00504	0.00348	0.00662
9	0.10357	0.01341	0.03097	0.01094	0.04566	0.21843	0.03724	0.18062	0.03130	0.16625	0.01197	0.04500	0.00932	0.00576	0.00470	0.00142	0.02291	0.01802	0.03600	0.00651
10	0.00624	0.00439	0.00574	0.00637	0.00686	0.00432	0.00440	0.00729	0.00888	0.01223	0.05231	0.49969	0.06243	0.09088	0.14756	0.00305	0.00454	0.01045	0.05849	0.00387
11	0.08895	0.01203	0.01164	0.00952	0.01268	0.13639	0.00765	0.28308	0.07038	0.22758	0.01452	0.01413	0.04669	0.00694	0.03501	0.00165	0.00531	0.00442	0.00441	0.00700
12	0.01192	0.10421	0.07734	0.05842	0.05040	0.14463	0.04629	0.07265	0.04515	0.04444	0.01226	0.11928	0.02170	0.00808	0.03934	0.00179	0.11052	0.02277	0.00301	0.00580
13	0.21155	0.02138	0.00949	0.05239	0.04549	0.05848	0.02714	0.05945	0.04013	0.03443	0.07238	0.24913	0.05143	0.00843	0.00515	0.00161	0.03611	0.00701	0.00365	0.00516
14	0.21952	0.04671	0.01270	0.06926	0.11637	0.04044	0.02645	0.10787	0.09486	0.07291	0.01067	0.04483	0.00864	0.00553	0.00506	0.00148	0.06862	0.00420	0.00332	0.04054

[dist]
# distance from previous block
# <min> <max>
2	17

[block]
# block no. 10 follows, 54 sequences, length 8
# corresponding to MSA columns:
# 434-441
name=unknown_K
#
# <colnr> <probs for GDERKNQSTAVLIFYWHMCP>
#	G	D	E	R	K	N	Q	S	T	A	V	L	I	F	Y	W	H	M	C	P
0	0.07474	0.03230	0.08343	0.04678	0.11559	0.02450	0.18233	0.05058	0.04706	0.08228	0.03958	0.05824	0.01074	0.02316	0.00584	0.00158	0.05569	0.01851	0.00312	0.04393
1	0.00929	0.00779	0.01124	0.06929	0.17569	0.02695	0.04011	0.01184	0.05959	0.04914	0.04456	0.17441	0.08346	0.06533	0.03307	0.00207	0.04414	0.08320	0.00351	0.00533
2	0.00739	0.00551	0.00677	0.00695	0.00814	0.00539	0.00545	0.04273	0.04733	0.01521	0.20214	0.12295	0.17199	0.08374	0.00745	0.00204	0.00337	0.24657	0.00445	0.00442
3	0.01036	0.09679	0.40830	0.07647	0.12190	0.03882	0.06455	0.01459	0.04164	0.01410	0.00901	0.01146	0.00708	0.03463	0.00555	0.02580	0.00637	0.00387	0.00223	0.00646
4	0.04591	0.07585	0.11596	0.04647	0.15479	0.08801	0.07670	0.12305	0.02805	0.08079	0.04209	0.01239	0.00908	0.00511	0.00492	0.00142	0.03857	0.00418	0.04005	0.00661
5	0.00616	0.00444	0.00588	0.00648	0.00690	0.00445	0.00444	0.00706	0.00839	0.01132	0.02190	0.46827	0.05839	0.15876	0.20048	0.00369	0.00537	0.01016	0.00368	0.00376
6	0.00674	0.00474	0.00591	0.00633	0.00700	0.00470	0.00452	0.00821	0.03114	0.01261	0.05413	0.29393	0.09565	0.17554	0.10790	0.00302	0.00440	0.08921	0.08039	0.00393
7	0.03694	0.17888	0.12644	0.01608	0.17842	0.06975	0.18310	0.05414	0.03594	0.04357	0.00951	0.02944	0.00768	0.00465	0.00447	0.00139	0.00614	0.00421	0.00263	0.00663

[dist]
# distance from previous block
# <min> <max>
3	26

[block]
# block no. 11 follows, 54 sequences, length 19
# corresponding to MSA columns:
# 468-486
name=unknown_L
#
# <colnr> <probs for GDERKNQSTAVLIFYWHMCP>
#	G	D	E	R	K	N	Q	S	T	A	V	L	I	F	Y	W	H	M	C	P
0	0.07020	0.00870	0.02717	0.01019	0.10153	0.04363	0.02462	0.06290	0.10317	0.06722	0.08613	0.05857	0.10694	0.13805	0.00842	0.02645	0.01878	0.00607	0.00371	0.02755
1	0.02515	0.10092	0.09806	0.07309	0.25988	0.01085	0.11229	0.02886	0.03327	0.05880	0.06125	0.01440	0.04352	0.00503	0.00460	0.00139	0.00538	0.00460	0.00287	0.05580
2	0.00856	0.00629	0.00848	0.00777	0.00979	0.00548	0.04019	0.01024	0.01003	0.06335	0.02001	0.27086	0.04902	0.03861	0.00593	0.00167	0.00369	0.18989	0.00387	0.24625
3	0.05394	0.06765	0.01379	0.01243	0.10129	0.25194	0.00890	0.16767	0.21951	0.01813	0.01131	0.01171	0.00876	0.00523	0.00437	0.00136	0.00572	0.00394	0.00349	0.02886
4	0.01106	0.03399	0.03804	0.04950	0.10266	0.06250	0.22559	0.02972	0.01126	0.07930	0.06401	0.07125	0.09341	0.00667	0.00554	0.00154	0.03789	0.03704	0.00326	0.03577
5	0.00947	0.13571	0.05855	0.03083	0.05621	0.04946	0.04326	0.01194	0.05841	0.02366	0.03042	0.06569	0.02922	0.14383	0.17678	0.00324	0.03176	0.03360	0.00288	0.00508
6	0.00950	0.00801	0.00877	0.00806	0.00992	0.03059	0.00634	0.04143	0.27857	0.03671	0.07356	0.03858	0.25550	0.01015	0.04198	0.00191	0.07802	0.05251	0.00427	0.00562
7	0.00673	0.00484	0.00667	0.00753	0.03933	0.00500	0.00511	0.00793	0.00845	0.01183	0.01870	0.33708	0.02062	0.14202	0.26525	0.00404	0.00630	0.04152	0.05706	0.00401
8	0.20910	0.01759	0.18025	0.01070	0.01430	0.30518	0.00981	0.07906	0.04826	0.04843	0.00867	0.00962	0.00660	0.00494	0.00439	0.00140	0.02941	0.00332	0.00287	0.00609
9	0.01163	0.00919	0.00940	0.00832	0.01022	0.09146	0.00651	0.10445	0.13800	0.08199	0.05445	0.04002	0.10626	0.02918	0.07163	0.00205	0.08414	0.00558	0.12981	0.00568
10	0.02082	0.00485	0.00583	0.00655	0.02596	0.00473	0.00488	0.00938	0.01001	0.01500	0.02320	0.21098	0.10426	0.01000	0.00494	0.00160	0.00295	0.18937	0.34040	0.00430
11	0.00645	0.00487	0.00558	0.00574	0.00691	0.00441	0.00413	0.00812	0.04220	0.03307	0.13427	0.26938	0.39510	0.04982	0.00649	0.00181	0.00266	0.01031	0.00446	0.00419
12	0.01205	0.03088	0.03678	0.01876	0.35844	0.11825	0.08220	0.04199	0.06222	0.03412	0.02964	0.05922	0.01047	0.02780	0.01763	0.00160	0.00575	0.00491	0.04079	0.00650
13	0.06327	0.00673	0.00833	0.00745	0.00911	0.00702	0.00569	0.06058	0.05185	0.18247	0.09493	0.08335	0.03518	0.15203	0.17451	0.00330	0.03875	0.00617	0.00399	0.00528
14	0.03910	0.00703	0.00916	0.00813	0.00992	0.00756	0.01887	0.11513	0.03525	0.14436	0.03071	0.05956	0.01297	0.07051	0.36535	0.00439	0.02389	0.00541	0.02727	0.00543
15	0.12578	0.00967	0.01099	0.00992	0.06221	0.01045	0.00741	0.29749	0.06219	0.09644	0.11484	0.01803	0.03135	0.06488	0.00640	0.00171	0.03291	0.02663	0.00426	0.00645
16	0.03623	0.01080	0.01830	0.09650	0.64178	0.01094	0.04612	0.01470	0.01070	0.05528	0.00928	0.01190	0.00750	0.00432	0.00466	0.00143	0.00562	0.00424	0.00251	0.00719
17	0.03537	0.02820	0.00918	0.05484	0.01103	0.15211	0.00649	0.05566	0.03854	0.08437	0.06808	0.19476	0.08761	0.04664	0.00603	0.00170	0.01701	0.04889	0.04836	0.00510
18	0.08825	0.03120	0.03334	0.04974	0.25089	0.11914	0.05413	0.10982	0.02845	0.02610	0.03748	0.03741	0.04689	0.00600	0.00471	0.00148	0.00547	0.06006	0.00314	0.00629

[dist]
# distance from previous block
# <min> <max>
3	19

[block]
# block no. 12 follows, 54 sequences, length 10
# corresponding to MSA columns:
# 509-518
name=unknown_M
#
# <colnr> <probs for GDERKNQSTAVLIFYWHMCP>
#	G	D	E	R	K	N	Q	S	T	A	V	L	I	F	Y	W	H	M	C	P
0	0.01235	0.07009	0.03736	0.07502	0.33110	0.08832	0.03949	0.08406	0.02789	0.05684	0.01306	0.03062	0.07353	0.00610	0.02160	0.00155	0.01676	0.00473	0.00295	0.00658
1	0.00741	0.00563	0.00684	0.00694	0.00834	0.00544	0.00558	0.04992	0.04585	0.01582	0.21837	0.08704	0.25084	0.01133	0.00582	0.00176	0.00320	0.25471	0.00460	0.00456
2	0.04481	0.13884	0.15091	0.09183	0.05289	0.35303	0.03037	0.01581	0.01147	0.01311	0.04915	0.01063	0.00814	0.00484	0.00423	0.00131	0.00686	0.00354	0.00242	0.00583
3	0.04422	0.05046	0.06123	0.03326	0.14717	0.03631	0.05485	0.03337	0.05109	0.05015	0.04761	0.01794	0.04476	0.08252	0.19268	0.00313	0.02363	0.01700	0.00300	0.00561
4	0.00732	0.00493	0.00601	0.00595	0.00665	0.00489	0.00408	0.00869	0.03233	0.03755	0.17267	0.10290	0.07129	0.35201	0.10541	0.00349	0.00457	0.02295	0.04243	0.00388
5	0.00603	0.00445	0.00589	0.04065	0.00794	0.00425	0.00475	0.00707	0.00939	0.01238	0.06038	0.62176	0.10346	0.04583	0.00663	0.00197	0.00297	0.04602	0.00426	0.00391
6	0.03522	0.01431	0.10904	0.01404	0.10298	0.14499	0.12768	0.12934	0.12338	0.07937	0.03062	0.01442	0.01003	0.00546	0.00480	0.00148	0.00597	0.03665	0.00345	0.00677
7	0.01000	0.03101	0.20872	0.07547	0.29816	0.01024	0.11681	0.01358	0.02728	0.01479	0.04416	0.08746	0.03000	0.00569	0.00489	0.00151	0.00577	0.00535	0.00264	0.00647
8	0.00702	0.00497	0.00635	0.00698	0.00767	0.00488	0.00539	0.00827	0.00934	0.01214	0.02352	0.10861	0.08892	0.29234	0.01234	0.00292	0.00412	0.38660	0.00384	0.00376
9	0.02775	0.04255	0.01828	0.03927	0.30146	0.13217	0.16808	0.08540	0.03861	0.01584	0.02762	0.01248	0.00848	0.03069	0.00565	0.00153	0.03042	0.00444	0.00273	0.00656

[dist]
# distance from previous block
# <min> <max>
0	5

[block]
# block no. 13 follows, 54 sequences, length 19
# corresponding to MSA columns:
# 524-542
name=unknown_N
#
# <colnr> <probs for GDERKNQSTAVLIFYWHMCP>
#	G	D	E	R	K	N	Q	S	T	A	V	L	I	F	Y	W	H	M	C	P
0	0.02661	0.20165	0.07958	0.01504	0.22408	0.03369	0.07544	0.04852	0.05421	0.06615	0.02812	0.06779	0.04801	0.00566	0.00447	0.00139	0.00519	0.00489	0.00301	0.00651
1	0.03006	0.01016	0.05882	0.04568	0.10336	0.13321	0.00830	0.01171	0.00940	0.03386	0.01302	0.06262	0.04573	0.06124	0.30205	0.00388	0.05393	0.00518	0.00272	0.00507
2	0.28977	0.07509	0.03204	0.05134	0.15509	0.18949	0.00900	0.03580	0.01040	0.02853	0.00762	0.00929	0.00619	0.00469	0.00444	0.00137	0.05052	0.00323	0.00262	0.03346
3	0.00609	0.00483	0.00575	0.00632	0.03105	0.00431	0.00440	0.00740	0.01060	0.01351	0.14963	0.23920	0.41782	0.03452	0.00620	0.00176	0.00270	0.04540	0.00439	0.00410
4	0.02800	0.01268	0.16477	0.01455	0.12908	0.03388	0.18304	0.04337	0.05560	0.03114	0.04244	0.11453	0.02553	0.00661	0.02016	0.00160	0.00569	0.00567	0.00303	0.07862
5	0.00912	0.00815	0.04407	0.00703	0.01047	0.00610	0.00580	0.01151	0.03545	0.03660	0.06143	0.08152	0.10887	0.00598	0.00419	0.00104	0.00340	0.00501	0.00336	0.55089
6	0.06352	0.04901	0.01339	0.01084	0.01389	0.33726	0.00857	0.30343	0.12016	0.01984	0.01029	0.01067	0.00784	0.00530	0.00437	0.00134	0.00624	0.00374	0.00360	0.00668
7	0.03415	0.02808	0.03025	0.20399	0.30916	0.00915	0.02744	0.01193	0.00990	0.01392	0.01269	0.18708	0.01261	0.00677	0.00487	0.00152	0.00499	0.02693	0.00280	0.06177
8	0.00983	0.01208	0.18973	0.02386	0.12888	0.00906	0.07898	0.08118	0.01189	0.01684	0.17910	0.01999	0.04154	0.00712	0.02407	0.00162	0.03072	0.05354	0.00330	0.07666
9	0.01111	0.01106	0.00871	0.00805	0.01005	0.25576	0.00613	0.03409	0.07330	0.05689	0.10543	0.05481	0.31067	0.00871	0.00507	0.00148	0.00459	0.02500	0.00398	0.00509
10	0.00659	0.00491	0.00697	0.00704	0.00782	0.00547	0.00530	0.00800	0.00785	0.01098	0.01652	0.07954	0.07486	0.11251	0.61584	0.00641	0.01032	0.00621	0.00283	0.00403
11	0.01309	0.04173	0.01217	0.01041	0.03594	0.03145	0.00802	0.17156	0.57645	0.02101	0.01662	0.01562	0.01246	0.00607	0.00470	0.00153	0.00423	0.00493	0.00455	0.00747
12	0.01399	0.01270	0.03639	0.01078	0.02940	0.14079	0.03720	0.19797	0.29105	0.06497	0.03512	0.01719	0.04691	0.00635	0.00483	0.00150	0.00507	0.03669	0.00420	0.00689
13	0.00597	0.00476	0.00536	0.00537	0.00671	0.00415	0.00402	0.00747	0.01138	0.01453	0.26682	0.10372	0.49696	0.01152	0.00563	0.00160	0.00243	0.03286	0.00462	0.00412
14	0.00648	0.00456	0.00572	0.00634	0.00715	0.00416	0.00454	0.00759	0.00990	0.04045	0.06463	0.49227	0.21462	0.03118	0.00628	0.00188	0.00286	0.08090	0.00443	0.00406
15	0.01265	0.01229	0.02244	0.04419	0.02120	0.03196	0.50623	0.11184	0.06753	0.06365	0.01071	0.01286	0.00793	0.00472	0.00579	0.00157	0.04764	0.00516	0.00302	0.00662
16	0.11069	0.00668	0.00719	0.00688	0.00826	0.00717	0.00501	0.03517	0.17770	0.03351	0.01842	0.09971	0.06638	0.27701	0.04995	0.00287	0.00429	0.05197	0.02640	0.00474
17	0.00853	0.00574	0.00736	0.00701	0.00824	0.00640	0.00547	0.09310	0.00982	0.01489	0.01329	0.01747	0.01147	0.02351	0.49285	0.00504	0.00880	0.00477	0.25158	0.00467
18	0.00912	0.02430	0.02974	0.01780	0.00964	0.03383	0.00607	0.07516	0.12072	0.04120	0.28235	0.07944	0.17440	0.00929	0.00533	0.00158	0.00340	0.06681	0.00457	0.00527

[dist]
# distance from previous block
# <min> <max>
2	3

[block]
# block no. 14 follows, 54 sequences, length 18
# corresponding to MSA columns:
# 549-566
name=unknown_O
#
# <colnr> <probs for GDERKNQSTAVLIFYWHMCP>
#	G	D	E	R	K	N	Q	S	T	A	V	L	I	F	Y	W	H	M	C	P
0	0.20197	0.10026	0.07325	0.15502	0.18289	0.15642	0.03893	0.01472	0.01022	0.01490	0.00774	0.00985	0.00622	0.00444	0.00406	0.00138	0.00594	0.00344	0.00238	0.00597
1	0.01098	0.26211	0.01623	0.01115	0.07514	0.09859	0.06508	0.02491	0.04947	0.01297	0.02858	0.15637	0.03962	0.00780	0.02171	0.00159	0.08219	0.02704	0.00293	0.00557
2	0.02048	0.02308	0.02225	0.01002	0.04036	0.05690	0.00778	0.11291	0.05103	0.03385	0.02735	0.03420	0.02095	0.02746	0.28300	0.00365	0.16389	0.00476	0.00304	0.05303
3	0.01247	0.14596	0.06540	0.07842	0.34137	0.05294	0.09043	0.03364	0.03433	0.07225	0.01014	0.01197	0.02079	0.00459	0.00449	0.00138	0.00579	0.00413	0.00267	0.00683
4	0.01075	0.02897	0.03564	0.11193	0.23536	0.01144	0.39292	0.01402	0.01052	0.01445	0.00973	0.04832	0.00812	0.00479	0.00560	0.00156	0.04188	0.00522	0.00240	0.00637
5	0.01947	0.00796	0.01062	0.00829	0.01169	0.00710	0.00679	0.03947	0.04696	0.69072	0.08405	0.01761	0.01445	0.00617	0.00481	0.00147	0.00388	0.00507	0.00571	0.00770
6	0.00834	0.03985	0.00787	0.00716	0.02463	0.00572	0.02123	0.04137	0.02706	0.01257	0.11845	0.10804	0.06780	0.04251	0.01160	0.37464	0.00372	0.02896	0.04485	0.00364
7	0.01169	0.31238	0.37452	0.01235	0.05583	0.07794	0.04627	0.01513	0.01027	0.03210	0.00800	0.00933	0.00627	0.00435	0.00401	0.00130	0.00631	0.00326	0.00216	0.00654
8	0.00772	0.00586	0.00658	0.00627	0.00792	0.00564	0.00473	0.01138	0.15543	0.05314	0.22024	0.10783	0.36874	0.01034	0.00543	0.00159	0.00270	0.00883	0.00472	0.00491
9	0.00686	0.00457	0.00514	0.00514	0.00514	0.00457	0.00286	0.00686	0.00686	0.00914	0.01486	0.03086	0.01714	0.83430	0.02400	0.00457	0.00457	0.00686	0.00286	0.00286
10	0.07657	0.55825	0.02098	0.00902	0.01284	0.05572	0.05656	0.02970	0.04489	0.08461	0.00850	0.00921	0.00696	0.00439	0.00350	0.00116	0.00515	0.00309	0.00264	0.00625
11	0.03935	0.01075	0.01088	0.00959	0.01232	0.09098	0.00768	0.11621	0.37054	0.14167	0.01734	0.02021	0.01381	0.00691	0.00490	0.00159	0.00451	0.10924	0.00459	0.00692
12	0.00739	0.00528	0.00735	0.00839	0.00940	0.00524	0.00718	0.00944	0.01078	0.01410	0.05384	0.12464	0.02815	0.01306	0.00643	0.00212	0.00411	0.67442	0.00438	0.00430
13	0.01138	0.01091	0.01861	0.11232	0.72377	0.01113	0.01433	0.01422	0.01060	0.01505	0.00882	0.01176	0.00734	0.00425	0.00467	0.00142	0.00567	0.00420	0.00231	0.00723
14	0.00679	0.00458	0.00534	0.00540	0.00548	0.00463	0.00316	0.00696	0.00702	0.00943	0.01525	0.07047	0.01745	0.73215	0.08315	0.00466	0.00509	0.00705	0.00291	0.00301
15	0.00737	0.00677	0.03567	0.04024	0.02941	0.03987	0.06306	0.00889	0.00964	0.01259	0.02190	0.48577	0.03671	0.05592	0.00680	0.00200	0.00404	0.12515	0.00384	0.00436
16	0.04902	0.01247	0.01373	0.01103	0.04026	0.01359	0.00880	0.65853	0.02041	0.10694	0.01180	0.01167	0.00826	0.00558	0.00465	0.00142	0.00503	0.00423	0.00468	0.00789
17	0.00976	0.00870	0.06904	0.03177	0.10653	0.00764	0.06170	0.05552	0.07863	0.07874	0.15635	0.17017	0.11220	0.00857	0.00528	0.00159	0.00407	0.02395	0.00407	0.00571

[dist]
# distance from previous block
# <min> <max>
0	3

[block]
# block no. 15 follows, 54 sequences, length 12
# corresponding to MSA columns:
# 570-581
name=unknown_P
#
# <colnr> <probs for GDERKNQSTAVLIFYWHMCP>
#	G	D	E	R	K	N	Q	S	T	A	V	L	I	F	Y	W	H	M	C	P
0	0.09209	0.01218	0.03318	0.05919	0.21199	0.10301	0.16520	0.08587	0.01202	0.12435	0.01040	0.01261	0.00800	0.04275	0.00554	0.00159	0.00599	0.00437	0.00311	0.00659
1	0.01082	0.00835	0.00988	0.00711	0.01125	0.00634	0.00571	0.01289	0.01012	0.08798	0.00932	0.01035	0.00741	0.00371	0.00361	0.00077	0.00354	0.00297	0.00307	0.78480
2	0.07815	0.64923	0.02170	0.00843	0.01226	0.06743	0.00799	0.08431	0.01083	0.01356	0.00703	0.00797	0.00616	0.00426	0.00325	0.00109	0.00517	0.00271	0.00235	0.00612
3	0.01105	0.01023	0.12655	0.03442	0.01232	0.00848	0.00797	0.08669	0.19282	0.11522	0.20144	0.04034	0.10039	0.00738	0.00499	0.00151	0.00394	0.00620	0.00442	0.02365
4	0.01097	0.00989	0.01406	0.18037	0.26567	0.04883	0.02247	0.01467	0.10963	0.05070	0.04043	0.01584	0.04859	0.03691	0.00660	0.00165	0.09135	0.00486	0.02033	0.00617
5	0.01309	0.00941	0.04165	0.00853	0.01106	0.05860	0.00685	0.01900	0.29325	0.22595	0.13296	0.04935	0.01810	0.08268	0.00665	0.00180	0.00405	0.00586	0.00468	0.00647
6	0.00674	0.00502	0.00744	0.00744	0.00824	0.00582	0.00572	0.00833	0.00754	0.01084	0.01275	0.01922	0.01209	0.08026	0.77113	0.00741	0.01218	0.00515	0.00254	0.00413
7	0.07624	0.01600	0.01339	0.01150	0.01434	0.38489	0.08108	0.06915	0.19765	0.04695	0.01150	0.01285	0.00907	0.00545	0.00453	0.00141	0.00646	0.02795	0.00336	0.00622
8	0.01394	0.15601	0.04667	0.01045	0.04476	0.01286	0.02683	0.34871	0.10083	0.04435	0.03814	0.05164	0.03586	0.00618	0.00455	0.00141	0.00474	0.01862	0.02653	0.00692
9	0.00685	0.00512	0.00655	0.00703	0.00826	0.00482	0.00583	0.00876	0.01135	0.01474	0.19446	0.04726	0.24473	0.01202	0.00605	0.00187	0.00336	0.40216	0.00453	0.00426
10	0.00589	0.00452	0.00527	0.00571	0.00660	0.00405	0.00402	0.00692	0.00987	0.01253	0.07782	0.34944	0.36033	0.08827	0.00747	0.00201	0.00278	0.03835	0.00428	0.00386
11	0.00927	0.00862	0.05010	0.03582	0.02745	0.03537	0.08321	0.03266	0.09974	0.04628	0.09361	0.21612	0.06742	0.06140	0.03300	0.00205	0.07049	0.01842	0.00374	0.00523

[dist]
# distance from previous block
# <min> <max>
0	2

[block]
# block no. 16 follows, 54 sequences, length 20
# corresponding to MSA columns:
# 584-603
name=unknown_Q
#
# <colnr> <probs for GDERKNQSTAVLIFYWHMCP>
#	G	D	E	R	K	N	Q	S	T	A	V	L	I	F	Y	W	H	M	C	P
0	0.01047	0.00711	0.00846	0.00786	0.00968	0.00721	0.00614	0.18248	0.05445	0.08942	0.10424	0.25902	0.10844	0.01043	0.00552	0.00170	0.00357	0.11362	0.00469	0.00547
1	0.01106	0.17828	0.01057	0.00661	0.00846	0.00867	0.00550	0.01281	0.00974	0.11534	0.01295	0.01547	0.01052	0.05447	0.05289	0.00179	0.07737	0.00420	0.39813	0.00517
2	0.01026	0.04545	0.03441	0.00850	0.02876	0.06028	0.03424	0.08776	0.05865	0.06307	0.28392	0.05862	0.07842	0.05134	0.00607	0.00165	0.00392	0.04115	0.03814	0.00539
3	0.01048	0.05294	0.01483	0.05976	0.30668	0.06999	0.07579	0.01262	0.01050	0.04079	0.01456	0.22617	0.01488	0.00767	0.00511	0.00158	0.00514	0.06151	0.00311	0.00589
4	0.01297	0.09964	0.29853	0.01258	0.03609	0.26985	0.02832	0.04092	0.07021	0.01405	0.00866	0.01000	0.00679	0.00500	0.00514	0.00140	0.06756	0.00352	0.00245	0.00633
5	0.01233	0.14596	0.01729	0.19950	0.18447	0.21590	0.07256	0.01461	0.01086	0.01275	0.00889	0.02466	0.00767	0.00558	0.02280	0.00152	0.00666	0.02773	0.00236	0.00591
6	0.01529	0.22951	0.05552	0.03734	0.03536	0.49965	0.03610	0.01698	0.01196	0.01183	0.00731	0.00869	0.00614	0.00458	0.00402	0.00120	0.00738	0.00308	0.00229	0.00576
7	0.00617	0.00478	0.00593	0.00599	0.00707	0.00464	0.00445	0.00755	0.00977	0.01281	0.14056	0.11878	0.33205	0.06352	0.25040	0.00357	0.00560	0.00847	0.00385	0.00404
8	0.01265	0.03555	0.38279	0.03009	0.01622	0.03509	0.01205	0.10796	0.01183	0.15985	0.01137	0.03458	0.00867	0.04923	0.02011	0.00173	0.02973	0.00425	0.00318	0.03308
