[name]
unknown

[dist]
# distance from previous block
# <min> <max>
0	71

[block]
# block no. 0 follows, 73 sequences, length 9
# corresponding to MSA columns:
# 71-79
name=unknown_A
#
# <colnr> <probs for GDERKNQSTAVLIFYWHMCP>
#	G	D	E	R	K	N	Q	S	T	A	V	L	I	F	Y	W	H	M	C	P
0	0.00541	0.00404	0.00603	0.00609	0.00678	0.00466	0.00479	0.00678	0.00622	0.00889	0.01075	0.01671	0.01025	0.02687	0.79278	0.00572	0.00958	0.06219	0.00211	0.00336
1	0.00696	0.00737	0.09920	0.30930	0.14131	0.00682	0.03092	0.00872	0.00700	0.00949	0.00840	0.01420	0.00789	0.26165	0.03601	0.03025	0.00472	0.00396	0.00188	0.00394
2	0.00854	0.36438	0.51263	0.00896	0.01356	0.01120	0.01084	0.01162	0.00780	0.01064	0.00612	0.00715	0.00478	0.00342	0.00310	0.00103	0.00492	0.00246	0.00159	0.00525
3	0.01640	0.00708	0.00914	0.00701	0.00993	0.00655	0.00579	0.15597	0.01191	0.70801	0.01382	0.01213	0.00880	0.00462	0.00377	0.00115	0.00335	0.00371	0.00449	0.00638
4	0.00991	0.01351	0.39322	0.00947	0.01343	0.00899	0.04947	0.12681	0.22405	0.09802	0.01010	0.01023	0.00721	0.00418	0.00372	0.00120	0.00449	0.00341	0.00278	0.00582
5	0.00791	0.00698	0.01262	0.12199	0.25002	0.00701	0.19049	0.00919	0.00729	0.01005	0.00704	0.01030	0.00603	0.00696	0.03290	0.26553	0.00469	0.00354	0.00179	0.03767
6	0.00530	0.00373	0.00442	0.00435	0.00475	0.00364	0.00281	0.00591	0.00702	0.00947	0.20235	0.02587	0.11211	0.51054	0.07972	0.00300	0.00352	0.00592	0.00281	0.00275
7	0.00469	0.00342	0.00444	0.00514	0.00555	0.00317	0.00357	0.00551	0.00762	0.01007	0.07269	0.67816	0.11173	0.01118	0.00475	0.00149	0.00220	0.05799	0.00352	0.00311
8	0.00862	0.06310	0.32204	0.04176	0.18472	0.00865	0.01000	0.05553	0.12002	0.03866	0.06089	0.05180	0.00901	0.00444	0.00370	0.00118	0.00432	0.00375	0.00240	0.00541

[dist]
# distance from previous block
# <min> <max>
2	32

[block]
# block no. 1 follows, 73 sequences, length 11
# corresponding to MSA columns:
# 112-122
name=unknown_B
#
# <colnr> <probs for GDERKNQSTAVLIFYWHMCP>
#	G	D	E	R	K	N	Q	S	T	A	V	L	I	F	Y	W	H	M	C	P
0	0.07302	0.09037	0.09068	0.02362	0.06804	0.04796	0.02652	0.33848	0.01237	0.16596	0.02183	0.00936	0.00676	0.00415	0.00352	0.00111	0.00417	0.00320	0.00313	0.00576
1	0.80951	0.00720	0.00606	0.08688	0.00904	0.00841	0.00467	0.01089	0.00649	0.01614	0.00536	0.00647	0.00415	0.00351	0.00246	0.00117	0.00310	0.00216	0.00226	0.00407
2	0.17995	0.00990	0.01018	0.00794	0.01081	0.01103	0.00655	0.67769	0.01552	0.02236	0.00830	0.00846	0.00594	0.00431	0.00348	0.00113	0.00390	0.00312	0.00348	0.00594
3	0.00468	0.00334	0.00447	0.00534	0.00561	0.00314	0.00367	0.00541	0.00729	0.00969	0.02062	0.80712	0.02458	0.01166	0.00482	0.00154	0.00227	0.06821	0.00348	0.00308
4	0.00893	0.00983	0.01850	0.06231	0.16347	0.06009	0.53088	0.01158	0.00870	0.01157	0.00825	0.03042	0.02483	0.00371	0.00443	0.00124	0.03005	0.00425	0.00195	0.00501
5	0.02922	0.01093	0.01003	0.00879	0.03425	0.19195	0.00676	0.27890	0.31963	0.03760	0.01058	0.01041	0.00792	0.00458	0.00384	0.00116	0.02103	0.00347	0.00328	0.00568
6	0.00618	0.00566	0.00854	0.39326	0.01560	0.02621	0.05181	0.00789	0.00779	0.00985	0.01652	0.23506	0.16941	0.00701	0.00421	0.00133	0.00377	0.02364	0.00253	0.00373
7	0.00480	0.00381	0.00431	0.00418	0.00529	0.00332	0.00314	0.00609	0.00941	0.01218	0.37269	0.03275	0.50727	0.00874	0.00443	0.00123	0.00185	0.00745	0.00375	0.00332
8	0.00511	0.00357	0.00433	0.00457	0.00482	0.00348	0.00290	0.00558	0.00660	0.00883	0.08043	0.27667	0.07080	0.44494	0.05854	0.00280	0.00330	0.00719	0.00284	0.00272
9	0.01161	0.11538	0.06988	0.03845	0.16884	0.33242	0.07133	0.08174	0.02849	0.03746	0.00695	0.00812	0.00552	0.00372	0.00349	0.00105	0.00542	0.00291	0.00212	0.00510
10	0.01289	0.10370	0.04302	0.00898	0.06345	0.04131	0.02353	0.31156	0.05026	0.21179	0.00974	0.00984	0.00699	0.00470	0.01576	0.00119	0.05114	0.00333	0.02102	0.00580

[dist]
# distance from previous block
# <min> <max>
4	13

[block]
# block no. 2 follows, 73 sequences, length 29
# corresponding to MSA columns:
# 136-164
name=unknown_C
#
# <colnr> <probs for GDERKNQSTAVLIFYWHMCP>
#	G	D	E	R	K	N	Q	S	T	A	V	L	I	F	Y	W	H	M	C	P
0	0.01341	0.15681	0.01224	0.00893	0.01128	0.55085	0.00709	0.17387	0.01150	0.01195	0.00633	0.00708	0.00513	0.00388	0.00329	0.00097	0.00580	0.00254	0.00223	0.00482
1	0.00714	0.00598	0.00709	0.00546	0.00818	0.00461	0.00425	0.00865	0.00781	0.01192	0.04669	0.14979	0.01007	0.00448	0.00318	0.00074	0.00263	0.00382	0.00252	0.70499
2	0.00901	0.00863	0.01472	0.12942	0.74054	0.00884	0.01137	0.01127	0.00841	0.01192	0.00701	0.00938	0.00582	0.00339	0.00372	0.00113	0.00453	0.00334	0.00183	0.00572
3	0.00909	0.00974	0.01226	0.01032	0.01092	0.13060	0.07721	0.01012	0.00670	0.00930	0.00527	0.00816	0.00498	0.00590	0.01038	0.00151	0.66834	0.00326	0.00170	0.00422
4	0.00483	0.00376	0.00439	0.00435	0.00534	0.00332	0.00322	0.00612	0.00932	0.01224	0.39090	0.11680	0.40410	0.00892	0.00447	0.00125	0.00187	0.00770	0.00377	0.00332
5	0.00539	0.00390	0.00545	0.00545	0.00592	0.00437	0.00396	0.00633	0.00586	0.00828	0.01058	0.01768	0.01066	0.28013	0.60304	0.00531	0.00813	0.00445	0.00209	0.00303
6	0.01683	0.00638	0.00871	0.00668	0.00958	0.00551	0.00551	0.01828	0.01074	0.84734	0.01480	0.01277	0.00929	0.00464	0.00377	0.00116	0.00319	0.00377	0.00464	0.00638
7	0.00621	0.00378	0.00474	0.00489	0.00572	0.00348	0.00355	0.00737	0.00846	0.08857	0.17933	0.38824	0.11776	0.00897	0.00429	0.00131	0.00213	0.02845	0.12921	0.00354
8	0.00581	0.00440	0.00543	0.00517	0.00619	0.00432	0.00389	0.00872	0.12753	0.01452	0.62691	0.08723	0.05907	0.00770	0.00438	0.00123	0.00200	0.01768	0.00401	0.00383
9	0.01833	0.07092	0.01883	0.00657	0.00834	0.02035	0.02283	0.18801	0.00984	0.07105	0.02727	0.03363	0.21421	0.02957	0.19463	0.00233	0.05119	0.00477	0.00294	0.00439
10	0.01305	0.01163	0.13005	0.00899	0.01233	0.01102	0.02674	0.68197	0.01588	0.02153	0.00871	0.00897	0.00619	0.00434	0.00372	0.00113	0.00433	0.00332	0.01989	0.00618
11	0.00965	0.00619	0.00688	0.00614	0.00792	0.00668	0.00478	0.01552	0.40504	0.15417	0.01401	0.01408	0.01053	0.02695	0.04233	0.00141	0.00300	0.00397	0.25564	0.00511
12	0.00563	0.00361	0.00499	0.00529	0.00564	0.00363	0.00371	0.02678	0.00656	0.00881	0.01456	0.36759	0.05034	0.01456	0.14647	0.30450	0.00388	0.01813	0.00262	0.00271
13	0.03124	0.00842	0.01428	0.10230	0.63919	0.00868	0.04859	0.01096	0.00825	0.01187	0.00756	0.04931	0.00664	0.00388	0.00405	0.00117	0.03251	0.00370	0.00192	0.00549
14	0.00579	0.00460	0.00658	0.00633	0.00683	0.00554	0.00489	0.00691	0.00611	0.00885	0.04069	0.02977	0.01040	0.11713	0.58617	0.00484	0.13883	0.00428	0.00209	0.00335
15	0.00831	0.00792	0.01235	0.17245	0.50086	0.04241	0.00968	0.01051	0.03086	0.01130	0.00938	0.14909	0.00895	0.00486	0.00389	0.00120	0.00424	0.00452	0.00214	0.00508
16	0.00896	0.18879	0.23922	0.00811	0.04727	0.00850	0.00792	0.03217	0.02715	0.06282	0.00742	0.00869	0.00591	0.00347	0.00311	0.00089	0.00394	0.01906	0.00215	0.31447
17	0.00547	0.00404	0.00541	0.00534	0.00577	0.00441	0.00383	0.00637	0.00660	0.00925	0.12950	0.07137	0.02960	0.28973	0.35864	0.00400	0.04984	0.00530	0.00249	0.00305
18	0.00452	0.00348	0.00413	0.00466	0.00529	0.00309	0.00323	0.00529	0.00773	0.00980	0.02756	0.53610	0.34997	0.01086	0.00465	0.00142	0.00207	0.00957	0.00348	0.00309
19	0.00850	0.28698	0.28909	0.00937	0.05186	0.02562	0.08011	0.01120	0.02751	0.02673	0.05651	0.06213	0.00879	0.00446	0.00347	0.00111	0.00449	0.03505	0.00208	0.00494
20	0.00802	0.03554	0.15858	0.08016	0.20528	0.00801	0.09608	0.01139	0.10439	0.02808	0.02597	0.03317	0.00841	0.04811	0.10277	0.00188	0.01722	0.01977	0.00223	0.00494
21	0.00464	0.00370	0.00415	0.00427	0.00525	0.00322	0.00311	0.00569	0.00869	0.01100	0.19502	0.19909	0.51979	0.00958	0.00450	0.00130	0.00193	0.00824	0.00361	0.00322
22	0.00495	0.00388	0.00472	0.00498	0.00593	0.00364	0.00388	0.00612	0.00808	0.01024	0.05824	0.12994	0.41968	0.01290	0.14304	0.00216	0.00356	0.16756	0.00326	0.00325
23	0.00922	0.05108	0.11381	0.12860	0.45524	0.02989	0.07472	0.02088	0.00849	0.04312	0.00716	0.00917	0.00569	0.00355	0.00388	0.00115	0.02368	0.00329	0.00191	0.00548
24	0.01052	0.01019	0.01345	0.10956	0.52608	0.15793	0.01012	0.04867	0.00932	0.05789	0.00731	0.00910	0.00585	0.00360	0.00366	0.00111	0.00484	0.00320	0.00209	0.00551
25	0.01299	0.00904	0.01001	0.00802	0.01062	0.00981	0.00661	0.61205	0.03465	0.09103	0.01128	0.05343	0.00911	0.00542	0.00392	0.00120	0.00382	0.08062	0.02046	0.00588
26	0.29185	0.00920	0.06922	0.05079	0.36431	0.00903	0.04020	0.08856	0.00860	0.01460	0.00661	0.00820	0.00524	0.00356	0.00340	0.00115	0.01518	0.00293	0.00216	0.00522
27	0.00594	0.00501	0.00508	0.00500	0.00620	0.04444	0.00375	0.08381	0.00929	0.01148	0.06076	0.21210	0.48312	0.00921	0.00443	0.00131	0.00246	0.03962	0.00346	0.00353
28	0.00572	0.00509	0.03389	0.02840	0.12674	0.00458	0.03665	0.00694	0.00758	0.01025	0.01766	0.54113	0.05827	0.02083	0.01828	0.00151	0.00304	0.04783	0.00302	0.02259

[dist]
# distance from previous block
# <min> <max>
4	13

[block]
# block no. 3 follows, 73 sequences, length 28
# corresponding to MSA columns:
# 181-208
name=unknown_D
#
# <colnr> <probs for GDERKNQSTAVLIFYWHMCP>
#	G	D	E	R	K	N	Q	S	T	A	V	L	I	F	Y	W	H	M	C	P
0	0.04806	0.00702	0.01103	0.09983	0.36222	0.00711	0.03948	0.01090	0.03946	0.08712	0.12597	0.05999	0.04752	0.00511	0.00393	0.00120	0.00371	0.03263	0.00271	0.00500
1	0.00594	0.00438	0.00515	0.00487	0.00599	0.00407	0.00356	0.04331	0.00816	0.03430	0.09936	0.12850	0.27475	0.16595	0.09451	0.00215	0.00333	0.02343	0.00310	0.08520
2	0.01157	0.04919	0.02465	0.02326	0.09150	0.15893	0.03601	0.28623	0.17501	0.01601	0.02245	0.00974	0.00733	0.00419	0.00360	0.00108	0.00437	0.00331	0.00293	0.06864
3	0.00827	0.14620	0.18341	0.18515	0.19452	0.04928	0.02867	0.01068	0.00820	0.01091	0.04497	0.04271	0.00807	0.00432	0.00362	0.00114	0.00459	0.04479	0.00198	0.01852
4	0.02993	0.04810	0.13850	0.02108	0.01010	0.13165	0.00666	0.10649	0.06591	0.04260	0.06911	0.15543	0.01816	0.02500	0.02029	0.00127	0.00405	0.00457	0.00277	0.09833
5	0.00669	0.00544	0.00665	0.00658	0.00776	0.00578	0.02942	0.01135	0.32028	0.01239	0.05289	0.36281	0.04344	0.00859	0.00443	0.00142	0.00272	0.10349	0.00359	0.00427
6	0.01779	0.00421	0.00541	0.00538	0.00645	0.00380	0.00393	0.00873	0.00825	0.22133	0.02090	0.47306	0.12864	0.03471	0.00485	0.00145	0.00247	0.02678	0.01795	0.00391
7	0.02537	0.00517	0.03901	0.03306	0.04768	0.00478	0.00503	0.03545	0.03795	0.03701	0.04765	0.29066	0.14118	0.02043	0.09348	0.02340	0.00357	0.08636	0.01901	0.00373
8	0.00463	0.00331	0.00442	0.00529	0.00553	0.00310	0.00358	0.00532	0.00724	0.00964	0.02065	0.83342	0.02469	0.01170	0.00480	0.00153	0.00223	0.04238	0.00348	0.00306
9	0.00513	0.00362	0.00488	0.00566	0.00613	0.00347	0.00424	0.00620	0.00782	0.01049	0.06116	0.54595	0.02389	0.01090	0.00482	0.00155	0.00253	0.25749	0.03084	0.00321
10	0.00709	0.00442	0.00532	0.00483	0.00606	0.00414	0.00366	0.03897	0.02990	0.10976	0.41347	0.02497	0.16755	0.06755	0.00516	0.00133	0.00220	0.00602	0.09370	0.00387
11	0.00867	0.00901	0.01146	0.00983	0.01011	0.08888	0.02483	0.00957	0.00627	0.00909	0.00522	0.00832	0.00507	0.00692	0.03772	0.00171	0.73825	0.00325	0.00169	0.00412
12	0.01003	0.87041	0.01966	0.00642	0.00963	0.01485	0.00642	0.01123	0.00762	0.00883	0.00522	0.00602	0.00481	0.00321	0.00241	0.00080	0.00401	0.00201	0.00160	0.00481
13	0.00550	0.00352	0.00467	0.00529	0.00569	0.00327	0.00359	0.00619	0.00736	0.06830	0.01975	0.74604	0.02304	0.05996	0.00554	0.00162	0.00235	0.02158	0.00349	0.00324
14	0.00471	0.00332	0.00436	0.00516	0.00546	0.00311	0.00350	0.00546	0.00733	0.00988	0.03175	0.77701	0.04542	0.01131	0.00470	0.00149	0.00218	0.03254	0.03821	0.00309
15	0.00536	0.00354	0.00409	0.00429	0.00445	0.00348	0.00259	0.00569	0.00614	0.00846	0.01455	0.21543	0.03714	0.57535	0.01402	0.00285	0.00309	0.00653	0.08036	0.00258
16	0.01367	0.01040	0.01126	0.00873	0.01165	0.02583	0.02695	0.72379	0.09262	0.02239	0.00949	0.00945	0.00680	0.00451	0.00377	0.00114	0.00412	0.00347	0.00368	0.00627
17	0.01030	0.00834	0.01322	0.12358	0.52785	0.00845	0.00992	0.07979	0.00940	0.11786	0.00812	0.00972	0.00626	0.00363	0.00368	0.00111	0.00426	0.00334	0.00236	0.04882
18	0.05018	0.01071	0.01221	0.09792	0.17427	0.14865	0.05750	0.33513	0.02781	0.03784	0.00788	0.00892	0.00593	0.00399	0.00366	0.00112	0.00475	0.00324	0.00273	0.00555
19	0.46996	0.00799	0.01006	0.03664	0.38637	0.00864	0.00761	0.01121	0.00739	0.01456	0.00609	0.00764	0.00494	0.00343	0.00299	0.00114	0.00366	0.00266	0.00209	0.00492
20	0.00709	0.00667	0.01125	0.85913	0.02584	0.00834	0.01042	0.00959	0.00750	0.00959	0.00667	0.01000	0.00500	0.00375	0.00375	0.00125	0.00500	0.00333	0.00167	0.00417
21	0.00450	0.00378	0.00392	0.00394	0.00512	0.00319	0.00293	0.00550	0.00863	0.01046	0.09457	0.07760	0.74405	0.00949	0.00445	0.00127	0.00191	0.00798	0.00353	0.00319
22	0.00920	0.01084	0.05739	0.01402	0.01739	0.07383	0.60900	0.01284	0.08779	0.01199	0.00801	0.01003	0.00609	0.00360	0.00466	0.00126	0.05083	0.00412	0.00206	0.00506
23	0.00905	0.00650	0.00753	0.00691	0.00854	0.00688	0.00567	0.33081	0.01189	0.01603	0.01603	0.14492	0.05680	0.00774	0.00432	0.00137	0.00332	0.27665	0.07449	0.00453
24	0.63763	0.00747	0.00718	0.04487	0.08258	0.00826	0.00522	0.05262	0.00739	0.02801	0.00591	0.00695	0.00460	0.00349	0.00264	0.00110	0.00319	0.00232	0.00235	0.08622
25	0.00985	0.01016	0.01499	0.02050	0.66200	0.11999	0.06444	0.01195	0.00877	0.01176	0.00688	0.00898	0.00576	0.00347	0.00392	0.00112	0.02469	0.00329	0.00186	0.00563
26	0.05383	0.00886	0.01053	0.00911	0.00968	0.08837	0.00746	0.04673	0.04788	0.01065	0.03712	0.03113	0.00690	0.00617	0.00970	0.00149	0.60458	0.00351	0.00204	0.00427
27	0.00825	0.00674	0.00845	0.00631	0.00918	0.00568	0.02923	0.00983	0.00777	0.06190	0.00765	0.04642	0.00658	0.00365	0.00386	0.00076	0.08208	0.00285	0.00236	0.69044

[dist]
# distance from previous block
# <min> <max>
0	1

[block]
# block no. 4 follows, 73 sequences, length 31
# corresponding to MSA columns:
# 211-241
name=unknown_E
#
# <colnr> <probs for GDERKNQSTAVLIFYWHMCP>
#	G	D	E	R	K	N	Q	S	T	A	V	L	I	F	Y	W	H	M	C	P
0	0.00495	0.00364	0.00429	0.00460	0.00541	0.00322	0.00329	0.00574	0.00799	0.03117	0.06036	0.37460	0.40636	0.01038	0.00496	0.03463	0.00212	0.02566	0.00347	0.00316
1	0.00929	0.00891	0.01523	0.02303	0.84475	0.00891	0.01151	0.01151	0.00854	0.01226	0.00706	0.00929	0.00594	0.00334	0.00371	0.00111	0.00446	0.00334	0.00186	0.00594
2	0.00987	0.30975	0.20008	0.01108	0.18474	0.03263	0.00904	0.04516	0.06449	0.06650	0.00779	0.02091	0.00630	0.00380	0.00326	0.00105	0.00436	0.01165	0.00214	0.00540
3	0.00985	0.00505	0.00632	0.00552	0.00677	0.01545	0.00402	0.03288	0.00786	0.30714	0.01259	0.01855	0.01128	0.39392	0.13217	0.00297	0.00445	0.01602	0.00313	0.00405
4	0.00529	0.00385	0.00479	0.00475	0.00552	0.00359	0.00352	0.00661	0.00911	0.01242	0.46812	0.04213	0.14531	0.16168	0.00714	0.00170	0.00233	0.10530	0.00362	0.00324
5	0.00580	0.10928	0.00658	0.00556	0.00634	0.05132	0.00408	0.00661	0.00761	0.00963	0.03026	0.61949	0.07795	0.01003	0.00441	0.00139	0.00267	0.03446	0.00318	0.00336
6	0.02452	0.00913	0.03152	0.12828	0.36171	0.03553	0.11501	0.13491	0.00994	0.07199	0.00828	0.03745	0.00661	0.00394	0.00382	0.00117	0.00463	0.00369	0.00237	0.00551
7	0.00816	0.00853	0.00929	0.02809	0.00940	0.17087	0.03244	0.00918	0.00728	0.00922	0.01107	0.06011	0.10860	0.03868	0.13017	0.00214	0.34653	0.00430	0.00211	0.00384
8	0.01000	0.01019	0.01533	0.04577	0.55273	0.11148	0.12941	0.05712	0.00931	0.01239	0.00708	0.00911	0.00577	0.00346	0.00378	0.00112	0.00501	0.00339	0.00197	0.00559
9	0.00982	0.00831	0.00972	0.01024	0.15689	0.03079	0.00687	0.06204	0.53701	0.05051	0.05062	0.01317	0.01092	0.00477	0.00379	0.00121	0.00335	0.00405	0.00344	0.02249
10	0.00854	0.00776	0.01167	0.63947	0.02248	0.04518	0.05482	0.10043	0.00892	0.03306	0.00715	0.00978	0.00531	0.00381	0.00375	0.00121	0.00495	0.00334	0.00201	0.02636
11	0.00461	0.00331	0.00439	0.00525	0.00551	0.00309	0.00355	0.00531	0.00726	0.00964	0.02104	0.82091	0.04306	0.01166	0.00479	0.00152	0.00221	0.03633	0.00348	0.00306
12	0.01056	0.01222	0.04554	0.07568	0.10297	0.28137	0.22777	0.04943	0.01907	0.01790	0.01529	0.00915	0.00585	0.00405	0.00476	0.00119	0.09943	0.01095	0.00201	0.00482
13	0.09201	0.00793	0.01021	0.00989	0.15711	0.00788	0.00684	0.21807	0.01168	0.42311	0.01116	0.01064	0.00752	0.00428	0.00363	0.00114	0.00362	0.00345	0.00373	0.00610
14	0.00804	0.01820	0.70237	0.01126	0.01639	0.05528	0.11258	0.01207	0.00818	0.01175	0.00679	0.00812	0.00487	0.00353	0.00366	0.00119	0.00571	0.00295	0.00164	0.00542
15	0.00523	0.00345	0.00461	0.00510	0.00531	0.00338	0.00345	0.00548	0.00653	0.00874	0.02698	0.44409	0.01856	0.17491	0.05560	0.15895	0.00315	0.06093	0.00285	0.00270
16	0.02775	0.00769	0.10941	0.00722	0.02859	0.00655	0.03199	0.01296	0.26718	0.10073	0.23297	0.01916	0.12013	0.00595	0.00400	0.00122	0.00300	0.00508	0.00353	0.00489
17	0.00878	0.00827	0.01364	0.16070	0.60673	0.00865	0.01066	0.01169	0.07302	0.01203	0.00819	0.01120	0.00689	0.00385	0.00379	0.00118	0.00439	0.03874	0.00205	0.00554
18	0.00512	0.00376	0.00524	0.00558	0.00597	0.00362	0.03862	0.00584	0.00695	0.00927	0.01770	0.53516	0.02069	0.21261	0.02963	0.00214	0.00301	0.08300	0.00309	0.00300
19	0.00883	0.00854	0.01497	0.02073	0.68732	0.00846	0.09391	0.01101	0.00845	0.01200	0.00831	0.08463	0.00758	0.00406	0.00388	0.00117	0.00445	0.00410	0.00200	0.00560
20	0.00551	0.00444	0.00631	0.00807	0.15337	0.00419	0.00482	0.00669	0.00824	0.01111	0.16806	0.44484	0.14158	0.00921	0.00448	0.00135	0.00247	0.00828	0.00331	0.00366
21	0.00838	0.00793	0.01311	0.05268	0.66442	0.00789	0.00997	0.01043	0.00859	0.01199	0.04652	0.01370	0.11936	0.00437	0.00384	0.00114	0.00402	0.00410	0.00216	0.00540
22	0.00794	0.00793	0.00816	0.02647	0.00873	0.18251	0.00603	0.00891	0.00744	0.02124	0.01115	0.25190	0.01195	0.01102	0.14370	0.00217	0.23879	0.03783	0.00240	0.00374
23	0.14857	0.00861	0.01362	0.03696	0.69652	0.00882	0.01032	0.01140	0.00818	0.01292	0.00676	0.00880	0.00563	0.00337	0.00350	0.00112	0.00422	0.00314	0.00193	0.00561
24	0.00538	0.00387	0.00485	0.00460	0.00559	0.00350	0.00345	0.00695	0.01012	0.03290	0.64336	0.05584	0.18948	0.00808	0.00442	0.00121	0.00184	0.00706	0.00400	0.00352
25	0.01013	0.00954	0.01277	0.13175	0.36533	0.11129	0.04455	0.05075	0.13693	0.05517	0.00857	0.00998	0.00668	0.00392	0.00395	0.00116	0.02626	0.00344	0.00237	0.00546
26	0.01242	0.26698	0.03131	0.02038	0.01116	0.07190	0.00700	0.42194	0.07562	0.03431	0.00816	0.00840	0.00619	0.00409	0.00333	0.00103	0.00422	0.00296	0.00293	0.00569
27	0.00558	0.00368	0.00463	0.00491	0.00563	0.00332	0.00346	0.00640	0.00806	0.07013	0.11972	0.47576	0.21511	0.02098	0.00508	0.02968	0.00219	0.00878	0.00357	0.00332
28	0.03953	0.28409	0.10273	0.02035	0.04386	0.08008	0.04313	0.26702	0.02007	0.04230	0.00744	0.02003	0.00586	0.00391	0.00327	0.00103	0.00446	0.00293	0.00249	0.00540
29	0.01690	0.10551	0.48550	0.01064	0.02533	0.00930	0.14791	0.03060	0.05564	0.02935	0.04292	0.00941	0.00674	0.00376	0.00364	0.00116	0.00509	0.00326	0.00200	0.00535
30	0.00481	0.00348	0.00472	0.00532	0.00568	0.00345	0.00371	0.00563	0.00702	0.00948	0.03986	0.59730	0.04172	0.05140	0.18175	0.00254	0.00388	0.02200	0.00314	0.00310

[dist]
# distance from previous block
# <min> <max>
2	13

[block]
# block no. 5 follows, 73 sequences, length 17
# corresponding to MSA columns:
# 255-271
name=unknown_F
#
# <colnr> <probs for GDERKNQSTAVLIFYWHMCP>
#	G	D	E	R	K	N	Q	S	T	A	V	L	I	F	Y	W	H	M	C	P
0	0.02109	0.22696	0.28605	0.02228	0.03174	0.13117	0.04715	0.04193	0.02234	0.04703	0.04084	0.00995	0.04795	0.00406	0.00338	0.00106	0.00479	0.00312	0.00211	0.00501
1	0.01003	0.87041	0.01966	0.00642	0.00963	0.01485	0.00642	0.01123	0.00762	0.00883	0.00522	0.00602	0.00481	0.00321	0.00241	0.00080	0.00401	0.00201	0.00160	0.00481
2	0.00790	0.17287	0.27474	0.02439	0.01183	0.00825	0.08442	0.03343	0.00868	0.04371	0.09522	0.05451	0.08576	0.00542	0.00380	0.00119	0.00415	0.07257	0.00247	0.00469
3	0.00930	0.00802	0.00889	0.00833	0.05899	0.00888	0.00613	0.04313	0.66837	0.01534	0.01360	0.01285	0.01029	0.00470	0.00369	0.00118	0.00307	0.00393	0.00352	0.10778
4	0.00778	0.00667	0.00778	0.00556	0.00889	0.00500	0.00445	0.00945	0.00778	0.01223	0.00667	0.00778	0.00556	0.00278	0.00278	0.00056	0.00278	0.00222	0.00222	0.89108
5	0.00512	0.00383	0.00476	0.00453	0.00549	0.00346	0.00339	0.00672	0.01018	0.01401	0.67232	0.02974	0.20650	0.00806	0.00443	0.00120	0.00180	0.00702	0.00399	0.00346
6	0.00708	0.00648	0.01080	0.80864	0.02457	0.00805	0.00996	0.00954	0.00752	0.00985	0.00700	0.01024	0.00527	0.00379	0.00368	0.00123	0.00481	0.00334	0.05403	0.00413
7	0.00652	0.00326	0.00489	0.00489	0.00489	0.00326	0.00326	0.00489	0.00489	0.00652	0.00652	0.01140	0.00652	0.01303	0.01466	0.89084	0.00326	0.00326	0.00163	0.00163
8	0.00501	0.00372	0.00396	0.00396	0.00459	0.00341	0.00258	0.00554	0.00710	0.00897	0.04471	0.02983	0.40430	0.42310	0.01146	0.00240	0.00273	0.00660	0.02329	0.00275
9	0.00709	0.00667	0.01125	0.85913	0.02584	0.00834	0.01042	0.00959	0.00750	0.00959	0.00667	0.01000	0.00500	0.00375	0.00375	0.00125	0.00500	0.00333	0.00167	0.00417
10	0.00604	0.00417	0.00473	0.00460	0.00584	0.00373	0.00344	0.00759	0.05020	0.09042	0.12935	0.16345	0.47452	0.00884	0.00435	0.00128	0.00210	0.00754	0.02415	0.00364
11	0.01401	0.01788	0.01063	0.00967	0.01160	0.85309	0.00725	0.01498	0.01063	0.00918	0.00580	0.00677	0.00483	0.00387	0.00338	0.00097	0.00677	0.00242	0.00193	0.00435
12	0.05993	0.00642	0.00732	0.00632	0.00845	0.00627	0.01904	0.02438	0.26887	0.01312	0.01324	0.19672	0.02838	0.00580	0.00363	0.00108	0.00279	0.02020	0.00307	0.30497
13	0.00545	0.00384	0.00439	0.00440	0.00542	0.00337	0.00320	0.00644	0.00849	0.06168	0.14014	0.19979	0.45296	0.05997	0.00529	0.00143	0.00212	0.00784	0.02045	0.00334
14	0.00800	0.00750	0.01261	0.30780	0.46531	0.00804	0.01020	0.01017	0.00812	0.01118	0.03109	0.08701	0.00812	0.00436	0.00384	0.00120	0.00437	0.00409	0.00200	0.00501
15	0.00804	0.00534	0.00588	0.00541	0.00689	0.00551	0.00415	0.05963	0.21627	0.08391	0.07836	0.10157	0.15224	0.00640	0.00373	0.00116	0.00238	0.00538	0.24333	0.00442
16	0.03108	0.12406	0.01233	0.09220	0.14812	0.09703	0.04237	0.09125	0.15206	0.05408	0.02521	0.00990	0.00726	0.00441	0.01504	0.00117	0.03879	0.00328	0.00254	0.04782

[dist]
# distance from previous block
# <min> <max>
8	15

[block]
# block no. 6 follows, 73 sequences, length 10
# corresponding to MSA columns:
# 288-297
name=unknown_G
#
# <colnr> <probs for GDERKNQSTAVLIFYWHMCP>
#	G	D	E	R	K	N	Q	S	T	A	V	L	I	F	Y	W	H	M	C	P
0	0.00788	0.07854	0.03166	0.04484	0.11084	0.05675	0.03558	0.00939	0.05360	0.02182	0.00896	0.01514	0.00898	0.34973	0.01116	0.00220	0.14287	0.00409	0.00211	0.00388
1	0.00612	0.00493	0.00643	0.00702	0.08297	0.00446	0.00455	0.00772	0.05600	0.01074	0.01522	0.48605	0.01700	0.04622	0.00476	0.00132	0.00265	0.00728	0.00299	0.22556
2	0.00868	0.02560	0.10972	0.05167	0.15063	0.03373	0.19779	0.01319	0.21417	0.01230	0.01017	0.03241	0.03269	0.00449	0.00471	0.00126	0.08517	0.00401	0.00238	0.00522
3	0.00901	0.00919	0.08071	0.20944	0.12774	0.05780	0.15467	0.01147	0.02245	0.07567	0.00778	0.00991	0.00605	0.03209	0.00416	0.00116	0.00468	0.00334	0.00213	0.17054
4	0.00545	0.00405	0.00511	0.00480	0.00578	0.00381	0.00361	0.00762	0.05266	0.01474	0.74444	0.02787	0.09053	0.00767	0.00439	0.00119	0.00184	0.00673	0.00407	0.00364
5	0.03983	0.35927	0.07129	0.00761	0.01058	0.10450	0.00699	0.19044	0.02407	0.09894	0.00749	0.00800	0.00583	0.00454	0.02709	0.00114	0.02196	0.00270	0.00249	0.00525
6	0.01194	0.13260	0.01216	0.02442	0.06699	0.05776	0.00720	0.42099	0.10360	0.01740	0.00858	0.00913	0.00656	0.00442	0.00419	0.00112	0.07174	0.00322	0.03034	0.00566
7	0.00566	0.00365	0.00458	0.00459	0.00514	0.00346	0.00318	0.00574	0.03418	0.00878	0.07047	0.08546	0.27492	0.07028	0.00999	0.39639	0.00267	0.00569	0.00263	0.00253
8	0.03824	0.14989	0.17971	0.04979	0.13321	0.03712	0.07658	0.10665	0.06254	0.08121	0.00791	0.00892	0.00600	0.00388	0.00388	0.00113	0.04245	0.00313	0.00234	0.00542
9	0.05624	0.20467	0.32588	0.01059	0.11281	0.02874	0.05339	0.07156	0.02702	0.03071	0.00813	0.00907	0.03796	0.00380	0.00336	0.00109	0.00465	0.00301	0.00203	0.00529

[dist]
# distance from previous block
# <min> <max>
3	6

[block]
# block no. 7 follows, 73 sequences, length 48
# corresponding to MSA columns:
# 306-323,326-355
name=unknown_H
#
# <colnr> <probs for GDERKNQSTAVLIFYWHMCP>
#	G	D	E	R	K	N	Q	S	T	A	V	L	I	F	Y	W	H	M	C	P
0	0.73725	0.10610	0.02473	0.00600	0.04399	0.00918	0.00485	0.01109	0.00665	0.01562	0.00533	0.00626	0.00424	0.00345	0.00242	0.00112	0.00315	0.00210	0.00220	0.00426
1	0.00920	0.00717	0.00861	0.00899	0.13535	0.03240	0.01721	0.18373	0.14653	0.03198	0.09483	0.06332	0.02098	0.08024	0.00510	0.00137	0.00333	0.02097	0.12385	0.00485
2	0.00449	0.00377	0.00391	0.00399	0.00516	0.00319	0.00297	0.00545	0.00849	0.01021	0.05194	0.09664	0.75115	0.00965	0.00448	0.00129	0.00195	0.02459	0.00350	0.00317
3	0.00536	0.00400	0.00594	0.00594	0.00657	0.00464	0.00457	0.00664	0.00600	0.00864	0.01014	0.01522	0.00959	0.06900	0.81270	0.00591	0.00974	0.00409	0.00202	0.00330
4	0.00842	0.00939	0.12322	0.05920	0.12129	0.02553	0.04665	0.05149	0.02496	0.03034	0.00717	0.00988	0.00614	0.01795	0.13161	0.00208	0.31462	0.00343	0.00196	0.00467
5	0.01003	0.87041	0.01966	0.00642	0.00963	0.01485	0.00642	0.01123	0.00762	0.00883	0.00522	0.00602	0.00481	0.00321	0.00241	0.00080	0.00401	0.00201	0.00160	0.00481
6	0.00783	0.13763	0.52211	0.00986	0.05392	0.00897	0.03443	0.02525	0.02261	0.01166	0.02866	0.01094	0.08241	0.00415	0.00352	0.00113	0.00475	0.00332	0.00193	0.02492
7	0.00565	0.00440	0.00618	0.00600	0.00651	0.00517	0.00456	0.00667	0.00601	0.00855	0.01103	0.01671	0.04611	0.17405	0.57683	0.00492	0.10098	0.00437	0.00208	0.00323
8	0.00473	0.00381	0.00421	0.00411	0.00525	0.00329	0.00308	0.00595	0.00925	0.01179	0.30846	0.03339	0.57174	0.00889	0.00443	0.00124	0.00186	0.00754	0.00370	0.00329
9	0.00833	0.00710	0.00948	0.00705	0.02444	0.00569	0.09181	0.01042	0.03293	0.04583	0.00736	0.00844	0.00590	0.00297	0.00304	0.00069	0.00320	0.00260	0.00233	0.72040
10	0.04815	0.07002	0.01053	0.00881	0.01041	0.54900	0.00683	0.01275	0.00906	0.00938	0.00629	0.01946	0.00564	0.02377	0.07508	0.00154	0.12438	0.00280	0.00192	0.00419
11	0.00457	0.00326	0.00435	0.00522	0.00544	0.00305	0.00348	0.00522	0.00718	0.00958	0.02068	0.86570	0.02481	0.01175	0.00479	0.00152	0.00218	0.01067	0.00348	0.00305
12	0.00542	0.00376	0.00473	0.00473	0.00494	0.00398	0.00306	0.00586	0.00564	0.00774	0.01124	0.02134	0.01225	0.59364	0.29170	0.00442	0.00573	0.00499	0.00219	0.00263
13	0.80013	0.00712	0.00579	0.00508	0.00743	0.00808	0.00418	0.01168	0.00681	0.09471	0.00622	0.00683	0.00463	0.00360	0.00246	0.00116	0.00291	0.00221	0.01469	0.00427
14	0.00485	0.00380	0.00439	0.00429	0.00534	0.00334	0.00320	0.00617	0.00947	0.01242	0.41554	0.06537	0.43095	0.00873	0.00444	0.00124	0.00185	0.00749	0.00379	0.00334
15	0.00926	0.00878	0.01133	0.00958	0.01009	0.03645	0.00793	0.13382	0.00769	0.01122	0.00567	0.00852	0.00527	0.01843	0.01085	0.00157	0.69385	0.00330	0.00198	0.00443
16	0.00776	0.00673	0.00763	0.00582	0.00879	0.02948	0.00468	0.00962	0.02791	0.01215	0.02102	0.01175	0.01659	0.00372	0.00309	0.00071	0.00294	0.07908	0.00241	0.73811
17	0.06496	0.07102	0.01272	0.27437	0.20619	0.02723	0.05608	0.13852	0.03448	0.04109	0.00776	0.02671	0.00613	0.00395	0.00370	0.00116	0.01312	0.00340	0.00229	0.00512
18	0.00801	0.24895	0.47253	0.00851	0.01255	0.00966	0.00997	0.02750	0.00788	0.01093	0.04313	0.00999	0.00706	0.08528	0.02202	0.00141	0.00485	0.00303	0.00182	0.00492
19	0.00944	0.00861	0.01432	0.07322	0.71054	0.00873	0.01086	0.04696	0.00889	0.03567	0.00773	0.03414	0.00654	0.00370	0.00375	0.00114	0.00438	0.00357	0.00205	0.00578
20	0.00453	0.00367	0.00402	0.00421	0.00520	0.00316	0.00305	0.00546	0.00836	0.01035	0.09046	0.23723	0.58737	0.00992	0.00452	0.00132	0.00196	0.00851	0.00353	0.00316
21	0.01022	0.00800	0.00866	0.00757	0.00977	0.00901	0.00598	0.12464	0.62120	0.07173	0.04584	0.01461	0.01185	0.00523	0.00387	0.00126	0.00310	0.02773	0.00387	0.00586
22	0.03619	0.01044	0.01198	0.02910	0.09615	0.09983	0.07743	0.46455	0.02942	0.07377	0.00897	0.02914	0.00674	0.00435	0.00376	0.00114	0.00449	0.00354	0.00318	0.00581
23	0.00875	0.00736	0.00890	0.00784	0.00910	0.00889	0.01688	0.10170	0.29686	0.01363	0.01167	0.08414	0.01016	0.00613	0.00639	0.00136	0.26233	0.03483	0.09827	0.00482
24	0.00909	0.16144	0.36181	0.01159	0.13607	0.05855	0.08027	0.03010	0.00844	0.03539	0.00692	0.00841	0.00541	0.02095	0.00373	0.00112	0.00498	0.00291	0.00186	0.05095
25	0.00957	0.00486	0.00672	0.00605	0.00742	0.00453	0.02412	0.01043	0.00848	0.31998	0.04212	0.31617	0.08621	0.00850	0.00561	0.08479	0.03994	0.00660	0.00364	0.00427
26	0.00536	0.00402	0.00603	0.00603	0.00670	0.00469	0.00469	0.00670	0.00603	0.00871	0.01005	0.01474	0.00938	0.02814	0.85328	0.00603	0.01005	0.00402	0.00201	0.00335
27	0.00823	0.00805	0.05565	0.06549	0.50042	0.00751	0.03218	0.01047	0.03017	0.03571	0.01133	0.15768	0.05039	0.00520	0.00395	0.00121	0.00400	0.00486	0.00232	0.00518
28	0.00946	0.08362	0.01314	0.08734	0.13209	0.06406	0.13813	0.11884	0.12572	0.01290	0.00953	0.09970	0.00838	0.00492	0.00453	0.00122	0.07463	0.00423	0.00250	0.00504
29	0.86679	0.00759	0.00568	0.00508	0.00739	0.03514	0.00416	0.01115	0.00652	0.01659	0.00524	0.00612	0.00409	0.00349	0.00236	0.00115	0.00302	0.00204	0.00231	0.00407
30	0.00858	0.03532	0.22816	0.12991	0.38109	0.00912	0.09644	0.02608	0.00835	0.01181	0.00691	0.00900	0.00544	0.00353	0.00392	0.00117	0.02467	0.00327	0.00179	0.00545
31	0.00468	0.00374	0.00419	0.00422	0.00526	0.00325	0.00311	0.00581	0.00893	0.01137	0.24901	0.13751	0.52710	0.00930	0.00448	0.00128	0.00190	0.00796	0.00365	0.00325
32	0.00443	0.00380	0.00380	0.00380	0.00507	0.00317	0.00285	0.00538	0.00855	0.01014	0.03801	0.03611	0.84322	0.00950	0.00443	0.00127	0.00190	0.00792	0.00348	0.00317
33	0.00444	0.00378	0.00382	0.00384	0.00508	0.00316	0.00287	0.00538	0.00851	0.01012	0.03749	0.06079	0.81887	0.00957	0.00444	0.00127	0.00191	0.00800	0.00348	0.00316
34	0.00886	0.01012	0.02214	0.01581	0.01961	0.00949	0.83112	0.01202	0.00886	0.01202	0.00759	0.01012	0.00569	0.00316	0.00443	0.00127	0.00633	0.00443	0.00190	0.00506
35	0.01019	0.83823	0.01935	0.00650	0.00970	0.01472	0.00645	0.04196	0.00800	0.00938	0.00536	0.00613	0.00487	0.00326	0.00246	0.00081	0.00402	0.00206	0.00169	0.00487
36	0.00709	0.00667	0.01125	0.85913	0.02584	0.00834	0.01042	0.00959	0.00750	0.00959	0.00667	0.01000	0.00500	0.00375	0.00375	0.00125	0.00500	0.00333	0.00167	0.00417
37	0.09871	0.00670	0.00851	0.00657	0.00944	0.00609	0.00542	0.06044	0.01059	0.69449	0.01329	0.01176	0.00850	0.00446	0.00360	0.00114	0.00320	0.00353	0.00429	0.03927
38	0.01426	0.01051	0.01126	0.00863	0.01163	0.01163	0.00713	0.83224	0.01764	0.02364	0.00901	0.00901	0.00638	0.00450	0.00375	0.00113	0.00413	0.00338	0.00375	0.00638
39	0.00699	0.00350	0.00350	0.00350	0.00437	0.00350	0.00262	0.00874	0.00787	0.01399	0.01224	0.01399	0.00962	0.00437	0.00262	0.00087	0.00175	0.00350	0.88898	0.00350
40	0.00544	0.00363	0.00410	0.00411	0.00412	0.00363	0.00229	0.00545	0.00549	0.00732	0.01198	0.03935	0.01384	0.85308	0.01884	0.00360	0.00361	0.00555	0.00229	0.00229
41	0.00778	0.00667	0.00778	0.00556	0.00889	0.00500	0.00445	0.00945	0.00778	0.01223	0.00667	0.00778	0.00556	0.00278	0.00278	0.00056	0.00278	0.00222	0.00222	0.89108
42	0.07051	0.00630	0.00816	0.00649	0.00908	0.00572	0.00528	0.05373	0.01045	0.66632	0.02696	0.09243	0.01068	0.00528	0.00379	0.00119	0.00310	0.00434	0.00434	0.00588
43	0.00782	0.00962	0.15592	0.00950	0.01095	0.00964	0.05945	0.01027	0.07911	0.01030	0.02324	0.01044	0.00686	0.04683	0.07738	0.00194	0.46076	0.00358	0.00194	0.00442
44	0.00451	0.00382	0.00390	0.00393	0.00518	0.00322	0.00298	0.00550	0.00859	0.01025	0.04969	0.03621	0.80007	0.00951	0.00446	0.00128	0.00196	0.03827	0.00349	0.00318
45	0.00463	0.00331	0.00443	0.00530	0.00554	0.00310	0.00359	0.00533	0.00725	0.00965	0.02064	0.83003	0.02467	0.01169	0.00481	0.00153	0.00223	0.04571	0.00348	0.00306
46	0.01274	0.09525	0.01124	0.00891	0.01087	0.56630	0.02359	0.05949	0.01010	0.04365	0.00671	0.00827	0.00567	0.04822	0.00466	0.00115	0.05593	0.00276	0.02005	0.00447
47	0.02429	0.02621	0.01806	0.00691	0.00973	0.09938	0.06116	0.03278	0.00867	0.05501	0.06009	0.01040	0.03410	0.00438	0.02620	0.00095	0.02368	0.00304	0.00246	0.49251

[dist]
# distance from previous block
# <min> <max>
4	25

[block]
# block no. 8 follows, 73 sequences, length 22
# corresponding to MSA columns:
# 381-402
name=unknown_I
#
# <colnr> <probs for GDERKNQSTAVLIFYWHMCP>
#	G	D	E	R	K	N	Q	S	T	A	V	L	I	F	Y	W	H	M	C	P
0	0.00705	0.00737	0.07498	0.03656	0.17802	0.03245	0.06849	0.02009	0.00871	0.01201	0.22767	0.03596	0.08362	0.00901	0.12501	0.00190	0.04173	0.02237	0.00267	0.00433
1	0.00491	0.00379	0.00449	0.00437	0.00538	0.00336	0.00326	0.00629	0.00960	0.01276	0.47232	0.07467	0.36399	0.00863	0.00445	0.00123	0.00184	0.00745	0.00383	0.00336
2	0.00469	0.00388	0.00415	0.00429	0.00549	0.00335	0.00335	0.00576	0.00856	0.01031	0.03515	0.03708	0.71386	0.00964	0.00455	0.00134	0.00215	0.13570	0.00348	0.00321
3	0.01003	0.87041	0.01966	0.00642	0.00963	0.01485	0.00642	0.01123	0.00762	0.00883	0.00522	0.00602	0.00481	0.00321	0.00241	0.00080	0.00401	0.00201	0.00160	0.00481
4	0.03302	0.00653	0.00819	0.00646	0.00904	0.00614	0.00528	0.10816	0.04644	0.58574	0.01362	0.01243	0.00899	0.00458	0.00358	0.00112	0.00308	0.00367	0.12801	0.00591
5	0.00716	0.00383	0.00386	0.00380	0.00476	0.00392	0.00286	0.00956	0.06826	0.01411	0.01246	0.01399	0.00975	0.00442	0.00271	0.00090	0.00184	0.00355	0.82457	0.00367
6	0.01631	0.00723	0.00923	0.00707	0.01000	0.00676	0.00584	0.18448	0.01215	0.67916	0.01362	0.01200	0.00869	0.00461	0.00377	0.00115	0.00338	0.00369	0.00446	0.00638
7	0.01683	0.00638	0.00871	0.00668	0.00958	0.00551	0.00551	0.01828	0.01074	0.84734	0.01480	0.01277	0.00929	0.00464	0.00377	0.00116	0.00319	0.00377	0.00464	0.00638
8	0.00778	0.00667	0.00778	0.00556	0.00889	0.00500	0.00445	0.00945	0.00778	0.01223	0.00667	0.00778	0.00556	0.00278	0.00278	0.00056	0.00278	0.00222	0.00222	0.89108
9	0.89465	0.00726	0.00551	0.00493	0.00726	0.00842	0.00406	0.01103	0.00638	0.01683	0.00522	0.00609	0.00406	0.00348	0.00232	0.00116	0.00290	0.00203	0.00232	0.00406
10	0.01401	0.01788	0.01063	0.00967	0.01160	0.85309	0.00725	0.01498	0.01063	0.00918	0.00580	0.00677	0.00483	0.00387	0.00338	0.00097	0.00677	0.00242	0.00193	0.00435
11	0.00929	0.00891	0.01523	0.02303	0.84475	0.00891	0.01151	0.01151	0.00854	0.01226	0.00706	0.00929	0.00594	0.00334	0.00371	0.00111	0.00446	0.00334	0.00186	0.00594
12	0.00933	0.00806	0.00848	0.00764	0.00976	0.00933	0.00594	0.01994	0.83797	0.01569	0.01527	0.01400	0.01145	0.00509	0.00382	0.00127	0.00297	0.00424	0.00382	0.00594
13	0.01023	0.00850	0.00899	0.00782	0.01010	0.00975	0.00616	0.16751	0.68893	0.01714	0.01413	0.01309	0.01053	0.00498	0.00381	0.00125	0.00318	0.00408	0.00381	0.00602
14	0.00778	0.00762	0.01064	0.00930	0.00933	0.01049	0.00765	0.00858	0.00592	0.00909	0.00679	0.10997	0.00729	0.00718	0.01142	0.00163	0.75932	0.00416	0.00186	0.00398
15	0.00777	0.00480	0.00586	0.00567	0.00679	0.01994	0.00418	0.03279	0.07427	0.15881	0.19075	0.39744	0.03460	0.00854	0.00434	0.00133	0.00246	0.00754	0.02803	0.00410
16	0.12101	0.00649	0.00833	0.00647	0.00930	0.00586	0.00534	0.01742	0.01022	0.74878	0.01366	0.01198	0.00867	0.00451	0.00360	0.00116	0.00316	0.00357	0.00437	0.00611
17	0.11924	0.00849	0.00947	0.00742	0.01021	0.00892	0.00613	0.43373	0.01365	0.29041	0.01078	0.01081	0.00749	0.00457	0.00360	0.00115	0.00362	0.02368	0.02064	0.00598
18	0.00601	0.00500	0.00697	0.00676	0.02038	0.00605	0.00512	0.00698	0.00618	0.00881	0.01171	0.07354	0.06956	0.13421	0.40293	0.00391	0.21557	0.00475	0.00216	0.00340
19	0.00542	0.00399	0.00471	0.00488	0.00586	0.00363	0.00366	0.03157	0.00874	0.03690	0.11764	0.27582	0.37951	0.00974	0.00457	0.00137	0.00224	0.09277	0.00360	0.00340
20	0.08958	0.02758	0.02085	0.03546	0.04726	0.02358	0.04717	0.00920	0.03286	0.06065	0.02124	0.05135	0.03772	0.19215	0.15080	0.00245	0.00467	0.01402	0.00245	0.12896
21	0.11611	0.02226	0.02377	0.04216	0.07297	0.20513	0.08709	0.10460	0.00988	0.03762	0.10611	0.01054	0.00898	0.00456	0.01557	0.00114	0.03327	0.00337	0.00252	0.09235

[dist]
# distance from previous block
# <min> <max>
0	25

[block]
# block no. 9 follows, 73 sequences, length 27
# corresponding to MSA columns:
# 428-454
name=unknown_J
#
# <colnr> <probs for GDERKNQSTAVLIFYWHMCP>
#	G	D	E	R	K	N	Q	S	T	A	V	L	I	F	Y	W	H	M	C	P
0	0.03201	0.11456	0.05192	0.03054	0.15115	0.08862	0.07347	0.12797	0.06512	0.01317	0.00991	0.01128	0.06645	0.00425	0.00370	0.00106	0.02154	0.02031	0.00242	0.11054
1	0.19387	0.04478	0.00870	0.04399	0.03443	0.05362	0.02099	0.17811	0.04771	0.05177	0.15632	0.01315	0.04689	0.00528	0.02109	0.00120	0.00352	0.00379	0.00303	0.06776
2	0.02477	0.00746	0.01132	0.15988	0.09098	0.00780	0.13780	0.19454	0.01102	0.04977	0.22278	0.02859	0.02662	0.00504	0.00403	0.00119	0.00393	0.00459	0.00301	0.00487
3	0.00475	0.00381	0.00424	0.00413	0.00526	0.00330	0.00310	0.00599	0.00929	0.01190	0.32664	0.03321	0.55350	0.00884	0.00443	0.00124	0.00185	0.00751	0.00372	0.00330
4	0.00658	0.03203	0.00752	0.00661	0.00741	0.02903	0.00522	0.00841	0.07051	0.01010	0.10095	0.01738	0.11627	0.06637	0.29678	0.00309	0.20490	0.00463	0.00247	0.00373
5	0.05144	0.00642	0.00858	0.00661	0.00949	0.00563	0.00546	0.01800	0.01057	0.81461	0.01442	0.01251	0.00908	0.00460	0.00372	0.00116	0.00318	0.00370	0.00455	0.00629
6	0.00554	0.00375	0.00425	0.00421	0.00432	0.00377	0.00244	0.00590	0.02558	0.00795	0.06251	0.02451	0.01491	0.79521	0.01784	0.00343	0.00351	0.00551	0.00242	0.00244
7	0.00752	0.01941	0.84871	0.01069	0.01624	0.00871	0.01386	0.01188	0.00792	0.01188	0.00673	0.00792	0.00475	0.00356	0.00356	0.00119	0.00554	0.00277	0.00158	0.00554
8	0.00829	0.00789	0.01342	0.40262	0.47296	0.00865	0.01102	0.01064	0.00807	0.01104	0.00688	0.00961	0.00552	0.00353	0.00373	0.00118	0.00470	0.00334	0.00177	0.00514
9	0.01055	0.69771	0.05498	0.00712	0.01023	0.14728	0.00688	0.01186	0.00811	0.00902	0.00538	0.00622	0.00481	0.00333	0.00261	0.00085	0.00452	0.00211	0.00166	0.00477
10	0.00957	0.09255	0.13052	0.00721	0.01052	0.08341	0.02232	0.06584	0.02421	0.08003	0.03792	0.00957	0.02641	0.00368	0.00320	0.00086	0.00379	0.00288	0.00246	0.38308
11	0.00884	0.01146	0.23594	0.11542	0.39547	0.02922	0.03623	0.02479	0.00848	0.04186	0.00812	0.00989	0.03112	0.00378	0.00391	0.00117	0.02354	0.00335	0.00194	0.00546
12	0.00709	0.00667	0.01125	0.85913	0.02584	0.00834	0.01042	0.00959	0.00750	0.00959	0.00667	0.01000	0.00500	0.00375	0.00375	0.00125	0.00500	0.00333	0.00167	0.00417
13	0.04402	0.00628	0.00775	0.00628	0.00851	0.00602	0.00506	0.15877	0.01163	0.39166	0.24811	0.03332	0.04457	0.00573	0.00394	0.00117	0.00288	0.00476	0.00420	0.00532
14	0.06360	0.04565	0.11850	0.01741	0.50381	0.07737	0.05297	0.01199	0.00854	0.04289	0.00723	0.02044	0.00591	0.00357	0.00358	0.00112	0.00469	0.00323	0.00197	0.00553
15	0.00587	0.00487	0.00528	0.00502	0.00638	0.00480	0.00381	0.00944	0.21824	0.01264	0.21565	0.05399	0.42380	0.00804	0.00429	0.00126	0.00215	0.00682	0.00372	0.00395
16	0.00457	0.00328	0.00433	0.00518	0.00543	0.00305	0.00346	0.00523	0.00723	0.00960	0.02127	0.83753	0.05260	0.01168	0.00478	0.00151	0.00217	0.01057	0.00348	0.00305
17	0.00909	0.04935	0.05463	0.22621	0.32926	0.05146	0.09840	0.05292	0.03399	0.01178	0.00711	0.00929	0.00566	0.00370	0.00409	0.00117	0.04139	0.00335	0.00194	0.00520
18	0.00875	0.00799	0.01140	0.01457	0.37997	0.02751	0.02774	0.01343	0.26439	0.01298	0.01197	0.02949	0.01059	0.00528	0.00414	0.00128	0.01564	0.14474	0.00276	0.00538
19	0.00599	0.00428	0.00598	0.00685	0.00769	0.00427	0.00595	0.00768	0.00858	0.01117	0.01989	0.07268	0.02171	0.01042	0.00517	0.00172	0.00341	0.78967	0.00346	0.00344
20	0.00672	0.00456	0.00504	0.00479	0.00599	0.00454	0.00371	0.07187	0.06940	0.01400	0.19328	0.03915	0.18953	0.00677	0.00378	0.00114	0.00219	0.06396	0.30577	0.00382
21	0.02842	0.05046	0.26775	0.02372	0.25947	0.07266	0.03433	0.06972	0.06518	0.08080	0.00807	0.00909	0.00606	0.00375	0.00359	0.00113	0.00475	0.00314	0.00227	0.00563
22	0.00915	0.00825	0.01117	0.07903	0.34029	0.06855	0.02663	0.03567	0.15520	0.05283	0.07278	0.03732	0.07707	0.00486	0.00387	0.00118	0.00391	0.00430	0.00272	0.00523
23	0.01683	0.00638	0.00871	0.00668	0.00958	0.00551	0.00551	0.01828	0.01074	0.84734	0.01480	0.01277	0.00929	0.00464	0.00377	0.00116	0.00319	0.00377	0.00464	0.00638
24	0.63959	0.00719	0.00613	0.00556	0.00770	0.00827	0.00445	0.03489	0.16053	0.01626	0.00835	0.07241	0.00706	0.00443	0.00282	0.00121	0.00289	0.00313	0.00273	0.00440
