[name]
unknown

[dist]
# distance from previous block
# <min> <max>
0	69

[block]
# block no. 0 follows, 68 sequences, length 8
# corresponding to MSA columns:
# 87-94
name=unknown_A
#
# <colnr> <probs for GDERKNQSTAVLIFYWHMCP>
#	G	D	E	R	K	N	Q	S	T	A	V	L	I	F	Y	W	H	M	C	P
0	0.00667	0.00358	0.00511	0.00516	0.00522	0.00358	0.00346	0.00545	0.00551	0.00733	0.00868	0.01635	0.00911	0.15129	0.01563	0.68624	0.00352	0.05420	0.00195	0.00195
1	0.06999	0.05151	0.03412	0.00863	0.03783	0.14897	0.00685	0.34131	0.04972	0.04840	0.08486	0.03581	0.05445	0.00527	0.00386	0.00118	0.00429	0.00407	0.00336	0.00553
2	0.06596	0.00865	0.05260	0.03493	0.07274	0.04942	0.03037	0.16174	0.03027	0.06612	0.03256	0.01511	0.06743	0.10398	0.00610	0.00149	0.04167	0.02758	0.03630	0.09497
3	0.06874	0.00853	0.03702	0.00856	0.03199	0.05410	0.05153	0.12366	0.09149	0.06586	0.06291	0.09233	0.03757	0.00761	0.06482	0.00166	0.11683	0.00463	0.00304	0.06714
4	0.05971	0.16262	0.11374	0.00888	0.04003	0.11342	0.00777	0.24898	0.05526	0.01580	0.04516	0.01119	0.00828	0.02456	0.00399	0.00119	0.00454	0.03324	0.00281	0.03886
5	0.04661	0.02016	0.03805	0.08914	0.05587	0.08921	0.04910	0.16585	0.05019	0.06399	0.03394	0.05902	0.06176	0.00530	0.00467	0.00123	0.07523	0.00421	0.00291	0.08357
6	0.02466	0.16422	0.05802	0.08339	0.05135	0.09805	0.05301	0.08456	0.05692	0.06983	0.08966	0.08597	0.01119	0.00567	0.02136	0.00128	0.00446	0.00429	0.00280	0.02930
7	0.03365	0.03327	0.12270	0.08144	0.19066	0.02037	0.06661	0.10686	0.04717	0.04143	0.02542	0.08212	0.03998	0.00509	0.00438	0.00126	0.04209	0.00436	0.01732	0.03383

[dist]
# distance from previous block
# <min> <max>
4	82

[block]
# block no. 1 follows, 68 sequences, length 11
# corresponding to MSA columns:
# 177-187
name=unknown_B
#
# <colnr> <probs for GDERKNQSTAVLIFYWHMCP>
#	G	D	E	R	K	N	Q	S	T	A	V	L	I	F	Y	W	H	M	C	P
0	0.04012	0.03973	0.07806	0.03527	0.05970	0.03817	0.03754	0.04086	0.20718	0.07632	0.11290	0.04912	0.10007	0.00580	0.00421	0.00125	0.02080	0.00485	0.00328	0.04478
1	0.16585	0.12311	0.03140	0.03004	0.03018	0.05308	0.00611	0.04594	0.07108	0.09132	0.01185	0.20188	0.01144	0.00637	0.00433	0.00130	0.05657	0.03274	0.00297	0.02244
2	0.06004	0.00723	0.05378	0.03258	0.02745	0.02588	0.05405	0.04290	0.09424	0.09805	0.10288	0.06467	0.23085	0.02481	0.00486	0.00139	0.02461	0.04170	0.00343	0.00462
3	0.01060	0.86304	0.02078	0.00678	0.01018	0.01569	0.00678	0.01187	0.00806	0.00933	0.00551	0.00636	0.00509	0.00339	0.00254	0.00085	0.00424	0.00212	0.00170	0.00509
4	0.48366	0.00916	0.06787	0.00727	0.01025	0.03739	0.06329	0.05838	0.00892	0.20746	0.00840	0.00871	0.00591	0.00402	0.00318	0.00123	0.00380	0.00290	0.00300	0.00519
5	0.00535	0.00404	0.00494	0.00471	0.00576	0.00363	0.00354	0.00698	0.01061	0.01444	0.61010	0.03202	0.26206	0.00865	0.00468	0.00127	0.00191	0.00751	0.00417	0.00363
6	0.00867	0.00867	0.01214	0.01041	0.01041	0.01214	0.00867	0.00954	0.00607	0.00954	0.00520	0.00867	0.00520	0.00694	0.01301	0.00173	0.85340	0.00347	0.00173	0.00434
7	0.04039	0.08480	0.25475	0.02920	0.17516	0.04431	0.06106	0.07366	0.07439	0.04492	0.03600	0.02703	0.00790	0.02446	0.00419	0.00127	0.00482	0.00364	0.00242	0.00564
8	0.03316	0.11977	0.12368	0.04716	0.07930	0.06619	0.04776	0.11978	0.05422	0.08137	0.00834	0.00935	0.00640	0.00449	0.01887	0.00120	0.04083	0.00316	0.00257	0.13240
9	0.02630	0.00519	0.00638	0.03379	0.00770	0.02959	0.04110	0.03264	0.00976	0.02698	0.28489	0.19041	0.24931	0.00862	0.00457	0.00132	0.00264	0.00753	0.00368	0.02760
10	0.05367	0.21125	0.09990	0.00932	0.07315	0.07565	0.02941	0.16966	0.06290	0.03373	0.00913	0.02919	0.02378	0.04416	0.00426	0.00122	0.00443	0.00341	0.00261	0.05919

[dist]
# distance from previous block
# <min> <max>
1	7

[block]
# block no. 2 follows, 68 sequences, length 64
# corresponding to MSA columns:
# 195-258
name=unknown_C
#
# <colnr> <probs for GDERKNQSTAVLIFYWHMCP>
#	G	D	E	R	K	N	Q	S	T	A	V	L	I	F	Y	W	H	M	C	P
0	0.01072	0.31025	0.06132	0.00809	0.01066	0.14612	0.01857	0.11145	0.08445	0.01209	0.00813	0.01008	0.00702	0.06287	0.08467	0.00175	0.04122	0.00316	0.00233	0.00501
1	0.00834	0.02442	0.08008	0.00847	0.00978	0.05657	0.02085	0.08029	0.02487	0.01119	0.01916	0.01293	0.01979	0.08075	0.26783	0.00316	0.26101	0.00393	0.00223	0.00434
2	0.00509	0.00411	0.00451	0.00455	0.00570	0.00364	0.00337	0.00653	0.03843	0.01163	0.16191	0.13428	0.56004	0.00992	0.00487	0.01363	0.00210	0.01842	0.00377	0.00348
3	0.12597	0.01020	0.01067	0.00833	0.01124	0.01128	0.00682	0.65944	0.01630	0.04080	0.00930	0.01007	0.00690	0.04916	0.00462	0.00133	0.00415	0.00351	0.00371	0.00621
4	0.12042	0.00713	0.00792	0.00579	0.00918	0.00575	0.00465	0.01020	0.00803	0.01354	0.00685	0.00799	0.00567	0.00303	0.00287	0.00067	0.00295	0.00232	0.00236	0.77268
5	0.46329	0.00722	0.00748	0.00611	0.00887	0.00740	0.00504	0.01540	0.00899	0.41874	0.01046	0.00989	0.00699	0.00428	0.00320	0.00123	0.00322	0.00305	0.00365	0.00549
6	0.00936	0.01070	0.02340	0.01671	0.02072	0.01003	0.82152	0.01270	0.00936	0.01270	0.00802	0.01070	0.00602	0.00334	0.00468	0.00134	0.00668	0.00468	0.00201	0.00535
7	0.00493	0.00352	0.00471	0.00563	0.00590	0.00330	0.00385	0.00569	0.00769	0.01023	0.02180	0.80804	0.02601	0.01233	0.00509	0.00162	0.00238	0.06036	0.00368	0.00325
8	0.00566	0.00425	0.00637	0.00637	0.00708	0.00496	0.00496	0.00708	0.00637	0.00920	0.01062	0.01558	0.00991	0.02974	0.84494	0.00637	0.01062	0.00425	0.00212	0.00354
9	0.01451	0.01010	0.01107	0.00865	0.01159	0.01100	0.00708	0.67252	0.03430	0.10110	0.01110	0.06910	0.00850	0.00532	0.00405	0.00123	0.00410	0.00417	0.00404	0.00649
10	0.00986	0.00852	0.00897	0.00807	0.01031	0.00986	0.00628	0.02107	0.82876	0.01659	0.01614	0.01479	0.01210	0.00538	0.00403	0.00134	0.00314	0.00448	0.00403	0.00628
11	0.00867	0.23161	0.60531	0.01036	0.01553	0.01086	0.04149	0.01239	0.00833	0.01175	0.00675	0.00795	0.00507	0.00366	0.00349	0.00116	0.00548	0.00279	0.00169	0.00565
12	0.01507	0.01111	0.01190	0.00912	0.01230	0.01230	0.00754	0.82270	0.01864	0.02499	0.00952	0.00952	0.00674	0.00476	0.00397	0.00119	0.00436	0.00357	0.00397	0.00674
13	0.88866	0.00767	0.00583	0.00521	0.00767	0.00889	0.00429	0.01166	0.00675	0.01779	0.00552	0.00644	0.00429	0.00368	0.00245	0.00123	0.00307	0.00215	0.00245	0.00429
14	0.00821	0.00782	0.01222	0.65733	0.12459	0.03890	0.01072	0.02523	0.00832	0.01080	0.00716	0.01036	0.00552	0.00405	0.00424	0.00130	0.03516	0.00349	0.01990	0.00467
15	0.00496	0.00354	0.00475	0.00567	0.00596	0.00333	0.00391	0.00574	0.00772	0.01027	0.02178	0.79049	0.02594	0.01230	0.00510	0.00163	0.00241	0.07757	0.00368	0.00326
16	0.00576	0.00388	0.00450	0.00450	0.00455	0.00394	0.00262	0.00588	0.00582	0.00781	0.01234	0.02508	0.01404	0.79121	0.08912	0.00406	0.00441	0.00564	0.00238	0.00250
17	0.00867	0.00867	0.01214	0.01041	0.01041	0.01214	0.00867	0.00954	0.00607	0.00954	0.00520	0.00867	0.00520	0.00694	0.01301	0.00173	0.85340	0.00347	0.00173	0.00434
18	0.01779	0.00675	0.00920	0.00705	0.01012	0.00583	0.00583	0.01932	0.01135	0.83867	0.01564	0.01350	0.00981	0.00491	0.00399	0.00123	0.00337	0.00399	0.00491	0.00675
19	0.88866	0.00767	0.00583	0.00521	0.00767	0.00889	0.00429	0.01166	0.00675	0.01779	0.00552	0.00644	0.00429	0.00368	0.00245	0.00123	0.00307	0.00215	0.00245	0.00429
20	0.00990	0.00966	0.04347	0.11139	0.50830	0.00955	0.09863	0.09278	0.02780	0.01393	0.00801	0.01016	0.00638	0.00376	0.00398	0.00121	0.00488	0.00366	0.02662	0.00593
21	0.00483	0.00402	0.00423	0.00423	0.00549	0.00342	0.00318	0.00595	0.00927	0.01134	0.13266	0.05112	0.70932	0.00987	0.00471	0.00134	0.00203	0.02581	0.00376	0.00340
22	0.00606	0.00371	0.00436	0.00477	0.00546	0.00351	0.00341	0.00729	0.00820	0.02607	0.03802	0.40023	0.10155	0.00901	0.00416	0.00132	0.00216	0.03645	0.33077	0.00350
23	0.00483	0.00402	0.00421	0.00416	0.00544	0.00341	0.00312	0.00596	0.00937	0.01150	0.16023	0.03687	0.71376	0.00975	0.00468	0.00132	0.00199	0.00819	0.00379	0.00341
24	0.00824	0.00457	0.00581	0.00518	0.00660	0.00413	0.00400	0.00995	0.01072	0.18573	0.49809	0.02548	0.10573	0.00725	0.00433	0.00122	0.00219	0.00625	0.10022	0.00432
25	0.00486	0.00352	0.00460	0.00546	0.00578	0.00326	0.00370	0.00559	0.00773	0.01020	0.02311	0.78259	0.08245	0.01222	0.00504	0.00160	0.00231	0.02908	0.00368	0.00324
26	0.00848	0.00475	0.00611	0.00542	0.00685	0.00440	0.00419	0.01061	0.04052	0.18859	0.56147	0.02441	0.02834	0.00703	0.00434	0.00122	0.00223	0.00610	0.08047	0.00446
27	0.88866	0.00767	0.00583	0.00521	0.00767	0.00889	0.00429	0.01166	0.00675	0.01779	0.00552	0.00644	0.00429	0.00368	0.00245	0.00123	0.00307	0.00215	0.00245	0.00429
28	0.00548	0.00464	0.02398	0.00707	0.03939	0.00410	0.05779	0.00653	0.00785	0.01055	0.02029	0.70023	0.05053	0.01095	0.00489	0.00153	0.00276	0.01002	0.00342	0.02800
29	0.00822	0.00705	0.00822	0.00587	0.00940	0.00529	0.00470	0.00998	0.00822	0.01292	0.00705	0.00822	0.00587	0.00294	0.00294	0.00059	0.00294	0.00235	0.00235	0.88490
30	0.23841	0.00698	0.00835	0.00659	0.00950	0.00660	0.00544	0.01738	0.01018	0.63071	0.01308	0.01171	0.00842	0.00460	0.00360	0.00123	0.00330	0.00352	0.00429	0.00613
31	0.00858	0.00770	0.01088	0.52990	0.02090	0.00930	0.00925	0.04293	0.29179	0.01289	0.01027	0.01199	0.00769	0.00448	0.00399	0.00132	0.00451	0.00386	0.00263	0.00513
32	0.50747	0.00917	0.00848	0.00692	0.00969	0.01038	0.00571	0.36556	0.01194	0.02093	0.00727	0.00778	0.00536	0.00415	0.00311	0.00121	0.00363	0.00277	0.00311	0.00536
33	0.00981	0.00942	0.01609	0.02434	0.83592	0.00942	0.01217	0.01217	0.00903	0.01295	0.00746	0.00981	0.00628	0.00353	0.00393	0.00118	0.00471	0.00353	0.00196	0.00628
34	0.00986	0.00852	0.00897	0.00807	0.01031	0.00986	0.00628	0.02107	0.82876	0.01659	0.01614	0.01479	0.01210	0.00538	0.00403	0.00134	0.00314	0.00448	0.00403	0.00628
35	0.00865	0.00861	0.00955	0.03315	0.06432	0.15501	0.00699	0.00965	0.00787	0.02798	0.01159	0.30455	0.01268	0.00799	0.00753	0.00151	0.30958	0.00604	0.00255	0.00418
36	0.00494	0.00359	0.00477	0.00556	0.00584	0.00342	0.00376	0.00570	0.00778	0.01043	0.06485	0.78371	0.04103	0.01205	0.00518	0.00159	0.01800	0.01086	0.00368	0.00327
37	0.06326	0.01029	0.01109	0.00861	0.01165	0.01126	0.00709	0.66906	0.03480	0.09747	0.01028	0.02934	0.00745	0.00490	0.00391	0.00121	0.00413	0.00373	0.00396	0.00652
38	0.00545	0.00405	0.00507	0.00482	0.00582	0.00367	0.00361	0.00717	0.01084	0.01499	0.69429	0.03112	0.17753	0.00845	0.00468	0.00126	0.00189	0.00738	0.00424	0.00367
39	0.01599	0.00907	0.01058	0.00816	0.01122	0.00933	0.00672	0.46174	0.01528	0.37120	0.01241	0.03073	0.00850	0.00500	0.00400	0.00122	0.00389	0.00392	0.00436	0.00666
40	0.00477	0.00368	0.00436	0.00491	0.00559	0.00327	0.00341	0.00559	0.00818	0.01036	0.02927	0.52601	0.35350	0.01146	0.00491	0.00150	0.00218	0.01010	0.00368	0.00327
41	0.00968	0.00774	0.00812	0.00729	0.00933	0.00881	0.00567	0.06436	0.62462	0.01672	0.01514	0.01449	0.01142	0.00520	0.00379	0.00125	0.00296	0.00428	0.17333	0.00581
42	0.00749	0.00705	0.01189	0.85113	0.02731	0.00881	0.01101	0.01013	0.00793	0.01013	0.00705	0.01057	0.00529	0.00396	0.00396	0.00132	0.00529	0.00352	0.00176	0.00440
43	0.00566	0.00425	0.00637	0.00637	0.00708	0.00496	0.00496	0.00708	0.00637	0.00920	0.01062	0.01558	0.00991	0.02974	0.84494	0.00637	0.01062	0.00425	0.00212	0.00354
44	0.00700	0.00554	0.00643	0.00656	0.00762	0.00592	0.00475	0.04028	0.30226	0.01297	0.01936	0.52556	0.02047	0.00962	0.00465	0.00150	0.00267	0.00856	0.00382	0.00444
45	0.00776	0.00733	0.01239	0.75377	0.12252	0.00888	0.01115	0.01037	0.00806	0.01046	0.00710	0.01048	0.00540	0.00391	0.00396	0.00130	0.00522	0.00352	0.00179	0.00463
46	0.00689	0.00344	0.00517	0.00517	0.00517	0.00344	0.00344	0.00517	0.00517	0.00689	0.00689	0.01205	0.00689	0.01377	0.01550	0.88464	0.00344	0.00344	0.00172	0.00172
47	0.00483	0.00345	0.00460	0.00552	0.00575	0.00322	0.00368	0.00552	0.00759	0.01012	0.02185	0.85807	0.02622	0.01242	0.00506	0.00161	0.00230	0.01127	0.00368	0.00322
48	0.88866	0.00767	0.00583	0.00521	0.00767	0.00889	0.00429	0.01166	0.00675	0.01779	0.00552	0.00644	0.00429	0.00368	0.00245	0.00123	0.00307	0.00215	0.00245	0.00429
49	0.00557	0.00402	0.00527	0.00501	0.00592	0.00372	0.00374	0.00739	0.01105	0.01562	0.79439	0.06986	0.03687	0.00832	0.00470	0.00126	0.00189	0.00737	0.00433	0.00372
50	0.00898	0.00880	0.01387	0.41153	0.41354	0.05272	0.01139	0.01140	0.00863	0.01146	0.00720	0.01003	0.00575	0.00376	0.00393	0.00124	0.00511	0.00348	0.00187	0.00531
51	0.01124	0.00852	0.00924	0.00803	0.01045	0.00958	0.00633	0.08714	0.66391	0.11571	0.01553	0.01420	0.01139	0.00527	0.00402	0.00132	0.00327	0.00435	0.00413	0.00637
52	0.00990	0.02943	0.11367	0.05692	0.14377	0.09716	0.07033	0.08055	0.00879	0.01198	0.00672	0.00929	0.00573	0.02070	0.00755	0.01241	0.30456	0.00343	0.00202	0.00509
53	0.01213	0.00831	0.00932	0.00762	0.01004	0.00871	0.00608	0.45796	0.02633	0.11039	0.01495	0.18781	0.07086	0.00667	0.00420	0.00127	0.00358	0.00552	0.00392	0.04434
54	0.00577	0.00384	0.00432	0.00432	0.00432	0.00384	0.00240	0.00577	0.00577	0.00769	0.01249	0.02595	0.01441	0.86066	0.02018	0.00384	0.00384	0.00577	0.00240	0.00240
55	0.00867	0.00867	0.01214	0.01041	0.01041	0.01214	0.00867	0.00954	0.00607	0.00954	0.00520	0.00867	0.00520	0.00694	0.01301	0.00173	0.85340	0.00347	0.00173	0.00434
56	0.00614	0.00409	0.00529	0.00551	0.00632	0.00382	0.00405	0.00752	0.02172	0.06401	0.26596	0.35982	0.09583	0.04057	0.00542	0.00155	0.00242	0.09236	0.00392	0.00367
57	0.42874	0.00914	0.00873	0.00707	0.00984	0.01024	0.00582	0.38859	0.01249	0.05303	0.00794	0.00834	0.00578	0.00425	0.00322	0.00120	0.00365	0.00292	0.02350	0.00551
58	0.01036	0.41649	0.25971	0.00996	0.06463	0.13557	0.02968	0.01270	0.00871	0.01064	0.00626	0.00739	0.00517	0.00361	0.00319	0.00103	0.00523	0.00257	0.00177	0.00532
59	0.00564	0.00424	0.00631	0.00631	0.00703	0.00491	0.00490	0.00704	0.00645	0.00925	0.01144	0.01620	0.03279	0.02919	0.82163	0.00623	0.01038	0.00436	0.00217	0.00353
60	0.00767	0.00721	0.01207	0.78720	0.07257	0.00887	0.01098	0.01047	0.02482	0.01042	0.00726	0.01061	0.00548	0.00397	0.00396	0.00131	0.00521	0.00354	0.00182	0.00455
61	0.00804	0.00764	0.02866	0.69881	0.14264	0.00884	0.01114	0.01066	0.00816	0.02765	0.00728	0.01048	0.00552	0.00392	0.00396	0.00130	0.00517	0.00352	0.00185	0.00475
62	0.01309	0.06852	0.13177	0.07513	0.12822	0.04858	0.03612	0.05795	0.02718	0.34626	0.02143	0.01116	0.00785	0.00433	0.00386	0.00120	0.00445	0.00359	0.00326	0.00606
63	0.01010	0.02807	0.04670	0.04030	0.22803	0.14543	0.03864	0.06886	0.06336	0.04251	0.04862	0.04453	0.01070	0.00697	0.05844	0.00160	0.01604	0.09321	0.00270	0.00520

[dist]
# distance from previous block
# <min> <max>
1	22

[block]
# block no. 3 follows, 68 sequences, length 8
# corresponding to MSA columns:
# 281-288
name=unknown_D
#
# <colnr> <probs for GDERKNQSTAVLIFYWHMCP>
#	G	D	E	R	K	N	Q	S	T	A	V	L	I	F	Y	W	H	M	C	P
0	0.04047	0.30070	0.04380	0.02248	0.06194	0.08639	0.03698	0.07991	0.03330	0.05128	0.00979	0.04306	0.04729	0.02752	0.05336	0.00147	0.03256	0.00359	0.00242	0.02168
1	0.00626	0.00538	0.03233	0.00562	0.00653	0.03647	0.00412	0.05456	0.02600	0.01146	0.11053	0.34503	0.15661	0.17157	0.00765	0.00189	0.00294	0.00809	0.00341	0.00355
2	0.06160	0.12814	0.01075	0.02553	0.01043	0.07773	0.00599	0.12697	0.08875	0.01424	0.00836	0.03888	0.00702	0.00412	0.00357	0.00094	0.03027	0.00308	0.00265	0.35099
3	0.00937	0.16425	0.04145	0.00975	0.05352	0.08681	0.09332	0.06029	0.02058	0.02480	0.03080	0.16228	0.02224	0.02441	0.00614	0.00138	0.17655	0.00489	0.00247	0.00470
4	0.01071	0.56833	0.10367	0.00757	0.01094	0.04773	0.00752	0.05962	0.05459	0.03970	0.03367	0.00906	0.00714	0.00401	0.00306	0.00099	0.00436	0.01982	0.00221	0.00529
5	0.00650	0.00493	0.03533	0.00586	0.00675	0.00472	0.00447	0.04432	0.00759	0.04092	0.01509	0.20971	0.05379	0.17425	0.31221	0.00365	0.00582	0.00621	0.05428	0.00360
6	0.00585	0.00415	0.00560	0.00542	0.00574	0.00418	0.04238	0.00620	0.00626	0.00845	0.01310	0.14587	0.01474	0.53659	0.12681	0.05258	0.00463	0.00620	0.00250	0.00278
7	0.01102	0.04673	0.00978	0.02119	0.06352	0.08952	0.00638	0.32903	0.02830	0.01772	0.13283	0.03889	0.03758	0.00560	0.00391	0.00117	0.00379	0.02948	0.11832	0.00525

[dist]
# distance from previous block
# <min> <max>
1	17

[block]
# block no. 4 follows, 68 sequences, length 21
# corresponding to MSA columns:
# 309-329
name=unknown_E
#
# <colnr> <probs for GDERKNQSTAVLIFYWHMCP>
#	G	D	E	R	K	N	Q	S	T	A	V	L	I	F	Y	W	H	M	C	P
0	0.52199	0.02123	0.00727	0.00601	0.00858	0.02956	0.00491	0.02304	0.06151	0.21145	0.02249	0.00996	0.02911	0.00432	0.00307	0.00121	0.00323	0.00301	0.00319	0.02484
1	0.02083	0.02698	0.02476	0.10189	0.13987	0.05828	0.04731	0.03682	0.02907	0.09501	0.10446	0.01864	0.10439	0.05338	0.00557	0.00144	0.05188	0.05656	0.01808	0.00478
2	0.01822	0.07605	0.18514	0.08704	0.22532	0.08282	0.03692	0.03025	0.02671	0.13041	0.00963	0.01067	0.03546	0.00413	0.00379	0.00118	0.00486	0.00347	0.00245	0.02549
3	0.00653	0.00514	0.02778	0.00725	0.07610	0.00486	0.00485	0.04698	0.00826	0.02487	0.11595	0.26103	0.02690	0.22270	0.10643	0.00261	0.00407	0.04089	0.00310	0.00369
4	0.00796	0.00782	0.02593	0.68103	0.13906	0.02944	0.01098	0.01053	0.00825	0.01069	0.02678	0.01080	0.00618	0.00400	0.00396	0.00129	0.00518	0.00358	0.00186	0.00468
5	0.02592	0.01175	0.12533	0.07967	0.23230	0.09641	0.17902	0.04517	0.09704	0.02850	0.00868	0.02355	0.00683	0.00408	0.00418	0.00125	0.01859	0.00380	0.00231	0.00562
6	0.00971	0.04025	0.14559	0.04883	0.32386	0.08911	0.08980	0.03293	0.05815	0.01257	0.01612	0.01093	0.00706	0.03357	0.00474	0.00130	0.02986	0.01808	0.00216	0.02537
7	0.00547	0.00426	0.00482	0.00494	0.00599	0.00392	0.00364	0.00719	0.06270	0.02146	0.12647	0.20111	0.42723	0.05166	0.00551	0.00153	0.00232	0.05249	0.00374	0.00357
8	0.00632	0.00488	0.00628	0.04712	0.02999	0.00480	0.01856	0.03605	0.06195	0.02509	0.21611	0.22756	0.19622	0.06439	0.00568	0.00155	0.00271	0.03723	0.00364	0.00388
9	0.04192	0.28289	0.10285	0.06953	0.07296	0.17369	0.01943	0.09858	0.01008	0.06228	0.00749	0.00902	0.00605	0.00404	0.00341	0.00108	0.00503	0.02203	0.00230	0.00533
10	0.01014	0.14779	0.18383	0.03255	0.13665	0.02087	0.09339	0.10750	0.05000	0.06537	0.01018	0.05638	0.02062	0.00480	0.00391	0.00123	0.00470	0.04196	0.00258	0.00559
11	0.00682	0.00416	0.00476	0.00467	0.00571	0.00406	0.00358	0.00901	0.04732	0.02966	0.25585	0.04585	0.08372	0.00677	0.00382	0.00116	0.00210	0.06407	0.41305	0.00384
12	0.00637	0.00483	0.00653	0.00659	0.02517	0.00484	0.03632	0.02394	0.05386	0.03984	0.08469	0.38591	0.13285	0.06246	0.05884	0.00193	0.03654	0.02123	0.00345	0.00381
13	0.03545	0.17133	0.11046	0.04472	0.07936	0.27331	0.06145	0.07452	0.01992	0.05938	0.00744	0.01706	0.00593	0.00406	0.00373	0.00111	0.02017	0.00305	0.00227	0.00529
14	0.02963	0.76390	0.05992	0.00698	0.01046	0.01477	0.00707	0.01225	0.00820	0.04809	0.00606	0.00679	0.00529	0.00349	0.00267	0.00089	0.00425	0.00225	0.00186	0.00519
15	0.00561	0.00427	0.00531	0.00574	0.00680	0.00397	0.00473	0.00709	0.00927	0.01180	0.11504	0.06568	0.33569	0.01035	0.00508	0.00157	0.00279	0.39197	0.00374	0.00353
16	0.00779	0.07213	0.02077	0.02230	0.04381	0.03187	0.00534	0.02720	0.08236	0.07879	0.07325	0.32282	0.10658	0.00939	0.03678	0.00158	0.01354	0.03595	0.00344	0.00433
17	0.05440	0.04358	0.12198	0.06318	0.10551	0.26201	0.01728	0.08802	0.02384	0.06754	0.02816	0.04506	0.00793	0.01613	0.00418	0.00123	0.02100	0.02124	0.00253	0.00519
18	0.00571	0.00387	0.00440	0.00440	0.00450	0.00387	0.00255	0.00582	0.00595	0.00790	0.01376	0.02607	0.05424	0.78132	0.05695	0.00384	0.00406	0.00582	0.00245	0.00250
19	0.00570	0.00384	0.00444	0.00449	0.00454	0.00386	0.00260	0.00581	0.00591	0.00791	0.01298	0.07673	0.01493	0.76990	0.05746	0.00382	0.00406	0.00603	0.00247	0.00251
20	0.00935	0.09148	0.20134	0.03097	0.14668	0.13607	0.11865	0.02164	0.02248	0.01150	0.00961	0.07870	0.02630	0.06155	0.00502	0.00139	0.00522	0.01480	0.00217	0.00506

[dist]
# distance from previous block
# <min> <max>
0	4

[block]
# block no. 5 follows, 68 sequences, length 25
# corresponding to MSA columns:
# 335-359
name=unknown_F
#
# <colnr> <probs for GDERKNQSTAVLIFYWHMCP>
#	G	D	E	R	K	N	Q	S	T	A	V	L	I	F	Y	W	H	M	C	P
0	0.05459	0.01094	0.03036	0.06537	0.42305	0.14546	0.06496	0.07005	0.00981	0.01318	0.00777	0.01064	0.00655	0.00415	0.00422	0.00122	0.03402	0.03590	0.00219	0.00559
1	0.80046	0.00801	0.00644	0.00561	0.00814	0.00924	0.00462	0.09354	0.00795	0.01852	0.00592	0.00675	0.00454	0.00379	0.00261	0.00122	0.00320	0.00229	0.00261	0.00454
2	0.00936	0.01070	0.02340	0.01671	0.02072	0.01003	0.82152	0.01270	0.00936	0.01270	0.00802	0.01070	0.00602	0.00334	0.00468	0.00134	0.00668	0.00468	0.00201	0.00535
3	0.00510	0.00384	0.00472	0.00492	0.00572	0.00346	0.00353	0.00634	0.00940	0.01255	0.34570	0.31799	0.24208	0.01010	0.00481	0.00140	0.00206	0.00890	0.00395	0.00346
4	0.01725	0.00663	0.00903	0.00696	0.00993	0.00573	0.00573	0.01879	0.01134	0.80192	0.05219	0.01422	0.01105	0.00505	0.00402	0.00123	0.00331	0.00413	0.00488	0.00661
5	0.00491	0.00403	0.00433	0.00425	0.00549	0.00344	0.00319	0.00613	0.00957	0.01197	0.23342	0.03608	0.64028	0.00957	0.00468	0.00132	0.00197	0.00808	0.00385	0.00344
6	0.00566	0.00425	0.00637	0.00637	0.00708	0.00496	0.00496	0.00708	0.00637	0.00920	0.01062	0.01558	0.00991	0.02974	0.84494	0.00637	0.01062	0.00425	0.00212	0.00354
7	0.01060	0.86304	0.02078	0.00678	0.01018	0.01569	0.00678	0.01187	0.00806	0.00933	0.00551	0.00636	0.00509	0.00339	0.00254	0.00085	0.00424	0.00212	0.00170	0.00509
8	0.05652	0.00685	0.00901	0.00696	0.00996	0.00610	0.00574	0.04164	0.01129	0.76167	0.01496	0.01309	0.00949	0.00484	0.00389	0.00122	0.00336	0.00389	0.02295	0.00657
9	0.00531	0.00389	0.00502	0.00536	0.00602	0.00365	0.00385	0.00679	0.03003	0.01259	0.32993	0.43278	0.08326	0.01039	0.00488	0.00146	0.00220	0.04511	0.00395	0.00352
10	0.01481	0.01890	0.01124	0.01021	0.01226	0.84474	0.00766	0.01583	0.01124	0.00970	0.00613	0.00715	0.00511	0.00409	0.00358	0.00102	0.00715	0.00255	0.00204	0.00460
11	0.09000	0.00547	0.00620	0.00525	0.00741	0.00480	0.00416	0.01079	0.00951	0.25737	0.05707	0.02456	0.39862	0.00714	0.00410	0.00122	0.00260	0.00584	0.00382	0.09405
12	0.00632	0.00519	0.00676	0.13837	0.02869	0.00549	0.00547	0.00929	0.15073	0.01157	0.03981	0.36338	0.14275	0.02550	0.00493	0.00151	0.00300	0.04381	0.00339	0.00404
13	0.00978	0.00803	0.02665	0.11397	0.15219	0.00775	0.00746	0.17657	0.01089	0.05220	0.11273	0.01231	0.01037	0.00547	0.04056	0.00128	0.00410	0.00372	0.00289	0.24108
14	0.00980	0.06374	0.42053	0.01244	0.14634	0.00993	0.02856	0.15742	0.01032	0.03210	0.00874	0.00989	0.03129	0.00457	0.01703	0.00130	0.02446	0.00335	0.00228	0.00590
15	0.02724	0.27187	0.34218	0.00882	0.01258	0.02635	0.04227	0.01115	0.00804	0.01097	0.00875	0.01120	0.03816	0.03940	0.09459	0.00180	0.01622	0.02149	0.00192	0.00500
16	0.00749	0.00705	0.01189	0.85113	0.02731	0.00881	0.01101	0.01013	0.00793	0.01013	0.00705	0.01057	0.00529	0.00396	0.00396	0.00132	0.00529	0.00352	0.00176	0.00440
17	0.02503	0.04054	0.05249	0.13233	0.14740	0.02660	0.05165	0.06860	0.04619	0.03443	0.06254	0.21984	0.03816	0.03068	0.00469	0.00140	0.00397	0.00584	0.00287	0.00476
18	0.02461	0.14334	0.18972	0.07290	0.04724	0.05828	0.08692	0.05324	0.02608	0.03348	0.03471	0.03691	0.00896	0.02940	0.02407	0.00146	0.05342	0.06790	0.00234	0.00502
19	0.00490	0.00359	0.00454	0.00521	0.00564	0.00330	0.00353	0.00568	0.00795	0.01045	0.07359	0.64894	0.14614	0.04970	0.00566	0.00165	0.00230	0.01035	0.00367	0.00323
20	0.01071	0.05704	0.09354	0.01116	0.07985	0.09900	0.12903	0.02261	0.00910	0.14264	0.07150	0.02957	0.00922	0.02292	0.00635	0.00138	0.19260	0.00401	0.00261	0.00517
21	0.00972	0.09635	0.23842	0.10430	0.24218	0.03655	0.08341	0.05910	0.03098	0.03723	0.00822	0.00981	0.01841	0.00389	0.00383	0.00120	0.00515	0.00341	0.00213	0.00571
22	0.00847	0.00878	0.09236	0.13268	0.25848	0.02160	0.03325	0.03981	0.08536	0.02619	0.07640	0.10959	0.02985	0.02390	0.00455	0.00136	0.00421	0.03530	0.00271	0.00515
23	0.00561	0.00383	0.00461	0.00481	0.00494	0.00384	0.00297	0.00591	0.00626	0.00839	0.01432	0.17611	0.01647	0.61185	0.08308	0.00357	0.00410	0.03397	0.00265	0.00268
24	0.04700	0.03438	0.06901	0.07708	0.09716	0.04939	0.02711	0.24429	0.12202	0.12328	0.01075	0.03597	0.00821	0.00477	0.00389	0.00123	0.00430	0.01613	0.01811	0.00590

[dist]
# distance from previous block
# <min> <max>
2	22

[block]
# block no. 6 follows, 68 sequences, length 25
# corresponding to MSA columns:
# 383-407
name=unknown_G
#
# <colnr> <probs for GDERKNQSTAVLIFYWHMCP>
#	G	D	E	R	K	N	Q	S	T	A	V	L	I	F	Y	W	H	M	C	P
0	0.26366	0.05352	0.03869	0.00927	0.04595	0.40795	0.02382	0.02788	0.00949	0.04192	0.00641	0.00747	0.00514	0.00405	0.00366	0.00113	0.04035	0.00262	0.00225	0.00477
1	0.00570	0.00484	0.00506	0.03338	0.00668	0.03374	0.00376	0.00746	0.04573	0.01235	0.23223	0.03209	0.51177	0.00873	0.00452	0.00129	0.00231	0.00735	0.03735	0.00367
2	0.00997	0.01004	0.01712	0.05955	0.44993	0.04239	0.23868	0.04394	0.06376	0.01332	0.00820	0.01031	0.00652	0.00369	0.00413	0.00123	0.00527	0.00388	0.00218	0.00588
3	0.00646	0.00442	0.00552	0.00513	0.00625	0.00420	0.00389	0.00890	0.06448	0.04673	0.65892	0.02711	0.05711	0.00759	0.00446	0.00123	0.00201	0.00663	0.07496	0.00400
4	0.00487	0.00362	0.00448	0.00510	0.00559	0.00330	0.00346	0.00564	0.00794	0.01032	0.05187	0.60240	0.20859	0.05606	0.00575	0.00165	0.00230	0.01019	0.00364	0.00322
5	0.00574	0.00385	0.00439	0.00441	0.00443	0.00386	0.00250	0.00580	0.00582	0.00778	0.01265	0.04422	0.01456	0.81942	0.04200	0.00386	0.00399	0.00585	0.00242	0.00245
6	0.00482	0.00400	0.00422	0.00421	0.00545	0.00340	0.00314	0.00594	0.00930	0.01143	0.15261	0.06599	0.69213	0.00985	0.00470	0.00134	0.00200	0.00830	0.00378	0.00340
7	0.00795	0.02051	0.84011	0.01130	0.01716	0.00921	0.01465	0.01256	0.00837	0.01256	0.00712	0.00837	0.00502	0.00377	0.00377	0.00126	0.00586	0.00293	0.00167	0.00586
8	0.01452	0.01063	0.01140	0.00882	0.01183	0.01174	0.00725	0.77075	0.01797	0.02422	0.00996	0.03062	0.00736	0.00494	0.00395	0.00119	0.00421	0.00376	0.03834	0.00654
9	0.00587	0.00464	0.00536	0.00523	0.00636	0.00448	0.00391	0.04962	0.05425	0.01283	0.22195	0.18530	0.35951	0.01010	0.03336	0.00154	0.02021	0.00792	0.00379	0.00378
10	0.00612	0.00436	0.00545	0.00532	0.00636	0.00414	0.00415	0.03938	0.01062	0.01481	0.50198	0.05640	0.11569	0.00848	0.00464	0.00133	0.00227	0.13202	0.07269	0.00378
11	0.01072	0.13704	0.01156	0.00912	0.06179	0.07072	0.00691	0.08037	0.53460	0.01543	0.01279	0.01227	0.00978	0.00483	0.00377	0.00123	0.00378	0.00386	0.00341	0.00601
12	0.01112	0.64812	0.06167	0.03041	0.01137	0.16032	0.00746	0.01255	0.00863	0.00958	0.00575	0.00672	0.00509	0.00355	0.00283	0.00091	0.00486	0.00228	0.00176	0.00502
13	0.01014	0.21650	0.12238	0.02113	0.04418	0.01992	0.04467	0.10535	0.03861	0.05977	0.02910	0.01021	0.03242	0.00401	0.00340	0.00099	0.00409	0.00317	0.01636	0.21359
14	0.00995	0.09153	0.28559	0.04211	0.09266	0.05836	0.03178	0.13266	0.02077	0.05259	0.02170	0.02279	0.06088	0.04550	0.00462	0.00133	0.00483	0.01237	0.00251	0.00545
15	0.00494	0.00370	0.00462	0.00528	0.00586	0.00338	0.00374	0.00583	0.00816	0.01053	0.04180	0.56148	0.23417	0.01160	0.00499	0.00155	0.00233	0.07902	0.00369	0.00330
16	0.00539	0.00424	0.00567	0.04962	0.00744	0.00401	0.02522	0.00673	0.00900	0.01184	0.21836	0.27789	0.24760	0.01049	0.03111	0.00159	0.00276	0.07385	0.00365	0.00354
17	0.01097	0.06213	0.13384	0.03059	0.13324	0.11329	0.04565	0.03129	0.03006	0.15944	0.01136	0.03595	0.02153	0.00543	0.00457	0.00130	0.05153	0.10965	0.00281	0.00537
18	0.00904	0.00841	0.02588	0.38518	0.22277	0.03068	0.02584	0.02509	0.00838	0.05243	0.00780	0.03661	0.00643	0.00462	0.00536	0.00134	0.13326	0.00377	0.00207	0.00503
19	0.01450	0.01780	0.01112	0.01002	0.01213	0.74626	0.00756	0.05777	0.06604	0.01095	0.00697	0.00778	0.00566	0.00421	0.00363	0.00105	0.00674	0.00273	0.00227	0.00482
20	0.00516	0.00407	0.00469	0.00471	0.00584	0.00359	0.00361	0.00652	0.00971	0.01248	0.29389	0.06171	0.46970	0.00958	0.00477	0.00137	0.00214	0.08905	0.00390	0.00350
21	0.02064	0.17379	0.30712	0.10769	0.05810	0.03201	0.04419	0.04243	0.00903	0.09590	0.00862	0.04429	0.00692	0.00437	0.00379	0.00120	0.01337	0.01880	0.00227	0.00545
22	0.03877	0.16123	0.09343	0.00790	0.01028	0.09687	0.04055	0.07005	0.05808	0.01259	0.03692	0.07969	0.09478	0.00676	0.00412	0.00132	0.00417	0.17495	0.00290	0.00464
23	0.01613	0.00651	0.00876	0.00684	0.00963	0.00573	0.00560	0.03905	0.01153	0.70959	0.12241	0.01550	0.01334	0.00532	0.00408	0.00123	0.00320	0.00439	0.00481	0.00635
24	0.01294	0.00682	0.00905	0.00869	0.10591	0.00641	0.00611	0.10592	0.02755	0.41096	0.07459	0.07822	0.11679	0.00616	0.00419	0.00126	0.00328	0.00520	0.00416	0.00579

[dist]
# distance from previous block
# <min> <max>
1	2

[block]
# block no. 7 follows, 68 sequences, length 32
# corresponding to MSA columns:
# 410-441
name=unknown_H
#
# <colnr> <probs for GDERKNQSTAVLIFYWHMCP>
#	G	D	E	R	K	N	Q	S	T	A	V	L	I	F	Y	W	H	M	C	P
0	0.01498	0.01060	0.01152	0.00888	0.01197	0.01160	0.00731	0.74527	0.01784	0.08069	0.01027	0.03268	0.00748	0.00498	0.00400	0.00120	0.00424	0.00381	0.00402	0.00665
1	0.01106	0.02147	0.03828	0.00816	0.06856	0.03868	0.00623	0.13586	0.01044	0.14608	0.02024	0.01022	0.00732	0.03370	0.00400	0.00099	0.00365	0.00309	0.00296	0.42901
2	0.01035	0.78432	0.09733	0.00721	0.01083	0.01508	0.00752	0.01194	0.00809	0.00963	0.00566	0.00655	0.00508	0.00343	0.00266	0.00089	0.00439	0.00220	0.00169	0.00516
3	0.00568	0.00420	0.00611	0.00611	0.00673	0.00481	0.00463	0.00691	0.00629	0.00901	0.01086	0.01690	0.01049	0.13606	0.73941	0.00605	0.00975	0.00444	0.00216	0.00339
4	0.00871	0.04896	0.15314	0.03355	0.14077	0.02207	0.14465	0.01124	0.01729	0.07455	0.13104	0.05463	0.07055	0.00606	0.02692	0.00141	0.04185	0.00484	0.00269	0.00508
5	0.45323	0.05784	0.02895	0.00771	0.03015	0.29417	0.00607	0.03665	0.00877	0.01429	0.00610	0.00738	0.00500	0.02510	0.00339	0.00120	0.00469	0.00247	0.00228	0.00455
6	0.00654	0.00352	0.00503	0.00513	0.00520	0.00352	0.00341	0.00542	0.00559	0.00757	0.00926	0.10268	0.00981	0.09306	0.04317	0.65774	0.00357	0.00452	0.02321	0.00205
7	0.03883	0.35860	0.06170	0.00775	0.01087	0.06741	0.00706	0.15883	0.13514	0.02664	0.02150	0.00912	0.00714	0.00453	0.01724	0.00112	0.00432	0.00297	0.00264	0.05660
8	0.03299	0.00784	0.03922	0.02706	0.21755	0.00780	0.06150	0.05976	0.06492	0.05048	0.01000	0.05901	0.00871	0.01114	0.22035	0.00255	0.04486	0.00417	0.00252	0.06758
9	0.00956	0.11742	0.36131	0.01299	0.17280	0.05249	0.07129	0.02471	0.00902	0.05447	0.03473	0.03058	0.00721	0.00415	0.00395	0.00120	0.02090	0.00348	0.00211	0.00564
10	0.00974	0.15084	0.23776	0.05136	0.20351	0.02068	0.10443	0.02882	0.00904	0.07460	0.02524	0.03790	0.00729	0.00449	0.01650	0.00127	0.00507	0.00364	0.00221	0.00561
11	0.01724	0.00687	0.00919	0.00712	0.01013	0.00611	0.00586	0.01944	0.06771	0.78199	0.01568	0.01358	0.00997	0.00494	0.00399	0.00123	0.00336	0.00402	0.00485	0.00672
12	0.00686	0.00637	0.04695	0.07122	0.07823	0.00604	0.06233	0.00928	0.06155	0.02837	0.15281	0.11299	0.14083	0.01120	0.15129	0.00223	0.02757	0.01656	0.00302	0.00429
13	0.01142	0.07587	0.18871	0.04334	0.28703	0.06694	0.02270	0.04966	0.02766	0.16436	0.00890	0.00986	0.00659	0.00401	0.00391	0.00119	0.01596	0.00335	0.00255	0.00599
14	0.01011	0.49832	0.06720	0.02790	0.01080	0.06498	0.00733	0.03937	0.00853	0.02626	0.00922	0.01016	0.08273	0.00464	0.00438	0.00108	0.11694	0.00308	0.00205	0.00492
15	0.00563	0.00412	0.00588	0.00594	0.00649	0.00463	0.00440	0.00673	0.00635	0.00899	0.01174	0.07556	0.01186	0.18031	0.63640	0.00558	0.00881	0.00501	0.00228	0.00331
16	0.00839	0.00668	0.00922	0.01057	0.16452	0.00687	0.02355	0.14525	0.05046	0.01436	0.05178	0.15068	0.04057	0.00841	0.01562	0.00155	0.00377	0.27961	0.00339	0.00475
17	0.01877	0.05717	0.14342	0.18047	0.24174	0.04971	0.09550	0.06422	0.00914	0.01248	0.00734	0.02081	0.00593	0.00412	0.00462	0.00126	0.07233	0.00352	0.00201	0.00542
18	0.00840	0.00768	0.01247	0.84022	0.02773	0.00930	0.01133	0.01078	0.00851	0.01100	0.00795	0.01178	0.00614	0.00456	0.00435	0.00148	0.00557	0.00382	0.00207	0.00487
19	0.00483	0.00383	0.00438	0.00466	0.00558	0.00337	0.00335	0.00581	0.00865	0.01088	0.09596	0.31685	0.47525	0.01118	0.02536	0.00155	0.00231	0.00916	0.00370	0.00334
20	0.01009	0.03265	0.16753	0.04273	0.19442	0.07953	0.13150	0.08475	0.06159	0.03543	0.00923	0.02816	0.00766	0.00464	0.00450	0.00129	0.04486	0.05147	0.00242	0.00558
21	0.00815	0.03554	0.00687	0.06549	0.00852	0.00504	0.00485	0.02108	0.02889	0.16732	0.13554	0.23785	0.15750	0.04105	0.00514	0.00148	0.00287	0.05880	0.00376	0.00425
22	0.02931	0.01289	0.00915	0.04702	0.02493	0.49166	0.00652	0.01240	0.01015	0.02703	0.08494	0.18977	0.02553	0.00630	0.00401	0.00120	0.00528	0.00498	0.00268	0.00427
23	0.02056	0.01131	0.16605	0.05662	0.25560	0.08366	0.00964	0.04645	0.08869	0.12370	0.01213	0.01305	0.07609	0.00469	0.00395	0.00123	0.00457	0.01352	0.00275	0.00574
24	0.00987	0.01934	0.04663	0.02266	0.07244	0.02786	0.02515	0.12201	0.00982	0.05057	0.00776	0.00894	0.00616	0.00401	0.01715	0.00096	0.04064	0.00286	0.00256	0.50262
25	0.00649	0.03466	0.00648	0.00605	0.00672	0.04528	0.00443	0.01789	0.00767	0.02390	0.07372	0.29041	0.06430	0.13839	0.18845	0.01426	0.05752	0.00696	0.00294	0.00350
26	0.00566	0.00425	0.00637	0.00637	0.00708	0.00496	0.00496	0.00708	0.00637	0.00920	0.01062	0.01558	0.00991	0.02974	0.84494	0.00637	0.01062	0.00425	0.00212	0.00354
27	0.00814	0.01506	0.45892	0.03521	0.05578	0.00884	0.22544	0.01204	0.02545	0.01267	0.04745	0.01199	0.05629	0.00425	0.00412	0.00128	0.00554	0.00398	0.00207	0.00547
28	0.00900	0.01567	0.48957	0.02724	0.09054	0.02742	0.03075	0.04923	0.10056	0.02979	0.00879	0.01050	0.00669	0.00423	0.00404	0.00125	0.02150	0.02665	0.00224	0.04435
29	0.00615	0.00443	0.00609	0.00696	0.00783	0.00437	0.00595	0.00782	0.00898	0.01164	0.02209	0.12243	0.06607	0.01105	0.00539	0.00178	0.00343	0.69030	0.00366	0.00359
30	0.16449	0.09092	0.01108	0.00853	0.03116	0.12625	0.02276	0.24406	0.19054	0.04563	0.00960	0.00991	0.00729	0.01639	0.00377	0.00122	0.00426	0.00331	0.00316	0.00566
31	0.09017	0.03319	0.19672	0.03022	0.10887	0.02884	0.02490	0.04907	0.03185	0.05602	0.02522	0.04084	0.00734	0.00416	0.00380	0.00108	0.02883	0.00334	0.00244	0.23311

[dist]
# distance from previous block
# <min> <max>
1	6

[block]
# block no. 8 follows, 68 sequences, length 18
# corresponding to MSA columns:
# 450-467
name=unknown_I
#
# <colnr> <probs for GDERKNQSTAVLIFYWHMCP>
#	G	D	E	R	K	N	Q	S	T	A	V	L	I	F	Y	W	H	M	C	P
0	0.15388	0.08921	0.19747	0.01055	0.07581	0.13175	0.05345	0.03768	0.01713	0.03859	0.00710	0.02618	0.00583	0.00447	0.00493	0.00126	0.13429	0.00314	0.00215	0.00513
1	0.00500	0.00361	0.00471	0.00549	0.00580	0.00341	0.00369	0.00596	0.02600	0.01044	0.05679	0.76017	0.04139	0.04034	0.00552	0.00166	0.00235	0.01070	0.00368	0.00329
2	0.01388	0.01022	0.01110	0.03073	0.01204	0.01123	0.00718	0.64717	0.09228	0.03998	0.01024	0.01028	0.00737	0.00473	0.00389	0.00118	0.00410	0.00362	0.03984	0.03895
3	0.00577	0.00408	0.00568	0.00568	0.00613	0.00453	0.00409	0.00657	0.00612	0.00861	0.01097	0.01851	0.01110	0.28054	0.54638	0.05716	0.00815	0.00466	0.00218	0.00309
4	0.00501	0.00400	0.00448	0.00442	0.00557	0.00348	0.00329	0.00630	0.00973	0.01247	0.31255	0.07124	0.52451	0.00948	0.00470	0.00132	0.00197	0.00808	0.00392	0.00348
5	0.00970	0.01003	0.05535	0.02321	0.74297	0.00945	0.06633	0.01222	0.00902	0.01292	0.00748	0.00980	0.00620	0.00353	0.00397	0.00119	0.00490	0.00358	0.00195	0.00620
6	0.00609	0.00442	0.00574	0.00569	0.00634	0.00471	0.00414	0.04845	0.00745	0.01021	0.05895	0.07790	0.06263	0.26685	0.37158	0.00427	0.00647	0.04207	0.00269	0.00336
7	0.00495	0.00409	0.00438	0.00437	0.00557	0.00363	0.00325	0.00614	0.02214	0.01077	0.07257	0.05309	0.65811	0.05184	0.07563	0.00188	0.00283	0.00785	0.00353	0.00338
8	0.01446	0.08864	0.01202	0.00993	0.01209	0.77625	0.00759	0.01551	0.01097	0.00967	0.00608	0.00708	0.00511	0.00403	0.00349	0.00101	0.00691	0.00252	0.00201	0.00464
9	0.00604	0.00398	0.00474	0.00469	0.00502	0.00394	0.00295	0.00646	0.00677	0.03656	0.08669	0.06684	0.06461	0.59481	0.08661	0.00349	0.00405	0.00613	0.00277	0.00286
10	0.74422	0.00783	0.00638	0.00556	0.00801	0.00899	0.00457	0.10101	0.00815	0.01842	0.00637	0.00724	0.00488	0.00385	0.00264	0.00121	0.00314	0.00239	0.05062	0.00453
11	0.00835	0.07969	0.65707	0.02837	0.07029	0.00974	0.06759	0.01244	0.00845	0.01231	0.00708	0.00852	0.00518	0.00370	0.00375	0.00123	0.00571	0.00304	0.00172	0.00577
12	0.00878	0.00878	0.03676	0.42894	0.28435	0.02218	0.06538	0.02968	0.05378	0.01195	0.00779	0.01043	0.00605	0.00388	0.00399	0.00127	0.00510	0.00363	0.00202	0.00527
13	0.00494	0.00377	0.00438	0.00480	0.00549	0.00340	0.00333	0.00571	0.00801	0.01011	0.02821	0.38545	0.35903	0.11963	0.00685	0.00179	0.00242	0.03596	0.00352	0.00318
14	0.00616	0.00715	0.13762	0.04591	0.00901	0.00524	0.01482	0.03162	0.03546	0.01237	0.18404	0.09434	0.30687	0.01977	0.05109	0.02116	0.00345	0.00661	0.00327	0.00404
15	0.00564	0.00426	0.00528	0.00542	0.00629	0.00409	0.00399	0.00781	0.07909	0.01321	0.35613	0.29921	0.13185	0.00967	0.00479	0.00142	0.00223	0.05189	0.00399	0.00373
16	0.01282	0.01555	0.01132	0.02851	0.05613	0.59502	0.00798	0.01396	0.00997	0.00988	0.00660	0.00879	0.00579	0.00585	0.04470	0.00142	0.13937	0.01976	0.00202	0.00457
17	0.01356	0.10532	0.01267	0.05688	0.08077	0.64400	0.00812	0.01481	0.01054	0.00996	0.00622	0.00747	0.00521	0.00396	0.00352	0.00103	0.00654	0.00264	0.00198	0.00478

[dist]
# distance from previous block
# <min> <max>
0	1

[block]
# block no. 9 follows, 68 sequences, length 22
# corresponding to MSA columns:
# 469-490
name=unknown_J
#
# <colnr> <probs for GDERKNQSTAVLIFYWHMCP>
#	G	D	E	R	K	N	Q	S	T	A	V	L	I	F	Y	W	H	M	C	P
0	0.01362	0.03378	0.01077	0.00878	0.01126	0.28065	0.00694	0.36338	0.05579	0.06367	0.01115	0.06937	0.04264	0.00530	0.00391	0.00117	0.00490	0.00401	0.00331	0.00560
1	0.01051	0.04703	0.01379	0.07700	0.15719	0.24891	0.12537	0.02234	0.00907	0.01096	0.00770	0.01010	0.02410	0.02562	0.03938	0.00149	0.12617	0.00349	0.00203	0.03776
2	0.06323	0.00622	0.00784	0.00727	0.00789	0.03700	0.00569	0.01847	0.00694	0.01037	0.05926	0.06226	0.01105	0.09956	0.33778	0.00366	0.24488	0.00455	0.00231	0.00377
3	0.63355	0.16787	0.03880	0.00599	0.00879	0.01041	0.00535	0.06738	0.00787	0.01652	0.00585	0.00671	0.00464	0.00370	0.00262	0.00115	0.00347	0.00227	0.00239	0.00467
4	0.00570	0.00413	0.00575	0.00575	0.00624	0.00462	0.00418	0.00668	0.00619	0.00874	0.01119	0.01873	0.01128	0.28223	0.59433	0.00560	0.00856	0.00471	0.00221	0.00319
5	0.00483	0.00345	0.00460	0.00552	0.00575	0.00322	0.00368	0.00552	0.00759	0.01012	0.02185	0.85807	0.02622	0.01242	0.00506	0.00161	0.00230	0.01127	0.00368	0.00322
6	0.00657	0.00531	0.00618	0.00558	0.00724	0.00505	0.03448	0.00979	0.16658	0.04315	0.15905	0.02967	0.46886	0.00823	0.00449	0.00130	0.00245	0.00699	0.00381	0.02521
7	0.01403	0.01639	0.01121	0.01022	0.03266	0.61761	0.00764	0.10879	0.09965	0.01227	0.00760	0.00835	0.00608	0.00436	0.00392	0.00110	0.02768	0.00293	0.00247	0.00506
8	0.00937	0.00897	0.01530	0.18012	0.68356	0.00931	0.01195	0.01178	0.00882	0.01242	0.00738	0.00996	0.00609	0.00361	0.00393	0.00120	0.00482	0.00353	0.00192	0.00593
9	0.00509	0.00415	0.00453	0.00449	0.00574	0.00364	0.00342	0.00655	0.02660	0.01206	0.21691	0.03610	0.59528	0.00956	0.00471	0.00134	0.00209	0.05039	0.00384	0.00351
10	0.00536	0.00400	0.00498	0.00482	0.00579	0.00362	0.00358	0.00696	0.01049	0.01437	0.60577	0.09138	0.20660	0.00883	0.00471	0.00129	0.00193	0.00772	0.00417	0.00362
11	0.00641	0.00476	0.02591	0.00499	0.00541	0.00462	0.00327	0.05835	0.00671	0.00906	0.01200	0.02351	0.01328	0.70846	0.09414	0.00384	0.00455	0.00542	0.00246	0.00287
12	0.00574	0.00393	0.00478	0.00478	0.00494	0.00409	0.00297	0.00606	0.00590	0.00803	0.01208	0.02363	0.01341	0.67541	0.20406	0.00441	0.00535	0.00543	0.00234	0.00266
13	0.00483	0.00345	0.00460	0.00552	0.00575	0.00322	0.00368	0.00552	0.00759	0.01012	0.02185	0.85807	0.02622	0.01242	0.00506	0.00161	0.00230	0.01127	0.00368	0.00322
14	0.00619	0.00446	0.00614	0.00700	0.00789	0.00441	0.00602	0.00789	0.00902	0.01168	0.02207	0.10093	0.06599	0.01101	0.00541	0.00178	0.00347	0.71138	0.00365	0.00360
15	0.01481	0.01890	0.01124	0.01021	0.01226	0.84474	0.00766	0.01583	0.01124	0.00970	0.00613	0.00715	0.00511	0.00409	0.00358	0.00102	0.00715	0.00255	0.00204	0.00460
16	0.07220	0.00699	0.00786	0.00703	0.00883	0.00738	0.00543	0.27831	0.07238	0.08969	0.01603	0.34176	0.03334	0.00800	0.00435	0.00139	0.00322	0.02699	0.00382	0.00501
17	0.02409	0.00832	0.01342	0.39668	0.33408	0.00954	0.01094	0.05052	0.00867	0.01201	0.00712	0.00997	0.00571	0.00412	0.00481	0.00130	0.08802	0.00350	0.00196	0.00523
