[name]
unknown

[dist]
# distance from previous block
# <min> <max>
71	507

[block]
# block no. 0 follows, 66 sequences, length 6
# corresponding to MSA columns:
# 864-869
name=unknown_A
#
# <colnr> <probs for GDERKNQSTAVLIFYWHMCP>
#	G	D	E	R	K	N	Q	S	T	A	V	L	I	F	Y	W	H	M	C	P
0	0.00997	0.00746	0.02686	0.03612	0.02716	0.02542	0.00588	0.09439	0.10744	0.11078	0.19302	0.07368	0.07214	0.05162	0.03774	0.00168	0.00374	0.00562	0.00386	0.10543
1	0.01002	0.03182	0.02920	0.01359	0.27025	0.00821	0.09160	0.06437	0.04356	0.08694	0.11039	0.01403	0.04757	0.00474	0.00428	0.00117	0.02504	0.00426	0.00292	0.13605
2	0.00992	0.00779	0.04482	0.00847	0.07778	0.00677	0.02234	0.12732	0.03937	0.11456	0.06696	0.11289	0.08368	0.00582	0.00401	0.00112	0.00340	0.00497	0.00336	0.25466
3	0.01080	0.00923	0.00969	0.00945	0.07461	0.08376	0.00676	0.11307	0.44139	0.04637	0.01436	0.10515	0.01192	0.00626	0.00462	0.03437	0.00378	0.00492	0.00368	0.00583
4	0.05925	0.08411	0.01569	0.01921	0.54351	0.03339	0.06167	0.01260	0.00916	0.04486	0.00798	0.01044	0.00668	0.00382	0.00383	0.00117	0.00471	0.02271	0.00220	0.05302
5	0.00929	0.00819	0.01097	0.00941	0.10089	0.00707	0.07720	0.06930	0.05441	0.01430	0.00804	0.00928	0.00648	0.00338	0.00341	0.00082	0.00366	0.00296	0.00254	0.59840

[dist]
# distance from previous block
# <min> <max>
0	3

[block]
# block no. 1 follows, 66 sequences, length 6
# corresponding to MSA columns:
# 873-878
name=unknown_B
#
# <colnr> <probs for GDERKNQSTAVLIFYWHMCP>
#	G	D	E	R	K	N	Q	S	T	A	V	L	I	F	Y	W	H	M	C	P
0	0.01053	0.12855	0.03762	0.03376	0.24291	0.09848	0.00822	0.03114	0.03782	0.04649	0.00776	0.00904	0.00630	0.00363	0.00346	0.00096	0.00438	0.00296	0.00234	0.28364
1	0.00800	0.05245	0.00827	0.00663	0.00837	0.05767	0.05925	0.07197	0.01032	0.06324	0.14417	0.11076	0.32913	0.00866	0.02324	0.00144	0.02169	0.00686	0.00356	0.00430
2	0.01108	0.51642	0.06311	0.00986	0.06294	0.13935	0.07125	0.01274	0.00879	0.01029	0.00613	0.00745	0.00536	0.00383	0.00374	0.00103	0.05691	0.00266	0.00183	0.00522
3	0.00834	0.00493	0.00610	0.00576	0.00719	0.00451	0.00438	0.05282	0.01019	0.17838	0.15224	0.26090	0.23282	0.00934	0.00476	0.00143	0.00261	0.04481	0.00414	0.00435
4	0.00998	0.06512	0.11406	0.03820	0.03608	0.05320	0.04625	0.09538	0.04303	0.11543	0.03716	0.07096	0.17480	0.00612	0.00428	0.00125	0.01849	0.00507	0.00317	0.06196
5	0.02902	0.03364	0.10929	0.01405	0.25457	0.08796	0.04859	0.15009	0.02742	0.11923	0.05327	0.01108	0.00842	0.00447	0.00428	0.00123	0.03074	0.00372	0.00288	0.00604

[dist]
# distance from previous block
# <min> <max>
2	8

[block]
# block no. 2 follows, 66 sequences, length 81
# corresponding to MSA columns:
# 887-961,971-976
name=unknown_C
#
# <colnr> <probs for GDERKNQSTAVLIFYWHMCP>
#	G	D	E	R	K	N	Q	S	T	A	V	L	I	F	Y	W	H	M	C	P
0	0.02257	0.02163	0.03443	0.07706	0.22410	0.00823	0.03961	0.13148	0.05842	0.11095	0.03593	0.12586	0.05923	0.00594	0.00425	0.00131	0.00402	0.01478	0.01461	0.00558
1	0.01019	0.00968	0.01536	0.05062	0.63691	0.03153	0.03361	0.05594	0.04953	0.01376	0.00859	0.03762	0.00731	0.00415	0.00421	0.00124	0.01736	0.00393	0.00227	0.00618
2	0.00898	0.00734	0.00879	0.00676	0.03818	0.00568	0.00516	0.02155	0.00872	0.04867	0.00764	0.00872	0.00621	0.00314	0.00310	0.00066	0.00311	0.00253	0.00252	0.80255
3	0.01058	0.01013	0.01206	0.04423	0.03141	0.10454	0.01756	0.12283	0.03730	0.03030	0.00742	0.03867	0.00667	0.00631	0.00946	0.00155	0.49786	0.00380	0.00236	0.00495
4	0.00626	0.00526	0.02598	0.00919	0.15861	0.00482	0.00565	0.00773	0.02151	0.01177	0.07181	0.49121	0.07823	0.00981	0.00475	0.00148	0.00287	0.02979	0.04921	0.00406
5	0.01520	0.01249	0.01186	0.00943	0.01243	0.15258	0.00763	0.62786	0.05463	0.04104	0.00961	0.00967	0.00694	0.00479	0.00399	0.00120	0.00487	0.00353	0.00375	0.00651
6	0.00699	0.00427	0.00503	0.00490	0.00526	0.00419	0.00301	0.02249	0.00686	0.07785	0.01418	0.12729	0.01570	0.66558	0.01704	0.00338	0.00371	0.00640	0.00286	0.00302
7	0.02157	0.00427	0.00535	0.00500	0.00608	0.00397	0.00378	0.00828	0.01101	0.04436	0.67224	0.02800	0.06125	0.00779	0.00451	0.00124	0.00199	0.00680	0.09860	0.00393
8	0.00619	0.00428	0.00539	0.00503	0.00617	0.00386	0.00380	0.00793	0.01110	0.05533	0.65254	0.03103	0.17515	0.00848	0.00475	0.00129	0.00201	0.00739	0.00437	0.00391
9	0.00495	0.00391	0.00443	0.00474	0.00565	0.00342	0.00337	0.00591	0.00883	0.01110	0.09690	0.32456	0.46724	0.02937	0.00527	0.00152	0.00219	0.00945	0.00379	0.00339
10	0.88607	0.00785	0.00596	0.00534	0.00785	0.00910	0.00439	0.01193	0.00690	0.01820	0.00565	0.00659	0.00439	0.00377	0.00251	0.00126	0.00314	0.00220	0.00251	0.00439
11	0.00888	0.00888	0.01243	0.01065	0.01065	0.01243	0.00888	0.00976	0.00621	0.00976	0.00533	0.00888	0.00533	0.00710	0.01331	0.00178	0.84999	0.00355	0.00178	0.00444
12	0.00561	0.00414	0.00524	0.00496	0.00598	0.00377	0.00372	0.00740	0.01117	0.01551	0.71778	0.03155	0.15094	0.00858	0.00479	0.00129	0.00193	0.00751	0.00437	0.00377
13	0.01085	0.85986	0.02126	0.00694	0.01041	0.01605	0.00694	0.01215	0.00824	0.00955	0.00564	0.00651	0.00521	0.00347	0.00260	0.00087	0.00434	0.00217	0.00174	0.00521
14	0.01740	0.00819	0.01021	0.00783	0.01100	0.00787	0.00647	0.25044	0.01377	0.60121	0.01420	0.01263	0.00914	0.00498	0.00407	0.00124	0.00374	0.00396	0.00474	0.00690
15	0.88607	0.00785	0.00596	0.00534	0.00785	0.00910	0.00439	0.01193	0.00690	0.01820	0.00565	0.00659	0.00439	0.00377	0.00251	0.00126	0.00314	0.00220	0.00251	0.00439
16	0.01004	0.00964	0.01647	0.02490	0.83211	0.00964	0.01245	0.01245	0.00924	0.01325	0.00763	0.01004	0.00643	0.00361	0.00402	0.00120	0.00482	0.00361	0.00201	0.00643
17	0.01518	0.01118	0.01200	0.00925	0.01243	0.01237	0.00762	0.79998	0.01882	0.02522	0.01003	0.02907	0.00736	0.00505	0.00408	0.00123	0.00442	0.00383	0.00405	0.00682
18	0.01009	0.00872	0.00917	0.00826	0.01055	0.01009	0.00642	0.02156	0.82478	0.01697	0.01651	0.01514	0.01238	0.00550	0.00413	0.00138	0.00321	0.00459	0.00413	0.00642
19	0.00517	0.00377	0.00490	0.00575	0.00612	0.00358	0.00393	0.00630	0.03627	0.01067	0.02278	0.76985	0.05434	0.01232	0.00514	0.00164	0.00242	0.03785	0.00378	0.00342
20	0.00697	0.00514	0.00660	0.00707	0.00824	0.00523	0.00593	0.01005	0.12400	0.02709	0.06680	0.07899	0.09188	0.01013	0.00523	0.00170	0.00335	0.52760	0.00386	0.00412
21	0.88607	0.00785	0.00596	0.00534	0.00785	0.00910	0.00439	0.01193	0.00690	0.01820	0.00565	0.00659	0.00439	0.00377	0.00251	0.00126	0.00314	0.00220	0.00251	0.00439
22	0.00766	0.00721	0.01217	0.84767	0.02794	0.00901	0.01127	0.01037	0.00811	0.01037	0.00721	0.01082	0.00541	0.00406	0.00406	0.00135	0.00541	0.00361	0.00180	0.00451
23	0.00501	0.00364	0.00474	0.00554	0.00593	0.00337	0.00379	0.00583	0.00811	0.01071	0.05776	0.72131	0.10068	0.01226	0.00514	0.00161	0.00235	0.03507	0.00379	0.00334
24	0.00494	0.00353	0.00471	0.00565	0.00588	0.00330	0.00377	0.00565	0.00777	0.01036	0.02236	0.85477	0.02683	0.01271	0.00518	0.00165	0.00235	0.01153	0.00377	0.00330
25	0.00587	0.00450	0.00657	0.00653	0.00713	0.00509	0.01763	0.00708	0.00681	0.00965	0.02979	0.15540	0.01360	0.09921	0.55875	0.00506	0.04957	0.00570	0.00249	0.00354
26	0.01064	0.79730	0.08205	0.00729	0.01095	0.01556	0.00754	0.01220	0.00827	0.00979	0.00576	0.00666	0.00520	0.00350	0.00270	0.00090	0.00446	0.00223	0.00173	0.00527
27	0.00728	0.00559	0.00645	0.00624	0.00743	0.01884	0.00465	0.06491	0.15611	0.02752	0.22605	0.24983	0.08492	0.05333	0.03275	0.00172	0.00302	0.03515	0.00390	0.00431
28	0.62674	0.00955	0.04226	0.00857	0.09315	0.07048	0.02878	0.01225	0.00759	0.01629	0.00602	0.00732	0.00479	0.00395	0.00343	0.00127	0.04798	0.00255	0.00234	0.00472
29	0.01124	0.00596	0.02315	0.00612	0.00832	0.00520	0.00497	0.01340	0.06277	0.37164	0.15678	0.02368	0.24533	0.00793	0.03340	0.00148	0.00310	0.00590	0.00436	0.00526
30	0.00566	0.00413	0.00531	0.00504	0.00602	0.00379	0.00377	0.00749	0.01126	0.01578	0.75873	0.04412	0.09668	0.00851	0.00479	0.00129	0.00193	0.00749	0.00440	0.00379
31	0.01167	0.59136	0.04517	0.00771	0.01106	0.06290	0.00730	0.11524	0.07518	0.02826	0.00732	0.00786	0.00609	0.00389	0.00304	0.00098	0.00448	0.00264	0.00230	0.00555
32	0.01276	0.01100	0.06730	0.01147	0.11928	0.09883	0.07216	0.23299	0.05790	0.14978	0.01205	0.02403	0.05075	0.00504	0.00438	0.00126	0.02801	0.01766	0.00331	0.02003
33	0.02173	0.01006	0.01564	0.13629	0.42286	0.06337	0.11627	0.05867	0.02255	0.02639	0.00778	0.01010	0.00625	0.00404	0.00469	0.00128	0.06035	0.00370	0.00218	0.00580
34	0.00884	0.00800	0.01181	0.01001	0.02258	0.00861	0.19080	0.01498	0.36872	0.02936	0.01500	0.19934	0.01356	0.00708	0.01833	0.00154	0.05662	0.00608	0.00339	0.00536
35	0.00524	0.00401	0.00487	0.00506	0.00597	0.00363	0.00373	0.00651	0.00946	0.01243	0.27434	0.24652	0.31417	0.01101	0.03250	0.00161	0.00246	0.04903	0.00393	0.00354
36	0.01023	0.02883	0.07199	0.27428	0.03053	0.17047	0.03439	0.02173	0.06552	0.05585	0.02438	0.01058	0.00695	0.00568	0.03448	0.00152	0.14181	0.00356	0.00228	0.00496
37	0.01085	0.00947	0.01570	0.07527	0.63321	0.02746	0.05204	0.01321	0.00949	0.10137	0.00850	0.01048	0.00671	0.00380	0.00406	0.00122	0.00487	0.00370	0.00232	0.00627
38	0.00504	0.00361	0.00484	0.00567	0.00594	0.00345	0.00382	0.00578	0.00761	0.01020	0.02115	0.76154	0.02514	0.04422	0.06919	0.00210	0.00306	0.01079	0.00360	0.00329
39	0.00936	0.00905	0.05356	0.01467	0.25695	0.00847	0.19086	0.01351	0.15075	0.05445	0.15985	0.01574	0.02466	0.00501	0.00437	0.00130	0.00441	0.01434	0.00301	0.00567
40	0.00897	0.00852	0.01447	0.35719	0.48898	0.00925	0.01178	0.01146	0.00875	0.01202	0.00778	0.02870	0.00646	0.00399	0.00406	0.00127	0.00500	0.00378	0.00196	0.00558
41	0.00890	0.08779	0.62431	0.01179	0.01720	0.01023	0.11787	0.05216	0.00918	0.01322	0.00739	0.00876	0.00536	0.00382	0.00388	0.00126	0.00589	0.00319	0.00187	0.00591
42	0.01625	0.01004	0.01135	0.00870	0.01192	0.01061	0.00719	0.58066	0.01685	0.26663	0.01161	0.01095	0.00784	0.00492	0.00406	0.00123	0.00416	0.00378	0.00435	0.00690
43	0.00962	0.05512	0.56536	0.01262	0.10418	0.03594	0.03243	0.11262	0.01004	0.01423	0.00754	0.00880	0.00553	0.00394	0.00386	0.00124	0.00567	0.00314	0.00206	0.00607
44	0.00979	0.01105	0.15619	0.05705	0.21636	0.08606	0.01752	0.06598	0.06502	0.05635	0.04283	0.07358	0.05699	0.00573	0.00424	0.00132	0.00460	0.06107	0.00282	0.00546
45	0.00881	0.00532	0.00624	0.00567	0.00741	0.00485	0.00443	0.08047	0.01054	0.19233	0.06220	0.13182	0.40191	0.00892	0.00467	0.00139	0.00270	0.05174	0.00409	0.00451
46	0.86874	0.00807	0.00607	0.00544	0.00794	0.02566	0.00446	0.01201	0.00700	0.01804	0.00566	0.00661	0.00441	0.00377	0.00253	0.00125	0.00322	0.00221	0.00250	0.00440
47	0.01004	0.00964	0.01647	0.02490	0.83211	0.00964	0.01245	0.01245	0.00924	0.01325	0.00763	0.01004	0.00643	0.00361	0.00402	0.00120	0.00482	0.00361	0.00201	0.00643
48	0.42532	0.00924	0.01051	0.00889	0.05114	0.01005	0.09334	0.25211	0.01127	0.08098	0.00801	0.00871	0.00585	0.00414	0.00341	0.00125	0.00404	0.00312	0.00309	0.00554
49	0.01697	0.01248	0.01329	0.01045	0.01378	0.01342	0.00840	0.79855	0.01991	0.02685	0.01141	0.01209	0.00851	0.00599	0.00480	0.00153	0.00504	0.00421	0.00460	0.00774
50	0.00590	0.00393	0.00442	0.00442	0.00442	0.00393	0.00246	0.00590	0.00590	0.00787	0.01278	0.02655	0.01475	0.85742	0.02065	0.00393	0.00393	0.00590	0.00246	0.00246
51	0.01348	0.00809	0.01062	0.00900	0.03698	0.00902	0.00710	0.17508	0.01079	0.31827	0.01042	0.01129	0.00761	0.00652	0.00801	0.09613	0.24875	0.00377	0.00344	0.00562
52	0.00505	0.00360	0.00478	0.00561	0.00586	0.00342	0.00375	0.00574	0.00759	0.01015	0.02119	0.76127	0.02525	0.06716	0.04700	0.00203	0.00287	0.01083	0.00361	0.00326
53	0.01820	0.00690	0.00942	0.00722	0.01036	0.00596	0.00596	0.01977	0.01161	0.83492	0.01601	0.01381	0.01004	0.00502	0.00408	0.00126	0.00345	0.00408	0.00502	0.00690
54	0.00705	0.00352	0.00529	0.00529	0.00529	0.00352	0.00352	0.00529	0.00529	0.00705	0.00705	0.01233	0.00705	0.01409	0.01586	0.88196	0.00352	0.00352	0.00176	0.00176
55	0.00541	0.00404	0.00502	0.00497	0.00590	0.00366	0.00365	0.00694	0.01041	0.01417	0.52873	0.16120	0.21215	0.00942	0.00485	0.00136	0.00201	0.00827	0.00420	0.00366
56	0.00645	0.00461	0.00644	0.00737	0.00827	0.00459	0.00639	0.00825	0.00925	0.01204	0.02153	0.09020	0.02354	0.01129	0.00558	0.00186	0.00366	0.76123	0.00374	0.00371
57	0.01085	0.85986	0.02126	0.00694	0.01041	0.01605	0.00694	0.01215	0.00824	0.00955	0.00564	0.00651	0.00521	0.00347	0.00260	0.00087	0.00434	0.00217	0.00174	0.00521
58	0.01039	0.01090	0.02237	0.01606	0.02005	0.01042	0.71327	0.09979	0.01064	0.03157	0.00854	0.01087	0.00632	0.00361	0.00469	0.00135	0.00651	0.00465	0.00233	0.00566
59	0.01062	0.10077	0.01071	0.00825	0.01071	0.03965	0.00659	0.06050	0.66820	0.01636	0.01465	0.01367	0.01109	0.00521	0.00394	0.00130	0.00354	0.00421	0.00380	0.00626
60	0.01253	0.05347	0.13500	0.00999	0.05698	0.09904	0.04704	0.19246	0.07222	0.14387	0.02087	0.01036	0.00752	0.00432	0.00383	0.00114	0.00466	0.00345	0.00313	0.11813
61	0.00830	0.06441	0.78197	0.01141	0.01724	0.00978	0.02651	0.01281	0.00856	0.01268	0.00721	0.00849	0.00516	0.00383	0.00380	0.00126	0.00592	0.00298	0.00172	0.00595
62	0.00814	0.02099	0.83640	0.01156	0.01756	0.00942	0.01499	0.01285	0.00857	0.01285	0.00728	0.00857	0.00514	0.00385	0.00385	0.00128	0.00600	0.00300	0.00171	0.00600
63	0.00766	0.00721	0.01217	0.84767	0.02794	0.00901	0.01127	0.01037	0.00811	0.01037	0.00721	0.01082	0.00541	0.00406	0.00406	0.00135	0.00541	0.00361	0.00180	0.00451
64	0.01194	0.01617	0.35946	0.01100	0.04307	0.13247	0.03018	0.23905	0.04324	0.06200	0.00869	0.00936	0.00626	0.00430	0.00393	0.00123	0.00549	0.00331	0.00272	0.00613
65	0.00813	0.00794	0.01216	0.73645	0.02574	0.04994	0.01090	0.01060	0.00812	0.01029	0.00701	0.01048	0.00539	0.00432	0.00481	0.00137	0.07646	0.00355	0.00181	0.00451
66	0.88607	0.00785	0.00596	0.00534	0.00785	0.00910	0.00439	0.01193	0.00690	0.01820	0.00565	0.00659	0.00439	0.00377	0.00251	0.00126	0.00314	0.00220	0.00251	0.00439
67	0.00562	0.00414	0.00526	0.00498	0.00599	0.00378	0.00373	0.00742	0.01120	0.01560	0.73028	0.03141	0.13839	0.00854	0.00479	0.00129	0.00193	0.00749	0.00438	0.00378
68	0.01000	0.00864	0.00909	0.00819	0.01046	0.00998	0.00636	0.02129	0.81084	0.01687	0.01693	0.01555	0.02636	0.00559	0.00414	0.00138	0.00319	0.00465	0.00412	0.00637
69	0.00602	0.00476	0.00636	0.00712	0.09491	0.00440	0.00473	0.00777	0.01059	0.01444	0.50737	0.03108	0.22456	0.00843	0.00475	0.00132	0.00236	0.05104	0.00399	0.00401
70	0.01148	0.63545	0.01932	0.00925	0.09914	0.01482	0.00766	0.13854	0.01005	0.01246	0.00650	0.00739	0.00560	0.00371	0.00298	0.00096	0.00441	0.00256	0.00213	0.00560
71	0.00503	0.00410	0.00434	0.00431	0.00548	0.00357	0.00315	0.00603	0.00898	0.01101	0.10251	0.03617	0.64852	0.10193	0.03548	0.00182	0.00255	0.00803	0.00363	0.00336
72	0.15170	0.00500	0.00495	0.00457	0.00600	0.00519	0.00356	0.04977	0.00913	0.05750	0.06915	0.01447	0.01118	0.00484	0.00304	0.00105	0.00230	0.00378	0.58864	0.00419
73	0.01086	0.00811	0.02857	0.00928	0.01185	0.00815	0.14728	0.03013	0.31110	0.18480	0.05405	0.01641	0.01220	0.00813	0.09440	0.00192	0.00476	0.04853	0.00369	0.00578
74	0.01312	0.00974	0.01054	0.06958	0.01251	0.04758	0.00717	0.33638	0.27565	0.12451	0.01348	0.01299	0.03771	0.00519	0.00409	0.00128	0.00404	0.00413	0.00394	0.00635
75	0.01142	0.26764	0.09807	0.10025	0.01513	0.12479	0.12049	0.13576	0.01053	0.03182	0.00726	0.00866	0.00573	0.00407	0.00405	0.00116	0.04230	0.00316	0.00226	0.00544
76	0.00588	0.00394	0.00442	0.00442	0.00444	0.00392	0.00247	0.00590	0.00596	0.00792	0.01328	0.02677	0.02904	0.84258	0.02037	0.00389	0.00390	0.00595	0.00248	0.00248
77	0.00964	0.03915	0.54673	0.02084	0.03848	0.00997	0.12764	0.10672	0.01004	0.04141	0.00795	0.00922	0.00569	0.00394	0.00399	0.00128	0.00577	0.00337	0.00215	0.00603
78	0.01053	0.00877	0.00938	0.00825	0.01057	0.01006	0.00648	0.13101	0.65560	0.01778	0.03286	0.01476	0.01207	0.00669	0.04502	0.00160	0.00373	0.00451	0.00403	0.00630
79	0.02079	0.06384	0.21111	0.01094	0.12580	0.05233	0.00922	0.12857	0.02683	0.10627	0.00917	0.00991	0.01980	0.00412	0.00384	0.00110	0.01839	0.00324	0.00270	0.17204
80	0.03269	0.09774	0.02318	0.04203	0.27070	0.11184	0.00963	0.10955	0.16768	0.03945	0.01147	0.01365	0.00944	0.00563	0.00469	0.00153	0.01274	0.02618	0.00336	0.00681

[dist]
# distance from previous block
# <min> <max>
0	1

[block]
# block no. 3 follows, 66 sequences, length 34
# corresponding to MSA columns:
# 978-1011
name=unknown_D
#
# <colnr> <probs for GDERKNQSTAVLIFYWHMCP>
#	G	D	E	R	K	N	Q	S	T	A	V	L	I	F	Y	W	H	M	C	P
0	0.05531	0.00790	0.00946	0.05258	0.01116	0.00861	0.02706	0.19187	0.23204	0.13833	0.02692	0.05280	0.01110	0.00837	0.09561	0.00190	0.00449	0.03402	0.02474	0.00572
1	0.01086	0.02399	0.05606	0.20769	0.10188	0.20431	0.04598	0.06816	0.10803	0.04044	0.00969	0.04672	0.01741	0.00507	0.01375	0.00133	0.02689	0.00392	0.00255	0.00528
2	0.00588	0.00402	0.00486	0.00486	0.00501	0.00417	0.00300	0.00618	0.00603	0.00819	0.01238	0.02434	0.01379	0.68529	0.19147	0.00447	0.00538	0.00558	0.00240	0.00270
3	0.01236	0.00990	0.01044	0.00948	0.01180	0.01069	0.00711	0.02154	0.70118	0.04862	0.01901	0.01938	0.03638	0.05246	0.00604	0.00194	0.00406	0.00548	0.00481	0.00732
4	0.00758	0.00460	0.00549	0.00525	0.00673	0.00401	0.00404	0.00879	0.00965	0.16928	0.09173	0.16041	0.43258	0.00956	0.00477	0.00142	0.00248	0.06347	0.00406	0.00412
5	0.00514	0.00397	0.00469	0.00483	0.00577	0.00352	0.00350	0.00636	0.00957	0.01249	0.28736	0.25064	0.36702	0.01028	0.00489	0.00141	0.00209	0.00895	0.00399	0.00352
6	0.01085	0.85986	0.02126	0.00694	0.01041	0.01605	0.00694	0.01215	0.00824	0.00955	0.00564	0.00651	0.00521	0.00347	0.00260	0.00087	0.00434	0.00217	0.00174	0.00521
7	0.01742	0.00730	0.00950	0.00732	0.01038	0.00665	0.00604	0.11383	0.01236	0.70411	0.01515	0.01338	0.00969	0.00499	0.00402	0.00124	0.00351	0.00402	0.04233	0.00677
8	0.00841	0.00721	0.00841	0.00601	0.00961	0.00541	0.00481	0.01022	0.00841	0.01322	0.00721	0.00841	0.00601	0.00300	0.00300	0.00060	0.00300	0.00240	0.00240	0.88222
9	0.88607	0.00785	0.00596	0.00534	0.00785	0.00910	0.00439	0.01193	0.00690	0.01820	0.00565	0.00659	0.00439	0.00377	0.00251	0.00126	0.00314	0.00220	0.00251	0.00439
10	0.00888	0.00888	0.01243	0.01065	0.01065	0.01243	0.00888	0.00976	0.00621	0.00976	0.00533	0.00888	0.00533	0.00710	0.01331	0.00178	0.84999	0.00355	0.00178	0.00444
11	0.00959	0.00854	0.01335	0.38928	0.30179	0.00957	0.01080	0.13615	0.01011	0.01367	0.00794	0.01066	0.00624	0.00543	0.04859	0.00156	0.00535	0.00366	0.00224	0.00549
12	0.01127	0.77886	0.02035	0.00723	0.01062	0.05980	0.00702	0.04685	0.00888	0.01025	0.00585	0.00669	0.00528	0.00357	0.00272	0.00089	0.00450	0.00226	0.00185	0.00525
13	0.00588	0.00403	0.00489	0.00489	0.00505	0.00419	0.00304	0.00620	0.00604	0.00821	0.01236	0.02419	0.01372	0.67318	0.20348	0.00451	0.00548	0.00555	0.00239	0.00272
14	0.00549	0.00414	0.00508	0.00484	0.00591	0.00372	0.00363	0.00717	0.01089	0.01486	0.62113	0.03262	0.24800	0.00882	0.00479	0.00130	0.00195	0.00766	0.00428	0.00372
15	0.00973	0.00785	0.00902	0.00655	0.01009	0.00653	0.00529	0.13570	0.01014	0.03483	0.00781	0.00875	0.00624	0.00334	0.00319	0.00071	0.00324	0.00264	0.00272	0.72561
16	0.01322	0.01484	0.01571	0.01242	0.01532	0.39403	0.27191	0.16419	0.01214	0.01383	0.00752	0.00899	0.00584	0.00414	0.00436	0.00120	0.02900	0.00354	0.00244	0.00536
17	0.01051	0.00596	0.00773	0.00742	0.00919	0.00590	0.00617	0.01387	0.15028	0.25708	0.01906	0.08269	0.01773	0.00849	0.00487	0.00159	0.00347	0.37870	0.00419	0.00511
18	0.00482	0.00411	0.00415	0.00414	0.00550	0.00344	0.00311	0.00588	0.00932	0.01113	0.06580	0.03877	0.80566	0.01021	0.00479	0.00137	0.00205	0.00852	0.00379	0.00344
19	0.12266	0.00977	0.00877	0.00752	0.00989	0.18606	0.00595	0.09629	0.09053	0.23059	0.06768	0.01586	0.10003	0.00566	0.00396	0.00125	0.00408	0.02435	0.00369	0.00541
20	0.75160	0.00770	0.00650	0.00563	0.00824	0.00862	0.00464	0.01314	0.00763	0.14475	0.00725	0.00771	0.00527	0.00396	0.00275	0.00126	0.00319	0.00249	0.00290	0.00478
21	0.00668	0.00468	0.00555	0.00515	0.00650	0.00429	0.00392	0.03005	0.04183	0.07163	0.42155	0.05299	0.31255	0.00868	0.00471	0.00132	0.00220	0.00745	0.00422	0.00407
22	0.01376	0.01105	0.01332	0.01026	0.01339	0.05352	0.13284	0.53099	0.08368	0.04204	0.01016	0.01061	0.00738	0.00510	0.01852	0.00133	0.00489	0.00388	0.02690	0.00639
23	0.00936	0.01108	0.05420	0.01593	0.01982	0.03150	0.71152	0.01260	0.00950	0.01275	0.00941	0.05010	0.02306	0.00402	0.00474	0.00137	0.00652	0.00504	0.00215	0.00533
24	0.01680	0.00757	0.00967	0.00748	0.01048	0.00708	0.00615	0.17195	0.01303	0.62300	0.07136	0.01418	0.01140	0.00522	0.00412	0.00125	0.00354	0.00422	0.00480	0.00669
25	0.01153	0.72926	0.01978	0.00743	0.01074	0.10606	0.00708	0.04942	0.00909	0.01032	0.00590	0.00674	0.00529	0.00361	0.00279	0.00090	0.00467	0.00229	0.00188	0.00523
26	0.00590	0.00414	0.00522	0.00521	0.00600	0.00387	0.00375	0.00737	0.02040	0.03206	0.44251	0.18813	0.09725	0.12374	0.00700	0.00173	0.00240	0.03574	0.00399	0.00361
27	0.04096	0.00652	0.00843	0.00668	0.00942	0.00589	0.00545	0.01803	0.04577	0.64963	0.01530	0.01386	0.01004	0.00496	0.00384	0.00121	0.00319	0.00400	0.14047	0.00633
28	0.00598	0.00468	0.00551	0.00551	0.00658	0.00456	0.00404	0.00885	0.13598	0.01356	0.30420	0.25413	0.21204	0.00952	0.00479	0.00141	0.00227	0.00833	0.00406	0.00399
29	0.00508	0.00377	0.00475	0.00532	0.00590	0.00344	0.00372	0.00606	0.00867	0.01144	0.15150	0.55004	0.18213	0.01152	0.00505	0.00154	0.00226	0.03053	0.00387	0.00341
30	0.00812	0.00625	0.00688	0.00611	0.00771	0.02726	0.00476	0.16754	0.06846	0.01689	0.39304	0.02583	0.16564	0.00757	0.00450	0.00128	0.00271	0.02772	0.04714	0.00456
31	0.00530	0.00410	0.00483	0.00471	0.00581	0.00363	0.00351	0.00678	0.01034	0.01372	0.45434	0.07785	0.37173	0.00936	0.00481	0.00134	0.00200	0.00808	0.00413	0.00363
32	0.01085	0.85986	0.02126	0.00694	0.01041	0.01605	0.00694	0.01215	0.00824	0.00955	0.00564	0.00651	0.00521	0.00347	0.00260	0.00087	0.00434	0.00217	0.00174	0.00521
33	0.01224	0.00700	0.00774	0.00635	0.00850	0.00726	0.00511	0.29448	0.01277	0.16723	0.01251	0.01300	0.00911	0.00483	0.00349	0.00110	0.00307	0.00379	0.41499	0.00544

[dist]
# distance from previous block
# <min> <max>
9	26

[block]
# block no. 4 follows, 66 sequences, length 14
# corresponding to MSA columns:
# 1038-1051
name=unknown_E
#
# <colnr> <probs for GDERKNQSTAVLIFYWHMCP>
#	G	D	E	R	K	N	Q	S	T	A	V	L	I	F	Y	W	H	M	C	P
0	0.02857	0.54606	0.03918	0.00918	0.07280	0.07604	0.03959	0.05223	0.00942	0.08328	0.00709	0.00786	0.00583	0.00375	0.00310	0.00100	0.00465	0.00268	0.00221	0.00551
1	0.88607	0.00785	0.00596	0.00534	0.00785	0.00910	0.00439	0.01193	0.00690	0.01820	0.00565	0.00659	0.00439	0.00377	0.00251	0.00126	0.00314	0.00220	0.00251	0.00439
2	0.00958	0.01094	0.02394	0.01710	0.02120	0.01026	0.81737	0.01300	0.00958	0.01300	0.00821	0.01094	0.00616	0.00342	0.00479	0.00137	0.00684	0.00479	0.00205	0.00547
3	0.00950	0.00812	0.00867	0.00796	0.01002	0.00932	0.00612	0.01975	0.73169	0.01622	0.01718	0.11080	0.01403	0.00633	0.00425	0.00141	0.00311	0.00538	0.00409	0.00607
4	0.00918	0.00865	0.01458	0.21267	0.58507	0.00907	0.01143	0.01148	0.00873	0.01219	0.00792	0.01146	0.00682	0.06769	0.00527	0.00144	0.00489	0.00378	0.00199	0.00569
5	0.00828	0.06601	0.79264	0.01132	0.01718	0.00978	0.01456	0.01281	0.00855	0.01267	0.00719	0.00846	0.00514	0.00383	0.00379	0.00126	0.00591	0.00295	0.00171	0.00595
6	0.00897	0.00915	0.01393	0.01149	0.01203	0.01214	0.11454	0.01019	0.00665	0.01019	0.00570	0.00915	0.00543	0.00662	0.01220	0.00172	0.73980	0.00371	0.00181	0.00457
7	0.00988	0.00647	0.00755	0.00696	0.00879	0.00670	0.00537	0.03068	0.32197	0.18110	0.02055	0.21965	0.10357	0.00790	0.00451	0.00144	0.00298	0.04445	0.00416	0.00533
8	0.00573	0.00447	0.00529	0.00565	0.00650	0.00437	0.00401	0.00819	0.12911	0.01190	0.08503	0.48577	0.20719	0.01077	0.00491	0.00152	0.00238	0.00953	0.00387	0.00383
9	0.00491	0.00367	0.00456	0.00527	0.00578	0.00333	0.00360	0.00569	0.00813	0.01051	0.02697	0.65396	0.22467	0.01211	0.00508	0.00158	0.00228	0.01080	0.00377	0.00333
10	0.01673	0.00653	0.00881	0.00687	0.00973	0.00569	0.00563	0.01834	0.01142	0.73109	0.07081	0.01500	0.01197	0.00523	0.00405	0.00124	0.00326	0.00428	0.05679	0.00651
11	0.00952	0.00857	0.01355	0.40237	0.32813	0.00956	0.01098	0.11646	0.00990	0.01336	0.00787	0.01087	0.00627	0.03030	0.00455	0.00136	0.00502	0.00369	0.00219	0.00548
12	0.01481	0.01432	0.01227	0.01149	0.10585	0.35741	0.00824	0.36072	0.01450	0.04956	0.00830	0.00892	0.00627	0.00445	0.00389	0.00115	0.00565	0.00323	0.00304	0.00593
13	0.00531	0.00375	0.00490	0.00568	0.00597	0.00358	0.00391	0.00605	0.00766	0.01017	0.02064	0.61156	0.02436	0.15390	0.00782	0.00206	0.00280	0.11314	0.00354	0.00321

[dist]
# distance from previous block
# <min> <max>
0	2

[block]
# block no. 5 follows, 66 sequences, length 18
# corresponding to MSA columns:
# 1054-1071
name=unknown_F
#
# <colnr> <probs for GDERKNQSTAVLIFYWHMCP>
#	G	D	E	R	K	N	Q	S	T	A	V	L	I	F	Y	W	H	M	C	P
0	0.74768	0.09480	0.00783	0.00579	0.00837	0.05733	0.00485	0.01219	0.00730	0.01685	0.00568	0.00662	0.00452	0.00376	0.00259	0.00120	0.00350	0.00222	0.00241	0.00449
1	0.00557	0.00415	0.00479	0.00475	0.00590	0.00365	0.00355	0.00691	0.00989	0.03425	0.29712	0.11581	0.43179	0.00964	0.00479	0.00137	0.00211	0.02856	0.02176	0.00365
2	0.02183	0.16123	0.15865	0.09637	0.12673	0.11978	0.05875	0.04621	0.08127	0.04646	0.00813	0.00944	0.00634	0.00415	0.00410	0.00120	0.03818	0.00328	0.00229	0.00560
3	0.00985	0.07314	0.03385	0.21756	0.19493	0.11146	0.00991	0.02815	0.03654	0.01129	0.00707	0.00975	0.00599	0.01853	0.00644	0.00139	0.21363	0.00342	0.00200	0.00510
4	0.00525	0.00386	0.00455	0.00492	0.00572	0.00348	0.00352	0.00635	0.00885	0.01174	0.12540	0.37133	0.31506	0.01059	0.00480	0.00145	0.00219	0.02885	0.07865	0.00346
5	0.00556	0.00401	0.00452	0.00451	0.00557	0.00360	0.00334	0.00698	0.00967	0.01323	0.27669	0.11126	0.37257	0.00898	0.00450	0.00130	0.00201	0.00767	0.15045	0.00360
6	0.00560	0.00410	0.00507	0.00493	0.00586	0.00376	0.00364	0.00716	0.01037	0.01427	0.54923	0.07078	0.17918	0.07170	0.00596	0.00152	0.00216	0.02837	0.02273	0.00362
7	0.01516	0.00633	0.00844	0.00673	0.00934	0.00562	0.00546	0.01715	0.03951	0.62087	0.17273	0.01708	0.01558	0.00566	0.00417	0.00125	0.00309	0.00471	0.03492	0.00619
8	0.00582	0.00431	0.00555	0.00583	0.00684	0.00405	0.00471	0.00748	0.01004	0.01334	0.32322	0.07276	0.19464	0.01001	0.00512	0.00154	0.00266	0.31437	0.00401	0.00369
9	0.01516	0.01934	0.01150	0.01045	0.01254	0.84113	0.00784	0.01620	0.01150	0.00993	0.00627	0.00732	0.00523	0.00418	0.00366	0.00105	0.00732	0.00261	0.00209	0.00470
10	0.01004	0.00964	0.01647	0.02490	0.83211	0.00964	0.01245	0.01245	0.00924	0.01325	0.00763	0.01004	0.00643	0.00361	0.00402	0.00120	0.00482	0.00361	0.00201	0.00643
11	0.00611	0.00437	0.00605	0.00698	0.00773	0.00430	0.00580	0.00767	0.00892	0.01166	0.02172	0.26185	0.02428	0.01161	0.00549	0.00181	0.00337	0.59291	0.00374	0.00362
12	0.01085	0.85986	0.02126	0.00694	0.01041	0.01605	0.00694	0.01215	0.00824	0.00955	0.00564	0.00651	0.00521	0.00347	0.00260	0.00087	0.00434	0.00217	0.00174	0.00521
13	0.01064	0.00937	0.01189	0.01221	0.18521	0.05106	0.07070	0.19650	0.21198	0.01689	0.09502	0.01588	0.06761	0.00545	0.00426	0.00129	0.00413	0.02067	0.00340	0.00585
14	0.00810	0.00934	0.19919	0.00730	0.00982	0.03730	0.01996	0.03826	0.03853	0.08235	0.32718	0.04497	0.11828	0.03547	0.00497	0.00138	0.00350	0.00583	0.00355	0.00473
15	0.09344	0.36214	0.07277	0.00970	0.04740	0.21218	0.07094	0.05248	0.00956	0.01188	0.00639	0.00755	0.00534	0.00383	0.00342	0.00106	0.01997	0.00270	0.00204	0.00521
16	0.00788	0.00432	0.00600	0.00587	0.00607	0.00430	0.00396	0.03396	0.00627	0.00845	0.00817	0.01386	0.00809	0.05387	0.04359	0.77293	0.00404	0.00387	0.00211	0.00239
17	0.01255	0.26599	0.01476	0.05468	0.01258	0.05256	0.02899	0.33481	0.01288	0.01668	0.00888	0.01070	0.00733	0.02895	0.09998	0.00191	0.02339	0.00352	0.00298	0.00589

[dist]
# distance from previous block
# <min> <max>
0	5

[block]
# block no. 6 follows, 66 sequences, length 15
# corresponding to MSA columns:
# 1077-1091
name=unknown_G
#
# <colnr> <probs for GDERKNQSTAVLIFYWHMCP>
#	G	D	E	R	K	N	Q	S	T	A	V	L	I	F	Y	W	H	M	C	P
0	0.00852	0.01613	0.48171	0.02943	0.03268	0.00954	0.26510	0.01244	0.00879	0.01265	0.00818	0.03310	0.00643	0.00422	0.00459	0.00135	0.03845	0.01914	0.00192	0.00563
1	0.17032	0.13142	0.16086	0.02553	0.06391	0.03780	0.05994	0.03201	0.06812	0.05678	0.00818	0.02146	0.00668	0.03638	0.00528	0.00138	0.10294	0.00337	0.00239	0.00526
2	0.00756	0.00705	0.01181	0.80304	0.02678	0.00874	0.01087	0.01022	0.00829	0.01068	0.05079	0.01185	0.00715	0.00428	0.00409	0.00135	0.00522	0.00380	0.00194	0.00447
3	0.00587	0.00406	0.00506	0.00506	0.00528	0.00428	0.00325	0.00631	0.00609	0.00834	0.01220	0.02335	0.01336	0.60772	0.26845	0.00471	0.00603	0.00543	0.00237	0.00281
4	0.00902	0.14841	0.21830	0.05003	0.04628	0.13256	0.03257	0.01177	0.05226	0.01139	0.01202	0.14675	0.05035	0.00664	0.02793	0.00142	0.00502	0.02991	0.00243	0.00493
5	0.01030	0.25675	0.29516	0.00923	0.01319	0.01081	0.05691	0.06188	0.06821	0.08977	0.00922	0.03402	0.00741	0.03947	0.01974	0.00138	0.00494	0.00351	0.00246	0.00564
6	0.00484	0.00409	0.00418	0.00421	0.00552	0.00343	0.00314	0.00588	0.00927	0.01113	0.06984	0.07164	0.76841	0.01030	0.00481	0.00138	0.00206	0.00864	0.00379	0.00343
7	0.00924	0.00931	0.06215	0.08814	0.49218	0.00874	0.07968	0.02795	0.00940	0.01343	0.04887	0.01336	0.00899	0.00439	0.00412	0.00126	0.00471	0.04736	0.06100	0.00572
8	0.05475	0.19985	0.17772	0.02863	0.01244	0.05101	0.03927	0.17098	0.06465	0.03681	0.00950	0.03009	0.02300	0.04856	0.02284	0.01340	0.00482	0.00359	0.00264	0.00545
9	0.00935	0.01247	0.21262	0.01577	0.19808	0.00973	0.28906	0.03611	0.08223	0.01372	0.03305	0.01174	0.00782	0.00420	0.00458	0.00133	0.02969	0.02033	0.00230	0.00582
10	0.00514	0.00378	0.00486	0.00560	0.00613	0.00350	0.00399	0.00608	0.00833	0.01088	0.05511	0.59946	0.15376	0.01198	0.00515	0.00162	0.00245	0.10500	0.00379	0.00339
11	0.05230	0.02581	0.03350	0.08725	0.11717	0.05257	0.00738	0.07577	0.24016	0.04029	0.03262	0.15409	0.01253	0.01778	0.02058	0.00148	0.00403	0.01611	0.00324	0.00534
12	0.01011	0.08925	0.17644	0.00981	0.03211	0.06132	0.09508	0.11033	0.07587	0.05535	0.04747	0.08075	0.02079	0.00614	0.03526	0.00143	0.02786	0.00437	0.00281	0.05746
13	0.00623	0.00460	0.00578	0.00557	0.00570	0.00516	0.00372	0.00662	0.00606	0.00839	0.01153	0.02242	0.01275	0.59777	0.17744	0.00417	0.10554	0.00532	0.00232	0.00292
14	0.00544	0.00377	0.00480	0.00545	0.00571	0.00363	0.00366	0.00610	0.00742	0.00995	0.01934	0.51564	0.02266	0.25146	0.00955	0.00230	0.00294	0.09302	0.02403	0.00312

[dist]
# distance from previous block
# <min> <max>
6	12

[block]
# block no. 7 follows, 66 sequences, length 19
# corresponding to MSA columns:
# 1105-1123
name=unknown_H
#
# <colnr> <probs for GDERKNQSTAVLIFYWHMCP>
#	G	D	E	R	K	N	Q	S	T	A	V	L	I	F	Y	W	H	M	C	P
0	0.01180	0.09636	0.03660	0.01385	0.09313	0.27137	0.31909	0.03868	0.01034	0.03517	0.00791	0.01025	0.00638	0.00400	0.00411	0.00121	0.00628	0.02594	0.00221	0.00534
1	0.00531	0.00423	0.00480	0.00492	0.00598	0.00385	0.00359	0.00702	0.05570	0.01216	0.18446	0.24165	0.43123	0.01024	0.00485	0.00142	0.00217	0.00885	0.00392	0.00364
2	0.01129	0.11595	0.04843	0.07247	0.10368	0.04013	0.04065	0.27964	0.07333	0.01643	0.02368	0.02277	0.03986	0.02576	0.00474	0.00128	0.04271	0.00388	0.00293	0.03038
3	0.00667	0.00394	0.00505	0.00498	0.00518	0.00399	0.00319	0.00638	0.00603	0.03339	0.01091	0.02030	0.01161	0.45760	0.10631	0.27563	0.00448	0.00488	0.02694	0.00254
4	0.00537	0.00410	0.00494	0.00480	0.00585	0.00366	0.00357	0.00692	0.01051	0.01413	0.51588	0.08012	0.30695	0.00922	0.00481	0.00133	0.00199	0.00799	0.00419	0.00366
5	0.00841	0.00721	0.00841	0.00601	0.00961	0.00541	0.00481	0.01022	0.00841	0.01322	0.00721	0.00841	0.00601	0.00300	0.00300	0.00060	0.00300	0.00240	0.00240	0.88222
6	0.00719	0.00441	0.00491	0.00473	0.00592	0.00425	0.00356	0.00952	0.06859	0.05470	0.18350	0.08048	0.17444	0.00713	0.00392	0.00119	0.00213	0.00602	0.36937	0.00403
7	0.01542	0.01136	0.01218	0.00933	0.01258	0.01258	0.00771	0.81858	0.01908	0.02557	0.00974	0.00974	0.00690	0.00487	0.00406	0.00122	0.00446	0.00365	0.00406	0.00690
8	0.80252	0.00818	0.00656	0.00572	0.00830	0.00944	0.00471	0.08934	0.00807	0.01891	0.00604	0.00689	0.00463	0.00387	0.00266	0.00125	0.00327	0.00234	0.00266	0.00463
9	0.00529	0.00387	0.00503	0.00582	0.02350	0.00371	0.00383	0.00603	0.00757	0.01003	0.02139	0.54221	0.10021	0.15269	0.07037	0.00236	0.00331	0.02612	0.00339	0.00327
10	0.01165	0.03397	0.03303	0.01002	0.08679	0.07808	0.00743	0.25357	0.30651	0.03046	0.01346	0.07045	0.03534	0.00557	0.00410	0.00129	0.00408	0.00454	0.00359	0.00608
11	0.88607	0.00785	0.00596	0.00534	0.00785	0.00910	0.00439	0.01193	0.00690	0.01820	0.00565	0.00659	0.00439	0.00377	0.00251	0.00126	0.00314	0.00220	0.00251	0.00439
12	0.08238	0.18624	0.32934	0.02334	0.01325	0.09483	0.02224	0.01318	0.03165	0.08095	0.00963	0.03109	0.04265	0.00487	0.01691	0.00127	0.00509	0.00338	0.00232	0.00541
13	0.30991	0.01545	0.00962	0.00872	0.01095	0.55954	0.00667	0.01475	0.00994	0.01273	0.00606	0.00707	0.00494	0.00404	0.00327	0.00112	0.00590	0.00247	0.00223	0.00460
14	0.00560	0.00414	0.00523	0.00496	0.00597	0.00377	0.00372	0.00738	0.01115	0.01548	0.71275	0.03160	0.15599	0.00859	0.00479	0.00129	0.00194	0.00752	0.00436	0.00377
15	0.00657	0.00470	0.00605	0.00566	0.00657	0.00481	0.00424	0.02409	0.03483	0.03437	0.47134	0.02517	0.03962	0.11708	0.13471	0.00242	0.04058	0.00622	0.02710	0.00386
16	0.02601	0.04289	0.08919	0.05755	0.55266	0.07893	0.03443	0.03290	0.00953	0.02698	0.00757	0.00961	0.00615	0.00375	0.00392	0.00120	0.00514	0.00344	0.00208	0.00607
17	0.00960	0.00871	0.01195	0.15004	0.32477	0.05903	0.00902	0.03325	0.08685	0.04506	0.01241	0.03253	0.09156	0.00481	0.00401	0.00120	0.00431	0.00421	0.00262	0.10408
18	0.02665	0.16856	0.09342	0.00969	0.03564	0.01962	0.05595	0.16625	0.02119	0.04982	0.04692	0.05197	0.01031	0.03229	0.02143	0.00156	0.02397	0.00425	0.00326	0.15726

[dist]
# distance from previous block
# <min> <max>
6	13

[block]
# block no. 8 follows, 66 sequences, length 12
# corresponding to MSA columns:
# 1141-1152
name=unknown_I
#
# <colnr> <probs for GDERKNQSTAVLIFYWHMCP>
#	G	D	E	R	K	N	Q	S	T	A	V	L	I	F	Y	W	H	M	C	P
0	0.71312	0.08088	0.04355	0.00648	0.03289	0.00986	0.00544	0.04462	0.00765	0.01739	0.00594	0.00690	0.00466	0.00379	0.00268	0.00122	0.00347	0.00233	0.00246	0.00469
1	0.06754	0.02923	0.02219	0.02392	0.10590	0.03469	0.02260	0.03564	0.00885	0.01342	0.00946	0.06026	0.04049	0.00415	0.00340	0.00089	0.00354	0.00344	0.00250	0.50789
2	0.01205	0.01013	0.01004	0.00855	0.01107	0.07437	0.00677	0.27365	0.46704	0.01907	0.01342	0.01282	0.01000	0.00516	0.00401	0.00128	0.00386	0.00410	0.04629	0.00631
3	0.00506	0.00364	0.00470	0.00543	0.00576	0.00339	0.00363	0.00581	0.00797	0.01061	0.07661	0.68848	0.07702	0.07379	0.00626	0.00177	0.00242	0.01066	0.00372	0.00328
4	0.04280	0.00489	0.00587	0.00571	0.00693	0.00470	0.00437	0.05005	0.02455	0.07272	0.25463	0.17070	0.17490	0.05158	0.00556	0.00156	0.00266	0.10782	0.00396	0.00403
5	0.08517	0.06771	0.31152	0.01124	0.03795	0.02754	0.16819	0.06296	0.00963	0.11773	0.00889	0.03229	0.00670	0.00462	0.01617	0.00135	0.01846	0.00367	0.00249	0.00573
6	0.00842	0.00837	0.12900	0.04628	0.03105	0.00713	0.01842	0.04100	0.14721	0.07777	0.07459	0.06065	0.08062	0.01180	0.19692	0.00253	0.02961	0.00501	0.01865	0.00496
7	0.00493	0.00358	0.00466	0.00552	0.00585	0.00331	0.00371	0.00566	0.00790	0.01041	0.02398	0.78421	0.09634	0.01250	0.00515	0.00162	0.00233	0.01128	0.00377	0.00331
8	0.00874	0.10083	0.67826	0.01139	0.01693	0.01022	0.06419	0.04091	0.00896	0.01298	0.00727	0.00856	0.00527	0.00383	0.00380	0.00125	0.00584	0.00305	0.00182	0.00592
9	0.10568	0.04064	0.09983	0.03132	0.11229	0.16409	0.08044	0.12359	0.03579	0.04591	0.01914	0.01144	0.04139	0.00509	0.01929	0.00133	0.02783	0.01739	0.01210	0.00542
10	0.00744	0.00710	0.08047	0.01782	0.09130	0.00593	0.02789	0.07131	0.03000	0.03372	0.27257	0.06934	0.19567	0.03292	0.00506	0.00141	0.00319	0.03873	0.00358	0.00454
11	0.02537	0.04602	0.13348	0.02821	0.07558	0.15462	0.02970	0.06734	0.04335	0.25281	0.02945	0.01083	0.00796	0.00438	0.00384	0.00116	0.00476	0.00347	0.00316	0.07453

[dist]
# distance from previous block
# <min> <max>
5	23

[block]
# block no. 9 follows, 66 sequences, length 13
# corresponding to MSA columns:
# 1176-1188
name=unknown_J
#
# <colnr> <probs for GDERKNQSTAVLIFYWHMCP>
#	G	D	E	R	K	N	Q	S	T	A	V	L	I	F	Y	W	H	M	C	P
0	0.06391	0.12859	0.14132	0.01258	0.14644	0.11379	0.10776	0.13348	0.05644	0.04602	0.00822	0.00928	0.00630	0.00403	0.00377	0.00119	0.00519	0.00334	0.00251	0.00583
1	0.05815	0.08630	0.21607	0.01151	0.12623	0.06095	0.04347	0.11398	0.06884	0.09000	0.00910	0.01023	0.00692	0.01730	0.03651	0.00146	0.02032	0.00343	0.01338	0.00583
2	0.01003	0.12704	0.05848	0.00727	0.02316	0.03052	0.01788	0.04534	0.00922	0.08361	0.00815	0.02542	0.00663	0.00361	0.00324	0.00081	0.00365	0.00284	0.00257	0.53053
3	0.00668	0.00457	0.00517	0.00500	0.00532	0.00466	0.00307	0.08051	0.00730	0.00975	0.01348	0.10964	0.01526	0.69280	0.01755	0.00345	0.00382	0.00627	0.00274	0.00295
4	0.02487	0.00618	0.00752	0.08497	0.05276	0.06933	0.02563	0.02472	0.00905	0.05138	0.12408	0.31853	0.08511	0.05872	0.03688	0.00175	0.00370	0.00744	0.00332	0.00405
5	0.00691	0.00429	0.00548	0.00571	0.00635	0.00412	0.00413	0.00776	0.00797	0.08580	0.04490	0.23387	0.04270	0.32072	0.01082	0.00248	0.00334	0.19579	0.00342	0.00345
6	0.01266	0.05420	0.01070	0.00810	0.01079	0.03492	0.02152	0.41366	0.10622	0.09148	0.03454	0.04716	0.10628	0.00585	0.00412	0.00125	0.00388	0.00468	0.02204	0.00598
7	0.00596	0.00451	0.00508	0.00487	0.00620	0.00408	0.00367	0.00796	0.06299	0.04482	0.28901	0.06141	0.46622	0.00921	0.00473	0.00135	0.00215	0.00784	0.00406	0.00388
8	0.00976	0.00913	0.00838	0.00785	0.00908	0.19567	0.00588	0.11213	0.06935	0.03206	0.01408	0.30106	0.01480	0.08112	0.00671	0.00164	0.08491	0.02878	0.00318	0.00443
9	0.01070	0.64348	0.16641	0.00805	0.01186	0.07986	0.00845	0.01259	0.00856	0.01017	0.00598	0.00694	0.00520	0.00360	0.00291	0.00096	0.00487	0.00235	0.00176	0.00531
10	0.00771	0.00633	0.00643	0.00591	0.00734	0.08158	0.00449	0.07339	0.03891	0.04520	0.38914	0.07855	0.22298	0.00818	0.00460	0.00130	0.00278	0.00695	0.00401	0.00422
11	0.02930	0.06462	0.03292	0.00948	0.05397	0.00825	0.14267	0.06298	0.06311	0.02776	0.03091	0.01744	0.12948	0.10198	0.12823	0.00237	0.08229	0.00489	0.00269	0.00465
12	0.01115	0.07279	0.08393	0.03216	0.11235	0.03383	0.13139	0.17536	0.07475	0.05689	0.00895	0.00996	0.00679	0.00398	0.00384	0.00112	0.00467	0.00349	0.00277	0.16984

[dist]
# distance from previous block
# <min> <max>
0	12

[block]
# block no. 10 follows, 66 sequences, length 26
# corresponding to MSA columns:
# 1204-1229
name=unknown_K
#
# <colnr> <probs for GDERKNQSTAVLIFYWHMCP>
#	G	D	E	R	K	N	Q	S	T	A	V	L	I	F	Y	W	H	M	C	P
0	0.05483	0.20773	0.34573	0.00959	0.03137	0.04055	0.02883	0.05152	0.06485	0.05864	0.04559	0.02733	0.00797	0.00437	0.00363	0.00119	0.00485	0.00338	0.00241	0.00565
1	0.02564	0.00545	0.00661	0.00595	0.00743	0.00525	0.00446	0.09087	0.02042	0.20163	0.14651	0.19277	0.08533	0.12425	0.01716	0.00176	0.00305	0.00666	0.04426	0.00455
2	0.03862	0.00895	0.04401	0.02798	0.14121	0.02506	0.00753	0.12108	0.17814	0.08135	0.06544	0.06839	0.09594	0.02793	0.01492	0.00157	0.03713	0.00526	0.00363	0.00584
3	0.00560	0.00407	0.00497	0.00504	0.00597	0.00368	0.00369	0.00690	0.00971	0.03064	0.33926	0.21122	0.26807	0.04460	0.00554	0.00152	0.00224	0.03969	0.00401	0.00360
4	0.01238	0.00968	0.01103	0.00997	0.07925	0.02496	0.01959	0.35493	0.27087	0.05653	0.03084	0.01341	0.03566	0.02674	0.00476	0.00136	0.02369	0.00425	0.00380	0.00630
5	0.78292	0.00741	0.00590	0.00531	0.00764	0.00848	0.00433	0.01143	0.00744	0.01798	0.10224	0.00937	0.00836	0.00430	0.00278	0.00126	0.00299	0.00280	0.00274	0.00433
6	0.00902	0.00860	0.01463	0.37660	0.48836	0.00937	0.01195	0.01156	0.00876	0.01202	0.00745	0.01037	0.00599	0.00380	0.00403	0.00127	0.00507	0.00361	0.00192	0.00561
7	0.00526	0.00408	0.00478	0.00470	0.00579	0.00361	0.00349	0.00668	0.01019	0.01343	0.41385	0.09764	0.39289	0.00952	0.00482	0.00135	0.00201	0.00821	0.00410	0.00361
8	0.02591	0.04738	0.20675	0.00913	0.01219	0.14257	0.06391	0.13799	0.03859	0.01431	0.08427	0.05466	0.09198	0.03123	0.00463	0.00134	0.00479	0.02037	0.00286	0.00512
9	0.04391	0.01118	0.01179	0.00931	0.01228	0.10811	0.05211	0.48625	0.04881	0.12778	0.01067	0.04091	0.00794	0.00500	0.00405	0.00123	0.00463	0.00393	0.00378	0.00633
