[name]
unknown

[dist]
# distance from previous block
# <min> <max>
12	129

[block]
# block no. 0 follows, 57 sequences, length 32
# corresponding to MSA columns:
# 183-202,204-210,215-219
name=unknown_A
#
# <colnr> <probs for GDERKNQSTAVLIFYWHMCP>
#	G	D	E	R	K	N	Q	S	T	A	V	L	I	F	Y	W	H	M	C	P
0	0.00655	0.00482	0.00606	0.03263	0.00781	0.00434	0.00446	0.00765	0.00919	0.03303	0.06365	0.47322	0.14404	0.07220	0.00660	0.00180	0.00291	0.00999	0.00393	0.10512
1	0.03869	0.00785	0.02242	0.02804	0.03018	0.06125	0.03190	0.04915	0.07016	0.01319	0.02607	0.11466	0.05779	0.08384	0.22921	0.00337	0.06929	0.04265	0.01557	0.00470
2	0.01336	0.06741	0.01075	0.00835	0.02287	0.00908	0.00660	0.25285	0.03958	0.20224	0.04444	0.17088	0.09210	0.00776	0.00489	0.00146	0.01541	0.00642	0.01733	0.00621
3	0.01053	0.00988	0.04228	0.02070	0.01360	0.03021	0.15619	0.06192	0.22930	0.03317	0.04303	0.05758	0.01275	0.01862	0.01809	0.00167	0.10487	0.04815	0.05367	0.03377
4	0.01138	0.70051	0.11615	0.00819	0.01227	0.01628	0.00857	0.01327	0.00931	0.01118	0.00870	0.00955	0.05030	0.00435	0.00321	0.00106	0.00492	0.00293	0.00206	0.00581
5	0.03521	0.00510	0.00731	0.02837	0.00856	0.00530	0.03088	0.00848	0.00826	0.03194	0.04397	0.19646	0.01670	0.04891	0.27423	0.11688	0.00636	0.06229	0.04180	0.02299
6	0.00921	0.02274	0.77311	0.01374	0.06344	0.01054	0.01659	0.01433	0.00961	0.01438	0.00815	0.00966	0.00582	0.00429	0.00432	0.00143	0.00662	0.00339	0.00193	0.00672
7	0.01650	0.01605	0.01286	0.01070	0.01363	0.35858	0.00843	0.42117	0.01722	0.02053	0.05341	0.01099	0.00885	0.00532	0.00439	0.00128	0.00619	0.00381	0.00362	0.00647
8	0.73661	0.00906	0.00749	0.00668	0.00917	0.03148	0.00547	0.01320	0.00789	0.03246	0.00698	0.02929	0.00578	0.00483	0.00402	0.00146	0.07749	0.00291	0.00280	0.00494
9	0.00716	0.00440	0.00661	0.00661	0.00702	0.00482	0.00482	0.00702	0.00661	0.00922	0.01005	0.01583	0.00963	0.02505	0.42848	0.42892	0.00812	0.00440	0.00220	0.00303
10	0.01459	0.01524	0.01186	0.01045	0.01308	0.35781	0.00807	0.13898	0.34772	0.01706	0.01241	0.01226	0.00949	0.00541	0.00437	0.00135	0.00576	0.00402	0.00363	0.00643
11	0.06380	0.00654	0.00750	0.00606	0.00873	0.00563	0.00478	0.01231	0.01013	0.13457	0.07477	0.04288	0.04472	0.00537	0.00377	0.00105	0.00296	0.00438	0.22131	0.33874
12	0.00575	0.00408	0.00539	0.00635	0.00665	0.00386	0.00433	0.00657	0.00864	0.01149	0.02400	0.70811	0.02853	0.08381	0.00728	0.00207	0.00290	0.07247	0.00408	0.00364
13	0.00991	0.00991	0.01388	0.01190	0.01190	0.01388	0.00991	0.01091	0.00694	0.01091	0.00595	0.00991	0.00595	0.00793	0.01487	0.00198	0.83246	0.00397	0.00198	0.00496
14	0.00680	0.00505	0.00695	0.03330	0.00828	0.00540	0.00527	0.00826	0.00906	0.03467	0.16446	0.18221	0.10431	0.04933	0.30677	0.00381	0.05096	0.00750	0.00349	0.00413
15	0.01099	0.00629	0.00720	0.00640	0.00837	0.00615	0.00497	0.07128	0.10133	0.18840	0.06198	0.09195	0.17670	0.00767	0.00450	0.00139	0.00295	0.00640	0.22964	0.00544
16	0.00573	0.00429	0.00508	0.00555	0.00631	0.00389	0.00386	0.00671	0.00937	0.01211	0.08222	0.39769	0.29745	0.09324	0.00725	0.00195	0.00268	0.02963	0.02128	0.00370
17	0.00815	0.06163	0.01087	0.16006	0.11863	0.00812	0.01728	0.00962	0.00831	0.01115	0.01331	0.07838	0.04302	0.24672	0.08015	0.00285	0.07479	0.03988	0.00262	0.00446
18	0.01019	0.05600	0.05489	0.07103	0.01286	0.07003	0.02858	0.11863	0.04391	0.01389	0.01127	0.10388	0.01069	0.05175	0.16184	0.00279	0.16458	0.00515	0.00284	0.00521
19	0.46744	0.00969	0.01077	0.02580	0.24965	0.04288	0.00795	0.02836	0.00896	0.02760	0.00774	0.01021	0.00650	0.05526	0.00495	0.00157	0.02315	0.00331	0.00265	0.00556
20	0.01020	0.01075	0.01438	0.26302	0.04802	0.14823	0.12384	0.01240	0.00936	0.01176	0.00881	0.03449	0.00763	0.00981	0.13300	0.00243	0.14013	0.00439	0.00224	0.00510
21	0.00581	0.00422	0.00530	0.00590	0.00638	0.00400	0.00399	0.00664	0.00866	0.01140	0.05318	0.48648	0.14238	0.15802	0.05766	0.00255	0.00347	0.02650	0.00387	0.00359
22	0.01160	0.01143	0.09068	0.12750	0.04639	0.02624	0.18869	0.15174	0.03686	0.07382	0.01311	0.03769	0.07138	0.00577	0.00579	0.00152	0.08558	0.00501	0.00310	0.00611
23	0.00945	0.00750	0.01061	0.03203	0.33858	0.02752	0.00805	0.01164	0.00990	0.01501	0.01465	0.01779	0.07587	0.03571	0.00474	0.00137	0.00385	0.02494	0.34540	0.00540
24	0.01468	0.00683	0.00872	0.00723	0.00955	0.00639	0.00563	0.08692	0.01196	0.42673	0.06329	0.08419	0.01496	0.12326	0.03082	0.01747	0.00395	0.00565	0.06574	0.00604
25	0.00944	0.00860	0.03448	0.07548	0.18617	0.04867	0.02372	0.06946	0.03734	0.01287	0.02398	0.03615	0.01206	0.33488	0.04610	0.00283	0.02480	0.00531	0.00276	0.00488
26	0.04303	0.00742	0.02054	0.08615	0.22871	0.00731	0.03513	0.01107	0.03920	0.03278	0.17858	0.14214	0.10985	0.00785	0.00497	0.00151	0.00391	0.03102	0.00353	0.00529
27	0.00551	0.00411	0.00514	0.00592	0.00648	0.00373	0.00404	0.00642	0.00916	0.01191	0.05267	0.64059	0.20092	0.01346	0.00568	0.00176	0.00254	0.01202	0.00423	0.00373
28	0.00633	0.00493	0.00634	0.00659	0.00732	0.01832	0.00486	0.00754	0.00851	0.01140	0.05558	0.25979	0.13705	0.07962	0.31289	0.00400	0.02765	0.03401	0.00338	0.00387
29	0.02737	0.12097	0.14947	0.04845	0.18528	0.07312	0.04094	0.11332	0.02333	0.06969	0.00898	0.01064	0.00702	0.00551	0.01823	0.02783	0.05710	0.00371	0.00269	0.00636
30	0.00868	0.00777	0.01064	0.16808	0.05723	0.04031	0.03388	0.05353	0.03666	0.01260	0.01475	0.04828	0.09690	0.06094	0.22341	0.00325	0.09841	0.01710	0.00277	0.00482
31	0.00935	0.01959	0.00770	0.02380	0.00846	0.10707	0.00520	0.07496	0.00911	0.01163	0.01249	0.20621	0.01310	0.03755	0.01072	0.36286	0.00422	0.00595	0.03852	0.03151

[dist]
# distance from previous block
# <min> <max>
0	18

[block]
# block no. 1 follows, 57 sequences, length 19
# corresponding to MSA columns:
# 243-261
name=unknown_B
#
# <colnr> <probs for GDERKNQSTAVLIFYWHMCP>
#	G	D	E	R	K	N	Q	S	T	A	V	L	I	F	Y	W	H	M	C	P
0	0.29858	0.03110	0.12304	0.00940	0.06919	0.00899	0.02988	0.06984	0.00984	0.04839	0.01351	0.08959	0.07521	0.02317	0.05034	0.00184	0.00470	0.02512	0.00310	0.01517
1	0.01132	0.13992	0.23220	0.03405	0.13315	0.07845	0.01169	0.07764	0.03914	0.01414	0.00828	0.02349	0.00687	0.00525	0.00619	0.00144	0.16450	0.00369	0.00236	0.00619
2	0.00653	0.00490	0.00596	0.00622	0.00717	0.00468	0.00449	0.04942	0.03726	0.01427	0.19110	0.42580	0.18125	0.01187	0.00552	0.00167	0.00266	0.03066	0.00440	0.00418
3	0.00655	0.00447	0.00592	0.00661	0.02673	0.00426	0.00444	0.02096	0.00875	0.01156	0.06907	0.40302	0.11511	0.06027	0.00922	0.18821	0.00312	0.04458	0.00364	0.00349
4	0.04031	0.11979	0.03310	0.14828	0.26821	0.16728	0.08833	0.04403	0.01085	0.02683	0.00810	0.01026	0.00652	0.00429	0.00424	0.00131	0.00610	0.00369	0.00234	0.00613
5	0.00904	0.00721	0.02396	0.06850	0.04571	0.00707	0.13255	0.03906	0.02204	0.05852	0.09295	0.13597	0.07635	0.06201	0.00636	0.00166	0.03732	0.00656	0.16220	0.00494
6	0.01044	0.00974	0.01567	0.05753	0.58844	0.00996	0.01191	0.01412	0.10064	0.01489	0.02522	0.07002	0.02958	0.00538	0.00465	0.00142	0.00487	0.01609	0.00276	0.00667
7	0.01211	0.84348	0.02374	0.00775	0.01163	0.01793	0.00775	0.01357	0.00921	0.01066	0.00630	0.00727	0.00582	0.00388	0.00291	0.00097	0.00485	0.00242	0.00194	0.00582
8	0.00891	0.00843	0.01413	0.70542	0.11651	0.01031	0.01261	0.01180	0.00911	0.01190	0.00801	0.01189	0.00616	0.00463	0.00498	0.00151	0.04234	0.00403	0.00204	0.00527
9	0.03142	0.05444	0.35008	0.01068	0.01499	0.19696	0.01119	0.09631	0.01170	0.06886	0.00944	0.01046	0.00698	0.00468	0.00407	0.00130	0.00600	0.00345	0.10081	0.00618
10	0.68721	0.00913	0.00837	0.09602	0.04843	0.02959	0.00643	0.01318	0.00807	0.01856	0.00660	0.00816	0.00520	0.00438	0.00355	0.00143	0.03524	0.00276	0.00265	0.00504
11	0.00739	0.00631	0.03797	0.00713	0.00805	0.04850	0.00539	0.00904	0.04154	0.03403	0.04096	0.45282	0.02327	0.09697	0.05520	0.00233	0.01690	0.07641	0.02563	0.00415
12	0.01183	0.01031	0.01055	0.00925	0.01198	0.04176	0.00723	0.08344	0.66394	0.01915	0.01678	0.01564	0.01261	0.00586	0.00451	0.00146	0.00385	0.00481	0.00440	0.06064
13	0.01056	0.00783	0.00927	0.00674	0.01057	0.00602	0.00541	0.01255	0.00980	0.10316	0.00946	0.01042	0.00744	0.00370	0.00348	0.00077	0.00335	0.00296	0.04398	0.73253
14	0.00587	0.00428	0.00539	0.00613	0.00668	0.00401	0.00432	0.00680	0.00893	0.01160	0.02695	0.49603	0.15684	0.11830	0.00797	0.00215	0.00301	0.11708	0.00402	0.00365
15	0.01067	0.18607	0.25547	0.05940	0.01770	0.03423	0.20510	0.01384	0.00983	0.05753	0.00964	0.06175	0.00810	0.02365	0.00508	0.00146	0.02769	0.00442	0.00240	0.00597
16	0.00563	0.00407	0.00535	0.00628	0.00668	0.00378	0.00431	0.00655	0.00901	0.01195	0.05665	0.72468	0.07495	0.01377	0.00576	0.00182	0.00266	0.04812	0.00424	0.00373
17	0.00631	0.00461	0.00628	0.00667	0.00730	0.00479	0.00485	0.02453	0.00866	0.01187	0.06923	0.36591	0.04272	0.06950	0.31711	0.00402	0.00640	0.03185	0.00350	0.00391
18	0.05013	0.20590	0.03768	0.11133	0.05924	0.12666	0.13516	0.07483	0.01076	0.03138	0.00823	0.01082	0.00681	0.00487	0.00522	0.00137	0.08904	0.02230	0.00245	0.00581

[dist]
# distance from previous block
# <min> <max>
19	105

[block]
# block no. 2 follows, 57 sequences, length 17
# corresponding to MSA columns:
# 381-393,396-399
name=unknown_C
#
# <colnr> <probs for GDERKNQSTAVLIFYWHMCP>
#	G	D	E	R	K	N	Q	S	T	A	V	L	I	F	Y	W	H	M	C	P
0	0.02715	0.09869	0.05408	0.07688	0.13491	0.04247	0.05353	0.10843	0.04983	0.04612	0.01179	0.08876	0.02768	0.00807	0.06930	0.00186	0.05016	0.00486	0.00296	0.04248
1	0.04418	0.03882	0.07475	0.02792	0.05616	0.13210	0.05463	0.21968	0.06863	0.04949	0.02158	0.04215	0.04718	0.02459	0.03272	0.00165	0.03347	0.00457	0.00335	0.02238
2	0.04167	0.02676	0.01264	0.46974	0.04177	0.04364	0.02814	0.08503	0.06301	0.01410	0.01114	0.10745	0.00983	0.00593	0.00461	0.00151	0.00534	0.01957	0.00276	0.00535
3	0.59820	0.02467	0.00891	0.01931	0.04772	0.01018	0.02598	0.08900	0.00961	0.06648	0.00827	0.02138	0.00649	0.01988	0.00367	0.00144	0.00389	0.00318	0.02629	0.00542
4	0.58035	0.00862	0.00799	0.03066	0.01011	0.00964	0.00567	0.08880	0.00966	0.12193	0.00887	0.01023	0.00677	0.03698	0.04578	0.00181	0.00424	0.00320	0.00328	0.00541
5	0.01460	0.01159	0.01323	0.12898	0.04987	0.03811	0.00915	0.51449	0.06351	0.02304	0.01090	0.03618	0.00834	0.00555	0.00483	0.00140	0.02914	0.00432	0.00388	0.02889
6	0.02801	0.11938	0.20273	0.13810	0.01633	0.11469	0.01075	0.01297	0.02725	0.01222	0.00890	0.06978	0.00801	0.00709	0.04210	0.00175	0.16805	0.00418	0.00227	0.00544
7	0.02984	0.00464	0.00529	0.00534	0.00652	0.00424	0.00394	0.00815	0.01043	0.03786	0.20902	0.18700	0.31286	0.02319	0.00535	0.00155	0.00244	0.02294	0.11531	0.00408
8	0.00637	0.00465	0.00641	0.00663	0.00711	0.00501	0.00476	0.00737	0.00790	0.01099	0.06870	0.26940	0.01959	0.15495	0.33644	0.03168	0.03743	0.00773	0.00316	0.00371
9	0.01080	0.00934	0.00974	0.00893	0.01100	0.08869	0.01913	0.09057	0.32652	0.02954	0.11382	0.04900	0.01823	0.00928	0.05506	0.00192	0.00465	0.13373	0.00419	0.00588
10	0.00733	0.00525	0.00617	0.00613	0.00686	0.00534	0.00419	0.06325	0.05704	0.01210	0.03451	0.20488	0.10145	0.33749	0.06302	0.04783	0.00418	0.02571	0.00347	0.00378
11	0.75367	0.06382	0.00799	0.00613	0.00909	0.01038	0.00513	0.01320	0.00793	0.01929	0.00643	0.00750	0.00510	0.00412	0.00285	0.00132	0.00358	0.00247	0.00274	0.06725
12	0.01496	0.01098	0.01213	0.01030	0.05086	0.02679	0.00795	0.54188	0.03969	0.05697	0.03691	0.06346	0.02482	0.00618	0.00476	0.00139	0.02075	0.00487	0.05741	0.00693
13	0.07725	0.01851	0.01144	0.01043	0.01267	0.65981	0.00786	0.01641	0.01232	0.01229	0.06236	0.01198	0.05749	0.00536	0.00415	0.00122	0.00708	0.00364	0.00266	0.00508
14	0.02753	0.06551	0.06909	0.01121	0.15570	0.02980	0.00785	0.05489	0.10142	0.04987	0.23748	0.05689	0.08113	0.02569	0.00512	0.00147	0.00390	0.00600	0.00376	0.00568
15	0.04268	0.07180	0.01284	0.01061	0.01260	0.51661	0.00821	0.05227	0.01145	0.01198	0.00762	0.01022	0.00680	0.06607	0.02600	0.00166	0.11964	0.00338	0.00241	0.00514
16	0.04150	0.00951	0.00911	0.00845	0.01001	0.16928	0.00659	0.09194	0.01109	0.07011	0.06628	0.07745	0.01518	0.08337	0.14212	0.00273	0.04981	0.11217	0.01838	0.00489

[dist]
# distance from previous block
# <min> <max>
17	38

[block]
# block no. 3 follows, 57 sequences, length 21
# corresponding to MSA columns:
# 471-476,482-496
name=unknown_D
#
# <colnr> <probs for GDERKNQSTAVLIFYWHMCP>
#	G	D	E	R	K	N	Q	S	T	A	V	L	I	F	Y	W	H	M	C	P
0	0.01127	0.09855	0.03495	0.06564	0.08663	0.03005	0.10683	0.13434	0.05033	0.06389	0.04924	0.11477	0.01298	0.03040	0.01954	0.00163	0.01891	0.03500	0.01619	0.01886
1	0.07810	0.08772	0.01338	0.16340	0.15041	0.07684	0.02555	0.05362	0.07555	0.03780	0.05221	0.04687	0.01013	0.01546	0.00443	0.00135	0.00487	0.00428	0.00291	0.09513
2	0.00981	0.02623	0.03288	0.00830	0.05683	0.02120	0.00622	0.06194	0.05475	0.06300	0.10114	0.09429	0.08623	0.03003	0.00485	0.00126	0.00357	0.00540	0.00354	0.32856
3	0.03244	0.04122	0.01338	0.55982	0.09637	0.02429	0.01114	0.05449	0.02403	0.01332	0.01049	0.01344	0.04824	0.00492	0.00441	0.00144	0.00548	0.00422	0.03151	0.00535
4	0.00616	0.00454	0.00533	0.00531	0.00602	0.00437	0.00361	0.00703	0.00867	0.01136	0.12776	0.05416	0.25517	0.34854	0.12940	0.00350	0.00454	0.00760	0.00347	0.00348
5	0.01052	0.00962	0.01587	0.19452	0.42168	0.01009	0.06401	0.07784	0.01101	0.01527	0.04249	0.04588	0.00989	0.00510	0.00466	0.00143	0.00529	0.02469	0.02385	0.00629
6	0.01269	0.16858	0.07068	0.07352	0.10878	0.08094	0.08256	0.10700	0.04369	0.10494	0.02473	0.04873	0.02336	0.00539	0.00437	0.00136	0.00532	0.02400	0.00311	0.00625
7	0.00835	0.00541	0.00632	0.00592	0.00740	0.00512	0.00453	0.05195	0.03373	0.08515	0.23783	0.06548	0.23522	0.06096	0.00612	0.00165	0.00281	0.05742	0.11406	0.00459
8	0.02396	0.00810	0.03671	0.01242	0.21097	0.03490	0.00793	0.01146	0.01911	0.06946	0.07508	0.06322	0.12439	0.05449	0.05243	0.00199	0.07056	0.05952	0.05805	0.00526
9	0.00697	0.00525	0.00650	0.00692	0.00819	0.00504	0.00569	0.04898	0.01089	0.01391	0.06258	0.12026	0.28297	0.01184	0.00579	0.00182	0.00337	0.38460	0.00424	0.00420
10	0.01442	0.01204	0.01272	0.06545	0.07005	0.09419	0.00879	0.36391	0.23089	0.04108	0.01268	0.01344	0.00957	0.00557	0.00455	0.00142	0.00498	0.02323	0.00402	0.00701
11	0.01061	0.00986	0.01600	0.28062	0.46492	0.01055	0.01266	0.05403	0.03648	0.01463	0.00880	0.01159	0.00704	0.00431	0.00446	0.00138	0.00543	0.00402	0.00238	0.04023
12	0.00912	0.00891	0.00976	0.11995	0.01274	0.15285	0.00754	0.01136	0.04984	0.01125	0.01077	0.03122	0.00971	0.02087	0.44323	0.00458	0.07471	0.00450	0.00247	0.00462
13	0.00940	0.00919	0.01321	0.01138	0.01163	0.01253	0.03134	0.01057	0.00710	0.01095	0.00700	0.01121	0.00681	0.01188	0.14051	0.00280	0.68143	0.00414	0.00206	0.00485
14	0.04400	0.01131	0.01228	0.00959	0.01297	0.01232	0.00787	0.57950	0.07891	0.12298	0.01236	0.01208	0.00871	0.00547	0.00442	0.00136	0.00455	0.00417	0.04776	0.00740
15	0.00718	0.00486	0.00598	0.00605	0.00721	0.00447	0.00445	0.00901	0.04294	0.07755	0.23087	0.30678	0.22710	0.01118	0.00543	0.00162	0.00261	0.03583	0.00453	0.00435
16	0.00587	0.00445	0.00535	0.00561	0.00650	0.00405	0.00398	0.00731	0.02402	0.01359	0.24713	0.32316	0.26937	0.05064	0.00632	0.00175	0.00249	0.01015	0.00436	0.00391
17	0.03463	0.00515	0.02179	0.02400	0.00766	0.00473	0.00472	0.00832	0.04347	0.01422	0.25570	0.34928	0.14700	0.03350	0.00586	0.00170	0.00274	0.02711	0.00427	0.00414
18	0.02962	0.03234	0.01041	0.00907	0.01155	0.05206	0.00711	0.03534	0.62240	0.04342	0.01762	0.05066	0.01399	0.00653	0.00461	0.00153	0.00387	0.03675	0.00438	0.00675
19	0.04573	0.03724	0.01146	0.03825	0.03491	0.11778	0.03345	0.10640	0.30068	0.04211	0.07727	0.02947	0.01412	0.00698	0.02236	0.00160	0.00477	0.06538	0.00389	0.00617
20	0.04687	0.44573	0.14373	0.00958	0.03989	0.10086	0.00912	0.02588	0.01011	0.09379	0.00820	0.00938	0.00669	0.02800	0.00406	0.00124	0.00535	0.00303	0.00245	0.00604

[dist]
# distance from previous block
# <min> <max>
1	5

[block]
# block no. 4 follows, 57 sequences, length 9
# corresponding to MSA columns:
# 507-515
name=unknown_E
#
# <colnr> <probs for GDERKNQSTAVLIFYWHMCP>
#	G	D	E	R	K	N	Q	S	T	A	V	L	I	F	Y	W	H	M	C	P
0	0.01177	0.10756	0.09959	0.07917	0.06286	0.15665	0.06816	0.12729	0.04087	0.01512	0.06655	0.01309	0.01003	0.02621	0.09370	0.00203	0.00654	0.00416	0.00282	0.00580
1	0.00665	0.00460	0.00558	0.00579	0.00689	0.00413	0.00428	0.00800	0.01041	0.05669	0.18206	0.29006	0.29407	0.01148	0.00544	0.00163	0.00258	0.06519	0.03034	0.00411
2	0.00636	0.00458	0.00629	0.00645	0.00694	0.00498	0.00459	0.00738	0.00730	0.01018	0.01477	0.14963	0.01574	0.26516	0.46264	0.00559	0.00840	0.00662	0.00280	0.00361
3	0.00884	0.00689	0.00754	0.00679	0.00863	0.00711	0.00522	0.13140	0.18178	0.01760	0.21561	0.05529	0.24981	0.03961	0.00566	0.00158	0.00303	0.00726	0.03514	0.00521
4	0.01443	0.00811	0.00942	0.00810	0.03542	0.00831	0.00626	0.22430	0.07897	0.24369	0.01471	0.01470	0.01051	0.00545	0.00408	0.00128	0.00359	0.00435	0.29785	0.00646
5	0.77974	0.01016	0.00733	0.00658	0.00933	0.09847	0.00533	0.01384	0.00827	0.01933	0.00638	0.00745	0.00501	0.00426	0.00294	0.00138	0.00401	0.00250	0.00275	0.00494
6	0.01116	0.07062	0.01158	0.13092	0.03528	0.19171	0.00780	0.08025	0.07241	0.01426	0.05377	0.09110	0.07701	0.00647	0.00462	0.00133	0.01896	0.01846	0.00314	0.09916
7	0.33117	0.00995	0.01063	0.00869	0.01152	0.06778	0.09175	0.13196	0.04866	0.07878	0.01157	0.04210	0.03827	0.06504	0.00532	0.00161	0.00452	0.00427	0.00337	0.03303
8	0.06694	0.01087	0.01118	0.00900	0.01219	0.04703	0.00726	0.37107	0.17434	0.07021	0.01456	0.01421	0.06624	0.00569	0.00436	0.00133	0.00432	0.00441	0.00419	0.10060

[dist]
# distance from previous block
# <min> <max>
19	39

[block]
# block no. 5 follows, 57 sequences, length 38
# corresponding to MSA columns:
# 586-623
name=unknown_F
#
# <colnr> <probs for GDERKNQSTAVLIFYWHMCP>
#	G	D	E	R	K	N	Q	S	T	A	V	L	I	F	Y	W	H	M	C	P
0	0.08946	0.07225	0.07183	0.12567	0.13779	0.05460	0.00941	0.06781	0.05771	0.04304	0.02176	0.02865	0.02639	0.03780	0.01734	0.00159	0.06828	0.01288	0.00281	0.05292
1	0.00624	0.00464	0.00546	0.00531	0.00657	0.00410	0.00395	0.00782	0.01139	0.03462	0.39771	0.08956	0.37216	0.02331	0.00563	0.00154	0.00231	0.00897	0.00458	0.00410
2	0.01018	0.00985	0.05582	0.08044	0.26609	0.02492	0.04760	0.09064	0.08928	0.01599	0.08297	0.11091	0.03877	0.00652	0.00500	0.00148	0.02157	0.01680	0.01913	0.00604
3	0.01171	0.33368	0.05992	0.00983	0.03499	0.02445	0.09010	0.06646	0.01052	0.09120	0.01157	0.07966	0.01071	0.05392	0.00542	0.00150	0.01998	0.06042	0.01823	0.00573
4	0.00705	0.00463	0.00563	0.00553	0.00658	0.00423	0.00399	0.00851	0.01070	0.06150	0.33158	0.17199	0.18166	0.09897	0.00710	0.00180	0.00259	0.00857	0.07327	0.00412
5	0.02800	0.09812	0.01346	0.02606	0.07671	0.00975	0.04263	0.15650	0.03100	0.38695	0.05928	0.01421	0.01119	0.00536	0.00440	0.00135	0.00436	0.00441	0.01920	0.00704
6	0.00993	0.00738	0.00812	0.00724	0.00922	0.00769	0.00560	0.20477	0.14472	0.03596	0.10941	0.15526	0.20209	0.00877	0.00494	0.00149	0.00323	0.00740	0.06132	0.00547
7	0.07323	0.01220	0.01294	0.01009	0.01352	0.01362	0.00831	0.68244	0.06824	0.02707	0.01094	0.01100	0.00786	0.00545	0.00463	0.00139	0.02123	0.00403	0.00437	0.00743
8	0.04362	0.39487	0.03244	0.00912	0.01233	0.24117	0.00796	0.10778	0.04138	0.01383	0.00820	0.02673	0.00702	0.00466	0.00359	0.00114	0.00560	0.00316	0.02959	0.00582
9	0.09701	0.14218	0.03152	0.01030	0.01222	0.21445	0.00861	0.04735	0.05788	0.01316	0.00769	0.02577	0.00682	0.00596	0.00768	0.00150	0.29845	0.00356	0.00245	0.00542
10	0.00991	0.00991	0.01388	0.01190	0.01190	0.01388	0.00991	0.01091	0.00694	0.01091	0.00595	0.00991	0.00595	0.00793	0.01487	0.00198	0.83246	0.00397	0.00198	0.00496
11	0.04328	0.01164	0.01103	0.00945	0.01215	0.11504	0.00742	0.25966	0.36211	0.02039	0.03240	0.03524	0.02934	0.02421	0.00492	0.00150	0.00453	0.00482	0.00418	0.00669
12	0.00582	0.00440	0.00541	0.00587	0.00675	0.00399	0.00429	0.00711	0.01017	0.01327	0.18628	0.36047	0.26949	0.01223	0.00561	0.00169	0.00258	0.08632	0.00436	0.00389
13	0.01085	0.00553	0.00723	0.00640	0.00814	0.00496	0.00490	0.01258	0.01193	0.27512	0.36970	0.11574	0.06659	0.04166	0.00576	0.00157	0.00284	0.00739	0.03585	0.00524
14	0.00595	0.00450	0.00616	0.00762	0.06193	0.00421	0.00482	0.00698	0.00917	0.01224	0.07280	0.67029	0.09037	0.01299	0.00563	0.00176	0.00276	0.01173	0.00412	0.00397
15	0.01152	0.08711	0.01121	0.00877	0.01134	0.02263	0.00698	0.06231	0.56975	0.04049	0.03072	0.04436	0.01352	0.00669	0.01993	0.00157	0.00390	0.00506	0.03542	0.00672
16	0.04557	0.07970	0.08874	0.04049	0.04545	0.07720	0.01818	0.24169	0.12951	0.07943	0.04348	0.02958	0.03177	0.00555	0.00435	0.00136	0.00487	0.00438	0.00368	0.02501
17	0.03255	0.22701	0.04328	0.03685	0.05234	0.16329	0.06935	0.18913	0.04197	0.01596	0.00948	0.06050	0.00816	0.00524	0.00438	0.00130	0.02618	0.00405	0.00289	0.00610
18	0.42776	0.03500	0.01023	0.02623	0.01177	0.32632	0.00697	0.06965	0.01070	0.01674	0.00693	0.00806	0.00553	0.00453	0.00364	0.00131	0.01789	0.00280	0.00269	0.00526
19	0.01186	0.13445	0.27517	0.08037	0.07912	0.09483	0.03968	0.08408	0.01116	0.06717	0.02491	0.01087	0.00748	0.00516	0.01921	0.00144	0.01626	0.00365	0.02686	0.00627
20	0.00614	0.00451	0.00559	0.00553	0.00657	0.00410	0.00407	0.00788	0.01161	0.01598	0.51780	0.15562	0.19041	0.01031	0.00534	0.00150	0.00224	0.00904	0.03167	0.00410
21	0.00633	0.00463	0.00649	0.00662	0.00724	0.00507	0.00485	0.00756	0.00762	0.01067	0.04278	0.13582	0.03360	0.17172	0.52131	0.00568	0.00888	0.00650	0.00286	0.00377
22	0.02745	0.00985	0.01108	0.00902	0.01201	0.01053	0.00726	0.34561	0.19446	0.20108	0.03685	0.07078	0.01240	0.00632	0.00461	0.00144	0.00410	0.00512	0.02294	0.00710
23	0.00776	0.00398	0.00582	0.00582	0.00582	0.00398	0.00383	0.00596	0.00596	0.00795	0.00844	0.01520	0.00864	0.08966	0.01819	0.79078	0.00398	0.00417	0.00204	0.00204
24	0.87276	0.00876	0.00666	0.00596	0.00876	0.01017	0.00491	0.01332	0.00771	0.02033	0.00631	0.00736	0.00491	0.00421	0.00280	0.00140	0.00351	0.00245	0.00280	0.00491
25	0.02735	0.00683	0.00788	0.00738	0.00845	0.05623	0.02218	0.13665	0.01000	0.01328	0.01410	0.20917	0.03339	0.03514	0.03856	0.31849	0.00435	0.02316	0.02351	0.00390
26	0.01693	0.02160	0.01284	0.01167	0.01401	0.82256	0.00876	0.01809	0.01284	0.01109	0.00700	0.00817	0.00584	0.00467	0.00409	0.00117	0.00817	0.00292	0.00233	0.00525
27	0.07592	0.04555	0.07027	0.08672	0.10612	0.12979	0.03929	0.17240	0.05217	0.07977	0.05909	0.01250	0.00963	0.00610	0.03387	0.00157	0.00563	0.00408	0.00326	0.00626
28	0.00681	0.00498	0.00698	0.00762	0.05637	0.00535	0.00509	0.00804	0.00772	0.01100	0.04536	0.08466	0.01518	0.24759	0.42000	0.00518	0.00800	0.00600	0.04420	0.00387
29	0.28142	0.01111	0.00928	0.07322	0.02128	0.20699	0.00669	0.08114	0.01034	0.03080	0.00956	0.04902	0.00852	0.08392	0.06918	0.00209	0.00567	0.00398	0.03081	0.00498
30	0.01033	0.01204	0.04811	0.01814	0.02251	0.01095	0.72500	0.01401	0.01054	0.01433	0.01011	0.06288	0.00826	0.00447	0.00534	0.00154	0.00730	0.00575	0.00240	0.00598
31	0.00651	0.00526	0.00592	0.00670	0.00721	0.05427	0.00458	0.02692	0.00929	0.01198	0.02398	0.74839	0.04526	0.01333	0.00564	0.00178	0.00302	0.01197	0.00410	0.00388
32	0.79991	0.00836	0.00652	0.00594	0.00855	0.00963	0.00482	0.01283	0.00781	0.01971	0.00765	0.05861	0.00660	0.00484	0.00300	0.00142	0.00342	0.00313	0.02241	0.00482
33	0.00702	0.00553	0.00797	0.00761	0.00846	0.00635	0.02545	0.00904	0.04745	0.01143	0.06379	0.05782	0.01438	0.10993	0.53253	0.00555	0.06714	0.00559	0.00278	0.00418
34	0.01316	0.05539	0.03954	0.01068	0.04831	0.11412	0.04212	0.26192	0.11665	0.01870	0.01087	0.04936	0.00885	0.00528	0.00455	0.00126	0.02746	0.00416	0.00342	0.16420
35	0.01321	0.00984	0.01062	0.00887	0.01165	0.03653	0.00706	0.26380	0.26392	0.09756	0.10078	0.05429	0.01500	0.00646	0.00464	0.00141	0.00400	0.01990	0.00449	0.06598
36	0.10799	0.10559	0.07205	0.01137	0.11437	0.04499	0.00873	0.23098	0.09695	0.03610	0.01147	0.01258	0.03677	0.00512	0.00410	0.00131	0.00470	0.02038	0.00335	0.07110
37	0.07466	0.03266	0.06884	0.07789	0.05088	0.14008	0.02355	0.20398	0.04862	0.06909	0.02763	0.05077	0.07202	0.02406	0.00482	0.00145	0.00513	0.00471	0.00343	0.01574

[dist]
# distance from previous block
# <min> <max>
1	32

[block]
# block no. 6 follows, 57 sequences, length 8
# corresponding to MSA columns:
# 669-676
name=unknown_G
#
# <colnr> <probs for GDERKNQSTAVLIFYWHMCP>
#	G	D	E	R	K	N	Q	S	T	A	V	L	I	F	Y	W	H	M	C	P
0	0.00911	0.00617	0.00657	0.00617	0.00720	0.04123	0.00443	0.07579	0.02559	0.04709	0.01574	0.07363	0.04692	0.26786	0.05109	0.02907	0.02370	0.02153	0.23694	0.00419
1	0.04583	0.01196	0.13785	0.02544	0.02476	0.02936	0.02202	0.29408	0.04461	0.03138	0.03946	0.01663	0.12089	0.02004	0.00562	0.00149	0.06966	0.00487	0.04790	0.00615
2	0.04336	0.04197	0.05842	0.00841	0.01163	0.06074	0.00712	0.16638	0.02758	0.18437	0.01317	0.11091	0.01118	0.02317	0.00469	0.00134	0.00430	0.02222	0.00382	0.19523
3	0.01086	0.03655	0.06465	0.00993	0.04097	0.04909	0.07544	0.13112	0.21701	0.03155	0.07316	0.01980	0.09601	0.11532	0.00710	0.00182	0.00455	0.00550	0.00370	0.00587
4	0.00954	0.00781	0.00951	0.00791	0.06117	0.00613	0.00578	0.01153	0.00983	0.04810	0.04752	0.01335	0.06680	0.00435	0.00371	0.00084	0.00337	0.00360	0.00299	0.67617
5	0.01054	0.06289	0.01559	0.11880	0.35325	0.04281	0.05288	0.05214	0.03543	0.01452	0.06024	0.01540	0.08237	0.00548	0.00522	0.00141	0.05749	0.00474	0.00272	0.00610
6	0.00951	0.00934	0.04873	0.20226	0.13793	0.03626	0.04037	0.06175	0.06064	0.01413	0.03781	0.18075	0.01323	0.00709	0.00568	0.00155	0.07436	0.02050	0.00299	0.03513
7	0.00653	0.00467	0.00568	0.00549	0.00673	0.00416	0.00409	0.00820	0.01161	0.04687	0.45398	0.11602	0.28863	0.01033	0.00536	0.00150	0.00230	0.00896	0.00468	0.00421

[dist]
# distance from previous block
# <min> <max>
5	44

[block]
# block no. 7 follows, 57 sequences, length 17
# corresponding to MSA columns:
# 722-738
name=unknown_H
#
# <colnr> <probs for GDERKNQSTAVLIFYWHMCP>
#	G	D	E	R	K	N	Q	S	T	A	V	L	I	F	Y	W	H	M	C	P
0	0.03258	0.08054	0.13289	0.07718	0.18285	0.08093	0.07077	0.08518	0.02292	0.05309	0.02053	0.02987	0.00787	0.00476	0.00464	0.00133	0.03304	0.00397	0.00269	0.07237
1	0.00639	0.05371	0.00664	0.00559	0.00707	0.00494	0.01924	0.00767	0.01022	0.02597	0.14090	0.16661	0.45793	0.04324	0.00592	0.00163	0.00271	0.00909	0.00408	0.02043
2	0.01044	0.07390	0.03626	0.07515	0.22107	0.02157	0.02650	0.08103	0.08274	0.04890	0.04023	0.10678	0.10587	0.00687	0.00494	0.00146	0.02352	0.02352	0.00331	0.00593
3	0.43827	0.00777	0.00707	0.00672	0.02120	0.03360	0.00501	0.04689	0.00852	0.01620	0.01211	0.07338	0.05356	0.17168	0.04275	0.00230	0.02935	0.01616	0.00300	0.00447
4	0.00648	0.00474	0.00563	0.00552	0.00677	0.00429	0.00416	0.00834	0.02642	0.03353	0.38538	0.10202	0.31210	0.01029	0.00531	0.00151	0.00237	0.03692	0.03402	0.00419
5	0.03547	0.02711	0.04896	0.00943	0.03101	0.04174	0.00785	0.23826	0.01484	0.46133	0.01430	0.01319	0.00944	0.00536	0.00443	0.00137	0.00449	0.00420	0.01982	0.00740
6	0.00907	0.00488	0.00553	0.00517	0.00654	0.00472	0.00395	0.01152	0.04083	0.09372	0.21801	0.02202	0.04861	0.00658	0.00399	0.00122	0.00235	0.00549	0.50113	0.00467
7	0.01723	0.01269	0.01360	0.01043	0.01405	0.01405	0.00861	0.79738	0.02131	0.02856	0.01088	0.01088	0.00771	0.00544	0.00453	0.00136	0.00499	0.00408	0.00453	0.00771
8	0.01252	0.01389	0.04580	0.03908	0.51234	0.22148	0.01221	0.01526	0.03894	0.01390	0.00844	0.01054	0.00698	0.00428	0.00435	0.00130	0.00606	0.00373	0.00234	0.02655
9	0.00618	0.00515	0.00565	0.03339	0.00737	0.02570	0.00417	0.00768	0.01103	0.01408	0.30470	0.05686	0.44957	0.04128	0.00596	0.00160	0.00261	0.00870	0.00430	0.00402
10	0.01039	0.01038	0.01365	0.01171	0.01197	0.04840	0.00970	0.04013	0.00773	0.01155	0.00634	0.01008	0.00615	0.00839	0.03539	0.00206	0.74486	0.00395	0.00210	0.00505
11	0.04864	0.01204	0.01277	0.01005	0.01347	0.01343	0.00823	0.63623	0.15387	0.02661	0.01199	0.01177	0.00864	0.00551	0.00448	0.00139	0.00469	0.00420	0.00448	0.00751
12	0.00910	0.00521	0.00617	0.00580	0.00718	0.00502	0.00443	0.05631	0.01144	0.09890	0.23762	0.11927	0.05695	0.00799	0.00450	0.00136	0.00261	0.03486	0.32056	0.00472
13	0.01249	0.00607	0.00795	0.00684	0.00894	0.00550	0.00535	0.01472	0.04409	0.35842	0.30990	0.11162	0.04790	0.00805	0.00496	0.00146	0.00299	0.00694	0.03000	0.00578
14	0.00731	0.00471	0.00624	0.00621	0.00698	0.00471	0.00447	0.00804	0.00860	0.06153	0.09970	0.16514	0.12504	0.13524	0.18402	0.12609	0.01926	0.01955	0.00343	0.00374
15	0.03838	0.13723	0.01300	0.00914	0.01214	0.01277	0.00750	0.25675	0.38732	0.02034	0.01422	0.04858	0.01118	0.00588	0.00432	0.00141	0.00416	0.00465	0.00411	0.00691
16	0.02489	0.11630	0.05377	0.05977	0.35581	0.05915	0.04509	0.08084	0.04559	0.04880	0.03269	0.01151	0.00827	0.00465	0.00466	0.00135	0.03361	0.00396	0.00270	0.00659

[dist]
# distance from previous block
# <min> <max>
0	1

[block]
# block no. 8 follows, 57 sequences, length 19
# corresponding to MSA columns:
# 741-759
name=unknown_I
#
# <colnr> <probs for GDERKNQSTAVLIFYWHMCP>
#	G	D	E	R	K	N	Q	S	T	A	V	L	I	F	Y	W	H	M	C	P
0	0.25689	0.05376	0.01102	0.02476	0.01190	0.37736	0.00732	0.04232	0.02167	0.01435	0.00805	0.04034	0.00710	0.02473	0.03300	0.00160	0.05268	0.00344	0.00261	0.00512
1	0.01240	0.03161	0.14829	0.02401	0.03971	0.08085	0.04416	0.23569	0.09626	0.03614	0.02403	0.03175	0.00993	0.00730	0.05053	0.00175	0.03436	0.03623	0.04866	0.00633
2	0.00571	0.00419	0.00526	0.00597	0.00658	0.00385	0.00416	0.00673	0.00933	0.01228	0.08176	0.55803	0.18155	0.03145	0.00603	0.00181	0.00264	0.04915	0.01977	0.00376
3	0.00699	0.00543	0.00763	0.03753	0.02436	0.00608	0.01980	0.00821	0.00774	0.01089	0.04851	0.04831	0.05187	0.24853	0.35488	0.00476	0.07240	0.00583	0.02636	0.00389
4	0.00900	0.00635	0.00733	0.00680	0.00807	0.00654	0.00500	0.17355	0.02602	0.03299	0.07282	0.14620	0.09789	0.26317	0.04325	0.00266	0.00413	0.06588	0.01784	0.00451
5	0.00789	0.00419	0.00621	0.00612	0.00616	0.00432	0.00417	0.00619	0.00620	0.00836	0.03727	0.01437	0.00908	0.01521	0.01715	0.80371	0.03507	0.00409	0.00208	0.00217
6	0.87276	0.00876	0.00666	0.00596	0.00876	0.01017	0.00491	0.01332	0.00771	0.02033	0.00631	0.00736	0.00491	0.00421	0.00280	0.00140	0.00351	0.00245	0.00280	0.00491
7	0.00616	0.00450	0.00600	0.00715	0.03225	0.00431	0.00469	0.03782	0.00923	0.01234	0.02390	0.77907	0.02837	0.01353	0.00569	0.00181	0.00281	0.01226	0.00416	0.00395
8	0.01566	0.12781	0.01377	0.01073	0.01318	0.66366	0.00830	0.01693	0.01228	0.01147	0.03916	0.00930	0.00746	0.00477	0.00396	0.00115	0.00734	0.00310	0.02472	0.00526
9	0.00662	0.00499	0.00605	0.00598	0.00710	0.00473	0.00439	0.03944	0.04551	0.01581	0.40026	0.23579	0.18503	0.01064	0.00539	0.00155	0.00247	0.00934	0.00461	0.00430
10	0.87276	0.00876	0.00666	0.00596	0.00876	0.01017	0.00491	0.01332	0.00771	0.02033	0.00631	0.00736	0.00491	0.00421	0.00280	0.00140	0.00351	0.00245	0.00280	0.00491
11	0.01070	0.01222	0.02674	0.01910	0.02368	0.01146	0.79603	0.01451	0.01070	0.01451	0.00917	0.01222	0.00688	0.00382	0.00535	0.00153	0.00764	0.00535	0.00229	0.00611
12	0.00700	0.00499	0.00670	0.00749	0.00837	0.00493	0.00622	0.00869	0.00989	0.01291	0.05498	0.08081	0.06057	0.13202	0.00859	0.00236	0.00397	0.57157	0.00400	0.00393
13	0.72894	0.07452	0.00847	0.00638	0.00934	0.01076	0.00537	0.04571	0.00864	0.05841	0.00705	0.00789	0.00540	0.00430	0.00297	0.00137	0.00369	0.00262	0.00294	0.00523
14	0.04926	0.00791	0.00824	0.02039	0.00951	0.04372	0.00545	0.10537	0.14103	0.07520	0.07009	0.02307	0.16504	0.16624	0.00809	0.00194	0.00381	0.00581	0.00386	0.08596
15	0.01182	0.00871	0.01044	0.00886	0.02347	0.00904	0.03066	0.20413	0.19238	0.08656	0.08361	0.05718	0.03147	0.03284	0.07084	0.00193	0.00459	0.01799	0.00411	0.10935
16	0.01252	0.01005	0.01340	0.05808	0.25409	0.03419	0.02692	0.17628	0.11217	0.08252	0.01288	0.04647	0.03034	0.01664	0.01677	0.00152	0.02190	0.00473	0.03650	0.03205
17	0.01216	0.08357	0.01202	0.00991	0.07141	0.13619	0.00730	0.12416	0.10957	0.04752	0.02558	0.06153	0.04905	0.00617	0.02190	0.00132	0.00474	0.00444	0.00334	0.20812
18	0.14113	0.02825	0.00967	0.03335	0.03200	0.06289	0.00654	0.17056	0.01211	0.08562	0.10936	0.11624	0.01491	0.03501	0.06828	0.00197	0.02570	0.00545	0.01770	0.02327

[dist]
# distance from previous block
# <min> <max>
3	37

[block]
# block no. 9 follows, 57 sequences, length 8
# corresponding to MSA columns:
# 799-806
name=unknown_J
#
# <colnr> <probs for GDERKNQSTAVLIFYWHMCP>
#	G	D	E	R	K	N	Q	S	T	A	V	L	I	F	Y	W	H	M	C	P
0	0.06237	0.02632	0.07616	0.01066	0.05194	0.08587	0.06463	0.17549	0.03392	0.01672	0.04039	0.03114	0.05484	0.03429	0.06488	0.00191	0.08297	0.00459	0.02372	0.05719
1	0.08830	0.06745	0.04573	0.00980	0.06205	0.06610	0.00758	0.05108	0.05195	0.05008	0.01030	0.01412	0.00912	0.08747	0.24028	0.00338	0.12310	0.00421	0.00272	0.00518
2	0.10943	0.03508	0.04558	0.03413	0.08023	0.07512	0.03161	0.10978	0.07203	0.08830	0.05983	0.11258	0.01377	0.00685	0.00487	0.00149	0.02969	0.06075	0.02309	0.00579
3	0.26000	0.07906	0.06619	0.00967	0.05483	0.10076	0.00785	0.17010	0.06037	0.01840	0.04493	0.01158	0.02607	0.00638	0.03957	0.00162	0.02993	0.00370	0.00313	0.00587
4	0.03510	0.00924	0.05166	0.00993	0.02542	0.04871	0.07575	0.04658	0.12109	0.03208	0.07007	0.08016	0.01340	0.06300	0.13447	0.02803	0.14157	0.00544	0.00312	0.00517
5	0.01192	0.07747	0.04964	0.09301	0.29262	0.11608	0.02815	0.05213	0.04416	0.06171	0.03429	0.03184	0.03027	0.02168	0.00475	0.00138	0.00536	0.00432	0.00281	0.03640
6	0.68943	0.00858	0.00734	0.00643	0.00920	0.00964	0.00524	0.05606	0.00903	0.10040	0.00883	0.05749	0.00718	0.00501	0.00325	0.00143	0.00357	0.00337	0.00326	0.00527
7	0.00888	0.00895	0.11371	0.02883	0.04664	0.02039	0.02866	0.10423	0.01026	0.01423	0.08916	0.10822	0.03979	0.06029	0.13346	0.10248	0.04218	0.00579	0.02909	0.00477

[dist]
# distance from previous block
# <min> <max>
11	15

[block]
# block no. 10 follows, 57 sequences, length 17
# corresponding to MSA columns:
# 826-842
name=unknown_K
#
# <colnr> <probs for GDERKNQSTAVLIFYWHMCP>
#	G	D	E	R	K	N	Q	S	T	A	V	L	I	F	Y	W	H	M	C	P
0	0.02670	0.21860	0.15613	0.02640	0.08674	0.16836	0.03609	0.01523	0.08464	0.02313	0.03319	0.01118	0.02515	0.00472	0.00413	0.00124	0.01737	0.00359	0.00254	0.05486
1	0.00578	0.00473	0.00512	0.00497	0.00644	0.00402	0.00370	0.00710	0.01056	0.01330	0.17965	0.07146	0.57969	0.03476	0.00579	0.00156	0.00239	0.00903	0.00423	0.04569
2	0.01027	0.01211	0.13996	0.10834	0.34988	0.01054	0.10597	0.03838	0.04838	0.01468	0.02366	0.03644	0.02830	0.00502	0.00518	0.00146	0.04793	0.00460	0.00250	0.00641
3	0.01071	0.03618	0.01796	0.01393	0.04820	0.07184	0.39598	0.02513	0.01059	0.05706	0.03091	0.09988	0.01157	0.03961	0.02190	0.00170	0.00605	0.02477	0.07050	0.00552
4	0.00595	0.00443	0.00555	0.00566	0.00659	0.00402	0.00410	0.00752	0.01116	0.01514	0.43831	0.26586	0.18684	0.01110	0.00547	0.00156	0.00231	0.00980	0.00461	0.00402
5	0.00908	0.03198	0.03536	0.00747	0.00937	0.03346	0.04409	0.09833	0.02619	0.06017	0.23868	0.13014	0.14213	0.05168	0.03869	0.00185	0.00388	0.00733	0.02520	0.00492
6	0.01248	0.00682	0.00768	0.00669	0.00884	0.00699	0.00527	0.04602	0.21322	0.21850	0.01635	0.01630	0.01193	0.00559	0.00393	0.00128	0.00303	0.00453	0.39857	0.00598
7	0.01109	0.00842	0.00975	0.03446	0.01144	0.00929	0.03105	0.07484	0.44577	0.06960	0.03511	0.10845	0.01495	0.00681	0.00460	0.00149	0.00359	0.00581	0.10714	0.00634
8	0.00993	0.24974	0.57273	0.01130	0.01713	0.01243	0.01390	0.01404	0.00946	0.01334	0.00762	0.00893	0.00579	0.00416	0.00389	0.00128	0.00608	0.00307	0.00194	0.03323
9	0.00830	0.00722	0.03841	0.00742	0.00862	0.04717	0.03662	0.04172	0.09463	0.02644	0.01667	0.19962	0.02918	0.32711	0.07384	0.00310	0.00490	0.02143	0.00334	0.00426
10	0.01334	0.00639	0.00791	0.00666	0.00883	0.00604	0.00522	0.04137	0.06492	0.34668	0.15597	0.02000	0.01730	0.06716	0.00572	0.00155	0.00320	0.00529	0.21057	0.00588
11	0.01127	0.00973	0.01025	0.00922	0.01178	0.01127	0.00717	0.02408	0.80430	0.01896	0.01844	0.01691	0.01383	0.00615	0.00461	0.00154	0.00359	0.00512	0.00461	0.00717
12	0.00662	0.00431	0.00499	0.00513	0.00559	0.00417	0.00331	0.00735	0.00834	0.01179	0.09689	0.16856	0.08936	0.38337	0.01339	0.02834	0.00330	0.00763	0.14419	0.00337
13	0.00593	0.00457	0.00528	0.00517	0.00642	0.00403	0.00385	0.00754	0.01136	0.01504	0.39260	0.07859	0.39909	0.01044	0.00531	0.00149	0.00224	0.00896	0.02805	0.00403
14	0.00671	0.00524	0.00762	0.19749	0.01241	0.00558	0.00626	0.00816	0.00957	0.01288	0.20620	0.34472	0.05644	0.01063	0.00644	0.06311	0.02410	0.00873	0.00367	0.00405
15	0.01084	0.00843	0.00898	0.00807	0.00994	0.04139	0.00619	0.11479	0.32002	0.04002	0.04505	0.08146	0.01433	0.06412	0.04433	0.03336	0.03029	0.00551	0.10713	0.00574
16	0.11970	0.17947	0.15085	0.02860	0.06208	0.04431	0.07938	0.07705	0.08850	0.05578	0.06436	0.01194	0.00961	0.00484	0.00407	0.00133	0.00508	0.00389	0.00297	0.00619

[dist]
# distance from previous block
# <min> <max>
0	1

[block]
# block no. 11 follows, 57 sequences, length 21
# corresponding to MSA columns:
# 844-864
name=unknown_L
#
# <colnr> <probs for GDERKNQSTAVLIFYWHMCP>
#	G	D	E	R	K	N	Q	S	T	A	V	L	I	F	Y	W	H	M	C	P
0	0.22912	0.14455	0.05209	0.00949	0.04547	0.13962	0.00773	0.14413	0.06849	0.03750	0.00998	0.06411	0.00853	0.00537	0.00387	0.00134	0.00490	0.01468	0.00312	0.00589
1	0.01509	0.10393	0.01336	0.01068	0.01296	0.58982	0.00826	0.04969	0.01201	0.01167	0.00768	0.00967	0.00667	0.03374	0.06659	0.00175	0.03559	0.00322	0.00240	0.00524
2	0.01006	0.18629	0.20662	0.05249	0.07602	0.02431	0.13566	0.02399	0.08778	0.01397	0.04207	0.04912	0.06162	0.00541	0.00440	0.00138	0.00540	0.00473	0.00267	0.00600
3	0.00575	0.00413	0.00503	0.00571	0.00636	0.00377	0.00394	0.00676	0.00922	0.01231	0.04496	0.56377	0.21350	0.01270	0.00545	0.00169	0.00250	0.01127	0.07741	0.00377
4	0.00869	0.00739	0.01019	0.00891	0.00952	0.00925	0.04172	0.01004	0.00809	0.01253	0.03612	0.03954	0.05553	0.08071	0.04827	0.00216	0.40397	0.00505	0.19783	0.00449
5	0.00722	0.00481	0.00607	0.00569	0.00695	0.00435	0.00426	0.00904	0.01205	0.07454	0.56807	0.06850	0.16590	0.03527	0.00586	0.00155	0.00238	0.00831	0.00480	0.00438
6	0.00607	0.00444	0.00606	0.00654	0.00710	0.00459	0.00472	0.00718	0.00812	0.01102	0.02019	0.35941	0.06751	0.10453	0.31936	0.00417	0.00649	0.04540	0.00338	0.00376
7	0.01086	0.00933	0.00940	0.00855	0.01039	0.10440	0.00664	0.13904	0.19926	0.03005	0.05034	0.08717	0.04792	0.05886	0.11546	0.00246	0.03193	0.05557	0.01685	0.00551
8	0.02973	0.13662	0.01522	0.01130	0.01405	0.50856	0.07591	0.04945	0.01216	0.04677	0.00828	0.02411	0.00698	0.00492	0.00435	0.00124	0.02590	0.01630	0.00257	0.00556
9	0.28118	0.00748	0.00774	0.00722	0.00858	0.04898	0.00558	0.02519	0.00782	0.01376	0.00977	0.01498	0.00925	0.14478	0.30789	0.00406	0.08466	0.00417	0.00259	0.00433
10	0.04005	0.01064	0.01546	0.05574	0.21442	0.07908	0.17478	0.08348	0.05361	0.01506	0.01081	0.06223	0.00961	0.08430	0.00679	0.00172	0.03856	0.00500	0.03281	0.00584
11	0.00896	0.00828	0.01131	0.13312	0.04527	0.01025	0.00866	0.02450	0.09877	0.01311	0.05707	0.02028	0.13792	0.00795	0.00903	0.00173	0.34157	0.05415	0.00298	0.00509
12	0.02389	0.00581	0.00802	0.11202	0.06486	0.00599	0.00609	0.03355	0.00952	0.06412	0.09981	0.23105	0.06837	0.15218	0.09190	0.00264	0.00462	0.00759	0.00352	0.00444
13	0.01099	0.01037	0.01506	0.20045	0.40319	0.04659	0.01168	0.04447	0.15990	0.01530	0.03051	0.01290	0.00903	0.00476	0.00452	0.00141	0.00522	0.00430	0.00280	0.00656
14	0.00614	0.00433	0.00517	0.00540	0.00581	0.00412	0.00347	0.00683	0.00860	0.01147	0.15368	0.24750	0.11071	0.39108	0.01357	0.00290	0.00332	0.00886	0.00367	0.00337
15	0.01146	0.01051	0.01458	0.11542	0.12992	0.04738	0.12583	0.14681	0.08114	0.01679	0.01079	0.01232	0.03231	0.00458	0.00436	0.00124	0.00510	0.00411	0.00299	0.22236
16	0.00761	0.00647	0.00881	0.07243	0.14966	0.00628	0.00667	0.02818	0.04908	0.01376	0.07636	0.23767	0.23495	0.00919	0.00504	0.00150	0.00340	0.00808	0.00366	0.07118
17	0.00966	0.00738	0.00860	0.00696	0.00986	0.00647	0.00544	0.05373	0.09667	0.06744	0.08091	0.10691	0.08326	0.00676	0.01653	0.00121	0.00336	0.00535	0.00367	0.41985
18	0.00844	0.04143	0.01056	0.01116	0.16899	0.00683	0.02665	0.01039	0.02745	0.01349	0.03875	0.27066	0.01652	0.04346	0.00543	0.00147	0.00375	0.04111	0.00321	0.25024
19	0.01052	0.00788	0.00935	0.00781	0.01019	0.04180	0.03817	0.11075	0.03867	0.09347	0.11486	0.10337	0.04747	0.07991	0.03213	0.00176	0.00414	0.04342	0.00381	0.20051
20	0.02359	0.01022	0.02725	0.19688	0.28241	0.08809	0.03267	0.03849	0.03386	0.02659	0.02949	0.07455	0.03552	0.00612	0.00539	0.03061	0.03025	0.01959	0.00269	0.00574

[dist]
# distance from previous block
# <min> <max>
1	14

[block]
# block no. 12 follows, 57 sequences, length 11
