[name]
unknown

[dist]
# distance from previous block
# <min> <max>
12	57

[block]
# block no. 0 follows, 57 sequences, length 6
# corresponding to MSA columns:
# 65-70
name=unknown_A
#
# <colnr> <probs for GDERKNQSTAVLIFYWHMCP>
#	G	D	E	R	K	N	Q	S	T	A	V	L	I	F	Y	W	H	M	C	P
0	0.06112	0.17901	0.17509	0.01060	0.07411	0.01071	0.03845	0.01563	0.12516	0.12325	0.04237	0.04475	0.02644	0.00608	0.02435	0.00150	0.00484	0.00439	0.02590	0.00624
1	0.00808	0.00566	0.00718	0.00686	0.00824	0.00539	0.03267	0.07086	0.04148	0.07828	0.08122	0.38664	0.20640	0.03183	0.00583	0.00171	0.00306	0.00971	0.00431	0.00459
2	0.00775	0.05357	0.00827	0.03986	0.00891	0.00605	0.03549	0.04180	0.00906	0.04413	0.03850	0.33708	0.02027	0.20678	0.08790	0.00284	0.00461	0.03947	0.00349	0.00414
3	0.01275	0.07315	0.04098	0.03971	0.08630	0.08707	0.00865	0.13068	0.26876	0.07413	0.05062	0.03133	0.01147	0.00582	0.00511	0.00143	0.05720	0.00456	0.00370	0.00657
4	0.00801	0.00576	0.04002	0.00684	0.00769	0.00561	0.00524	0.06604	0.00787	0.01100	0.01054	0.01668	0.01007	0.11411	0.29374	0.34392	0.00694	0.00455	0.03187	0.00347
5	0.00764	0.00584	0.00793	0.00835	0.05455	0.00585	0.03355	0.03143	0.06165	0.04425	0.08773	0.43023	0.12094	0.01090	0.00585	0.00167	0.04462	0.00961	0.02281	0.00460

[dist]
# distance from previous block
# <min> <max>
0	4

[block]
# block no. 1 follows, 57 sequences, length 7
# corresponding to MSA columns:
# 75-81
name=unknown_B
#
# <colnr> <probs for GDERKNQSTAVLIFYWHMCP>
#	G	D	E	R	K	N	Q	S	T	A	V	L	I	F	Y	W	H	M	C	P
0	0.01013	0.00819	0.00915	0.04823	0.01114	0.00900	0.00650	0.13709	0.34853	0.01834	0.13827	0.04609	0.11801	0.04108	0.00562	0.00163	0.00357	0.02911	0.00438	0.00593
1	0.02924	0.13935	0.14100	0.02910	0.09739	0.19481	0.07145	0.06146	0.05396	0.06538	0.02711	0.05124	0.00888	0.00510	0.00426	0.00132	0.00587	0.00412	0.00281	0.00612
2	0.00943	0.00852	0.01003	0.01070	0.11390	0.10300	0.04537	0.07315	0.02755	0.01431	0.07820	0.25321	0.07358	0.02527	0.00608	0.02580	0.03483	0.02980	0.05236	0.00492
3	0.00888	0.04067	0.00870	0.00766	0.00873	0.07947	0.00575	0.06914	0.04961	0.01265	0.01686	0.19485	0.07949	0.16156	0.10645	0.00277	0.10712	0.00683	0.02836	0.00444
4	0.08227	0.07686	0.13745	0.07101	0.08285	0.03842	0.02858	0.09290	0.06025	0.05720	0.02652	0.12400	0.02716	0.02498	0.00550	0.04528	0.00478	0.00519	0.00311	0.00569
5	0.01031	0.00998	0.06601	0.10176	0.18363	0.04811	0.04326	0.02832	0.07781	0.06613	0.03719	0.05136	0.05302	0.02619	0.09496	0.00219	0.08601	0.00506	0.00295	0.00576
6	0.00663	0.00469	0.00605	0.00686	0.03538	0.00437	0.00458	0.00801	0.03149	0.04807	0.09680	0.52630	0.15024	0.04064	0.00614	0.00180	0.00277	0.01084	0.00423	0.00412

[dist]
# distance from previous block
# <min> <max>
4	19

[block]
# block no. 2 follows, 57 sequences, length 14
# corresponding to MSA columns:
# 103-116
name=unknown_C
#
# <colnr> <probs for GDERKNQSTAVLIFYWHMCP>
#	G	D	E	R	K	N	Q	S	T	A	V	L	I	F	Y	W	H	M	C	P
0	0.01152	0.30038	0.12495	0.04072	0.03825	0.08149	0.00912	0.08444	0.06915	0.01382	0.03341	0.01190	0.01941	0.05548	0.00584	0.00146	0.06957	0.00370	0.00260	0.02278
1	0.02991	0.00609	0.00858	0.00751	0.00927	0.00585	0.06828	0.01164	0.02605	0.16911	0.08458	0.19032	0.08252	0.05234	0.09619	0.00227	0.02227	0.00705	0.08629	0.03388
2	0.01169	0.07150	0.10850	0.01148	0.08194	0.15329	0.06323	0.08609	0.05701	0.06247	0.05887	0.12895	0.03387	0.02541	0.00507	0.00149	0.00522	0.02487	0.00329	0.00578
3	0.00933	0.03266	0.12560	0.04176	0.09249	0.00794	0.02485	0.06417	0.02526	0.06192	0.06646	0.06453	0.08109	0.19431	0.05314	0.00244	0.03798	0.00580	0.00314	0.00513
4	0.00711	0.00543	0.00694	0.02575	0.02591	0.00521	0.02174	0.02512	0.02410	0.03790	0.19217	0.15251	0.29721	0.01176	0.06789	0.00196	0.02146	0.00825	0.03861	0.02298
5	0.00788	0.02877	0.00916	0.03905	0.08261	0.02517	0.01980	0.02228	0.00885	0.01218	0.02910	0.26206	0.04311	0.05977	0.11977	0.03664	0.09273	0.04407	0.05262	0.00439
6	0.11819	0.16190	0.06388	0.05897	0.04301	0.14660	0.03955	0.09492	0.09013	0.01523	0.01083	0.02969	0.03979	0.01828	0.03663	0.00160	0.01824	0.00397	0.00284	0.00576
7	0.01096	0.04872	0.28107	0.01613	0.05182	0.08289	0.39380	0.03364	0.01070	0.01436	0.00855	0.01074	0.00641	0.00410	0.00475	0.00143	0.00712	0.00429	0.00221	0.00629
8	0.00644	0.00452	0.00561	0.00616	0.00685	0.00423	0.00424	0.03735	0.00945	0.03607	0.02711	0.60677	0.15689	0.05753	0.00656	0.00189	0.00280	0.01141	0.00418	0.00393
9	0.03418	0.19040	0.07640	0.04617	0.01441	0.27708	0.06458	0.03764	0.09485	0.01339	0.04505	0.01152	0.02595	0.00508	0.00459	0.00129	0.04529	0.00375	0.00266	0.00571
10	0.01176	0.07877	0.24027	0.06309	0.08842	0.02800	0.13744	0.06016	0.05610	0.11666	0.01103	0.04626	0.00852	0.00497	0.00448	0.00141	0.00565	0.00441	0.02614	0.00647
11	0.00637	0.00487	0.00673	0.00671	0.00739	0.00470	0.05407	0.00758	0.03122	0.01142	0.04763	0.41789	0.08333	0.24330	0.04323	0.00270	0.00380	0.00971	0.00365	0.00372
12	0.00587	0.00445	0.00515	0.00533	0.00635	0.00398	0.00384	0.00715	0.01029	0.01345	0.21599	0.21481	0.36432	0.06322	0.00650	0.00175	0.00250	0.02802	0.03318	0.00385
13	0.03597	0.15013	0.10275	0.16973	0.18465	0.06929	0.02799	0.05003	0.05395	0.03273	0.00911	0.02850	0.00742	0.00479	0.00458	0.00136	0.03800	0.00386	0.01909	0.00608

[dist]
# distance from previous block
# <min> <max>
1	27

[block]
# block no. 3 follows, 57 sequences, length 24
# corresponding to MSA columns:
# 149-164,166-173
name=unknown_D
#
# <colnr> <probs for GDERKNQSTAVLIFYWHMCP>
#	G	D	E	R	K	N	Q	S	T	A	V	L	I	F	Y	W	H	M	C	P
0	0.01102	0.07656	0.13666	0.02154	0.07225	0.02672	0.02350	0.09682	0.09669	0.09241	0.08045	0.09271	0.02856	0.07338	0.01595	0.00173	0.02370	0.00544	0.00348	0.02042
1	0.01024	0.05647	0.08468	0.04862	0.10197	0.04901	0.05922	0.09082	0.06457	0.04216	0.06502	0.11007	0.09523	0.03032	0.00548	0.02097	0.00455	0.00587	0.02515	0.02959
2	0.01964	0.10343	0.12237	0.01121	0.07649	0.05116	0.08725	0.07642	0.03783	0.06885	0.07524	0.09029	0.02957	0.02803	0.03260	0.00164	0.02023	0.00517	0.00315	0.05943
3	0.03146	0.03652	0.05188	0.01190	0.11672	0.05089	0.11145	0.03162	0.02908	0.05625	0.07472	0.15927	0.09808	0.00934	0.05939	0.00190	0.05438	0.00654	0.00328	0.00535
4	0.03592	0.03792	0.08993	0.00785	0.02162	0.04473	0.02311	0.03143	0.01836	0.01327	0.05619	0.33079	0.11199	0.04827	0.01956	0.00178	0.00393	0.04076	0.00354	0.05906
5	0.01626	0.01261	0.01362	0.01064	0.01405	0.06212	0.04556	0.62943	0.05245	0.04566	0.01162	0.04431	0.00879	0.00570	0.00460	0.00138	0.00512	0.00448	0.00431	0.00730
6	0.00884	0.00799	0.01147	0.06740	0.03451	0.03533	0.08323	0.03276	0.02378	0.02501	0.12419	0.19095	0.01763	0.03694	0.03343	0.00196	0.22809	0.02849	0.00320	0.00481
7	0.01263	0.02687	0.02389	0.00938	0.01191	0.21473	0.05352	0.11635	0.06661	0.08437	0.08635	0.03712	0.03853	0.03960	0.07429	0.01741	0.00580	0.00477	0.00344	0.07241
8	0.00655	0.00503	0.00591	0.00592	0.00712	0.00471	0.00441	0.04516	0.03720	0.01488	0.26204	0.22547	0.30200	0.01105	0.00543	0.00159	0.00258	0.04425	0.00446	0.00423
9	0.00896	0.02905	0.02489	0.08963	0.01056	0.08025	0.00601	0.07749	0.01003	0.01332	0.01690	0.02255	0.12046	0.17101	0.13050	0.00283	0.00553	0.04206	0.13356	0.00442
10	0.00951	0.03501	0.05513	0.18750	0.15289	0.02747	0.04671	0.02682	0.09580	0.04819	0.03339	0.11808	0.13076	0.00693	0.00479	0.00149	0.00462	0.00611	0.00320	0.00560
11	0.00974	0.00864	0.05866	0.10962	0.03503	0.03038	0.10048	0.10640	0.01124	0.07355	0.04569	0.32415	0.03797	0.00871	0.00515	0.00160	0.00448	0.01961	0.00365	0.00526
12	0.00605	0.00452	0.00542	0.00572	0.00668	0.00412	0.00414	0.00743	0.02188	0.02410	0.16376	0.31387	0.30556	0.04727	0.02048	0.00186	0.00277	0.04616	0.00427	0.00393
13	0.14609	0.01087	0.01179	0.00917	0.01264	0.01164	0.00757	0.48751	0.01720	0.22272	0.01193	0.01148	0.00816	0.00530	0.00428	0.00138	0.00448	0.00395	0.00454	0.00729
14	0.01151	0.01121	0.03382	0.14544	0.32435	0.05985	0.15537	0.09314	0.01147	0.03252	0.02938	0.01224	0.00808	0.00524	0.02610	0.00155	0.00604	0.00434	0.02199	0.00637
15	0.00993	0.02467	0.00819	0.00786	0.00916	0.22258	0.00573	0.01185	0.06334	0.04862	0.08274	0.39243	0.03571	0.00969	0.00498	0.00153	0.00419	0.00831	0.04387	0.00463
16	0.00643	0.00481	0.00670	0.00685	0.00767	0.00530	0.00518	0.00820	0.03261	0.01124	0.01731	0.15705	0.07922	0.03997	0.56059	0.00552	0.00910	0.00660	0.02561	0.00405
17	0.01046	0.00783	0.00939	0.00853	0.03030	0.03984	0.04986	0.04875	0.21862	0.09604	0.17831	0.05011	0.07806	0.00740	0.00481	0.00146	0.00358	0.05372	0.09725	0.00567
18	0.00882	0.00709	0.05066	0.00830	0.04682	0.01848	0.01438	0.07584	0.02645	0.07061	0.09491	0.28833	0.08152	0.06740	0.00718	0.04076	0.01662	0.05452	0.01660	0.00473
19	0.00888	0.02597	0.00734	0.00648	0.00807	0.04549	0.00496	0.11985	0.05147	0.01695	0.20833	0.13826	0.16071	0.00855	0.00473	0.00140	0.00305	0.00722	0.16749	0.00481
20	0.00594	0.00431	0.00555	0.00627	0.00671	0.00419	0.00430	0.00706	0.02713	0.01142	0.02355	0.56710	0.07061	0.12246	0.07392	0.00260	0.00370	0.04561	0.00388	0.00370
21	0.05134	0.03647	0.04197	0.07255	0.13397	0.03153	0.07249	0.17410	0.10136	0.08157	0.02429	0.02936	0.02339	0.04640	0.00610	0.01601	0.04284	0.00459	0.00336	0.00630
22	0.05221	0.00949	0.05931	0.09669	0.18396	0.02444	0.06878	0.05822	0.04397	0.03524	0.07691	0.07326	0.07832	0.03005	0.02069	0.00167	0.05231	0.00554	0.02332	0.00562
23	0.00743	0.02924	0.00741	0.00731	0.00828	0.05480	0.01853	0.04503	0.03203	0.01297	0.04989	0.50522	0.06291	0.01299	0.04414	0.00199	0.00382	0.08780	0.00396	0.00425

[dist]
# distance from previous block
# <min> <max>
2	10

[block]
# block no. 4 follows, 57 sequences, length 16
# corresponding to MSA columns:
# 185-200
name=unknown_E
#
# <colnr> <probs for GDERKNQSTAVLIFYWHMCP>
#	G	D	E	R	K	N	Q	S	T	A	V	L	I	F	Y	W	H	M	C	P
0	0.07900	0.04562	0.05656	0.06482	0.40621	0.01023	0.04791	0.04736	0.04560	0.02666	0.03339	0.06982	0.02317	0.00537	0.00449	0.00142	0.00495	0.01832	0.00278	0.00634
1	0.00646	0.00497	0.00587	0.00603	0.00707	0.00475	0.00434	0.02597	0.07803	0.01418	0.20849	0.33828	0.23264	0.03416	0.00592	0.00170	0.00261	0.00992	0.00439	0.00422
2	0.00643	0.00473	0.00608	0.00604	0.00666	0.00501	0.00429	0.00727	0.00757	0.01018	0.01902	0.02642	0.16546	0.30174	0.34979	0.03429	0.02635	0.00629	0.00285	0.00351
3	0.01145	0.66452	0.19692	0.00888	0.01337	0.01631	0.00972	0.01374	0.00929	0.01147	0.00670	0.00777	0.00580	0.00397	0.00321	0.00107	0.00525	0.00262	0.00193	0.00601
4	0.02592	0.03074	0.02166	0.00783	0.00989	0.00832	0.00620	0.15530	0.19339	0.07122	0.11315	0.15908	0.06584	0.05378	0.01982	0.00179	0.00375	0.04235	0.00431	0.00566
5	0.07378	0.00833	0.00978	0.00810	0.01094	0.00848	0.00650	0.08593	0.23700	0.35214	0.13288	0.01761	0.01585	0.00619	0.00457	0.00144	0.00360	0.00507	0.00495	0.00686
6	0.01407	0.03054	0.12547	0.01073	0.01356	0.50089	0.00908	0.03745	0.04700	0.03715	0.03693	0.07179	0.03461	0.00578	0.00435	0.00130	0.00671	0.00426	0.00281	0.00550
7	0.04322	0.03232	0.04778	0.07024	0.19326	0.07218	0.04124	0.04577	0.05710	0.03188	0.03977	0.15470	0.01339	0.08369	0.03963	0.00197	0.01751	0.00586	0.00302	0.00546
8	0.00609	0.00432	0.00567	0.00649	0.00684	0.00426	0.00455	0.00703	0.00867	0.01177	0.02281	0.61102	0.02668	0.08847	0.00756	0.00207	0.02862	0.09769	0.04568	0.00372
9	0.01038	0.00695	0.00798	0.00727	0.00906	0.02160	0.00551	0.12273	0.11034	0.13268	0.14057	0.24990	0.11459	0.03193	0.00561	0.00163	0.00329	0.00803	0.00455	0.00537
10	0.04204	0.09081	0.04864	0.01240	0.11188	0.32012	0.02557	0.10454	0.07153	0.03968	0.00997	0.01089	0.02825	0.00521	0.01515	0.00132	0.00612	0.00360	0.00287	0.04940
11	0.00820	0.06033	0.00834	0.00682	0.00833	0.03781	0.00529	0.01025	0.06417	0.04615	0.12561	0.10577	0.25536	0.06746	0.04328	0.00195	0.08769	0.00717	0.00370	0.04631
12	0.00577	0.00420	0.00532	0.00599	0.00648	0.00394	0.00409	0.00668	0.00894	0.01180	0.07763	0.53471	0.13137	0.10878	0.03426	0.00225	0.00312	0.03699	0.00403	0.00366
13	0.01154	0.00979	0.03156	0.00857	0.01076	0.12228	0.04307	0.12240	0.12543	0.06848	0.08903	0.10776	0.01543	0.00770	0.03054	0.00158	0.00449	0.02275	0.16127	0.00559
14	0.01009	0.15627	0.28924	0.00974	0.03057	0.03721	0.00991	0.06152	0.03166	0.05264	0.10547	0.11652	0.03876	0.02500	0.00485	0.00146	0.00486	0.00535	0.00308	0.00580
15	0.10546	0.12046	0.26443	0.01094	0.04085	0.16212	0.02145	0.10949	0.03647	0.01569	0.00909	0.01031	0.02365	0.01797	0.00428	0.00134	0.00582	0.00341	0.00260	0.03417

[dist]
# distance from previous block
# <min> <max>
2	38

[block]
# block no. 5 follows, 57 sequences, length 40
# corresponding to MSA columns:
# 239-259,263-281
name=unknown_F
#
# <colnr> <probs for GDERKNQSTAVLIFYWHMCP>
#	G	D	E	R	K	N	Q	S	T	A	V	L	I	F	Y	W	H	M	C	P
0	0.00762	0.00628	0.00759	0.00737	0.00834	0.05129	0.00553	0.04193	0.00852	0.01160	0.01447	0.17066	0.02712	0.10599	0.42010	0.00473	0.04375	0.00631	0.00290	0.04790
1	0.01428	0.01121	0.01263	0.07449	0.01463	0.03100	0.03267	0.47020	0.14624	0.03469	0.01373	0.01392	0.05325	0.00627	0.02137	0.00151	0.00493	0.00454	0.00412	0.03433
2	0.01087	0.10603	0.03798	0.03350	0.01230	0.00881	0.06202	0.08549	0.05782	0.08181	0.04205	0.02998	0.08799	0.02483	0.00456	0.00121	0.00409	0.00447	0.00331	0.30089
3	0.02714	0.00819	0.04014	0.00760	0.00991	0.04148	0.00613	0.13798	0.02756	0.19307	0.04692	0.20482	0.12592	0.03787	0.00552	0.00159	0.00375	0.01872	0.01754	0.03816
4	0.06642	0.01011	0.01586	0.06527	0.56895	0.01033	0.01191	0.04574	0.04184	0.08389	0.00979	0.01173	0.00771	0.00438	0.00436	0.00136	0.00500	0.00403	0.02441	0.00691
5	0.02508	0.17277	0.04730	0.01185	0.07610	0.08788	0.10650	0.03670	0.02112	0.01245	0.00986	0.09356	0.00969	0.08874	0.00835	0.00177	0.17764	0.00486	0.00249	0.00531
6	0.01594	0.00488	0.00621	0.00631	0.00740	0.00446	0.00458	0.00895	0.00978	0.10611	0.11299	0.39522	0.11161	0.07651	0.01920	0.00195	0.00310	0.05963	0.00424	0.04092
7	0.05055	0.00948	0.01110	0.00878	0.01202	0.02083	0.00716	0.28549	0.04888	0.41365	0.01522	0.05929	0.01086	0.00643	0.01747	0.00151	0.00434	0.00478	0.00492	0.00726
8	0.00858	0.00578	0.00656	0.00609	0.00769	0.00564	0.00466	0.06957	0.08418	0.06918	0.21121	0.09797	0.23131	0.00884	0.00485	0.00144	0.00271	0.01978	0.14912	0.00484
9	0.00858	0.00655	0.00775	0.00720	0.01951	0.00683	0.00548	0.02576	0.19017	0.06537	0.29260	0.04328	0.22474	0.00875	0.00581	0.00152	0.06321	0.00728	0.00447	0.00516
10	0.00718	0.00506	0.00585	0.00558	0.00694	0.00465	0.00415	0.03804	0.02457	0.05498	0.28034	0.11182	0.33937	0.05051	0.00609	0.00163	0.00257	0.00857	0.03777	0.00431
11	0.01489	0.00416	0.00537	0.00627	0.00670	0.00392	0.00427	0.00679	0.02185	0.01202	0.04636	0.73855	0.07313	0.01365	0.00570	0.00181	0.00265	0.02391	0.00422	0.00378
12	0.11385	0.00803	0.02527	0.03666	0.02470	0.00803	0.09075	0.05122	0.15988	0.03327	0.03367	0.02559	0.34081	0.00775	0.00495	0.00151	0.01847	0.00651	0.00377	0.00529
13	0.03043	0.26613	0.02840	0.04791	0.01522	0.01200	0.23639	0.06464	0.01027	0.05402	0.01047	0.08520	0.00951	0.05839	0.03272	0.00174	0.02338	0.00488	0.00269	0.00562
14	0.00597	0.00447	0.00538	0.00592	0.00675	0.00414	0.00427	0.00739	0.03032	0.01258	0.07001	0.41105	0.26113	0.03921	0.00612	0.00180	0.00271	0.08303	0.03388	0.00388
15	0.00706	0.00512	0.00609	0.00597	0.00647	0.02430	0.00402	0.00797	0.01862	0.02351	0.09810	0.04289	0.03472	0.46253	0.22065	0.00451	0.01460	0.00635	0.00302	0.00350
16	0.02805	0.03713	0.41834	0.01069	0.01540	0.02792	0.01183	0.11702	0.07994	0.08225	0.02592	0.03960	0.05071	0.00572	0.00449	0.00145	0.00539	0.02852	0.00313	0.00651
17	0.01176	0.00989	0.01147	0.02333	0.10641	0.08700	0.04019	0.13682	0.16155	0.06320	0.09656	0.07403	0.04361	0.02446	0.00552	0.00151	0.04100	0.00553	0.05015	0.00601
18	0.00847	0.00559	0.00749	0.02418	0.00786	0.00567	0.04863	0.03304	0.00801	0.08338	0.01391	0.03655	0.01452	0.57502	0.09269	0.00400	0.01815	0.00609	0.00300	0.00376
19	0.35974	0.02043	0.00921	0.00774	0.03421	0.07868	0.00599	0.03176	0.00959	0.06513	0.03547	0.00975	0.00743	0.00434	0.00369	0.00115	0.02511	0.00302	0.00296	0.28460
20	0.17650	0.11225	0.05876	0.03858	0.09567	0.14712	0.07038	0.06443	0.03792	0.06100	0.00856	0.01005	0.00676	0.00562	0.03011	0.00155	0.06264	0.00351	0.00271	0.00590
21	0.06964	0.08987	0.15488	0.02561	0.04598	0.02130	0.15182	0.17305	0.01161	0.03676	0.00976	0.01340	0.00822	0.13787	0.00760	0.00187	0.02769	0.00431	0.00283	0.00592
22	0.00561	0.00415	0.00525	0.00593	0.00652	0.00379	0.00408	0.00665	0.00953	0.01259	0.13654	0.58903	0.16763	0.01304	0.00565	0.00173	0.00250	0.01166	0.00431	0.00379
23	0.11604	0.01134	0.01052	0.00976	0.05243	0.16173	0.00732	0.18835	0.11492	0.03527	0.06711	0.03118	0.08216	0.00651	0.00471	0.00142	0.02402	0.04793	0.00371	0.02359
24	0.01699	0.01237	0.01279	0.01000	0.01344	0.07492	0.00816	0.58054	0.03754	0.12566	0.01179	0.02537	0.00849	0.00550	0.00448	0.00134	0.00496	0.00418	0.00443	0.03708
25	0.00659	0.00461	0.00584	0.00637	0.00692	0.00450	0.00440	0.03183	0.02241	0.02638	0.05026	0.51760	0.04865	0.15482	0.04167	0.00246	0.00348	0.05344	0.00395	0.00384
26	0.04862	0.00757	0.00931	0.01041	0.14979	0.04138	0.00664	0.04978	0.04526	0.13289	0.13859	0.12309	0.17285	0.03674	0.00551	0.00157	0.00364	0.00691	0.00402	0.00544
27	0.04102	0.01202	0.01082	0.00861	0.01199	0.21363	0.00679	0.12141	0.01226	0.11383	0.00960	0.02345	0.00750	0.00445	0.00387	0.00102	0.00485	0.00332	0.00323	0.38634
28	0.02524	0.00655	0.02109	0.00682	0.00807	0.03294	0.00503	0.03838	0.03303	0.04699	0.06196	0.27702	0.03781	0.19290	0.01972	0.00222	0.04974	0.00759	0.03325	0.09364
29	0.06903	0.00622	0.00706	0.00680	0.00825	0.00636	0.00506	0.12744	0.05954	0.04269	0.11571	0.36998	0.09684	0.01015	0.00506	0.00159	0.00303	0.00881	0.04556	0.00482
30	0.03868	0.00557	0.00647	0.00650	0.00764	0.02968	0.00472	0.03464	0.01033	0.09880	0.13508	0.40035	0.11254	0.05070	0.01676	0.00185	0.00317	0.02785	0.00428	0.00440
31	0.02728	0.01065	0.02276	0.00882	0.01168	0.09182	0.00703	0.16962	0.28492	0.07468	0.03138	0.06086	0.05358	0.00618	0.00446	0.00135	0.00421	0.00499	0.00407	0.11967
32	0.04653	0.07154	0.06970	0.01040	0.01379	0.01072	0.13376	0.16847	0.17891	0.11677	0.06331	0.02675	0.03764	0.02518	0.00501	0.00149	0.00472	0.00494	0.00386	0.00651
33	0.00722	0.00507	0.00586	0.00584	0.00713	0.00466	0.00428	0.03331	0.03776	0.06870	0.09983	0.25158	0.36505	0.05737	0.00637	0.00176	0.00277	0.02685	0.00431	0.00428
34	0.00676	0.00472	0.00643	0.00663	0.00726	0.00498	0.00483	0.00789	0.00811	0.03566	0.04552	0.22672	0.03920	0.18065	0.33085	0.00445	0.02162	0.05061	0.00325	0.00384
35	0.01091	0.01046	0.01784	0.11981	0.72287	0.01069	0.01375	0.01364	0.01017	0.01443	0.00847	0.01131	0.00705	0.00409	0.00449	0.00136	0.00546	0.00404	0.00222	0.00693
36	0.04123	0.01073	0.00910	0.00833	0.00997	0.24375	0.00642	0.05603	0.01098	0.03811	0.06275	0.06671	0.19220	0.01116	0.11080	0.00219	0.08529	0.00576	0.02371	0.00478
37	0.00579	0.00416	0.00522	0.00590	0.00649	0.00382	0.00409	0.00667	0.00914	0.01205	0.06633	0.54537	0.18342	0.02456	0.00636	0.03855	0.00265	0.03515	0.03059	0.00368
38	0.01128	0.01055	0.01734	0.02544	0.71346	0.01064	0.01305	0.05258	0.03163	0.01550	0.01020	0.01307	0.02832	0.00454	0.00455	0.00137	0.00521	0.02169	0.00251	0.00705
39	0.04146	0.01032	0.01690	0.04518	0.66089	0.01068	0.01276	0.03744	0.01022	0.01494	0.00860	0.01140	0.00726	0.00593	0.05037	0.00171	0.04081	0.00402	0.00233	0.00679

[dist]
# distance from previous block
# <min> <max>
3	19

[block]
# block no. 6 follows, 57 sequences, length 15
# corresponding to MSA columns:
# 301-315
name=unknown_G
#
# <colnr> <probs for GDERKNQSTAVLIFYWHMCP>
#	G	D	E	R	K	N	Q	S	T	A	V	L	I	F	Y	W	H	M	C	P
0	0.09044	0.04975	0.01054	0.00843	0.01109	0.03432	0.02897	0.09716	0.33446	0.06504	0.07756	0.04696	0.03891	0.00618	0.00437	0.00140	0.00380	0.00506	0.03262	0.05294
1	0.01377	0.14785	0.01610	0.01176	0.05243	0.16808	0.10777	0.23303	0.09882	0.01750	0.01032	0.03806	0.00837	0.00519	0.00457	0.00132	0.02756	0.00415	0.02700	0.00634
2	0.00634	0.00452	0.00604	0.00650	0.00727	0.00417	0.02232	0.00747	0.00948	0.03817	0.08218	0.52730	0.14231	0.03760	0.00620	0.00184	0.00289	0.07924	0.00422	0.00394
3	0.02729	0.00578	0.00744	0.00719	0.00862	0.00561	0.02968	0.07058	0.01121	0.06364	0.14904	0.17468	0.15143	0.06075	0.00656	0.00186	0.00343	0.20644	0.00425	0.00453
4	0.00912	0.00874	0.03603	0.09372	0.11810	0.04070	0.17283	0.01126	0.00952	0.04060	0.05459	0.13338	0.03169	0.10008	0.08959	0.00243	0.03345	0.00622	0.00287	0.00508
5	0.00694	0.00487	0.00614	0.00671	0.00737	0.00478	0.00464	0.06014	0.04277	0.03291	0.02328	0.70492	0.02696	0.03669	0.00611	0.00186	0.00291	0.01159	0.00424	0.00417
6	0.04653	0.00472	0.00602	0.00622	0.00701	0.00459	0.01964	0.00733	0.00918	0.01269	0.13627	0.38929	0.15684	0.06606	0.05625	0.03685	0.01718	0.00964	0.00389	0.00381
7	0.03932	0.14602	0.01315	0.02231	0.01219	0.16538	0.00749	0.16851	0.03728	0.20140	0.01109	0.01166	0.00827	0.00743	0.06235	0.02871	0.02104	0.00374	0.02642	0.00622
8	0.03385	0.00836	0.01024	0.04003	0.01158	0.02227	0.03377	0.18416	0.06164	0.18779	0.15499	0.02061	0.11610	0.00846	0.04949	0.00177	0.03890	0.00567	0.00433	0.00601
9	0.00701	0.00487	0.00553	0.00532	0.00686	0.00420	0.00405	0.00841	0.01096	0.08811	0.18885	0.08438	0.52354	0.01069	0.00533	0.00153	0.00248	0.02911	0.00449	0.00427
10	0.00705	0.00537	0.00648	0.00664	0.00757	0.00551	0.00474	0.03360	0.13295	0.01361	0.10650	0.37516	0.08791	0.09828	0.08466	0.00249	0.00385	0.00924	0.00404	0.00436
11	0.05950	0.05280	0.05940	0.21841	0.28296	0.01042	0.01119	0.06004	0.02561	0.07746	0.01029	0.04700	0.00858	0.00521	0.00472	0.00144	0.02836	0.02764	0.00276	0.00620
12	0.02750	0.03362	0.01276	0.05653	0.01417	0.40980	0.03265	0.10763	0.05723	0.06536	0.02640	0.01240	0.00862	0.02067	0.01801	0.00149	0.05598	0.03048	0.00301	0.00569
13	0.07558	0.13940	0.01186	0.00796	0.01089	0.04995	0.00660	0.12628	0.10664	0.26228	0.01350	0.02942	0.01006	0.03139	0.00461	0.00140	0.00413	0.00418	0.09747	0.00642
14	0.26382	0.05605	0.01160	0.00980	0.05060	0.16654	0.03868	0.08557	0.12713	0.03274	0.04824	0.01120	0.00895	0.00495	0.00408	0.00133	0.02096	0.00363	0.00318	0.05096

[dist]
# distance from previous block
# <min> <max>
0	4

[block]
# block no. 7 follows, 57 sequences, length 22
# corresponding to MSA columns:
# 320-341
name=unknown_H
#
# <colnr> <probs for GDERKNQSTAVLIFYWHMCP>
#	G	D	E	R	K	N	Q	S	T	A	V	L	I	F	Y	W	H	M	C	P
0	0.01128	0.25614	0.07083	0.00931	0.06031	0.07026	0.02003	0.03196	0.05566	0.08682	0.05870	0.01712	0.12344	0.04988	0.00531	0.00142	0.02047	0.00465	0.00310	0.04330
1	0.00615	0.00471	0.00546	0.00566	0.00667	0.00435	0.00408	0.02395	0.02796	0.01307	0.13795	0.26033	0.33765	0.09440	0.00725	0.00191	0.00275	0.04760	0.00418	0.00391
2	0.01215	0.67226	0.03982	0.00810	0.01181	0.03446	0.00783	0.06290	0.03663	0.01221	0.00737	0.00858	0.00654	0.01803	0.02599	0.00125	0.00509	0.00279	0.00224	0.02396
3	0.01137	0.30122	0.19912	0.00971	0.01374	0.05226	0.03051	0.09905	0.04196	0.01454	0.03454	0.01085	0.02385	0.00540	0.02273	0.00135	0.03992	0.00349	0.00257	0.08184
4	0.01325	0.01172	0.07297	0.01696	0.32390	0.04958	0.03154	0.12586	0.13097	0.12902	0.02760	0.01333	0.02243	0.00503	0.00454	0.00139	0.00502	0.00438	0.00345	0.00706
5	0.00663	0.02446	0.00637	0.00638	0.00719	0.00506	0.00465	0.01920	0.04799	0.01226	0.06540	0.31731	0.12633	0.15602	0.07894	0.00267	0.00400	0.10140	0.00381	0.00394
6	0.00928	0.00764	0.01181	0.00975	0.01193	0.02136	0.19077	0.02809	0.10156	0.07436	0.07792	0.10298	0.11633	0.07569	0.09533	0.00240	0.00530	0.03807	0.01432	0.00512
7	0.15882	0.01011	0.01114	0.03685	0.06936	0.06485	0.00763	0.15095	0.10888	0.27060	0.02732	0.01283	0.00952	0.00569	0.01511	0.00149	0.02393	0.00409	0.00412	0.00671
8	0.01090	0.08108	0.01815	0.14282	0.63080	0.01127	0.01319	0.01354	0.01004	0.01398	0.00827	0.01101	0.00690	0.00410	0.00436	0.00134	0.00543	0.00390	0.00218	0.00675
9	0.00608	0.00424	0.00541	0.00585	0.00619	0.00411	0.00386	0.00678	0.00842	0.01137	0.11518	0.39829	0.04626	0.25709	0.06870	0.03174	0.00379	0.00952	0.00367	0.00345
10	0.01030	0.00786	0.00824	0.00762	0.00929	0.07373	0.00583	0.14516	0.07480	0.06597	0.08974	0.16688	0.12105	0.04043	0.00686	0.07525	0.00387	0.07811	0.00405	0.00496
11	0.01109	0.01064	0.01818	0.06407	0.77716	0.01073	0.01385	0.01380	0.01026	0.01466	0.00850	0.01125	0.00713	0.00406	0.00449	0.00135	0.00541	0.00404	0.00223	0.00708
12	0.00696	0.00534	0.00687	0.00687	0.00794	0.00531	0.03060	0.00920	0.08691	0.03525	0.02638	0.35916	0.20483	0.06809	0.06028	0.00226	0.02507	0.04447	0.00395	0.00427
13	0.01183	0.00805	0.00903	0.00772	0.00981	0.02237	0.00599	0.24332	0.06777	0.12210	0.11907	0.11534	0.10350	0.09248	0.00695	0.00177	0.02137	0.00657	0.01927	0.00569
14	0.01119	0.01074	0.01610	0.08713	0.56485	0.05271	0.01221	0.03489	0.09515	0.01501	0.01060	0.03969	0.01990	0.00481	0.00454	0.00139	0.00524	0.00447	0.00263	0.00676
15	0.01110	0.01023	0.01224	0.03628	0.21591	0.11167	0.02378	0.09927	0.09034	0.02946	0.07124	0.08029	0.05620	0.04543	0.01895	0.00170	0.04525	0.03153	0.00332	0.00581
16	0.05994	0.00765	0.00808	0.00713	0.00904	0.06726	0.02188	0.07293	0.06233	0.09069	0.22975	0.05246	0.23820	0.02243	0.00551	0.00151	0.02699	0.00693	0.00424	0.00505
17	0.00784	0.02543	0.03417	0.00667	0.00816	0.02198	0.00512	0.04614	0.14725	0.01362	0.05974	0.14641	0.22298	0.19127	0.00904	0.00219	0.00354	0.04007	0.00384	0.00453
18	0.01194	0.10722	0.16929	0.02600	0.02503	0.06806	0.04769	0.09456	0.12090	0.10085	0.02500	0.07348	0.03874	0.00683	0.02866	0.00160	0.03981	0.00484	0.00331	0.00621
19	0.01207	0.19598	0.10318	0.06851	0.09965	0.03069	0.05553	0.19706	0.05124	0.02639	0.03133	0.02221	0.03541	0.01880	0.01550	0.00146	0.02150	0.00417	0.00299	0.00632
20	0.00933	0.02297	0.12575	0.01062	0.09545	0.09798	0.02992	0.03216	0.05053	0.02793	0.09574	0.07390	0.19599	0.00826	0.01951	0.00159	0.02776	0.05329	0.00339	0.01795
21	0.03344	0.01009	0.01209	0.05292	0.07387	0.07730	0.05370	0.19379	0.07078	0.12869	0.04323	0.01499	0.04717	0.00912	0.10883	0.00211	0.00579	0.00459	0.00366	0.05387

[dist]
# distance from previous block
# <min> <max>
0	36

[block]
# block no. 8 follows, 57 sequences, length 10
# corresponding to MSA columns:
# 380-389
name=unknown_I
#
# <colnr> <probs for GDERKNQSTAVLIFYWHMCP>
#	G	D	E	R	K	N	Q	S	T	A	V	L	I	F	Y	W	H	M	C	P
0	0.00708	0.00514	0.00628	0.03525	0.00800	0.00485	0.00470	0.04823	0.01147	0.04012	0.29879	0.17832	0.26207	0.01036	0.00531	0.00155	0.00269	0.03978	0.02567	0.00434
1	0.06740	0.03261	0.01219	0.01001	0.03851	0.07323	0.04115	0.29322	0.06967	0.13755	0.06022	0.04893	0.02749	0.00604	0.00489	0.00141	0.03766	0.00477	0.02652	0.00652
2	0.07215	0.00867	0.00996	0.00838	0.01070	0.03406	0.00666	0.12675	0.11069	0.27251	0.04049	0.07540	0.03125	0.06563	0.02105	0.00181	0.08809	0.00529	0.00426	0.00620
3	0.03229	0.00868	0.00851	0.00777	0.00948	0.12732	0.00599	0.07305	0.02902	0.12131	0.08643	0.15774	0.17989	0.03077	0.00618	0.00162	0.06370	0.04124	0.00398	0.00504
4	0.00717	0.00636	0.00668	0.00660	0.00764	0.08009	0.00493	0.00835	0.00901	0.01127	0.04093	0.07165	0.27715	0.12277	0.26013	0.00368	0.03146	0.03695	0.00325	0.00394
5	0.08872	0.09324	0.29367	0.04611	0.04899	0.13878	0.03155	0.07000	0.05827	0.01508	0.00849	0.00988	0.00654	0.00471	0.00464	0.00137	0.05079	0.00343	0.01961	0.00612
6	0.05884	0.00746	0.00846	0.00743	0.00936	0.02535	0.03840	0.12057	0.11572	0.05861	0.06013	0.07857	0.13567	0.06413	0.02298	0.00176	0.01527	0.02731	0.13876	0.00522
7	0.00674	0.00434	0.00594	0.00635	0.00668	0.00437	0.00436	0.02779	0.00786	0.01060	0.01699	0.40071	0.01928	0.07303	0.12726	0.25824	0.00456	0.00843	0.00320	0.00327
8	0.17422	0.00845	0.03460	0.03821	0.05040	0.02509	0.04420	0.08294	0.08443	0.08222	0.10858	0.17218	0.06133	0.00750	0.00461	0.00151	0.00386	0.00637	0.00384	0.00547
9	0.03858	0.02776	0.10645	0.00950	0.01223	0.06203	0.04958	0.13196	0.01160	0.15981	0.01464	0.05967	0.07515	0.05453	0.04408	0.00191	0.10232	0.00507	0.02731	0.00582

[dist]
# distance from previous block
# <min> <max>
7	23

[block]
# block no. 9 follows, 57 sequences, length 18
# corresponding to MSA columns:
# 417-434
name=unknown_J
#
# <colnr> <probs for GDERKNQSTAVLIFYWHMCP>
#	G	D	E	R	K	N	Q	S	T	A	V	L	I	F	Y	W	H	M	C	P
0	0.01092	0.13340	0.13021	0.01129	0.09967	0.09840	0.00900	0.09183	0.03871	0.01351	0.01016	0.04915	0.00959	0.16353	0.02340	0.00206	0.09255	0.00449	0.00263	0.00548
1	0.04308	0.00939	0.01333	0.01082	0.01324	0.05466	0.19019	0.06740	0.13879	0.06112	0.01332	0.01608	0.04174	0.06029	0.19555	0.00301	0.05431	0.00498	0.00315	0.00556
2	0.00823	0.00596	0.00808	0.00759	0.00887	0.00592	0.05373	0.05763	0.03932	0.06617	0.08385	0.31013	0.11363	0.09360	0.00757	0.00197	0.03296	0.08621	0.00405	0.00453
3	0.03177	0.01196	0.01217	0.02824	0.10025	0.19912	0.04187	0.15392	0.10075	0.03732	0.03645	0.02609	0.02912	0.02467	0.09176	0.00205	0.02796	0.00447	0.03417	0.00589
4	0.01125	0.08785	0.01101	0.00875	0.03327	0.00900	0.02844	0.14757	0.13334	0.10912	0.05272	0.17777	0.03356	0.04796	0.07323	0.00210	0.00461	0.01869	0.00398	0.00577
5	0.00867	0.00766	0.01178	0.07763	0.27121	0.00775	0.04969	0.03881	0.05603	0.01372	0.01841	0.24430	0.10787	0.05838	0.00612	0.00172	0.00426	0.00740	0.00325	0.00535
6	0.01109	0.00957	0.09564	0.00864	0.03611	0.06499	0.00686	0.03757	0.14792	0.14929	0.01516	0.10007	0.01387	0.25158	0.02962	0.00247	0.00474	0.00581	0.00361	0.00537
7	0.01193	0.00961	0.03594	0.01951	0.01136	0.03811	0.00694	0.22052	0.19739	0.06101	0.03511	0.05219	0.05945	0.04916	0.00581	0.02114	0.00411	0.04047	0.03781	0.08243
8	0.00942	0.02307	0.13375	0.01090	0.03048	0.09899	0.05630	0.01140	0.00886	0.01204	0.04868	0.06572	0.03835	0.04372	0.13061	0.00259	0.26260	0.00501	0.00249	0.00501
9	0.10519	0.05115	0.15642	0.04122	0.11222	0.07014	0.03028	0.10269	0.05874	0.03132	0.01261	0.13851	0.03435	0.00637	0.00472	0.00146	0.02842	0.00522	0.00305	0.00590
10	0.09198	0.02872	0.15059	0.01381	0.15757	0.14224	0.04921	0.16307	0.04340	0.01713	0.00972	0.01096	0.02795	0.00482	0.00455	0.00134	0.03065	0.00376	0.00284	0.04567
11	0.00742	0.04354	0.00730	0.03122	0.00832	0.01424	0.00504	0.02568	0.03445	0.03757	0.08916	0.21691	0.21948	0.02874	0.11079	0.03341	0.01511	0.02844	0.02640	0.01682
12	0.25765	0.00590	0.00609	0.00590	0.00737	0.00610	0.00438	0.00983	0.00886	0.06793	0.07837	0.15350	0.13694	0.15569	0.04974	0.00234	0.00372	0.03183	0.00360	0.00424
13	0.02321	0.00714	0.02706	0.05888	0.01098	0.02947	0.07401	0.02014	0.03113	0.02812	0.12883	0.12739	0.20119	0.04911	0.03735	0.00196	0.07315	0.06272	0.00360	0.00455
14	0.00982	0.03322	0.04466	0.01037	0.11243	0.02930	0.00729	0.08644	0.02688	0.07175	0.01241	0.05300	0.01146	0.14306	0.30906	0.00403	0.02165	0.00507	0.00297	0.00513
15	0.46537	0.00823	0.00797	0.00669	0.00951	0.00880	0.00547	0.08107	0.01055	0.22615	0.03445	0.01151	0.00859	0.00493	0.00352	0.00136	0.00354	0.00349	0.09301	0.00578
16	0.00670	0.00473	0.00586	0.00634	0.00685	0.00465	0.00444	0.04090	0.00890	0.01175	0.02139	0.35607	0.05345	0.29113	0.01161	0.00271	0.00359	0.15157	0.00372	0.00363
17	0.04058	0.20386	0.04606	0.03076	0.01296	0.03001	0.01809	0.32055	0.05751	0.08823	0.04824	0.04528	0.01035	0.02234	0.00456	0.00137	0.00469	0.00430	0.00370	0.00655

[dist]
# distance from previous block
# <min> <max>
0	2

[block]
# block no. 10 follows, 57 sequences, length 19
# corresponding to MSA columns:
# 437-455
name=unknown_K
#
# <colnr> <probs for GDERKNQSTAVLIFYWHMCP>
#	G	D	E	R	K	N	Q	S	T	A	V	L	I	F	Y	W	H	M	C	P
0	0.01161	0.01278	0.06804	0.02480	0.01243	0.23579	0.04818	0.09360	0.02763	0.01342	0.01014	0.04091	0.00924	0.10827	0.09899	0.00243	0.12505	0.00446	0.04713	0.00511
1	0.03732	0.32228	0.03544	0.03155	0.30654	0.01264	0.00990	0.03627	0.01015	0.03651	0.01048	0.01296	0.04845	0.00479	0.00392	0.00123	0.00483	0.03595	0.00249	0.03628
2	0.02849	0.08364	0.27482	0.01309	0.14060	0.03735	0.04755	0.03956	0.02182	0.01414	0.01199	0.08070	0.05048	0.00692	0.03795	0.00166	0.05204	0.00474	0.04658	0.00590
3	0.00767	0.00602	0.00690	0.00664	0.00806	0.00612	0.00494	0.05669	0.18131	0.01608	0.24857	0.21778	0.17955	0.02569	0.00558	0.00162	0.00280	0.00862	0.00451	0.00484
4	0.05402	0.00823	0.01348	0.74528	0.07033	0.01011	0.01225	0.01179	0.00905	0.01220	0.00799	0.01179	0.00604	0.00449	0.00444	0.00150	0.00587	0.00395	0.00207	0.00514
5	0.00784	0.00691	0.00958	0.05193	0.05163	0.02821	0.09221	0.04940	0.04171	0.01458	0.16468	0.20712	0.22382	0.00928	0.00522	0.00154	0.00364	0.00828	0.00388	0.01855
6	0.01395	0.04582	0.07634	0.00898	0.01204	0.00948	0.02630	0.18362	0.10795	0.24552	0.04868	0.03941	0.03335	0.03226	0.04448	0.00179	0.03032	0.00493	0.02820	0.00657
7	0.04104	0.00797	0.00913	0.00810	0.01047	0.00840	0.00640	0.06364	0.32927	0.20419	0.04667	0.08977	0.04597	0.02052	0.00506	0.00158	0.00356	0.06319	0.02872	0.00636
8	0.01584	0.00794	0.00983	0.00787	0.01077	0.00761	0.00637	0.15870	0.05503	0.43450	0.15036	0.01946	0.06351	0.00656	0.00470	0.00141	0.00363	0.00540	0.02372	0.00680
9	0.03422	0.06555	0.12339	0.09278	0.34532	0.02777	0.02705	0.07254	0.04105	0.01553	0.06740	0.01374	0.01017	0.02183	0.00481	0.00144	0.00526	0.02108	0.00269	0.00638
10	0.01119	0.00864	0.00806	0.00738	0.00910	0.12943	0.00559	0.11506	0.07329	0.07688	0.06075	0.15846	0.03912	0.04153	0.00520	0.00150	0.00387	0.01843	0.22137	0.00516
11	0.00567	0.00417	0.00517	0.00579	0.00641	0.00382	0.00398	0.00644	0.00898	0.01159	0.04608	0.51802	0.24059	0.03882	0.02675	0.04617	0.00288	0.01104	0.00402	0.00363
12	0.07194	0.00913	0.01112	0.00858	0.01207	0.00889	0.00708	0.23268	0.01492	0.55234	0.01526	0.01369	0.00987	0.00548	0.00444	0.00139	0.00414	0.00430	0.00514	0.00754
13	0.01159	0.21767	0.30819	0.01126	0.01558	0.10946	0.05263	0.07823	0.04815	0.01411	0.00826	0.00966	0.00652	0.00538	0.02478	0.00148	0.06509	0.00340	0.00235	0.00620
14	0.00849	0.00583	0.00693	0.00658	0.00805	0.00567	0.00493	0.11147	0.03506	0.07674	0.16812	0.29611	0.20707	0.01112	0.02469	0.00172	0.00312	0.00907	0.00447	0.00476
15	0.00589	0.00416	0.00554	0.00642	0.00682	0.00399	0.00449	0.00687	0.00880	0.01188	0.04453	0.64052	0.02789	0.05347	0.04942	0.00224	0.00333	0.08530	0.02470	0.00373
16	0.00768	0.00607	0.00719	0.00712	0.02990	0.02237	0.00504	0.04897	0.03914	0.01338	0.15283	0.08537	0.14616	0.22950	0.05814	0.00264	0.07059	0.03542	0.02830	0.00418
17	0.01098	0.12273	0.03401	0.00915	0.01083	0.22021	0.02415	0.04104	0.01002	0.01202	0.07489	0.07493	0.01270	0.14594	0.04564	0.00217	0.13614	0.00497	0.00272	0.00477
18	0.00840	0.00604	0.00699	0.00686	0.00772	0.05010	0.00490	0.03823	0.04969	0.05260	0.03746	0.20073	0.01659	0.17627	0.19635	0.11073	0.00578	0.00680	0.01376	0.00401

[dist]
# distance from previous block
# <min> <max>
8	52

[block]
# block no. 11 follows, 57 sequences, length 8
# corresponding to MSA columns:
# 508-515
name=unknown_L
#
# <colnr> <probs for GDERKNQSTAVLIFYWHMCP>
#	G	D	E	R	K	N	Q	S	T	A	V	L	I	F	Y	W	H	M	C	P
0	0.04314	0.13655	0.27596	0.02595	0.04463	0.11648	0.02512	0.10844	0.06337	0.04447	0.03383	0.01143	0.02495	0.00495	0.00437	0.00134	0.02220	0.00374	0.00279	0.00632
1	0.00686	0.00487	0.00656	0.00635	0.00716	0.00486	0.02975	0.00790	0.00835	0.04057	0.07072	0.14682	0.12296	0.27962	0.23222	0.00403	0.00589	0.00743	0.00330	0.00377
2	0.00632	0.00468	0.00616	0.00647	0.00719	0.00478	0.00467	0.03432	0.00888	0.01198	0.05404	0.36544	0.11032	0.07012	0.27849	0.00374	0.00592	0.00896	0.00357	0.00392
3	0.03536	0.00636	0.00763	0.00725	0.03352	0.00632	0.00527	0.10160	0.05311	0.09735	0.24817	0.09073	0.12159	0.09776	0.00725	0.02359	0.00326	0.02715	0.02179	0.00495
4	0.05139	0.22673	0.12995	0.10132	0.09170	0.08771	0.03246	0.06746	0.07401	0.05248	0.00959	0.03915	0.00782	0.00484	0.00403	0.00131	0.00540	0.00381	0.00270	0.00615
5	0.02979	0.00901	0.08156	0.00798	0.01016	0.07654	0.03573	0.07556	0.01121	0.10352	0.07567	0.21965	0.16694	0.05154	0.00596	0.00168	0.00404	0.02454	0.00389	0.00502
6	0.00653	0.00464	0.00617	0.00617	0.00659	0.00506	0.00427	0.00738	0.00695	0.00969	0.01316	0.02344	0.01378	0.41805	0.44208	0.00591	0.00845	0.00568	0.00258	0.00343
7	0.04146	0.00817	0.00899	0.04214	0.03882	0.03828	0.00641	0.10670	0.19308	0.01678	0.07077	0.13845	0.11220	0.00771	0.00470	0.00144	0.00365	0.03346	0.02856	0.09825

[dist]
# distance from previous block
# <min> <max>
3	48

[block]
# block no. 12 follows, 57 sequences, length 18
# corresponding to MSA columns:
# 564-566,570-584
name=unknown_M
#
# <colnr> <probs for GDERKNQSTAVLIFYWHMCP>
#	G	D	E	R	K	N	Q	S	T	A	V	L	I	F	Y	W	H	M	C	P
0	0.04545	0.00796	0.01061	0.26619	0.04326	0.04061	0.03043	0.04886	0.05900	0.04623	0.01507	0.18365	0.05570	0.00800	0.03061	0.00167	0.00478	0.01928	0.00318	0.07946
1	0.01037	0.11843	0.08899	0.17198	0.05544	0.04286	0.00877	0.08939	0.03265	0.05818	0.02609	0.19202	0.01302	0.02928	0.00501	0.00152	0.00469	0.00585	0.04000	0.00548
2	0.00789	0.00638	0.02560	0.00709	0.00857	0.00616	0.03137	0.03568	0.13738	0.03672	0.25286	0.15830	0.12128	0.09912	0.03332	0.00204	0.01343	0.00787	0.00419	0.00474
3	0.02751	0.01161	0.08440	0.18666	0.31545	0.02435	0.22037	0.01371	0.02184	0.01411	0.00907	0.01258	0.00730	0.00438	0.00472	0.00146	0.00617	0.02577	0.00228	0.00626
4	0.01347	0.00907	0.00991	0.00827	0.01094	0.04044	0.00659	0.20319	0.19928	0.19563	0.13998	0.02051	0.10896	0.00690	0.00476	0.00143	0.00379	0.00565	0.00473	0.00651
5	0.57735	0.00962	0.00861	0.00719	0.01019	0.01085	0.00592	0.22307	0.01164	0.05852	0.00833	0.00898	0.00616	0.00463	0.00336	0.00138	0.00387	0.00304	0.03153	0.00576
6	0.00768	0.00535	0.00681	0.00631	0.00778	0.00508	0.04692	0.02783	0.03778	0.04687	0.14198	0.13761	0.24559	0.00996	0.03283	0.00165	0.00312	0.02770	0.19669	0.00446
7	0.00760	0.00524	0.00622	0.00599	0.00702	0.00514	0.00426	0.00959	0.07364	0.06869	0.19117	0.12727	0.18223	0.24092	0.01047	0.00235	0.02457	0.01941	0.00404	0.00418
8	0.00958	0.02186	0.73186	0.04480	0.04149	0.01036	0.01610	0.01454	0.00970	0.04637	0.00853	0.00994	0.00601	0.00436	0.00433	0.00143	0.00652	0.00344	0.00207	0.00669
9	0.02816	0.00960	0.01053	0.00885	0.01157	0.01053	0.00704	0.27187	0.32950	0.09806	0.09655	0.04917	0.01498	0.00645	0.00464	0.00145	0.00384	0.00529	0.02506	0.00685
10	0.00573	0.00430	0.00515	0.00565	0.00633	0.00395	0.00390	0.00661	0.00900	0.01155	0.04682	0.40198	0.27344	0.13440	0.03208	0.00227	0.00310	0.03615	0.00396	0.00363
11	0.00848	0.00577	0.00651	0.00591	0.00773	0.00539	0.00456	0.04794	0.07948	0.10637	0.22079	0.03337	0.40374	0.00934	0.00509	0.00147	0.00267	0.00785	0.03270	0.00486
12	0.00965	0.01009	0.03805	0.01185	0.01363	0.05541	0.20875	0.01227	0.06830	0.01244	0.02410	0.04161	0.03244	0.14275	0.01117	0.00214	0.27020	0.02750	0.00264	0.00502
13	0.00661	0.00470	0.00594	0.00594	0.00618	0.00506	0.00392	0.00714	0.00694	0.00954	0.01418	0.08618	0.01570	0.53122	0.23399	0.00487	0.03940	0.00649	0.00274	0.00325
14	0.00634	0.00513	0.00560	0.00578	0.00686	0.01993	0.00415	0.00830	0.07064	0.01280	0.10420	0.25096	0.35574	0.09211	0.00713	0.00189	0.00284	0.03144	0.00413	0.00402
15	0.17029	0.01099	0.01511	0.01176	0.01490	0.05794	0.24764	0.21975	0.02312	0.01864	0.01086	0.06360	0.01911	0.00693	0.04703	0.00177	0.02807	0.01398	0.01258	0.00591
16	0.00721	0.00594	0.00816	0.00982	0.11050	0.02888	0.02786	0.02804	0.00964	0.01272	0.02231	0.54458	0.05634	0.01182	0.00556	0.00175	0.00350	0.09712	0.00385	0.00440
17	0.01190	0.01261	0.15167	0.01054	0.01372	0.11829	0.10945	0.09287	0.05113	0.09776	0.01396	0.07175	0.03405	0.00629	0.00489	0.00145	0.02746	0.05857	0.10579	0.00585

[dist]
# distance from previous block
# <min> <max>
0	42

[block]
# block no. 13 follows, 57 sequences, length 7
# corresponding to MSA columns:
# 639-645
name=unknown_N
#
# <colnr> <probs for GDERKNQSTAVLIFYWHMCP>
#	G	D	E	R	K	N	Q	S	T	A	V	L	I	F	Y	W	H	M	C	P
0	0.08503	0.02285	0.04638	0.04949	0.04765	0.06076	0.00723	0.12153	0.06922	0.05827	0.06706	0.05282	0.04946	0.00729	0.03098	0.04435	0.02145	0.00468	0.03046	0.12302
1	0.01341	0.15651	0.21903	0.01225	0.07722	0.19811	0.03069	0.07813	0.04186	0.08883	0.00906	0.01000	0.00690	0.00469	0.00448	0.00130	0.03497	0.00346	0.00271	0.00637
2	0.00678	0.00557	0.04473	0.00609	0.00685	0.00509	0.00447	0.00806	0.03020	0.01092	0.06428	0.06391	0.05302	0.44105	0.17726	0.00415	0.00564	0.03033	0.02802	0.00359
3	0.00663	0.00444	0.00566	0.00606	0.00675	0.00416	0.00423	0.00764	0.00931	0.05374	0.11718	0.43411	0.11927	0.12702	0.03803	0.00229	0.00325	0.04224	0.00410	0.00388
4	0.05895	0.03076	0.13746	0.02942	0.08174	0.02804	0.02886	0.24911	0.09395	0.07825	0.01268	0.03873	0.04131	0.00543	0.00438	0.00136	0.00484	0.00439	0.00356	0.06678
5	0.15570	0.10960	0.05979	0.03322	0.01258	0.11334	0.01976	0.17191	0.07644	0.05527	0.03537	0.07301	0.01004	0.00636	0.02198	0.00151	0.03048	0.00435	0.00333	0.00594
