[name]
unknown

[dist]
# distance from previous block
# <min> <max>
2	62

[block]
# block no. 0 follows, 69 sequences, length 24
# corresponding to MSA columns:
# 71-94
name=unknown_A
#
# <colnr> <probs for GDERKNQSTAVLIFYWHMCP>
#	G	D	E	R	K	N	Q	S	T	A	V	L	I	F	Y	W	H	M	C	P
0	0.00822	0.01996	0.11424	0.03514	0.02088	0.02559	0.04778	0.01096	0.06689	0.03278	0.04143	0.05449	0.02201	0.02775	0.00391	0.00102	0.00354	0.00368	0.07520	0.38454
1	0.00939	0.22900	0.08032	0.05115	0.04925	0.09893	0.00705	0.07755	0.04931	0.01176	0.06196	0.06175	0.01005	0.09922	0.02643	0.00154	0.04056	0.00395	0.01287	0.01794
2	0.01009	0.05200	0.03059	0.00892	0.03276	0.02268	0.01987	0.22462	0.04251	0.04824	0.05754	0.06962	0.00990	0.01861	0.09303	0.00191	0.24495	0.00429	0.00286	0.00502
3	0.23152	0.17637	0.01171	0.00719	0.01035	0.03659	0.07891	0.07825	0.00878	0.01415	0.00655	0.00762	0.00532	0.00340	0.00297	0.00092	0.00377	0.00254	0.00231	0.31079
4	0.00555	0.00401	0.00524	0.00493	0.00586	0.00370	0.00370	0.00740	0.01110	0.01572	0.83570	0.02928	0.03699	0.00801	0.00462	0.00123	0.00185	0.00709	0.00432	0.00370
5	0.00628	0.00417	0.00523	0.00493	0.00606	0.00374	0.00371	0.00782	0.01035	0.08213	0.52934	0.09609	0.20833	0.00851	0.00460	0.00128	0.00204	0.00741	0.00416	0.00382
6	0.00552	0.00401	0.00520	0.00490	0.00584	0.00369	0.00368	0.00734	0.01103	0.01556	0.81124	0.02954	0.06154	0.00807	0.00462	0.00124	0.00185	0.00713	0.00429	0.00369
7	0.00491	0.00398	0.00436	0.00426	0.00547	0.00343	0.00320	0.00617	0.00959	0.01215	0.28211	0.03516	0.59280	0.00935	0.00463	0.00130	0.00194	0.00791	0.00385	0.00343
8	0.88991	0.00758	0.00576	0.00516	0.00758	0.00879	0.00425	0.01152	0.00667	0.01759	0.00546	0.00637	0.00425	0.00364	0.00243	0.00121	0.00303	0.00212	0.00243	0.00425
9	0.67833	0.00736	0.00657	0.00560	0.00817	0.00806	0.00461	0.01336	0.00778	0.21718	0.00789	0.00806	0.00557	0.00393	0.00279	0.00121	0.00311	0.00256	0.00301	0.00483
10	0.88991	0.00758	0.00576	0.00516	0.00758	0.00879	0.00425	0.01152	0.00667	0.01759	0.00546	0.00637	0.00425	0.00364	0.00243	0.00121	0.00303	0.00212	0.00243	0.00425
11	0.00858	0.00858	0.01201	0.01029	0.01029	0.01201	0.00858	0.00943	0.00600	0.00943	0.00515	0.00858	0.00515	0.00686	0.01287	0.00172	0.85505	0.00343	0.00172	0.00429
12	0.04446	0.00670	0.00900	0.00692	0.00993	0.00586	0.00572	0.01887	0.01108	0.81513	0.01516	0.01313	0.00954	0.00481	0.00390	0.00121	0.00333	0.00389	0.00478	0.00660
13	0.88991	0.00758	0.00576	0.00516	0.00758	0.00879	0.00425	0.01152	0.00667	0.01759	0.00546	0.00637	0.00425	0.00364	0.00243	0.00121	0.00303	0.00212	0.00243	0.00425
14	0.00735	0.00409	0.00425	0.00415	0.00523	0.00405	0.00312	0.03266	0.03114	0.03351	0.01679	0.06535	0.11667	0.00572	0.00321	0.00103	0.00201	0.00470	0.65116	0.00381
15	0.00786	0.02028	0.84191	0.01117	0.01697	0.00910	0.01448	0.01242	0.00828	0.01242	0.00704	0.00828	0.00497	0.00372	0.00372	0.00124	0.00579	0.00290	0.00166	0.00579
16	0.01759	0.00667	0.00910	0.00698	0.01001	0.00576	0.00576	0.01911	0.01122	0.84048	0.01547	0.01334	0.00970	0.00485	0.00394	0.00121	0.00334	0.00394	0.00485	0.00667
17	0.03409	0.00674	0.00859	0.00672	0.00950	0.00616	0.00551	0.09830	0.01150	0.62948	0.01651	0.01488	0.07742	0.00522	0.00390	0.00120	0.00324	0.00420	0.05065	0.00619
18	0.01272	0.00795	0.00909	0.00769	0.01023	0.00850	0.00612	0.06162	0.50597	0.30132	0.01545	0.01392	0.01091	0.00513	0.00397	0.00128	0.00325	0.00422	0.00428	0.00639
19	0.55870	0.00766	0.00729	0.00605	0.00871	0.00827	0.00499	0.09343	0.00911	0.24976	0.00866	0.00863	0.00602	0.00409	0.00300	0.00121	0.00324	0.00277	0.00326	0.00517
20	0.01497	0.00975	0.01089	0.00840	0.01140	0.01043	0.00692	0.62021	0.01660	0.18925	0.05264	0.01122	0.00882	0.00490	0.00396	0.00119	0.00399	0.00379	0.00413	0.00652
21	0.01636	0.00731	0.01038	0.00792	0.01099	0.00664	0.07328	0.06050	0.05309	0.68797	0.01456	0.01298	0.00935	0.00474	0.00400	0.00123	0.00364	0.00400	0.00452	0.00653
22	0.00740	0.00697	0.01176	0.85280	0.02700	0.00871	0.01089	0.01002	0.00784	0.01002	0.00697	0.01045	0.00523	0.00392	0.00392	0.00131	0.00523	0.00348	0.00174	0.00436
23	0.01218	0.00836	0.00939	0.00766	0.01009	0.00895	0.00616	0.39185	0.15922	0.12699	0.16511	0.05033	0.01443	0.00577	0.00411	0.00124	0.00343	0.00472	0.00412	0.00589

[dist]
# distance from previous block
# <min> <max>
0	12

[block]
# block no. 1 follows, 69 sequences, length 10
# corresponding to MSA columns:
# 107-116
name=unknown_B
#
# <colnr> <probs for GDERKNQSTAVLIFYWHMCP>
#	G	D	E	R	K	N	Q	S	T	A	V	L	I	F	Y	W	H	M	C	P
0	0.72806	0.00739	0.00664	0.00584	0.00813	0.00837	0.04243	0.03711	0.00726	0.01679	0.00739	0.09602	0.00667	0.00456	0.00285	0.00126	0.00316	0.00323	0.00258	0.00426
1	0.05681	0.00713	0.00898	0.00842	0.08431	0.00712	0.00610	0.04962	0.20154	0.37190	0.09024	0.01530	0.04563	0.00579	0.02200	0.00135	0.00339	0.00438	0.00407	0.00592
2	0.00921	0.02477	0.06218	0.07003	0.13533	0.06062	0.16204	0.03583	0.00885	0.03224	0.00812	0.05085	0.00694	0.01745	0.00442	0.00111	0.04466	0.00366	0.00224	0.25944
3	0.01021	0.00815	0.00882	0.00770	0.01010	0.00903	0.00603	0.01971	0.69243	0.08023	0.01510	0.01394	0.01123	0.00506	0.00389	0.00125	0.00310	0.00420	0.00391	0.08590
4	0.00797	0.00617	0.00706	0.00659	0.00814	0.00669	0.00513	0.03870	0.36340	0.03150	0.22518	0.06819	0.04325	0.00809	0.04617	0.00158	0.00309	0.06885	0.04936	0.00487
5	0.00483	0.00345	0.00460	0.00542	0.00570	0.00322	0.00364	0.00559	0.00775	0.01040	0.07695	0.80322	0.02668	0.01199	0.00498	0.00157	0.00225	0.01087	0.00369	0.00322
6	0.00503	0.00399	0.00453	0.00439	0.00554	0.00348	0.00329	0.00640	0.00988	0.01283	0.38748	0.03404	0.48702	0.00909	0.00463	0.00128	0.00193	0.00776	0.00394	0.00348
7	0.00975	0.00842	0.00886	0.00798	0.01019	0.00975	0.00621	0.02083	0.83069	0.01640	0.01596	0.01463	0.01197	0.00532	0.00399	0.00133	0.00310	0.00443	0.00399	0.00621
8	0.00829	0.00730	0.00922	0.00667	0.01012	0.00579	0.06215	0.01063	0.05067	0.01295	0.00750	0.00864	0.00613	0.00306	0.00308	0.00067	0.00317	0.00259	0.00238	0.77899
9	0.01011	0.14121	0.04044	0.00847	0.05305	0.06853	0.02908	0.14339	0.00943	0.07768	0.00917	0.01283	0.00816	0.15737	0.14743	0.00247	0.07015	0.00376	0.00254	0.00472

[dist]
# distance from previous block
# <min> <max>
0	1

[block]
# block no. 2 follows, 69 sequences, length 48
# corresponding to MSA columns:
# 118-165
name=unknown_C
#
# <colnr> <probs for GDERKNQSTAVLIFYWHMCP>
#	G	D	E	R	K	N	Q	S	T	A	V	L	I	F	Y	W	H	M	C	P
0	0.05402	0.40319	0.03943	0.00882	0.06138	0.14117	0.00735	0.14978	0.06718	0.02364	0.00723	0.00787	0.00588	0.00387	0.00314	0.00101	0.00459	0.00270	0.00236	0.00539
1	0.02940	0.02940	0.01460	0.01921	0.56943	0.10500	0.02231	0.09974	0.03112	0.03114	0.00776	0.00944	0.00628	0.00376	0.00380	0.00115	0.00481	0.00338	0.00228	0.00600
2	0.00466	0.00393	0.00404	0.00411	0.00534	0.00331	0.00304	0.00564	0.00886	0.01063	0.05136	0.10342	0.75813	0.01009	0.00466	0.00134	0.00201	0.00848	0.00365	0.00331
3	0.88991	0.00758	0.00576	0.00516	0.00758	0.00879	0.00425	0.01152	0.00667	0.01759	0.00546	0.00637	0.00425	0.00364	0.00243	0.00121	0.00303	0.00212	0.00243	0.00425
4	0.00982	0.00822	0.00958	0.00985	0.11680	0.00920	0.00680	0.01888	0.64644	0.04866	0.06039	0.01475	0.01252	0.00521	0.00401	0.00130	0.00324	0.00444	0.00378	0.00609
5	0.00921	0.00443	0.00506	0.00469	0.00601	0.00427	0.00359	0.01122	0.04145	0.18117	0.01440	0.10476	0.01175	0.00548	0.00328	0.00106	0.00223	0.00454	0.57707	0.00432
6	0.01490	0.01098	0.01177	0.00902	0.01216	0.01216	0.00745	0.82470	0.01843	0.02471	0.00941	0.00941	0.00667	0.00471	0.00392	0.00118	0.00431	0.00353	0.00392	0.00667
7	0.00731	0.00365	0.00365	0.00365	0.00457	0.00365	0.00274	0.00913	0.00822	0.01462	0.01279	0.01462	0.01005	0.00457	0.00274	0.00091	0.00183	0.00365	0.88399	0.00365
8	0.01464	0.01868	0.01111	0.01010	0.01212	0.84648	0.00757	0.01565	0.01111	0.00959	0.00606	0.00707	0.00505	0.00404	0.00353	0.00101	0.00707	0.00252	0.00202	0.00454
9	0.00813	0.00697	0.00813	0.00581	0.00929	0.00523	0.00465	0.00987	0.00813	0.01277	0.00697	0.00813	0.00581	0.00290	0.00290	0.00058	0.00290	0.00232	0.00232	0.88619
10	0.01501	0.01081	0.01166	0.00894	0.01207	0.01190	0.00738	0.79266	0.01815	0.05714	0.00965	0.00957	0.00679	0.00471	0.00392	0.00118	0.00428	0.00355	0.00396	0.00667
11	0.00592	0.00427	0.00561	0.00615	0.00697	0.00416	0.00505	0.00736	0.00875	0.01142	0.10901	0.05947	0.11730	0.12631	0.00721	0.00195	0.00323	0.50295	0.00352	0.00341
12	0.88991	0.00758	0.00576	0.00516	0.00758	0.00879	0.00425	0.01152	0.00667	0.01759	0.00546	0.00637	0.00425	0.00364	0.00243	0.00121	0.00303	0.00212	0.00243	0.00425
13	0.88991	0.00758	0.00576	0.00516	0.00758	0.00879	0.00425	0.01152	0.00667	0.01759	0.00546	0.00637	0.00425	0.00364	0.00243	0.00121	0.00303	0.00212	0.00243	0.00425
14	0.00532	0.00400	0.00492	0.00469	0.00572	0.00360	0.00352	0.00696	0.01056	0.01444	0.63702	0.03139	0.23647	0.00849	0.00463	0.00126	0.00188	0.00739	0.00415	0.00360
15	0.88991	0.00758	0.00576	0.00516	0.00758	0.00879	0.00425	0.01152	0.00667	0.01759	0.00546	0.00637	0.00425	0.00364	0.00243	0.00121	0.00303	0.00212	0.00243	0.00425
16	0.00970	0.00931	0.01591	0.02406	0.83777	0.00931	0.01203	0.01203	0.00893	0.01281	0.00737	0.00970	0.00621	0.00349	0.00388	0.00116	0.00466	0.00349	0.00194	0.00621
17	0.79660	0.00748	0.00612	0.00535	0.00784	0.00847	0.00441	0.01234	0.00716	0.10562	0.00653	0.00711	0.00483	0.00377	0.00259	0.00121	0.00307	0.00232	0.00269	0.00451
18	0.00934	0.00806	0.00847	0.00766	0.00980	0.00923	0.00595	0.01961	0.76470	0.01593	0.01786	0.01648	0.07815	0.00569	0.00404	0.00133	0.00301	0.00474	0.00396	0.00597
19	0.00476	0.00347	0.00449	0.00530	0.00564	0.00320	0.00357	0.00548	0.00766	0.01007	0.02354	0.77174	0.11261	0.01203	0.00496	0.00156	0.00224	0.01084	0.00364	0.00320
20	0.00498	0.00360	0.00472	0.00530	0.00575	0.00334	0.00367	0.00597	0.00844	0.01139	0.21052	0.61122	0.06833	0.01115	0.00491	0.00150	0.00219	0.02592	0.00379	0.00332
21	0.00818	0.00772	0.01287	0.57219	0.26693	0.00893	0.01104	0.01106	0.04191	0.01111	0.00746	0.01040	0.00579	0.00385	0.00391	0.00127	0.00497	0.00353	0.00189	0.00498
22	0.00786	0.02028	0.84191	0.01117	0.01697	0.00910	0.01448	0.01242	0.00828	0.01242	0.00704	0.00828	0.00497	0.00372	0.00372	0.00124	0.00579	0.00290	0.00166	0.00579
23	0.00544	0.00400	0.00509	0.00482	0.00579	0.00365	0.00361	0.00719	0.01084	0.01512	0.74217	0.03028	0.13089	0.00824	0.00462	0.00124	0.00187	0.00723	0.00424	0.00365
24	0.01048	0.86458	0.02054	0.00671	0.01006	0.01551	0.00671	0.01174	0.00797	0.00922	0.00545	0.00629	0.00503	0.00335	0.00252	0.00084	0.00419	0.00210	0.00168	0.00503
25	0.01759	0.00667	0.00910	0.00698	0.01001	0.00576	0.00576	0.01911	0.01122	0.84048	0.01547	0.01334	0.00970	0.00485	0.00394	0.00121	0.00334	0.00394	0.00485	0.00667
26	0.00483	0.00345	0.00459	0.00548	0.00572	0.00323	0.00368	0.00553	0.00751	0.01001	0.02143	0.82499	0.02564	0.02681	0.00527	0.00164	0.00233	0.03105	0.00362	0.00318
27	0.01048	0.86458	0.02054	0.00671	0.01006	0.01551	0.00671	0.01174	0.00797	0.00922	0.00545	0.00629	0.00503	0.00335	0.00252	0.00084	0.00419	0.00210	0.00168	0.00503
28	0.88991	0.00758	0.00576	0.00516	0.00758	0.00879	0.00425	0.01152	0.00667	0.01759	0.00546	0.00637	0.00425	0.00364	0.00243	0.00121	0.00303	0.00212	0.00243	0.00425
29	0.00543	0.00392	0.00514	0.00506	0.00587	0.00363	0.00373	0.00709	0.01046	0.01470	0.68579	0.16805	0.03490	0.00878	0.00470	0.00130	0.00195	0.02170	0.00419	0.00361
30	0.01404	0.00688	0.00850	0.00684	0.00942	0.00652	0.00562	0.17718	0.01207	0.47023	0.01795	0.01817	0.12735	0.00594	0.00409	0.00125	0.00330	0.05941	0.03936	0.00587
31	0.22912	0.00728	0.00817	0.00632	0.00934	0.00678	0.00517	0.06948	0.00966	0.33328	0.01003	0.00979	0.00698	0.00396	0.00326	0.00102	0.00320	0.00298	0.00343	0.27075
32	0.00855	0.00814	0.01383	0.43965	0.43119	0.00901	0.01146	0.01102	0.00838	0.01141	0.00717	0.01008	0.00572	0.00371	0.00390	0.00124	0.00494	0.00349	0.00184	0.00528
33	0.00524	0.00397	0.00464	0.00458	0.00565	0.00350	0.00339	0.00656	0.00972	0.02586	0.36945	0.12175	0.40297	0.00930	0.00466	0.00131	0.00198	0.00802	0.00394	0.00351
34	0.00992	0.00714	0.00803	0.00711	0.00915	0.00775	0.00554	0.01743	0.51978	0.13810	0.18886	0.01800	0.03413	0.00591	0.00413	0.00129	0.00285	0.00500	0.00418	0.00569
35	0.01048	0.86458	0.02054	0.00671	0.01006	0.01551	0.00671	0.01174	0.00797	0.00922	0.00545	0.00629	0.00503	0.00335	0.00252	0.00084	0.00419	0.00210	0.00168	0.00503
36	0.00819	0.00758	0.01269	0.06473	0.53744	0.00759	0.03110	0.01012	0.00855	0.01196	0.02517	0.22370	0.02251	0.00588	0.00421	0.00129	0.00406	0.00557	0.00242	0.00524
37	0.01730	0.00713	0.00938	0.00719	0.01024	0.00645	0.00594	0.10529	0.01199	0.75321	0.01482	0.01292	0.00938	0.00484	0.00394	0.00121	0.00344	0.00390	0.00475	0.00667
38	0.79660	0.00748	0.00612	0.00535	0.00784	0.00847	0.00441	0.01234	0.00716	0.10562	0.00653	0.00711	0.00483	0.00377	0.00259	0.00121	0.00307	0.00232	0.00269	0.00451
39	0.00528	0.00443	0.00464	0.00454	0.00589	0.00403	0.00342	0.00742	0.09702	0.01170	0.11561	0.05911	0.64436	0.00932	0.00457	0.00132	0.00210	0.00783	0.00374	0.00365
40	0.00898	0.00972	0.01896	0.01413	0.01673	0.01040	0.53629	0.01145	0.00818	0.01161	0.00718	0.01005	0.00581	0.00449	0.00722	0.00144	0.27979	0.00421	0.02844	0.00492
41	0.00568	0.00387	0.00463	0.00463	0.00475	0.00399	0.00282	0.00593	0.00581	0.00786	0.01203	0.02386	0.01347	0.71618	0.16493	0.00424	0.00498	0.00544	0.00233	0.00257
42	0.00927	0.00891	0.01538	0.13602	0.66608	0.00911	0.04781	0.01166	0.00880	0.01238	0.00775	0.01088	0.00656	0.00376	0.00397	0.00121	0.00479	0.02786	0.00197	0.00584
43	0.00553	0.00426	0.00521	0.00552	0.00662	0.00397	0.00451	0.00712	0.02053	0.01181	0.13921	0.03855	0.37104	0.01029	0.01876	0.00159	0.00278	0.33546	0.00370	0.00353
44	0.00478	0.00341	0.00455	0.00546	0.00569	0.00318	0.00364	0.00546	0.00751	0.01001	0.02161	0.85966	0.02593	0.01228	0.00500	0.00159	0.00227	0.01114	0.00364	0.00318
45	0.01464	0.01868	0.01111	0.01010	0.01212	0.84648	0.00757	0.01565	0.01111	0.00959	0.00606	0.00707	0.00505	0.00404	0.00353	0.00101	0.00707	0.00252	0.00202	0.00454
46	0.01040	0.00787	0.01232	0.44805	0.10741	0.02438	0.06624	0.07345	0.00952	0.17081	0.00898	0.01109	0.00652	0.02108	0.00428	0.00131	0.00484	0.00368	0.00256	0.00520
47	0.01476	0.01116	0.02811	0.00906	0.01225	0.01210	0.00759	0.80870	0.01823	0.02447	0.00937	0.00939	0.00663	0.00469	0.00392	0.00118	0.00434	0.00352	0.00388	0.00665

[dist]
# distance from previous block
# <min> <max>
0	1

[block]
# block no. 3 follows, 69 sequences, length 9
# corresponding to MSA columns:
# 167-175
name=unknown_D
#
# <colnr> <probs for GDERKNQSTAVLIFYWHMCP>
#	G	D	E	R	K	N	Q	S	T	A	V	L	I	F	Y	W	H	M	C	P
0	0.03956	0.00789	0.01345	0.53238	0.25854	0.00896	0.06199	0.01081	0.00820	0.01125	0.00709	0.01010	0.00552	0.00375	0.00390	0.00126	0.00507	0.00351	0.00184	0.00494
1	0.88991	0.00758	0.00576	0.00516	0.00758	0.00879	0.00425	0.01152	0.00667	0.01759	0.00546	0.00637	0.00425	0.00364	0.00243	0.00121	0.00303	0.00212	0.00243	0.00425
2	0.01138	0.00618	0.00757	0.00592	0.00860	0.00518	0.00474	0.03713	0.00981	0.35523	0.01806	0.01757	0.19308	0.03643	0.00437	0.00114	0.00295	0.00448	0.00371	0.26645
3	0.21228	0.00687	0.00835	0.00657	0.00947	0.00644	0.00542	0.01741	0.01021	0.65682	0.01323	0.01179	0.00849	0.00458	0.00360	0.00121	0.00327	0.00354	0.00431	0.00613
4	0.00538	0.00387	0.00509	0.00505	0.00582	0.00358	0.00369	0.00697	0.01030	0.01445	0.65400	0.21462	0.03452	0.00897	0.00471	0.00131	0.00194	0.00799	0.00416	0.00358
5	0.00724	0.00479	0.00751	0.05970	0.00807	0.00539	0.04678	0.00646	0.00563	0.00771	0.00662	0.01124	0.00641	0.01144	0.01368	0.64908	0.13458	0.00348	0.00172	0.00245
6	0.69016	0.00859	0.00737	0.00627	0.00888	0.00974	0.00512	0.19327	0.00954	0.01949	0.00671	0.00755	0.00513	0.00412	0.00292	0.00127	0.00345	0.00256	0.00288	0.00497
7	0.00755	0.00629	0.00759	0.00621	0.00859	0.00525	0.00476	0.00886	0.00803	0.01209	0.01116	0.22978	0.01147	0.00672	0.03394	0.00117	0.04685	0.00486	0.00275	0.57608
8	0.00777	0.00722	0.01199	0.84842	0.02717	0.00891	0.01101	0.01028	0.00807	0.01037	0.00733	0.01094	0.00557	0.00416	0.00407	0.00137	0.00534	0.00360	0.00187	0.00454

[dist]
# distance from previous block
# <min> <max>
0	1

[block]
# block no. 4 follows, 69 sequences, length 17
# corresponding to MSA columns:
# 177-193
name=unknown_E
#
# <colnr> <probs for GDERKNQSTAVLIFYWHMCP>
#	G	D	E	R	K	N	Q	S	T	A	V	L	I	F	Y	W	H	M	C	P
0	0.01056	0.01144	0.02376	0.01723	0.02124	0.01061	0.80769	0.01346	0.01009	0.01379	0.00924	0.01235	0.00719	0.00419	0.00518	0.00156	0.00700	0.00503	0.00244	0.00596
1	0.00617	0.00496	0.00519	0.00512	0.00645	0.00419	0.00373	0.00693	0.01006	0.01262	0.15990	0.06380	0.67443	0.01047	0.00520	0.00156	0.00246	0.00852	0.00416	0.00408
2	0.01176	0.84831	0.02122	0.00761	0.01102	0.01610	0.00726	0.01265	0.00882	0.01053	0.00681	0.00815	0.00629	0.00424	0.00311	0.00109	0.00463	0.00255	0.00214	0.00571
3	0.00740	0.00697	0.01176	0.85280	0.02700	0.00871	0.01089	0.01002	0.00784	0.01002	0.00697	0.01045	0.00523	0.00392	0.00392	0.00131	0.00523	0.00348	0.00174	0.00436
4	0.01032	0.27279	0.15018	0.01334	0.27118	0.03461	0.01986	0.08210	0.03563	0.03572	0.00764	0.00924	0.00625	0.00424	0.01723	0.00118	0.00475	0.01589	0.00216	0.00569
5	0.00530	0.00420	0.00467	0.00484	0.00591	0.00379	0.00358	0.04816	0.00901	0.01121	0.03186	0.27669	0.51399	0.01039	0.00475	0.00142	0.00228	0.05084	0.00365	0.00346
6	0.00560	0.00420	0.00630	0.00630	0.00700	0.00490	0.00490	0.00700	0.00630	0.00910	0.01050	0.01540	0.00980	0.02940	0.84669	0.00630	0.01050	0.00420	0.00210	0.00350
7	0.00632	0.00528	0.00835	0.01067	0.20965	0.00511	0.04445	0.00763	0.00807	0.01096	0.01742	0.54137	0.01989	0.00959	0.00475	0.00149	0.00318	0.07863	0.00314	0.00406
8	0.00944	0.01049	0.09756	0.16271	0.29601	0.08945	0.06226	0.02912	0.10803	0.02383	0.00932	0.06752	0.00786	0.00449	0.00398	0.00124	0.00486	0.00405	0.00233	0.00543
9	0.00945	0.01753	0.55017	0.01086	0.03763	0.13540	0.01204	0.04173	0.00897	0.04044	0.00733	0.00871	0.00548	0.00525	0.04482	0.00147	0.05230	0.00301	0.00193	0.00549
10	0.00802	0.00484	0.00674	0.00718	0.00841	0.00470	0.00623	0.00978	0.00936	0.13677	0.01996	0.03956	0.02062	0.00993	0.00519	0.00172	0.00357	0.68956	0.00380	0.00407
11	0.00892	0.01177	0.14583	0.01564	0.04870	0.00956	0.64675	0.01229	0.00904	0.01247	0.00821	0.03682	0.00644	0.00366	0.00448	0.00131	0.00628	0.00453	0.00198	0.00533
12	0.02842	0.04296	0.06403	0.10100	0.30860	0.12996	0.05732	0.07010	0.01004	0.13768	0.00841	0.00970	0.00633	0.00391	0.00380	0.00117	0.00498	0.00337	0.00249	0.00572
13	0.00741	0.01087	0.34063	0.00804	0.02329	0.00624	0.00835	0.01031	0.03971	0.07350	0.12210	0.16284	0.08960	0.04470	0.00495	0.00144	0.00386	0.03450	0.00295	0.00470
14	0.00494	0.00369	0.00461	0.00510	0.00572	0.00336	0.00361	0.00595	0.00853	0.01123	0.17097	0.49417	0.21048	0.01093	0.00487	0.00148	0.00219	0.04111	0.00376	0.00332
15	0.00911	0.01961	0.04407	0.04784	0.33598	0.03907	0.02608	0.07507	0.05127	0.03852	0.01180	0.14797	0.02315	0.05447	0.00500	0.00141	0.00412	0.03451	0.02576	0.00517
16	0.04482	0.17647	0.05217	0.01092	0.11763	0.38337	0.00813	0.07233	0.03600	0.02608	0.00682	0.00785	0.00558	0.00400	0.00370	0.00106	0.03299	0.00276	0.00218	0.00513

[dist]
# distance from previous block
# <min> <max>
0	4

[block]
# block no. 5 follows, 69 sequences, length 18
# corresponding to MSA columns:
# 198-215
name=unknown_F
#
# <colnr> <probs for GDERKNQSTAVLIFYWHMCP>
#	G	D	E	R	K	N	Q	S	T	A	V	L	I	F	Y	W	H	M	C	P
0	0.02158	0.02138	0.12156	0.00806	0.04342	0.02865	0.04141	0.03039	0.04907	0.06763	0.00907	0.06948	0.00767	0.00406	0.00343	0.00091	0.00368	0.00341	0.00257	0.46258
1	0.06047	0.01706	0.01082	0.01004	0.03614	0.71430	0.00741	0.05628	0.01111	0.01100	0.00640	0.00742	0.00525	0.00405	0.00349	0.00103	0.00652	0.00261	0.02394	0.00466
2	0.00478	0.00341	0.00455	0.00546	0.00569	0.00318	0.00364	0.00546	0.00751	0.01001	0.02161	0.85966	0.02593	0.01228	0.00500	0.00159	0.00227	0.01114	0.00364	0.00318
3	0.01146	0.10175	0.10014	0.04161	0.11220	0.21030	0.06541	0.12139	0.15933	0.02568	0.00879	0.00956	0.00678	0.00415	0.00372	0.00115	0.00511	0.00331	0.00257	0.00558
4	0.00501	0.00375	0.00465	0.00493	0.00565	0.00339	0.00351	0.00617	0.00909	0.01213	0.30930	0.37877	0.21881	0.01025	0.00479	0.00140	0.00206	0.00906	0.00388	0.00339
5	0.00591	0.00507	0.02851	0.02541	0.06905	0.00481	0.02672	0.00711	0.00799	0.01089	0.09091	0.36251	0.12538	0.05036	0.04218	0.01732	0.05099	0.03224	0.03297	0.00366
6	0.00871	0.04182	0.52008	0.03093	0.02767	0.04415	0.18867	0.04297	0.00896	0.01258	0.00767	0.03405	0.00589	0.00393	0.00393	0.00125	0.00579	0.00352	0.00189	0.00554
7	0.48755	0.05811	0.00831	0.00650	0.00907	0.13574	0.00531	0.03117	0.00872	0.20532	0.00794	0.00814	0.00572	0.00399	0.00298	0.00116	0.00381	0.00263	0.00291	0.00495
8	0.01061	0.00964	0.02793	0.01811	0.45910	0.00960	0.13698	0.16252	0.03953	0.03955	0.00893	0.04345	0.00732	0.00414	0.00405	0.00122	0.00473	0.00401	0.00253	0.00604
9	0.00584	0.00408	0.00530	0.00496	0.00595	0.00374	0.00373	0.00765	0.01103	0.03724	0.78863	0.02914	0.06188	0.00799	0.00461	0.00124	0.00189	0.00705	0.00431	0.00376
10	0.00957	0.03036	0.30631	0.01489	0.30996	0.02498	0.03938	0.02988	0.02160	0.08468	0.01035	0.01147	0.06511	0.00427	0.00404	0.00122	0.02022	0.00367	0.00228	0.00578
11	0.01048	0.86458	0.02054	0.00671	0.01006	0.01551	0.00671	0.01174	0.00797	0.00922	0.00545	0.00629	0.00503	0.00335	0.00252	0.00084	0.00419	0.00210	0.00168	0.00503
12	0.00477	0.00371	0.00434	0.00475	0.00552	0.00328	0.00335	0.00568	0.00843	0.01071	0.09230	0.42542	0.39197	0.01089	0.00481	0.00144	0.00211	0.00954	0.00369	0.00328
13	0.00474	0.00392	0.00416	0.00422	0.00539	0.00334	0.00312	0.00579	0.00902	0.01106	0.12012	0.11820	0.67345	0.00996	0.00467	0.00134	0.00200	0.00844	0.00371	0.00334
14	0.00497	0.00408	0.00440	0.00446	0.00564	0.00359	0.00332	0.00639	0.03780	0.01129	0.11830	0.12498	0.61621	0.00985	0.00467	0.00136	0.00208	0.02944	0.00372	0.00345
15	0.02532	0.40531	0.27998	0.00885	0.02304	0.02816	0.03827	0.03597	0.03738	0.04660	0.00715	0.00810	0.00568	0.00447	0.02945	0.00121	0.00496	0.00273	0.00200	0.00539
16	0.00926	0.07320	0.15049	0.06083	0.06464	0.02932	0.02449	0.03781	0.07223	0.05983	0.00888	0.01032	0.02121	0.03146	0.00447	0.00111	0.04949	0.00318	0.01447	0.27332
17	0.04818	0.10500	0.09384	0.05171	0.05376	0.08836	0.08728	0.14767	0.09092	0.02995	0.07400	0.01283	0.02579	0.01476	0.00431	0.00134	0.00478	0.00398	0.00305	0.05847

[dist]
# distance from previous block
# <min> <max>
2	20

[block]
# block no. 6 follows, 69 sequences, length 7
# corresponding to MSA columns:
# 236-242
name=unknown_G
#
# <colnr> <probs for GDERKNQSTAVLIFYWHMCP>
#	G	D	E	R	K	N	Q	S	T	A	V	L	I	F	Y	W	H	M	C	P
0	0.00515	0.00399	0.00469	0.00452	0.00561	0.00353	0.00339	0.00663	0.01016	0.01350	0.49131	0.03294	0.38276	0.00884	0.00463	0.00127	0.00191	0.00760	0.00402	0.00353
1	0.00814	0.00710	0.03688	0.23683	0.23283	0.00710	0.02556	0.01028	0.00901	0.06805	0.15685	0.05187	0.07128	0.00544	0.00429	0.00126	0.02268	0.00483	0.03492	0.00480
2	0.88991	0.00758	0.00576	0.00516	0.00758	0.00879	0.00425	0.01152	0.00667	0.01759	0.00546	0.00637	0.00425	0.00364	0.00243	0.00121	0.00303	0.00212	0.00243	0.00425
3	0.00610	0.00401	0.00500	0.00484	0.00582	0.00368	0.00359	0.00768	0.01004	0.05318	0.49943	0.13718	0.12870	0.00827	0.00443	0.00125	0.00199	0.00723	0.10387	0.00372
4	0.00516	0.00413	0.00465	0.00466	0.00576	0.00373	0.00344	0.00687	0.05323	0.01212	0.23861	0.16231	0.46213	0.00956	0.00465	0.00134	0.00206	0.00821	0.00383	0.00354
5	0.00490	0.00350	0.00469	0.00560	0.00588	0.00329	0.00385	0.00567	0.00762	0.01014	0.02154	0.79572	0.02567	0.01217	0.00504	0.00161	0.00238	0.07390	0.00364	0.00322
6	0.07816	0.14751	0.41665	0.00982	0.01413	0.10519	0.04824	0.08711	0.00949	0.03912	0.00708	0.00806	0.00528	0.00380	0.00348	0.00115	0.00530	0.00284	0.00208	0.00550

[dist]
# distance from previous block
# <min> <max>
0	13

[block]
# block no. 7 follows, 69 sequences, length 31
# corresponding to MSA columns:
# 256-286
name=unknown_H
#
# <colnr> <probs for GDERKNQSTAVLIFYWHMCP>
#	G	D	E	R	K	N	Q	S	T	A	V	L	I	F	Y	W	H	M	C	P
0	0.04722	0.56513	0.01713	0.00754	0.01057	0.12919	0.00688	0.13807	0.00993	0.01201	0.00614	0.00693	0.00526	0.00374	0.00306	0.00095	0.02058	0.00240	0.00210	0.00517
1	0.65094	0.07130	0.02483	0.00644	0.00903	0.10674	0.03087	0.03852	0.00778	0.01603	0.00577	0.00671	0.00454	0.00369	0.00271	0.00117	0.00379	0.00231	0.00234	0.00448
2	0.00966	0.06140	0.11467	0.20429	0.06150	0.02024	0.09288	0.13694	0.15637	0.01401	0.00903	0.02156	0.00700	0.00448	0.00457	0.00128	0.06846	0.00371	0.00252	0.00543
3	0.00529	0.00419	0.00525	0.00510	0.00614	0.00379	0.02963	0.00673	0.02297	0.01221	0.29108	0.16158	0.34627	0.05064	0.00544	0.00147	0.00229	0.03269	0.00375	0.00349
4	0.00503	0.00375	0.00468	0.00509	0.00575	0.00344	0.00364	0.00608	0.00858	0.01131	0.19046	0.41890	0.21152	0.03721	0.01755	0.00161	0.00237	0.05602	0.00371	0.00332
5	0.08099	0.00812	0.01222	0.24906	0.37592	0.03193	0.00966	0.02391	0.00860	0.04768	0.00864	0.08170	0.00756	0.00444	0.00383	0.00122	0.00443	0.00398	0.00224	0.03386
6	0.01164	0.00686	0.00776	0.00659	0.00874	0.00720	0.00523	0.10883	0.28233	0.23248	0.02839	0.01395	0.01067	0.00497	0.00364	0.00117	0.00293	0.00403	0.24697	0.00563
7	0.02823	0.19431	0.09745	0.02415	0.07836	0.05670	0.00832	0.40289	0.03183	0.02949	0.00811	0.00867	0.00612	0.00417	0.00355	0.00111	0.00456	0.00310	0.00290	0.00599
8	0.01020	0.01023	0.01555	0.08228	0.50071	0.10598	0.12460	0.02249	0.00921	0.03415	0.00753	0.00976	0.00612	0.00421	0.02136	0.00130	0.02304	0.00356	0.00204	0.00567
9	0.00541	0.00400	0.00505	0.00479	0.00577	0.00364	0.00359	0.00713	0.01077	0.01495	0.71643	0.03055	0.15674	0.00830	0.00463	0.00125	0.00187	0.00727	0.00421	0.00364
10	0.00542	0.00400	0.00506	0.00479	0.00578	0.00364	0.00359	0.00714	0.01078	0.01498	0.72019	0.03051	0.15296	0.00829	0.00463	0.00125	0.00187	0.00726	0.00422	0.00364
11	0.00483	0.00393	0.00428	0.00429	0.00544	0.00338	0.00318	0.00597	0.00926	0.01158	0.19952	0.10415	0.60706	0.00974	0.00466	0.00133	0.00198	0.00827	0.00378	0.00338
12	0.01013	0.00837	0.00886	0.00787	0.01012	0.00961	0.00615	0.06713	0.73927	0.03350	0.01546	0.01430	0.01155	0.00525	0.00394	0.00130	0.00313	0.00434	0.03356	0.00616
13	0.00975	0.00842	0.00886	0.00798	0.01019	0.00975	0.00621	0.02083	0.83069	0.01640	0.01596	0.01463	0.01197	0.00532	0.00399	0.00133	0.00310	0.00443	0.00399	0.00621
14	0.88991	0.00758	0.00576	0.00516	0.00758	0.00879	0.00425	0.01152	0.00667	0.01759	0.00546	0.00637	0.00425	0.00364	0.00243	0.00121	0.00303	0.00212	0.00243	0.00425
15	0.00975	0.00842	0.00886	0.00798	0.01019	0.00975	0.00621	0.02083	0.83069	0.01640	0.01596	0.01463	0.01197	0.00532	0.00399	0.00133	0.00310	0.00443	0.00399	0.00621
16	0.00570	0.00380	0.00428	0.00428	0.00428	0.00380	0.00238	0.00570	0.00570	0.00760	0.01235	0.02566	0.01425	0.86222	0.01995	0.00380	0.00380	0.00570	0.00238	0.00238
17	0.00478	0.00341	0.00455	0.00546	0.00569	0.00318	0.00364	0.00546	0.00751	0.01001	0.02161	0.85966	0.02593	0.01228	0.00500	0.00159	0.00227	0.01114	0.00364	0.00318
18	0.40067	0.01034	0.00904	0.02135	0.01038	0.11057	0.00611	0.35570	0.01219	0.01952	0.00723	0.00781	0.00538	0.00414	0.00322	0.00117	0.00409	0.00279	0.00300	0.00531
19	0.45035	0.00712	0.00744	0.00607	0.00880	0.00727	0.00501	0.01534	0.00896	0.43225	0.01050	0.00988	0.00700	0.00425	0.00319	0.00121	0.00319	0.00304	0.00365	0.00547
20	0.00786	0.02028	0.84191	0.01117	0.01697	0.00910	0.01448	0.01242	0.00828	0.01242	0.00704	0.00828	0.00497	0.00372	0.00372	0.00124	0.00579	0.00290	0.00166	0.00579
21	0.00464	0.00393	0.00401	0.00407	0.00532	0.00330	0.00302	0.00561	0.00884	0.01055	0.03849	0.09336	0.78133	0.01009	0.00466	0.00134	0.00201	0.00847	0.00364	0.00330
22	0.00858	0.00858	0.01201	0.01029	0.01029	0.01201	0.00858	0.00943	0.00600	0.00943	0.00515	0.00858	0.00515	0.00686	0.01287	0.00172	0.85505	0.00343	0.00172	0.00429
23	0.00475	0.00395	0.00406	0.00406	0.00526	0.00336	0.00298	0.00570	0.00879	0.01060	0.07132	0.05330	0.73190	0.06578	0.00565	0.00149	0.00210	0.00811	0.00359	0.00326
24	0.88991	0.00758	0.00576	0.00516	0.00758	0.00879	0.00425	0.01152	0.00667	0.01759	0.00546	0.00637	0.00425	0.00364	0.00243	0.00121	0.00303	0.00212	0.00243	0.00425
25	0.00582	0.03169	0.00603	0.00619	0.00684	0.01805	0.01918	0.00717	0.03874	0.02163	0.02015	0.62137	0.02325	0.01109	0.00491	0.00157	0.00277	0.14646	0.00354	0.00354
26	0.00958	0.01120	0.14659	0.07022	0.46014	0.03323	0.05133	0.04295	0.11078	0.01335	0.00842	0.01009	0.00663	0.00383	0.00390	0.00121	0.00483	0.00354	0.00221	0.00595
27	0.01178	0.00741	0.00873	0.07031	0.01064	0.00784	0.00601	0.22668	0.15898	0.20334	0.06630	0.01473	0.05073	0.00583	0.02423	0.00132	0.00352	0.00427	0.11174	0.00562
28	0.00584	0.00437	0.00555	0.04612	0.00670	0.00464	0.00393	0.02085	0.00686	0.00908	0.01688	0.02330	0.18701	0.33725	0.23231	0.04294	0.03525	0.00553	0.00252	0.00308
29	0.00859	0.00695	0.00818	0.00586	0.00933	0.00525	0.00470	0.01032	0.00828	0.05268	0.00738	0.00838	0.00599	0.00300	0.00295	0.00061	0.00292	0.00240	0.00244	0.84379
30	0.05923	0.00760	0.00948	0.00731	0.01033	0.00722	0.00604	0.18410	0.01248	0.63323	0.01374	0.01220	0.00882	0.00476	0.00386	0.00121	0.00352	0.00377	0.00454	0.00655

[dist]
# distance from previous block
# <min> <max>
0	1

[block]
# block no. 8 follows, 69 sequences, length 16
# corresponding to MSA columns:
# 288-303
name=unknown_I
#
# <colnr> <probs for GDERKNQSTAVLIFYWHMCP>
#	G	D	E	R	K	N	Q	S	T	A	V	L	I	F	Y	W	H	M	C	P
0	0.88991	0.00758	0.00576	0.00516	0.00758	0.00879	0.00425	0.01152	0.00667	0.01759	0.00546	0.00637	0.00425	0.00364	0.00243	0.00121	0.00303	0.00212	0.00243	0.00425
1	0.00740	0.00697	0.01176	0.85280	0.02700	0.00871	0.01089	0.01002	0.00784	0.01002	0.00697	0.01045	0.00523	0.00392	0.00392	0.00131	0.00523	0.00348	0.00174	0.00436
2	0.00503	0.00405	0.00455	0.00484	0.00597	0.00357	0.00379	0.00618	0.00883	0.01080	0.03385	0.11003	0.58158	0.01034	0.00484	0.00146	0.00238	0.19091	0.00363	0.00337
3	0.67586	0.06084	0.00763	0.00616	0.00857	0.16377	0.00501	0.01230	0.00757	0.01561	0.00557	0.00649	0.00444	0.00370	0.00264	0.00115	0.00385	0.00220	0.00231	0.00435
4	0.00799	0.06035	0.80293	0.01096	0.01664	0.00941	0.01412	0.01238	0.00826	0.01226	0.00696	0.00818	0.00497	0.00371	0.00367	0.00122	0.00572	0.00286	0.00166	0.00576
5	0.03978	0.20299	0.11658	0.01084	0.14032	0.05293	0.03838	0.13125	0.05940	0.11890	0.00888	0.02500	0.00687	0.00412	0.00353	0.00111	0.00444	0.00328	0.00269	0.02870
6	0.01369	0.00867	0.00922	0.00713	0.01020	0.11627	0.00574	0.07597	0.01067	0.38031	0.01080	0.01040	0.00750	0.00405	0.00352	0.00096	0.00375	0.00316	0.00352	0.31447
7	0.01089	0.00899	0.00951	0.00821	0.01063	0.01028	0.00648	0.19848	0.65119	0.01824	0.01451	0.01347	0.01080	0.00518	0.00397	0.00130	0.00337	0.00423	0.00397	0.00631
8	0.00660	0.00500	0.00618	0.00600	0.00681	0.00556	0.00435	0.02730	0.16714	0.01045	0.01278	0.06877	0.01251	0.28348	0.35504	0.00416	0.00634	0.00511	0.00269	0.00373
9	0.77428	0.00925	0.11538	0.00594	0.00881	0.00884	0.00559	0.01164	0.00688	0.01691	0.00567	0.00662	0.00434	0.00365	0.00260	0.00122	0.00339	0.00222	0.00233	0.00445
10	0.00472	0.00364	0.00431	0.00484	0.00552	0.00324	0.00336	0.00553	0.00810	0.01025	0.02914	0.51786	0.36288	0.01130	0.00485	0.00148	0.00215	0.00995	0.00364	0.00324
11	0.01526	0.01042	0.01142	0.00875	0.01188	0.01132	0.00723	0.71909	0.01749	0.13165	0.01021	0.00993	0.00707	0.00473	0.00392	0.00118	0.00419	0.00358	0.00404	0.00667
12	0.03530	0.05669	0.18709	0.03027	0.39547	0.10986	0.02766	0.04372	0.04162	0.01279	0.00738	0.00902	0.00590	0.00377	0.00385	0.00117	0.01746	0.00320	0.00204	0.00575
13	0.01032	0.00870	0.00919	0.00809	0.01041	0.01002	0.00634	0.10974	0.74085	0.01732	0.01523	0.01405	0.01138	0.00525	0.00398	0.00131	0.00324	0.00433	0.00398	0.00626
14	0.00503	0.00354	0.00458	0.00530	0.00552	0.00337	0.00351	0.00563	0.00721	0.00960	0.01970	0.65366	0.02342	0.18352	0.00804	0.00205	0.00264	0.04725	0.00338	0.00304
15	0.01052	0.04531	0.03575	0.23533	0.34186	0.08302	0.03214	0.03680	0.00927	0.10442	0.00800	0.00989	0.00615	0.00390	0.00400	0.00120	0.02126	0.00341	0.00226	0.00552

[dist]
# distance from previous block
# <min> <max>
0	1

[block]
# block no. 9 follows, 69 sequences, length 37
# corresponding to MSA columns:
# 305-341
name=unknown_J
#
# <colnr> <probs for GDERKNQSTAVLIFYWHMCP>
#	G	D	E	R	K	N	Q	S	T	A	V	L	I	F	Y	W	H	M	C	P
0	0.05252	0.21940	0.28484	0.02873	0.12938	0.04712	0.09869	0.02190	0.01919	0.02042	0.00745	0.03991	0.00617	0.00393	0.00354	0.00115	0.00504	0.00328	0.00196	0.00538
1	0.01309	0.00567	0.00757	0.00636	0.00847	0.00503	0.00499	0.02932	0.01030	0.53090	0.08800	0.19906	0.02755	0.03870	0.00484	0.00139	0.00299	0.00590	0.00442	0.00545
2	0.65313	0.09567	0.03535	0.00652	0.03017	0.08241	0.00539	0.03079	0.00757	0.01592	0.00570	0.00664	0.00453	0.00367	0.00265	0.00116	0.00366	0.00225	0.00231	0.00451
3	0.00570	0.00380	0.00428	0.00428	0.00428	0.00380	0.00238	0.00570	0.00570	0.00760	0.01235	0.02566	0.01425	0.86222	0.01995	0.00380	0.00380	0.00570	0.00238	0.00238
4	0.00841	0.00812	0.01336	0.31170	0.22519	0.02924	0.12515	0.01098	0.02363	0.01164	0.00904	0.01353	0.01767	0.00437	0.00404	0.00124	0.00485	0.07910	0.00213	0.09661
5	0.00496	0.00361	0.00471	0.00550	0.00593	0.00336	0.00388	0.00583	0.00791	0.01039	0.04087	0.66141	0.11003	0.01178	0.00501	0.00158	0.00239	0.10395	0.00365	0.00326
6	0.79893	0.00794	0.00639	0.00556	0.00806	0.00914	0.00458	0.09608	0.00789	0.01833	0.00587	0.00669	0.00450	0.00375	0.00258	0.00121	0.00317	0.00227	0.00258	0.00450
7	0.00740	0.00697	0.01176	0.85280	0.02700	0.00871	0.01089	0.01002	0.00784	0.01002	0.00697	0.01045	0.00523	0.00392	0.00392	0.00131	0.00523	0.00348	0.00174	0.00436
8	0.00494	0.00353	0.00473	0.00564	0.00594	0.00332	0.00392	0.00574	0.00766	0.01019	0.02152	0.77487	0.02558	0.01213	0.00505	0.00161	0.00241	0.09436	0.00364	0.00323
9	0.00970	0.00931	0.01591	0.02406	0.83777	0.00931	0.01203	0.01203	0.00893	0.01281	0.00737	0.00970	0.00621	0.00349	0.00388	0.00116	0.00466	0.00349	0.00194	0.00621
10	0.00975	0.00842	0.00886	0.00798	0.01019	0.00975	0.00621	0.02083	0.83069	0.01640	0.01596	0.01463	0.01197	0.00532	0.00399	0.00133	0.00310	0.00443	0.00399	0.00621
11	0.88991	0.00758	0.00576	0.00516	0.00758	0.00879	0.00425	0.01152	0.00667	0.01759	0.00546	0.00637	0.00425	0.00364	0.00243	0.00121	0.00303	0.00212	0.00243	0.00425
12	0.00975	0.00842	0.00886	0.00798	0.01019	0.00975	0.00621	0.02083	0.83069	0.01640	0.01596	0.01463	0.01197	0.00532	0.00399	0.00133	0.00310	0.00443	0.00399	0.00621
13	0.00813	0.00697	0.00813	0.00581	0.00929	0.00523	0.00465	0.00987	0.00813	0.01277	0.00697	0.00813	0.00581	0.00290	0.00290	0.00058	0.00290	0.00232	0.00232	0.88619
14	0.01351	0.00674	0.00860	0.00643	0.00961	0.00550	0.00525	0.01512	0.00989	0.48490	0.01192	0.01122	0.00811	0.00405	0.00349	0.00095	0.00313	0.00327	0.02017	0.36812
15	0.00740	0.00697	0.01176	0.85280	0.02700	0.00871	0.01089	0.01002	0.00784	0.01002	0.00697	0.01045	0.00523	0.00392	0.00392	0.00131	0.00523	0.00348	0.00174	0.00436
16	0.00477	0.00351	0.00445	0.00519	0.00559	0.00322	0.00350	0.00549	0.00771	0.01006	0.02449	0.70505	0.16258	0.02795	0.00522	0.00159	0.00225	0.01056	0.00362	0.00319
17	0.01193	0.47239	0.02747	0.00791	0.03140	0.01318	0.00701	0.28090	0.01164	0.04952	0.02237	0.03343	0.00698	0.00422	0.00320	0.00101	0.00413	0.00305	0.00266	0.00560
18	0.28778	0.00889	0.01064	0.01150	0.22508	0.00958	0.00746	0.23956	0.01108	0.11907	0.00828	0.00900	0.00612	0.00413	0.00367	0.00120	0.02510	0.00313	0.00300	0.00573
19	0.01032	0.01109	0.06303	0.14987	0.42034	0.13774	0.01063	0.06751	0.05622	0.01281	0.00768	0.00958	0.00615	0.00389	0.00396	0.00119	0.01685	0.00336	0.00215	0.00564
20	0.01158	0.00933	0.00990	0.00835	0.01089	0.01061	0.00665	0.30642	0.54212	0.01935	0.01363	0.01277	0.01008	0.00510	0.00397	0.00128	0.00353	0.00411	0.00397	0.00637
21	0.00463	0.00397	0.00397	0.00397	0.00530	0.00331	0.00298	0.00563	0.00894	0.01059	0.03971	0.03773	0.83618	0.00993	0.00463	0.00132	0.00199	0.00827	0.00364	0.00331
22	0.01176	0.55164	0.03377	0.02267	0.01118	0.29133	0.00723	0.01302	0.00901	0.00942	0.00571	0.00666	0.00504	0.00360	0.00290	0.00091	0.00520	0.00228	0.00179	0.00487
23	0.00564	0.00403	0.00542	0.00542	0.00582	0.00442	0.00380	0.00644	0.00604	0.00845	0.01131	0.01986	0.01173	0.39118	0.48755	0.00521	0.00759	0.00485	0.00222	0.00301
24	0.01135	0.05964	0.11576	0.03354	0.08519	0.01060	0.00830	0.29546	0.27735	0.03373	0.01129	0.01130	0.01948	0.00465	0.00384	0.00122	0.00411	0.00373	0.00331	0.00616
25	0.22903	0.02317	0.01021	0.02290	0.05175	0.28031	0.04292	0.05252	0.03241	0.09715	0.00851	0.03177	0.02386	0.00459	0.00420	0.00120	0.07279	0.00325	0.00259	0.00487
26	0.00490	0.00350	0.00469	0.00556	0.00585	0.00329	0.00382	0.00569	0.00770	0.01028	0.04334	0.78304	0.02600	0.01207	0.00502	0.00160	0.00235	0.06442	0.00366	0.00323
27	0.00836	0.04051	0.45196	0.01029	0.06388	0.01914	0.02392	0.03515	0.09066	0.04147	0.02059	0.09900	0.04752	0.00531	0.00397	0.00128	0.00467	0.02444	0.00246	0.00541
28	0.00857	0.00904	0.11344	0.04644	0.33563	0.00742	0.00889	0.02853	0.03966	0.04000	0.08844	0.02964	0.08719	0.00477	0.00388	0.00113	0.00389	0.00422	0.00258	0.13663
29	0.00917	0.10087	0.14879	0.01468	0.01886	0.01037	0.61416	0.01245	0.00897	0.01219	0.00754	0.00978	0.00570	0.00337	0.00427	0.00126	0.00623	0.00410	0.00190	0.00534
30	0.00712	0.00616	0.03518	0.04025	0.09689	0.00585	0.00624	0.02610	0.00771	0.02160	0.01107	0.07522	0.01080	0.05756	0.29460	0.00307	0.02850	0.08815	0.00244	0.17547
31	0.59320	0.00836	0.00778	0.00638	0.00910	0.00924	0.02785	0.19031	0.00946	0.01858	0.00653	0.00731	0.00497	0.00380	0.00286	0.00115	0.00340	0.00252	0.00273	0.08446
32	0.01058	0.81483	0.04700	0.00686	0.01029	0.01505	0.00694	0.01195	0.00806	0.03089	0.00576	0.00654	0.00515	0.00340	0.00259	0.00086	0.00422	0.00217	0.00176	0.00510
33	0.00885	0.19725	0.16310	0.00799	0.03051	0.10764	0.00726	0.04842	0.01806	0.02559	0.03525	0.13290	0.01093	0.09110	0.07913	0.00188	0.00497	0.02220	0.00241	0.00453
34	0.09985	0.04725	0.04170	0.00667	0.03994	0.02251	0.00533	0.01015	0.00823	0.01312	0.05334	0.02403	0.02006	0.00362	0.00307	0.00078	0.00315	0.00286	0.00241	0.59192
35	0.00900	0.06666	0.03816	0.00615	0.00967	0.00611	0.00522	0.01079	0.00836	0.07541	0.00751	0.00840	0.00602	0.00311	0.00298	0.00067	0.00313	0.00245	0.00245	0.72776
36	0.00852	0.06571	0.05111	0.02193	0.02342	0.02577	0.23526	0.01062	0.02904	0.04627	0.07260	0.02487	0.06034	0.04675	0.05853	0.01889	0.18893	0.00451	0.00238	0.00456

[dist]
# distance from previous block
# <min> <max>
0	2

[block]
# block no. 10 follows, 69 sequences, length 12
# corresponding to MSA columns:
# 344-355
name=unknown_K
#
# <colnr> <probs for GDERKNQSTAVLIFYWHMCP>
#	G	D	E	R	K	N	Q	S	T	A	V	L	I	F	Y	W	H	M	C	P
0	0.00810	0.00645	0.00764	0.00589	0.00879	0.00510	0.00460	0.01002	0.03875	0.05103	0.00999	0.14219	0.00937	0.00456	0.00332	0.00080	0.00283	0.00386	0.00271	0.67401
1	0.00604	0.00430	0.00564	0.00626	0.00697	0.00425	0.00511	0.00735	0.00820	0.01063	0.02008	0.03919	0.08003	0.21977	0.00893	0.00226	0.00354	0.55486	0.00331	0.00328
2	0.01490	0.01098	0.01177	0.00902	0.01216	0.01216	0.00745	0.82470	0.01843	0.02471	0.00941	0.00941	0.00667	0.00471	0.00392	0.00118	0.00431	0.00353	0.00392	0.00667
3	0.00560	0.00400	0.00542	0.00546	0.00588	0.00437	0.00385	0.00644	0.00626	0.00876	0.03346	0.06250	0.01301	0.34216	0.46992	0.00499	0.00733	0.00520	0.00234	0.00307
4	0.00660	0.13923	0.00806	0.00651	0.00771	0.00597	0.00552	0.00823	0.02543	0.01120	0.05773	0.20700	0.06229	0.00967	0.00477	0.00155	0.00325	0.42213	0.00336	0.00379
5	0.01372	0.01636	0.01131	0.01003	0.01184	0.63577	0.00772	0.09207	0.01101	0.01102	0.00624	0.00753	0.00522	0.00455	0.00504	0.00114	0.13983	0.00276	0.00215	0.00471
6	0.01094	0.35824	0.24630	0.00894	0.01258	0.22645	0.00910	0.03900	0.03535	0.01093	0.00651	0.00741	0.00529	0.00374	0.00321	0.00102	0.00535	0.00255	0.00190	0.00521
7	0.02137	0.11086	0.09564	0.15137	0.22643	0.05143	0.02422	0.08565	0.08037	0.03770	0.04787	0.02182	0.01990	0.00432	0.00376	0.00118	0.00454	0.00366	0.00246	0.00545
8	0.09477	0.05298	0.00617	0.00500	0.00638	0.00491	0.00390	0.00800	0.01011	0.01488	0.58375	0.02550	0.11159	0.00726	0.00420	0.00119	0.00217	0.00619	0.00381	0.04724
9	0.01172	0.12687	0.04429	0.02807	0.02884	0.01849	0.02746	0.14620	0.02940	0.24434	0.01516	0.02763	0.13764	0.00552	0.01399	0.00119	0.00374	0.00422	0.00340	0.08184
10	0.00620	0.13894	0.00703	0.00499	0.00638	0.00532	0.00391	0.00724	0.00866	0.04555	0.08571	0.24651	0.40133	0.00916	0.00437	0.00131	0.00245	0.00779	0.00343	0.00372
