[name]
unknown

[dist]
# distance from previous block
# <min> <max>
0	8

[block]
# block no. 0 follows, 74 sequences, length 16
# corresponding to MSA columns:
# 8-23
name=unknown_A
#
# <colnr> <probs for GDERKNQSTAVLIFYWHMCP>
#	G	D	E	R	K	N	Q	S	T	A	V	L	I	F	Y	W	H	M	C	P
0	0.00551	0.00432	0.00569	0.00689	0.10540	0.00402	0.00434	0.00682	0.02950	0.02970	0.09130	0.37425	0.28602	0.00924	0.00443	0.00134	0.00237	0.02192	0.00334	0.00359
1	0.00463	0.00328	0.00427	0.00503	0.00521	0.00309	0.00329	0.00520	0.00689	0.00919	0.01935	0.76058	0.02315	0.12008	0.00653	0.00177	0.00234	0.00990	0.00329	0.00292
2	0.00993	0.00837	0.01404	0.07674	0.69226	0.00838	0.01061	0.01206	0.00864	0.11134	0.00787	0.00964	0.00621	0.00349	0.00368	0.00112	0.00430	0.00336	0.00215	0.00581
3	0.01075	0.02989	0.13614	0.01218	0.04365	0.07919	0.33707	0.27654	0.01153	0.01528	0.00763	0.00896	0.00564	0.00368	0.00389	0.00116	0.00537	0.00356	0.00242	0.00546
4	0.00706	0.00666	0.01114	0.82489	0.02490	0.00838	0.01022	0.00946	0.00735	0.00946	0.00652	0.00982	0.00494	0.00383	0.00407	0.00125	0.04098	0.00330	0.00165	0.00412
5	0.00500	0.00378	0.00461	0.00440	0.00539	0.00339	0.00330	0.00651	0.00990	0.01345	0.60664	0.03008	0.27371	0.00812	0.00438	0.00119	0.00179	0.00704	0.00390	0.00339
6	0.00759	0.00679	0.01140	0.74877	0.10183	0.00819	0.01022	0.01000	0.00764	0.04253	0.00695	0.00994	0.00520	0.00371	0.00371	0.00122	0.00483	0.00332	0.00178	0.00437
7	0.00707	0.00682	0.00682	0.00665	0.00744	0.17512	0.00502	0.00813	0.00696	0.00873	0.01021	0.11458	0.01025	0.07642	0.48494	0.00406	0.05068	0.00450	0.00215	0.00344
8	0.01223	0.00682	0.00968	0.00981	0.18695	0.00606	0.01776	0.02974	0.00950	0.41679	0.01257	0.03586	0.04998	0.00438	0.00360	0.00104	0.00331	0.00374	0.00340	0.17678
9	0.00849	0.00670	0.00792	0.00634	0.03425	0.00563	0.00483	0.10721	0.00899	0.04959	0.00967	0.08367	0.04081	0.00408	0.00317	0.00077	0.00289	0.00338	0.00263	0.60899
10	0.00514	0.00383	0.00527	0.00534	0.00593	0.00416	0.00395	0.00616	0.00627	0.00863	0.01438	0.08967	0.11045	0.15577	0.55241	0.00466	0.00734	0.00520	0.00232	0.00310
11	0.00470	0.00335	0.00451	0.00537	0.00566	0.00316	0.00375	0.00547	0.00728	0.00967	0.02036	0.76912	0.02417	0.01147	0.00478	0.00153	0.00230	0.10685	0.00344	0.00306
12	0.01183	0.12430	0.07628	0.01144	0.14822	0.11015	0.08419	0.33178	0.01213	0.04334	0.00763	0.00845	0.00577	0.00384	0.00354	0.00107	0.00470	0.00311	0.00262	0.00562
13	0.00880	0.00842	0.01436	0.17327	0.69896	0.00872	0.01120	0.01105	0.00827	0.01165	0.00691	0.00931	0.00571	0.00338	0.00368	0.00113	0.00451	0.00331	0.00180	0.00556
14	0.00493	0.00357	0.00455	0.00473	0.00531	0.00330	0.00332	0.00606	0.00866	0.01187	0.40854	0.33358	0.09344	0.08387	0.00577	0.00151	0.00207	0.00808	0.00364	0.00319
15	0.00729	0.00625	0.01005	0.27445	0.22284	0.00675	0.02352	0.00937	0.00859	0.03004	0.20367	0.01777	0.01434	0.00538	0.00423	0.00124	0.02586	0.10129	0.02268	0.00438

[dist]
# distance from previous block
# <min> <max>
0	1

[block]
# block no. 1 follows, 74 sequences, length 8
# corresponding to MSA columns:
# 25-32
name=unknown_B
#
# <colnr> <probs for GDERKNQSTAVLIFYWHMCP>
#	G	D	E	R	K	N	Q	S	T	A	V	L	I	F	Y	W	H	M	C	P
0	0.00999	0.03319	0.06093	0.04574	0.05682	0.15797	0.05367	0.09073	0.30325	0.01352	0.01009	0.03379	0.00797	0.00430	0.00358	0.00109	0.00420	0.00353	0.00277	0.10286
1	0.08673	0.00632	0.00771	0.00587	0.00872	0.00535	0.00476	0.01312	0.00906	0.37745	0.07141	0.01118	0.00915	0.00397	0.00326	0.00091	0.00286	0.00318	0.00339	0.36562
2	0.00853	0.05224	0.41143	0.01053	0.06385	0.00872	0.08319	0.03615	0.08883	0.06164	0.00891	0.07101	0.00726	0.00450	0.00431	0.00122	0.06648	0.00371	0.00221	0.00526
3	0.00875	0.20932	0.46691	0.01032	0.01483	0.00995	0.15937	0.01198	0.00809	0.05723	0.00692	0.00807	0.00513	0.00343	0.00343	0.00110	0.00515	0.00292	0.00179	0.00528
4	0.00576	0.00379	0.00441	0.00460	0.00536	0.00371	0.00331	0.00769	0.06930	0.01230	0.15944	0.32386	0.07974	0.00792	0.00388	0.00120	0.00199	0.00693	0.29134	0.00346
5	0.00488	0.00373	0.00448	0.00440	0.00534	0.00333	0.00326	0.00625	0.00948	0.01268	0.48593	0.10828	0.31729	0.00860	0.00441	0.00123	0.00183	0.00746	0.00380	0.00333
6	0.00817	0.09098	0.14754	0.07362	0.09078	0.00731	0.00731	0.03813	0.00809	0.01191	0.00659	0.00791	0.00532	0.00310	0.00304	0.00080	0.00368	0.00250	0.00201	0.48121
7	0.00605	0.00404	0.00524	0.00556	0.00614	0.00405	0.00394	0.00749	0.06730	0.07397	0.01781	0.56726	0.01993	0.08687	0.05797	0.00193	0.02406	0.03363	0.00332	0.00346

[dist]
# distance from previous block
# <min> <max>
2	4

[block]
# block no. 2 follows, 74 sequences, length 33
# corresponding to MSA columns:
# 38-70
name=unknown_C
#
# <colnr> <probs for GDERKNQSTAVLIFYWHMCP>
#	G	D	E	R	K	N	Q	S	T	A	V	L	I	F	Y	W	H	M	C	P
0	0.01103	0.19181	0.01238	0.01869	0.01059	0.29305	0.00707	0.08499	0.09084	0.01093	0.00664	0.00784	0.00560	0.00448	0.00532	0.00112	0.20956	0.00278	0.00212	0.02317
1	0.66446	0.04329	0.02720	0.00763	0.11114	0.07180	0.00548	0.01129	0.00698	0.01510	0.00547	0.00651	0.00435	0.00345	0.00258	0.00111	0.00345	0.00221	0.00217	0.00433
2	0.00891	0.11715	0.02076	0.01403	0.01757	0.02763	0.68189	0.01170	0.00864	0.01141	0.00763	0.01063	0.00609	0.00342	0.00414	0.00121	0.00588	0.03452	0.00190	0.00490
3	0.00698	0.00591	0.00750	0.02676	0.00816	0.05956	0.00560	0.04087	0.02414	0.02711	0.00900	0.01272	0.00815	0.02065	0.58462	0.00449	0.13822	0.00373	0.00208	0.00374
4	0.00457	0.00346	0.00424	0.00475	0.00534	0.00312	0.00332	0.00542	0.00781	0.01010	0.08981	0.53384	0.27004	0.01062	0.00461	0.00141	0.00207	0.02888	0.00350	0.00310
5	0.89577	0.00718	0.00546	0.00488	0.00718	0.00833	0.00402	0.01091	0.00632	0.01665	0.00517	0.00603	0.00402	0.00345	0.00230	0.00115	0.00287	0.00201	0.00230	0.00402
6	0.00631	0.00330	0.00477	0.00480	0.00482	0.00330	0.00318	0.00499	0.00501	0.00667	0.00747	0.01375	0.00774	0.11831	0.01478	0.75744	0.00328	0.02662	0.00174	0.00174
7	0.01411	0.01040	0.01114	0.00854	0.01151	0.01151	0.00706	0.83402	0.01745	0.02339	0.00891	0.00891	0.00631	0.00446	0.00371	0.00111	0.00408	0.00334	0.00371	0.00631
8	0.89577	0.00718	0.00546	0.00488	0.00718	0.00833	0.00402	0.01091	0.00632	0.01665	0.00517	0.00603	0.00402	0.00345	0.00230	0.00115	0.00287	0.00201	0.00230	0.00402
9	0.00540	0.00360	0.00405	0.00405	0.00405	0.00360	0.00225	0.00540	0.00540	0.00720	0.01170	0.02429	0.01349	0.86955	0.01889	0.00360	0.00360	0.00540	0.00225	0.00225
10	0.00923	0.00797	0.00839	0.00755	0.00965	0.00923	0.00588	0.01972	0.83969	0.01553	0.01511	0.01385	0.01133	0.00504	0.00378	0.00126	0.00294	0.00420	0.00378	0.00588
11	0.84442	0.00713	0.00564	0.00498	0.00731	0.00816	0.00410	0.01133	0.00657	0.06527	0.00572	0.00642	0.00432	0.00351	0.00238	0.00115	0.00289	0.00211	0.00243	0.00415
12	0.00515	0.00379	0.00481	0.00456	0.00548	0.00346	0.00342	0.00680	0.01025	0.01429	0.74508	0.02871	0.13475	0.00781	0.00438	0.00118	0.00177	0.00685	0.00401	0.00346
13	0.89577	0.00718	0.00546	0.00488	0.00718	0.00833	0.00402	0.01091	0.00632	0.01665	0.00517	0.00603	0.00402	0.00345	0.00230	0.00115	0.00287	0.00201	0.00230	0.00402
14	0.20014	0.00689	0.00808	0.00645	0.00913	0.00676	0.00529	0.06578	0.08532	0.54925	0.01235	0.01114	0.00813	0.00439	0.00343	0.00116	0.00313	0.00339	0.00399	0.00580
15	0.00770	0.00660	0.00770	0.00550	0.00880	0.00495	0.00440	0.00935	0.00770	0.01210	0.00660	0.00770	0.00550	0.00275	0.00275	0.00055	0.00275	0.00220	0.00220	0.89224
16	0.00919	0.00882	0.01507	0.02278	0.84640	0.00882	0.01139	0.01139	0.00845	0.01213	0.00698	0.00919	0.00588	0.00331	0.00367	0.00110	0.00441	0.00331	0.00184	0.00588
17	0.00849	0.00450	0.00594	0.00517	0.00662	0.00405	0.00402	0.01013	0.01044	0.25065	0.57521	0.02340	0.04677	0.00673	0.00416	0.00116	0.00215	0.00584	0.02028	0.00429
18	0.00493	0.00378	0.00451	0.00433	0.00535	0.00336	0.00325	0.00638	0.00974	0.01307	0.54280	0.03072	0.33779	0.00827	0.00438	0.00120	0.00180	0.00713	0.00385	0.00336
19	0.00770	0.00660	0.00770	0.00550	0.00880	0.00495	0.00440	0.00935	0.00770	0.01210	0.00660	0.00770	0.00550	0.00275	0.00275	0.00055	0.00275	0.00220	0.00220	0.89224
20	0.00981	0.14975	0.12767	0.00982	0.03270	0.13240	0.15946	0.04793	0.19677	0.02878	0.05234	0.01034	0.00816	0.00408	0.00369	0.00111	0.01409	0.00347	0.00246	0.00514
21	0.01519	0.00613	0.00824	0.00648	0.00911	0.00541	0.00532	0.01701	0.04238	0.72995	0.08490	0.01453	0.01169	0.00498	0.00382	0.00117	0.00304	0.02015	0.00450	0.00600
22	0.00454	0.00330	0.00429	0.00503	0.00536	0.00304	0.00340	0.00526	0.00735	0.00974	0.05507	0.76630	0.09106	0.01129	0.00469	0.00147	0.00212	0.01018	0.00347	0.00304
23	0.01184	0.00558	0.00744	0.00604	0.00812	0.00513	0.02804	0.04131	0.01007	0.45212	0.15176	0.02689	0.08621	0.00556	0.00401	0.00114	0.02575	0.00462	0.11326	0.00509
24	0.00998	0.39829	0.17136	0.02124	0.08127	0.12406	0.09313	0.02344	0.00840	0.02855	0.00619	0.00732	0.00506	0.00339	0.00310	0.00098	0.00488	0.00261	0.00177	0.00500
25	0.00762	0.00737	0.01045	0.00933	0.02790	0.01006	0.00755	0.00856	0.00580	0.00895	0.00586	0.00935	0.00571	0.01039	0.16868	0.00242	0.68496	0.00339	0.00170	0.00396
26	0.00574	0.00431	0.00538	0.00502	0.00605	0.00421	0.00379	0.00857	0.11262	0.01496	0.74231	0.02602	0.03211	0.00727	0.00430	0.00118	0.00190	0.00640	0.00405	0.00379
27	0.00767	0.01594	0.63377	0.13561	0.01689	0.00826	0.03899	0.01144	0.00796	0.04388	0.01848	0.00940	0.02782	0.00379	0.00362	0.00119	0.00520	0.00310	0.00179	0.00521
28	0.00898	0.11632	0.10177	0.08458	0.30503	0.03719	0.10217	0.01140	0.02811	0.04969	0.00746	0.00945	0.00604	0.00579	0.08162	0.00156	0.03248	0.00327	0.00195	0.00513
29	0.01281	0.01641	0.04314	0.00975	0.01160	0.70070	0.02472	0.01392	0.00978	0.00923	0.00570	0.00698	0.00481	0.00413	0.00446	0.00105	0.11206	0.00255	0.00186	0.00433
30	0.07482	0.04832	0.02800	0.01063	0.10027	0.47081	0.02710	0.07092	0.00968	0.01104	0.00598	0.00732	0.00498	0.00407	0.00441	0.00108	0.11127	0.00267	0.00200	0.00462
31	0.00452	0.00323	0.00431	0.00517	0.00538	0.00301	0.00345	0.00517	0.00711	0.00948	0.02046	0.86713	0.02455	0.01163	0.00474	0.00151	0.00215	0.01055	0.00345	0.00301
32	0.00936	0.01081	0.01993	0.01509	0.05674	0.11337	0.67972	0.01216	0.00896	0.01154	0.00746	0.01008	0.00579	0.00334	0.00423	0.00122	0.00618	0.01719	0.00190	0.00493

[dist]
# distance from previous block
# <min> <max>
2	8

[block]
# block no. 3 follows, 74 sequences, length 14
# corresponding to MSA columns:
# 79-92
name=unknown_D
#
# <colnr> <probs for GDERKNQSTAVLIFYWHMCP>
#	G	D	E	R	K	N	Q	S	T	A	V	L	I	F	Y	W	H	M	C	P
0	0.00501	0.00346	0.00466	0.00541	0.00572	0.00332	0.00386	0.00567	0.00713	0.00945	0.01875	0.58636	0.02193	0.06700	0.00642	0.06396	0.00258	0.17314	0.00323	0.00295
1	0.19785	0.00712	0.01068	0.46559	0.04663	0.00812	0.07829	0.02636	0.00788	0.10679	0.00734	0.00935	0.00535	0.00371	0.00347	0.00120	0.00438	0.00317	0.00219	0.00452
2	0.00539	0.00363	0.00418	0.00418	0.00423	0.00367	0.00242	0.00548	0.00544	0.00730	0.01157	0.02361	0.01320	0.81069	0.07735	0.00376	0.00404	0.00530	0.00223	0.00232
3	0.01215	0.04936	0.06182	0.00970	0.03897	0.57246	0.00759	0.01453	0.11231	0.01012	0.00690	0.00781	0.00563	0.00412	0.00406	0.00106	0.07199	0.00272	0.00208	0.00462
4	0.00452	0.00323	0.00431	0.00517	0.00538	0.00301	0.00345	0.00517	0.00711	0.00948	0.02046	0.86713	0.02455	0.01163	0.00474	0.00151	0.00215	0.01055	0.00345	0.00301
5	0.00525	0.00369	0.00438	0.00438	0.00466	0.00374	0.00278	0.00562	0.00589	0.00782	0.01456	0.02385	0.11548	0.60211	0.17709	0.00376	0.00460	0.00543	0.00235	0.00256
6	0.00575	0.00431	0.00539	0.00503	0.00605	0.00421	0.00380	0.00858	0.11302	0.01496	0.74190	0.02601	0.03209	0.00727	0.00430	0.00118	0.00190	0.00640	0.00405	0.00380
7	0.89577	0.00718	0.00546	0.00488	0.00718	0.00833	0.00402	0.01091	0.00632	0.01665	0.00517	0.00603	0.00402	0.00345	0.00230	0.00115	0.00287	0.00201	0.00230	0.00402
8	0.01665	0.00632	0.00861	0.00660	0.00948	0.00546	0.00546	0.01809	0.01062	0.84897	0.01464	0.01263	0.00919	0.00459	0.00373	0.00115	0.00316	0.00373	0.00459	0.00632
9	0.01411	0.01040	0.01114	0.00854	0.01151	0.01151	0.00706	0.83402	0.01745	0.02339	0.00891	0.00891	0.00631	0.00446	0.00371	0.00111	0.00408	0.00334	0.00371	0.00631
10	0.01497	0.00630	0.00818	0.00648	0.00909	0.00577	0.00528	0.01755	0.11290	0.68061	0.01450	0.01288	0.00948	0.00463	0.00365	0.00114	0.00302	0.00377	0.07376	0.00604
11	0.62972	0.16886	0.00837	0.00535	0.00785	0.00939	0.00459	0.01140	0.05723	0.01487	0.00585	0.00658	0.00468	0.00346	0.00243	0.00106	0.00307	0.00215	0.00225	0.05086
12	0.00822	0.05161	0.00809	0.00617	0.02370	0.00584	0.00487	0.01095	0.11124	0.07358	0.12769	0.01398	0.01175	0.00441	0.00334	0.00087	0.00280	0.06050	0.00288	0.46751
13	0.00853	0.15136	0.59937	0.00937	0.01411	0.03476	0.01136	0.01193	0.00801	0.05513	0.00681	0.00775	0.00500	0.00349	0.00331	0.00107	0.00500	0.00263	0.00178	0.05923

[dist]
# distance from previous block
# <min> <max>
0	1

[block]
# block no. 4 follows, 74 sequences, length 54
# corresponding to MSA columns:
# 94-147
name=unknown_E
#
# <colnr> <probs for GDERKNQSTAVLIFYWHMCP>
#	G	D	E	R	K	N	Q	S	T	A	V	L	I	F	Y	W	H	M	C	P
0	0.00744	0.01920	0.85032	0.01058	0.01607	0.00862	0.01371	0.01176	0.00784	0.01176	0.00666	0.00784	0.00470	0.00353	0.00353	0.00118	0.00549	0.00274	0.00157	0.00549
1	0.08990	0.17275	0.03247	0.00741	0.01007	0.09858	0.00634	0.40260	0.01250	0.02711	0.00789	0.00855	0.00605	0.01551	0.00339	0.00105	0.00403	0.00290	0.08564	0.00527
2	0.00759	0.00764	0.06398	0.53225	0.19302	0.00794	0.02256	0.00998	0.00780	0.03215	0.02339	0.06068	0.00697	0.00417	0.00378	0.00122	0.00462	0.00379	0.00191	0.00457
3	0.00640	0.00334	0.00496	0.00506	0.00515	0.00334	0.00353	0.00515	0.00525	0.00696	0.00791	0.01467	0.00810	0.01260	0.01347	0.79334	0.00325	0.09390	0.00181	0.00181
4	0.01665	0.00632	0.00861	0.00660	0.00948	0.00546	0.00546	0.01809	0.01062	0.84897	0.01464	0.01263	0.00919	0.00459	0.00373	0.00115	0.00316	0.00373	0.00459	0.00632
5	0.00860	0.14084	0.40226	0.00909	0.01285	0.05077	0.05200	0.06483	0.09011	0.02325	0.00905	0.10356	0.00778	0.00459	0.00357	0.00115	0.00462	0.00376	0.00221	0.00512
6	0.00937	0.01154	0.10174	0.00827	0.00976	0.33963	0.00685	0.01059	0.00838	0.02830	0.01049	0.27552	0.01105	0.00668	0.00524	0.00126	0.14377	0.00514	0.00237	0.00404
7	0.05772	0.43848	0.01471	0.00767	0.01029	0.34337	0.00660	0.06382	0.00926	0.01020	0.00562	0.00643	0.00483	0.00352	0.00284	0.00090	0.00499	0.00223	0.00188	0.00464
8	0.00598	0.00427	0.00598	0.00684	0.00769	0.00427	0.00598	0.00769	0.00854	0.01111	0.01965	0.04187	0.02136	0.01025	0.00513	0.00171	0.00342	0.82141	0.00342	0.00342
9	0.00441	0.00370	0.00384	0.00393	0.00506	0.00313	0.00290	0.00534	0.00835	0.01004	0.04806	0.12509	0.74425	0.00961	0.00442	0.00128	0.00191	0.00811	0.00346	0.00313
10	0.00804	0.00513	0.00723	0.00771	0.09170	0.00503	0.02149	0.02525	0.00827	0.18387	0.01821	0.40504	0.10953	0.00839	0.00490	0.00136	0.06476	0.01655	0.00336	0.00418
11	0.00786	0.00731	0.01193	0.55593	0.20919	0.00847	0.02636	0.03597	0.06312	0.01096	0.00759	0.02571	0.00600	0.00386	0.00374	0.00121	0.00464	0.00352	0.00193	0.00470
12	0.00701	0.00660	0.01113	0.86063	0.02556	0.00825	0.01031	0.00948	0.00742	0.00948	0.00660	0.00990	0.00495	0.00371	0.00371	0.00124	0.00495	0.00330	0.00165	0.00412
13	0.02820	0.00814	0.00950	0.00746	0.01025	0.00838	0.00611	0.33057	0.13611	0.39644	0.01237	0.01129	0.00832	0.00459	0.00371	0.00115	0.00348	0.00363	0.00410	0.00621
14	0.00770	0.00660	0.00770	0.00550	0.00880	0.00495	0.00440	0.00935	0.00770	0.01210	0.00660	0.00770	0.00550	0.00275	0.00275	0.00055	0.00275	0.00220	0.00220	0.89224
15	0.00812	0.00812	0.01137	0.00975	0.00975	0.01137	0.00812	0.00893	0.00568	0.00893	0.00487	0.00812	0.00487	0.00650	0.01218	0.00162	0.86276	0.00325	0.00162	0.00406
16	0.00876	0.01001	0.02190	0.01564	0.01940	0.00939	0.83292	0.01189	0.00876	0.01189	0.00751	0.01001	0.00563	0.00313	0.00438	0.00125	0.00626	0.00438	0.00188	0.00501
17	0.00525	0.00379	0.00496	0.00467	0.00555	0.00350	0.00350	0.00700	0.01051	0.01488	0.84444	0.02773	0.03502	0.00759	0.00438	0.00117	0.00175	0.00671	0.00409	0.00350
18	0.85258	0.00714	0.00561	0.00497	0.00729	0.00819	0.00409	0.01126	0.00653	0.05755	0.00563	0.00635	0.00427	0.00350	0.00237	0.00115	0.00289	0.00209	0.00241	0.00413
19	0.00897	0.00860	0.01467	0.10625	0.76463	0.00876	0.01128	0.01120	0.00835	0.01186	0.00694	0.00926	0.00579	0.00335	0.00368	0.00112	0.00446	0.00331	0.00182	0.00570
20	0.00812	0.00730	0.01019	0.02684	0.01099	0.00601	0.13717	0.04441	0.00827	0.01248	0.00684	0.00817	0.00554	0.00290	0.00307	0.00070	0.00342	0.00262	0.00220	0.69276
21	0.00443	0.00376	0.00382	0.00380	0.00504	0.00315	0.00285	0.00541	0.00856	0.01027	0.07724	0.03533	0.80510	0.00931	0.00439	0.00125	0.00187	0.00778	0.00348	0.00315
22	0.01469	0.00777	0.00996	0.10209	0.01211	0.04871	0.03930	0.16023	0.01139	0.53615	0.01202	0.01128	0.00785	0.00438	0.00373	0.00115	0.00382	0.00358	0.00387	0.00592
23	0.01092	0.00871	0.01308	0.12246	0.45037	0.05586	0.04032	0.06770	0.00947	0.17204	0.00847	0.00981	0.00635	0.00370	0.00370	0.00113	0.00441	0.00338	0.00247	0.00565
24	0.06713	0.00757	0.00895	0.11864	0.01162	0.08324	0.00619	0.05646	0.01027	0.54897	0.03507	0.01158	0.00850	0.00442	0.00363	0.00114	0.00370	0.00352	0.00377	0.00563
25	0.00439	0.00376	0.00376	0.00376	0.00501	0.00313	0.00282	0.00533	0.00846	0.01003	0.03760	0.03572	0.84489	0.00940	0.00439	0.00125	0.00188	0.00783	0.00345	0.00313
26	0.01387	0.01769	0.01052	0.00956	0.01148	0.85465	0.00717	0.01482	0.01052	0.00908	0.00574	0.00669	0.00478	0.00383	0.00335	0.00096	0.00669	0.00239	0.00191	0.00430
27	0.01060	0.35077	0.19441	0.00857	0.01209	0.08647	0.06249	0.15176	0.03722	0.04290	0.00700	0.00770	0.00545	0.00364	0.00316	0.00100	0.00464	0.00271	0.00217	0.00525
28	0.82694	0.00800	0.00585	0.00525	0.00751	0.07438	0.00427	0.01122	0.00664	0.01606	0.00521	0.00608	0.00408	0.00348	0.00238	0.00113	0.00317	0.00204	0.00227	0.00404
29	0.00823	0.12071	0.01307	0.53521	0.14548	0.02522	0.03016	0.04827	0.00812	0.01047	0.00656	0.00915	0.00514	0.00364	0.00365	0.00115	0.01625	0.00314	0.00178	0.00460
30	0.00702	0.00599	0.00633	0.00593	0.00760	0.00639	0.00461	0.01301	0.44311	0.01304	0.03796	0.02450	0.34950	0.00714	0.00411	0.00128	0.00252	0.05173	0.00363	0.00459
31	0.00824	0.02229	0.07079	0.01227	0.12189	0.05872	0.32849	0.01037	0.00837	0.05306	0.01130	0.25454	0.01112	0.00572	0.00421	0.00127	0.00463	0.00570	0.00243	0.00460
32	0.00540	0.00360	0.00405	0.00405	0.00405	0.00360	0.00225	0.00540	0.00540	0.00720	0.01170	0.02429	0.01349	0.86955	0.01889	0.00360	0.00360	0.00540	0.00225	0.00225
33	0.00556	0.00372	0.00418	0.00413	0.00419	0.00374	0.00234	0.02062	0.00562	0.00749	0.01164	0.02401	0.01336	0.85366	0.01861	0.00355	0.00361	0.00536	0.00228	0.00232
34	0.00992	0.87178	0.01945	0.00635	0.00953	0.01469	0.00635	0.01111	0.00754	0.00873	0.00516	0.00595	0.00476	0.00318	0.00238	0.00079	0.00397	0.00198	0.00159	0.00476
35	0.00919	0.00882	0.01507	0.02278	0.84640	0.00882	0.01139	0.01139	0.00845	0.01213	0.00698	0.00919	0.00588	0.00331	0.00367	0.00110	0.00441	0.00331	0.00184	0.00588
36	0.00876	0.00918	0.01127	0.00972	0.00994	0.10482	0.00802	0.00959	0.00622	0.00895	0.00497	0.00796	0.00486	0.00620	0.01120	0.00155	0.76789	0.00315	0.00166	0.00409
37	0.00452	0.00323	0.00431	0.00517	0.00538	0.00301	0.00345	0.00517	0.00711	0.00948	0.02046	0.86713	0.02455	0.01163	0.00474	0.00151	0.00215	0.01055	0.00345	0.00301
38	0.01411	0.01040	0.01114	0.00854	0.01151	0.01151	0.00706	0.83402	0.01745	0.02339	0.00891	0.00891	0.00631	0.00446	0.00371	0.00111	0.00408	0.00334	0.00371	0.00631
39	0.00582	0.00416	0.00580	0.00665	0.00743	0.00413	0.00570	0.00741	0.00839	0.01093	0.01974	0.13333	0.02172	0.01041	0.00508	0.00169	0.00328	0.73155	0.00342	0.00337
40	0.00549	0.00357	0.00414	0.00413	0.00416	0.00356	0.00237	0.00539	0.00549	0.00735	0.03445	0.02325	0.01348	0.77042	0.01810	0.08142	0.00351	0.00524	0.00224	0.00223
41	0.00843	0.00677	0.00791	0.00570	0.00896	0.00529	0.00458	0.05028	0.00831	0.05208	0.00709	0.00799	0.00571	0.00292	0.00284	0.00061	0.00283	0.00233	0.00239	0.80698
42	0.00876	0.01001	0.02190	0.01564	0.01940	0.00939	0.83292	0.01189	0.00876	0.01189	0.00751	0.01001	0.00563	0.00313	0.00438	0.00125	0.00626	0.00438	0.00188	0.00501
43	0.00965	0.77730	0.11153	0.00682	0.01025	0.01401	0.00717	0.01119	0.00757	0.00907	0.00533	0.00616	0.00476	0.00321	0.00251	0.00084	0.00414	0.00207	0.00159	0.00484
44	0.00452	0.00323	0.00431	0.00517	0.00538	0.00301	0.00345	0.00517	0.00711	0.00948	0.02046	0.86713	0.02455	0.01163	0.00474	0.00151	0.00215	0.01055	0.00345	0.00301
45	0.00894	0.00737	0.00791	0.00720	0.00909	0.00838	0.00557	0.05762	0.66154	0.02595	0.01537	0.10854	0.01261	0.00578	0.00387	0.00127	0.00288	0.01617	0.02846	0.00548
46	0.00605	0.00453	0.00641	0.00619	0.00705	0.00523	0.00485	0.07729	0.00695	0.00988	0.00985	0.01410	0.00903	0.02584	0.78215	0.00555	0.00944	0.00392	0.00214	0.00357
47	0.89577	0.00718	0.00546	0.00488	0.00718	0.00833	0.00402	0.01091	0.00632	0.01665	0.00517	0.00603	0.00402	0.00345	0.00230	0.00115	0.00287	0.00201	0.00230	0.00402
48	0.00536	0.00373	0.00473	0.00473	0.00497	0.00397	0.00310	0.00584	0.00560	0.00771	0.01107	0.02082	0.01199	0.56824	0.31814	0.00445	0.00587	0.00489	0.00216	0.00263
49	0.00530	0.00398	0.00597	0.00597	0.00663	0.00464	0.00464	0.00663	0.00597	0.00862	0.00994	0.01458	0.00928	0.02784	0.85484	0.00597	0.00994	0.00398	0.00199	0.00331
50	0.01016	0.00922	0.00883	0.00782	0.00995	0.10306	0.00608	0.09693	0.65676	0.01544	0.01343	0.01274	0.01016	0.01761	0.00395	0.00125	0.00347	0.00393	0.00354	0.00569
51	0.00757	0.00703	0.01172	0.41680	0.33313	0.00776	0.00978	0.00971	0.00781	0.01058	0.00850	0.09845	0.00775	0.00452	0.00382	0.00121	0.00437	0.02500	0.00196	0.02253
52	0.02041	0.30455	0.28080	0.00956	0.06468	0.19347	0.02453	0.01199	0.00827	0.01010	0.00607	0.00745	0.00503	0.02406	0.00358	0.00106	0.01523	0.00254	0.00170	0.00489
53	0.00783	0.02498	0.03163	0.33221	0.41168	0.00808	0.01006	0.00999	0.00789	0.01077	0.00829	0.10443	0.00755	0.00438	0.00378	0.00119	0.00438	0.00407	0.00193	0.00488

[dist]
# distance from previous block
# <min> <max>
1	12

[block]
# block no. 5 follows, 74 sequences, length 353
# corresponding to MSA columns:
# 160-512
name=unknown_F
#
# <colnr> <probs for GDERKNQSTAVLIFYWHMCP>
#	G	D	E	R	K	N	Q	S	T	A	V	L	I	F	Y	W	H	M	C	P
0	0.25477	0.01168	0.02591	0.07177	0.03240	0.31411	0.00665	0.13848	0.02646	0.06186	0.00686	0.00768	0.00523	0.00390	0.00332	0.00109	0.01798	0.00266	0.00245	0.00473
1	0.01058	0.25905	0.02975	0.01170	0.24137	0.17552	0.00787	0.07413	0.00918	0.02429	0.00640	0.00759	0.00535	0.00345	0.00322	0.00093	0.01342	0.00261	0.00200	0.11160
2	0.00639	0.00578	0.00597	0.00589	0.02036	0.09063	0.02365	0.04788	0.04649	0.01136	0.12986	0.26127	0.29975	0.00882	0.01744	0.00135	0.00285	0.00730	0.00332	0.00364
3	0.00451	0.00326	0.00428	0.00509	0.00536	0.00302	0.00341	0.00518	0.00718	0.00951	0.02142	0.82065	0.07041	0.01150	0.00472	0.00149	0.00214	0.01040	0.00345	0.00302
4	0.00992	0.87178	0.01945	0.00635	0.00953	0.01469	0.00635	0.01111	0.00754	0.00873	0.00516	0.00595	0.00476	0.00318	0.00238	0.00079	0.00397	0.00198	0.00159	0.00476
5	0.00543	0.00416	0.00539	0.00532	0.00609	0.00449	0.00396	0.00714	0.06650	0.00931	0.03985	0.02038	0.16268	0.16348	0.47412	0.00423	0.00667	0.00501	0.00249	0.00329
6	0.01128	0.00721	0.00832	0.00713	0.00936	0.00768	0.00570	0.08965	0.42729	0.25056	0.07436	0.01564	0.01255	0.00534	0.00388	0.00123	0.00304	0.05006	0.00400	0.00573
7	0.00452	0.00372	0.00397	0.00400	0.00512	0.00317	0.00296	0.00555	0.00863	0.01065	0.14737	0.10209	0.66675	0.00933	0.00441	0.00126	0.00188	0.00790	0.00353	0.00317
8	0.00447	0.00376	0.00388	0.00385	0.00507	0.00317	0.00289	0.00549	0.00866	0.01051	0.11805	0.03492	0.76414	0.00922	0.00439	0.00124	0.00187	0.00772	0.00351	0.00317
9	0.00744	0.01920	0.85032	0.01058	0.01607	0.00862	0.01371	0.01176	0.00784	0.01176	0.00666	0.00784	0.00470	0.00353	0.00353	0.00118	0.00549	0.00274	0.00157	0.00549
10	0.01665	0.00632	0.00861	0.00660	0.00948	0.00546	0.00546	0.01809	0.01062	0.84897	0.01464	0.01263	0.00919	0.00459	0.00373	0.00115	0.00316	0.00373	0.00459	0.00632
11	0.00936	0.00803	0.00846	0.00758	0.00970	0.00929	0.00591	0.04034	0.81888	0.01573	0.01495	0.01372	0.01120	0.00502	0.00378	0.00126	0.00297	0.00417	0.00378	0.00589
12	0.12451	0.00642	0.00823	0.00639	0.00919	0.00581	0.00528	0.01721	0.01010	0.74685	0.01348	0.01182	0.00855	0.00445	0.00356	0.00115	0.00312	0.00352	0.00431	0.00604
13	0.00439	0.00376	0.00376	0.00376	0.00501	0.00313	0.00282	0.00533	0.00846	0.01003	0.03760	0.03572	0.84489	0.00940	0.00439	0.00125	0.00188	0.00783	0.00345	0.00313
14	0.00931	0.13315	0.01287	0.01395	0.37040	0.00984	0.00832	0.01489	0.36107	0.01308	0.01017	0.01070	0.00803	0.00402	0.00353	0.00112	0.00372	0.00349	0.00262	0.00572
15	0.00773	0.04337	0.80658	0.01036	0.01572	0.00872	0.01331	0.01189	0.00789	0.03145	0.00681	0.00790	0.00481	0.00354	0.00350	0.00116	0.00539	0.00274	0.00164	0.00548
16	0.01007	0.81544	0.01914	0.00669	0.00984	0.03890	0.02591	0.02194	0.00779	0.00901	0.00528	0.00611	0.00480	0.00321	0.00247	0.00081	0.00410	0.00207	0.00163	0.00478
17	0.89577	0.00718	0.00546	0.00488	0.00718	0.00833	0.00402	0.01091	0.00632	0.01665	0.00517	0.00603	0.00402	0.00345	0.00230	0.00115	0.00287	0.00201	0.00230	0.00402
18	0.11703	0.00981	0.01090	0.00845	0.01124	0.03053	0.05280	0.58610	0.01458	0.07513	0.00853	0.00880	0.00610	0.00434	0.00391	0.00114	0.03813	0.00324	0.00338	0.00583
19	0.00440	0.00371	0.00381	0.00389	0.00505	0.00312	0.00288	0.00531	0.00834	0.00998	0.03606	0.11069	0.77092	0.00960	0.00442	0.00128	0.00190	0.00808	0.00345	0.00312
20	0.00503	0.00379	0.00465	0.00443	0.00541	0.00341	0.00333	0.00657	0.00998	0.01362	0.63505	0.02980	0.24520	0.00806	0.00438	0.00119	0.00178	0.00700	0.00392	0.00341
21	0.00717	0.00604	0.00713	0.00544	0.00823	0.00463	0.00424	0.00865	0.00760	0.01166	0.00890	0.15026	0.00866	0.00422	0.00308	0.00071	0.00265	0.00358	0.00241	0.74474
22	0.89577	0.00718	0.00546	0.00488	0.00718	0.00833	0.00402	0.01091	0.00632	0.01665	0.00517	0.00603	0.00402	0.00345	0.00230	0.00115	0.00287	0.00201	0.00230	0.00402
23	0.00828	0.00658	0.00776	0.00557	0.00884	0.00498	0.00447	0.00992	0.00789	0.06654	0.00712	0.00802	0.00574	0.00287	0.00281	0.00059	0.00278	0.00230	0.00235	0.83461
24	0.01529	0.00851	0.00997	0.00764	0.01057	0.00870	0.00631	0.45587	0.01429	0.40601	0.01157	0.01064	0.00765	0.00452	0.00372	0.00113	0.00366	0.00352	0.00412	0.00631
25	0.00525	0.00379	0.00496	0.00467	0.00555	0.00350	0.00350	0.00700	0.01051	0.01488	0.84444	0.02773	0.03502	0.00759	0.00438	0.00117	0.00175	0.00671	0.00409	0.00350
26	0.89577	0.00718	0.00546	0.00488	0.00718	0.00833	0.00402	0.01091	0.00632	0.01665	0.00517	0.00603	0.00402	0.00345	0.00230	0.00115	0.00287	0.00201	0.00230	0.00402
27	0.37204	0.00667	0.00734	0.00591	0.00855	0.00662	0.00488	0.01519	0.00888	0.51250	0.01081	0.00996	0.00710	0.00413	0.00315	0.00115	0.00304	0.00304	0.00367	0.00539
28	0.01332	0.00985	0.01058	0.00831	0.01112	0.01093	0.00680	0.66657	0.16243	0.04596	0.01017	0.00989	0.00728	0.00456	0.00373	0.00114	0.00386	0.00350	0.00375	0.00624
29	0.00770	0.00660	0.00770	0.00550	0.00880	0.00495	0.00440	0.00935	0.00770	0.01210	0.00660	0.00770	0.00550	0.00275	0.00275	0.00055	0.00275	0.00220	0.00220	0.89224
30	0.00744	0.01920	0.85032	0.01058	0.01607	0.00862	0.01371	0.01176	0.00784	0.01176	0.00666	0.00784	0.00470	0.00353	0.00353	0.00118	0.00549	0.00274	0.00157	0.00549
31	0.00550	0.00382	0.00484	0.00529	0.00568	0.00378	0.00390	0.00628	0.00693	0.00910	0.01647	0.13659	0.03450	0.40327	0.01136	0.00254	0.00331	0.33111	0.00289	0.00283
32	0.00472	0.00362	0.00435	0.00461	0.00540	0.00324	0.00335	0.00580	0.00852	0.01110	0.23078	0.31319	0.32910	0.00974	0.00454	0.00134	0.00201	0.04779	0.00360	0.00320
33	0.01376	0.00965	0.04551	0.00848	0.01140	0.00987	0.03952	0.53593	0.02319	0.20152	0.01970	0.00996	0.00717	0.00453	0.00411	0.00115	0.04131	0.00349	0.00366	0.00609
34	0.08796	0.00429	0.00527	0.00499	0.00610	0.00421	0.00390	0.00823	0.00940	0.06583	0.51024	0.02398	0.02533	0.00838	0.06260	0.00152	0.00266	0.08047	0.08094	0.00370
35	0.01498	0.00870	0.01004	0.00771	0.01061	0.00903	0.00636	0.50418	0.01465	0.34346	0.01119	0.01044	0.00748	0.00451	0.00370	0.00112	0.00369	0.00350	0.01841	0.00627
36	0.01019	0.75518	0.02942	0.00711	0.02565	0.02436	0.02462	0.06883	0.00832	0.00994	0.00553	0.00634	0.00491	0.00328	0.00257	0.00084	0.00409	0.00217	0.00175	0.00490
37	0.00941	0.00924	0.01485	0.02216	0.80711	0.04862	0.01119	0.01155	0.00855	0.01198	0.00692	0.00907	0.00583	0.00333	0.00366	0.00110	0.00452	0.00326	0.00184	0.00581
38	0.00473	0.00375	0.00425	0.00416	0.00523	0.00327	0.00311	0.00597	0.00921	0.01189	0.34977	0.06233	0.50163	0.00878	0.00440	0.00123	0.00184	0.00750	0.00369	0.00327
39	0.00439	0.00376	0.00376	0.00376	0.00501	0.00313	0.00282	0.00533	0.00846	0.01003	0.03760	0.03572	0.84489	0.00940	0.00439	0.00125	0.00188	0.00783	0.00345	0.00313
40	0.00449	0.00375	0.00391	0.00390	0.00508	0.00317	0.00291	0.00552	0.00867	0.01058	0.13170	0.05268	0.73242	0.00924	0.00439	0.00125	0.00187	0.00776	0.00352	0.00317
41	0.00744	0.01920	0.85032	0.01058	0.01607	0.00862	0.01371	0.01176	0.00784	0.01176	0.00666	0.00784	0.00470	0.00353	0.00353	0.00118	0.00549	0.00274	0.00157	0.00549
42	0.00514	0.00375	0.00483	0.00464	0.00550	0.00344	0.00345	0.00676	0.01012	0.01416	0.72894	0.08574	0.09365	0.00800	0.00440	0.00120	0.00179	0.00706	0.00400	0.00344
43	0.01387	0.01769	0.01052	0.00956	0.01148	0.85465	0.00717	0.01482	0.01052	0.00908	0.00574	0.00669	0.00478	0.00383	0.00335	0.00096	0.00669	0.00239	0.00191	0.00430
44	0.00923	0.00797	0.00839	0.00755	0.00965	0.00923	0.00588	0.01972	0.83969	0.01553	0.01511	0.01385	0.01133	0.00504	0.00378	0.00126	0.00294	0.00420	0.00378	0.00588
45	0.01305	0.00716	0.01003	0.02127	0.21070	0.01705	0.00694	0.03926	0.08628	0.45956	0.05385	0.02935	0.00995	0.00461	0.00386	0.00116	0.01244	0.00392	0.00368	0.00589
46	0.00810	0.00695	0.00734	0.00676	0.00859	0.00779	0.00520	0.01633	0.64407	0.01420	0.01922	0.07617	0.15099	0.00622	0.00394	0.00128	0.00271	0.00524	0.00370	0.00522
47	0.00771	0.00676	0.00849	0.07373	0.03188	0.00565	0.01457	0.00942	0.00761	0.01174	0.00654	0.00795	0.00544	0.00301	0.00330	0.00068	0.04226	0.00239	0.00212	0.74875
48	0.01348	0.01164	0.08818	0.00879	0.01193	0.06140	0.00767	0.70977	0.01616	0.02147	0.00852	0.00868	0.00607	0.00433	0.00367	0.00111	0.00437	0.00323	0.00341	0.00612
49	0.00547	0.00366	0.00425	0.00436	0.00448	0.00365	0.00268	0.00570	0.00582	0.00780	0.01278	0.04860	0.01455	0.73836	0.01673	0.00329	0.00350	0.09189	0.02001	0.00242
50	0.00756	0.01770	0.73925	0.01163	0.09209	0.00853	0.02298	0.01157	0.00785	0.01170	0.00680	0.00818	0.00495	0.00421	0.02826	0.00131	0.00553	0.00285	0.00161	0.00545
51	0.89577	0.00718	0.00546	0.00488	0.00718	0.00833	0.00402	0.01091	0.00632	0.01665	0.00517	0.00603	0.00402	0.00345	0.00230	0.00115	0.00287	0.00201	0.00230	0.00402
52	0.00456	0.00346	0.00422	0.00479	0.00537	0.00312	0.00336	0.00536	0.00765	0.00979	0.03543	0.55037	0.28959	0.01080	0.00464	0.00143	0.00212	0.04743	0.00345	0.00308
53	0.00812	0.00812	0.01137	0.00975	0.00975	0.01137	0.00812	0.00893	0.00568	0.00893	0.00487	0.00812	0.00487	0.00650	0.01218	0.00162	0.86276	0.00325	0.00162	0.00406
54	0.00992	0.87178	0.01945	0.00635	0.00953	0.01469	0.00635	0.01111	0.00754	0.00873	0.00516	0.00595	0.00476	0.00318	0.00238	0.00079	0.00397	0.00198	0.00159	0.00476
55	0.00440	0.00371	0.00381	0.00389	0.00505	0.00312	0.00288	0.00531	0.00834	0.00998	0.03603	0.11208	0.76955	0.00961	0.00442	0.00128	0.00191	0.00808	0.00345	0.00312
56	0.00969	0.66805	0.01704	0.00674	0.00954	0.08766	0.03010	0.01097	0.00807	0.00942	0.08249	0.00837	0.00769	0.00430	0.02562	0.00099	0.00423	0.00258	0.00187	0.00457
57	0.00566	0.02730	0.00584	0.00626	0.00703	0.00419	0.00521	0.00707	0.00821	0.01070	0.04086	0.24656	0.04547	0.01032	0.00492	0.00161	0.00303	0.55305	0.00339	0.00335
58	0.00761	0.00675	0.00878	0.00633	0.00956	0.00526	0.08040	0.00936	0.00784	0.01196	0.00840	0.00946	0.05193	0.00315	0.00299	0.00065	0.00302	0.00271	0.00224	0.76158
59	0.03020	0.00643	0.10760	0.00704	0.08425	0.00493	0.00549	0.02987	0.00964	0.03725	0.43452	0.03201	0.18274	0.00682	0.00412	0.00118	0.00261	0.00588	0.00340	0.00405
60	0.01202	0.01438	0.00981	0.00888	0.01063	0.63203	0.03437	0.01304	0.00975	0.03058	0.00825	0.13310	0.00790	0.00532	0.01603	0.00112	0.01745	0.00372	0.00221	0.02941
61	0.00770	0.00660	0.00770	0.00550	0.00880	0.00495	0.00440	0.00935	0.00770	0.01210	0.00660	0.00770	0.00550	0.00275	0.00275	0.00055	0.00275	0.00220	0.00220	0.89224
62	0.00770	0.00660	0.00770	0.00550	0.00880	0.00495	0.00440	0.00935	0.00770	0.01210	0.00660	0.00770	0.00550	0.00275	0.00275	0.00055	0.00275	0.00220	0.00220	0.89224
63	0.00641	0.00543	0.00649	0.00610	0.00636	0.04989	0.00442	0.00697	0.00590	0.00808	0.00963	0.03615	0.01034	0.41008	0.21672	0.00354	0.19787	0.00453	0.00206	0.00303
64	0.00705	0.00664	0.01121	0.84495	0.04092	0.00826	0.01033	0.00952	0.00744	0.00953	0.00660	0.00988	0.00497	0.00370	0.00371	0.00123	0.00494	0.00330	0.00165	0.00416
65	0.00863	0.00922	0.02859	0.01404	0.15803	0.03670	0.44098	0.01152	0.04215	0.01212	0.04513	0.02036	0.00738	0.00350	0.00393	0.00110	0.00501	0.00393	0.00211	0.14558
66	0.00770	0.00660	0.00770	0.00550	0.00880	0.00495	0.00440	0.00935	0.00770	0.01210	0.00660	0.00770	0.00550	0.00275	0.00275	0.00055	0.00275	0.00220	0.00220	0.89224
67	0.00516	0.00383	0.00548	0.00561	0.00618	0.00426	0.00420	0.00627	0.00619	0.00869	0.01275	0.14113	0.04608	0.09033	0.63027	0.00493	0.00798	0.00521	0.00228	0.00318
68	0.00768	0.00674	0.00811	0.00612	0.00912	0.02693	0.03746	0.00936	0.00788	0.01187	0.00806	0.02697	0.00729	0.00364	0.00308	0.00071	0.00304	0.07730	0.00231	0.73630
69	0.00599	0.00504	0.00719	0.00676	0.00728	0.00625	0.00537	0.00718	0.00638	0.00927	0.07515	0.03177	0.04945	0.01938	0.50689	0.00412	0.23655	0.00431	0.00215	0.00351
70	0.00829	0.00724	0.02885	0.00704	0.00890	0.00783	0.00561	0.02946	0.59823	0.01466	0.07450	0.07731	0.03233	0.00603	0.00394	0.00128	0.00286	0.05414	0.02628	0.00523
71	0.01132	0.03582	0.01173	0.09163	0.19632	0.03955	0.02340	0.30452	0.15681	0.06553	0.00940	0.01003	0.00702	0.00426	0.00381	0.01259	0.00410	0.00344	0.00298	0.00573
72	0.00733	0.00451	0.00583	0.00513	0.00648	0.00413	0.00395	0.03038	0.02093	0.13863	0.65298	0.02396	0.02887	0.00682	0.00419	0.00114	0.00208	0.00596	0.00407	0.04264
73	0.02156	0.65955	0.03961	0.00684	0.00984	0.02327	0.00660	0.08468	0.04546	0.01990	0.00642	0.00761	0.00563	0.00366	0.00295	0.00091	0.02699	0.02164	0.00196	0.00492
74	0.00821	0.17758	0.06593	0.01079	0.01340	0.00975	0.34891	0.01039	0.01614	0.01023	0.00722	0.01012	0.00620	0.04550	0.12092	0.00195	0.12677	0.00364	0.00182	0.00451
75	0.00813	0.00774	0.01316	0.42812	0.44929	0.00854	0.01087	0.01047	0.00795	0.01085	0.00680	0.00953	0.00543	0.00350	0.00369	0.00117	0.00467	0.00330	0.00175	0.00503
76	0.02191	0.00686	0.00620	0.00569	0.00706	0.12644	0.00432	0.13756	0.03686	0.01333	0.08501	0.09658	0.16592	0.05182	0.00449	0.00125	0.00306	0.02135	0.20034	0.00395
77	0.89577	0.00718	0.00546	0.00488	0.00718	0.00833	0.00402	0.01091	0.00632	0.01665	0.00517	0.00603	0.00402	0.00345	0.00230	0.00115	0.00287	0.00201	0.00230	0.00402
78	0.00667	0.00536	0.00725	0.15387	0.02665	0.00570	0.02264	0.08424	0.09184	0.01290	0.23358	0.27132	0.04815	0.00747	0.00424	0.00129	0.00291	0.00663	0.00330	0.00402
79	0.00924	0.26952	0.09838	0.00735	0.01007	0.07618	0.00671	0.03284	0.24973	0.01210	0.05876	0.01052	0.02047	0.00426	0.00355	0.00102	0.03509	0.00320	0.00253	0.08847
80	0.07973	0.00838	0.00986	0.00877	0.08685	0.02843	0.00653	0.34580	0.01256	0.30198	0.01040	0.01031	0.00724	0.00583	0.05891	0.00144	0.00415	0.00339	0.00358	0.00586
81	0.00446	0.00370	0.00390	0.00398	0.00509	0.00314	0.00294	0.00542	0.00844	0.01029	0.08944	0.13119	0.69615	0.00954	0.00443	0.00128	0.00190	0.00807	0.00349	0.00314
82	0.00772	0.00641	0.00766	0.00582	0.01911	0.00506	0.00456	0.00951	0.02411	0.02950	0.00725	0.00857	0.00604	0.00514	0.08106	0.00108	0.00344	0.00245	0.00226	0.76325
83	0.00507	0.00375	0.00470	0.00452	0.00540	0.00342	0.00335	0.00658	0.00984	0.01357	0.64093	0.07124	0.17413	0.03127	0.00479	0.00126	0.00184	0.00706	0.00389	0.00338
84	0.01004	0.84700	0.01919	0.00644	0.00958	0.03906	0.00638	0.01122	0.00763	0.00874	0.00518	0.00598	0.00476	0.00319	0.00241	0.00080	0.00405	0.00200	0.00160	0.00475
85	0.00815	0.00642	0.00758	0.00553	0.00863	0.00490	0.00439	0.00972	0.00782	0.06719	0.00762	0.03060	0.00644	0.02504	0.00327	0.00069	0.00278	0.00260	0.00239	0.78826
86	0.01212	0.08235	0.23089	0.00902	0.02375	0.06002	0.00869	0.43751	0.01314	0.07488	0.00820	0.00852	0.00587	0.00407	0.00354	0.00110	0.00454	0.00305	0.00291	0.00585
87	0.00858	0.00820	0.01397	0.25707	0.61687	0.00866	0.01109	0.01086	0.00816	0.01139	0.00687	0.00939	0.00562	0.00342	0.00368	0.00114	0.00456	0.00330	0.00178	0.00539
88	0.00523	0.00379	0.00493	0.00464	0.00553	0.00349	0.00348	0.00696	0.01045	0.01474	0.82102	0.02796	0.05853	0.00764	0.00438	0.00117	0.00175	0.00675	0.00407	0.00349
89	0.00538	0.00383	0.00479	0.00457	0.00555	0.00346	0.00342	0.00690	0.00991	0.03832	0.61369	0.07551	0.19467	0.00808	0.00438	0.00120	0.00184	0.00706	0.00394	0.00349
90	0.05968	0.00636	0.00846	0.00652	0.00936	0.00560	0.00539	0.01774	0.01041	0.80823	0.01418	0.01231	0.00894	0.00454	0.00366	0.00115	0.00314	0.00365	0.00448	0.00620
91	0.00457	0.00370	0.00406	0.00411	0.00516	0.00319	0.00303	0.00564	0.00870	0.01092	0.19468	0.13396	0.58667	0.00931	0.00443	0.00127	0.00189	0.00794	0.00357	0.00319
92	0.00517	0.00376	0.00486	0.00466	0.00551	0.00345	0.00347	0.00681	0.01019	0.01431	0.75409	0.08353	0.07038	0.00794	0.00440	0.00119	0.00178	0.00702	0.00402	0.00345
93	0.00744	0.01920	0.85032	0.01058	0.01607	0.00862	0.01371	0.01176	0.00784	0.01176	0.00666	0.00784	0.00470	0.00353	0.00353	0.00118	0.00549	0.00274	0.00157	0.00549
94	0.01364	0.01016	0.01087	0.00845	0.01133	0.01129	0.00694	0.75556	0.09668	0.02264	0.00951	0.00939	0.00680	0.00451	0.00372	0.00113	0.00397	0.00342	0.00372	0.00627
95	0.00936	0.05741	0.04914	0.01044	0.12120	0.06027	0.06314	0.01627	0.48668	0.01347	0.01137	0.01147	0.00875	0.00453	0.00423	0.00121	0.05889	0.00373	0.00292	0.00553
96	0.00869	0.00864	0.08709	0.02150	0.06843	0.00797	0.16026	0.06443	0.28517	0.05076	0.04477	0.01531	0.10193	0.02271	0.02580	0.00139	0.00403	0.01297	0.00299	0.00515
97	0.09457	0.00838	0.08699	0.33917	0.09997	0.04950	0.00852	0.01063	0.01914	0.05488	0.00801	0.03097	0.00664	0.00439	0.01239	0.00120	0.01378	0.04508	0.00212	0.10367
98	0.00986	0.85020	0.04048	0.00646	0.00969	0.01453	0.00654	0.01113	0.00755	0.00881	0.00520	0.00600	0.00476	0.00318	0.00241	0.00080	0.00401	0.00200	0.00159	0.00478
99	0.00845	0.00766	0.01227	0.07548	0.40513	0.00800	0.06502	0.06406	0.00887	0.02881	0.05795	0.03177	0.10048	0.00498	0.00469	0.00122	0.08286	0.02493	0.00236	0.00501
100	0.00538	0.00401	0.00503	0.00474	0.00571	0.00377	0.00356	0.00751	0.05360	0.01447	0.72705	0.02774	0.10817	0.00762	0.00435	0.00118	0.00182	0.00668	0.00401	0.00359
101	0.20397	0.00672	0.00721	0.00538	0.00845	0.00570	0.00433	0.00981	0.00743	0.02463	0.00639	0.00740	0.00522	0.00293	0.00266	0.00069	0.00278	0.00218	0.00225	0.68385
102	0.00870	0.11754	0.08531	0.00681	0.02647	0.03038	0.01725	0.04403	0.00829	0.04003	0.00693	0.01717	0.00569	0.00315	0.00292	0.00072	0.00340	0.00247	0.00220	0.57054
103	0.01311	0.01638	0.01013	0.00909	0.01109	0.75972	0.00684	0.01415	0.01028	0.00950	0.02835	0.00734	0.00565	0.00383	0.00332	0.00093	0.00623	0.00249	0.00200	0.07958
104	0.01043	0.00822	0.00899	0.00776	0.00992	0.00942	0.00615	0.14027	0.60997	0.07642	0.01357	0.01270	0.01006	0.00500	0.00424	0.00125	0.05208	0.00398	0.00370	0.00587
105	0.00841	0.00702	0.03936	0.00577	0.00909	0.00511	0.00483	0.01015	0.00798	0.08241	0.01639	0.00833	0.00610	0.00299	0.00288	0.00063	0.00288	0.00240	0.00240	0.77489
106	0.01380	0.00956	0.03163	0.00798	0.01102	0.00978	0.00670	0.59488	0.01512	0.16702	0.00965	0.00943	0.00670	0.00430	0.00362	0.00107	0.00384	0.00329	0.00368	0.08694
107	0.00998	0.85941	0.01932	0.00640	0.00956	0.02685	0.00636	0.01117	0.00759	0.00874	0.00517	0.00596	0.00476	0.00319	0.00240	0.00080	0.00401	0.00199	0.00159	0.00476
108	0.01086	0.14206	0.37701	0.00900	0.02428	0.00857	0.05169	0.02519	0.01954	0.27217	0.00927	0.01948	0.00652	0.00391	0.00348	0.00112	0.00447	0.00315	0.00261	0.00560
109	0.07690	0.00682	0.00808	0.00775	0.02471	0.08382	0.06694	0.01970	0.11026	0.05846	0.08796	0.02620	0.02598	0.00723	0.00433	0.00141	0.00367	0.37235	0.00322	0.00420
110	0.01411	0.01040	0.01114	0.00854	0.01151	0.01151	0.00706	0.83402	0.01745	0.02339	0.00891	0.00891	0.00631	0.00446	0.00371	0.00111	0.00408	0.00334	0.00371	0.00631
