[name]
unknown

[dist]
# distance from previous block
# <min> <max>
0	129

[block]
# block no. 0 follows, 54 sequences, length 15
# corresponding to MSA columns:
# 142-156
name=unknown_A
#
# <colnr> <probs for GDERKNQSTAVLIFYWHMCP>
#	G	D	E	R	K	N	Q	S	T	A	V	L	I	F	Y	W	H	M	C	P
0	0.02709	0.05426	0.18257	0.01024	0.02633	0.04224	0.03833	0.05234	0.01108	0.08188	0.05227	0.03624	0.01229	0.00629	0.00524	0.00141	0.05282	0.10968	0.00323	0.19417
1	0.01240	0.07891	0.15243	0.01083	0.01432	0.03544	0.09099	0.17233	0.03803	0.09212	0.09767	0.05885	0.03152	0.02081	0.02185	0.00167	0.05456	0.00529	0.00361	0.00637
2	0.19542	0.08863	0.21882	0.02652	0.01505	0.05135	0.06485	0.12620	0.03494	0.01787	0.02524	0.04211	0.00823	0.00520	0.00448	0.00143	0.02867	0.00398	0.00291	0.03809
3	0.01652	0.07555	0.05643	0.02304	0.03292	0.07460	0.02659	0.01854	0.01197	0.42728	0.02600	0.02875	0.01022	0.00551	0.00498	0.00136	0.04415	0.00432	0.00424	0.10705
4	0.01084	0.00912	0.00945	0.00851	0.01040	0.04953	0.00642	0.07737	0.40241	0.01753	0.09291	0.03693	0.01685	0.15730	0.00871	0.00210	0.03579	0.00580	0.03604	0.00600
5	0.00921	0.00522	0.00530	0.00515	0.00647	0.00545	0.00390	0.01302	0.12343	0.01789	0.01593	0.01758	0.01242	0.00562	0.00351	0.00117	0.00242	0.00453	0.73693	0.00484
6	0.01049	0.01075	0.01462	0.61274	0.12052	0.12676	0.01268	0.01331	0.01015	0.01237	0.00828	0.01188	0.00639	0.00467	0.00464	0.00150	0.00653	0.00402	0.00217	0.00553
7	0.00567	0.00478	0.00492	0.00488	0.00643	0.00402	0.00366	0.00696	0.01099	0.01331	0.11768	0.04444	0.73270	0.01173	0.00557	0.00158	0.00237	0.00982	0.00445	0.00402
8	0.01011	0.00567	0.00580	0.00533	0.00681	0.00587	0.00411	0.12333	0.01166	0.01933	0.01479	0.01668	0.01150	0.00552	0.00350	0.00114	0.00263	0.00437	0.73692	0.00492
9	0.00871	0.00799	0.01323	0.66963	0.06322	0.00964	0.01191	0.01170	0.01005	0.01319	0.12304	0.01580	0.01185	0.00540	0.00483	0.00155	0.00567	0.00482	0.00255	0.00522
10	0.54178	0.07843	0.07147	0.00704	0.01001	0.01021	0.00641	0.01358	0.02830	0.01879	0.00958	0.01316	0.00817	0.00529	0.00346	0.00145	0.00394	0.07147	0.09220	0.00525
11	0.01008	0.18608	0.65366	0.01237	0.01875	0.01248	0.01556	0.01477	0.00988	0.01417	0.00808	0.00948	0.00599	0.00439	0.00419	0.00140	0.00659	0.00329	0.00200	0.00679
12	0.27766	0.00904	0.00955	0.00791	0.01072	0.02797	0.00647	0.10781	0.01191	0.27284	0.01693	0.01648	0.12287	0.00643	0.00520	0.00152	0.07359	0.00467	0.00420	0.00624
13	0.01381	0.01108	0.01179	0.00994	0.01296	0.01256	0.00791	0.30042	0.49359	0.02331	0.03965	0.01585	0.01299	0.00623	0.00479	0.00153	0.00421	0.00503	0.00478	0.00757
14	0.01298	0.09918	0.15961	0.02646	0.01459	0.01070	0.00930	0.09905	0.08543	0.06489	0.01285	0.05360	0.01088	0.04303	0.00571	0.00164	0.00515	0.00466	0.00374	0.27655

[dist]
# distance from previous block
# <min> <max>
0	31

[block]
# block no. 1 follows, 54 sequences, length 9
# corresponding to MSA columns:
# 188-196
name=unknown_B
#
# <colnr> <probs for GDERKNQSTAVLIFYWHMCP>
#	G	D	E	R	K	N	Q	S	T	A	V	L	I	F	Y	W	H	M	C	P
0	0.01263	0.39072	0.18329	0.00968	0.01385	0.05310	0.00984	0.08394	0.06129	0.05883	0.01074	0.03319	0.03347	0.00519	0.00416	0.00128	0.02177	0.00377	0.00280	0.00644
1	0.01353	0.14343	0.19903	0.01321	0.01746	0.28280	0.16578	0.05761	0.03789	0.01419	0.00850	0.00998	0.00664	0.00456	0.00442	0.00134	0.00719	0.00370	0.00246	0.00628
2	0.01023	0.01163	0.15637	0.00992	0.05319	0.00767	0.04598	0.01306	0.01004	0.03976	0.00879	0.01024	0.00698	0.00380	0.00387	0.00094	0.00446	0.00318	0.00270	0.59720
3	0.00574	0.00410	0.00547	0.00657	0.00684	0.00383	0.00438	0.00657	0.00903	0.01204	0.02599	0.83122	0.03119	0.01477	0.00602	0.00191	0.00274	0.01340	0.00438	0.00383
4	0.00675	0.00467	0.00582	0.00597	0.00623	0.00483	0.00388	0.00730	0.00739	0.01003	0.01584	0.10570	0.01769	0.54282	0.19934	0.00489	0.00620	0.03836	0.00299	0.00331
5	0.01191	0.01139	0.01369	0.01167	0.01256	0.07820	0.00956	0.13360	0.03372	0.01441	0.00794	0.01140	0.00721	0.03099	0.04201	0.00215	0.55516	0.00420	0.00263	0.00560
6	0.01105	0.00913	0.01046	0.00759	0.01171	0.00759	0.00611	0.13326	0.01171	0.01761	0.00884	0.01002	0.00715	0.00383	0.00368	0.00081	0.00376	0.00302	0.00309	0.72958
7	0.00925	0.00529	0.00537	0.00521	0.00655	0.00554	0.00395	0.01318	0.13271	0.01791	0.01598	0.01758	0.01245	0.00563	0.00353	0.00118	0.00244	0.00454	0.72684	0.00487
8	0.01222	0.01136	0.02000	0.08784	0.46779	0.01141	0.19129	0.07706	0.01176	0.04893	0.00958	0.01214	0.00752	0.00437	0.00488	0.00146	0.00610	0.00454	0.00266	0.00710

[dist]
# distance from previous block
# <min> <max>
0	1

[block]
# block no. 2 follows, 54 sequences, length 21
# corresponding to MSA columns:
# 198-218
name=unknown_C
#
# <colnr> <probs for GDERKNQSTAVLIFYWHMCP>
#	G	D	E	R	K	N	Q	S	T	A	V	L	I	F	Y	W	H	M	C	P
0	0.17117	0.00888	0.01317	0.34822	0.24577	0.00995	0.01093	0.01246	0.00961	0.01477	0.01165	0.05312	0.06067	0.00547	0.00448	0.00152	0.00516	0.00471	0.00258	0.00570
1	0.70628	0.00931	0.00763	0.00684	0.00971	0.01079	0.00555	0.01597	0.15662	0.02089	0.00894	0.00953	0.00686	0.00476	0.00327	0.00149	0.00366	0.00308	0.00327	0.00555
2	0.01503	0.01112	0.01213	0.00987	0.01285	0.01218	0.00791	0.58574	0.05615	0.02547	0.01483	0.18669	0.01327	0.00764	0.00500	0.00153	0.00460	0.00625	0.00465	0.00710
3	0.00565	0.00465	0.00498	0.00517	0.00649	0.00397	0.00377	0.00682	0.01054	0.01288	0.07762	0.19304	0.62337	0.01237	0.00566	0.00165	0.00245	0.01054	0.00441	0.00397
4	0.27128	0.01048	0.01528	0.04719	0.53898	0.01099	0.01159	0.01421	0.00987	0.01704	0.00815	0.01048	0.00671	0.00427	0.00414	0.00142	0.00503	0.00370	0.00250	0.00668
5	0.00729	0.00571	0.00867	0.00972	0.09969	0.00623	0.00661	0.00921	0.00903	0.01296	0.16106	0.02088	0.01745	0.02693	0.56973	0.00572	0.00986	0.00561	0.00301	0.00463
6	0.00712	0.16165	0.00887	0.00577	0.00766	0.00684	0.00470	0.00854	0.01082	0.01335	0.15139	0.08243	0.47475	0.01030	0.00514	0.00150	0.00293	0.02773	0.00405	0.00444
7	0.01058	0.01028	0.01373	0.01185	0.01236	0.01393	0.00978	0.01393	0.15596	0.01293	0.00864	0.01169	0.00774	0.00790	0.01346	0.00198	0.67074	0.00435	0.00258	0.00559
8	0.01034	0.01825	0.39861	0.01682	0.02263	0.01146	0.42252	0.01502	0.01057	0.01502	0.00903	0.01141	0.00659	0.00421	0.00505	0.00154	0.00748	0.00458	0.00220	0.00665
9	0.04575	0.19096	0.03051	0.01033	0.01410	0.09402	0.05305	0.35357	0.01550	0.02047	0.00914	0.00995	0.00706	0.00484	0.00429	0.00124	0.01697	0.00358	0.00339	0.11129
10	0.00879	0.00439	0.00439	0.00439	0.00549	0.00439	0.00330	0.01099	0.00989	0.01758	0.01538	0.01758	0.01209	0.00549	0.00330	0.00110	0.00220	0.00439	0.86047	0.00439
11	0.00812	0.00779	0.00754	0.00797	0.00876	0.15700	0.02581	0.00910	0.00990	0.01202	0.02203	0.65468	0.02582	0.01262	0.00567	0.00177	0.00396	0.01124	0.00396	0.00420
12	0.00812	0.00716	0.04415	0.00831	0.01991	0.00687	0.02069	0.03296	0.17206	0.01445	0.03516	0.23290	0.08360	0.07839	0.10012	0.00267	0.00481	0.11870	0.00398	0.00499
13	0.01209	0.04419	0.44733	0.07089	0.01870	0.04595	0.01367	0.18535	0.04817	0.03932	0.00981	0.01097	0.00709	0.00545	0.01940	0.00157	0.00641	0.00380	0.00286	0.00698
14	0.00770	0.00422	0.00589	0.00589	0.00619	0.00407	0.00400	0.00626	0.00701	0.00905	0.01565	0.02018	0.15799	0.01554	0.01600	0.70049	0.00377	0.00520	0.00249	0.00241
15	0.00831	0.00805	0.00714	0.00729	0.00852	0.15719	0.00535	0.00985	0.02895	0.01330	0.12565	0.30828	0.22306	0.01124	0.00552	0.00166	0.00380	0.05836	0.00412	0.00437
16	0.03993	0.01252	0.15358	0.02807	0.14294	0.04206	0.02461	0.06209	0.01116	0.16575	0.01366	0.01591	0.06612	0.00639	0.00678	0.00160	0.15991	0.03716	0.00329	0.00649
17	0.01388	0.01174	0.01691	0.01308	0.01595	0.01325	0.18894	0.31674	0.04974	0.05278	0.01025	0.01206	0.00788	0.00685	0.03096	0.00181	0.22234	0.00461	0.00347	0.00675
18	0.01368	0.01174	0.01864	0.06699	0.34634	0.01207	0.15818	0.23754	0.01416	0.05887	0.01016	0.01204	0.00771	0.00469	0.00486	0.00145	0.00589	0.00450	0.00319	0.00732
19	0.04257	0.01537	0.01275	0.05033	0.07195	0.36456	0.00872	0.12308	0.01295	0.01543	0.00895	0.04453	0.00767	0.00519	0.00466	0.00124	0.03589	0.00376	0.00288	0.16752
20	0.03269	0.01211	0.01195	0.06350	0.20004	0.25261	0.01952	0.01315	0.01172	0.01402	0.12270	0.03212	0.18093	0.00695	0.00484	0.00142	0.00534	0.00575	0.00321	0.00546

[dist]
# distance from previous block
# <min> <max>
1	25

[block]
# block no. 3 follows, 54 sequences, length 22
# corresponding to MSA columns:
# 245-266
name=unknown_D
#
# <colnr> <probs for GDERKNQSTAVLIFYWHMCP>
#	G	D	E	R	K	N	Q	S	T	A	V	L	I	F	Y	W	H	M	C	P
0	0.01289	0.01361	0.02664	0.05494	0.40755	0.19502	0.06506	0.06451	0.02927	0.01528	0.02694	0.01269	0.03011	0.00537	0.01862	0.00150	0.00637	0.00431	0.00267	0.00665
1	0.00844	0.00436	0.00452	0.00464	0.00565	0.00433	0.00342	0.01048	0.00979	0.01694	0.01660	0.11108	0.01428	0.00656	0.00361	0.00119	0.00226	0.00543	0.76209	0.00433
2	0.01244	0.74239	0.02507	0.00942	0.01354	0.01788	0.09767	0.01423	0.00976	0.01155	0.00690	0.00816	0.00618	0.00403	0.00332	0.00108	0.00538	0.00287	0.00206	0.00609
3	0.00699	0.00575	0.00585	0.00547	0.00732	0.00520	0.00420	0.09668	0.01206	0.01469	0.04358	0.04146	0.71161	0.01122	0.00547	0.00157	0.00271	0.00930	0.00442	0.00444
4	0.00913	0.00505	0.00511	0.00499	0.00627	0.00524	0.00377	0.01260	0.10027	0.01783	0.01582	0.01758	0.01235	0.00560	0.00347	0.00116	0.00237	0.00450	0.76213	0.00475
5	0.08027	0.01331	0.01415	0.04447	0.12713	0.21726	0.01021	0.01421	0.00959	0.03248	0.00727	0.01006	0.00640	0.00631	0.00941	0.00167	0.38405	0.00375	0.00236	0.00564
6	0.10942	0.01000	0.04176	0.01037	0.01293	0.01059	0.11100	0.12645	0.19080	0.01793	0.06000	0.01599	0.01206	0.06107	0.11443	0.00256	0.07816	0.00496	0.00351	0.00601
7	0.01122	0.01107	0.08791	0.02562	0.11832	0.00880	0.02280	0.12817	0.01178	0.01740	0.00891	0.01038	0.00710	0.00403	0.00398	0.00100	0.00448	0.00334	0.00292	0.51077
8	0.00670	0.00524	0.00727	0.10032	0.01022	0.00568	0.00575	0.00816	0.00851	0.01133	0.02090	0.08968	0.17627	0.13173	0.37428	0.00473	0.00782	0.01827	0.00307	0.00407
9	0.01171	0.01173	0.01894	0.10211	0.21231	0.06756	0.26572	0.04902	0.07661	0.03271	0.01208	0.01422	0.05093	0.00513	0.00555	0.00153	0.04788	0.00498	0.00282	0.00646
10	0.00681	0.00460	0.00537	0.00555	0.00567	0.00457	0.00337	0.00706	0.00737	0.00980	0.01669	0.10719	0.01924	0.69310	0.02094	0.00413	0.00438	0.06797	0.00312	0.00306
11	0.01100	0.01113	0.05947	0.18366	0.35038	0.01112	0.06670	0.03554	0.17032	0.01600	0.03057	0.01361	0.00946	0.00492	0.00478	0.00150	0.00551	0.00459	0.00290	0.00685
12	0.01008	0.00857	0.00916	0.00842	0.01067	0.00955	0.00648	0.02002	0.57249	0.01825	0.09437	0.06723	0.12881	0.00792	0.00504	0.00160	0.00335	0.00671	0.00475	0.00650
13	0.00711	0.00624	0.00877	0.00775	0.00959	0.00582	0.10849	0.00989	0.08161	0.01453	0.14753	0.14849	0.38250	0.01048	0.00559	0.00164	0.00333	0.03170	0.00427	0.00467
14	0.00708	0.00564	0.00906	0.00841	0.00950	0.00621	0.07531	0.00878	0.00791	0.01122	0.01327	0.06314	0.01288	0.09905	0.63243	0.00648	0.01099	0.00570	0.00264	0.00427
15	0.01276	0.36529	0.08185	0.01394	0.21834	0.03561	0.01012	0.01500	0.01058	0.09801	0.03409	0.01135	0.00856	0.00460	0.00394	0.00122	0.00514	0.01380	0.00269	0.05311
16	0.01218	0.25212	0.27689	0.01071	0.01559	0.08429	0.04485	0.06089	0.01104	0.04643	0.00842	0.00956	0.00656	0.00434	0.00396	0.00120	0.00583	0.00325	0.00250	0.13937
17	0.03839	0.19118	0.10142	0.07539	0.02612	0.38471	0.02469	0.02661	0.02524	0.05335	0.00822	0.00946	0.00654	0.00468	0.00409	0.00127	0.00690	0.00326	0.00252	0.00596
18	0.00999	0.00813	0.00910	0.00890	0.01078	0.03837	0.00731	0.08411	0.25287	0.01736	0.07292	0.03528	0.06395	0.00975	0.00563	0.00182	0.00414	0.34943	0.00450	0.00566
19	0.07752	0.00837	0.00939	0.00702	0.01083	0.00687	0.00559	0.03460	0.03349	0.01617	0.01065	0.03617	0.03763	0.00437	0.00368	0.00088	0.00350	0.00348	0.00303	0.68677
20	0.01201	0.32921	0.13629	0.07022	0.13069	0.02678	0.04075	0.04583	0.01046	0.05821	0.02355	0.01078	0.00760	0.00543	0.00515	0.06930	0.00549	0.00359	0.00248	0.00618
21	0.03440	0.13163	0.01593	0.33210	0.17220	0.05930	0.01122	0.05102	0.03395	0.02892	0.00941	0.01204	0.02007	0.00572	0.02630	0.00160	0.04171	0.00400	0.00250	0.00600

[dist]
# distance from previous block
# <min> <max>
10	12

[block]
# block no. 4 follows, 54 sequences, length 18
# corresponding to MSA columns:
# 280-290,301-307
name=unknown_E
#
# <colnr> <probs for GDERKNQSTAVLIFYWHMCP>
#	G	D	E	R	K	N	Q	S	T	A	V	L	I	F	Y	W	H	M	C	P
0	0.10579	0.06070	0.04033	0.05092	0.15342	0.04609	0.06709	0.08520	0.06043	0.04402	0.06154	0.08521	0.04262	0.02164	0.03210	0.00175	0.00514	0.02664	0.00335	0.00600
1	0.02449	0.07563	0.01309	0.03925	0.10783	0.01047	0.04123	0.22550	0.06336	0.03282	0.13846	0.09028	0.04433	0.00792	0.02260	0.02528	0.02149	0.00592	0.00388	0.00616
2	0.00793	0.00543	0.00652	0.00650	0.00767	0.00530	0.00478	0.03645	0.06608	0.05432	0.15516	0.24685	0.15056	0.09100	0.02946	0.00210	0.00332	0.05480	0.06124	0.00455
3	0.02344	0.03656	0.00976	0.00976	0.09164	0.00752	0.02711	0.12865	0.01101	0.01499	0.04688	0.24558	0.05504	0.14239	0.09553	0.01881	0.00502	0.02178	0.00360	0.00491
4	0.05375	0.05471	0.05702	0.09793	0.18259	0.10477	0.04602	0.14989	0.01241	0.01665	0.03297	0.01364	0.06088	0.00567	0.00570	0.00148	0.09029	0.00443	0.00292	0.00629
5	0.06664	0.00949	0.05852	0.03443	0.16559	0.00915	0.05343	0.06159	0.08191	0.05018	0.04229	0.11190	0.06512	0.05511	0.04458	0.00202	0.05457	0.00601	0.00338	0.02410
6	0.01035	0.00628	0.00847	0.00770	0.00944	0.00595	0.04202	0.03468	0.06363	0.18521	0.14922	0.25962	0.08951	0.05367	0.00647	0.00182	0.00347	0.05250	0.00468	0.00530
7	0.02421	0.02649	0.01437	0.16915	0.18331	0.01000	0.09299	0.04528	0.07078	0.01453	0.04249	0.01732	0.07005	0.05515	0.08624	0.00231	0.06149	0.00519	0.00288	0.00577
8	0.01058	0.05295	0.01261	0.02707	0.19502	0.06220	0.04463	0.03919	0.03243	0.06953	0.09336	0.09804	0.06033	0.06636	0.10068	0.00240	0.01751	0.00610	0.00337	0.00565
9	0.12364	0.00750	0.00861	0.00812	0.03908	0.00777	0.00595	0.13019	0.07101	0.10217	0.16083	0.14145	0.07639	0.05490	0.02572	0.01618	0.00379	0.00686	0.00433	0.00554
10	0.00727	0.00516	0.00630	0.00642	0.00742	0.00494	0.00461	0.02951	0.05210	0.04106	0.21561	0.32331	0.14521	0.09253	0.00748	0.00199	0.00296	0.03726	0.00450	0.00437
11	0.01101	0.00886	0.02388	0.04200	0.04861	0.00937	0.00717	0.20387	0.20625	0.01914	0.06751	0.09679	0.08683	0.04641	0.04212	0.00193	0.00436	0.00631	0.06149	0.00609
12	0.05173	0.00563	0.00633	0.00605	0.00765	0.00528	0.00459	0.04940	0.01117	0.07581	0.11591	0.13897	0.38890	0.04424	0.04409	0.00201	0.00337	0.02994	0.00437	0.00457
13	0.08419	0.00813	0.00891	0.00778	0.01006	0.02348	0.00604	0.16075	0.10238	0.15789	0.08904	0.15780	0.09442	0.04250	0.00572	0.00168	0.00371	0.00689	0.02268	0.00595
14	0.02714	0.00572	0.00701	0.00709	0.00821	0.00564	0.00511	0.07402	0.04914	0.08076	0.08311	0.49270	0.04700	0.05728	0.00663	0.00192	0.00320	0.02908	0.00449	0.00474
15	0.07690	0.00657	0.00822	0.00736	0.00940	0.00647	0.00578	0.03068	0.04845	0.27160	0.08430	0.11060	0.06084	0.04034	0.14180	0.00268	0.00503	0.04226	0.03504	0.00568
16	0.04099	0.00543	0.00652	0.00618	0.00764	0.00505	0.00460	0.01060	0.03012	0.13434	0.20528	0.14565	0.20625	0.07829	0.00736	0.03559	0.00301	0.02705	0.03539	0.00466
17	0.03167	0.00600	0.00675	0.00651	0.00780	0.01802	0.00472	0.05075	0.07352	0.04927	0.20054	0.21603	0.16983	0.12752	0.00805	0.00204	0.00319	0.00879	0.00439	0.00461

[dist]
# distance from previous block
# <min> <max>
6	7

[block]
# block no. 5 follows, 54 sequences, length 16
# corresponding to MSA columns:
# 315,321-335
name=unknown_F
#
# <colnr> <probs for GDERKNQSTAVLIFYWHMCP>
#	G	D	E	R	K	N	Q	S	T	A	V	L	I	F	Y	W	H	M	C	P
0	0.00813	0.00691	0.00757	0.00756	0.00867	0.05782	0.00565	0.05695	0.05979	0.01452	0.11266	0.35875	0.14819	0.01147	0.00632	0.00175	0.06119	0.05721	0.00423	0.00463
1	0.01002	0.00635	0.00794	0.00725	0.00867	0.00662	0.00541	0.05381	0.10538	0.12489	0.12830	0.02377	0.01815	0.22296	0.21192	0.02272	0.00608	0.02090	0.00387	0.00499
2	0.00846	0.00513	0.00675	0.00664	0.00719	0.00532	0.00466	0.00923	0.12590	0.01053	0.01341	0.01935	0.05985	0.05746	0.01533	0.59587	0.00397	0.03905	0.00275	0.00313
3	0.05612	0.01333	0.01206	0.01311	0.15960	0.28475	0.00866	0.08035	0.06066	0.01610	0.12858	0.01903	0.06492	0.00656	0.00476	0.00143	0.00556	0.05514	0.00343	0.00584
4	0.05105	0.00515	0.00601	0.00612	0.00688	0.00510	0.00418	0.00911	0.04005	0.05366	0.06480	0.23255	0.06619	0.34012	0.01283	0.00286	0.00365	0.05475	0.03098	0.00396
5	0.02748	0.00574	0.00666	0.00653	0.00772	0.00579	0.00479	0.04813	0.09858	0.03417	0.11165	0.18213	0.12403	0.09043	0.00833	0.08909	0.00325	0.04390	0.09713	0.00447
6	0.37657	0.05951	0.00956	0.08618	0.06717	0.00933	0.00664	0.03405	0.00961	0.06817	0.01383	0.11645	0.07010	0.00645	0.00400	0.00149	0.00391	0.00504	0.04663	0.00533
7	0.01222	0.01071	0.01549	0.35940	0.30798	0.08732	0.01247	0.01489	0.01077	0.10946	0.00969	0.01228	0.00734	0.00468	0.00466	0.00146	0.00598	0.00415	0.00267	0.00640
8	0.00714	0.00495	0.00607	0.00631	0.00704	0.00480	0.00434	0.04407	0.00961	0.03569	0.06123	0.37704	0.12369	0.21239	0.05946	0.00281	0.00389	0.02148	0.00399	0.00399
9	0.00767	0.00542	0.00689	0.00678	0.00783	0.00569	0.00504	0.05603	0.02237	0.03182	0.03379	0.14934	0.12251	0.11611	0.34062	0.00440	0.00712	0.00718	0.05903	0.00435
10	0.01323	0.06272	0.06402	0.01028	0.01357	0.03465	0.06295	0.12667	0.36060	0.10968	0.01677	0.05382	0.03719	0.00631	0.00477	0.00152	0.00460	0.00530	0.00428	0.00707
11	0.00921	0.00687	0.00821	0.04661	0.05997	0.06274	0.00601	0.01030	0.04208	0.05157	0.02886	0.04619	0.05666	0.20725	0.06240	0.19178	0.00509	0.09099	0.00312	0.00409
12	0.02988	0.00620	0.00841	0.00766	0.00946	0.00579	0.05390	0.04737	0.01158	0.15036	0.12747	0.25360	0.17724	0.01052	0.00554	0.00169	0.00343	0.08025	0.00459	0.00509
13	0.00717	0.00468	0.00595	0.00640	0.00732	0.00424	0.00457	0.00832	0.01018	0.08073	0.09626	0.51206	0.18028	0.01295	0.00580	0.00179	0.00279	0.03965	0.00457	0.00429
14	0.10312	0.44778	0.01814	0.00858	0.01178	0.06661	0.00768	0.13159	0.01121	0.01490	0.00804	0.01020	0.00716	0.05896	0.03136	0.00163	0.04948	0.00327	0.00262	0.00590
15	0.43764	0.08106	0.00963	0.02564	0.02490	0.03186	0.00605	0.09865	0.01026	0.01892	0.05798	0.01258	0.00956	0.05757	0.06186	0.00202	0.00470	0.00371	0.04013	0.00530

[dist]
# distance from previous block
# <min> <max>
9	13

[block]
# block no. 6 follows, 54 sequences, length 10
# corresponding to MSA columns:
# 356-365
name=unknown_G
#
# <colnr> <probs for GDERKNQSTAVLIFYWHMCP>
#	G	D	E	R	K	N	Q	S	T	A	V	L	I	F	Y	W	H	M	C	P
0	0.01563	0.01169	0.04004	0.00951	0.01273	0.09337	0.00784	0.32021	0.04600	0.18465	0.03961	0.06199	0.03349	0.02464	0.02159	0.00160	0.00501	0.00504	0.00440	0.06098
1	0.00738	0.00573	0.00646	0.00681	0.00751	0.05557	0.00482	0.00853	0.03842	0.01288	0.15316	0.37215	0.07064	0.04640	0.00843	0.13409	0.00340	0.04975	0.00398	0.00389
2	0.00815	0.06398	0.00756	0.00667	0.00795	0.00546	0.00505	0.00932	0.01011	0.09989	0.05464	0.39359	0.18472	0.01266	0.02553	0.02067	0.00335	0.07186	0.00430	0.00451
3	0.00763	0.00535	0.00664	0.04377	0.00803	0.00559	0.00457	0.00928	0.06392	0.04158	0.01817	0.08511	0.08277	0.42206	0.17137	0.00424	0.00581	0.00693	0.00325	0.00392
4	0.69118	0.01024	0.05835	0.00712	0.01041	0.01055	0.00627	0.06251	0.00947	0.08625	0.00797	0.00872	0.00588	0.00458	0.00328	0.00146	0.00398	0.00290	0.00321	0.00564
5	0.00944	0.12113	0.10551	0.01005	0.04076	0.06235	0.07507	0.01223	0.05795	0.01289	0.07654	0.01802	0.01316	0.15069	0.21052	0.00345	0.00727	0.00501	0.00278	0.00516
6	0.08211	0.07082	0.12645	0.04455	0.07367	0.06450	0.05596	0.08343	0.02593	0.06630	0.04370	0.06177	0.01118	0.04346	0.09113	0.00221	0.00605	0.00483	0.03603	0.00590
7	0.01257	0.18289	0.12360	0.03305	0.12785	0.11391	0.02965	0.08001	0.05442	0.05897	0.07525	0.01354	0.01091	0.03250	0.02988	0.00163	0.00580	0.00421	0.00301	0.00635
8	0.02343	0.09480	0.07374	0.02408	0.01172	0.08542	0.00762	0.08285	0.12531	0.01584	0.11564	0.04356	0.08918	0.05414	0.02512	0.00176	0.06300	0.00546	0.00352	0.05382
9	0.01289	0.06148	0.08599	0.04655	0.01316	0.07467	0.00809	0.13460	0.03511	0.14258	0.06535	0.06448	0.04808	0.00668	0.00490	0.01833	0.00467	0.03859	0.00382	0.12995

[dist]
# distance from previous block
# <min> <max>
3	23

[block]
# block no. 7 follows, 54 sequences, length 15
# corresponding to MSA columns:
# 394-408
name=unknown_H
#
# <colnr> <probs for GDERKNQSTAVLIFYWHMCP>
#	G	D	E	R	K	N	Q	S	T	A	V	L	I	F	Y	W	H	M	C	P
0	0.08139	0.06838	0.03580	0.04636	0.03703	0.06697	0.02466	0.03982	0.11497	0.07650	0.03940	0.09760	0.01338	0.08254	0.05777	0.00213	0.02896	0.02441	0.00345	0.05847
1	0.01242	0.08614	0.01358	0.03710	0.11357	0.15908	0.03943	0.05858	0.07698	0.05910	0.06502	0.03068	0.01185	0.02423	0.04903	0.00176	0.03725	0.02198	0.04217	0.06007
2	0.00785	0.02726	0.00687	0.00655	0.00773	0.00526	0.00486	0.00951	0.04010	0.08144	0.06895	0.26838	0.19804	0.09934	0.09141	0.00262	0.00416	0.06110	0.00415	0.00443
3	0.00905	0.02669	0.01001	0.11482	0.06288	0.00678	0.04996	0.01072	0.03928	0.07703	0.08003	0.17444	0.05705	0.09290	0.04022	0.12851	0.00457	0.00700	0.00342	0.00463
4	0.06421	0.04045	0.06208	0.01323	0.20148	0.05618	0.00877	0.05151	0.09507	0.01536	0.03884	0.11241	0.11400	0.03281	0.04404	0.00190	0.03242	0.00608	0.00332	0.00583
5	0.01060	0.00859	0.01503	0.01321	0.10119	0.00828	0.25596	0.01268	0.01008	0.11399	0.01632	0.05756	0.08857	0.19281	0.00989	0.00224	0.04080	0.00628	0.03045	0.00544
6	0.02518	0.00445	0.00548	0.00613	0.00667	0.00421	0.00415	0.00700	0.00910	0.01220	0.05777	0.51865	0.13639	0.13763	0.02504	0.00236	0.00320	0.02652	0.00411	0.00378
7	0.04086	0.06842	0.03513	0.00954	0.04956	0.02456	0.06225	0.05914	0.06841	0.10344	0.05468	0.24102	0.06778	0.06168	0.00632	0.00179	0.00418	0.03179	0.00395	0.00550
8	0.00975	0.05978	0.02767	0.01106	0.08967	0.00890	0.08500	0.10659	0.03194	0.01527	0.05952	0.13280	0.06387	0.03785	0.10691	0.04954	0.04936	0.00635	0.04286	0.00531
9	0.07305	0.03677	0.01243	0.06172	0.01441	0.34547	0.00844	0.11837	0.20131	0.03797	0.03705	0.01229	0.00967	0.00545	0.00440	0.00138	0.00605	0.00399	0.00347	0.00628
10	0.00748	0.00575	0.00758	0.00730	0.00830	0.00638	0.00557	0.06281	0.00921	0.01262	0.03415	0.08130	0.13548	0.10388	0.43904	0.00510	0.05400	0.00654	0.00316	0.00434
11	0.07894	0.00753	0.00999	0.11644	0.09136	0.00811	0.02490	0.10481	0.02989	0.01536	0.06916	0.08700	0.04606	0.18326	0.08570	0.00276	0.00531	0.02505	0.00332	0.00503
12	0.03694	0.04388	0.00986	0.00858	0.04957	0.00874	0.00616	0.18379	0.04428	0.01617	0.01546	0.02321	0.06825	0.29558	0.01174	0.00253	0.03139	0.05758	0.00347	0.08283
13	0.42691	0.01051	0.01008	0.00828	0.01153	0.01175	0.00679	0.28008	0.08552	0.09137	0.01037	0.01054	0.00751	0.00512	0.00386	0.00146	0.00421	0.00357	0.00395	0.00657
14	0.00974	0.00631	0.00749	0.00697	0.00863	0.00613	0.00522	0.09786	0.06419	0.12337	0.13678	0.26562	0.18367	0.04792	0.00628	0.00177	0.00319	0.00898	0.00469	0.00518

[dist]
# distance from previous block
# <min> <max>
0	5

[block]
# block no. 8 follows, 54 sequences, length 40
# corresponding to MSA columns:
# 414-453
name=unknown_I
#
# <colnr> <probs for GDERKNQSTAVLIFYWHMCP>
#	G	D	E	R	K	N	Q	S	T	A	V	L	I	F	Y	W	H	M	C	P
0	0.00858	0.00709	0.00927	0.15063	0.01320	0.03690	0.03916	0.05997	0.07469	0.02173	0.05592	0.35330	0.04164	0.06759	0.00716	0.03185	0.00418	0.00865	0.00374	0.00475
1	0.01057	0.10099	0.01725	0.01208	0.01509	0.02932	0.28817	0.11150	0.01151	0.01519	0.04646	0.01804	0.07354	0.08773	0.13870	0.00274	0.00705	0.00551	0.00299	0.00557
2	0.00700	0.00506	0.00582	0.00588	0.00720	0.00458	0.00436	0.00871	0.03979	0.05599	0.11914	0.18290	0.41206	0.06102	0.00674	0.00185	0.00283	0.06029	0.00447	0.00431
3	0.05373	0.00509	0.00614	0.00618	0.00726	0.00484	0.00456	0.01834	0.01116	0.03050	0.33953	0.20639	0.13949	0.07888	0.00708	0.00189	0.00286	0.06730	0.00453	0.00426
4	0.03659	0.00557	0.00657	0.00647	0.00764	0.00548	0.00471	0.01920	0.07071	0.08013	0.11947	0.18341	0.11356	0.20292	0.00973	0.00235	0.00343	0.07768	0.03991	0.00449
5	0.04156	0.00565	0.00664	0.00642	0.00755	0.00568	0.00461	0.04242	0.07118	0.04862	0.18614	0.18644	0.08406	0.16230	0.03909	0.03972	0.00360	0.00796	0.04592	0.00444
6	0.05637	0.00645	0.00751	0.00680	0.00871	0.00627	0.00531	0.08902	0.03463	0.13880	0.22344	0.10898	0.16795	0.00910	0.00512	0.00155	0.00310	0.04796	0.06761	0.00531
7	0.00777	0.00525	0.00630	0.00613	0.00750	0.00478	0.00449	0.00972	0.04891	0.08697	0.21844	0.23084	0.26139	0.05162	0.00643	0.00176	0.00278	0.00944	0.00462	0.02485
8	0.00768	0.00508	0.00619	0.00617	0.00735	0.00469	0.00449	0.03762	0.01124	0.07394	0.21318	0.31619	0.20745	0.03350	0.00603	0.00172	0.00275	0.00992	0.04033	0.00448
9	0.05337	0.00885	0.01066	0.00941	0.01046	0.04657	0.00751	0.01255	0.06117	0.09067	0.04501	0.08299	0.11117	0.05649	0.01072	0.00196	0.36601	0.00593	0.00331	0.00519
10	0.04417	0.00543	0.00631	0.00604	0.00769	0.00481	0.00448	0.00979	0.01053	0.13188	0.06984	0.25186	0.33771	0.03764	0.00595	0.00170	0.00290	0.00928	0.00445	0.04753
11	0.09609	0.00815	0.00968	0.00785	0.01069	0.00795	0.00628	0.15644	0.01377	0.37723	0.10299	0.04372	0.06849	0.06189	0.00603	0.00168	0.00389	0.00561	0.00495	0.00662
12	0.00609	0.00449	0.00562	0.00636	0.00694	0.00422	0.00440	0.00734	0.02972	0.01246	0.05342	0.56394	0.14690	0.07494	0.00727	0.00206	0.00291	0.05270	0.00430	0.00392
13	0.00691	0.00514	0.00688	0.00735	0.04671	0.00538	0.00486	0.00801	0.00818	0.01123	0.07339	0.02657	0.09126	0.33000	0.34220	0.00513	0.00753	0.00640	0.00301	0.00386
14	0.00845	0.00573	0.00658	0.00621	0.00729	0.00566	0.00430	0.04582	0.08116	0.06715	0.12830	0.10530	0.14096	0.35140	0.01308	0.00283	0.00366	0.00777	0.00401	0.00434
15	0.01001	0.03434	0.22404	0.01246	0.01633	0.04997	0.22466	0.04233	0.06847	0.01493	0.05760	0.06929	0.05458	0.09158	0.00700	0.00185	0.00594	0.00579	0.00298	0.00585
16	0.00937	0.00899	0.01428	0.05750	0.01431	0.01103	0.13632	0.01202	0.06032	0.01243	0.00968	0.01381	0.00860	0.01547	0.25577	0.00360	0.34410	0.00473	0.00244	0.00522
17	0.01120	0.39000	0.38939	0.01074	0.01595	0.05728	0.01237	0.01452	0.00994	0.01293	0.00806	0.03325	0.00676	0.00461	0.00386	0.00127	0.00606	0.00332	0.00210	0.00638
18	0.00894	0.00569	0.00756	0.00764	0.00851	0.00583	0.00593	0.10528	0.01007	0.01332	0.01625	0.11730	0.01715	0.01372	0.01129	0.36723	0.00417	0.26692	0.00342	0.00377
19	0.00621	0.00479	0.00558	0.00539	0.00665	0.00425	0.00399	0.00787	0.01187	0.01572	0.43382	0.03938	0.37110	0.05478	0.00655	0.00170	0.00242	0.00905	0.00471	0.00416
20	0.00954	0.00752	0.00827	0.00743	0.00927	0.03699	0.00572	0.09456	0.17980	0.03693	0.42310	0.05208	0.09248	0.00861	0.00526	0.00151	0.00315	0.00737	0.00488	0.00552
21	0.05645	0.00963	0.01505	0.50312	0.15784	0.01124	0.03780	0.09836	0.01096	0.01512	0.00865	0.01195	0.00664	0.00481	0.00500	0.00154	0.03327	0.00415	0.00248	0.00595
22	0.01139	0.37887	0.41404	0.01092	0.01639	0.01456	0.01277	0.06581	0.01060	0.01423	0.00782	0.00900	0.00614	0.00436	0.00386	0.00128	0.00601	0.00311	0.00218	0.00664
23	0.01146	0.07918	0.42477	0.01102	0.01606	0.01944	0.01235	0.08143	0.03815	0.09856	0.01141	0.07136	0.00917	0.00659	0.03442	0.00165	0.00595	0.00441	0.00297	0.05963
24	0.41214	0.00763	0.00718	0.00638	0.00871	0.00818	0.00509	0.07603	0.01120	0.04624	0.22500	0.02117	0.13453	0.00705	0.00422	0.00148	0.00322	0.00545	0.00399	0.00510
25	0.00685	0.00467	0.00563	0.00565	0.00582	0.00483	0.00349	0.00719	0.00706	0.00956	0.01462	0.02897	0.01633	0.67375	0.16901	0.00508	0.00605	0.01949	0.00282	0.00313
26	0.04340	0.02490	0.04298	0.03582	0.13542	0.09233	0.06148	0.11213	0.16771	0.03678	0.01286	0.08769	0.01102	0.02648	0.00512	0.00150	0.00509	0.00508	0.00346	0.08873
27	0.01124	0.01287	0.12796	0.05930	0.59207	0.01119	0.03168	0.01516	0.06380	0.01548	0.00951	0.01190	0.00767	0.00441	0.00467	0.00144	0.00575	0.00421	0.00244	0.00728
28	0.00680	0.00501	0.00659	0.00747	0.00848	0.00480	0.00612	0.00849	0.01043	0.01339	0.02955	0.22184	0.17654	0.01320	0.00622	0.00200	0.00362	0.46089	0.00436	0.00416
29	0.00607	0.00457	0.00563	0.00596	0.00689	0.00413	0.00431	0.00750	0.01096	0.01454	0.28446	0.33147	0.24344	0.01227	0.00577	0.00170	0.00254	0.03907	0.00464	0.00409
30	0.00862	0.05293	0.06682	0.00859	0.00996	0.05760	0.00703	0.01118	0.08624	0.01256	0.02901	0.26499	0.01766	0.09894	0.11249	0.00278	0.11471	0.02983	0.00331	0.00478
31	0.01073	0.01077	0.01635	0.11694	0.23359	0.05200	0.09698	0.01339	0.04563	0.01340	0.00953	0.06580	0.00868	0.00641	0.00841	0.00169	0.27631	0.00493	0.00247	0.00597
32	0.01152	0.07210	0.01758	0.22940	0.45054	0.08486	0.01302	0.01412	0.01044	0.01374	0.00834	0.01127	0.00689	0.00451	0.00487	0.00142	0.03261	0.00397	0.00225	0.00653
33	0.00587	0.00484	0.00519	0.00524	0.00674	0.00416	0.00403	0.00726	0.01104	0.01352	0.12694	0.04497	0.65322	0.01179	0.00565	0.00163	0.00254	0.07684	0.00446	0.00406
34	0.86760	0.00912	0.00693	0.00620	0.00912	0.01058	0.00511	0.01386	0.00802	0.02115	0.00657	0.00766	0.00511	0.00438	0.00292	0.00146	0.00365	0.00255	0.00292	0.00511
35	0.01089	0.00969	0.01234	0.03843	0.17068	0.02839	0.00809	0.06477	0.01078	0.01599	0.00857	0.01034	0.00708	0.00403	0.00431	0.00098	0.03459	0.00327	0.00277	0.55401
36	0.00992	0.01410	0.27420	0.11922	0.09529	0.02742	0.10153	0.02317	0.01051	0.04590	0.05267	0.06965	0.06869	0.00615	0.00539	0.00154	0.04350	0.00534	0.00279	0.02301
37	0.00905	0.11541	0.03038	0.06436	0.06000	0.00871	0.00704	0.01069	0.00872	0.01238	0.01099	0.04305	0.01889	0.16286	0.12568	0.00274	0.07008	0.00461	0.02181	0.21255
38	0.01244	0.01044	0.01292	0.15794	0.13125	0.03364	0.00946	0.25491	0.14440	0.01998	0.08199	0.01666	0.06040	0.00605	0.00480	0.00147	0.00483	0.00506	0.00382	0.02755
39	0.03606	0.03537	0.02990	0.05512	0.17959	0.13224	0.00864	0.02620	0.08167	0.10668	0.04626	0.07847	0.11397	0.02693	0.00522	0.00153	0.00487	0.00570	0.00354	0.02205

[dist]
# distance from previous block
# <min> <max>
5	12

[block]
# block no. 9 follows, 54 sequences, length 11
# corresponding to MSA columns:
# 466-476
name=unknown_J
#
# <colnr> <probs for GDERKNQSTAVLIFYWHMCP>
#	G	D	E	R	K	N	Q	S	T	A	V	L	I	F	Y	W	H	M	C	P
0	0.15125	0.11564	0.05675	0.20371	0.08543	0.06208	0.11318	0.01433	0.01013	0.07446	0.02897	0.01227	0.00806	0.03881	0.00509	0.00156	0.00569	0.00405	0.00269	0.00585
1	0.04871	0.00671	0.05302	0.03735	0.01032	0.00571	0.08151	0.00883	0.01024	0.01417	0.15089	0.37280	0.15965	0.01096	0.00554	0.00170	0.00351	0.00985	0.00403	0.00449
2	0.06407	0.01058	0.08380	0.27001	0.10277	0.04176	0.03131	0.01580	0.01086	0.22896	0.01176	0.03441	0.00875	0.00522	0.00459	0.00147	0.00537	0.01458	0.00332	0.05064
3	0.06385	0.09918	0.14027	0.11104	0.01761	0.04630	0.15371	0.04806	0.05100	0.08286	0.01305	0.06435	0.05333	0.00581	0.00497	0.00150	0.02897	0.00501	0.00303	0.00612
4	0.03563	0.09069	0.04693	0.30280	0.02008	0.08236	0.06858	0.01370	0.01044	0.09612	0.01320	0.05678	0.07020	0.00570	0.00456	0.00142	0.00552	0.00484	0.00290	0.06757
5	0.11894	0.01041	0.11861	0.00777	0.01019	0.09180	0.00671	0.03054	0.00995	0.07731	0.01665	0.12210	0.09011	0.17828	0.00852	0.00210	0.00457	0.00603	0.04021	0.04922
6	0.03434	0.01150	0.10814	0.03117	0.08436	0.06619	0.11247	0.01315	0.01017	0.04725	0.01082	0.08447	0.00965	0.03270	0.03781	0.00159	0.00548	0.00466	0.00282	0.29126
7	0.06567	0.11762	0.06166	0.04364	0.01402	0.14106	0.07780	0.02489	0.10240	0.07927	0.02171	0.07225	0.01159	0.00748	0.03943	0.00171	0.00572	0.06112	0.00327	0.04769
8	0.15630	0.04877	0.10716	0.03900	0.01267	0.09240	0.05164	0.01236	0.01010	0.03713	0.02642	0.12665	0.08922	0.00808	0.00539	0.00164	0.04723	0.11941	0.00326	0.00518
9	0.05969	0.19914	0.07624	0.15309	0.04524	0.15195	0.04154	0.01402	0.01048	0.05174	0.02856	0.11105	0.01038	0.00587	0.00432	0.00138	0.00565	0.00475	0.00274	0.02218
10	0.05248	0.12728	0.22870	0.06829	0.04919	0.02296	0.03843	0.01385	0.02305	0.08673	0.03519	0.06209	0.03005	0.03630	0.00524	0.00157	0.00523	0.06013	0.00300	0.05023

[dist]
# distance from previous block
# <min> <max>
60	249

[block]
# block no. 10 follows, 54 sequences, length 6
# corresponding to MSA columns:
# 901-906
name=unknown_K
#
# <colnr> <probs for GDERKNQSTAVLIFYWHMCP>
#	G	D	E	R	K	N	Q	S	T	A	V	L	I	F	Y	W	H	M	C	P
0	0.13715	0.16349	0.08130	0.03205	0.01373	0.07493	0.09276	0.01510	0.01076	0.15154	0.05529	0.05106	0.03389	0.00551	0.00423	0.00135	0.00501	0.00448	0.00328	0.06308
1	0.11544	0.07844	0.09540	0.03653	0.01531	0.16689	0.16350	0.01480	0.01083	0.08067	0.04484	0.04708	0.03108	0.00584	0.00506	0.03705	0.00589	0.00456	0.00293	0.03784
2	0.06411	0.13063	0.06053	0.04838	0.01489	0.09340	0.17675	0.01387	0.01103	0.07971	0.12137	0.01726	0.06498	0.04179	0.00545	0.00152	0.00538	0.00507	0.00317	0.04070
3	0.22771	0.08903	0.10427	0.01073	0.01424	0.11606	0.15808	0.01457	0.01043	0.07323	0.03570	0.07341	0.04204	0.00569	0.00434	0.00145	0.00548	0.00475	0.00301	0.00574
4	0.07123	0.12224	0.09349	0.04279	0.01411	0.15994	0.07217	0.01489	0.01110	0.11199	0.07458	0.07765	0.01197	0.00575	0.00437	0.00133	0.00537	0.00469	0.00318	0.09716
5	0.14770	0.05934	0.06257	0.05724	0.01198	0.02559	0.03264	0.01272	0.01037	0.11028	0.08956	0.06096	0.09718	0.04240	0.00533	0.00155	0.00415	0.04615	0.00357	0.11874

[dist]
# distance from previous block
# <min> <max>
0	2

[block]
# block no. 11 follows, 54 sequences, length 16
# corresponding to MSA columns:
# 909-924
name=unknown_L
#
# <colnr> <probs for GDERKNQSTAVLIFYWHMCP>
#	G	D	E	R	K	N	Q	S	T	A	V	L	I	F	Y	W	H	M	C	P
0	0.08892	0.00674	0.04675	0.00708	0.00885	0.00587	0.02122	0.00971	0.01031	0.03963	0.16780	0.13068	0.16247	0.07175	0.00714	0.01903	0.02026	0.11459	0.00397	0.05723
1	0.00704	0.04309	0.00730	0.00653	0.00753	0.00554	0.02922	0.00865	0.05725	0.01245	0.08846	0.25795	0.17758	0.20424	0.01044	0.04128	0.00348	0.02411	0.00384	0.00402
2	0.21560	0.11768	0.10123	0.00946	0.01253	0.19209	0.03430	0.04775	0.02850	0.01533	0.01171	0.03056	0.05680	0.04361	0.00529	0.00157	0.02564	0.04199	0.00286	0.00550
3	0.04663	0.06970	0.00793	0.00650	0.00786	0.00598	0.02768	0.00912	0.00976	0.06199	0.09267	0.24523	0.19623	0.16374	0.00877	0.00218	0.00345	0.02632	0.00395	0.00431
4	0.03731	0.09020	0.03386	0.09872	0.21836	0.06725	0.04220	0.13263	0.05628	0.01650	0.01117	0.01287	0.04840	0.00532	0.00532	0.00142	0.06978	0.00425	0.00290	0.04523
5	0.00661	0.05582	0.00731	0.00743	0.04317	0.00529	0.00498	0.00760	0.00912	0.01195	0.02492	0.52321	0.11626	0.08813	0.04431	0.00230	0.00362	0.02995	0.00392	0.00409
6	0.01299	0.03124	0.01393	0.12118	0.13523	0.23950	0.02511	0.08078	0.10822	0.01530	0.03539	0.03634	0.00955	0.00547	0.00507	0.00139	0.04648	0.00430	0.00300	0.06950
7	0.00774	0.00535	0.00658	0.00643	0.00781	0.00468	0.00461	0.00888	0.00958	0.06689	0.03972	0.36522	0.12578	0.12276	0.00789	0.00199	0.00323	0.04784	0.00401	0.15302
8	0.03982	0.00972	0.04496	0.03487	0.07217	0.04282	0.00775	0.18022	0.10310	0.09282	0.06149	0.16076	0.02583	0.06630	0.01896	0.00187	0.00456	0.02181	0.00409	0.00609
9	0.01314	0.03824	0.01207	0.01022	0.01248	0.26009	0.05494	0.12940	0.11937	0.03208	0.01404	0.11462	0.01323	0.09852	0.00698	0.00183	0.00574	0.05377	0.00354	0.00568
10	0.00830	0.00627	0.00753	0.00665	0.00884	0.00530	0.00502	0.03572	0.01068	0.04689	0.11078	0.26583	0.13189	0.00914	0.00493	0.00136	0.00306	0.02322	0.00399	0.30461
11	0.00737	0.00587	0.00689	0.00612	0.00811	0.00486	0.00448	0.00868	0.00970	0.01349	0.07756	0.20960	0.19454	0.08823	0.00702	0.02340	0.00310	0.00765	0.00367	0.30965
12	0.03009	0.00741	0.01169	0.01315	0.19816	0.00720	0.09347	0.01114	0.02230	0.05552	0.10400	0.17122	0.07919	0.12268	0.03324	0.00219	0.00461	0.02394	0.00354	0.00525
13	0.00705	0.00533	0.00803	0.00772	0.00884	0.00551	0.05294	0.00864	0.00893	0.03536	0.05596	0.22382	0.10330	0.02375	0.41650	0.00470	0.00805	0.00784	0.00340	0.00434
14	0.01083	0.00685	0.00863	0.00799	0.00945	0.00726	0.00624	0.08618	0.06174	0.14015	0.01720	0.06684	0.01652	0.20051	0.10611	0.00309	0.05535	0.16053	0.02339	0.00515
15	0.06838	0.00565	0.00639	0.00623	0.00764	0.00544	0.00461	0.02956	0.04284	0.08310	0.08203	0.18871	0.25415	0.10701	0.00782	0.02355	0.00319	0.04527	0.02393	0.00451

[dist]
# distance from previous block
# <min> <max>
0	2

[block]
# block no. 12 follows, 54 sequences, length 37
# corresponding to MSA columns:
# 927-963
name=unknown_M
#
# <colnr> <probs for GDERKNQSTAVLIFYWHMCP>
#	G	D	E	R	K	N	Q	S	T	A	V	L	I	F	Y	W	H	M	C	P
0	0.03919	0.00527	0.00635	0.00618	0.00763	0.00480	0.00465	0.00998	0.01110	0.12572	0.19751	0.20668	0.25074	0.03313	0.00595	0.00171	0.00286	0.04991	0.02597	0.00465
1	0.13743	0.00733	0.00862	0.00715	0.00988	0.00702	0.00575	0.04013	0.03793	0.40236	0.07525	0.04014	0.05792	0.00645	0.00440	0.00143	0.00345	0.00518	0.13574	0.00643
2	0.01188	0.20234	0.04990	0.00841	0.01105	0.17400	0.00713	0.04185	0.08234	0.04809	0.13032	0.01875	0.08579	0.06006	0.00561	0.00152	0.00485	0.00501	0.04556	0.00554
3	0.03333	0.00548	0.00681	0.00653	0.00786	0.00518	0.00484	0.02567	0.02475	0.12922	0.27298	0.21663	0.08283	0.08980	0.00721	0.00191	0.00306	0.04356	0.02760	0.00476
4	0.00835	0.00546	0.00638	0.00596	0.00722	0.00514	0.00428	0.03892	0.02591	0.09008	0.20251	0.04941	0.23314	0.26300	0.01113	0.00248	0.00337	0.02864	0.00425	0.00436
5	0.00806	0.00677	0.04760	0.00661	0.00843	0.00585	0.00531	0.05382	0.07929	0.05161	0.18824	0.13282	0.30790	0.05674	0.00643	0.00175	0.00310	0.00856	0.01625	0.00486
6	0.10773	0.00879	0.00908	0.00776	0.01025	0.06058	0.00612	0.13573	0.05338	0.17157	0.09091	0.05634	0.08746	0.05144	0.00568	0.00161	0.00399	0.03481	0.04710	0.04967
7	0.02757	0.00557	0.00674	0.00638	0.00788	0.00523	0.00477	0.03779	0.03099	0.12287	0.26619	0.21215	0.17193	0.02621	0.00571	0.00164	0.00283	0.00880	0.04388	0.00488
8	0.00672	0.00501	0.00694	0.00706	0.00792	0.00541	0.00534	0.00858	0.03069	0.01242	0.11067	0.13221	0.06278	0.07268	0.46083	0.00518	0.00841	0.04360	0.00336	0.00419
9	0.00663	0.00462	0.00595	0.00673	0.00725	0.00440	0.00458	0.04264	0.00970	0.02840	0.02532	0.74293	0.04439	0.03419	0.00637	0.00194	0.00291	0.01259	0.00438	0.00408
10	0.09040	0.00563	0.00633	0.00620	0.00707	0.00582	0.00428	0.02294	0.04870	0.04503	0.04656	0.10341	0.03221	0.42481	0.05797	0.00344	0.00449	0.05711	0.02362	0.00399
11	0.00794	0.00539	0.00652	0.00652	0.00772	0.00515	0.00474	0.04663	0.05292	0.06718	0.18075	0.36131	0.15954	0.02542	0.00584	0.00172	0.00284	0.00997	0.03724	0.00465
12	0.03635	0.00785	0.00883	0.00769	0.00975	0.00814	0.00581	0.17032	0.13794	0.14474	0.02003	0.12094	0.09810	0.19121	0.00921	0.00223	0.00399	0.00675	0.00437	0.00577
13	0.04626	0.00540	0.00763	0.00797	0.03830	0.00612	0.00574	0.00867	0.00761	0.01132	0.01253	0.01957	0.01210	0.14933	0.63212	0.00662	0.01078	0.00517	0.00258	0.00418
14	0.00833	0.00511	0.00624	0.00617	0.00692	0.00490	0.00415	0.03094	0.00936	0.09577	0.08358	0.24237	0.05605	0.38275	0.01392	0.00301	0.00375	0.02874	0.00392	0.00402
15	0.00605	0.00470	0.00545	0.00577	0.00686	0.00421	0.00427	0.00733	0.01048	0.01329	0.13227	0.21207	0.40901	0.06188	0.00688	0.00189	0.00279	0.09642	0.00438	0.00398
16	0.00978	0.00838	0.00978	0.00698	0.01117	0.00629	0.00559	0.01187	0.00978	0.01536	0.00838	0.00978	0.00698	0.00349	0.00349	0.00070	0.00349	0.00279	0.00279	0.86312
17	0.01158	0.00938	0.01101	0.00945	0.01155	0.01087	0.02345	0.18034	0.27667	0.01905	0.04474	0.01709	0.04989	0.00948	0.08216	0.00214	0.13285	0.00514	0.08685	0.00632
18	0.03796	0.00518	0.00627	0.00643	0.00742	0.00504	0.00472	0.03699	0.01046	0.02778	0.17014	0.24782	0.14730	0.13399	0.03922	0.00238	0.00357	0.09896	0.00421	0.00417
19	0.00716	0.00513	0.00675	0.00655	0.00779	0.00468	0.03428	0.00872	0.01097	0.05068	0.23951	0.20673	0.23448	0.06200	0.00679	0.00185	0.00300	0.07342	0.02520	0.00432
20	0.80058	0.00944	0.00750	0.00657	0.00955	0.01090	0.00541	0.07502	0.00914	0.02183	0.00694	0.00795	0.00534	0.00448	0.00306	0.00146	0.00377	0.00269	0.00306	0.00534
21	0.01112	0.02630	0.01026	0.08232	0.02689	0.16634	0.00740	0.10035	0.08315	0.01464	0.01477	0.03735	0.04753	0.10175	0.12237	0.01527	0.00638	0.07645	0.04416	0.00519
22	0.14138	0.00634	0.00734	0.00698	0.00855	0.00640	0.02035	0.05729	0.03140	0.08551	0.05580	0.28333	0.12126	0.08628	0.03692	0.00216	0.00378	0.03005	0.00410	0.00478
23	0.00776	0.00575	0.02640	0.00674	0.00776	0.00526	0.00488	0.06504	0.02582	0.04960	0.06590	0.44325	0.10022	0.15243	0.00880	0.00224	0.00335	0.01023	0.00420	0.00436
24	0.00735	0.00512	0.00653	0.00669	0.00767	0.00485	0.01891	0.00924	0.06083	0.06067	0.10437	0.43448	0.14325	0.08577	0.00736	0.00201	0.00306	0.02308	0.00440	0.00437
25	0.06917	0.05254	0.01333	0.07967	0.14085	0.04882	0.03356	0.14418	0.11601	0.04681	0.01266	0.03462	0.03563	0.03473	0.03607	0.00172	0.00519	0.00458	0.00338	0.08645
