[name]
unknown

[dist]
# distance from previous block
# <min> <max>
4	76

[block]
# block no. 0 follows, 64 sequences, length 8
# corresponding to MSA columns:
# 93-100
name=unknown_A
#
# <colnr> <probs for GDERKNQSTAVLIFYWHMCP>
#	G	D	E	R	K	N	Q	S	T	A	V	L	I	F	Y	W	H	M	C	P
0	0.01261	0.09243	0.09374	0.00960	0.04270	0.01143	0.00815	0.29041	0.30524	0.07215	0.01216	0.01181	0.00893	0.00494	0.00402	0.00128	0.00420	0.00390	0.00370	0.00661
1	0.10481	0.28375	0.07750	0.00851	0.01205	0.01340	0.00785	0.41089	0.01383	0.01911	0.00799	0.00848	0.00610	0.00433	0.00349	0.00114	0.00451	0.00304	0.00304	0.00617
2	0.09506	0.24498	0.16400	0.00764	0.01129	0.01026	0.00761	0.09625	0.00995	0.05040	0.05044	0.01148	0.06140	0.00449	0.00345	0.00107	0.00409	0.00336	0.00265	0.16014
3	0.01229	0.00989	0.04865	0.00817	0.01101	0.00998	0.00691	0.53595	0.01625	0.02163	0.09472	0.01800	0.17551	0.00639	0.00437	0.00129	0.00390	0.00509	0.00402	0.00600
4	0.10556	0.17362	0.08837	0.00748	0.01006	0.01017	0.00660	0.25539	0.01118	0.01581	0.01037	0.09591	0.00990	0.17390	0.00716	0.00178	0.00422	0.00448	0.00294	0.00509
5	0.03708	0.13520	0.10194	0.00882	0.01199	0.12517	0.00787	0.26788	0.07996	0.09524	0.01150	0.04972	0.03940	0.00519	0.00391	0.00122	0.00469	0.00394	0.00330	0.00598
6	0.01057	0.27147	0.39257	0.00997	0.01440	0.13283	0.01106	0.05739	0.00973	0.01239	0.00747	0.00942	0.00608	0.00421	0.00361	0.00117	0.00565	0.03230	0.00203	0.00567
7	0.09298	0.23792	0.15045	0.00826	0.01153	0.09762	0.00789	0.09735	0.09091	0.01452	0.08699	0.03423	0.01005	0.00480	0.00360	0.00116	0.00448	0.00360	0.00273	0.03892

[dist]
# distance from previous block
# <min> <max>
3	13

[block]
# block no. 1 follows, 64 sequences, length 38
# corresponding to MSA columns:
# 115-152
name=unknown_B
#
# <colnr> <probs for GDERKNQSTAVLIFYWHMCP>
#	G	D	E	R	K	N	Q	S	T	A	V	L	I	F	Y	W	H	M	C	P
0	0.07915	0.16152	0.25706	0.00859	0.01208	0.02024	0.02044	0.07220	0.02716	0.08340	0.05771	0.05514	0.04106	0.03560	0.00482	0.00136	0.03885	0.00410	0.00274	0.01678
1	0.06585	0.17377	0.26264	0.00954	0.05510	0.03437	0.03331	0.04448	0.01808	0.01318	0.07671	0.04306	0.06338	0.00717	0.06496	0.00164	0.00512	0.01993	0.00249	0.00522
2	0.03339	0.17717	0.22108	0.09056	0.04371	0.07134	0.05905	0.04264	0.00942	0.04671	0.03881	0.01192	0.04958	0.02359	0.02624	0.00143	0.03021	0.00368	0.00233	0.01715
3	0.03758	0.21405	0.33372	0.02194	0.02679	0.07750	0.02703	0.03434	0.04773	0.04454	0.06457	0.01033	0.00826	0.00444	0.00400	0.00121	0.03065	0.00333	0.00234	0.00564
4	0.02194	0.22858	0.30023	0.01898	0.02305	0.07850	0.05206	0.03116	0.00940	0.04978	0.02389	0.03632	0.03636	0.00446	0.00369	0.00115	0.00509	0.00350	0.00228	0.06959
5	0.07584	0.18008	0.41631	0.02501	0.01437	0.05558	0.01091	0.06529	0.00950	0.04089	0.00877	0.00979	0.03513	0.00508	0.02957	0.00138	0.00547	0.00316	0.00220	0.00568
6	0.00984	0.20851	0.40285	0.01020	0.01469	0.04264	0.06566	0.07210	0.00978	0.03198	0.02342	0.02977	0.04003	0.00488	0.01539	0.00129	0.00543	0.00359	0.00224	0.00571
7	0.00697	0.00670	0.07516	0.00652	0.00795	0.04171	0.00531	0.06545	0.00984	0.03039	0.10421	0.39741	0.17822	0.01013	0.00491	0.00150	0.00307	0.03670	0.00372	0.00411
8	0.02848	0.32480	0.18166	0.02144	0.01324	0.01342	0.00910	0.33001	0.01287	0.01713	0.00780	0.00847	0.00599	0.00421	0.00353	0.00113	0.00483	0.00302	0.00273	0.00615
9	0.01486	0.01286	0.11437	0.00984	0.01351	0.01248	0.00882	0.71471	0.01819	0.02456	0.00966	0.00982	0.00684	0.00486	0.00413	0.00126	0.00477	0.00366	0.00386	0.00695
10	0.03187	0.50723	0.33986	0.00892	0.01347	0.01359	0.01028	0.01271	0.00854	0.01132	0.00643	0.00749	0.00528	0.00372	0.00317	0.00107	0.00508	0.00255	0.00179	0.00563
11	0.00874	0.07382	0.75582	0.01147	0.01736	0.01018	0.01460	0.03809	0.00908	0.01335	0.00743	0.00867	0.00532	0.00395	0.00387	0.00129	0.00598	0.00304	0.00183	0.00612
12	0.03564	0.05094	0.77780	0.01147	0.01741	0.00988	0.01471	0.01310	0.00870	0.01320	0.00734	0.00863	0.00524	0.00393	0.00386	0.00130	0.00599	0.00301	0.00178	0.00606
13	0.00717	0.04230	0.00630	0.00550	0.00585	0.07390	0.00354	0.00741	0.00665	0.00844	0.01182	0.02353	0.01330	0.68394	0.04403	0.00363	0.04187	0.00544	0.00241	0.00296
14	0.08018	0.01191	0.26925	0.01068	0.07416	0.00798	0.08398	0.01426	0.00954	0.25661	0.03156	0.04084	0.00916	0.06180	0.00539	0.00151	0.01809	0.00417	0.00308	0.00585
15	0.26516	0.13130	0.06967	0.00901	0.02158	0.16814	0.07655	0.02951	0.06780	0.09572	0.00820	0.00892	0.00624	0.00421	0.00366	0.00122	0.02204	0.00305	0.00266	0.00536
16	0.00833	0.02149	0.83250	0.01184	0.01798	0.00965	0.01535	0.01315	0.00877	0.01315	0.00745	0.00877	0.00526	0.00395	0.00395	0.00132	0.00614	0.00307	0.00175	0.00614
17	0.03500	0.01548	0.01137	0.00988	0.01236	0.45994	0.00764	0.21467	0.16436	0.01567	0.00924	0.00958	0.00712	0.00470	0.00391	0.00118	0.00588	0.00331	0.00304	0.00569
18	0.01442	0.00929	0.12488	0.00777	0.01144	0.00673	0.00716	0.05484	0.01108	0.46945	0.03810	0.01248	0.00940	0.00461	0.00392	0.00114	0.00380	0.00372	0.00400	0.20176
19	0.01738	0.00804	0.00973	0.00772	0.01076	0.05441	0.00628	0.02027	0.11667	0.67840	0.01588	0.01393	0.01031	0.00516	0.00416	0.00129	0.00373	0.00416	0.00485	0.00688
20	0.01082	0.77011	0.10567	0.00760	0.01142	0.01573	0.00796	0.01251	0.00847	0.01012	0.00595	0.00688	0.00532	0.00359	0.00280	0.00093	0.00462	0.00231	0.00177	0.00541
21	0.01028	0.00987	0.01686	0.02550	0.82811	0.00987	0.01275	0.01275	0.00946	0.01357	0.00781	0.01028	0.00658	0.00370	0.00411	0.00123	0.00493	0.00370	0.00206	0.00658
22	0.00784	0.00738	0.01246	0.84404	0.02861	0.00923	0.01154	0.01061	0.00831	0.01061	0.00738	0.01107	0.00554	0.00415	0.00415	0.00138	0.00554	0.00369	0.00185	0.00461
23	0.00784	0.00738	0.01246	0.84404	0.02861	0.00923	0.01154	0.01061	0.00831	0.01061	0.00738	0.01107	0.00554	0.00415	0.00415	0.00138	0.00554	0.00369	0.00185	0.00461
24	0.00784	0.00738	0.01246	0.84404	0.02861	0.00923	0.01154	0.01061	0.00831	0.01061	0.00738	0.01107	0.00554	0.00415	0.00415	0.00138	0.00554	0.00369	0.00185	0.00461
25	0.00513	0.00367	0.00490	0.00587	0.00614	0.00344	0.00398	0.00591	0.00802	0.01068	0.02285	0.81568	0.02731	0.01295	0.00532	0.00170	0.00247	0.04673	0.00385	0.00339
26	0.01864	0.00707	0.00964	0.00739	0.01060	0.00611	0.00611	0.02024	0.01189	0.83099	0.01639	0.01414	0.01028	0.00514	0.00418	0.00129	0.00353	0.00418	0.00514	0.00707
27	0.01017	0.00977	0.01662	0.05052	0.78196	0.00992	0.01261	0.01261	0.00934	0.01339	0.00774	0.01027	0.00652	0.00381	0.00436	0.00125	0.02692	0.00370	0.00204	0.00647
28	0.00979	0.01139	0.04284	0.01766	0.05055	0.01046	0.76596	0.01328	0.00977	0.01331	0.00836	0.01112	0.00629	0.00352	0.00485	0.00139	0.00691	0.00482	0.00209	0.00565
29	0.00593	0.00445	0.00668	0.00668	0.00742	0.00519	0.00519	0.00742	0.00668	0.00964	0.01113	0.01632	0.01038	0.03115	0.83756	0.00668	0.01113	0.00445	0.00223	0.00371
30	0.00506	0.00361	0.00482	0.00578	0.00602	0.00337	0.00386	0.00578	0.00795	0.01060	0.02289	0.85131	0.02747	0.01301	0.00530	0.00169	0.00241	0.01181	0.00386	0.00337
31	0.00989	0.18471	0.48935	0.01190	0.09248	0.01133	0.01252	0.08414	0.00971	0.02520	0.00746	0.00869	0.00564	0.00404	0.00397	0.00123	0.02657	0.00305	0.00205	0.00608
32	0.01488	0.07981	0.04884	0.01049	0.01291	0.74187	0.00828	0.01614	0.01140	0.01027	0.00642	0.00749	0.00535	0.00421	0.00368	0.00107	0.00721	0.00266	0.00210	0.00491
33	0.00505	0.00367	0.00476	0.00563	0.00598	0.00339	0.00379	0.00580	0.00810	0.01066	0.02476	0.77231	0.10526	0.01277	0.00526	0.00166	0.00238	0.01151	0.00386	0.00339
34	0.01003	0.00990	0.01776	0.08419	0.64058	0.00992	0.14063	0.01268	0.00943	0.01331	0.00788	0.01049	0.00646	0.00370	0.00424	0.00127	0.00531	0.00389	0.00205	0.00628
35	0.01325	0.02530	0.16548	0.01028	0.01384	0.10560	0.12531	0.07245	0.09805	0.26944	0.01193	0.03528	0.00863	0.00530	0.01961	0.00140	0.00515	0.00412	0.00341	0.00617
36	0.01019	0.11456	0.51508	0.01133	0.01637	0.06877	0.07616	0.08944	0.02070	0.02858	0.00779	0.00893	0.00572	0.00403	0.00389	0.00125	0.00588	0.00319	0.00213	0.00602
37	0.01361	0.04666	0.15729	0.00902	0.01251	0.00767	0.08305	0.01672	0.07586	0.42389	0.03934	0.07320	0.01113	0.00541	0.00425	0.00132	0.00421	0.00466	0.00393	0.00629

[dist]
# distance from previous block
# <min> <max>
2	36

[block]
# block no. 2 follows, 64 sequences, length 38
# corresponding to MSA columns:
# 189-226
name=unknown_C
#
# <colnr> <probs for GDERKNQSTAVLIFYWHMCP>
#	G	D	E	R	K	N	Q	S	T	A	V	L	I	F	Y	W	H	M	C	P
0	0.05073	0.17160	0.05824	0.00927	0.01166	0.39978	0.03108	0.01341	0.00962	0.01062	0.00730	0.00925	0.00633	0.00944	0.16841	0.00219	0.02117	0.00303	0.00208	0.00477
1	0.03315	0.30264	0.14752	0.00945	0.01275	0.37737	0.00876	0.01468	0.02335	0.02602	0.00671	0.00765	0.00552	0.00401	0.00340	0.00106	0.00600	0.00264	0.00205	0.00527
2	0.00603	0.00405	0.00465	0.00465	0.00470	0.00409	0.00267	0.00612	0.00608	0.00815	0.01298	0.02656	0.01483	0.80678	0.06801	0.00418	0.00443	0.00595	0.00250	0.00259
3	0.01144	0.79251	0.02100	0.00738	0.01083	0.07924	0.00718	0.01276	0.00869	0.00980	0.00582	0.00673	0.00533	0.00361	0.00275	0.00090	0.00468	0.00226	0.00180	0.00529
4	0.01864	0.00707	0.00964	0.00739	0.01060	0.00611	0.00611	0.02024	0.01189	0.83099	0.01639	0.01414	0.01028	0.00514	0.00418	0.00129	0.00353	0.00418	0.00514	0.00707
5	0.06963	0.00929	0.02902	0.13083	0.19839	0.00899	0.25433	0.01448	0.00985	0.21896	0.00995	0.01138	0.00712	0.00408	0.00427	0.00132	0.00520	0.00408	0.00285	0.00599
6	0.01103	0.77172	0.08756	0.00750	0.01126	0.01568	0.00776	0.01265	0.00853	0.02628	0.00612	0.00698	0.00542	0.00362	0.00280	0.00093	0.00456	0.00233	0.00184	0.00543
7	0.00515	0.00371	0.00490	0.00582	0.00616	0.00346	0.00399	0.00596	0.00812	0.01074	0.02372	0.76613	0.06405	0.01281	0.00531	0.00169	0.00248	0.05854	0.00385	0.00341
8	0.01077	0.75418	0.12113	0.00769	0.01156	0.01560	0.00812	0.01253	0.00848	0.01019	0.00598	0.00692	0.00532	0.00360	0.00282	0.00094	0.00465	0.00233	0.00177	0.00543
9	0.01003	0.32555	0.08475	0.31136	0.09261	0.08886	0.00999	0.01225	0.00882	0.01074	0.00674	0.00884	0.00552	0.00388	0.00354	0.00115	0.00531	0.00300	0.00186	0.00521
10	0.00998	0.51821	0.35023	0.00902	0.01363	0.01369	0.01045	0.01273	0.00857	0.01114	0.00646	0.00752	0.00530	0.00371	0.00318	0.00106	0.00513	0.00256	0.00177	0.00566
11	0.00508	0.00438	0.00457	0.00453	0.00584	0.00387	0.00342	0.00612	0.00929	0.01115	0.03998	0.06534	0.76726	0.01047	0.00527	0.00143	0.03601	0.00866	0.00378	0.00354
12	0.00515	0.00396	0.00472	0.00507	0.00590	0.00353	0.00360	0.00624	0.00925	0.01197	0.18032	0.38408	0.33888	0.01120	0.00507	0.00151	0.00221	0.00983	0.00399	0.00353
13	0.03754	0.00942	0.09567	0.00835	0.01189	0.00775	0.02250	0.14971	0.01267	0.57910	0.01400	0.01266	0.00902	0.00493	0.00412	0.00128	0.00403	0.00396	0.00451	0.00688
14	0.01243	0.00996	0.01256	0.29651	0.08761	0.03506	0.00943	0.37860	0.05415	0.04874	0.00938	0.01073	0.00685	0.00461	0.00414	0.00130	0.00492	0.00375	0.00317	0.00609
15	0.00784	0.00738	0.01246	0.84404	0.02861	0.00923	0.01154	0.01061	0.00831	0.01061	0.00738	0.01107	0.00554	0.00415	0.00415	0.00138	0.00554	0.00369	0.00185	0.00461
16	0.00506	0.00361	0.00482	0.00578	0.00602	0.00337	0.00386	0.00578	0.00795	0.01060	0.02289	0.85131	0.02747	0.01301	0.00530	0.00169	0.00241	0.01181	0.00386	0.00337
17	0.00947	0.00969	0.01863	0.07441	0.36153	0.00960	0.33796	0.01228	0.00923	0.01286	0.00837	0.01134	0.00679	0.00650	0.09090	0.00188	0.00646	0.00427	0.00208	0.00575
18	0.00908	0.03888	0.14654	0.06597	0.23731	0.01914	0.23200	0.01228	0.02870	0.01334	0.08320	0.03127	0.01064	0.00481	0.00444	0.00135	0.00533	0.04770	0.00241	0.00560
19	0.01111	0.85652	0.02177	0.00711	0.01066	0.01644	0.00711	0.01244	0.00844	0.00977	0.00577	0.00666	0.00533	0.00355	0.00267	0.00089	0.00444	0.00222	0.00178	0.00533
20	0.00730	0.00596	0.00630	0.00584	0.00703	0.09045	0.00440	0.00913	0.01170	0.04462	0.68926	0.02825	0.05777	0.00800	0.00475	0.00128	0.00259	0.00693	0.00432	0.00411
21	0.01704	0.00731	0.00929	0.00740	0.01027	0.03711	0.00599	0.03948	0.01168	0.69400	0.01652	0.10063	0.01180	0.00592	0.00428	0.00132	0.00359	0.00490	0.00487	0.00660
22	0.00921	0.05148	0.71731	0.01143	0.01718	0.01023	0.01427	0.09624	0.00987	0.01438	0.00765	0.00882	0.00545	0.00404	0.00392	0.00129	0.00591	0.00311	0.00200	0.00620
23	0.05691	0.04584	0.03781	0.01349	0.01707	0.09507	0.44362	0.07130	0.11809	0.04494	0.00947	0.01094	0.00709	0.00406	0.00438	0.00132	0.00594	0.00425	0.00265	0.00575
24	0.00967	0.01146	0.11837	0.06807	0.39353	0.01021	0.23490	0.01261	0.00916	0.01299	0.00772	0.01030	0.00619	0.00399	0.00507	0.00135	0.07250	0.00395	0.00200	0.00598
25	0.88336	0.00803	0.00611	0.00546	0.00803	0.00932	0.00450	0.01221	0.00707	0.01864	0.00578	0.00675	0.00450	0.00386	0.00257	0.00129	0.00321	0.00225	0.00257	0.00450
26	0.00822	0.00730	0.01125	0.25281	0.17015	0.00861	0.00896	0.03037	0.02320	0.01119	0.00933	0.01387	0.02312	0.06267	0.15146	0.03617	0.14462	0.01989	0.00217	0.00464
27	0.00627	0.00440	0.00563	0.00554	0.00664	0.00405	0.00431	0.00801	0.01088	0.04364	0.50725	0.06516	0.16690	0.00936	0.00502	0.00143	0.00236	0.13488	0.00433	0.00393
28	0.00594	0.00441	0.00647	0.00647	0.00714	0.00508	0.00493	0.00728	0.00661	0.00949	0.01132	0.01738	0.01085	0.11161	0.75773	0.00642	0.01043	0.00461	0.00225	0.00359
29	0.00905	0.00866	0.01486	0.43458	0.40714	0.00957	0.03318	0.01169	0.00889	0.01208	0.00761	0.01070	0.00605	0.00392	0.00415	0.00131	0.00529	0.00373	0.00195	0.00557
30	0.00623	0.00432	0.00531	0.00526	0.00541	0.00457	0.00339	0.00644	0.00629	0.00852	0.01303	0.03571	0.02739	0.61063	0.11993	0.05533	0.04520	0.03175	0.00249	0.00279
31	0.00534	0.00411	0.00478	0.00490	0.00582	0.00379	0.00352	0.00624	0.00853	0.01082	0.08548	0.15180	0.43374	0.10446	0.11319	0.03500	0.00355	0.00809	0.00348	0.00337
32	0.39268	0.00805	0.00846	0.00683	0.00977	0.00834	0.00563	0.11562	0.01075	0.37907	0.01100	0.01042	0.00738	0.00457	0.00348	0.00128	0.00352	0.00329	0.00391	0.00596
33	0.01132	0.50331	0.13297	0.00895	0.05186	0.04287	0.00841	0.05401	0.00943	0.07415	0.00801	0.05008	0.00696	0.00437	0.00345	0.00108	0.01775	0.00316	0.00228	0.00560
34	0.01042	0.09843	0.04823	0.05224	0.54260	0.03953	0.04405	0.02891	0.03605	0.01314	0.00779	0.00993	0.00647	0.00396	0.00438	0.00124	0.04077	0.00357	0.00211	0.00618
35	0.00561	0.00399	0.00490	0.00531	0.00596	0.00366	0.00368	0.00650	0.00859	0.03031	0.10839	0.43137	0.20667	0.11904	0.00718	0.00188	0.00258	0.03713	0.00379	0.00345
36	0.00942	0.03583	0.08561	0.00986	0.10955	0.00724	0.02827	0.14652	0.01064	0.09090	0.01626	0.38342	0.03238	0.00833	0.00463	0.00145	0.00372	0.00737	0.00350	0.00512
37	0.00861	0.05345	0.06756	0.00871	0.03920	0.02761	0.09836	0.09876	0.01034	0.04664	0.09818	0.21712	0.12081	0.03854	0.00532	0.00147	0.01770	0.00673	0.00332	0.03157

[dist]
# distance from previous block
# <min> <max>
1	14

[block]
# block no. 3 follows, 64 sequences, length 8
# corresponding to MSA columns:
# 241-248
name=unknown_D
#
# <colnr> <probs for GDERKNQSTAVLIFYWHMCP>
#	G	D	E	R	K	N	Q	S	T	A	V	L	I	F	Y	W	H	M	C	P
0	0.00936	0.00555	0.00718	0.04101	0.04488	0.00528	0.00515	0.06422	0.01064	0.18964	0.16736	0.20571	0.14749	0.00820	0.00457	0.00137	0.00287	0.00710	0.06762	0.00476
1	0.01055	0.03695	0.04358	0.09348	0.38269	0.04186	0.06782	0.04155	0.03942	0.06915	0.00861	0.01090	0.00691	0.00541	0.00574	0.11874	0.00492	0.00373	0.00236	0.00561
2	0.00963	0.00775	0.00999	0.04961	0.12577	0.00767	0.02183	0.14502	0.09626	0.03776	0.07099	0.07806	0.07352	0.02188	0.01878	0.00132	0.00375	0.00490	0.01749	0.19803
3	0.00892	0.00771	0.01103	0.04825	0.11395	0.00796	0.10884	0.12669	0.14608	0.01515	0.06275	0.16430	0.12763	0.00723	0.00464	0.00142	0.00387	0.02488	0.00346	0.00524
4	0.04051	0.00708	0.00729	0.00652	0.00796	0.03315	0.00474	0.15584	0.17933	0.01453	0.05850	0.04179	0.09022	0.32241	0.01057	0.00234	0.00372	0.00558	0.00343	0.00451
5	0.01184	0.01091	0.01188	0.00991	0.01254	0.14672	0.11469	0.07882	0.43217	0.06613	0.04989	0.01380	0.01124	0.00518	0.00426	0.00133	0.00453	0.00441	0.00366	0.00610
6	0.00747	0.00688	0.01144	0.73186	0.02559	0.00844	0.01051	0.00997	0.00826	0.01061	0.00946	0.12352	0.00847	0.00534	0.00431	0.00142	0.00512	0.00478	0.00211	0.00445
7	0.00617	0.00489	0.00622	0.11737	0.00929	0.00485	0.00491	0.00843	0.04993	0.01389	0.35177	0.03052	0.28223	0.00840	0.00472	0.00137	0.00264	0.04559	0.04278	0.00400

[dist]
# distance from previous block
# <min> <max>
0	1

[block]
# block no. 4 follows, 64 sequences, length 12
# corresponding to MSA columns:
# 250-261
name=unknown_E
#
# <colnr> <probs for GDERKNQSTAVLIFYWHMCP>
#	G	D	E	R	K	N	Q	S	T	A	V	L	I	F	Y	W	H	M	C	P
0	0.05978	0.05012	0.25068	0.00955	0.01339	0.08076	0.02148	0.29542	0.01298	0.09015	0.00952	0.02704	0.00706	0.00465	0.00388	0.00124	0.00496	0.00354	0.04768	0.00613
1	0.01012	0.10676	0.04244	0.03620	0.49381	0.08837	0.01049	0.01241	0.02308	0.01241	0.01033	0.01221	0.06797	0.00578	0.04898	0.00149	0.00527	0.00385	0.00220	0.00583
2	0.17404	0.01369	0.00955	0.00855	0.01067	0.44541	0.00655	0.04770	0.01049	0.08278	0.00825	0.00979	0.00668	0.03604	0.07000	0.00168	0.00615	0.00308	0.04409	0.00483
3	0.00538	0.00398	0.00510	0.00567	0.00631	0.00362	0.00398	0.00638	0.00862	0.01152	0.10649	0.60125	0.11183	0.01174	0.00514	0.00158	0.00243	0.05051	0.00386	0.04461
4	0.01063	0.00954	0.00953	0.00858	0.01092	0.05727	0.00666	0.02176	0.77470	0.01697	0.01631	0.01504	0.01226	0.00556	0.00420	0.00139	0.00353	0.00458	0.00411	0.00647
5	0.23993	0.05475	0.00980	0.00733	0.01012	0.01017	0.00607	0.36686	0.01337	0.10365	0.00982	0.01017	0.00714	0.00461	0.00349	0.00120	0.00373	0.00333	0.12861	0.00585
6	0.00568	0.00421	0.00539	0.00585	0.00670	0.00392	0.00452	0.00709	0.00961	0.01267	0.21628	0.26633	0.19368	0.01100	0.00525	0.00160	0.00263	0.22990	0.00402	0.00366
7	0.01490	0.10641	0.01238	0.00855	0.01169	0.01150	0.00716	0.48233	0.08606	0.15981	0.01135	0.01104	0.00807	0.00490	0.00394	0.00121	0.00415	0.00373	0.04413	0.00668
8	0.00786	0.00460	0.00545	0.00513	0.00637	0.00435	0.00388	0.02675	0.02760	0.09621	0.29618	0.10832	0.10145	0.00753	0.00421	0.00125	0.00225	0.00645	0.27991	0.00424
9	0.00850	0.00740	0.00986	0.14987	0.05265	0.04409	0.00741	0.05101	0.00792	0.02657	0.00910	0.01442	0.00855	0.16001	0.19155	0.00308	0.22225	0.00423	0.01724	0.00430
10	0.00773	0.00750	0.01441	0.01133	0.01347	0.00768	0.35209	0.00994	0.00796	0.01111	0.00989	0.01468	0.00880	0.08211	0.38445	0.00401	0.04148	0.00474	0.00218	0.00446
11	0.00891	0.00927	0.10297	0.00726	0.01123	0.00645	0.02886	0.04393	0.00911	0.01401	0.00753	0.00876	0.00609	0.00327	0.00327	0.00074	0.00360	0.00265	0.00244	0.71965

[dist]
# distance from previous block
# <min> <max>
0	24

[block]
# block no. 5 follows, 64 sequences, length 17
# corresponding to MSA columns:
# 286-302
name=unknown_F
#
# <colnr> <probs for GDERKNQSTAVLIFYWHMCP>
#	G	D	E	R	K	N	Q	S	T	A	V	L	I	F	Y	W	H	M	C	P
0	0.00747	0.00630	0.00678	0.00645	0.00701	0.08503	0.00457	0.03617	0.00729	0.00955	0.01116	0.01988	0.01167	0.41613	0.28242	0.00435	0.06699	0.00495	0.00239	0.00343
1	0.01126	0.00527	0.00690	0.00618	0.00796	0.00467	0.00473	0.01259	0.01022	0.37363	0.09384	0.28260	0.09689	0.00843	0.00460	0.00141	0.00281	0.00731	0.05360	0.00509
2	0.00594	0.00439	0.00638	0.00634	0.00704	0.00497	0.00483	0.00733	0.00709	0.01014	0.08651	0.01867	0.01348	0.10455	0.68581	0.00594	0.00963	0.00488	0.00247	0.00362
3	0.01019	0.00848	0.00908	0.00815	0.01041	0.00967	0.00634	0.02082	0.72990	0.04019	0.08487	0.01676	0.01484	0.00586	0.00428	0.00140	0.00318	0.00492	0.00428	0.00637
4	0.00701	0.00506	0.00628	0.00579	0.00706	0.00497	0.00440	0.01044	0.13453	0.04578	0.67429	0.02807	0.03414	0.00794	0.00477	0.00132	0.00222	0.00697	0.00454	0.00443
5	0.01555	0.01152	0.01233	0.00951	0.01279	0.01277	0.00784	0.77959	0.05459	0.02579	0.01028	0.01021	0.00731	0.00501	0.00416	0.00125	0.00451	0.00378	0.00416	0.00704
6	0.04201	0.00980	0.01647	0.02477	0.79831	0.00985	0.01245	0.01273	0.00937	0.01375	0.00774	0.01015	0.00650	0.00371	0.00406	0.00124	0.00487	0.00365	0.00207	0.00650
7	0.01098	0.82576	0.02112	0.00699	0.01045	0.01598	0.00696	0.01234	0.00845	0.00998	0.00606	0.00698	0.00552	0.00360	0.00267	0.00089	0.00435	0.00228	0.03336	0.00528
8	0.00632	0.00449	0.00573	0.00627	0.00714	0.00432	0.00495	0.02378	0.00912	0.02410	0.04085	0.22636	0.15815	0.08903	0.00680	0.00192	0.00317	0.35464	0.01919	0.00366
9	0.00829	0.01404	0.39079	0.01111	0.01529	0.00847	0.18675	0.02889	0.04210	0.01379	0.08653	0.01451	0.06639	0.00605	0.04075	0.00156	0.00551	0.00446	0.04928	0.00544
10	0.00515	0.00380	0.00484	0.00563	0.00613	0.00349	0.00393	0.00601	0.00833	0.01084	0.02624	0.65188	0.16927	0.01246	0.00526	0.00165	0.00245	0.06534	0.00385	0.00343
11	0.00960	0.00758	0.00814	0.00719	0.00933	0.00818	0.00562	0.11891	0.40517	0.05038	0.09870	0.02230	0.21734	0.00702	0.00445	0.00137	0.00304	0.00583	0.00420	0.00564
12	0.01028	0.00987	0.01686	0.02550	0.82811	0.00987	0.01275	0.01275	0.00946	0.01357	0.00781	0.01028	0.00658	0.00370	0.00411	0.00123	0.00493	0.00370	0.00206	0.00658
13	0.00666	0.00397	0.00596	0.00596	0.00628	0.00429	0.00429	0.00628	0.00596	0.00827	0.00891	0.01423	0.00859	0.02167	0.37195	0.50129	0.00686	0.00397	0.00199	0.00263
14	0.01129	0.65330	0.01993	0.03223	0.06109	0.08822	0.02895	0.01316	0.03928	0.01044	0.00649	0.00753	0.00571	0.00372	0.00301	0.00097	0.00480	0.00256	0.00193	0.00539
15	0.00595	0.02266	0.00535	0.00485	0.00614	0.00425	0.00367	0.00716	0.00974	0.04291	0.20999	0.05402	0.52018	0.05422	0.00594	0.00152	0.02585	0.00796	0.00389	0.00374
16	0.05519	0.05558	0.02803	0.04870	0.05519	0.03825	0.00780	0.29314	0.31620	0.01905	0.01162	0.01164	0.00872	0.00501	0.00426	0.00131	0.02647	0.00389	0.00358	0.00636

[dist]
# distance from previous block
# <min> <max>
1	4

[block]
# block no. 6 follows, 64 sequences, length 16
# corresponding to MSA columns:
# 309-324
name=unknown_G
#
# <colnr> <probs for GDERKNQSTAVLIFYWHMCP>
#	G	D	E	R	K	N	Q	S	T	A	V	L	I	F	Y	W	H	M	C	P
0	0.00951	0.00945	0.01374	0.40732	0.31929	0.08655	0.01119	0.01194	0.00907	0.01186	0.00745	0.01028	0.00595	0.00392	0.00402	0.00125	0.00533	0.00351	0.00199	0.06637
1	0.00848	0.00699	0.00811	0.00596	0.00936	0.00531	0.00475	0.01022	0.00882	0.03892	0.01186	0.01258	0.10553	0.00404	0.00333	0.00073	0.00297	0.00328	0.00271	0.74605
2	0.00997	0.01002	0.03771	0.06322	0.47855	0.00977	0.18096	0.04260	0.05086	0.01418	0.05409	0.01189	0.00858	0.00410	0.00433	0.00129	0.00517	0.00420	0.00237	0.00613
3	0.00870	0.00812	0.01330	0.32068	0.38498	0.00861	0.01072	0.01109	0.00900	0.01239	0.03849	0.04638	0.03987	0.00463	0.00416	0.00127	0.00471	0.00427	0.00224	0.06640
4	0.00623	0.00439	0.00548	0.00563	0.00659	0.00407	0.00417	0.02080	0.02502	0.04557	0.27943	0.31131	0.18314	0.01041	0.00505	0.00150	0.00242	0.07079	0.00414	0.00387
5	0.01057	0.00986	0.01602	0.09703	0.69789	0.03680	0.01222	0.01298	0.00953	0.04563	0.00807	0.01041	0.00659	0.00382	0.00411	0.00124	0.00502	0.00369	0.00216	0.00637
6	0.00858	0.00785	0.01112	0.00943	0.01064	0.03599	0.10997	0.05813	0.07227	0.01163	0.00967	0.01426	0.00889	0.11906	0.25522	0.00338	0.24264	0.00440	0.00240	0.00450
7	0.00887	0.00659	0.00737	0.00668	0.00845	0.01893	0.00520	0.04378	0.29371	0.07529	0.29475	0.02422	0.10978	0.00725	0.00452	0.00136	0.00280	0.03651	0.03881	0.00515
8	0.00975	0.00933	0.01590	0.20437	0.65340	0.00973	0.01248	0.01228	0.00921	0.01292	0.00772	0.01045	0.00635	0.00380	0.00412	0.00127	0.00507	0.00370	0.00201	0.00615
9	0.77708	0.00757	0.00588	0.00531	0.00774	0.00862	0.00434	0.01145	0.00736	0.01774	0.01018	0.01077	0.10394	0.00466	0.00285	0.00130	0.00308	0.00304	0.00273	0.00438
10	0.78690	0.06736	0.00746	0.00575	0.00842	0.00996	0.00482	0.04516	0.00768	0.01833	0.00596	0.00687	0.00466	0.00388	0.00264	0.00126	0.00335	0.00231	0.00258	0.00466
11	0.01040	0.11111	0.01287	0.13757	0.09974	0.02416	0.03909	0.14088	0.01065	0.05751	0.05694	0.03933	0.05474	0.00527	0.00493	0.00124	0.08750	0.00420	0.00282	0.09902
12	0.00927	0.00985	0.06235	0.27057	0.33864	0.04331	0.06722	0.03196	0.00937	0.01252	0.01047	0.01280	0.07381	0.00455	0.00445	0.00132	0.02572	0.00412	0.00218	0.00552
13	0.00646	0.00498	0.00695	0.00754	0.07426	0.00544	0.00496	0.00751	0.00714	0.01000	0.06922	0.02102	0.04474	0.30193	0.35950	0.00450	0.05249	0.00526	0.00251	0.00360
14	0.00835	0.00617	0.03855	0.02429	0.01833	0.00572	0.00490	0.07715	0.06407	0.09676	0.07730	0.08671	0.15203	0.26691	0.04384	0.00241	0.00379	0.01498	0.00347	0.00427
15	0.01035	0.08375	0.20354	0.01221	0.17113	0.07245	0.03231	0.04344	0.02937	0.04575	0.00799	0.00923	0.00626	0.00376	0.00366	0.00105	0.00479	0.00308	0.00234	0.25357

[dist]
# distance from previous block
# <min> <max>
0	10

[block]
# block no. 7 follows, 64 sequences, length 48
# corresponding to MSA columns:
# 338-385
name=unknown_H
#
# <colnr> <probs for GDERKNQSTAVLIFYWHMCP>
#	G	D	E	R	K	N	Q	S	T	A	V	L	I	F	Y	W	H	M	C	P
0	0.04106	0.03070	0.01147	0.01022	0.05795	0.14497	0.04139	0.12825	0.24657	0.06076	0.02963	0.01466	0.01033	0.00568	0.00507	0.00137	0.08207	0.06870	0.00335	0.00578
1	0.01125	0.02550	0.07718	0.02564	0.02863	0.05820	0.02859	0.15296	0.22985	0.10558	0.01370	0.11293	0.01154	0.00795	0.06510	0.00176	0.01511	0.01914	0.00357	0.00582
2	0.01157	0.01757	0.25837	0.01014	0.01321	0.44449	0.00950	0.01375	0.01034	0.01129	0.02690	0.10846	0.03595	0.00550	0.00405	0.00123	0.00619	0.00417	0.00233	0.00498
3	0.53977	0.00982	0.06405	0.00766	0.00974	0.05150	0.00667	0.01188	0.00722	0.01546	0.00584	0.00757	0.00486	0.00483	0.00577	0.00142	0.23632	0.00271	0.00229	0.00464
4	0.00909	0.00909	0.01272	0.01091	0.01091	0.01272	0.00909	0.01000	0.00636	0.01000	0.00545	0.00909	0.00545	0.00727	0.01363	0.00182	0.84642	0.00364	0.00182	0.00454
5	0.00704	0.00462	0.00634	0.03386	0.00738	0.00524	0.00478	0.02266	0.00726	0.01110	0.01063	0.01479	0.00942	0.01873	0.38975	0.15729	0.05073	0.00407	0.23077	0.00355
6	0.07508	0.53133	0.08402	0.01031	0.11418	0.01391	0.05160	0.03940	0.00900	0.02818	0.00666	0.00779	0.00563	0.00370	0.00314	0.00104	0.00467	0.00271	0.00203	0.00560
7	0.00997	0.02783	0.46975	0.01257	0.01752	0.06576	0.20266	0.02555	0.05991	0.05610	0.00868	0.00995	0.00626	0.00404	0.00418	0.00132	0.00608	0.00363	0.00223	0.00600
8	0.00495	0.00418	0.00428	0.00432	0.00565	0.00351	0.00321	0.00601	0.00946	0.01136	0.06532	0.08009	0.76235	0.01058	0.00493	0.00141	0.00211	0.00888	0.00388	0.00351
9	0.00922	0.00961	0.00773	0.00769	0.00876	0.29050	0.00557	0.04168	0.00949	0.01086	0.01490	0.39421	0.01648	0.04180	0.10966	0.00217	0.00539	0.00722	0.00303	0.00403
10	0.01048	0.00725	0.00783	0.00688	0.00882	0.00802	0.00541	0.12956	0.32683	0.06236	0.01427	0.01451	0.01079	0.00586	0.02350	0.00135	0.02194	0.00420	0.32458	0.00557
11	0.00635	0.00465	0.00562	0.00533	0.00647	0.00441	0.00400	0.04494	0.03533	0.01573	0.53484	0.09184	0.16004	0.00871	0.00477	0.00133	0.00217	0.00758	0.05185	0.00403
12	0.01765	0.00745	0.00974	0.00755	0.01067	0.00679	0.00621	0.08897	0.04453	0.70263	0.04189	0.01437	0.01103	0.00525	0.00420	0.00129	0.00356	0.00427	0.00500	0.00695
13	0.01408	0.00638	0.00825	0.00672	0.00925	0.00575	0.00541	0.01651	0.07730	0.52366	0.16361	0.02029	0.11140	0.00641	0.00440	0.00131	0.00307	0.00535	0.00481	0.00605
14	0.01575	0.01123	0.01213	0.00932	0.01258	0.01234	0.00769	0.75612	0.01890	0.06599	0.01037	0.01031	0.00731	0.00499	0.00413	0.00124	0.00446	0.00376	0.02440	0.00699
15	0.00926	0.00777	0.00896	0.00646	0.01012	0.00620	0.00519	0.08301	0.00960	0.01468	0.00762	0.00874	0.00623	0.00325	0.00317	0.00067	0.00321	0.00258	0.00261	0.80067
16	0.01151	0.75664	0.02069	0.00788	0.02976	0.09507	0.00733	0.01284	0.00878	0.00990	0.00588	0.00683	0.00536	0.00363	0.00280	0.00091	0.00475	0.00230	0.00182	0.00531
17	0.88336	0.00803	0.00611	0.00546	0.00803	0.00932	0.00450	0.01221	0.00707	0.01864	0.00578	0.00675	0.00450	0.00386	0.00257	0.00129	0.00321	0.00225	0.00257	0.00450
18	0.00990	0.02909	0.01606	0.18265	0.64407	0.02110	0.01232	0.01238	0.00924	0.01287	0.00766	0.01031	0.00633	0.00379	0.00408	0.00125	0.00507	0.00365	0.00201	0.00615
19	0.00685	0.00561	0.00676	0.00663	0.00742	0.06141	0.00496	0.00850	0.04752	0.00991	0.03012	0.01760	0.01146	0.15519	0.56896	0.03142	0.00895	0.00464	0.00241	0.00369
20	0.00558	0.00421	0.00516	0.00498	0.00604	0.00378	0.00371	0.00724	0.01097	0.01491	0.57777	0.07111	0.25084	0.00925	0.00492	0.00135	0.00202	0.00805	0.00435	0.00378
21	0.00630	0.00434	0.00566	0.00527	0.00634	0.00398	0.00397	0.00822	0.01169	0.04538	0.77338	0.03070	0.06209	0.00843	0.00487	0.00131	0.00202	0.00743	0.00457	0.00402
22	0.01053	0.00902	0.00950	0.00849	0.01088	0.01042	0.00662	0.05089	0.79146	0.01770	0.01665	0.01530	0.01248	0.00561	0.00422	0.00140	0.00333	0.00466	0.00422	0.00659
23	0.88336	0.00803	0.00611	0.00546	0.00803	0.00932	0.00450	0.01221	0.00707	0.01864	0.00578	0.00675	0.00450	0.00386	0.00257	0.00129	0.00321	0.00225	0.00257	0.00450
24	0.88336	0.00803	0.00611	0.00546	0.00803	0.00932	0.00450	0.01221	0.00707	0.01864	0.00578	0.00675	0.00450	0.00386	0.00257	0.00129	0.00321	0.00225	0.00257	0.00450
25	0.01009	0.04147	0.01374	0.36511	0.21085	0.05218	0.03652	0.09507	0.01012	0.03734	0.00889	0.01289	0.00733	0.00468	0.00440	0.00134	0.02272	0.05746	0.00239	0.00542
26	0.01111	0.85652	0.02177	0.00711	0.01066	0.01644	0.00711	0.01244	0.00844	0.00977	0.00577	0.00666	0.00533	0.00355	0.00267	0.00089	0.00444	0.00222	0.00178	0.00533
27	0.08389	0.00887	0.01308	0.36665	0.16680	0.02474	0.05366	0.12164	0.01045	0.09804	0.00864	0.01067	0.00637	0.00423	0.00405	0.00132	0.00501	0.00368	0.00261	0.00560
28	0.00887	0.00843	0.01430	0.50085	0.36381	0.00950	0.01204	0.01151	0.00879	0.01185	0.00756	0.01074	0.00597	0.00396	0.00414	0.00132	0.00528	0.00370	0.00193	0.00544
29	0.00503	0.00372	0.00471	0.00550	0.00595	0.00340	0.00373	0.00582	0.00823	0.01072	0.02637	0.70441	0.17213	0.01256	0.00523	0.00164	0.00235	0.01126	0.00386	0.00340
30	0.00501	0.00421	0.00435	0.00436	0.00571	0.00355	0.00328	0.00613	0.00959	0.01159	0.09286	0.05446	0.74587	0.01045	0.00493	0.00141	0.00213	0.02266	0.00390	0.00354
31	0.00541	0.00423	0.00491	0.00474	0.00592	0.00372	0.00355	0.00693	0.01066	0.01404	0.44864	0.03533	0.41811	0.00947	0.00490	0.00135	0.00203	0.00812	0.00423	0.00372
32	0.00722	0.00361	0.00541	0.00541	0.00541	0.00361	0.00361	0.00541	0.00541	0.00722	0.00722	0.01263	0.00722	0.01443	0.01623	0.87915	0.00361	0.00361	0.00180	0.00180
33	0.01588	0.01149	0.01237	0.00949	0.01281	0.01266	0.00784	0.78853	0.01928	0.05226	0.01018	0.01011	0.00717	0.00499	0.00416	0.00125	0.00454	0.00375	0.00419	0.00706
34	0.05547	0.00892	0.00959	0.00815	0.01066	0.00992	0.00647	0.23307	0.41229	0.08453	0.05169	0.04126	0.01221	0.00568	0.00415	0.00134	0.00352	0.00461	0.03013	0.00634
35	0.00897	0.04082	0.74835	0.01160	0.01740	0.04793	0.01457	0.03996	0.00926	0.01337	0.00745	0.00870	0.00533	0.00399	0.00391	0.00129	0.00611	0.00305	0.00185	0.00609
36	0.01502	0.03317	0.01177	0.00948	0.01231	0.25202	0.00756	0.37470	0.13701	0.08980	0.01044	0.01037	0.00765	0.00486	0.00401	0.00121	0.00513	0.00358	0.00361	0.00630
37	0.00506	0.00361	0.00482	0.00578	0.00602	0.00337	0.00386	0.00578	0.00795	0.01060	0.02289	0.85131	0.02747	0.01301	0.00530	0.00169	0.00241	0.01181	0.00386	0.00337
38	0.01617	0.00922	0.01099	0.00863	0.01169	0.06431	0.04677	0.18931	0.09641	0.45640	0.03666	0.01326	0.01012	0.00511	0.00420	0.00128	0.00413	0.00416	0.00447	0.00670
39	0.03795	0.00626	0.00705	0.00546	0.00821	0.00516	0.00432	0.01075	0.00876	0.05502	0.00976	0.01104	0.00775	0.00377	0.00306	0.00078	0.00274	0.00299	0.28413	0.52504
40	0.00525	0.00396	0.00486	0.00524	0.00601	0.00357	0.00374	0.00639	0.00933	0.01227	0.21992	0.40444	0.25923	0.01118	0.00510	0.00152	0.00225	0.02815	0.00403	0.00355
41	0.00961	0.00919	0.01565	0.24978	0.60905	0.00969	0.01242	0.01216	0.00914	0.01276	0.00770	0.01050	0.00629	0.00382	0.00412	0.00127	0.00510	0.00370	0.00200	0.00604
42	0.06642	0.00479	0.00594	0.00541	0.00675	0.00449	0.00414	0.00931	0.01133	0.10024	0.64389	0.02815	0.07743	0.00795	0.00467	0.00131	0.00221	0.00688	0.00446	0.00426
43	0.00518	0.00383	0.00472	0.00533	0.00594	0.00347	0.00371	0.00590	0.00833	0.01066	0.02794	0.53132	0.27290	0.01227	0.00579	0.04935	0.00242	0.03384	0.00374	0.00334
44	0.00855	0.05763	0.34618	0.00870	0.01330	0.00782	0.02413	0.01162	0.00880	0.01329	0.03638	0.00942	0.00692	0.00366	0.00351	0.00095	0.00443	0.00292	0.00220	0.42958
45	0.00976	0.00840	0.00886	0.00802	0.01024	0.00958	0.00622	0.02034	0.73003	0.01690	0.04971	0.01789	0.07352	0.00610	0.00430	0.00140	0.00315	0.00510	0.00421	0.00625
46	0.00930	0.00903	0.01457	0.41697	0.41631	0.03891	0.01200	0.01186	0.00899	0.01203	0.00756	0.01056	0.00604	0.00394	0.00412	0.00130	0.00531	0.00366	0.00196	0.00558
47	0.01281	0.45935	0.02855	0.00843	0.02631	0.09595	0.03117	0.11125	0.01082	0.12535	0.04768	0.00959	0.00792	0.00427	0.00338	0.00105	0.00463	0.00310	0.00272	0.00570

[dist]
# distance from previous block
# <min> <max>
0	7

[block]
# block no. 8 follows, 64 sequences, length 81
# corresponding to MSA columns:
# 393-402,405-475
name=unknown_I
#
# <colnr> <probs for GDERKNQSTAVLIFYWHMCP>
#	G	D	E	R	K	N	Q	S	T	A	V	L	I	F	Y	W	H	M	C	P
0	0.01059	0.02899	0.43858	0.01070	0.01538	0.00885	0.09654	0.06949	0.01038	0.15174	0.07619	0.01180	0.00915	0.00450	0.00412	0.00128	0.00520	0.00382	0.00279	0.03992
1	0.00566	0.00424	0.00525	0.00500	0.00607	0.00383	0.00375	0.00742	0.01124	0.01544	0.64975	0.03304	0.21613	0.00895	0.00490	0.00133	0.00199	0.00779	0.00441	0.00383
2	0.00897	0.01071	0.09138	0.00810	0.00964	0.26283	0.00659	0.01055	0.02811	0.01093	0.01545	0.35937	0.01698	0.05531	0.00557	0.00160	0.00461	0.08608	0.00304	0.00417
3	0.17367	0.01022	0.01084	0.00845	0.01162	0.01111	0.00698	0.53688	0.01600	0.15847	0.01028	0.01008	0.00713	0.00481	0.00387	0.00126	0.00415	0.00354	0.00403	0.00660
4	0.00558	0.00421	0.00525	0.00587	0.00661	0.00398	0.00433	0.00712	0.04425	0.01161	0.06028	0.46465	0.19846	0.01169	0.00523	0.00164	0.00261	0.14912	0.00390	0.00364
5	0.10107	0.00708	0.00817	0.00691	0.00927	0.00722	0.00551	0.05459	0.21198	0.29432	0.17470	0.01728	0.02736	0.00585	0.00411	0.00130	0.00308	0.00479	0.04956	0.00585
6	0.00604	0.00404	0.00459	0.00459	0.00460	0.00406	0.00259	0.00608	0.00606	0.00809	0.01304	0.02690	0.01498	0.83291	0.04208	0.00409	0.00421	0.00600	0.00251	0.00255
7	0.00791	0.00746	0.01259	0.82026	0.05183	0.00925	0.01157	0.01067	0.00834	0.01070	0.00740	0.01105	0.00557	0.00414	0.00415	0.00138	0.00552	0.00369	0.00185	0.00467
8	0.00988	0.01016	0.01393	0.42369	0.31328	0.13512	0.01144	0.01229	0.00925	0.01161	0.00739	0.01025	0.00588	0.00401	0.00408	0.00128	0.00562	0.00354	0.00197	0.00535
9	0.19363	0.01700	0.01116	0.00992	0.01224	0.63102	0.04249	0.01554	0.01072	0.01204	0.00638	0.00750	0.00522	0.00416	0.00355	0.00113	0.00659	0.00269	0.00223	0.00478
10	0.01399	0.01074	0.01145	0.00919	0.01220	0.01204	0.00746	0.55336	0.28336	0.02328	0.01226	0.01179	0.00891	0.00520	0.00418	0.00130	0.00415	0.00405	0.00418	0.00690
11	0.01127	0.82462	0.02139	0.00724	0.01074	0.04773	0.00714	0.01260	0.00857	0.00979	0.00580	0.00669	0.00533	0.00358	0.00271	0.00090	0.00456	0.00224	0.00179	0.00531
12	0.00987	0.01210	0.07532	0.01695	0.02122	0.03412	0.73946	0.01339	0.00979	0.01321	0.00829	0.01094	0.00621	0.00355	0.00481	0.00139	0.00696	0.00472	0.00208	0.00561
13	0.00506	0.00361	0.00482	0.00578	0.00602	0.00337	0.00386	0.00578	0.00795	0.01060	0.02289	0.85131	0.02747	0.01301	0.00530	0.00169	0.00241	0.01181	0.00386	0.00337
14	0.00597	0.00433	0.00604	0.00604	0.00656	0.00485	0.00440	0.00701	0.00649	0.00917	0.01171	0.01953	0.01178	0.27457	0.59605	0.00589	0.00903	0.00492	0.00231	0.00336
15	0.01559	0.00639	0.00866	0.00687	0.00955	0.00558	0.00558	0.01728	0.01186	0.63624	0.20999	0.01818	0.01720	0.00594	0.00435	0.00129	0.00316	0.00497	0.00501	0.00632
16	0.01806	0.00799	0.01021	0.00783	0.01106	0.00747	0.00647	0.18073	0.01343	0.66832	0.01509	0.01330	0.00963	0.00511	0.00417	0.00128	0.00374	0.00409	0.00494	0.00707
17	0.00774	0.00387	0.00387	0.00387	0.00484	0.00387	0.00290	0.00968	0.00871	0.01549	0.01355	0.01549	0.01065	0.00484	0.00290	0.00097	0.00194	0.00387	0.87708	0.00387
18	0.06484	0.00763	0.01041	0.03788	0.09428	0.00709	0.00696	0.05555	0.01161	0.63778	0.01433	0.01304	0.00928	0.00488	0.00408	0.00128	0.00378	0.00399	0.00453	0.00679
19	0.01111	0.85652	0.02177	0.00711	0.01066	0.01644	0.00711	0.01244	0.00844	0.00977	0.00577	0.00666	0.00533	0.00355	0.00267	0.00089	0.00444	0.00222	0.00178	0.00533
20	0.00552	0.00401	0.00560	0.00606	0.00650	0.00421	0.00432	0.00651	0.00724	0.00997	0.01698	0.42118	0.01905	0.09192	0.36594	0.00404	0.00631	0.00814	0.00304	0.00345
21	0.00977	0.00943	0.01569	0.22640	0.61740	0.02415	0.01237	0.01229	0.00922	0.01278	0.00768	0.01043	0.00630	0.00382	0.00412	0.00127	0.00513	0.00368	0.00201	0.00607
22	0.00512	0.00420	0.00451	0.00446	0.00575	0.00359	0.00333	0.00635	0.00992	0.01236	0.20722	0.05586	0.64264	0.01015	0.00492	0.00139	0.00208	0.00857	0.00401	0.00359
23	0.00784	0.00738	0.01246	0.84404	0.02861	0.00923	0.01154	0.01061	0.00831	0.01061	0.00738	0.01107	0.00554	0.00415	0.00415	0.00138	0.00554	0.00369	0.00185	0.00461
24	0.00981	0.00833	0.00892	0.00803	0.01021	0.00950	0.00623	0.03191	0.69878	0.01741	0.12675	0.01753	0.01620	0.00601	0.00432	0.00139	0.00313	0.00506	0.00427	0.00622
25	0.00594	0.00441	0.00648	0.00648	0.00715	0.00508	0.00494	0.00729	0.00662	0.00949	0.01131	0.01733	0.01082	0.10757	0.76174	0.00643	0.01047	0.00460	0.00225	0.00360
26	0.05395	0.01246	0.01179	0.00937	0.01244	0.15555	0.00760	0.56383	0.01690	0.10065	0.00979	0.00980	0.00696	0.00483	0.00402	0.00122	0.00492	0.00353	0.00383	0.00656
27	0.00514	0.00422	0.00453	0.00445	0.00575	0.00361	0.00334	0.00641	0.01002	0.01253	0.23124	0.03782	0.63645	0.01003	0.00491	0.00138	0.00207	0.00846	0.00403	0.00361
28	0.02809	0.04844	0.01249	0.01216	0.12659	0.55749	0.00837	0.02655	0.05294	0.07726	0.00797	0.00882	0.00630	0.00431	0.00380	0.00113	0.00638	0.00303	0.00250	0.00538
29	0.00978	0.01112	0.02406	0.01726	0.02130	0.01059	0.78237	0.01318	0.00967	0.01318	0.00829	0.01112	0.00627	0.00365	0.00523	0.00142	0.03901	0.00485	0.00209	0.00556
30	0.00649	0.00467	0.00623	0.00586	0.00626	0.00468	0.05446	0.00695	0.00676	0.01940	0.01403	0.08571	0.01580	0.64620	0.01743	0.00345	0.02360	0.06635	0.00270	0.00298
31	0.01524	0.00950	0.01263	0.00965	0.01291	0.00967	0.11645	0.32366	0.09459	0.31289	0.03063	0.01265	0.00938	0.00498	0.00429	0.00130	0.00434	0.00423	0.00425	0.00675
32	0.01014	0.01105	0.02394	0.01712	0.02129	0.01034	0.78226	0.01357	0.00988	0.04448	0.00871	0.01132	0.00645	0.00356	0.00487	0.00140	0.00687	0.00487	0.00222	0.00566
33	0.00539	0.00387	0.00517	0.00605	0.00645	0.00368	0.00428	0.00648	0.01979	0.01118	0.05330	0.69891	0.02723	0.01253	0.00533	0.00170	0.00260	0.11868	0.00388	0.00350
34	0.00861	0.10636	0.75010	0.01136	0.01723	0.01034	0.01451	0.01308	0.00874	0.01281	0.00728	0.00856	0.00527	0.00391	0.00382	0.00127	0.00597	0.00298	0.00176	0.00606
35	0.00765	0.00645	0.00690	0.00640	0.00817	0.00681	0.00491	0.01392	0.39464	0.01507	0.16417	0.02683	0.30579	0.00786	0.00458	0.00139	0.00264	0.00662	0.00415	0.00503
36	0.00506	0.00361	0.00482	0.00578	0.00602	0.00337	0.00386	0.00578	0.00795	0.01060	0.02289	0.85131	0.02747	0.01301	0.00530	0.00169	0.00241	0.01181	0.00386	0.00337
37	0.00595	0.00439	0.00636	0.00636	0.00699	0.00502	0.00479	0.00721	0.00658	0.00941	0.01142	0.01794	0.01109	0.15386	0.71582	0.00628	0.01007	0.00469	0.00227	0.00353
38	0.88336	0.00803	0.00611	0.00546	0.00803	0.00932	0.00450	0.01221	0.00707	0.01864	0.00578	0.00675	0.00450	0.00386	0.00257	0.00129	0.00321	0.00225	0.00257	0.00450
39	0.00909	0.00909	0.01272	0.01091	0.01091	0.01272	0.00909	0.01000	0.00636	0.01000	0.00545	0.00909	0.00545	0.00727	0.01363	0.00182	0.84642	0.00364	0.00182	0.00454
40	0.00964	0.01079	0.02253	0.01638	0.01993	0.01074	0.68442	0.01274	0.00926	0.01277	0.00802	0.01098	0.00624	0.00448	0.01935	0.00154	0.12799	0.00471	0.00206	0.00542
41	0.12964	0.74121	0.01964	0.00688	0.01030	0.01547	0.00675	0.01241	0.00825	0.01098	0.00578	0.00667	0.00522	0.00359	0.00265	0.00094	0.00428	0.00222	0.00188	0.00522
42	0.00916	0.01950	0.00824	0.00739	0.00901	0.17770	0.01502	0.05386	0.05262	0.02292	0.03710	0.26366	0.07631	0.04477	0.00548	0.00142	0.03937	0.01646	0.01676	0.12324
43	0.00552	0.00423	0.00505	0.00484	0.00598	0.00376	0.00363	0.00714	0.01090	0.01462	0.53220	0.03438	0.33418	0.00925	0.00490	0.00134	0.00201	0.00798	0.00430	0.00376
44	0.01075	0.00712	0.02831	0.00700	0.00918	0.00691	0.00566	0.08949	0.20658	0.20091	0.30664	0.02150	0.06868	0.00673	0.00448	0.00133	0.00299	0.00570	0.00447	0.00559
45	0.07043	0.79882	0.02070	0.00700	0.01048	0.01595	0.00693	0.01242	0.00835	0.01038	0.00578	0.00667	0.00527	0.00357	0.00266	0.00092	0.00436	0.00222	0.00183	0.00527
