[name]
unknown

[dist]
# distance from previous block
# <min> <max>
0	151

[block]
# block no. 0 follows, 63 sequences, length 18
# corresponding to MSA columns:
# 151-168
name=unknown_A
#
# <colnr> <probs for GDERKNQSTAVLIFYWHMCP>
#	G	D	E	R	K	N	Q	S	T	A	V	L	I	F	Y	W	H	M	C	P
0	0.03531	0.00587	0.00669	0.05356	0.00832	0.02969	0.00488	0.04914	0.05276	0.02661	0.07133	0.07786	0.15301	0.26358	0.03263	0.00242	0.03608	0.08311	0.00327	0.00389
1	0.01293	0.33322	0.01602	0.01024	0.09947	0.11191	0.00788	0.22189	0.02569	0.04978	0.00857	0.03831	0.00715	0.00450	0.00358	0.00110	0.00477	0.00334	0.00279	0.03688
2	0.01034	0.13378	0.07028	0.08880	0.39414	0.09085	0.01059	0.01287	0.03138	0.01263	0.02587	0.03684	0.00771	0.00426	0.00391	0.00119	0.00501	0.00369	0.00220	0.05367
3	0.00951	0.11532	0.25011	0.00963	0.02742	0.04811	0.03574	0.05180	0.13063	0.03165	0.09937	0.09237	0.02089	0.00590	0.00472	0.00134	0.05226	0.00478	0.00291	0.00554
4	0.00796	0.01093	0.21022	0.01118	0.01431	0.00777	0.29524	0.01059	0.00863	0.01199	0.05724	0.04650	0.03137	0.23148	0.02438	0.00221	0.00557	0.00531	0.00240	0.00470
5	0.00748	0.00635	0.01083	0.01094	0.12408	0.00600	0.16407	0.00930	0.00950	0.04242	0.14089	0.34305	0.06102	0.00879	0.00501	0.00151	0.00372	0.03704	0.00345	0.00455
6	0.00850	0.00660	0.00747	0.00715	0.00867	0.00715	0.00532	0.03746	0.38720	0.04307	0.08855	0.28983	0.03791	0.03847	0.00531	0.00159	0.00297	0.00744	0.00415	0.00518
7	0.00979	0.00922	0.01624	0.27215	0.25140	0.02734	0.20509	0.01241	0.00931	0.05869	0.00915	0.05742	0.00759	0.00456	0.00473	0.00138	0.03118	0.00449	0.00230	0.00555
8	0.00519	0.00375	0.00492	0.00572	0.00609	0.00347	0.00387	0.00605	0.00848	0.01132	0.09725	0.73512	0.06795	0.01263	0.00531	0.00166	0.00238	0.01140	0.00397	0.00347
9	0.00524	0.00405	0.00482	0.00533	0.00618	0.00363	0.00388	0.00628	0.00900	0.01140	0.06044	0.39830	0.36726	0.01178	0.00522	0.00159	0.00243	0.08571	0.00393	0.00354
10	0.00746	0.00621	0.02853	0.04801	0.03912	0.00578	0.05615	0.00977	0.06301	0.07384	0.09663	0.08524	0.36055	0.00925	0.02907	0.00160	0.03321	0.03845	0.00364	0.00448
11	0.04115	0.07462	0.04821	0.07440	0.22365	0.07056	0.30032	0.01289	0.00931	0.01271	0.00763	0.01016	0.00616	0.00455	0.02083	0.00144	0.06976	0.00393	0.00206	0.00564
12	0.01321	0.00850	0.00979	0.00815	0.01071	0.00916	0.00654	0.24179	0.25593	0.20582	0.01404	0.01391	0.01025	0.00892	0.11858	0.00206	0.00477	0.00428	0.04722	0.00637
13	0.00512	0.00366	0.00488	0.00585	0.00610	0.00341	0.00390	0.00585	0.00805	0.01073	0.02317	0.84952	0.02780	0.01317	0.00537	0.00171	0.00244	0.01195	0.00390	0.00341
14	0.03518	0.08872	0.04425	0.10898	0.08616	0.13530	0.02915	0.09149	0.02552	0.07866	0.00906	0.01233	0.00762	0.02286	0.01984	0.00151	0.14672	0.04862	0.00262	0.00539
15	0.01026	0.28042	0.41934	0.01072	0.01563	0.01235	0.07977	0.10063	0.01005	0.01370	0.00737	0.00855	0.00564	0.00395	0.00369	0.00120	0.00558	0.00307	0.00208	0.00601
16	0.00539	0.00401	0.00540	0.05332	0.00752	0.00386	0.00446	0.00637	0.00838	0.01104	0.04326	0.67277	0.08714	0.01226	0.00529	0.00167	0.00267	0.05786	0.00380	0.00354
17	0.80747	0.00921	0.03638	0.00602	0.00874	0.05023	0.00513	0.01261	0.00745	0.01824	0.00595	0.00694	0.00462	0.00393	0.00271	0.00129	0.00357	0.00233	0.00255	0.00463

[dist]
# distance from previous block
# <min> <max>
0	2

[block]
# block no. 1 follows, 63 sequences, length 13
# corresponding to MSA columns:
# 171-183
name=unknown_B
#
# <colnr> <probs for GDERKNQSTAVLIFYWHMCP>
#	G	D	E	R	K	N	Q	S	T	A	V	L	I	F	Y	W	H	M	C	P
0	0.00639	0.00489	0.00733	0.00692	0.00769	0.00545	0.04772	0.00770	0.00692	0.00995	0.01173	0.04011	0.01150	0.18297	0.55287	0.00542	0.03532	0.00498	0.04050	0.00365
1	0.05149	0.15388	0.12464	0.01077	0.10702	0.04348	0.04016	0.11024	0.08776	0.08489	0.01810	0.01134	0.00795	0.05032	0.02683	0.00150	0.01334	0.00361	0.00283	0.04984
2	0.02362	0.09887	0.13446	0.05839	0.10405	0.12767	0.07196	0.14006	0.02918	0.06987	0.00844	0.00966	0.00644	0.00434	0.00438	0.00122	0.04476	0.00341	0.00263	0.05660
3	0.00999	0.00688	0.00857	0.00733	0.00931	0.00686	0.04941	0.18629	0.06729	0.12115	0.10811	0.18574	0.17275	0.03401	0.00524	0.00150	0.00332	0.00705	0.00410	0.00512
4	0.06444	0.00824	0.00999	0.00778	0.01082	0.00807	0.00637	0.23605	0.01372	0.49983	0.05721	0.01400	0.01088	0.02721	0.00462	0.00136	0.00377	0.00423	0.00469	0.00672
5	0.02150	0.18427	0.11871	0.11474	0.05396	0.06272	0.04945	0.08012	0.05382	0.05532	0.06113	0.02611	0.05993	0.00517	0.00425	0.00126	0.02703	0.01227	0.00274	0.00548
6	0.01041	0.07021	0.20707	0.02888	0.02338	0.02570	0.17745	0.07582	0.08547	0.07454	0.01071	0.07564	0.00891	0.00534	0.00514	0.00140	0.07777	0.01790	0.01249	0.00575
7	0.00513	0.00377	0.00482	0.00560	0.00604	0.00346	0.00380	0.00596	0.00842	0.01106	0.05738	0.69942	0.14448	0.01262	0.00529	0.00165	0.00238	0.01133	0.00393	0.00346
8	0.04679	0.04923	0.07466	0.04036	0.08453	0.00901	0.18302	0.11586	0.03224	0.12089	0.01374	0.07245	0.07978	0.00693	0.05001	0.00165	0.00511	0.00499	0.00310	0.00567
9	0.04621	0.10265	0.14592	0.05160	0.15330	0.06102	0.13273	0.07037	0.03042	0.06875	0.04700	0.02701	0.00841	0.00456	0.00439	0.00129	0.03200	0.00394	0.00259	0.00583
10	0.05066	0.05203	0.37508	0.05863	0.01550	0.05350	0.06702	0.04156	0.08574	0.05575	0.02620	0.05681	0.03334	0.00502	0.00411	0.00134	0.00523	0.00415	0.00260	0.00575
11	0.01142	0.04868	0.03518	0.00803	0.01057	0.00962	0.00668	0.36684	0.11379	0.03695	0.08199	0.06612	0.10774	0.00797	0.04664	0.00161	0.00417	0.02625	0.00392	0.00582
12	0.40263	0.00865	0.00920	0.05322	0.06418	0.03377	0.02096	0.05929	0.06890	0.10218	0.02801	0.01072	0.00758	0.00466	0.00396	0.00131	0.04500	0.02087	0.00303	0.05189

[dist]
# distance from previous block
# <min> <max>
4	31

[block]
# block no. 2 follows, 63 sequences, length 13
# corresponding to MSA columns:
# 215-225,228,229
name=unknown_C
#
# <colnr> <probs for GDERKNQSTAVLIFYWHMCP>
#	G	D	E	R	K	N	Q	S	T	A	V	L	I	F	Y	W	H	M	C	P
0	0.06709	0.01125	0.09053	0.01020	0.10004	0.11168	0.00784	0.15760	0.09596	0.05244	0.08222	0.01329	0.04679	0.00500	0.00398	0.00119	0.00436	0.00398	0.00321	0.13137
1	0.03495	0.02395	0.05461	0.03189	0.02262	0.06353	0.04200	0.05089	0.03627	0.07255	0.06998	0.27415	0.07741	0.05220	0.00605	0.00161	0.05042	0.02693	0.00340	0.00458
2	0.00705	0.00527	0.00656	0.00643	0.03231	0.00520	0.00465	0.05327	0.03437	0.03984	0.38979	0.11588	0.19420	0.03897	0.00590	0.00150	0.04292	0.00757	0.00410	0.00424
3	0.03887	0.07485	0.10286	0.03695	0.03400	0.12653	0.21257	0.12757	0.03690	0.08776	0.00992	0.02227	0.02669	0.00463	0.00458	0.00130	0.03916	0.00400	0.00277	0.00580
4	0.03975	0.04665	0.03598	0.06824	0.08738	0.06635	0.07936	0.04553	0.08495	0.07489	0.01027	0.02450	0.02302	0.02779	0.00768	0.22544	0.00456	0.01410	0.00265	0.03091
5	0.00561	0.00396	0.00471	0.00503	0.00536	0.00377	0.00319	0.00612	0.00758	0.00998	0.06805	0.32084	0.12326	0.39899	0.01267	0.00274	0.00313	0.00862	0.00332	0.00306
6	0.00776	0.02729	0.03224	0.06500	0.05507	0.02750	0.02297	0.06601	0.03762	0.01171	0.01703	0.13585	0.13312	0.20748	0.04612	0.02941	0.05002	0.02072	0.00293	0.00413
7	0.04264	0.08363	0.19368	0.03716	0.09589	0.13903	0.06022	0.08165	0.09547	0.07317	0.00959	0.03584	0.00753	0.00467	0.00419	0.00128	0.02201	0.00374	0.00270	0.00592
8	0.01046	0.00805	0.08167	0.00812	0.01025	0.03276	0.06950	0.06747	0.00987	0.19762	0.01521	0.20898	0.03232	0.06583	0.06740	0.01467	0.03339	0.00611	0.05530	0.00501
9	0.00521	0.00402	0.00476	0.00510	0.00596	0.00357	0.00363	0.00630	0.00937	0.01209	0.17606	0.37264	0.35357	0.01132	0.00513	0.00152	0.00223	0.00991	0.00403	0.00357
10	0.03115	0.00878	0.02792	0.24121	0.20559	0.05523	0.05378	0.03172	0.03717	0.09491	0.01206	0.07151	0.05134	0.03598	0.02231	0.00156	0.00497	0.00473	0.00272	0.00536
11	0.02134	0.08612	0.04913	0.03952	0.04823	0.13714	0.07585	0.08880	0.09446	0.06976	0.06990	0.03791	0.07710	0.00618	0.02128	0.00140	0.04526	0.00458	0.02064	0.00540
12	0.66044	0.00872	0.00783	0.04738	0.04842	0.03829	0.00584	0.01290	0.05552	0.01729	0.00670	0.00791	0.00529	0.00426	0.00362	0.00134	0.05822	0.00267	0.00258	0.00480

[dist]
# distance from previous block
# <min> <max>
0	2

[block]
# block no. 3 follows, 63 sequences, length 8
# corresponding to MSA columns:
# 232-239
name=unknown_D
#
# <colnr> <probs for GDERKNQSTAVLIFYWHMCP>
#	G	D	E	R	K	N	Q	S	T	A	V	L	I	F	Y	W	H	M	C	P
0	0.06452	0.11345	0.09342	0.10846	0.07657	0.20283	0.14844	0.06477	0.01031	0.03603	0.00752	0.00925	0.00589	0.00418	0.00430	0.00125	0.03765	0.00340	0.00227	0.00549
1	0.00616	0.00413	0.00549	0.00557	0.00585	0.00436	0.00375	0.00648	0.00641	0.00880	0.01256	0.09240	0.01357	0.37672	0.29944	0.13087	0.00635	0.00571	0.00246	0.00293
2	0.01026	0.18750	0.25110	0.02998	0.02633	0.04442	0.08109	0.05225	0.05028	0.05804	0.03246	0.02573	0.02238	0.02122	0.02018	0.00142	0.05271	0.00380	0.02322	0.00561
3	0.06884	0.13580	0.09978	0.03949	0.03843	0.07048	0.07183	0.03046	0.08744	0.08842	0.03263	0.05971	0.03632	0.03805	0.03756	0.00162	0.05062	0.00436	0.00283	0.00532
4	0.00984	0.00571	0.00708	0.00691	0.05714	0.00524	0.00495	0.03579	0.04089	0.22757	0.11493	0.07519	0.30280	0.00788	0.00453	0.00134	0.00279	0.00666	0.07776	0.00498
5	0.00938	0.16444	0.25344	0.04020	0.01282	0.03368	0.00903	0.09324	0.10168	0.01433	0.09185	0.09121	0.05578	0.00590	0.00409	0.00129	0.00445	0.00479	0.00291	0.00549
6	0.03177	0.05636	0.04476	0.04471	0.03023	0.06033	0.04116	0.17799	0.01127	0.06308	0.05731	0.21110	0.04151	0.04547	0.00572	0.03664	0.00411	0.02815	0.00338	0.00494
7	0.02817	0.06373	0.04772	0.06886	0.02364	0.04544	0.04517	0.04181	0.05828	0.11080	0.03636	0.16418	0.03556	0.02492	0.13506	0.02136	0.01916	0.00560	0.01932	0.00486

[dist]
# distance from previous block
# <min> <max>
5	94

[block]
# block no. 4 follows, 63 sequences, length 22
# corresponding to MSA columns:
# 352-373
name=unknown_E
#
# <colnr> <probs for GDERKNQSTAVLIFYWHMCP>
#	G	D	E	R	K	N	Q	S	T	A	V	L	I	F	Y	W	H	M	C	P
0	0.10198	0.06216	0.03026	0.04710	0.05723	0.05316	0.01646	0.04711	0.03672	0.04332	0.02981	0.22836	0.04509	0.06783	0.00559	0.00153	0.01855	0.01781	0.00308	0.08684
1	0.02384	0.00899	0.05574	0.09259	0.04617	0.00897	0.03859	0.20728	0.16994	0.04648	0.07924	0.09675	0.04739	0.00712	0.03354	0.00155	0.00428	0.00529	0.00358	0.02266
2	0.02231	0.15801	0.02813	0.00806	0.02695	0.08433	0.05813	0.06750	0.06861	0.02355	0.14419	0.11688	0.11888	0.00703	0.00430	0.00130	0.00387	0.02911	0.02400	0.00486
3	0.00784	0.00609	0.00849	0.06580	0.11461	0.00596	0.03519	0.01025	0.06520	0.05752	0.12702	0.06387	0.19733	0.06086	0.03929	0.00172	0.00365	0.02490	0.05595	0.04846
4	0.02259	0.02539	0.02650	0.04010	0.02257	0.06433	0.03491	0.10911	0.05203	0.06806	0.17868	0.25038	0.04838	0.00822	0.00469	0.00143	0.00359	0.03043	0.00379	0.00481
5	0.00839	0.02566	0.29396	0.02832	0.08238	0.00826	0.00960	0.07899	0.06912	0.01421	0.08041	0.08611	0.11695	0.00769	0.04749	0.00166	0.02723	0.00527	0.00290	0.00539
6	0.02444	0.00499	0.00583	0.00571	0.00708	0.00473	0.00438	0.02383	0.06688	0.06908	0.16777	0.14611	0.33494	0.01038	0.02917	0.00163	0.00283	0.08195	0.00407	0.00419
7	0.00758	0.00665	0.04020	0.07696	0.10059	0.00635	0.02056	0.07966	0.04464	0.01330	0.06521	0.31816	0.06400	0.06014	0.00589	0.00169	0.00362	0.07685	0.00342	0.00452
8	0.00624	0.00456	0.00595	0.00579	0.00657	0.00475	0.00424	0.03395	0.00860	0.01190	0.21757	0.04186	0.08794	0.19966	0.33720	0.00408	0.00622	0.00613	0.00315	0.00364
9	0.00629	0.00438	0.00567	0.00627	0.00687	0.00425	0.00447	0.04788	0.00894	0.03681	0.02273	0.67080	0.05644	0.01220	0.00541	0.00168	0.01428	0.07692	0.00393	0.00378
10	0.00542	0.00436	0.00484	0.00480	0.00604	0.00386	0.00357	0.00703	0.03412	0.01302	0.25768	0.10178	0.51831	0.01013	0.00498	0.00142	0.00215	0.00864	0.00412	0.00375
11	0.01006	0.01021	0.01310	0.27532	0.17555	0.14941	0.05806	0.02435	0.03334	0.01214	0.00865	0.04421	0.00731	0.00489	0.00513	0.00134	0.09308	0.00400	0.06472	0.00514
12	0.00872	0.00821	0.01363	0.55685	0.22594	0.00950	0.02563	0.01198	0.05755	0.01198	0.00848	0.01203	0.00670	0.00432	0.00424	0.00138	0.00531	0.02017	0.00211	0.00529
13	0.00893	0.00956	0.10887	0.02923	0.01429	0.00821	0.27719	0.01238	0.08988	0.05271	0.01318	0.08601	0.02615	0.09336	0.00687	0.00175	0.04532	0.07313	0.03792	0.00506
14	0.00947	0.05239	0.02795	0.03736	0.11185	0.10808	0.04378	0.04484	0.01000	0.05928	0.09826	0.06823	0.13059	0.03723	0.05873	0.00180	0.05617	0.03609	0.00305	0.00483
15	0.00612	0.00412	0.00487	0.00490	0.00504	0.00421	0.00297	0.00640	0.00634	0.00868	0.01332	0.05304	0.01492	0.68743	0.13160	0.00427	0.00494	0.00602	0.02802	0.00278
16	0.00586	0.00419	0.00522	0.00577	0.00630	0.00407	0.00396	0.03141	0.03243	0.01165	0.04133	0.59548	0.08013	0.07186	0.03298	0.00195	0.00287	0.01010	0.04880	0.00362
17	0.00902	0.06244	0.65704	0.01200	0.01751	0.01047	0.07085	0.04524	0.00924	0.01351	0.00752	0.00901	0.00549	0.00416	0.00451	0.00134	0.04941	0.00325	0.00190	0.00609
18	0.00853	0.00713	0.00873	0.00904	0.08205	0.07543	0.05102	0.06750	0.02748	0.04693	0.05323	0.32965	0.08124	0.03267	0.02289	0.00166	0.01838	0.03433	0.03760	0.00452
19	0.00596	0.00447	0.00574	0.03270	0.00725	0.00438	0.00447	0.00713	0.00910	0.02999	0.15984	0.37322	0.20247	0.03418	0.00605	0.00165	0.04604	0.05779	0.00384	0.00372
20	0.03343	0.04102	0.05330	0.00866	0.09197	0.03298	0.02340	0.00904	0.00840	0.03509	0.05019	0.13050	0.11790	0.19147	0.06684	0.00239	0.04275	0.05356	0.00295	0.00418
21	0.02191	0.10821	0.07239	0.02651	0.05127	0.09599	0.06538	0.13908	0.05929	0.03245	0.08484	0.10932	0.03456	0.00605	0.00471	0.00130	0.04920	0.00496	0.00306	0.02952

[dist]
# distance from previous block
# <min> <max>
0	28

[block]
# block no. 5 follows, 63 sequences, length 20
# corresponding to MSA columns:
# 406-425
name=unknown_F
#
# <colnr> <probs for GDERKNQSTAVLIFYWHMCP>
#	G	D	E	R	K	N	Q	S	T	A	V	L	I	F	Y	W	H	M	C	P
0	0.01108	0.07368	0.06089	0.03168	0.09584	0.12661	0.10957	0.09204	0.09398	0.04183	0.04988	0.04471	0.02004	0.00512	0.00453	0.00126	0.03803	0.01898	0.00287	0.07738
1	0.06330	0.09605	0.13493	0.04891	0.08999	0.05623	0.01983	0.14598	0.06022	0.05432	0.02782	0.11510	0.04023	0.00591	0.00413	0.00132	0.00449	0.02258	0.00305	0.00561
2	0.04829	0.00776	0.04834	0.04334	0.04597	0.00668	0.00680	0.05673	0.01102	0.46504	0.01504	0.12457	0.01176	0.00605	0.00426	0.00133	0.00371	0.02377	0.00423	0.06531
3	0.03696	0.00424	0.00528	0.00574	0.00637	0.00410	0.00402	0.00728	0.04017	0.01262	0.20370	0.50885	0.06179	0.05146	0.00589	0.00170	0.00250	0.02966	0.00397	0.00368
4	0.03364	0.02091	0.04275	0.13496	0.08041	0.08787	0.07040	0.06878	0.05506	0.11493	0.06460	0.10252	0.04171	0.03387	0.00518	0.00145	0.02737	0.00515	0.00315	0.00530
5	0.00580	0.00432	0.00537	0.00552	0.00622	0.00430	0.00392	0.00710	0.03215	0.01098	0.10919	0.18576	0.18061	0.20394	0.19230	0.00325	0.00471	0.02775	0.00332	0.00349
6	0.00515	0.00374	0.00486	0.00568	0.00607	0.00345	0.00384	0.00596	0.00836	0.01107	0.06157	0.73874	0.10055	0.01273	0.00531	0.00166	0.00239	0.01147	0.00394	0.00345
7	0.00897	0.00847	0.01232	0.54206	0.04093	0.06397	0.05165	0.05553	0.04701	0.01208	0.00943	0.05557	0.00798	0.00533	0.00469	0.02666	0.00535	0.03484	0.00233	0.00483
8	0.09074	0.14977	0.05034	0.01000	0.06674	0.19862	0.02717	0.07820	0.16315	0.03159	0.02951	0.02283	0.00833	0.00509	0.00437	0.03257	0.01909	0.00355	0.00281	0.00554
9	0.00867	0.04325	0.24972	0.01144	0.10309	0.00852	0.08889	0.03357	0.05725	0.03455	0.11126	0.05588	0.08941	0.01747	0.00511	0.00142	0.04413	0.02810	0.00286	0.00541
10	0.00582	0.00461	0.00525	0.00570	0.00644	0.02801	0.00406	0.00710	0.03284	0.01146	0.08400	0.41853	0.21766	0.07787	0.00646	0.00179	0.00275	0.07226	0.00381	0.00359
11	0.02743	0.00945	0.04006	0.19099	0.05880	0.09215	0.02875	0.11539	0.08484	0.07867	0.01297	0.10418	0.03146	0.00617	0.00459	0.00140	0.02502	0.05459	0.02774	0.00534
12	0.00978	0.08041	0.03111	0.04670	0.10297	0.07089	0.00705	0.04752	0.05844	0.01350	0.03012	0.02941	0.00829	0.03692	0.00458	0.00110	0.03056	0.00344	0.01488	0.37233
13	0.00744	0.00482	0.00606	0.00612	0.00699	0.00476	0.00434	0.04938	0.04193	0.08866	0.03837	0.42347	0.06494	0.13600	0.09407	0.00248	0.00383	0.00861	0.00370	0.00402
14	0.03814	0.02928	0.00847	0.05026	0.04379	0.06430	0.04577	0.02389	0.07305	0.02606	0.02158	0.17233	0.23253	0.05419	0.02802	0.00169	0.00384	0.03508	0.00328	0.04445
15	0.01034	0.22193	0.08556	0.00962	0.02240	0.08119	0.11101	0.09938	0.03237	0.02189	0.03883	0.11080	0.02875	0.00671	0.03977	0.00148	0.03783	0.00464	0.00268	0.03281
16	0.00942	0.11541	0.05332	0.00954	0.11053	0.04342	0.00699	0.07348	0.10729	0.03431	0.08292	0.13404	0.08942	0.00664	0.00443	0.00129	0.02517	0.00553	0.04316	0.04369
17	0.00763	0.00714	0.08554	0.02608	0.00932	0.02145	0.04492	0.02206	0.04785	0.03156	0.08419	0.11584	0.14246	0.01011	0.03714	0.21410	0.00388	0.00578	0.00296	0.07998
18	0.05338	0.31531	0.08106	0.03147	0.03672	0.14090	0.06519	0.03328	0.05362	0.01231	0.03957	0.02957	0.00831	0.00525	0.02357	0.00129	0.02381	0.02107	0.00235	0.02197
19	0.01011	0.04811	0.11584	0.05288	0.03275	0.07016	0.04930	0.16648	0.06823	0.03826	0.07779	0.04622	0.15078	0.00707	0.02439	0.02337	0.00454	0.00515	0.00325	0.00532

[dist]
# distance from previous block
# <min> <max>
2	39

[block]
# block no. 6 follows, 63 sequences, length 6
# corresponding to MSA columns:
# 510-515
name=unknown_G
#
# <colnr> <probs for GDERKNQSTAVLIFYWHMCP>
#	G	D	E	R	K	N	Q	S	T	A	V	L	I	F	Y	W	H	M	C	P
0	0.00590	0.00443	0.00601	0.07904	0.00859	0.00449	0.00502	0.00746	0.04655	0.01116	0.02083	0.58163	0.02396	0.05950	0.00618	0.00183	0.00304	0.11702	0.00366	0.00369
1	0.00954	0.08069	0.00908	0.00732	0.00905	0.00806	0.00569	0.15924	0.17878	0.05092	0.04537	0.29262	0.01769	0.05637	0.00556	0.00161	0.00341	0.05003	0.00386	0.00511
2	0.01205	0.09093	0.03527	0.00875	0.01147	0.16807	0.02484	0.19826	0.12045	0.03668	0.01230	0.04263	0.03321	0.00562	0.00407	0.00123	0.00465	0.07307	0.02927	0.08717
3	0.02926	0.03433	0.04102	0.00752	0.03060	0.07852	0.00571	0.05382	0.04275	0.08368	0.06497	0.29337	0.09413	0.06223	0.02648	0.00175	0.03458	0.00722	0.00350	0.00454
4	0.00838	0.00725	0.00730	0.00711	0.00827	0.11249	0.00529	0.06362	0.07649	0.03563	0.15661	0.35333	0.06180	0.00947	0.00523	0.00150	0.03726	0.03477	0.00380	0.00438
5	0.00771	0.00579	0.00710	0.00695	0.00812	0.00621	0.00546	0.01122	0.17182	0.04750	0.13584	0.14611	0.10076	0.04002	0.00633	0.00167	0.07713	0.17105	0.03869	0.00450

[dist]
# distance from previous block
# <min> <max>
8	51

[block]
# block no. 7 follows, 63 sequences, length 6
# corresponding to MSA columns:
# 588-593
name=unknown_H
#
# <colnr> <probs for GDERKNQSTAVLIFYWHMCP>
#	G	D	E	R	K	N	Q	S	T	A	V	L	I	F	Y	W	H	M	C	P
0	0.07994	0.03632	0.12276	0.02892	0.04140	0.04867	0.09821	0.08601	0.05438	0.09114	0.03087	0.01300	0.03009	0.02966	0.02912	0.05965	0.07732	0.01658	0.00282	0.02317
1	0.01045	0.05648	0.10167	0.11967	0.13473	0.07276	0.02404	0.12732	0.03479	0.04571	0.05212	0.08553	0.03027	0.00539	0.00414	0.00126	0.00463	0.00455	0.02110	0.06340
2	0.03383	0.00898	0.04852	0.00798	0.01035	0.00900	0.00653	0.35800	0.09667	0.06266	0.05915	0.16211	0.03420	0.07534	0.00582	0.00160	0.00384	0.00580	0.00394	0.00569
3	0.00874	0.00790	0.01226	0.60288	0.02396	0.04836	0.05793	0.01128	0.00904	0.05565	0.05328	0.01361	0.03996	0.00560	0.03118	0.00155	0.00553	0.00422	0.00232	0.00476
4	0.01055	0.20394	0.15799	0.01188	0.07510	0.11323	0.16125	0.05419	0.04889	0.01300	0.02635	0.04136	0.03703	0.00480	0.00404	0.00124	0.00543	0.02173	0.00242	0.00557
5	0.00974	0.00866	0.08259	0.02896	0.02872	0.07116	0.00657	0.06555	0.06531	0.11327	0.14527	0.08351	0.05296	0.12963	0.02955	0.00192	0.04439	0.02392	0.00346	0.00486

[dist]
# distance from previous block
# <min> <max>
15	38

[block]
# block no. 8 follows, 63 sequences, length 19
# corresponding to MSA columns:
# 633-650,652
name=unknown_I
#
# <colnr> <probs for GDERKNQSTAVLIFYWHMCP>
#	G	D	E	R	K	N	Q	S	T	A	V	L	I	F	Y	W	H	M	C	P
0	0.00830	0.04164	0.01037	0.45333	0.01902	0.02126	0.00855	0.03213	0.00866	0.03598	0.01019	0.03189	0.00877	0.05496	0.10236	0.00213	0.00553	0.04049	0.09995	0.00447
1	0.00517	0.00368	0.00486	0.00579	0.00602	0.00345	0.00383	0.00587	0.00795	0.01060	0.02265	0.80688	0.02715	0.05670	0.00620	0.00183	0.00252	0.01165	0.00383	0.00337
2	0.01066	0.06135	0.05134	0.00713	0.00931	0.06929	0.01612	0.05769	0.02514	0.19625	0.04968	0.16688	0.11006	0.09033	0.00607	0.00160	0.00377	0.01866	0.00365	0.04500
3	0.01076	0.08292	0.07407	0.04668	0.14430	0.03583	0.08853	0.04384	0.36074	0.03698	0.01196	0.01238	0.00912	0.00476	0.00430	0.00133	0.01797	0.00411	0.00314	0.00628
4	0.00509	0.00379	0.00475	0.00552	0.00601	0.00344	0.00375	0.00589	0.00837	0.01086	0.02728	0.67823	0.19644	0.01264	0.00528	0.00165	0.00237	0.01130	0.00390	0.00344
5	0.00513	0.00395	0.00469	0.00517	0.00595	0.00351	0.00363	0.00609	0.00897	0.01147	0.09537	0.46159	0.34582	0.01180	0.00517	0.00156	0.00228	0.01038	0.00396	0.00351
6	0.01083	0.11728	0.13285	0.09676	0.18878	0.06403	0.10258	0.10377	0.06945	0.01417	0.00832	0.01002	0.00654	0.00431	0.00458	0.00129	0.05251	0.00361	0.00238	0.00595
7	0.01063	0.04004	0.02124	0.01535	0.01885	0.08484	0.56898	0.05743	0.01018	0.01336	0.00813	0.01074	0.00635	0.00489	0.03041	0.00156	0.08483	0.00447	0.00221	0.00551
8	0.01754	0.00799	0.01020	0.00790	0.01104	0.00758	0.00651	0.18737	0.01338	0.61371	0.01492	0.01354	0.00972	0.00663	0.05023	0.00159	0.00422	0.00415	0.00483	0.00696
9	0.00794	0.00648	0.03313	0.05033	0.03817	0.00608	0.04573	0.02568	0.12309	0.07823	0.11591	0.15272	0.23861	0.00931	0.03885	0.00166	0.00353	0.01606	0.00376	0.00473
10	0.01023	0.00962	0.05470	0.02369	0.27495	0.06300	0.12917	0.02933	0.04016	0.09386	0.01335	0.19345	0.03322	0.00624	0.00454	0.00138	0.00471	0.00583	0.00295	0.00562
11	0.00710	0.00575	0.00816	0.00764	0.00820	0.00712	0.00601	0.02978	0.00693	0.01008	0.00982	0.01518	0.00941	0.08022	0.52496	0.04519	0.20800	0.00436	0.00221	0.00388
12	0.01000	0.01149	0.04224	0.04481	0.12286	0.07737	0.53791	0.01303	0.00987	0.01297	0.00984	0.04611	0.03194	0.00428	0.00473	0.00138	0.00645	0.00494	0.00223	0.00555
13	0.00918	0.01001	0.06801	0.25189	0.12010	0.06994	0.17526	0.05294	0.00994	0.01296	0.05102	0.09256	0.04683	0.00541	0.00449	0.00138	0.00533	0.00508	0.00251	0.00517
14	0.01359	0.01039	0.05752	0.00966	0.01275	0.01020	0.08321	0.46204	0.01536	0.12269	0.01274	0.14711	0.01074	0.00619	0.00446	0.00136	0.00446	0.00524	0.00395	0.00635
15	0.04043	0.05627	0.01714	0.10648	0.18400	0.02014	0.29284	0.03573	0.02786	0.01346	0.03505	0.02589	0.04173	0.00478	0.00491	0.00137	0.04853	0.02408	0.01384	0.00547
16	0.02584	0.22702	0.01368	0.00851	0.01119	0.14907	0.00718	0.19489	0.03130	0.13206	0.03359	0.01037	0.00800	0.00488	0.00452	0.00119	0.07763	0.00339	0.04990	0.00578
17	0.00786	0.00600	0.00689	0.00600	0.00803	0.01879	0.00452	0.03433	0.03074	0.05344	0.06494	0.22454	0.13124	0.04632	0.00504	0.00131	0.00292	0.01567	0.02165	0.30979
18	0.00625	0.00463	0.00612	0.00619	0.00688	0.00495	0.00447	0.02192	0.04448	0.01044	0.01525	0.20466	0.03544	0.18725	0.39675	0.00449	0.00698	0.00654	0.00285	0.02347

[dist]
# distance from previous block
# <min> <max>
31	65

[block]
# block no. 9 follows, 63 sequences, length 22
# corresponding to MSA columns:
# 811-816,823-838
name=unknown_J
#
# <colnr> <probs for GDERKNQSTAVLIFYWHMCP>
#	G	D	E	R	K	N	Q	S	T	A	V	L	I	F	Y	W	H	M	C	P
0	0.01183	0.01065	0.05323	0.04970	0.14241	0.08338	0.02829	0.20992	0.15981	0.06364	0.06549	0.04889	0.02027	0.00559	0.00434	0.00133	0.00452	0.02713	0.00348	0.00608
1	0.10256	0.52243	0.02854	0.00749	0.01050	0.07129	0.00691	0.06094	0.02517	0.01209	0.00828	0.00950	0.04317	0.02985	0.00411	0.00116	0.04566	0.00293	0.00222	0.00520
2	0.00855	0.02089	0.76429	0.01245	0.01850	0.00983	0.08087	0.01333	0.00896	0.01333	0.00762	0.00908	0.00541	0.00396	0.00407	0.00134	0.00628	0.00326	0.00180	0.00617
3	0.00656	0.00466	0.00548	0.00511	0.00639	0.00430	0.00388	0.04443	0.01131	0.03330	0.46670	0.03143	0.26962	0.00866	0.00474	0.00132	0.00218	0.00742	0.07849	0.00405
4	0.00730	0.00365	0.00548	0.00548	0.00548	0.00365	0.00365	0.00548	0.00548	0.00730	0.00730	0.01278	0.00730	0.01460	0.01643	0.87769	0.00365	0.00365	0.00183	0.00183
5	0.00687	0.00494	0.00591	0.00579	0.00639	0.03400	0.00405	0.00771	0.00705	0.03932	0.01366	0.02195	0.04987	0.38290	0.36025	0.00478	0.00704	0.00531	0.02883	0.00339
6	0.00738	0.00468	0.00585	0.00577	0.00688	0.00437	0.00423	0.02520	0.04021	0.10386	0.25580	0.33664	0.13127	0.00989	0.00492	0.00147	0.00245	0.00871	0.03619	0.00422
7	0.01046	0.01184	0.13841	0.08913	0.34345	0.02666	0.18056	0.02971	0.05862	0.05669	0.00897	0.01090	0.00687	0.00401	0.00431	0.00132	0.00554	0.00397	0.00237	0.00621
8	0.00610	0.00411	0.00477	0.00477	0.00483	0.00418	0.00278	0.00623	0.00617	0.00829	0.01308	0.02657	0.01488	0.78245	0.09066	0.00430	0.00469	0.00598	0.00252	0.00265
9	0.01598	0.01177	0.01262	0.00967	0.01304	0.01304	0.00799	0.81202	0.01976	0.02649	0.01009	0.01009	0.00715	0.00505	0.00421	0.00126	0.00463	0.00378	0.00421	0.00715
10	0.01030	0.01018	0.01015	0.00807	0.01077	0.15935	0.00643	0.04194	0.00928	0.01284	0.00713	0.00881	0.00608	0.00477	0.02291	0.00108	0.15364	0.00283	0.00238	0.51106
11	0.01299	0.30585	0.01476	0.00854	0.01138	0.19044	0.00722	0.24545	0.04475	0.01537	0.00918	0.06843	0.00799	0.00499	0.00363	0.00113	0.00492	0.00364	0.03370	0.00565
12	0.88196	0.00813	0.00618	0.00553	0.00813	0.00943	0.00455	0.01236	0.00715	0.01886	0.00585	0.00683	0.00455	0.00390	0.00260	0.00130	0.00325	0.00228	0.00260	0.00455
13	0.00974	0.00937	0.01478	0.32498	0.43546	0.03730	0.01187	0.02850	0.03574	0.01278	0.00797	0.01073	0.00640	0.00414	0.00449	0.00132	0.03277	0.00374	0.00211	0.00581
14	0.00627	0.00472	0.00677	0.00738	0.06022	0.00517	0.00499	0.00743	0.00688	0.00968	0.01257	0.04729	0.02850	0.23365	0.53323	0.00545	0.00858	0.00519	0.00240	0.00363
15	0.00519	0.00370	0.00492	0.00587	0.00612	0.00347	0.00394	0.00593	0.00804	0.01071	0.02289	0.80797	0.02738	0.03516	0.00580	0.00178	0.00252	0.03135	0.00387	0.00340
16	0.01460	0.00615	0.00822	0.00666	0.00913	0.00541	0.00536	0.01632	0.01168	0.55403	0.21355	0.03920	0.01800	0.00621	0.00434	0.00129	0.00305	0.00522	0.06553	0.00606
17	0.01407	0.01049	0.01129	0.00913	0.01212	0.01169	0.00739	0.47241	0.31885	0.06722	0.01308	0.01242	0.00946	0.00530	0.00423	0.00133	0.00408	0.00417	0.00429	0.00696
18	0.26752	0.00777	0.00857	0.00707	0.00987	0.00798	0.00574	0.04207	0.15254	0.38844	0.05111	0.01305	0.01040	0.00507	0.00380	0.00132	0.00340	0.00390	0.00423	0.00616
19	0.02991	0.01084	0.01173	0.00915	0.01235	0.01185	0.00751	0.63355	0.08977	0.09788	0.01216	0.01178	0.03118	0.00526	0.00421	0.00128	0.00432	0.00403	0.00427	0.00696
20	0.01251	0.00723	0.00940	0.00919	0.09669	0.00704	0.00642	0.13241	0.06285	0.28885	0.05179	0.20470	0.01481	0.00694	0.00443	0.00135	0.00346	0.00598	0.03500	0.03896
21	0.01187	0.69440	0.04804	0.00783	0.01139	0.07658	0.00761	0.07963	0.00974	0.01142	0.00630	0.00716	0.00554	0.00379	0.00295	0.00096	0.00479	0.00244	0.00203	0.00553

[dist]
# distance from previous block
# <min> <max>
0	4

[block]
# block no. 10 follows, 63 sequences, length 9
# corresponding to MSA columns:
# 843-851
name=unknown_K
#
# <colnr> <probs for GDERKNQSTAVLIFYWHMCP>
#	G	D	E	R	K	N	Q	S	T	A	V	L	I	F	Y	W	H	M	C	P
0	0.35526	0.00951	0.01068	0.14787	0.09156	0.09320	0.05744	0.04478	0.00883	0.03193	0.00763	0.03236	0.00629	0.00561	0.03876	0.00156	0.04588	0.00340	0.00246	0.00497
1	0.00969	0.00898	0.03340	0.12172	0.18703	0.00960	0.04332	0.09494	0.20052	0.01474	0.02969	0.01550	0.07576	0.05553	0.00618	0.00156	0.07853	0.00465	0.00299	0.00566
2	0.00553	0.00418	0.00490	0.00498	0.00602	0.00373	0.00369	0.00693	0.01010	0.01340	0.30883	0.16992	0.35607	0.01012	0.00497	0.00143	0.00218	0.03566	0.04365	0.00370
3	0.00763	0.00589	0.00652	0.00632	0.00757	0.04991	0.00481	0.00960	0.06894	0.07906	0.08277	0.17157	0.27683	0.03303	0.08268	0.00205	0.04521	0.05169	0.00370	0.00422
4	0.00515	0.00415	0.00458	0.00472	0.00585	0.00359	0.00344	0.00629	0.00964	0.01207	0.15718	0.19186	0.55514	0.01081	0.00504	0.00146	0.00217	0.00926	0.00401	0.00359
5	0.00646	0.00476	0.00707	0.00692	0.00749	0.00564	0.00534	0.00742	0.00654	0.00942	0.01020	0.01536	0.00963	0.02704	0.64698	0.13561	0.07811	0.00431	0.00216	0.00354
6	0.01165	0.58616	0.04586	0.00983	0.06415	0.07599	0.07350	0.06805	0.00975	0.01171	0.00659	0.00771	0.00568	0.00377	0.00320	0.00102	0.00503	0.00273	0.00204	0.00561
7	0.00677	0.00467	0.00599	0.00562	0.00675	0.00441	0.00422	0.00923	0.05876	0.05480	0.68490	0.08457	0.03592	0.00857	0.00491	0.00135	0.00217	0.00757	0.00459	0.00424
8	0.04588	0.15444	0.14628	0.01868	0.02510	0.04022	0.07329	0.07707	0.03280	0.04822	0.04565	0.07331	0.04871	0.00706	0.03567	0.02438	0.05779	0.03750	0.00276	0.00521

[dist]
# distance from previous block
# <min> <max>
0	17

[block]
# block no. 11 follows, 63 sequences, length 6
# corresponding to MSA columns:
# 869-874
name=unknown_L
#
# <colnr> <probs for GDERKNQSTAVLIFYWHMCP>
#	G	D	E	R	K	N	Q	S	T	A	V	L	I	F	Y	W	H	M	C	P
0	0.06539	0.20446	0.03897	0.04781	0.04107	0.29288	0.00782	0.05514	0.12076	0.01301	0.00814	0.00897	0.00657	0.00424	0.00355	0.00110	0.00534	0.00299	0.00249	0.06931
1	0.00609	0.00419	0.00514	0.00514	0.00533	0.00438	0.00324	0.00647	0.00628	0.00856	0.01274	0.02470	0.01406	0.64240	0.22959	0.00476	0.00591	0.00570	0.00247	0.00286
2	0.01063	0.03699	0.10531	0.14101	0.30291	0.01065	0.11644	0.13459	0.07218	0.01531	0.00885	0.01072	0.00682	0.00416	0.00423	0.00131	0.00530	0.00387	0.00250	0.00622
3	0.00770	0.00549	0.00736	0.03072	0.09087	0.00531	0.00538	0.03523	0.04015	0.07616	0.32839	0.15303	0.12339	0.04552	0.00556	0.00152	0.00287	0.02684	0.00400	0.00450
4	0.00658	0.00643	0.06973	0.00794	0.05446	0.00566	0.04101	0.00822	0.00853	0.01189	0.08463	0.19988	0.16368	0.04267	0.14740	0.00246	0.06079	0.00698	0.06693	0.00412
5	0.05119	0.00913	0.03666	0.11188	0.35821	0.00938	0.01001	0.01447	0.11015	0.13419	0.01020	0.01206	0.00796	0.03590	0.00549	0.00145	0.06884	0.00394	0.00281	0.00608

[dist]
# distance from previous block
# <min> <max>
3	65

[block]
# block no. 12 follows, 63 sequences, length 21
# corresponding to MSA columns:
# 940-960
name=unknown_M
#
# <colnr> <probs for GDERKNQSTAVLIFYWHMCP>
#	G	D	E	R	K	N	Q	S	T	A	V	L	I	F	Y	W	H	M	C	P
0	0.51669	0.11762	0.04456	0.03339	0.04810	0.04019	0.00645	0.05572	0.00853	0.04174	0.00681	0.00798	0.00537	0.00489	0.02816	0.00142	0.02213	0.00267	0.00254	0.00504
1	0.03740	0.01109	0.01223	0.02564	0.13741	0.16184	0.00872	0.07718	0.09811	0.03489	0.00929	0.04231	0.02060	0.00594	0.00747	0.00147	0.29638	0.00401	0.00262	0.00540
2	0.01171	0.15392	0.15635	0.04751	0.15771	0.06910	0.00993	0.16643	0.12867	0.03485	0.00933	0.01014	0.00716	0.00438	0.00388	0.00122	0.00496	0.00346	0.00278	0.01650
3	0.02720	0.06617	0.01833	0.03042	0.38232	0.06026	0.23963	0.05432	0.01027	0.04437	0.00849	0.02371	0.00687	0.00399	0.00427	0.00128	0.00558	0.00406	0.00234	0.00611
4	0.13982	0.00880	0.00999	0.00792	0.01078	0.03181	0.04169	0.25488	0.02996	0.27961	0.01206	0.01187	0.00837	0.00484	0.00382	0.00124	0.00388	0.00377	0.12871	0.00618
5	0.00585	0.00445	0.00545	0.00509	0.00632	0.00395	0.00383	0.00761	0.01118	0.01537	0.59366	0.03242	0.22715	0.00881	0.00487	0.00131	0.00208	0.00765	0.00434	0.04861
6	0.00641	0.00497	0.00577	0.00588	0.00706	0.00478	0.00446	0.06022	0.06305	0.01323	0.10216	0.26572	0.31957	0.01060	0.00509	0.00155	0.00267	0.10876	0.00401	0.00403
7	0.00691	0.00511	0.00729	0.00749	0.03831	0.00581	0.00562	0.04649	0.00781	0.01139	0.01175	0.01734	0.01083	0.02535	0.63182	0.00543	0.02601	0.04498	0.08019	0.00406
8	0.00760	0.00424	0.00522	0.00534	0.00626	0.00396	0.00384	0.00890	0.00914	0.10813	0.10093	0.38126	0.05442	0.02769	0.00484	0.00145	0.00241	0.00807	0.25226	0.00404
9	0.04828	0.00957	0.06589	0.00876	0.04521	0.00931	0.00716	0.36845	0.04367	0.09377	0.01231	0.05590	0.00978	0.00555	0.00401	0.00127	0.00391	0.03428	0.16690	0.00602
10	0.00688	0.00380	0.00516	0.00516	0.00516	0.00380	0.00326	0.00570	0.00570	0.00761	0.00942	0.01804	0.01015	0.31379	0.01820	0.56567	0.00380	0.00453	0.00208	0.00208
11	0.01440	0.16656	0.09125	0.00944	0.01311	0.01339	0.00855	0.59101	0.01669	0.02222	0.00908	0.00937	0.00666	0.00468	0.00391	0.00120	0.00475	0.00344	0.00354	0.00674
12	0.00979	0.00821	0.00980	0.00773	0.03665	0.03909	0.02979	0.03380	0.00925	0.05868	0.00818	0.00949	0.00662	0.00420	0.02157	0.00093	0.04191	0.00287	0.02105	0.64038
13	0.01152	0.55898	0.01918	0.00942	0.05661	0.11368	0.03782	0.03057	0.02820	0.01084	0.00657	0.00786	0.00582	0.00456	0.01902	0.00116	0.06808	0.00273	0.00199	0.00539
14	0.02593	0.31950	0.25949	0.00949	0.01368	0.08042	0.00990	0.20790	0.01163	0.01513	0.00744	0.00826	0.00579	0.00413	0.00354	0.00114	0.00527	0.00292	0.00242	0.00601
15	0.01113	0.06136	0.05136	0.18254	0.15558	0.05559	0.09950	0.16628	0.12078	0.01551	0.00926	0.01085	0.00711	0.00447	0.00446	0.00132	0.03036	0.00385	0.00271	0.00598
16	0.00764	0.00655	0.00986	0.07161	0.21686	0.02427	0.00781	0.00974	0.02812	0.01144	0.02343	0.03630	0.01157	0.03736	0.38548	0.00394	0.00767	0.09323	0.00249	0.00463
17	0.00519	0.00392	0.00482	0.00544	0.00609	0.00354	0.00382	0.00614	0.00878	0.01134	0.07501	0.53686	0.25729	0.01212	0.00525	0.00161	0.00238	0.04295	0.00394	0.00350
18	0.00549	0.00408	0.00512	0.00528	0.00611	0.00371	0.00380	0.00689	0.01020	0.01381	0.41344	0.30098	0.18468	0.01048	0.00509	0.00147	0.00216	0.00927	0.00425	0.00371
19	0.01393	0.01027	0.01110	0.00904	0.01198	0.01142	0.00729	0.42314	0.34830	0.08713	0.01350	0.01273	0.00975	0.00533	0.00424	0.00133	0.00401	0.00422	0.00431	0.00695
20	0.07328	0.00524	0.00528	0.00485	0.00629	0.00548	0.00376	0.08369	0.04166	0.04218	0.01303	0.01447	0.01006	0.00488	0.00312	0.00106	0.00240	0.00383	0.67097	0.00447

[dist]
# distance from previous block
# <min> <max>
0	1

[block]
# block no. 13 follows, 63 sequences, length 15
# corresponding to MSA columns:
# 962-976
name=unknown_N
#
# <colnr> <probs for GDERKNQSTAVLIFYWHMCP>
#	G	D	E	R	K	N	Q	S	T	A	V	L	I	F	Y	W	H	M	C	P
0	0.00624	0.03035	0.00673	0.05172	0.03913	0.00491	0.02283	0.00714	0.00790	0.01038	0.04567	0.27966	0.09811	0.30346	0.01073	0.00244	0.00350	0.06245	0.00317	0.00348
1	0.01255	0.46618	0.10655	0.00890	0.01239	0.22802	0.00842	0.09080	0.01053	0.01197	0.00661	0.00752	0.00556	0.00397	0.00327	0.00103	0.00550	0.00261	0.00212	0.00552
2	0.01002	0.01172	0.21379	0.03647	0.07084	0.00931	0.04929	0.09081	0.23287	0.04585	0.01241	0.07972	0.01009	0.00546	0.00449	0.00136	0.02985	0.00459	0.05781	0.02324
3	0.00935	0.08161	0.06767	0.04985	0.07570	0.03087	0.00729	0.02718	0.15358	0.07141	0.17067	0.03024	0.06627	0.00757	0.04577	0.00161	0.04553	0.02826	0.02431	0.00526
4	0.01070	0.00551	0.00699	0.00599	0.00793	0.00495	0.00469	0.01268	0.04133	0.31559	0.31650	0.02618	0.18242	0.03306	0.00516	0.00142	0.00271	0.00646	0.00462	0.00512
5	0.00985	0.00995	0.01368	0.35936	0.30497	0.11276	0.01107	0.01268	0.05055	0.01209	0.00903	0.01155	0.03166	0.00442	0.00444	0.00132	0.02917	0.00382	0.00217	0.00546
6	0.00535	0.00413	0.00488	0.00499	0.00599	0.00367	0.00363	0.00667	0.01005	0.01316	0.31513	0.22263	0.36361	0.01050	0.00506	0.00145	0.00215	0.00913	0.00416	0.00367
7	0.00684	0.00396	0.00593	0.00593	0.00620	0.00423	0.00423	0.00620	0.00593	0.00818	0.00872	0.01412	0.00845	0.02066	0.30971	0.56588	0.00638	0.00396	0.00198	0.00252
8	0.01222	0.49616	0.03614	0.03373	0.04242	0.16073	0.02096	0.10166	0.01035	0.01202	0.00669	0.00785	0.00572	0.00428	0.00368	0.02995	0.00516	0.00271	0.00215	0.00543
9	0.00632	0.00451	0.00560	0.03763	0.00734	0.00413	0.00431	0.00779	0.01019	0.05821	0.28584	0.16002	0.31419	0.00990	0.00502	0.00146	0.00247	0.06701	0.00413	0.00393
10	0.10912	0.01259	0.16770	0.02795	0.10154	0.09015	0.05665	0.05762	0.05968	0.04537	0.00903	0.01060	0.03106	0.00515	0.00620	0.00142	0.19651	0.00365	0.00246	0.00555
11	0.07695	0.18704	0.05658	0.01031	0.08094	0.05116	0.05049	0.17047	0.14576	0.09942	0.01072	0.01096	0.02208	0.00460	0.00381	0.00123	0.00452	0.00362	0.00318	0.00617
12	0.24746	0.01975	0.07302	0.01865	0.11235	0.00712	0.00638	0.01973	0.03061	0.01434	0.03089	0.13690	0.17633	0.00768	0.02335	0.00152	0.00358	0.03626	0.02946	0.00461
13	0.24452	0.03084	0.16169	0.01017	0.06750	0.03731	0.05040	0.08663	0.09897	0.01604	0.03365	0.05022	0.00840	0.00510	0.00468	0.00137	0.08043	0.00385	0.00274	0.00549
14	0.00902	0.03220	0.13509	0.10296	0.07626	0.02218	0.12791	0.03867	0.03265	0.03749	0.01180	0.12147	0.02494	0.00560	0.00455	0.00132	0.03789	0.00496	0.13324	0.03980

[dist]
# distance from previous block
# <min> <max>
3	99

[block]
# block no. 14 follows, 63 sequences, length 15
# corresponding to MSA columns:
# 1098-1112
name=unknown_O
#
# <colnr> <probs for GDERKNQSTAVLIFYWHMCP>
#	G	D	E	R	K	N	Q	S	T	A	V	L	I	F	Y	W	H	M	C	P
0	0.00946	0.06500	0.04471	0.00779	0.03434	0.10625	0.00598	0.09919	0.06247	0.04628	0.06273	0.19466	0.07960	0.11591	0.00663	0.00172	0.00398	0.03045	0.01819	0.00467
1	0.25873	0.01063	0.04112	0.00931	0.08086	0.12264	0.00702	0.12972	0.04449	0.11022	0.01866	0.01076	0.01703	0.00494	0.01562	0.00129	0.00444	0.01769	0.00311	0.09172
2	0.08661	0.03051	0.10758	0.01833	0.01187	0.12769	0.02769	0.13614	0.08237	0.05707	0.01092	0.02896	0.04346	0.05372	0.00578	0.00143	0.08010	0.00392	0.00293	0.08292
3	0.12005	0.14134	0.02789	0.12180	0.04340	0.12385	0.05231	0.12185	0.04626	0.03789	0.00801	0.00943	0.00631	0.00496	0.02380	0.00134	0.04186	0.00324	0.00258	0.06184
4	0.04798	0.03239	0.00899	0.00731	0.00952	0.00693	0.05156	0.09678	0.04390	0.05034	0.08215	0.08502	0.16283	0.00736	0.00478	0.00133	0.03418	0.10322	0.00351	0.15993
5	0.00867	0.00808	0.01311	0.55763	0.14821	0.00937	0.02936	0.04031	0.00900	0.01200	0.00863	0.01170	0.03055	0.00442	0.00459	0.00135	0.04196	0.00385	0.00209	0.05512
6	0.00712	0.00547	0.00621	0.00587	0.00738	0.00538	0.00452	0.02553	0.17146	0.04104	0.27820	0.05577	0.31147	0.00887	0.00484	0.00142	0.00251	0.04821	0.00425	0.00449
7	0.00815	0.00496	0.00663	0.03069	0.00723	0.00531	0.00453	0.06907	0.05377	0.01042	0.04430	0.01417	0.00943	0.04969	0.01343	0.58376	0.03443	0.00402	0.04308	0.00292
8	0.01145	0.00805	0.00851	0.00707	0.00937	0.00866	0.00565	0.33755	0.13450	0.02008	0.01377	0.01422	0.04595	0.00526	0.00375	0.00117	0.00331	0.00415	0.31364	0.04392
9	0.11075	0.00492	0.00500	0.00472	0.00607	0.00502	0.00362	0.04415	0.00945	0.05354	0.07438	0.05522	0.03907	0.00565	0.00334	0.00112	0.00233	0.00454	0.56287	0.00425
10	0.02396	0.21853	0.32333	0.00954	0.01392	0.02160	0.02772	0.08678	0.04594	0.15554	0.02867	0.01025	0.00754	0.00438	0.00377	0.00122	0.00497	0.00336	0.00280	0.00618
11	0.00727	0.00393	0.00542	0.00535	0.00549	0.00393	0.00349	0.00624	0.00593	0.03416	0.00949	0.01723	0.00984	0.25529	0.05569	0.55827	0.00413	0.00442	0.00216	0.00229
12	0.00595	0.00419	0.00515	0.00556	0.00592	0.00411	0.00369	0.03075	0.00778	0.01033	0.01931	0.40143	0.05449	0.33309	0.04125	0.00278	0.00352	0.05413	0.00333	0.00324
13	0.00942	0.04387	0.01204	0.02556	0.03572	0.04294	0.06637	0.01146	0.03447	0.01250	0.00725	0.00923	0.00620	0.00446	0.00618	0.00109	0.22699	0.00312	0.00228	0.43883
14	0.01160	0.11580	0.04121	0.01017	0.05509	0.23466	0.03218	0.07662	0.19741	0.01374	0.03623	0.04905	0.00977	0.00692	0.05702	0.00161	0.03844	0.00407	0.00289	0.00551

[dist]
# distance from previous block
# <min> <max>
0	27

[block]
# block no. 15 follows, 63 sequences, length 9
# corresponding to MSA columns:
# 1140-1148
name=unknown_P
#
# <colnr> <probs for GDERKNQSTAVLIFYWHMCP>
#	G	D	E	R	K	N	Q	S	T	A	V	L	I	F	Y	W	H	M	C	P
0	0.17043	0.15270	0.05244	0.01130	0.14740	0.07586	0.06838	0.05654	0.00957	0.05151	0.00769	0.00908	0.00617	0.00494	0.03652	0.00134	0.00491	0.00308	0.00245	0.12768
1	0.14684	0.00944	0.09421	0.16212	0.05589	0.02780	0.12102	0.02268	0.03720	0.01314	0.01002	0.09518	0.02088	0.03140	0.00593	0.03925	0.07181	0.00459	0.02579	0.00480
2	0.00599	0.00412	0.00470	0.00476	0.00498	0.00403	0.00289	0.00628	0.00688	0.00906	0.04777	0.05899	0.09142	0.67643	0.01801	0.00355	0.00375	0.04074	0.00286	0.00278
3	0.00809	0.00481	0.00581	0.00534	0.00691	0.00419	0.00408	0.00948	0.01055	0.18033	0.24310	0.10930	0.37349	0.00922	0.00485	0.00140	0.00242	0.00787	0.00436	0.00439
4	0.00792	0.00564	0.00660	0.00637	0.00779	0.00569	0.00475	0.01204	0.22876	0.08692	0.17255	0.26738	0.15243	0.00918	0.00483	0.00148	0.00265	0.00801	0.00425	0.00475
5	0.66602	0.00851	0.00746	0.00631	0.00909	0.00954	0.00520	0.12086	0.00941	0.11323	0.00766	0.00813	0.00558	0.00421	0.00300	0.00130	0.00347	0.00270	0.00312	0.00520
6	0.01488	0.01072	0.01145	0.00890	0.01194	0.01181	0.00731	0.70407	0.01829	0.02504	0.01058	0.01084	0.00764	0.00503	0.00403	0.00122	0.00427	0.00380	0.12146	0.00671
