[name]
unknown

[dist]
# distance from previous block
# <min> <max>
0	122

[block]
# block no. 0 follows, 69 sequences, length 18
# corresponding to MSA columns:
# 124-141
name=unknown_A
#
# <colnr> <probs for GDERKNQSTAVLIFYWHMCP>
#	G	D	E	R	K	N	Q	S	T	A	V	L	I	F	Y	W	H	M	C	P
0	0.02961	0.06906	0.06209	0.02333	0.00885	0.00637	0.02091	0.10275	0.02451	0.05257	0.06090	0.34273	0.03918	0.01630	0.02008	0.00151	0.00339	0.09612	0.00334	0.01641
1	0.01003	0.04508	0.04953	0.02270	0.01066	0.07173	0.00614	0.15836	0.07206	0.02720	0.00876	0.04832	0.00728	0.00404	0.00337	0.00089	0.00370	0.00319	0.00274	0.44422
2	0.06493	0.08441	0.16303	0.04449	0.03570	0.04290	0.09102	0.17862	0.05111	0.02603	0.01003	0.09073	0.02337	0.01833	0.01949	0.00133	0.00462	0.00413	0.00266	0.04308
3	0.01096	0.54390	0.08791	0.04556	0.01183	0.17112	0.00768	0.03495	0.00888	0.01014	0.00593	0.00694	0.00511	0.00356	0.00293	0.00093	0.00488	0.00235	0.00183	0.03263
4	0.00584	0.00413	0.00498	0.00545	0.00591	0.02985	0.00371	0.00648	0.00771	0.04306	0.06685	0.57466	0.05584	0.10054	0.02373	0.04260	0.00281	0.00917	0.00342	0.00325
5	0.01022	0.01044	0.01495	0.08210	0.66456	0.12541	0.01133	0.01239	0.00915	0.01216	0.00716	0.00939	0.00598	0.00360	0.00384	0.00115	0.00503	0.00336	0.00194	0.00584
6	0.00981	0.10448	0.04677	0.00927	0.03424	0.10057	0.09777	0.04317	0.02253	0.04649	0.02215	0.02772	0.00700	0.00526	0.03231	0.00127	0.15849	0.00334	0.01849	0.20889
7	0.00550	0.00603	0.12168	0.00665	0.02398	0.00437	0.00542	0.00682	0.00768	0.01058	0.04463	0.60275	0.03492	0.01129	0.04235	0.01624	0.01609	0.00897	0.02041	0.00364
8	0.00559	0.00394	0.00498	0.00501	0.00547	0.00410	0.00345	0.00637	0.00666	0.00920	0.05126	0.05972	0.09456	0.37449	0.30484	0.00409	0.00572	0.00564	0.04193	0.00301
9	0.00658	0.00469	0.02454	0.00515	0.00643	0.00406	0.00397	0.01903	0.03053	0.08884	0.26302	0.19470	0.27681	0.00880	0.00451	0.00132	0.00227	0.00761	0.04324	0.00390
10	0.05724	0.10472	0.31897	0.02740	0.11131	0.07701	0.11638	0.02207	0.03710	0.02366	0.00855	0.02932	0.02906	0.00407	0.00371	0.00118	0.00517	0.00345	0.00207	0.01756
11	0.00791	0.00394	0.00556	0.00534	0.00575	0.00387	0.00367	0.00717	0.02881	0.10039	0.00918	0.05112	0.00878	0.08724	0.01369	0.64540	0.00337	0.00404	0.00226	0.00251
12	0.00487	0.00359	0.00459	0.00530	0.00577	0.00330	0.00368	0.00572	0.00798	0.01045	0.06036	0.64665	0.15557	0.01164	0.00495	0.00155	0.00228	0.05484	0.00367	0.00325
13	0.03379	0.04856	0.38125	0.01346	0.10224	0.08897	0.22588	0.01258	0.00874	0.01216	0.00705	0.00879	0.00535	0.00370	0.00415	0.00123	0.03146	0.00334	0.00183	0.00547
14	0.00931	0.11331	0.40945	0.00945	0.02178	0.03602	0.03810	0.04495	0.07724	0.07707	0.08869	0.02555	0.02306	0.00459	0.00378	0.00120	0.00470	0.00372	0.00253	0.00550
15	0.00823	0.08308	0.29983	0.02480	0.04532	0.00760	0.03328	0.02461	0.02380	0.07410	0.08916	0.15087	0.01288	0.02850	0.00500	0.02907	0.02147	0.03088	0.00266	0.00485
16	0.00997	0.00635	0.00881	0.01960	0.06457	0.00625	0.06275	0.04868	0.07354	0.22664	0.08810	0.07151	0.15979	0.06233	0.00566	0.00145	0.04280	0.00554	0.03075	0.00492
17	0.00908	0.20803	0.12940	0.05232	0.02135	0.09746	0.01731	0.03907	0.02319	0.05715	0.04643	0.06800	0.18300	0.00587	0.00400	0.00118	0.02516	0.00465	0.00265	0.00469

[dist]
# distance from previous block
# <min> <max>
1	5

[block]
# block no. 1 follows, 69 sequences, length 23
# corresponding to MSA columns:
# 150-172
name=unknown_B
#
# <colnr> <probs for GDERKNQSTAVLIFYWHMCP>
#	G	D	E	R	K	N	Q	S	T	A	V	L	I	F	Y	W	H	M	C	P
0	0.01051	0.02183	0.00858	0.02333	0.03306	0.03461	0.03088	0.07059	0.03764	0.24207	0.05355	0.19755	0.01385	0.06125	0.03782	0.00166	0.06196	0.00563	0.04877	0.00485
1	0.08233	0.02608	0.04042	0.03930	0.01171	0.06153	0.06413	0.21023	0.21438	0.06931	0.02020	0.01275	0.05129	0.00503	0.00428	0.00126	0.04471	0.01398	0.02152	0.00556
2	0.00986	0.00867	0.02429	0.06919	0.24510	0.04077	0.10692	0.05832	0.02460	0.08656	0.02533	0.08355	0.00867	0.00469	0.00444	0.00118	0.05248	0.00419	0.00258	0.13861
3	0.01003	0.01028	0.01203	0.19813	0.26665	0.20353	0.00922	0.02442	0.02094	0.03003	0.00853	0.05614	0.01870	0.03547	0.00524	0.00133	0.07840	0.00384	0.00215	0.00493
4	0.31487	0.00938	0.01294	0.01017	0.02506	0.05699	0.27842	0.11055	0.00950	0.05416	0.00807	0.01059	0.00644	0.03291	0.00431	0.00135	0.01430	0.03244	0.00258	0.00496
5	0.01030	0.10571	0.31427	0.01043	0.04391	0.02217	0.07594	0.19194	0.10417	0.03406	0.00897	0.02214	0.00682	0.00487	0.02604	0.00133	0.00505	0.00346	0.00258	0.00583
6	0.00944	0.00963	0.01639	0.06246	0.46419	0.05436	0.20915	0.01184	0.00887	0.01214	0.00790	0.01114	0.00668	0.00481	0.03511	0.00143	0.03600	0.03092	0.00200	0.00554
7	0.00738	0.00535	0.00717	0.06144	0.00907	0.00551	0.02770	0.10989	0.03698	0.04834	0.07096	0.37535	0.02991	0.01028	0.04497	0.00172	0.00349	0.13683	0.00354	0.00412
8	0.07555	0.00693	0.00914	0.03790	0.03549	0.00669	0.03729	0.07365	0.06531	0.43511	0.12145	0.01557	0.05174	0.00531	0.00398	0.00123	0.00335	0.00443	0.00412	0.00577
9	0.00765	0.04886	0.00838	0.00762	0.03733	0.03420	0.03531	0.05746	0.01906	0.04458	0.06801	0.20949	0.10954	0.04102	0.01653	0.00161	0.08946	0.15660	0.00321	0.00410
10	0.00809	0.00582	0.00724	0.00656	0.00815	0.00588	0.03014	0.01245	0.25687	0.09801	0.24509	0.20630	0.03619	0.00747	0.00437	0.00131	0.00267	0.00659	0.00394	0.04685
11	0.00557	0.00406	0.00594	0.00603	0.00661	0.00460	0.00454	0.00669	0.00633	0.00900	0.01161	0.10018	0.01162	0.08681	0.67368	0.03723	0.00895	0.00497	0.00226	0.00332
12	0.07203	0.03810	0.06387	0.03787	0.03122	0.21879	0.07467	0.16987	0.10731	0.04869	0.01951	0.02690	0.00799	0.04221	0.00450	0.00130	0.00494	0.02214	0.00282	0.00525
13	0.00907	0.00896	0.01383	0.37299	0.43936	0.06596	0.01125	0.01143	0.00862	0.01141	0.00711	0.00984	0.00572	0.00371	0.00387	0.00121	0.00506	0.00342	0.00186	0.00531
14	0.04760	0.00668	0.00870	0.00683	0.00967	0.00600	0.00563	0.05849	0.01121	0.69133	0.01651	0.01539	0.06249	0.00531	0.00398	0.00124	0.00330	0.02877	0.00460	0.00628
15	0.00660	0.00507	0.00706	0.06339	0.09212	0.00523	0.00546	0.02993	0.00838	0.03979	0.06686	0.39738	0.10571	0.03252	0.00560	0.00152	0.06169	0.03753	0.02424	0.00391
16	0.05470	0.09794	0.19683	0.14533	0.13404	0.02124	0.07480	0.02280	0.02540	0.02486	0.05439	0.01226	0.02371	0.05122	0.03299	0.00152	0.00493	0.01387	0.00218	0.00499
17	0.01325	0.01300	0.01267	0.03358	0.07983	0.32494	0.09927	0.22751	0.05118	0.07082	0.00850	0.00938	0.00644	0.00487	0.02612	0.00128	0.00570	0.00336	0.00279	0.00551
18	0.00486	0.00355	0.00457	0.00522	0.00566	0.00327	0.00357	0.00573	0.00814	0.01082	0.13019	0.65578	0.12129	0.01145	0.00491	0.00151	0.00219	0.01028	0.00373	0.00327
19	0.00885	0.00838	0.02981	0.33732	0.28437	0.01852	0.11233	0.01151	0.02747	0.05102	0.00932	0.03385	0.03040	0.00426	0.00406	0.00127	0.00492	0.01499	0.00217	0.00518
20	0.03584	0.09995	0.03280	0.10769	0.08567	0.16033	0.12956	0.15480	0.03668	0.05075	0.05169	0.01025	0.00768	0.00422	0.00391	0.00117	0.01558	0.00354	0.00258	0.00532
21	0.00841	0.05025	0.00810	0.00667	0.00780	0.00742	0.00522	0.07584	0.10532	0.05376	0.02330	0.01544	0.02386	0.16396	0.17056	0.00270	0.14552	0.00423	0.11738	0.00426
22	0.00914	0.16218	0.15040	0.00914	0.06466	0.01972	0.07448	0.06216	0.00905	0.02416	0.02952	0.04096	0.00725	0.00383	0.00339	0.00094	0.00413	0.00320	0.00228	0.31940

[dist]
# distance from previous block
# <min> <max>
1	2

[block]
# block no. 2 follows, 69 sequences, length 45
# corresponding to MSA columns:
# 175-183,187-222
name=unknown_C
#
# <colnr> <probs for GDERKNQSTAVLIFYWHMCP>
#	G	D	E	R	K	N	Q	S	T	A	V	L	I	F	Y	W	H	M	C	P
0	0.00947	0.03803	0.04751	0.00738	0.03994	0.00699	0.00595	0.09611	0.07073	0.09226	0.07664	0.03117	0.05565	0.00492	0.00399	0.00102	0.03686	0.02745	0.01325	0.33467
1	0.00506	0.00386	0.00434	0.00441	0.00521	0.00347	0.00305	0.00593	0.00836	0.01070	0.16799	0.14354	0.39848	0.20855	0.00825	0.00192	0.00242	0.00785	0.00346	0.00314
2	0.02046	0.02233	0.09298	0.05760	0.06108	0.04972	0.02177	0.01197	0.19437	0.01245	0.09180	0.04281	0.04125	0.03230	0.14509	0.00219	0.06115	0.00452	0.02946	0.00471
3	0.00991	0.15436	0.10567	0.00884	0.02289	0.11356	0.00777	0.09111	0.08340	0.02535	0.00858	0.05010	0.00757	0.02005	0.09608	0.00184	0.18205	0.00363	0.00236	0.00492
4	0.00786	0.00643	0.00771	0.00614	0.00872	0.00547	0.02107	0.02546	0.09364	0.02943	0.05458	0.12927	0.03100	0.03655	0.00414	0.00101	0.00290	0.00438	0.00289	0.52136
5	0.02191	0.01091	0.03894	0.09648	0.31321	0.19217	0.02821	0.07132	0.02421	0.02584	0.00834	0.01058	0.01867	0.00658	0.08618	0.00168	0.02483	0.01247	0.00222	0.00527
6	0.02084	0.30014	0.13116	0.01104	0.06572	0.01156	0.20672	0.03752	0.12855	0.03806	0.00835	0.00934	0.00651	0.00378	0.00358	0.00113	0.00483	0.00335	0.00228	0.00553
7	0.00479	0.00346	0.00454	0.00535	0.00567	0.00321	0.00360	0.00553	0.00771	0.01023	0.04954	0.78362	0.07425	0.01200	0.00497	0.00156	0.00224	0.01084	0.00366	0.00321
8	0.02501	0.00755	0.01103	0.09747	0.32941	0.00739	0.00839	0.01060	0.02825	0.03859	0.01627	0.27243	0.07980	0.00786	0.00488	0.00158	0.00408	0.02129	0.00324	0.02488
9	0.04414	0.00952	0.01393	0.04481	0.34761	0.03541	0.10260	0.20909	0.02469	0.07306	0.01803	0.04284	0.00758	0.00431	0.00397	0.00121	0.00459	0.00393	0.00277	0.00591
10	0.00528	0.00400	0.00487	0.00480	0.00576	0.00364	0.00354	0.00691	0.02539	0.01359	0.49649	0.14042	0.25283	0.00905	0.00466	0.00131	0.00197	0.00790	0.00404	0.00357
11	0.00950	0.00912	0.01565	0.12101	0.48828	0.00913	0.14178	0.05661	0.00930	0.01308	0.00749	0.00978	0.00604	0.00353	0.00392	0.00116	0.00487	0.00357	0.00207	0.08411
12	0.50241	0.00631	0.00550	0.00514	0.00665	0.02589	0.00386	0.00943	0.00649	0.01358	0.00812	0.01292	0.00779	0.24084	0.11131	0.00253	0.00423	0.00339	0.01997	0.00364
13	0.00488	0.00397	0.00428	0.00421	0.00540	0.00342	0.00313	0.00605	0.00934	0.01171	0.22724	0.03534	0.62050	0.03697	0.00513	0.00138	0.00201	0.00791	0.00376	0.00337
14	0.88991	0.00758	0.00576	0.00516	0.00758	0.00879	0.00425	0.01152	0.00667	0.01759	0.00546	0.00637	0.00425	0.00364	0.00243	0.00121	0.00303	0.00212	0.00243	0.00425
15	0.01093	0.21991	0.12423	0.00882	0.01206	0.22746	0.07098	0.03039	0.02844	0.04886	0.04659	0.00904	0.00714	0.00387	0.00339	0.00099	0.00498	0.00295	0.00225	0.13670
16	0.01060	0.00857	0.01262	0.09298	0.37967	0.00919	0.00935	0.08173	0.15403	0.10108	0.00970	0.01099	0.00749	0.00464	0.00488	0.02941	0.06078	0.00370	0.00273	0.00585
17	0.00609	0.00518	0.00540	0.00518	0.00670	0.00510	0.00395	0.00987	0.23356	0.01233	0.05581	0.04998	0.55610	0.00868	0.00448	0.00134	0.00232	0.02005	0.00376	0.00411
18	0.02824	0.00567	0.00813	0.00903	0.14688	0.00546	0.03568	0.01017	0.03406	0.11756	0.22167	0.07881	0.08201	0.05247	0.00516	0.00144	0.00308	0.09498	0.05498	0.00449
19	0.06097	0.03303	0.09122	0.06647	0.14121	0.24989	0.02695	0.05464	0.04084	0.11223	0.05592	0.01116	0.01802	0.00443	0.00376	0.00116	0.00500	0.01518	0.00265	0.00527
20	0.06708	0.00717	0.01018	0.13510	0.13085	0.04293	0.08428	0.02316	0.04178	0.06813	0.06585	0.10487	0.04683	0.08047	0.01562	0.00160	0.01422	0.05256	0.00280	0.00454
21	0.00498	0.00359	0.00474	0.00557	0.00594	0.00337	0.00391	0.00581	0.00774	0.01020	0.02228	0.69235	0.06965	0.03129	0.00538	0.00165	0.00246	0.11225	0.00361	0.00323
22	0.00944	0.03504	0.19105	0.12892	0.06633	0.03331	0.00853	0.13381	0.05840	0.06451	0.01253	0.03224	0.08816	0.00586	0.03479	0.00139	0.00447	0.00406	0.08197	0.00519
23	0.01083	0.07693	0.02914	0.06036	0.42523	0.05569	0.04707	0.08872	0.03514	0.08095	0.02053	0.01112	0.00742	0.00410	0.00386	0.00118	0.00463	0.02876	0.00248	0.00584
24	0.00856	0.00819	0.01375	0.29180	0.38957	0.00919	0.04065	0.01078	0.00811	0.01129	0.00737	0.01073	0.00621	0.00530	0.04152	0.00152	0.10979	0.01863	0.00189	0.00517
25	0.00504	0.00365	0.00473	0.00540	0.00577	0.00349	0.00368	0.00604	0.02612	0.01035	0.06859	0.66033	0.06015	0.06881	0.03200	0.00185	0.00264	0.02458	0.00355	0.00325
26	0.01061	0.02972	0.11798	0.05710	0.19193	0.04753	0.06380	0.09108	0.02369	0.14172	0.05416	0.06160	0.02486	0.00502	0.00460	0.00126	0.06077	0.00423	0.00281	0.00551
27	0.01084	0.11241	0.16714	0.01400	0.24804	0.03579	0.10209	0.11908	0.04020	0.08564	0.00893	0.00998	0.02023	0.00397	0.00379	0.00117	0.00485	0.00348	0.00248	0.00589
28	0.00676	0.00629	0.03919	0.00908	0.08899	0.00708	0.00671	0.00817	0.00660	0.00967	0.00936	0.05344	0.00904	0.04050	0.47298	0.00423	0.21161	0.00427	0.00206	0.00399
29	0.06646	0.00495	0.00436	0.00425	0.00534	0.06110	0.00322	0.00969	0.00827	0.01435	0.01179	0.01357	0.00932	0.00504	0.02217	0.00106	0.00246	0.00349	0.74537	0.00375
30	0.00984	0.13623	0.12357	0.02561	0.36984	0.05438	0.05281	0.03198	0.02289	0.04612	0.02265	0.03711	0.02302	0.00428	0.00378	0.00117	0.00469	0.02220	0.00223	0.00560
31	0.03818	0.14632	0.34534	0.02871	0.03434	0.02301	0.04490	0.04305	0.02742	0.06186	0.01049	0.14592	0.02363	0.00528	0.00379	0.00123	0.00457	0.00439	0.00240	0.00519
32	0.01045	0.01304	0.10730	0.02936	0.02069	0.33715	0.04412	0.03505	0.08413	0.01118	0.01086	0.10404	0.04732	0.03219	0.00528	0.00133	0.08432	0.01509	0.00246	0.00464
33	0.49308	0.03969	0.06610	0.06336	0.02862	0.13037	0.00632	0.03563	0.00816	0.04525	0.00733	0.00830	0.03059	0.00404	0.00316	0.00119	0.01913	0.00268	0.00239	0.00460
34	0.00552	0.00391	0.00492	0.00497	0.00570	0.00379	0.00357	0.00647	0.00800	0.02248	0.17517	0.15961	0.21019	0.12900	0.17129	0.04480	0.00399	0.00695	0.02642	0.00325
35	0.04254	0.05582	0.22711	0.04555	0.05518	0.03879	0.03896	0.06764	0.05340	0.12845	0.05771	0.02091	0.02063	0.00433	0.00368	0.00112	0.00429	0.00354	0.00275	0.12758
36	0.00711	0.02372	0.02016	0.02177	0.02682	0.08681	0.00484	0.00868	0.03469	0.01143	0.14900	0.17143	0.07222	0.11763	0.03816	0.00173	0.00357	0.05539	0.00303	0.14182
37	0.09390	0.00730	0.03522	0.00585	0.00917	0.00561	0.00486	0.00994	0.00811	0.01329	0.03712	0.00932	0.02348	0.00333	0.00298	0.00070	0.00296	0.00261	0.00241	0.72184
38	0.00919	0.11321	0.18574	0.08350	0.09371	0.01959	0.05823	0.07041	0.03420	0.05824	0.09437	0.02150	0.04314	0.00485	0.01218	0.00120	0.01752	0.00387	0.00256	0.07278
39	0.16174	0.09634	0.09740	0.01599	0.02981	0.02768	0.01734	0.09634	0.04526	0.16857	0.03184	0.03308	0.01621	0.02806	0.01343	0.02785	0.01497	0.03928	0.00301	0.03579
40	0.02350	0.01951	0.09797	0.01435	0.02006	0.04596	0.03558	0.09385	0.03211	0.06581	0.03343	0.04354	0.03105	0.24703	0.01949	0.00194	0.02362	0.00440	0.02915	0.11765
41	0.03104	0.02875	0.12346	0.02730	0.04351	0.07253	0.02980	0.07231	0.04539	0.16306	0.08407	0.07186	0.04323	0.05683	0.00501	0.00141	0.00401	0.06360	0.00321	0.02961
42	0.03085	0.10803	0.09190	0.02511	0.03636	0.09302	0.02046	0.10277	0.05272	0.07334	0.03926	0.10588	0.02144	0.00624	0.04167	0.00134	0.00432	0.00418	0.02170	0.11942
43	0.00919	0.05165	0.12458	0.05310	0.07308	0.01875	0.04075	0.10066	0.05483	0.07406	0.07407	0.09266	0.04333	0.02315	0.01707	0.00137	0.05036	0.02643	0.00290	0.06802
44	0.03646	0.06489	0.13985	0.07777	0.05170	0.02886	0.05275	0.07539	0.04577	0.08707	0.10784	0.06851	0.04870	0.02492	0.00461	0.00129	0.03212	0.01240	0.00288	0.03621

[dist]
# distance from previous block
# <min> <max>
8	88

[block]
# block no. 3 follows, 69 sequences, length 29
# corresponding to MSA columns:
# 317-345
name=unknown_D
#
# <colnr> <probs for GDERKNQSTAVLIFYWHMCP>
#	G	D	E	R	K	N	Q	S	T	A	V	L	I	F	Y	W	H	M	C	P
0	0.12723	0.02864	0.02627	0.04525	0.14991	0.06013	0.05668	0.12220	0.05635	0.11175	0.02390	0.00984	0.00706	0.00401	0.00366	0.00110	0.01394	0.00327	0.00282	0.14599
1	0.05803	0.02707	0.04972	0.11029	0.30946	0.00878	0.04388	0.05219	0.11525	0.07384	0.00988	0.01141	0.02587	0.00415	0.00379	0.00118	0.00424	0.01546	0.00259	0.07292
2	0.00912	0.00837	0.01299	0.24478	0.37813	0.02010	0.02792	0.04202	0.06033	0.02350	0.02564	0.01083	0.01752	0.00390	0.00383	0.00116	0.00448	0.00358	0.00224	0.09955
3	0.04273	0.00796	0.01115	0.04717	0.29198	0.00799	0.02330	0.06088	0.14595	0.09394	0.04246	0.03793	0.04500	0.00465	0.00383	0.00115	0.00373	0.00408	0.00295	0.12117
4	0.02453	0.00842	0.01299	0.28143	0.36190	0.02277	0.02262	0.01309	0.12404	0.06348	0.00887	0.01075	0.00685	0.00403	0.00403	0.00124	0.01744	0.00363	0.00235	0.00555
5	0.07440	0.00880	0.01222	0.14084	0.34651	0.02783	0.00917	0.11323	0.11028	0.07349	0.00975	0.01095	0.02564	0.00419	0.00380	0.00121	0.00427	0.00361	0.00269	0.01712
6	0.00989	0.00869	0.01287	0.09956	0.39837	0.05652	0.05210	0.01275	0.07769	0.08717	0.05745	0.03640	0.02770	0.00446	0.00397	0.00119	0.00435	0.00410	0.00260	0.04216
7	0.00931	0.00791	0.01230	0.44244	0.20612	0.00884	0.02043	0.06660	0.07364	0.06472	0.00848	0.01063	0.00639	0.00399	0.00388	0.00123	0.00467	0.00356	0.00233	0.04253
8	0.01058	0.00975	0.01407	0.09236	0.40508	0.08672	0.08005	0.06549	0.03804	0.06585	0.02081	0.01017	0.00687	0.00389	0.00404	0.00116	0.01997	0.00355	0.00237	0.05917
9	0.00569	0.00414	0.00621	0.00621	0.00686	0.00479	0.00479	0.00686	0.00621	0.00893	0.01022	0.01514	0.00957	0.02820	0.78341	0.07325	0.00996	0.00414	0.00207	0.00336
10	0.00513	0.00397	0.00468	0.00454	0.00561	0.00352	0.00339	0.00658	0.01005	0.01334	0.46861	0.06265	0.37585	0.00898	0.00464	0.00128	0.00192	0.00774	0.00400	0.00352
11	0.00813	0.00697	0.00813	0.00581	0.00929	0.00523	0.00465	0.00987	0.00813	0.01277	0.00697	0.00813	0.00581	0.00290	0.00290	0.00058	0.00290	0.00232	0.00232	0.88619
12	0.00973	0.00829	0.01403	0.26265	0.47084	0.00867	0.03911	0.01208	0.00890	0.09621	0.02655	0.01076	0.00696	0.00385	0.00394	0.00122	0.00469	0.00366	0.00223	0.00563
13	0.00862	0.00819	0.01296	0.30052	0.30959	0.03333	0.04204	0.03680	0.00854	0.01160	0.02612	0.01140	0.00707	0.00643	0.07774	0.00172	0.07142	0.01888	0.00202	0.00502
14	0.05921	0.00833	0.01154	0.65407	0.05951	0.09268	0.01014	0.01074	0.00808	0.01051	0.00675	0.00978	0.00519	0.00400	0.00410	0.00128	0.03451	0.00331	0.00182	0.00445
15	0.01446	0.01056	0.01137	0.00884	0.01188	0.01168	0.00726	0.71194	0.10292	0.05310	0.01031	0.01010	0.00733	0.00478	0.00393	0.00119	0.00415	0.00364	0.00396	0.00662
16	0.80876	0.00775	0.00615	0.00545	0.00789	0.00897	0.00447	0.04027	0.05464	0.01777	0.00620	0.00695	0.00478	0.00377	0.00257	0.00122	0.00308	0.00230	0.00257	0.00444
17	0.42931	0.00774	0.00788	0.00638	0.00915	0.00811	0.00526	0.13291	0.01003	0.30763	0.00960	0.00932	0.00656	0.00420	0.00319	0.00119	0.00332	0.00297	0.00349	0.03174
18	0.00577	0.00404	0.00583	0.00583	0.00633	0.00454	0.00432	0.00656	0.00606	0.00858	0.01033	0.01657	0.01012	0.15822	0.61248	0.11633	0.00856	0.00434	0.00209	0.00310
19	0.07053	0.00694	0.00913	0.00710	0.00993	0.00647	0.00587	0.03780	0.01082	0.72205	0.01411	0.01254	0.00903	0.00489	0.00436	0.00124	0.05250	0.00379	0.00450	0.00639
20	0.00469	0.00399	0.00405	0.00408	0.00539	0.00335	0.00309	0.00571	0.00894	0.01063	0.03906	0.03795	0.80817	0.00996	0.00466	0.00134	0.00204	0.03592	0.00364	0.00332
21	0.00491	0.00353	0.00469	0.00554	0.00587	0.00331	0.00384	0.00572	0.00774	0.01027	0.03710	0.75213	0.05174	0.01201	0.00502	0.00159	0.00237	0.07576	0.00365	0.00323
22	0.00494	0.00373	0.00475	0.00550	0.02441	0.00341	0.00369	0.00585	0.00824	0.01081	0.11261	0.57182	0.20364	0.01111	0.00486	0.00149	0.00222	0.00991	0.00367	0.00334
23	0.12528	0.00741	0.00869	0.00700	0.00968	0.00743	0.00570	0.12522	0.13496	0.43672	0.07973	0.01342	0.01115	0.00501	0.00381	0.00123	0.00327	0.00399	0.00425	0.00605
24	0.00509	0.00356	0.00465	0.00542	0.00581	0.00329	0.00370	0.00585	0.00774	0.02886	0.02290	0.75413	0.09032	0.01189	0.00496	0.00157	0.00231	0.03099	0.00367	0.00328
25	0.00552	0.00430	0.00612	0.05500	0.00768	0.00478	0.00483	0.00654	0.00698	0.00962	0.01570	0.45525	0.01767	0.03450	0.27399	0.00313	0.07435	0.00775	0.00286	0.00343
26	0.00732	0.01240	0.39042	0.01009	0.08379	0.00730	0.03078	0.03451	0.03309	0.01232	0.05952	0.16823	0.06613	0.03097	0.02063	0.00148	0.01830	0.00527	0.00250	0.00493
27	0.05803	0.00779	0.00911	0.08079	0.07991	0.11249	0.03673	0.04800	0.00836	0.04737	0.01057	0.13547	0.01027	0.10080	0.09851	0.00212	0.09131	0.00479	0.05334	0.00425
28	0.09096	0.45285	0.06308	0.03180	0.04797	0.10959	0.00712	0.02275	0.00820	0.01062	0.00644	0.00823	0.00573	0.03728	0.05307	0.00140	0.02244	0.00262	0.01307	0.00478

[dist]
# distance from previous block
# <min> <max>
4	9

[block]
# block no. 4 follows, 69 sequences, length 21
# corresponding to MSA columns:
# 358-378
name=unknown_E
#
# <colnr> <probs for GDERKNQSTAVLIFYWHMCP>
#	G	D	E	R	K	N	Q	S	T	A	V	L	I	F	Y	W	H	M	C	P
0	0.08420	0.00851	0.00939	0.05729	0.02282	0.02710	0.02737	0.17475	0.39976	0.03094	0.04476	0.04746	0.03781	0.00539	0.00393	0.00128	0.00354	0.00444	0.00359	0.00566
1	0.00912	0.00872	0.01486	0.23439	0.63200	0.00916	0.01174	0.01152	0.00865	0.01210	0.00727	0.00989	0.00596	0.00360	0.00389	0.00120	0.00480	0.00349	0.00189	0.00574
2	0.00993	0.31646	0.25367	0.05277	0.07390	0.09594	0.01900	0.05420	0.00899	0.01148	0.00709	0.00828	0.02020	0.00379	0.00343	0.00105	0.01699	0.00278	0.00191	0.03814
3	0.00954	0.19377	0.32272	0.03894	0.01508	0.02297	0.17176	0.02926	0.02995	0.07209	0.00864	0.02242	0.02067	0.02071	0.00403	0.00123	0.00518	0.00348	0.00215	0.00541
4	0.00493	0.00403	0.00437	0.00446	0.00559	0.00355	0.00327	0.00630	0.03689	0.01122	0.11882	0.17474	0.58811	0.00997	0.00467	0.00136	0.00206	0.00850	0.00372	0.00343
5	0.00636	0.00497	0.00536	0.00502	0.00648	0.00469	0.00383	0.08701	0.06472	0.02918	0.13710	0.09210	0.52080	0.00894	0.00453	0.00132	0.00232	0.00753	0.00380	0.00394
6	0.02652	0.07222	0.19688	0.13123	0.12594	0.02207	0.10020	0.10427	0.02913	0.12741	0.00862	0.00981	0.00628	0.00400	0.00397	0.00122	0.01858	0.00343	0.00251	0.00569
7	0.08806	0.00712	0.03177	0.02821	0.04805	0.07208	0.00577	0.02979	0.03355	0.06634	0.13109	0.17051	0.06282	0.03838	0.06507	0.00179	0.08859	0.02371	0.00307	0.00424
8	0.13062	0.00669	0.00843	0.00675	0.00952	0.00618	0.00560	0.03612	0.01059	0.63960	0.01436	0.01462	0.00987	0.00512	0.00383	0.00125	0.00332	0.06287	0.01859	0.00608
9	0.09680	0.00941	0.04628	0.02478	0.07354	0.00933	0.17596	0.17085	0.12667	0.16531	0.01080	0.01124	0.02114	0.00445	0.00426	0.00126	0.03500	0.00387	0.00320	0.00584
10	0.00915	0.02654	0.02548	0.03229	0.38002	0.00770	0.07693	0.01130	0.00881	0.04582	0.03948	0.02445	0.01597	0.00374	0.00367	0.00101	0.00407	0.00352	0.00230	0.27778
11	0.00577	0.00441	0.00648	0.06813	0.00812	0.00511	0.00503	0.00703	0.00640	0.00904	0.01098	0.06355	0.01083	0.13209	0.61285	0.00524	0.02862	0.00471	0.00219	0.00342
12	0.00880	0.00498	0.00532	0.00486	0.00619	0.00513	0.00374	0.12575	0.03635	0.05741	0.01319	0.07575	0.01078	0.00519	0.00318	0.00103	0.00233	0.00423	0.62153	0.00428
13	0.01015	0.59946	0.09369	0.00777	0.02708	0.04433	0.00752	0.03516	0.05853	0.01066	0.00753	0.00994	0.00680	0.00412	0.00303	0.00100	0.00435	0.06171	0.00204	0.00512
14	0.05697	0.00877	0.01202	0.06299	0.16470	0.03474	0.06862	0.13817	0.07355	0.04347	0.02208	0.08645	0.00864	0.00552	0.00598	0.00136	0.19377	0.00430	0.00267	0.00522
15	0.04759	0.01033	0.01106	0.00855	0.01159	0.01132	0.00704	0.69819	0.04002	0.05252	0.00966	0.00966	0.00688	0.00463	0.00381	0.00116	0.00410	0.00348	0.02399	0.03443
16	0.00570	0.00391	0.00481	0.00510	0.00534	0.00392	0.00343	0.00621	0.00660	0.00878	0.01503	0.13137	0.01708	0.54963	0.05726	0.00327	0.00392	0.16312	0.00276	0.00277
17	0.02820	0.04492	0.15354	0.00930	0.04150	0.08613	0.03493	0.13913	0.22920	0.03133	0.04549	0.05291	0.04286	0.00527	0.00426	0.00125	0.03699	0.00422	0.00305	0.00551
18	0.12101	0.00900	0.00968	0.00823	0.05231	0.03804	0.00629	0.29090	0.10346	0.09570	0.02941	0.01012	0.00771	0.00426	0.00352	0.00107	0.00367	0.00328	0.00332	0.19902
19	0.01449	0.01784	0.01107	0.00996	0.01205	0.76454	0.00752	0.06653	0.04063	0.01078	0.00662	0.00748	0.00540	0.00413	0.00358	0.00103	0.00676	0.00266	0.00221	0.00474
20	0.00940	0.00683	0.00829	0.00738	0.06927	0.02605	0.00521	0.04160	0.02550	0.12679	0.03458	0.01305	0.00906	0.14826	0.04782	0.00161	0.01516	0.00354	0.00278	0.39781

[dist]
# distance from previous block
# <min> <max>
0	2

[block]
# block no. 5 follows, 69 sequences, length 21
# corresponding to MSA columns:
# 403-423
name=unknown_F
#
# <colnr> <probs for GDERKNQSTAVLIFYWHMCP>
#	G	D	E	R	K	N	Q	S	T	A	V	L	I	F	Y	W	H	M	C	P
0	0.10301	0.00989	0.01242	0.20082	0.34336	0.13290	0.00958	0.04035	0.04916	0.05067	0.00775	0.00952	0.00607	0.00388	0.00369	0.00119	0.00482	0.00327	0.00226	0.00538
1	0.00969	0.15166	0.39632	0.01110	0.01552	0.07759	0.17810	0.04116	0.00919	0.04472	0.02482	0.00902	0.00611	0.00377	0.00374	0.00117	0.00558	0.00325	0.00202	0.00549
2	0.00566	0.00394	0.00461	0.00468	0.00493	0.00397	0.00294	0.00618	0.02261	0.00843	0.01528	0.07415	0.08068	0.62424	0.09010	0.00358	0.00414	0.03458	0.00260	0.00272
3	0.00656	0.00550	0.00796	0.02199	0.03742	0.00652	0.00591	0.00791	0.00650	0.00958	0.00903	0.01339	0.00845	0.03713	0.55585	0.00463	0.17523	0.00389	0.00204	0.07451
4	0.17222	0.01097	0.01043	0.00836	0.01120	0.09513	0.00680	0.54408	0.06901	0.02136	0.00879	0.00897	0.00642	0.00449	0.00362	0.00118	0.00428	0.00323	0.00347	0.00599
5	0.03797	0.00662	0.00877	0.00690	0.00970	0.00592	0.00563	0.05372	0.01113	0.71725	0.01544	0.08085	0.01074	0.00541	0.00399	0.00124	0.00329	0.00446	0.00465	0.00633
6	0.00764	0.00368	0.00540	0.00523	0.00548	0.00361	0.00356	0.00625	0.00562	0.07367	0.00767	0.01244	0.00727	0.03839	0.01455	0.78852	0.00341	0.00352	0.00198	0.00212
7	0.03843	0.09737	0.01180	0.00843	0.01135	0.13068	0.01680	0.42916	0.06758	0.05185	0.00940	0.00957	0.02094	0.00442	0.00363	0.00109	0.00442	0.00328	0.00327	0.07654
8	0.07987	0.00967	0.01067	0.00823	0.01129	0.01034	0.00680	0.56736	0.01580	0.22425	0.01061	0.01015	0.00723	0.00466	0.00382	0.00119	0.00398	0.00353	0.00404	0.00649
9	0.00607	0.00462	0.00537	0.00533	0.00651	0.00440	0.00420	0.04789	0.02135	0.02407	0.13171	0.03458	0.40061	0.07777	0.00613	0.00162	0.01740	0.19312	0.00362	0.00363
10	0.01114	0.00947	0.01432	0.01929	0.58081	0.05266	0.03119	0.03669	0.06981	0.12231	0.00907	0.01042	0.00704	0.00386	0.00390	0.00118	0.00454	0.00360	0.00254	0.00617
11	0.01014	0.00792	0.00904	0.00812	0.03779	0.00869	0.01731	0.15823	0.43671	0.05823	0.17420	0.01663	0.02821	0.00569	0.00411	0.00127	0.00317	0.00480	0.00398	0.00576
12	0.00479	0.00344	0.00455	0.00541	0.00568	0.00320	0.00362	0.00550	0.00762	0.01014	0.03917	0.82164	0.04644	0.01213	0.00499	0.00158	0.00226	0.01099	0.00365	0.00320
13	0.00637	0.00633	0.06014	0.03332	0.13612	0.00548	0.02761	0.00869	0.07447	0.01162	0.05080	0.23392	0.28063	0.00839	0.00451	0.00138	0.00308	0.03971	0.00320	0.00422
14	0.01187	0.04293	0.04124	0.03293	0.32895	0.23237	0.03693	0.06452	0.07992	0.07821	0.00845	0.00956	0.00658	0.00398	0.00378	0.00114	0.00514	0.00332	0.00247	0.00570
15	0.00979	0.01104	0.05020	0.20945	0.17890	0.18897	0.00985	0.01155	0.00821	0.01041	0.00629	0.00890	0.00535	0.00476	0.00659	0.00134	0.26853	0.00324	0.00183	0.00481
16	0.15246	0.21057	0.31106	0.00861	0.01236	0.13378	0.00914	0.05483	0.00884	0.01270	0.00661	0.00773	0.00521	0.00448	0.02764	0.00125	0.00515	0.00262	0.01986	0.00512
17	0.00492	0.00354	0.00466	0.00536	0.00568	0.00337	0.00362	0.00567	0.00753	0.01008	0.05821	0.68324	0.05360	0.06671	0.06218	0.00202	0.00289	0.01005	0.00349	0.00318
18	0.00535	0.00400	0.00498	0.00478	0.00578	0.00362	0.00360	0.00700	0.01053	0.01444	0.63389	0.04724	0.20706	0.00856	0.00465	0.00127	0.00192	0.02358	0.00414	0.00360
19	0.01887	0.03889	0.10041	0.00831	0.06873	0.00688	0.01932	0.10857	0.01760	0.02963	0.10412	0.16846	0.06509	0.03731	0.15173	0.00226	0.04076	0.00566	0.00293	0.00447
20	0.02258	0.01277	0.39658	0.00852	0.01211	0.00773	0.00935	0.11352	0.04208	0.03543	0.11446	0.01436	0.05985	0.02562	0.07181	0.00169	0.00485	0.00409	0.03744	0.00516

[dist]
# distance from previous block
# <min> <max>
1	6

[block]
# block no. 6 follows, 69 sequences, length 30
# corresponding to MSA columns:
# 430-459
name=unknown_G
#
# <colnr> <probs for GDERKNQSTAVLIFYWHMCP>
#	G	D	E	R	K	N	Q	S	T	A	V	L	I	F	Y	W	H	M	C	P
0	0.00877	0.00795	0.00859	0.03806	0.01025	0.06790	0.00517	0.03278	0.00862	0.01276	0.00697	0.00817	0.00575	0.00308	0.00302	0.00066	0.00334	0.00241	0.00232	0.76343
1	0.03754	0.00825	0.01280	0.08620	0.38139	0.00844	0.05728	0.06494	0.07611	0.11562	0.04283	0.03759	0.02253	0.00465	0.00402	0.00124	0.00421	0.02583	0.00281	0.00572
2	0.00728	0.00654	0.01048	0.34171	0.07651	0.00742	0.06350	0.03172	0.02368	0.01119	0.04054	0.14156	0.04211	0.00756	0.04756	0.00166	0.05972	0.07244	0.00249	0.00431
3	0.00566	0.00411	0.00595	0.00595	0.00652	0.00468	0.00446	0.00673	0.00616	0.00879	0.01064	0.01683	0.01037	0.15545	0.68971	0.03899	0.00922	0.00440	0.00213	0.00326
4	0.07166	0.00578	0.00666	0.00605	0.00725	0.00629	0.00454	0.13285	0.05594	0.03505	0.05572	0.05789	0.09367	0.22486	0.18384	0.00297	0.03683	0.00517	0.00297	0.00400
5	0.00478	0.00350	0.00450	0.00526	0.00564	0.00322	0.00356	0.00554	0.00779	0.01026	0.04926	0.73485	0.12370	0.01187	0.00495	0.00155	0.00223	0.01067	0.00366	0.00322
6	0.00986	0.00903	0.04495	0.00815	0.01056	0.00981	0.00661	0.04946	0.76587	0.01653	0.01534	0.01416	0.01147	0.00523	0.00398	0.00132	0.00326	0.00433	0.00389	0.00620
7	0.02809	0.27418	0.41056	0.00970	0.03845	0.01092	0.03487	0.02326	0.06581	0.03516	0.02974	0.00891	0.00654	0.00386	0.00341	0.00112	0.00486	0.00296	0.00205	0.00553
8	0.00897	0.08482	0.57415	0.01010	0.02581	0.00928	0.01182	0.05107	0.05959	0.05972	0.00867	0.04514	0.00668	0.00425	0.00370	0.00121	0.00506	0.00336	0.00219	0.02440
9	0.88991	0.00758	0.00576	0.00516	0.00758	0.00879	0.00425	0.01152	0.00667	0.01759	0.00546	0.00637	0.00425	0.00364	0.00243	0.00121	0.00303	0.00212	0.00243	0.00425
10	0.00776	0.01872	0.09679	0.07275	0.21109	0.00683	0.04026	0.03747	0.02032	0.03905	0.13591	0.14089	0.07596	0.03426	0.02806	0.00151	0.01127	0.01353	0.00285	0.00474
11	0.02304	0.07621	0.29497	0.02811	0.03403	0.05615	0.10785	0.04175	0.08798	0.07846	0.05189	0.04632	0.04653	0.00478	0.00391	0.00123	0.00475	0.00408	0.00260	0.00538
12	0.00520	0.00374	0.00499	0.00570	0.00620	0.00354	0.00418	0.00629	0.00838	0.01119	0.13663	0.54501	0.05442	0.01130	0.00502	0.00158	0.00248	0.17706	0.00373	0.00335
13	0.03553	0.00674	0.00902	0.00696	0.00996	0.00593	0.00574	0.01899	0.03340	0.80095	0.01527	0.01323	0.00965	0.00484	0.00391	0.00122	0.00332	0.00392	0.00478	0.00661
14	0.01019	0.08326	0.23812	0.05845	0.21847	0.03056	0.06476	0.03481	0.05902	0.10418	0.00845	0.00970	0.00637	0.00405	0.00429	0.00122	0.05266	0.00337	0.00232	0.00575
15	0.04757	0.00838	0.01039	0.04158	0.09230	0.04448	0.07726	0.13908	0.26214	0.01542	0.05522	0.10221	0.04714	0.00593	0.00415	0.00131	0.00381	0.03298	0.00332	0.00532
16	0.00481	0.00350	0.00455	0.00537	0.00572	0.00324	0.00366	0.00556	0.00769	0.01012	0.02333	0.75514	0.10399	0.01201	0.00498	0.00157	0.00229	0.03562	0.00364	0.00321
17	0.00879	0.00785	0.01283	0.04626	0.54004	0.00789	0.02683	0.02847	0.00899	0.02970	0.03706	0.10943	0.05109	0.00524	0.00422	0.00124	0.01774	0.01842	0.03250	0.00542
18	0.00937	0.07228	0.06961	0.07623	0.17902	0.03140	0.12691	0.04729	0.06728	0.06855	0.08490	0.06174	0.03470	0.01604	0.00437	0.00126	0.01844	0.00452	0.02088	0.00521
19	0.02381	0.00818	0.08592	0.00798	0.02785	0.02631	0.05993	0.02512	0.13130	0.32294	0.15204	0.01720	0.08273	0.00560	0.00411	0.00125	0.00351	0.00478	0.00388	0.00556
20	0.00956	0.34622	0.20605	0.00855	0.01185	0.08313	0.04360	0.04626	0.02659	0.01150	0.06415	0.01104	0.02529	0.00512	0.02646	0.00124	0.03781	0.02839	0.00215	0.00503
21	0.25245	0.15465	0.07425	0.08473	0.04696	0.17056	0.02217	0.06413	0.03705	0.02309	0.00672	0.00783	0.00532	0.00380	0.00317	0.00110	0.00462	0.00267	0.00225	0.03246
22	0.02489	0.00693	0.12645	0.00639	0.03024	0.00493	0.02018	0.02384	0.00911	0.03024	0.14381	0.09929	0.36829	0.03160	0.00482	0.00137	0.00292	0.02733	0.00330	0.03408
23	0.00903	0.08809	0.14494	0.00935	0.05887	0.01825	0.05800	0.09387	0.07859	0.04897	0.10114	0.06003	0.07806	0.02347	0.00544	0.00134	0.11004	0.00465	0.00284	0.00504
24	0.00941	0.00806	0.00850	0.03653	0.04988	0.11080	0.03083	0.19828	0.00998	0.01279	0.02285	0.01769	0.02341	0.37751	0.01087	0.00230	0.00440	0.02158	0.00271	0.04162
25	0.06036	0.13760	0.10692	0.10215	0.03021	0.04743	0.01409	0.18141	0.01916	0.02701	0.00946	0.05458	0.03995	0.00450	0.00351	0.00108	0.00418	0.00353	0.00258	0.15029
26	0.03498	0.09696	0.06940	0.07439	0.07925	0.08585	0.00682	0.02852	0.01938	0.03077	0.03050	0.07658	0.06167	0.00468	0.00350	0.00100	0.00387	0.00381	0.00246	0.28562
27	0.00958	0.12903	0.22777	0.00913	0.05281	0.06563	0.04299	0.07236	0.03157	0.07935	0.05485	0.04090	0.10522	0.00518	0.00382	0.00117	0.00434	0.01836	0.00269	0.04325
28	0.06025	0.09435	0.05239	0.08821	0.05434	0.08466	0.05385	0.12185	0.07438	0.05062	0.04598	0.04569	0.03480	0.00510	0.01209	0.00121	0.01406	0.01470	0.03976	0.05175
29	0.02646	0.13633	0.18381	0.03008	0.02258	0.06667	0.03914	0.10811	0.06177	0.06563	0.07439	0.01276	0.04865	0.00474	0.00379	0.00114	0.01410	0.02034	0.01698	0.06255

[dist]
# distance from previous block
# <min> <max>
13	158

[block]
# block no. 7 follows, 69 sequences, length 60
# corresponding to MSA columns:
# 664-701,703-724
name=unknown_H
#
# <colnr> <probs for GDERKNQSTAVLIFYWHMCP>
#	G	D	E	R	K	N	Q	S	T	A	V	L	I	F	Y	W	H	M	C	P
0	0.44024	0.07622	0.00920	0.02219	0.04432	0.09782	0.01400	0.12806	0.03436	0.04903	0.00726	0.00855	0.00577	0.04371	0.00379	0.00128	0.00392	0.00278	0.00264	0.00485
1	0.00765	0.00606	0.00666	0.02172	0.00799	0.02236	0.00473	0.03554	0.26856	0.05255	0.23330	0.02454	0.25144	0.00797	0.03006	0.00144	0.00285	0.00610	0.00387	0.00462
2	0.01257	0.01114	0.04353	0.09019	0.12201	0.08561	0.04932	0.30525	0.08016	0.03842	0.01016	0.03355	0.00805	0.00501	0.00426	0.00132	0.00487	0.00394	0.00328	0.08737
3	0.00627	0.00476	0.00658	0.00643	0.00726	0.00553	0.00499	0.02462	0.07404	0.01027	0.01123	0.03962	0.01034	0.04008	0.65695	0.00522	0.03443	0.00439	0.04321	0.00379
4	0.04928	0.11948	0.43015	0.02422	0.01382	0.00957	0.05350	0.02570	0.10490	0.01273	0.02547	0.01079	0.03094	0.03028	0.00434	0.00129	0.02546	0.00341	0.01932	0.00534
5	0.00582	0.00459	0.00534	0.00532	0.00637	0.00455	0.00390	0.00857	0.14343	0.01233	0.20734	0.20747	0.25693	0.05004	0.05824	0.00179	0.00282	0.00762	0.00369	0.00381
6	0.00716	0.00415	0.00625	0.00587	0.00624	0.00423	0.04165	0.00674	0.07279	0.00786	0.00761	0.01208	0.00719	0.01246	0.01390	0.77261	0.00353	0.00355	0.00190	0.00224
7	0.01001	0.06288	0.17703	0.07877	0.09193	0.12396	0.10138	0.09053	0.06122	0.02296	0.04236	0.01077	0.00768	0.00460	0.01749	0.00125	0.01371	0.01710	0.01049	0.05388
8	0.03031	0.00787	0.01106	0.05671	0.13664	0.02405	0.08661	0.08230	0.00908	0.05468	0.00849	0.01025	0.02511	0.00504	0.01708	0.07827	0.03763	0.00329	0.01295	0.30257
9	0.36729	0.15408	0.10947	0.00783	0.03361	0.05328	0.00703	0.09737	0.01911	0.03917	0.00654	0.00752	0.00514	0.00405	0.00377	0.00118	0.07361	0.00261	0.00236	0.00499
10	0.01116	0.24038	0.16119	0.07773	0.01346	0.05409	0.01834	0.22226	0.11893	0.03346	0.00854	0.00913	0.00648	0.00414	0.00351	0.00112	0.00461	0.00312	0.00265	0.00570
11	0.00636	0.00529	0.00622	0.00613	0.00679	0.07343	0.00453	0.00742	0.00664	0.00891	0.02388	0.01725	0.01085	0.21431	0.57820	0.00522	0.00857	0.00445	0.00219	0.00334
12	0.00967	0.34674	0.35146	0.00911	0.01335	0.01193	0.03388	0.07877	0.08741	0.01255	0.00749	0.00827	0.00583	0.00380	0.00332	0.00109	0.00482	0.00283	0.00208	0.00559
13	0.00534	0.00435	0.00477	0.00460	0.00587	0.00396	0.00347	0.00743	0.07680	0.01269	0.28964	0.03317	0.51592	0.00895	0.00458	0.00130	0.00203	0.00759	0.00388	0.00367
14	0.00663	0.00565	0.03232	0.04170	0.12073	0.00523	0.00555	0.04774	0.00920	0.02887	0.17920	0.15314	0.21476	0.04414	0.08560	0.00189	0.00364	0.00667	0.00324	0.00409
15	0.00591	0.00476	0.00677	0.00633	0.00754	0.00425	0.07090	0.00712	0.00809	0.01108	0.08038	0.41640	0.07153	0.07272	0.00573	0.00155	0.00289	0.06859	0.00325	0.14421
16	0.00603	0.00525	0.00532	0.00531	0.00634	0.07274	0.00395	0.00710	0.00850	0.01979	0.07820	0.17342	0.38586	0.02542	0.12398	0.00208	0.02565	0.00728	0.03428	0.00350
17	0.00493	0.00391	0.00441	0.00453	0.00556	0.00343	0.00335	0.00605	0.00908	0.01148	0.18963	0.16109	0.50701	0.02701	0.00503	0.00142	0.00211	0.04287	0.00374	0.00336
18	0.01082	0.79543	0.01977	0.00699	0.01023	0.08345	0.00678	0.01206	0.00822	0.00925	0.00550	0.00635	0.00503	0.00341	0.00260	0.00085	0.00443	0.00213	0.00171	0.00499
19	0.01215	0.01428	0.01231	0.02019	0.01236	0.46526	0.07457	0.03796	0.03781	0.01048	0.00639	0.00818	0.00544	0.00489	0.00644	0.00127	0.26025	0.00307	0.00205	0.00465
20	0.00750	0.00710	0.01178	0.78392	0.02564	0.00898	0.01070	0.00997	0.00769	0.00997	0.00682	0.01030	0.00522	0.00416	0.00465	0.00134	0.07470	0.00348	0.00174	0.00435
21	0.00760	0.01895	0.77341	0.01059	0.01601	0.00863	0.01354	0.01186	0.00833	0.01227	0.00971	0.01068	0.07292	0.00423	0.00380	0.00125	0.00548	0.00334	0.00182	0.00559
22	0.00592	0.00521	0.00521	0.00502	0.00621	0.07246	0.00380	0.00733	0.01008	0.01284	0.39115	0.03169	0.38223	0.00863	0.00457	0.00128	0.00240	0.03659	0.00381	0.00360
23	0.00833	0.00732	0.01213	0.53465	0.24272	0.00837	0.01037	0.01076	0.00827	0.03651	0.00781	0.01068	0.00602	0.00389	0.00381	0.00123	0.00474	0.00351	0.07402	0.00487
24	0.12246	0.01014	0.01077	0.00835	0.01139	0.01112	0.00689	0.64631	0.01629	0.10350	0.00952	0.00942	0.00667	0.00459	0.00374	0.00118	0.00406	0.00340	0.00383	0.00637
25	0.00913	0.00907	0.02691	0.16065	0.29620	0.00921	0.23802	0.06105	0.04295	0.01302	0.02919	0.02606	0.01951	0.00422	0.00437	0.00128	0.02353	0.01796	0.00225	0.00541
26	0.04163	0.13794	0.09293	0.04792	0.13365	0.09035	0.09568	0.11554	0.10767	0.07639	0.00895	0.01902	0.00689	0.00412	0.00370	0.00116	0.00475	0.00344	0.00262	0.00565
27	0.01045	0.38564	0.25486	0.00948	0.01349	0.07056	0.11145	0.01291	0.00870	0.07854	0.00708	0.00803	0.00551	0.00362	0.00332	0.00106	0.00509	0.00282	0.00199	0.00538
28	0.00762	0.00708	0.01176	0.82836	0.02657	0.00881	0.01079	0.03361	0.00815	0.01044	0.00704	0.01042	0.00527	0.00394	0.00392	0.00130	0.00520	0.00349	0.00181	0.00442
29	0.07211	0.57506	0.14968	0.00763	0.01116	0.08089	0.00783	0.01243	0.03330	0.01057	0.00607	0.00693	0.00518	0.00355	0.00283	0.00096	0.00457	0.00233	0.00182	0.00509
30	0.03283	0.00424	0.00513	0.00502	0.00523	0.00460	0.00326	0.00633	0.00587	0.00830	0.01140	0.02213	0.01259	0.62548	0.18396	0.00411	0.04930	0.00517	0.00229	0.00276
31	0.00570	0.00380	0.00428	0.00428	0.00428	0.00380	0.00238	0.00570	0.00570	0.00760	0.01235	0.02566	0.01425	0.86222	0.01995	0.00380	0.00380	0.00570	0.00238	0.00238
32	0.04233	0.03096	0.04916	0.03147	0.01230	0.00821	0.15696	0.13449	0.05255	0.22518	0.04947	0.04113	0.02969	0.01578	0.02137	0.00143	0.04143	0.04727	0.00337	0.00546
33	0.01096	0.06635	0.06284	0.20728	0.10979	0.28179	0.04244	0.05704	0.08781	0.01178	0.00762	0.00919	0.00600	0.00406	0.00387	0.00116	0.01955	0.00319	0.00219	0.00509
34	0.01046	0.00922	0.08479	0.25797	0.21686	0.00865	0.09180	0.04025	0.06201	0.16499	0.00939	0.01086	0.00682	0.00403	0.00397	0.00125	0.00476	0.00370	0.00260	0.00564
35	0.00499	0.00355	0.00460	0.00533	0.00561	0.00335	0.00359	0.00568	0.00751	0.00999	0.04867	0.66428	0.04709	0.12053	0.00691	0.00186	0.00251	0.04733	0.00350	0.00312
36	0.03118	0.00971	0.11016	0.09764	0.07208	0.00872	0.14996	0.15251	0.08114	0.10349	0.02494	0.05726	0.02378	0.02155	0.00449	0.00133	0.01484	0.01313	0.01664	0.00547
37	0.10556	0.07126	0.14026	0.11246	0.05982	0.00947	0.09721	0.10713	0.09748	0.07848	0.00957	0.04969	0.00763	0.00458	0.00396	0.00126	0.02149	0.01463	0.00268	0.00540
38	0.00872	0.00721	0.00995	0.15250	0.21667	0.06737	0.00781	0.01031	0.00855	0.09327	0.01295	0.25394	0.01310	0.02075	0.00496	0.00141	0.04255	0.06054	0.00280	0.00464
39	0.67785	0.02892	0.00739	0.00658	0.02730	0.16240	0.00513	0.02360	0.00773	0.01593	0.00567	0.00661	0.00449	0.00372	0.00268	0.00117	0.00385	0.00225	0.00234	0.00440
40	0.00527	0.00401	0.00487	0.00481	0.00584	0.00361	0.00366	0.00678	0.01005	0.01343	0.46648	0.06411	0.30998	0.00906	0.00470	0.00132	0.00205	0.07243	0.00400	0.00354
41	0.01080	0.06660	0.06766	0.01386	0.29199	0.16285	0.02126	0.04908	0.07102	0.05786	0.02080	0.01120	0.02189	0.00436	0.00406	0.00115	0.03438	0.02667	0.01616	0.04636
42	0.00936	0.00649	0.00650	0.00590	0.00742	0.07665	0.00453	0.10059	0.08553	0.09419	0.10793	0.11120	0.05265	0.00620	0.00375	0.00116	0.00288	0.01305	0.29950	0.00452
43	0.01038	0.19286	0.53386	0.02811	0.03209	0.01128	0.02473	0.04698	0.00961	0.02720	0.00863	0.02198	0.00690	0.00487	0.00435	0.00144	0.02256	0.00345	0.00237	0.00634
44	0.04698	0.00556	0.00639	0.00611	0.03225	0.00559	0.00452	0.08521	0.11366	0.02696	0.36853	0.03576	0.21245	0.00747	0.00434	0.00126	0.00245	0.01543	0.01474	0.00433
45	0.00836	0.00784	0.02898	0.57364	0.17471	0.00884	0.02014	0.05648	0.02278	0.02149	0.00792	0.03744	0.00632	0.00418	0.00395	0.00128	0.00494	0.00376	0.00204	0.00489
