[name]
unknown

[dist]
# distance from previous block
# <min> <max>
0	135

[block]
# block no. 0 follows, 69 sequences, length 6
# corresponding to MSA columns:
# 171-176
name=unknown_A
#
# <colnr> <probs for GDERKNQSTAVLIFYWHMCP>
#	G	D	E	R	K	N	Q	S	T	A	V	L	I	F	Y	W	H	M	C	P
0	0.00658	0.00426	0.00536	0.00553	0.00639	0.00399	0.00403	0.03804	0.00882	0.08536	0.10669	0.40977	0.13687	0.07798	0.00600	0.00166	0.00261	0.08266	0.00373	0.00367
1	0.04487	0.06316	0.04717	0.07378	0.04862	0.06300	0.04246	0.30473	0.10087	0.08210	0.02274	0.01161	0.02159	0.00477	0.00410	0.00122	0.02895	0.02534	0.00319	0.00575
2	0.01140	0.22533	0.06636	0.04302	0.02751	0.31969	0.06849	0.04594	0.03973	0.01068	0.00680	0.00829	0.00568	0.00512	0.02688	0.04687	0.03253	0.00288	0.00202	0.00479
3	0.00648	0.00480	0.00641	0.00692	0.07208	0.00507	0.00445	0.05597	0.00736	0.01019	0.06452	0.06324	0.01373	0.36399	0.29362	0.00399	0.00595	0.00526	0.00253	0.00344
4	0.00811	0.07447	0.00807	0.00678	0.03197	0.00749	0.00487	0.06114	0.30764	0.01269	0.04246	0.08140	0.04595	0.27941	0.00908	0.00208	0.00338	0.00531	0.00320	0.00449
5	0.03560	0.07043	0.00930	0.00745	0.02844	0.03663	0.00580	0.25955	0.13664	0.04256	0.10873	0.08408	0.09435	0.03546	0.00459	0.00133	0.00345	0.02688	0.00358	0.00515

[dist]
# distance from previous block
# <min> <max>
0	1

[block]
# block no. 1 follows, 69 sequences, length 6
# corresponding to MSA columns:
# 178-183
name=unknown_B
#
# <colnr> <probs for GDERKNQSTAVLIFYWHMCP>
#	G	D	E	R	K	N	Q	S	T	A	V	L	I	F	Y	W	H	M	C	P
0	0.19950	0.00683	0.00768	0.03700	0.08748	0.03088	0.00565	0.07167	0.05839	0.04027	0.11357	0.10801	0.07992	0.00699	0.02919	0.00141	0.00343	0.05207	0.00314	0.05693
1	0.01339	0.13020	0.03797	0.03534	0.10511	0.20946	0.00809	0.32822	0.01310	0.07053	0.00810	0.00871	0.00611	0.00418	0.00363	0.00110	0.00500	0.00310	0.00287	0.00579
2	0.00833	0.00739	0.05098	0.00846	0.03816	0.00755	0.05194	0.18238	0.05038	0.01348	0.01226	0.05707	0.05587	0.01564	0.35006	0.00337	0.05490	0.02440	0.00273	0.00464
3	0.00735	0.00607	0.00794	0.00786	0.05421	0.03477	0.02992	0.00879	0.03324	0.05181	0.04904	0.36312	0.03448	0.03067	0.03058	0.00159	0.13396	0.00690	0.00302	0.10470
4	0.04207	0.00913	0.03424	0.13118	0.04999	0.08139	0.25955	0.01050	0.00783	0.01062	0.00776	0.01224	0.00697	0.14640	0.00850	0.03662	0.13466	0.00404	0.00197	0.00433
5	0.04300	0.04178	0.03185	0.05794	0.07912	0.04400	0.03323	0.27461	0.13052	0.03810	0.00996	0.02872	0.00804	0.05378	0.05213	0.00162	0.02062	0.00380	0.00303	0.04414

[dist]
# distance from previous block
# <min> <max>
2	22

[block]
# block no. 2 follows, 69 sequences, length 27
# corresponding to MSA columns:
# 209-235
name=unknown_C
#
# <colnr> <probs for GDERKNQSTAVLIFYWHMCP>
#	G	D	E	R	K	N	Q	S	T	A	V	L	I	F	Y	W	H	M	C	P
0	0.02847	0.03844	0.25750	0.03756	0.04181	0.05719	0.13456	0.11068	0.12726	0.08140	0.00939	0.01913	0.00697	0.00428	0.00414	0.00125	0.02799	0.00362	0.00264	0.00572
1	0.03787	0.01117	0.01506	0.02685	0.08556	0.18552	0.29718	0.10087	0.03081	0.09789	0.03215	0.03105	0.00793	0.00432	0.00412	0.00122	0.00546	0.01694	0.00268	0.00535
2	0.10981	0.02788	0.07105	0.15971	0.14234	0.04778	0.22989	0.12127	0.02796	0.01423	0.00758	0.00948	0.00577	0.00377	0.00388	0.00123	0.00520	0.00356	0.00226	0.00535
3	0.09946	0.01143	0.07387	0.00993	0.09218	0.19222	0.01918	0.06178	0.18978	0.06653	0.00954	0.01046	0.00741	0.00438	0.00389	0.00115	0.02985	0.01869	0.00280	0.09548
4	0.00567	0.00379	0.00428	0.00431	0.00432	0.00378	0.00242	0.00569	0.00576	0.00768	0.01266	0.05315	0.01464	0.83420	0.01946	0.00373	0.00375	0.00588	0.00242	0.00240
5	0.00783	0.00598	0.02067	0.00616	0.00786	0.00573	0.02866	0.13129	0.07952	0.05871	0.33632	0.07491	0.20541	0.00760	0.00444	0.00128	0.00266	0.00654	0.00395	0.00447
6	0.01048	0.86458	0.02054	0.00671	0.01006	0.01551	0.00671	0.01174	0.00797	0.00922	0.00545	0.00629	0.00503	0.00335	0.00252	0.00084	0.00419	0.00210	0.00168	0.00503
7	0.00539	0.00397	0.00505	0.00546	0.00609	0.00378	0.00389	0.02062	0.03995	0.01204	0.22445	0.51367	0.08393	0.01060	0.00485	0.00148	0.00227	0.04518	0.00382	0.00351
8	0.00818	0.00776	0.01315	0.57443	0.29933	0.00891	0.01127	0.01069	0.00820	0.01095	0.00710	0.01020	0.00556	0.00378	0.00391	0.00126	0.00504	0.00349	0.00181	0.00498
9	0.00513	0.00387	0.00453	0.00467	0.00550	0.00350	0.00336	0.00621	0.00882	0.01153	0.23157	0.18893	0.33816	0.10946	0.00650	0.00166	0.00229	0.04375	0.01726	0.00329
10	0.00544	0.00401	0.00480	0.00472	0.00578	0.00356	0.00352	0.00683	0.00984	0.03427	0.40701	0.12533	0.33684	0.00919	0.00467	0.00132	0.00202	0.02330	0.00398	0.00357
11	0.00889	0.00851	0.01452	0.27138	0.51089	0.00906	0.04763	0.01160	0.03411	0.01198	0.00762	0.01027	0.00617	0.00434	0.02560	0.00135	0.00502	0.00359	0.00195	0.00554
12	0.00632	0.00375	0.00452	0.00487	0.00558	0.00359	0.00356	0.00767	0.00834	0.03648	0.08477	0.35580	0.03472	0.00854	0.00408	0.00130	0.00220	0.07178	0.34860	0.00355
13	0.02346	0.00805	0.01227	0.35013	0.24640	0.00909	0.02284	0.06316	0.12680	0.02262	0.02330	0.01208	0.00769	0.00441	0.00419	0.00128	0.02571	0.02882	0.00241	0.00528
14	0.01425	0.01037	0.01119	0.00876	0.01175	0.01147	0.00718	0.66124	0.14247	0.06429	0.01072	0.01041	0.00763	0.00481	0.00393	0.00120	0.00408	0.00369	0.00398	0.00660
15	0.88991	0.00758	0.00576	0.00516	0.00758	0.00879	0.00425	0.01152	0.00667	0.01759	0.00546	0.00637	0.00425	0.00364	0.00243	0.00121	0.00303	0.00212	0.00243	0.00425
16	0.01132	0.07253	0.01376	0.09653	0.33321	0.16978	0.03067	0.12815	0.01069	0.04544	0.03527	0.01014	0.01714	0.00408	0.00378	0.00114	0.00497	0.00344	0.00241	0.00557
17	0.88991	0.00758	0.00576	0.00516	0.00758	0.00879	0.00425	0.01152	0.00667	0.01759	0.00546	0.00637	0.00425	0.00364	0.00243	0.00121	0.00303	0.00212	0.00243	0.00425
18	0.88991	0.00758	0.00576	0.00516	0.00758	0.00879	0.00425	0.01152	0.00667	0.01759	0.00546	0.00637	0.00425	0.00364	0.00243	0.00121	0.00303	0.00212	0.00243	0.00425
19	0.01312	0.25588	0.02491	0.00901	0.01148	0.50331	0.00739	0.07759	0.01057	0.01070	0.00622	0.00722	0.00525	0.00438	0.01770	0.00108	0.02474	0.00254	0.00206	0.00484
20	0.88991	0.00758	0.00576	0.00516	0.00758	0.00879	0.00425	0.01152	0.00667	0.01759	0.00546	0.00637	0.00425	0.00364	0.00243	0.00121	0.00303	0.00212	0.00243	0.00425
21	0.03020	0.02024	0.01983	0.03201	0.00957	0.10268	0.00565	0.14901	0.02512	0.27420	0.05132	0.01350	0.01980	0.02236	0.00396	0.00118	0.00361	0.01228	0.19818	0.00530
22	0.00600	0.00450	0.00533	0.00500	0.00612	0.02070	0.00377	0.00795	0.03618	0.03607	0.61953	0.02959	0.18826	0.00814	0.00457	0.00125	0.00206	0.00706	0.00414	0.00380
23	0.01500	0.01082	0.01167	0.00895	0.01208	0.01192	0.00739	0.79530	0.01817	0.05448	0.00963	0.00956	0.00678	0.00471	0.00392	0.00118	0.00428	0.00354	0.00396	0.00667
24	0.00570	0.00381	0.00433	0.00433	0.00435	0.00383	0.00245	0.00574	0.00572	0.00764	0.01230	0.02537	0.01413	0.83915	0.04286	0.00387	0.00399	0.00566	0.00237	0.00241
25	0.00674	0.06229	0.00600	0.00505	0.00556	0.00483	0.00338	0.00714	0.00659	0.06429	0.01346	0.15169	0.01492	0.54969	0.05124	0.00313	0.01838	0.01989	0.00269	0.00307
26	0.00758	0.00709	0.01173	0.75135	0.06898	0.00851	0.01053	0.01011	0.00792	0.01035	0.00699	0.01025	0.00532	0.00383	0.00385	0.00125	0.00504	0.00341	0.00179	0.06413

[dist]
# distance from previous block
# <min> <max>
0	1

[block]
# block no. 3 follows, 69 sequences, length 25
# corresponding to MSA columns:
# 237-261
name=unknown_D
#
# <colnr> <probs for GDERKNQSTAVLIFYWHMCP>
#	G	D	E	R	K	N	Q	S	T	A	V	L	I	F	Y	W	H	M	C	P
0	0.01576	0.00855	0.00965	0.03086	0.02306	0.10027	0.00631	0.09816	0.05727	0.55367	0.01324	0.01225	0.00881	0.01755	0.00411	0.00122	0.00390	0.00374	0.00417	0.02745
1	0.36721	0.01000	0.00756	0.00683	0.00869	0.23992	0.00525	0.01169	0.02778	0.01303	0.00775	0.04066	0.00723	0.10734	0.00555	0.00148	0.04363	0.02332	0.00238	0.06270
2	0.00777	0.00722	0.01141	0.52587	0.12363	0.00843	0.02654	0.01117	0.10325	0.01133	0.02554	0.01382	0.06292	0.00472	0.00419	0.00131	0.01972	0.02418	0.00225	0.00472
3	0.01205	0.00745	0.00905	0.05079	0.01069	0.00709	0.00587	0.18504	0.05993	0.25745	0.04766	0.06793	0.01016	0.00490	0.00375	0.00107	0.00337	0.00403	0.00364	0.24807
4	0.00717	0.00607	0.00783	0.03900	0.12397	0.03294	0.02037	0.04960	0.00963	0.02828	0.20291	0.02550	0.26835	0.05060	0.02661	0.00155	0.04048	0.05173	0.00325	0.00417
5	0.88991	0.00758	0.00576	0.00516	0.00758	0.00879	0.00425	0.01152	0.00667	0.01759	0.00546	0.00637	0.00425	0.00364	0.00243	0.00121	0.00303	0.00212	0.00243	0.00425
6	0.00813	0.00697	0.00813	0.00581	0.00929	0.00523	0.00465	0.00987	0.00813	0.01277	0.00697	0.00813	0.00581	0.00290	0.00290	0.00058	0.00290	0.00232	0.00232	0.88619
7	0.01009	0.00691	0.00833	0.00605	0.00944	0.00534	0.00488	0.01178	0.00877	0.18394	0.00873	0.00921	0.00661	0.00331	0.00312	0.00071	0.00299	0.00266	0.00285	0.70431
8	0.01130	0.70112	0.01877	0.00729	0.01046	0.12015	0.00687	0.06625	0.00906	0.01030	0.00579	0.00659	0.00514	0.00353	0.00274	0.00088	0.00456	0.00225	0.00187	0.00508
9	0.88991	0.00758	0.00576	0.00516	0.00758	0.00879	0.00425	0.01152	0.00667	0.01759	0.00546	0.00637	0.00425	0.00364	0.00243	0.00121	0.00303	0.00212	0.00243	0.00425
10	0.88991	0.00758	0.00576	0.00516	0.00758	0.00879	0.00425	0.01152	0.00667	0.01759	0.00546	0.00637	0.00425	0.00364	0.00243	0.00121	0.00303	0.00212	0.00243	0.00425
11	0.01062	0.83712	0.02024	0.00682	0.01013	0.04249	0.00674	0.01187	0.00807	0.00924	0.00547	0.00631	0.00503	0.00338	0.00255	0.00084	0.00429	0.00211	0.00169	0.00502
12	0.88991	0.00758	0.00576	0.00516	0.00758	0.00879	0.00425	0.01152	0.00667	0.01759	0.00546	0.00637	0.00425	0.00364	0.00243	0.00121	0.00303	0.00212	0.00243	0.00425
13	0.88991	0.00758	0.00576	0.00516	0.00758	0.00879	0.00425	0.01152	0.00667	0.01759	0.00546	0.00637	0.00425	0.00364	0.00243	0.00121	0.00303	0.00212	0.00243	0.00425
14	0.02348	0.38259	0.05920	0.08292	0.07828	0.11007	0.01955	0.08010	0.03806	0.02993	0.00722	0.00879	0.00604	0.00457	0.02431	0.00118	0.02011	0.01628	0.00214	0.00518
15	0.88991	0.00758	0.00576	0.00516	0.00758	0.00879	0.00425	0.01152	0.00667	0.01759	0.00546	0.00637	0.00425	0.00364	0.00243	0.00121	0.00303	0.00212	0.00243	0.00425
16	0.88991	0.00758	0.00576	0.00516	0.00758	0.00879	0.00425	0.01152	0.00667	0.01759	0.00546	0.00637	0.00425	0.00364	0.00243	0.00121	0.00303	0.00212	0.00243	0.00425
17	0.05634	0.18401	0.01303	0.00877	0.01142	0.27884	0.00723	0.32861	0.01289	0.01577	0.00717	0.00785	0.00564	0.00427	0.00383	0.00108	0.04225	0.00285	0.00270	0.00544
18	0.00506	0.00399	0.00456	0.00442	0.00556	0.00349	0.00331	0.00645	0.00994	0.01296	0.40805	0.03382	0.46636	0.00904	0.00463	0.00128	0.00192	0.00773	0.00395	0.00349
19	0.00561	0.00415	0.00607	0.00607	0.00669	0.00477	0.00461	0.00685	0.00623	0.00893	0.01072	0.01659	0.01032	0.12577	0.75102	0.00601	0.00973	0.00437	0.00213	0.00337
20	0.00520	0.00396	0.00478	0.00465	0.00566	0.00354	0.00346	0.00669	0.01015	0.01367	0.52160	0.08782	0.29670	0.00893	0.00465	0.00129	0.00192	0.00775	0.00405	0.00354
21	0.00999	0.01098	0.01785	0.06664	0.04921	0.13964	0.47670	0.05624	0.00984	0.01249	0.02240	0.02299	0.00751	0.00426	0.00463	0.00130	0.03002	0.05004	0.00222	0.00505
22	0.01387	0.00604	0.00798	0.00643	0.00886	0.00539	0.00519	0.01593	0.05341	0.57324	0.20396	0.01812	0.05214	0.00582	0.00413	0.00123	0.00293	0.00488	0.00463	0.00582
23	0.00709	0.07637	0.02206	0.00570	0.02109	0.00530	0.00449	0.04196	0.01082	0.06525	0.56523	0.02581	0.11911	0.00736	0.00435	0.00121	0.00237	0.00633	0.00395	0.00415
24	0.00999	0.18168	0.35570	0.02104	0.05767	0.06953	0.01009	0.06960	0.03207	0.05265	0.00749	0.00839	0.00569	0.00374	0.00343	0.00107	0.00489	0.00283	0.00215	0.10029

[dist]
# distance from previous block
# <min> <max>
0	1

[block]
# block no. 4 follows, 69 sequences, length 58
# corresponding to MSA columns:
# 263-320
name=unknown_E
#
# <colnr> <probs for GDERKNQSTAVLIFYWHMCP>
#	G	D	E	R	K	N	Q	S	T	A	V	L	I	F	Y	W	H	M	C	P
0	0.44267	0.01146	0.06401	0.00756	0.01002	0.20460	0.00640	0.09548	0.04395	0.01552	0.00653	0.00746	0.00511	0.00413	0.00368	0.00120	0.06042	0.00260	0.00245	0.00475
1	0.00587	0.00422	0.00520	0.00561	0.00653	0.00396	0.00428	0.01876	0.03433	0.04112	0.03761	0.35193	0.25873	0.01061	0.00490	0.00153	0.00259	0.19494	0.00370	0.00360
2	0.06208	0.06330	0.01112	0.05332	0.01203	0.32314	0.00725	0.17375	0.16136	0.03461	0.00868	0.00924	0.00671	0.00451	0.00412	0.00116	0.05238	0.00316	0.00279	0.00530
3	0.02588	0.01037	0.01108	0.00872	0.01164	0.01153	0.00713	0.67671	0.13422	0.02303	0.01062	0.03275	0.00791	0.00498	0.00394	0.00121	0.00407	0.00384	0.00390	0.00648
4	0.00478	0.00341	0.00455	0.00546	0.00569	0.00318	0.00364	0.00546	0.00751	0.01001	0.02161	0.85966	0.02593	0.01228	0.00500	0.00159	0.00227	0.01114	0.00364	0.00318
5	0.04322	0.00872	0.01102	0.00962	0.05405	0.02995	0.00753	0.15674	0.03932	0.24050	0.00926	0.01019	0.00693	0.00552	0.00747	0.00141	0.34639	0.00356	0.00309	0.00554
6	0.08625	0.03080	0.01369	0.04548	0.50530	0.10433	0.01001	0.02693	0.00886	0.03283	0.00713	0.00919	0.00594	0.00451	0.02415	0.00131	0.07241	0.00325	0.00207	0.00557
7	0.00487	0.00368	0.00452	0.00509	0.00572	0.00333	0.00360	0.00578	0.00823	0.01063	0.07670	0.51969	0.26472	0.01124	0.00490	0.00150	0.00224	0.05658	0.00368	0.00328
8	0.00980	0.00957	0.01538	0.17986	0.50057	0.05066	0.09803	0.06537	0.00949	0.01287	0.00743	0.00979	0.00597	0.00366	0.00395	0.00120	0.00507	0.00357	0.00204	0.00571
9	0.01078	0.00861	0.01142	0.10938	0.12619	0.01842	0.06072	0.13956	0.29385	0.09395	0.01160	0.01263	0.00885	0.04977	0.00504	0.00141	0.02476	0.00404	0.00323	0.00578
10	0.01067	0.00894	0.01081	0.12970	0.13723	0.03695	0.00788	0.21943	0.27905	0.03418	0.02902	0.03897	0.02959	0.00503	0.00399	0.00126	0.00400	0.00421	0.00329	0.00580
11	0.00560	0.00420	0.00630	0.00630	0.00700	0.00490	0.00490	0.00700	0.00630	0.00910	0.01050	0.01540	0.00980	0.02940	0.84669	0.00630	0.01050	0.00420	0.00210	0.00350
12	0.01759	0.00655	0.06413	0.03755	0.00919	0.02832	0.08829	0.01892	0.02943	0.02551	0.19405	0.07760	0.30498	0.03200	0.00495	0.00140	0.00319	0.04904	0.00334	0.00399
13	0.04028	0.00683	0.00899	0.00700	0.00996	0.00615	0.00576	0.01903	0.07353	0.75573	0.01524	0.01326	0.00973	0.00486	0.00391	0.00122	0.00331	0.00393	0.00472	0.00657
14	0.26929	0.05717	0.12183	0.05989	0.11980	0.00952	0.06963	0.12253	0.02974	0.04464	0.02198	0.02273	0.00659	0.01513	0.00376	0.00125	0.01350	0.00327	0.00252	0.00525
15	0.05781	0.42699	0.04815	0.02824	0.01114	0.12097	0.00717	0.13034	0.01000	0.07624	0.00704	0.00778	0.00567	0.00429	0.01577	0.00109	0.03107	0.00264	0.00234	0.00526
16	0.88991	0.00758	0.00576	0.00516	0.00758	0.00879	0.00425	0.01152	0.00667	0.01759	0.00546	0.00637	0.00425	0.00364	0.00243	0.00121	0.00303	0.00212	0.00243	0.00425
17	0.11639	0.03221	0.18099	0.04523	0.13287	0.00972	0.07419	0.20483	0.06846	0.05331	0.02198	0.02682	0.00719	0.00428	0.00376	0.00122	0.00452	0.00357	0.00274	0.00574
18	0.01323	0.07850	0.01225	0.00968	0.05574	0.26908	0.06205	0.15500	0.02175	0.14837	0.00857	0.00906	0.00640	0.00401	0.00360	0.00103	0.00496	0.00308	0.00284	0.13078
19	0.88991	0.00758	0.00576	0.00516	0.00758	0.00879	0.00425	0.01152	0.00667	0.01759	0.00546	0.00637	0.00425	0.00364	0.00243	0.00121	0.00303	0.00212	0.00243	0.00425
20	0.09394	0.00887	0.05430	0.02437	0.19064	0.00830	0.13141	0.04750	0.08511	0.25086	0.01096	0.02685	0.00816	0.00448	0.00408	0.00126	0.01780	0.02211	0.00314	0.00585
21	0.23628	0.00856	0.00987	0.00935	0.11855	0.00900	0.00668	0.26494	0.02530	0.24396	0.00996	0.00993	0.00697	0.00432	0.00352	0.00119	0.00370	0.00330	0.01869	0.00594
22	0.11957	0.16884	0.01259	0.10876	0.08998	0.13301	0.00757	0.18533	0.02088	0.07488	0.02508	0.00902	0.00652	0.00414	0.00358	0.00112	0.01809	0.00305	0.00264	0.00534
23	0.00922	0.01047	0.02255	0.01620	0.01995	0.01002	0.78063	0.01239	0.00908	0.01239	0.00778	0.01047	0.00591	0.00349	0.00506	0.00134	0.05128	0.00456	0.00197	0.00523
24	0.00561	0.00381	0.00505	0.00593	0.02609	0.00363	0.00399	0.01746	0.00787	0.02943	0.02008	0.68622	0.02323	0.02628	0.00505	0.00157	0.00245	0.05215	0.07067	0.00343
25	0.01019	0.80576	0.01966	0.00674	0.00990	0.01490	0.00664	0.01145	0.00785	0.00922	0.00571	0.00680	0.00528	0.00478	0.04712	0.00114	0.01797	0.00223	0.00170	0.00494
26	0.88991	0.00758	0.00576	0.00516	0.00758	0.00879	0.00425	0.01152	0.00667	0.01759	0.00546	0.00637	0.00425	0.00364	0.00243	0.00121	0.00303	0.00212	0.00243	0.00425
27	0.01233	0.00842	0.01300	0.01603	0.42796	0.00836	0.02223	0.07262	0.01020	0.27066	0.02218	0.01146	0.00791	0.00432	0.00440	0.00121	0.04894	0.01374	0.00304	0.02099
28	0.01039	0.00997	0.01187	0.36109	0.14406	0.15338	0.00939	0.13738	0.06394	0.02446	0.03124	0.01044	0.00696	0.00421	0.00387	0.00121	0.00506	0.00350	0.00242	0.00516
29	0.88991	0.00758	0.00576	0.00516	0.00758	0.00879	0.00425	0.01152	0.00667	0.01759	0.00546	0.00637	0.00425	0.00364	0.00243	0.00121	0.00303	0.00212	0.00243	0.00425
30	0.09095	0.11227	0.15871	0.16306	0.27971	0.02398	0.01029	0.03768	0.05193	0.02510	0.00745	0.00913	0.00585	0.00377	0.00357	0.00118	0.00468	0.00314	0.00208	0.00548
31	0.01111	0.73899	0.01918	0.00716	0.01037	0.09810	0.00683	0.05152	0.00879	0.01001	0.00570	0.00652	0.00511	0.00349	0.00269	0.00087	0.00448	0.00221	0.00182	0.00506
32	0.00514	0.00397	0.00469	0.00460	0.00565	0.00352	0.00343	0.00657	0.00998	0.01324	0.45276	0.07915	0.36468	0.00908	0.00466	0.00130	0.00195	0.01813	0.00399	0.00351
33	0.00498	0.00375	0.00472	0.00517	0.00584	0.00349	0.00372	0.00600	0.00827	0.01083	0.11947	0.43543	0.23660	0.01255	0.07638	0.00189	0.00292	0.05106	0.00359	0.00333
34	0.00466	0.00386	0.00408	0.00426	0.00537	0.00329	0.00311	0.00559	0.00866	0.01048	0.03620	0.19712	0.67905	0.01039	0.00471	0.00138	0.00204	0.00883	0.00364	0.00329
35	0.00969	0.08437	0.17878	0.01238	0.15755	0.02376	0.10617	0.07855	0.24800	0.01424	0.01035	0.03080	0.00819	0.00444	0.00390	0.00124	0.00457	0.01451	0.00268	0.00582
36	0.00546	0.00399	0.00513	0.00487	0.00581	0.00366	0.00364	0.00722	0.01085	0.01520	0.75691	0.05027	0.09578	0.00826	0.00463	0.00125	0.00187	0.00728	0.00425	0.00366
37	0.00813	0.00697	0.00813	0.00581	0.00929	0.00523	0.00465	0.00987	0.00813	0.01277	0.00697	0.00813	0.00581	0.00290	0.00290	0.00058	0.00290	0.00232	0.00232	0.88619
38	0.00590	0.00442	0.00582	0.01972	0.04557	0.00417	0.00423	0.00787	0.03442	0.02511	0.60201	0.09902	0.11049	0.00816	0.00458	0.00127	0.00214	0.00720	0.00404	0.00386
39	0.88991	0.00758	0.00576	0.00516	0.00758	0.00879	0.00425	0.01152	0.00667	0.01759	0.00546	0.00637	0.00425	0.00364	0.00243	0.00121	0.00303	0.00212	0.00243	0.00425
40	0.00975	0.00842	0.00886	0.00798	0.01019	0.00975	0.00621	0.02083	0.83069	0.01640	0.01596	0.01463	0.01197	0.00532	0.00399	0.00133	0.00310	0.00443	0.00399	0.00621
41	0.00675	0.00559	0.00682	0.00627	0.00737	0.00614	0.00486	0.01032	0.18760	0.01403	0.40030	0.03868	0.12853	0.00826	0.03194	0.00150	0.12092	0.00614	0.00372	0.00426
42	0.00515	0.00401	0.00469	0.00464	0.00574	0.00356	0.00353	0.00656	0.00984	0.01286	0.37947	0.04950	0.42181	0.00921	0.00469	0.00132	0.00205	0.06394	0.00393	0.00350
43	0.00852	0.00806	0.01342	0.43542	0.32676	0.00909	0.03299	0.02331	0.03814	0.01159	0.00770	0.01086	0.00619	0.00403	0.00425	0.00128	0.03306	0.01822	0.00197	0.00516
44	0.00665	0.00341	0.00502	0.00510	0.00514	0.00339	0.00341	0.00524	0.00539	0.00728	0.00823	0.08516	0.00854	0.01328	0.01413	0.78812	0.00327	0.00408	0.02329	0.00188
45	0.00798	0.00447	0.00486	0.00449	0.00586	0.00424	0.00347	0.04927	0.00930	0.10521	0.03916	0.02145	0.24366	0.00668	0.01732	0.00118	0.00232	0.01496	0.45007	0.00404
46	0.00701	0.00555	0.00676	0.00586	0.00803	0.00454	0.00463	0.00850	0.00834	0.02696	0.02822	0.18240	0.07659	0.00682	0.00395	0.00108	0.00283	0.15208	0.00299	0.45685
47	0.01056	0.66216	0.04602	0.00726	0.01057	0.05901	0.01776	0.04456	0.00856	0.01030	0.00584	0.00677	0.00517	0.00348	0.00291	0.00088	0.01950	0.00228	0.00184	0.07456
48	0.00818	0.00694	0.00806	0.00583	0.00919	0.00535	0.00466	0.03514	0.00853	0.01313	0.02347	0.00952	0.03319	0.00328	0.00302	0.00064	0.00290	0.00264	0.00245	0.81388
49	0.02314	0.01956	0.01238	0.04942	0.35601	0.02163	0.06446	0.03843	0.03731	0.06394	0.04343	0.12142	0.03296	0.00537	0.00441	0.00124	0.03701	0.01431	0.00265	0.05095
50	0.00782	0.05908	0.16047	0.08725	0.06744	0.02097	0.03100	0.02223	0.03836	0.05816	0.19598	0.10401	0.07839	0.02034	0.00441	0.00130	0.00373	0.01974	0.00299	0.01631
51	0.00551	0.04923	0.00555	0.00484	0.00580	0.00422	0.00356	0.00684	0.01883	0.01231	0.36110	0.16842	0.23325	0.09577	0.00613	0.00156	0.00229	0.00763	0.00369	0.00348
52	0.00806	0.00758	0.01278	0.53628	0.29187	0.00864	0.01088	0.01054	0.00837	0.01123	0.05073	0.01120	0.00722	0.00400	0.00394	0.00126	0.00486	0.00368	0.00194	0.00493
53	0.01000	0.10667	0.21604	0.05833	0.27372	0.02099	0.08196	0.09793	0.03874	0.03607	0.00780	0.00929	0.00602	0.00382	0.00388	0.00118	0.01623	0.00333	0.00219	0.00582
54	0.00843	0.00608	0.02352	0.01896	0.00925	0.00598	0.10039	0.05845	0.02167	0.13406	0.03452	0.20479	0.04425	0.12243	0.14522	0.00251	0.04604	0.00607	0.00309	0.00428
55	0.00622	0.05044	0.02356	0.05510	0.00912	0.00535	0.08725	0.02099	0.00906	0.01203	0.20884	0.25061	0.13948	0.02414	0.00490	0.00143	0.00309	0.08121	0.00336	0.00383
56	0.03950	0.07229	0.12368	0.12359	0.15465	0.03161	0.11633	0.10581	0.00957	0.03059	0.03240	0.06930	0.00842	0.03978	0.01462	0.00140	0.01479	0.00413	0.00238	0.00516
57	0.04521	0.04799	0.25768	0.09044	0.14715	0.02233	0.09112	0.05990	0.05764	0.05293	0.03915	0.01173	0.05089	0.00433	0.00387	0.00123	0.00478	0.00376	0.00240	0.00547

[dist]
# distance from previous block
# <min> <max>
15	41

[block]
# block no. 5 follows, 69 sequences, length 11
# corresponding to MSA columns:
# 370-380
name=unknown_F
#
# <colnr> <probs for GDERKNQSTAVLIFYWHMCP>
#	G	D	E	R	K	N	Q	S	T	A	V	L	I	F	Y	W	H	M	C	P
0	0.02323	0.03921	0.03310	0.09386	0.05247	0.06564	0.03748	0.07409	0.04532	0.02461	0.02355	0.02326	0.00721	0.02026	0.02901	0.00113	0.00412	0.00316	0.00246	0.39681
1	0.05899	0.13367	0.14274	0.08815	0.14125	0.06599	0.03821	0.07756	0.06486	0.01282	0.00822	0.01076	0.00684	0.02224	0.04127	0.00146	0.02918	0.03179	0.00225	0.02173
2	0.00866	0.10002	0.02399	0.02072	0.03546	0.09466	0.05806	0.05972	0.03067	0.01923	0.00913	0.02873	0.00866	0.16154	0.21570	0.00294	0.11161	0.00403	0.00224	0.00422
3	0.00485	0.00395	0.00432	0.00442	0.00554	0.00347	0.00330	0.00588	0.00867	0.01066	0.07329	0.11011	0.61882	0.03951	0.04859	0.00170	0.00258	0.04349	0.00355	0.00331
4	0.00873	0.00959	0.02036	0.06223	0.01924	0.00913	0.67749	0.01177	0.00909	0.01225	0.00948	0.04563	0.00808	0.00432	0.00467	0.00137	0.00611	0.07327	0.00217	0.00501
5	0.00511	0.00358	0.00473	0.00551	0.00578	0.00341	0.00379	0.00577	0.00740	0.00984	0.02005	0.65210	0.02370	0.10568	0.00700	0.02814	0.00262	0.09923	0.00344	0.00310
6	0.00724	0.00632	0.00719	0.00747	0.06807	0.08414	0.00490	0.00787	0.00678	0.00893	0.03493	0.01923	0.01165	0.43019	0.12475	0.02247	0.12149	0.02081	0.00225	0.00332
7	0.00757	0.00714	0.01205	0.79384	0.08469	0.00875	0.01097	0.01016	0.00792	0.01022	0.00700	0.01040	0.00530	0.00389	0.00392	0.00130	0.00519	0.00348	0.00176	0.00449
8	0.05632	0.23344	0.14283	0.00945	0.04305	0.22076	0.03492	0.04694	0.00928	0.05788	0.00687	0.00800	0.00553	0.00453	0.02265	0.00120	0.05990	0.00277	0.00212	0.03157
9	0.13344	0.13763	0.03237	0.00949	0.08125	0.04309	0.03657	0.30931	0.09435	0.05711	0.00887	0.00928	0.00666	0.00422	0.00350	0.00114	0.00416	0.00322	0.01855	0.00580
10	0.00657	0.00522	0.00710	0.04398	0.02449	0.02306	0.00542	0.02317	0.00716	0.01004	0.01080	0.01747	0.01040	0.06858	0.49321	0.02869	0.02536	0.09086	0.00230	0.09611

[dist]
# distance from previous block
# <min> <max>
0	14

[block]
# block no. 6 follows, 69 sequences, length 8
# corresponding to MSA columns:
# 395-402
name=unknown_G
#
# <colnr> <probs for GDERKNQSTAVLIFYWHMCP>
#	G	D	E	R	K	N	Q	S	T	A	V	L	I	F	Y	W	H	M	C	P
0	0.61499	0.06687	0.00775	0.00611	0.00855	0.08808	0.00506	0.04987	0.00809	0.05929	0.00702	0.00892	0.00573	0.00415	0.00284	0.00120	0.00360	0.04475	0.00260	0.00453
1	0.00949	0.23157	0.41051	0.01137	0.11032	0.01097	0.03234	0.06397	0.02625	0.03007	0.00717	0.00832	0.00551	0.00378	0.00367	0.00114	0.02296	0.00291	0.00196	0.00569
2	0.62986	0.00817	0.00707	0.00613	0.00862	0.00940	0.00499	0.12188	0.14206	0.01835	0.00769	0.00812	0.00582	0.00405	0.00288	0.00123	0.00322	0.00269	0.00288	0.00489
3	0.00681	0.00340	0.00511	0.00511	0.00511	0.00340	0.00340	0.00511	0.00511	0.00681	0.00681	0.01192	0.00681	0.01362	0.01532	0.88594	0.00340	0.00340	0.00170	0.00170
4	0.00665	0.00579	0.00726	0.00858	0.14160	0.02663	0.00541	0.03106	0.07756	0.01172	0.04862	0.24644	0.29456	0.00925	0.03022	0.00152	0.03235	0.00734	0.00327	0.00417
5	0.00569	0.00385	0.00453	0.00453	0.00461	0.00394	0.00269	0.00586	0.00578	0.00779	0.01212	0.02439	0.01370	0.75908	0.12234	0.00411	0.00463	0.00552	0.00234	0.00251
6	0.04948	0.01028	0.07566	0.02060	0.58355	0.00946	0.14350	0.03686	0.00912	0.01332	0.00742	0.00958	0.00600	0.00352	0.00393	0.00120	0.00497	0.00357	0.00201	0.00596
7	0.18750	0.13785	0.26682	0.00883	0.01245	0.06999	0.04567	0.06820	0.00905	0.10355	0.00744	0.00826	0.00552	0.00401	0.00383	0.00118	0.04929	0.00286	0.00236	0.00534

[dist]
# distance from previous block
# <min> <max>
5	11

[block]
# block no. 7 follows, 69 sequences, length 133
# corresponding to MSA columns:
# 419-551
name=unknown_H
#
# <colnr> <probs for GDERKNQSTAVLIFYWHMCP>
#	G	D	E	R	K	N	Q	S	T	A	V	L	I	F	Y	W	H	M	C	P
0	0.00794	0.00756	0.01075	0.00974	0.04080	0.01007	0.01977	0.00886	0.00617	0.00936	0.00674	0.01141	0.00680	0.10541	0.11633	0.00249	0.61009	0.00380	0.00185	0.00406
1	0.00962	0.03274	0.12385	0.18667	0.07335	0.07303	0.12644	0.02995	0.02029	0.02243	0.01232	0.17566	0.01190	0.01649	0.00508	0.00161	0.01499	0.05539	0.00286	0.00534
2	0.06127	0.16286	0.24626	0.00921	0.01296	0.03177	0.08750	0.17435	0.04004	0.02383	0.04116	0.01049	0.03976	0.00427	0.00361	0.00114	0.00463	0.00342	0.00252	0.03895
3	0.00875	0.00912	0.06471	0.30128	0.47145	0.00895	0.02346	0.01130	0.00850	0.01184	0.00721	0.00982	0.00578	0.00363	0.00386	0.00120	0.00488	0.00343	0.00187	0.03897
4	0.01012	0.48229	0.18263	0.00830	0.03143	0.02386	0.02473	0.03979	0.00859	0.04234	0.00654	0.00746	0.00538	0.00354	0.00312	0.00095	0.01507	0.00251	0.00196	0.09939
5	0.00631	0.00397	0.00561	0.05688	0.00665	0.00427	0.00394	0.00602	0.00570	0.00773	0.00915	0.01647	0.00945	0.26312	0.18204	0.38647	0.01754	0.00424	0.00198	0.00246
6	0.00574	0.00379	0.00430	0.00430	0.00430	0.00379	0.00241	0.00568	0.00568	0.00758	0.01218	0.02522	0.01402	0.83566	0.01981	0.03142	0.00379	0.00563	0.00235	0.00235
7	0.00934	0.00947	0.02585	0.04282	0.17127	0.10508	0.19100	0.03443	0.14214	0.02321	0.13446	0.02558	0.05765	0.00502	0.00419	0.00124	0.00454	0.00468	0.00283	0.00518
8	0.01054	0.20721	0.24181	0.04395	0.15714	0.04147	0.06933	0.01326	0.02103	0.13406	0.00859	0.00952	0.01750	0.00386	0.00359	0.00113	0.00486	0.00320	0.00229	0.00566
9	0.00498	0.00364	0.00467	0.00544	0.00581	0.00345	0.00367	0.00606	0.03883	0.01024	0.02231	0.76055	0.07458	0.02908	0.00525	0.00161	0.00232	0.01060	0.00363	0.00329
10	0.01292	0.10300	0.01266	0.09479	0.10632	0.48694	0.00826	0.05082	0.01042	0.04714	0.00678	0.00804	0.00548	0.00403	0.00378	0.00107	0.02763	0.00282	0.00215	0.00495
11	0.00911	0.08179	0.33934	0.08331	0.30587	0.00979	0.02919	0.06151	0.00912	0.01290	0.01818	0.00919	0.00598	0.00374	0.00374	0.00119	0.00509	0.00322	0.00194	0.00578
12	0.01025	0.02885	0.04810	0.09722	0.48295	0.08444	0.09963	0.03218	0.02361	0.04393	0.00773	0.00972	0.00615	0.00368	0.00390	0.00118	0.00509	0.00351	0.00211	0.00577
13	0.00575	0.00421	0.00537	0.00520	0.00613	0.00400	0.00395	0.00779	0.04159	0.01460	0.63377	0.03043	0.07102	0.06039	0.00562	0.00146	0.00220	0.08877	0.00408	0.00369
14	0.00930	0.00918	0.06443	0.10130	0.34960	0.00890	0.05871	0.06479	0.16094	0.02351	0.02363	0.01364	0.04572	0.01651	0.00426	0.00129	0.00437	0.03164	0.00262	0.00566
15	0.08826	0.05036	0.11597	0.00922	0.09564	0.04040	0.05044	0.04195	0.02162	0.13860	0.15275	0.06564	0.04479	0.03813	0.00470	0.00134	0.01720	0.01494	0.00309	0.00497
16	0.00603	0.03718	0.00709	0.00645	0.00713	0.00573	0.00504	0.00726	0.00633	0.00904	0.01025	0.01598	0.00989	0.10375	0.66033	0.00544	0.07365	0.01781	0.00211	0.00352
17	0.01039	0.83624	0.04812	0.00686	0.01029	0.01530	0.00697	0.01176	0.00798	0.00933	0.00550	0.00636	0.00503	0.00337	0.00256	0.00085	0.00425	0.00212	0.00168	0.00506
18	0.00868	0.02934	0.11139	0.12464	0.11196	0.00765	0.04030	0.04210	0.02810	0.09163	0.03179	0.09203	0.02136	0.09747	0.05155	0.00186	0.07516	0.02565	0.00260	0.00475
19	0.02166	0.07967	0.41427	0.02232	0.08521	0.02766	0.05088	0.08571	0.02086	0.04846	0.03947	0.01055	0.00733	0.01487	0.02437	0.00137	0.02015	0.01739	0.00225	0.00556
20	0.00621	0.00510	0.02146	0.04940	0.00853	0.00473	0.06577	0.00820	0.06703	0.04407	0.07906	0.38536	0.20746	0.00939	0.00468	0.00144	0.00284	0.02192	0.00350	0.00387
21	0.02065	0.00785	0.07768	0.08662	0.05710	0.02168	0.02053	0.09262	0.11159	0.06680	0.03873	0.05979	0.18945	0.02312	0.06934	0.00173	0.02211	0.02471	0.00312	0.00479
22	0.00949	0.04529	0.10539	0.03832	0.10774	0.07292	0.11190	0.09455	0.03675	0.05835	0.03479	0.06476	0.03262	0.08604	0.06930	0.00185	0.01792	0.00446	0.00260	0.00495
23	0.03785	0.08908	0.27977	0.00989	0.04255	0.08925	0.02192	0.18330	0.09178	0.05341	0.00912	0.01070	0.00706	0.00448	0.00387	0.00121	0.01766	0.03874	0.00267	0.00571
24	0.00789	0.02011	0.82792	0.01127	0.01703	0.00912	0.02830	0.01242	0.00829	0.01242	0.00705	0.00832	0.00498	0.00372	0.00374	0.00124	0.00581	0.00293	0.00166	0.00579
25	0.01684	0.00521	0.04989	0.04159	0.00794	0.00461	0.02529	0.01735	0.03377	0.02520	0.03235	0.55162	0.09222	0.03753	0.00543	0.00158	0.02457	0.01999	0.00335	0.00366
26	0.07477	0.06984	0.05995	0.05749	0.07714	0.09127	0.03702	0.07742	0.06520	0.08747	0.04291	0.01320	0.02449	0.04643	0.08945	0.00184	0.03525	0.02635	0.01757	0.00494
27	0.04239	0.03553	0.11500	0.02457	0.02689	0.20541	0.11287	0.07089	0.08746	0.09441	0.05242	0.01169	0.00870	0.05435	0.02635	0.00147	0.01803	0.00372	0.00271	0.00514
28	0.01048	0.86458	0.02054	0.00671	0.01006	0.01551	0.00671	0.01174	0.00797	0.00922	0.00545	0.00629	0.00503	0.00335	0.00252	0.00084	0.00419	0.00210	0.00168	0.00503
29	0.00810	0.00763	0.01184	0.25798	0.21077	0.02797	0.08072	0.02338	0.08400	0.01224	0.08745	0.05686	0.07130	0.00565	0.01897	0.00137	0.02165	0.00473	0.00253	0.00487
30	0.00564	0.00381	0.00426	0.00426	0.00433	0.00377	0.00241	0.00570	0.00588	0.00777	0.01390	0.02634	0.06065	0.81411	0.01909	0.00366	0.00370	0.00585	0.00245	0.00243
31	0.00828	0.00696	0.00814	0.00582	0.00930	0.00523	0.00466	0.01001	0.00818	0.02554	0.00710	0.00821	0.00587	0.00293	0.00292	0.00059	0.00291	0.00235	0.00236	0.87263
32	0.00495	0.00372	0.00457	0.00508	0.00573	0.00337	0.00362	0.00586	0.00828	0.01068	0.09150	0.45866	0.27247	0.02109	0.00525	0.01692	0.00229	0.06906	0.00364	0.00326
33	0.00749	0.10115	0.04420	0.04233	0.00857	0.04491	0.01773	0.00874	0.00780	0.05029	0.05696	0.16753	0.01477	0.17313	0.09265	0.00232	0.04366	0.08336	0.02858	0.00382
34	0.88991	0.00758	0.00576	0.00516	0.00758	0.00879	0.00425	0.01152	0.00667	0.01759	0.00546	0.00637	0.00425	0.00364	0.00243	0.00121	0.00303	0.00212	0.00243	0.00425
35	0.00478	0.00370	0.00438	0.00490	0.00562	0.00329	0.00347	0.00564	0.00818	0.01033	0.02927	0.47630	0.37043	0.01122	0.00486	0.00149	0.00221	0.04304	0.00364	0.00326
36	0.01037	0.83005	0.05414	0.00689	0.01034	0.01525	0.00703	0.01177	0.00798	0.00935	0.00552	0.00637	0.00503	0.00337	0.00256	0.00085	0.00426	0.00213	0.00168	0.00506
37	0.00516	0.00350	0.00442	0.00509	0.00534	0.00333	0.00334	0.00583	0.00726	0.01001	0.01924	0.64135	0.02251	0.15664	0.00735	0.00191	0.00249	0.00954	0.08258	0.00309
38	0.02275	0.34558	0.02599	0.00856	0.03794	0.22627	0.00713	0.15738	0.01068	0.03528	0.00704	0.00791	0.00576	0.00435	0.01624	0.00108	0.02539	0.00269	0.03580	0.01619
39	0.00937	0.04083	0.13494	0.03008	0.47766	0.02635	0.09751	0.02925	0.04061	0.01289	0.03253	0.01064	0.02091	0.00390	0.00404	0.00120	0.01568	0.00368	0.00211	0.00581
40	0.00835	0.00660	0.00788	0.00610	0.02339	0.00525	0.00473	0.02047	0.02616	0.05834	0.10885	0.01226	0.04119	0.00397	0.00329	0.00076	0.00282	0.00329	0.00280	0.65351
41	0.04357	0.02458	0.00895	0.00776	0.00988	0.04600	0.00615	0.14367	0.46679	0.01621	0.01405	0.01680	0.01160	0.05789	0.00498	0.00147	0.00358	0.09215	0.00362	0.02030
42	0.00968	0.12340	0.30252	0.01323	0.21850	0.04303	0.04126	0.05620	0.06422	0.03279	0.00805	0.02177	0.00634	0.00390	0.00365	0.00115	0.00490	0.00326	0.00217	0.03997
43	0.00950	0.02211	0.12540	0.06259	0.41620	0.07099	0.02266	0.01326	0.12668	0.01288	0.02851	0.01095	0.00767	0.00404	0.00385	0.00118	0.00467	0.01537	0.00228	0.03923
44	0.00813	0.00697	0.00813	0.00581	0.00929	0.00523	0.00465	0.00987	0.00813	0.01277	0.00697	0.00813	0.00581	0.00290	0.00290	0.00058	0.00290	0.00232	0.00232	0.88619
45	0.00517	0.00409	0.00528	0.00518	0.00617	0.00368	0.03458	0.00643	0.00919	0.01207	0.28022	0.24510	0.32155	0.02570	0.00502	0.00142	0.00225	0.01967	0.00376	0.00346
46	0.00600	0.00401	0.01929	0.03270	0.00632	0.00374	0.00387	0.00732	0.00789	0.01193	0.01728	0.44298	0.01840	0.00872	0.00407	0.00132	0.00233	0.04712	0.34080	0.01391
47	0.00481	0.00350	0.00454	0.00535	0.00571	0.00323	0.00364	0.00556	0.00772	0.01018	0.03551	0.75411	0.10045	0.01197	0.00497	0.00157	0.00227	0.02805	0.00365	0.00321
48	0.00492	0.00353	0.00469	0.00551	0.00585	0.00331	0.00381	0.00576	0.00785	0.01047	0.06981	0.73643	0.04569	0.01188	0.00500	0.00158	0.00233	0.06465	0.00368	0.00325
49	0.00923	0.00901	0.02910	0.18877	0.59890	0.00935	0.01153	0.02182	0.02313	0.01230	0.00736	0.00986	0.00605	0.00378	0.00429	0.00122	0.04310	0.00350	0.00195	0.00575
50	0.88991	0.00758	0.00576	0.00516	0.00758	0.00879	0.00425	0.01152	0.00667	0.01759	0.00546	0.00637	0.00425	0.00364	0.00243	0.00121	0.00303	0.00212	0.00243	0.00425
51	0.88991	0.00758	0.00576	0.00516	0.00758	0.00879	0.00425	0.01152	0.00667	0.01759	0.00546	0.00637	0.00425	0.00364	0.00243	0.00121	0.00303	0.00212	0.00243	0.00425
52	0.02490	0.00928	0.03154	0.12861	0.49836	0.03611	0.03967	0.02638	0.05919	0.06891	0.00866	0.01047	0.01514	0.00393	0.00407	0.00121	0.02188	0.00360	0.00229	0.00581
53	0.83671	0.00753	0.00597	0.00527	0.00773	0.00861	0.00434	0.01199	0.00695	0.06778	0.00607	0.00679	0.00458	0.00371	0.00252	0.00121	0.00305	0.00223	0.00257	0.00439
54	0.88991	0.00758	0.00576	0.00516	0.00758	0.00879	0.00425	0.01152	0.00667	0.01759	0.00546	0.00637	0.00425	0.00364	0.00243	0.00121	0.00303	0.00212	0.00243	0.00425
55	0.00567	0.00383	0.00519	0.00599	0.00650	0.00364	0.00444	0.00669	0.00805	0.04202	0.02115	0.60967	0.02441	0.01161	0.00507	0.00163	0.00267	0.22466	0.00368	0.00343
56	0.88991	0.00758	0.00576	0.00516	0.00758	0.00879	0.00425	0.01152	0.00667	0.01759	0.00546	0.00637	0.00425	0.00364	0.00243	0.00121	0.00303	0.00212	0.00243	0.00425
57	0.01464	0.01868	0.01111	0.01010	0.01212	0.84648	0.00757	0.01565	0.01111	0.00959	0.00606	0.00707	0.00505	0.00404	0.00353	0.00101	0.00707	0.00252	0.00202	0.00454
58	0.00629	0.00450	0.00628	0.00716	0.00807	0.00449	0.00626	0.00808	0.00902	0.01171	0.02110	0.04411	0.03714	0.01081	0.00540	0.00180	0.00358	0.79699	0.00361	0.00360
59	0.00873	0.00884	0.01197	0.04229	0.01099	0.03888	0.00863	0.00966	0.00624	0.00946	0.00525	0.00860	0.00515	0.00666	0.01222	0.00168	0.79533	0.00340	0.00173	0.00430
60	0.00570	0.00382	0.00435	0.00435	0.00438	0.00384	0.00247	0.00575	0.00572	0.00766	0.01228	0.02527	0.01408	0.83059	0.05136	0.00390	0.00406	0.00564	0.00237	0.00242
61	0.00536	0.00411	0.00565	0.00685	0.05674	0.00408	0.00441	0.00645	0.03105	0.01034	0.01995	0.75135	0.02354	0.01134	0.00521	0.00156	0.03484	0.01019	0.00347	0.00350
62	0.00941	0.00822	0.00870	0.03985	0.01056	0.01974	0.00620	0.01943	0.73909	0.01572	0.01694	0.01578	0.06190	0.00553	0.00402	0.00132	0.00316	0.00461	0.00386	0.00594
63	0.01237	0.08707	0.01338	0.03717	0.17193	0.32821	0.05109	0.14193	0.02080	0.02380	0.00720	0.00842	0.00577	0.00393	0.00373	0.00106	0.01605	0.00301	0.00234	0.06071
64	0.06218	0.22857	0.10079	0.00706	0.00928	0.10037	0.00645	0.02017	0.00878	0.02182	0.08229	0.18168	0.04605	0.00682	0.00388	0.00125	0.00387	0.10160	0.00274	0.00434
65	0.00508	0.00403	0.00433	0.00423	0.00550	0.00344	0.00318	0.00626	0.00942	0.02831	0.20196	0.03551	0.65618	0.00944	0.00462	0.00130	0.00199	0.00794	0.00380	0.00346
66	0.00753	0.00709	0.01198	0.80851	0.07033	0.00874	0.01095	0.01012	0.00790	0.01017	0.00699	0.01041	0.00528	0.00390	0.00392	0.00130	0.00520	0.00348	0.00175	0.00445
67	0.06142	0.01809	0.01082	0.00984	0.01188	0.80171	0.00740	0.01543	0.01087	0.01002	0.00603	0.00703	0.00501	0.00402	0.00348	0.00102	0.00685	0.00250	0.00204	0.00453
68	0.00813	0.00697	0.00813	0.00581	0.00929	0.00523	0.00465	0.00987	0.00813	0.01277	0.00697	0.00813	0.00581	0.00290	0.00290	0.00058	0.00290	0.00232	0.00232	0.88619
69	0.00758	0.00720	0.01172	0.69990	0.11289	0.02014	0.01048	0.01004	0.00807	0.01035	0.00900	0.01199	0.05601	0.00424	0.00395	0.00129	0.00499	0.00376	0.00188	0.00449
70	0.00570	0.00380	0.00428	0.00428	0.00428	0.00380	0.00238	0.00570	0.00570	0.00760	0.01235	0.02566	0.01425	0.86222	0.01995	0.00380	0.00380	0.00570	0.00238	0.00238
71	0.01496	0.00738	0.00889	0.00697	0.00965	0.00724	0.00571	0.25059	0.01277	0.45582	0.01323	0.01243	0.00889	0.00476	0.00372	0.00115	0.00335	0.00377	0.16259	0.00613
72	0.00957	0.00916	0.01563	0.04120	0.80620	0.00920	0.01186	0.01187	0.00888	0.01270	0.00761	0.02451	0.00653	0.00366	0.00390	0.00117	0.00463	0.00363	0.00197	0.00612
73	0.00768	0.00700	0.07210	0.14869	0.05977	0.00630	0.03317	0.06257	0.00963	0.05520	0.14969	0.09003	0.11499	0.00698	0.00450	0.00134	0.01551	0.11368	0.01426	0.02690
74	0.88991	0.00758	0.00576	0.00516	0.00758	0.00879	0.00425	0.01152	0.00667	0.01759	0.00546	0.00637	0.00425	0.00364	0.00243	0.00121	0.00303	0.00212	0.00243	0.00425
75	0.00740	0.00697	0.01176	0.85280	0.02700	0.00871	0.01089	0.01002	0.00784	0.01002	0.00697	0.01045	0.00523	0.00392	0.00392	0.00131	0.00523	0.00348	0.00174	0.00436
76	0.01190	0.07443	0.04751	0.03126	0.06730	0.12698	0.09159	0.22904	0.02175	0.08786	0.02328	0.02565	0.00729	0.00474	0.02149	0.00120	0.00481	0.00348	0.00285	0.11558
77	0.78226	0.00802	0.02089	0.00564	0.00815	0.00900	0.00474	0.06598	0.00758	0.03763	0.00599	0.00680	0.00456	0.00379	0.00274	0.00122	0.01567	0.00229	0.00256	0.00449
78	0.00491	0.00388	0.00448	0.00502	0.00567	0.01789	0.00348	0.00573	0.00812	0.01031	0.04279	0.54921	0.30184	0.01126	0.00484	0.00148	0.00225	0.00994	0.00362	0.00326
79	0.00869	0.02731	0.51150	0.02445	0.02613	0.00901	0.04280	0.03933	0.14325	0.03425	0.02348	0.01032	0.00719	0.00421	0.00396	0.00124	0.02284	0.00339	0.05100	0.00568
80	0.09573	0.01026	0.10527	0.01178	0.03473	0.00882	0.34990	0.07912	0.03389	0.19505	0.00970	0.01063	0.00684	0.00393	0.00403	0.00125	0.00501	0.00391	0.02450	0.00566
81	0.00876	0.00816	0.00833	0.00754	0.00842	0.14350	0.00576	0.06960	0.05647	0.01082	0.00946	0.02427	0.00902	0.19018	0.18285	0.00288	0.19662	0.00409	0.04926	0.00401
82	0.00568	0.00379	0.00428	0.00430	0.00431	0.00379	0.00241	0.00570	0.00574	0.00766	0.01257	0.04522	0.01453	0.84228	0.01960	0.00375	0.00376	0.00583	0.00241	0.00239
83	0.00525	0.00389	0.00499	0.00562	0.00632	0.00363	0.00428	0.00640	0.00850	0.01104	0.08473	0.39308	0.19474	0.01106	0.00502	0.00157	0.00257	0.24028	0.00368	0.00337
84	0.00542	0.00368	0.00436	0.00463	0.00470	0.00361	0.00276	0.00563	0.00625	0.00833	0.01514	0.27726	0.01778	0.60581	0.01544	0.00313	0.00334	0.00734	0.00276	0.00262
85	0.00786	0.02028	0.84191	0.01117	0.01697	0.00910	0.01448	0.01242	0.00828	0.01242	0.00704	0.00828	0.00497	0.00372	0.00372	0.00124	0.00579	0.00290	0.00166	0.00579
86	0.00484	0.00346	0.00462	0.00553	0.00579	0.00324	0.00375	0.00557	0.00757	0.01008	0.02157	0.82644	0.02579	0.01222	0.00502	0.00160	0.00233	0.04375	0.00364	0.00320
87	0.00970	0.00931	0.01591	0.02406	0.83777	0.00931	0.01203	0.01203	0.00893	0.01281	0.00737	0.00970	0.00621	0.00349	0.00388	0.00116	0.00466	0.00349	0.00194	0.00621
88	0.00817	0.00601	0.00697	0.00664	0.00794	0.00629	0.00495	0.22084	0.09768	0.02731	0.03483	0.47928	0.04727	0.00927	0.00458	0.00144	0.00291	0.01935	0.00378	0.00449
89	0.00473	0.00371	0.00428	0.00469	0.00549	0.00326	0.00331	0.00560	0.00834	0.01048	0.05622	0.41925	0.43480	0.01096	0.00481	0.00145	0.00212	0.00957	0.00366	0.00326
90	0.04490	0.00670	0.00899	0.00692	0.00993	0.00586	0.00571	0.01887	0.01108	0.81472	0.01515	0.01313	0.00953	0.00481	0.00389	0.00121	0.00333	0.00389	0.00478	0.00660
91	0.01048	0.86458	0.02054	0.00671	0.01006	0.01551	0.00671	0.01174	0.00797	0.00922	0.00545	0.00629	0.00503	0.00335	0.00252	0.00084	0.00419	0.00210	0.00168	0.00503
