[name]
unknown

[dist]
# distance from previous block
# <min> <max>
0	42

[block]
# block no. 0 follows, 70 sequences, length 11
# corresponding to MSA columns:
# 42-52
name=unknown_A
#
# <colnr> <probs for GDERKNQSTAVLIFYWHMCP>
#	G	D	E	R	K	N	Q	S	T	A	V	L	I	F	Y	W	H	M	C	P
0	0.00586	0.00394	0.00486	0.00513	0.00582	0.00368	0.00358	0.00688	0.02647	0.06418	0.05776	0.42113	0.17971	0.14124	0.02777	0.00193	0.00273	0.03047	0.00348	0.00338
1	0.02580	0.22718	0.38637	0.03271	0.02982	0.01016	0.02877	0.03417	0.03834	0.09511	0.00777	0.00855	0.00577	0.00373	0.00338	0.00109	0.00474	0.00287	0.00216	0.05149
2	0.05074	0.06085	0.01070	0.00805	0.01062	0.00912	0.06507	0.22109	0.21390	0.17271	0.06555	0.04082	0.02910	0.00521	0.00404	0.00123	0.01744	0.00429	0.00370	0.00577
3	0.00474	0.00349	0.00438	0.00508	0.00549	0.00320	0.00342	0.00544	0.00759	0.00988	0.02409	0.67488	0.16890	0.05297	0.00560	0.00163	0.00227	0.01026	0.00354	0.00313
4	0.00894	0.00839	0.05359	0.07455	0.43753	0.00799	0.04503	0.03387	0.04312	0.05066	0.01024	0.07589	0.02602	0.03703	0.05409	0.00160	0.00468	0.00433	0.01710	0.00536
5	0.05287	0.16764	0.14796	0.02975	0.12372	0.05971	0.08313	0.15425	0.05052	0.05257	0.02237	0.00921	0.00656	0.00399	0.00373	0.00114	0.01963	0.00322	0.00246	0.00557
6	0.00563	0.00431	0.00537	0.00532	0.00631	0.00422	0.03051	0.00743	0.06515	0.01091	0.02334	0.22681	0.29119	0.04676	0.14287	0.00223	0.00369	0.00719	0.10724	0.00354
7	0.00604	0.00514	0.03556	0.02042	0.02487	0.00435	0.05233	0.00764	0.00949	0.04957	0.30802	0.07692	0.34168	0.00883	0.03045	0.00143	0.00276	0.00705	0.00361	0.00383
8	0.01105	0.05670	0.21547	0.02578	0.12098	0.03125	0.09823	0.06834	0.04468	0.20559	0.05117	0.02404	0.02024	0.00441	0.00388	0.00120	0.00454	0.00383	0.00289	0.00573
9	0.01102	0.10591	0.24065	0.01179	0.09887	0.08422	0.14852	0.06495	0.04911	0.13498	0.00868	0.00951	0.00634	0.00388	0.00376	0.00117	0.00511	0.00336	0.00247	0.00570
10	0.01232	0.26172	0.01377	0.00888	0.01122	0.44616	0.03990	0.01366	0.02474	0.03872	0.00748	0.03116	0.02357	0.00430	0.00379	0.00103	0.04786	0.00294	0.00209	0.00469

[dist]
# distance from previous block
# <min> <max>
1	9

[block]
# block no. 1 follows, 70 sequences, length 14
# corresponding to MSA columns:
# 62-75
name=unknown_B
#
# <colnr> <probs for GDERKNQSTAVLIFYWHMCP>
#	G	D	E	R	K	N	Q	S	T	A	V	L	I	F	Y	W	H	M	C	P
0	0.03746	0.19433	0.06994	0.03712	0.09718	0.01943	0.03838	0.16673	0.01032	0.06182	0.04373	0.10694	0.03665	0.00510	0.00365	0.00112	0.00394	0.00422	0.00276	0.05917
1	0.00850	0.01950	0.07840	0.03925	0.02615	0.00594	0.00581	0.04768	0.02871	0.11346	0.17420	0.01740	0.13259	0.00590	0.01838	0.00115	0.02596	0.00453	0.00317	0.24330
2	0.01368	0.01703	0.01111	0.05866	0.04459	0.73224	0.00779	0.01524	0.04571	0.00992	0.00651	0.00760	0.00534	0.00402	0.00355	0.00103	0.00663	0.00267	0.00206	0.00462
3	0.00594	0.00449	0.00561	0.00603	0.00687	0.00452	0.00460	0.00852	0.12676	0.01190	0.11543	0.34473	0.08292	0.03064	0.00520	0.00159	0.00269	0.22415	0.00369	0.00374
4	0.00552	0.00408	0.00584	0.00582	0.00645	0.00459	0.00439	0.00674	0.00651	0.00924	0.06031	0.01804	0.03731	0.13606	0.66463	0.00546	0.00876	0.00464	0.00229	0.00332
5	0.00797	0.00661	0.00766	0.00556	0.00879	0.00504	0.00443	0.00970	0.00805	0.01279	0.00738	0.00858	0.00610	0.00301	0.00286	0.00060	0.00278	0.00241	0.07698	0.81270
6	0.00509	0.00389	0.00467	0.00459	0.00558	0.00347	0.00340	0.00651	0.00987	0.01320	0.47490	0.11176	0.32100	0.00900	0.00461	0.00129	0.00192	0.00781	0.00397	0.00347
7	0.00598	0.00454	0.00637	0.00618	0.00668	0.00538	0.00470	0.00709	0.00620	0.00909	0.01024	0.01620	0.00996	0.17166	0.56027	0.00498	0.10430	0.00430	0.05253	0.00336
8	0.01145	0.00823	0.01163	0.01323	0.29693	0.00850	0.02984	0.14638	0.11218	0.16942	0.05941	0.01225	0.00955	0.00456	0.00416	0.00119	0.03274	0.00390	0.05853	0.00591
9	0.00643	0.00475	0.00605	0.00585	0.00657	0.00526	0.00425	0.05597	0.07668	0.01007	0.01173	0.04586	0.01165	0.29761	0.42892	0.00456	0.00697	0.00484	0.00248	0.00350
10	0.00539	0.00384	0.00483	0.00503	0.00579	0.00352	0.00365	0.00657	0.00897	0.02993	0.30024	0.30244	0.18097	0.05810	0.00559	0.00153	0.00225	0.06415	0.00378	0.00340
11	0.01079	0.08953	0.01057	0.05568	0.01109	0.04511	0.01888	0.22292	0.03069	0.08301	0.00944	0.08107	0.00796	0.00457	0.00369	0.00100	0.02082	0.00364	0.00294	0.28660
12	0.03109	0.06994	0.01025	0.00757	0.01012	0.08703	0.00623	0.15194	0.03948	0.40517	0.06125	0.01207	0.00965	0.00540	0.02199	0.00129	0.05617	0.00371	0.00380	0.00583
13	0.03116	0.25989	0.11591	0.00790	0.01054	0.10116	0.02111	0.05852	0.06206	0.06074	0.02622	0.10283	0.01025	0.00558	0.00394	0.00119	0.03140	0.08208	0.00262	0.00489

[dist]
# distance from previous block
# <min> <max>
0	3

[block]
# block no. 2 follows, 70 sequences, length 16
# corresponding to MSA columns:
# 79-94
name=unknown_C
#
# <colnr> <probs for GDERKNQSTAVLIFYWHMCP>
#	G	D	E	R	K	N	Q	S	T	A	V	L	I	F	Y	W	H	M	C	P
0	0.00974	0.41742	0.07446	0.00703	0.00964	0.06242	0.00649	0.09215	0.02449	0.02417	0.02992	0.01092	0.00781	0.11377	0.09271	0.00185	0.00495	0.00316	0.00219	0.00469
1	0.00573	0.00451	0.00517	0.00555	0.00629	0.02656	0.00393	0.04548	0.04870	0.01122	0.05219	0.56392	0.17182	0.01064	0.00474	0.00147	0.00247	0.02248	0.00361	0.00354
2	0.05829	0.00921	0.00899	0.00797	0.01023	0.06980	0.00623	0.08413	0.66382	0.01646	0.01400	0.01307	0.01051	0.00503	0.00382	0.00127	0.00344	0.00405	0.00372	0.00595
3	0.00861	0.00650	0.00770	0.00577	0.00876	0.00516	0.00459	0.02433	0.02416	0.09021	0.10226	0.01230	0.04676	0.00400	0.00327	0.00076	0.00278	0.00329	0.00287	0.63592
4	0.00831	0.00799	0.01150	0.00974	0.01027	0.01054	0.05589	0.04958	0.00688	0.01026	0.00738	0.01055	0.03599	0.00945	0.11889	0.00222	0.62460	0.00374	0.00194	0.00428
5	0.00833	0.01750	0.05473	0.00813	0.01828	0.02278	0.10871	0.09545	0.08098	0.06144	0.20077	0.18077	0.04985	0.00709	0.00479	0.00133	0.04388	0.02716	0.00340	0.00462
6	0.01650	0.00651	0.00878	0.00682	0.00968	0.00571	0.00560	0.01832	0.03757	0.77070	0.05999	0.01409	0.01113	0.00498	0.00394	0.00120	0.00321	0.00408	0.00474	0.00642
7	0.00554	0.00415	0.00623	0.00623	0.00692	0.00485	0.00485	0.00692	0.00623	0.00900	0.01038	0.01523	0.00969	0.02908	0.84839	0.00623	0.01038	0.00415	0.00208	0.00346
8	0.00502	0.00362	0.00469	0.00545	0.00580	0.00342	0.00369	0.02983	0.00780	0.01035	0.02171	0.80375	0.05676	0.01183	0.00490	0.00155	0.00230	0.01069	0.00361	0.00326
9	0.00961	0.00942	0.01511	0.10435	0.72074	0.04905	0.01158	0.01187	0.00882	0.01224	0.00719	0.00954	0.00599	0.00352	0.00383	0.00116	0.00477	0.00341	0.00190	0.00588
10	0.00475	0.00345	0.00450	0.00532	0.00566	0.00320	0.00362	0.00549	0.00758	0.00999	0.02283	0.77023	0.09287	0.01191	0.00493	0.00156	0.00226	0.03308	0.00360	0.00317
11	0.01444	0.00764	0.00948	0.00813	0.05116	0.00761	0.00624	0.15541	0.17307	0.45537	0.03575	0.01306	0.01008	0.00487	0.00389	0.00121	0.00340	0.00398	0.02891	0.00632
12	0.05443	0.04552	0.05282	0.19025	0.17494	0.14284	0.15891	0.03864	0.00913	0.05299	0.00729	0.00925	0.00565	0.00384	0.00413	0.00120	0.03755	0.00338	0.00210	0.00513
13	0.05133	0.02891	0.00617	0.00551	0.00698	0.00469	0.00411	0.03989	0.00852	0.08889	0.03003	0.40991	0.14616	0.00863	0.00423	0.00128	0.00256	0.00751	0.00341	0.14128
14	0.14284	0.05698	0.01109	0.00893	0.01138	0.45099	0.04237	0.12337	0.01109	0.09572	0.00733	0.00793	0.00559	0.00404	0.00342	0.00108	0.00551	0.00278	0.00257	0.00500
15	0.01145	0.33365	0.10426	0.00954	0.06477	0.17080	0.03625	0.15954	0.01048	0.01281	0.00666	0.00759	0.00541	0.00371	0.00323	0.00099	0.00492	0.00268	0.00218	0.04908

[dist]
# distance from previous block
# <min> <max>
0	7

[block]
# block no. 3 follows, 70 sequences, length 10
# corresponding to MSA columns:
# 102-111
name=unknown_D
#
# <colnr> <probs for GDERKNQSTAVLIFYWHMCP>
#	G	D	E	R	K	N	Q	S	T	A	V	L	I	F	Y	W	H	M	C	P
0	0.02515	0.06212	0.02781	0.02276	0.15271	0.13935	0.05965	0.22502	0.14373	0.05156	0.02406	0.01015	0.00753	0.00425	0.00375	0.00114	0.00459	0.00348	0.00293	0.02825
1	0.00812	0.01023	0.21507	0.02863	0.02942	0.00683	0.05420	0.01059	0.00821	0.03310	0.03523	0.01045	0.00724	0.00431	0.02028	0.00105	0.04858	0.02926	0.00223	0.43697
2	0.01452	0.01105	0.01149	0.00892	0.01194	0.04421	0.00732	0.76275	0.05086	0.02352	0.00944	0.00943	0.00674	0.00465	0.00387	0.00116	0.00432	0.00349	0.00381	0.00649
3	0.00555	0.00378	0.00427	0.00425	0.00440	0.00372	0.00248	0.00574	0.00622	0.00826	0.06864	0.02645	0.07376	0.74692	0.01766	0.00342	0.00350	0.00591	0.00256	0.00250
4	0.00487	0.00346	0.00458	0.00542	0.00567	0.00326	0.00367	0.00556	0.00739	0.00983	0.02071	0.75857	0.02468	0.06906	0.00596	0.00173	0.00243	0.05651	0.00351	0.00312
5	0.00510	0.00353	0.00439	0.00491	0.00504	0.00340	0.00308	0.00550	0.00668	0.00891	0.01757	0.51434	0.02085	0.36557	0.01108	0.00248	0.00288	0.00879	0.00308	0.00282
6	0.00800	0.07015	0.75159	0.01106	0.01655	0.00942	0.05620	0.01224	0.00822	0.01210	0.00691	0.00819	0.00497	0.00364	0.00366	0.00121	0.00568	0.00291	0.00166	0.00566
7	0.05301	0.01054	0.01127	0.00867	0.01174	0.01163	0.00716	0.75896	0.01744	0.05671	0.00938	0.00933	0.00661	0.00461	0.00381	0.00117	0.00417	0.00345	0.00385	0.00649
8	0.01449	0.00671	0.00842	0.00667	0.00923	0.00635	0.00543	0.13854	0.03716	0.52256	0.08999	0.01425	0.01174	0.00505	0.00382	0.00117	0.00313	0.00411	0.10521	0.00597
9	0.00860	0.00702	0.00999	0.05866	0.28910	0.02301	0.00745	0.02430	0.12131	0.07137	0.12830	0.08096	0.05834	0.02791	0.06491	0.00166	0.00406	0.00503	0.00299	0.00503

[dist]
# distance from previous block
# <min> <max>
1	3

[block]
# block no. 4 follows, 70 sequences, length 22
# corresponding to MSA columns:
# 115-136
name=unknown_E
#
# <colnr> <probs for GDERKNQSTAVLIFYWHMCP>
#	G	D	E	R	K	N	Q	S	T	A	V	L	I	F	Y	W	H	M	C	P
0	0.01069	0.35879	0.21749	0.00940	0.03591	0.21385	0.03570	0.02299	0.04242	0.01066	0.00652	0.00749	0.00533	0.00367	0.00320	0.00102	0.00527	0.00260	0.00187	0.00515
1	0.01064	0.02015	0.16039	0.01143	0.08516	0.03748	0.15064	0.13065	0.21966	0.08208	0.01072	0.01120	0.01863	0.00440	0.00421	0.00125	0.02871	0.00384	0.00292	0.00585
2	0.00519	0.00388	0.00489	0.00512	0.00593	0.00352	0.00375	0.00644	0.00902	0.01215	0.30122	0.33959	0.17044	0.00988	0.00472	0.00139	0.00218	0.07389	0.00378	0.03303
3	0.21375	0.45104	0.02646	0.00701	0.01012	0.01233	0.03715	0.11140	0.00916	0.08056	0.00679	0.00737	0.00540	0.00367	0.00285	0.00101	0.00394	0.00250	0.00236	0.00515
4	0.00746	0.00717	0.01250	0.78953	0.02620	0.00871	0.07387	0.01010	0.00786	0.01010	0.00696	0.01035	0.00522	0.00383	0.00393	0.00129	0.00527	0.00353	0.00174	0.00438
5	0.00556	0.00407	0.00578	0.00578	0.00632	0.00460	0.00429	0.00664	0.00610	0.00867	0.01079	0.01750	0.01068	0.21580	0.66302	0.00568	0.00890	0.00449	0.00214	0.00321
6	0.01319	0.00969	0.01046	0.00828	0.01097	0.01066	0.00673	0.67708	0.04463	0.02235	0.03836	0.07632	0.00938	0.00536	0.00394	0.00119	0.00389	0.00423	0.03719	0.00610
7	0.00564	0.00385	0.00462	0.00465	0.00479	0.00395	0.00288	0.00593	0.00585	0.00790	0.01222	0.02442	0.01369	0.70183	0.14988	0.00408	0.00480	0.03412	0.00235	0.00257
8	0.00494	0.00392	0.00443	0.00468	0.00570	0.00347	0.00355	0.00599	0.00859	0.01062	0.06103	0.15753	0.53118	0.04538	0.00538	0.00152	0.00232	0.13292	0.00357	0.00328
9	0.89114	0.00750	0.00570	0.00510	0.00750	0.00870	0.00420	0.01140	0.00660	0.01739	0.00540	0.00630	0.00420	0.00360	0.00240	0.00120	0.00300	0.00210	0.00240	0.00420
10	0.00716	0.00542	0.00647	0.00586	0.00723	0.00553	0.01791	0.05445	0.15386	0.04745	0.30929	0.06986	0.20201	0.04020	0.00526	0.00138	0.03283	0.00643	0.01714	0.00425
11	0.16373	0.01259	0.01077	0.04083	0.10153	0.34591	0.02376	0.14682	0.01104	0.09687	0.00757	0.00834	0.00573	0.00404	0.00348	0.00111	0.00516	0.00291	0.00263	0.00518
12	0.00838	0.00688	0.00807	0.00578	0.00921	0.00519	0.00463	0.01009	0.00815	0.04263	0.00719	0.00823	0.00588	0.00294	0.00291	0.00060	0.00289	0.00235	0.00239	0.85561
13	0.00794	0.00738	0.01194	0.63422	0.14220	0.00882	0.01042	0.02609	0.06660	0.01100	0.00766	0.01055	0.00588	0.00436	0.01719	0.00135	0.01619	0.00352	0.00195	0.00473
14	0.00929	0.00982	0.07931	0.11767	0.66645	0.00918	0.01187	0.02772	0.00884	0.01255	0.00726	0.00957	0.00594	0.00354	0.00383	0.00117	0.00475	0.00341	0.00191	0.00591
15	0.00600	0.00480	0.00538	0.00513	0.00644	0.00464	0.00391	0.03531	0.12936	0.01345	0.29730	0.06164	0.37240	0.00848	0.00450	0.00130	0.00221	0.02995	0.00388	0.00393
16	0.00468	0.00389	0.00405	0.00414	0.00531	0.00331	0.00306	0.00564	0.00866	0.01044	0.04969	0.10368	0.71457	0.03756	0.00512	0.00142	0.00208	0.02589	0.00357	0.00325
17	0.00890	0.00850	0.01330	0.14150	0.54463	0.03891	0.01028	0.01150	0.04711	0.01231	0.06503	0.01190	0.02357	0.00513	0.03984	0.00140	0.00471	0.00382	0.00219	0.00548
18	0.00966	0.00840	0.00861	0.00770	0.00986	0.03223	0.00599	0.06333	0.70180	0.01604	0.01698	0.01575	0.07535	0.00555	0.00398	0.00130	0.00316	0.00458	0.00386	0.00589
19	0.72749	0.00926	0.07138	0.00669	0.04457	0.06336	0.00553	0.01175	0.00710	0.01628	0.00564	0.00663	0.00439	0.00362	0.00263	0.00119	0.00354	0.00224	0.00229	0.00442
20	0.01125	0.14474	0.02746	0.00757	0.04135	0.14708	0.00605	0.01282	0.00920	0.17061	0.03068	0.00920	0.00707	0.00367	0.00321	0.00086	0.00393	0.00278	0.00265	0.35780
21	0.21149	0.17467	0.02003	0.02104	0.01016	0.09737	0.03472	0.07399	0.19815	0.01417	0.00961	0.05955	0.01630	0.00458	0.00330	0.00114	0.00387	0.00348	0.00272	0.03965

[dist]
# distance from previous block
# <min> <max>
0	10

[block]
# block no. 5 follows, 70 sequences, length 17
# corresponding to MSA columns:
# 147-163
name=unknown_F
#
# <colnr> <probs for GDERKNQSTAVLIFYWHMCP>
#	G	D	E	R	K	N	Q	S	T	A	V	L	I	F	Y	W	H	M	C	P
0	0.12647	0.00562	0.01900	0.00602	0.00762	0.00550	0.06206	0.01000	0.09168	0.04170	0.38426	0.03359	0.08196	0.00684	0.01900	0.00130	0.00271	0.00553	0.08498	0.00417
1	0.01065	0.80793	0.01967	0.00686	0.01009	0.07249	0.00669	0.01187	0.00809	0.00915	0.00543	0.00627	0.00498	0.00336	0.00256	0.00084	0.00434	0.00210	0.00168	0.00494
2	0.00804	0.00689	0.00804	0.00574	0.00919	0.00517	0.00459	0.00976	0.00804	0.01263	0.00689	0.00804	0.00574	0.00287	0.00287	0.00057	0.00287	0.00230	0.00230	0.88745
3	0.00476	0.00350	0.00448	0.00521	0.00563	0.00321	0.00357	0.00554	0.00777	0.01018	0.04689	0.69479	0.14707	0.01164	0.00489	0.00153	0.00223	0.03030	0.00362	0.00319
4	0.00915	0.05972	0.05245	0.02829	0.05170	0.10336	0.06269	0.04052	0.28827	0.02471	0.10330	0.05809	0.08986	0.00570	0.00401	0.00123	0.00384	0.00484	0.00318	0.00509
5	0.00591	0.00481	0.04986	0.00520	0.00641	0.00381	0.00411	0.00720	0.00895	0.06860	0.21737	0.29026	0.27671	0.02660	0.00490	0.00141	0.00235	0.00817	0.00371	0.00367
6	0.00472	0.00337	0.00450	0.00540	0.00562	0.00315	0.00360	0.00540	0.00742	0.00990	0.02137	0.86122	0.02564	0.01215	0.00495	0.00157	0.00225	0.01102	0.00360	0.00315
7	0.00860	0.01798	0.69191	0.01171	0.05157	0.00885	0.07385	0.01271	0.00848	0.06763	0.00759	0.00875	0.00535	0.00372	0.00377	0.00123	0.00558	0.00309	0.00188	0.00577
8	0.00978	0.06746	0.18192	0.05539	0.37847	0.00953	0.11048	0.04483	0.03242	0.06110	0.00794	0.00957	0.00612	0.00366	0.00382	0.00118	0.00493	0.00344	0.00214	0.00583
9	0.00844	0.03773	0.71501	0.01072	0.03243	0.00875	0.01310	0.01248	0.00831	0.06902	0.00765	0.00881	0.00546	0.00483	0.03959	0.00143	0.00570	0.00298	0.00188	0.00568
10	0.00513	0.00367	0.00490	0.00571	0.00613	0.00350	0.00415	0.00608	0.00784	0.01038	0.04546	0.59515	0.04381	0.04432	0.00559	0.00169	0.00259	0.19710	0.00356	0.00323
11	0.01249	0.04709	0.10531	0.05127	0.21787	0.04275	0.00905	0.27464	0.01215	0.16362	0.00937	0.02124	0.00689	0.00426	0.00379	0.00116	0.00446	0.00348	0.00303	0.00608
12	0.15453	0.09829	0.01296	0.06728	0.12279	0.10094	0.10605	0.10573	0.04295	0.01361	0.00757	0.03967	0.00637	0.00434	0.00434	0.00120	0.08116	0.00341	0.00233	0.02447
13	0.00600	0.00459	0.00598	0.00598	0.01701	0.00505	0.00438	0.02190	0.04713	0.01010	0.02687	0.11112	0.12483	0.14357	0.35470	0.00373	0.05632	0.00563	0.04159	0.00351
14	0.04947	0.00868	0.01314	0.30252	0.42002	0.05589	0.01053	0.01116	0.00842	0.01172	0.03154	0.01008	0.00652	0.00391	0.00416	0.00122	0.04048	0.00344	0.00194	0.00518
15	0.00714	0.00687	0.01280	0.01074	0.05029	0.00637	0.33172	0.00917	0.00856	0.01172	0.06366	0.29973	0.01570	0.00711	0.00459	0.00136	0.00419	0.07148	0.00280	0.07399
16	0.01576	0.00665	0.00873	0.00683	0.00957	0.00600	0.00557	0.08894	0.01145	0.67508	0.05027	0.04236	0.02618	0.02265	0.00429	0.00126	0.00327	0.00434	0.00458	0.00621

[dist]
# distance from previous block
# <min> <max>
5	7

[block]
# block no. 6 follows, 70 sequences, length 25
# corresponding to MSA columns:
# 172-196
name=unknown_G
#
# <colnr> <probs for GDERKNQSTAVLIFYWHMCP>
#	G	D	E	R	K	N	Q	S	T	A	V	L	I	F	Y	W	H	M	C	P
0	0.00804	0.00689	0.00804	0.00574	0.00919	0.00517	0.00459	0.00976	0.00804	0.01263	0.00689	0.00804	0.00574	0.00287	0.00287	0.00057	0.00287	0.00230	0.00230	0.88745
1	0.03553	0.00878	0.01296	0.07882	0.48129	0.03279	0.00956	0.06433	0.02344	0.06882	0.00811	0.01006	0.00651	0.00373	0.00368	0.00109	0.00428	0.01490	0.00235	0.12895
2	0.00494	0.00348	0.00451	0.00524	0.00545	0.00330	0.00346	0.00553	0.00715	0.00953	0.01970	0.68500	0.02346	0.16476	0.00761	0.00197	0.00256	0.03596	0.00337	0.00302
3	0.01400	0.01056	0.01123	0.02500	0.02613	0.03530	0.00726	0.71087	0.04349	0.02281	0.00949	0.00967	0.00683	0.00461	0.00382	0.00115	0.00422	0.00349	0.04374	0.00633
4	0.89114	0.00750	0.00570	0.00510	0.00750	0.00870	0.00420	0.01140	0.00660	0.01739	0.00540	0.00630	0.00420	0.00360	0.00240	0.00120	0.00300	0.00210	0.00240	0.00420
5	0.89114	0.00750	0.00570	0.00510	0.00750	0.00870	0.00420	0.01140	0.00660	0.01739	0.00540	0.00630	0.00420	0.00360	0.00240	0.00120	0.00300	0.00210	0.00240	0.00420
6	0.01663	0.00637	0.00859	0.00665	0.00949	0.00554	0.00547	0.01816	0.01087	0.78036	0.01510	0.01329	0.00962	0.00478	0.00381	0.00118	0.00319	0.00388	0.07063	0.00637
7	0.00538	0.00432	0.00487	0.00482	0.00599	0.00401	0.00363	0.00753	0.08614	0.01240	0.25468	0.10500	0.43669	0.00911	0.00458	0.00133	0.00212	0.03995	0.00381	0.00365
8	0.89114	0.00750	0.00570	0.00510	0.00750	0.00870	0.00420	0.01140	0.00660	0.01739	0.00540	0.00630	0.00420	0.00360	0.00240	0.00120	0.00300	0.00210	0.00240	0.00420
9	0.00554	0.00414	0.00614	0.00614	0.00681	0.00480	0.00474	0.00687	0.00620	0.00893	0.01046	0.01567	0.00988	0.06552	0.81221	0.00612	0.01009	0.00422	0.00209	0.00341
10	0.00492	0.00394	0.00439	0.00428	0.00544	0.00341	0.00321	0.00621	0.00962	0.01234	0.33345	0.03423	0.54266	0.00912	0.00458	0.00128	0.00191	0.00775	0.00385	0.00341
11	0.06815	0.01065	0.01127	0.00869	0.01175	0.01182	0.00718	0.77696	0.01752	0.02400	0.00907	0.00912	0.00645	0.00459	0.00379	0.00117	0.00419	0.00341	0.00379	0.00645
12	0.00554	0.00415	0.00623	0.00623	0.00692	0.00485	0.00485	0.00692	0.00623	0.00900	0.01038	0.01523	0.00969	0.02908	0.84839	0.00623	0.01038	0.00415	0.00208	0.00346
13	0.01036	0.86609	0.02032	0.00663	0.00995	0.01534	0.00663	0.01161	0.00788	0.00912	0.00539	0.00622	0.00498	0.00332	0.00249	0.00083	0.00415	0.00207	0.00166	0.00498
14	0.00723	0.00361	0.00361	0.00361	0.00452	0.00361	0.00271	0.00903	0.00813	0.01445	0.01265	0.01445	0.00994	0.00452	0.00271	0.00090	0.00181	0.00361	0.88528	0.00361
15	0.00496	0.00394	0.00445	0.00432	0.00547	0.00343	0.00324	0.00629	0.00973	0.01258	0.37137	0.03384	0.50458	0.00903	0.00458	0.00127	0.00191	0.00769	0.00388	0.00343
16	0.00903	0.00875	0.01525	0.21831	0.59325	0.00911	0.06671	0.01147	0.00860	0.01200	0.00724	0.00983	0.00589	0.00354	0.00390	0.00119	0.00487	0.00353	0.00188	0.00565
17	0.00554	0.00415	0.00623	0.00623	0.00692	0.00485	0.00485	0.00692	0.00623	0.00900	0.01038	0.01523	0.00969	0.02908	0.84839	0.00623	0.01038	0.00415	0.00208	0.00346
18	0.00564	0.00376	0.00423	0.00423	0.00423	0.00376	0.00235	0.00564	0.00564	0.00752	0.01222	0.02537	0.01409	0.86375	0.01973	0.00376	0.00376	0.00564	0.00235	0.00235
19	0.00778	0.02005	0.84367	0.01105	0.01678	0.00900	0.01432	0.01228	0.00818	0.01228	0.00696	0.00818	0.00491	0.00368	0.00368	0.00123	0.00573	0.00286	0.00164	0.00573
20	0.00804	0.00689	0.00804	0.00574	0.00919	0.00517	0.00459	0.00976	0.00804	0.01263	0.00689	0.00804	0.00574	0.00287	0.00287	0.00057	0.00287	0.00230	0.00230	0.88745
21	0.00946	0.00892	0.01479	0.13660	0.67030	0.00924	0.01138	0.04016	0.03796	0.01282	0.00761	0.00986	0.00622	0.00362	0.00385	0.00118	0.00462	0.00349	0.00203	0.00590
22	0.00961	0.00807	0.00857	0.00770	0.00985	0.00924	0.00599	0.01986	0.77075	0.03698	0.04072	0.01532	0.02913	0.00542	0.00398	0.00131	0.00301	0.00453	0.00397	0.00602
23	0.01017	0.00895	0.03467	0.20927	0.37212	0.05450	0.07105	0.01241	0.00899	0.13012	0.00918	0.03299	0.01994	0.00409	0.00393	0.00121	0.00475	0.00381	0.00236	0.00549
24	0.00824	0.00793	0.01149	0.68746	0.04763	0.06292	0.01014	0.03545	0.06998	0.01086	0.00758	0.01038	0.00573	0.00400	0.00386	0.00127	0.00509	0.00346	0.00198	0.00458

[dist]
# distance from previous block
# <min> <max>
1	6

[block]
# block no. 7 follows, 70 sequences, length 38
# corresponding to MSA columns:
# 203-240
name=unknown_H
#
# <colnr> <probs for GDERKNQSTAVLIFYWHMCP>
#	G	D	E	R	K	N	Q	S	T	A	V	L	I	F	Y	W	H	M	C	P
0	0.00560	0.00450	0.00689	0.00676	0.00769	0.00414	0.09057	0.00675	0.00781	0.01055	0.01877	0.61932	0.02171	0.01036	0.00480	0.00149	0.00289	0.09631	0.00333	0.06975
1	0.01023	0.00962	0.07431	0.05271	0.65935	0.00879	0.01136	0.01261	0.00899	0.10266	0.00812	0.00991	0.00639	0.00363	0.00383	0.00117	0.00457	0.00346	0.00220	0.00609
2	0.01076	0.78511	0.01942	0.00695	0.01014	0.09491	0.00672	0.01198	0.00817	0.00916	0.00545	0.00629	0.00498	0.00338	0.00258	0.00085	0.00442	0.00211	0.00169	0.00493
3	0.00761	0.00680	0.00680	0.00610	0.00762	0.10970	0.00464	0.02852	0.12552	0.01465	0.49833	0.03254	0.03745	0.00659	0.00418	0.00115	0.00281	0.00562	0.00372	0.08966
4	0.00482	0.00346	0.00459	0.00541	0.00573	0.00323	0.00370	0.00561	0.00769	0.01025	0.06063	0.76644	0.04535	0.01183	0.00494	0.00156	0.00228	0.04564	0.00363	0.00319
5	0.17939	0.01097	0.09248	0.02338	0.19599	0.07953	0.26410	0.01205	0.00835	0.01288	0.00676	0.00879	0.00537	0.00379	0.00453	0.00125	0.07988	0.00340	0.00198	0.00512
6	0.00495	0.00357	0.00466	0.00516	0.00563	0.00331	0.00357	0.00595	0.00847	0.01149	0.25378	0.57419	0.06611	0.02375	0.00505	0.00149	0.00214	0.00967	0.00377	0.00329
7	0.00804	0.00689	0.00804	0.00574	0.00919	0.00517	0.00459	0.00976	0.00804	0.01263	0.00689	0.00804	0.00574	0.00287	0.00287	0.00057	0.00287	0.00230	0.00230	0.88745
8	0.00778	0.02005	0.84367	0.01105	0.01678	0.00900	0.01432	0.01228	0.00818	0.01228	0.00696	0.00818	0.00491	0.00368	0.00368	0.00123	0.00573	0.00286	0.00164	0.00573
9	0.01645	0.00812	0.00994	0.00762	0.01066	0.00795	0.00629	0.30709	0.01364	0.55047	0.01316	0.01181	0.00852	0.00475	0.00389	0.00119	0.00364	0.00375	0.00447	0.00660
10	0.00941	0.00506	0.00647	0.00570	0.00724	0.00482	0.00441	0.05874	0.00992	0.24859	0.22556	0.07934	0.08920	0.05807	0.11177	0.00200	0.00362	0.00565	0.05995	0.00450
11	0.00515	0.00381	0.00532	0.00579	0.00623	0.00361	0.03501	0.00595	0.00745	0.00988	0.02018	0.62183	0.04779	0.11742	0.00680	0.00185	0.00272	0.08667	0.00338	0.00317
12	0.00625	0.00446	0.00625	0.00714	0.00803	0.00446	0.00625	0.00803	0.00892	0.01160	0.02053	0.04373	0.02231	0.01071	0.00535	0.00178	0.00357	0.81348	0.00357	0.00357
13	0.00499	0.00356	0.00469	0.00549	0.00582	0.00337	0.00383	0.00577	0.00753	0.00996	0.02116	0.66362	0.05134	0.07609	0.00610	0.00176	0.00253	0.11574	0.00350	0.00315
14	0.00654	0.00410	0.00468	0.00456	0.00509	0.00426	0.00308	0.04464	0.00710	0.01072	0.01194	0.01962	0.01176	0.42407	0.14038	0.00311	0.00418	0.00467	0.28240	0.00312
15	0.01057	0.82420	0.01985	0.00680	0.01005	0.05650	0.00668	0.01180	0.00803	0.00914	0.00542	0.00626	0.00498	0.00335	0.00254	0.00084	0.00429	0.00209	0.00168	0.00495
16	0.00832	0.01833	0.07042	0.00741	0.00940	0.02510	0.00607	0.02702	0.50579	0.01411	0.01719	0.20267	0.05795	0.00685	0.00415	0.00135	0.00314	0.00586	0.00361	0.00525
17	0.00492	0.00394	0.00440	0.00433	0.00548	0.00342	0.00325	0.00619	0.00953	0.01219	0.30704	0.05174	0.53834	0.00924	0.00460	0.00129	0.00195	0.02093	0.00382	0.00340
18	0.00525	0.00394	0.00487	0.00466	0.00565	0.00356	0.00348	0.00686	0.01040	0.01422	0.63008	0.04492	0.23094	0.00846	0.00458	0.00125	0.00187	0.00736	0.00409	0.00356
19	0.01635	0.00637	0.00866	0.00672	0.00954	0.00552	0.00552	0.01788	0.01109	0.76960	0.08756	0.01458	0.01197	0.00507	0.00396	0.00120	0.00317	0.00417	0.00475	0.00634
20	0.00560	0.00381	0.00457	0.00459	0.00471	0.00392	0.00280	0.00584	0.00578	0.00783	0.01216	0.04641	0.01368	0.70216	0.15678	0.00411	0.00482	0.00554	0.00234	0.00256
21	0.01036	0.86609	0.02032	0.00663	0.00995	0.01534	0.00663	0.01161	0.00788	0.00912	0.00539	0.00622	0.00498	0.00332	0.00249	0.00083	0.00415	0.00207	0.00166	0.00498
22	0.01025	0.01132	0.01154	0.02752	0.01103	0.25365	0.00818	0.02316	0.00762	0.00961	0.00552	0.00819	0.00514	0.00617	0.02029	0.00154	0.56998	0.00315	0.00182	0.00434
23	0.00546	0.00394	0.00516	0.00489	0.00579	0.00364	0.00366	0.00726	0.01087	0.01537	0.81275	0.05422	0.03625	0.00805	0.00458	0.00123	0.00184	0.00713	0.00425	0.00364
24	0.00567	0.00391	0.00502	0.00502	0.00534	0.00420	0.00338	0.00631	0.00599	0.00842	0.01149	0.02075	0.01212	0.48549	0.35745	0.00464	0.00638	0.00494	0.04061	0.00286
25	0.00957	0.02851	0.02173	0.01551	0.01923	0.04996	0.73100	0.03462	0.00939	0.01248	0.00769	0.01013	0.00582	0.00341	0.00462	0.00129	0.02345	0.00437	0.00200	0.00521
26	0.00756	0.00721	0.01241	0.75868	0.08448	0.00871	0.04626	0.01016	0.00789	0.01021	0.00696	0.01029	0.00527	0.00382	0.00390	0.00128	0.00519	0.00350	0.00175	0.00448
27	0.00541	0.00379	0.00422	0.00422	0.00452	0.00365	0.00255	0.00570	0.00654	0.00850	0.05577	0.04167	0.17565	0.64397	0.01584	0.00313	0.00330	0.00629	0.00270	0.00260
28	0.00892	0.01007	0.02172	0.01566	0.01930	0.00954	0.76533	0.01200	0.00899	0.01222	0.00842	0.05093	0.00680	0.00378	0.00480	0.00133	0.02819	0.00485	0.00203	0.00510
29	0.00481	0.00394	0.00425	0.00417	0.00538	0.00337	0.00313	0.00601	0.00939	0.01178	0.24444	0.03516	0.63202	0.00933	0.00458	0.00129	0.00193	0.00788	0.00377	0.00337
30	0.00478	0.00396	0.00421	0.00423	0.00547	0.00339	0.00322	0.00591	0.00908	0.01112	0.12868	0.03674	0.69873	0.00966	0.00463	0.00133	0.00204	0.05581	0.00367	0.00333
31	0.02145	0.01059	0.03298	0.00905	0.01055	0.17461	0.00739	0.11783	0.17862	0.01293	0.00860	0.01014	0.00709	0.00739	0.07839	0.00177	0.28880	0.00347	0.01340	0.00495
32	0.01425	0.01810	0.01102	0.00999	0.01192	0.81631	0.00753	0.01525	0.01079	0.00948	0.00596	0.00705	0.00500	0.00410	0.00385	0.00103	0.03938	0.00253	0.00199	0.00448
33	0.00496	0.00397	0.00447	0.00455	0.00568	0.00348	0.00349	0.00620	0.00923	0.01164	0.20413	0.07551	0.54126	0.00963	0.00468	0.00136	0.00213	0.09653	0.00374	0.00338
34	0.01046	0.13622	0.04488	0.09172	0.11051	0.21438	0.06776	0.04083	0.02078	0.03613	0.00867	0.01040	0.04553	0.02012	0.01751	0.00128	0.09284	0.00338	0.02177	0.00484
35	0.00582	0.00444	0.00521	0.00528	0.00621	0.00433	0.00380	0.00834	0.13142	0.02296	0.21460	0.29937	0.20299	0.06035	0.00550	0.00152	0.00231	0.00806	0.00375	0.00374
36	0.04268	0.14884	0.12301	0.07101	0.08626	0.14706	0.01707	0.11412	0.06629	0.07660	0.00800	0.00887	0.00612	0.00404	0.00375	0.00111	0.03005	0.00302	0.00247	0.03966
37	0.03730	0.10534	0.22301	0.04319	0.07387	0.05958	0.03187	0.14737	0.07322	0.04686	0.05527	0.02750	0.01822	0.00441	0.00366	0.00115	0.00449	0.00355	0.00262	0.03751

[dist]
# distance from previous block
# <min> <max>
1	9

[block]
# block no. 8 follows, 70 sequences, length 22
# corresponding to MSA columns:
# 250-271
name=unknown_I
#
# <colnr> <probs for GDERKNQSTAVLIFYWHMCP>
#	G	D	E	R	K	N	Q	S	T	A	V	L	I	F	Y	W	H	M	C	P
0	0.01133	0.30747	0.04052	0.00820	0.02892	0.06193	0.03300	0.21867	0.10021	0.05271	0.03969	0.03831	0.02054	0.00456	0.00345	0.00108	0.00411	0.00352	0.01633	0.00546
1	0.00481	0.00359	0.00445	0.00501	0.00556	0.00327	0.00347	0.00566	0.00802	0.01043	0.08544	0.55018	0.22552	0.03755	0.00530	0.00156	0.00223	0.03115	0.00361	0.00320
2	0.03097	0.11143	0.38599	0.01119	0.09131	0.04293	0.09006	0.02483	0.02061	0.07051	0.02183	0.04937	0.02356	0.00429	0.00372	0.00119	0.00498	0.00362	0.00219	0.00542
3	0.02722	0.03816	0.30397	0.03475	0.12958	0.02806	0.05078	0.11173	0.02373	0.11932	0.01050	0.03341	0.04121	0.00457	0.00386	0.00122	0.00469	0.02498	0.00261	0.00564
4	0.29184	0.00895	0.06392	0.02979	0.24633	0.03376	0.02346	0.06078	0.00893	0.11615	0.02647	0.05763	0.00760	0.00436	0.00346	0.00121	0.00391	0.00354	0.00267	0.00525
5	0.00564	0.00430	0.00621	0.00615	0.00676	0.00500	0.00471	0.00685	0.00628	0.00895	0.01147	0.03568	0.03670	0.09966	0.69049	0.00554	0.04953	0.00453	0.00217	0.00339
6	0.00962	0.07462	0.25866	0.01135	0.13437	0.03406	0.08257	0.05669	0.00933	0.11488	0.04458	0.09169	0.02264	0.00568	0.03090	0.00137	0.00477	0.00427	0.00257	0.00536
7	0.01073	0.05391	0.19178	0.06674	0.15458	0.05977	0.10433	0.05686	0.02755	0.15790	0.00973	0.03202	0.02392	0.00432	0.00411	0.00121	0.02868	0.00372	0.00257	0.00559
8	0.05951	0.00662	0.00866	0.00678	0.00962	0.00597	0.00556	0.01813	0.05453	0.72342	0.04897	0.01358	0.01057	0.00489	0.00386	0.00121	0.00321	0.00397	0.00461	0.00633
9	0.03767	0.00889	0.06544	0.05025	0.16663	0.00845	0.07980	0.18320	0.08606	0.10013	0.11185	0.04505	0.02913	0.00504	0.00402	0.00123	0.00400	0.00443	0.00318	0.00555
10	0.03937	0.04812	0.18633	0.04507	0.34164	0.07062	0.01882	0.08827	0.01866	0.07180	0.01670	0.00936	0.00632	0.00382	0.00369	0.00115	0.00478	0.00323	0.00230	0.01995
11	0.00791	0.01043	0.24595	0.04556	0.13973	0.02458	0.05216	0.01078	0.04101	0.06387	0.09326	0.02960	0.20744	0.00574	0.00410	0.00124	0.00404	0.00495	0.00274	0.00494
12	0.00465	0.00388	0.00406	0.00412	0.00531	0.00329	0.00305	0.00567	0.00886	0.01076	0.09107	0.10637	0.71583	0.00989	0.00461	0.00133	0.00198	0.00834	0.00364	0.00329
13	0.01038	0.12503	0.16335	0.06182	0.05545	0.10563	0.14113	0.08233	0.03555	0.06885	0.00865	0.02321	0.01582	0.00465	0.01454	0.00126	0.05379	0.02098	0.00233	0.00526
14	0.01044	0.21226	0.15906	0.08106	0.11783	0.11197	0.04174	0.05163	0.02941	0.06737	0.02309	0.00903	0.00635	0.00413	0.00410	0.01273	0.04730	0.00307	0.00217	0.00526
15	0.00509	0.00407	0.00456	0.00445	0.00559	0.00365	0.00332	0.00663	0.03482	0.01217	0.29548	0.04579	0.49649	0.03206	0.02735	0.00148	0.00223	0.00756	0.00375	0.00346
16	0.00889	0.00977	0.23708	0.00834	0.04979	0.00662	0.02532	0.05271	0.02997	0.15030	0.17694	0.01820	0.12512	0.04180	0.01849	0.00143	0.02624	0.00485	0.00317	0.00498
17	0.01125	0.16874	0.05439	0.03468	0.28096	0.09354	0.06235	0.07887	0.05181	0.10159	0.00835	0.00956	0.00652	0.01632	0.00384	0.00115	0.00469	0.00328	0.00244	0.00567
18	0.00630	0.00565	0.02745	0.05601	0.10748	0.00536	0.00542	0.00910	0.12216	0.01238	0.17437	0.16423	0.27312	0.00798	0.00440	0.00132	0.00273	0.00695	0.00341	0.00418
19	0.00482	0.00352	0.00455	0.00527	0.00569	0.00325	0.00364	0.00565	0.00787	0.01037	0.07207	0.67956	0.12142	0.01156	0.00490	0.00153	0.00225	0.04524	0.00364	0.00321
20	0.00925	0.00911	0.10235	0.03391	0.11553	0.03848	0.10388	0.07473	0.13626	0.07558	0.01265	0.09411	0.03836	0.08986	0.02480	0.00164	0.00441	0.02715	0.00288	0.00506
21	0.05227	0.30594	0.05086	0.08492	0.02432	0.08838	0.05472	0.12304	0.06434	0.10437	0.00812	0.00877	0.00620	0.00393	0.00333	0.00107	0.00451	0.00298	0.00255	0.00537

[dist]
# distance from previous block
# <min> <max>
0	5

[block]
# block no. 9 follows, 70 sequences, length 12
# corresponding to MSA columns:
# 277-288
name=unknown_J
#
# <colnr> <probs for GDERKNQSTAVLIFYWHMCP>
#	G	D	E	R	K	N	Q	S	T	A	V	L	I	F	Y	W	H	M	C	P
0	0.00858	0.05079	0.22519	0.03183	0.02313	0.00802	0.03287	0.07325	0.12063	0.01361	0.04576	0.04791	0.00861	0.00432	0.00374	0.00104	0.02046	0.00354	0.00254	0.27418
1	0.03532	0.08167	0.13058	0.00753	0.04145	0.03944	0.04299	0.08640	0.01004	0.01348	0.21155	0.04369	0.22760	0.00653	0.00407	0.00121	0.00343	0.00549	0.00309	0.00445
2	0.00772	0.09086	0.06705	0.00676	0.03710	0.02956	0.00553	0.03780	0.00816	0.01151	0.01159	0.05409	0.08718	0.06234	0.11547	0.00177	0.00431	0.00388	0.03009	0.32723
3	0.00876	0.00909	0.07182	0.00821	0.00987	0.17257	0.06407	0.01062	0.03391	0.06596	0.02339	0.07850	0.00976	0.04619	0.31664	0.00318	0.05646	0.00434	0.00240	0.00424
4	0.00748	0.00631	0.00744	0.00558	0.00853	0.00490	0.00442	0.00915	0.00826	0.01259	0.08404	0.01204	0.05863	0.00505	0.04513	0.00096	0.00310	0.00317	0.00254	0.71068
5	0.00748	0.02670	0.18515	0.02150	0.11242	0.00698	0.02014	0.00980	0.02206	0.02066	0.10404	0.05117	0.07187	0.03043	0.06002	0.00155	0.07508	0.00431	0.00245	0.16619
6	0.00915	0.01046	0.02288	0.01634	0.02026	0.00980	0.82549	0.01242	0.00915	0.01242	0.00784	0.01046	0.00588	0.00327	0.00458	0.00131	0.00654	0.00458	0.00196	0.00523
7	0.15925	0.02563	0.00929	0.00821	0.10739	0.02746	0.01913	0.04792	0.00844	0.01384	0.00676	0.00796	0.00553	0.00319	0.00299	0.00080	0.00335	0.00249	0.00232	0.53805
8	0.00890	0.05051	0.02805	0.00981	0.16338	0.00688	0.04276	0.02977	0.00855	0.03575	0.00722	0.00852	0.00589	0.00313	0.00318	0.00077	0.00352	0.00268	0.00227	0.57844
9	0.00468	0.00393	0.00406	0.00403	0.00530	0.00331	0.00302	0.00575	0.00907	0.01102	0.12613	0.03640	0.75080	0.00961	0.00458	0.00130	0.00195	0.00805	0.00367	0.00331
10	0.00864	0.00855	0.04139	0.05176	0.51684	0.00826	0.04620	0.01177	0.09097	0.01290	0.07510	0.01420	0.08719	0.00459	0.00400	0.00120	0.00414	0.00430	0.00244	0.00555
11	0.00665	0.02336	0.07604	0.05729	0.01002	0.00526	0.08311	0.00826	0.00802	0.04315	0.01584	0.44328	0.01735	0.00852	0.00446	0.00138	0.00338	0.08032	0.00304	0.10127

[dist]
# distance from previous block
# <min> <max>
0	4

[block]
# block no. 10 follows, 70 sequences, length 84
# corresponding to MSA columns:
# 293-376
name=unknown_K
#
# <colnr> <probs for GDERKNQSTAVLIFYWHMCP>
#	G	D	E	R	K	N	Q	S	T	A	V	L	I	F	Y	W	H	M	C	P
0	0.25966	0.08604	0.04952	0.00827	0.01066	0.45562	0.00676	0.01373	0.02477	0.01199	0.00600	0.00698	0.00491	0.00387	0.00329	0.00106	0.02218	0.00242	0.00210	0.02017
1	0.00931	0.03731	0.05103	0.03138	0.03416	0.02807	0.64670	0.01231	0.00898	0.02719	0.00768	0.01003	0.00583	0.00341	0.00454	0.00125	0.02774	0.00420	0.00200	0.04688
2	0.01071	0.05795	0.09082	0.00841	0.01108	0.09764	0.01906	0.07817	0.45134	0.06615	0.03327	0.01227	0.00988	0.00482	0.00392	0.00122	0.01614	0.00384	0.00336	0.01996
3	0.00564	0.00381	0.00447	0.00450	0.00459	0.00388	0.00269	0.00582	0.00578	0.00776	0.01225	0.02486	0.01388	0.76134	0.09953	0.00395	0.00439	0.02601	0.00235	0.00249
4	0.00937	0.00916	0.08406	0.02323	0.02220	0.00914	0.03217	0.04301	0.61076	0.02696	0.07513	0.01454	0.01248	0.00518	0.00398	0.00129	0.00342	0.00438	0.00364	0.00588
5	0.01474	0.01086	0.01163	0.00892	0.01202	0.01202	0.00737	0.82664	0.01823	0.02443	0.00931	0.00931	0.00659	0.00465	0.00388	0.00116	0.00427	0.00349	0.00388	0.00659
6	0.01448	0.01848	0.01099	0.00999	0.01199	0.84819	0.00749	0.01548	0.01099	0.00949	0.00599	0.00699	0.00499	0.00400	0.00350	0.00100	0.00699	0.00250	0.00200	0.00449
7	0.00474	0.00393	0.00415	0.00410	0.00533	0.00334	0.00307	0.00587	0.00921	0.01137	0.18021	0.03584	0.69650	0.00948	0.00458	0.00129	0.00194	0.00798	0.00372	0.00334
8	0.89114	0.00750	0.00570	0.00510	0.00750	0.00870	0.00420	0.01140	0.00660	0.01739	0.00540	0.00630	0.00420	0.00360	0.00240	0.00120	0.00300	0.00210	0.00240	0.00420
9	0.00893	0.01196	0.16949	0.02981	0.12685	0.00956	0.56006	0.01228	0.00891	0.01238	0.00760	0.00993	0.00573	0.00338	0.00431	0.00127	0.00612	0.00410	0.00189	0.00542
10	0.03634	0.09215	0.55496	0.01169	0.08307	0.00966	0.07295	0.04034	0.01934	0.03401	0.00727	0.00849	0.00534	0.00368	0.00363	0.00119	0.00533	0.00301	0.00190	0.00567
11	0.89114	0.00750	0.00570	0.00510	0.00750	0.00870	0.00420	0.01140	0.00660	0.01739	0.00540	0.00630	0.00420	0.00360	0.00240	0.00120	0.00300	0.00210	0.00240	0.00420
12	0.00554	0.00415	0.00623	0.00623	0.00692	0.00485	0.00485	0.00692	0.00623	0.00900	0.01038	0.01523	0.00969	0.02908	0.84839	0.00623	0.01038	0.00415	0.00208	0.00346
13	0.00808	0.01774	0.67310	0.01338	0.17376	0.00896	0.01369	0.01211	0.00832	0.01232	0.00750	0.00889	0.01748	0.00373	0.00373	0.00121	0.00546	0.00306	0.00172	0.00577
14	0.08154	0.03682	0.02605	0.02699	0.08620	0.18708	0.08149	0.15597	0.03788	0.18656	0.00948	0.02055	0.00711	0.00441	0.00392	0.00117	0.02183	0.01641	0.00301	0.00554
15	0.00811	0.00790	0.01099	0.00952	0.00955	0.01089	0.00782	0.00892	0.00593	0.00917	0.00591	0.01014	0.00602	0.07462	0.05555	0.00209	0.74745	0.00361	0.00177	0.00405
16	0.00549	0.00396	0.00518	0.00488	0.00579	0.00366	0.00366	0.00732	0.01097	0.01555	0.83752	0.02896	0.03658	0.00793	0.00457	0.00122	0.00183	0.00701	0.00427	0.00366
17	0.02844	0.00877	0.01148	0.09966	0.18756	0.00963	0.02242	0.19176	0.25286	0.09898	0.01087	0.01131	0.00808	0.00455	0.00420	0.00125	0.03524	0.00377	0.00321	0.00597
18	0.01004	0.04667	0.07045	0.03940	0.11479	0.13770	0.00769	0.05154	0.36877	0.01384	0.03326	0.02315	0.03138	0.01705	0.00417	0.00125	0.01639	0.00395	0.00299	0.00551
19	0.00472	0.00337	0.00450	0.00540	0.00562	0.00315	0.00360	0.00540	0.00742	0.00990	0.02137	0.86122	0.02564	0.01215	0.00495	0.00157	0.00225	0.01102	0.00360	0.00315
20	0.00950	0.00911	0.01551	0.02341	0.82328	0.00910	0.01172	0.01177	0.00883	0.01262	0.00792	0.01014	0.02239	0.00358	0.00385	0.00115	0.00455	0.00355	0.00195	0.00608
21	0.03346	0.08746	0.34194	0.07082	0.20108	0.02756	0.08923	0.04704	0.00893	0.04623	0.00735	0.00887	0.00555	0.00366	0.00369	0.00118	0.00517	0.00317	0.00199	0.00562
22	0.00892	0.00923	0.01180	0.03810	0.01087	0.07869	0.00848	0.00984	0.00640	0.00936	0.00522	0.00842	0.00508	0.00647	0.01169	0.00163	0.76049	0.00332	0.00172	0.00426
23	0.00458	0.00393	0.00393	0.00393	0.00524	0.00327	0.00295	0.00556	0.00884	0.01047	0.03927	0.03731	0.83800	0.00982	0.00458	0.00131	0.00196	0.00818	0.00360	0.00327
24	0.00772	0.00702	0.01158	0.03731	0.42337	0.00716	0.04375	0.00945	0.00815	0.01138	0.01202	0.24705	0.01261	0.02306	0.03412	0.00156	0.04441	0.05097	0.00247	0.00483
25	0.00955	0.03013	0.01283	0.05728	0.53691	0.02478	0.00949	0.01156	0.00884	0.07924	0.02090	0.07900	0.00882	0.00453	0.00382	0.00117	0.00409	0.01421	0.07735	0.00551
26	0.89114	0.00750	0.00570	0.00510	0.00750	0.00870	0.00420	0.01140	0.00660	0.01739	0.00540	0.00630	0.00420	0.00360	0.00240	0.00120	0.00300	0.00210	0.00240	0.00420
27	0.01085	0.76690	0.01922	0.00703	0.01019	0.11279	0.00673	0.01206	0.00824	0.00916	0.00546	0.00631	0.00498	0.00340	0.00261	0.00085	0.00448	0.00212	0.00170	0.00492
28	0.00464	0.00393	0.00400	0.00398	0.00527	0.00330	0.00299	0.00567	0.00897	0.01078	0.08750	0.03681	0.78958	0.00970	0.00458	0.00130	0.00196	0.00811	0.00364	0.00330
29	0.00470	0.00391	0.00396	0.00396	0.00513	0.00333	0.00288	0.00557	0.00849	0.01015	0.03635	0.03602	0.74897	0.10209	0.00622	0.00157	0.00216	0.00791	0.00346	0.00317
30	0.00915	0.01046	0.02288	0.01634	0.02026	0.00980	0.82549	0.01242	0.00915	0.01242	0.00784	0.01046	0.00588	0.00327	0.00458	0.00131	0.00654	0.00458	0.00196	0.00523
31	0.10823	0.00651	0.00833	0.00651	0.00932	0.00589	0.00536	0.01751	0.01045	0.70597	0.01410	0.01255	0.00905	0.00466	0.00367	0.00118	0.00318	0.00369	0.05768	0.00617
32	0.00549	0.00396	0.00518	0.00488	0.00579	0.00366	0.00366	0.00732	0.01097	0.01555	0.83752	0.02896	0.03658	0.00793	0.00457	0.00122	0.00183	0.00701	0.00427	0.00366
33	0.00804	0.00689	0.00804	0.00574	0.00919	0.00517	0.00459	0.00976	0.00804	0.01263	0.00689	0.00804	0.00574	0.00287	0.00287	0.00057	0.00287	0.00230	0.00230	0.88745
34	0.01474	0.01086	0.01163	0.00892	0.01202	0.01202	0.00737	0.82664	0.01823	0.02443	0.00931	0.00931	0.00659	0.00465	0.00388	0.00116	0.00427	0.00349	0.00388	0.00659
35	0.00915	0.01046	0.02288	0.01634	0.02026	0.00980	0.82549	0.01242	0.00915	0.01242	0.00784	0.01046	0.00588	0.00327	0.00458	0.00131	0.00654	0.00458	0.00196	0.00523
36	0.00732	0.00689	0.01163	0.85444	0.02670	0.00861	0.01077	0.00991	0.00775	0.00991	0.00689	0.01034	0.00517	0.00388	0.00388	0.00129	0.00517	0.00345	0.00172	0.00431
37	0.00523	0.00393	0.00484	0.00467	0.00565	0.00354	0.00348	0.00680	0.01029	0.01405	0.60483	0.07028	0.23100	0.00859	0.00459	0.00126	0.00188	0.00749	0.00407	0.00354
38	0.01627	0.00730	0.02069	0.03393	0.02641	0.00662	0.00625	0.11427	0.01176	0.67695	0.02912	0.01280	0.00947	0.00477	0.00390	0.00120	0.00350	0.00387	0.00449	0.00645
39	0.00736	0.00688	0.01148	0.81131	0.02575	0.00862	0.01054	0.00987	0.00770	0.00998	0.00695	0.01036	0.00526	0.00398	0.00413	0.00130	0.03168	0.00345	0.01914	0.00429
40	0.00804	0.00695	0.00840	0.04627	0.03110	0.00543	0.00507	0.00982	0.00805	0.01250	0.00690	0.00819	0.00573	0.00293	0.00294	0.00062	0.00302	0.00238	0.00226	0.82338
