[name]
unknown

[dist]
# distance from previous block
# <min> <max>
0	0

[block]
# block no. 0 follows, 67 sequences, length 36
# corresponding to MSA columns:
# 2-37
name=unknown_A
#
# <colnr> <probs for GDERKNQSTAVLIFYWHMCP>
#	G	D	E	R	K	N	Q	S	T	A	V	L	I	F	Y	W	H	M	C	P
0	0.00646	0.00462	0.00646	0.00739	0.00831	0.00462	0.00646	0.00831	0.00923	0.01200	0.02123	0.04524	0.02308	0.01108	0.00554	0.00185	0.00369	0.80704	0.00369	0.00369
1	0.01047	0.00935	0.01581	0.02343	0.77808	0.00928	0.01187	0.01280	0.00929	0.06905	0.00811	0.01018	0.00660	0.00367	0.00397	0.00119	0.00467	0.00360	0.00219	0.00638
2	0.00600	0.00410	0.00463	0.00457	0.00472	0.00414	0.00267	0.00657	0.04038	0.00862	0.05857	0.02598	0.01578	0.77591	0.01886	0.00364	0.00375	0.00586	0.00261	0.00267
3	0.00542	0.00405	0.00503	0.00487	0.00585	0.00366	0.00362	0.00703	0.01061	0.01453	0.60231	0.09075	0.20963	0.00894	0.00476	0.00131	0.00195	0.00781	0.00422	0.00366
4	0.15047	0.00674	0.00847	0.00674	0.00956	0.00619	0.00551	0.01741	0.01051	0.65506	0.01468	0.06980	0.01020	0.00529	0.00387	0.00127	0.00329	0.00425	0.00450	0.00620
5	0.00489	0.00349	0.00465	0.00558	0.00582	0.00326	0.00372	0.00558	0.00768	0.01024	0.02210	0.85644	0.02653	0.01256	0.00512	0.00163	0.00233	0.01140	0.00372	0.00326
6	0.00550	0.00444	0.00545	0.00590	0.06193	0.00398	0.00398	0.00695	0.00998	0.01311	0.36735	0.04645	0.41812	0.02311	0.00495	0.00135	0.00219	0.00763	0.00387	0.00374
7	0.01489	0.01106	0.01183	0.00916	0.01230	0.01227	0.00754	0.76637	0.07373	0.02470	0.01008	0.00999	0.00719	0.00486	0.00402	0.00121	0.00433	0.00367	0.00402	0.00679
8	0.82763	0.00771	0.00631	0.06261	0.00911	0.00899	0.00480	0.01168	0.00691	0.01747	0.00569	0.00680	0.00441	0.00374	0.00259	0.00125	0.00325	0.00227	0.00243	0.00435
9	0.88738	0.00776	0.00589	0.00527	0.00776	0.00900	0.00434	0.01179	0.00683	0.01799	0.00558	0.00651	0.00434	0.00372	0.00248	0.00124	0.00310	0.00217	0.00248	0.00434
10	0.00993	0.00953	0.01628	0.02462	0.83404	0.00953	0.01231	0.01231	0.00913	0.01310	0.00754	0.00993	0.00635	0.00357	0.00397	0.00119	0.00476	0.00357	0.00199	0.00635
11	0.01072	0.86147	0.02102	0.00686	0.01029	0.01587	0.00686	0.01201	0.00815	0.00944	0.00558	0.00643	0.00515	0.00343	0.00257	0.00086	0.00429	0.00214	0.00172	0.00515
12	0.01525	0.01123	0.01204	0.00923	0.01244	0.01244	0.00762	0.82067	0.01886	0.02528	0.00963	0.00963	0.00682	0.00481	0.00401	0.00120	0.00441	0.00361	0.00401	0.00682
13	0.00723	0.00468	0.00481	0.00466	0.00532	0.02862	0.00325	0.00875	0.04207	0.01202	0.01292	0.01882	0.02418	0.30839	0.00965	0.00205	0.04239	0.00454	0.45221	0.00343
14	0.00578	0.00410	0.00543	0.00543	0.00579	0.00446	0.00374	0.00651	0.00614	0.00856	0.01167	0.02091	0.01226	0.43746	0.43884	0.00519	0.00737	0.00505	0.00229	0.00302
15	0.01502	0.01802	0.01146	0.01018	0.01240	0.72750	0.00773	0.12787	0.01241	0.01196	0.00668	0.00757	0.00540	0.00423	0.00367	0.00106	0.00684	0.00273	0.00234	0.00495
16	0.00484	0.00407	0.00421	0.00424	0.00554	0.00344	0.00320	0.00592	0.00923	0.01113	0.08068	0.05515	0.75120	0.01013	0.00477	0.00137	0.00208	0.03163	0.00376	0.00341
17	0.00558	0.00437	0.00618	0.00644	0.00687	0.00453	0.03359	0.00640	0.00751	0.01014	0.01949	0.59231	0.05739	0.04212	0.05383	0.02225	0.08327	0.03103	0.00330	0.00341
18	0.00881	0.00891	0.01321	0.02666	0.01170	0.01205	0.07487	0.00992	0.00645	0.00992	0.00553	0.00898	0.00533	0.00667	0.01230	0.00171	0.76711	0.00361	0.00178	0.00447
19	0.00890	0.00511	0.00526	0.00474	0.00609	0.00533	0.00368	0.15770	0.01032	0.01684	0.01245	0.01398	0.00965	0.00470	0.00302	0.00098	0.00233	0.00371	0.72090	0.00430
20	0.00527	0.00424	0.00561	0.00598	0.02427	0.00384	0.03689	0.00637	0.00861	0.01101	0.06173	0.39753	0.33274	0.01079	0.00495	0.00150	0.00253	0.06897	0.00364	0.00351
21	0.01193	0.00890	0.01270	0.12150	0.29862	0.03145	0.03205	0.16764	0.02428	0.16846	0.01089	0.02578	0.03146	0.00497	0.01829	0.00132	0.00456	0.00397	0.01524	0.00599
22	0.01176	0.01423	0.01792	0.04697	0.01755	0.36773	0.43896	0.01410	0.01022	0.01144	0.00725	0.00927	0.00566	0.00373	0.00422	0.00121	0.00691	0.00376	0.00203	0.00505
23	0.82768	0.03738	0.00660	0.00550	0.00800	0.03760	0.00455	0.01194	0.00702	0.01742	0.00560	0.00654	0.00440	0.00373	0.00252	0.00122	0.00328	0.00218	0.00244	0.00438
24	0.00877	0.00877	0.01228	0.01053	0.01053	0.01228	0.00877	0.00965	0.00614	0.00965	0.00526	0.00877	0.00526	0.00702	0.01316	0.00175	0.85172	0.00351	0.00175	0.00439
25	0.00877	0.05774	0.66916	0.01101	0.01634	0.00978	0.04073	0.07487	0.03148	0.01370	0.02531	0.00918	0.00615	0.00399	0.00383	0.00125	0.00560	0.00317	0.00201	0.00591
26	0.00489	0.00358	0.00460	0.00538	0.00577	0.00329	0.00364	0.00565	0.00795	0.01045	0.04289	0.73507	0.12781	0.01216	0.00506	0.00159	0.00228	0.01094	0.00374	0.00329
27	0.00641	0.02072	0.00579	0.00519	0.00644	0.00443	0.00395	0.00870	0.06682	0.05278	0.52372	0.05201	0.21126	0.00832	0.00463	0.00129	0.00214	0.00720	0.00419	0.00402
28	0.01675	0.00646	0.00865	0.00673	0.00958	0.00564	0.00553	0.01834	0.01112	0.73940	0.01550	0.01380	0.00997	0.00493	0.00389	0.00120	0.00323	0.00400	0.10884	0.00646
29	0.00515	0.00370	0.00480	0.00558	0.00591	0.00351	0.00380	0.00606	0.02181	0.01035	0.03410	0.69659	0.04484	0.08162	0.00636	0.00181	0.00253	0.05457	0.00363	0.00328
30	0.28293	0.00711	0.00827	0.00657	0.00948	0.00684	0.00542	0.01718	0.01006	0.58729	0.01270	0.01148	0.00823	0.00459	0.00356	0.00124	0.00332	0.00347	0.00421	0.00607
31	0.01498	0.01911	0.01137	0.01033	0.01240	0.84295	0.00775	0.01601	0.01137	0.00982	0.00620	0.00723	0.00517	0.00413	0.00362	0.00103	0.00723	0.00258	0.00207	0.00465
32	0.00489	0.00349	0.00465	0.00558	0.00582	0.00326	0.00372	0.00558	0.00768	0.01024	0.02210	0.85644	0.02653	0.01256	0.00512	0.00163	0.00233	0.01140	0.00372	0.00326
33	0.00731	0.00661	0.00972	0.13683	0.01167	0.00865	0.00751	0.00867	0.00659	0.00961	0.00807	0.01265	0.00757	0.03083	0.33873	0.00358	0.36403	0.01538	0.00195	0.00404
34	0.00832	0.00713	0.00832	0.00594	0.00950	0.00535	0.00475	0.01010	0.00832	0.01307	0.00713	0.00832	0.00594	0.00297	0.00297	0.00059	0.00297	0.00238	0.00238	0.88357
35	0.02263	0.00942	0.10991	0.02046	0.09579	0.03115	0.08025	0.07679	0.02410	0.18159	0.04981	0.03660	0.04879	0.00589	0.04075	0.00139	0.00442	0.00414	0.01477	0.14136

[dist]
# distance from previous block
# <min> <max>
1	11

[block]
# block no. 1 follows, 67 sequences, length 25
# corresponding to MSA columns:
# 49-73
name=unknown_B
#
# <colnr> <probs for GDERKNQSTAVLIFYWHMCP>
#	G	D	E	R	K	N	Q	S	T	A	V	L	I	F	Y	W	H	M	C	P
0	0.00940	0.03004	0.11958	0.05036	0.05295	0.03935	0.20510	0.15145	0.04129	0.01518	0.15669	0.01581	0.07209	0.01725	0.00453	0.00130	0.00467	0.00479	0.00294	0.00524
1	0.01008	0.26120	0.05780	0.01274	0.01627	0.04308	0.42681	0.03458	0.00909	0.01181	0.00707	0.00909	0.00568	0.00378	0.00468	0.00122	0.07410	0.00368	0.00196	0.00528
2	0.00804	0.02074	0.83828	0.01143	0.01736	0.00931	0.01482	0.01270	0.00847	0.01270	0.00720	0.00847	0.00508	0.00381	0.00381	0.00127	0.00593	0.00296	0.00169	0.00593
3	0.00527	0.00399	0.00493	0.00556	0.00621	0.00376	0.00398	0.00670	0.04971	0.01088	0.02588	0.54825	0.20628	0.01151	0.00502	0.00158	0.00244	0.09082	0.00374	0.00349
4	0.01120	0.76781	0.01994	0.00725	0.01053	0.10783	0.00696	0.01245	0.00851	0.00948	0.00564	0.00652	0.00515	0.00351	0.00269	0.00088	0.00462	0.00219	0.00175	0.00509
5	0.01525	0.01123	0.01204	0.00923	0.01244	0.01244	0.00762	0.82067	0.01886	0.02528	0.00963	0.00963	0.00682	0.00481	0.00401	0.00120	0.00441	0.00361	0.00401	0.00682
6	0.00595	0.00417	0.00499	0.00492	0.00500	0.00442	0.00304	0.00616	0.00595	0.00808	0.01225	0.04052	0.01387	0.71322	0.10544	0.00400	0.04728	0.00566	0.00239	0.00266
7	0.00646	0.00462	0.00646	0.00739	0.00831	0.00462	0.00646	0.00831	0.00923	0.01200	0.02123	0.04524	0.02308	0.01108	0.00554	0.00185	0.00369	0.80704	0.00369	0.00369
8	0.00581	0.00398	0.00484	0.00484	0.00499	0.00414	0.00300	0.00613	0.00597	0.00812	0.01221	0.02391	0.01357	0.67455	0.20353	0.00446	0.00541	0.00549	0.00237	0.00269
9	0.00947	0.01082	0.02366	0.01690	0.02096	0.01014	0.81947	0.01285	0.00947	0.01285	0.00811	0.01082	0.00609	0.00338	0.00473	0.00135	0.00676	0.00473	0.00203	0.00541
10	0.00998	0.00862	0.00907	0.00816	0.01043	0.00998	0.00635	0.02131	0.82679	0.01678	0.01632	0.01496	0.01224	0.00544	0.00408	0.00136	0.00317	0.00453	0.00408	0.00635
11	0.00578	0.00407	0.00520	0.00492	0.00588	0.00377	0.00369	0.00764	0.01107	0.01584	0.74825	0.02913	0.06024	0.00800	0.00459	0.00124	0.00189	0.00704	0.06798	0.00377
12	0.88738	0.00776	0.00589	0.00527	0.00776	0.00900	0.00434	0.01179	0.00683	0.01799	0.00558	0.00651	0.00434	0.00372	0.00248	0.00124	0.00310	0.00217	0.00248	0.00434
13	0.00825	0.00794	0.01103	0.00959	0.00964	0.01088	0.00784	0.00907	0.00613	0.00943	0.00643	0.01111	0.00659	0.09838	0.07333	0.00232	0.70226	0.00381	0.00185	0.00412
14	0.01104	0.66348	0.03754	0.00789	0.01118	0.07627	0.04369	0.04545	0.03064	0.01053	0.00621	0.00715	0.00545	0.00369	0.00314	0.00095	0.02608	0.00247	0.00191	0.00522
15	0.00650	0.00429	0.00505	0.00489	0.00617	0.00374	0.00365	0.00771	0.00965	0.10690	0.21025	0.17247	0.42484	0.00953	0.00472	0.00137	0.00221	0.00818	0.00402	0.00385
16	0.00519	0.00394	0.00479	0.00488	0.00577	0.00353	0.00354	0.00652	0.00976	0.01302	0.38758	0.23880	0.27832	0.00989	0.00483	0.00138	0.00204	0.00866	0.00403	0.00353
17	0.04714	0.14437	0.15481	0.02288	0.05898	0.08896	0.04488	0.21730	0.09392	0.03682	0.00860	0.00925	0.00651	0.00416	0.00365	0.00114	0.00479	0.00321	0.00274	0.04589
18	0.00719	0.00609	0.00881	0.00913	0.09007	0.03528	0.06087	0.02642	0.00751	0.01027	0.01198	0.19552	0.01254	0.07264	0.24420	0.08533	0.08730	0.02254	0.00248	0.00385
19	0.00573	0.00428	0.00636	0.00636	0.00704	0.00497	0.00490	0.00711	0.00642	0.00925	0.01082	0.01620	0.01022	0.06502	0.80848	0.00634	0.01045	0.00436	0.00216	0.00353
20	0.10620	0.03184	0.23760	0.04089	0.02780	0.03162	0.04333	0.23771	0.04611	0.10948	0.00903	0.00956	0.00644	0.00423	0.00374	0.00121	0.00467	0.00330	0.00295	0.04228
21	0.00903	0.11125	0.25130	0.07956	0.22612	0.02062	0.12190	0.02578	0.02911	0.01235	0.00855	0.07075	0.00734	0.00436	0.00395	0.00124	0.00517	0.00397	0.00207	0.00558
22	0.00717	0.00386	0.00404	0.00406	0.00498	0.00384	0.00302	0.00915	0.02609	0.01468	0.07366	0.07285	0.02919	0.00558	0.00316	0.00102	0.00193	0.00461	0.72336	0.00376
23	0.00743	0.00592	0.00655	0.00633	0.00776	0.00626	0.00479	0.04551	0.30817	0.01401	0.07565	0.20026	0.17417	0.02836	0.00487	0.00147	0.00273	0.05022	0.04492	0.00462
24	0.49198	0.10918	0.09912	0.00705	0.01018	0.01008	0.03141	0.09513	0.04311	0.01671	0.00678	0.00762	0.00524	0.00383	0.00295	0.00117	0.00379	0.00259	0.00251	0.04957

[dist]
# distance from previous block
# <min> <max>
0	6

[block]
# block no. 2 follows, 67 sequences, length 10
# corresponding to MSA columns:
# 80-89
name=unknown_C
#
# <colnr> <probs for GDERKNQSTAVLIFYWHMCP>
#	G	D	E	R	K	N	Q	S	T	A	V	L	I	F	Y	W	H	M	C	P
0	0.00571	0.00446	0.00583	0.00653	0.06861	0.00416	0.00432	0.00739	0.03028	0.01328	0.37639	0.23757	0.20184	0.00930	0.00476	0.00137	0.00228	0.00821	0.00390	0.00383
1	0.00909	0.00710	0.00840	0.00604	0.00956	0.00539	0.00484	0.01086	0.00857	0.07910	0.00783	0.00874	0.00626	0.00313	0.00306	0.00065	0.00301	0.00251	0.00258	0.81329
2	0.00514	0.00380	0.00485	0.00554	0.00613	0.00351	0.00401	0.00613	0.00837	0.01090	0.06418	0.53864	0.17942	0.01167	0.00509	0.00159	0.00246	0.13145	0.00375	0.00337
3	0.00613	0.00588	0.07234	0.00647	0.00738	0.00556	0.00527	0.00734	0.00677	0.00951	0.03015	0.05499	0.07289	0.23529	0.36922	0.00423	0.08951	0.00518	0.00238	0.00353
4	0.00766	0.00706	0.01153	0.70284	0.06912	0.00859	0.01031	0.01046	0.04133	0.01047	0.00796	0.01206	0.00642	0.07202	0.00531	0.00153	0.00511	0.00378	0.00194	0.00448
5	0.03775	0.00902	0.04301	0.18880	0.06649	0.00960	0.26390	0.01145	0.04285	0.02797	0.00758	0.01044	0.00610	0.00527	0.00700	0.07211	0.17992	0.00390	0.00204	0.00481
6	0.03011	0.10408	0.07132	0.00756	0.02666	0.00777	0.00654	0.03023	0.07777	0.25806	0.04327	0.01254	0.00939	0.00515	0.02305	0.00120	0.02724	0.03016	0.00329	0.22460
7	0.00475	0.00402	0.00411	0.00417	0.00545	0.00338	0.00310	0.00574	0.00903	0.01079	0.03928	0.09829	0.77359	0.01033	0.00477	0.00137	0.00205	0.00868	0.00372	0.00338
8	0.00993	0.04503	0.02181	0.08154	0.10486	0.06454	0.05707	0.08708	0.08587	0.06522	0.10728	0.07718	0.01209	0.00580	0.00555	0.00133	0.13687	0.00466	0.02116	0.00514
9	0.37603	0.00882	0.07503	0.07068	0.14585	0.00830	0.02092	0.03518	0.00816	0.02962	0.00771	0.05970	0.00658	0.00420	0.00328	0.00117	0.00380	0.00327	0.00243	0.12926

[dist]
# distance from previous block
# <min> <max>
0	1

[block]
# block no. 3 follows, 67 sequences, length 13
# corresponding to MSA columns:
# 91-103
name=unknown_D
#
# <colnr> <probs for GDERKNQSTAVLIFYWHMCP>
#	G	D	E	R	K	N	Q	S	T	A	V	L	I	F	Y	W	H	M	C	P
0	0.19389	0.03011	0.01031	0.02368	0.10214	0.03128	0.00699	0.26038	0.22722	0.01844	0.01067	0.04967	0.00849	0.00491	0.00371	0.00126	0.00384	0.00385	0.00333	0.00583
1	0.01492	0.01024	0.01126	0.00876	0.01177	0.01110	0.00718	0.67667	0.01730	0.11846	0.01113	0.06316	0.00842	0.00532	0.00408	0.00123	0.00417	0.00415	0.00410	0.00660
2	0.01010	0.00968	0.07856	0.06893	0.37190	0.02817	0.00976	0.10698	0.05470	0.05687	0.11634	0.01335	0.02664	0.00476	0.00430	0.00124	0.02496	0.00415	0.00280	0.00580
3	0.01335	0.01627	0.01042	0.00950	0.01145	0.65910	0.00715	0.01549	0.09375	0.01095	0.06351	0.01057	0.02950	0.00536	0.02551	0.00123	0.00642	0.00329	0.00247	0.00470
4	0.00843	0.00759	0.01383	0.01063	0.01316	0.00723	0.35847	0.01176	0.08891	0.06565	0.26905	0.06909	0.04584	0.00597	0.00465	0.00133	0.00426	0.00598	0.00332	0.00488
5	0.01224	0.05058	0.10828	0.02325	0.17315	0.13951	0.07166	0.14997	0.06596	0.11596	0.00943	0.02069	0.00714	0.00436	0.00405	0.00120	0.01802	0.00360	0.01502	0.00592
6	0.00499	0.00356	0.00477	0.00570	0.00597	0.00334	0.00390	0.00576	0.00778	0.01035	0.02205	0.80515	0.02631	0.01247	0.00515	0.00164	0.00241	0.06171	0.00372	0.00329
7	0.01138	0.15544	0.29893	0.00994	0.01359	0.28714	0.00998	0.06480	0.06475	0.01218	0.00731	0.00824	0.00571	0.00412	0.00385	0.00114	0.03108	0.00287	0.00213	0.00541
8	0.00573	0.00430	0.00645	0.00645	0.00716	0.00501	0.00501	0.00716	0.00645	0.00931	0.01074	0.01576	0.01003	0.03008	0.84316	0.00645	0.01074	0.00430	0.00215	0.00358
9	0.01046	0.00989	0.13428	0.04307	0.13803	0.00852	0.02954	0.18255	0.08805	0.09882	0.05956	0.04418	0.04313	0.03032	0.05995	0.00168	0.00466	0.00446	0.00316	0.00567
10	0.00846	0.00733	0.03223	0.06381	0.12706	0.00639	0.02371	0.03946	0.03327	0.04753	0.07154	0.05727	0.07349	0.01972	0.02555	0.00120	0.00365	0.00426	0.00279	0.35128
11	0.00967	0.00829	0.00880	0.00794	0.01011	0.00953	0.00616	0.02032	0.76828	0.01673	0.07484	0.01604	0.01408	0.00564	0.00413	0.00135	0.00308	0.00473	0.00410	0.00616
12	0.01138	0.06615	0.26288	0.02730	0.11721	0.06940	0.07278	0.06334	0.02147	0.08136	0.03640	0.05742	0.06126	0.00586	0.00462	0.00150	0.00534	0.00464	0.00307	0.02664

[dist]
# distance from previous block
# <min> <max>
0	1

[block]
# block no. 4 follows, 67 sequences, length 15
# corresponding to MSA columns:
# 109-123
name=unknown_E
#
# <colnr> <probs for GDERKNQSTAVLIFYWHMCP>
#	G	D	E	R	K	N	Q	S	T	A	V	L	I	F	Y	W	H	M	C	P
0	0.09641	0.27696	0.09518	0.00882	0.03299	0.19315	0.01993	0.06194	0.10081	0.03140	0.00781	0.00882	0.00636	0.02598	0.00389	0.00117	0.01784	0.00291	0.00237	0.00526
1	0.01072	0.86147	0.02102	0.00686	0.01029	0.01587	0.00686	0.01201	0.00815	0.00944	0.00558	0.00643	0.00515	0.00343	0.00257	0.00086	0.00429	0.00214	0.00172	0.00515
2	0.00804	0.02074	0.83828	0.01143	0.01736	0.00931	0.01482	0.01270	0.00847	0.01270	0.00720	0.00847	0.00508	0.00381	0.00381	0.00127	0.00593	0.00296	0.00169	0.00593
3	0.00580	0.00470	0.00489	0.00470	0.00620	0.00428	0.00357	0.00814	0.10938	0.03513	0.07824	0.03455	0.66739	0.00933	0.00464	0.00135	0.00220	0.00780	0.00384	0.00387
4	0.00804	0.02074	0.83828	0.01143	0.01736	0.00931	0.01482	0.01270	0.00847	0.01270	0.00720	0.00847	0.00508	0.00381	0.00381	0.00127	0.00593	0.00296	0.00169	0.00593
5	0.01024	0.68007	0.04959	0.00800	0.03196	0.02951	0.04298	0.01181	0.00844	0.01010	0.02124	0.00997	0.00706	0.00408	0.00302	0.00098	0.00444	0.05951	0.00193	0.00508
6	0.00489	0.00349	0.00465	0.00558	0.00582	0.00326	0.00372	0.00558	0.00768	0.01024	0.02210	0.85644	0.02653	0.01256	0.00512	0.00163	0.00233	0.01140	0.00372	0.00326
7	0.00574	0.00420	0.00581	0.00587	0.00631	0.00468	0.00424	0.00667	0.00641	0.00900	0.01248	0.11808	0.01313	0.25819	0.49361	0.00504	0.02936	0.00555	0.00240	0.00324
8	0.00844	0.01251	0.30254	0.05130	0.10864	0.03061	0.13973	0.03215	0.03754	0.02463	0.06235	0.08429	0.04694	0.00529	0.00423	0.00131	0.00493	0.02205	0.01522	0.00529
9	0.00499	0.00354	0.00462	0.00545	0.00565	0.00333	0.00357	0.00561	0.00747	0.00995	0.02102	0.76103	0.02515	0.10985	0.00688	0.00189	0.00251	0.01076	0.00357	0.00316
10	0.00488	0.00352	0.00462	0.00549	0.00579	0.00327	0.00368	0.00559	0.00777	0.01027	0.02322	0.80717	0.07508	0.01242	0.00510	0.00161	0.00231	0.01122	0.00372	0.00327
11	0.01041	0.03019	0.01348	0.05333	0.27617	0.00951	0.09693	0.20152	0.06694	0.02581	0.02940	0.06148	0.03180	0.02275	0.00488	0.01417	0.02654	0.00447	0.01451	0.00569
12	0.01017	0.06742	0.14729	0.09111	0.18027	0.10102	0.02154	0.06370	0.13805	0.03477	0.01047	0.03018	0.03811	0.00468	0.00418	0.00124	0.03177	0.00381	0.01464	0.00559
13	0.00708	0.00443	0.00554	0.00511	0.00642	0.00395	0.00389	0.00866	0.01066	0.12574	0.49007	0.06625	0.23001	0.00844	0.00466	0.00130	0.00215	0.00730	0.00429	0.00407
14	0.00871	0.00827	0.01434	0.04030	0.49839	0.00824	0.11290	0.01094	0.00912	0.01288	0.08481	0.10137	0.02914	0.00516	0.00444	0.00128	0.02191	0.00498	0.01736	0.00548

[dist]
# distance from previous block
# <min> <max>
0	1

[block]
# block no. 5 follows, 67 sequences, length 52
# corresponding to MSA columns:
# 125-176
name=unknown_F
#
# <colnr> <probs for GDERKNQSTAVLIFYWHMCP>
#	G	D	E	R	K	N	Q	S	T	A	V	L	I	F	Y	W	H	M	C	P
0	0.01122	0.06051	0.18555	0.03472	0.14143	0.08638	0.11438	0.08167	0.04151	0.12219	0.00949	0.02371	0.00739	0.00450	0.00430	0.00126	0.03190	0.02949	0.00263	0.00577
1	0.00777	0.02888	0.01018	0.02500	0.05356	0.02053	0.01781	0.01884	0.00760	0.01057	0.03587	0.03809	0.17622	0.02431	0.03646	0.00177	0.43463	0.04523	0.00244	0.00422
2	0.00817	0.00695	0.00821	0.00607	0.00932	0.00547	0.00483	0.02105	0.00832	0.01290	0.00787	0.04176	0.00692	0.00463	0.04024	0.00092	0.01776	0.00285	0.00243	0.78332
3	0.05477	0.60606	0.19342	0.00779	0.01163	0.01379	0.00841	0.01224	0.02312	0.01075	0.00644	0.00782	0.00559	0.00372	0.00292	0.00099	0.00454	0.01890	0.00183	0.00526
4	0.00536	0.00395	0.00484	0.00495	0.00584	0.00355	0.00359	0.00664	0.00963	0.02530	0.35247	0.27539	0.26383	0.01000	0.00484	0.00140	0.00208	0.00877	0.00402	0.00356
5	0.02500	0.02899	0.62027	0.02597	0.04513	0.00933	0.12695	0.01274	0.00872	0.03498	0.02086	0.00931	0.00592	0.00384	0.00393	0.00127	0.00579	0.00332	0.00190	0.00579
6	0.29817	0.00713	0.00821	0.00654	0.00944	0.00689	0.00539	0.01705	0.00998	0.57294	0.01252	0.01135	0.00813	0.00456	0.00353	0.00124	0.00331	0.00343	0.00416	0.00603
7	0.00563	0.00410	0.00530	0.00500	0.00596	0.00377	0.00375	0.00748	0.01125	0.01584	0.79462	0.03036	0.07530	0.00829	0.00473	0.00127	0.00190	0.00731	0.00438	0.00377
8	0.01521	0.01221	0.01195	0.00936	0.01243	0.11506	0.00764	0.72124	0.01793	0.02336	0.00920	0.00933	0.00662	0.00473	0.00396	0.00118	0.00476	0.00348	0.00377	0.00655
9	0.00793	0.00466	0.00570	0.00515	0.00643	0.00444	0.00395	0.05139	0.01100	0.10234	0.49330	0.02334	0.02622	0.00678	0.00412	0.00117	0.00218	0.00582	0.22983	0.00425
10	0.88738	0.00776	0.00589	0.00527	0.00776	0.00900	0.00434	0.01179	0.00683	0.01799	0.00558	0.00651	0.00434	0.00372	0.00248	0.00124	0.00310	0.00217	0.00248	0.00434
11	0.01799	0.00683	0.00931	0.00714	0.01024	0.00589	0.00589	0.01954	0.01148	0.83682	0.01582	0.01365	0.00993	0.00496	0.00403	0.00124	0.00341	0.00403	0.00496	0.00683
12	0.00474	0.00406	0.00406	0.00406	0.00542	0.00339	0.00305	0.00576	0.00914	0.01083	0.04063	0.03860	0.83241	0.01016	0.00474	0.00135	0.00203	0.00846	0.00372	0.00339
13	0.00489	0.00349	0.00465	0.00558	0.00582	0.00326	0.00372	0.00558	0.00768	0.01024	0.02210	0.85644	0.02653	0.01256	0.00512	0.00163	0.00233	0.01140	0.00372	0.00326
14	0.01525	0.01123	0.01204	0.00923	0.01244	0.01244	0.00762	0.82067	0.01886	0.02528	0.00963	0.00963	0.00682	0.00481	0.00401	0.00120	0.00441	0.00361	0.00401	0.00682
15	0.01323	0.01093	0.01190	0.00958	0.01191	0.07064	0.01971	0.48433	0.09045	0.03040	0.00909	0.00983	0.00689	0.00530	0.00606	0.00133	0.19537	0.00362	0.00336	0.00605
16	0.00573	0.00430	0.00645	0.00645	0.00716	0.00501	0.00501	0.00716	0.00645	0.00931	0.01074	0.01576	0.01003	0.03008	0.84316	0.00645	0.01074	0.00430	0.00215	0.00358
17	0.00947	0.01082	0.02366	0.01690	0.02096	0.01014	0.81947	0.01285	0.00947	0.01285	0.00811	0.01082	0.00609	0.00338	0.00473	0.00135	0.00676	0.00473	0.00203	0.00541
18	0.00757	0.00713	0.01203	0.84942	0.02762	0.00891	0.01114	0.01025	0.00802	0.01025	0.00713	0.01069	0.00535	0.00401	0.00401	0.00134	0.00535	0.00356	0.00178	0.00446
19	0.01071	0.01000	0.00937	0.00841	0.01066	0.11974	0.00651	0.04604	0.67797	0.01602	0.01523	0.01422	0.02652	0.00534	0.00403	0.00131	0.00373	0.00432	0.00381	0.00608
20	0.00757	0.00713	0.01203	0.84942	0.02762	0.00891	0.01114	0.01025	0.00802	0.01025	0.00713	0.01069	0.00535	0.00401	0.00401	0.00134	0.00535	0.00356	0.00178	0.00446
21	0.00568	0.00410	0.00536	0.00505	0.00599	0.00378	0.00378	0.00757	0.01135	0.01608	0.83192	0.02996	0.03784	0.00820	0.00473	0.00126	0.00189	0.00725	0.00441	0.00378
22	0.00804	0.02074	0.83828	0.01143	0.01736	0.00931	0.01482	0.01270	0.00847	0.01270	0.00720	0.00847	0.00508	0.00381	0.00381	0.00127	0.00593	0.00296	0.00169	0.00593
23	0.01271	0.34919	0.02914	0.00877	0.01139	0.44467	0.00738	0.02902	0.00994	0.00998	0.00627	0.00743	0.00544	0.00521	0.04670	0.00125	0.00618	0.00253	0.00196	0.00485
24	0.00574	0.00408	0.00524	0.00495	0.00591	0.00377	0.00371	0.00761	0.01114	0.01587	0.76701	0.02943	0.05902	0.00807	0.00463	0.00125	0.00189	0.00711	0.04981	0.00377
25	0.00763	0.00389	0.00390	0.00385	0.00483	0.00391	0.00290	0.02533	0.00862	0.01516	0.01301	0.01485	0.01021	0.00468	0.00283	0.00094	0.00192	0.00374	0.86403	0.00380
26	0.08895	0.16453	0.02265	0.02085	0.01197	0.11519	0.09443	0.24330	0.01188	0.09188	0.00963	0.03330	0.02237	0.03551	0.00430	0.00127	0.00469	0.01487	0.00296	0.00547
27	0.00770	0.00725	0.01225	0.80670	0.06939	0.00894	0.01120	0.01035	0.00808	0.01039	0.00715	0.01065	0.00540	0.00399	0.00401	0.00133	0.00532	0.00356	0.00179	0.00455
28	0.00518	0.00371	0.00483	0.00562	0.00594	0.00351	0.00378	0.02640	0.00793	0.01056	0.02177	0.79984	0.03688	0.03641	0.00552	0.00168	0.00242	0.01100	0.00369	0.00333
29	0.72330	0.00945	0.00724	0.00659	0.02420	0.12315	0.01912	0.02452	0.00772	0.01680	0.00581	0.00680	0.00456	0.00379	0.00273	0.00121	0.00378	0.00232	0.00243	0.00448
30	0.00489	0.00349	0.00465	0.00558	0.00582	0.00326	0.00372	0.00558	0.00768	0.01024	0.02210	0.85644	0.02653	0.01256	0.00512	0.00163	0.00233	0.01140	0.00372	0.00326
31	0.00861	0.00733	0.00840	0.00798	0.04547	0.00802	0.02060	0.03045	0.50643	0.01590	0.18356	0.02021	0.10715	0.00639	0.00429	0.00133	0.00295	0.00546	0.00398	0.00549
32	0.01184	0.00796	0.00900	0.00727	0.00960	0.00836	0.00585	0.40206	0.03552	0.10328	0.25057	0.01651	0.01659	0.00579	0.00411	0.00120	0.00331	0.00473	0.07560	0.02085
33	0.00489	0.00349	0.00465	0.00558	0.00582	0.00326	0.00372	0.00558	0.00768	0.01024	0.02210	0.85644	0.02653	0.01256	0.00512	0.00163	0.00233	0.01140	0.00372	0.00326
34	0.01581	0.00938	0.01077	0.00836	0.01145	0.00981	0.00687	0.45621	0.08520	0.32451	0.01249	0.01157	0.00843	0.00492	0.00403	0.00123	0.00394	0.00385	0.00437	0.00678
35	0.00580	0.00422	0.00622	0.00622	0.00684	0.00485	0.00473	0.00696	0.00633	0.00907	0.01069	0.01639	0.01022	0.09383	0.73620	0.05166	0.00983	0.00437	0.00215	0.00340
36	0.00489	0.00349	0.00465	0.00558	0.00582	0.00326	0.00372	0.00558	0.00768	0.01024	0.02210	0.85644	0.02653	0.01256	0.00512	0.00163	0.00233	0.01140	0.00372	0.00326
37	0.00697	0.00348	0.00522	0.00522	0.00522	0.00348	0.00348	0.00522	0.00522	0.00697	0.00697	0.01219	0.00697	0.01393	0.01567	0.88332	0.00348	0.00348	0.00174	0.00174
38	0.00946	0.01146	0.07016	0.04307	0.02054	0.03240	0.70969	0.01278	0.00935	0.01261	0.00792	0.01054	0.00596	0.00351	0.00478	0.00135	0.02252	0.00451	0.00200	0.00537
39	0.00760	0.00723	0.02864	0.73584	0.02524	0.00856	0.01066	0.02528	0.00833	0.01072	0.00854	0.02550	0.00711	0.00472	0.00415	0.00138	0.00516	0.06889	0.00200	0.00445
40	0.01206	0.59969	0.01806	0.00788	0.01095	0.22813	0.00713	0.05623	0.00955	0.01038	0.00595	0.00681	0.00524	0.00369	0.00292	0.00092	0.00505	0.00234	0.00193	0.00511
41	0.00943	0.01107	0.04446	0.01676	0.02087	0.01012	0.79893	0.01284	0.00944	0.01284	0.00809	0.01076	0.00606	0.00339	0.00471	0.00135	0.00674	0.00469	0.00202	0.00542
42	0.06682	0.04383	0.06398	0.02900	0.05073	0.05695	0.03563	0.08413	0.04774	0.09990	0.05943	0.22394	0.01409	0.00908	0.08291	0.00182	0.00447	0.01753	0.00319	0.00483
43	0.02163	0.17950	0.55540	0.01073	0.01578	0.01044	0.08627	0.01271	0.00862	0.03873	0.02073	0.00878	0.00587	0.00381	0.00366	0.00120	0.00550	0.00306	0.00189	0.00570
44	0.00489	0.00349	0.00465	0.00558	0.00582	0.00326	0.00372	0.00558	0.00768	0.01024	0.02210	0.85644	0.02653	0.01256	0.00512	0.00163	0.00233	0.01140	0.00372	0.00326
45	0.00635	0.00453	0.00629	0.00719	0.00804	0.00452	0.00618	0.00807	0.00903	0.01177	0.02101	0.09091	0.02300	0.03844	0.00599	0.00190	0.00362	0.73587	0.00365	0.00363
46	0.12004	0.08479	0.03153	0.12491	0.07558	0.02890	0.11264	0.11306	0.17281	0.01496	0.01038	0.05438	0.01948	0.00472	0.00384	0.00126	0.00438	0.00405	0.01291	0.00539
47	0.00816	0.02000	0.77901	0.01199	0.03451	0.00936	0.05644	0.01270	0.00853	0.01272	0.00725	0.00862	0.00516	0.00378	0.00386	0.00127	0.00595	0.00307	0.00172	0.00591
48	0.00633	0.00457	0.00628	0.00713	0.00808	0.00452	0.00620	0.00811	0.00923	0.01191	0.02274	0.04472	0.08589	0.01101	0.00548	0.00181	0.00356	0.74507	0.00370	0.00367
49	0.00743	0.00398	0.00417	0.00405	0.00509	0.00391	0.00306	0.02292	0.00899	0.02955	0.09883	0.01794	0.06739	0.00540	0.00317	0.00101	0.00195	0.00441	0.70292	0.00383
50	0.03328	0.09127	0.10971	0.02385	0.03014	0.10493	0.15754	0.17399	0.02268	0.05914	0.02511	0.08237	0.00891	0.04093	0.01722	0.00142	0.00510	0.00432	0.00276	0.00534
51	0.03864	0.00782	0.00849	0.00768	0.00953	0.05864	0.00630	0.28347	0.01253	0.05435	0.07332	0.05778	0.02568	0.04551	0.01886	0.00164	0.00404	0.27713	0.00369	0.00490

[dist]
# distance from previous block
# <min> <max>
0	16

[block]
# block no. 6 follows, 67 sequences, length 15
# corresponding to MSA columns:
# 317-331
name=unknown_G
#
# <colnr> <probs for GDERKNQSTAVLIFYWHMCP>
#	G	D	E	R	K	N	Q	S	T	A	V	L	I	F	Y	W	H	M	C	P
0	0.30845	0.03502	0.03669	0.05424	0.26432	0.03555	0.04211	0.06205	0.00887	0.02783	0.00742	0.03301	0.00614	0.00398	0.00341	0.00119	0.00419	0.00321	0.00238	0.05993
1	0.00559	0.00396	0.00528	0.00598	0.00648	0.00383	0.00447	0.00670	0.00832	0.01109	0.09896	0.41359	0.02508	0.11146	0.00702	0.00193	0.00292	0.27035	0.00363	0.00335
2	0.01035	0.73154	0.09722	0.00751	0.01097	0.01504	0.00772	0.01193	0.00806	0.00976	0.00571	0.00676	0.00515	0.00368	0.00332	0.00095	0.05513	0.00230	0.00172	0.00517
3	0.01799	0.00683	0.00931	0.00714	0.01024	0.00589	0.00589	0.01954	0.01148	0.83682	0.01582	0.01365	0.00993	0.00496	0.00403	0.00124	0.00341	0.00403	0.00496	0.00683
4	0.00744	0.00698	0.01151	0.71501	0.07559	0.00841	0.01042	0.00993	0.00820	0.01048	0.01045	0.01339	0.08672	0.00459	0.00408	0.00133	0.00498	0.00405	0.00199	0.00447
5	0.00485	0.00385	0.00437	0.00477	0.00567	0.00337	0.00342	0.00577	0.00856	0.01063	0.03265	0.36503	0.48619	0.01115	0.00492	0.00148	0.00220	0.03407	0.00372	0.00334
6	0.00480	0.00407	0.00415	0.00413	0.00546	0.00341	0.00310	0.00588	0.00929	0.01119	0.09492	0.03800	0.77789	0.01002	0.00474	0.00135	0.00202	0.00838	0.00377	0.00341
7	0.00993	0.00953	0.01628	0.02462	0.83404	0.00953	0.01231	0.01231	0.00913	0.01310	0.00754	0.00993	0.00635	0.00357	0.00397	0.00119	0.00476	0.00357	0.00199	0.00635
8	0.00654	0.00495	0.00602	0.00564	0.00682	0.00498	0.00426	0.01024	0.17065	0.01600	0.62585	0.05276	0.03177	0.00771	0.00457	0.00128	0.00216	0.00676	0.02677	0.00427
9	0.01799	0.00683	0.00931	0.00714	0.01024	0.00589	0.00589	0.01954	0.01148	0.83682	0.01582	0.01365	0.00993	0.00496	0.00403	0.00124	0.00341	0.00403	0.00496	0.00683
10	0.12267	0.00694	0.00890	0.00691	0.00994	0.00627	0.00571	0.01861	0.01092	0.73823	0.01459	0.01279	0.00926	0.00481	0.00385	0.00124	0.00338	0.00381	0.00466	0.00653
11	0.00628	0.00463	0.02031	0.00492	0.00634	0.00391	0.00387	0.00760	0.00957	0.08444	0.19017	0.05614	0.49001	0.02577	0.03587	0.00159	0.00262	0.03831	0.00385	0.00381
12	0.88738	0.00776	0.00589	0.00527	0.00776	0.00900	0.00434	0.01179	0.00683	0.01799	0.00558	0.00651	0.00434	0.00372	0.00248	0.00124	0.00310	0.00217	0.00248	0.00434
13	0.00489	0.00349	0.00465	0.00558	0.00582	0.00326	0.00372	0.00558	0.00768	0.01024	0.02210	0.85644	0.02653	0.01256	0.00512	0.00163	0.00233	0.01140	0.00372	0.00326
14	0.04485	0.26161	0.01379	0.00930	0.04287	0.38455	0.00731	0.03135	0.14589	0.01160	0.00780	0.00841	0.00638	0.00412	0.00337	0.00105	0.00540	0.00282	0.00235	0.00517

[dist]
# distance from previous block
# <min> <max>
0	1

[block]
# block no. 7 follows, 67 sequences, length 46
# corresponding to MSA columns:
# 333-378
name=unknown_H
#
# <colnr> <probs for GDERKNQSTAVLIFYWHMCP>
#	G	D	E	R	K	N	Q	S	T	A	V	L	I	F	Y	W	H	M	C	P
0	0.03040	0.12784	0.21536	0.01163	0.08450	0.02774	0.17511	0.04861	0.03842	0.13025	0.04636	0.01136	0.02593	0.00425	0.00392	0.00122	0.00496	0.00379	0.00263	0.00572
1	0.01189	0.01066	0.03944	0.10672	0.17463	0.09772	0.02938	0.19963	0.20170	0.07168	0.01043	0.01106	0.00778	0.00450	0.00399	0.00124	0.00464	0.00374	0.00311	0.00606
2	0.00955	0.07616	0.01274	0.01002	0.01062	0.04320	0.00840	0.06868	0.00753	0.01089	0.01754	0.00937	0.00606	0.00654	0.01109	0.00161	0.66941	0.01396	0.00199	0.00461
3	0.00487	0.00354	0.00460	0.00546	0.00578	0.00327	0.00367	0.00560	0.00780	0.01029	0.02365	0.78829	0.09368	0.01236	0.00509	0.00161	0.00230	0.01116	0.00372	0.00327
4	0.78366	0.02634	0.00640	0.00549	0.00790	0.03258	0.00449	0.01184	0.00711	0.03719	0.00643	0.03122	0.00531	0.01716	0.00290	0.00128	0.00324	0.00255	0.00255	0.00437
5	0.00922	0.00868	0.01484	0.04213	0.63769	0.00868	0.04996	0.01153	0.00908	0.01277	0.00986	0.04372	0.00921	0.00487	0.00425	0.00130	0.00465	0.10948	0.00227	0.00580
6	0.01382	0.01056	0.01140	0.00939	0.03892	0.02471	0.00739	0.62898	0.11732	0.02266	0.01079	0.04559	0.00825	0.00512	0.00403	0.00122	0.00419	0.00400	0.00387	0.02778
7	0.00486	0.00360	0.00454	0.00528	0.00574	0.00328	0.00359	0.00562	0.00797	0.01036	0.02579	0.69366	0.18692	0.01209	0.00504	0.00157	0.00227	0.01082	0.00372	0.00328
8	0.04956	0.00870	0.01236	0.00996	0.06116	0.02211	0.17713	0.10281	0.06294	0.07982	0.00974	0.02257	0.02404	0.00395	0.00373	0.00102	0.00413	0.00360	0.00282	0.33784
9	0.00853	0.07131	0.46082	0.01245	0.02653	0.00979	0.24420	0.01225	0.00877	0.01251	0.04055	0.01037	0.01984	0.00407	0.00444	0.00129	0.04109	0.00371	0.00194	0.00554
10	0.00580	0.00450	0.00523	0.00543	0.00650	0.02205	0.00424	0.00718	0.00957	0.02491	0.21348	0.13693	0.33382	0.01001	0.00493	0.00147	0.00256	0.19392	0.00386	0.00361
11	0.02876	0.00560	0.00833	0.06899	0.00953	0.02097	0.09949	0.00783	0.00705	0.00978	0.01220	0.15018	0.01289	0.26120	0.22281	0.00345	0.04704	0.01791	0.00245	0.00355
12	0.00905	0.00746	0.00954	0.00690	0.01037	0.00599	0.05825	0.02258	0.00866	0.05919	0.00766	0.00881	0.00617	0.00325	0.00345	0.00072	0.02758	0.00267	0.00250	0.73918
13	0.00841	0.00851	0.10089	0.00953	0.07521	0.00756	0.08111	0.01307	0.23350	0.05813	0.08959	0.07976	0.13090	0.00748	0.04089	0.00158	0.03991	0.00553	0.00328	0.00516
14	0.00517	0.00369	0.00495	0.00586	0.00620	0.00350	0.00415	0.00604	0.00790	0.01048	0.02175	0.70298	0.02569	0.03074	0.00552	0.00171	0.00259	0.14408	0.00369	0.00331
15	0.00640	0.00576	0.02888	0.00803	0.05781	0.00534	0.08763	0.00870	0.07409	0.01238	0.16887	0.31191	0.12728	0.03331	0.00535	0.00151	0.01655	0.03262	0.00348	0.00410
16	0.01002	0.03873	0.01474	0.13026	0.50953	0.05850	0.04075	0.04671	0.00948	0.03351	0.00861	0.06521	0.00753	0.00433	0.00401	0.00123	0.00484	0.00403	0.00223	0.00575
17	0.00496	0.00354	0.00473	0.00566	0.00593	0.00332	0.00385	0.00571	0.00775	0.01032	0.02207	0.82020	0.02637	0.01250	0.00514	0.00164	0.00239	0.04694	0.00372	0.00328
18	0.01408	0.01731	0.01131	0.01017	0.01204	0.70284	0.00774	0.04655	0.01099	0.01039	0.00640	0.00777	0.00541	0.00534	0.03396	0.00130	0.08683	0.00277	0.00212	0.00467
19	0.01021	0.04735	0.13603	0.15159	0.14121	0.03843	0.19945	0.11116	0.02108	0.05496	0.00883	0.04567	0.00701	0.00427	0.00412	0.00127	0.00533	0.00403	0.00241	0.00560
20	0.00709	0.00591	0.00878	0.17916	0.12847	0.01871	0.00785	0.00903	0.00886	0.01156	0.01717	0.10398	0.05326	0.00858	0.00491	0.00160	0.00404	0.41381	0.00305	0.00418
21	0.00576	0.00419	0.00591	0.00591	0.00644	0.00472	0.00434	0.00682	0.00629	0.00891	0.01123	0.01848	0.01121	0.24555	0.62931	0.00578	0.00896	0.00470	0.00222	0.00328
22	0.23226	0.37880	0.23085	0.00820	0.01208	0.01210	0.05275	0.01218	0.00797	0.01265	0.00614	0.00723	0.00498	0.00360	0.00299	0.00109	0.00455	0.00251	0.00192	0.00516
23	0.00600	0.00426	0.00548	0.00525	0.00620	0.00398	0.00390	0.03072	0.01099	0.02764	0.66138	0.14925	0.05225	0.00873	0.00476	0.00131	0.00205	0.00773	0.00430	0.00383
24	0.00906	0.00924	0.01224	0.01052	0.01061	0.04995	0.00873	0.00994	0.00638	0.00966	0.00531	0.00870	0.00526	0.00689	0.01273	0.00172	0.81342	0.00347	0.00177	0.00440
25	0.00521	0.00435	0.00467	0.00443	0.00591	0.00362	0.00333	0.00639	0.00925	0.01164	0.12844	0.07108	0.62101	0.00931	0.00458	0.00128	0.00212	0.00784	0.00367	0.09184
26	0.00748	0.00374	0.00374	0.00374	0.00467	0.00374	0.00280	0.00934	0.00841	0.01495	0.01308	0.01495	0.01028	0.00467	0.00280	0.00093	0.00187	0.00374	0.88132	0.00374
27	0.88738	0.00776	0.00589	0.00527	0.00776	0.00900	0.00434	0.01179	0.00683	0.01799	0.00558	0.00651	0.00434	0.00372	0.00248	0.00124	0.00310	0.00217	0.00248	0.00434
28	0.00804	0.02074	0.83828	0.01143	0.01736	0.00931	0.01482	0.01270	0.00847	0.01270	0.00720	0.00847	0.00508	0.00381	0.00381	0.00127	0.00593	0.00296	0.00169	0.00593
29	0.88738	0.00776	0.00589	0.00527	0.00776	0.00900	0.00434	0.01179	0.00683	0.01799	0.00558	0.00651	0.00434	0.00372	0.00248	0.00124	0.00310	0.00217	0.00248	0.00434
30	0.88738	0.00776	0.00589	0.00527	0.00776	0.00900	0.00434	0.01179	0.00683	0.01799	0.00558	0.00651	0.00434	0.00372	0.00248	0.00124	0.00310	0.00217	0.00248	0.00434
31	0.00804	0.02074	0.83828	0.01143	0.01736	0.00931	0.01482	0.01270	0.00847	0.01270	0.00720	0.00847	0.00508	0.00381	0.00381	0.00127	0.00593	0.00296	0.00169	0.00593
32	0.00581	0.00396	0.00473	0.00473	0.00486	0.00408	0.00288	0.00606	0.00594	0.00804	0.01231	0.02442	0.01379	0.71501	0.16338	0.00433	0.00508	0.00557	0.00238	0.00263
33	0.00804	0.02074	0.83828	0.01143	0.01736	0.00931	0.01482	0.01270	0.00847	0.01270	0.00720	0.00847	0.00508	0.00381	0.00381	0.00127	0.00593	0.00296	0.00169	0.00593
34	0.01068	0.00897	0.00947	0.00830	0.01070	0.01030	0.00652	0.12835	0.71860	0.01791	0.01543	0.01425	0.01152	0.00536	0.00407	0.00134	0.00334	0.00441	0.00407	0.00641
35	0.00583	0.00433	0.00547	0.00605	0.00691	0.00414	0.00475	0.03692	0.00901	0.01159	0.02548	0.33625	0.20563	0.01118	0.00515	0.00163	0.00285	0.30953	0.00372	0.00358
36	0.00586	0.00421	0.00540	0.00508	0.00607	0.00395	0.00382	0.00800	0.03341	0.01606	0.78105	0.02902	0.03618	0.00800	0.00464	0.00125	0.00193	0.00706	0.03515	0.00385
37	0.00515	0.00362	0.00461	0.00524	0.00547	0.00343	0.00340	0.00574	0.00743	0.00992	0.05637	0.60491	0.03974	0.21503	0.00876	0.00215	0.00268	0.00983	0.00344	0.00309
38	0.06805	0.80565	0.02003	0.00676	0.01013	0.01542	0.00670	0.01199	0.00806	0.01000	0.00558	0.00644	0.00509	0.00345	0.00257	0.00088	0.00421	0.00215	0.00177	0.00509
39	0.07302	0.00736	0.00895	0.00705	0.00988	0.00710	0.00578	0.14806	0.04392	0.53656	0.01389	0.01271	0.00918	0.00485	0.00381	0.00121	0.00339	0.00383	0.09311	0.00633
40	0.00825	0.00705	0.00824	0.00592	0.00942	0.00531	0.00473	0.01004	0.00839	0.01314	0.02726	0.00884	0.00672	0.00310	0.00301	0.00061	0.00294	0.00250	0.00243	0.86210
41	0.00648	0.00442	0.00497	0.00479	0.00524	0.00439	0.00301	0.05937	0.00740	0.02376	0.03953	0.07316	0.10383	0.62471	0.01605	0.00319	0.00357	0.00630	0.00285	0.00298
42	0.00645	0.00437	0.00488	0.00469	0.00490	0.00445	0.00277	0.05911	0.00668	0.00892	0.01244	0.02516	0.01407	0.80320	0.01934	0.00371	0.00392	0.00569	0.00253	0.00272
43	0.00871	0.04407	0.05068	0.05794	0.32895	0.02457	0.02994	0.02245	0.12427	0.01306	0.07929	0.10861	0.04484	0.01450	0.00460	0.00132	0.02908	0.00503	0.00274	0.00536
44	0.02639	0.00947	0.03067	0.08933	0.37086	0.08716	0.00959	0.02933	0.01862	0.01170	0.00783	0.01138	0.00700	0.08060	0.06799	0.00190	0.12927	0.00369	0.00207	0.00516
45	0.45294	0.00854	0.01087	0.04763	0.38472	0.00924	0.00824	0.01196	0.00792	0.01546	0.00654	0.00823	0.00530	0.00367	0.00322	0.00122	0.00395	0.00287	0.00223	0.00526

[dist]
# distance from previous block
# <min> <max>
0	2

[block]
# block no. 8 follows, 67 sequences, length 11
# corresponding to MSA columns:
# 381-391
name=unknown_I
#
# <colnr> <probs for GDERKNQSTAVLIFYWHMCP>
#	G	D	E	R	K	N	Q	S	T	A	V	L	I	F	Y	W	H	M	C	P
0	0.00493	0.00355	0.00460	0.00542	0.00571	0.00330	0.00360	0.00561	0.00766	0.01013	0.02270	0.75558	0.07623	0.06308	0.00601	0.00175	0.00240	0.01088	0.00365	0.00322
1	0.00909	0.01366	0.35729	0.11618	0.18331	0.02895	0.05091	0.03048	0.02956	0.05196	0.05665	0.01139	0.02358	0.00431	0.00412	0.00127	0.01567	0.00370	0.00225	0.00566
2	0.00581	0.00443	0.00525	0.00513	0.00642	0.00380	0.00379	0.00699	0.00887	0.03027	0.12916	0.27243	0.30599	0.02432	0.00489	0.00138	0.00238	0.04474	0.00362	0.13033
3	0.00830	0.02388	0.05601	0.04560	0.15124	0.02172	0.01926	0.01182	0.15286	0.04507	0.12666	0.06909	0.12712	0.00669	0.00515	0.00136	0.08112	0.03892	0.00316	0.00497
4	0.04702	0.20579	0.09789	0.03741	0.03256	0.05818	0.04656	0.19280	0.02248	0.03529	0.06501	0.03644	0.02677	0.00483	0.00413	0.00117	0.04615	0.00371	0.00273	0.03308
5	0.00827	0.00787	0.05439	0.02103	0.09145	0.00714	0.19918	0.07867	0.04142	0.03681	0.10205	0.18654	0.07465	0.02032	0.00487	0.00143	0.00411	0.05183	0.00315	0.00482
6	0.00949	0.05582	0.27908	0.10174	0.08665	0.08191	0.09814	0.05557	0.05241	0.02830	0.01010	0.02804	0.05466	0.00460	0.00432	0.00127	0.03638	0.00384	0.00227	0.00543
7	0.00709	0.05233	0.00746	0.02143	0.04911	0.02824	0.00494	0.03483	0.05841	0.02429	0.25769	0.05780	0.24853	0.00886	0.03887	0.02929	0.02634	0.01501	0.00348	0.02601
8	0.02370	0.07615	0.14295	0.00758	0.00996	0.03643	0.00681	0.04410	0.05213	0.03926	0.29395	0.02367	0.14197	0.02450	0.02156	0.00163	0.00389	0.02328	0.02128	0.00520
9	0.12885	0.07955	0.07715	0.04203	0.12813	0.13583	0.04024	0.02557	0.12890	0.03106	0.05251	0.02336	0.02503	0.00460	0.00395	0.00120	0.02937	0.00363	0.00261	0.03643
10	0.01064	0.14014	0.07193	0.03367	0.01208	0.09195	0.04756	0.14098	0.02586	0.02709	0.04295	0.00977	0.00729	0.00505	0.00630	0.00127	0.24363	0.00338	0.02162	0.05684

[dist]
# distance from previous block
# <min> <max>
5	10

[block]
# block no. 9 follows, 67 sequences, length 13
# corresponding to MSA columns:
# 402-414
name=unknown_J
#
# <colnr> <probs for GDERKNQSTAVLIFYWHMCP>
#	G	D	E	R	K	N	Q	S	T	A	V	L	I	F	Y	W	H	M	C	P
0	0.02697	0.00557	0.00694	0.00638	0.00792	0.00541	0.00480	0.06397	0.08257	0.26221	0.03287	0.35320	0.01707	0.02956	0.00519	0.03081	0.00293	0.00706	0.04376	0.00482
1	0.00951	0.02443	0.01257	0.19246	0.28398	0.03121	0.03539	0.07815	0.03136	0.04253	0.04834	0.04468	0.00965	0.03232	0.00517	0.00139	0.05434	0.04050	0.01673	0.00527
2	0.03375	0.00426	0.00526	0.00562	0.00645	0.00397	0.00412	0.00674	0.00802	0.01097	0.04004	0.40625	0.11791	0.09315	0.02393	0.00185	0.00292	0.14552	0.00343	0.07583
3	0.14036	0.12622	0.09267	0.04150	0.23663	0.11623	0.03735	0.03438	0.04030	0.04284	0.02976	0.01007	0.02705	0.00411	0.00358	0.00117	0.00471	0.00330	0.00235	0.00543
4	0.00671	0.00445	0.00561	0.00518	0.00632	0.00413	0.00388	0.00869	0.03817	0.07911	0.61755	0.02872	0.10484	0.06218	0.00565	0.00144	0.00219	0.00693	0.00426	0.00399
5	0.02678	0.06828	0.33939	0.04901	0.12634	0.03670	0.05847	0.03969	0.07471	0.04093	0.00884	0.01132	0.00707	0.03277	0.00475	0.00136	0.03406	0.03165	0.00226	0.00561
6	0.00650	0.00452	0.00574	0.00546	0.00623	0.00448	0.02114	0.00818	0.06043	0.03993	0.26349	0.08243	0.04301	0.31935	0.06943	0.00262	0.00355	0.02482	0.02514	0.00353
