[name]
unknown

[dist]
# distance from previous block
# <min> <max>
0	738

[block]
# block no. 0 follows, 68 sequences, length 10
# corresponding to MSA columns:
# 741-750
name=unknown_A
#
# <colnr> <probs for GDERKNQSTAVLIFYWHMCP>
#	G	D	E	R	K	N	Q	S	T	A	V	L	I	F	Y	W	H	M	C	P
0	0.00854	0.00548	0.00660	0.00590	0.00743	0.01964	0.00460	0.05078	0.07692	0.15020	0.45285	0.02586	0.09431	0.02385	0.00480	0.00133	0.00258	0.04956	0.00423	0.00454
1	0.01189	0.01020	0.00969	0.00843	0.01083	0.12916	0.00660	0.12538	0.54013	0.08257	0.01380	0.01290	0.01022	0.00508	0.00396	0.00127	0.00389	0.00405	0.00381	0.00613
2	0.00566	0.00388	0.00454	0.00459	0.00474	0.00391	0.00277	0.00589	0.00608	0.00811	0.01408	0.06652	0.05378	0.68944	0.10663	0.00388	0.00440	0.00600	0.00250	0.00261
3	0.28369	0.00543	0.00545	0.00505	0.00643	0.00602	0.00394	0.00998	0.00759	0.05393	0.04009	0.01314	0.00929	0.06410	0.08893	0.00183	0.04930	0.00353	0.33829	0.00396
4	0.00635	0.01988	0.00683	0.05245	0.04916	0.00490	0.02110	0.00840	0.07426	0.03625	0.18316	0.44947	0.05343	0.00944	0.00469	0.00144	0.00270	0.00849	0.00362	0.00397
5	0.01402	0.01037	0.01118	0.00878	0.01168	0.01145	0.00717	0.72262	0.05096	0.02342	0.01081	0.07952	0.00856	0.00542	0.00406	0.00123	0.00414	0.00424	0.00395	0.00643
6	0.01003	0.02624	0.05131	0.09874	0.33969	0.08995	0.12969	0.03944	0.09435	0.01279	0.00814	0.01007	0.00650	0.00407	0.00459	0.00125	0.06166	0.00365	0.00220	0.00564
7	0.03824	0.51879	0.19696	0.00807	0.01165	0.06403	0.00845	0.01229	0.03244	0.01054	0.00638	0.00748	0.00542	0.00459	0.03174	0.00119	0.03225	0.00251	0.00182	0.00516
8	0.00512	0.00366	0.00453	0.00503	0.00558	0.00337	0.00347	0.00608	0.00831	0.01124	0.13633	0.52194	0.15951	0.04163	0.00534	0.00155	0.00222	0.00952	0.06225	0.00332
9	0.04525	0.32550	0.07031	0.01033	0.14484	0.08195	0.00789	0.07467	0.07600	0.04700	0.03396	0.03831	0.01952	0.00438	0.00340	0.00109	0.00434	0.00337	0.00247	0.00542

[dist]
# distance from previous block
# <min> <max>
0	1

[block]
# block no. 1 follows, 68 sequences, length 15
# corresponding to MSA columns:
# 752-766
name=unknown_B
#
# <colnr> <probs for GDERKNQSTAVLIFYWHMCP>
#	G	D	E	R	K	N	Q	S	T	A	V	L	I	F	Y	W	H	M	C	P
0	0.00743	0.02252	0.03731	0.02600	0.00843	0.00532	0.05222	0.04375	0.05134	0.09365	0.14537	0.15231	0.30656	0.02372	0.00480	0.00138	0.00289	0.00710	0.00366	0.00426
1	0.00898	0.00744	0.00867	0.03881	0.01030	0.00620	0.00522	0.10570	0.00944	0.01428	0.00750	0.00864	0.00607	0.00324	0.00309	0.00070	0.00317	0.00257	0.02618	0.72380
2	0.00510	0.00379	0.00447	0.00475	0.00536	0.00347	0.00322	0.00591	0.00816	0.01062	0.14369	0.31974	0.26190	0.19196	0.00812	0.00195	0.00248	0.00865	0.00351	0.00316
3	0.02569	0.02874	0.01315	0.25462	0.16534	0.02701	0.10665	0.13868	0.09185	0.01402	0.01024	0.03267	0.03563	0.02224	0.00439	0.00133	0.00473	0.01516	0.00257	0.00531
4	0.00529	0.00400	0.00472	0.00458	0.00552	0.00361	0.00332	0.00660	0.00969	0.01293	0.43608	0.05148	0.30944	0.11751	0.00666	0.00162	0.00218	0.00750	0.00386	0.00342
5	0.00952	0.00914	0.01548	0.10887	0.71424	0.00948	0.01189	0.01184	0.00878	0.01250	0.00731	0.00984	0.00613	0.00374	0.00435	0.00122	0.04422	0.00353	0.00193	0.00600
6	0.00487	0.00392	0.00434	0.00445	0.00552	0.00339	0.00325	0.00596	0.00914	0.01147	0.16898	0.18492	0.55560	0.01015	0.00475	0.00137	0.00204	0.00869	0.00380	0.00339
7	0.07354	0.10249	0.00883	0.07495	0.05186	0.08734	0.00566	0.05081	0.02395	0.01286	0.06111	0.12403	0.09207	0.00610	0.00400	0.00119	0.03419	0.00492	0.17579	0.00430
8	0.05130	0.00902	0.02435	0.03103	0.04892	0.07418	0.00685	0.32631	0.01203	0.06045	0.00988	0.04203	0.00822	0.02704	0.22690	0.00263	0.02663	0.00393	0.00303	0.00525
9	0.00495	0.00357	0.00465	0.00544	0.00578	0.00333	0.00371	0.00572	0.00779	0.01032	0.04798	0.70857	0.07904	0.04627	0.00565	0.00168	0.00239	0.04626	0.00365	0.00323
10	0.00871	0.06611	0.49838	0.01200	0.05687	0.06108	0.12795	0.01223	0.00861	0.01198	0.00854	0.00998	0.04379	0.00416	0.00438	0.00126	0.05320	0.00342	0.00186	0.00548
11	0.55293	0.03360	0.00693	0.02541	0.00844	0.03168	0.00472	0.03841	0.06028	0.01642	0.00761	0.02657	0.00614	0.00406	0.00280	0.00114	0.00317	0.00276	0.09137	0.07556
12	0.03450	0.05289	0.02587	0.06772	0.03165	0.00928	0.05988	0.22100	0.18225	0.01587	0.05337	0.02847	0.01039	0.08131	0.06580	0.00184	0.02430	0.00426	0.02409	0.00525
13	0.01068	0.04907	0.01301	0.08328	0.33400	0.12547	0.00920	0.11540	0.10354	0.01381	0.00914	0.05704	0.00778	0.00455	0.00406	0.00119	0.02217	0.00384	0.00254	0.03023
14	0.00985	0.06742	0.04495	0.05310	0.07464	0.03159	0.09515	0.07122	0.03688	0.08652	0.01014	0.02926	0.04139	0.00514	0.03726	0.00122	0.00433	0.00359	0.00265	0.29370

[dist]
# distance from previous block
# <min> <max>
1	34

[block]
# block no. 2 follows, 68 sequences, length 14
# corresponding to MSA columns:
# 801-814
name=unknown_C
#
# <colnr> <probs for GDERKNQSTAVLIFYWHMCP>
#	G	D	E	R	K	N	Q	S	T	A	V	L	I	F	Y	W	H	M	C	P
0	0.01025	0.03000	0.06777	0.00832	0.02220	0.30846	0.00663	0.05585	0.07832	0.01174	0.05161	0.06952	0.04200	0.07076	0.07838	0.00180	0.02262	0.00425	0.01663	0.04289
1	0.01348	0.04892	0.01186	0.00947	0.04654	0.06562	0.00745	0.57928	0.04125	0.02098	0.04504	0.01047	0.00810	0.00576	0.03484	0.00138	0.03624	0.00364	0.00352	0.00616
2	0.04144	0.41098	0.28530	0.00855	0.01257	0.06403	0.00928	0.04896	0.04455	0.01180	0.00675	0.00762	0.00544	0.00370	0.00314	0.00104	0.00483	0.00258	0.00196	0.02548
3	0.00553	0.00407	0.00520	0.00579	0.00642	0.00393	0.00429	0.00704	0.04501	0.01119	0.08668	0.42917	0.10747	0.06280	0.00596	0.00173	0.00269	0.19792	0.00367	0.00346
4	0.00593	0.00433	0.00532	0.00523	0.00570	0.00438	0.02119	0.00715	0.06259	0.00946	0.05118	0.12681	0.07321	0.50055	0.08302	0.00323	0.00401	0.02080	0.00283	0.00307
5	0.00718	0.00477	0.00584	0.00535	0.00662	0.00450	0.00407	0.07486	0.01111	0.07783	0.49151	0.09980	0.14371	0.00812	0.00453	0.00127	0.00225	0.00704	0.03555	0.00411
6	0.01143	0.00983	0.05154	0.05541	0.05553	0.01007	0.09416	0.34051	0.18568	0.03697	0.01151	0.04338	0.00915	0.00576	0.02544	0.00142	0.00452	0.03833	0.00339	0.00596
7	0.03525	0.00453	0.00545	0.00501	0.00639	0.00407	0.00382	0.00871	0.01015	0.13732	0.38426	0.06755	0.28037	0.02354	0.00480	0.00134	0.00223	0.00707	0.00410	0.00404
8	0.03931	0.01024	0.09897	0.05660	0.01700	0.00927	0.45291	0.02667	0.00891	0.02665	0.06421	0.01174	0.00821	0.00588	0.05980	0.00168	0.09036	0.00435	0.00220	0.00504
9	0.00525	0.00396	0.00486	0.00488	0.00581	0.00357	0.00362	0.00668	0.00993	0.01334	0.44701	0.17101	0.25885	0.00947	0.00477	0.00135	0.00204	0.03601	0.00403	0.00354
10	0.00615	0.00581	0.08274	0.00574	0.00681	0.00487	0.00459	0.00793	0.06343	0.01056	0.13820	0.04495	0.07366	0.34139	0.14841	0.02468	0.00461	0.01917	0.00282	0.00347
11	0.02617	0.38855	0.01524	0.00780	0.01083	0.03944	0.02557	0.27610	0.01188	0.09039	0.00893	0.06631	0.00751	0.00462	0.00339	0.00107	0.00420	0.00346	0.00289	0.00563
12	0.24534	0.12558	0.09274	0.02721	0.06877	0.03894	0.02049	0.19076	0.04853	0.05210	0.03499	0.01059	0.00778	0.00472	0.00369	0.00131	0.00437	0.01327	0.00303	0.00579
13	0.12528	0.02938	0.18885	0.01087	0.11044	0.14115	0.04209	0.14125	0.04246	0.05094	0.03409	0.02818	0.00753	0.01350	0.00387	0.00122	0.00483	0.00346	0.01514	0.00547

[dist]
# distance from previous block
# <min> <max>
0	3

[block]
# block no. 3 follows, 68 sequences, length 11
# corresponding to MSA columns:
# 818-828
name=unknown_D
#
# <colnr> <probs for GDERKNQSTAVLIFYWHMCP>
#	G	D	E	R	K	N	Q	S	T	A	V	L	I	F	Y	W	H	M	C	P
0	0.00949	0.04937	0.03399	0.00940	0.05883	0.11051	0.13395	0.01131	0.00897	0.07130	0.01146	0.08244	0.06328	0.01433	0.01555	0.00117	0.02054	0.02156	0.00258	0.26998
1	0.00509	0.00385	0.00509	0.00555	0.00619	0.00354	0.02159	0.00609	0.00837	0.01098	0.10575	0.54774	0.17775	0.01125	0.00497	0.00153	0.00239	0.06518	0.00371	0.00337
2	0.01090	0.00808	0.00874	0.00753	0.00977	0.00895	0.00594	0.20493	0.42800	0.07331	0.03612	0.05155	0.03509	0.00564	0.00398	0.00127	0.00322	0.00464	0.08644	0.00589
3	0.00687	0.00653	0.04610	0.00643	0.00835	0.02013	0.05465	0.05641	0.09476	0.01299	0.10780	0.13992	0.33207	0.00796	0.00441	0.00128	0.00293	0.00686	0.00346	0.08009
4	0.00843	0.05965	0.03242	0.00608	0.00945	0.00605	0.00509	0.01047	0.03063	0.03275	0.04065	0.01015	0.03210	0.00352	0.00311	0.00071	0.00305	0.00282	0.00252	0.70037
5	0.00650	0.00519	0.02409	0.04516	0.00775	0.00486	0.00466	0.07521	0.02640	0.01474	0.42359	0.08125	0.17547	0.00816	0.00456	0.00131	0.00250	0.05147	0.03310	0.00400
6	0.00768	0.00674	0.01081	0.03147	0.01097	0.00704	0.20212	0.04750	0.09982	0.01198	0.06388	0.04211	0.08076	0.10307	0.13559	0.06259	0.04946	0.00512	0.01705	0.00424
7	0.05143	0.00834	0.00882	0.00784	0.01008	0.00950	0.00612	0.09150	0.64211	0.04239	0.01538	0.06550	0.01205	0.00566	0.00402	0.00134	0.00320	0.00469	0.00396	0.00605
8	0.05157	0.00880	0.01025	0.02475	0.06529	0.06296	0.05037	0.14388	0.06375	0.05369	0.00906	0.04731	0.00742	0.00410	0.00352	0.00096	0.00382	0.00339	0.00283	0.38228
9	0.00586	0.00469	0.00712	0.00670	0.00756	0.00514	0.05459	0.00721	0.00703	0.00982	0.05029	0.08153	0.08036	0.07691	0.54017	0.00473	0.03888	0.00534	0.00247	0.00358
10	0.00857	0.00760	0.01134	0.06788	0.29648	0.02897	0.05647	0.01158	0.09558	0.04439	0.20916	0.01772	0.08775	0.00559	0.00453	0.00126	0.03198	0.00499	0.00300	0.00514

[dist]
# distance from previous block
# <min> <max>
4	58

[block]
# block no. 4 follows, 68 sequences, length 34
# corresponding to MSA columns:
# 887-920
name=unknown_E
#
# <colnr> <probs for GDERKNQSTAVLIFYWHMCP>
#	G	D	E	R	K	N	Q	S	T	A	V	L	I	F	Y	W	H	M	C	P
0	0.12409	0.00963	0.03781	0.07375	0.16759	0.07866	0.04808	0.14966	0.07590	0.04940	0.02868	0.04819	0.05419	0.00499	0.00416	0.00126	0.03165	0.00409	0.00285	0.00537
1	0.03010	0.04049	0.01183	0.67473	0.02377	0.00910	0.00998	0.07261	0.00875	0.01162	0.00714	0.01006	0.00541	0.00393	0.00380	0.00124	0.00496	0.00336	0.00199	0.06513
2	0.00867	0.00835	0.05102	0.04850	0.27549	0.05241	0.00786	0.06416	0.08107	0.02555	0.12090	0.07327	0.11209	0.04726	0.00496	0.00138	0.00385	0.00522	0.00295	0.00505
3	0.00767	0.03476	0.00684	0.08821	0.00803	0.04666	0.00461	0.02670	0.00617	0.00788	0.00688	0.01140	0.00658	0.01175	0.01304	0.70143	0.00386	0.00336	0.00180	0.00237
4	0.03682	0.25172	0.06035	0.00903	0.01178	0.46437	0.00766	0.07169	0.01060	0.03303	0.00649	0.00732	0.00532	0.00393	0.00331	0.00101	0.00586	0.00255	0.00215	0.00500
5	0.03734	0.01096	0.16124	0.02518	0.04247	0.03125	0.30367	0.04652	0.05751	0.03119	0.04799	0.05957	0.00923	0.01484	0.02589	0.00148	0.05273	0.01141	0.02436	0.00516
6	0.00734	0.00438	0.00636	0.00594	0.00647	0.00451	0.03280	0.02141	0.04282	0.03115	0.04178	0.02495	0.02539	0.04001	0.07977	0.57233	0.02175	0.00404	0.02411	0.00268
7	0.00505	0.00377	0.00481	0.00531	0.00585	0.00353	0.00373	0.00603	0.00848	0.01130	0.17510	0.54890	0.15284	0.01112	0.00509	0.00151	0.01891	0.02154	0.00377	0.00336
8	0.01005	0.03906	0.07607	0.06232	0.25449	0.04405	0.03298	0.06535	0.29007	0.02454	0.02191	0.01182	0.01758	0.00454	0.00418	0.00126	0.02712	0.00386	0.00284	0.00592
9	0.00492	0.00354	0.00457	0.00537	0.00566	0.00330	0.00359	0.00560	0.00756	0.00999	0.02219	0.72768	0.07398	0.08010	0.00625	0.00178	0.00243	0.02473	0.00358	0.00317
10	0.00957	0.00783	0.00860	0.00637	0.00972	0.05278	0.00510	0.04718	0.00910	0.07426	0.00798	0.00923	0.00645	0.00336	0.00314	0.00071	0.00328	0.01634	0.00262	0.71636
11	0.00507	0.00422	0.00454	0.00448	0.00570	0.00377	0.00337	0.00641	0.02857	0.01145	0.13939	0.05480	0.64521	0.02524	0.00515	0.00140	0.01987	0.02419	0.00371	0.00347
12	0.01098	0.19315	0.08605	0.02296	0.08533	0.19228	0.01948	0.08254	0.08653	0.03415	0.00892	0.05774	0.00775	0.01196	0.03372	0.00136	0.04607	0.01135	0.00245	0.00522
13	0.03721	0.00420	0.00540	0.00543	0.00628	0.00439	0.00407	0.00672	0.00747	0.01038	0.08446	0.09149	0.21334	0.08242	0.41403	0.00398	0.00638	0.00609	0.00284	0.00343
14	0.01348	0.02913	0.04426	0.02940	0.10285	0.35046	0.00828	0.27719	0.01292	0.03046	0.00779	0.00873	0.00602	0.00433	0.00399	0.00113	0.02994	0.00311	0.03099	0.00554
15	0.00950	0.04683	0.03944	0.01569	0.04768	0.01019	0.66777	0.04637	0.00954	0.01294	0.00824	0.03280	0.00651	0.00374	0.00470	0.00132	0.02468	0.00459	0.00210	0.00536
16	0.00556	0.00374	0.00490	0.00542	0.00596	0.00344	0.00375	0.00650	0.00845	0.04977	0.15608	0.63381	0.07531	0.01122	0.00493	0.00152	0.00226	0.01009	0.00385	0.00348
17	0.02676	0.06988	0.00995	0.00726	0.01007	0.08634	0.00585	0.15433	0.13336	0.03207	0.00895	0.00968	0.00707	0.00476	0.01833	0.03290	0.01581	0.00303	0.02058	0.34304
18	0.00700	0.00508	0.00641	0.03253	0.00782	0.01405	0.01461	0.05807	0.02503	0.05784	0.05630	0.32118	0.11107	0.06041	0.10429	0.00212	0.00383	0.04842	0.00336	0.06058
19	0.06100	0.35078	0.07788	0.00825	0.01121	0.13845	0.00754	0.12821	0.08311	0.03101	0.00744	0.00815	0.00601	0.00418	0.00385	0.00109	0.06131	0.00280	0.00239	0.00535
20	0.01523	0.00959	0.01058	0.00823	0.01119	0.02962	0.00675	0.51644	0.03348	0.24724	0.01147	0.01099	0.00787	0.00479	0.00389	0.00118	0.00398	0.00369	0.05727	0.00650
21	0.00774	0.00681	0.02494	0.05305	0.19134	0.00703	0.06891	0.01064	0.09422	0.02304	0.06005	0.01608	0.02560	0.01320	0.27270	0.02043	0.01920	0.04804	0.03232	0.00469
22	0.00489	0.00355	0.00463	0.00541	0.00577	0.00328	0.00368	0.00569	0.00793	0.01053	0.07014	0.73654	0.08581	0.01197	0.00502	0.00157	0.00228	0.02433	0.00372	0.00327
23	0.00948	0.00793	0.02653	0.25100	0.27259	0.01579	0.02383	0.06031	0.01689	0.08739	0.07206	0.04890	0.00984	0.01998	0.00458	0.00131	0.02977	0.00424	0.03237	0.00524
24	0.00517	0.00393	0.00432	0.00442	0.00517	0.00356	0.00302	0.00589	0.00795	0.00999	0.07516	0.10891	0.41414	0.29376	0.00991	0.00221	0.00269	0.03345	0.00329	0.00305
25	0.00900	0.00807	0.03716	0.03306	0.02977	0.03702	0.03228	0.07827	0.35567	0.03645	0.16166	0.01944	0.13282	0.00621	0.00423	0.00129	0.00330	0.00526	0.00373	0.00530
26	0.00499	0.00374	0.00452	0.00491	0.00555	0.00339	0.00340	0.00590	0.00842	0.01100	0.15428	0.42650	0.25643	0.08060	0.00613	0.00166	0.00228	0.00935	0.00368	0.00327
27	0.00642	0.00390	0.00542	0.00547	0.00571	0.00412	0.00385	0.00616	0.00605	0.00842	0.01041	0.06723	0.01080	0.15341	0.16259	0.40551	0.03201	0.04835	0.05161	0.00255
28	0.03871	0.09526	0.59764	0.01061	0.03559	0.07386	0.01236	0.04076	0.00890	0.01261	0.00800	0.00906	0.03180	0.00399	0.00364	0.00120	0.00551	0.00301	0.00188	0.00560
29	0.00580	0.00440	0.00545	0.00527	0.00619	0.00440	0.00386	0.02420	0.00742	0.00993	0.03169	0.02446	0.22495	0.23364	0.31641	0.00379	0.00577	0.02566	0.00272	0.05396
30	0.03389	0.16089	0.03375	0.00838	0.03236	0.17773	0.04069	0.09084	0.02763	0.05568	0.16525	0.01432	0.06255	0.00534	0.00435	0.00116	0.05819	0.00411	0.01800	0.00487
31	0.37613	0.15827	0.05748	0.00729	0.04443	0.07438	0.02030	0.01166	0.00798	0.04320	0.00859	0.05873	0.03535	0.00442	0.00306	0.00113	0.00378	0.00319	0.02432	0.05632
32	0.05053	0.08241	0.05129	0.01695	0.10712	0.03354	0.08485	0.08942	0.27778	0.02293	0.02524	0.01249	0.01651	0.03206	0.01361	0.00134	0.00417	0.01164	0.02071	0.04543
33	0.04992	0.07503	0.04348	0.09717	0.31135	0.10710	0.04169	0.03561	0.14641	0.04108	0.00882	0.01010	0.00692	0.00402	0.00376	0.00119	0.00474	0.00345	0.00244	0.00570

[dist]
# distance from previous block
# <min> <max>
1	3

[block]
# block no. 5 follows, 68 sequences, length 13
# corresponding to MSA columns:
# 924-936
name=unknown_F
#
# <colnr> <probs for GDERKNQSTAVLIFYWHMCP>
#	G	D	E	R	K	N	Q	S	T	A	V	L	I	F	Y	W	H	M	C	P
0	0.00801	0.00693	0.05303	0.00647	0.02232	0.03375	0.02091	0.14482	0.01135	0.04386	0.26995	0.02488	0.26821	0.01996	0.00457	0.00128	0.00295	0.00613	0.04621	0.00443
1	0.00730	0.03466	0.12237	0.00710	0.04517	0.00579	0.00601	0.01985	0.03998	0.04142	0.15263	0.09701	0.16391	0.02132	0.03134	0.00135	0.00336	0.00547	0.00309	0.19087
2	0.00570	0.00393	0.00475	0.00479	0.00505	0.00396	0.00306	0.00618	0.00667	0.00902	0.09627	0.05396	0.03799	0.59110	0.11533	0.00366	0.00435	0.03874	0.00269	0.00278
3	0.47559	0.00692	0.00680	0.00622	0.02522	0.00781	0.00475	0.04891	0.00753	0.08960	0.00825	0.01149	0.00718	0.15198	0.07426	0.00211	0.05515	0.00328	0.00266	0.00429
4	0.08911	0.05846	0.09220	0.02474	0.08869	0.03189	0.04802	0.12008	0.08887	0.04809	0.13030	0.04259	0.05794	0.02322	0.00441	0.01195	0.00385	0.01438	0.01610	0.00511
5	0.18762	0.00576	0.00607	0.00587	0.00738	0.00611	0.00451	0.03532	0.15046	0.06226	0.03418	0.23716	0.07399	0.00748	0.00398	0.00136	0.00273	0.05591	0.10749	0.00438
6	0.00884	0.07947	0.31892	0.07351	0.05446	0.03743	0.02270	0.01303	0.13253	0.04583	0.02430	0.01122	0.00775	0.02623	0.09807	0.00187	0.03265	0.00354	0.00232	0.00534
7	0.00761	0.00608	0.00690	0.00671	0.00804	0.00659	0.00501	0.05054	0.35598	0.01405	0.09061	0.29791	0.04093	0.04317	0.00517	0.00154	0.00283	0.04177	0.00385	0.00471
8	0.06764	0.00990	0.02228	0.03472	0.03115	0.11352	0.02565	0.26922	0.03961	0.02729	0.00857	0.00988	0.00676	0.02149	0.07059	0.00150	0.00479	0.00321	0.02028	0.21195
9	0.00511	0.00387	0.00468	0.00514	0.00585	0.00353	0.00363	0.02334	0.00860	0.01112	0.08923	0.49609	0.28040	0.01114	0.00490	0.00149	0.00226	0.03249	0.00374	0.00339
10	0.00572	0.00386	0.00448	0.00449	0.00458	0.00387	0.00263	0.00590	0.00611	0.00823	0.05106	0.05393	0.01568	0.75298	0.05770	0.00377	0.00402	0.00595	0.00252	0.00255
11	0.01271	0.23374	0.05360	0.02638	0.05675	0.42651	0.02524	0.07313	0.01044	0.01110	0.00637	0.00751	0.00531	0.00398	0.00370	0.00104	0.03273	0.00268	0.00206	0.00503
12	0.02306	0.08439	0.06194	0.02475	0.07685	0.02539	0.11454	0.10775	0.04359	0.02541	0.08155	0.07473	0.03509	0.00600	0.02188	0.00137	0.12150	0.00452	0.02184	0.04385

[dist]
# distance from previous block
# <min> <max>
0	9

[block]
# block no. 6 follows, 68 sequences, length 18
# corresponding to MSA columns:
# 946-963
name=unknown_G
#
# <colnr> <probs for GDERKNQSTAVLIFYWHMCP>
#	G	D	E	R	K	N	Q	S	T	A	V	L	I	F	Y	W	H	M	C	P
0	0.01182	0.34978	0.05321	0.05227	0.01198	0.12504	0.00746	0.18589	0.08110	0.04204	0.02401	0.02366	0.00720	0.00429	0.00338	0.00106	0.00459	0.00312	0.00262	0.00547
1	0.05003	0.00751	0.00777	0.06039	0.02682	0.07584	0.00548	0.20992	0.02455	0.03607	0.01073	0.01365	0.00885	0.08451	0.07625	0.00180	0.00425	0.01706	0.27389	0.00463
2	0.01039	0.00839	0.00934	0.02477	0.01073	0.00949	0.02556	0.10790	0.61242	0.04769	0.01512	0.04615	0.01162	0.00546	0.00403	0.00132	0.00333	0.00458	0.03564	0.00608
3	0.00487	0.00348	0.00463	0.00550	0.00576	0.00324	0.00368	0.00561	0.00776	0.01038	0.05853	0.82065	0.02673	0.01223	0.00504	0.00159	0.00228	0.01109	0.00371	0.00324
4	0.00912	0.00886	0.01438	0.28287	0.49584	0.04030	0.03233	0.01152	0.00878	0.01189	0.00785	0.01141	0.00660	0.00399	0.00401	0.00125	0.00499	0.03657	0.00197	0.00550
5	0.03947	0.00855	0.01296	0.44251	0.23742	0.02423	0.02734	0.11852	0.02706	0.01328	0.00763	0.01012	0.00586	0.00396	0.00391	0.00126	0.00495	0.00351	0.00219	0.00527
6	0.85977	0.00778	0.00603	0.00534	0.00782	0.00901	0.00440	0.03848	0.00714	0.01803	0.00565	0.00654	0.00437	0.00372	0.00250	0.00123	0.00311	0.00219	0.00250	0.00437
7	0.01064	0.00859	0.01093	0.16443	0.06095	0.04248	0.04995	0.24983	0.09258	0.05975	0.04499	0.03609	0.02694	0.04383	0.05285	0.00168	0.02099	0.01406	0.00311	0.00534
8	0.00826	0.01282	0.30214	0.01253	0.01635	0.00896	0.34697	0.01156	0.00836	0.01207	0.00806	0.01056	0.00630	0.00723	0.11437	0.00198	0.06418	0.00390	0.03827	0.00515
9	0.01099	0.00956	0.04772	0.06283	0.45761	0.00945	0.01015	0.18797	0.01118	0.06627	0.04149	0.01087	0.00782	0.00419	0.00410	0.00120	0.01982	0.00369	0.02702	0.00608
10	0.00502	0.00382	0.00454	0.00478	0.00556	0.00343	0.00338	0.00606	0.00886	0.01155	0.21981	0.31695	0.31828	0.06242	0.00576	0.00156	0.00219	0.00892	0.00376	0.00334
11	0.01029	0.02038	0.01169	0.11792	0.25504	0.02289	0.02374	0.02891	0.05181	0.13484	0.01006	0.01181	0.02575	0.00425	0.00408	0.00112	0.03365	0.02256	0.02032	0.18889
12	0.00536	0.00393	0.00458	0.00471	0.00535	0.00366	0.00325	0.00618	0.00811	0.01058	0.16500	0.13328	0.25639	0.30433	0.01015	0.00226	0.00277	0.06367	0.00336	0.00309
13	0.02191	0.05816	0.04122	0.08247	0.07514	0.06577	0.10686	0.05405	0.03017	0.02847	0.03787	0.02871	0.03229	0.09081	0.07531	0.09442	0.05128	0.00418	0.01655	0.00436
14	0.00771	0.04104	0.00811	0.04571	0.05269	0.00631	0.02115	0.01078	0.15089	0.06911	0.01590	0.17177	0.07279	0.04987	0.19627	0.00260	0.00493	0.02885	0.02092	0.02261
15	0.11527	0.27561	0.12908	0.04014	0.04798	0.05623	0.04266	0.06623	0.02096	0.04142	0.02689	0.00936	0.00673	0.03818	0.00391	0.00117	0.00443	0.00299	0.01810	0.05266
16	0.08439	0.20343	0.06383	0.03159	0.03407	0.08681	0.05655	0.04042	0.04602	0.06044	0.06090	0.05407	0.02272	0.02305	0.04903	0.00146	0.02256	0.00382	0.00256	0.05227
17	0.10533	0.11570	0.11724	0.00913	0.08624	0.07056	0.03015	0.05129	0.02530	0.05994	0.00891	0.04501	0.02684	0.00415	0.00339	0.00102	0.00411	0.00328	0.00247	0.22995

[dist]
# distance from previous block
# <min> <max>
2	52

[block]
# block no. 7 follows, 68 sequences, length 8
# corresponding to MSA columns:
# 1017-1024
name=unknown_H
#
# <colnr> <probs for GDERKNQSTAVLIFYWHMCP>
#	G	D	E	R	K	N	Q	S	T	A	V	L	I	F	Y	W	H	M	C	P
0	0.12700	0.11298	0.25049	0.03212	0.06552	0.00917	0.07704	0.04878	0.04340	0.01375	0.07744	0.03551	0.00951	0.00517	0.02223	0.00133	0.00458	0.02734	0.01574	0.02090
1	0.03354	0.22163	0.02327	0.00832	0.05184	0.08442	0.02162	0.04809	0.08403	0.02610	0.03907	0.13103	0.02852	0.00674	0.00420	0.00130	0.02047	0.15821	0.00290	0.00469
2	0.01107	0.32457	0.03898	0.00823	0.01105	0.15209	0.04992	0.08008	0.12413	0.03834	0.04849	0.04818	0.00894	0.00457	0.00347	0.00107	0.00449	0.00352	0.00262	0.03620
3	0.04943	0.07974	0.18440	0.10119	0.10151	0.03431	0.06103	0.04141	0.03683	0.11542	0.04915	0.01143	0.03296	0.00427	0.00374	0.00116	0.00450	0.00358	0.00259	0.08135
4	0.02533	0.02844	0.00711	0.00649	0.00772	0.04836	0.02765	0.03844	0.04923	0.07162	0.08714	0.31308	0.14124	0.03053	0.00531	0.00150	0.03506	0.06815	0.00354	0.00407
5	0.00841	0.01250	0.33200	0.01116	0.03776	0.00786	0.21932	0.02990	0.00914	0.06039	0.04947	0.10371	0.07028	0.00534	0.00425	0.00131	0.00493	0.00498	0.02210	0.00520
6	0.03472	0.09257	0.14836	0.06753	0.16052	0.09343	0.11942	0.04270	0.02081	0.09003	0.00966	0.05193	0.02805	0.00444	0.00386	0.00120	0.00497	0.00388	0.01651	0.00542
7	0.00927	0.03310	0.00940	0.08875	0.11084	0.16180	0.00680	0.07610	0.03436	0.03788	0.02562	0.29371	0.02546	0.00724	0.00441	0.00133	0.02104	0.02208	0.02626	0.00455

[dist]
# distance from previous block
# <min> <max>
3	13

[block]
# block no. 8 follows, 68 sequences, length 21
# corresponding to MSA columns:
# 1038-1058
name=unknown_I
#
# <colnr> <probs for GDERKNQSTAVLIFYWHMCP>
#	G	D	E	R	K	N	Q	S	T	A	V	L	I	F	Y	W	H	M	C	P
0	0.66681	0.00877	0.00695	0.00665	0.04330	0.09668	0.00499	0.04032	0.00771	0.01633	0.00650	0.02611	0.00551	0.04527	0.00360	0.00134	0.00363	0.00267	0.00247	0.00438
1	0.06148	0.19308	0.42668	0.05114	0.05805	0.01033	0.06282	0.01185	0.00823	0.01197	0.02437	0.00922	0.00614	0.03328	0.00421	0.00127	0.01562	0.00308	0.00185	0.00534
2	0.00729	0.04725	0.00741	0.00627	0.00761	0.05209	0.03100	0.06714	0.04097	0.02169	0.08573	0.08371	0.22185	0.12182	0.13088	0.00239	0.01386	0.04397	0.00313	0.00392
3	0.05527	0.00927	0.01201	0.04751	0.27957	0.08179	0.04271	0.07972	0.03530	0.08407	0.02450	0.02048	0.02556	0.00416	0.00389	0.00110	0.01944	0.00354	0.00264	0.16748
4	0.01117	0.00849	0.01211	0.21617	0.22830	0.00908	0.00906	0.15450	0.07356	0.13390	0.00947	0.01071	0.00701	0.00426	0.00418	0.00121	0.03147	0.00359	0.00287	0.06889
5	0.00690	0.00659	0.08209	0.00665	0.03736	0.00534	0.00535	0.10305	0.01045	0.01426	0.26681	0.17423	0.19492	0.00805	0.00444	0.00129	0.00278	0.00694	0.01581	0.04669
6	0.05193	0.23399	0.09745	0.00880	0.02286	0.13702	0.05619	0.11075	0.02003	0.09874	0.00777	0.00847	0.00598	0.00391	0.00354	0.00104	0.02046	0.00289	0.00251	0.10567
7	0.00689	0.00344	0.00517	0.00517	0.00517	0.00344	0.00344	0.00517	0.00517	0.00689	0.00689	0.01205	0.00689	0.01377	0.01550	0.88464	0.00344	0.00344	0.00172	0.00172
8	0.00498	0.00367	0.00487	0.00566	0.00592	0.00357	0.00385	0.00568	0.00758	0.01012	0.02186	0.79570	0.05429	0.01212	0.00536	0.00161	0.03542	0.01086	0.00360	0.00327
9	0.01106	0.70197	0.07798	0.00736	0.01082	0.07337	0.00736	0.01256	0.00846	0.04958	0.00616	0.00690	0.00531	0.00354	0.00277	0.00091	0.00452	0.00230	0.00187	0.00519
10	0.02323	0.02458	0.16945	0.05715	0.25294	0.12957	0.07859	0.10372	0.01009	0.02915	0.00763	0.00937	0.00599	0.00490	0.03676	0.00139	0.02178	0.00334	0.00221	0.02817
11	0.00577	0.00403	0.00513	0.00557	0.00629	0.00373	0.00404	0.02066	0.00825	0.03342	0.03546	0.48506	0.15721	0.02544	0.00572	0.04636	0.00259	0.11343	0.00357	0.02825
12	0.01157	0.00774	0.00883	0.00741	0.00972	0.00825	0.00590	0.19571	0.30813	0.17482	0.19968	0.01673	0.01621	0.00577	0.00416	0.00127	0.00317	0.00479	0.00426	0.00590
13	0.02165	0.00460	0.00512	0.00531	0.00591	0.03952	0.00361	0.00703	0.00770	0.04983	0.06063	0.34089	0.11257	0.25788	0.04720	0.00238	0.00336	0.01829	0.00324	0.00329
14	0.01005	0.02504	0.03554	0.19079	0.15896	0.01957	0.05612	0.11008	0.00990	0.07277	0.00805	0.00964	0.00617	0.00369	0.00366	0.00104	0.00434	0.00322	0.00248	0.26889
15	0.01017	0.04560	0.01476	0.06173	0.37773	0.01995	0.13821	0.05348	0.03035	0.08613	0.03258	0.02573	0.03445	0.01876	0.00435	0.00127	0.00462	0.02151	0.01297	0.00566
16	0.04976	0.00393	0.00464	0.00509	0.00584	0.00365	0.00363	0.00619	0.00840	0.01136	0.11307	0.46795	0.25186	0.01080	0.00480	0.00148	0.00226	0.03823	0.00369	0.00338
17	0.02716	0.06317	0.43059	0.03952	0.06326	0.07637	0.05511	0.08109	0.03140	0.02559	0.01943	0.00994	0.00650	0.00500	0.03386	0.00140	0.00561	0.01727	0.00215	0.00558
18	0.03096	0.01028	0.11561	0.04830	0.35148	0.00892	0.15015	0.05622	0.04022	0.05679	0.06810	0.02726	0.00903	0.00425	0.00409	0.00124	0.00478	0.00409	0.00248	0.00576
19	0.02015	0.05151	0.09783	0.07245	0.04747	0.01553	0.11117	0.04628	0.06011	0.05164	0.07229	0.13085	0.12906	0.02196	0.00462	0.00138	0.00395	0.05404	0.00302	0.00469
20	0.02066	0.01126	0.06655	0.12631	0.06819	0.21895	0.06230	0.11197	0.01042	0.04402	0.05902	0.06075	0.02651	0.02678	0.03481	0.00148	0.03836	0.00417	0.00259	0.00490

[dist]
# distance from previous block
# <min> <max>
2	35

[block]
# block no. 9 follows, 68 sequences, length 25
# corresponding to MSA columns:
# 1094-1118
name=unknown_J
#
# <colnr> <probs for GDERKNQSTAVLIFYWHMCP>
#	G	D	E	R	K	N	Q	S	T	A	V	L	I	F	Y	W	H	M	C	P
0	0.03135	0.04813	0.02543	0.05735	0.06514	0.07592	0.00604	0.07151	0.08423	0.03543	0.02283	0.29544	0.01390	0.00884	0.03592	0.08380	0.00391	0.00607	0.00297	0.02578
1	0.07423	0.06175	0.05754	0.03813	0.10260	0.03807	0.02751	0.07138	0.05659	0.03896	0.00821	0.02258	0.00674	0.02601	0.00388	0.00103	0.01182	0.00309	0.00251	0.34738
2	0.03178	0.15726	0.06654	0.03767	0.10858	0.02984	0.09939	0.05405	0.04885	0.07069	0.05460	0.08555	0.07893	0.00529	0.00387	0.00118	0.00410	0.00459	0.00276	0.05449
3	0.30933	0.11225	0.01067	0.00824	0.05030	0.13776	0.02739	0.07101	0.00908	0.05406	0.03967	0.00861	0.00660	0.00422	0.00393	0.00115	0.07355	0.00285	0.00250	0.06683
4	0.03824	0.19599	0.06169	0.00871	0.04987	0.04967	0.03806	0.10689	0.22465	0.01424	0.03398	0.06559	0.02555	0.01772	0.00391	0.00120	0.00397	0.00405	0.00292	0.05309
5	0.00650	0.00497	0.00629	0.00584	0.00632	0.02025	0.02509	0.00724	0.00656	0.00933	0.03970	0.02005	0.01238	0.44353	0.18536	0.00362	0.09614	0.00493	0.07045	0.02547
6	0.00698	0.00556	0.00775	0.01996	0.09892	0.01657	0.02173	0.00873	0.04026	0.03616	0.17326	0.06679	0.06194	0.13872	0.20395	0.00289	0.06038	0.02253	0.00291	0.00400
7	0.00489	0.00353	0.00456	0.00533	0.00564	0.00328	0.00356	0.00559	0.00768	0.01016	0.04167	0.72886	0.08761	0.06023	0.00588	0.00171	0.00236	0.01064	0.00362	0.00320
8	0.00899	0.00910	0.00815	0.00768	0.02090	0.22805	0.00568	0.02657	0.09503	0.01053	0.03222	0.01640	0.07679	0.16026	0.19438	0.00284	0.08542	0.00440	0.00253	0.00408
9	0.00488	0.00395	0.00434	0.00448	0.00557	0.00341	0.00331	0.00597	0.00910	0.01133	0.14158	0.16891	0.57735	0.01019	0.00477	0.00138	0.00208	0.03025	0.00377	0.00339
10	0.00860	0.09312	0.65232	0.01119	0.01642	0.00984	0.07900	0.01261	0.00844	0.03567	0.00723	0.00854	0.00525	0.00383	0.00403	0.00124	0.03210	0.00305	0.00180	0.00573
11	0.00571	0.00422	0.00549	0.00574	0.00598	0.00451	0.00401	0.00635	0.00678	0.00923	0.01568	0.32331	0.01800	0.31902	0.11055	0.00300	0.07587	0.07058	0.00287	0.00309
12	0.00911	0.00689	0.00869	0.00752	0.08137	0.00553	0.00537	0.01091	0.00896	0.10255	0.09985	0.01131	0.00984	0.00378	0.00333	0.00078	0.00302	0.00317	0.00282	0.61522
13	0.00807	0.00809	0.01093	0.05332	0.01175	0.11847	0.19461	0.02756	0.03832	0.01213	0.15064	0.11485	0.09477	0.02886	0.07000	0.00178	0.02285	0.02581	0.00291	0.00428
14	0.00618	0.00449	0.00520	0.00512	0.00559	0.00467	0.00332	0.00784	0.10746	0.00932	0.01444	0.08101	0.04818	0.55221	0.11378	0.00353	0.00436	0.00587	0.00271	0.01471
15	0.00905	0.33755	0.39498	0.03655	0.01431	0.01147	0.05301	0.03393	0.00853	0.01148	0.00737	0.05141	0.00624	0.00408	0.00343	0.00112	0.00505	0.00318	0.00187	0.00538
16	0.00573	0.00389	0.00484	0.00515	0.00577	0.00360	0.00358	0.00660	0.00822	0.04859	0.12643	0.39730	0.15902	0.15731	0.00753	0.00190	0.00257	0.04503	0.00360	0.00335
17	0.00824	0.04620	0.00879	0.02296	0.00972	0.00579	0.00490	0.00998	0.00819	0.01264	0.00729	0.02615	0.00626	0.00318	0.00298	0.00064	0.00303	0.00255	0.00234	0.80817
18	0.00523	0.00406	0.00474	0.00464	0.00574	0.00360	0.00350	0.00666	0.01002	0.01317	0.41604	0.03416	0.40210	0.02596	0.00502	0.00137	0.00205	0.04445	0.00398	0.00353
19	0.00552	0.00403	0.00519	0.00494	0.00588	0.00370	0.00369	0.00730	0.01096	0.01537	0.75434	0.05505	0.09245	0.00837	0.00469	0.00126	0.00189	0.00738	0.00430	0.00370
20	0.00576	0.01699	0.00577	0.00556	0.00605	0.00464	0.00398	0.00666	0.00634	0.00886	0.03702	0.03090	0.01258	0.33651	0.48918	0.00513	0.00763	0.00496	0.00231	0.00314
21	0.03439	0.03611	0.01017	0.00817	0.01069	0.04849	0.00655	0.36940	0.27221	0.04707	0.02665	0.07940	0.02176	0.00560	0.00400	0.00126	0.00380	0.00448	0.00380	0.00601
22	0.01012	0.48490	0.30106	0.00867	0.01290	0.01289	0.02576	0.05830	0.00888	0.03445	0.00662	0.00751	0.00531	0.00364	0.00313	0.00103	0.00483	0.00258	0.00191	0.00550
23	0.00875	0.00733	0.02021	0.07738	0.13865	0.01748	0.00689	0.13471	0.06600	0.03806	0.14579	0.01862	0.14503	0.03177	0.05431	0.00164	0.05786	0.00503	0.00315	0.02133
24	0.00914	0.01065	0.18241	0.01196	0.19127	0.03083	0.02124	0.08351	0.14371	0.03066	0.06806	0.05171	0.03908	0.00646	0.04274	0.00151	0.01464	0.03347	0.00285	0.02411

[dist]
# distance from previous block
# <min> <max>
4	9

[block]
# block no. 10 follows, 68 sequences, length 8
# corresponding to MSA columns:
# 1128-1135
name=unknown_K
#
# <colnr> <probs for GDERKNQSTAVLIFYWHMCP>
#	G	D	E	R	K	N	Q	S	T	A	V	L	I	F	Y	W	H	M	C	P
0	0.01070	0.04656	0.07496	0.02800	0.01205	0.15019	0.07135	0.11171	0.25984	0.03831	0.01315	0.04106	0.06141	0.00525	0.00398	0.00123	0.00446	0.02441	0.00312	0.03826
1	0.00720	0.00582	0.03517	0.00609	0.00757	0.02697	0.02188	0.03426	0.04310	0.07000	0.10689	0.19726	0.18873	0.07916	0.06499	0.00189	0.00352	0.03678	0.00342	0.05931
2	0.00921	0.00842	0.05821	0.00950	0.08469	0.02830	0.06892	0.03580	0.05018	0.08252	0.03584	0.04360	0.05657	0.05814	0.00615	0.00133	0.12636	0.00415	0.00269	0.22943
3	0.01104	0.01070	0.03121	0.05303	0.06620	0.21561	0.02451	0.05961	0.10029	0.07590	0.03718	0.01077	0.00808	0.02586	0.02227	0.00120	0.00467	0.00332	0.00273	0.23582
4	0.00848	0.00790	0.03935	0.03210	0.00924	0.09320	0.03205	0.12714	0.05714	0.01286	0.08377	0.07980	0.08802	0.17047	0.09597	0.00228	0.01728	0.00528	0.00296	0.03472
5	0.00893	0.07927	0.20878	0.00843	0.02818	0.06536	0.02825	0.05531	0.11373	0.04421	0.04666	0.06476	0.12710	0.00580	0.00398	0.00122	0.00410	0.03368	0.00289	0.06938
6	0.03159	0.14383	0.07697	0.05843	0.04129	0.04123	0.05338	0.08684	0.04620	0.05288	0.05761	0.09724	0.02064	0.04351	0.00480	0.00129	0.03078	0.01426	0.00273	0.09450
7	0.02090	0.00894	0.04503	0.07478	0.03536	0.08603	0.09301	0.11215	0.06132	0.02959	0.07067	0.10243	0.06066	0.00715	0.05080	0.00154	0.05459	0.00489	0.00287	0.07729

[dist]
# distance from previous block
# <min> <max>
7	66

[block]
# block no. 11 follows, 68 sequences, length 10
# corresponding to MSA columns:
# 1202-1211
name=unknown_L
#
# <colnr> <probs for GDERKNQSTAVLIFYWHMCP>
#	G	D	E	R	K	N	Q	S	T	A	V	L	I	F	Y	W	H	M	C	P
0	0.03261	0.03807	0.00849	0.07516	0.02481	0.09826	0.01718	0.02300	0.19117	0.04549	0.15896	0.08100	0.09967	0.02006	0.02680	0.00143	0.00370	0.01542	0.00333	0.03538
1	0.00782	0.00630	0.00833	0.03176	0.10546	0.05043	0.03445	0.00991	0.05621	0.06548	0.11765	0.23776	0.02793	0.01008	0.09362	0.00188	0.00417	0.07138	0.00322	0.05616
2	0.01020	0.01064	0.05674	0.01587	0.40838	0.14175	0.00934	0.05612	0.05645	0.02913	0.03422	0.02925	0.07292	0.02326	0.00430	0.00123	0.00462	0.00406	0.00250	0.02902
3	0.00584	0.09507	0.00632	0.00480	0.00587	0.00487	0.00358	0.00693	0.00887	0.01159	0.28598	0.09123	0.26248	0.18069	0.00761	0.00178	0.00259	0.00701	0.00343	0.00346
4	0.00585	0.00440	0.00626	0.00617	0.00669	0.00511	0.00463	0.00694	0.00623	0.00891	0.01072	0.01735	0.01059	0.20020	0.62971	0.00560	0.05463	0.00452	0.00216	0.00335
5	0.01040	0.77242	0.01986	0.00717	0.01020	0.01531	0.00698	0.01163	0.00785	0.00935	0.00548	0.00661	0.00510	0.00377	0.00365	0.00094	0.09431	0.00226	0.00170	0.00501
6	0.00860	0.00783	0.00831	0.00620	0.00947	0.07114	0.00489	0.01026	0.00843	0.01255	0.00758	0.04305	0.00665	0.00342	0.00307	0.00066	0.00324	0.00273	0.00238	0.77953
7	0.01004	0.56119	0.13368	0.07395	0.01258	0.01352	0.00819	0.03718	0.09546	0.01109	0.00711	0.00796	0.00589	0.00374	0.00303	0.00101	0.00444	0.00264	0.00201	0.00532
8	0.00826	0.00777	0.01515	0.01148	0.01388	0.00739	0.45029	0.01032	0.00821	0.04481	0.01071	0.01807	0.01008	0.26965	0.03800	0.00231	0.00559	0.06135	0.00237	0.00432
9	0.00798	0.04658	0.18355	0.00865	0.01087	0.02208	0.06696	0.04296	0.00787	0.03422	0.01037	0.01400	0.05201	0.10462	0.21904	0.00288	0.13963	0.00408	0.00221	0.01945

[dist]
# distance from previous block
# <min> <max>
0	56

[block]
# block no. 12 follows, 68 sequences, length 17
# corresponding to MSA columns:
# 1268-1284
name=unknown_M
#
# <colnr> <probs for GDERKNQSTAVLIFYWHMCP>
#	G	D	E	R	K	N	Q	S	T	A	V	L	I	F	Y	W	H	M	C	P
0	0.01009	0.01151	0.08345	0.12318	0.07209	0.24224	0.01857	0.07725	0.04868	0.01244	0.02674	0.07130	0.06484	0.00540	0.00397	0.00120	0.00489	0.04142	0.01395	0.06681
1	0.00860	0.08530	0.26617	0.00818	0.01120	0.04102	0.00829	0.07494	0.06377	0.03704	0.07860	0.10461	0.03254	0.04314	0.01465	0.00145	0.01242	0.06933	0.00282	0.03594
2	0.06357	0.59495	0.01749	0.00750	0.01057	0.16891	0.00685	0.07054	0.00933	0.01102	0.00591	0.00674	0.00516	0.00364	0.00283	0.00093	0.00472	0.00231	0.00197	0.00507
3	0.00768	0.00645	0.00763	0.00574	0.00873	0.00496	0.00451	0.00940	0.00857	0.01314	0.11471	0.06141	0.01115	0.00417	0.00329	0.00073	0.00276	0.00350	0.00269	0.71877
4	0.00494	0.00493	0.05044	0.00449	0.00605	0.00370	0.00371	0.00621	0.00917	0.01121	0.09837	0.03586	0.72808	0.00955	0.00463	0.00133	0.00221	0.00798	0.00362	0.00352
5	0.00816	0.05524	0.74729	0.01150	0.01712	0.00954	0.07199	0.01254	0.00843	0.01243	0.00711	0.00845	0.00510	0.00372	0.00378	0.00124	0.00585	0.00302	0.00170	0.00579
6	0.00850	0.01088	0.23550	0.14436	0.08332	0.00817	0.07444	0.08861	0.05502	0.03070	0.05957	0.11639	0.02313	0.00588	0.01465	0.00139	0.00466	0.02703	0.00265	0.00517
7	0.00981	0.00942	0.01609	0.02434	0.83592	0.00942	0.01217	0.01217	0.00903	0.01295	0.00746	0.00981	0.00628	0.00353	0.00393	0.00118	0.00471	0.00353	0.00196	0.00628
8	0.00610	0.00460	0.00606	0.00584	0.00610	0.00530	0.00413	0.00672	0.00603	0.00848	0.01089	0.01998	0.01161	0.44970	0.31967	0.00450	0.11411	0.00492	0.00222	0.00306
9	0.00829	0.00789	0.01287	0.56979	0.02258	0.00976	0.07599	0.05405	0.00825	0.01102	0.00689	0.01014	0.00541	0.00455	0.00583	0.00140	0.17518	0.00361	0.00190	0.00459
10	0.00881	0.00808	0.01268	0.39237	0.30619	0.00903	0.01036	0.05957	0.08156	0.01260	0.00993	0.01211	0.05104	0.00431	0.00400	0.00127	0.00466	0.00388	0.00227	0.00531
11	0.00482	0.00348	0.00457	0.00545	0.00573	0.00323	0.00365	0.00553	0.00766	0.01015	0.02269	0.82039	0.06336	0.01231	0.00504	0.00160	0.00229	0.01114	0.00368	0.00323
12	0.00883	0.01473	0.51415	0.00923	0.01353	0.00771	0.01076	0.05565	0.00949	0.10917	0.07125	0.06044	0.08728	0.00533	0.00403	0.00128	0.00464	0.00436	0.00267	0.00548
13	0.00759	0.00703	0.01110	0.70743	0.02412	0.00860	0.01001	0.01108	0.09918	0.01088	0.01001	0.01267	0.05502	0.00448	0.00401	0.00132	0.00485	0.00392	0.00213	0.00455
14	0.07855	0.01196	0.01025	0.00860	0.01113	0.26843	0.00684	0.27020	0.06182	0.15691	0.01067	0.01130	0.02879	0.00489	0.00395	0.00119	0.01880	0.02671	0.00337	0.00565
15	0.01002	0.00732	0.00908	0.00755	0.00936	0.00797	0.02951	0.16796	0.04782	0.13388	0.04396	0.01956	0.24742	0.00691	0.00621	0.00136	0.19116	0.01704	0.00343	0.03247
16	0.01154	0.03624	0.04858	0.11881	0.19482	0.27362	0.09860	0.01411	0.05880	0.07056	0.00802	0.00953	0.00624	0.00405	0.00413	0.00119	0.03017	0.00337	0.00228	0.00534

[dist]
# distance from previous block
# <min> <max>
0	4

[block]
# block no. 13 follows, 68 sequences, length 21
# corresponding to MSA columns:
# 1289-1309
name=unknown_N
#
# <colnr> <probs for GDERKNQSTAVLIFYWHMCP>
#	G	D	E	R	K	N	Q	S	T	A	V	L	I	F	Y	W	H	M	C	P
0	0.00585	0.00437	0.00549	0.00589	0.00641	0.00448	0.00418	0.01967	0.07588	0.01073	0.03258	0.48483	0.05659	0.12900	0.02200	0.01392	0.03368	0.07750	0.00342	0.00349
1	0.01058	0.68044	0.10068	0.00752	0.01101	0.06977	0.00760	0.01267	0.04974	0.01004	0.00625	0.00704	0.00544	0.00358	0.00281	0.00092	0.00454	0.00235	0.00183	0.00519
2	0.00991	0.00897	0.01519	0.13190	0.68817	0.00916	0.01170	0.01226	0.00900	0.05428	0.00782	0.01010	0.00633	0.00366	0.00393	0.00120	0.00472	0.00355	0.00208	0.00606
3	0.00937	0.26428	0.38292	0.00988	0.01400	0.02190	0.07412	0.01227	0.00828	0.05292	0.00715	0.00856	0.00560	0.00511	0.04270	0.00141	0.06922	0.00298	0.00190	0.00540
4	0.00681	0.00482	0.00600	0.04860	0.00772	0.00471	0.00446	0.09397	0.00986	0.05423	0.16267	0.39405	0.16753	0.00963	0.00470	0.00142	0.00260	0.00847	0.00379	0.00394
5	0.00952	0.00906	0.01539	0.05329	0.76447	0.00911	0.01170	0.01186	0.00910	0.01300	0.04944	0.01085	0.00783	0.00378	0.00396	0.00119	0.00459	0.00372	0.00208	0.00608
6	0.00822	0.00705	0.00822	0.00587	0.00940	0.00529	0.00470	0.00998	0.00822	0.01292	0.00705	0.00822	0.00587	0.00294	0.00294	0.00059	0.00294	0.00235	0.00235	0.88490
7	0.01203	0.31522	0.01414	0.00821	0.01100	0.17163	0.00695	0.16449	0.23137	0.01424	0.00923	0.00936	0.00728	0.00431	0.00340	0.00108	0.00452	0.00311	0.00281	0.00562
8	0.01075	0.00627	0.00776	0.00637	0.00884	0.00546	0.00498	0.03549	0.06791	0.27874	0.01482	0.20311	0.03584	0.00614	0.00391	0.00112	0.00296	0.00525	0.00368	0.29061
9	0.00975	0.00988	0.03482	0.11500	0.49134	0.02724	0.15425	0.05294	0.00936	0.01299	0.00749	0.00991	0.00605	0.00376	0.00441	0.00124	0.03802	0.00370	0.00203	0.00581
10	0.00815	0.01962	0.01002	0.02745	0.31982	0.00650	0.00759	0.01024	0.03640	0.06676	0.10841	0.13115	0.10541	0.00711	0.00444	0.00136	0.00350	0.11806	0.00313	0.00489
11	0.00768	0.00725	0.01225	0.78105	0.09585	0.00886	0.01111	0.01030	0.00802	0.01037	0.00708	0.01051	0.00537	0.00393	0.00396	0.00131	0.00524	0.00352	0.00178	0.00456
12	0.01075	0.60292	0.14477	0.00837	0.03845	0.07588	0.00823	0.03478	0.00873	0.02691	0.00618	0.00707	0.00526	0.00357	0.00292	0.00095	0.00471	0.00240	0.00185	0.00529
13	0.00771	0.04038	0.33448	0.00883	0.01200	0.05164	0.04845	0.01056	0.02556	0.03231	0.03499	0.07144	0.11248	0.00958	0.13432	0.00209	0.02990	0.02610	0.00242	0.00477
14	0.00481	0.00351	0.00454	0.00536	0.00571	0.00323	0.00361	0.00554	0.00775	0.01019	0.02385	0.76862	0.11438	0.01216	0.00502	0.00158	0.00227	0.01095	0.00368	0.00323
15	0.02504	0.01212	0.00971	0.00901	0.03172	0.39176	0.03347	0.05253	0.07264	0.05842	0.02236	0.12843	0.06373	0.00629	0.00452	0.02574	0.02104	0.02400	0.00284	0.00463
16	0.02596	0.00992	0.02646	0.17605	0.36772	0.08747	0.07405	0.04698	0.03565	0.06836	0.00809	0.01005	0.00631	0.00399	0.00427	0.00123	0.03597	0.00356	0.00228	0.00563
17	0.00535	0.00439	0.00460	0.00446	0.00581	0.00388	0.00336	0.05171	0.00968	0.01191	0.10361	0.07787	0.68005	0.00971	0.00466	0.00134	0.00214	0.00815	0.00375	0.00356
18	0.00493	0.00380	0.00453	0.00500	0.00578	0.00340	0.00361	0.00590	0.00850	0.01080	0.07073	0.40913	0.36549	0.01109	0.00492	0.00149	0.00226	0.07157	0.00371	0.00333
