[name]
unknown

[dist]
# distance from previous block
# <min> <max>
11	65

[block]
# block no. 0 follows, 66 sequences, length 20
# corresponding to MSA columns:
# 83-102
name=unknown_A
#
# <colnr> <probs for GDERKNQSTAVLIFYWHMCP>
#	G	D	E	R	K	N	Q	S	T	A	V	L	I	F	Y	W	H	M	C	P
0	0.04075	0.07857	0.01954	0.00954	0.11211	0.10433	0.02610	0.06627	0.07277	0.10335	0.08743	0.05842	0.07194	0.02698	0.04962	0.00154	0.00438	0.00461	0.00313	0.05863
1	0.01749	0.04776	0.00754	0.00708	0.05135	0.05693	0.00503	0.09672	0.03315	0.01319	0.11243	0.24898	0.21683	0.02673	0.01485	0.00148	0.00319	0.01973	0.00351	0.01601
2	0.02997	0.01017	0.07431	0.06884	0.33527	0.05316	0.02871	0.08858	0.07175	0.06097	0.03955	0.03387	0.02132	0.00451	0.00399	0.00121	0.00453	0.00396	0.00270	0.06265
3	0.09053	0.11009	0.05189	0.05311	0.14754	0.06197	0.08018	0.17623	0.09239	0.04227	0.02848	0.03089	0.00795	0.00448	0.00382	0.00122	0.00462	0.00373	0.00283	0.00577
4	0.03102	0.01868	0.04453	0.00596	0.00741	0.00502	0.01499	0.03647	0.03019	0.06758	0.15088	0.27897	0.25568	0.00931	0.00487	0.00142	0.02116	0.00802	0.00375	0.00410
5	0.01073	0.07083	0.01201	0.00843	0.01177	0.03603	0.09979	0.14605	0.13132	0.04780	0.00932	0.00996	0.00719	0.00388	0.00359	0.00097	0.00397	0.00326	0.00294	0.38016
6	0.01011	0.00942	0.06932	0.05305	0.01189	0.00977	0.00723	0.03737	0.66235	0.03952	0.01511	0.01427	0.01126	0.00526	0.00407	0.00135	0.00353	0.00437	0.02450	0.00625
7	0.00953	0.00813	0.01137	0.00945	0.01063	0.02175	0.07565	0.06824	0.03143	0.06365	0.06782	0.02469	0.00930	0.00766	0.05241	0.02132	0.41230	0.00411	0.04923	0.04132
8	0.00927	0.24999	0.40770	0.01049	0.01499	0.02915	0.11889	0.01246	0.00875	0.03176	0.02011	0.05376	0.00706	0.00426	0.00372	0.00119	0.00536	0.00354	0.00200	0.00553
9	0.00518	0.00453	0.04902	0.00595	0.00657	0.00368	0.00442	0.00618	0.00802	0.01075	0.04927	0.73707	0.04863	0.01198	0.00510	0.00161	0.00256	0.03232	0.00368	0.00347
10	0.00529	0.00384	0.00518	0.05038	0.00699	0.00378	0.00413	0.00607	0.00757	0.01008	0.02001	0.65059	0.02360	0.12506	0.02468	0.00205	0.00296	0.04103	0.00345	0.00327
11	0.03105	0.01011	0.05984	0.01280	0.04724	0.02297	0.37377	0.08296	0.11586	0.04996	0.03920	0.05960	0.02943	0.00500	0.00473	0.00136	0.02905	0.01670	0.00285	0.00553
12	0.04068	0.04494	0.06037	0.11516	0.23283	0.13549	0.09688	0.09515	0.04013	0.02328	0.00814	0.02812	0.00663	0.00444	0.00450	0.01359	0.03813	0.00366	0.00234	0.00553
13	0.00666	0.00446	0.00561	0.00594	0.00670	0.00431	0.00418	0.05225	0.04258	0.06682	0.04695	0.63158	0.06362	0.03116	0.00533	0.00162	0.00259	0.00990	0.00387	0.00387
14	0.73983	0.00828	0.00685	0.05233	0.00934	0.05155	0.01999	0.01191	0.00731	0.01703	0.00630	0.02269	0.00508	0.00398	0.00275	0.00125	0.00350	0.00255	0.02308	0.00440
15	0.00572	0.00407	0.00525	0.00533	0.00570	0.00429	0.00362	0.00639	0.00647	0.00884	0.01428	0.09791	0.05368	0.41931	0.33664	0.00461	0.00639	0.00594	0.00253	0.00303
16	0.00522	0.00417	0.00463	0.00454	0.00571	0.00367	0.00336	0.00664	0.02238	0.01258	0.28759	0.05612	0.51402	0.04476	0.00545	0.00145	0.00211	0.00808	0.00394	0.00355
17	0.01171	0.01023	0.01268	0.08326	0.26470	0.12758	0.02179	0.10640	0.07263	0.10569	0.00931	0.01082	0.00725	0.00630	0.06225	0.00163	0.07361	0.00367	0.00273	0.00576
18	0.04312	0.00929	0.01734	0.04579	0.08316	0.00948	0.41844	0.03106	0.00879	0.01264	0.00820	0.03043	0.00683	0.00664	0.08233	0.00183	0.11362	0.00432	0.00215	0.06456
19	0.01046	0.01876	0.01059	0.00797	0.01116	0.00826	0.06475	0.18599	0.14481	0.03823	0.02795	0.01103	0.01986	0.00419	0.00380	0.00098	0.01749	0.00346	0.00313	0.40712

[dist]
# distance from previous block
# <min> <max>
0	1

[block]
# block no. 1 follows, 66 sequences, length 29
# corresponding to MSA columns:
# 104-132
name=unknown_B
#
# <colnr> <probs for GDERKNQSTAVLIFYWHMCP>
#	G	D	E	R	K	N	Q	S	T	A	V	L	I	F	Y	W	H	M	C	P
0	0.01112	0.01112	0.01597	0.12637	0.18165	0.12804	0.22057	0.12114	0.01056	0.03310	0.00777	0.00992	0.00608	0.00427	0.00515	0.00131	0.09419	0.00379	0.00233	0.00554
1	0.01437	0.00921	0.01095	0.00839	0.01157	0.00931	0.03529	0.38804	0.06624	0.23982	0.03091	0.01151	0.00868	0.00471	0.00396	0.00115	0.00392	0.00377	0.00402	0.13415
2	0.88607	0.00785	0.00596	0.00534	0.00785	0.00910	0.00439	0.01193	0.00690	0.01820	0.00565	0.00659	0.00439	0.00377	0.00251	0.00126	0.00314	0.00220	0.00251	0.00439
3	0.00518	0.00385	0.00488	0.00551	0.00602	0.00365	0.00379	0.00633	0.03340	0.01076	0.05333	0.61764	0.14345	0.03024	0.04991	0.00189	0.00281	0.01023	0.00369	0.00343
4	0.00631	0.00459	0.00570	0.00548	0.00643	0.00455	0.00402	0.00872	0.08975	0.02798	0.43945	0.08238	0.07793	0.12996	0.07284	0.00211	0.00313	0.02092	0.00388	0.00386
5	0.01044	0.01153	0.01295	0.01102	0.01180	0.21212	0.06140	0.01153	0.00771	0.01001	0.00574	0.00864	0.00536	0.00616	0.01043	0.00157	0.59175	0.00341	0.00187	0.00457
6	0.00688	0.00381	0.00566	0.00566	0.00579	0.00399	0.00396	0.00576	0.00563	0.00764	0.00818	0.02669	0.00820	0.01604	0.12788	0.70116	0.02607	0.02694	0.00191	0.00216
7	0.03060	0.00447	0.00558	0.00613	0.00677	0.00445	0.00437	0.07241	0.02420	0.01208	0.02069	0.68388	0.02404	0.01157	0.00503	0.00161	0.00267	0.07198	0.00376	0.00371
8	0.00866	0.00765	0.00931	0.00825	0.10427	0.02315	0.00572	0.01052	0.00867	0.01325	0.03293	0.00926	0.00705	0.00326	0.00319	0.00070	0.00327	0.00270	0.00242	0.73578
9	0.00650	0.00455	0.00580	0.00614	0.00705	0.00431	0.00451	0.01973	0.05699	0.05139	0.04487	0.53471	0.05036	0.01074	0.00494	0.00155	0.00270	0.11706	0.00378	0.06233
10	0.85681	0.00796	0.00617	0.00547	0.00801	0.00922	0.00451	0.03904	0.00731	0.01845	0.00579	0.00670	0.00448	0.00380	0.00256	0.00125	0.00318	0.00225	0.00256	0.00448
11	0.00572	0.00472	0.02929	0.02515	0.02168	0.00437	0.01766	0.00701	0.03341	0.01082	0.03408	0.63492	0.02333	0.01146	0.00567	0.03277	0.02438	0.06645	0.00351	0.00360
12	0.00939	0.00852	0.05193	0.38351	0.11843	0.03789	0.00948	0.09090	0.03764	0.06806	0.01093	0.12326	0.02193	0.00544	0.00419	0.00134	0.00468	0.00474	0.00264	0.00511
13	0.00824	0.00654	0.00718	0.00648	0.00827	0.00687	0.00508	0.12725	0.25290	0.01615	0.20321	0.02575	0.23530	0.00760	0.00450	0.00135	0.00280	0.04952	0.02008	0.00492
14	0.00597	0.00487	0.00747	0.03331	0.00864	0.00468	0.09789	0.03088	0.00862	0.01142	0.04978	0.55316	0.09282	0.01113	0.02486	0.00168	0.00325	0.04232	0.00350	0.00375
15	0.01111	0.07743	0.06176	0.28025	0.06638	0.30981	0.05622	0.02614	0.03492	0.01105	0.00713	0.00913	0.00565	0.00410	0.00402	0.00120	0.02349	0.00320	0.00203	0.00498
16	0.01122	0.01183	0.01504	0.05866	0.59071	0.20472	0.01124	0.02561	0.00987	0.01253	0.00733	0.00943	0.00611	0.00379	0.00393	0.00117	0.00543	0.00338	0.00205	0.00594
17	0.00513	0.00399	0.00463	0.00479	0.00575	0.00353	0.00348	0.00629	0.00936	0.01206	0.22884	0.22437	0.41100	0.03487	0.00536	0.00150	0.00218	0.02551	0.00390	0.00347
18	0.01103	0.04092	0.23531	0.01249	0.11002	0.07170	0.10714	0.20108	0.11653	0.01606	0.00947	0.01103	0.00727	0.00444	0.00406	0.00127	0.00523	0.02615	0.00273	0.00606
19	0.12856	0.08593	0.04677	0.04439	0.11031	0.17461	0.06988	0.10728	0.06987	0.08160	0.00878	0.02673	0.00688	0.00438	0.00385	0.00121	0.01726	0.00344	0.00272	0.00554
20	0.00532	0.00411	0.00458	0.00458	0.00576	0.00355	0.00339	0.00650	0.00957	0.03153	0.19776	0.13909	0.54980	0.01006	0.00482	0.00138	0.00210	0.00858	0.00394	0.00357
21	0.00499	0.00409	0.00440	0.00439	0.00562	0.00350	0.00327	0.00617	0.00960	0.01196	0.19386	0.08217	0.63187	0.01002	0.00481	0.00137	0.00204	0.00849	0.00390	0.00350
22	0.02092	0.08236	0.01323	0.41192	0.07535	0.03740	0.01000	0.01068	0.00769	0.01040	0.00645	0.00960	0.00541	0.00495	0.00685	0.00142	0.27545	0.00341	0.00182	0.00468
23	0.01032	0.04963	0.06281	0.15882	0.30061	0.09258	0.04345	0.04542	0.09137	0.03089	0.00841	0.01029	0.00668	0.00461	0.01670	0.00134	0.05452	0.00358	0.00230	0.00568
24	0.02502	0.01045	0.13971	0.40643	0.06838	0.05065	0.01095	0.01132	0.00808	0.03412	0.00701	0.00983	0.00551	0.00469	0.00600	0.00141	0.19020	0.00344	0.00191	0.00491
25	0.00723	0.00530	0.00696	0.00765	0.00845	0.00525	0.00618	0.00842	0.00934	0.01237	0.02202	0.22254	0.04936	0.04419	0.00680	0.00205	0.04167	0.52615	0.00392	0.00414
26	0.01080	0.26806	0.10062	0.06651	0.07152	0.12923	0.12276	0.05585	0.02919	0.03027	0.05083	0.00985	0.00756	0.00416	0.00392	0.00115	0.02676	0.00337	0.00225	0.00536
27	0.04082	0.07293	0.34129	0.04939	0.10756	0.05598	0.06545	0.07446	0.03427	0.03752	0.00962	0.01079	0.04980	0.00439	0.00414	0.00126	0.02882	0.00355	0.00228	0.00569
28	0.05144	0.10762	0.05325	0.00791	0.05317	0.07539	0.01417	0.07531	0.03566	0.15142	0.04357	0.04034	0.16887	0.00682	0.03406	0.00140	0.01243	0.00473	0.05734	0.00510

[dist]
# distance from previous block
# <min> <max>
2	50

[block]
# block no. 2 follows, 66 sequences, length 22
# corresponding to MSA columns:
# 183-204
name=unknown_C
#
# <colnr> <probs for GDERKNQSTAVLIFYWHMCP>
#	G	D	E	R	K	N	Q	S	T	A	V	L	I	F	Y	W	H	M	C	P
0	0.00829	0.02907	0.35833	0.01087	0.04377	0.00860	0.12225	0.06074	0.02819	0.01327	0.05820	0.06237	0.06864	0.02484	0.02202	0.00151	0.04677	0.02451	0.00247	0.00527
1	0.00834	0.01889	0.69075	0.01313	0.10617	0.00934	0.05082	0.01264	0.00867	0.01284	0.00771	0.02868	0.00583	0.00402	0.00395	0.00129	0.00582	0.00335	0.00181	0.00596
2	0.00557	0.00398	0.00509	0.00524	0.00598	0.00370	0.00381	0.00700	0.00985	0.01366	0.44584	0.26318	0.08622	0.04302	0.00549	0.00151	0.00222	0.04920	0.03588	0.00359
3	0.04750	0.01281	0.18517	0.01051	0.05845	0.04846	0.03842	0.39402	0.01404	0.12256	0.00973	0.02332	0.00702	0.00461	0.00398	0.00124	0.00481	0.00363	0.00335	0.00638
4	0.00494	0.00353	0.00471	0.00565	0.00588	0.00330	0.00377	0.00565	0.00777	0.01036	0.02236	0.85477	0.02683	0.01271	0.00518	0.00165	0.00235	0.01153	0.00377	0.00330
5	0.01535	0.01091	0.01182	0.00913	0.01232	0.01198	0.00752	0.72034	0.05980	0.08331	0.01054	0.01031	0.00741	0.00491	0.00406	0.00123	0.00433	0.00373	0.00413	0.00688
6	0.01133	0.00801	0.01017	0.00844	0.01073	0.00836	0.07708	0.27532	0.14004	0.12429	0.05261	0.22674	0.01461	0.00701	0.00445	0.00137	0.00369	0.00613	0.00396	0.00564
7	0.00589	0.00434	0.00533	0.00577	0.00647	0.00417	0.00407	0.07704	0.00909	0.01194	0.04093	0.62262	0.14621	0.01153	0.00502	0.00157	0.00252	0.02803	0.00381	0.00365
8	0.01542	0.01136	0.01218	0.00933	0.01258	0.01258	0.00771	0.81858	0.01908	0.02557	0.00974	0.00974	0.00690	0.00487	0.00406	0.00122	0.00446	0.00365	0.00406	0.00690
9	0.03721	0.00895	0.02876	0.00830	0.01088	0.02144	0.02883	0.18451	0.01023	0.03334	0.00766	0.00927	0.00625	0.00571	0.04411	0.00135	0.19646	0.00313	0.00264	0.35097
10	0.01111	0.00956	0.03750	0.12648	0.37059	0.03680	0.03605	0.10785	0.04024	0.10587	0.05430	0.01170	0.00861	0.00439	0.00427	0.00125	0.02075	0.00390	0.00276	0.00600
11	0.01307	0.10285	0.10920	0.03184	0.04466	0.05762	0.02767	0.30025	0.04387	0.15068	0.01078	0.02968	0.02391	0.01710	0.00430	0.00126	0.01805	0.00379	0.00332	0.00610
12	0.03351	0.00446	0.00540	0.02815	0.00693	0.02065	0.00420	0.03986	0.00855	0.01155	0.06204	0.67351	0.06327	0.01137	0.00495	0.00157	0.00261	0.01017	0.00369	0.00357
13	0.00705	0.00352	0.00529	0.00529	0.00529	0.00352	0.00352	0.00529	0.00529	0.00705	0.00705	0.01233	0.00705	0.01409	0.01586	0.88196	0.00352	0.00352	0.00176	0.00176
14	0.00886	0.05315	0.37209	0.02930	0.13549	0.01956	0.15258	0.02947	0.02801	0.02277	0.02601	0.05111	0.03376	0.00461	0.00413	0.00129	0.00537	0.01459	0.00221	0.00565
15	0.00997	0.02104	0.04649	0.09165	0.42917	0.01794	0.09446	0.04684	0.07756	0.04290	0.00978	0.04979	0.01821	0.00448	0.00433	0.00128	0.02151	0.00421	0.00245	0.00592
16	0.01010	0.00860	0.00911	0.00819	0.01043	0.00989	0.00636	0.05647	0.75172	0.01706	0.01648	0.05296	0.01279	0.00580	0.00417	0.00138	0.00323	0.00486	0.00411	0.00630
17	0.49502	0.06312	0.02687	0.00807	0.04488	0.20512	0.00632	0.01280	0.00814	0.01467	0.00589	0.00715	0.00482	0.00413	0.00383	0.00123	0.07856	0.00249	0.00226	0.00464
18	0.00766	0.00721	0.01217	0.84767	0.02794	0.00901	0.01127	0.01037	0.00811	0.01037	0.00721	0.01082	0.00541	0.00406	0.00406	0.00135	0.00541	0.00361	0.00180	0.00451
19	0.00687	0.00362	0.00534	0.00534	0.00540	0.00368	0.00359	0.00549	0.00543	0.00730	0.00773	0.01351	0.00779	0.06676	0.08851	0.75188	0.00419	0.00374	0.00184	0.00197
20	0.09705	0.13880	0.09157	0.00963	0.05641	0.20060	0.04228	0.09370	0.02734	0.06267	0.00805	0.00890	0.01636	0.00406	0.00364	0.00108	0.01824	0.00299	0.00250	0.11413
21	0.11528	0.01549	0.01167	0.01044	0.04030	0.53778	0.06311	0.04491	0.02915	0.08425	0.00759	0.00841	0.00588	0.00419	0.00368	0.00113	0.00618	0.00296	0.00251	0.00509

[dist]
# distance from previous block
# <min> <max>
0	2

[block]
# block no. 3 follows, 66 sequences, length 6
# corresponding to MSA columns:
# 207-212
name=unknown_D
#
# <colnr> <probs for GDERKNQSTAVLIFYWHMCP>
#	G	D	E	R	K	N	Q	S	T	A	V	L	I	F	Y	W	H	M	C	P
0	0.05046	0.17540	0.07101	0.02428	0.04097	0.16887	0.00751	0.07034	0.09986	0.04456	0.00888	0.05212	0.00752	0.00468	0.00411	0.00113	0.05498	0.00342	0.00259	0.10732
1	0.00838	0.09741	0.76213	0.01114	0.01691	0.01003	0.01426	0.01278	0.00854	0.01255	0.00713	0.00838	0.00515	0.00382	0.00374	0.00125	0.00584	0.00292	0.00172	0.00592
2	0.00522	0.00385	0.00484	0.00540	0.00600	0.00355	0.00385	0.00621	0.00857	0.01124	0.12352	0.47225	0.18506	0.05464	0.00589	0.00169	0.00246	0.08860	0.00378	0.00339
3	0.00588	0.00401	0.00480	0.00480	0.00492	0.00414	0.00292	0.00614	0.00601	0.00814	0.01244	0.02467	0.01393	0.71083	0.16612	0.00439	0.00516	0.00562	0.00241	0.00266
4	0.00970	0.00926	0.01538	0.13548	0.57999	0.00964	0.05318	0.01330	0.10812	0.01330	0.00868	0.01081	0.00700	0.00389	0.00408	0.00125	0.00481	0.00379	0.00224	0.00611
5	0.00517	0.00376	0.00497	0.00563	0.00606	0.00362	0.00392	0.00606	0.00788	0.01051	0.05817	0.58581	0.08764	0.05109	0.10734	0.00231	0.00346	0.03970	0.00355	0.00335

[dist]
# distance from previous block
# <min> <max>
1	20

[block]
# block no. 4 follows, 66 sequences, length 18
# corresponding to MSA columns:
# 233-250
name=unknown_E
#
# <colnr> <probs for GDERKNQSTAVLIFYWHMCP>
#	G	D	E	R	K	N	Q	S	T	A	V	L	I	F	Y	W	H	M	C	P
0	0.02974	0.32600	0.26615	0.01012	0.05378	0.05817	0.06723	0.04429	0.00909	0.02490	0.00801	0.07037	0.00703	0.00440	0.00354	0.00114	0.00503	0.00348	0.00210	0.00543
1	0.00602	0.00447	0.00619	0.06771	0.00779	0.00500	0.00459	0.00722	0.02206	0.00911	0.01175	0.04631	0.01200	0.32013	0.44634	0.00497	0.00759	0.00508	0.00234	0.00332
2	0.00671	0.00373	0.00405	0.00431	0.00508	0.00363	0.00310	0.00824	0.00834	0.01362	0.01710	0.24525	0.05535	0.00718	0.00357	0.00116	0.00203	0.00613	0.59779	0.00363
3	0.00498	0.00356	0.00474	0.00563	0.00589	0.00332	0.00377	0.00574	0.00793	0.01061	0.05720	0.81920	0.02733	0.01252	0.00516	0.00163	0.00233	0.01135	0.00380	0.00332
4	0.01210	0.00803	0.00896	0.00750	0.00975	0.07741	0.02427	0.10431	0.16467	0.25284	0.26390	0.01805	0.01829	0.00599	0.00428	0.00126	0.00345	0.00502	0.00426	0.00565
5	0.03476	0.00714	0.00862	0.00632	0.00977	0.00566	0.00511	0.01287	0.00924	0.23720	0.00956	0.00983	0.00706	0.00357	0.00328	0.00080	0.00313	0.00285	0.00312	0.62008
6	0.01009	0.00872	0.00917	0.00826	0.01055	0.01009	0.00642	0.02156	0.82478	0.01697	0.01651	0.01514	0.01238	0.00550	0.00413	0.00138	0.00321	0.00459	0.00413	0.00642
7	0.00983	0.00477	0.00552	0.00495	0.00628	0.00482	0.00389	0.01158	0.00899	0.18219	0.01326	0.01443	0.00998	0.00495	0.00380	0.00107	0.06004	0.00383	0.64138	0.00446
8	0.00814	0.02099	0.83640	0.01156	0.01756	0.00942	0.01499	0.01285	0.00857	0.01285	0.00728	0.00857	0.00514	0.00385	0.00385	0.00128	0.00600	0.00300	0.00171	0.00600
9	0.00814	0.02099	0.83640	0.01156	0.01756	0.00942	0.01499	0.01285	0.00857	0.01285	0.00728	0.00857	0.00514	0.00385	0.00385	0.00128	0.00600	0.00300	0.00171	0.00600
10	0.00943	0.25582	0.54684	0.01010	0.01519	0.01152	0.01219	0.07197	0.00925	0.01286	0.00700	0.00807	0.00529	0.00382	0.00352	0.00116	0.00542	0.00281	0.00189	0.00584
11	0.00520	0.00429	0.00449	0.00443	0.00577	0.00372	0.00336	0.02437	0.00958	0.01168	0.10135	0.03767	0.70255	0.02836	0.00515	0.00143	0.00220	0.03708	0.00380	0.00353
12	0.01003	0.00856	0.00907	0.00813	0.01039	0.00985	0.00633	0.04326	0.76201	0.01718	0.05647	0.01573	0.01351	0.00562	0.00416	0.00137	0.00318	0.00470	0.00414	0.00631
13	0.01176	0.06101	0.11282	0.03954	0.04209	0.16326	0.16551	0.09917	0.07258	0.09461	0.00897	0.01025	0.00679	0.00502	0.00511	0.07058	0.01927	0.00362	0.00263	0.00543
14	0.00522	0.00388	0.00517	0.00575	0.00618	0.00386	0.00403	0.00610	0.00772	0.01038	0.04738	0.58125	0.09073	0.03200	0.14647	0.00248	0.02493	0.00963	0.00344	0.00339
15	0.00658	0.00444	0.00574	0.00586	0.00690	0.00417	0.00466	0.00814	0.00988	0.06041	0.30286	0.06813	0.14252	0.07207	0.00621	0.00170	0.00281	0.27915	0.00397	0.00379
16	0.11008	0.01015	0.01362	0.09889	0.38764	0.08543	0.04598	0.10664	0.04232	0.03528	0.00829	0.01035	0.00663	0.00410	0.00389	0.00124	0.00485	0.01632	0.00248	0.00583
17	0.06843	0.05841	0.06694	0.03783	0.07981	0.20976	0.11060	0.18567	0.02261	0.04683	0.00846	0.03754	0.00678	0.00444	0.00398	0.00119	0.01531	0.00359	0.00268	0.02915

[dist]
# distance from previous block
# <min> <max>
0	1

[block]
# block no. 5 follows, 66 sequences, length 95
# corresponding to MSA columns:
# 252-256,258-347
name=unknown_F
#
# <colnr> <probs for GDERKNQSTAVLIFYWHMCP>
#	G	D	E	R	K	N	Q	S	T	A	V	L	I	F	Y	W	H	M	C	P
0	0.01987	0.00721	0.02100	0.00783	0.00908	0.07845	0.05234	0.03310	0.01917	0.07390	0.01056	0.03546	0.00960	0.10211	0.36697	0.00384	0.10552	0.00436	0.03540	0.00423
1	0.04508	0.00502	0.00569	0.00561	0.00684	0.02985	0.01559	0.01958	0.00949	0.06381	0.15375	0.23093	0.28656	0.00952	0.00472	0.00143	0.00264	0.07435	0.02567	0.00387
2	0.02744	0.10512	0.07391	0.03326	0.14542	0.08588	0.07250	0.13157	0.16162	0.05739	0.03575	0.02279	0.02025	0.00463	0.00393	0.00122	0.00464	0.00389	0.00294	0.00587
3	0.08761	0.01132	0.01150	0.00901	0.01210	0.04924	0.00739	0.68195	0.05174	0.02389	0.00953	0.00960	0.00685	0.00477	0.00391	0.00122	0.00443	0.00352	0.00384	0.00657
4	0.00669	0.00576	0.00715	0.00700	0.00781	0.07489	0.00544	0.00808	0.00692	0.00947	0.01028	0.01497	0.00956	0.02740	0.74168	0.00589	0.04095	0.00417	0.00215	0.00374
5	0.01046	0.00975	0.01606	0.03395	0.75383	0.00988	0.01204	0.07949	0.01004	0.01424	0.00780	0.01003	0.00645	0.00372	0.00402	0.00121	0.00480	0.00362	0.00218	0.00644
6	0.01176	0.42095	0.03352	0.01049	0.07536	0.18829	0.09287	0.05100	0.00963	0.02529	0.00658	0.00783	0.00557	0.00388	0.00375	0.00105	0.04199	0.00283	0.00203	0.00531
7	0.00535	0.00380	0.00509	0.00598	0.00635	0.00363	0.00430	0.00627	0.00800	0.01060	0.02161	0.62910	0.02537	0.06152	0.00617	0.00183	0.00275	0.18524	0.00368	0.00334
8	0.00841	0.00721	0.00841	0.00601	0.00961	0.00541	0.00481	0.01022	0.00841	0.01322	0.00721	0.00841	0.00601	0.00300	0.00300	0.00060	0.00300	0.00240	0.00240	0.88222
9	0.00638	0.00475	0.00619	0.00710	0.07501	0.00455	0.00464	0.03028	0.03715	0.03123	0.16178	0.38248	0.14779	0.03831	0.00534	0.00154	0.00262	0.02508	0.02382	0.00395
10	0.02925	0.00521	0.00619	0.03119	0.03096	0.00529	0.00471	0.00978	0.17115	0.02235	0.08076	0.31998	0.21598	0.00941	0.00469	0.00146	0.00265	0.03098	0.01380	0.00420
11	0.02365	0.00484	0.00613	0.00579	0.00690	0.00482	0.00436	0.00963	0.07570	0.09125	0.36104	0.06747	0.03675	0.12381	0.11725	0.00238	0.00375	0.04659	0.00380	0.00409
12	0.00586	0.00443	0.00660	0.00657	0.00726	0.00519	0.00510	0.00727	0.00650	0.00940	0.01079	0.01597	0.01012	0.04314	0.81263	0.00639	0.02663	0.00436	0.00217	0.00362
13	0.00958	0.01094	0.02394	0.01710	0.02120	0.01026	0.81737	0.01300	0.00958	0.01300	0.00821	0.01094	0.00616	0.00342	0.00479	0.00137	0.00684	0.00479	0.00205	0.00547
14	0.00557	0.00463	0.00495	0.00491	0.00628	0.00425	0.00376	0.00785	0.09598	0.01220	0.11540	0.05125	0.59488	0.00968	0.00479	0.00140	0.00228	0.06226	0.00387	0.00380
15	0.17565	0.01069	0.00974	0.00893	0.04634	0.14686	0.00672	0.14061	0.35418	0.04242	0.01136	0.01116	0.00854	0.00477	0.00373	0.00126	0.00414	0.00361	0.00342	0.00585
16	0.00857	0.00928	0.08673	0.46224	0.19399	0.02276	0.01097	0.01195	0.06952	0.01189	0.00799	0.01054	0.00616	0.00398	0.00395	0.00126	0.00503	0.00352	0.00206	0.06759
17	0.01004	0.00964	0.01647	0.02490	0.83211	0.00964	0.01245	0.01245	0.00924	0.01325	0.00763	0.01004	0.00643	0.00361	0.00402	0.00120	0.00482	0.00361	0.00201	0.00643
18	0.00578	0.00420	0.00575	0.00575	0.00632	0.00460	0.00419	0.00672	0.00655	0.00908	0.01376	0.02047	0.07947	0.23974	0.53714	0.03166	0.00814	0.00507	0.00237	0.00325
19	0.00766	0.00721	0.01217	0.84767	0.02794	0.00901	0.01127	0.01037	0.00811	0.01037	0.00721	0.01082	0.00541	0.00406	0.00406	0.00135	0.00541	0.00361	0.00180	0.00451
20	0.01152	0.56152	0.01744	0.00816	0.03514	0.20352	0.00703	0.01275	0.00890	0.02168	0.00650	0.00813	0.00592	0.04249	0.03334	0.00126	0.00523	0.00258	0.00192	0.00497
21	0.00814	0.02099	0.83640	0.01156	0.01756	0.00942	0.01499	0.01285	0.00857	0.01285	0.00728	0.00857	0.00514	0.00385	0.00385	0.00128	0.00600	0.00300	0.00171	0.00600
22	0.00857	0.00795	0.01314	0.06831	0.57087	0.00797	0.01009	0.01058	0.00888	0.01237	0.01254	0.17974	0.05989	0.00585	0.00430	0.00131	0.00420	0.00549	0.00245	0.00551
23	0.00766	0.00721	0.01217	0.84767	0.02794	0.00901	0.01127	0.01037	0.00811	0.01037	0.00721	0.01082	0.00541	0.00406	0.00406	0.00135	0.00541	0.00361	0.00180	0.00451
24	0.00915	0.00746	0.00868	0.00626	0.00982	0.00588	0.00503	0.06148	0.00918	0.03862	0.00763	0.00866	0.00619	0.00318	0.00310	0.00066	0.00311	0.00253	0.00259	0.80079
25	0.00766	0.00721	0.01217	0.84767	0.02794	0.00901	0.01127	0.01037	0.00811	0.01037	0.00721	0.01082	0.00541	0.00406	0.00406	0.00135	0.00541	0.00361	0.00180	0.00451
26	0.61738	0.00824	0.00703	0.00605	0.00848	0.03152	0.00487	0.11871	0.00886	0.07145	0.00748	0.00916	0.00598	0.07502	0.00436	0.00147	0.00351	0.00283	0.00286	0.00474
27	0.88607	0.00785	0.00596	0.00534	0.00785	0.00910	0.00439	0.01193	0.00690	0.01820	0.00565	0.00659	0.00439	0.00377	0.00251	0.00126	0.00314	0.00220	0.00251	0.00439
28	0.00518	0.00373	0.00486	0.00568	0.00603	0.00352	0.00383	0.02452	0.00808	0.01073	0.02275	0.80545	0.05564	0.01244	0.00514	0.00163	0.00239	0.01124	0.00377	0.00338
29	0.00498	0.00358	0.00473	0.00558	0.00588	0.00333	0.00375	0.00576	0.00801	0.01070	0.06679	0.78643	0.05064	0.01240	0.00515	0.00162	0.00232	0.01122	0.00380	0.00333
30	0.00766	0.00721	0.01217	0.84767	0.02794	0.00901	0.01127	0.01037	0.00811	0.01037	0.00721	0.01082	0.00541	0.00406	0.00406	0.00135	0.00541	0.00361	0.00180	0.00451
31	0.68285	0.00813	0.00693	0.00603	0.00860	0.00927	0.00493	0.06773	0.09824	0.06369	0.00770	0.00814	0.00576	0.00410	0.00288	0.00127	0.00325	0.00266	0.00293	0.00493
32	0.00806	0.00761	0.01288	0.71148	0.16105	0.00912	0.01146	0.01071	0.00830	0.01084	0.00728	0.01069	0.00558	0.00398	0.00405	0.00133	0.00531	0.00361	0.00184	0.00482
33	0.00814	0.02099	0.83640	0.01156	0.01756	0.00942	0.01499	0.01285	0.00857	0.01285	0.00728	0.00857	0.00514	0.00385	0.00385	0.00128	0.00600	0.00300	0.00171	0.00600
34	0.00590	0.00393	0.00442	0.00442	0.00442	0.00393	0.00246	0.00590	0.00590	0.00787	0.01278	0.02655	0.01475	0.85742	0.02065	0.00393	0.00393	0.00590	0.00246	0.00246
35	0.00509	0.00381	0.00481	0.00532	0.00595	0.00353	0.00375	0.00608	0.00848	0.01115	0.12150	0.50280	0.20838	0.01285	0.06338	0.00188	0.00285	0.02124	0.00374	0.00342
36	0.00654	0.00467	0.00654	0.00747	0.00841	0.00467	0.00654	0.00841	0.00934	0.01214	0.02148	0.04576	0.02335	0.01121	0.00560	0.00187	0.00374	0.80480	0.00374	0.00374
37	0.01017	0.01005	0.01528	0.02238	0.70382	0.07841	0.01156	0.01239	0.00939	0.01285	0.00855	0.03439	0.00765	0.00426	0.00409	0.00123	0.00491	0.04038	0.00214	0.00608
38	0.01085	0.85986	0.02126	0.00694	0.01041	0.01605	0.00694	0.01215	0.00824	0.00955	0.00564	0.00651	0.00521	0.00347	0.00260	0.00087	0.00434	0.00217	0.00174	0.00521
39	0.07964	0.00671	0.00870	0.00680	0.00971	0.00601	0.00559	0.01835	0.01102	0.70807	0.01503	0.01340	0.00967	0.00491	0.00386	0.00123	0.00330	0.00392	0.07762	0.00646
40	0.00580	0.00435	0.00652	0.00652	0.00724	0.00507	0.00507	0.00724	0.00652	0.00942	0.01087	0.01594	0.01014	0.03043	0.84134	0.00652	0.01087	0.00435	0.00217	0.00362
41	0.01516	0.01124	0.01203	0.00928	0.01248	0.01246	0.00765	0.77979	0.05829	0.02515	0.01007	0.01000	0.00717	0.00490	0.00406	0.00123	0.00440	0.00370	0.00406	0.00688
42	0.00590	0.00393	0.00442	0.00442	0.00442	0.00393	0.00246	0.00590	0.00590	0.00787	0.01278	0.02655	0.01475	0.85742	0.02065	0.00393	0.00393	0.00590	0.00246	0.00246
43	0.01158	0.47540	0.01658	0.00786	0.01039	0.01311	0.00717	0.03145	0.00867	0.14752	0.02978	0.00900	0.00698	0.00474	0.00545	0.00116	0.20245	0.00299	0.00242	0.00531
44	0.01041	0.03238	0.03232	0.02331	0.10121	0.06553	0.02896	0.17497	0.03076	0.10158	0.10353	0.16666	0.08079	0.00681	0.00432	0.00130	0.00379	0.00583	0.02033	0.00521
45	0.02564	0.25876	0.01378	0.00851	0.01132	0.17577	0.00711	0.19843	0.23255	0.01540	0.00964	0.00974	0.00753	0.00448	0.00355	0.00113	0.00463	0.00325	0.00299	0.00581
46	0.00996	0.01385	0.33497	0.01355	0.19827	0.00937	0.04656	0.10673	0.05519	0.04503	0.00853	0.00978	0.00642	0.00436	0.01529	0.00128	0.01961	0.00339	0.00240	0.09546
47	0.02230	0.06602	0.35052	0.02373	0.11059	0.02420	0.07830	0.09708	0.06925	0.10564	0.00915	0.00997	0.00662	0.00413	0.00392	0.00125	0.00516	0.00346	0.00258	0.00612
48	0.05484	0.37004	0.19144	0.00949	0.03604	0.08999	0.04708	0.10049	0.00985	0.03087	0.00689	0.00789	0.00553	0.00389	0.00349	0.00109	0.02062	0.00278	0.00215	0.00554
49	0.04493	0.00721	0.00940	0.00730	0.01038	0.00655	0.00601	0.05072	0.05647	0.73276	0.01546	0.01350	0.00987	0.00500	0.00403	0.00126	0.00347	0.00403	0.00486	0.00680
50	0.00661	0.00498	0.00633	0.00696	0.04288	0.00491	0.00503	0.07478	0.02823	0.01279	0.08808	0.31818	0.14234	0.04421	0.00564	0.00166	0.00296	0.19577	0.00372	0.00393
51	0.01972	0.01199	0.19897	0.07158	0.23755	0.04158	0.10477	0.06267	0.06097	0.07346	0.04599	0.01198	0.00843	0.01437	0.00431	0.00131	0.00506	0.01685	0.00256	0.00585
52	0.00995	0.00752	0.00828	0.00739	0.00934	0.00822	0.00582	0.17084	0.34215	0.04754	0.03577	0.03498	0.07144	0.08743	0.00589	0.00163	0.00342	0.10027	0.03671	0.00541
53	0.00587	0.00405	0.00502	0.00502	0.00523	0.00426	0.00320	0.00628	0.00608	0.00831	0.01224	0.02352	0.01343	0.62126	0.25501	0.00467	0.00591	0.00546	0.00238	0.00279
54	0.02080	0.12797	0.27123	0.05371	0.09544	0.20007	0.07949	0.01323	0.00917	0.02231	0.00690	0.00853	0.00546	0.00407	0.00441	0.00121	0.06558	0.00309	0.00192	0.00540
55	0.01003	0.07005	0.08335	0.07504	0.30598	0.10798	0.02018	0.07508	0.05524	0.01312	0.01146	0.05085	0.07594	0.00546	0.02177	0.00134	0.00492	0.00420	0.00247	0.00553
56	0.00618	0.00446	0.00600	0.00644	0.00733	0.00436	0.00526	0.00815	0.02859	0.01348	0.30772	0.11219	0.02856	0.02391	0.00549	0.00166	0.00296	0.41949	0.00399	0.00377
57	0.01218	0.04814	0.07931	0.00962	0.03434	0.51161	0.00766	0.03096	0.02150	0.01170	0.13738	0.01252	0.04015	0.00549	0.01931	0.00122	0.00594	0.00369	0.00255	0.00474
58	0.16675	0.10274	0.15913	0.04828	0.07124	0.11029	0.05603	0.07165	0.03718	0.05908	0.02389	0.04518	0.00887	0.00559	0.00448	0.00154	0.01471	0.00404	0.00309	0.00623
59	0.01237	0.00667	0.00877	0.00848	0.09482	0.00639	0.00599	0.01573	0.14803	0.37174	0.15498	0.01831	0.07341	0.00587	0.00419	0.00127	0.00311	0.00497	0.04906	0.00584
60	0.00580	0.00433	0.00642	0.00642	0.00710	0.00501	0.00494	0.00718	0.00649	0.00934	0.01096	0.01647	0.01037	0.07176	0.80032	0.00639	0.01052	0.00442	0.00219	0.00356
61	0.02122	0.16290	0.05430	0.07023	0.08057	0.05877	0.00749	0.07539	0.04042	0.05063	0.01024	0.06118	0.03086	0.07466	0.08317	0.01405	0.09240	0.00414	0.00250	0.00487
62	0.07477	0.02193	0.06458	0.13249	0.30470	0.10100	0.03214	0.05677	0.00957	0.04377	0.00947	0.11295	0.00855	0.00499	0.00401	0.00127	0.00481	0.00436	0.00245	0.00541
63	0.00490	0.00410	0.00422	0.00421	0.00549	0.00347	0.00313	0.00595	0.00928	0.01122	0.09378	0.05156	0.73867	0.03556	0.00528	0.00144	0.00211	0.00845	0.00378	0.00342
64	0.00587	0.00392	0.00443	0.00446	0.00446	0.00392	0.00249	0.00589	0.00595	0.00793	0.01304	0.04881	0.01507	0.83472	0.02023	0.00387	0.00389	0.00605	0.00249	0.00248
65	0.05151	0.02485	0.04824	0.06169	0.24211	0.08570	0.18195	0.08960	0.11618	0.03374	0.01083	0.01298	0.00867	0.00528	0.00487	0.00160	0.00580	0.00440	0.00318	0.00680
66	0.01006	0.46763	0.20450	0.06370	0.10968	0.01293	0.02333	0.01258	0.02356	0.02857	0.00681	0.00805	0.00560	0.00368	0.00324	0.00106	0.00484	0.00275	0.00189	0.00555
67	0.00498	0.00359	0.00465	0.00548	0.00579	0.00334	0.00366	0.00567	0.00778	0.01028	0.02320	0.75847	0.08189	0.05316	0.00590	0.00174	0.00241	0.01106	0.00370	0.00326
68	0.14864	0.00920	0.01409	0.19261	0.47271	0.03420	0.04707	0.01207	0.00872	0.01333	0.00721	0.00962	0.00584	0.00374	0.00381	0.00125	0.00484	0.00341	0.00205	0.00561
69	0.00548	0.00409	0.00484	0.00483	0.00588	0.00361	0.00355	0.00681	0.00992	0.03050	0.34526	0.17368	0.36727	0.00980	0.00484	0.00138	0.00208	0.00849	0.00407	0.00363
70	0.00841	0.00721	0.00841	0.00601	0.00961	0.00541	0.00481	0.01022	0.00841	0.01322	0.00721	0.00841	0.00601	0.00300	0.00300	0.00060	0.00300	0.00240	0.00240	0.88222
71	0.00591	0.00403	0.00496	0.00491	0.00521	0.00410	0.00317	0.00649	0.00697	0.00965	0.14623	0.02480	0.01756	0.53951	0.16142	0.02020	0.00477	0.00577	0.02143	0.00290
72	0.00720	0.00568	0.03253	0.00736	0.07794	0.00514	0.00522	0.00992	0.08045	0.06361	0.51303	0.04662	0.09565	0.00807	0.02235	0.00141	0.00270	0.00660	0.00405	0.00447
73	0.01276	0.00942	0.01286	0.07684	0.29544	0.00987	0.00917	0.32202	0.01330	0.12852	0.03092	0.01222	0.02332	0.00470	0.00411	0.00125	0.00440	0.01923	0.00331	0.00636
74	0.01783	0.00682	0.00930	0.00716	0.01023	0.00590	0.00590	0.01941	0.01161	0.81039	0.04040	0.01430	0.01089	0.00512	0.00410	0.00126	0.00341	0.00418	0.00500	0.00681
75	0.00926	0.08671	0.08807	0.00913	0.06438	0.11942	0.07036	0.02872	0.00898	0.04354	0.10573	0.04272	0.04912	0.00794	0.01651	0.21069	0.00450	0.02743	0.00255	0.00423
76	0.01820	0.00690	0.00942	0.00722	0.01036	0.00596	0.00596	0.01977	0.01161	0.83492	0.01601	0.01381	0.01004	0.00502	0.00408	0.00126	0.00345	0.00408	0.00502	0.00690
77	0.01078	0.84039	0.04018	0.00705	0.01058	0.01590	0.00713	0.01216	0.00825	0.00962	0.00568	0.00656	0.00520	0.00348	0.00263	0.00088	0.00438	0.00219	0.00173	0.00522
78	0.01427	0.01100	0.01128	0.00894	0.01188	0.05326	0.00728	0.62832	0.12504	0.02307	0.01066	0.01063	0.00774	0.00491	0.00398	0.00122	0.00430	0.00373	0.05193	0.00656
79	0.86275	0.00782	0.00606	0.00539	0.00791	0.00902	0.00444	0.01214	0.00703	0.04015	0.00593	0.00678	0.00455	0.00380	0.00255	0.00126	0.00315	0.00225	0.00258	0.00446
80	0.01126	0.58364	0.12346	0.00788	0.01152	0.03630	0.00798	0.09603	0.00959	0.04570	0.00686	0.00769	0.00571	0.00448	0.02578	0.00113	0.00478	0.00258	0.00213	0.00550
81	0.00491	0.00415	0.00427	0.00433	0.00567	0.00351	0.00331	0.00599	0.00925	0.01104	0.03981	0.03949	0.77735	0.01034	0.00485	0.00140	0.00217	0.06095	0.00377	0.00345
82	0.88607	0.00785	0.00596	0.00534	0.00785	0.00910	0.00439	0.01193	0.00690	0.01820	0.00565	0.00659	0.00439	0.00377	0.00251	0.00126	0.00314	0.00220	0.00251	0.00439
83	0.88607	0.00785	0.00596	0.00534	0.00785	0.00910	0.00439	0.01193	0.00690	0.01820	0.00565	0.00659	0.00439	0.00377	0.00251	0.00126	0.00314	0.00220	0.00251	0.00439
84	0.01218	0.49962	0.08478	0.00814	0.01168	0.04953	0.00782	0.23061	0.02095	0.03007	0.00724	0.00783	0.00584	0.00396	0.00319	0.00102	0.00461	0.00272	0.00247	0.00575
85	0.00579	0.00566	0.07534	0.00730	0.02545	0.00450	0.04587	0.00715	0.00815	0.01095	0.02014	0.57198	0.04117	0.03398	0.00549	0.00168	0.00316	0.11907	0.00343	0.00374
86	0.01542	0.01136	0.01218	0.00933	0.01258	0.01258	0.00771	0.81858	0.01908	0.02557	0.00974	0.00974	0.00690	0.00487	0.00406	0.00122	0.00446	0.00365	0.00406	0.00690
87	0.00816	0.00769	0.01198	0.03735	0.28331	0.00863	0.04698	0.01001	0.02350	0.01143	0.01309	0.05985	0.11778	0.00895	0.09607	0.00199	0.22414	0.02183	0.00237	0.00489
88	0.00814	0.02099	0.83640	0.01156	0.01756	0.00942	0.01499	0.01285	0.00857	0.01285	0.00728	0.00857	0.00514	0.00385	0.00385	0.00128	0.00600	0.00300	0.00171	0.00600
89	0.00637	0.00390	0.00556	0.00556	0.00582	0.00417	0.00387	0.00612	0.00586	0.00807	0.00957	0.01647	0.00970	0.18825	0.31564	0.38988	0.00626	0.00430	0.00205	0.00257
90	0.00889	0.00900	0.01344	0.01121	0.01161	0.01208	0.08805	0.01002	0.00657	0.01009	0.00586	0.02182	0.00573	0.00682	0.01236	0.00173	0.75457	0.00379	0.00183	0.00452
91	0.00566	0.00414	0.00576	0.00590	0.00643	0.00453	0.00429	0.00670	0.00667	0.00930	0.01393	0.14066	0.04101	0.19208	0.52817	0.00512	0.00795	0.00584	0.00252	0.00334
92	0.00611	0.00575	0.04121	0.02317	0.02785	0.00490	0.09623	0.00786	0.01820	0.01241	0.19382	0.28734	0.19782	0.00899	0.00478	0.00141	0.00302	0.01738	0.00351	0.03824
93	0.01054	0.11145	0.01315	0.00993	0.01097	0.12302	0.00827	0.09504	0.00853	0.01142	0.00634	0.02778	0.00595	0.00618	0.00961	0.00151	0.52997	0.00345	0.00210	0.00479
94	0.01018	0.10076	0.33326	0.02403	0.06614	0.06158	0.02962	0.11043	0.03312	0.04253	0.02711	0.03483	0.00733	0.00444	0.00412	0.00120	0.03458	0.00347	0.00241	0.06886

[dist]
# distance from previous block
# <min> <max>
0	1

[block]
# block no. 6 follows, 66 sequences, length 11
# corresponding to MSA columns:
# 349-358,361
name=unknown_G
#
# <colnr> <probs for GDERKNQSTAVLIFYWHMCP>
#	G	D	E	R	K	N	Q	S	T	A	V	L	I	F	Y	W	H	M	C	P
0	0.10605	0.00942	0.01022	0.03842	0.04682	0.05570	0.02458	0.33328	0.12021	0.04354	0.14260	0.01378	0.01247	0.01974	0.00429	0.00130	0.00397	0.00423	0.00365	0.00574
1	0.88607	0.00785	0.00596	0.00534	0.00785	0.00910	0.00439	0.01193	0.00690	0.01820	0.00565	0.00659	0.00439	0.00377	0.00251	0.00126	0.00314	0.00220	0.00251	0.00439
2	0.00833	0.07983	0.77922	0.01124	0.01706	0.00989	0.01443	0.01280	0.00854	0.01262	0.00717	0.00842	0.00514	0.00383	0.00377	0.00126	0.00588	0.00294	0.00171	0.00594
3	0.01113	0.80679	0.02069	0.00709	0.01055	0.01584	0.00699	0.06259	0.00892	0.01055	0.00590	0.00671	0.00531	0.00356	0.00269	0.00089	0.00435	0.00226	0.00188	0.00531
4	0.00887	0.00753	0.00877	0.00901	0.08918	0.00829	0.00627	0.03465	0.49922	0.01582	0.13217	0.08900	0.06065	0.00657	0.00433	0.00136	0.00308	0.00566	0.00392	0.00564
5	0.00513	0.00376	0.00482	0.00533	0.00588	0.00345	0.00370	0.00619	0.00890	0.01196	0.23409	0.54549	0.12376	0.01128	0.00503	0.00152	0.00220	0.01010	0.00395	0.00345
6	0.00581	0.00414	0.00536	0.00571	0.00608	0.00423	0.00405	0.00662	0.00738	0.00996	0.06074	0.24751	0.01996	0.32273	0.10878	0.00307	0.02476	0.14689	0.00309	0.00316
7	0.01033	0.01024	0.12131	0.03400	0.16041	0.00924	0.03055	0.18865	0.18829	0.03743	0.04008	0.07179	0.02584	0.00605	0.02684	0.00144	0.00436	0.00459	0.02267	0.00591
8	0.00756	0.00378	0.00378	0.00378	0.00473	0.00378	0.00284	0.00945	0.00851	0.01513	0.01324	0.01513	0.01040	0.00473	0.00284	0.00095	0.00189	0.00378	0.87994	0.00378
9	0.02927	0.27200	0.03325	0.00977	0.07045	0.26591	0.00770	0.13495	0.06547	0.01329	0.00745	0.00823	0.00606	0.00403	0.00340	0.00103	0.00516	0.00283	0.00243	0.05732
10	0.07295	0.05818	0.13138	0.01028	0.03728	0.13923	0.03444	0.28659	0.01222	0.03743	0.00772	0.00883	0.00593	0.00473	0.00522	0.00128	0.13457	0.00325	0.00274	0.00573

[dist]
# distance from previous block
# <min> <max>
0	4

[block]
# block no. 7 follows, 66 sequences, length 16
# corresponding to MSA columns:
# 366-381
name=unknown_H
#
# <colnr> <probs for GDERKNQSTAVLIFYWHMCP>
#	G	D	E	R	K	N	Q	S	T	A	V	L	I	F	Y	W	H	M	C	P
0	0.00756	0.00378	0.00378	0.00378	0.00473	0.00378	0.00284	0.00945	0.00851	0.01513	0.01324	0.01513	0.01040	0.00473	0.00284	0.00095	0.00189	0.00378	0.87994	0.00378
1	0.37400	0.03804	0.05658	0.02326	0.06981	0.12440	0.02366	0.05369	0.00966	0.02734	0.00868	0.01172	0.00747	0.00569	0.00524	0.00160	0.11151	0.03903	0.00294	0.00569
2	0.01071	0.07567	0.08156	0.04065	0.03171	0.09742	0.08408	0.07428	0.16037	0.07054	0.07654	0.01262	0.01009	0.00550	0.01429	0.00138	0.13067	0.01355	0.00291	0.00545
3	0.08100	0.00574	0.00638	0.00575	0.00731	0.00587	0.00445	0.09233	0.10668	0.02874	0.41486	0.02471	0.14200	0.00730	0.00434	0.00128	0.00247	0.00616	0.04817	0.00448
4	0.12849	0.00982	0.00991	0.00799	0.01053	0.04730	0.00637	0.51239	0.01471	0.04394	0.01015	0.04606	0.00844	0.11863	0.00609	0.00160	0.00423	0.00405	0.00357	0.00573
5	0.01433	0.01760	0.01112	0.01009	0.01222	0.70537	0.00761	0.01708	0.14436	0.01108	0.00794	0.00859	0.00640	0.00440	0.00374	0.00110	0.00665	0.00294	0.00242	0.00498
6	0.00625	0.02942	0.02533	0.00602	0.00742	0.00485	0.04138	0.03927	0.01045	0.01402	0.38416	0.11726	0.21788	0.00886	0.00478	0.00137	0.00262	0.07078	0.00391	0.00395
7	0.00838	0.09495	0.76452	0.01116	0.01693	0.01001	0.01428	0.01279	0.00854	0.01256	0.00714	0.00838	0.00515	0.00382	0.00374	0.00125	0.00585	0.00292	0.00172	0.00593
8	0.00897	0.00842	0.01424	0.16287	0.44237	0.00875	0.07814	0.01191	0.05548	0.01279	0.02304	0.03397	0.00967	0.00502	0.00433	0.00135	0.00476	0.10596	0.00239	0.00556
9	0.00952	0.00611	0.00713	0.00626	0.00794	0.00635	0.02340	0.06210	0.21760	0.11215	0.15799	0.01818	0.01583	0.07688	0.00526	0.00143	0.00286	0.00484	0.25325	0.00495
10	0.02579	0.01016	0.13061	0.05298	0.09713	0.08247	0.07271	0.07634	0.02377	0.05657	0.03910	0.18923	0.06209	0.01826	0.00482	0.00138	0.03027	0.00563	0.00289	0.01779
11	0.14173	0.01025	0.01080	0.00836	0.01152	0.01109	0.00689	0.58745	0.01599	0.07203	0.00931	0.00942	0.00665	0.00457	0.00375	0.00118	0.00409	0.00336	0.00376	0.07781
12	0.04581	0.02938	0.05085	0.00685	0.00804	0.00606	0.03125	0.02625	0.01932	0.01099	0.03587	0.13936	0.05156	0.17115	0.20983	0.00315	0.05994	0.07254	0.00274	0.01905
13	0.00806	0.00662	0.00800	0.00673	0.05014	0.00523	0.00490	0.00966	0.00849	0.03575	0.01208	0.08288	0.08484	0.03275	0.00402	0.00092	0.00300	0.00396	0.00270	0.62927
14	0.07350	0.08393	0.15297	0.00999	0.06564	0.13039	0.07107	0.03576	0.07200	0.06249	0.08790	0.07389	0.03750	0.00537	0.00413	0.00125	0.01979	0.00442	0.00280	0.00521
15	0.03750	0.09053	0.38537	0.01245	0.15671	0.02984	0.03458	0.03212	0.04293	0.04761	0.02108	0.03209	0.00733	0.03234	0.00436	0.00131	0.00507	0.00355	0.00224	0.02098

[dist]
# distance from previous block
# <min> <max>
4	24

[block]
# block no. 8 follows, 66 sequences, length 13
# corresponding to MSA columns:
# 406-418
name=unknown_I
#
# <colnr> <probs for GDERKNQSTAVLIFYWHMCP>
#	G	D	E	R	K	N	Q	S	T	A	V	L	I	F	Y	W	H	M	C	P
0	0.02455	0.32253	0.20752	0.03304	0.02331	0.16255	0.02288	0.06517	0.02294	0.02662	0.02112	0.00934	0.03399	0.00417	0.00344	0.00109	0.00519	0.00301	0.00218	0.00536
1	0.00940	0.00526	0.00659	0.00581	0.00744	0.00487	0.00449	0.06790	0.01127	0.21879	0.35404	0.10973	0.12563	0.00779	0.00452	0.00130	0.00254	0.00670	0.04124	0.00470
2	0.04556	0.14652	0.09081	0.01053	0.08670	0.11942	0.04229	0.20725	0.08937	0.09443	0.00946	0.02385	0.00724	0.00445	0.00375	0.00118	0.00479	0.00347	0.00298	0.00596
3	0.00671	0.00493	0.00568	0.00527	0.00636	0.03248	0.00392	0.03321	0.01091	0.03839	0.57545	0.02835	0.10856	0.08092	0.00599	0.00149	0.00241	0.00683	0.03829	0.00388
4	0.01059	0.00951	0.04986	0.15004	0.33345	0.00925	0.14453	0.05863	0.02711	0.10879	0.03565	0.01142	0.00775	0.00416	0.00436	0.00128	0.02118	0.00398	0.00256	0.00590
5	0.00584	0.00420	0.00625	0.00633	0.00694	0.00477	0.00481	0.00692	0.00651	0.00927	0.01149	0.08762	0.01128	0.02733	0.69005	0.09040	0.00943	0.00488	0.00227	0.00342
6	0.05600	0.00536	0.00661	0.00637	0.04155	0.00534	0.00446	0.02058	0.02182	0.20854	0.01378	0.04444	0.02771	0.25829	0.07077	0.00241	0.02024	0.01838	0.16300	0.00434
7	0.00611	0.00455	0.00572	0.00608	0.00682	0.00463	0.00435	0.00842	0.13408	0.01116	0.01981	0.48109	0.06765	0.01305	0.08640	0.07763	0.00345	0.03536	0.00347	0.02016
8	0.01274	0.09401	0.01165	0.00895	0.01153	0.22230	0.00714	0.21142	0.34540	0.01654	0.01123	0.01102	0.00855	0.00482	0.00385	0.00120	0.00466	0.00363	0.00336	0.00598
9	0.03884	0.04070	0.11720	0.03815	0.25803	0.03905	0.10044	0.07364	0.05136	0.07847	0.02819	0.01374	0.08511	0.00477	0.00409	0.00126	0.00468	0.01383	0.00271	0.00575
10	0.09533	0.56958	0.08088	0.00730	0.01068	0.04400	0.00720	0.05583	0.00904	0.03670	0.03063	0.00796	0.00643	0.00384	0.00292	0.00099	0.00432	0.00257	0.01857	0.00525
11	0.08327	0.00960	0.02796	0.16624	0.20633	0.08235	0.03908	0.01232	0.00850	0.09105	0.00777	0.02381	0.00635	0.00490	0.00619	0.00138	0.21180	0.00360	0.00228	0.00522
12	0.03776	0.26315	0.13781	0.02666	0.06598	0.12817	0.00883	0.23376	0.03577	0.01521	0.00758	0.00838	0.00593	0.00410	0.00350	0.00111	0.00502	0.00296	0.00253	0.00579

[dist]
# distance from previous block
# <min> <max>
0	1

[block]
# block no. 9 follows, 66 sequences, length 22
# corresponding to MSA columns:
# 420-441
name=unknown_J
#
# <colnr> <probs for GDERKNQSTAVLIFYWHMCP>
