[name]
unknown

[dist]
# distance from previous block
# <min> <max>
15	284

[block]
# block no. 0 follows, 65 sequences, length 16
# corresponding to MSA columns:
# 361-376
name=unknown_A
#
# <colnr> <probs for GDERKNQSTAVLIFYWHMCP>
#	G	D	E	R	K	N	Q	S	T	A	V	L	I	F	Y	W	H	M	C	P
0	0.12088	0.01383	0.01078	0.00989	0.04780	0.36333	0.00737	0.16728	0.19034	0.01576	0.00926	0.00963	0.00714	0.00458	0.00376	0.00120	0.00532	0.00327	0.00299	0.00560
1	0.01500	0.04579	0.11942	0.00886	0.01247	0.03607	0.00806	0.36936	0.01439	0.27409	0.01111	0.01071	0.00758	0.00468	0.00397	0.00121	0.00442	0.00359	0.00387	0.04535
2	0.00986	0.02252	0.09756	0.12510	0.16080	0.00903	0.10456	0.12087	0.05605	0.04875	0.05793	0.04027	0.00955	0.00652	0.05776	0.01239	0.01529	0.00428	0.00273	0.03819
3	0.00872	0.13711	0.43229	0.01048	0.04259	0.00990	0.04428	0.04232	0.03461	0.01267	0.01075	0.01371	0.05963	0.03945	0.00499	0.00141	0.03656	0.05081	0.00221	0.00549
4	0.01557	0.00893	0.01189	0.02510	0.12042	0.00891	0.03767	0.28324	0.01372	0.39256	0.01266	0.03102	0.00878	0.00494	0.00416	0.00127	0.00415	0.00411	0.00416	0.00674
5	0.00819	0.00774	0.01310	0.69776	0.17299	0.00923	0.01162	0.01087	0.00841	0.01102	0.00737	0.01080	0.00566	0.00402	0.00410	0.00134	0.00536	0.00365	0.00186	0.00491
6	0.00608	0.00431	0.00531	0.00574	0.00618	0.00424	0.00384	0.07165	0.00837	0.01117	0.01944	0.60191	0.02281	0.19854	0.00861	0.00214	0.00291	0.00976	0.00354	0.00344
7	0.00966	0.25371	0.01356	0.02052	0.01038	0.01106	0.03556	0.07913	0.02285	0.04865	0.01064	0.20289	0.01086	0.00694	0.00662	0.00140	0.24295	0.00514	0.00264	0.00485
8	0.00890	0.14323	0.05748	0.02076	0.01066	0.00775	0.02131	0.03840	0.00877	0.01287	0.01886	0.00942	0.00678	0.01961	0.05286	0.00116	0.00406	0.00278	0.00234	0.55200
9	0.00961	0.02288	0.15975	0.14871	0.16125	0.10744	0.07962	0.02405	0.00933	0.05654	0.01060	0.14411	0.00978	0.00566	0.00440	0.01092	0.00514	0.02252	0.00247	0.00522
10	0.01062	0.00873	0.00929	0.00830	0.01066	0.01000	0.00647	0.02172	0.78189	0.05824	0.01668	0.01525	0.01241	0.00554	0.00417	0.00139	0.00326	0.00462	0.00422	0.00652
11	0.00529	0.00480	0.05392	0.02283	0.00707	0.00387	0.00457	0.00641	0.00835	0.01114	0.08366	0.64272	0.10690	0.01157	0.00507	0.00158	0.00260	0.01038	0.00370	0.00357
12	0.01981	0.01005	0.17215	0.06459	0.18383	0.00767	0.11260	0.01159	0.03269	0.07878	0.04180	0.12487	0.09131	0.00613	0.00463	0.01954	0.00450	0.00541	0.00277	0.00528
13	0.67635	0.00784	0.00707	0.00608	0.00857	0.00886	0.00501	0.01332	0.00778	0.16125	0.00754	0.00810	0.00551	0.00425	0.00352	0.00130	0.05716	0.00265	0.00294	0.00490
14	0.00872	0.00844	0.01474	0.42485	0.27898	0.00940	0.09915	0.01133	0.00871	0.01176	0.00811	0.01222	0.00669	0.00434	0.00462	0.00136	0.03956	0.03977	0.00200	0.00524
15	0.01021	0.00618	0.00746	0.00653	0.00832	0.00625	0.00510	0.08378	0.14407	0.18926	0.24007	0.02134	0.04219	0.06236	0.05870	0.00181	0.00348	0.03310	0.06467	0.00512

[dist]
# distance from previous block
# <min> <max>
0	2

[block]
# block no. 1 follows, 65 sequences, length 41
# corresponding to MSA columns:
# 379-399,401-420
name=unknown_B
#
# <colnr> <probs for GDERKNQSTAVLIFYWHMCP>
#	G	D	E	R	K	N	Q	S	T	A	V	L	I	F	Y	W	H	M	C	P
0	0.01084	0.20612	0.02825	0.03533	0.01105	0.28472	0.00679	0.01216	0.00908	0.01043	0.00770	0.03815	0.00717	0.06043	0.07004	0.00162	0.04040	0.00324	0.00214	0.15434
1	0.04096	0.01926	0.01271	0.40741	0.04405	0.03265	0.06866	0.04860	0.06564	0.01206	0.00789	0.01100	0.00638	0.03242	0.00632	0.00149	0.15968	0.00376	0.00218	0.01689
2	0.12181	0.13658	0.02434	0.05057	0.11412	0.04503	0.04364	0.20375	0.05715	0.04951	0.00930	0.05966	0.00773	0.00475	0.00389	0.00121	0.01943	0.00377	0.00290	0.04086
3	0.00887	0.00925	0.03999	0.05037	0.03065	0.01973	0.41622	0.02245	0.09583	0.02733	0.14512	0.01729	0.07492	0.00523	0.00468	0.00136	0.00510	0.01751	0.00290	0.00520
4	0.00643	0.00539	0.02092	0.00546	0.00698	0.00497	0.00423	0.02471	0.14453	0.02909	0.15776	0.10968	0.44613	0.00919	0.00473	0.00139	0.00243	0.00780	0.00398	0.00420
5	0.02749	0.03279	0.15039	0.12677	0.18254	0.01962	0.11925	0.02269	0.02793	0.03491	0.04768	0.03513	0.03103	0.02119	0.00557	0.00141	0.10167	0.00424	0.00232	0.00536
6	0.00503	0.00371	0.00471	0.00547	0.00593	0.00339	0.00374	0.00585	0.00825	0.01080	0.05160	0.68144	0.15866	0.01229	0.00517	0.00161	0.00234	0.02280	0.00383	0.00338
7	0.01101	0.05347	0.01025	0.00767	0.01080	0.28057	0.00604	0.02783	0.00974	0.01233	0.00695	0.00808	0.00580	0.00349	0.00326	0.00078	0.00457	0.00251	0.00233	0.53252
8	0.01027	0.10953	0.15032	0.02795	0.05701	0.03541	0.00819	0.11591	0.07046	0.04354	0.01648	0.00995	0.00709	0.00558	0.05114	0.00136	0.03010	0.00319	0.00262	0.24390
9	0.00869	0.12222	0.22611	0.07230	0.02676	0.02569	0.02432	0.01847	0.05379	0.06632	0.07719	0.13495	0.05869	0.00658	0.01431	0.00137	0.00433	0.03077	0.00286	0.02428
10	0.00535	0.00413	0.00485	0.00483	0.00588	0.00368	0.00358	0.00673	0.01006	0.01323	0.36952	0.11188	0.37209	0.03698	0.00542	0.00147	0.00216	0.03049	0.00407	0.00360
11	0.03153	0.00980	0.03405	0.00835	0.01151	0.06698	0.00698	0.26517	0.06619	0.43615	0.01315	0.01205	0.00875	0.00495	0.00406	0.00125	0.00414	0.00386	0.00437	0.00673
12	0.02630	0.13407	0.10853	0.01861	0.43946	0.03588	0.12586	0.03101	0.01832	0.01310	0.00754	0.00951	0.00614	0.00370	0.00391	0.00120	0.00525	0.00350	0.00205	0.00606
13	0.01277	0.00691	0.00891	0.00820	0.06687	0.00674	0.00602	0.04338	0.16878	0.36699	0.21037	0.01788	0.01713	0.00586	0.00426	0.00128	0.00315	0.00496	0.03354	0.00600
14	0.00488	0.00416	0.00419	0.00419	0.00556	0.00348	0.00314	0.00594	0.00942	0.01124	0.06306	0.03926	0.80690	0.01034	0.00485	0.00138	0.00208	0.00863	0.00383	0.00348
15	0.05771	0.01439	0.01395	0.09875	0.04159	0.41571	0.16716	0.07048	0.01083	0.01233	0.00722	0.00904	0.00578	0.00504	0.03232	0.00139	0.02569	0.00335	0.00223	0.00504
16	0.01346	0.07900	0.08855	0.02687	0.08143	0.58402	0.00894	0.01503	0.01065	0.01056	0.00661	0.00798	0.00550	0.00475	0.02259	0.00122	0.02296	0.00281	0.00204	0.00503
17	0.01292	0.01590	0.02532	0.01007	0.01170	0.58451	0.00779	0.01402	0.01016	0.01007	0.00760	0.06749	0.00711	0.00677	0.05102	0.00153	0.14575	0.00354	0.00218	0.00458
18	0.00512	0.00415	0.00454	0.00477	0.00591	0.00362	0.00360	0.00618	0.00907	0.01105	0.03590	0.14253	0.60529	0.03831	0.00552	0.00157	0.00238	0.10328	0.00376	0.00345
19	0.00522	0.00380	0.00496	0.00579	0.00621	0.00358	0.00404	0.00626	0.02062	0.01093	0.04567	0.69950	0.07853	0.01234	0.00522	0.00165	0.00248	0.07591	0.00383	0.00344
20	0.02446	0.00856	0.01073	0.09617	0.11560	0.00914	0.00754	0.35408	0.01332	0.09803	0.02765	0.12703	0.02892	0.05358	0.00520	0.00147	0.00412	0.00510	0.00355	0.00575
21	0.00680	0.00545	0.00848	0.02666	0.03587	0.00533	0.10705	0.00882	0.06310	0.03877	0.05151	0.53692	0.02159	0.01000	0.00510	0.00156	0.01537	0.03194	0.00354	0.01615
22	0.00933	0.02970	0.01139	0.08313	0.01213	0.06073	0.04658	0.07285	0.06494	0.02816	0.06950	0.01258	0.00948	0.01039	0.15497	0.00240	0.31036	0.00408	0.00251	0.00477
23	0.00765	0.02813	0.11748	0.01767	0.00960	0.08834	0.03828	0.04568	0.00978	0.02656	0.09556	0.18392	0.25631	0.00878	0.02271	0.00149	0.01371	0.02075	0.00327	0.00433
24	0.00826	0.00708	0.00821	0.00595	0.00943	0.00533	0.00474	0.01002	0.00857	0.01322	0.00970	0.01069	0.06378	0.00356	0.00317	0.00066	0.00297	0.00287	0.00253	0.81928
25	0.05931	0.09807	0.01321	0.11007	0.18419	0.25476	0.00875	0.07844	0.01080	0.13237	0.00836	0.00942	0.00636	0.00418	0.00375	0.00117	0.00532	0.00320	0.00264	0.00564
26	0.01116	0.01175	0.01144	0.14623	0.15075	0.29723	0.00857	0.03561	0.06739	0.03192	0.08908	0.04645	0.01075	0.00528	0.00451	0.00126	0.04120	0.02167	0.00265	0.00508
27	0.00522	0.00379	0.00481	0.00551	0.00589	0.00357	0.00369	0.00617	0.02506	0.01067	0.05572	0.66310	0.08655	0.09157	0.00664	0.00184	0.00251	0.01059	0.00372	0.00335
28	0.00820	0.00775	0.01312	0.69363	0.17703	0.00924	0.01162	0.01088	0.00842	0.01103	0.00737	0.01080	0.00566	0.00402	0.00410	0.00134	0.00536	0.00365	0.00186	0.00492
29	0.00905	0.03140	0.27900	0.28972	0.01939	0.00956	0.05551	0.07879	0.09253	0.02764	0.00949	0.01162	0.01863	0.00532	0.03223	0.00151	0.00549	0.01526	0.00236	0.00550
30	0.01045	0.00871	0.01194	0.17164	0.16700	0.06676	0.05067	0.10326	0.02240	0.09462	0.11393	0.03227	0.02252	0.00623	0.03197	0.00150	0.05200	0.02381	0.00298	0.00535
31	0.01369	0.00625	0.00818	0.00668	0.00899	0.00571	0.00533	0.05320	0.02990	0.48832	0.22686	0.01976	0.01812	0.06577	0.00552	0.00148	0.00317	0.02262	0.00466	0.00578
32	0.06866	0.00791	0.01050	0.01032	0.14400	0.00778	0.01881	0.12188	0.06632	0.36682	0.12072	0.01461	0.01267	0.00520	0.00412	0.00127	0.00366	0.00436	0.00412	0.00628
33	0.04801	0.05304	0.08021	0.02557	0.16445	0.23198	0.12909	0.07916	0.05596	0.02864	0.00857	0.04126	0.00707	0.00447	0.00421	0.00124	0.02529	0.00375	0.00245	0.00557
34	0.02223	0.00588	0.02263	0.01495	0.03695	0.01668	0.06366	0.02432	0.03172	0.02975	0.06241	0.05353	0.16879	0.07527	0.28801	0.05254	0.01826	0.00562	0.00283	0.00398
35	0.00584	0.00414	0.00550	0.00558	0.00595	0.00447	0.00384	0.00659	0.00642	0.00891	0.01284	0.09132	0.01375	0.39598	0.40541	0.00502	0.00715	0.00571	0.00246	0.00311
36	0.00804	0.06667	0.02153	0.00992	0.07362	0.00721	0.18327	0.02875	0.05571	0.03708	0.27849	0.12996	0.06852	0.00693	0.00460	0.00134	0.00372	0.00645	0.00342	0.00477
37	0.02223	0.09478	0.26083	0.02382	0.15826	0.05997	0.02850	0.16625	0.03711	0.04774	0.00829	0.00947	0.00630	0.00461	0.01456	0.00131	0.04406	0.00334	0.00250	0.00606
38	0.00536	0.00378	0.00482	0.00556	0.00605	0.00354	0.00392	0.00631	0.00824	0.01110	0.03681	0.60005	0.10908	0.03030	0.00541	0.00165	0.00248	0.08696	0.06516	0.00342
39	0.05011	0.03516	0.07417	0.09483	0.08548	0.14433	0.17246	0.03001	0.00898	0.01181	0.00865	0.02846	0.00766	0.06712	0.09800	0.00208	0.05164	0.02199	0.00219	0.00485
40	0.01995	0.04720	0.25199	0.04214	0.24647	0.01011	0.13604	0.07953	0.07136	0.01420	0.00862	0.01062	0.00675	0.03167	0.00462	0.00136	0.00533	0.00374	0.00229	0.00600

[dist]
# distance from previous block
# <min> <max>
0	2

[block]
# block no. 2 follows, 65 sequences, length 9
# corresponding to MSA columns:
# 425-431,440,441
name=unknown_C
#
# <colnr> <probs for GDERKNQSTAVLIFYWHMCP>
#	G	D	E	R	K	N	Q	S	T	A	V	L	I	F	Y	W	H	M	C	P
0	0.01223	0.08267	0.08352	0.05121	0.06762	0.20808	0.02173	0.16193	0.17257	0.03967	0.01003	0.03662	0.00796	0.00483	0.00411	0.00123	0.02151	0.00373	0.00294	0.00580
1	0.11299	0.07657	0.09560	0.03544	0.16338	0.10581	0.19476	0.10889	0.01041	0.01461	0.00776	0.00982	0.00616	0.00399	0.00391	0.00123	0.00543	0.01751	0.00234	0.02337
2	0.00535	0.00411	0.00494	0.00534	0.00612	0.00382	0.00377	0.00692	0.05268	0.01185	0.14068	0.46239	0.25469	0.01114	0.00502	0.00152	0.00228	0.00984	0.00393	0.00362
3	0.00883	0.00911	0.01444	0.06415	0.01404	0.04500	0.21139	0.01053	0.00761	0.01076	0.00786	0.06441	0.00741	0.00829	0.07956	0.00203	0.42344	0.00446	0.00205	0.00463
4	0.00962	0.01096	0.13543	0.22719	0.17772	0.06144	0.10501	0.07146	0.00990	0.03664	0.04543	0.05519	0.00876	0.02196	0.00456	0.00136	0.00526	0.00429	0.00240	0.00540
5	0.01129	0.00816	0.06610	0.03398	0.03451	0.00648	0.02044	0.04575	0.04130	0.24473	0.02812	0.04556	0.05338	0.00479	0.00380	0.00105	0.00354	0.00399	0.00340	0.33963
6	0.01062	0.00736	0.00851	0.00686	0.00957	0.00701	0.00544	0.08241	0.20725	0.14123	0.12386	0.01450	0.01305	0.00495	0.00381	0.00106	0.00307	0.00409	0.05052	0.29481
7	0.01080	0.06732	0.11066	0.14714	0.20074	0.10258	0.06124	0.09780	0.04365	0.05036	0.02822	0.03092	0.00780	0.01798	0.00429	0.00129	0.00518	0.00383	0.00251	0.00567
8	0.01211	0.04647	0.01123	0.00969	0.06109	0.04016	0.00733	0.30587	0.37569	0.01917	0.01316	0.03950	0.01032	0.00545	0.00413	0.00131	0.00398	0.02310	0.00382	0.00639

[dist]
# distance from previous block
# <min> <max>
0	2

[block]
# block no. 3 follows, 65 sequences, length 30
# corresponding to MSA columns:
# 444-448,450-474
name=unknown_D
#
# <colnr> <probs for GDERKNQSTAVLIFYWHMCP>
#	G	D	E	R	K	N	Q	S	T	A	V	L	I	F	Y	W	H	M	C	P
0	0.05604	0.04354	0.20587	0.02652	0.05993	0.04401	0.00852	0.08486	0.01020	0.16556	0.00978	0.02588	0.01807	0.00424	0.00367	0.00109	0.00435	0.00334	0.00288	0.22166
1	0.00624	0.00492	0.02186	0.00678	0.00761	0.00472	0.02319	0.02069	0.02860	0.02563	0.02140	0.46993	0.07368	0.01213	0.04257	0.00189	0.03485	0.18591	0.00362	0.00380
2	0.00898	0.23997	0.60461	0.01060	0.01595	0.01131	0.03002	0.01282	0.00860	0.01213	0.00695	0.00817	0.00524	0.00379	0.00359	0.00119	0.00565	0.00285	0.00175	0.00585
3	0.00998	0.00599	0.00683	0.00598	0.00773	0.03632	0.00466	0.03925	0.07986	0.20454	0.32298	0.02229	0.08806	0.00672	0.00425	0.00124	0.00271	0.00567	0.14004	0.00491
4	0.01148	0.76083	0.02036	0.00744	0.01079	0.11181	0.00713	0.01277	0.00872	0.00970	0.00578	0.00668	0.00527	0.00360	0.00276	0.00090	0.00474	0.00225	0.00180	0.00521
5	0.03071	0.00730	0.00901	0.00730	0.00988	0.00711	0.00588	0.15771	0.07927	0.42975	0.14203	0.06801	0.01520	0.00607	0.00428	0.00130	0.00334	0.00504	0.00462	0.00618
6	0.00926	0.00888	0.01210	0.01031	0.01091	0.02998	0.03865	0.06788	0.03146	0.01132	0.00689	0.01019	0.00637	0.00981	0.11853	0.00233	0.60459	0.00376	0.00210	0.00467
7	0.00492	0.00415	0.00426	0.00426	0.00559	0.00349	0.00318	0.00601	0.00947	0.01142	0.09141	0.05613	0.76109	0.01032	0.00486	0.00139	0.00208	0.00865	0.00386	0.00349
8	0.01703	0.00688	0.00915	0.00711	0.01006	0.00611	0.00584	0.05507	0.01195	0.70909	0.06627	0.01488	0.01181	0.00527	0.00412	0.00126	0.00337	0.00430	0.04380	0.00665
9	0.05468	0.00913	0.01044	0.00819	0.01122	0.00950	0.00671	0.38301	0.08608	0.32006	0.04893	0.01262	0.00993	0.00514	0.00408	0.00126	0.00386	0.00404	0.00442	0.00669
10	0.00699	0.00569	0.00592	0.00591	0.00685	0.05658	0.00420	0.08613	0.02730	0.01216	0.06673	0.34157	0.18402	0.15131	0.00753	0.00189	0.00312	0.01878	0.00356	0.00377
11	0.00592	0.00399	0.00462	0.00467	0.00473	0.00402	0.00272	0.00604	0.00610	0.00818	0.01329	0.06671	0.01523	0.76309	0.07104	0.00403	0.00434	0.00615	0.00253	0.00260
12	0.00643	0.00457	0.00589	0.00610	0.00686	0.00448	0.00439	0.00779	0.03882	0.05780	0.08457	0.55187	0.08285	0.01081	0.00550	0.00155	0.05507	0.01813	0.00376	0.04276
13	0.00952	0.01061	0.02234	0.08291	0.06113	0.01036	0.67289	0.01275	0.00939	0.01279	0.00805	0.01092	0.00614	0.00370	0.00517	0.00139	0.04781	0.00463	0.00204	0.00546
14	0.01317	0.43676	0.01655	0.00881	0.01162	0.42983	0.00748	0.01435	0.00999	0.00985	0.00603	0.00700	0.00528	0.00387	0.00317	0.00097	0.00590	0.00242	0.00194	0.00501
15	0.00587	0.00437	0.00647	0.00647	0.00716	0.00506	0.00498	0.00725	0.00656	0.00944	0.01111	0.01675	0.01053	0.07871	0.79192	0.00644	0.01059	0.00449	0.00222	0.00360
16	0.23847	0.00795	0.00899	0.00714	0.01011	0.00798	0.00588	0.14304	0.03389	0.46507	0.01250	0.01152	0.00827	0.00474	0.00370	0.00126	0.00354	0.00358	0.01608	0.00628
17	0.01412	0.00946	0.01106	0.00890	0.01124	0.03786	0.00732	0.33663	0.02884	0.23246	0.05704	0.01268	0.00966	0.00575	0.00612	0.00137	0.17951	0.02001	0.00383	0.00614
18	0.00992	0.00654	0.00691	0.00604	0.00797	0.05717	0.00472	0.07639	0.05098	0.19580	0.14228	0.03991	0.32139	0.00764	0.00444	0.00130	0.00295	0.00632	0.04649	0.00483
19	0.00661	0.00534	0.00811	0.08015	0.10641	0.00603	0.00627	0.00805	0.00703	0.00992	0.01093	0.05719	0.01069	0.13267	0.49170	0.00476	0.03715	0.00478	0.00225	0.00393
20	0.00959	0.01080	0.02316	0.05993	0.04866	0.01033	0.73373	0.01294	0.00954	0.01297	0.00818	0.01100	0.00618	0.00356	0.00492	0.00138	0.02083	0.00472	0.00206	0.00550
21	0.00942	0.00668	0.00780	0.00665	0.00845	0.00690	0.00523	0.24035	0.06705	0.05011	0.49115	0.02272	0.02620	0.00701	0.00451	0.00127	0.00282	0.00597	0.02467	0.00505
22	0.00499	0.00362	0.00471	0.00558	0.00592	0.00335	0.00375	0.00573	0.00799	0.01053	0.02431	0.78057	0.09855	0.01264	0.00520	0.00164	0.00235	0.01140	0.00381	0.00335
23	0.06189	0.09100	0.01108	0.00899	0.05236	0.00922	0.04082	0.22548	0.07626	0.08283	0.01353	0.12919	0.01258	0.01876	0.01519	0.00149	0.01866	0.12173	0.00350	0.00544
24	0.00846	0.08994	0.76774	0.01132	0.01717	0.01008	0.01450	0.01294	0.00864	0.01273	0.00723	0.00850	0.00521	0.00387	0.00380	0.00127	0.00593	0.00296	0.00174	0.00600
25	0.00505	0.00362	0.00479	0.00567	0.00594	0.00340	0.00379	0.00577	0.00780	0.01039	0.02239	0.79049	0.04172	0.03803	0.02832	0.00186	0.00266	0.01125	0.00373	0.00332
26	0.00945	0.00935	0.01712	0.12981	0.43243	0.00941	0.22448	0.02326	0.00948	0.01317	0.05429	0.01205	0.00832	0.02382	0.00471	0.00135	0.00531	0.00424	0.00220	0.00575
27	0.04959	0.01095	0.01465	0.05223	0.48474	0.14642	0.05375	0.02662	0.02689	0.01310	0.00847	0.01196	0.00733	0.00438	0.00427	0.00127	0.02217	0.05320	0.00225	0.00579
28	0.00814	0.00789	0.01228	0.72991	0.07670	0.04584	0.01105	0.01073	0.00847	0.01067	0.00841	0.01168	0.03272	0.00429	0.00411	0.00135	0.00541	0.00377	0.00192	0.00465
29	0.00644	0.00485	0.00657	0.00660	0.04058	0.00466	0.02342	0.02342	0.01046	0.03176	0.44944	0.15759	0.13418	0.00892	0.00513	0.00139	0.03037	0.03515	0.01504	0.00403

[dist]
# distance from previous block
# <min> <max>
2	15

[block]
# block no. 4 follows, 65 sequences, length 26
# corresponding to MSA columns:
# 490-515
name=unknown_E
#
# <colnr> <probs for GDERKNQSTAVLIFYWHMCP>
#	G	D	E	R	K	N	Q	S	T	A	V	L	I	F	Y	W	H	M	C	P
0	0.00679	0.00461	0.00550	0.00568	0.03884	0.00468	0.00329	0.05259	0.00682	0.00914	0.01208	0.02405	0.01350	0.70458	0.01885	0.07408	0.00401	0.00555	0.00250	0.00285
1	0.01249	0.01485	0.07028	0.03463	0.17346	0.41002	0.01936	0.07125	0.02492	0.01249	0.03046	0.01071	0.00744	0.00476	0.00445	0.01202	0.03661	0.03130	0.01323	0.00527
2	0.00815	0.00699	0.00808	0.00589	0.00932	0.00527	0.00469	0.00990	0.00859	0.01315	0.01066	0.01156	0.08685	0.00376	0.00322	0.00068	0.00295	0.00304	0.00257	0.79467
3	0.01045	0.16577	0.02873	0.04980	0.22009	0.10100	0.27526	0.01297	0.02326	0.01202	0.00771	0.02517	0.00644	0.00400	0.00443	0.00124	0.04025	0.00383	0.00205	0.00554
4	0.00993	0.00896	0.01329	0.43587	0.23221	0.03248	0.01081	0.15267	0.01051	0.01393	0.00807	0.02540	0.00638	0.00434	0.00425	0.00131	0.01803	0.00377	0.00232	0.00547
5	0.00555	0.00419	0.00512	0.00489	0.00597	0.00376	0.00367	0.00724	0.01100	0.01498	0.61188	0.03309	0.25574	0.00894	0.00484	0.00132	0.00198	0.00776	0.00432	0.00376
6	0.00508	0.00363	0.00485	0.00580	0.00607	0.00340	0.00394	0.00584	0.00793	0.01056	0.02258	0.81576	0.02699	0.01279	0.00526	0.00168	0.00245	0.04824	0.00381	0.00335
7	0.01090	0.68535	0.05071	0.00742	0.01078	0.05395	0.00723	0.02810	0.05648	0.01083	0.04058	0.00827	0.00711	0.00391	0.00294	0.00096	0.00443	0.00264	0.00207	0.00532
8	0.00570	0.00439	0.00529	0.00508	0.00619	0.00411	0.00381	0.00769	0.04402	0.01413	0.47287	0.03160	0.27952	0.02827	0.06747	0.00178	0.00275	0.00744	0.00407	0.00381
9	0.76966	0.00881	0.04092	0.00603	0.00878	0.00954	0.00519	0.08501	0.00817	0.01887	0.00616	0.00704	0.00471	0.00392	0.00274	0.00127	0.00342	0.00239	0.00265	0.00474
10	0.00648	0.00532	0.00712	0.00683	0.00763	0.04448	0.03833	0.00776	0.00732	0.01001	0.05882	0.08142	0.01378	0.15329	0.49364	0.00484	0.01976	0.02702	0.00253	0.00361
11	0.88473	0.00794	0.00603	0.00540	0.00794	0.00921	0.00445	0.01207	0.00699	0.01842	0.00572	0.00667	0.00445	0.00381	0.00254	0.00127	0.00318	0.00222	0.00254	0.00445
12	0.00851	0.00730	0.00851	0.00608	0.00973	0.00547	0.00486	0.01034	0.00851	0.01338	0.00730	0.00851	0.00608	0.00304	0.00304	0.00061	0.00304	0.00243	0.00243	0.88083
13	0.07270	0.00749	0.00958	0.00739	0.01054	0.00689	0.00611	0.09772	0.01219	0.70241	0.01491	0.01311	0.00949	0.00499	0.00403	0.00127	0.00357	0.00397	0.00482	0.00683
14	0.01005	0.00826	0.00886	0.00795	0.01018	0.00937	0.00618	0.02022	0.70609	0.04920	0.07885	0.01711	0.03761	0.00590	0.00424	0.00138	0.00313	0.00495	0.00423	0.00623
15	0.81932	0.00821	0.00651	0.00570	0.00830	0.00947	0.00470	0.07261	0.00791	0.01898	0.00603	0.00691	0.00464	0.00389	0.00266	0.00127	0.00328	0.00233	0.00266	0.00464
16	0.00591	0.00447	0.00565	0.00626	0.00733	0.00421	0.00524	0.00744	0.00934	0.01177	0.02884	0.08201	0.31019	0.01108	0.00536	0.00170	0.00311	0.48265	0.00379	0.00365
17	0.00542	0.00400	0.00506	0.00518	0.00599	0.00365	0.00374	0.00684	0.01013	0.01382	0.46217	0.28259	0.15613	0.01006	0.00496	0.00142	0.00209	0.00891	0.00419	0.00365
18	0.01842	0.00699	0.00953	0.00730	0.01048	0.00603	0.00603	0.02000	0.01175	0.83298	0.01619	0.01397	0.01016	0.00508	0.00413	0.00127	0.00349	0.00413	0.00508	0.00699
19	0.00515	0.00363	0.00472	0.00553	0.00573	0.00343	0.00361	0.00575	0.00758	0.01010	0.02117	0.72904	0.02531	0.13938	0.00759	0.00201	0.00262	0.01081	0.00361	0.00321
20	0.01533	0.01956	0.01163	0.01058	0.01269	0.83926	0.00793	0.01639	0.01163	0.01005	0.00635	0.00740	0.00529	0.00423	0.00370	0.00106	0.00740	0.00264	0.00212	0.00476
21	0.00943	0.38638	0.47980	0.00966	0.01461	0.01246	0.01161	0.01269	0.00852	0.01154	0.00664	0.00776	0.00523	0.00373	0.00335	0.00112	0.00534	0.00267	0.00174	0.00572
22	0.00505	0.00393	0.00460	0.00494	0.00580	0.00347	0.00351	0.00609	0.00908	0.01163	0.14936	0.36867	0.38700	0.01110	0.00501	0.00149	0.00218	0.00970	0.00392	0.00347
23	0.00642	0.00457	0.00632	0.00722	0.00804	0.00455	0.00612	0.00810	0.00911	0.01188	0.02137	0.12501	0.02352	0.05527	0.00642	0.00198	0.00365	0.68306	0.00372	0.00367
24	0.77332	0.03223	0.00792	0.00700	0.04757	0.00949	0.04694	0.01215	0.00728	0.01766	0.00594	0.00706	0.00466	0.00378	0.00273	0.00126	0.00348	0.00243	0.00247	0.00462
25	0.01100	0.35999	0.10069	0.01895	0.05269	0.08612	0.04306	0.03606	0.02110	0.05615	0.00732	0.00829	0.00594	0.00369	0.00327	0.00097	0.00466	0.00276	0.00223	0.17506

[dist]
# distance from previous block
# <min> <max>
5	8

[block]
# block no. 5 follows, 65 sequences, length 7
# corresponding to MSA columns:
# 527-533
name=unknown_F
#
# <colnr> <probs for GDERKNQSTAVLIFYWHMCP>
#	G	D	E	R	K	N	Q	S	T	A	V	L	I	F	Y	W	H	M	C	P
0	0.00957	0.00874	0.01437	0.13271	0.59659	0.00905	0.01112	0.01241	0.04589	0.01339	0.00868	0.01105	0.00707	0.00392	0.00395	0.00122	0.00457	0.00372	0.09605	0.00595
1	0.00972	0.43607	0.35122	0.00918	0.01350	0.01306	0.01042	0.01287	0.04375	0.01136	0.00684	0.00794	0.00556	0.00395	0.00379	0.00112	0.04949	0.00272	0.00185	0.00561
2	0.01514	0.00753	0.00926	0.00729	0.01010	0.00719	0.00596	0.21093	0.01332	0.47488	0.09131	0.01721	0.09919	0.00591	0.00426	0.00128	0.00345	0.00481	0.00466	0.00633
3	0.00619	0.00437	0.00584	0.00567	0.00646	0.00451	0.00421	0.00783	0.04362	0.01250	0.34530	0.02296	0.04240	0.07591	0.27471	0.09743	0.00522	0.00576	0.02551	0.00359
4	0.00534	0.00413	0.00439	0.00432	0.00558	0.00358	0.00324	0.00665	0.00972	0.01260	0.19399	0.03516	0.58470	0.00940	0.00464	0.00132	0.00203	0.00790	0.09771	0.00358
5	0.00669	0.00653	0.05404	0.00811	0.09494	0.05000	0.00564	0.00846	0.02896	0.01252	0.21693	0.25410	0.14374	0.04212	0.03200	0.00168	0.00336	0.02258	0.00349	0.00412
6	0.65586	0.00835	0.00755	0.00648	0.00886	0.00973	0.00535	0.09198	0.00840	0.06474	0.00669	0.00765	0.00512	0.00435	0.00395	0.00132	0.09337	0.00262	0.00276	0.00485

[dist]
# distance from previous block
# <min> <max>
1	3

[block]
# block no. 6 follows, 65 sequences, length 24
# corresponding to MSA columns:
# 537-560
name=unknown_G
#
# <colnr> <probs for GDERKNQSTAVLIFYWHMCP>
#	G	D	E	R	K	N	Q	S	T	A	V	L	I	F	Y	W	H	M	C	P
0	0.01939	0.00871	0.08912	0.03783	0.06910	0.07578	0.00681	0.08254	0.00946	0.05135	0.04153	0.09085	0.12135	0.11336	0.10488	0.00227	0.04659	0.00536	0.00289	0.02081
1	0.03195	0.12633	0.45400	0.01046	0.01494	0.04517	0.05186	0.09132	0.02747	0.01378	0.02456	0.03082	0.00691	0.00489	0.01907	0.00135	0.03376	0.00343	0.00220	0.00573
2	0.00661	0.00472	0.00661	0.00756	0.00850	0.00472	0.00661	0.00850	0.00945	0.01228	0.02173	0.04630	0.02362	0.01134	0.00567	0.00189	0.00378	0.80250	0.00378	0.00378
3	0.01082	0.01093	0.11908	0.03545	0.25394	0.00915	0.29238	0.01394	0.02938	0.14046	0.00989	0.03869	0.00761	0.00420	0.00437	0.00132	0.00542	0.00435	0.00259	0.00604
4	0.01032	0.05090	0.02796	0.19154	0.47573	0.11752	0.04292	0.01267	0.00936	0.01218	0.00738	0.00981	0.00604	0.00381	0.00399	0.00122	0.00540	0.00349	0.00198	0.00577
5	0.00833	0.00801	0.01298	0.69410	0.15464	0.03111	0.01150	0.01098	0.00848	0.01094	0.00734	0.01073	0.00563	0.00404	0.00409	0.00134	0.00543	0.00362	0.00186	0.00487
6	0.01830	0.00717	0.00964	0.00739	0.01057	0.00631	0.00611	0.05327	0.01206	0.79926	0.01593	0.01380	0.01003	0.00507	0.00413	0.00127	0.00354	0.00411	0.00504	0.00699
7	0.01016	0.00975	0.01666	0.02520	0.83013	0.00975	0.01260	0.01260	0.00935	0.01341	0.00772	0.01016	0.00650	0.00366	0.00406	0.00122	0.00488	0.00366	0.00203	0.00650
8	0.00513	0.00405	0.00439	0.00445	0.00559	0.00348	0.00326	0.00591	0.00895	0.01092	0.07540	0.10450	0.64214	0.01088	0.00598	0.08740	0.00224	0.00835	0.00365	0.00331
9	0.00511	0.00402	0.00444	0.00470	0.00561	0.00356	0.00333	0.00597	0.00855	0.01056	0.03245	0.22300	0.49944	0.12899	0.00721	0.00183	0.00248	0.04179	0.00363	0.00331
10	0.00500	0.00357	0.00476	0.00572	0.00595	0.00333	0.00381	0.00572	0.00786	0.01048	0.02262	0.85306	0.02715	0.01286	0.00524	0.00167	0.00238	0.01167	0.00381	0.00333
11	0.05600	0.01133	0.01203	0.00926	0.01251	0.01257	0.00765	0.77906	0.01873	0.02552	0.00966	0.00971	0.00686	0.00488	0.00403	0.00123	0.00445	0.00363	0.00403	0.00686
12	0.00852	0.00771	0.01231	0.76406	0.02675	0.00947	0.01105	0.08932	0.00929	0.01199	0.00755	0.01084	0.00562	0.00418	0.00410	0.00135	0.00538	0.00365	0.00205	0.00480
13	0.00924	0.01028	0.02214	0.01603	0.01978	0.00976	0.71935	0.01246	0.00932	0.01272	0.00862	0.01167	0.00671	0.00669	0.10363	0.00200	0.00740	0.00479	0.00209	0.00531
14	0.00684	0.00464	0.00604	0.02368	0.00739	0.00424	0.00437	0.00809	0.00883	0.07891	0.14836	0.36753	0.07810	0.03191	0.07973	0.00191	0.00336	0.01804	0.00363	0.11440
15	0.01431	0.03087	0.01216	0.01148	0.09225	0.54493	0.02563	0.08802	0.01175	0.05871	0.00771	0.00875	0.00611	0.00435	0.00397	0.00112	0.02427	0.00304	0.04536	0.00523
16	0.00838	0.02024	0.75522	0.01225	0.01813	0.00962	0.09342	0.01301	0.00877	0.01301	0.00746	0.00890	0.00530	0.00386	0.00399	0.00131	0.00615	0.00321	0.00177	0.00601
17	0.00836	0.00798	0.00832	0.08916	0.01057	0.16144	0.04077	0.02391	0.00987	0.03996	0.17440	0.03349	0.21094	0.01090	0.13748	0.00214	0.01730	0.00569	0.00312	0.00421
18	0.00893	0.02203	0.00897	0.00750	0.02042	0.11232	0.02764	0.04275	0.06451	0.01285	0.08470	0.09457	0.04307	0.07198	0.02193	0.00142	0.05555	0.00469	0.00288	0.29130
19	0.07719	0.21369	0.07134	0.04220	0.01132	0.04979	0.01958	0.06881	0.03429	0.08606	0.02860	0.02367	0.05122	0.01556	0.00522	0.02533	0.10120	0.00360	0.00264	0.06869
20	0.06273	0.11538	0.11708	0.12394	0.15678	0.06159	0.00903	0.04433	0.05069	0.07090	0.05539	0.04000	0.00894	0.00457	0.00379	0.00119	0.00454	0.00374	0.00260	0.06279
21	0.05764	0.12519	0.11811	0.00847	0.05329	0.02352	0.00728	0.14385	0.04900	0.05833	0.07076	0.06407	0.10088	0.01471	0.01336	0.00131	0.01412	0.01250	0.00311	0.06048
22	0.04932	0.06555	0.24982	0.01081	0.10537	0.03580	0.04919	0.05696	0.03855	0.07524	0.02711	0.06893	0.04985	0.02795	0.01664	0.00140	0.00471	0.01383	0.00269	0.05029
23	0.08049	0.12031	0.14397	0.02116	0.02447	0.11934	0.02233	0.05465	0.03646	0.10179	0.09508	0.04794	0.04376	0.01672	0.02739	0.00154	0.00489	0.01359	0.00320	0.02091

[dist]
# distance from previous block
# <min> <max>
0	53

[block]
# block no. 7 follows, 65 sequences, length 29
# corresponding to MSA columns:
# 623-651
name=unknown_H
#
# <colnr> <probs for GDERKNQSTAVLIFYWHMCP>
#	G	D	E	R	K	N	Q	S	T	A	V	L	I	F	Y	W	H	M	C	P
0	0.02739	0.17873	0.17390	0.00989	0.06397	0.07009	0.06080	0.06211	0.08657	0.04723	0.05010	0.02815	0.04702	0.04741	0.02819	0.00149	0.00487	0.00403	0.00266	0.00539
1	0.00836	0.10227	0.22401	0.00862	0.03695	0.04750	0.05370	0.04677	0.00977	0.03527	0.06930	0.02004	0.26835	0.00677	0.02087	0.00136	0.00432	0.00517	0.00284	0.02775
2	0.04483	0.08377	0.18854	0.00812	0.01140	0.03623	0.00780	0.10886	0.10785	0.12119	0.08046	0.03023	0.03489	0.04181	0.00462	0.00132	0.00413	0.00411	0.00321	0.07662
3	0.07361	0.09064	0.35160	0.06157	0.03136	0.01936	0.03189	0.01222	0.00879	0.08543	0.04149	0.06468	0.00892	0.00632	0.05230	0.00157	0.00520	0.01276	0.00244	0.03788
4	0.07143	0.12326	0.30555	0.01761	0.07450	0.06771	0.03156	0.02845	0.04826	0.03079	0.04846	0.04553	0.03122	0.05296	0.00477	0.00139	0.00487	0.00393	0.00241	0.00533
5	0.01021	0.33110	0.15935	0.01104	0.11893	0.06099	0.06533	0.02254	0.04180	0.02858	0.00932	0.01073	0.04676	0.00455	0.01422	0.00118	0.00495	0.01522	0.00219	0.04102
6	0.00993	0.35575	0.26040	0.06766	0.03157	0.05291	0.03254	0.03181	0.02565	0.01176	0.02328	0.00863	0.00621	0.00393	0.00361	0.00110	0.02231	0.00290	0.00198	0.04607
7	0.00630	0.04693	0.02433	0.00769	0.06902	0.00549	0.00540	0.00754	0.00759	0.01041	0.03823	0.28009	0.02957	0.09431	0.29294	0.00349	0.01952	0.04451	0.00284	0.00382
8	0.00594	0.02852	0.00628	0.00635	0.05971	0.00449	0.00434	0.00750	0.01023	0.01386	0.44962	0.10953	0.21938	0.03169	0.02309	0.00152	0.00252	0.00763	0.00394	0.00389
9	0.84308	0.00789	0.00620	0.00549	0.00806	0.00906	0.00452	0.01245	0.00721	0.05758	0.00622	0.00702	0.00472	0.00387	0.00262	0.00127	0.00319	0.00231	0.00266	0.00457
10	0.03334	0.01341	0.30222	0.07591	0.12068	0.03968	0.06617	0.02896	0.00906	0.04747	0.00770	0.00933	0.00587	0.00392	0.00427	0.00117	0.04605	0.00322	0.00217	0.17940
11	0.00546	0.00418	0.00501	0.00480	0.00592	0.00373	0.00360	0.00708	0.01080	0.01453	0.54485	0.03385	0.32306	0.00911	0.00485	0.00133	0.00199	0.00787	0.00426	0.00373
12	0.00991	0.32067	0.01464	0.01127	0.18550	0.05123	0.00805	0.02403	0.00933	0.03912	0.01173	0.03635	0.01166	0.00619	0.00403	0.00130	0.00439	0.24287	0.00263	0.00511
13	0.01016	0.00796	0.00873	0.00777	0.00994	0.00890	0.00607	0.05851	0.57465	0.07141	0.09919	0.01749	0.04633	0.00722	0.04535	0.00162	0.00353	0.00499	0.00416	0.00603
14	0.01095	0.02266	0.05547	0.06998	0.53568	0.06180	0.01138	0.11501	0.05081	0.01472	0.00828	0.01013	0.00664	0.00399	0.00403	0.00123	0.00500	0.00360	0.00237	0.00630
15	0.01087	0.05686	0.01525	0.13044	0.41699	0.06235	0.07137	0.05584	0.00996	0.07731	0.00898	0.04931	0.00747	0.00434	0.00409	0.00125	0.00500	0.00401	0.00243	0.00590
16	0.00490	0.00405	0.00431	0.00447	0.00564	0.00345	0.00327	0.00591	0.00914	0.01112	0.05880	0.19072	0.65846	0.01080	0.00492	0.00144	0.00213	0.00919	0.00383	0.00345
17	0.01063	0.01138	0.04498	0.12274	0.38260	0.14349	0.04077	0.02698	0.10529	0.01293	0.00842	0.01033	0.00677	0.00424	0.00456	0.00127	0.05088	0.00363	0.00228	0.00582
18	0.00544	0.00455	0.00478	0.00472	0.00609	0.00411	0.00353	0.00751	0.08330	0.01213	0.11428	0.07840	0.63687	0.00989	0.00481	0.00139	0.00219	0.00833	0.00391	0.00377
19	0.00984	0.00986	0.01321	0.28113	0.24169	0.14599	0.06126	0.01209	0.00963	0.03212	0.09530	0.01325	0.00992	0.00470	0.00437	0.00129	0.02123	0.02562	0.00236	0.00515
20	0.01085	0.00913	0.00964	0.00848	0.01092	0.01051	0.00665	0.11576	0.72773	0.01820	0.01590	0.01467	0.01187	0.00549	0.00417	0.00137	0.00340	0.00453	0.00417	0.00655
21	0.01001	0.01020	0.01320	0.14220	0.42059	0.14699	0.01010	0.01258	0.04827	0.01273	0.08064	0.01337	0.05210	0.00467	0.00412	0.00124	0.00491	0.00412	0.00242	0.00553
22	0.00513	0.00372	0.00472	0.00543	0.00582	0.00345	0.00366	0.00587	0.00800	0.01051	0.04511	0.63877	0.12397	0.09085	0.00665	0.00184	0.00251	0.02698	0.00371	0.00329
23	0.00759	0.00678	0.01044	0.45942	0.09667	0.02403	0.00913	0.03161	0.00870	0.01132	0.01223	0.21819	0.01228	0.00677	0.00449	0.00146	0.00455	0.06734	0.00255	0.00446
24	0.07010	0.45894	0.04065	0.01044	0.12731	0.11804	0.02013	0.07688	0.02199	0.01237	0.00665	0.00772	0.00565	0.00380	0.00317	0.00103	0.00484	0.00268	0.00212	0.00550
25	0.04777	0.09331	0.05450	0.08644	0.14080	0.02340	0.03962	0.21543	0.14105	0.04227	0.00972	0.01089	0.00750	0.01758	0.02717	0.00144	0.02848	0.00369	0.00296	0.00598
26	0.00572	0.00407	0.00512	0.00557	0.00633	0.00377	0.00402	0.00701	0.02637	0.03684	0.13350	0.47829	0.18670	0.01127	0.00508	0.00156	0.00242	0.06878	0.00395	0.00364
27	0.00910	0.00785	0.00930	0.12655	0.01259	0.03633	0.00602	0.03278	0.00896	0.03465	0.00756	0.00900	0.00610	0.00334	0.00327	0.00077	0.00360	0.00269	0.00245	0.67710
28	0.14870	0.00742	0.02529	0.00665	0.00907	0.00724	0.00541	0.12227	0.10964	0.09307	0.19749	0.04153	0.05489	0.00591	0.00396	0.00121	0.00309	0.01633	0.00372	0.13710

[dist]
# distance from previous block
# <min> <max>
1	12

[block]
# block no. 8 follows, 65 sequences, length 70
# corresponding to MSA columns:
# 664-678,682-702,704-737
name=unknown_I
#
# <colnr> <probs for GDERKNQSTAVLIFYWHMCP>
#	G	D	E	R	K	N	Q	S	T	A	V	L	I	F	Y	W	H	M	C	P
0	0.02692	0.01073	0.03231	0.10997	0.48286	0.11160	0.03401	0.04198	0.02668	0.01320	0.02506	0.01093	0.02419	0.00420	0.00431	0.00125	0.02801	0.00373	0.00223	0.00585
1	0.01023	0.01988	0.11649	0.04008	0.35622	0.04827	0.21679	0.07606	0.01011	0.01385	0.00821	0.01083	0.00662	0.01368	0.02302	0.00142	0.00575	0.01431	0.00220	0.00596
2	0.00586	0.00440	0.00660	0.00660	0.00733	0.00513	0.00513	0.00733	0.00660	0.00953	0.01100	0.01613	0.01026	0.03079	0.83947	0.00660	0.01100	0.00440	0.00220	0.00367
3	0.01117	0.77464	0.05388	0.00737	0.01092	0.05176	0.00738	0.01262	0.00855	0.02237	0.00596	0.00682	0.00534	0.00358	0.00275	0.00091	0.00458	0.00228	0.00182	0.00530
4	0.00504	0.00360	0.00481	0.00577	0.00602	0.00337	0.00389	0.00579	0.00790	0.01053	0.02260	0.83118	0.02705	0.01282	0.00525	0.00167	0.00242	0.03312	0.00381	0.00335
5	0.00487	0.00416	0.00418	0.00418	0.00555	0.00347	0.00313	0.00592	0.00939	0.01118	0.05484	0.03936	0.81515	0.01036	0.00485	0.00138	0.00208	0.00864	0.00382	0.00347
6	0.00502	0.00419	0.00440	0.00450	0.00581	0.00357	0.00344	0.00614	0.00937	0.01128	0.05594	0.06194	0.72386	0.01050	0.00493	0.00143	0.00222	0.07411	0.00382	0.00350
7	0.00789	0.00450	0.00593	0.00580	0.00693	0.00407	0.00429	0.00922	0.00996	0.17157	0.28257	0.35586	0.07578	0.00973	0.00488	0.00146	0.00247	0.02859	0.00428	0.00423
8	0.01176	0.01223	0.04370	0.01019	0.01271	0.19733	0.09187	0.11655	0.34482	0.01543	0.01129	0.01163	0.00865	0.00503	0.00488	0.00132	0.07568	0.00393	0.01515	0.00584
9	0.00951	0.00946	0.01374	0.02628	0.01239	0.02892	0.10081	0.05955	0.00762	0.01123	0.00616	0.00942	0.00568	0.00700	0.02871	0.00179	0.65125	0.00374	0.00198	0.00475
10	0.01168	0.01065	0.02055	0.01484	0.01874	0.01024	0.58877	0.14271	0.01148	0.11352	0.00950	0.01123	0.00682	0.00389	0.00464	0.00135	0.00612	0.00457	0.00276	0.00594
11	0.00508	0.00363	0.00486	0.00581	0.00608	0.00340	0.00395	0.00586	0.00794	0.01057	0.02258	0.81214	0.02697	0.01278	0.00526	0.00168	0.00245	0.05178	0.00381	0.00336
12	0.00500	0.00357	0.00476	0.00572	0.00595	0.00333	0.00381	0.00572	0.00786	0.01048	0.02262	0.85306	0.02715	0.01286	0.00524	0.00167	0.00238	0.01167	0.00381	0.00333
13	0.02124	0.01981	0.06440	0.11545	0.22124	0.00995	0.10647	0.08503	0.15658	0.04772	0.01024	0.04428	0.00823	0.00483	0.00487	0.00135	0.06545	0.00424	0.00274	0.00588
14	0.01121	0.23179	0.01452	0.17744	0.06678	0.14440	0.02346	0.09650	0.07673	0.03023	0.00908	0.01038	0.03469	0.00454	0.00422	0.00119	0.05165	0.00340	0.00244	0.00534
15	0.02843	0.03048	0.48807	0.04239	0.16087	0.00922	0.04756	0.02356	0.00902	0.03606	0.00861	0.02834	0.00689	0.00437	0.00402	0.00130	0.00544	0.03744	0.00209	0.02584
16	0.01943	0.01260	0.28305	0.02370	0.15575	0.03345	0.03308	0.07240	0.03189	0.04524	0.00904	0.01215	0.00754	0.09515	0.09554	0.00215	0.05627	0.00380	0.00233	0.00545
17	0.01054	0.01054	0.02841	0.14305	0.22190	0.14238	0.06379	0.12152	0.01031	0.01319	0.00879	0.04460	0.00780	0.08626	0.02375	0.00165	0.04976	0.00411	0.00240	0.00524
18	0.00597	0.00400	0.00456	0.00456	0.00459	0.00402	0.00259	0.00602	0.00599	0.00802	0.01286	0.02644	0.01474	0.82333	0.05305	0.00408	0.00426	0.00591	0.00248	0.00253
19	0.00888	0.00785	0.00877	0.00639	0.00990	0.03674	0.00511	0.02245	0.00874	0.01336	0.00726	0.00850	0.00605	0.00320	0.00330	0.00066	0.02076	0.00248	0.00243	0.81717
20	0.02782	0.02397	0.00915	0.11275	0.10215	0.04621	0.00681	0.02040	0.05589	0.06912	0.04014	0.15593	0.10820	0.05123	0.05791	0.00187	0.07436	0.02851	0.00302	0.00457
21	0.00955	0.21897	0.27261	0.01310	0.01768	0.01154	0.37395	0.01290	0.00905	0.01226	0.00739	0.00925	0.00568	0.00361	0.00402	0.00124	0.00605	0.00365	0.00189	0.00563
22	0.00556	0.00419	0.00515	0.00491	0.00598	0.00377	0.00368	0.00727	0.01104	0.01508	0.62608	0.03293	0.24148	0.00891	0.00484	0.00132	0.00197	0.00774	0.00434	0.00377
23	0.01064	0.75630	0.12050	0.00759	0.01142	0.01543	0.00802	0.01238	0.00838	0.01006	0.00591	0.00684	0.00526	0.00356	0.00279	0.00093	0.00459	0.00230	0.00175	0.00537
24	0.00978	0.13296	0.29984	0.00974	0.01348	0.04244	0.07486	0.04622	0.11688	0.05778	0.03128	0.02751	0.04006	0.03767	0.00484	0.00138	0.02393	0.02112	0.00264	0.00558
25	0.01404	0.01685	0.01176	0.06368	0.07015	0.63618	0.00828	0.06310	0.02217	0.01136	0.00749	0.04174	0.00645	0.00459	0.00384	0.00113	0.00668	0.00323	0.00230	0.00497
26	0.00525	0.00404	0.00484	0.00524	0.00608	0.00367	0.00380	0.00652	0.02433	0.01169	0.13008	0.38257	0.32292	0.01116	0.00505	0.00153	0.00232	0.06146	0.00390	0.00354
27	0.00979	0.21681	0.25962	0.05094	0.04559	0.02948	0.04225	0.03294	0.05030	0.03294	0.00747	0.00914	0.00602	0.00518	0.02486	0.00142	0.16448	0.00321	0.00207	0.00549
28	0.00876	0.00820	0.04606	0.07141	0.12541	0.03995	0.02508	0.02493	0.01991	0.04411	0.03129	0.05684	0.03513	0.03033	0.00725	0.01101	0.19764	0.19140	0.00275	0.02252
29	0.00601	0.00420	0.00564	0.00577	0.00650	0.00428	0.00421	0.00712	0.00780	0.04205	0.08308	0.23459	0.12037	0.10304	0.34169	0.00380	0.00597	0.00718	0.00314	0.00358
30	0.00509	0.00367	0.00479	0.00554	0.00591	0.00341	0.00374	0.00592	0.00825	0.01101	0.09706	0.71017	0.07677	0.03093	0.00553	0.00167	0.00236	0.01097	0.00385	0.00337
31	0.02228	0.04351	0.01500	0.20183	0.37668	0.08189	0.05744	0.09307	0.01026	0.02774	0.00779	0.00996	0.00618	0.00393	0.00399	0.00122	0.00520	0.00354	0.00226	0.02621
32	0.00660	0.00505	0.00726	0.13029	0.06454	0.00523	0.00600	0.03031	0.00877	0.02588	0.05986	0.46645	0.03154	0.00993	0.00502	0.00156	0.01479	0.09355	0.02337	0.00399
33	0.00500	0.00357	0.00476	0.00572	0.00595	0.00333	0.00381	0.00572	0.00786	0.01048	0.02262	0.85306	0.02715	0.01286	0.00524	0.00167	0.00238	0.01167	0.00381	0.00333
34	0.01562	0.00985	0.09107	0.01031	0.10986	0.04260	0.00802	0.11321	0.04695	0.48931	0.01317	0.01229	0.00876	0.00476	0.00408	0.00126	0.00418	0.00387	0.00411	0.00672
35	0.00851	0.00730	0.00851	0.00608	0.00973	0.00547	0.00486	0.01034	0.00851	0.01338	0.00730	0.00851	0.00608	0.00304	0.00304	0.00061	0.00304	0.00243	0.00243	0.88083
36	0.57070	0.05341	0.06910	0.00772	0.03688	0.15675	0.01790	0.01307	0.01837	0.01585	0.00619	0.00723	0.00489	0.00389	0.00295	0.00122	0.00431	0.00247	0.00236	0.00477
37	0.88473	0.00794	0.00603	0.00540	0.00794	0.00921	0.00445	0.01207	0.00699	0.01842	0.00572	0.00667	0.00445	0.00381	0.00254	0.00127	0.00318	0.00222	0.00254	0.00445
38	0.00888	0.00887	0.01229	0.01052	0.01072	0.02901	0.02889	0.00987	0.00661	0.01006	0.02460	0.01014	0.00655	0.02567	0.04408	0.00199	0.74116	0.00377	0.00190	0.00444
39	0.00499	0.00376	0.00462	0.00531	0.00588	0.00340	0.00366	0.00581	0.00831	0.01068	0.02795	0.60978	0.25302	0.01214	0.00514	0.00159	0.00232	0.02444	0.00381	0.00338
40	0.00583	0.00421	0.00529	0.00504	0.00610	0.00382	0.00377	0.00755	0.01107	0.02986	0.63996	0.06430	0.18019	0.00887	0.00485	0.00132	0.00201	0.00776	0.00437	0.00383
41	0.00505	0.00393	0.00457	0.00493	0.00578	0.00348	0.00350	0.00605	0.00895	0.01138	0.11836	0.36083	0.40135	0.02705	0.00531	0.00154	0.00224	0.01838	0.00386	0.00344
42	0.00529	0.00414	0.00479	0.00470	0.00583	0.00364	0.00350	0.00671	0.01028	0.01345	0.39166	0.08365	0.42841	0.00965	0.00487	0.00136	0.00203	0.00829	0.00413	0.00364
43	0.00823	0.02123	0.83447	0.01170	0.01777	0.00953	0.01517	0.01300	0.00867	0.01300	0.00737	0.00867	0.00520	0.00390	0.00390	0.00130	0.00607	0.00303	0.00173	0.00607
44	0.00788	0.00742	0.01254	0.80345	0.06972	0.00915	0.01146	0.01060	0.00827	0.01064	0.00732	0.01090	0.00553	0.00408	0.00410	0.00136	0.00544	0.00365	0.00183	0.00466
45	0.88473	0.00794	0.00603	0.00540	0.00794	0.00921	0.00445	0.01207	0.00699	0.01842	0.00572	0.00667	0.00445	0.00381	0.00254	0.00127	0.00318	0.00222	0.00254	0.00445
46	0.01412	0.01702	0.01108	0.01005	0.01221	0.64269	0.00759	0.01768	0.20394	0.01174	0.00880	0.00928	0.00700	0.00455	0.00381	0.00114	0.00642	0.00312	0.00260	0.00517
47	0.01035	0.00737	0.00874	0.00641	0.00982	0.00594	0.00513	0.06081	0.00956	0.13868	0.00903	0.01015	0.00710	0.03696	0.00397	0.00088	0.00324	0.00291	0.00294	0.66002
48	0.00569	0.00409	0.00539	0.00605	0.00661	0.00395	0.00443	0.00713	0.04147	0.01170	0.12017	0.51429	0.04672	0.01173	0.00564	0.03617	0.00266	0.15873	0.00383	0.00355
