[name]
unknown

[dist]
# distance from previous block
# <min> <max>
0	39

[block]
# block no. 0 follows, 75 sequences, length 155
# corresponding to MSA columns:
# 58-212
name=unknown_A
#
# <colnr> <probs for GDERKNQSTAVLIFYWHMCP>
#	G	D	E	R	K	N	Q	S	T	A	V	L	I	F	Y	W	H	M	C	P
0	0.01956	0.06472	0.07847	0.00764	0.03756	0.04196	0.06495	0.12770	0.00985	0.08021	0.17520	0.10431	0.03172	0.00652	0.03403	0.00132	0.02224	0.02213	0.06541	0.00450
1	0.07652	0.02060	0.25400	0.02948	0.02482	0.02233	0.06261	0.09410	0.00930	0.21625	0.01068	0.04450	0.04007	0.00504	0.02741	0.00127	0.00424	0.00363	0.03634	0.01680
2	0.02469	0.03259	0.06129	0.01778	0.57525	0.04255	0.00997	0.03072	0.04980	0.01221	0.04683	0.02105	0.00747	0.00388	0.00404	0.00112	0.04781	0.00344	0.00206	0.00544
3	0.04676	0.00834	0.03772	0.02845	0.59186	0.00809	0.02902	0.01152	0.03629	0.06564	0.06907	0.01097	0.01869	0.00386	0.00379	0.00112	0.01750	0.00358	0.00224	0.00548
4	0.00464	0.00329	0.00434	0.00503	0.00524	0.00316	0.00334	0.00524	0.00674	0.00903	0.01845	0.70428	0.02189	0.12184	0.06319	0.00205	0.00283	0.00936	0.00316	0.00291
5	0.01372	0.01750	0.01041	0.00946	0.01135	0.85618	0.00710	0.01467	0.01041	0.00899	0.00568	0.00662	0.00473	0.00378	0.00331	0.00095	0.00662	0.00237	0.00189	0.00426
6	0.00880	0.00844	0.01438	0.10726	0.71166	0.00853	0.03008	0.01101	0.00824	0.01173	0.00687	0.00912	0.00570	0.00329	0.00362	0.00109	0.00440	0.00325	0.00181	0.04072
7	0.00533	0.00398	0.00575	0.00570	0.00626	0.00458	0.00432	0.00647	0.00600	0.00859	0.04301	0.01605	0.01063	0.13750	0.69042	0.00530	0.03066	0.00421	0.00207	0.00317
8	0.01396	0.01029	0.01102	0.00845	0.01139	0.01139	0.00698	0.83577	0.01727	0.02315	0.00882	0.00882	0.00625	0.00441	0.00367	0.00110	0.00404	0.00331	0.00367	0.00625
9	0.01141	0.00854	0.01019	0.06553	0.11078	0.06882	0.00711	0.31032	0.01139	0.13828	0.00900	0.01033	0.00688	0.01879	0.14001	0.00193	0.05914	0.00341	0.00290	0.00525
10	0.00493	0.00459	0.02913	0.00491	0.00631	0.00382	0.05272	0.00626	0.00876	0.01112	0.21333	0.04040	0.57058	0.00835	0.00444	0.00123	0.01525	0.00712	0.00338	0.00337
11	0.00460	0.00368	0.00411	0.00411	0.00514	0.00319	0.00304	0.00572	0.00881	0.01122	0.26326	0.11375	0.53841	0.00901	0.00437	0.00124	0.00185	0.00770	0.00359	0.00319
12	0.00914	0.00789	0.00830	0.00747	0.00955	0.00914	0.00581	0.01952	0.84138	0.01536	0.01495	0.01370	0.01121	0.00498	0.00374	0.00125	0.00291	0.00415	0.00374	0.00581
13	0.08658	0.01436	0.44062	0.01182	0.01624	0.01888	0.32238	0.02466	0.00815	0.01226	0.00680	0.00841	0.00497	0.00335	0.00370	0.00119	0.00548	0.00327	0.00177	0.00512
14	0.02903	0.21117	0.01040	0.00571	0.00891	0.00743	0.00487	0.03244	0.00781	0.01160	0.00622	0.00720	0.00526	0.00288	0.00265	0.00063	0.00304	0.00215	0.00208	0.63851
15	0.00832	0.00772	0.01254	0.07221	0.58527	0.00758	0.00944	0.01039	0.00839	0.01205	0.08377	0.01151	0.00876	0.00380	0.00362	0.00105	0.00392	0.02610	0.00210	0.12146
16	0.07143	0.29066	0.02277	0.00742	0.01041	0.01185	0.00654	0.45882	0.01287	0.06270	0.00765	0.00786	0.00573	0.00393	0.00315	0.00100	0.00389	0.00280	0.00292	0.00559
17	0.00883	0.01015	0.02130	0.01528	0.01894	0.03688	0.80771	0.01186	0.00873	0.01167	0.00737	0.00980	0.00555	0.00312	0.00430	0.00123	0.00621	0.00427	0.00186	0.00493
18	0.87635	0.00708	0.00547	0.00487	0.00716	0.00817	0.00401	0.01096	0.00635	0.03592	0.00533	0.00612	0.00410	0.00344	0.00231	0.00114	0.00285	0.00203	0.00233	0.00403
19	0.05922	0.00629	0.00837	0.00645	0.00927	0.00554	0.00533	0.01755	0.01031	0.81007	0.01403	0.01218	0.00884	0.00449	0.00362	0.00114	0.00311	0.00361	0.00444	0.00614
20	0.04888	0.01016	0.01080	0.00831	0.01122	0.01127	0.00686	0.80314	0.01683	0.02288	0.00867	0.00871	0.00616	0.00437	0.00362	0.00110	0.00399	0.00325	0.00362	0.00616
21	0.00858	0.00973	0.02112	0.05910	0.01951	0.00923	0.79219	0.01164	0.00860	0.01164	0.00738	0.00990	0.00554	0.00313	0.00430	0.00124	0.00613	0.00428	0.00185	0.00491
22	0.01643	0.00632	0.00857	0.00657	0.00941	0.00551	0.00543	0.03288	0.01064	0.83540	0.01439	0.01243	0.00904	0.00454	0.00369	0.00114	0.00314	0.00369	0.00453	0.00625
23	0.00592	0.00423	0.00592	0.00676	0.00761	0.00423	0.00592	0.00761	0.00845	0.01099	0.01945	0.04143	0.02114	0.01015	0.00507	0.00169	0.00338	0.82329	0.00338	0.00338
24	0.00449	0.00320	0.00426	0.00510	0.00531	0.00299	0.00339	0.00512	0.00701	0.00934	0.02011	0.85538	0.02412	0.02488	0.00491	0.00152	0.00215	0.01036	0.00339	0.00297
25	0.00533	0.00405	0.00601	0.00596	0.00658	0.00476	0.00462	0.00659	0.00588	0.00850	0.00974	0.01452	0.00917	0.05106	0.80753	0.00571	0.03483	0.00395	0.00196	0.00327
26	0.06500	0.00630	0.00835	0.00644	0.00925	0.00555	0.00532	0.01751	0.01028	0.80459	0.01397	0.01214	0.00881	0.00448	0.00362	0.00114	0.00311	0.00360	0.00442	0.00613
27	0.00918	0.00777	0.00820	0.00738	0.00944	0.00897	0.00574	0.01926	0.81330	0.02578	0.01488	0.01369	0.01115	0.00496	0.00371	0.00124	0.00288	0.00413	0.02257	0.00577
28	0.89687	0.00710	0.00540	0.00483	0.00710	0.00824	0.00398	0.01080	0.00625	0.01648	0.00511	0.00597	0.00398	0.00341	0.00227	0.00114	0.00284	0.00199	0.00227	0.00398
29	0.00534	0.00356	0.00401	0.00401	0.00401	0.00356	0.00223	0.00534	0.00534	0.00712	0.01157	0.02403	0.01335	0.87092	0.01869	0.00356	0.00356	0.00534	0.00223	0.00223
30	0.04219	0.04682	0.03257	0.01570	0.45155	0.06663	0.01891	0.13318	0.13082	0.01392	0.00813	0.00928	0.00645	0.00372	0.00353	0.00110	0.00423	0.00324	0.00237	0.00564
31	0.02133	0.27573	0.19792	0.02466	0.20111	0.03319	0.06590	0.05325	0.04589	0.01153	0.00671	0.00793	0.00539	0.00341	0.00321	0.00101	0.00450	0.00279	0.00188	0.03268
32	0.07705	0.25429	0.42027	0.00837	0.01246	0.04457	0.00957	0.01228	0.01644	0.10295	0.00698	0.00763	0.00517	0.00353	0.00310	0.00105	0.00458	0.00256	0.00198	0.00516
33	0.00982	0.87313	0.01925	0.00628	0.00943	0.01453	0.00628	0.01100	0.00746	0.00864	0.00511	0.00589	0.00471	0.00314	0.00236	0.00079	0.00393	0.00196	0.00157	0.00471
34	0.00543	0.00371	0.00453	0.00481	0.00505	0.00370	0.00328	0.00592	0.00628	0.00829	0.01424	0.08581	0.01615	0.58574	0.01415	0.00293	0.00342	0.22138	0.00261	0.00258
35	0.09032	0.09492	0.04424	0.00869	0.03876	0.29286	0.01487	0.21769	0.04372	0.07815	0.01578	0.00817	0.00597	0.00402	0.00353	0.00105	0.02675	0.00283	0.00261	0.00508
36	0.00884	0.00847	0.01445	0.12159	0.75095	0.00866	0.01115	0.01105	0.00824	0.01169	0.00686	0.00917	0.00571	0.00332	0.00364	0.00111	0.00443	0.00327	0.00180	0.00561
37	0.19686	0.00647	0.00772	0.00600	0.00879	0.00590	0.00493	0.01496	0.00914	0.53584	0.01120	0.01032	0.00741	0.00400	0.00323	0.00104	0.00300	0.00308	0.00367	0.15642
38	0.00867	0.00991	0.02167	0.01548	0.01920	0.00929	0.83467	0.01176	0.00867	0.01176	0.00743	0.00991	0.00557	0.00310	0.00433	0.00124	0.00619	0.00433	0.00186	0.00495
39	0.00500	0.00375	0.00463	0.00441	0.00536	0.00338	0.00331	0.00654	0.00992	0.01361	0.65751	0.02928	0.22392	0.00793	0.00433	0.00117	0.00176	0.00690	0.00390	0.00338
40	0.87625	0.00708	0.00547	0.00487	0.00716	0.00817	0.00401	0.01096	0.00635	0.03601	0.00533	0.00612	0.00410	0.00344	0.00231	0.00114	0.00285	0.00203	0.00233	0.00403
41	0.00512	0.00375	0.00481	0.00454	0.00544	0.00343	0.00341	0.00679	0.01022	0.01432	0.77679	0.02811	0.10419	0.00766	0.00433	0.00116	0.00174	0.00674	0.00399	0.00343
42	0.79743	0.00707	0.00579	0.00505	0.00739	0.00801	0.00416	0.02441	0.00684	0.09768	0.00608	0.00665	0.00451	0.00354	0.00243	0.00114	0.00289	0.00218	0.00252	0.00423
43	0.01396	0.01029	0.01102	0.00845	0.01139	0.01139	0.00698	0.83577	0.01727	0.02315	0.00882	0.00882	0.00625	0.00441	0.00367	0.00110	0.00404	0.00331	0.00367	0.00625
44	0.00631	0.00366	0.00427	0.00408	0.00500	0.00349	0.00307	0.00801	0.00906	0.03777	0.40569	0.02043	0.03274	0.00588	0.00346	0.00101	0.00176	0.00501	0.43577	0.00352
45	0.00638	0.00319	0.00478	0.00478	0.00478	0.00319	0.00319	0.00478	0.00478	0.00638	0.00638	0.01116	0.00638	0.01276	0.01435	0.89314	0.00319	0.00319	0.00159	0.00159
46	0.00631	0.00323	0.00479	0.00479	0.00480	0.00324	0.00319	0.00486	0.00484	0.00647	0.00668	0.01177	0.00673	0.04712	0.03831	0.83289	0.00339	0.00330	0.00163	0.00167
47	0.02533	0.01008	0.01076	0.00834	0.01121	0.01119	0.00686	0.76933	0.07316	0.02253	0.00919	0.00911	0.00655	0.00443	0.00366	0.00111	0.00395	0.00335	0.00366	0.00619
48	0.89687	0.00710	0.00540	0.00483	0.00710	0.00824	0.00398	0.01080	0.00625	0.01648	0.00511	0.00597	0.00398	0.00341	0.00227	0.00114	0.00284	0.00199	0.00227	0.00398
49	0.01372	0.01750	0.01041	0.00946	0.01135	0.85618	0.00710	0.01467	0.01041	0.00899	0.00568	0.00662	0.00473	0.00378	0.00331	0.00095	0.00662	0.00237	0.00189	0.00426
50	0.00762	0.00653	0.00762	0.00544	0.00870	0.00490	0.00435	0.00925	0.00762	0.01197	0.00653	0.00762	0.00544	0.00272	0.00272	0.00054	0.00272	0.00218	0.00218	0.89338
51	0.00685	0.00342	0.00342	0.00342	0.00428	0.00342	0.00257	0.00856	0.00770	0.01369	0.01198	0.01369	0.00941	0.00428	0.00257	0.00086	0.00171	0.00342	0.89131	0.00342
52	0.01372	0.01750	0.01041	0.00946	0.01135	0.85618	0.00710	0.01467	0.01041	0.00899	0.00568	0.00662	0.00473	0.00378	0.00331	0.00095	0.00662	0.00237	0.00189	0.00426
53	0.00622	0.00443	0.00641	0.00697	0.00795	0.00439	0.03027	0.00794	0.00851	0.03066	0.01926	0.03973	0.03343	0.00979	0.00501	0.00166	0.00343	0.76709	0.00336	0.00349
54	0.00804	0.00804	0.01125	0.00964	0.00964	0.01125	0.00804	0.00884	0.00562	0.00884	0.00482	0.00804	0.00482	0.00643	0.01205	0.00161	0.86420	0.00321	0.00161	0.00402
55	0.00447	0.00320	0.00426	0.00511	0.00533	0.00298	0.00341	0.00511	0.00703	0.00938	0.02024	0.86853	0.02429	0.01151	0.00469	0.00149	0.00213	0.01044	0.00341	0.00298
56	0.00518	0.00370	0.00508	0.00593	0.00645	0.00359	0.00464	0.00634	0.00773	0.01017	0.01985	0.46188	0.02274	0.01084	0.00488	0.00159	0.00275	0.41008	0.00340	0.00318
57	0.00943	0.73604	0.15289	0.00696	0.01046	0.01357	0.00745	0.01110	0.00751	0.00912	0.00534	0.00619	0.00470	0.00320	0.00254	0.00085	0.00417	0.00208	0.00157	0.00483
58	0.00467	0.00331	0.00423	0.00489	0.00512	0.00313	0.00322	0.00522	0.00680	0.00901	0.01925	0.65562	0.05466	0.17475	0.00735	0.00188	0.00242	0.02846	0.00318	0.00285
59	0.01372	0.01750	0.01041	0.00946	0.01135	0.85618	0.00710	0.01467	0.01041	0.00899	0.00568	0.00662	0.00473	0.00378	0.00331	0.00095	0.00662	0.00237	0.00189	0.00426
60	0.00988	0.09463	0.01002	0.00815	0.02317	0.35110	0.00621	0.01065	0.00779	0.00861	0.00709	0.01166	0.00709	0.19447	0.00871	0.00168	0.20852	0.02486	0.00190	0.00380
61	0.00840	0.00708	0.01199	0.47508	0.17391	0.00785	0.08103	0.01089	0.03002	0.09514	0.00871	0.02397	0.01829	0.00405	0.00379	0.00121	0.00455	0.02720	0.00214	0.00469
62	0.00632	0.00359	0.00386	0.00376	0.00471	0.00342	0.00283	0.00791	0.00839	0.02865	0.18039	0.01968	0.14191	0.00569	0.00321	0.00098	0.00176	0.00472	0.56480	0.00343
63	0.01230	0.00854	0.00995	0.00923	0.09973	0.02141	0.00670	0.27863	0.30102	0.19457	0.01190	0.01129	0.00851	0.00451	0.00369	0.00116	0.00353	0.00367	0.00366	0.00602
64	0.01046	0.09030	0.34668	0.03026	0.11209	0.00833	0.08198	0.02204	0.00873	0.24088	0.00875	0.00929	0.00611	0.00370	0.00354	0.00112	0.00458	0.00314	0.00245	0.00557
65	0.11378	0.00971	0.01025	0.00794	0.01080	0.01071	0.00656	0.69851	0.01566	0.06703	0.00871	0.00869	0.00614	0.00430	0.00352	0.00111	0.00386	0.00318	0.00356	0.00599
66	0.00507	0.00372	0.00469	0.00449	0.00539	0.00339	0.00335	0.00665	0.00994	0.01382	0.68608	0.06162	0.14934	0.00787	0.00432	0.00118	0.00177	0.00690	0.01700	0.00339
67	0.01098	0.10204	0.27993	0.03493	0.03510	0.45512	0.00928	0.01309	0.00913	0.00989	0.00597	0.00707	0.00474	0.00361	0.00329	0.00101	0.00586	0.00249	0.00174	0.00471
68	0.00904	0.04283	0.03573	0.15841	0.61853	0.01888	0.01070	0.01124	0.00825	0.04146	0.00702	0.00914	0.00570	0.00339	0.00359	0.00110	0.00444	0.00321	0.00187	0.00548
69	0.01600	0.00677	0.00888	0.00683	0.00962	0.00624	0.00564	0.11506	0.01121	0.73421	0.01361	0.01197	0.00866	0.00457	0.00387	0.00114	0.02150	0.00364	0.00438	0.00620
70	0.77531	0.02847	0.00629	0.00539	0.00764	0.10524	0.00439	0.01124	0.00675	0.01544	0.00518	0.00604	0.00408	0.00345	0.00239	0.00111	0.00330	0.00203	0.00221	0.00403
71	0.00457	0.00326	0.00434	0.00518	0.00542	0.00306	0.00352	0.00525	0.00708	0.00942	0.02004	0.80894	0.02392	0.02738	0.00497	0.00154	0.00222	0.05352	0.00339	0.00299
72	0.00900	0.00859	0.01464	0.02208	0.82326	0.00859	0.01111	0.01116	0.00837	0.01197	0.00728	0.01004	0.00627	0.00347	0.00368	0.00111	0.00433	0.02743	0.00186	0.00575
73	0.45022	0.00669	0.00693	0.00563	0.00822	0.00677	0.00464	0.01390	0.00825	0.39160	0.00941	0.00900	0.00636	0.00388	0.00294	0.00110	0.00296	0.00277	0.00329	0.05544
74	0.00588	0.00420	0.00587	0.00672	0.00754	0.00419	0.00585	0.00754	0.00841	0.01095	0.01947	0.06479	0.02123	0.01018	0.00506	0.00169	0.00335	0.80033	0.00338	0.00337
75	0.00864	0.00985	0.02149	0.02977	0.01930	0.00927	0.82076	0.01172	0.00865	0.01172	0.00742	0.00991	0.00556	0.00311	0.00432	0.00124	0.00617	0.00432	0.00185	0.00494
76	0.00534	0.00356	0.00401	0.00401	0.00401	0.00356	0.00223	0.00534	0.00534	0.00712	0.01157	0.02403	0.01335	0.87092	0.01869	0.00356	0.00356	0.00534	0.00223	0.00223
77	0.01372	0.01750	0.01041	0.00946	0.01135	0.85618	0.00710	0.01467	0.01041	0.00899	0.00568	0.00662	0.00473	0.00378	0.00331	0.00095	0.00662	0.00237	0.00189	0.00426
78	0.01087	0.00862	0.00918	0.00776	0.01014	0.00977	0.00618	0.28148	0.55624	0.03858	0.01297	0.01211	0.00957	0.00479	0.00372	0.00120	0.00328	0.00387	0.00374	0.00596
79	0.00435	0.00372	0.00374	0.00373	0.00497	0.00311	0.00280	0.00530	0.00840	0.00999	0.04945	0.03523	0.83423	0.00927	0.00434	0.00124	0.00186	0.00773	0.00342	0.00311
80	0.89687	0.00710	0.00540	0.00483	0.00710	0.00824	0.00398	0.01080	0.00625	0.01648	0.00511	0.00597	0.00398	0.00341	0.00227	0.00114	0.00284	0.00199	0.00227	0.00398
81	0.00516	0.00375	0.00485	0.00458	0.00546	0.00345	0.00343	0.00685	0.01030	0.01451	0.80861	0.02780	0.07226	0.00759	0.00433	0.00116	0.00174	0.00669	0.00401	0.00345
82	0.01396	0.01029	0.01102	0.00845	0.01139	0.01139	0.00698	0.83577	0.01727	0.02315	0.00882	0.00882	0.00625	0.00441	0.00367	0.00110	0.00404	0.00331	0.00367	0.00625
83	0.00982	0.87313	0.01925	0.00628	0.00943	0.01453	0.00628	0.01100	0.00746	0.00864	0.00511	0.00589	0.00471	0.00314	0.00236	0.00079	0.00393	0.00196	0.00157	0.00471
84	0.86205	0.00707	0.00552	0.00490	0.00719	0.00813	0.00403	0.01108	0.00642	0.04947	0.00548	0.00622	0.00418	0.00345	0.00233	0.00114	0.00285	0.00206	0.00236	0.00407
85	0.00444	0.00379	0.00382	0.00382	0.00507	0.00321	0.00288	0.00552	0.02056	0.01002	0.03660	0.03512	0.82133	0.00925	0.00434	0.00125	0.00190	0.02051	0.00341	0.00314
86	0.01272	0.00966	0.01033	0.00817	0.01091	0.01075	0.00666	0.63104	0.20831	0.02113	0.01020	0.00993	0.00738	0.00451	0.00367	0.00113	0.00375	0.00348	0.00366	0.02260
87	0.00773	0.00731	0.00696	0.00739	0.00848	0.20191	0.00619	0.00925	0.00891	0.01053	0.01625	0.03335	0.01733	0.00867	0.00466	0.00152	0.00413	0.63281	0.00304	0.00359
88	0.89687	0.00710	0.00540	0.00483	0.00710	0.00824	0.00398	0.01080	0.00625	0.01648	0.00511	0.00597	0.00398	0.00341	0.00227	0.00114	0.00284	0.00199	0.00227	0.00398
89	0.00914	0.00789	0.00830	0.00747	0.00955	0.00914	0.00581	0.01952	0.84138	0.01536	0.01495	0.01370	0.01121	0.00498	0.00374	0.00125	0.00291	0.00415	0.00374	0.00581
90	0.00985	0.09874	0.15557	0.01307	0.29052	0.00952	0.02045	0.12344	0.14587	0.05766	0.00867	0.00961	0.00669	0.01464	0.00385	0.00114	0.01935	0.00325	0.00246	0.00563
91	0.89687	0.00710	0.00540	0.00483	0.00710	0.00824	0.00398	0.01080	0.00625	0.01648	0.00511	0.00597	0.00398	0.00341	0.00227	0.00114	0.00284	0.00199	0.00227	0.00398
92	0.00592	0.00423	0.00592	0.00676	0.00761	0.00423	0.00592	0.00761	0.00845	0.01099	0.01945	0.04143	0.02114	0.01015	0.00507	0.00169	0.00338	0.82329	0.00338	0.00338
93	0.00726	0.00685	0.01159	0.73774	0.14716	0.00824	0.01036	0.00966	0.00749	0.00977	0.00658	0.00969	0.00503	0.00361	0.00367	0.00120	0.00482	0.00327	0.00166	0.00434
94	0.00526	0.00390	0.00570	0.00570	0.00629	0.00448	0.00434	0.00643	0.00584	0.00838	0.01002	0.01544	0.00962	0.11594	0.76858	0.00566	0.00918	0.00408	0.00199	0.00317
95	0.01396	0.01029	0.01102	0.00845	0.01139	0.01139	0.00698	0.83577	0.01727	0.02315	0.00882	0.00882	0.00625	0.00441	0.00367	0.00110	0.00404	0.00331	0.00367	0.00625
96	0.00447	0.00320	0.00426	0.00511	0.00533	0.00298	0.00341	0.00511	0.00703	0.00938	0.02024	0.86853	0.02429	0.01151	0.00469	0.00149	0.00213	0.01044	0.00341	0.00298
97	0.00867	0.00991	0.02167	0.01548	0.01920	0.00929	0.83467	0.01176	0.00867	0.01176	0.00743	0.00991	0.00557	0.00310	0.00433	0.00124	0.00619	0.00433	0.00186	0.00495
98	0.01396	0.01029	0.01102	0.00845	0.01139	0.01139	0.00698	0.83577	0.01727	0.02315	0.00882	0.00882	0.00625	0.00441	0.00367	0.00110	0.00404	0.00331	0.00367	0.00625
99	0.00694	0.00653	0.01102	0.86210	0.02530	0.00816	0.01020	0.00938	0.00734	0.00938	0.00653	0.00979	0.00490	0.00367	0.00367	0.00122	0.00490	0.00326	0.00163	0.00408
100	0.00758	0.09502	0.77778	0.01010	0.01532	0.00906	0.01292	0.01157	0.00773	0.01137	0.00646	0.00759	0.00466	0.00346	0.00339	0.00113	0.00529	0.00265	0.00155	0.00536
101	0.00451	0.00370	0.00398	0.00401	0.00512	0.00317	0.00300	0.00555	0.00858	0.01061	0.15383	0.09081	0.65469	0.00921	0.00438	0.00125	0.00189	0.02507	0.00350	0.00315
102	0.00434	0.00372	0.00372	0.00372	0.00496	0.00310	0.00279	0.00527	0.00837	0.00992	0.03721	0.03535	0.84652	0.00930	0.00434	0.00124	0.00186	0.00775	0.00341	0.00310
103	0.01648	0.00625	0.00852	0.00653	0.00938	0.00540	0.00540	0.01790	0.01051	0.85056	0.01449	0.01250	0.00909	0.00455	0.00369	0.00114	0.00313	0.00369	0.00455	0.00625
104	0.00987	0.86220	0.01913	0.00632	0.00945	0.02529	0.00629	0.01104	0.00750	0.00865	0.00511	0.00590	0.00471	0.00315	0.00237	0.00079	0.00396	0.00197	0.00158	0.00471
105	0.01396	0.01029	0.01102	0.00845	0.01139	0.01139	0.00698	0.83577	0.01727	0.02315	0.00882	0.00882	0.00625	0.00441	0.00367	0.00110	0.00404	0.00331	0.00367	0.00625
106	0.00521	0.00359	0.00400	0.00399	0.00417	0.00350	0.00233	0.00538	0.00586	0.00768	0.03833	0.02554	0.11743	0.73952	0.01651	0.00320	0.00330	0.00568	0.00242	0.00237
107	0.00737	0.01900	0.85189	0.01047	0.01590	0.00853	0.01357	0.01163	0.00775	0.01163	0.00659	0.00775	0.00465	0.00349	0.00349	0.00116	0.00543	0.00271	0.00155	0.00543
108	0.00927	0.00796	0.00838	0.00750	0.00960	0.00920	0.00585	0.04219	0.81848	0.01558	0.01478	0.01357	0.01107	0.00497	0.00374	0.00124	0.00294	0.00413	0.00374	0.00583
109	0.00499	0.00416	0.00538	0.00527	0.00647	0.00373	0.05377	0.00622	0.00835	0.01036	0.05273	0.10966	0.51268	0.00926	0.00454	0.00136	0.00249	0.19197	0.00333	0.00328
110	0.00621	0.00469	0.00602	0.00648	0.00754	0.00480	0.00549	0.00911	0.12997	0.01181	0.07783	0.03594	0.08521	0.00914	0.00477	0.00155	0.00308	0.58316	0.00348	0.00372
111	0.00569	0.00400	0.00548	0.00627	0.00698	0.00396	0.00525	0.00715	0.00809	0.01071	0.01907	0.18342	0.02100	0.03447	0.00529	0.00168	0.00310	0.62666	0.03847	0.00328
112	0.16793	0.00640	0.00799	0.00624	0.00898	0.00589	0.00515	0.01668	0.00978	0.70708	0.01288	0.01138	0.00821	0.00435	0.00345	0.00114	0.00308	0.00340	0.00415	0.00586
113	0.00863	0.01017	0.04613	0.01533	0.01910	0.00927	0.81049	0.01176	0.00864	0.01176	0.00741	0.00984	0.00555	0.00311	0.00431	0.00124	0.00617	0.00429	0.00185	0.00497
114	0.00745	0.00699	0.00981	0.00872	0.00892	0.00930	0.01680	0.02071	0.00627	0.00930	0.00827	0.11282	0.00886	0.00752	0.01032	0.02785	0.62596	0.08828	0.00204	0.00380
115	0.00525	0.00394	0.00590	0.00590	0.00656	0.00459	0.00459	0.00656	0.00590	0.00853	0.00984	0.01443	0.00918	0.02755	0.85637	0.00590	0.00984	0.00394	0.00197	0.00328
116	0.00982	0.87313	0.01925	0.00628	0.00943	0.01453	0.00628	0.01100	0.00746	0.00864	0.00511	0.00589	0.00471	0.00314	0.00236	0.00079	0.00393	0.00196	0.00157	0.00471
117	0.27286	0.00650	0.00761	0.00604	0.00871	0.00623	0.00498	0.01583	0.00927	0.60767	0.01176	0.01060	0.00760	0.00421	0.00328	0.00114	0.00304	0.00320	0.00388	0.00559
118	0.01331	0.01648	0.01008	0.00914	0.01101	0.77881	0.00687	0.04570	0.01051	0.00968	0.00632	0.02710	0.00538	0.00400	0.00334	0.00096	0.00628	0.00262	0.02812	0.00428
119	0.00448	0.00373	0.00391	0.00386	0.00504	0.00316	0.00290	0.00553	0.00869	0.01068	0.16404	0.03411	0.71922	0.00902	0.00434	0.00123	0.00184	0.00758	0.00351	0.00316
120	0.15357	0.00743	0.00868	0.00676	0.00954	0.00739	0.00558	0.22777	0.01159	0.50662	0.01156	0.01053	0.00756	0.00433	0.00347	0.00113	0.00332	0.00333	0.00397	0.00589
121	0.00434	0.00372	0.00372	0.00372	0.00496	0.00310	0.00279	0.00527	0.00837	0.00992	0.03721	0.03535	0.84652	0.00930	0.00434	0.00124	0.00186	0.00775	0.00341	0.00310
122	0.00777	0.00652	0.00763	0.00546	0.00872	0.00490	0.00437	0.00940	0.00767	0.02678	0.00667	0.00770	0.00550	0.00275	0.00274	0.00055	0.00273	0.00220	0.00222	0.87771
123	0.17748	0.00919	0.00964	0.00754	0.01031	0.01007	0.00622	0.58696	0.01439	0.10876	0.00887	0.01918	0.00635	0.00433	0.00343	0.00112	0.00370	0.00319	0.00350	0.00579
124	0.00685	0.00342	0.00342	0.00342	0.00428	0.00342	0.00257	0.00856	0.00770	0.01369	0.01198	0.01369	0.00941	0.00428	0.00257	0.00086	0.00171	0.00342	0.89131	0.00342
125	0.00982	0.87313	0.01925	0.00628	0.00943	0.01453	0.00628	0.01100	0.00746	0.00864	0.00511	0.00589	0.00471	0.00314	0.00236	0.00079	0.00393	0.00196	0.00157	0.00471
126	0.00909	0.00873	0.01491	0.02254	0.84801	0.00873	0.01127	0.01127	0.00836	0.01200	0.00691	0.00909	0.00582	0.00327	0.00364	0.00109	0.00436	0.00327	0.00182	0.00582
127	0.01372	0.01750	0.01041	0.00946	0.01135	0.85618	0.00710	0.01467	0.01041	0.00899	0.00568	0.00662	0.00473	0.00378	0.00331	0.00095	0.00662	0.00237	0.00189	0.00426
128	0.00586	0.00419	0.00585	0.00670	0.00752	0.00418	0.00582	0.00751	0.00840	0.01093	0.01948	0.07414	0.02126	0.01020	0.00506	0.00168	0.00333	0.79115	0.00338	0.00337
129	0.00762	0.00653	0.00762	0.00544	0.00870	0.00490	0.00435	0.00925	0.00762	0.01197	0.00653	0.00762	0.00544	0.00272	0.00272	0.00054	0.00272	0.00218	0.00218	0.89338
130	0.89687	0.00710	0.00540	0.00483	0.00710	0.00824	0.00398	0.01080	0.00625	0.01648	0.00511	0.00597	0.00398	0.00341	0.00227	0.00114	0.00284	0.00199	0.00227	0.00398
131	0.00566	0.00424	0.00531	0.00496	0.00596	0.00413	0.00374	0.00841	0.10796	0.01480	0.74849	0.02582	0.03190	0.00721	0.00426	0.00117	0.00187	0.00635	0.00401	0.00374
132	0.00475	0.00345	0.00455	0.00533	0.00576	0.00324	0.00386	0.00563	0.00743	0.00974	0.02147	0.63458	0.09076	0.01105	0.00474	0.00151	0.00236	0.17331	0.00340	0.00307
133	0.00574	0.00417	0.00568	0.00643	0.00732	0.00410	0.00557	0.00735	0.00845	0.01087	0.02141	0.04076	0.11255	0.01005	0.00499	0.00164	0.00321	0.73297	0.00339	0.00335
134	0.05352	0.00644	0.00848	0.00653	0.00935	0.00574	0.00540	0.04786	0.01058	0.78476	0.01388	0.01209	0.00877	0.00449	0.00363	0.00114	0.00315	0.00361	0.00442	0.00615
135	0.00581	0.00410	0.00555	0.00623	0.00691	0.00410	0.00521	0.00717	0.00785	0.01024	0.01793	0.03807	0.01963	0.17639	0.00770	0.00205	0.00342	0.66532	0.00316	0.00316
136	0.66843	0.00672	0.00599	0.00520	0.00748	0.00738	0.00424	0.01198	0.00717	0.18898	0.00784	0.05176	0.00608	0.00406	0.00269	0.00115	0.00286	0.00278	0.00280	0.00440
137	0.00694	0.00653	0.01102	0.86210	0.02530	0.00816	0.01020	0.00938	0.00734	0.00938	0.00653	0.00979	0.00490	0.00367	0.00367	0.00122	0.00490	0.00326	0.00163	0.00408
138	0.00744	0.00722	0.00997	0.00863	0.00882	0.00975	0.00712	0.00837	0.00639	0.00964	0.11044	0.01224	0.06443	0.00675	0.01059	0.00153	0.70082	0.00394	0.00203	0.00389
139	0.01372	0.01750	0.01041	0.00946	0.01135	0.85618	0.00710	0.01467	0.01041	0.00899	0.00568	0.00662	0.00473	0.00378	0.00331	0.00095	0.00662	0.00237	0.00189	0.00426
140	0.00698	0.00657	0.01109	0.84652	0.04056	0.00817	0.01022	0.00942	0.00736	0.00943	0.00654	0.00978	0.00491	0.00366	0.00367	0.00122	0.00489	0.00326	0.00164	0.00411
141	0.00762	0.00653	0.00762	0.00544	0.00870	0.00490	0.00435	0.00925	0.00762	0.01197	0.00653	0.00762	0.00544	0.00272	0.00272	0.00054	0.00272	0.00218	0.00218	0.89338
142	0.01413	0.01001	0.01085	0.00832	0.01125	0.01098	0.00687	0.77971	0.01681	0.07985	0.00921	0.00907	0.00644	0.00442	0.00368	0.00110	0.00398	0.00333	0.00373	0.00625
143	0.00435	0.00367	0.00377	0.00385	0.00500	0.00309	0.00285	0.00526	0.00824	0.00987	0.03559	0.11491	0.76801	0.00951	0.00437	0.00126	0.00189	0.00801	0.00341	0.00309
144	0.00588	0.00420	0.00587	0.00669	0.00753	0.00419	0.00583	0.00756	0.00848	0.01106	0.03872	0.05301	0.02150	0.01010	0.00505	0.00168	0.00333	0.79256	0.00340	0.00338
145	0.00511	0.00370	0.00483	0.00468	0.00549	0.00342	0.00348	0.00671	0.00996	0.01399	0.72698	0.11808	0.05227	0.00802	0.00438	0.00120	0.00180	0.01855	0.00395	0.00340
146	0.00525	0.00394	0.00590	0.00590	0.00656	0.00459	0.00459	0.00656	0.00590	0.00853	0.00984	0.01443	0.00918	0.02755	0.85637	0.00590	0.00984	0.00394	0.00197	0.00328
147	0.89687	0.00710	0.00540	0.00483	0.00710	0.00824	0.00398	0.01080	0.00625	0.01648	0.00511	0.00597	0.00398	0.00341	0.00227	0.00114	0.00284	0.00199	0.00227	0.00398
148	0.89687	0.00710	0.00540	0.00483	0.00710	0.00824	0.00398	0.01080	0.00625	0.01648	0.00511	0.00597	0.00398	0.00341	0.00227	0.00114	0.00284	0.00199	0.00227	0.00398
149	0.00956	0.00810	0.00854	0.00756	0.00971	0.00933	0.00592	0.09159	0.76861	0.01605	0.01441	0.01327	0.01077	0.00493	0.00373	0.00123	0.00301	0.00408	0.00373	0.00585
150	0.00441	0.00378	0.00378	0.00377	0.00502	0.00318	0.00283	0.00546	0.01969	0.01000	0.03690	0.03505	0.83517	0.00924	0.00433	0.00124	0.00187	0.00770	0.00342	0.00314
151	0.00580	0.00479	0.00675	0.00787	0.08929	0.02449	0.02958	0.00691	0.00751	0.01001	0.01710	0.50683	0.01960	0.00966	0.00508	0.00148	0.05558	0.18513	0.00306	0.00350
152	0.00898	0.00649	0.00776	0.00561	0.00881	0.00497	0.00451	0.01058	0.00806	0.14077	0.00775	0.00837	0.00600	0.00300	0.00287	0.00063	0.00278	0.00241	0.00254	0.75712
153	0.89687	0.00710	0.00540	0.00483	0.00710	0.00824	0.00398	0.01080	0.00625	0.01648	0.00511	0.00597	0.00398	0.00341	0.00227	0.00114	0.00284	0.00199	0.00227	0.00398
154	0.01084	0.00919	0.02332	0.03432	0.08605	0.03437	0.05259	0.32067	0.05056	0.04875	0.00786	0.00929	0.00616	0.01435	0.00625	0.00128	0.25205	0.00338	0.02349	0.00523

[dist]
# distance from previous block
# <min> <max>
4	13

[block]
# block no. 1 follows, 75 sequences, length 205
# corresponding to MSA columns:
# 226-430
name=unknown_B
#
# <colnr> <probs for GDERKNQSTAVLIFYWHMCP>
#	G	D	E	R	K	N	Q	S	T	A	V	L	I	F	Y	W	H	M	C	P
0	0.00868	0.15335	0.40779	0.01270	0.22725	0.02163	0.02292	0.03454	0.02361	0.02494	0.00675	0.00803	0.00522	0.00347	0.00345	0.00108	0.01388	0.00281	0.00179	0.01612
1	0.00969	0.09288	0.04210	0.02688	0.48974	0.14378	0.04049	0.01201	0.04403	0.01134	0.02114	0.00885	0.00619	0.00347	0.00347	0.00104	0.00463	0.00308	0.00193	0.03326
2	0.00438	0.00365	0.00382	0.00393	0.00502	0.00309	0.00289	0.00528	0.00822	0.00994	0.05069	0.15251	0.71481	0.00958	0.00439	0.00127	0.00190	0.00811	0.00342	0.00309
3	0.00982	0.87313	0.01925	0.00628	0.00943	0.01453	0.00628	0.01100	0.00746	0.00864	0.00511	0.00589	0.00471	0.00314	0.00236	0.00079	0.00393	0.00196	0.00157	0.00471
4	0.00475	0.00366	0.00434	0.00434	0.00526	0.00325	0.00319	0.00600	0.00909	0.01203	0.40319	0.15873	0.35126	0.00882	0.00439	0.00124	0.00184	0.00766	0.00370	0.00325
5	0.00496	0.00375	0.00458	0.00437	0.00534	0.00337	0.00328	0.00648	0.00984	0.01341	0.62493	0.02960	0.25662	0.00800	0.00433	0.00118	0.00177	0.00695	0.00387	0.00337
6	0.01396	0.01023	0.01089	0.00839	0.01129	0.02462	0.00691	0.78275	0.03006	0.05005	0.00905	0.00898	0.00639	0.00441	0.00367	0.00110	0.00403	0.00332	0.00368	0.00621
7	0.01618	0.00639	0.00857	0.00661	0.00942	0.00565	0.00545	0.03546	0.03842	0.80494	0.01438	0.01246	0.00910	0.00456	0.00369	0.00114	0.00314	0.00370	0.00450	0.00624
8	0.00534	0.00357	0.00405	0.00405	0.00406	0.00358	0.00227	0.00537	0.00535	0.00715	0.01154	0.02383	0.01327	0.85332	0.03618	0.00361	0.00369	0.00531	0.00222	0.00225
9	0.00867	0.00991	0.02167	0.01548	0.01920	0.00929	0.83467	0.01176	0.00867	0.01176	0.00743	0.00991	0.00557	0.00310	0.00433	0.00124	0.00619	0.00433	0.00186	0.00495
10	0.01425	0.00952	0.01049	0.00805	0.01094	0.01028	0.00665	0.68885	0.01601	0.15739	0.00979	0.00950	0.00676	0.00443	0.00366	0.00110	0.00385	0.00337	0.01891	0.00620
11	0.00525	0.00393	0.00587	0.00587	0.00651	0.00457	0.00454	0.00653	0.00589	0.00850	0.00987	0.01462	0.00926	0.04410	0.83993	0.00586	0.00971	0.00396	0.00197	0.00326
12	0.89687	0.00710	0.00540	0.00483	0.00710	0.00824	0.00398	0.01080	0.00625	0.01648	0.00511	0.00597	0.00398	0.00341	0.00227	0.00114	0.00284	0.00199	0.00227	0.00398
13	0.00854	0.01079	0.10247	0.01499	0.01887	0.00921	0.75476	0.01175	0.00858	0.01175	0.00735	0.00970	0.00548	0.00313	0.00425	0.00123	0.00612	0.00418	0.00183	0.00500
14	0.00520	0.00379	0.00535	0.00542	0.00590	0.00423	0.00398	0.00617	0.00588	0.00829	0.01110	0.08947	0.01138	0.20949	0.60154	0.00502	0.00782	0.00480	0.00215	0.00302
15	0.00441	0.00345	0.00400	0.00444	0.00515	0.00304	0.00311	0.00519	0.00768	0.00964	0.02845	0.46532	0.42220	0.01044	0.00452	0.00137	0.00200	0.00914	0.00341	0.00304
16	0.01402	0.00971	0.01061	0.00819	0.01107	0.01060	0.00674	0.70384	0.05504	0.11762	0.00975	0.00947	0.00680	0.00445	0.00368	0.00111	0.00388	0.00339	0.00378	0.00623
17	0.11420	0.05157	0.04527	0.01728	0.55289	0.10883	0.00967	0.01154	0.00821	0.01190	0.00639	0.00819	0.00535	0.00345	0.00362	0.00108	0.03049	0.00293	0.00185	0.00529
18	0.02818	0.07743	0.15904	0.01235	0.04345	0.05819	0.41113	0.06792	0.03267	0.05178	0.00774	0.01949	0.00587	0.00353	0.00383	0.00116	0.00535	0.00365	0.00211	0.00513
19	0.00464	0.00368	0.00394	0.00401	0.00490	0.00327	0.00285	0.00539	0.00759	0.00929	0.02949	0.07790	0.57413	0.19580	0.02818	0.00188	0.00249	0.03454	0.00312	0.00292
20	0.01050	0.08498	0.00993	0.00779	0.01005	0.12949	0.00620	0.13006	0.53835	0.01495	0.01194	0.01135	0.00905	0.00457	0.00355	0.00114	0.00368	0.00359	0.00328	0.00556
21	0.00841	0.05588	0.66186	0.01000	0.01472	0.08813	0.02556	0.03121	0.00828	0.03277	0.00702	0.02732	0.00527	0.00373	0.00347	0.00113	0.00532	0.00289	0.00176	0.00526
22	0.01875	0.05020	0.45477	0.01035	0.05411	0.05199	0.08739	0.01262	0.10854	0.02904	0.00772	0.00867	0.00574	0.00358	0.00347	0.00110	0.00483	0.00298	0.00200	0.08215
23	0.00775	0.01594	0.58655	0.01162	0.01641	0.00868	0.23389	0.01188	0.03762	0.01184	0.01921	0.00883	0.00557	0.00349	0.00374	0.00119	0.00549	0.00326	0.00175	0.00529
24	0.00741	0.00689	0.01146	0.76980	0.04307	0.00838	0.03760	0.05299	0.00793	0.01025	0.00669	0.00973	0.00501	0.00368	0.00369	0.00122	0.00488	0.00330	0.00175	0.00426
25	0.00854	0.04471	0.20841	0.03019	0.17470	0.02160	0.09762	0.07418	0.00893	0.06574	0.05408	0.06239	0.05239	0.04997	0.00459	0.00130	0.00427	0.02906	0.00242	0.00490
26	0.00978	0.82327	0.05468	0.00650	0.00973	0.01423	0.00661	0.02381	0.00763	0.00899	0.00523	0.00602	0.00473	0.00318	0.00243	0.00081	0.00399	0.00202	0.00160	0.00477
27	0.00473	0.00374	0.00426	0.00413	0.00520	0.00327	0.00310	0.00602	0.00929	0.01210	0.40322	0.03177	0.47916	0.00849	0.00434	0.00120	0.00180	0.00725	0.00370	0.00327
28	0.00502	0.00372	0.00468	0.00450	0.00539	0.00338	0.00335	0.00657	0.00989	0.01367	0.67244	0.07285	0.16489	0.00801	0.00435	0.00119	0.00177	0.00702	0.00391	0.00338
29	0.00883	0.00998	0.14608	0.24142	0.20191	0.00877	0.17680	0.07590	0.02159	0.04746	0.00742	0.00941	0.00558	0.00360	0.00391	0.00118	0.01956	0.00343	0.00202	0.00514
30	0.00867	0.00907	0.01122	0.00984	0.02363	0.10229	0.00799	0.00951	0.00619	0.00891	0.00495	0.00790	0.00483	0.00609	0.01097	0.00153	0.75760	0.00312	0.00164	0.00407
31	0.01588	0.00721	0.00912	0.00699	0.00985	0.00682	0.00577	0.21251	0.01212	0.65368	0.01314	0.01162	0.00841	0.00451	0.00369	0.00113	0.00334	0.00360	0.00434	0.00625
32	0.00685	0.00342	0.00342	0.00342	0.00428	0.00342	0.00257	0.00856	0.00770	0.01369	0.01198	0.01369	0.00941	0.00428	0.00257	0.00086	0.00171	0.00342	0.89131	0.00342
33	0.00762	0.00653	0.00762	0.00544	0.00870	0.00490	0.00435	0.00925	0.00762	0.01197	0.00653	0.00762	0.00544	0.00272	0.00272	0.00054	0.00272	0.00218	0.00218	0.89338
34	0.89687	0.00710	0.00540	0.00483	0.00710	0.00824	0.00398	0.01080	0.00625	0.01648	0.00511	0.00597	0.00398	0.00341	0.00227	0.00114	0.00284	0.00199	0.00227	0.00398
35	0.00962	0.00660	0.00816	0.00593	0.00911	0.00520	0.02205	0.02518	0.00841	0.18931	0.00827	0.00872	0.00623	0.00314	0.00298	0.00069	0.00290	0.00256	0.00270	0.67223
36	0.89687	0.00710	0.00540	0.00483	0.00710	0.00824	0.00398	0.01080	0.00625	0.01648	0.00511	0.00597	0.00398	0.00341	0.00227	0.00114	0.00284	0.00199	0.00227	0.00398
37	0.01499	0.00863	0.01000	0.00767	0.01056	0.00893	0.00633	0.50051	0.01450	0.36232	0.01114	0.01033	0.00741	0.00447	0.00368	0.00112	0.00367	0.00347	0.00403	0.00625
38	0.00685	0.00342	0.00342	0.00342	0.00428	0.00342	0.00257	0.00856	0.00770	0.01369	0.01198	0.01369	0.00941	0.00428	0.00257	0.00086	0.00171	0.00342	0.89131	0.00342
39	0.89687	0.00710	0.00540	0.00483	0.00710	0.00824	0.00398	0.01080	0.00625	0.01648	0.00511	0.00597	0.00398	0.00341	0.00227	0.00114	0.00284	0.00199	0.00227	0.00398
40	0.89687	0.00710	0.00540	0.00483	0.00710	0.00824	0.00398	0.01080	0.00625	0.01648	0.00511	0.00597	0.00398	0.00341	0.00227	0.00114	0.00284	0.00199	0.00227	0.00398
41	0.00592	0.00423	0.00592	0.00676	0.00761	0.00423	0.00592	0.00761	0.00845	0.01099	0.01945	0.04143	0.02114	0.01015	0.00507	0.00169	0.00338	0.82329	0.00338	0.00338
42	0.00525	0.00394	0.00590	0.00590	0.00656	0.00459	0.00459	0.00656	0.00590	0.00853	0.00984	0.01443	0.00918	0.02755	0.85637	0.00590	0.00984	0.00394	0.00197	0.00328
43	0.00914	0.00789	0.00830	0.00747	0.00955	0.00914	0.00581	0.01952	0.84138	0.01536	0.01495	0.01370	0.01121	0.00498	0.00374	0.00125	0.00291	0.00415	0.00374	0.00581
44	0.01648	0.00625	0.00852	0.00653	0.00938	0.00540	0.00540	0.01790	0.01051	0.85056	0.01449	0.01250	0.00909	0.00455	0.00369	0.00114	0.00313	0.00369	0.00455	0.00625
45	0.01372	0.01750	0.01041	0.00946	0.01135	0.85618	0.00710	0.01467	0.01041	0.00899	0.00568	0.00662	0.00473	0.00378	0.00331	0.00095	0.00662	0.00237	0.00189	0.00426
46	0.00932	0.00798	0.00841	0.00751	0.00962	0.00922	0.00586	0.04999	0.81061	0.01565	0.01472	0.01352	0.01103	0.00496	0.00373	0.00124	0.00295	0.00412	0.00373	0.00583
47	0.00589	0.00421	0.00588	0.00673	0.00756	0.00420	0.00586	0.00756	0.00842	0.01096	0.01946	0.05936	0.02121	0.01018	0.00506	0.00169	0.00335	0.80567	0.00338	0.00337
48	0.05582	0.00637	0.00843	0.00650	0.00931	0.00564	0.00537	0.03363	0.01045	0.79700	0.01396	0.01214	0.00881	0.00449	0.00363	0.00114	0.00313	0.00361	0.00443	0.00615
49	0.01401	0.01020	0.01097	0.00841	0.01135	0.01126	0.00695	0.81869	0.01713	0.04042	0.00894	0.00889	0.00631	0.00441	0.00367	0.00110	0.00402	0.00331	0.00369	0.00625
50	0.01346	0.00557	0.00748	0.00596	0.00828	0.00487	0.00484	0.01494	0.01036	0.62545	0.19470	0.01638	0.03753	0.00531	0.00382	0.00114	0.00275	0.00443	0.02724	0.00549
51	0.01626	0.00660	0.00874	0.00670	0.00955	0.00591	0.00553	0.08802	0.01109	0.77962	0.01400	0.01219	0.00885	0.00453	0.00369	0.00113	0.00320	0.00366	0.00447	0.00625
52	0.00737	0.01900	0.85189	0.01047	0.01590	0.00853	0.01357	0.01163	0.00775	0.01163	0.00659	0.00775	0.00465	0.00349	0.00349	0.00116	0.00543	0.00271	0.00155	0.00543
53	0.00553	0.00399	0.00509	0.00476	0.00572	0.00377	0.00359	0.00770	0.05347	0.02340	0.77274	0.02647	0.04265	0.00732	0.00427	0.00116	0.00181	0.00645	0.01651	0.00361
54	0.00490	0.00351	0.00474	0.00558	0.00599	0.00335	0.00414	0.00585	0.00747	0.00986	0.02029	0.61108	0.03690	0.01107	0.00480	0.00155	0.00250	0.24993	0.00340	0.00310
55	0.89687	0.00710	0.00540	0.00483	0.00710	0.00824	0.00398	0.01080	0.00625	0.01648	0.00511	0.00597	0.00398	0.00341	0.00227	0.00114	0.00284	0.00199	0.00227	0.00398
56	0.00519	0.00382	0.00501	0.00571	0.00643	0.00364	0.00458	0.00642	0.00800	0.01030	0.02283	0.29874	0.16773	0.01042	0.00482	0.00155	0.00272	0.42549	0.00340	0.00321
57	0.01043	0.00853	0.00903	0.00774	0.01004	0.00974	0.00613	0.23867	0.62012	0.01745	0.01330	0.01239	0.00988	0.00483	0.00372	0.00121	0.00321	0.00393	0.00372	0.00593
58	0.00463	0.00334	0.00442	0.00520	0.00555	0.00313	0.00364	0.00541	0.00731	0.00966	0.03379	0.72166	0.07019	0.01118	0.00470	0.00149	0.00224	0.09599	0.00342	0.00304
59	0.00767	0.00657	0.00764	0.00551	0.00873	0.00504	0.00440	0.00959	0.03548	0.01208	0.00681	0.00782	0.00563	0.00280	0.00275	0.00057	0.00273	0.00224	0.00223	0.86372
60	0.17861	0.01125	0.00788	0.00732	0.00885	0.42639	0.00552	0.01141	0.01887	0.01027	0.00735	0.03166	0.00672	0.07330	0.17727	0.00220	0.00617	0.00306	0.00207	0.00384
61	0.01373	0.01017	0.01089	0.00840	0.01130	0.01128	0.00693	0.79706	0.05635	0.02278	0.00911	0.00905	0.00648	0.00444	0.00368	0.00111	0.00399	0.00335	0.00368	0.00623
62	0.01396	0.01029	0.01102	0.00845	0.01139	0.01139	0.00698	0.83577	0.01727	0.02315	0.00882	0.00882	0.00625	0.00441	0.00367	0.00110	0.00404	0.00331	0.00367	0.00625
63	0.01406	0.00966	0.01056	0.00813	0.01101	0.01052	0.00671	0.71032	0.03354	0.12063	0.00966	0.00942	0.00673	0.00444	0.00366	0.00111	0.00388	0.00337	0.01639	0.00620
64	0.01046	0.00616	0.00744	0.00622	0.00775	0.00643	0.00474	0.21483	0.00971	0.22866	0.01115	0.01553	0.00966	0.30273	0.10182	0.00249	0.04248	0.00416	0.00313	0.00445
65	0.00747	0.00636	0.00746	0.00539	0.00851	0.00481	0.00430	0.00911	0.00778	0.01213	0.05637	0.00879	0.00717	0.00300	0.00282	0.00058	0.00266	0.00244	0.00229	0.84054
66	0.01648	0.00625	0.00852	0.00653	0.00938	0.00540	0.00540	0.01790	0.01051	0.85056	0.01449	0.01250	0.00909	0.00455	0.00369	0.00114	0.00313	0.00369	0.00455	0.00625
67	0.00576	0.03387	0.03939	0.00511	0.00642	0.00462	0.00413	0.00844	0.10264	0.01383	0.58346	0.02546	0.13853	0.00716	0.00417	0.00116	0.00210	0.00620	0.00374	0.00380
68	0.01396	0.01029	0.01102	0.00845	0.01139	0.01139	0.00698	0.83577	0.01727	0.02315	0.00882	0.00882	0.00625	0.00441	0.00367	0.00110	0.00404	0.00331	0.00367	0.00625
69	0.00979	0.03978	0.08484	0.01672	0.48921	0.02511	0.07710	0.01218	0.02347	0.11005	0.00784	0.00926	0.00609	0.00342	0.00357	0.00106	0.00434	0.00323	0.00217	0.07076
70	0.00808	0.01701	0.70893	0.01057	0.03170	0.00822	0.05787	0.01195	0.00801	0.07375	0.00752	0.02691	0.00548	0.00372	0.00358	0.00117	0.00521	0.00305	0.00184	0.00542
71	0.00909	0.00873	0.01491	0.02254	0.84801	0.00873	0.01127	0.01127	0.00836	0.01200	0.00691	0.00909	0.00582	0.00327	0.00364	0.00109	0.00436	0.00327	0.00182	0.00582
72	0.00793	0.01729	0.02713	0.03451	0.03876	0.00476	0.03928	0.00917	0.00807	0.19478	0.01662	0.41501	0.02592	0.02462	0.00476	0.00142	0.01890	0.10365	0.00335	0.00406
73	0.01261	0.07370	0.13206	0.02375	0.01180	0.08791	0.09855	0.02471	0.03354	0.40320	0.01093	0.01071	0.02043	0.00446	0.01444	0.00118	0.02394	0.00343	0.00314	0.00550
74	0.00737	0.01900	0.85189	0.01047	0.01590	0.00853	0.01357	0.01163	0.00775	0.01163	0.00659	0.00775	0.00465	0.00349	0.00349	0.00116	0.00543	0.00271	0.00155	0.00543
75	0.00676	0.00341	0.00345	0.00349	0.00432	0.00341	0.00260	0.00843	0.00768	0.01353	0.01229	0.04543	0.00997	0.00455	0.00265	0.00088	0.00173	0.00368	0.85835	0.00341
76	0.01128	0.49224	0.07222	0.00740	0.04983	0.01101	0.00670	0.04080	0.00867	0.22551	0.00892	0.00897	0.03456	0.00378	0.00295	0.00094	0.00378	0.00276	0.00248	0.00521
77	0.01290	0.06144	0.03865	0.00857	0.01092	0.45043	0.00689	0.18767	0.07264	0.07337	0.02631	0.00884	0.01699	0.00416	0.00343	0.00102	0.00520	0.00294	0.00263	0.00497
78	0.00488	0.00377	0.00428	0.00418	0.00528	0.00329	0.00315	0.00612	0.00913	0.02474	0.33581	0.04966	0.50197	0.00862	0.00435	0.00122	0.00186	0.02076	0.00366	0.00329
79	0.86715	0.00708	0.00547	0.00485	0.00716	0.00813	0.00399	0.01074	0.00630	0.01633	0.00516	0.00602	0.00403	0.00339	0.00229	0.00112	0.00284	0.00200	0.00227	0.03370
80	0.00750	0.09515	0.46478	0.00951	0.05076	0.02019	0.05368	0.01042	0.00756	0.01965	0.02551	0.02874	0.00698	0.07740	0.07207	0.00168	0.00521	0.00331	0.00182	0.03808
81	0.01510	0.00638	0.00844	0.00660	0.00923	0.00582	0.00541	0.08308	0.02356	0.69147	0.04571	0.01290	0.00988	0.00594	0.05149	0.00140	0.00352	0.00380	0.00430	0.00597
82	0.00454	0.00374	0.00402	0.00416	0.00528	0.00322	0.00318	0.00554	0.00833	0.01008	0.04706	0.08891	0.69049	0.00951	0.00444	0.00130	0.00204	0.09760	0.00342	0.00313
83	0.00905	0.00877	0.01456	0.07664	0.77717	0.02648	0.01111	0.01122	0.00834	0.01177	0.00686	0.00908	0.00574	0.00331	0.00363	0.00110	0.00445	0.00325	0.00181	0.00567
84	0.01029	0.01161	0.03017	0.03011	0.36753	0.29748	0.00901	0.01210	0.03156	0.01052	0.00743	0.00910	0.03351	0.00413	0.00467	0.00112	0.11969	0.00312	0.00191	0.00492
85	0.00672	0.00514	0.00596	0.00602	0.00709	0.00545	0.00439	0.01116	0.32899	0.04364	0.01871	0.47083	0.05374	0.00863	0.00427	0.00137	0.00246	0.00764	0.00358	0.00420
