[name]
unknown

[dist]
# distance from previous block
# <min> <max>
0	68

[block]
# block no. 0 follows, 73 sequences, length 24
# corresponding to MSA columns:
# 74-97
name=unknown_A
#
# <colnr> <probs for GDERKNQSTAVLIFYWHMCP>
#	G	D	E	R	K	N	Q	S	T	A	V	L	I	F	Y	W	H	M	C	P
0	0.05195	0.03421	0.00836	0.01609	0.03953	0.00598	0.00499	0.06392	0.00871	0.10221	0.00969	0.04237	0.04850	0.00385	0.00312	0.00080	0.00298	0.00311	0.00266	0.54700
1	0.00818	0.02082	0.07804	0.00785	0.08914	0.00592	0.01748	0.02415	0.00813	0.03946	0.00803	0.04185	0.01907	0.00345	0.00310	0.00075	0.00323	0.00289	0.00229	0.61616
2	0.00840	0.00760	0.01086	0.01277	0.35413	0.00662	0.00737	0.01030	0.00809	0.01224	0.00683	0.00840	0.00572	0.00301	0.00316	0.00079	0.00347	0.00269	0.00207	0.52548
3	0.01019	0.83727	0.01934	0.00650	0.00971	0.01472	0.00645	0.04287	0.00801	0.00940	0.00536	0.00613	0.00487	0.00326	0.00246	0.00081	0.00402	0.00206	0.00169	0.00487
4	0.00848	0.09990	0.47176	0.01171	0.07272	0.02385	0.15646	0.02292	0.04054	0.02273	0.00756	0.00943	0.00580	0.00372	0.00367	0.00117	0.00527	0.02505	0.00187	0.00538
5	0.00744	0.01884	0.81785	0.01047	0.01585	0.00852	0.01348	0.01171	0.00802	0.01200	0.03731	0.00866	0.00587	0.00371	0.00360	0.00119	0.00541	0.00292	0.00168	0.00547
6	0.00752	0.01941	0.84871	0.01069	0.01624	0.00871	0.01386	0.01188	0.00792	0.01188	0.00673	0.00792	0.00475	0.00356	0.00356	0.00119	0.00554	0.00277	0.00158	0.00554
7	0.00508	0.00469	0.04780	0.01944	0.00730	0.00391	0.06453	0.00619	0.00758	0.01007	0.04187	0.63856	0.10807	0.01025	0.00464	0.00145	0.00265	0.00931	0.00326	0.00336
8	0.00736	0.04226	0.12915	0.00666	0.00837	0.02281	0.02782	0.00886	0.00799	0.12626	0.03772	0.40371	0.04436	0.02746	0.05611	0.00168	0.00362	0.03063	0.00312	0.00406
9	0.00457	0.00326	0.00435	0.00522	0.00544	0.00305	0.00348	0.00522	0.00718	0.00958	0.02068	0.86570	0.02481	0.01175	0.00479	0.00152	0.00218	0.01067	0.00348	0.00305
10	0.01075	0.01391	0.42564	0.00919	0.01333	0.00885	0.01004	0.18449	0.11354	0.15865	0.00966	0.00974	0.00670	0.00413	0.00367	0.00118	0.00453	0.00325	0.00284	0.00591
11	0.00934	0.00903	0.01467	0.09370	0.73225	0.03496	0.01120	0.02810	0.00870	0.01216	0.00702	0.00926	0.00584	0.00342	0.00371	0.00112	0.00457	0.00331	0.00188	0.00575
12	0.00563	0.00359	0.00470	0.00521	0.00573	0.00331	0.00358	0.00637	0.00754	0.07865	0.03327	0.68645	0.07653	0.04287	0.01617	0.00161	0.00239	0.00958	0.00352	0.00331
13	0.00528	0.00383	0.00498	0.00469	0.00559	0.00353	0.00352	0.00703	0.01055	0.01489	0.81715	0.02828	0.06111	0.00773	0.00443	0.00118	0.00177	0.00682	0.00411	0.00353
14	0.00535	0.00359	0.00412	0.00423	0.00426	0.00356	0.00242	0.00543	0.00567	0.00756	0.01292	0.12905	0.01503	0.76176	0.01732	0.00337	0.00346	0.00610	0.00242	0.00237
15	0.89465	0.00726	0.00551	0.00493	0.00726	0.00842	0.00406	0.01103	0.00638	0.01683	0.00522	0.00609	0.00406	0.00348	0.00232	0.00116	0.00290	0.00203	0.00232	0.00406
16	0.00936	0.73111	0.04881	0.00653	0.00951	0.01336	0.00648	0.01069	0.00744	0.00893	0.00587	0.00717	0.00538	0.00632	0.10816	0.00147	0.00482	0.00228	0.00165	0.00466
17	0.00992	0.11503	0.02725	0.00771	0.04095	0.06469	0.01478	0.09299	0.21814	0.11369	0.02750	0.13420	0.04360	0.03249	0.00441	0.00128	0.01648	0.02667	0.00322	0.00501
18	0.03910	0.03275	0.26433	0.00930	0.02968	0.11413	0.02360	0.23629	0.06590	0.13538	0.00890	0.00914	0.00632	0.00409	0.00359	0.00114	0.00468	0.00313	0.00284	0.00571
19	0.41043	0.32854	0.07908	0.00633	0.00928	0.03375	0.00602	0.06864	0.00787	0.01374	0.00562	0.00643	0.00458	0.00347	0.00258	0.00102	0.00372	0.00219	0.00209	0.00463
20	0.00657	0.00476	0.03619	0.00481	0.00537	0.00439	0.00324	0.03892	0.03235	0.05401	0.01218	0.05877	0.01321	0.69165	0.01600	0.00315	0.00362	0.00537	0.00253	0.00293
21	0.03128	0.16108	0.31628	0.02271	0.01323	0.02644	0.12902	0.01101	0.00762	0.03798	0.00712	0.00940	0.00584	0.04828	0.06961	0.00166	0.09161	0.00317	0.00183	0.00482
22	0.02421	0.08615	0.14363	0.00950	0.09143	0.14090	0.00781	0.14126	0.05247	0.08858	0.00930	0.02840	0.00773	0.03998	0.07677	0.00164	0.00504	0.03752	0.00259	0.00509
23	0.14967	0.01310	0.03628	0.00868	0.04128	0.45690	0.00659	0.06573	0.00993	0.07609	0.00851	0.08127	0.02128	0.00465	0.00343	0.00109	0.00512	0.00337	0.00246	0.00456

[dist]
# distance from previous block
# <min> <max>
0	9

[block]
# block no. 1 follows, 73 sequences, length 6
# corresponding to MSA columns:
# 107-112
name=unknown_B
#
# <colnr> <probs for GDERKNQSTAVLIFYWHMCP>
#	G	D	E	R	K	N	Q	S	T	A	V	L	I	F	Y	W	H	M	C	P
0	0.00456	0.00332	0.00430	0.00508	0.00540	0.00306	0.00342	0.00524	0.00732	0.00963	0.02246	0.78059	0.10877	0.01152	0.00475	0.00150	0.00215	0.01038	0.00348	0.00306
1	0.01054	0.00855	0.01307	0.12475	0.32484	0.02872	0.08878	0.12693	0.03508	0.12439	0.00910	0.04682	0.00723	0.00424	0.00410	0.00119	0.02975	0.00383	0.00260	0.00553
2	0.01127	0.15565	0.07794	0.03768	0.15312	0.29846	0.12502	0.03848	0.00945	0.04913	0.00678	0.00807	0.00539	0.00360	0.00348	0.00105	0.00547	0.00294	0.00201	0.00504
3	0.00651	0.00439	0.00521	0.00500	0.00601	0.00422	0.00360	0.00856	0.09957	0.08583	0.23868	0.15971	0.18112	0.16627	0.00706	0.00171	0.00246	0.00683	0.00357	0.00367
4	0.03314	0.35745	0.07221	0.09741	0.03119	0.08962	0.00729	0.03066	0.02530	0.07808	0.00930	0.01196	0.04292	0.00451	0.00348	0.00107	0.02444	0.07297	0.00225	0.00474
5	0.00876	0.02560	0.03175	0.04685	0.05585	0.18600	0.00589	0.04382	0.05317	0.05627	0.01416	0.23706	0.08412	0.06979	0.00549	0.00142	0.04481	0.00562	0.00278	0.02078

[dist]
# distance from previous block
# <min> <max>
13	69

[block]
# block no. 2 follows, 73 sequences, length 20
# corresponding to MSA columns:
# 185-204
name=unknown_C
#
# <colnr> <probs for GDERKNQSTAVLIFYWHMCP>
#	G	D	E	R	K	N	Q	S	T	A	V	L	I	F	Y	W	H	M	C	P
0	0.08366	0.20408	0.13807	0.00788	0.01096	0.15966	0.00735	0.14361	0.07114	0.06867	0.02116	0.00875	0.01678	0.00397	0.00323	0.00103	0.00442	0.00285	0.00251	0.04022
1	0.06537	0.30820	0.18841	0.00847	0.02269	0.11364	0.04561	0.08516	0.04153	0.04250	0.00743	0.04183	0.00617	0.00396	0.00319	0.00104	0.00458	0.00297	0.00217	0.00506
2	0.01699	0.11323	0.06010	0.00587	0.00719	0.00547	0.01488	0.00756	0.02080	0.02693	0.05376	0.30305	0.12394	0.08472	0.01615	0.00162	0.00307	0.12804	0.00302	0.00361
3	0.10372	0.22599	0.33466	0.00818	0.01191	0.08918	0.00888	0.04358	0.01981	0.05582	0.02739	0.00911	0.03899	0.00394	0.00321	0.00107	0.00455	0.00286	0.00211	0.00504
4	0.07946	0.12120	0.06386	0.06489	0.14333	0.15412	0.07096	0.01212	0.02990	0.08372	0.02719	0.06538	0.00759	0.00446	0.00404	0.00115	0.05593	0.00357	0.00229	0.00485
5	0.00558	0.00485	0.03859	0.02331	0.00681	0.02366	0.00441	0.00730	0.03070	0.01242	0.38767	0.23266	0.08635	0.02822	0.00484	0.00138	0.00246	0.09166	0.00360	0.00353
6	0.01060	0.07546	0.09013	0.01129	0.01426	0.26585	0.29947	0.01274	0.00910	0.05191	0.00746	0.00980	0.00604	0.00393	0.00422	0.00114	0.04960	0.03510	0.00205	0.03985
7	0.04513	0.75423	0.05140	0.00671	0.00991	0.06191	0.00667	0.01146	0.00776	0.00928	0.00531	0.00614	0.00478	0.00327	0.00251	0.00084	0.00419	0.00206	0.00165	0.00479
8	0.01019	0.68032	0.12929	0.00713	0.01059	0.04673	0.00740	0.01182	0.00794	0.05087	0.00592	0.00664	0.00503	0.00335	0.00267	0.00088	0.00428	0.00221	0.00177	0.00497
9	0.00921	0.27468	0.15676	0.01203	0.03484	0.04434	0.39317	0.01186	0.00839	0.01091	0.00664	0.00835	0.00524	0.00328	0.00361	0.00110	0.00546	0.00331	0.00176	0.00506
10	0.00469	0.00335	0.00449	0.00536	0.00564	0.00315	0.00370	0.00544	0.00730	0.00971	0.02061	0.79717	0.02455	0.01164	0.00482	0.00154	0.00228	0.07798	0.00348	0.00308
11	0.00545	0.00365	0.00418	0.00418	0.00421	0.00369	0.00238	0.00551	0.00548	0.00734	0.01174	0.02410	0.01344	0.82960	0.05738	0.00375	0.00393	0.00539	0.00226	0.00232
12	0.00606	0.06240	0.00546	0.00450	0.00488	0.00453	0.00289	0.00636	0.00600	0.03085	0.04384	0.02233	0.01343	0.68512	0.08363	0.00347	0.00409	0.00511	0.00234	0.00269
13	0.00536	0.00446	0.00480	0.00463	0.00570	0.04226	0.00348	0.00675	0.00970	0.01267	0.45653	0.04615	0.35325	0.00834	0.00440	0.00122	0.00209	0.02104	0.00375	0.00342
14	0.00979	0.78947	0.09851	0.00683	0.01026	0.01426	0.00713	0.01130	0.00765	0.00912	0.00536	0.00620	0.00481	0.00324	0.00252	0.00084	0.00416	0.00208	0.00160	0.00488
15	0.06152	0.45018	0.26057	0.00800	0.01171	0.09225	0.00857	0.04933	0.00838	0.01090	0.00589	0.00679	0.00483	0.00345	0.00290	0.00097	0.00466	0.00233	0.00177	0.00501
16	0.59109	0.04644	0.04583	0.00597	0.00858	0.00908	0.00519	0.17069	0.00887	0.03420	0.00751	0.00805	0.03753	0.00393	0.00277	0.00114	0.00328	0.00259	0.00263	0.00463
17	0.12008	0.19147	0.16274	0.00783	0.03102	0.06582	0.01611	0.01325	0.05996	0.19173	0.04767	0.01109	0.01676	0.00434	0.00346	0.00111	0.01662	0.03108	0.00271	0.00513
18	0.09137	0.27882	0.16252	0.00897	0.04891	0.20477	0.04126	0.02476	0.04354	0.03232	0.01663	0.01793	0.00584	0.00374	0.00314	0.00102	0.00482	0.00272	0.00202	0.00490
19	0.06072	0.13854	0.19692	0.01941	0.01238	0.07797	0.10246	0.11716	0.02435	0.07377	0.04351	0.02068	0.00765	0.00417	0.00351	0.00110	0.00452	0.03075	0.00247	0.05795

[dist]
# distance from previous block
# <min> <max>
9	39

[block]
# block no. 3 follows, 73 sequences, length 21
# corresponding to MSA columns:
# 248-268
name=unknown_D
#
# <colnr> <probs for GDERKNQSTAVLIFYWHMCP>
#	G	D	E	R	K	N	Q	S	T	A	V	L	I	F	Y	W	H	M	C	P
0	0.00914	0.19812	0.34554	0.00846	0.01209	0.02033	0.00916	0.13541	0.03765	0.03527	0.02974	0.04891	0.02301	0.00535	0.03372	0.00130	0.02220	0.01710	0.00231	0.00518
1	0.05407	0.17408	0.23237	0.02900	0.01221	0.05548	0.02223	0.24447	0.01066	0.02515	0.01986	0.00939	0.02324	0.01528	0.01729	0.00122	0.03546	0.01087	0.00242	0.00525
2	0.11640	0.26899	0.29745	0.00823	0.01204	0.04135	0.00881	0.16581	0.00962	0.02985	0.00665	0.00739	0.00508	0.00366	0.00310	0.00105	0.00450	0.00258	0.00216	0.00528
3	0.06839	0.21634	0.30488	0.00845	0.01215	0.04304	0.02221	0.15594	0.00968	0.02886	0.03097	0.00905	0.01831	0.00399	0.00346	0.00108	0.02069	0.01369	0.00224	0.02658
4	0.04428	0.17347	0.24718	0.03525	0.02828	0.01075	0.02731	0.31381	0.01149	0.04173	0.00750	0.00818	0.00555	0.00385	0.00339	0.00108	0.00448	0.00291	0.00254	0.02698
5	0.01165	0.41155	0.03273	0.00710	0.00983	0.13896	0.01596	0.01320	0.03109	0.19766	0.03246	0.00966	0.02190	0.02209	0.01730	0.00111	0.01529	0.00293	0.00253	0.00500
6	0.01518	0.00600	0.00812	0.00637	0.00897	0.00522	0.00521	0.01666	0.01059	0.72641	0.09930	0.03231	0.01228	0.00510	0.00384	0.00116	0.00299	0.00422	0.02412	0.00596
7	0.00652	0.00326	0.00489	0.00489	0.00489	0.00326	0.00326	0.00489	0.00489	0.00652	0.00652	0.01140	0.00652	0.01303	0.01466	0.89084	0.00326	0.00326	0.00163	0.00163
8	0.00903	0.02485	0.16916	0.00848	0.04698	0.07820	0.02816	0.18661	0.03028	0.02905	0.16265	0.01661	0.10931	0.00612	0.02320	0.00130	0.03031	0.03191	0.00296	0.00484
9	0.01003	0.87041	0.01966	0.00642	0.00963	0.01485	0.00642	0.01123	0.00762	0.00883	0.00522	0.00602	0.00481	0.00321	0.00241	0.00080	0.00401	0.00201	0.00160	0.00481
10	0.01384	0.01107	0.06425	0.00876	0.01193	0.01145	0.00756	0.78032	0.01702	0.02290	0.00886	0.00894	0.00628	0.00444	0.00374	0.00113	0.00422	0.00334	0.00362	0.00633
11	0.00961	0.72838	0.15802	0.00713	0.01073	0.01382	0.00766	0.01134	0.00767	0.00934	0.00547	0.00634	0.00480	0.00327	0.00260	0.00087	0.00427	0.00213	0.00160	0.00494
12	0.01003	0.87041	0.01966	0.00642	0.00963	0.01485	0.00642	0.01123	0.00762	0.00883	0.00522	0.00602	0.00481	0.00321	0.00241	0.00080	0.00401	0.00201	0.00160	0.00481
13	0.02560	0.08649	0.71776	0.01034	0.01547	0.03672	0.03364	0.01192	0.00798	0.01165	0.00657	0.00775	0.00477	0.00353	0.00346	0.00115	0.00543	0.00273	0.00162	0.00541
14	0.02247	0.00987	0.03805	0.32020	0.28588	0.14498	0.05667	0.01128	0.00832	0.01067	0.00659	0.00904	0.00529	0.00375	0.00416	0.00118	0.05175	0.00321	0.00179	0.00486
15	0.00537	0.00439	0.00493	0.00514	0.00592	0.03703	0.00374	0.00671	0.03396	0.01115	0.20843	0.33912	0.23073	0.02538	0.00494	0.00140	0.01623	0.04856	0.00352	0.00335
16	0.01126	0.05919	0.08613	0.04027	0.07197	0.18221	0.03754	0.22293	0.08707	0.05014	0.04593	0.01061	0.01721	0.03089	0.00437	0.00120	0.02965	0.00344	0.00274	0.00525
17	0.00513	0.00387	0.00442	0.00427	0.00538	0.00338	0.00319	0.00639	0.00931	0.03442	0.34790	0.04852	0.47322	0.02815	0.00475	0.00129	0.00193	0.00737	0.00374	0.00338
18	0.01358	0.07457	0.01107	0.00801	0.01089	0.08022	0.00661	0.48308	0.06330	0.13917	0.00951	0.00936	0.00680	0.00430	0.00356	0.00106	0.00405	0.00323	0.00347	0.06417
19	0.00475	0.00358	0.00433	0.00463	0.00530	0.00323	0.00325	0.00572	0.00831	0.01092	0.21997	0.38189	0.26716	0.05268	0.00531	0.00147	0.00207	0.00868	0.00358	0.00316
20	0.02955	0.00660	0.00698	0.00671	0.02112	0.06163	0.00502	0.03092	0.29401	0.04965	0.10729	0.17842	0.07017	0.00800	0.03885	0.01663	0.00323	0.04010	0.00345	0.02167

[dist]
# distance from previous block
# <min> <max>
1	4

[block]
# block no. 4 follows, 73 sequences, length 47
# corresponding to MSA columns:
# 273-319
name=unknown_E
#
# <colnr> <probs for GDERKNQSTAVLIFYWHMCP>
#	G	D	E	R	K	N	Q	S	T	A	V	L	I	F	Y	W	H	M	C	P
0	0.04856	0.38196	0.01463	0.00903	0.07744	0.30942	0.00707	0.04988	0.03729	0.01047	0.00608	0.00699	0.00518	0.00364	0.00313	0.00094	0.01912	0.00242	0.00194	0.00481
1	0.00787	0.00738	0.01244	0.47129	0.34516	0.00828	0.01054	0.01021	0.00799	0.01075	0.00776	0.01202	0.00655	0.00406	0.00384	0.00123	0.00468	0.06128	0.00187	0.00481
2	0.00716	0.00540	0.00631	0.00627	0.00737	0.00570	0.00462	0.10980	0.20967	0.02729	0.01814	0.50113	0.03396	0.00905	0.00442	0.00141	0.00266	0.03181	0.00362	0.00422
3	0.00883	0.00870	0.03138	0.18131	0.67267	0.00880	0.01135	0.01116	0.00833	0.01174	0.00698	0.00939	0.00574	0.00342	0.00372	0.00114	0.00458	0.00333	0.00182	0.00560
4	0.00927	0.00896	0.01546	0.02278	0.81652	0.00893	0.03955	0.01153	0.00855	0.01225	0.00708	0.00931	0.00593	0.00334	0.00374	0.00112	0.00452	0.00338	0.00186	0.00591
5	0.00460	0.00329	0.00441	0.00525	0.00548	0.00310	0.00352	0.00527	0.00714	0.00955	0.02031	0.83659	0.02429	0.01231	0.03381	0.00168	0.00245	0.01044	0.00343	0.00306
6	0.00725	0.00684	0.01156	0.79546	0.08820	0.00838	0.01050	0.00973	0.00758	0.00979	0.00670	0.00995	0.00507	0.00372	0.00375	0.00124	0.00496	0.00333	0.00168	0.00430
7	0.00890	0.00968	0.10826	0.07486	0.32802	0.01804	0.07199	0.05437	0.18105	0.01304	0.00964	0.04947	0.00801	0.00442	0.00408	0.00122	0.02683	0.02024	0.00242	0.00548
8	0.01187	0.00944	0.01008	0.03643	0.05179	0.06598	0.00684	0.32533	0.32113	0.07665	0.02738	0.01139	0.00885	0.00469	0.00387	0.00118	0.01393	0.00372	0.00354	0.00591
9	0.02869	0.01066	0.31913	0.00846	0.01151	0.00684	0.06571	0.00987	0.02594	0.02368	0.00832	0.01086	0.00689	0.01303	0.33153	0.00300	0.01743	0.00335	0.00195	0.09315
10	0.03141	0.06140	0.19926	0.00958	0.02677	0.07521	0.12030	0.12015	0.15141	0.04687	0.06718	0.02573	0.01837	0.00450	0.00395	0.00118	0.02498	0.00377	0.00269	0.00528
11	0.00843	0.29980	0.50653	0.02341	0.01443	0.01078	0.06533	0.01164	0.00788	0.01084	0.00629	0.00747	0.00484	0.00342	0.00324	0.00107	0.00508	0.00264	0.00161	0.00525
12	0.06599	0.15632	0.01264	0.08441	0.07249	0.02762	0.05751	0.26864	0.16616	0.02961	0.00901	0.01814	0.00693	0.00416	0.00349	0.00112	0.00407	0.00334	0.00285	0.00550
13	0.00831	0.06201	0.05936	0.06451	0.04736	0.00765	0.05419	0.12921	0.11862	0.03232	0.08654	0.06200	0.06325	0.08312	0.08024	0.00185	0.01854	0.01344	0.00287	0.00460
14	0.00472	0.00374	0.00426	0.00442	0.00540	0.00328	0.00329	0.00581	0.00867	0.01098	0.17775	0.18826	0.49543	0.00964	0.00455	0.00133	0.00203	0.05959	0.00360	0.00323
15	0.01241	0.02293	0.01058	0.05061	0.04403	0.24628	0.00705	0.38464	0.06668	0.01646	0.00973	0.02448	0.04521	0.00455	0.00365	0.00108	0.00466	0.00343	0.00297	0.03859
16	0.80029	0.00741	0.00601	0.00524	0.00763	0.00847	0.00431	0.06013	0.00726	0.05706	0.00591	0.00659	0.00445	0.00360	0.00248	0.00116	0.00299	0.00219	0.00252	0.00431
17	0.00891	0.00777	0.01171	0.21345	0.35412	0.03704	0.01872	0.04341	0.04787	0.06196	0.03596	0.10208	0.00910	0.00472	0.00393	0.00120	0.01207	0.00427	0.00240	0.01929
18	0.01061	0.12372	0.25174	0.00937	0.02901	0.02399	0.08527	0.14968	0.05030	0.13839	0.05799	0.01028	0.00796	0.00421	0.00389	0.00114	0.03082	0.00341	0.00271	0.00551
19	0.00536	0.00400	0.00595	0.00595	0.00659	0.00465	0.00459	0.00665	0.00601	0.00865	0.01012	0.01515	0.00956	0.06332	0.81835	0.00593	0.00978	0.00408	0.00202	0.00330
20	0.00608	0.00527	0.04351	0.00527	0.00676	0.00456	0.01793	0.05512	0.05682	0.02244	0.35181	0.03777	0.31404	0.00770	0.00427	0.00122	0.00232	0.02240	0.03085	0.00384
21	0.00948	0.04091	0.01204	0.19428	0.12438	0.09554	0.10870	0.05955	0.08818	0.06966	0.02684	0.05289	0.03314	0.02220	0.00447	0.00126	0.03529	0.01384	0.00250	0.00486
22	0.00709	0.00667	0.01125	0.85913	0.02584	0.00834	0.01042	0.00959	0.00750	0.00959	0.00667	0.01000	0.00500	0.00375	0.00375	0.00125	0.00500	0.00333	0.00167	0.00417
23	0.00457	0.00326	0.00435	0.00522	0.00544	0.00305	0.00348	0.00522	0.00718	0.00958	0.02068	0.86570	0.02481	0.01175	0.00479	0.00152	0.00218	0.01067	0.00348	0.00305
24	0.00737	0.00696	0.01176	0.75182	0.13094	0.00841	0.01056	0.00983	0.00764	0.00993	0.00672	0.00991	0.00512	0.00370	0.00375	0.00123	0.00493	0.00334	0.00169	0.00440
25	0.01278	0.00948	0.07183	0.00876	0.04443	0.03648	0.03102	0.31702	0.10458	0.23237	0.04233	0.03705	0.00911	0.00480	0.00397	0.00118	0.01942	0.00388	0.00361	0.00590
26	0.00873	0.00988	0.02138	0.07449	0.02004	0.00941	0.77402	0.01185	0.00876	0.01185	0.00753	0.01011	0.00564	0.00320	0.00438	0.00126	0.00623	0.00435	0.00188	0.00500
27	0.00544	0.00371	0.00444	0.00444	0.00456	0.00382	0.00270	0.00568	0.00556	0.00753	0.01151	0.02281	0.01288	0.71867	0.16754	0.00406	0.00478	0.00520	0.00223	0.00246
28	0.00747	0.01687	0.67818	0.08067	0.04772	0.00846	0.04519	0.01138	0.00791	0.01161	0.00740	0.04694	0.00576	0.00393	0.00367	0.00121	0.00534	0.00326	0.00170	0.00531
29	0.00937	0.00901	0.01436	0.13397	0.67039	0.04058	0.01103	0.04430	0.00885	0.01224	0.00704	0.00928	0.00579	0.00346	0.00371	0.00113	0.00460	0.00331	0.00191	0.00566
30	0.00471	0.00397	0.00412	0.00417	0.00540	0.00346	0.00315	0.00607	0.04175	0.01038	0.03538	0.07818	0.73068	0.00948	0.00446	0.00130	0.00203	0.04454	0.00350	0.00329
31	0.00589	0.00483	0.00640	0.00628	0.00694	0.04325	0.00485	0.00712	0.00619	0.00867	0.00970	0.01458	0.00918	0.06979	0.73128	0.00547	0.05023	0.00399	0.00200	0.00337
32	0.00785	0.00689	0.00876	0.04239	0.04353	0.00547	0.03596	0.00963	0.00784	0.01211	0.00672	0.00802	0.00555	0.00286	0.00292	0.00063	0.00307	0.00240	0.00217	0.78523
33	0.00760	0.00655	0.01072	0.51105	0.17127	0.00744	0.00914	0.00987	0.00841	0.04888	0.16034	0.01330	0.01094	0.00443	0.00387	0.00121	0.00423	0.00399	0.00229	0.00448
34	0.00778	0.00667	0.00778	0.00556	0.00889	0.00500	0.00445	0.00945	0.00778	0.01223	0.00667	0.00778	0.00556	0.00278	0.00278	0.00056	0.00278	0.00222	0.00222	0.89108
35	0.03754	0.13120	0.21538	0.02362	0.18625	0.03560	0.09320	0.09192	0.03740	0.01274	0.02146	0.06478	0.02417	0.00429	0.00362	0.00114	0.00455	0.00371	0.00220	0.00523
36	0.00652	0.00326	0.00489	0.00489	0.00489	0.00326	0.00326	0.00489	0.00489	0.00652	0.00652	0.01140	0.00652	0.01303	0.01466	0.89084	0.00326	0.00326	0.00163	0.00163
37	0.01100	0.00531	0.00684	0.00571	0.00770	0.00478	0.00454	0.01302	0.05837	0.41745	0.28471	0.02092	0.13093	0.00630	0.00408	0.00119	0.00255	0.00533	0.00427	0.00501
38	0.00970	0.46584	0.12291	0.00733	0.01039	0.04926	0.02717	0.03094	0.07275	0.05945	0.03703	0.06469	0.01955	0.00434	0.00312	0.00100	0.00404	0.00330	0.00226	0.00493
39	0.01026	0.21354	0.12681	0.04358	0.07145	0.08579	0.05236	0.11005	0.07220	0.05843	0.03336	0.00926	0.00693	0.00439	0.01822	0.00115	0.03667	0.00309	0.00237	0.04009
40	0.00791	0.03183	0.18951	0.00775	0.04407	0.04454	0.01601	0.06182	0.01699	0.05995	0.06111	0.13572	0.09836	0.05429	0.03089	0.03164	0.02885	0.00496	0.00267	0.07112
41	0.12245	0.16235	0.15474	0.03460	0.01085	0.00925	0.03210	0.16798	0.02901	0.05326	0.04199	0.01098	0.02371	0.05964	0.07022	0.00164	0.00451	0.00333	0.00252	0.00488
42	0.04949	0.15507	0.23094	0.01870	0.08380	0.03130	0.05661	0.20321	0.01039	0.04404	0.02405	0.00858	0.00610	0.00376	0.00340	0.00106	0.00449	0.00298	0.00238	0.05967
43	0.02245	0.25791	0.31170	0.00970	0.07395	0.04482	0.01729	0.13512	0.00959	0.05912	0.00706	0.00786	0.00537	0.00364	0.00326	0.00104	0.00466	0.00272	0.00214	0.02058
44	0.09837	0.16273	0.23669	0.04031	0.08423	0.04178	0.04804	0.11311	0.00918	0.03821	0.01729	0.01843	0.03270	0.00401	0.00357	0.00111	0.02515	0.00310	0.00220	0.01979
45	0.07370	0.10854	0.19942	0.00948	0.10121	0.07116	0.01805	0.13314	0.01756	0.08245	0.01981	0.06482	0.06339	0.01663	0.00376	0.00117	0.00421	0.00380	0.00258	0.00512
46	0.07349	0.26180	0.16442	0.00892	0.07817	0.07286	0.00790	0.14364	0.02788	0.02746	0.03864	0.01705	0.01466	0.00430	0.01623	0.00110	0.00436	0.00294	0.00230	0.03187

[dist]
# distance from previous block
# <min> <max>
2	31

[block]
# block no. 5 follows, 73 sequences, length 19
# corresponding to MSA columns:
# 351-369
name=unknown_F
#
# <colnr> <probs for GDERKNQSTAVLIFYWHMCP>
#	G	D	E	R	K	N	Q	S	T	A	V	L	I	F	Y	W	H	M	C	P
0	0.03808	0.12604	0.22183	0.02544	0.04589	0.05680	0.11909	0.04188	0.05631	0.06104	0.03854	0.06085	0.00846	0.04510	0.02977	0.00141	0.01240	0.00382	0.00232	0.00491
1	0.02841	0.17743	0.12638	0.00776	0.01040	0.07779	0.06770	0.05209	0.06898	0.06495	0.14969	0.05110	0.02209	0.00602	0.03968	0.00132	0.00422	0.02275	0.00272	0.01850
2	0.04023	0.08978	0.11236	0.03897	0.08217	0.07626	0.02519	0.06659	0.06846	0.05548	0.13179	0.05118	0.13518	0.00556	0.00378	0.00116	0.00369	0.00461	0.00286	0.00469
3	0.12109	0.14714	0.02823	0.00748	0.00965	0.24503	0.04039	0.06560	0.03751	0.02628	0.13280	0.06480	0.01141	0.00497	0.00346	0.00108	0.00424	0.02389	0.00262	0.02230
4	0.31950	0.03998	0.04688	0.02023	0.03766	0.18517	0.00557	0.02710	0.00854	0.03876	0.11629	0.08692	0.04332	0.00512	0.00332	0.00115	0.00375	0.00390	0.00263	0.00421
5	0.03084	0.32297	0.01439	0.00967	0.11786	0.16459	0.02808	0.11230	0.06141	0.05336	0.00725	0.00796	0.00583	0.00368	0.00314	0.00097	0.00446	0.00272	0.00230	0.04626
6	0.08048	0.00736	0.00739	0.00660	0.00828	0.07068	0.00515	0.11978	0.22861	0.02284	0.15451	0.05650	0.12794	0.00715	0.03925	0.00143	0.04307	0.00498	0.00337	0.00462
7	0.01190	0.06353	0.05007	0.09044	0.05573	0.29731	0.00779	0.15480	0.11258	0.06250	0.00816	0.00892	0.00625	0.00422	0.00399	0.00111	0.04992	0.00306	0.00256	0.00515
8	0.04511	0.05709	0.02643	0.02759	0.04613	0.00765	0.04448	0.15677	0.02649	0.39177	0.01122	0.01143	0.00786	0.00431	0.00360	0.00110	0.00364	0.02707	0.00356	0.09668
9	0.00603	0.00494	0.00560	0.04523	0.00726	0.05270	0.00430	0.06196	0.03306	0.01086	0.04144	0.61644	0.07580	0.00999	0.00453	0.00142	0.00270	0.00889	0.00336	0.00350
10	0.01065	0.06398	0.00977	0.00806	0.04914	0.02026	0.04080	0.21900	0.08283	0.16466	0.01359	0.22081	0.02998	0.02262	0.00446	0.00129	0.02416	0.00538	0.00343	0.00511
11	0.00993	0.13088	0.03670	0.07361	0.33042	0.08199	0.08591	0.05466	0.06808	0.04333	0.04313	0.00995	0.00736	0.00380	0.00361	0.00110	0.00455	0.00339	0.00225	0.00537
12	0.00538	0.00388	0.00453	0.00457	0.00556	0.00346	0.00333	0.00661	0.02387	0.05258	0.20193	0.23820	0.39306	0.02971	0.00482	0.00136	0.00207	0.00803	0.00366	0.00341
13	0.00536	0.00397	0.00497	0.00550	0.00603	0.00391	0.00381	0.04149	0.07104	0.01082	0.04498	0.71679	0.04552	0.01075	0.00465	0.00147	0.00230	0.00968	0.00354	0.00343
14	0.01159	0.01043	0.07780	0.01214	0.10876	0.03944	0.23855	0.27560	0.02601	0.11591	0.02941	0.01018	0.00709	0.00403	0.00404	0.00118	0.01550	0.00373	0.00288	0.00572
15	0.01207	0.01035	0.03784	0.05971	0.12822	0.05214	0.04575	0.47542	0.09796	0.01867	0.00908	0.01976	0.00682	0.00432	0.00377	0.00115	0.00436	0.00353	0.00313	0.00592
16	0.01090	0.00896	0.00978	0.00858	0.04017	0.04435	0.03034	0.24052	0.45783	0.04541	0.03520	0.01287	0.02808	0.00491	0.00382	0.00121	0.00355	0.00404	0.00363	0.00586
17	0.01023	0.03517	0.05678	0.01876	0.01081	0.26563	0.07736	0.03607	0.09290	0.07482	0.01850	0.01119	0.00768	0.04880	0.18361	0.00227	0.03903	0.00349	0.00240	0.00454
18	0.01016	0.00994	0.02178	0.04986	0.14572	0.12522	0.16665	0.12431	0.04716	0.03082	0.02594	0.00944	0.00660	0.00374	0.00389	0.00104	0.02916	0.00332	0.00239	0.18285

[dist]
# distance from previous block
# <min> <max>
4	18

[block]
# block no. 6 follows, 73 sequences, length 36
# corresponding to MSA columns:
# 388-423
name=unknown_G
#
# <colnr> <probs for GDERKNQSTAVLIFYWHMCP>
#	G	D	E	R	K	N	Q	S	T	A	V	L	I	F	Y	W	H	M	C	P
0	0.01679	0.02618	0.04601	0.01204	0.13454	0.06322	0.19916	0.20853	0.11934	0.02706	0.02157	0.01941	0.03404	0.00441	0.00408	0.00119	0.02194	0.02229	0.00274	0.01546
1	0.01031	0.00809	0.00873	0.02671	0.00976	0.04119	0.00595	0.34857	0.19006	0.02835	0.01279	0.18024	0.01163	0.04144	0.03027	0.00150	0.01901	0.01679	0.00346	0.00516
2	0.00929	0.00862	0.01386	0.13797	0.63306	0.03393	0.01066	0.01935	0.01627	0.04151	0.02231	0.01020	0.01891	0.00366	0.00374	0.00114	0.00446	0.00347	0.00203	0.00558
3	0.00468	0.00339	0.00442	0.00519	0.00554	0.00316	0.00357	0.00543	0.00741	0.00978	0.03613	0.71706	0.09038	0.02753	0.00505	0.00155	0.00225	0.06094	0.00347	0.00308
4	0.00461	0.00342	0.00432	0.00502	0.00547	0.00313	0.00347	0.00537	0.00752	0.00976	0.02409	0.66420	0.18760	0.01124	0.00474	0.00148	0.00218	0.04582	0.00348	0.00309
5	0.00981	0.00781	0.00885	0.03979	0.02230	0.03346	0.00549	0.16496	0.03929	0.06664	0.00790	0.00862	0.00612	0.00338	0.00313	0.00077	0.00330	0.00267	0.00268	0.56301
6	0.01009	0.00750	0.01773	0.00710	0.02229	0.00670	0.03520	0.09365	0.09469	0.14609	0.00905	0.00946	0.00682	0.00366	0.00359	0.00086	0.03650	0.00293	0.00288	0.48321
7	0.09332	0.11483	0.03877	0.01150	0.19295	0.20626	0.03073	0.07937	0.11305	0.01281	0.02851	0.00898	0.00675	0.00403	0.00378	0.00110	0.04276	0.00306	0.00233	0.00512
8	0.00926	0.02840	0.04517	0.07981	0.45831	0.04190	0.01712	0.06162	0.06706	0.03378	0.05346	0.01194	0.05292	0.00424	0.00391	0.00115	0.01843	0.00377	0.00236	0.00543
9	0.00452	0.00353	0.00410	0.00453	0.00526	0.00311	0.00318	0.00533	0.00790	0.00994	0.04299	0.45055	0.42054	0.01060	0.00461	0.00139	0.00204	0.00927	0.00349	0.00311
10	0.01110	0.52100	0.05970	0.00731	0.01044	0.05173	0.00690	0.16410	0.07652	0.04858	0.00725	0.00764	0.00583	0.00371	0.00293	0.00094	0.00412	0.00257	0.00233	0.00528
11	0.00456	0.00379	0.00398	0.00396	0.00515	0.00322	0.00296	0.00561	0.00880	0.01080	0.14893	0.05588	0.71083	0.00930	0.00444	0.00126	0.00189	0.00783	0.00357	0.00322
12	0.00964	0.07887	0.01048	0.00792	0.01020	0.00884	0.08673	0.16769	0.32772	0.04775	0.08059	0.06893	0.04737	0.00556	0.00392	0.00122	0.00343	0.02439	0.00345	0.00531
13	0.00717	0.00676	0.01141	0.82565	0.05863	0.00836	0.01046	0.00966	0.00754	0.00969	0.00668	0.00997	0.00504	0.00373	0.00375	0.00124	0.00498	0.00333	0.00167	0.00424
14	0.00510	0.00342	0.00456	0.00526	0.00562	0.00317	0.00357	0.00584	0.00750	0.04340	0.06144	0.78977	0.02472	0.01127	0.00473	0.00149	0.00220	0.01020	0.00356	0.00321
15	0.00925	0.00892	0.01434	0.07023	0.61818	0.04248	0.06090	0.01195	0.05567	0.02246	0.03417	0.01055	0.00729	0.00371	0.00379	0.00114	0.00450	0.01276	0.00209	0.00562
16	0.01019	0.83719	0.01931	0.00655	0.00971	0.04750	0.00645	0.01138	0.00774	0.00884	0.00524	0.00605	0.00482	0.00324	0.00245	0.00081	0.00412	0.00202	0.00162	0.00480
17	0.05764	0.00611	0.00809	0.00635	0.00897	0.00541	0.00520	0.01653	0.01051	0.70274	0.11841	0.01437	0.01232	0.00497	0.00378	0.00116	0.00300	0.00407	0.00447	0.00592
18	0.01387	0.01759	0.01057	0.00960	0.01154	0.82773	0.00721	0.01513	0.03549	0.00938	0.00608	0.00698	0.00503	0.00390	0.00340	0.00098	0.00665	0.00247	0.00199	0.00440
19	0.00842	0.00595	0.01995	0.02621	0.00897	0.00588	0.09538	0.05665	0.00855	0.16040	0.05727	0.01936	0.17077	0.13352	0.13440	0.00232	0.06530	0.01356	0.00297	0.00418
20	0.01149	0.00880	0.01325	0.01365	0.27095	0.02269	0.14075	0.19248	0.05351	0.16433	0.05385	0.01150	0.00858	0.00420	0.00390	0.00116	0.00427	0.01183	0.00301	0.00580
21	0.00893	0.00803	0.01271	0.17906	0.15697	0.00978	0.07515	0.01056	0.00723	0.07850	0.00666	0.00927	0.00553	0.00503	0.00782	0.00140	0.40727	0.00344	0.00195	0.00470
22	0.02557	0.00600	0.00759	0.10819	0.03956	0.00548	0.00526	0.05860	0.00867	0.04613	0.08260	0.12657	0.08633	0.00563	0.01403	0.00104	0.00305	0.00457	0.00278	0.36236
23	0.03833	0.00987	0.01075	0.00825	0.01123	0.01072	0.00681	0.70067	0.01636	0.12004	0.00955	0.00935	0.00665	0.00446	0.00370	0.00112	0.00396	0.00337	0.00379	0.02102
24	0.00828	0.00806	0.01360	0.28461	0.37735	0.00907	0.06592	0.01041	0.00778	0.01083	0.00727	0.00995	0.02292	0.00411	0.00518	0.00126	0.14313	0.00350	0.00180	0.00497
25	0.13257	0.00914	0.00991	0.00770	0.01058	0.00982	0.00636	0.53852	0.01458	0.20884	0.00981	0.00947	0.00673	0.00440	0.00357	0.00114	0.00375	0.00329	0.00376	0.00607
26	0.23570	0.00697	0.00809	0.00637	0.00915	0.00674	0.00525	0.08574	0.01014	0.53979	0.01162	0.01060	0.00760	0.00428	0.00337	0.00114	0.00319	0.00325	0.00390	0.03712
27	0.00464	0.00381	0.00408	0.00401	0.00519	0.00325	0.00301	0.00578	0.00903	0.01128	0.22510	0.03423	0.65542	0.00908	0.00443	0.00125	0.00187	0.00765	0.00363	0.00325
28	0.00870	0.01019	0.05319	0.01537	0.04355	0.00931	0.72572	0.01177	0.00873	0.01192	0.00791	0.01110	0.00621	0.00352	0.00459	0.00128	0.02682	0.03315	0.00193	0.00503
29	0.08431	0.00930	0.00988	0.00793	0.01064	0.01031	0.00645	0.49306	0.22998	0.08289	0.01077	0.01036	0.00773	0.00458	0.00366	0.00117	0.00366	0.00352	0.00372	0.00608
30	0.00482	0.00362	0.00453	0.00515	0.00579	0.00333	0.00380	0.00576	0.00785	0.01005	0.02536	0.47480	0.25258	0.01086	0.00477	0.00149	0.00235	0.16646	0.00348	0.00316
31	0.01388	0.06457	0.01164	0.00841	0.01136	0.02989	0.02405	0.66914	0.01596	0.07857	0.00914	0.00917	0.00651	0.00439	0.00365	0.00110	0.00410	0.00332	0.02502	0.00614
32	0.00545	0.00367	0.00425	0.00425	0.00430	0.00372	0.00247	0.00556	0.00550	0.00739	0.01168	0.02376	0.01330	0.80062	0.08616	0.00383	0.00415	0.00534	0.00225	0.00236
33	0.00821	0.00821	0.01149	0.00985	0.00985	0.01149	0.00821	0.00903	0.00575	0.00903	0.00492	0.00821	0.00492	0.00657	0.01231	0.00164	0.86128	0.00328	0.00164	0.00410
34	0.00840	0.00745	0.02434	0.01894	0.03504	0.02469	0.01480	0.05434	0.00842	0.02744	0.00768	0.00875	0.02672	0.00327	0.00330	0.00071	0.03155	0.00258	0.00232	0.68928
35	0.01035	0.03462	0.01091	0.02919	0.07269	0.06602	0.07357	0.23851	0.27575	0.01568	0.01158	0.09829	0.00975	0.02288	0.00426	0.00126	0.01168	0.00442	0.00317	0.00542

[dist]
# distance from previous block
# <min> <max>
0	1

[block]
# block no. 7 follows, 73 sequences, length 43
# corresponding to MSA columns:
# 425-467
name=unknown_H
#
# <colnr> <probs for GDERKNQSTAVLIFYWHMCP>
#	G	D	E	R	K	N	Q	S	T	A	V	L	I	F	Y	W	H	M	C	P
0	0.00822	0.00792	0.01211	0.01260	0.20322	0.00968	0.06268	0.03015	0.00698	0.01029	0.00714	0.06223	0.00701	0.04718	0.03327	0.00169	0.46728	0.00395	0.00192	0.00448
1	0.00859	0.00789	0.00816	0.00605	0.00924	0.08928	0.00480	0.03409	0.00835	0.01226	0.00665	0.00772	0.00551	0.00294	0.00287	0.00061	0.00321	0.00228	0.00224	0.77727
2	0.00459	0.00336	0.00429	0.00500	0.00537	0.00309	0.00337	0.00529	0.00742	0.00973	0.04189	0.71642	0.13676	0.02811	0.00501	0.00152	0.00216	0.01010	0.00347	0.00306
3	0.00459	0.00335	0.00434	0.00510	0.00544	0.00309	0.00346	0.00532	0.00741	0.00977	0.03918	0.75413	0.10612	0.01143	0.00475	0.00149	0.00216	0.02231	0.00350	0.00308
4	0.00580	0.00390	0.00500	0.00545	0.00609	0.00369	0.00389	0.04523	0.00815	0.05582	0.03642	0.63808	0.09135	0.01067	0.00468	0.00147	0.00238	0.06495	0.00357	0.00343
5	0.00963	0.00812	0.00856	0.00756	0.00974	0.00929	0.00592	0.10653	0.71063	0.01629	0.01567	0.01451	0.05021	0.00524	0.00384	0.00126	0.00304	0.00432	0.00379	0.00585
6	0.67611	0.00727	0.00645	0.00547	0.00795	0.00803	0.00451	0.05747	0.00785	0.17829	0.00729	0.00755	0.00520	0.00376	0.00268	0.00116	0.00303	0.00244	0.00285	0.00464
7	0.89465	0.00726	0.00551	0.00493	0.00726	0.00842	0.00406	0.01103	0.00638	0.01683	0.00522	0.00609	0.00406	0.00348	0.00232	0.00116	0.00290	0.00203	0.00232	0.00406
8	0.00555	0.00403	0.00547	0.00552	0.00602	0.00444	0.00405	0.00674	0.02853	0.00864	0.01155	0.02011	0.01180	0.29809	0.49201	0.00478	0.00725	0.07008	0.00226	0.00308
9	0.01003	0.87041	0.01966	0.00642	0.00963	0.01485	0.00642	0.01123	0.00762	0.00883	0.00522	0.00602	0.00481	0.00321	0.00241	0.00080	0.00401	0.00201	0.00160	0.00481
10	0.00799	0.00762	0.01303	0.51325	0.34841	0.00859	0.02682	0.01039	0.00794	0.01069	0.00684	0.00972	0.00539	0.00358	0.00375	0.00120	0.00481	0.00336	0.00175	0.00488
11	0.01014	0.00846	0.00894	0.00780	0.01006	0.00971	0.00613	0.15273	0.70386	0.01699	0.01425	0.01318	0.01062	0.00499	0.00381	0.00125	0.00316	0.00410	0.00381	0.00601
12	0.00464	0.00350	0.00432	0.00489	0.00547	0.00317	0.00344	0.00548	0.00779	0.01005	0.06050	0.55381	0.25449	0.01087	0.00469	0.00145	0.00215	0.05265	0.00351	0.00312
13	0.00709	0.00667	0.01125	0.85913	0.02584	0.00834	0.01042	0.00959	0.00750	0.00959	0.00667	0.01000	0.00500	0.00375	0.00375	0.00125	0.00500	0.00333	0.00167	0.00417
14	0.00482	0.00375	0.00436	0.00455	0.00546	0.00335	0.00338	0.00590	0.00853	0.01089	0.17677	0.18836	0.42560	0.05024	0.00526	0.00146	0.00216	0.08840	0.00354	0.00320
15	0.00537	0.00398	0.00582	0.00582	0.00641	0.00457	0.00442	0.00656	0.00597	0.00855	0.01024	0.01582	0.00985	0.12069	0.76137	0.00577	0.00934	0.00418	0.00204	0.00323
16	0.00869	0.00917	0.01344	0.01096	0.01179	0.06323	0.16260	0.00996	0.00663	0.00960	0.00548	0.00848	0.00506	0.00576	0.01028	0.00153	0.64790	0.00344	0.00171	0.00430
17	0.00459	0.00374	0.00406	0.00413	0.00520	0.00321	0.00304	0.00563	0.00870	0.01083	0.16153	0.14098	0.61230	0.00950	0.00448	0.00129	0.00192	0.00809	0.00358	0.00321
18	0.01003	0.87041	0.01966	0.00642	0.00963	0.01485	0.00642	0.01123	0.00762	0.00883	0.00522	0.00602	0.00481	0.00321	0.00241	0.00080	0.00401	0.00201	0.00160	0.00481
19	0.78899	0.00829	0.00609	0.00544	0.00773	0.09210	0.00441	0.01157	0.00690	0.03344	0.00548	0.00630	0.00425	0.00354	0.00246	0.00114	0.00329	0.00211	0.00233	0.00414
20	0.00936	0.00916	0.01457	0.07621	0.73005	0.04779	0.01109	0.01178	0.03161	0.01204	0.00720	0.00935	0.00598	0.00344	0.00370	0.00112	0.00456	0.00332	0.00190	0.00575
21	0.01006	0.01017	0.08488	0.02369	0.01050	0.15400	0.02471	0.14639	0.19281	0.05440	0.12856	0.01460	0.07499	0.00556	0.01350	0.00124	0.03755	0.00421	0.00315	0.00502
22	0.01401	0.01788	0.01063	0.00967	0.01160	0.85309	0.00725	0.01498	0.01063	0.00918	0.00580	0.00677	0.00483	0.00387	0.00338	0.00097	0.00677	0.00242	0.00193	0.00435
23	0.01123	0.01256	0.01073	0.00991	0.07269	0.40311	0.02138	0.03437	0.03384	0.02086	0.00640	0.00782	0.00538	0.00418	0.00500	0.00105	0.16471	0.00274	0.00206	0.16996
24	0.00508	0.00365	0.00451	0.00480	0.00526	0.00346	0.00327	0.01394	0.00768	0.01027	0.17454	0.35295	0.11235	0.22694	0.02252	0.00204	0.00264	0.03780	0.00328	0.00301
25	0.00575	0.00399	0.00484	0.00453	0.00568	0.00354	0.00343	0.00722	0.00992	0.06691	0.51332	0.02982	0.31094	0.00810	0.00439	0.00121	0.00191	0.00698	0.00394	0.00360
26	0.00999	0.00861	0.01023	0.00859	0.01100	0.00968	0.08792	0.13498	0.63880	0.01646	0.01362	0.01290	0.01016	0.00482	0.00387	0.00125	0.00347	0.00414	0.00362	0.00591
27	0.01290	0.00972	0.01043	0.00829	0.01100	0.01082	0.00674	0.64187	0.17244	0.02152	0.01071	0.04789	0.00816	0.00494	0.00381	0.00117	0.00382	0.00386	0.00375	0.00615
28	0.00495	0.00368	0.00471	0.00505	0.00565	0.00353	0.00358	0.00622	0.02988	0.01094	0.21172	0.43607	0.13178	0.02880	0.09343	0.00192	0.00292	0.00845	0.00346	0.00327
29	0.00679	0.00598	0.00819	0.00738	0.00754	0.00775	0.00576	0.00751	0.00573	0.00847	0.00801	0.01420	0.00835	0.24695	0.21092	0.00321	0.42786	0.00405	0.00190	0.00343
30	0.00499	0.00347	0.00446	0.00510	0.00551	0.00322	0.00349	0.00569	0.00735	0.03055	0.02163	0.66538	0.10692	0.07283	0.00577	0.00165	0.00233	0.04314	0.00342	0.00310
31	0.00860	0.00808	0.01331	0.30908	0.43176	0.00876	0.03947	0.03584	0.07052	0.01197	0.02184	0.01023	0.00654	0.00372	0.00377	0.00118	0.00454	0.00351	0.00203	0.00527
32	0.30391	0.18253	0.03296	0.03387	0.05202	0.20408	0.07196	0.03376	0.00826	0.01248	0.00581	0.00701	0.00474	0.00361	0.00322	0.00107	0.02965	0.00250	0.00201	0.00455
33	0.01050	0.00783	0.00844	0.00719	0.00932	0.00869	0.00572	0.29340	0.34987	0.03914	0.03485	0.05094	0.01086	0.00526	0.00372	0.00118	0.00315	0.02123	0.12318	0.00553
34	0.00813	0.00688	0.00797	0.00572	0.00904	0.00536	0.00459	0.05395	0.00831	0.01284	0.00679	0.00785	0.00560	0.00287	0.00283	0.00059	0.00285	0.00229	0.00231	0.84323
35	0.00478	0.00378	0.00418	0.00412	0.00514	0.00331	0.00301	0.00585	0.00879	0.01121	0.25736	0.05748	0.51830	0.08918	0.00581	0.00147	0.00203	0.00746	0.00355	0.00318
36	0.00863	0.00862	0.01699	0.07383	0.01671	0.00849	0.52543	0.04906	0.02752	0.03657	0.00991	0.05986	0.00863	0.00500	0.01571	0.00139	0.03092	0.08961	0.00233	0.00479
37	0.01054	0.00900	0.02146	0.00848	0.03249	0.03336	0.01821	0.19441	0.54300	0.03077	0.02370	0.01244	0.00993	0.00490	0.00405	0.00123	0.02857	0.00396	0.00359	0.00589
38	0.00958	0.00456	0.00544	0.00480	0.00629	0.00427	0.00374	0.03463	0.00929	0.25027	0.11876	0.06192	0.03557	0.00540	0.00337	0.00105	0.00226	0.00449	0.42994	0.00437
39	0.03506	0.00864	0.05845	0.01096	0.06465	0.00821	0.27932	0.10758	0.08862	0.07455	0.02127	0.06438	0.00867	0.02796	0.06192	0.00162	0.03221	0.00436	0.03655	0.00503
40	0.00542	0.00364	0.00408	0.00408	0.00413	0.00362	0.00229	0.00545	0.00557	0.00738	0.01275	0.02496	0.04306	0.83770	0.01858	0.00355	0.00358	0.00554	0.00232	0.00230
41	0.00894	0.01674	0.00965	0.00809	0.00958	0.05728	0.07681	0.17869	0.00919	0.05122	0.00948	0.06047	0.00849	0.03431	0.32196	0.00311	0.12497	0.00411	0.00251	0.00440
42	0.02709	0.07166	0.01814	0.02325	0.03027	0.01789	0.01406	0.13281	0.03844	0.03799	0.18855	0.03072	0.02194	0.00465	0.00346	0.00093	0.00307	0.01028	0.00296	0.32183

[dist]
# distance from previous block
# <min> <max>
0	18

[block]
# block no. 8 follows, 73 sequences, length 9
# corresponding to MSA columns:
# 486-494
name=unknown_I
#
# <colnr> <probs for GDERKNQSTAVLIFYWHMCP>
#	G	D	E	R	K	N	Q	S	T	A	V	L	I	F	Y	W	H	M	C	P
0	0.03196	0.09927	0.01467	0.05465	0.02815	0.24447	0.26849	0.05611	0.06651	0.01155	0.00871	0.01010	0.04297	0.00461	0.02632	0.00125	0.01973	0.00354	0.00217	0.00477
1	0.00766	0.02190	0.03217	0.18035	0.25599	0.02591	0.00794	0.02987	0.05628	0.02476	0.04555	0.17088	0.05078	0.03075	0.00446	0.00133	0.00381	0.04248	0.00256	0.00457
2	0.00529	0.00387	0.00454	0.00441	0.00549	0.00340	0.00329	0.00657	0.00937	0.04450	0.36623	0.10260	0.40933	0.00875	0.00443	0.00125	0.00192	0.00753	0.00379	0.00343
3	0.00530	0.00367	0.00460	0.00473	0.00493	0.00381	0.00304	0.00572	0.00585	0.00797	0.01271	0.14772	0.01427	0.53541	0.22044	0.00391	0.00498	0.00588	0.00239	0.00265
4	0.01411	0.00730	0.00890	0.00720	0.00984	0.00730	0.00587	0.13248	0.22241	0.48518	0.01432	0.01378	0.00994	0.00497	0.00384	0.00121	0.00328	0.03765	0.00426	0.00615
5	0.55116	0.00737	0.00705	0.00583	0.00839	0.00796	0.00481	0.10417	0.00885	0.25015	0.00833	0.00829	0.00578	0.00392	0.00289	0.00116	0.00312	0.00267	0.00313	0.00497
6	0.89465	0.00726	0.00551	0.00493	0.00726	0.00842	0.00406	0.01103	0.00638	0.01683	0.00522	0.00609	0.00406	0.00348	0.00232	0.00116	0.00290	0.00203	0.00232	0.00406
7	0.00766	0.00706	0.01144	0.73910	0.06072	0.00868	0.01019	0.05933	0.00810	0.01053	0.00676	0.00984	0.00512	0.00388	0.00407	0.00125	0.03675	0.00334	0.00180	0.00438
8	0.00724	0.00683	0.01154	0.79869	0.08504	0.00838	0.01050	0.00973	0.00758	0.00978	0.00670	0.00995	0.00507	0.00372	0.00375	0.00124	0.00496	0.00333	0.00168	0.00430

[dist]
# distance from previous block
# <min> <max>
0	1

[block]
# block no. 9 follows, 73 sequences, length 10
# corresponding to MSA columns:
# 496-505
name=unknown_J
#
# <colnr> <probs for GDERKNQSTAVLIFYWHMCP>
#	G	D	E	R	K	N	Q	S	T	A	V	L	I	F	Y	W	H	M	C	P
0	0.00770	0.00725	0.01205	0.58822	0.23570	0.00827	0.01031	0.01007	0.00779	0.01045	0.00677	0.00967	0.00528	0.00358	0.00368	0.00117	0.00472	0.00326	0.00175	0.06231
1	0.00562	0.00437	0.00639	0.00624	0.00681	0.00522	0.00484	0.00682	0.00597	0.00864	0.00971	0.01481	0.00927	0.08213	0.72314	0.00548	0.08516	0.00405	0.00199	0.00335
2	0.00582	0.00414	0.00572	0.00654	0.00727	0.00411	0.00551	0.00732	0.00828	0.01081	0.01956	0.15071	0.02161	0.05452	0.00584	0.00180	0.00329	0.67040	0.00340	0.00334
3	0.00836	0.00825	0.00902	0.00810	0.00882	0.14595	0.00642	0.04505	0.03091	0.00966	0.00763	0.01137	0.00717	0.07308	0.27443	0.00301	0.33330	0.00356	0.00200	0.00393
4	0.00970	0.00809	0.01151	0.09525	0.36324	0.00846	0.00848	0.21826	0.03239	0.03275	0.05434	0.01358	0.10314	0.00469	0.00383	0.00115	0.00389	0.00408	0.01776	0.00541
