[name]
unknown

[dist]
# distance from previous block
# <min> <max>
10	533

[block]
# block no. 0 follows, 67 sequences, length 26
# corresponding to MSA columns:
# 733-758
name=unknown_A
#
# <colnr> <probs for GDERKNQSTAVLIFYWHMCP>
#	G	D	E	R	K	N	Q	S	T	A	V	L	I	F	Y	W	H	M	C	P
0	0.05224	0.01012	0.04128	0.04023	0.08659	0.11203	0.07539	0.18748	0.10699	0.02665	0.06456	0.09109	0.01928	0.00556	0.00423	0.00127	0.01581	0.02224	0.00311	0.03386
1	0.05206	0.00969	0.00991	0.05382	0.03285	0.11356	0.00686	0.29987	0.07858	0.04644	0.04171	0.08801	0.03748	0.02365	0.01348	0.00139	0.04907	0.02124	0.00334	0.01696
2	0.04303	0.01102	0.01043	0.07887	0.05219	0.21291	0.00732	0.22217	0.10005	0.06737	0.03785	0.04486	0.04507	0.00569	0.01804	0.00132	0.02915	0.00407	0.00316	0.00542
3	0.03660	0.01007	0.04057	0.02081	0.06561	0.09901	0.02859	0.22889	0.16889	0.03723	0.01194	0.11178	0.01048	0.02324	0.00493	0.00137	0.04898	0.03064	0.00328	0.01709
4	0.07109	0.01032	0.00997	0.03980	0.05689	0.20841	0.03325	0.17266	0.02110	0.01398	0.01014	0.09328	0.00956	0.07309	0.04896	0.00171	0.02680	0.04247	0.00277	0.05376
5	0.00980	0.00889	0.01263	0.07839	0.23314	0.04325	0.09203	0.14336	0.05637	0.01475	0.06525	0.06491	0.03265	0.00515	0.00439	0.00124	0.02737	0.02094	0.00280	0.08269
6	0.04273	0.04006	0.03833	0.05439	0.08870	0.06286	0.07651	0.07592	0.03761	0.03775	0.00905	0.07127	0.00794	0.00663	0.06726	0.00155	0.07770	0.00389	0.00251	0.19734
7	0.01949	0.00768	0.00947	0.00852	0.03873	0.07133	0.08219	0.14055	0.03679	0.05711	0.05526	0.14551	0.04571	0.08634	0.07949	0.00202	0.01813	0.05586	0.00318	0.03664
8	0.01147	0.02605	0.03207	0.05858	0.14360	0.21887	0.14472	0.10583	0.10888	0.02596	0.03763	0.01061	0.00780	0.00429	0.00415	0.00120	0.01886	0.00370	0.00261	0.03313
9	0.01112	0.09000	0.03216	0.10494	0.20928	0.06463	0.18522	0.07000	0.05274	0.10046	0.00881	0.01026	0.00668	0.00392	0.00397	0.00120	0.00509	0.00368	0.00253	0.03335
10	0.00963	0.05549	0.02221	0.01555	0.01935	0.01041	0.69639	0.04084	0.00957	0.01297	0.00812	0.02212	0.00632	0.00367	0.00483	0.00132	0.03296	0.00457	0.00210	0.02158
11	0.00643	0.00506	0.00663	0.00647	0.00721	0.03473	0.00492	0.03372	0.00694	0.00965	0.01070	0.01649	0.01026	0.13464	0.66706	0.00568	0.02317	0.00440	0.00224	0.00359
12	0.00710	0.00609	0.05096	0.00690	0.00838	0.00539	0.05062	0.09487	0.02182	0.03062	0.19754	0.28608	0.09691	0.02089	0.02020	0.00157	0.00320	0.08300	0.00369	0.00418
13	0.01023	0.00607	0.00918	0.04211	0.01025	0.00574	0.10891	0.03876	0.03518	0.26153	0.03965	0.24196	0.07540	0.02974	0.00569	0.06110	0.00353	0.00651	0.00368	0.00478
14	0.01187	0.01444	0.01830	0.01404	0.01723	0.37329	0.46552	0.01423	0.01029	0.01152	0.00728	0.00925	0.00568	0.00371	0.00425	0.00121	0.00697	0.00380	0.00204	0.00508
15	0.00812	0.02022	0.79529	0.01172	0.01755	0.00936	0.05728	0.01271	0.00852	0.01271	0.00725	0.00859	0.00513	0.00379	0.00386	0.00127	0.00597	0.00306	0.00171	0.00590
16	0.00936	0.00983	0.06880	0.14366	0.46663	0.00931	0.12692	0.03962	0.00931	0.01297	0.00846	0.01224	0.00713	0.00413	0.00417	0.00128	0.00513	0.05317	0.00212	0.00576
17	0.00952	0.00650	0.00886	0.00796	0.02742	0.04444	0.09412	0.04968	0.03122	0.18467	0.08120	0.28847	0.04601	0.05299	0.00546	0.00154	0.00355	0.04805	0.00369	0.00465
18	0.00573	0.00430	0.00645	0.00645	0.00716	0.00501	0.00501	0.00716	0.00645	0.00931	0.01074	0.01576	0.01003	0.03008	0.84316	0.00645	0.01074	0.00430	0.00215	0.00358
19	0.00491	0.00354	0.00465	0.00548	0.00580	0.00328	0.00369	0.00567	0.00790	0.01048	0.05265	0.77980	0.07280	0.01227	0.00508	0.00160	0.00229	0.01108	0.00375	0.00328
20	0.01073	0.04370	0.11624	0.21935	0.23555	0.13377	0.02525	0.09685	0.02679	0.04268	0.00783	0.00962	0.00602	0.00400	0.00388	0.00121	0.00532	0.00336	0.00226	0.00559
21	0.10817	0.00894	0.01410	0.12344	0.57380	0.00943	0.01088	0.03825	0.00898	0.01359	0.00764	0.01051	0.00642	0.00396	0.00407	0.00125	0.02467	0.02401	0.00212	0.00579
22	0.00566	0.00425	0.00541	0.00600	0.00695	0.00400	0.00489	0.00708	0.00905	0.01154	0.06052	0.16647	0.27102	0.01091	0.00520	0.00164	0.00290	0.40922	0.00374	0.00354
23	0.00938	0.00902	0.01470	0.27645	0.45227	0.02661	0.05576	0.02664	0.06597	0.01261	0.00807	0.01050	0.00642	0.00386	0.00403	0.00125	0.00499	0.00368	0.00211	0.00569
24	0.01297	0.09536	0.03014	0.04157	0.15283	0.50796	0.05226	0.02834	0.02216	0.01094	0.00673	0.00810	0.00555	0.00395	0.00367	0.00108	0.00632	0.00291	0.00206	0.00511
25	0.01079	0.13938	0.01429	0.02535	0.05568	0.09045	0.16842	0.15909	0.03809	0.04734	0.00946	0.03057	0.00810	0.06686	0.09262	0.00193	0.01567	0.01810	0.00263	0.00519

[dist]
# distance from previous block
# <min> <max>
0	10

[block]
# block no. 1 follows, 67 sequences, length 16
# corresponding to MSA columns:
# 769-784
name=unknown_B
#
# <colnr> <probs for GDERKNQSTAVLIFYWHMCP>
#	G	D	E	R	K	N	Q	S	T	A	V	L	I	F	Y	W	H	M	C	P
0	0.01191	0.59034	0.01752	0.00741	0.01042	0.10926	0.00684	0.01320	0.00882	0.11804	0.00717	0.00790	0.00596	0.00483	0.03431	0.00117	0.03490	0.00257	0.00220	0.00522
1	0.01033	0.70571	0.06253	0.00758	0.01069	0.01506	0.00753	0.01174	0.00790	0.00963	0.00562	0.00685	0.00516	0.00392	0.00403	0.00100	0.11556	0.00237	0.00172	0.00509
2	0.00613	0.00488	0.00721	0.00698	0.00760	0.00597	0.00551	0.00749	0.00641	0.00935	0.01002	0.01484	0.00940	0.02705	0.73426	0.00583	0.12108	0.00419	0.00210	0.00369
3	0.00573	0.00430	0.00645	0.00645	0.00716	0.00501	0.00501	0.00716	0.00645	0.00931	0.01074	0.01576	0.01003	0.03008	0.84316	0.00645	0.01074	0.00430	0.00215	0.00358
4	0.01128	0.03508	0.04069	0.00875	0.01121	0.17543	0.00704	0.07465	0.55654	0.01563	0.01322	0.01259	0.01000	0.00502	0.00393	0.00127	0.00420	0.00396	0.00352	0.00599
5	0.00981	0.00898	0.01451	0.30121	0.42937	0.00972	0.03536	0.11769	0.01004	0.01373	0.00769	0.01017	0.00607	0.00388	0.00401	0.00125	0.00497	0.00361	0.00218	0.00574
6	0.48327	0.00975	0.11686	0.10499	0.01212	0.00923	0.00705	0.10554	0.03244	0.07453	0.00747	0.00836	0.00546	0.00403	0.00316	0.00126	0.00391	0.00280	0.00269	0.00508
7	0.00532	0.00624	0.11373	0.00523	0.00708	0.00422	0.00472	0.00692	0.00932	0.01182	0.15082	0.06359	0.57836	0.00913	0.00463	0.00134	0.00253	0.00767	0.00356	0.00377
8	0.05440	0.04021	0.00924	0.11770	0.02283	0.05758	0.00627	0.10390	0.14613	0.12716	0.10237	0.01592	0.05222	0.08428	0.00546	0.00147	0.00379	0.00442	0.00337	0.04129
9	0.18155	0.08648	0.00998	0.11722	0.01184	0.00834	0.02641	0.10496	0.01940	0.11149	0.02583	0.03013	0.04871	0.02905	0.00395	0.00118	0.00369	0.00359	0.00290	0.17332
10	0.04156	0.10091	0.06651	0.11817	0.01292	0.02823	0.00740	0.19736	0.05658	0.17555	0.06491	0.03089	0.02484	0.00557	0.02487	0.00133	0.00424	0.00395	0.00333	0.03088
11	0.05174	0.20355	0.15059	0.00824	0.01161	0.04492	0.00788	0.19047	0.07021	0.05139	0.00976	0.01973	0.03475	0.00457	0.00379	0.00112	0.02782	0.01668	0.00277	0.08842
12	0.04111	0.12328	0.11752	0.00867	0.02256	0.17513	0.00766	0.17105	0.07292	0.04105	0.03431	0.04232	0.06073	0.00583	0.02135	0.00131	0.01371	0.03128	0.00289	0.00530
13	0.12467	0.26655	0.15138	0.00813	0.04701	0.05229	0.00744	0.02995	0.01995	0.04335	0.05126	0.08975	0.02404	0.02893	0.00394	0.00123	0.00414	0.01873	0.00248	0.02479
14	0.05059	0.33299	0.09415	0.01947	0.02926	0.02871	0.02567	0.11924	0.08968	0.04046	0.02144	0.08060	0.00867	0.01810	0.00373	0.00116	0.00418	0.00375	0.00264	0.02552
15	0.05116	0.18743	0.16788	0.02199	0.08228	0.05315	0.00848	0.13776	0.06498	0.08416	0.03488	0.02607	0.01748	0.02395	0.00399	0.00121	0.00445	0.00350	0.00275	0.02243

[dist]
# distance from previous block
# <min> <max>
40	297

[block]
# block no. 2 follows, 67 sequences, length 38
# corresponding to MSA columns:
# 1151-1188
name=unknown_C
#
# <colnr> <probs for GDERKNQSTAVLIFYWHMCP>
#	G	D	E	R	K	N	Q	S	T	A	V	L	I	F	Y	W	H	M	C	P
0	0.09895	0.16218	0.02935	0.11203	0.11679	0.06283	0.11095	0.03258	0.00886	0.03127	0.01106	0.06677	0.08271	0.00499	0.00407	0.00122	0.03265	0.00419	0.00236	0.02419
1	0.02755	0.07149	0.04864	0.00788	0.05520	0.02384	0.00593	0.09487	0.13487	0.04050	0.04657	0.36486	0.04526	0.00819	0.00437	0.00139	0.00326	0.00712	0.00347	0.00474
2	0.04676	0.07796	0.05749	0.02540	0.02924	0.00922	0.06488	0.25711	0.07725	0.09574	0.05512	0.10004	0.03665	0.04323	0.00478	0.00138	0.00399	0.00483	0.00341	0.00551
3	0.01029	0.25298	0.22335	0.06136	0.07709	0.10284	0.11669	0.01315	0.03421	0.04080	0.00732	0.00871	0.00575	0.00385	0.00383	0.00115	0.02607	0.00311	0.00200	0.00545
4	0.01188	0.25271	0.03634	0.01002	0.05123	0.33513	0.03468	0.03980	0.02959	0.01073	0.00735	0.02772	0.01953	0.00459	0.00467	0.00113	0.11279	0.00309	0.00209	0.00496
5	0.02924	0.02310	0.05761	0.00811	0.02991	0.03479	0.05014	0.13986	0.02822	0.08176	0.00860	0.00978	0.00673	0.02419	0.02446	0.00112	0.01405	0.00308	0.00279	0.42246
6	0.02041	0.00822	0.07355	0.03564	0.08410	0.03476	0.04590	0.05590	0.00957	0.22160	0.03467	0.17682	0.01247	0.00813	0.05885	0.00171	0.07972	0.02951	0.00328	0.00518
7	0.00616	0.02418	0.00581	0.00529	0.00642	0.02405	0.00407	0.00778	0.01038	0.03407	0.51126	0.04962	0.18739	0.00974	0.04991	0.00159	0.00273	0.05174	0.00400	0.00380
8	0.00883	0.00767	0.00966	0.08826	0.01156	0.08085	0.10456	0.13452	0.02512	0.04088	0.09107	0.21049	0.11508	0.02823	0.00491	0.00142	0.00396	0.02509	0.00331	0.00453
9	0.00839	0.07438	0.69479	0.07737	0.01756	0.03482	0.01380	0.01256	0.00850	0.01221	0.00706	0.00847	0.00511	0.00381	0.00374	0.00124	0.00581	0.00295	0.00171	0.00572
10	0.00757	0.00713	0.01203	0.84942	0.02762	0.00891	0.01114	0.01025	0.00802	0.01025	0.00713	0.01069	0.00535	0.00401	0.00401	0.00134	0.00535	0.00356	0.00178	0.00446
11	0.00538	0.00393	0.00504	0.02532	0.00641	0.00385	0.00390	0.00658	0.04695	0.01027	0.02063	0.62288	0.04841	0.13577	0.00728	0.00194	0.00270	0.03591	0.00350	0.00333
12	0.00834	0.05240	0.62366	0.01148	0.04521	0.00942	0.06081	0.01308	0.07155	0.01307	0.04761	0.01011	0.00732	0.00410	0.00389	0.00126	0.00546	0.00338	0.00204	0.00581
13	0.00697	0.00348	0.00522	0.00522	0.00522	0.00348	0.00348	0.00522	0.00522	0.00697	0.00697	0.01219	0.00697	0.01393	0.01567	0.88332	0.00348	0.00348	0.00174	0.00174
14	0.00931	0.01058	0.02304	0.01653	0.02046	0.00991	0.79249	0.01261	0.00941	0.01276	0.00858	0.03879	0.00676	0.00368	0.00475	0.00136	0.00661	0.00495	0.00208	0.00534
15	0.01219	0.00835	0.00951	0.03398	0.01095	0.00903	0.00653	0.27075	0.27764	0.15731	0.01533	0.07633	0.03867	0.00609	0.00422	0.00134	0.00360	0.04803	0.00408	0.00605
16	0.00630	0.00453	0.00626	0.00714	0.00805	0.00449	0.00616	0.00805	0.00915	0.01186	0.02220	0.08537	0.06176	0.01111	0.00548	0.00181	0.00355	0.72938	0.00370	0.00366
17	0.00489	0.00349	0.00465	0.00558	0.00582	0.00326	0.00372	0.00558	0.00768	0.01024	0.02210	0.85644	0.02653	0.01256	0.00512	0.00163	0.00233	0.01140	0.00372	0.00326
18	0.02242	0.00952	0.01101	0.02740	0.01200	0.05353	0.07087	0.22924	0.33108	0.13132	0.01285	0.02729	0.00951	0.00527	0.00438	0.02416	0.00407	0.00418	0.00378	0.00614
19	0.01378	0.01281	0.01148	0.09385	0.03830	0.28127	0.00791	0.37595	0.03159	0.04454	0.00907	0.04461	0.00716	0.00482	0.00393	0.00118	0.00529	0.00363	0.00312	0.00571
20	0.00568	0.00410	0.00536	0.00505	0.00599	0.00378	0.00378	0.00757	0.01135	0.01608	0.83192	0.02996	0.03784	0.00820	0.00473	0.00126	0.00189	0.00725	0.00441	0.00378
21	0.00489	0.00349	0.00465	0.00558	0.00582	0.00326	0.00372	0.00558	0.00768	0.01024	0.02210	0.85644	0.02653	0.01256	0.00512	0.00163	0.00233	0.01140	0.00372	0.00326
22	0.01004	0.00957	0.01184	0.13252	0.22968	0.08020	0.02315	0.01677	0.41189	0.01422	0.01171	0.01230	0.00901	0.00460	0.00401	0.00128	0.00431	0.00398	0.00300	0.00592
23	0.88738	0.00776	0.00589	0.00527	0.00776	0.00900	0.00434	0.01179	0.00683	0.01799	0.00558	0.00651	0.00434	0.00372	0.00248	0.00124	0.00310	0.00217	0.00248	0.00434
24	0.01040	0.73705	0.10227	0.00780	0.01151	0.01494	0.04678	0.01212	0.00824	0.00992	0.00586	0.00685	0.00519	0.00347	0.00280	0.00092	0.00457	0.00235	0.00173	0.00524
25	0.00518	0.00408	0.00467	0.00452	0.00568	0.00357	0.00339	0.00660	0.01017	0.01328	0.40930	0.03457	0.46221	0.00924	0.00474	0.00131	0.00197	0.00790	0.00405	0.00357
26	0.00560	0.00408	0.00527	0.00505	0.00598	0.00375	0.00378	0.00738	0.01102	0.01544	0.73479	0.06817	0.08528	0.00856	0.00476	0.00129	0.00195	0.01980	0.00433	0.00373
27	0.00939	0.00892	0.01346	0.25278	0.37685	0.03109	0.02921	0.01391	0.19721	0.01305	0.00943	0.01125	0.00739	0.00414	0.00402	0.00127	0.00467	0.00379	0.00241	0.00575
28	0.09896	0.01132	0.01141	0.00996	0.07486	0.10339	0.00751	0.54526	0.01564	0.04802	0.00966	0.00992	0.02662	0.00467	0.00384	0.00119	0.00453	0.00349	0.00352	0.00622
29	0.00804	0.02074	0.83828	0.01143	0.01736	0.00931	0.01482	0.01270	0.00847	0.01270	0.00720	0.00847	0.00508	0.00381	0.00381	0.00127	0.00593	0.00296	0.00169	0.00593
30	0.00993	0.00953	0.01628	0.02462	0.83404	0.00953	0.01231	0.01231	0.00913	0.01310	0.00754	0.00993	0.00635	0.00357	0.00397	0.00119	0.00476	0.00357	0.00199	0.00635
31	0.01135	0.00941	0.01066	0.08357	0.01285	0.02068	0.03376	0.27083	0.44539	0.01852	0.01354	0.01319	0.02762	0.00514	0.00408	0.00130	0.00390	0.00423	0.00375	0.00621
32	0.00970	0.00929	0.01586	0.10545	0.75500	0.00947	0.01219	0.01211	0.00902	0.01282	0.00750	0.01000	0.00625	0.00362	0.00397	0.00121	0.00482	0.00357	0.00197	0.00617
33	0.00488	0.00386	0.00442	0.00484	0.00572	0.00339	0.00349	0.00581	0.00855	0.01065	0.03213	0.37280	0.46444	0.01118	0.00493	0.00149	0.00223	0.04811	0.00372	0.00335
34	0.01066	0.00727	0.05278	0.07479	0.01061	0.02430	0.02517	0.08610	0.01072	0.26988	0.04036	0.02225	0.32033	0.00675	0.00429	0.00128	0.00340	0.00560	0.00379	0.01967
35	0.01065	0.10229	0.05991	0.02686	0.19110	0.18669	0.00833	0.03360	0.12900	0.03947	0.05431	0.04861	0.00968	0.01980	0.02959	0.00140	0.03683	0.00393	0.00262	0.00533
36	0.02985	0.01051	0.08549	0.07478	0.02337	0.11066	0.22883	0.01149	0.02597	0.01197	0.00994	0.09506	0.03555	0.00493	0.00467	0.00122	0.06248	0.00442	0.00231	0.16650
37	0.11194	0.00929	0.03208	0.09325	0.15323	0.12504	0.02680	0.04281	0.04661	0.08400	0.09018	0.06775	0.02153	0.01748	0.00428	0.00128	0.01383	0.02191	0.00288	0.03384

[dist]
# distance from previous block
# <min> <max>
2	31

[block]
# block no. 3 follows, 67 sequences, length 31
# corresponding to MSA columns:
# 1220-1250
name=unknown_D
#
# <colnr> <probs for GDERKNQSTAVLIFYWHMCP>
#	G	D	E	R	K	N	Q	S	T	A	V	L	I	F	Y	W	H	M	C	P
0	0.06337	0.04820	0.00664	0.00589	0.00694	0.00581	0.00435	0.05093	0.07429	0.02580	0.08518	0.30987	0.09180	0.13686	0.02343	0.00190	0.02910	0.02236	0.00338	0.00390
1	0.10647	0.02820	0.03748	0.06014	0.09899	0.12034	0.07824	0.09423	0.05533	0.01338	0.00827	0.03321	0.00711	0.00669	0.06125	0.00168	0.16268	0.01887	0.00240	0.00504
2	0.01113	0.00842	0.05744	0.04531	0.09915	0.00811	0.00724	0.13354	0.21398	0.17731	0.05725	0.09328	0.04633	0.00624	0.01558	0.00138	0.00373	0.00501	0.00373	0.00582
3	0.02251	0.05042	0.03911	0.01215	0.05590	0.05912	0.27750	0.08087	0.16364	0.03773	0.01024	0.05974	0.00842	0.00519	0.01427	0.00140	0.08914	0.00445	0.00272	0.00549
4	0.00617	0.00478	0.00676	0.00637	0.00707	0.00530	0.02797	0.00728	0.00672	0.00959	0.03540	0.04860	0.02861	0.22035	0.44123	0.00458	0.07178	0.00496	0.02193	0.03457
5	0.04898	0.01034	0.04175	0.03880	0.32549	0.08899	0.00914	0.18268	0.01164	0.13772	0.03371	0.01143	0.03245	0.00445	0.00393	0.00120	0.00455	0.00373	0.00299	0.00604
6	0.05438	0.29229	0.36007	0.00937	0.02607	0.05467	0.02655	0.02737	0.03755	0.01196	0.00776	0.00889	0.02269	0.00499	0.03846	0.00134	0.00531	0.00292	0.00196	0.00540
7	0.02421	0.28125	0.22646	0.00905	0.01245	0.26103	0.00893	0.04557	0.00957	0.01122	0.00758	0.07100	0.00679	0.00448	0.00345	0.00109	0.00543	0.00324	0.00207	0.00511
8	0.00491	0.00372	0.00446	0.00499	0.00561	0.00335	0.00343	0.00571	0.00819	0.01049	0.05134	0.51309	0.30070	0.05338	0.00573	0.00164	0.00229	0.01001	0.00368	0.00328
9	0.00697	0.00348	0.00522	0.00522	0.00522	0.00348	0.00348	0.00522	0.00522	0.00697	0.00697	0.01219	0.00697	0.01393	0.01567	0.88332	0.00348	0.00348	0.00174	0.00174
10	0.00511	0.00371	0.00460	0.00518	0.00558	0.00348	0.00348	0.00578	0.00758	0.00990	0.02307	0.52010	0.15690	0.17336	0.02794	0.00213	0.00281	0.03271	0.00344	0.00314
11	0.35511	0.05075	0.47570	0.00881	0.01327	0.00946	0.01035	0.01231	0.00781	0.01465	0.00649	0.00761	0.00479	0.00376	0.00323	0.00124	0.00474	0.00262	0.00201	0.00527
12	0.00490	0.00374	0.00451	0.00501	0.00569	0.00335	0.00349	0.00581	0.00849	0.01093	0.09566	0.50469	0.30655	0.01137	0.00496	0.00150	0.00219	0.01004	0.00378	0.00335
13	0.00893	0.00859	0.01424	0.39358	0.44822	0.02229	0.01166	0.01140	0.00863	0.01172	0.00730	0.01021	0.00587	0.00383	0.00411	0.00126	0.01726	0.00355	0.00189	0.00545
14	0.04462	0.00769	0.00972	0.00748	0.01058	0.00724	0.00617	0.17160	0.01274	0.65697	0.01433	0.01266	0.00916	0.00490	0.00398	0.00123	0.00359	0.00389	0.00471	0.00675
15	0.00807	0.00596	0.00974	0.03813	0.32540	0.00604	0.00718	0.00819	0.00687	0.00953	0.00736	0.01143	0.00681	0.01034	0.04665	0.47886	0.00435	0.00356	0.00185	0.00368
16	0.00564	0.00410	0.00542	0.00611	0.00682	0.00391	0.00479	0.00696	0.00884	0.01161	0.10861	0.32762	0.10933	0.02727	0.00551	0.00170	0.00286	0.34568	0.00376	0.00349
17	0.01033	0.01077	0.00793	0.00738	0.00864	0.36115	0.00536	0.04506	0.02407	0.01077	0.02592	0.04206	0.01007	0.21368	0.09680	0.00232	0.00572	0.00414	0.10386	0.00395
18	0.61555	0.03886	0.00710	0.00599	0.00824	0.12454	0.00484	0.01222	0.01864	0.01608	0.00661	0.00766	0.00524	0.00395	0.00287	0.00118	0.01758	0.00245	0.09603	0.00438
19	0.00816	0.00787	0.01363	0.61764	0.16928	0.00921	0.06964	0.01078	0.00826	0.01092	0.00722	0.01051	0.00558	0.00398	0.00434	0.00132	0.03132	0.00365	0.00183	0.00486
20	0.01182	0.00955	0.01004	0.00838	0.01098	0.02663	0.00668	0.32609	0.43509	0.01974	0.05471	0.01333	0.01114	0.00524	0.00404	0.00127	0.00366	0.00421	0.00398	0.03342
21	0.00722	0.01070	0.30268	0.00855	0.04759	0.00654	0.00837	0.06676	0.01000	0.01401	0.23870	0.13392	0.09142	0.00704	0.00440	0.00133	0.00376	0.02912	0.00313	0.00477
22	0.01024	0.27140	0.35895	0.02312	0.03185	0.01073	0.06720	0.01318	0.00882	0.11444	0.00785	0.00872	0.00585	0.00377	0.00349	0.00111	0.00500	0.00297	0.00217	0.04915
23	0.00927	0.40358	0.35019	0.02526	0.01422	0.01216	0.07919	0.01210	0.00837	0.01109	0.00706	0.03780	0.00596	0.00391	0.00337	0.00110	0.00511	0.00305	0.00181	0.00540
24	0.00879	0.01058	0.09136	0.01411	0.01753	0.00941	0.54844	0.01223	0.05248	0.01255	0.01052	0.07269	0.03384	0.00480	0.00527	0.00140	0.06699	0.01954	0.00229	0.00518
25	0.00899	0.00912	0.06625	0.35725	0.25466	0.01874	0.04154	0.08245	0.02639	0.01285	0.00945	0.02864	0.03227	0.00452	0.00410	0.00130	0.00495	0.02898	0.00225	0.00530
26	0.00964	0.00981	0.02858	0.21849	0.46677	0.06430	0.06839	0.01265	0.05880	0.01240	0.00793	0.01028	0.00635	0.00382	0.00401	0.00124	0.00513	0.00364	0.00207	0.00571
27	0.00882	0.00750	0.00819	0.00713	0.00896	0.06176	0.04836	0.16482	0.15734	0.01458	0.06004	0.09636	0.24948	0.03240	0.00551	0.05103	0.00344	0.00610	0.00353	0.00465
28	0.00513	0.00383	0.00475	0.00523	0.00584	0.00354	0.00363	0.00632	0.02804	0.01141	0.15767	0.52110	0.18723	0.03006	0.00530	0.00156	0.00225	0.00985	0.00382	0.00342
29	0.03256	0.10485	0.27398	0.03277	0.06398	0.01844	0.08432	0.08584	0.05001	0.05571	0.01113	0.09299	0.04279	0.00576	0.02622	0.00140	0.00489	0.00434	0.00256	0.00545
30	0.00655	0.03517	0.00717	0.00638	0.00751	0.02220	0.02822	0.00800	0.00786	0.04296	0.09765	0.03865	0.12759	0.03040	0.48549	0.00428	0.00747	0.02987	0.00277	0.00381

[dist]
# distance from previous block
# <min> <max>
0	1

[block]
# block no. 4 follows, 67 sequences, length 21
# corresponding to MSA columns:
# 1252-1272
name=unknown_E
#
# <colnr> <probs for GDERKNQSTAVLIFYWHMCP>
#	G	D	E	R	K	N	Q	S	T	A	V	L	I	F	Y	W	H	M	C	P
0	0.03491	0.00685	0.00926	0.24623	0.04089	0.00772	0.00725	0.17362	0.01009	0.04638	0.01295	0.29138	0.01308	0.02760	0.00523	0.00148	0.05120	0.00620	0.00305	0.00464
1	0.00866	0.00870	0.01206	0.66293	0.08565	0.11158	0.01060	0.01109	0.00852	0.01053	0.00719	0.01032	0.00552	0.00401	0.00393	0.00128	0.00545	0.00345	0.02394	0.00460
2	0.08048	0.07199	0.01105	0.00897	0.04722	0.12383	0.00692	0.24049	0.23708	0.09470	0.01161	0.01136	0.02720	0.00479	0.00377	0.00121	0.00421	0.00366	0.00348	0.00598
3	0.00962	0.03017	0.00865	0.00735	0.00913	0.04874	0.01751	0.27317	0.09924	0.01668	0.13329	0.26960	0.04446	0.00779	0.00443	0.00135	0.00338	0.00667	0.00380	0.00497
4	0.01157	0.00702	0.00861	0.00773	0.04390	0.00714	0.00582	0.07662	0.25163	0.26518	0.24862	0.01824	0.01821	0.00596	0.00424	0.00128	0.00304	0.00505	0.00435	0.00579
5	0.02716	0.76222	0.07136	0.00713	0.01069	0.01497	0.00728	0.01232	0.00826	0.03963	0.00605	0.00682	0.00530	0.00352	0.00270	0.00090	0.00434	0.00226	0.00185	0.00524
6	0.06014	0.08635	0.19121	0.00969	0.01320	0.04284	0.11978	0.17801	0.03662	0.08002	0.02898	0.03341	0.00789	0.00623	0.06252	0.00157	0.00526	0.00375	0.00278	0.02976
7	0.00623	0.00474	0.00562	0.00553	0.00651	0.00469	0.00401	0.03483	0.11522	0.01357	0.31882	0.23740	0.13341	0.08358	0.00610	0.00161	0.00244	0.00787	0.00392	0.00391
8	0.00536	0.00389	0.00436	0.00449	0.00495	0.00364	0.00285	0.00583	0.00727	0.00932	0.04972	0.15542	0.25746	0.45325	0.01297	0.00271	0.00304	0.00749	0.00307	0.00288
9	0.00961	0.15861	0.33922	0.04755	0.03432	0.11324	0.11261	0.02973	0.04281	0.01210	0.02259	0.04475	0.00708	0.00427	0.00379	0.00120	0.00550	0.00355	0.00208	0.00540
10	0.00964	0.16004	0.46160	0.05571	0.09837	0.01032	0.03826	0.03977	0.00905	0.07009	0.00767	0.00886	0.00566	0.00383	0.00368	0.00119	0.00530	0.00307	0.00205	0.00584
11	0.00499	0.00403	0.00444	0.00443	0.00560	0.00348	0.00329	0.00621	0.00960	0.01214	0.24265	0.09850	0.56692	0.00984	0.00477	0.00135	0.00202	0.00838	0.00390	0.00348
12	0.00658	0.00462	0.00630	0.00677	0.00769	0.00453	0.01857	0.02197	0.03627	0.04174	0.06584	0.31184	0.04573	0.01075	0.00519	0.00167	0.00313	0.39320	0.00378	0.00383
13	0.01222	0.10000	0.11292	0.02310	0.03988	0.38122	0.06099	0.04971	0.08541	0.03646	0.02727	0.02695	0.00732	0.00443	0.00387	0.00114	0.01611	0.00334	0.00242	0.00522
14	0.00610	0.06386	0.00584	0.00497	0.00535	0.00479	0.00326	0.00648	0.00643	0.00855	0.02629	0.10245	0.01529	0.59962	0.09326	0.00359	0.00437	0.03408	0.00255	0.00287
15	0.00910	0.05038	0.19175	0.19507	0.36191	0.02266	0.04951	0.01223	0.03206	0.01223	0.00751	0.00974	0.00593	0.00382	0.00407	0.00124	0.01972	0.00344	0.00193	0.00570
16	0.00631	0.00482	0.00543	0.03332	0.00680	0.04357	0.00395	0.00740	0.00901	0.04627	0.23089	0.25507	0.19203	0.12855	0.00693	0.00174	0.00275	0.00796	0.00363	0.00356
17	0.01066	0.09451	0.15171	0.01037	0.08275	0.11281	0.06653	0.07270	0.09186	0.07602	0.06667	0.01201	0.03635	0.00456	0.00394	0.00115	0.01478	0.00373	0.00276	0.08411
18	0.07228	0.29261	0.08763	0.00815	0.05107	0.04904	0.00708	0.04011	0.02480	0.01168	0.02844	0.01156	0.02034	0.02134	0.16761	0.00215	0.02153	0.02656	0.00221	0.05382
19	0.09359	0.17301	0.21748	0.00942	0.04450	0.11605	0.06105	0.02367	0.00923	0.04743	0.08194	0.01012	0.00843	0.00412	0.00351	0.00110	0.00476	0.00321	0.00233	0.08503
20	0.03491	0.21371	0.06442	0.00744	0.02963	0.04825	0.02005	0.08957	0.06797	0.05445	0.12239	0.03986	0.14995	0.00604	0.00387	0.00119	0.00365	0.02390	0.01378	0.00494

[dist]
# distance from previous block
# <min> <max>
0	32

[block]
# block no. 5 follows, 67 sequences, length 60
# corresponding to MSA columns:
# 1400-1459
name=unknown_F
#
# <colnr> <probs for GDERKNQSTAVLIFYWHMCP>
#	G	D	E	R	K	N	Q	S	T	A	V	L	I	F	Y	W	H	M	C	P
0	0.00966	0.08583	0.17921	0.00853	0.04956	0.03756	0.00762	0.10794	0.05487	0.07662	0.02678	0.06076	0.06638	0.06836	0.04135	0.00158	0.00443	0.00428	0.00284	0.10586
1	0.06009	0.00624	0.00774	0.00627	0.00876	0.00562	0.00503	0.03776	0.01910	0.43880	0.04554	0.03182	0.13333	0.02925	0.04181	0.00150	0.00341	0.00471	0.02010	0.09309
2	0.01836	0.03468	0.15509	0.13002	0.03442	0.02306	0.00785	0.08207	0.03106	0.05134	0.12976	0.10061	0.04214	0.07479	0.00589	0.00154	0.03936	0.03029	0.00294	0.00472
3	0.02744	0.17046	0.26602	0.06032	0.07276	0.02539	0.05317	0.07077	0.03823	0.07742	0.06521	0.01179	0.00883	0.00448	0.00378	0.00121	0.00477	0.02985	0.00252	0.00557
4	0.00870	0.02197	0.09138	0.03794	0.15799	0.02510	0.26588	0.02242	0.06826	0.02838	0.05790	0.03869	0.12375	0.00534	0.00440	0.00132	0.00480	0.02789	0.00266	0.00522
5	0.00571	0.00422	0.00517	0.00512	0.00617	0.00387	0.00387	0.00746	0.03080	0.02823	0.43022	0.12591	0.25242	0.00931	0.00481	0.00137	0.00217	0.06537	0.00410	0.00373
6	0.07970	0.05865	0.12959	0.06133	0.21711	0.05988	0.01652	0.02526	0.14378	0.03529	0.06587	0.01228	0.02068	0.02614	0.00440	0.00130	0.02026	0.00379	0.01270	0.00548
7	0.01039	0.11096	0.07491	0.01888	0.08373	0.11001	0.05615	0.07859	0.07852	0.04927	0.03170	0.01092	0.02233	0.00597	0.06302	0.00143	0.00492	0.00343	0.01365	0.17120
8	0.00517	0.00411	0.00517	0.00615	0.05661	0.00372	0.00399	0.00615	0.00849	0.01089	0.06308	0.45415	0.33593	0.01090	0.00489	0.00148	0.00234	0.00961	0.00365	0.00352
9	0.00545	0.00394	0.00504	0.00565	0.01745	0.00365	0.00390	0.00662	0.02313	0.02879	0.13217	0.54166	0.16321	0.01113	0.00496	0.00152	0.00233	0.03205	0.00382	0.00353
10	0.02925	0.31565	0.14353	0.03524	0.04910	0.27907	0.04741	0.01350	0.00934	0.02506	0.00646	0.00765	0.00531	0.00381	0.00345	0.00106	0.01534	0.00269	0.00193	0.00516
11	0.00994	0.01091	0.08219	0.21884	0.38771	0.09165	0.08301	0.02862	0.00930	0.02887	0.00754	0.00987	0.00595	0.00379	0.00400	0.00123	0.00538	0.00354	0.00203	0.00563
12	0.00575	0.00426	0.00605	0.00605	0.00665	0.00479	0.00454	0.00687	0.00665	0.00937	0.03721	0.05903	0.04632	0.13157	0.59893	0.02933	0.02581	0.00506	0.00238	0.00338
13	0.00820	0.17837	0.23947	0.00826	0.01093	0.00910	0.00838	0.01036	0.00748	0.04470	0.00847	0.01165	0.00743	0.06031	0.27510	0.00305	0.09853	0.00349	0.00203	0.00470
14	0.01021	0.01023	0.04805	0.14866	0.50069	0.05134	0.07835	0.06042	0.00971	0.03259	0.00776	0.01000	0.00618	0.00377	0.00402	0.00122	0.00514	0.00361	0.00214	0.00592
15	0.00771	0.00445	0.00554	0.00511	0.00638	0.00408	0.00392	0.00938	0.01035	0.13591	0.42173	0.02667	0.12100	0.03770	0.00491	0.00134	0.00228	0.04119	0.14622	0.00413
16	0.02965	0.00790	0.09733	0.00834	0.05080	0.00686	0.07859	0.01239	0.21762	0.01431	0.12229	0.08251	0.09618	0.00628	0.00412	0.00129	0.00333	0.01701	0.13833	0.00487
17	0.08131	0.04528	0.16756	0.00949	0.02754	0.12700	0.03716	0.25491	0.04357	0.04704	0.00889	0.04429	0.00703	0.00459	0.00392	0.00118	0.02062	0.00351	0.00286	0.06224
18	0.00552	0.00418	0.00610	0.00632	0.00684	0.00447	0.02458	0.00658	0.00705	0.00976	0.01582	0.40043	0.01757	0.05975	0.37950	0.00388	0.02773	0.00761	0.00287	0.00344
19	0.00688	0.00354	0.00531	0.00531	0.00536	0.00359	0.00359	0.00536	0.00531	0.00713	0.00724	0.01245	0.00719	0.01509	0.07498	0.82047	0.00400	0.00354	0.00177	0.00187
20	0.02550	0.00758	0.01168	0.37589	0.18855	0.00813	0.02343	0.04756	0.00910	0.06332	0.02747	0.01142	0.00722	0.00409	0.00383	0.00118	0.00446	0.01360	0.05195	0.11406
21	0.02923	0.05641	0.01086	0.00913	0.01133	0.43360	0.00707	0.06694	0.26508	0.01322	0.00971	0.01000	0.00761	0.00461	0.00388	0.00115	0.02242	0.00328	0.02919	0.00530
22	0.00717	0.01618	0.03717	0.05960	0.01017	0.01656	0.09012	0.07061	0.03362	0.01993	0.04031	0.36441	0.08382	0.00993	0.05035	0.00173	0.02496	0.03250	0.02668	0.00418
23	0.00992	0.02104	0.12252	0.10200	0.36636	0.00957	0.15240	0.06557	0.03113	0.03901	0.00814	0.01010	0.00631	0.00377	0.00404	0.00123	0.00515	0.00368	0.00222	0.03586
24	0.00992	0.19878	0.22920	0.02966	0.07572	0.03926	0.14072	0.01246	0.00860	0.07049	0.00789	0.03902	0.00649	0.00445	0.00492	0.00125	0.11011	0.00356	0.00210	0.00541
25	0.00632	0.00454	0.00629	0.00718	0.00808	0.00451	0.00621	0.00808	0.00915	0.01187	0.02197	0.08522	0.05197	0.01112	0.00549	0.00182	0.00357	0.73926	0.00370	0.00366
26	0.00901	0.00901	0.06997	0.08316	0.07698	0.09487	0.03102	0.02250	0.00832	0.06148	0.01122	0.01352	0.07758	0.01031	0.16979	0.00234	0.18235	0.00404	0.05791	0.00462
27	0.02638	0.01231	0.15830	0.02719	0.08106	0.16287	0.13334	0.03945	0.07163	0.04169	0.01033	0.05120	0.03196	0.00699	0.07300	0.00171	0.04564	0.01731	0.00246	0.00518
28	0.00971	0.43707	0.36985	0.00915	0.01358	0.01276	0.02364	0.04609	0.00872	0.01155	0.00647	0.00755	0.00521	0.00372	0.00339	0.00107	0.02049	0.00262	0.00181	0.00554
29	0.00966	0.00937	0.02609	0.02340	0.77574	0.00926	0.01192	0.01201	0.00897	0.01288	0.00772	0.01025	0.00655	0.00511	0.05267	0.00150	0.00513	0.00361	0.00199	0.00619
30	0.00846	0.00721	0.00839	0.00601	0.00957	0.00550	0.00481	0.02723	0.00854	0.01333	0.00718	0.00834	0.00596	0.00301	0.00299	0.00061	0.00300	0.00240	0.00241	0.86504
31	0.00689	0.00460	0.00587	0.02837	0.00726	0.00414	0.02515	0.00819	0.00950	0.11411	0.18349	0.15466	0.35476	0.03931	0.00527	0.00147	0.00256	0.03660	0.00387	0.00393
32	0.00841	0.00636	0.00675	0.00630	0.00793	0.00705	0.00483	0.01518	0.44248	0.01526	0.03051	0.05192	0.06910	0.00675	0.03356	0.00142	0.00291	0.00488	0.27332	0.00507
33	0.20402	0.02200	0.01073	0.11287	0.19375	0.13869	0.00784	0.01395	0.03193	0.17638	0.00956	0.01048	0.02637	0.00473	0.01934	0.00131	0.00458	0.00334	0.00277	0.00537
34	0.01182	0.02025	0.02040	0.09413	0.01310	0.01082	0.01636	0.34062	0.33980	0.03087	0.01213	0.02639	0.00913	0.00514	0.00432	0.00130	0.02943	0.00410	0.00368	0.00621
35	0.00951	0.07139	0.24303	0.00993	0.06425	0.02435	0.05708	0.11011	0.07285	0.03229	0.04873	0.04539	0.03278	0.00462	0.00381	0.00113	0.00440	0.00387	0.00266	0.15780
36	0.01060	0.11947	0.50067	0.01006	0.01485	0.06062	0.03272	0.01397	0.00916	0.15776	0.00849	0.00912	0.00600	0.00396	0.00369	0.00119	0.00532	0.00306	0.00232	0.02698
37	0.00581	0.00391	0.00452	0.00460	0.00466	0.00391	0.00271	0.00595	0.00607	0.00810	0.01339	0.06464	0.01539	0.76825	0.03589	0.00375	0.00395	0.03943	0.00254	0.00254
38	0.02735	0.00992	0.08970	0.05123	0.06548	0.06619	0.22875	0.05553	0.08664	0.01354	0.08819	0.03704	0.14383	0.00558	0.00443	0.00130	0.01232	0.00514	0.00282	0.00503
39	0.01123	0.12126	0.11752	0.03294	0.03218	0.20720	0.04897	0.14012	0.01061	0.03546	0.00959	0.04781	0.04140	0.02255	0.01714	0.00134	0.07492	0.00376	0.01888	0.00514
40	0.00772	0.00723	0.01198	0.75155	0.06393	0.00890	0.01083	0.01057	0.03084	0.01070	0.02822	0.01123	0.00640	0.00419	0.00419	0.00134	0.01998	0.00368	0.00192	0.00458
41	0.00505	0.00400	0.00441	0.00445	0.00557	0.00347	0.00328	0.00625	0.00945	0.01208	0.21656	0.13050	0.53491	0.00983	0.00472	0.00135	0.00203	0.00839	0.03022	0.00347
42	0.02769	0.34421	0.20838	0.00893	0.01260	0.09710	0.03920	0.04628	0.03835	0.10104	0.00776	0.00845	0.00599	0.00401	0.00369	0.00110	0.03449	0.00287	0.00230	0.00554
43	0.01474	0.00693	0.00876	0.00713	0.00973	0.00661	0.00572	0.05545	0.15663	0.54060	0.04442	0.06645	0.01232	0.02804	0.00455	0.00135	0.00329	0.00471	0.01632	0.00626
44	0.00534	0.00385	0.00504	0.00580	0.00628	0.00367	0.00423	0.00629	0.00797	0.01047	0.02230	0.51729	0.08640	0.08319	0.02370	0.00195	0.00293	0.19641	0.00358	0.00331
45	0.01106	0.01227	0.00911	0.00832	0.01008	0.39568	0.00633	0.01411	0.16848	0.02703	0.05158	0.04577	0.15894	0.00615	0.00461	0.00123	0.05696	0.00463	0.00295	0.00469
46	0.01497	0.00918	0.01022	0.00811	0.01100	0.03245	0.00660	0.36081	0.14248	0.29928	0.01286	0.01203	0.00885	0.00494	0.00396	0.00122	0.00383	0.00388	0.04680	0.00654
47	0.00821	0.00479	0.00638	0.00639	0.00662	0.00461	0.00426	0.00672	0.00667	0.00911	0.01062	0.08498	0.01098	0.09363	0.08309	0.63790	0.00456	0.00493	0.00255	0.00297
48	0.00649	0.00530	0.00753	0.02986	0.11741	0.00526	0.02911	0.03684	0.05035	0.01218	0.10399	0.40529	0.10944	0.01047	0.04965	0.00172	0.00335	0.00821	0.00341	0.00413
49	0.01320	0.01373	0.01056	0.00920	0.01150	0.39097	0.00712	0.20161	0.21594	0.01550	0.06264	0.01117	0.00941	0.00488	0.00389	0.00117	0.00523	0.00360	0.00317	0.00551
50	0.00659	0.00470	0.00531	0.00521	0.00628	0.00452	0.00378	0.06637	0.04329	0.03631	0.08311	0.20846	0.28837	0.13402	0.00692	0.00175	0.00265	0.02901	0.05959	0.00375
51	0.00965	0.00786	0.01037	0.04377	0.18616	0.00853	0.01652	0.08061	0.31263	0.05526	0.07335	0.01507	0.03560	0.00852	0.11601	0.00198	0.00463	0.00448	0.00332	0.00568
52	0.06240	0.15989	0.16720	0.01001	0.08256	0.05141	0.03268	0.11765	0.08380	0.06223	0.00857	0.00988	0.00674	0.02325	0.00509	0.05827	0.03756	0.00327	0.01210	0.00543
53	0.08203	0.02586	0.00977	0.00791	0.01056	0.18406	0.00635	0.11867	0.04050	0.39642	0.01245	0.04709	0.00913	0.00514	0.00388	0.00122	0.00429	0.02490	0.00386	0.00590
54	0.02725	0.00404	0.00450	0.00458	0.00527	0.00380	0.00310	0.00613	0.00776	0.01016	0.08423	0.12657	0.31638	0.32812	0.03505	0.00248	0.00306	0.02122	0.00321	0.00308
55	0.08087	0.10662	0.20370	0.03611	0.08521	0.07756	0.08373	0.03201	0.06425	0.05608	0.01020	0.03567	0.00858	0.04134	0.01652	0.00171	0.04675	0.00411	0.00287	0.00612
56	0.00961	0.04080	0.03063	0.24918	0.01539	0.08251	0.04158	0.10720	0.13802	0.02885	0.01178	0.03352	0.05579	0.00627	0.04496	0.00152	0.02830	0.00415	0.06493	0.00500
57	0.00835	0.01602	0.51851	0.02713	0.06258	0.04888	0.06667	0.01213	0.02567	0.02294	0.06526	0.07371	0.00929	0.00485	0.00422	0.00130	0.02076	0.00409	0.00218	0.00547
58	0.00756	0.00605	0.01653	0.00637	0.03162	0.00590	0.00476	0.09365	0.16126	0.04336	0.09573	0.09917	0.38686	0.01708	0.00468	0.00137	0.00270	0.00700	0.00383	0.00454
59	0.01074	0.12983	0.18834	0.07422	0.18037	0.15000	0.06644	0.05129	0.03153	0.04665	0.00803	0.03048	0.00647	0.00411	0.00378	0.00118	0.00536	0.00341	0.00221	0.00557

[dist]
# distance from previous block
# <min> <max>
0	6

[block]
# block no. 6 follows, 67 sequences, length 10
# corresponding to MSA columns:
# 1466-1475
name=unknown_G
#
# <colnr> <probs for GDERKNQSTAVLIFYWHMCP>
#	G	D	E	R	K	N	Q	S	T	A	V	L	I	F	Y	W	H	M	C	P
0	0.01113	0.02091	0.00933	0.00868	0.07139	0.10077	0.00632	0.15541	0.04058	0.15236	0.19753	0.07392	0.01606	0.00747	0.04873	0.00154	0.03826	0.01609	0.01831	0.00521
1	0.00491	0.00362	0.00452	0.00522	0.00566	0.00332	0.00352	0.00563	0.00786	0.01022	0.02522	0.64950	0.18438	0.05907	0.00589	0.00170	0.00236	0.01051	0.00365	0.00324
2	0.01084	0.01088	0.07463	0.10951	0.35491	0.07693	0.02887	0.17137	0.02594	0.02796	0.03193	0.01103	0.02696	0.00431	0.00413	0.00122	0.01643	0.00373	0.00254	0.00588
3	0.00952	0.05035	0.14434	0.07565	0.27558	0.04575	0.14657	0.04350	0.01936	0.03616	0.03860	0.06229	0.02518	0.00458	0.00411	0.00125	0.00504	0.00429	0.00234	0.00555
4	0.00769	0.00537	0.00664	0.00635	0.00657	0.06791	0.00457	0.00673	0.00590	0.00770	0.00701	0.01169	0.00687	0.01366	0.08120	0.63914	0.10730	0.00348	0.00180	0.00243
5	0.00617	0.00503	0.00557	0.00536	0.00671	0.00494	0.00403	0.00967	0.18963	0.01356	0.25471	0.09695	0.36502	0.00877	0.00462	0.00135	0.00227	0.00750	0.00400	0.00414
6	0.55172	0.07429	0.04670	0.00734	0.00991	0.04323	0.08102	0.01173	0.00761	0.01557	0.04939	0.00843	0.00647	0.00417	0.00373	0.00125	0.06768	0.00283	0.00238	0.00456
7	0.09358	0.04592	0.03577	0.00853	0.01058	0.42674	0.00672	0.10004	0.01045	0.01214	0.00865	0.01089	0.03281	0.07187	0.10672	0.00195	0.00640	0.00329	0.00238	0.00458
8	0.04532	0.30122	0.17453	0.01965	0.03737	0.10651	0.02550	0.02361	0.02608	0.03490	0.07473	0.04389	0.00915	0.00522	0.02755	0.00124	0.00480	0.00345	0.00230	0.03297
9	0.01042	0.27239	0.28899	0.01013	0.06899	0.11303	0.00984	0.05790	0.00930	0.04242	0.00735	0.00864	0.00587	0.00594	0.07114	0.00152	0.00572	0.00289	0.00205	0.00546

[dist]
# distance from previous block
# <min> <max>
6	110

[block]
# block no. 7 follows, 67 sequences, length 13
# corresponding to MSA columns:
# 1587-1599
name=unknown_H
#
# <colnr> <probs for GDERKNQSTAVLIFYWHMCP>
#	G	D	E	R	K	N	Q	S	T	A	V	L	I	F	Y	W	H	M	C	P
0	0.00994	0.24085	0.11434	0.00858	0.05139	0.19954	0.00738	0.02272	0.00944	0.03036	0.05199	0.05243	0.14745	0.00592	0.01597	0.00121	0.01897	0.00426	0.00248	0.00477
1	0.06151	0.19931	0.09024	0.05251	0.12551	0.13725	0.03886	0.06112	0.04143	0.02165	0.00740	0.00866	0.00596	0.00384	0.00352	0.00106	0.01458	0.00294	0.02660	0.09603
2	0.02469	0.00816	0.02311	0.22757	0.15689	0.01792	0.01946	0.08730	0.12362	0.05474	0.01137	0.06708	0.03962	0.00490	0.00396	0.00122	0.00415	0.00425	0.00280	0.11720
3	0.01160	0.01068	0.13624	0.04241	0.01245	0.00926	0.00785	0.33741	0.09146	0.07682	0.01087	0.07928	0.00871	0.00504	0.00392	0.00118	0.00409	0.00407	0.00336	0.14331
4	0.00556	0.00387	0.00474	0.00495	0.00517	0.00389	0.00314	0.00597	0.00648	0.00870	0.01564	0.21546	0.04950	0.50459	0.14161	0.00366	0.00450	0.00698	0.00274	0.00283
5	0.01218	0.00575	0.00737	0.00611	0.00833	0.00512	0.00488	0.01419	0.05156	0.44607	0.20919	0.02233	0.17617	0.00674	0.00433	0.00127	0.00278	0.00566	0.00455	0.00543
6	0.04574	0.13477	0.69156	0.01055	0.01599	0.01019	0.01329	0.01257	0.00835	0.01248	0.00691	0.00811	0.00506	0.00375	0.00359	0.00121	0.00558	0.00282	0.00173	0.00575
7	0.00932	0.00968	0.01675	0.31691	0.10555	0.05641	0.32439	0.03334	0.06361	0.01235	0.00818	0.01072	0.00622	0.00384	0.00427	0.00131	0.00577	0.00403	0.00212	0.00522
8	0.00514	0.00394	0.00466	0.00489	0.00576	0.00353	0.00355	0.00627	0.00912	0.01182	0.21884	0.25694	0.35064	0.04881	0.00559	0.00155	0.00225	0.04947	0.00383	0.00342
9	0.00556	0.00406	0.00519	0.00572	0.00642	0.00384	0.00436	0.00675	0.00867	0.01135	0.12212	0.27690	0.15870	0.09855	0.00672	0.00184	0.00282	0.26338	0.00366	0.00340
10	0.01016	0.00997	0.01605	0.02396	0.79648	0.04762	0.01210	0.01248	0.00923	0.01295	0.00748	0.00980	0.00630	0.00360	0.00395	0.00118	0.00488	0.00353	0.00199	0.00627
11	0.05138	0.01946	0.74411	0.01149	0.01712	0.00935	0.06688	0.01267	0.00845	0.01297	0.00718	0.00852	0.00511	0.00378	0.00381	0.00127	0.00584	0.00304	0.00175	0.00582
12	0.01001	0.01085	0.14065	0.13636	0.47141	0.00931	0.05162	0.04320	0.00941	0.06691	0.00808	0.01009	0.00626	0.00380	0.00399	0.00124	0.00502	0.00357	0.00219	0.00602

[dist]
# distance from previous block
# <min> <max>
0	1

[block]
# block no. 8 follows, 67 sequences, length 8
# corresponding to MSA columns:
# 1601-1608
name=unknown_I
#
# <colnr> <probs for GDERKNQSTAVLIFYWHMCP>
#	G	D	E	R	K	N	Q	S	T	A	V	L	I	F	Y	W	H	M	C	P
0	0.04991	0.63952	0.01802	0.00717	0.01039	0.09678	0.00673	0.01329	0.00881	0.10774	0.00685	0.00737	0.00568	0.00369	0.00285	0.00094	0.00443	0.00241	0.00217	0.00526
1	0.00569	0.00413	0.00487	0.00492	0.00603	0.00365	0.00369	0.00694	0.00952	0.04890	0.22754	0.18454	0.40491	0.00994	0.00483	0.00141	0.00222	0.05869	0.00395	0.00363
2	0.00967	0.06679	0.28852	0.01316	0.15722	0.04682	0.10380	0.04126	0.00902	0.05415	0.00828	0.04649	0.00681	0.00504	0.02240	0.00138	0.08917	0.00372	0.00217	0.02413
3	0.02494	0.08939	0.07355	0.00940	0.05237	0.07142	0.02753	0.24171	0.20066	0.06063	0.02647	0.08362	0.01001	0.00533	0.00395	0.00124	0.00421	0.00433	0.00336	0.00587
4	0.00495	0.00405	0.00438	0.00444	0.00564	0.00348	0.00333	0.00610	0.00936	0.01160	0.15329	0.09502	0.62967	0.01008	0.00480	0.00138	0.00210	0.03906	0.00382	0.00345
5	0.00603	0.00387	0.00430	0.00430	0.00441	0.00387	0.00247	0.00625	0.00614	0.00863	0.01269	0.02491	0.01407	0.75796	0.01833	0.00354	0.00365	0.00558	0.10643	0.00258
6	0.00915	0.05273	0.14779	0.12125	0.16148	0.04600	0.32340	0.01214	0.00890	0.01202	0.00770	0.01022	0.00604	0.00527	0.05690	0.00159	0.00625	0.00386	0.00193	0.00537
7	0.01063	0.01113	0.04258	0.09468	0.54693	0.13134	0.01119	0.04848	0.04066	0.01303	0.00772	0.00973	0.00629	0.00383	0.00392	0.00119	0.00514	0.00345	0.00214	0.00594

[dist]
# distance from previous block
# <min> <max>
0	1

[block]
# block no. 9 follows, 67 sequences, length 23
# corresponding to MSA columns:
# 1610-1632
name=unknown_J
#
# <colnr> <probs for GDERKNQSTAVLIFYWHMCP>
#	G	D	E	R	K	N	Q	S	T	A	V	L	I	F	Y	W	H	M	C	P
0	0.00507	0.00394	0.00442	0.00463	0.00549	0.00351	0.00328	0.00597	0.00852	0.01072	0.09643	0.21118	0.44476	0.13762	0.00719	0.00180	0.00242	0.03621	0.00359	0.00326
1	0.00590	0.00485	0.04940	0.00524	0.00572	0.00433	0.00370	0.00647	0.00630	0.00857	0.01297	0.07798	0.01446	0.60523	0.14119	0.00391	0.00492	0.03351	0.00248	0.00289
2	0.04350	0.00917	0.02280	0.02055	0.05344	0.14488	0.03428	0.13610	0.04266	0.06871	0.02335	0.02388	0.01644	0.19516	0.11021	0.00245	0.04072	0.00423	0.00279	0.00466
3	0.04420	0.00742	0.00962	0.13171	0.06780	0.02277	0.02823	0.07823	0.04445	0.01360	0.06464	0.08690	0.01033	0.00629	0.04899	0.00137	0.03338	0.00416	0.00269	0.29321
4	0.00655	0.00592	0.00943	0.00826	0.00929	0.00631	0.14742	0.00784	0.00791	0.01083	0.05064	0.34915	0.10893	0.04570	0.03053	0.00178	0.16579	0.00767	0.01618	0.00387
5	0.07129	0.00781	0.02204	0.00724	0.00981	0.00766	0.00589	0.25783	0.01273	0.35014	0.08683	0.04870	0.01212	0.07496	0.00536	0.00146	0.00359	0.00450	0.00416	0.00587
