[name]
unknown

[dist]
# distance from previous block
# <min> <max>
0	0

[block]
# block no. 0 follows, 69 sequences, length 99
# corresponding to MSA columns:
# 19-117
name=unknown_A
#
# <colnr> <probs for GDERKNQSTAVLIFYWHMCP>
#	G	D	E	R	K	N	Q	S	T	A	V	L	I	F	Y	W	H	M	C	P
0	0.00632	0.00451	0.00632	0.00722	0.00812	0.00451	0.00632	0.00812	0.00902	0.01173	0.02076	0.04422	0.02256	0.01083	0.00541	0.00180	0.00361	0.81138	0.00361	0.00361
1	0.00970	0.00931	0.01591	0.02406	0.83777	0.00931	0.01203	0.01203	0.00893	0.01281	0.00737	0.00970	0.00621	0.00349	0.00388	0.00116	0.00466	0.00349	0.00194	0.00621
2	0.00476	0.00396	0.00416	0.00416	0.00538	0.00336	0.00310	0.00586	0.00917	0.01125	0.14530	0.06716	0.69937	0.00976	0.00465	0.00132	0.00198	0.00822	0.00373	0.00336
3	0.00966	0.00927	0.01584	0.03932	0.82284	0.00930	0.01201	0.01199	0.00891	0.01276	0.00737	0.00972	0.00619	0.00350	0.00388	0.00117	0.00467	0.00349	0.00194	0.00618
4	0.01004	0.00836	0.00887	0.00794	0.01019	0.00960	0.00619	0.02077	0.80056	0.04670	0.01594	0.01458	0.01188	0.00530	0.00399	0.00133	0.00311	0.00441	0.00402	0.00622
5	0.00465	0.00391	0.00404	0.00414	0.00534	0.00330	0.00305	0.00561	0.00878	0.01053	0.03772	0.12823	0.74696	0.01019	0.00467	0.00135	0.00202	0.00859	0.00364	0.00330
6	0.01389	0.01138	0.01254	0.02196	0.14363	0.09613	0.02363	0.57741	0.01578	0.03184	0.00877	0.00931	0.00644	0.00441	0.00389	0.00116	0.00469	0.00345	0.00336	0.00632
7	0.00740	0.00697	0.01176	0.85280	0.02700	0.00871	0.01089	0.01002	0.00784	0.01002	0.00697	0.01045	0.00523	0.00392	0.00392	0.00131	0.00523	0.00348	0.00174	0.00436
8	0.01489	0.01145	0.01173	0.00909	0.01216	0.06248	0.00746	0.77589	0.01799	0.02380	0.00921	0.00927	0.00657	0.00467	0.00390	0.00117	0.00448	0.00347	0.00381	0.00654
9	0.01546	0.00894	0.01038	0.00801	0.01107	0.00916	0.00659	0.42231	0.05962	0.35589	0.01214	0.01125	0.00816	0.00473	0.00390	0.00118	0.00380	0.00370	0.00424	0.03945
10	0.01044	0.85280	0.03200	0.00677	0.01016	0.01542	0.00682	0.01175	0.00797	0.00927	0.00547	0.00632	0.00503	0.00336	0.00253	0.00084	0.00421	0.00211	0.00168	0.00504
11	0.01161	0.28492	0.03209	0.00774	0.01047	0.12542	0.00665	0.03123	0.29292	0.11992	0.03212	0.01089	0.00889	0.00447	0.00346	0.00111	0.00408	0.00337	0.00304	0.00560
12	0.00560	0.00420	0.00630	0.00630	0.00700	0.00490	0.00490	0.00700	0.00630	0.00910	0.01050	0.01540	0.00980	0.02940	0.84669	0.00630	0.01050	0.00420	0.00210	0.00350
13	0.00541	0.00395	0.00508	0.00491	0.00580	0.00362	0.00364	0.00709	0.01061	0.01482	0.70301	0.10547	0.09484	0.00854	0.00466	0.00127	0.00190	0.00755	0.00420	0.00362
14	0.00842	0.00696	0.00816	0.00584	0.00931	0.00524	0.00468	0.01015	0.00822	0.03807	0.00723	0.00829	0.00593	0.00296	0.00294	0.00060	0.00292	0.00237	0.00240	0.85931
15	0.00733	0.03085	0.00633	0.00533	0.00665	0.00458	0.00413	0.03880	0.01122	0.10540	0.66664	0.02637	0.05612	0.00746	0.00446	0.00122	0.00218	0.00650	0.00426	0.00416
16	0.04089	0.00811	0.01327	0.44633	0.36300	0.00909	0.01100	0.04061	0.00864	0.01199	0.00717	0.00995	0.00565	0.00376	0.00385	0.00124	0.00488	0.00344	0.00193	0.00521
17	0.01461	0.01525	0.03996	0.00960	0.01224	0.45324	0.00771	0.34407	0.01399	0.04122	0.00774	0.00825	0.00585	0.00432	0.00371	0.00109	0.00579	0.00299	0.00287	0.00551
18	0.01067	0.00855	0.00915	0.00798	0.01032	0.00971	0.00628	0.12312	0.66678	0.05650	0.03638	0.01428	0.01183	0.00529	0.00399	0.00130	0.00324	0.00436	0.00403	0.00622
19	0.00902	0.04162	0.16420	0.03108	0.01964	0.00994	0.64030	0.01246	0.00901	0.01237	0.00767	0.01003	0.00573	0.00339	0.00438	0.00129	0.00636	0.00422	0.00191	0.00535
20	0.04113	0.01710	0.62541	0.01098	0.05773	0.00896	0.01252	0.04110	0.06400	0.05010	0.02956	0.00952	0.00657	0.00401	0.00374	0.00124	0.00519	0.00318	0.00214	0.00580
21	0.01430	0.01054	0.01201	0.00916	0.01231	0.01141	0.04967	0.71022	0.01714	0.05323	0.00966	0.02288	0.00701	0.00469	0.00394	0.00117	0.00431	0.00368	0.00379	0.03888
22	0.01084	0.00815	0.01407	0.13532	0.04417	0.01733	0.28224	0.05958	0.00987	0.21672	0.03045	0.01320	0.05059	0.00607	0.06095	0.00159	0.00523	0.00432	0.00292	0.02639
23	0.00536	0.00418	0.00606	0.00631	0.00703	0.00393	0.05899	0.00658	0.01929	0.01075	0.05211	0.57877	0.09943	0.01102	0.00497	0.00156	0.00271	0.11395	0.00355	0.00345
24	0.00842	0.00715	0.00828	0.00597	0.00942	0.00558	0.00478	0.04008	0.02736	0.01330	0.00726	0.00833	0.00598	0.00302	0.00297	0.00062	0.00296	0.00242	0.00242	0.83368
25	0.00752	0.00709	0.01197	0.81006	0.06881	0.00874	0.01095	0.01012	0.00790	0.01016	0.00699	0.01041	0.00528	0.00390	0.00392	0.00130	0.00520	0.00348	0.00175	0.00445
26	0.01464	0.01868	0.01111	0.01010	0.01212	0.84648	0.00757	0.01565	0.01111	0.00959	0.00606	0.00707	0.00505	0.00404	0.00353	0.00101	0.00707	0.00252	0.00202	0.00454
27	0.00529	0.00420	0.00489	0.00570	0.00602	0.04667	0.00384	0.00598	0.00769	0.00999	0.02081	0.81570	0.02485	0.01186	0.00493	0.00156	0.00252	0.01070	0.00356	0.00325
28	0.01295	0.36641	0.01505	0.00861	0.01128	0.43071	0.00721	0.08534	0.01046	0.01077	0.00610	0.00695	0.00518	0.00382	0.00315	0.00095	0.00564	0.00244	0.00205	0.00493
29	0.00879	0.00746	0.00895	0.00730	0.06533	0.00607	0.00537	0.07694	0.00903	0.01376	0.00720	0.00834	0.00590	0.00309	0.00305	0.00067	0.00314	0.00250	0.00243	0.75468
30	0.01345	0.03401	0.30549	0.00858	0.01257	0.00762	0.00897	0.04377	0.05259	0.45459	0.01203	0.01129	0.00791	0.00443	0.00383	0.00122	0.00425	0.00353	0.00356	0.00629
31	0.00483	0.00345	0.00461	0.00552	0.00578	0.00323	0.00374	0.00556	0.00756	0.01007	0.02158	0.82986	0.02581	0.01223	0.00502	0.00160	0.00232	0.04040	0.00364	0.00320
32	0.00858	0.00858	0.01201	0.01029	0.01029	0.01201	0.00858	0.00943	0.00600	0.00943	0.00515	0.00858	0.00515	0.00686	0.01287	0.00172	0.85505	0.00343	0.00172	0.00429
33	0.00813	0.00697	0.00813	0.00581	0.00929	0.00523	0.00465	0.00987	0.00813	0.01277	0.00697	0.00813	0.00581	0.00290	0.00290	0.00058	0.00290	0.00232	0.00232	0.88619
34	0.00564	0.00377	0.00429	0.00436	0.00437	0.00376	0.00246	0.00568	0.00582	0.00776	0.01298	0.08183	0.01504	0.80497	0.01895	0.00365	0.00370	0.00607	0.00246	0.00243
35	0.00786	0.02028	0.84191	0.01117	0.01697	0.00910	0.01448	0.01242	0.00828	0.01242	0.00704	0.00828	0.00497	0.00372	0.00372	0.00124	0.00579	0.00290	0.00166	0.00579
36	0.00761	0.00718	0.01213	0.77959	0.09862	0.00876	0.01099	0.01019	0.00794	0.01026	0.00700	0.01039	0.00531	0.00388	0.00392	0.00129	0.00518	0.00348	0.00176	0.00452
37	0.01702	0.00710	0.00996	0.00757	0.01066	0.00631	0.04802	0.06096	0.01150	0.75507	0.01476	0.01299	0.00935	0.00476	0.00398	0.00122	0.00356	0.00396	0.00466	0.00660
38	0.00740	0.00697	0.01176	0.85280	0.02700	0.00871	0.01089	0.01002	0.00784	0.01002	0.00697	0.01045	0.00523	0.00392	0.00392	0.00131	0.00523	0.00348	0.00174	0.00436
39	0.00786	0.02028	0.84191	0.01117	0.01697	0.00910	0.01448	0.01242	0.00828	0.01242	0.00704	0.00828	0.00497	0.00372	0.00372	0.00124	0.00579	0.00290	0.00166	0.00579
40	0.00560	0.00420	0.00630	0.00630	0.00700	0.00490	0.00490	0.00700	0.00630	0.00910	0.01050	0.01540	0.00980	0.02940	0.84669	0.00630	0.01050	0.00420	0.00210	0.00350
41	0.01017	0.00830	0.00895	0.00810	0.02102	0.00946	0.00623	0.03560	0.74562	0.05899	0.03229	0.01469	0.01218	0.00531	0.00400	0.00132	0.00313	0.00443	0.00401	0.00619
42	0.00909	0.00869	0.01481	0.24378	0.62281	0.00915	0.01173	0.01150	0.00864	0.01207	0.00727	0.00990	0.00595	0.00361	0.00389	0.00120	0.00481	0.00349	0.00189	0.00572
43	0.01759	0.00667	0.00910	0.00698	0.01001	0.00576	0.00576	0.01911	0.01122	0.84048	0.01547	0.01334	0.00970	0.00485	0.00394	0.00121	0.00334	0.00394	0.00485	0.00667
44	0.00482	0.00345	0.00459	0.00543	0.00570	0.00321	0.00364	0.00557	0.00771	0.01033	0.06722	0.81314	0.02655	0.01204	0.00498	0.00157	0.00225	0.01092	0.00368	0.00321
45	0.01190	0.01346	0.01228	0.01038	0.01280	0.39072	0.14390	0.01709	0.31979	0.01266	0.01010	0.01051	0.00781	0.00440	0.00389	0.00118	0.00550	0.00360	0.00276	0.00530
46	0.01759	0.00667	0.00910	0.00698	0.01001	0.00576	0.00576	0.01911	0.01122	0.84048	0.01547	0.01334	0.00970	0.00485	0.00394	0.00121	0.00334	0.00394	0.00485	0.00667
47	0.00975	0.00842	0.00886	0.00798	0.01019	0.00975	0.00621	0.02083	0.83069	0.01640	0.01596	0.01463	0.01197	0.00532	0.00399	0.00133	0.00310	0.00443	0.00399	0.00621
48	0.00970	0.00931	0.01591	0.02406	0.83777	0.00931	0.01203	0.01203	0.00893	0.01281	0.00737	0.00970	0.00621	0.00349	0.00388	0.00116	0.00466	0.00349	0.00194	0.00621
49	0.00522	0.00374	0.00505	0.00594	0.00639	0.00357	0.00441	0.00624	0.00797	0.01052	0.02170	0.60712	0.04026	0.01182	0.00512	0.00165	0.00266	0.24368	0.00363	0.00331
50	0.00805	0.08025	0.78357	0.01086	0.01648	0.00956	0.01393	0.01237	0.00825	0.01219	0.00692	0.00814	0.00497	0.00370	0.00364	0.00121	0.00568	0.00284	0.00166	0.00574
51	0.00748	0.00705	0.01190	0.82423	0.05495	0.00873	0.01093	0.01009	0.00788	0.01011	0.00698	0.01043	0.00526	0.00390	0.00392	0.00130	0.00521	0.00348	0.00175	0.00442
52	0.00612	0.00438	0.00606	0.00677	0.00764	0.00431	0.00576	0.00787	0.00928	0.01228	0.15034	0.08390	0.02503	0.01046	0.00527	0.00170	0.00326	0.64227	0.00372	0.00360
53	0.00570	0.00380	0.00428	0.00428	0.00428	0.00380	0.00238	0.00570	0.00570	0.00760	0.01235	0.02566	0.01425	0.86222	0.01995	0.00380	0.00380	0.00570	0.00238	0.00238
54	0.01759	0.00667	0.00910	0.00698	0.01001	0.00576	0.00576	0.01911	0.01122	0.84048	0.01547	0.01334	0.00970	0.00485	0.00394	0.00121	0.00334	0.00394	0.00485	0.00667
55	0.00998	0.00962	0.01833	0.03159	0.44653	0.00932	0.33743	0.01266	0.00919	0.06441	0.00810	0.01029	0.00631	0.00351	0.00418	0.00123	0.00537	0.00398	0.00214	0.00584
56	0.00813	0.00697	0.00813	0.00581	0.00929	0.00523	0.00465	0.00987	0.00813	0.01277	0.00697	0.00813	0.00581	0.00290	0.00290	0.00058	0.00290	0.00232	0.00232	0.88619
57	0.00570	0.00380	0.00428	0.00428	0.00428	0.00380	0.00238	0.00570	0.00570	0.00760	0.01235	0.02566	0.01425	0.86222	0.01995	0.00380	0.00380	0.00570	0.00238	0.00238
58	0.00515	0.00394	0.00472	0.00463	0.00564	0.00351	0.00343	0.00658	0.00999	0.01335	0.47358	0.10645	0.32665	0.00909	0.00466	0.00130	0.00194	0.00788	0.00401	0.00351
59	0.77222	0.02000	0.00669	0.00651	0.06351	0.00873	0.00484	0.01133	0.00682	0.01671	0.00585	0.00706	0.00468	0.00495	0.04606	0.00147	0.00354	0.00232	0.00237	0.00435
60	0.00928	0.02515	0.02282	0.01619	0.02012	0.01001	0.79409	0.01270	0.02477	0.01257	0.00804	0.01058	0.00605	0.00334	0.00458	0.00131	0.00650	0.00458	0.00202	0.00530
61	0.00494	0.00353	0.00472	0.00562	0.00591	0.00332	0.00389	0.00572	0.00763	0.01015	0.02140	0.76848	0.02544	0.02325	0.00524	0.00164	0.00243	0.08985	0.00362	0.00322
62	0.88991	0.00758	0.00576	0.00516	0.00758	0.00879	0.00425	0.01152	0.00667	0.01759	0.00546	0.00637	0.00425	0.00364	0.00243	0.00121	0.00303	0.00212	0.00243	0.00425
63	0.02424	0.23657	0.01272	0.16265	0.05560	0.08591	0.00751	0.01069	0.03772	0.01000	0.00761	0.02119	0.00676	0.01013	0.19928	0.00235	0.09932	0.00330	0.00196	0.00449
64	0.86779	0.00767	0.00591	0.00525	0.00770	0.00888	0.00433	0.03208	0.00697	0.01777	0.00556	0.00645	0.00431	0.00367	0.00246	0.00121	0.00307	0.00216	0.00246	0.00431
65	0.00852	0.00849	0.01190	0.01022	0.01023	0.01187	0.00851	0.00939	0.00601	0.00943	0.00525	0.00871	0.00523	0.00729	0.02868	0.00180	0.83903	0.00345	0.00172	0.00427
66	0.00799	0.00682	0.03239	0.56520	0.02069	0.00748	0.01878	0.01043	0.02506	0.09230	0.01396	0.01573	0.15692	0.00512	0.00406	0.00130	0.00444	0.00442	0.00244	0.00448
67	0.01048	0.86458	0.02054	0.00671	0.01006	0.01551	0.00671	0.01174	0.00797	0.00922	0.00545	0.00629	0.00503	0.00335	0.00252	0.00084	0.00419	0.00210	0.00168	0.00503
68	0.88991	0.00758	0.00576	0.00516	0.00758	0.00879	0.00425	0.01152	0.00667	0.01759	0.00546	0.00637	0.00425	0.00364	0.00243	0.00121	0.00303	0.00212	0.00243	0.00425
69	0.00552	0.00399	0.00502	0.00476	0.00573	0.00365	0.00357	0.00727	0.01072	0.01508	0.70748	0.02960	0.12772	0.00808	0.00454	0.00123	0.00186	0.00707	0.04342	0.00365
70	0.00560	0.00420	0.00630	0.00630	0.00700	0.00490	0.00490	0.00700	0.00630	0.00910	0.01050	0.01540	0.00980	0.02940	0.84669	0.00630	0.01050	0.00420	0.00210	0.00350
71	0.01058	0.00790	0.00979	0.00802	0.01017	0.00860	0.07190	0.24771	0.19156	0.06368	0.11870	0.02387	0.01266	0.00544	0.00451	0.00124	0.05696	0.01496	0.12632	0.00542
72	0.00473	0.00384	0.00420	0.00444	0.00546	0.00331	0.00323	0.00568	0.00864	0.01061	0.05782	0.24731	0.59203	0.01049	0.00474	0.00140	0.00208	0.02306	0.00366	0.00329
73	0.01658	0.00657	0.00872	0.00676	0.00961	0.00582	0.00556	0.04918	0.01123	0.73618	0.01500	0.01330	0.00962	0.00482	0.00384	0.00119	0.00324	0.00390	0.08248	0.00641
74	0.00935	0.00893	0.01521	0.09483	0.74255	0.00908	0.01168	0.01166	0.00879	0.01248	0.00777	0.03574	0.00673	0.00380	0.00392	0.00119	0.00463	0.00373	0.00198	0.00596
75	0.01419	0.03998	0.01140	0.01002	0.01196	0.77747	0.00761	0.01520	0.01074	0.00958	0.00599	0.00714	0.00505	0.00418	0.00404	0.00105	0.05530	0.00257	0.00199	0.00454
76	0.00705	0.04921	0.00741	0.00617	0.00728	0.00562	0.03423	0.00868	0.05652	0.05459	0.01130	0.03178	0.01095	0.27827	0.35899	0.00408	0.00656	0.00458	0.00246	0.05425
77	0.03908	0.02211	0.01206	0.19219	0.11698	0.29219	0.02157	0.08004	0.00967	0.02084	0.00675	0.00879	0.00551	0.00488	0.02061	0.00132	0.13531	0.00313	0.00210	0.00486
78	0.00980	0.10504	0.01070	0.02969	0.01048	0.06084	0.06982	0.11806	0.20288	0.06103	0.14230	0.01789	0.10874	0.00584	0.00405	0.00123	0.00366	0.02941	0.00343	0.00513
79	0.00562	0.00426	0.00527	0.00575	0.00639	0.00425	0.00402	0.00802	0.13453	0.01158	0.10263	0.62463	0.04659	0.01072	0.00480	0.00151	0.00235	0.00963	0.00376	0.00370
80	0.07020	0.01717	0.01074	0.00962	0.01176	0.72142	0.00730	0.05723	0.01121	0.03952	0.00652	0.00736	0.00524	0.00408	0.00350	0.00104	0.00654	0.00260	0.00224	0.00471
81	0.00955	0.00944	0.04685	0.08301	0.39376	0.00898	0.24063	0.03313	0.00926	0.05225	0.03831	0.01103	0.00744	0.00464	0.03318	0.00140	0.00532	0.00397	0.00221	0.00564
82	0.00581	0.00399	0.00498	0.00523	0.00611	0.00363	0.00388	0.00694	0.00887	0.05827	0.17257	0.32896	0.23917	0.03229	0.00521	0.00152	0.00238	0.10287	0.00379	0.00354
83	0.06629	0.00654	0.00852	0.00667	0.00948	0.00586	0.00547	0.01789	0.02958	0.71000	0.03674	0.01347	0.01019	0.00486	0.00381	0.00120	0.00320	0.00392	0.05001	0.00629
84	0.01241	0.00964	0.01028	0.00847	0.01115	0.01085	0.00680	0.41236	0.41950	0.03607	0.01276	0.01206	0.00934	0.00501	0.00396	0.00125	0.00370	0.00398	0.00397	0.00644
85	0.62215	0.00770	0.00703	0.00590	0.00852	0.00845	0.00487	0.08787	0.00873	0.19498	0.00797	0.00815	0.00564	0.00400	0.00289	0.00121	0.00322	0.00264	0.00308	0.00499
86	0.01458	0.08793	0.01249	0.00876	0.01191	0.01229	0.00734	0.72973	0.01729	0.04516	0.00922	0.00924	0.00660	0.00459	0.00380	0.00115	0.00428	0.00341	0.00374	0.00652
87	0.64648	0.00733	0.00669	0.00566	0.00826	0.00795	0.00467	0.01364	0.00794	0.24723	0.00825	0.00832	0.00577	0.00398	0.00285	0.00121	0.00312	0.00263	0.00310	0.00492
88	0.01042	0.84523	0.03937	0.00681	0.01022	0.01537	0.00689	0.01175	0.00797	0.00930	0.00549	0.00633	0.00503	0.00336	0.00254	0.00085	0.00423	0.00211	0.00168	0.00505
89	0.88991	0.00758	0.00576	0.00516	0.00758	0.00879	0.00425	0.01152	0.00667	0.01759	0.00546	0.00637	0.00425	0.00364	0.00243	0.00121	0.00303	0.00212	0.00243	0.00425
90	0.00543	0.00457	0.03566	0.00493	0.00606	0.00381	0.00387	0.00707	0.01016	0.01394	0.57151	0.05000	0.20687	0.05242	0.00539	0.00139	0.00213	0.00722	0.00396	0.00361
91	0.00497	0.00398	0.00443	0.00432	0.00550	0.00345	0.00324	0.00627	0.00972	0.01246	0.32906	0.03466	0.54566	0.00923	0.00463	0.00129	0.00194	0.00784	0.00389	0.00345
92	0.00970	0.00931	0.01591	0.02406	0.83777	0.00931	0.01203	0.01203	0.00893	0.01281	0.00737	0.00970	0.00621	0.00349	0.00388	0.00116	0.00466	0.00349	0.00194	0.00621
93	0.00600	0.00420	0.00598	0.00594	0.00662	0.00467	0.00447	0.00716	0.00651	0.03934	0.01212	0.04653	0.03314	0.14894	0.64366	0.00545	0.00875	0.00476	0.00234	0.00344
94	0.00679	0.00341	0.00509	0.00509	0.00509	0.00341	0.00339	0.00512	0.00512	0.00682	0.00689	0.01212	0.00692	0.02629	0.01539	0.87277	0.00341	0.00344	0.00171	0.00171
95	0.01299	0.35642	0.01489	0.00873	0.01130	0.50437	0.00723	0.02402	0.00994	0.00963	0.00586	0.00679	0.00506	0.00377	0.00313	0.00094	0.00589	0.00237	0.00191	0.00477
96	0.00548	0.00396	0.00533	0.00618	0.00679	0.00381	0.00484	0.00671	0.00831	0.01085	0.02241	0.42673	0.07790	0.01145	0.00517	0.00167	0.00288	0.38253	0.00363	0.00339
97	0.10718	0.01059	0.00995	0.00826	0.01088	0.12968	0.00661	0.32941	0.23317	0.08776	0.02070	0.01072	0.00822	0.00471	0.00373	0.00120	0.00413	0.00355	0.00359	0.00595
98	0.01165	0.07303	0.01203	0.00896	0.01172	0.01060	0.08979	0.30653	0.32300	0.04828	0.01258	0.03116	0.02339	0.00503	0.00397	0.00124	0.00395	0.01342	0.00360	0.00606

[dist]
# distance from previous block
# <min> <max>
0	3

[block]
# block no. 1 follows, 69 sequences, length 22
# corresponding to MSA columns:
# 121-142
name=unknown_B
#
# <colnr> <probs for GDERKNQSTAVLIFYWHMCP>
#	G	D	E	R	K	N	Q	S	T	A	V	L	I	F	Y	W	H	M	C	P
0	0.00835	0.07372	0.01349	0.62676	0.07830	0.00955	0.06632	0.05701	0.00862	0.01116	0.00708	0.01003	0.00541	0.00385	0.00386	0.00125	0.00515	0.00346	0.00189	0.00473
1	0.00915	0.18093	0.50916	0.01068	0.01549	0.02840	0.10593	0.03670	0.02606	0.03194	0.00727	0.00842	0.00540	0.00370	0.00361	0.00117	0.00545	0.00301	0.00190	0.00562
2	0.00791	0.01995	0.81405	0.01136	0.01709	0.00913	0.04201	0.01242	0.00831	0.01242	0.00707	0.00836	0.00500	0.00371	0.00376	0.00124	0.00582	0.00296	0.00167	0.00578
3	0.00711	0.00562	0.01546	0.00749	0.09346	0.00548	0.00502	0.03714	0.13052	0.04633	0.17764	0.13793	0.21706	0.06686	0.02772	0.00162	0.00296	0.00670	0.00355	0.00431
4	0.03832	0.00454	0.00556	0.00529	0.00638	0.00442	0.00389	0.02848	0.00858	0.14768	0.11476	0.20200	0.05080	0.12775	0.09174	0.00213	0.00343	0.00621	0.14411	0.00394
5	0.06208	0.01122	0.01179	0.00913	0.01219	0.05924	0.03504	0.70713	0.01707	0.02305	0.00896	0.00915	0.00642	0.00456	0.00384	0.00117	0.00448	0.00343	0.00367	0.00637
6	0.00567	0.00386	0.00458	0.00452	0.00473	0.00386	0.00277	0.00608	0.00666	0.00909	0.15307	0.02558	0.01784	0.65993	0.07310	0.00353	0.00392	0.00584	0.00269	0.00268
7	0.00930	0.00906	0.01579	0.15021	0.59197	0.00930	0.10004	0.01212	0.04051	0.01249	0.00770	0.01010	0.00625	0.00361	0.00397	0.00121	0.00490	0.00365	0.00199	0.00582
8	0.12411	0.00678	0.00869	0.00675	0.00971	0.00613	0.00558	0.01818	0.01067	0.74000	0.01424	0.01249	0.00904	0.00470	0.00376	0.00121	0.00330	0.00372	0.00456	0.00638
9	0.00858	0.00858	0.01201	0.01029	0.01029	0.01201	0.00858	0.00943	0.00600	0.00943	0.00515	0.00858	0.00515	0.00686	0.01287	0.00172	0.85505	0.00343	0.00172	0.00429
10	0.00729	0.00772	0.08437	0.02248	0.00952	0.09087	0.03786	0.04387	0.00763	0.01028	0.00953	0.01338	0.00851	0.02197	0.60066	0.00480	0.00921	0.00389	0.00212	0.00404
11	0.80058	0.00871	0.00631	0.00566	0.00804	0.09430	0.00459	0.01195	0.00712	0.01677	0.00552	0.00644	0.00433	0.00368	0.00254	0.00119	0.00344	0.00216	0.00238	0.00428
12	0.00590	0.00468	0.00646	0.00659	0.00768	0.00450	0.05265	0.00784	0.05174	0.01147	0.04676	0.23184	0.20501	0.01016	0.00500	0.00158	0.00303	0.32987	0.00357	0.00368
13	0.00562	0.00395	0.00480	0.00459	0.00558	0.00362	0.00344	0.00731	0.01032	0.01465	0.58172	0.02882	0.17671	0.00789	0.00437	0.00121	0.00187	0.00684	0.12306	0.00362
14	0.02440	0.00902	0.01097	0.06636	0.13434	0.01027	0.00781	0.20506	0.37406	0.03198	0.01156	0.01179	0.00875	0.00490	0.00461	0.00129	0.06957	0.00390	0.00334	0.00602
15	0.83174	0.00781	0.00616	0.00541	0.00789	0.00902	0.00446	0.06558	0.00745	0.01806	0.00572	0.00657	0.00441	0.00371	0.00253	0.00121	0.00312	0.00222	0.00253	0.00441
16	0.00514	0.00376	0.00488	0.00565	0.00604	0.00363	0.00388	0.00651	0.05582	0.01063	0.04930	0.75498	0.02538	0.01168	0.00494	0.00157	0.00235	0.03677	0.00368	0.00339
17	0.01035	0.00593	0.00674	0.00579	0.00757	0.00606	0.00455	0.12665	0.11939	0.17160	0.12509	0.01591	0.01353	0.02565	0.00396	0.00117	0.00268	0.00431	0.33811	0.00496
18	0.00546	0.00399	0.00498	0.00482	0.00565	0.00373	0.00352	0.00688	0.00970	0.01334	0.53452	0.02986	0.15188	0.13605	0.04321	0.00186	0.00258	0.03070	0.00381	0.00343
19	0.00999	0.00869	0.00889	0.01893	0.01025	0.05212	0.00620	0.09660	0.61660	0.01632	0.04332	0.07037	0.01280	0.00573	0.00405	0.00131	0.00335	0.00477	0.00384	0.00585
20	0.00850	0.00741	0.00976	0.06324	0.01148	0.00625	0.07546	0.06471	0.00887	0.01327	0.00778	0.04144	0.00661	0.00349	0.00327	0.00077	0.00345	0.00302	0.00241	0.65879
21	0.02536	0.14437	0.12989	0.03689	0.14394	0.12037	0.10281	0.03808	0.05742	0.03193	0.02532	0.02557	0.04318	0.00445	0.00375	0.00116	0.00485	0.02747	0.00234	0.03084

[dist]
# distance from previous block
# <min> <max>
0	13

[block]
# block no. 2 follows, 69 sequences, length 6
# corresponding to MSA columns:
# 156-161
name=unknown_C
#
# <colnr> <probs for GDERKNQSTAVLIFYWHMCP>
#	G	D	E	R	K	N	Q	S	T	A	V	L	I	F	Y	W	H	M	C	P
0	0.04450	0.00649	0.00846	0.04064	0.07238	0.03564	0.04990	0.07078	0.04665	0.01140	0.01157	0.05733	0.01161	0.24792	0.14716	0.00287	0.04475	0.08338	0.00258	0.00399
1	0.00559	0.00403	0.00544	0.00621	0.00688	0.00389	0.00493	0.00693	0.00860	0.01131	0.08236	0.35078	0.06893	0.01112	0.00516	0.00166	0.00289	0.40618	0.00367	0.00344
2	0.00476	0.00348	0.00448	0.00529	0.00564	0.00320	0.00356	0.00548	0.00767	0.01007	0.02369	0.76524	0.11901	0.01201	0.00496	0.00156	0.00224	0.01082	0.00364	0.00320
3	0.01490	0.01098	0.01177	0.00902	0.01216	0.01216	0.00745	0.82470	0.01843	0.02471	0.00941	0.00941	0.00667	0.00471	0.00392	0.00118	0.00431	0.00353	0.00392	0.00667
4	0.00903	0.00484	0.00511	0.00460	0.00596	0.00493	0.00358	0.11844	0.00979	0.07322	0.01252	0.01383	0.00957	0.00461	0.00298	0.00097	0.00226	0.00366	0.70583	0.00426
5	0.66190	0.00803	0.00705	0.00595	0.00855	0.00902	0.00491	0.14099	0.00900	0.10318	0.00711	0.00757	0.00519	0.00393	0.00282	0.00121	0.00327	0.00253	0.00291	0.00488

[dist]
# distance from previous block
# <min> <max>
0	1

[block]
# block no. 3 follows, 69 sequences, length 12
# corresponding to MSA columns:
# 163-174
name=unknown_D
#
# <colnr> <probs for GDERKNQSTAVLIFYWHMCP>
#	G	D	E	R	K	N	Q	S	T	A	V	L	I	F	Y	W	H	M	C	P
0	0.01133	0.51079	0.06330	0.00748	0.01058	0.05318	0.00713	0.10714	0.00975	0.08853	0.03453	0.00979	0.00740	0.00425	0.00340	0.00102	0.02755	0.03518	0.00241	0.00527
1	0.01048	0.86458	0.02054	0.00671	0.01006	0.01551	0.00671	0.01174	0.00797	0.00922	0.00545	0.00629	0.00503	0.00335	0.00252	0.00084	0.00419	0.00210	0.00168	0.00503
2	0.06627	0.00960	0.01452	0.10597	0.64649	0.06578	0.01111	0.01204	0.00882	0.01261	0.00712	0.00939	0.00591	0.00358	0.00377	0.00117	0.00477	0.00334	0.00196	0.00578
3	0.00979	0.00824	0.00865	0.00782	0.00988	0.03559	0.00610	0.04082	0.65553	0.03970	0.01519	0.01561	0.01184	0.02781	0.05847	0.00171	0.00378	0.03388	0.00378	0.00582
4	0.00512	0.00399	0.00465	0.00448	0.00559	0.00352	0.00336	0.00657	0.01008	0.01332	0.46278	0.03324	0.41141	0.00891	0.00463	0.00128	0.00191	0.00764	0.00400	0.00352
5	0.00970	0.00931	0.01591	0.02406	0.83777	0.00931	0.01203	0.01203	0.00893	0.01281	0.00737	0.00970	0.00621	0.00349	0.00388	0.00116	0.00466	0.00349	0.00194	0.00621
6	0.00497	0.00355	0.00476	0.00562	0.00595	0.00334	0.00392	0.00581	0.00780	0.01040	0.05189	0.74266	0.02599	0.01197	0.00503	0.00160	0.00240	0.09541	0.00366	0.00325
7	0.00681	0.00340	0.00511	0.00511	0.00511	0.00340	0.00340	0.00511	0.00511	0.00681	0.00681	0.01192	0.00681	0.01362	0.01532	0.88594	0.00340	0.00340	0.00170	0.00170
8	0.01325	0.17493	0.01469	0.01022	0.06226	0.06125	0.08640	0.47251	0.01434	0.04048	0.00835	0.00891	0.00624	0.00420	0.00370	0.00112	0.00467	0.00331	0.00310	0.00607
9	0.00582	0.00422	0.00532	0.00509	0.00621	0.00378	0.00385	0.00741	0.01009	0.03307	0.51364	0.12008	0.14676	0.00852	0.00459	0.00128	0.00212	0.05392	0.00399	0.06026
10	0.08644	0.07754	0.07046	0.00980	0.04691	0.37940	0.03386	0.13805	0.01090	0.01305	0.00752	0.00962	0.00629	0.00579	0.05438	0.00142	0.00595	0.03531	0.00236	0.00496
11	0.06961	0.07564	0.01123	0.00928	0.06247	0.14284	0.00704	0.32410	0.15421	0.01747	0.03975	0.03720	0.00871	0.00485	0.00387	0.00118	0.01796	0.00369	0.00321	0.00568

[dist]
# distance from previous block
# <min> <max>
0	28

[block]
# block no. 4 follows, 69 sequences, length 24
# corresponding to MSA columns:
# 203-226
name=unknown_E
#
# <colnr> <probs for GDERKNQSTAVLIFYWHMCP>
#	G	D	E	R	K	N	Q	S	T	A	V	L	I	F	Y	W	H	M	C	P
0	0.07487	0.01930	0.01159	0.05271	0.14483	0.15606	0.02115	0.26406	0.13025	0.03846	0.00906	0.00991	0.00694	0.01496	0.00420	0.00122	0.02835	0.00342	0.00296	0.00571
1	0.10969	0.17803	0.09540	0.03278	0.12707	0.08771	0.01693	0.12567	0.12555	0.02505	0.03469	0.00963	0.00740	0.00415	0.00346	0.00113	0.00438	0.00319	0.00259	0.00549
2	0.07339	0.06670	0.06331	0.04330	0.06114	0.13701	0.09719	0.08899	0.12680	0.04463	0.04983	0.01080	0.00828	0.00428	0.00378	0.00113	0.01405	0.01065	0.00270	0.09204
3	0.67792	0.09024	0.09037	0.00599	0.00886	0.00932	0.00557	0.01199	0.00717	0.05478	0.00608	0.00688	0.00465	0.00368	0.00263	0.00118	0.00343	0.00228	0.00239	0.00459
4	0.00551	0.00425	0.00529	0.00541	0.00645	0.00365	0.00381	0.00645	0.00777	0.01067	0.01992	0.59941	0.09146	0.00999	0.00451	0.00134	0.00239	0.00894	0.00335	0.19943
5	0.00609	0.00519	0.01828	0.00781	0.10783	0.00473	0.03361	0.03014	0.00949	0.01266	0.24254	0.19974	0.25295	0.00870	0.00462	0.00135	0.00269	0.04410	0.00354	0.00395
6	0.00962	0.00928	0.01613	0.09721	0.65628	0.00941	0.09352	0.03788	0.00917	0.01291	0.00746	0.00985	0.00611	0.00355	0.00396	0.00119	0.00489	0.00361	0.00199	0.00597
7	0.00964	0.00805	0.00873	0.00778	0.00984	0.00924	0.00608	0.04749	0.67549	0.03312	0.09576	0.01564	0.01395	0.00561	0.00436	0.00133	0.03341	0.00462	0.00396	0.00592
8	0.00574	0.00392	0.00507	0.00507	0.00532	0.00417	0.00336	0.00613	0.00588	0.00809	0.01129	0.02097	0.01211	0.50051	0.31883	0.06740	0.00620	0.00499	0.00223	0.00273
9	0.02081	0.03415	0.00771	0.03317	0.00827	0.02108	0.02192	0.00839	0.04859	0.03091	0.06006	0.33328	0.02362	0.01320	0.18155	0.00249	0.13728	0.00676	0.00290	0.00387
10	0.69036	0.05051	0.00742	0.00581	0.00840	0.00938	0.00485	0.11249	0.00844	0.06305	0.00649	0.00712	0.00488	0.00382	0.00270	0.00119	0.00327	0.00239	0.00271	0.00472
11	0.00950	0.27758	0.47369	0.00976	0.01441	0.04274	0.03800	0.05671	0.00892	0.02524	0.00681	0.00784	0.00519	0.00368	0.00339	0.00111	0.00526	0.00275	0.00186	0.00556
12	0.07013	0.00825	0.01026	0.06206	0.01065	0.04963	0.00743	0.07564	0.02466	0.01132	0.00731	0.01061	0.01631	0.04345	0.12161	0.00226	0.45838	0.00358	0.00211	0.00434
13	0.17214	0.00768	0.00903	0.00705	0.01000	0.00755	0.00582	0.17547	0.01182	0.53448	0.01250	0.01133	0.00814	0.00461	0.00367	0.00121	0.00347	0.00354	0.00424	0.00624
14	0.00557	0.00377	0.00429	0.00438	0.00445	0.00372	0.00252	0.00567	0.00599	0.00794	0.01418	0.10903	0.04251	0.74956	0.01796	0.00350	0.00359	0.00633	0.00254	0.00249
15	0.00956	0.01027	0.01653	0.02625	0.18122	0.12243	0.37510	0.02330	0.03227	0.01215	0.00979	0.07329	0.00883	0.01436	0.00455	0.00133	0.00556	0.06580	0.00230	0.00509
16	0.49055	0.00846	0.00783	0.00648	0.00907	0.00951	0.00532	0.28476	0.02884	0.04886	0.00783	0.00834	0.00579	0.00414	0.00304	0.00118	0.00340	0.00281	0.05865	0.00515
17	0.00495	0.00383	0.00454	0.00494	0.00579	0.00343	0.00364	0.00599	0.00862	0.01095	0.10032	0.33109	0.38977	0.01070	0.00485	0.00146	0.00225	0.09585	0.00370	0.00333
18	0.01048	0.86458	0.02054	0.00671	0.01006	0.01551	0.00671	0.01174	0.00797	0.00922	0.00545	0.00629	0.00503	0.00335	0.00252	0.00084	0.00419	0.00210	0.00168	0.00503
19	0.00921	0.00867	0.01155	0.00985	0.01033	0.01166	0.00816	0.08250	0.07701	0.01148	0.00660	0.00929	0.00596	0.00649	0.01111	0.00162	0.68987	0.00353	0.02048	0.00465
20	0.00885	0.00879	0.01270	0.01064	0.01100	0.01188	0.05993	0.03871	0.00665	0.01018	0.00547	0.00873	0.00525	0.00656	0.01203	0.00167	0.77120	0.00351	0.00181	0.00444
21	0.00788	0.00723	0.01169	0.63121	0.13716	0.02357	0.01024	0.01024	0.00802	0.02506	0.02072	0.01141	0.00646	0.03847	0.03377	0.00155	0.00522	0.00365	0.00191	0.00454
22	0.06738	0.10423	0.12897	0.02585	0.02044	0.10979	0.03054	0.26827	0.02913	0.07647	0.03026	0.01155	0.03484	0.00472	0.00379	0.00118	0.01185	0.03221	0.00296	0.00555
23	0.01039	0.23697	0.21172	0.01180	0.16773	0.16915	0.02127	0.01299	0.03822	0.02024	0.00692	0.00810	0.00560	0.00366	0.00338	0.00104	0.00511	0.00278	0.00195	0.06098

[dist]
# distance from previous block
# <min> <max>
1	3

[block]
# block no. 5 follows, 69 sequences, length 47
# corresponding to MSA columns:
# 231-277
name=unknown_F
#
# <colnr> <probs for GDERKNQSTAVLIFYWHMCP>
#	G	D	E	R	K	N	Q	S	T	A	V	L	I	F	Y	W	H	M	C	P
0	0.00900	0.00851	0.01044	0.01036	0.11347	0.11565	0.10065	0.04764	0.16516	0.02680	0.11038	0.13284	0.04958	0.00693	0.02215	0.00142	0.01521	0.04580	0.00315	0.00487
1	0.00570	0.00380	0.00428	0.00428	0.00428	0.00380	0.00238	0.00570	0.00570	0.00760	0.01235	0.02566	0.01425	0.86222	0.01995	0.00380	0.00380	0.00570	0.00238	0.00238
2	0.00682	0.00429	0.00563	0.00514	0.00629	0.00391	0.00391	0.00862	0.01108	0.10388	0.73595	0.02771	0.04611	0.00771	0.00455	0.00123	0.00201	0.00677	0.00436	0.00401
3	0.00991	0.00850	0.00895	0.00801	0.01025	0.00982	0.00624	0.04496	0.80630	0.01665	0.01576	0.01447	0.01181	0.00530	0.00399	0.00133	0.00314	0.00441	0.00399	0.00622
4	0.79029	0.00758	0.00621	0.00541	0.00791	0.00861	0.00446	0.03211	0.00737	0.09154	0.00645	0.00707	0.00479	0.00377	0.00260	0.00121	0.00309	0.00232	0.00268	0.00452
5	0.79097	0.00765	0.00609	0.00536	0.00777	0.00881	0.00440	0.06791	0.00756	0.01796	0.00605	0.00694	0.00466	0.00375	0.00254	0.00120	0.00307	0.00229	0.04065	0.00439
6	0.05202	0.04474	0.01047	0.03014	0.01104	0.04500	0.07237	0.02855	0.04708	0.47857	0.01269	0.03731	0.00893	0.00573	0.04046	0.00140	0.00410	0.00390	0.00380	0.06168
7	0.01063	0.03586	0.08476	0.04965	0.14866	0.01934	0.18888	0.18746	0.07845	0.06268	0.07563	0.01219	0.00938	0.00443	0.00409	0.00123	0.00471	0.01335	0.00288	0.00573
8	0.00484	0.00392	0.00430	0.00433	0.00546	0.00338	0.00320	0.00598	0.00924	0.01161	0.20625	0.12435	0.57986	0.00978	0.00467	0.00133	0.00199	0.00833	0.00378	0.00338
9	0.01003	0.01388	0.18340	0.01437	0.08393	0.17519	0.37827	0.01288	0.00918	0.01175	0.00715	0.00921	0.00554	0.00379	0.00473	0.00126	0.06458	0.00369	0.00190	0.00525
10	0.00481	0.00344	0.00458	0.00544	0.00569	0.00321	0.00364	0.00555	0.00767	0.01026	0.05823	0.82231	0.02643	0.01209	0.00499	0.00158	0.00226	0.01096	0.00367	0.00321
11	0.00681	0.00340	0.00511	0.00511	0.00511	0.00340	0.00340	0.00511	0.00511	0.00681	0.00681	0.01192	0.00681	0.01362	0.01532	0.88594	0.00340	0.00340	0.00170	0.00170
12	0.01094	0.77084	0.01950	0.00708	0.01029	0.10760	0.00680	0.01217	0.00831	0.00926	0.00552	0.00638	0.00503	0.00343	0.00263	0.00086	0.00451	0.00214	0.00172	0.00498
13	0.00834	0.00721	0.03781	0.00738	0.00931	0.01896	0.04255	0.10484	0.23130	0.03117	0.11590	0.04786	0.15056	0.00740	0.00448	0.00139	0.00330	0.16169	0.00370	0.00483
14	0.01324	0.01406	0.02096	0.00992	0.04395	0.44695	0.02214	0.11903	0.15714	0.06369	0.00940	0.03670	0.00750	0.00466	0.00387	0.00114	0.01409	0.00344	0.00282	0.00529
15	0.00740	0.00697	0.01176	0.85280	0.02700	0.00871	0.01089	0.01002	0.00784	0.01002	0.00697	0.01045	0.00523	0.00392	0.00392	0.00131	0.00523	0.00348	0.00174	0.00436
16	0.01395	0.01137	0.01166	0.02436	0.06544	0.10504	0.00767	0.61464	0.04844	0.02135	0.01878	0.02228	0.00727	0.00471	0.00390	0.00117	0.00455	0.00360	0.00355	0.00626
17	0.01081	0.01000	0.01340	0.19951	0.41541	0.12962	0.01027	0.05294	0.02887	0.07976	0.00806	0.00988	0.00627	0.00388	0.00385	0.00118	0.00497	0.00341	0.00229	0.00563
18	0.00835	0.00671	0.00811	0.00611	0.00911	0.00553	0.00489	0.02324	0.00814	0.04934	0.00779	0.00933	0.00649	0.00654	0.11142	0.00139	0.02950	0.00269	0.00241	0.69292
19	0.00553	0.00440	0.00500	0.00502	0.00611	0.00415	0.00369	0.01820	0.09487	0.01235	0.20426	0.23044	0.37249	0.00953	0.00464	0.00137	0.00217	0.00825	0.00383	0.00371
20	0.01439	0.01022	0.02360	0.00864	0.01164	0.01095	0.00716	0.64136	0.07343	0.11230	0.01090	0.03882	0.00799	0.00500	0.00396	0.00121	0.00408	0.00388	0.00398	0.00651
21	0.01312	0.28549	0.01404	0.00886	0.01138	0.48783	0.00723	0.07082	0.04749	0.01083	0.00654	0.00733	0.00547	0.00393	0.00326	0.00098	0.00579	0.00254	0.00213	0.00492
22	0.00498	0.00357	0.00478	0.00567	0.00601	0.00337	0.00399	0.00582	0.00774	0.01025	0.02187	0.73206	0.04240	0.01204	0.00505	0.00162	0.00245	0.11946	0.00364	0.00324
23	0.01386	0.01076	0.01112	0.00883	0.01170	0.04911	0.00718	0.64526	0.14352	0.02241	0.01055	0.02949	0.00785	0.00494	0.00394	0.00120	0.00420	0.00380	0.00384	0.00642
24	0.00681	0.00340	0.00511	0.00511	0.00511	0.00340	0.00340	0.00511	0.00511	0.00681	0.00681	0.01192	0.00681	0.01362	0.01532	0.88594	0.00340	0.00340	0.00170	0.00170
25	0.88991	0.00758	0.00576	0.00516	0.00758	0.00879	0.00425	0.01152	0.00667	0.01759	0.00546	0.00637	0.00425	0.00364	0.00243	0.00121	0.00303	0.00212	0.00243	0.00425
26	0.01585	0.00766	0.00893	0.00707	0.00981	0.07442	0.00574	0.07868	0.01155	0.61876	0.04603	0.01390	0.03406	0.00503	0.00390	0.00118	0.00355	0.00403	0.04369	0.00615
27	0.01075	0.77341	0.04151	0.00710	0.01041	0.08296	0.00698	0.01208	0.00823	0.00934	0.00554	0.00640	0.00503	0.00342	0.00263	0.00086	0.00447	0.00215	0.00170	0.00501
28	0.01370	0.01634	0.01070	0.00964	0.01174	0.64616	0.00730	0.05185	0.17211	0.01159	0.00815	0.00865	0.00648	0.00432	0.00364	0.00108	0.00617	0.00294	0.00249	0.00496
29	0.00509	0.00397	0.00461	0.00449	0.00558	0.00350	0.00335	0.00650	0.00997	0.01311	0.43295	0.05508	0.41966	0.00904	0.00464	0.00129	0.00193	0.00776	0.00397	0.00350
30	0.01177	0.01174	0.01092	0.00923	0.01163	0.25150	0.07314	0.17038	0.31531	0.01543	0.03395	0.01252	0.04497	0.00494	0.00394	0.00120	0.00468	0.00396	0.00324	0.00555
31	0.03215	0.00931	0.01031	0.00887	0.03398	0.04114	0.00693	0.30172	0.24089	0.09553	0.01140	0.03687	0.00885	0.02467	0.00548	0.00136	0.11713	0.00401	0.00353	0.00587
32	0.00545	0.00393	0.00515	0.00500	0.00583	0.00363	0.00369	0.00714	0.01063	0.01497	0.72871	0.13841	0.03554	0.00858	0.00467	0.00128	0.00191	0.00762	0.00423	0.00363
33	0.00917	0.00869	0.01466	0.22160	0.61484	0.00912	0.01153	0.02525	0.00887	0.01240	0.02233	0.01023	0.00654	0.00370	0.00390	0.00120	0.00474	0.00356	0.00197	0.00573
34	0.00570	0.00380	0.00428	0.00428	0.00428	0.00380	0.00238	0.00570	0.00570	0.00760	0.01235	0.02566	0.01425	0.86222	0.01995	0.00380	0.00380	0.00570	0.00238	0.00238
35	0.01466	0.01835	0.01114	0.01005	0.01212	0.81041	0.00757	0.05064	0.01143	0.01025	0.00620	0.00717	0.00512	0.00407	0.00355	0.00102	0.00695	0.00257	0.00210	0.00464
36	0.00871	0.00901	0.01722	0.07403	0.13425	0.00896	0.41999	0.01129	0.00866	0.01204	0.00876	0.02348	0.00759	0.00446	0.00516	0.00132	0.08471	0.07674	0.00213	0.08148
37	0.01185	0.01154	0.00973	0.00858	0.01078	0.25864	0.00663	0.15123	0.38297	0.02750	0.03385	0.04863	0.01027	0.00520	0.00390	0.00122	0.00442	0.00407	0.00340	0.00560
38	0.00807	0.05756	0.75120	0.01132	0.01689	0.00945	0.06732	0.01239	0.00833	0.01228	0.00702	0.00834	0.00503	0.00368	0.00373	0.00123	0.00578	0.00297	0.00168	0.00573
39	0.02328	0.00862	0.02814	0.00822	0.01048	0.00954	0.02643	0.05482	0.62942	0.04445	0.04224	0.01405	0.01161	0.00530	0.00446	0.00132	0.04993	0.00431	0.00375	0.01961
40	0.01316	0.36128	0.01510	0.00822	0.01120	0.19312	0.00710	0.28322	0.01226	0.05040	0.00733	0.00780	0.00578	0.00402	0.00326	0.00100	0.00482	0.00275	0.00263	0.00554
41	0.00493	0.00393	0.00442	0.00445	0.00554	0.00342	0.00330	0.00614	0.00938	0.01196	0.25616	0.12063	0.51878	0.00966	0.00468	0.00133	0.00201	0.02204	0.00383	0.00341
42	0.00514	0.00369	0.00455	0.00489	0.00541	0.00343	0.00333	0.00604	0.00821	0.01105	0.19732	0.40419	0.14364	0.14909	0.00724	0.00182	0.00238	0.00878	0.02664	0.00319
43	0.03120	0.00629	0.00843	0.00667	0.00937	0.00552	0.00543	0.01745	0.01071	0.72276	0.01563	0.07810	0.01087	0.00539	0.00394	0.00123	0.00318	0.00445	0.04717	0.00622
44	0.01468	0.01087	0.01164	0.00897	0.01207	0.01205	0.00740	0.78974	0.05375	0.02435	0.00970	0.00964	0.00690	0.00473	0.00392	0.00118	0.00426	0.00357	0.00392	0.00665
45	0.01287	0.00767	0.00877	0.00728	0.00976	0.00807	0.00583	0.14748	0.32865	0.29047	0.01436	0.01337	0.01013	0.00497	0.00381	0.00122	0.00322	0.00403	0.11192	0.00612
46	0.88991	0.00758	0.00576	0.00516	0.00758	0.00879	0.00425	0.01152	0.00667	0.01759	0.00546	0.00637	0.00425	0.00364	0.00243	0.00121	0.00303	0.00212	0.00243	0.00425

[dist]
# distance from previous block
# <min> <max>
0	1

[block]
# block no. 6 follows, 69 sequences, length 210
# corresponding to MSA columns:
# 279-488
name=unknown_G
#
# <colnr> <probs for GDERKNQSTAVLIFYWHMCP>
#	G	D	E	R	K	N	Q	S	T	A	V	L	I	F	Y	W	H	M	C	P
0	0.01410	0.01084	0.01116	0.00882	0.01170	0.05923	0.00718	0.66651	0.08467	0.03561	0.01034	0.04352	0.00783	0.00502	0.00395	0.00120	0.00427	0.00386	0.00382	0.00637
1	0.01048	0.86458	0.02054	0.00671	0.01006	0.01551	0.00671	0.01174	0.00797	0.00922	0.00545	0.00629	0.00503	0.00335	0.00252	0.00084	0.00419	0.00210	0.00168	0.00503
2	0.01327	0.01646	0.01123	0.17039	0.01495	0.68713	0.00820	0.01458	0.01049	0.00967	0.00623	0.00771	0.00508	0.00402	0.00361	0.00107	0.00672	0.00271	0.00197	0.00451
3	0.01495	0.01094	0.01145	0.00888	0.01194	0.05030	0.00729	0.70270	0.04110	0.08570	0.00991	0.00975	0.00698	0.00470	0.00391	0.00118	0.00433	0.00354	0.00391	0.00656
4	0.00498	0.00397	0.00448	0.00452	0.00558	0.00350	0.00332	0.00632	0.02193	0.01199	0.25290	0.15776	0.48547	0.00969	0.00468	0.00134	0.00201	0.00832	0.00383	0.00344
5	0.00605	0.00488	0.00553	0.00520	0.00628	0.04301	0.00391	0.00818	0.04723	0.01489	0.67146	0.02855	0.12414	0.00793	0.00455	0.00124	0.00216	0.00689	0.00412	0.00381
6	0.00476	0.00347	0.00449	0.00530	0.00564	0.00320	0.00357	0.00548	0.00766	0.01007	0.02355	0.77144	0.11290	0.01203	0.00496	0.00156	0.00224	0.01084	0.00364	0.00320
7	0.00567	0.00431	0.00644	0.00640	0.00708	0.00507	0.00499	0.00706	0.00629	0.00911	0.01037	0.01523	0.00969	0.02885	0.82623	0.00619	0.03122	0.00418	0.00209	0.00352
8	0.01048	0.86458	0.02054	0.00671	0.01006	0.01551	0.00671	0.01174	0.00797	0.00922	0.00545	0.00629	0.00503	0.00335	0.00252	0.00084	0.00419	0.00210	0.00168	0.00503
9	0.00492	0.00382	0.00451	0.00493	0.00572	0.00345	0.00353	0.00605	0.02468	0.01077	0.07531	0.42394	0.36074	0.01087	0.00483	0.00146	0.00220	0.04125	0.00368	0.00334
10	0.00740	0.00697	0.01176	0.85280	0.02700	0.00871	0.01089	0.01002	0.00784	0.01002	0.00697	0.01045	0.00523	0.00392	0.00392	0.00131	0.00523	0.00348	0.00174	0.00436
11	0.01003	0.00856	0.00902	0.00803	0.01030	0.00988	0.00627	0.06386	0.78721	0.01684	0.01561	0.01435	0.01168	0.00529	0.00399	0.00132	0.00317	0.00438	0.00399	0.00623
12	0.01445	0.01733	0.01126	0.01027	0.03234	0.70997	0.00764	0.11071	0.02952	0.01159	0.00670	0.00757	0.00542	0.00413	0.00360	0.00104	0.00660	0.00271	0.00228	0.00487
13	0.01376	0.01062	0.01091	0.00869	0.01150	0.06261	0.00705	0.60905	0.11803	0.04209	0.03398	0.03457	0.00870	0.00505	0.00396	0.00120	0.00418	0.00391	0.00384	0.00630
14	0.00927	0.00713	0.00838	0.00606	0.00949	0.00559	0.00487	0.04847	0.00888	0.08577	0.00783	0.00865	0.00619	0.00316	0.00304	0.00066	0.00301	0.00252	0.00262	0.76842
15	0.00733	0.00615	0.00664	0.00614	0.00781	0.00654	0.00471	0.01344	0.41097	0.01453	0.19919	0.02462	0.26163	0.00726	0.00432	0.00131	0.00250	0.00614	0.00396	0.00481
16	0.00949	0.01093	0.02260	0.01624	0.02012	0.04704	0.78732	0.01270	0.00934	0.01243	0.00785	0.01042	0.00591	0.00334	0.00458	0.00131	0.00663	0.00453	0.00198	0.00525
17	0.00953	0.00914	0.01560	0.08622	0.77696	0.00927	0.01195	0.01188	0.00885	0.01260	0.00734	0.00976	0.00614	0.00353	0.00388	0.00118	0.00470	0.00349	0.00193	0.00607
18	0.00564	0.00408	0.00496	0.00514	0.00603	0.00377	0.00382	0.00701	0.02616	0.03516	0.19961	0.21954	0.26910	0.07808	0.00601	0.00162	0.00244	0.11462	0.00372	0.00349
19	0.00612	0.00483	0.00646	0.07641	0.05400	0.00476	0.00483	0.01697	0.05089	0.01455	0.56790	0.02680	0.13542	0.00751	0.00449	0.00125	0.00239	0.00658	0.00386	0.00400
20	0.00984	0.00922	0.01466	0.01141	0.01433	0.00969	0.33515	0.01728	0.45696	0.04648	0.01256	0.01286	0.00936	0.00451	0.00437	0.00133	0.01650	0.00448	0.00318	0.00583
21	0.01185	0.03555	0.01203	0.05918	0.06132	0.04780	0.07411	0.31352	0.25946	0.04579	0.01123	0.03194	0.00854	0.00478	0.00396	0.00124	0.00425	0.00400	0.00341	0.00602
22	0.00585	0.00414	0.00563	0.00643	0.00705	0.00409	0.00518	0.00715	0.00826	0.01082	0.02004	0.25566	0.02252	0.10637	0.00693	0.00197	0.00328	0.51180	0.00348	0.00336
23	0.00821	0.00788	0.01223	0.69213	0.12323	0.04606	0.01078	0.03350	0.00841	0.01075	0.00705	0.01018	0.00538	0.00390	0.00390	0.00127	0.00521	0.00344	0.00184	0.00465
