[name]
unknown

[dist]
# distance from previous block
# <min> <max>
0	913

[block]
# block no. 0 follows, 71 sequences, length 74
# corresponding to MSA columns:
# 917-951,956-978,980-995
name=unknown_A
#
# <colnr> <probs for GDERKNQSTAVLIFYWHMCP>
#	G	D	E	R	K	N	Q	S	T	A	V	L	I	F	Y	W	H	M	C	P
0	0.00618	0.00441	0.00618	0.00706	0.00794	0.00441	0.00618	0.00794	0.00883	0.01147	0.02030	0.04325	0.02207	0.01059	0.00530	0.00177	0.00353	0.81553	0.00353	0.00353
1	0.01110	0.00809	0.00878	0.00766	0.00999	0.02084	0.00602	0.02979	0.65825	0.17138	0.01530	0.01390	0.01113	0.00509	0.00389	0.00127	0.00315	0.00421	0.00403	0.00614
2	0.00515	0.00391	0.00474	0.00453	0.00556	0.00350	0.00340	0.00670	0.01020	0.01383	0.59274	0.03118	0.28372	0.00842	0.00453	0.00123	0.00185	0.00729	0.00402	0.00350
3	0.00552	0.00396	0.00539	0.00539	0.00581	0.00437	0.00383	0.00635	0.00593	0.00833	0.01097	0.01896	0.01128	0.35414	0.52699	0.00521	0.00772	0.00468	0.00216	0.00300
4	0.00905	0.01034	0.02262	0.01616	0.02004	0.00970	0.82741	0.01228	0.00905	0.01228	0.00776	0.01034	0.00582	0.00323	0.00452	0.00129	0.00646	0.00452	0.00194	0.00517
5	0.00944	0.43853	0.37720	0.00869	0.01291	0.07292	0.00992	0.01205	0.00815	0.01040	0.00605	0.00705	0.00489	0.00349	0.00305	0.00100	0.00498	0.00242	0.00166	0.00521
6	0.00715	0.00357	0.00357	0.00357	0.00447	0.00357	0.00268	0.00893	0.00804	0.01429	0.01251	0.01429	0.00983	0.00447	0.00268	0.00089	0.00179	0.00357	0.88654	0.00357
7	0.00546	0.00422	0.00590	0.00615	0.00693	0.00399	0.04938	0.03054	0.00822	0.01074	0.02234	0.52467	0.13585	0.01073	0.00487	0.00153	0.00272	0.15887	0.00347	0.00342
8	0.01181	0.01188	0.01488	0.08387	0.01567	0.25691	0.30023	0.10657	0.03020	0.09273	0.00833	0.02064	0.00631	0.00401	0.00413	0.00118	0.01931	0.00370	0.00248	0.00514
9	0.08778	0.00987	0.13092	0.04430	0.02489	0.00826	0.18469	0.08517	0.07883	0.29034	0.01061	0.01079	0.00728	0.00413	0.00384	0.00122	0.00443	0.00368	0.00318	0.00577
10	0.00564	0.00371	0.00416	0.00416	0.00419	0.00371	0.00234	0.00571	0.00568	0.00771	0.01210	0.02465	0.01377	0.83005	0.01883	0.00360	0.00364	0.00549	0.03848	0.00237
11	0.01444	0.01780	0.01079	0.00975	0.01177	0.81549	0.00734	0.01545	0.01087	0.04336	0.00630	0.00716	0.00512	0.00398	0.00347	0.00100	0.00677	0.00253	0.00209	0.00453
12	0.01291	0.01232	0.33738	0.00895	0.02539	0.00779	0.00928	0.11437	0.02374	0.39239	0.01106	0.01061	0.00730	0.00428	0.00377	0.00119	0.00434	0.00341	0.00335	0.00617
13	0.01309	0.00988	0.01091	0.06994	0.01248	0.01104	0.00725	0.64552	0.10937	0.02164	0.01022	0.04318	0.00774	0.00490	0.00388	0.00119	0.00407	0.00384	0.00368	0.00617
14	0.00806	0.00698	0.00850	0.00697	0.06937	0.00540	0.00507	0.00981	0.00801	0.01250	0.00684	0.00806	0.00571	0.00288	0.00291	0.00061	0.00296	0.00235	0.00224	0.82476
15	0.00519	0.00391	0.00480	0.00457	0.00558	0.00352	0.00343	0.00678	0.01029	0.01404	0.62690	0.03083	0.24942	0.00834	0.00452	0.00123	0.00184	0.00724	0.00405	0.00352
16	0.01261	0.07336	0.01394	0.01125	0.04928	0.45706	0.16316	0.12029	0.01103	0.01201	0.00698	0.00865	0.00569	0.00400	0.00384	0.00109	0.01994	0.01867	0.00221	0.00494
17	0.01430	0.00709	0.00892	0.00676	0.00983	0.00625	0.00553	0.10087	0.03207	0.51863	0.01234	0.01134	0.00824	0.00424	0.00359	0.00102	0.00325	0.00341	0.00398	0.23836
18	0.00937	0.00862	0.01453	0.18197	0.64754	0.00894	0.01130	0.02539	0.00875	0.03618	0.00740	0.00973	0.00600	0.00355	0.00381	0.00117	0.00462	0.00343	0.00198	0.00575
19	0.00821	0.00867	0.07349	0.37628	0.40066	0.00860	0.01113	0.01069	0.00818	0.01122	0.00759	0.04442	0.00636	0.00396	0.00385	0.00122	0.00478	0.00367	0.00186	0.00515
20	0.00849	0.00418	0.00446	0.00413	0.00533	0.00414	0.00318	0.04510	0.00877	0.09932	0.01263	0.01395	0.00965	0.00450	0.00285	0.00093	0.00204	0.00360	0.75874	0.00400
21	0.00724	0.00681	0.01150	0.85604	0.02641	0.00852	0.01065	0.00980	0.00767	0.00980	0.00681	0.01022	0.00511	0.00383	0.00383	0.00128	0.00511	0.00341	0.00170	0.00426
22	0.01945	0.00703	0.01024	0.00970	0.08928	0.01656	0.14996	0.08259	0.16908	0.01334	0.04764	0.25725	0.08108	0.00711	0.00436	0.00134	0.00357	0.02252	0.00320	0.00469
23	0.00537	0.00442	0.00491	0.00567	0.00602	0.06445	0.00384	0.00606	0.00760	0.00976	0.02003	0.80075	0.02388	0.01143	0.00479	0.00152	0.00256	0.01029	0.00344	0.00321
24	0.00462	0.00353	0.00425	0.00482	0.00542	0.00316	0.00333	0.00540	0.00784	0.00999	0.02749	0.56651	0.31750	0.01119	0.00476	0.00146	0.00212	0.00989	0.00356	0.00316
25	0.04307	0.00905	0.01022	0.00796	0.01089	0.00956	0.00654	0.46713	0.09227	0.28549	0.01158	0.01082	0.00788	0.00467	0.00380	0.00118	0.00376	0.00362	0.00409	0.00640
26	0.00843	0.00789	0.01312	0.49003	0.35035	0.00889	0.01096	0.04390	0.00851	0.01147	0.00707	0.00989	0.00555	0.00370	0.00382	0.00122	0.00485	0.00341	0.00187	0.00507
27	0.00467	0.00334	0.00445	0.00534	0.00556	0.00311	0.00356	0.00534	0.00734	0.00979	0.02113	0.86275	0.02536	0.01201	0.00489	0.00156	0.00222	0.01090	0.00356	0.00311
28	0.00507	0.00357	0.00466	0.00538	0.00578	0.00336	0.00368	0.00606	0.02739	0.02621	0.04576	0.75492	0.05815	0.01147	0.00483	0.00153	0.00226	0.02304	0.00361	0.00328
29	0.00781	0.00800	0.04668	0.50519	0.12604	0.00884	0.08432	0.02136	0.00784	0.01056	0.00702	0.01015	0.00555	0.00538	0.05196	0.00157	0.08182	0.00352	0.00179	0.00461
30	0.00467	0.00335	0.00443	0.00529	0.00555	0.00312	0.00354	0.00534	0.00739	0.00981	0.02170	0.83637	0.05138	0.01194	0.00488	0.00155	0.00222	0.01081	0.00356	0.00312
31	0.00477	0.00353	0.00442	0.00505	0.00553	0.00324	0.00349	0.00557	0.00776	0.01011	0.05880	0.59587	0.18731	0.04621	0.00542	0.00159	0.00226	0.04239	0.00354	0.00314
32	0.01008	0.00619	0.00794	0.00692	0.00866	0.00665	0.00553	0.16701	0.06968	0.19614	0.01167	0.02492	0.00935	0.01693	0.42962	0.00370	0.00694	0.00404	0.00314	0.00488
33	0.01091	0.01033	0.03231	0.01016	0.01233	0.12899	0.16701	0.14474	0.08903	0.07878	0.00995	0.02443	0.04077	0.00510	0.00599	0.00131	0.20409	0.00391	0.01474	0.00513
34	0.89233	0.00741	0.00564	0.00504	0.00741	0.00860	0.00415	0.01127	0.00653	0.01720	0.00534	0.00623	0.00415	0.00356	0.00237	0.00119	0.00297	0.00208	0.00237	0.00415
35	0.00828	0.09632	0.68308	0.01062	0.01581	0.00935	0.06107	0.01223	0.00825	0.03848	0.01832	0.00849	0.00549	0.00368	0.00361	0.00118	0.00544	0.00295	0.00177	0.00557
36	0.02721	0.00868	0.04945	0.00794	0.01033	0.00912	0.02551	0.09333	0.57860	0.02740	0.05400	0.03146	0.01178	0.00520	0.00398	0.00126	0.01275	0.00432	0.00365	0.03403
37	0.00555	0.00371	0.00419	0.00421	0.00422	0.00370	0.00235	0.00557	0.00562	0.00749	0.01231	0.04584	0.01422	0.84412	0.01915	0.00366	0.00368	0.00571	0.00235	0.00234
38	0.00864	0.00707	0.00850	0.00614	0.00951	0.00557	0.02491	0.04355	0.01854	0.04612	0.00737	0.00834	0.00594	0.00303	0.00297	0.00064	0.00300	0.00246	0.00245	0.78526
39	0.01013	0.00969	0.12551	0.20505	0.08036	0.00843	0.11164	0.12865	0.03853	0.11906	0.00894	0.02216	0.00662	0.00399	0.00380	0.00116	0.00457	0.00356	0.01228	0.09588
40	0.01010	0.07583	0.09884	0.01063	0.03158	0.13928	0.22340	0.07916	0.16327	0.02456	0.06097	0.01168	0.00895	0.03927	0.00453	0.00128	0.00497	0.00389	0.00260	0.00519
41	0.00769	0.01983	0.84538	0.01093	0.01659	0.00890	0.01417	0.01214	0.00810	0.01214	0.00688	0.00810	0.00486	0.00364	0.00364	0.00121	0.00567	0.00283	0.00162	0.00567
42	0.01627	0.00802	0.00983	0.00753	0.01054	0.00786	0.00622	0.30675	0.01348	0.55238	0.01302	0.01168	0.00843	0.00469	0.00385	0.00117	0.00360	0.00371	0.00442	0.00652
43	0.00954	0.00824	0.00867	0.00780	0.00997	0.00954	0.00607	0.02037	0.83441	0.01604	0.01561	0.01431	0.01170	0.00520	0.00390	0.00130	0.00303	0.00433	0.00390	0.00607
44	0.04850	0.00963	0.07021	0.02875	0.02960	0.09492	0.03308	0.04148	0.29013	0.29375	0.01256	0.01186	0.00883	0.00459	0.00377	0.00121	0.00393	0.00372	0.00360	0.00589
45	0.00470	0.00336	0.00449	0.00538	0.00561	0.00314	0.00362	0.00539	0.00737	0.00982	0.02111	0.84509	0.02529	0.01198	0.00490	0.00156	0.00225	0.02824	0.00356	0.00312
46	0.00558	0.00372	0.00418	0.00418	0.00418	0.00372	0.00232	0.00558	0.00558	0.00743	0.01208	0.02509	0.01394	0.86525	0.01952	0.00372	0.00372	0.00558	0.00232	0.00232
47	0.00553	0.00375	0.00431	0.00431	0.00442	0.00378	0.00253	0.00566	0.00575	0.00766	0.01304	0.02485	0.04725	0.76983	0.07907	0.00380	0.00412	0.00557	0.00235	0.00244
48	0.01452	0.01006	0.01099	0.00851	0.01150	0.01097	0.00700	0.67336	0.07632	0.12141	0.01038	0.01003	0.00725	0.00466	0.00384	0.00117	0.00402	0.00356	0.00395	0.00649
49	0.00472	0.00396	0.00410	0.00406	0.00532	0.00338	0.00304	0.00594	0.02239	0.01102	0.13003	0.03559	0.73441	0.00942	0.00452	0.00128	0.00194	0.00790	0.00364	0.00333
50	0.01405	0.01048	0.01121	0.00872	0.01169	0.01164	0.00716	0.74396	0.10348	0.02331	0.00988	0.00974	0.00706	0.00467	0.00384	0.00117	0.00410	0.00354	0.00384	0.00647
51	0.00949	0.00911	0.01556	0.02353	0.84133	0.00911	0.01177	0.01177	0.00873	0.01253	0.00721	0.00949	0.00607	0.00342	0.00380	0.00114	0.00456	0.00342	0.00190	0.00607
52	0.00467	0.00334	0.00445	0.00534	0.00556	0.00311	0.00356	0.00534	0.00734	0.00979	0.02113	0.86275	0.02536	0.01201	0.00489	0.00156	0.00222	0.01090	0.00356	0.00311
53	0.00558	0.00372	0.00418	0.00418	0.00418	0.00372	0.00232	0.00558	0.00558	0.00743	0.01208	0.02509	0.01394	0.86525	0.01952	0.00372	0.00372	0.00558	0.00232	0.00232
54	0.00894	0.01000	0.02090	0.01510	0.01856	0.00972	0.70937	0.01186	0.00868	0.01198	0.00744	0.01004	0.00573	0.00358	0.00529	0.00130	0.09424	0.00431	0.00193	0.04104
55	0.00870	0.02189	0.01214	0.01098	0.07041	0.04573	0.01827	0.00969	0.00636	0.00950	0.00536	0.00851	0.00519	0.00665	0.02609	0.00167	0.72345	0.00333	0.00172	0.00435
56	0.00944	0.02741	0.01352	0.01553	0.40166	0.08863	0.08976	0.01149	0.00870	0.01212	0.00698	0.00877	0.00579	0.00327	0.00351	0.00095	0.00442	0.00305	0.00202	0.28298
57	0.01239	0.42564	0.01536	0.00818	0.01089	0.36579	0.00699	0.09399	0.01010	0.01067	0.00596	0.00677	0.00509	0.00369	0.00302	0.00092	0.00530	0.00237	0.00200	0.00488
58	0.01023	0.26380	0.01315	0.00751	0.01047	0.05552	0.06730	0.14916	0.03305	0.03967	0.03363	0.03553	0.02739	0.00443	0.01482	0.00100	0.00399	0.00326	0.00256	0.22352
59	0.07841	0.00991	0.01070	0.00825	0.01126	0.01077	0.00681	0.65537	0.01617	0.12869	0.00966	0.00947	0.00672	0.00452	0.00372	0.00115	0.00399	0.00339	0.00383	0.01720
60	0.00467	0.00334	0.00445	0.00534	0.00556	0.00311	0.00356	0.00534	0.00734	0.00979	0.02113	0.86275	0.02536	0.01201	0.00489	0.00156	0.00222	0.01090	0.00356	0.00311
61	0.00724	0.00681	0.01150	0.85604	0.02641	0.00852	0.01065	0.00980	0.00767	0.00980	0.00681	0.01022	0.00511	0.00383	0.00383	0.00128	0.00511	0.00341	0.00170	0.00426
62	0.00905	0.01034	0.02262	0.01616	0.02004	0.00970	0.82741	0.01228	0.00905	0.01228	0.00776	0.01034	0.00582	0.00323	0.00452	0.00129	0.00646	0.00452	0.00194	0.00517
63	0.00774	0.00491	0.00606	0.00589	0.00718	0.00469	0.00459	0.09504	0.00979	0.12638	0.08403	0.27805	0.18541	0.00920	0.00461	0.00142	0.00273	0.15441	0.00380	0.00408
64	0.00619	0.00434	0.00552	0.00511	0.00619	0.00412	0.00387	0.00863	0.07048	0.04923	0.73334	0.02709	0.04597	0.00755	0.00445	0.00121	0.00196	0.00664	0.00421	0.00391
65	0.00548	0.00411	0.00616	0.00616	0.00685	0.00479	0.00479	0.00685	0.00616	0.00890	0.01027	0.01506	0.00959	0.02876	0.85006	0.00616	0.01027	0.00411	0.00205	0.00342
66	0.00476	0.00340	0.00453	0.00528	0.00558	0.00317	0.00357	0.00555	0.00774	0.01042	0.11435	0.76772	0.02659	0.01154	0.00485	0.00152	0.00218	0.01045	0.00363	0.00317
67	0.01440	0.00659	0.00845	0.00680	0.00938	0.00620	0.00550	0.02814	0.16240	0.58540	0.11044	0.01503	0.01295	0.00519	0.00394	0.00121	0.00306	0.00429	0.00452	0.00611
68	0.00465	0.00392	0.00405	0.00412	0.00532	0.00336	0.00305	0.00581	0.02639	0.01042	0.03649	0.12270	0.73684	0.00985	0.00456	0.00132	0.00200	0.00830	0.00357	0.00329
69	0.00933	0.00894	0.01527	0.08384	0.78230	0.00907	0.01169	0.01162	0.00865	0.01233	0.00718	0.00954	0.00600	0.00345	0.00380	0.00115	0.00460	0.00342	0.00188	0.00594
70	0.00799	0.04456	0.80127	0.01070	0.01623	0.00901	0.01374	0.01228	0.00815	0.03168	0.00703	0.00815	0.00497	0.00366	0.00361	0.00120	0.00556	0.00283	0.00169	0.00566
71	0.00469	0.00334	0.00444	0.00532	0.00554	0.00312	0.00354	0.00534	0.00731	0.00975	0.02097	0.84798	0.02516	0.02706	0.00515	0.00160	0.00225	0.01081	0.00354	0.00310
72	0.01257	0.00809	0.00927	0.06870	0.01091	0.00869	0.00622	0.43215	0.03401	0.15199	0.04456	0.01177	0.00885	0.00469	0.00365	0.00112	0.00355	0.00370	0.16984	0.00567
73	0.15276	0.03525	0.00933	0.03497	0.05750	0.00822	0.00607	0.21419	0.06206	0.17131	0.03159	0.05684	0.00874	0.00468	0.00352	0.00112	0.00345	0.01262	0.00331	0.12248

[dist]
# distance from previous block
# <min> <max>
0	1

[block]
# block no. 1 follows, 71 sequences, length 19
# corresponding to MSA columns:
# 997-1015
name=unknown_B
#
# <colnr> <probs for GDERKNQSTAVLIFYWHMCP>
#	G	D	E	R	K	N	Q	S	T	A	V	L	I	F	Y	W	H	M	C	P
0	0.00952	0.05271	0.00869	0.00697	0.00901	0.04708	0.00561	0.24944	0.19066	0.01583	0.07093	0.03400	0.21246	0.00654	0.00426	0.00125	0.02303	0.04347	0.00354	0.00501
1	0.01361	0.00965	0.01014	0.00803	0.01068	0.06871	0.00652	0.53233	0.01536	0.14355	0.11069	0.03184	0.01088	0.00514	0.00392	0.00116	0.00393	0.00404	0.00388	0.00594
2	0.01029	0.45830	0.20707	0.00886	0.01254	0.12814	0.07336	0.04180	0.00875	0.01059	0.00610	0.00714	0.00504	0.00350	0.00308	0.00098	0.00504	0.00253	0.00178	0.00510
3	0.01077	0.76377	0.01905	0.00683	0.01009	0.01477	0.00665	0.11045	0.00903	0.01086	0.00580	0.00652	0.00511	0.00344	0.00263	0.00086	0.00411	0.00222	0.00191	0.00511
4	0.00566	0.00450	0.00516	0.00489	0.00611	0.00429	0.00370	0.00841	0.12290	0.01365	0.43606	0.02967	0.32438	0.00816	0.00444	0.00125	0.00203	0.00700	0.00394	0.00382
5	0.00464	0.00346	0.00433	0.00502	0.00548	0.00314	0.00342	0.00537	0.00765	0.00991	0.02501	0.68192	0.20368	0.01151	0.00481	0.00150	0.00216	0.01029	0.00356	0.00314
6	0.00618	0.00441	0.00618	0.00706	0.00794	0.00441	0.00618	0.00794	0.00883	0.01147	0.02030	0.04325	0.02207	0.01059	0.00530	0.00177	0.00353	0.81553	0.00353	0.00353
7	0.00894	0.00465	0.00616	0.00546	0.00694	0.00416	0.00420	0.01047	0.01037	0.27062	0.45047	0.12522	0.06171	0.00747	0.00436	0.00125	0.00231	0.00651	0.00427	0.00444
8	0.00904	0.00771	0.00824	0.00744	0.00946	0.00882	0.00577	0.01878	0.73465	0.01596	0.11538	0.01604	0.01467	0.00552	0.00398	0.00129	0.00289	0.00465	0.00394	0.00577
9	0.01514	0.00984	0.01095	0.00839	0.01144	0.01055	0.00693	0.65505	0.01652	0.19979	0.01047	0.01003	0.00716	0.00463	0.00384	0.00116	0.00401	0.00354	0.00403	0.00652
10	0.01489	0.01023	0.01119	0.00858	0.01164	0.01113	0.00709	0.73045	0.01717	0.12347	0.00992	0.00967	0.00688	0.00462	0.00384	0.00116	0.00410	0.00350	0.00395	0.00652
11	0.00457	0.00389	0.00394	0.00393	0.00520	0.00325	0.00295	0.00558	0.00884	0.01059	0.07577	0.03652	0.80270	0.00962	0.00453	0.00129	0.00194	0.00804	0.00359	0.00325
12	0.00641	0.00468	0.00635	0.00711	0.00809	0.00477	0.00617	0.00882	0.06691	0.01180	0.01997	0.04121	0.02134	0.01021	0.00520	0.00173	0.00350	0.75845	0.00356	0.00371
13	0.00921	0.00883	0.01506	0.12558	0.74144	0.00904	0.01163	0.01153	0.00860	0.01219	0.00716	0.00958	0.00596	0.00347	0.00380	0.00116	0.00462	0.00342	0.00187	0.00585
14	0.01025	0.86756	0.02009	0.00656	0.00984	0.01517	0.00656	0.01148	0.00779	0.00902	0.00533	0.00615	0.00492	0.00328	0.00246	0.00082	0.00410	0.00205	0.00164	0.00492
15	0.00622	0.00432	0.00516	0.00480	0.00606	0.00393	0.00365	0.00816	0.05098	0.07624	0.46489	0.02955	0.30540	0.00811	0.00444	0.00124	0.00202	0.00697	0.00402	0.00383
16	0.00910	0.01013	0.02120	0.01531	0.01901	0.00968	0.74379	0.01311	0.09308	0.01266	0.00856	0.01075	0.00642	0.00343	0.00446	0.00129	0.00611	0.00451	0.00214	0.00526
17	0.33545	0.01221	0.02272	0.00767	0.00998	0.33423	0.00610	0.14715	0.02370	0.01513	0.04775	0.00826	0.00657	0.00412	0.00319	0.00111	0.00469	0.00274	0.00256	0.00468
18	0.68324	0.00912	0.00696	0.00607	0.00848	0.11080	0.00491	0.10750	0.00840	0.01707	0.00586	0.00666	0.00453	0.00373	0.00268	0.00116	0.00359	0.00228	0.00250	0.00447

[dist]
# distance from previous block
# <min> <max>
0	1

[block]
# block no. 2 follows, 71 sequences, length 65
# corresponding to MSA columns:
# 1017-1081
name=unknown_C
#
# <colnr> <probs for GDERKNQSTAVLIFYWHMCP>
#	G	D	E	R	K	N	Q	S	T	A	V	L	I	F	Y	W	H	M	C	P
0	0.06212	0.38053	0.12018	0.00787	0.01130	0.01268	0.00764	0.30846	0.03012	0.01554	0.00717	0.00769	0.00560	0.00387	0.00314	0.00102	0.00425	0.00271	0.00253	0.00558
1	0.00918	0.29026	0.02189	0.00667	0.00896	0.04036	0.05243	0.02183	0.00883	0.12290	0.08149	0.16891	0.10098	0.00616	0.00369	0.00112	0.00344	0.00515	0.00291	0.04287
2	0.00535	0.00400	0.00479	0.00494	0.00583	0.00370	0.00362	0.00690	0.04501	0.02474	0.23209	0.26235	0.28464	0.04108	0.00519	0.00146	0.00221	0.05495	0.00371	0.00346
3	0.00530	0.00402	0.00548	0.00542	0.00624	0.00424	0.00414	0.00665	0.00760	0.01049	0.18990	0.02210	0.16454	0.04243	0.49879	0.00418	0.00682	0.00546	0.00279	0.00340
4	0.00917	0.00877	0.01493	0.11504	0.73691	0.00895	0.01150	0.01147	0.00865	0.01227	0.02164	0.00990	0.00649	0.00354	0.00381	0.00116	0.00457	0.00348	0.00192	0.00583
5	0.00832	0.00703	0.00815	0.00585	0.00924	0.00549	0.00470	0.05542	0.00851	0.01315	0.00695	0.00802	0.00573	0.00294	0.00290	0.00060	0.00292	0.00234	0.00236	0.83939
6	0.01383	0.12044	0.01198	0.00948	0.01161	0.74945	0.00731	0.01485	0.01050	0.00934	0.00585	0.00682	0.00494	0.00387	0.00334	0.00097	0.00658	0.00242	0.00194	0.00450
7	0.01714	0.00663	0.00897	0.00687	0.00984	0.00580	0.00568	0.03950	0.01116	0.82292	0.01497	0.01295	0.00941	0.00474	0.00386	0.00119	0.00329	0.00385	0.00472	0.00653
8	0.00462	0.00385	0.00403	0.00407	0.00525	0.00326	0.00302	0.00564	0.00882	0.01075	0.10658	0.09619	0.71131	0.00972	0.00456	0.00131	0.00195	0.00820	0.00362	0.00326
9	0.00724	0.00681	0.01150	0.85604	0.02641	0.00852	0.01065	0.00980	0.00767	0.00980	0.00681	0.01022	0.00511	0.00383	0.00383	0.00128	0.00511	0.00341	0.00170	0.00426
10	0.01257	0.00868	0.00959	0.00793	0.01053	0.00951	0.00636	0.27008	0.42351	0.17775	0.01353	0.01249	0.00968	0.00493	0.00387	0.00123	0.00344	0.00397	0.00404	0.00630
11	0.00467	0.00334	0.00445	0.00534	0.00556	0.00311	0.00356	0.00534	0.00734	0.00979	0.02113	0.86275	0.02536	0.01201	0.00489	0.00156	0.00222	0.01090	0.00356	0.00311
12	0.01170	0.00775	0.00864	0.00719	0.00955	0.00826	0.00575	0.23652	0.29520	0.18250	0.06254	0.01510	0.06997	0.00538	0.00388	0.00121	0.00318	0.00437	0.05552	0.00579
13	0.00814	0.00767	0.01127	0.46898	0.17912	0.06418	0.00948	0.02230	0.02326	0.02094	0.05855	0.01154	0.00780	0.00639	0.08307	0.00168	0.00533	0.00365	0.00205	0.00460
14	0.00525	0.00391	0.00488	0.00464	0.00562	0.00354	0.00348	0.00690	0.01044	0.01439	0.68218	0.03026	0.19392	0.00821	0.00452	0.00122	0.00184	0.00716	0.00409	0.00354
15	0.00472	0.00346	0.00443	0.00509	0.00552	0.00317	0.00347	0.00552	0.00783	0.01033	0.09212	0.67822	0.13934	0.01134	0.00481	0.00149	0.00215	0.01018	0.00361	0.00317
16	0.01020	0.85201	0.03523	0.00664	0.00996	0.01506	0.00670	0.01149	0.00780	0.00908	0.00536	0.00619	0.00492	0.00329	0.00248	0.00083	0.00413	0.00206	0.00164	0.00493
17	0.19260	0.01236	0.35312	0.00804	0.01206	0.00769	0.00873	0.03559	0.00862	0.18666	0.00833	0.00875	0.00584	0.00376	0.00331	0.00111	0.00416	0.00283	0.00258	0.13385
18	0.01324	0.01007	0.01075	0.00855	0.01138	0.01126	0.00696	0.61365	0.23510	0.02200	0.01091	0.01056	0.00790	0.00476	0.00385	0.00119	0.00390	0.00369	0.00385	0.00640
19	0.00911	0.00798	0.00907	0.00795	0.01011	0.00902	0.05294	0.01863	0.71597	0.01526	0.01645	0.01571	0.06081	0.02799	0.00439	0.00136	0.00318	0.00460	0.00373	0.00575
20	0.00971	0.00487	0.00635	0.00549	0.00718	0.00430	0.00428	0.01122	0.01042	0.32723	0.37692	0.07172	0.13015	0.00715	0.00429	0.00123	0.00240	0.00615	0.00429	0.00464
21	0.00866	0.00898	0.05792	0.00846	0.00992	0.11985	0.11978	0.07836	0.03168	0.01060	0.00906	0.01514	0.00890	0.33164	0.02674	0.00231	0.14152	0.00426	0.00225	0.00397
22	0.05762	0.00926	0.01020	0.00792	0.01087	0.04123	0.00651	0.44882	0.01451	0.33671	0.01116	0.01045	0.00748	0.00458	0.00376	0.00116	0.00390	0.00350	0.00404	0.00633
23	0.01380	0.00652	0.00811	0.00650	0.00908	0.00604	0.00528	0.08429	0.08593	0.53629	0.01933	0.01752	0.17239	0.00575	0.00399	0.00122	0.00306	0.00470	0.00436	0.00584
24	0.00784	0.06850	0.79800	0.01068	0.01621	0.00926	0.01373	0.01210	0.00808	0.01196	0.00679	0.00798	0.00486	0.00362	0.00357	0.00119	0.00558	0.00279	0.00162	0.00562
25	0.00724	0.00681	0.01150	0.85604	0.02641	0.00852	0.01065	0.00980	0.00767	0.00980	0.00681	0.01022	0.00511	0.00383	0.00383	0.00128	0.00511	0.00341	0.00170	0.00426
26	0.00500	0.00346	0.00457	0.00535	0.00570	0.00321	0.00364	0.00572	0.00751	0.03042	0.02163	0.79512	0.05545	0.01172	0.00486	0.00154	0.00226	0.02603	0.00359	0.00321
27	0.00542	0.00384	0.00485	0.00529	0.00572	0.00378	0.00380	0.00620	0.00713	0.00936	0.01848	0.22853	0.08807	0.32110	0.06166	0.00265	0.00356	0.21457	0.00301	0.00296
28	0.00924	0.00886	0.01512	0.11460	0.75219	0.00905	0.01164	0.01155	0.00861	0.01223	0.00717	0.00957	0.00597	0.00346	0.00380	0.00115	0.00462	0.00342	0.00188	0.00587
29	0.01348	0.01334	0.01048	0.00900	0.01134	0.39071	0.00707	0.28704	0.11106	0.04589	0.00934	0.01087	0.00742	0.00473	0.00376	0.00113	0.00523	0.04975	0.00302	0.00535
30	0.02508	0.00653	0.00821	0.00646	0.00904	0.00610	0.00528	0.12166	0.01129	0.57371	0.01376	0.01271	0.00911	0.00466	0.00362	0.00113	0.00311	0.00373	0.16889	0.00595
31	0.00494	0.00385	0.00449	0.00449	0.00551	0.00340	0.00335	0.00622	0.00940	0.01225	0.34421	0.12579	0.41760	0.00927	0.00459	0.00130	0.00197	0.03018	0.00381	0.00338
32	0.00587	0.00402	0.00527	0.00490	0.00588	0.00369	0.00369	0.00767	0.01086	0.04691	0.80795	0.02805	0.03516	0.00772	0.00450	0.00121	0.00186	0.00682	0.00424	0.00373
33	0.01188	0.54422	0.01684	0.00743	0.01061	0.02907	0.00684	0.30526	0.01153	0.01447	0.00673	0.00726	0.00550	0.00377	0.00297	0.00094	0.00419	0.00256	0.00244	0.00549
34	0.00946	0.00886	0.01469	0.15017	0.66542	0.00919	0.01132	0.06175	0.00914	0.01282	0.00727	0.00958	0.00595	0.00355	0.00380	0.00116	0.00462	0.00342	0.00199	0.00582
35	0.01194	0.10773	0.01236	0.00969	0.01123	0.48307	0.02243	0.01295	0.00894	0.00935	0.00562	0.00735	0.00498	0.00472	0.00620	0.00119	0.27124	0.00274	0.00185	0.00443
36	0.05903	0.00735	0.00947	0.00688	0.01024	0.00606	0.09200	0.02819	0.02995	0.01309	0.00711	0.00830	0.00578	0.00302	0.00304	0.00071	0.00327	0.00258	0.00232	0.70160
37	0.01237	0.00931	0.00951	0.00768	0.01021	0.06894	0.00620	0.46900	0.07919	0.09047	0.05389	0.01506	0.13987	0.00557	0.00396	0.00118	0.00376	0.00438	0.00376	0.00568
38	0.00510	0.00405	0.00460	0.00445	0.00559	0.00363	0.00334	0.00679	0.03995	0.01270	0.37960	0.04402	0.45484	0.00878	0.00451	0.00126	0.00193	0.00750	0.00385	0.00350
39	0.01431	0.01025	0.01106	0.00853	0.01150	0.01128	0.00703	0.74455	0.03890	0.05974	0.00974	0.00968	0.00690	0.00462	0.00380	0.00115	0.00407	0.00350	0.03298	0.00641
40	0.01447	0.01069	0.01145	0.00880	0.01185	0.01184	0.00726	0.81218	0.03456	0.02400	0.00934	0.00931	0.00663	0.00461	0.00384	0.00115	0.00420	0.00347	0.00384	0.00651
41	0.01713	0.00663	0.00897	0.00687	0.00984	0.00580	0.00568	0.03971	0.01116	0.82270	0.01497	0.01295	0.00941	0.00474	0.00386	0.00119	0.00329	0.00385	0.00472	0.00653
42	0.01683	0.00685	0.00907	0.00698	0.00993	0.00616	0.00576	0.07286	0.03314	0.76738	0.01474	0.01283	0.00935	0.00475	0.00386	0.00119	0.00332	0.00384	0.00466	0.00651
43	0.00467	0.00335	0.00443	0.00530	0.00555	0.00312	0.00354	0.00534	0.00738	0.00980	0.02162	0.84002	0.04777	0.01195	0.00488	0.00155	0.00222	0.01082	0.00356	0.00312
44	0.00592	0.00424	0.00501	0.00474	0.00588	0.00396	0.00358	0.00810	0.06580	0.03675	0.47481	0.03882	0.24226	0.00785	0.00432	0.00121	0.00197	0.00676	0.07425	0.00375
45	0.04605	0.01015	0.01079	0.00849	0.01138	0.01130	0.00695	0.65593	0.14952	0.03465	0.01019	0.00998	0.00732	0.00466	0.00379	0.00118	0.00397	0.00355	0.00381	0.00636
46	0.01444	0.00995	0.01085	0.00838	0.01133	0.01083	0.00690	0.68832	0.03851	0.11239	0.01014	0.00995	0.00711	0.00463	0.00380	0.00115	0.00399	0.00352	0.03742	0.00640
47	0.00547	0.00408	0.00608	0.00610	0.00675	0.00473	0.00471	0.00679	0.00617	0.00888	0.01051	0.03063	0.00998	0.05017	0.81323	0.00602	0.00995	0.00427	0.00209	0.00339
48	0.01021	0.01144	0.01171	0.01014	0.01083	0.26688	0.02577	0.01115	0.00746	0.00934	0.00536	0.00798	0.00502	0.00580	0.00963	0.00146	0.58064	0.00311	0.00177	0.00429
49	0.00475	0.00340	0.00454	0.00543	0.00569	0.00319	0.00370	0.00548	0.00742	0.00988	0.02109	0.81813	0.02518	0.01193	0.00492	0.00157	0.00230	0.05471	0.00356	0.00314
50	0.00466	0.00337	0.00441	0.00525	0.00554	0.00312	0.00352	0.00535	0.00743	0.00982	0.02226	0.81010	0.07728	0.01187	0.00487	0.00154	0.00221	0.01072	0.00356	0.00312
51	0.00823	0.00684	0.00799	0.00576	0.00912	0.00522	0.00461	0.01013	0.02608	0.03448	0.00723	0.00822	0.00591	0.00294	0.00289	0.00060	0.00285	0.00236	0.00237	0.84617
52	0.00545	0.00456	0.00509	0.00481	0.00592	0.02117	0.00367	0.01796	0.00954	0.01237	0.34052	0.03102	0.45419	0.00863	0.00499	0.00128	0.05449	0.00718	0.00367	0.00351
53	0.01629	0.00799	0.00981	0.00752	0.01052	0.00781	0.00621	0.30081	0.01343	0.55840	0.01306	0.01171	0.00846	0.00470	0.00385	0.00117	0.00360	0.00372	0.00443	0.00652
54	0.00870	0.02593	0.31600	0.07328	0.47645	0.00909	0.01248	0.01177	0.00842	0.01215	0.00704	0.00898	0.00555	0.00352	0.00372	0.00117	0.00499	0.00318	0.00178	0.00579
55	0.01027	0.36480	0.19000	0.00804	0.01151	0.02739	0.03053	0.11040	0.06685	0.06447	0.07389	0.00984	0.00837	0.00411	0.00330	0.00105	0.00425	0.00312	0.00247	0.00534
56	0.00779	0.00625	0.00703	0.00635	0.00793	0.00676	0.00487	0.06022	0.38278	0.01578	0.37196	0.02110	0.04016	0.03800	0.00475	0.00134	0.00257	0.00554	0.00397	0.00483
57	0.00569	0.00400	0.00508	0.00476	0.00579	0.00363	0.00359	0.00738	0.01057	0.04169	0.70487	0.02924	0.14332	0.00799	0.00450	0.00122	0.00187	0.00699	0.00415	0.00366
58	0.00903	0.00864	0.01473	0.19435	0.67412	0.00899	0.01154	0.01136	0.00851	0.01197	0.00713	0.00964	0.00588	0.00350	0.00380	0.00117	0.00467	0.00341	0.00186	0.00570
59	0.00724	0.00681	0.01150	0.85604	0.02641	0.00852	0.01065	0.00980	0.00767	0.00980	0.00681	0.01022	0.00511	0.00383	0.00383	0.00128	0.00511	0.00341	0.00170	0.00426
60	0.00603	0.00360	0.00480	0.00480	0.00489	0.00370	0.00309	0.00550	0.00541	0.00730	0.00951	0.01796	0.01022	0.38620	0.13016	0.38378	0.00444	0.00441	0.00200	0.00219
61	0.03008	0.00769	0.00876	0.00732	0.00977	0.01640	0.00586	0.11915	0.35740	0.29999	0.06297	0.01447	0.02460	0.00520	0.00390	0.00124	0.00321	0.01184	0.00414	0.00601
62	0.01406	0.01712	0.01066	0.00963	0.01166	0.75372	0.00726	0.02852	0.07055	0.03206	0.00692	0.00765	0.00557	0.00407	0.00351	0.00102	0.00650	0.00266	0.00222	0.00465
63	0.00779	0.05209	0.81398	0.01076	0.01634	0.00914	0.01388	0.01212	0.00808	0.01202	0.00682	0.00802	0.00486	0.00363	0.00360	0.00120	0.00561	0.00280	0.00162	0.00564
64	0.01026	0.00734	0.00813	0.00717	0.00933	0.00801	0.00562	0.01813	0.57487	0.16213	0.05152	0.01693	0.08266	0.00568	0.00399	0.00128	0.00294	0.01422	0.00403	0.00578

[dist]
# distance from previous block
# <min> <max>
0	1

[block]
# block no. 3 follows, 71 sequences, length 14
# corresponding to MSA columns:
# 1083-1096
name=unknown_D
#
# <colnr> <probs for GDERKNQSTAVLIFYWHMCP>
#	G	D	E	R	K	N	Q	S	T	A	V	L	I	F	Y	W	H	M	C	P
0	0.00838	0.00901	0.01844	0.01370	0.01664	0.00878	0.60463	0.02771	0.00872	0.01189	0.00989	0.14151	0.00910	0.00502	0.00520	0.00137	0.07090	0.02209	0.00224	0.00478
1	0.05398	0.08747	0.73515	0.01027	0.01557	0.00939	0.01303	0.01204	0.00799	0.01215	0.00668	0.00784	0.00483	0.00361	0.00348	0.00118	0.00540	0.00273	0.00166	0.00553
2	0.03540	0.00717	0.00856	0.00700	0.00955	0.00723	0.00564	0.08018	0.26640	0.43892	0.03014	0.01335	0.01035	0.00489	0.00377	0.00120	0.00314	0.00397	0.05704	0.00609
3	0.00494	0.00383	0.00450	0.00447	0.00547	0.00339	0.00330	0.00624	0.00950	0.01249	0.38818	0.13406	0.38751	0.00917	0.00457	0.00129	0.00192	0.00793	0.00385	0.00339
4	0.06705	0.00815	0.01080	0.00937	0.05043	0.02825	0.13187	0.20710	0.12969	0.03261	0.10415	0.08084	0.01294	0.01944	0.00464	0.00133	0.03144	0.06157	0.00325	0.00508
5	0.01313	0.38716	0.05117	0.00734	0.01058	0.01138	0.00679	0.19694	0.01103	0.25586	0.00912	0.00893	0.00661	0.00402	0.00323	0.00102	0.00395	0.00293	0.00304	0.00578
6	0.00764	0.00680	0.00807	0.00723	0.00866	0.09088	0.07458	0.09007	0.03592	0.01193	0.06108	0.31509	0.01551	0.03912	0.13290	0.00209	0.00458	0.00639	0.00296	0.07850
7	0.00949	0.00911	0.01556	0.02353	0.84133	0.00911	0.01177	0.01177	0.00873	0.01253	0.00721	0.00949	0.00607	0.00342	0.00380	0.00114	0.00456	0.00342	0.00190	0.00607
8	0.00966	0.00917	0.05170	0.00950	0.01219	0.04902	0.19699	0.12569	0.19699	0.04522	0.11326	0.03283	0.01159	0.00547	0.02695	0.00133	0.01920	0.00436	0.00308	0.07579
9	0.00606	0.00403	0.00494	0.00483	0.00517	0.00414	0.00315	0.00651	0.00638	0.04508	0.05276	0.06408	0.04956	0.56354	0.13563	0.00357	0.02949	0.00566	0.00258	0.00286
10	0.00772	0.00653	0.00800	0.00606	0.00901	0.00518	0.02872	0.03282	0.00832	0.01260	0.03169	0.09505	0.00904	0.00420	0.00325	0.00076	0.00292	0.02959	0.00253	0.69601
11	0.05236	0.01885	0.01043	0.00848	0.02043	0.04490	0.08458	0.18799	0.08686	0.07417	0.00998	0.03538	0.00833	0.01898	0.09501	0.00175	0.07956	0.03937	0.00290	0.11969
12	0.02673	0.10279	0.01233	0.02085	0.02973	0.12720	0.09910	0.19998	0.13213	0.07815	0.03438	0.03438	0.02884	0.00471	0.00402	0.00116	0.03198	0.00381	0.00300	0.02473
13	0.08377	0.10927	0.01431	0.00989	0.01279	0.09766	0.26394	0.05654	0.02532	0.11863	0.00858	0.03116	0.00686	0.03545	0.00452	0.00122	0.03129	0.00364	0.00252	0.08265

[dist]
# distance from previous block
# <min> <max>
4	17

[block]
# block no. 4 follows, 71 sequences, length 34
# corresponding to MSA columns:
# 1118-1151
name=unknown_E
#
# <colnr> <probs for GDERKNQSTAVLIFYWHMCP>
#	G	D	E	R	K	N	Q	S	T	A	V	L	I	F	Y	W	H	M	C	P
0	0.08458	0.01093	0.00940	0.04097	0.03353	0.26413	0.00645	0.18164	0.09073	0.07539	0.06300	0.03357	0.04781	0.00490	0.00367	0.00113	0.00443	0.00374	0.00303	0.03697
1	0.01277	0.06278	0.01122	0.00827	0.01113	0.04490	0.03617	0.40798	0.15823	0.10577	0.03337	0.01071	0.00831	0.00453	0.00372	0.00112	0.00393	0.00357	0.00356	0.06795
2	0.01257	0.00925	0.01003	0.00815	0.01085	0.01020	0.00657	0.40739	0.34882	0.09174	0.01225	0.01158	0.00886	0.00481	0.00384	0.00120	0.00362	0.00381	0.00390	0.03055
3	0.00616	0.00437	0.00587	0.00572	0.00625	0.00485	0.00415	0.00730	0.02936	0.03910	0.04476	0.07086	0.01282	0.29102	0.39748	0.00433	0.05481	0.00507	0.00245	0.00329
4	0.00577	0.00474	0.00592	0.00580	0.00711	0.00449	0.04271	0.02041	0.07531	0.01140	0.03892	0.09078	0.42970	0.02140	0.00491	0.00147	0.00274	0.21928	0.00350	0.00367
5	0.01024	0.00712	0.00853	0.00736	0.00925	0.00792	0.00588	0.18605	0.23288	0.13084	0.04188	0.01357	0.01028	0.01234	0.26187	0.00274	0.03854	0.00407	0.00337	0.00526
6	0.00901	0.01020	0.02204	0.01574	0.01960	0.00951	0.79444	0.01218	0.00901	0.01229	0.00772	0.01025	0.00581	0.00322	0.00446	0.00126	0.00632	0.00443	0.00195	0.04057
7	0.00548	0.00409	0.00607	0.00607	0.00672	0.00474	0.00468	0.00679	0.00613	0.00883	0.01035	0.01553	0.00979	0.06789	0.81120	0.00605	0.00996	0.00418	0.00207	0.00337
8	0.00839	0.00839	0.01174	0.01007	0.01007	0.01174	0.00839	0.00923	0.00587	0.00923	0.00503	0.00839	0.00503	0.00671	0.01258	0.00168	0.85823	0.00336	0.00168	0.00419
9	0.01720	0.00653	0.00890	0.00682	0.00979	0.00564	0.00564	0.01869	0.01097	0.84399	0.01513	0.01305	0.00949	0.00475	0.00386	0.00119	0.00326	0.00386	0.00475	0.00653
10	0.00466	0.00337	0.00441	0.00524	0.00554	0.00312	0.00352	0.00535	0.00743	0.00982	0.02228	0.80908	0.07829	0.01186	0.00487	0.00154	0.00221	0.01072	0.00356	0.00312
11	0.81177	0.00772	0.00617	0.00539	0.00783	0.00890	0.00444	0.08629	0.00758	0.01784	0.00569	0.00650	0.00437	0.00365	0.00251	0.00118	0.00308	0.00220	0.00251	0.00437
12	0.00467	0.00334	0.00445	0.00534	0.00556	0.00311	0.00356	0.00534	0.00734	0.00979	0.02113	0.86275	0.02536	0.01201	0.00489	0.00156	0.00222	0.01090	0.00356	0.00311
13	0.00471	0.00345	0.00443	0.00515	0.00556	0.00317	0.00352	0.00549	0.00771	0.01014	0.05983	0.70288	0.13410	0.01150	0.00484	0.00151	0.00219	0.02309	0.00359	0.00316
14	0.00559	0.00407	0.00595	0.00595	0.00664	0.00469	0.00460	0.00695	0.00627	0.00921	0.01045	0.01523	0.00970	0.04540	0.77773	0.00577	0.00958	0.00411	0.05870	0.00341
15	0.00811	0.01050	0.17416	0.07051	0.04771	0.00866	0.31783	0.02298	0.03511	0.01182	0.00988	0.04465	0.02008	0.00546	0.01991	0.00145	0.08884	0.09528	0.00219	0.00487
16	0.00477	0.00342	0.00450	0.00533	0.00561	0.00320	0.00362	0.00547	0.00738	0.00979	0.02123	0.76912	0.04734	0.04487	0.00547	0.00164	0.00234	0.04826	0.00351	0.00311
17	0.00825	0.00794	0.01303	0.52137	0.33544	0.02727	0.01100	0.01067	0.00814	0.01082	0.00695	0.00987	0.00547	0.00368	0.00381	0.00122	0.00494	0.00339	0.00178	0.00495
18	0.01326	0.02625	0.01186	0.04595	0.17457	0.38900	0.00819	0.14982	0.01137	0.10353	0.00773	0.00862	0.00593	0.00409	0.00383	0.00109	0.02401	0.00302	0.00255	0.00533
19	0.00975	0.01037	0.01131	0.00982	0.01041	0.18195	0.00798	0.03120	0.04711	0.00995	0.00592	0.00852	0.00546	0.00643	0.02538	0.00159	0.60735	0.00324	0.00191	0.00438
20	0.01025	0.86756	0.02009	0.00656	0.00984	0.01517	0.00656	0.01148	0.00779	0.00902	0.00533	0.00615	0.00492	0.00328	0.00246	0.00082	0.00410	0.00205	0.00164	0.00492
21	0.00907	0.00868	0.01480	0.17980	0.68837	0.00900	0.01156	0.01140	0.00853	0.01201	0.00714	0.00963	0.00589	0.00349	0.00380	0.00116	0.00466	0.00341	0.00186	0.00573
22	0.00580	0.00425	0.00567	0.00631	0.00723	0.00411	0.00534	0.00741	0.00896	0.01163	0.10342	0.07248	0.14437	0.01025	0.00509	0.00163	0.00308	0.58591	0.00360	0.00348
23	0.01687	0.00706	0.00923	0.00708	0.01006	0.00644	0.00585	0.12225	0.01188	0.73915	0.01437	0.01256	0.00911	0.00473	0.00385	0.00118	0.00338	0.00380	0.00463	0.00652
24	0.00476	0.00342	0.00454	0.00540	0.00569	0.00320	0.00370	0.00550	0.00747	0.00991	0.02161	0.78874	0.04922	0.01186	0.00491	0.00156	0.00230	0.05952	0.00356	0.00314
25	0.00567	0.00424	0.00582	0.04623	0.02039	0.00418	0.00535	0.00710	0.00841	0.01091	0.03685	0.25412	0.11979	0.01038	0.00499	0.00161	0.00306	0.44397	0.00344	0.00346
26	0.00949	0.00911	0.01556	0.02353	0.84133	0.00911	0.01177	0.01177	0.00873	0.01253	0.00721	0.00949	0.00607	0.00342	0.00380	0.00114	0.00456	0.00342	0.00190	0.00607
27	0.00504	0.00368	0.00482	0.00559	0.00612	0.00346	0.00415	0.00603	0.00791	0.01029	0.02325	0.54420	0.13158	0.01135	0.00495	0.00158	0.00252	0.21670	0.00355	0.00324
28	0.00567	0.00407	0.00460	0.00437	0.00566	0.00352	0.00331	0.00692	0.00953	0.06865	0.27930	0.03278	0.54021	0.00881	0.00448	0.00126	0.00199	0.00745	0.00384	0.00358
29	0.00945	0.00999	0.01831	0.08095	0.03211	0.04021	0.54117	0.05240	0.14883	0.01318	0.00900	0.01081	0.00676	0.00371	0.00428	0.00127	0.00565	0.00426	0.00234	0.00530
30	0.00996	0.04152	0.05122	0.01370	0.01723	0.01031	0.55229	0.14826	0.05275	0.01420	0.00816	0.01003	0.00613	0.00373	0.00462	0.00127	0.04276	0.00413	0.00232	0.00541
31	0.00534	0.00361	0.00445	0.00484	0.00506	0.00356	0.00314	0.00587	0.00660	0.00906	0.01588	0.35707	0.01821	0.38341	0.06698	0.00276	0.00342	0.03669	0.06120	0.00284
32	0.03122	0.01986	0.01068	0.00829	0.01108	0.06255	0.00676	0.56120	0.04714	0.14157	0.01005	0.01033	0.00726	0.03778	0.00449	0.00125	0.01511	0.00352	0.00372	0.00612
33	0.18518	0.13527	0.21378	0.00894	0.06292	0.03885	0.00826	0.15670	0.05922	0.05195	0.00764	0.00827	0.00575	0.00385	0.00325	0.00111	0.00425	0.00282	0.00249	0.03950

[dist]
# distance from previous block
# <min> <max>
0	3

[block]
# block no. 5 follows, 71 sequences, length 20
# corresponding to MSA columns:
# 1155-1174
name=unknown_F
#
# <colnr> <probs for GDERKNQSTAVLIFYWHMCP>
#	G	D	E	R	K	N	Q	S	T	A	V	L	I	F	Y	W	H	M	C	P
0	0.02314	0.00813	0.00905	0.00829	0.06977	0.05945	0.00607	0.19730	0.13506	0.08177	0.15714	0.04367	0.03327	0.00536	0.00415	0.00114	0.03284	0.00437	0.00342	0.11662
1	0.00480	0.00344	0.00458	0.00544	0.00575	0.00323	0.00376	0.00556	0.00751	0.00995	0.02157	0.76941	0.04851	0.01183	0.00492	0.00157	0.00233	0.07913	0.00356	0.00315
2	0.00908	0.00887	0.01483	0.17791	0.57368	0.02423	0.05846	0.01155	0.02444	0.01187	0.00721	0.00967	0.00592	0.00367	0.00423	0.00120	0.04224	0.00348	0.00189	0.00557
3	0.01388	0.01527	0.03134	0.00957	0.01187	0.50749	0.00759	0.27736	0.01280	0.01421	0.00695	0.00777	0.00545	0.00432	0.00414	0.00109	0.05834	0.00285	0.00255	0.00513
4	0.01045	0.00921	0.01434	0.01043	0.01390	0.00872	0.30589	0.24273	0.01128	0.03601	0.00804	0.00930	0.00606	0.00353	0.00376	0.00101	0.00456	0.00347	0.00265	0.29466
5	0.00678	0.00512	0.00598	0.00609	0.00690	0.06916	0.02910	0.00767	0.00796	0.08114	0.01905	0.51782	0.07156	0.06623	0.04271	0.00181	0.00329	0.04471	0.00334	0.00356
6	0.01686	0.00707	0.00924	0.00708	0.01006	0.00644	0.00585	0.12337	0.01189	0.73801	0.01436	0.01255	0.00911	0.00473	0.00385	0.00118	0.00339	0.00380	0.00463	0.00652
7	0.00758	0.00761	0.01147	0.04693	0.16936	0.07250	0.19013	0.00961	0.02580	0.01150	0.07091	0.12104	0.20792	0.00645	0.00432	0.00128	0.00406	0.02437	0.00273	0.00442
8	0.00533	0.00391	0.00476	0.00460	0.00561	0.00355	0.00349	0.00693	0.01007	0.01387	0.55280	0.03050	0.23798	0.00823	0.00445	0.00123	0.00191	0.04090	0.05635	0.00351
9	0.02501	0.01056	0.13993	0.01346	0.01699	0.00853	0.54807	0.01129	0.00871	0.01209	0.00985	0.07656	0.00874	0.00470	0.00446	0.00135	0.00567	0.08695	0.00218	0.00491
10	0.00484	0.00347	0.00462	0.00546	0.00580	0.00326	0.00381	0.00565	0.00760	0.01009	0.03812	0.73847	0.04870	0.01172	0.00492	0.00156	0.00234	0.09284	0.00357	0.00317
11	0.00523	0.00419	0.00472	0.00459	0.00579	0.00381	0.00350	0.00714	0.06025	0.01255	0.32262	0.03283	0.46752	0.00880	0.00452	0.00128	0.00203	0.04127	0.00382	0.00356
12	0.00817	0.00779	0.01306	0.48678	0.33596	0.00894	0.01094	0.01051	0.00796	0.01080	0.00686	0.00983	0.00547	0.00385	0.00436	0.00125	0.05734	0.00341	0.00178	0.00495
13	0.00519	0.00381	0.00489	0.00508	0.00561	0.00387	0.00358	0.00602	0.00689	0.00921	0.04625	0.19457	0.15303	0.23578	0.28059	0.00354	0.00516	0.02109	0.00278	0.00306
14	0.00561	0.00402	0.00484	0.00464	0.00577	0.00358	0.00353	0.00706	0.00991	0.04957	0.45324	0.05115	0.33813	0.00860	0.00453	0.00127	0.00199	0.03501	0.00395	0.00359
15	0.13167	0.03110	0.04111	0.00831	0.01063	0.26079	0.00685	0.10864	0.05815	0.19189	0.00868	0.00903	0.00639	0.00452	0.00453	0.00118	0.10539	0.00304	0.00289	0.00521
16	0.03617	0.15561	0.19544	0.11412	0.28629	0.03867	0.04627	0.05199	0.01878	0.01217	0.00690	0.00861	0.00548	0.00359	0.00352	0.00112	0.00487	0.00305	0.00191	0.00545
17	0.00550	0.00377	0.00468	0.00495	0.00574	0.00338	0.00352	0.00650	0.00854	0.05978	0.16888	0.44536	0.24474	0.01024	0.00467	0.00140	0.00214	0.00904	0.00374	0.00344
18	0.00541	0.00378	0.00465	0.00488	0.00569	0.00338	0.00349	0.00645	0.00866	0.05268	0.19628	0.40550	0.26481	0.01011	0.00466	0.00139	0.00211	0.00890	0.00376	0.00342
19	0.02103	0.10864	0.09863	0.04028	0.02101	0.11699	0.08902	0.03574	0.05641	0.06002	0.06143	0.10855	0.01839	0.03527	0.01797	0.00139	0.07626	0.01232	0.01601	0.00464

[dist]
# distance from previous block
# <min> <max>
0	3

[block]
# block no. 6 follows, 71 sequences, length 35
# corresponding to MSA columns:
# 1178-1183,1202-1214,1218-1233
name=unknown_G
#
# <colnr> <probs for GDERKNQSTAVLIFYWHMCP>
#	G	D	E	R	K	N	Q	S	T	A	V	L	I	F	Y	W	H	M	C	P
0	0.01013	0.84514	0.01970	0.00652	0.00973	0.01487	0.00648	0.01137	0.00787	0.00919	0.02698	0.00673	0.00573	0.00340	0.00251	0.00083	0.00404	0.00218	0.00171	0.00489
1	0.05312	0.01873	0.09510	0.03202	0.01146	0.07832	0.03913	0.13671	0.08275	0.02210	0.00790	0.00874	0.00613	0.00363	0.00338	0.00092	0.01163	0.00284	0.00255	0.38283
2	0.03030	0.02584	0.01511	0.01161	0.02787	0.18281	0.28597	0.27127	0.02210	0.04748	0.00802	0.00920	0.00600	0.00403	0.00425	0.00118	0.03525	0.00359	0.00267	0.00547
3	0.00554	0.00393	0.00516	0.00569	0.00616	0.00387	0.00405	0.03601	0.00801	0.02466	0.06855	0.63338	0.02358	0.03753	0.02740	0.00172	0.02152	0.07635	0.00351	0.00337
4	0.00681	0.00492	0.00610	0.11586	0.00870	0.00499	0.00452	0.01713	0.06081	0.08037	0.09590	0.04166	0.29667	0.19767	0.00789	0.00183	0.02542	0.01584	0.00318	0.00372
5	0.05115	0.00977	0.03954	0.03404	0.05283	0.09131	0.15102	0.11882	0.09905	0.04678	0.02115	0.00971	0.00690	0.00384	0.00375	0.00104	0.01868	0.00331	0.00263	0.23470
6	0.00976	0.02313	0.05911	0.01072	0.01371	0.05434	0.27729	0.08791	0.08713	0.04011	0.01867	0.00986	0.00670	0.00407	0.00493	0.00116	0.11163	0.00360	0.00243	0.17372
7	0.00517	0.00357	0.00441	0.00488	0.00503	0.00346	0.00311	0.00558	0.00659	0.00877	0.01686	0.43087	0.01985	0.41131	0.01176	0.00258	0.00299	0.04749	0.00298	0.00276
