[name]
unknown

[dist]
# distance from previous block
# <min> <max>
0	100

[block]
# block no. 0 follows, 68 sequences, length 14
# corresponding to MSA columns:
# 216-224,226-230
name=unknown_A
#
# <colnr> <probs for GDERKNQSTAVLIFYWHMCP>
#	G	D	E	R	K	N	Q	S	T	A	V	L	I	F	Y	W	H	M	C	P
0	0.00566	0.00403	0.00512	0.00545	0.00631	0.00371	0.00413	0.00695	0.00920	0.03520	0.22568	0.29431	0.20395	0.01034	0.00493	0.00149	0.00242	0.16368	0.00388	0.00356
1	0.03193	0.00760	0.00919	0.00675	0.01015	0.02290	0.04627	0.03152	0.03346	0.09044	0.00817	0.00900	0.00640	0.00330	0.00318	0.00075	0.00330	0.00271	0.00266	0.67031
2	0.00790	0.00553	0.02548	0.00573	0.00742	0.00482	0.00450	0.07938	0.01031	0.11796	0.22044	0.19490	0.20323	0.00815	0.00443	0.00127	0.00259	0.00702	0.00386	0.08508
3	0.00532	0.00377	0.00468	0.00515	0.00547	0.00365	0.00345	0.00592	0.00713	0.00940	0.01950	0.38091	0.09239	0.31593	0.05241	0.00264	0.00335	0.07281	0.00314	0.00299
4	0.00554	0.00423	0.00518	0.02203	0.01931	0.00400	0.00406	0.02630	0.02310	0.01143	0.09078	0.34694	0.27583	0.04679	0.00547	0.00157	0.00251	0.08084	0.02058	0.00352
5	0.03178	0.03457	0.20814	0.03336	0.22304	0.12107	0.07296	0.13436	0.02279	0.01416	0.02778	0.00966	0.00668	0.00461	0.02236	0.00131	0.01998	0.00340	0.00230	0.00568
6	0.00762	0.02129	0.06720	0.08109	0.04165	0.03978	0.20817	0.00993	0.03215	0.01145	0.02544	0.17579	0.10492	0.02709	0.02695	0.00150	0.03441	0.00579	0.00259	0.07519
7	0.00509	0.00376	0.00517	0.07340	0.00741	0.00370	0.00420	0.00590	0.00753	0.01000	0.02019	0.74791	0.02394	0.05463	0.00574	0.00170	0.00262	0.01037	0.00346	0.00327
8	0.01034	0.10793	0.21505	0.02577	0.19074	0.15053	0.11701	0.02413	0.00929	0.03236	0.00720	0.00872	0.00566	0.00365	0.00370	0.00111	0.00544	0.00313	0.00201	0.07622
9	0.01010	0.06031	0.13951	0.01076	0.09899	0.06001	0.06419	0.18598	0.11402	0.01516	0.05110	0.10729	0.02083	0.00552	0.00440	0.00127	0.03752	0.00462	0.00292	0.00550
10	0.00758	0.02811	0.00665	0.00577	0.00727	0.02289	0.00445	0.01106	0.17070	0.08089	0.42629	0.04376	0.15394	0.00751	0.00443	0.00127	0.00244	0.00644	0.00410	0.00446
11	0.00924	0.02875	0.05151	0.00801	0.06012	0.04842	0.02759	0.05683	0.02187	0.02946	0.00781	0.02834	0.00650	0.00349	0.00325	0.00079	0.00361	0.00286	0.00245	0.59911
12	0.00554	0.00439	0.00488	0.00458	0.00604	0.00377	0.00350	0.00688	0.00917	0.01211	0.17000	0.03087	0.48637	0.00931	0.03758	0.00142	0.00247	0.03099	0.06120	0.10893
13	0.01434	0.01122	0.01140	0.00931	0.03179	0.09112	0.00738	0.61726	0.06550	0.05305	0.02441	0.02686	0.00793	0.00492	0.00397	0.00119	0.00444	0.00376	0.00377	0.00638

[dist]
# distance from previous block
# <min> <max>
0	3

[block]
# block no. 1 follows, 68 sequences, length 7
# corresponding to MSA columns:
# 234-240
name=unknown_B
#
# <colnr> <probs for GDERKNQSTAVLIFYWHMCP>
#	G	D	E	R	K	N	Q	S	T	A	V	L	I	F	Y	W	H	M	C	P
0	0.00569	0.00394	0.00494	0.00526	0.00553	0.00397	0.00358	0.00628	0.00673	0.00900	0.01544	0.17781	0.01751	0.47619	0.10050	0.00336	0.00424	0.14432	0.00282	0.00288
1	0.01060	0.21574	0.03376	0.00786	0.01006	0.26397	0.00654	0.07278	0.06477	0.01191	0.07535	0.07982	0.04267	0.00686	0.04748	0.00141	0.00499	0.03607	0.00267	0.00470
2	0.09018	0.00948	0.04339	0.01185	0.18749	0.00942	0.05025	0.29173	0.04447	0.14015	0.05656	0.02860	0.00912	0.00468	0.00392	0.00122	0.00412	0.00393	0.00337	0.00606
3	0.07557	0.00961	0.01076	0.02328	0.01147	0.12403	0.10779	0.17126	0.12294	0.10720	0.03252	0.03683	0.04064	0.02041	0.00446	0.00129	0.02510	0.02047	0.04903	0.00533
4	0.01426	0.06354	0.05006	0.00900	0.01219	0.05758	0.00768	0.61406	0.06425	0.05355	0.00960	0.00961	0.00691	0.00464	0.00385	0.00117	0.00447	0.00347	0.00366	0.00646
5	0.00824	0.00647	0.00778	0.00647	0.00865	0.02426	0.02299	0.05887	0.02767	0.06400	0.03577	0.13950	0.10285	0.02069	0.06854	0.00151	0.03740	0.01825	0.00301	0.33707
6	0.00925	0.04428	0.57122	0.01134	0.01622	0.09868	0.09452	0.05715	0.00935	0.01283	0.00764	0.00967	0.00581	0.00404	0.00387	0.00124	0.00588	0.02945	0.00194	0.00563

[dist]
# distance from previous block
# <min> <max>
0	10

[block]
# block no. 2 follows, 68 sequences, length 19
# corresponding to MSA columns:
# 251-269
name=unknown_C
#
# <colnr> <probs for GDERKNQSTAVLIFYWHMCP>
#	G	D	E	R	K	N	Q	S	T	A	V	L	I	F	Y	W	H	M	C	P
0	0.01026	0.01158	0.01530	0.01225	0.01391	0.19908	0.25139	0.01190	0.00822	0.01052	0.00625	0.00894	0.00543	0.00522	0.00840	0.00146	0.40968	0.00362	0.00189	0.00470
1	0.00944	0.00959	0.05154	0.12068	0.60132	0.00940	0.03937	0.01276	0.08242	0.01292	0.00819	0.01032	0.00662	0.00375	0.00396	0.00122	0.00476	0.00363	0.00211	0.00601
2	0.00530	0.00385	0.00477	0.00527	0.00575	0.00364	0.00357	0.03188	0.00813	0.01074	0.07362	0.57597	0.12464	0.11517	0.00680	0.00181	0.00249	0.00974	0.00358	0.00328
3	0.00768	0.00725	0.01224	0.78183	0.09508	0.00886	0.01111	0.01030	0.00802	0.01037	0.00708	0.01051	0.00537	0.00393	0.00396	0.00131	0.00524	0.00352	0.00178	0.00456
4	0.01291	0.01503	0.01090	0.00972	0.01132	0.55513	0.00748	0.05651	0.01021	0.02474	0.00677	0.00877	0.00588	0.03373	0.05540	0.00157	0.16421	0.00301	0.00215	0.00457
5	0.01063	0.00760	0.00839	0.00724	0.00925	0.00823	0.00567	0.28075	0.22484	0.06780	0.04020	0.12189	0.03782	0.05407	0.00502	0.00144	0.00333	0.02618	0.07424	0.00542
6	0.00625	0.00494	0.00540	0.00524	0.00660	0.00480	0.00396	0.03014	0.14992	0.02221	0.12950	0.12920	0.42231	0.00894	0.00455	0.00135	0.00233	0.02604	0.03228	0.00403
7	0.00482	0.00350	0.00455	0.00539	0.00572	0.00323	0.00362	0.00553	0.00771	0.01017	0.02339	0.78935	0.09395	0.01222	0.00503	0.00159	0.00228	0.01103	0.00368	0.00323
8	0.00877	0.18565	0.48698	0.01020	0.04725	0.07568	0.01123	0.01194	0.00857	0.01159	0.02929	0.07970	0.00771	0.00455	0.00365	0.00118	0.00519	0.00357	0.00196	0.00535
9	0.00556	0.00410	0.00466	0.00457	0.00577	0.00356	0.00340	0.00679	0.00959	0.05060	0.24941	0.11598	0.50276	0.00952	0.00469	0.00134	0.00206	0.00813	0.00392	0.00360
10	0.00496	0.00368	0.00452	0.00510	0.00562	0.00337	0.00350	0.00575	0.00797	0.01034	0.05792	0.53426	0.21679	0.08384	0.00626	0.00173	0.00239	0.03519	0.00360	0.00322
11	0.08986	0.01221	0.03197	0.00935	0.01095	0.31571	0.03339	0.05923	0.04529	0.01172	0.00769	0.04937	0.00690	0.00738	0.07653	0.00174	0.22032	0.00353	0.00227	0.00460
12	0.00814	0.00785	0.01263	0.67595	0.17230	0.03521	0.01111	0.01068	0.00823	0.01062	0.00709	0.01033	0.00546	0.00389	0.00394	0.00129	0.00524	0.00349	0.00181	0.00475
13	0.00833	0.00521	0.00601	0.00564	0.00689	0.00531	0.00429	0.15390	0.01020	0.05818	0.06299	0.23036	0.04053	0.02940	0.04402	0.00155	0.00302	0.03124	0.28871	0.00423
14	0.00860	0.00750	0.00909	0.00785	0.03598	0.07102	0.07554	0.06982	0.03136	0.04286	0.04787	0.12714	0.11388	0.03378	0.03170	0.00138	0.02157	0.02149	0.00297	0.23861
15	0.00725	0.00537	0.00678	0.00674	0.00823	0.00522	0.00558	0.02743	0.09459	0.03769	0.06555	0.08502	0.06933	0.00950	0.03358	0.00166	0.00346	0.40149	0.00355	0.12196
16	0.04085	0.11359	0.01177	0.00917	0.01126	0.51780	0.00721	0.05967	0.03520	0.03129	0.00705	0.00829	0.00587	0.00621	0.06811	0.00148	0.05535	0.00282	0.00224	0.00477
17	0.00874	0.29029	0.26576	0.00957	0.01318	0.01094	0.12230	0.02252	0.00838	0.01117	0.01021	0.04822	0.08055	0.00481	0.00442	0.00120	0.07681	0.00382	0.00203	0.00508
18	0.01066	0.00830	0.00868	0.00842	0.07412	0.10449	0.00601	0.05716	0.23384	0.15864	0.05138	0.06939	0.15681	0.00627	0.00414	0.00126	0.00353	0.00520	0.00368	0.02803

[dist]
# distance from previous block
# <min> <max>
0	43

[block]
# block no. 3 follows, 68 sequences, length 12
# corresponding to MSA columns:
# 313-324
name=unknown_D
#
# <colnr> <probs for GDERKNQSTAVLIFYWHMCP>
#	G	D	E	R	K	N	Q	S	T	A	V	L	I	F	Y	W	H	M	C	P
0	0.00733	0.00503	0.00588	0.00552	0.00638	0.00499	0.00379	0.08808	0.03084	0.04286	0.01393	0.16065	0.01502	0.45308	0.03047	0.00274	0.00367	0.04540	0.00296	0.07137
1	0.00883	0.07042	0.33361	0.05734	0.08647	0.00946	0.22591	0.03765	0.00894	0.01267	0.00763	0.02535	0.00595	0.00374	0.00390	0.00119	0.00545	0.00355	0.00197	0.09000
2	0.00985	0.03261	0.09118	0.03670	0.02616	0.07057	0.03000	0.08198	0.04951	0.04737	0.00799	0.00893	0.00624	0.00353	0.00334	0.00086	0.00394	0.00282	0.00253	0.48387
3	0.00689	0.03860	0.00883	0.00753	0.00862	0.01841	0.09315	0.00819	0.00711	0.02988	0.01156	0.08211	0.01151	0.11288	0.40296	0.03200	0.05419	0.05946	0.00238	0.00373
4	0.01273	0.00643	0.00807	0.00665	0.00893	0.00611	0.00535	0.12075	0.05033	0.40103	0.19614	0.04803	0.05811	0.00629	0.00422	0.00126	0.00303	0.02713	0.02378	0.00562
5	0.02230	0.06848	0.19558	0.00774	0.01887	0.04189	0.01589	0.02851	0.04360	0.01245	0.12503	0.13165	0.07011	0.03638	0.00504	0.00137	0.03668	0.06592	0.00286	0.06965
6	0.02521	0.09946	0.22118	0.02800	0.05517	0.00909	0.12843	0.07931	0.04796	0.07065	0.03083	0.04249	0.00797	0.00515	0.03300	0.00134	0.00487	0.00374	0.00252	0.10365
7	0.00605	0.00521	0.00543	0.00542	0.00654	0.05784	0.00407	0.00793	0.06023	0.01233	0.24517	0.16239	0.31505	0.00994	0.03267	0.00153	0.00279	0.05196	0.00373	0.00372
8	0.00637	0.00466	0.00544	0.00582	0.00645	0.03441	0.00406	0.02430	0.04546	0.04655	0.06663	0.56589	0.04139	0.09241	0.00632	0.00175	0.00276	0.03214	0.00361	0.00360
9	0.01070	0.33149	0.16926	0.02971	0.04093	0.15542	0.08329	0.05129	0.05631	0.01170	0.02124	0.00851	0.00624	0.00385	0.00341	0.00107	0.00521	0.00295	0.00208	0.00532
10	0.02537	0.00664	0.02406	0.03420	0.05676	0.02373	0.02408	0.05051	0.18470	0.05678	0.11602	0.09190	0.07839	0.05640	0.00502	0.00142	0.00315	0.03182	0.12434	0.00469
11	0.00498	0.00360	0.00468	0.00543	0.00581	0.00335	0.00373	0.00579	0.00791	0.01048	0.06629	0.68101	0.08637	0.04221	0.00557	0.00166	0.00238	0.05185	0.00367	0.00325

[dist]
# distance from previous block
# <min> <max>
0	1

[block]
# block no. 4 follows, 68 sequences, length 30
# corresponding to MSA columns:
# 326-355
name=unknown_E
#
# <colnr> <probs for GDERKNQSTAVLIFYWHMCP>
#	G	D	E	R	K	N	Q	S	T	A	V	L	I	F	Y	W	H	M	C	P
0	0.00713	0.00586	0.00832	0.00930	0.11484	0.00601	0.04566	0.01021	0.14407	0.02088	0.06017	0.27742	0.04768	0.02976	0.00532	0.00157	0.02271	0.17530	0.00340	0.00439
1	0.05739	0.18850	0.06853	0.03907	0.22674	0.06931	0.03858	0.09703	0.07844	0.06108	0.03318	0.00988	0.00740	0.00407	0.00359	0.00114	0.00453	0.00332	0.00254	0.00569
2	0.00586	0.00424	0.00499	0.00494	0.00602	0.00387	0.00365	0.01717	0.03477	0.04318	0.27742	0.19400	0.32699	0.01909	0.00484	0.00138	0.00217	0.01729	0.02441	0.00370
3	0.00488	0.00356	0.00452	0.00524	0.00562	0.00329	0.00352	0.00560	0.00776	0.01019	0.04234	0.67989	0.13516	0.06122	0.00588	0.00169	0.00234	0.01047	0.00362	0.00320
4	0.00809	0.00791	0.03429	0.13390	0.19263	0.01836	0.11121	0.01066	0.04176	0.01256	0.09452	0.06089	0.04587	0.00510	0.00419	0.00119	0.01571	0.03406	0.00256	0.16455
5	0.00864	0.07959	0.20215	0.05959	0.11656	0.05296	0.02954	0.04625	0.11278	0.01352	0.15740	0.03279	0.06104	0.00529	0.00400	0.00123	0.00422	0.00447	0.00278	0.00520
6	0.00886	0.30975	0.55884	0.00975	0.01476	0.01143	0.01195	0.01232	0.00826	0.01145	0.00657	0.00768	0.00505	0.00364	0.00335	0.00112	0.00530	0.00265	0.00168	0.00559
7	0.01482	0.01868	0.01125	0.01018	0.01226	0.82209	0.00766	0.03779	0.01144	0.01012	0.00622	0.00721	0.00515	0.00410	0.00359	0.00103	0.00707	0.00258	0.00210	0.00465
8	0.00829	0.12685	0.73670	0.01073	0.01628	0.01003	0.01366	0.01247	0.00833	0.01215	0.00691	0.00812	0.00503	0.00372	0.00361	0.00120	0.00566	0.00283	0.00168	0.00576
9	0.00865	0.19681	0.46842	0.00944	0.03609	0.00953	0.01069	0.01180	0.00868	0.05615	0.06102	0.03378	0.06341	0.00466	0.00367	0.00118	0.00475	0.00367	0.00221	0.00539
10	0.01481	0.01890	0.01124	0.01021	0.01226	0.84474	0.00766	0.01583	0.01124	0.00970	0.00613	0.00715	0.00511	0.00409	0.00358	0.00102	0.00715	0.00255	0.00204	0.00460
11	0.77644	0.00755	0.00626	0.00545	0.00798	0.00850	0.00449	0.01264	0.00734	0.12357	0.00683	0.00735	0.00501	0.00384	0.00265	0.00123	0.00311	0.00238	0.00277	0.00461
12	0.00583	0.00428	0.00539	0.01737	0.00634	0.00402	0.00384	0.00789	0.04115	0.02564	0.64890	0.04026	0.13640	0.02917	0.00502	0.00133	0.00206	0.00715	0.00418	0.00379
13	0.00535	0.00424	0.00630	0.00642	0.00709	0.00398	0.07573	0.00648	0.02403	0.01044	0.02144	0.68728	0.07701	0.03726	0.00544	0.00163	0.00273	0.01020	0.00350	0.00345
14	0.01003	0.00486	0.00546	0.00480	0.00637	0.00469	0.00377	0.06202	0.00968	0.19943	0.01499	0.01559	0.06015	0.00502	0.00323	0.00103	0.00236	0.00404	0.57793	0.00455
15	0.00595	0.00434	0.00581	0.00660	0.00741	0.00427	0.00542	0.00768	0.03133	0.01146	0.02261	0.25162	0.08819	0.01110	0.00527	0.00172	0.00316	0.51880	0.00367	0.00359
16	0.00960	0.00926	0.01597	0.09589	0.73844	0.00939	0.03912	0.01201	0.00894	0.01270	0.00744	0.00991	0.00619	0.00356	0.00395	0.00120	0.00483	0.00357	0.00195	0.00609
17	0.00543	0.00415	0.00450	0.00444	0.00566	0.00364	0.00328	0.00658	0.02070	0.04244	0.07938	0.08319	0.61046	0.07027	0.03662	0.00171	0.00253	0.00791	0.00363	0.00347
18	0.00716	0.00547	0.00605	0.00624	0.00731	0.00482	0.00438	0.03575	0.01009	0.01305	0.07024	0.37740	0.41131	0.01183	0.00561	0.00178	0.00291	0.00982	0.00433	0.00446
19	0.01074	0.00974	0.00927	0.00828	0.01054	0.11714	0.00645	0.04949	0.62498	0.03654	0.01453	0.01442	0.01115	0.00530	0.00399	0.00129	0.00372	0.03104	0.00374	0.02766
20	0.10924	0.01077	0.01008	0.00826	0.01094	0.13552	0.00663	0.39149	0.11991	0.09127	0.02026	0.01143	0.04684	0.00492	0.00380	0.00120	0.00426	0.00368	0.00359	0.00590
21	0.00495	0.00360	0.00458	0.00528	0.00565	0.00336	0.00357	0.00566	0.00762	0.01000	0.02311	0.63985	0.12926	0.08985	0.02387	0.00188	0.00261	0.02860	0.00353	0.00318
22	0.00687	0.00571	0.00756	0.00680	0.00691	0.00695	0.02156	0.00729	0.00597	0.00850	0.00976	0.01918	0.01084	0.51457	0.04253	0.00312	0.30568	0.00488	0.00215	0.00318
23	0.00953	0.00913	0.01558	0.12480	0.73766	0.00935	0.01203	0.01192	0.00889	0.01261	0.00741	0.00991	0.00616	0.00359	0.00393	0.00120	0.00478	0.00353	0.00194	0.00605
24	0.03107	0.00818	0.00941	0.00755	0.01008	0.00855	0.00605	0.34475	0.08481	0.27008	0.01260	0.03392	0.00949	0.08479	0.03633	0.00165	0.00399	0.00417	0.02654	0.00597
25	0.00569	0.00413	0.00576	0.00576	0.00625	0.00462	0.00419	0.00668	0.00619	0.00875	0.01118	0.01870	0.01127	0.28006	0.59648	0.00561	0.00858	0.00471	0.00221	0.00320
26	0.00960	0.00920	0.01571	0.10051	0.76143	0.00936	0.01206	0.01198	0.00893	0.01269	0.00742	0.00988	0.00619	0.00357	0.00393	0.00119	0.00476	0.00353	0.00194	0.00611
27	0.06810	0.02874	0.01074	0.00865	0.01108	0.15822	0.08290	0.11329	0.12984	0.15797	0.04172	0.01190	0.00904	0.00785	0.11233	0.00186	0.01513	0.00377	0.00318	0.02367
28	0.00946	0.02202	0.00839	0.00792	0.07297	0.04023	0.01677	0.06439	0.06476	0.14423	0.05598	0.12465	0.08892	0.12566	0.03758	0.00180	0.03519	0.00548	0.00329	0.07032
29	0.00485	0.00349	0.00456	0.00541	0.00569	0.00324	0.00361	0.00554	0.00762	0.01009	0.02261	0.79237	0.06995	0.03373	0.00542	0.00165	0.00232	0.01097	0.00365	0.00321

[dist]
# distance from previous block
# <min> <max>
0	1

[block]
# block no. 5 follows, 68 sequences, length 9
# corresponding to MSA columns:
# 357-365
name=unknown_F
#
# <colnr> <probs for GDERKNQSTAVLIFYWHMCP>
#	G	D	E	R	K	N	Q	S	T	A	V	L	I	F	Y	W	H	M	C	P
0	0.09605	0.02684	0.07499	0.01023	0.01322	0.02651	0.26005	0.11195	0.06138	0.09354	0.06177	0.06517	0.04537	0.01788	0.00450	0.00133	0.01628	0.00471	0.00299	0.00525
1	0.01127	0.43967	0.20689	0.00850	0.01228	0.10570	0.00875	0.11277	0.00991	0.04139	0.00680	0.00755	0.00545	0.00378	0.00317	0.00102	0.00492	0.00260	0.00212	0.00547
2	0.00947	0.01049	0.08594	0.13770	0.45348	0.03206	0.13778	0.03042	0.00903	0.01254	0.00738	0.00981	0.00593	0.00376	0.00437	0.00125	0.03728	0.00363	0.00196	0.00573
3	0.00651	0.00423	0.00552	0.00514	0.00623	0.00386	0.00387	0.00824	0.01093	0.08143	0.68761	0.07609	0.06873	0.00818	0.00464	0.00127	0.00202	0.00720	0.00434	0.00394
4	0.06940	0.16911	0.21312	0.01086	0.03418	0.09907	0.18581	0.01316	0.06636	0.02466	0.02792	0.00934	0.00663	0.00396	0.00397	0.00118	0.03368	0.00332	0.00214	0.02213
5	0.02877	0.09348	0.17700	0.00866	0.02907	0.00882	0.05094	0.14628	0.04793	0.04605	0.00857	0.03629	0.00685	0.00399	0.00350	0.00100	0.00413	0.00324	0.00261	0.29282
6	0.00569	0.00384	0.00450	0.00457	0.00465	0.00388	0.00270	0.00585	0.00595	0.00799	0.01308	0.09015	0.01500	0.73130	0.08164	0.00386	0.00424	0.00608	0.00248	0.00255
7	0.00497	0.00396	0.00449	0.00468	0.00573	0.00347	0.00349	0.00611	0.00909	0.01143	0.14806	0.18753	0.51159	0.01027	0.00481	0.00141	0.00217	0.06955	0.00378	0.00340
8	0.02601	0.29443	0.23857	0.03501	0.09322	0.03591	0.08371	0.04588	0.02212	0.03565	0.02576	0.00884	0.00631	0.00388	0.00374	0.00113	0.02924	0.00306	0.00205	0.00547

[dist]
# distance from previous block
# <min> <max>
0	1

[block]
# block no. 6 follows, 68 sequences, length 22
# corresponding to MSA columns:
# 367-388
name=unknown_G
#
# <colnr> <probs for GDERKNQSTAVLIFYWHMCP>
#	G	D	E	R	K	N	Q	S	T	A	V	L	I	F	Y	W	H	M	C	P
0	0.00505	0.00393	0.00441	0.00453	0.00544	0.00349	0.00324	0.00602	0.00869	0.01100	0.14967	0.15708	0.45629	0.12992	0.00695	0.00173	0.00234	0.03335	0.00360	0.00326
1	0.00491	0.00396	0.00438	0.00448	0.00558	0.00343	0.00332	0.00604	0.00922	0.01156	0.17492	0.15185	0.56279	0.01006	0.00476	0.00137	0.00207	0.02813	0.00380	0.00341
2	0.05641	0.00670	0.00718	0.00700	0.03506	0.09443	0.04038	0.04693	0.02400	0.01241	0.09915	0.09654	0.27464	0.01010	0.08456	0.00182	0.00401	0.07593	0.01875	0.00401
3	0.05260	0.04863	0.23081	0.05311	0.10957	0.06508	0.16861	0.03023	0.05460	0.01285	0.00812	0.03711	0.00656	0.00403	0.00397	0.00119	0.01789	0.00360	0.00215	0.08929
4	0.00506	0.00401	0.00451	0.00467	0.00571	0.00354	0.00350	0.00616	0.00894	0.01120	0.12973	0.12574	0.51174	0.06455	0.00580	0.00157	0.00232	0.09422	0.00368	0.00335
5	0.00567	0.00423	0.00628	0.00628	0.00696	0.00491	0.00484	0.00702	0.00635	0.00914	0.01070	0.01604	0.01011	0.06668	0.80828	0.00626	0.01032	0.00432	0.00214	0.00349
6	0.02703	0.14979	0.09810	0.12349	0.32632	0.01028	0.04748	0.05364	0.06271	0.01303	0.04528	0.01038	0.00760	0.00397	0.00374	0.00117	0.00463	0.00349	0.00222	0.00563
7	0.01403	0.03626	0.02678	0.01001	0.01206	0.71269	0.00774	0.04555	0.01104	0.01034	0.00687	0.00794	0.02128	0.00438	0.00417	0.00108	0.05826	0.00276	0.00211	0.00467
8	0.00793	0.00553	0.00672	0.01887	0.00823	0.00555	0.00532	0.06769	0.11618	0.08547	0.12184	0.07487	0.18709	0.00871	0.00475	0.00148	0.00301	0.26245	0.00390	0.00442
9	0.00964	0.12369	0.04876	0.00698	0.01033	0.00771	0.02249	0.06963	0.00916	0.06887	0.00809	0.00987	0.00668	0.00374	0.00353	0.00084	0.03135	0.03308	0.00254	0.52303
10	0.02768	0.04148	0.27044	0.04932	0.06237	0.06467	0.18330	0.10322	0.04857	0.06922	0.02181	0.00997	0.00669	0.00400	0.00395	0.00123	0.00535	0.00357	0.00244	0.02075
11	0.00687	0.00478	0.00597	0.00615	0.00709	0.00479	0.00453	0.03384	0.12643	0.06135	0.14236	0.47033	0.02405	0.00997	0.00479	0.00150	0.00259	0.07461	0.00391	0.00409
12	0.00547	0.00404	0.00512	0.00492	0.00589	0.00369	0.00370	0.00719	0.01075	0.01489	0.67726	0.05534	0.15091	0.00858	0.00471	0.00128	0.00194	0.02641	0.00423	0.00367
13	0.02122	0.10208	0.12250	0.14462	0.15678	0.07439	0.06848	0.04557	0.05005	0.08319	0.00945	0.02915	0.03083	0.00443	0.00421	0.00123	0.04033	0.00369	0.00240	0.00540
14	0.00924	0.14603	0.37877	0.05201	0.09765	0.02221	0.11476	0.06163	0.04010	0.01282	0.00778	0.02564	0.00609	0.00394	0.00376	0.00120	0.00533	0.00337	0.00203	0.00565
15	0.00928	0.00908	0.07804	0.00861	0.01108	0.03551	0.09592	0.10623	0.31270	0.02881	0.15707	0.05449	0.05264	0.00598	0.00427	0.00131	0.00372	0.01627	0.00358	0.00540
16	0.00577	0.00384	0.00432	0.00432	0.00432	0.00384	0.00240	0.00577	0.00577	0.00769	0.01249	0.02595	0.01441	0.86066	0.02018	0.00384	0.00384	0.00577	0.00240	0.00240
17	0.12400	0.06826	0.09648	0.00869	0.01162	0.16669	0.04608	0.23799	0.02774	0.04000	0.05247	0.02183	0.00801	0.00543	0.03582	0.00134	0.00495	0.00340	0.00285	0.03635
18	0.05586	0.11700	0.21415	0.02294	0.07625	0.10648	0.03268	0.11944	0.07740	0.03696	0.02417	0.02588	0.02817	0.00456	0.00371	0.00118	0.00476	0.02249	0.00257	0.02335
19	0.04369	0.16203	0.17975	0.00973	0.01307	0.18326	0.09121	0.09350	0.06036	0.03909	0.01936	0.00905	0.00646	0.00461	0.02046	0.00124	0.03284	0.00314	0.00235	0.02480
20	0.05381	0.07872	0.13384	0.04315	0.05893	0.11412	0.09010	0.12389	0.04532	0.05911	0.02627	0.04039	0.03789	0.00455	0.00377	0.00116	0.00472	0.00376	0.00266	0.07384
21	0.09440	0.06737	0.13950	0.00931	0.04159	0.13224	0.03532	0.20597	0.05670	0.05498	0.03358	0.01996	0.03816	0.00463	0.00387	0.00117	0.02048	0.00353	0.00285	0.03440

[dist]
# distance from previous block
# <min> <max>
0	141

[block]
# block no. 7 follows, 68 sequences, length 65
# corresponding to MSA columns:
# 546-610
name=unknown_H
#
# <colnr> <probs for GDERKNQSTAVLIFYWHMCP>
#	G	D	E	R	K	N	Q	S	T	A	V	L	I	F	Y	W	H	M	C	P
0	0.03754	0.14621	0.05222	0.00810	0.01089	0.10874	0.01872	0.16149	0.12857	0.14100	0.04693	0.01850	0.02006	0.00484	0.00394	0.00116	0.02743	0.01788	0.00322	0.04254
1	0.02230	0.13830	0.02084	0.00832	0.02776	0.08612	0.04530	0.17943	0.13637	0.08188	0.02051	0.07400	0.06113	0.00570	0.01781	0.00125	0.00414	0.00429	0.00319	0.06136
2	0.05390	0.01007	0.04945	0.00887	0.05217	0.04592	0.00705	0.33703	0.14263	0.05619	0.02045	0.01079	0.02094	0.00473	0.01178	0.00116	0.00402	0.00351	0.00336	0.15598
3	0.02504	0.02840	0.02855	0.08191	0.52233	0.07393	0.07005	0.04138	0.02849	0.01284	0.00746	0.00963	0.00612	0.00384	0.00431	0.00121	0.04314	0.00350	0.00206	0.00581
4	0.02598	0.03797	0.04140	0.02037	0.08777	0.00847	0.06841	0.08308	0.19765	0.01452	0.05398	0.04427	0.03086	0.00484	0.00429	0.00114	0.04993	0.00406	0.00292	0.21809
5	0.00534	0.00372	0.00486	0.00559	0.00594	0.00353	0.00379	0.02366	0.00787	0.02240	0.03122	0.75150	0.02497	0.05926	0.00587	0.00172	0.00247	0.02934	0.00364	0.00332
6	0.02041	0.01776	0.02023	0.17740	0.11498	0.08868	0.04859	0.05652	0.00964	0.17360	0.03669	0.05215	0.04353	0.07734	0.00549	0.00145	0.01569	0.00438	0.01391	0.02154
7	0.01014	0.04349	0.01439	0.08137	0.41372	0.03292	0.07044	0.07229	0.01956	0.04486	0.00813	0.02774	0.00669	0.00392	0.00403	0.00114	0.02347	0.00358	0.00231	0.11580
8	0.06950	0.00806	0.00952	0.00750	0.01038	0.00811	0.00614	0.24466	0.08797	0.44572	0.03744	0.01256	0.00964	0.00492	0.00389	0.00122	0.00354	0.00389	0.01890	0.00641
9	0.00665	0.00497	0.00648	0.00713	0.00813	0.00513	0.00594	0.00968	0.13013	0.01228	0.02041	0.17054	0.02178	0.01036	0.00520	0.00172	0.00336	0.56242	0.00371	0.00397
10	0.00830	0.00690	0.03589	0.03337	0.07349	0.00751	0.00629	0.09329	0.00800	0.04516	0.01001	0.03242	0.00983	0.27596	0.12857	0.00288	0.18925	0.01220	0.01653	0.00414
11	0.01507	0.01111	0.01190	0.00912	0.01230	0.01230	0.00754	0.82270	0.01864	0.02499	0.00952	0.00952	0.00674	0.00476	0.00397	0.00119	0.00436	0.00357	0.00397	0.00674
12	0.00574	0.00383	0.00433	0.00436	0.00437	0.00382	0.00244	0.00576	0.00582	0.00777	0.01279	0.05238	0.01479	0.83371	0.01970	0.00377	0.00379	0.00594	0.00244	0.00243
13	0.00981	0.00942	0.01609	0.02434	0.83592	0.00942	0.01217	0.01217	0.00903	0.01295	0.00746	0.00981	0.00628	0.00353	0.00393	0.00118	0.00471	0.00353	0.00196	0.00628
14	0.00758	0.00613	0.00693	0.00646	0.00805	0.00653	0.00504	0.03360	0.35124	0.01540	0.30012	0.02537	0.12402	0.00739	0.00446	0.00135	0.00264	0.07880	0.00407	0.00481
15	0.00523	0.00360	0.00471	0.00546	0.00586	0.00332	0.00370	0.00599	0.00786	0.03543	0.03725	0.76459	0.07829	0.01196	0.00500	0.00157	0.00231	0.01079	0.00373	0.00335
16	0.01543	0.00810	0.00975	0.00766	0.01056	0.00809	0.00626	0.25680	0.10725	0.46125	0.03856	0.01347	0.02775	0.00512	0.00402	0.00123	0.00357	0.00411	0.00449	0.00653
17	0.00807	0.05887	0.80281	0.01110	0.01684	0.00950	0.01429	0.01253	0.00836	0.01241	0.00704	0.00828	0.00503	0.00375	0.00371	0.00124	0.00579	0.00289	0.00168	0.00582
18	0.00760	0.00390	0.00392	0.00384	0.00483	0.00393	0.00290	0.03126	0.00859	0.01506	0.01284	0.01464	0.01007	0.00462	0.00280	0.00093	0.00192	0.00369	0.85888	0.00378
19	0.00822	0.00705	0.00822	0.00587	0.00940	0.00529	0.00470	0.00998	0.00822	0.01292	0.00705	0.00822	0.00587	0.00294	0.00294	0.00059	0.00294	0.00235	0.00235	0.88490
20	0.00526	0.00434	0.00452	0.00436	0.00574	0.00380	0.00330	0.04309	0.00972	0.01194	0.12806	0.03589	0.70698	0.00958	0.00465	0.00132	0.00210	0.00801	0.00377	0.00355
21	0.03573	0.00820	0.00856	0.00756	0.00980	0.00925	0.00593	0.11745	0.59297	0.01686	0.01828	0.01708	0.12328	0.00589	0.00407	0.00132	0.00313	0.00483	0.00393	0.00588
22	0.00611	0.00439	0.00602	0.00661	0.00752	0.00430	0.00559	0.00790	0.00958	0.01276	0.21768	0.06563	0.04546	0.01029	0.00525	0.00167	0.00314	0.57262	0.00382	0.00365
23	0.00562	0.00404	0.00526	0.00496	0.00585	0.00375	0.00368	0.00740	0.01097	0.01553	0.79643	0.02945	0.03636	0.04693	0.00538	0.00137	0.00196	0.00711	0.00428	0.00368
24	0.01191	0.00894	0.00975	0.00821	0.01065	0.00990	0.00656	0.37487	0.32000	0.05693	0.01392	0.09763	0.01142	0.00599	0.00416	0.00131	0.00363	0.03412	0.00399	0.00610
25	0.00488	0.00354	0.00462	0.00547	0.00582	0.00328	0.00373	0.00564	0.00777	0.01024	0.02334	0.75732	0.09315	0.01217	0.00505	0.00160	0.00233	0.04311	0.00368	0.00325
26	0.00603	0.00446	0.00601	0.00593	0.00661	0.00500	0.00440	0.00790	0.06757	0.00985	0.04897	0.01839	0.01231	0.20679	0.54657	0.00510	0.00800	0.00472	0.02188	0.00351
27	0.01470	0.01100	0.01216	0.00933	0.01249	0.01213	0.03354	0.76750	0.04793	0.02429	0.00971	0.00975	0.00692	0.00474	0.00399	0.00120	0.00439	0.00364	0.00391	0.00668
28	0.01437	0.01078	0.01133	0.00892	0.01191	0.03625	0.00729	0.64751	0.14150	0.05297	0.01065	0.01040	0.00762	0.00484	0.00397	0.00121	0.00422	0.00369	0.00395	0.00661
29	0.00644	0.00537	0.00734	0.00700	0.00755	0.02631	0.00545	0.00761	0.00638	0.00913	0.00971	0.01511	0.00937	0.10457	0.59447	0.00516	0.16313	0.00421	0.00208	0.00360
30	0.00976	0.00943	0.01577	0.07279	0.77499	0.02289	0.01203	0.01211	0.00900	0.01273	0.00741	0.00981	0.00620	0.00357	0.00392	0.00118	0.00478	0.00352	0.00195	0.00614
31	0.01023	0.02268	0.12572	0.02127	0.01672	0.04943	0.40830	0.08817	0.04531	0.04892	0.00831	0.01007	0.00624	0.00400	0.00494	0.00128	0.07427	0.00395	0.00235	0.04783
32	0.00507	0.00373	0.00466	0.00532	0.00581	0.00346	0.00365	0.02096	0.00802	0.01045	0.02448	0.65010	0.16740	0.04280	0.00554	0.00164	0.00237	0.02761	0.00364	0.00329
33	0.00785	0.00596	0.00656	0.00599	0.00754	0.03038	0.00458	0.03353	0.21587	0.07242	0.33178	0.05035	0.18371	0.01991	0.00465	0.00133	0.00259	0.00638	0.00406	0.00458
34	0.09137	0.07424	0.04221	0.03766	0.04968	0.06729	0.09832	0.09083	0.17519	0.07981	0.01021	0.03840	0.00808	0.00452	0.00384	0.00118	0.01511	0.01164	0.00293	0.09749
35	0.01141	0.03755	0.01016	0.00805	0.01070	0.00966	0.02222	0.22614	0.39799	0.07663	0.05177	0.01336	0.01094	0.00504	0.00392	0.00121	0.00350	0.01141	0.00382	0.08452
36	0.01331	0.03969	0.08037	0.00908	0.01212	0.05764	0.00789	0.55866	0.07760	0.02084	0.00966	0.02793	0.00728	0.00489	0.00425	0.00121	0.03859	0.00365	0.01909	0.00623
37	0.00530	0.00393	0.00500	0.00568	0.00616	0.00382	0.00391	0.00694	0.07597	0.01096	0.05878	0.71231	0.05199	0.01154	0.00495	0.00157	0.00236	0.02157	0.00374	0.00351
38	0.07071	0.00834	0.08428	0.00698	0.02070	0.00633	0.01971	0.01132	0.05423	0.05684	0.00856	0.04663	0.00714	0.00381	0.00339	0.00085	0.01673	0.00306	0.00256	0.56782
39	0.02040	0.04516	0.15747	0.02548	0.12792	0.10659	0.12618	0.02580	0.09295	0.02510	0.11730	0.03482	0.01966	0.00489	0.00438	0.00124	0.03823	0.00424	0.01695	0.00522
40	0.00572	0.00390	0.00456	0.00455	0.00470	0.00393	0.00273	0.00597	0.00617	0.00830	0.05055	0.02547	0.03992	0.71495	0.09945	0.00390	0.00436	0.00576	0.00250	0.00260
41	0.00584	0.00440	0.00523	0.00550	0.00647	0.00420	0.00407	0.00798	0.09663	0.03048	0.09348	0.35267	0.26975	0.01028	0.00482	0.00148	0.00242	0.08675	0.00380	0.00375
42	0.00848	0.00802	0.03872	0.00625	0.00979	0.03918	0.00518	0.01031	0.00835	0.01278	0.00701	0.00818	0.00581	0.00301	0.00299	0.00063	0.00321	0.00238	0.00231	0.81740
43	0.00699	0.00616	0.00967	0.02184	0.15178	0.00679	0.06142	0.00820	0.00752	0.01052	0.01344	0.35204	0.01483	0.01036	0.06947	0.03740	0.17426	0.03053	0.00266	0.00411
44	0.00519	0.00401	0.00473	0.00460	0.00568	0.00355	0.00343	0.00665	0.01015	0.01348	0.46609	0.06653	0.37342	0.00910	0.00470	0.00130	0.00195	0.00784	0.00405	0.00355
45	0.00540	0.00423	0.00499	0.00534	0.00648	0.00385	0.00435	0.00674	0.00909	0.01128	0.05797	0.04025	0.47621	0.02478	0.00526	0.00157	0.00268	0.32241	0.00367	0.00346
46	0.02366	0.24815	0.22689	0.01041	0.05962	0.12476	0.05776	0.02677	0.05537	0.04477	0.00732	0.00846	0.00581	0.00410	0.00429	0.00116	0.08026	0.00297	0.00209	0.00539
47	0.00514	0.00383	0.00471	0.00516	0.00583	0.00352	0.00371	0.00612	0.00842	0.01095	0.12125	0.38341	0.23949	0.08152	0.00622	0.00171	0.00245	0.09963	0.00365	0.00330
48	0.00489	0.00350	0.00467	0.00559	0.00585	0.00327	0.00379	0.00563	0.00765	0.01019	0.02182	0.82537	0.02609	0.01236	0.00508	0.00162	0.00235	0.04335	0.00368	0.00324
49	0.01053	0.06314	0.02904	0.10278	0.16235	0.12805	0.11181	0.09053	0.17150	0.02258	0.01004	0.05234	0.00829	0.00465	0.00399	0.00124	0.00487	0.01411	0.00267	0.00551
50	0.00636	0.00410	0.00530	0.00578	0.00655	0.00382	0.00422	0.00757	0.02829	0.08853	0.02325	0.55220	0.12252	0.01106	0.00494	0.00156	0.00256	0.11390	0.00380	0.00370
51	0.00860	0.01600	0.46481	0.01379	0.01880	0.00958	0.38543	0.01262	0.00882	0.01262	0.00753	0.00944	0.00548	0.00357	0.00419	0.00129	0.00624	0.00373	0.00183	0.00562
52	0.01058	0.00516	0.00684	0.00579	0.00762	0.00458	0.00456	0.01226	0.01117	0.35412	0.45764	0.02341	0.06581	0.00689	0.00439	0.00124	0.00250	0.00592	0.00455	0.00496
53	0.05721	0.09868	0.19119	0.01067	0.15368	0.02246	0.00862	0.02282	0.07822	0.07863	0.00869	0.02799	0.00688	0.00392	0.00347	0.00105	0.00414	0.00317	0.00246	0.21606
54	0.01027	0.00945	0.06422	0.01320	0.11679	0.00838	0.33362	0.01275	0.00904	0.14194	0.00906	0.01112	0.00694	0.03744	0.00532	0.00131	0.06175	0.00396	0.02231	0.12114
55	0.00936	0.01070	0.02340	0.01671	0.02072	0.01003	0.82152	0.01270	0.00936	0.01270	0.00802	0.01070	0.00602	0.00334	0.00468	0.00134	0.00668	0.00468	0.00201	0.00535
56	0.01099	0.00884	0.03448	0.13427	0.41900	0.00853	0.10477	0.01337	0.00943	0.18616	0.02529	0.01115	0.00743	0.00395	0.00404	0.00123	0.00471	0.00382	0.00260	0.00595
57	0.00992	0.04327	0.25982	0.10525	0.10992	0.10669	0.12631	0.03253	0.02275	0.07168	0.02963	0.04813	0.00763	0.00436	0.00398	0.00124	0.00536	0.00384	0.00229	0.00542
58	0.01421	0.00733	0.05330	0.00715	0.00981	0.00637	0.00603	0.05377	0.07900	0.53310	0.03269	0.01465	0.01059	0.07306	0.07854	0.00189	0.00417	0.00418	0.00417	0.00598
59	0.00780	0.00746	0.01202	0.64647	0.03694	0.00958	0.01050	0.01003	0.00753	0.01004	0.00664	0.01013	0.00528	0.00463	0.00602	0.00141	0.19785	0.00351	0.00176	0.00442
60	0.00858	0.01487	0.48964	0.07440	0.04701	0.00831	0.06383	0.01245	0.03865	0.07202	0.02081	0.03323	0.04479	0.00453	0.00396	0.00126	0.00509	0.01664	0.00227	0.03767
61	0.01083	0.03694	0.28017	0.02227	0.08586	0.05791	0.08938	0.02400	0.04036	0.13075	0.02797	0.09029	0.06286	0.01519	0.00471	0.00150	0.00507	0.00491	0.00308	0.00596
62	0.01490	0.00678	0.00889	0.00706	0.00957	0.00633	0.01406	0.09812	0.01113	0.56757	0.03234	0.05062	0.01118	0.09120	0.00594	0.00152	0.02787	0.01321	0.00433	0.01739
63	0.00903	0.01725	0.60510	0.01168	0.07261	0.03423	0.03481	0.03341	0.00892	0.06794	0.00845	0.05023	0.00654	0.00432	0.00403	0.00127	0.01884	0.00351	0.00209	0.00577
64	0.01391	0.02181	0.09523	0.02348	0.07896	0.10727	0.02950	0.20074	0.05024	0.29291	0.01903	0.03081	0.00830	0.00470	0.00394	0.00121	0.00448	0.00379	0.00355	0.00614

[dist]
# distance from previous block
# <min> <max>
1	31

[block]
# block no. 8 follows, 68 sequences, length 9
# corresponding to MSA columns:
# 642-650
name=unknown_I
#
# <colnr> <probs for GDERKNQSTAVLIFYWHMCP>
#	G	D	E	R	K	N	Q	S	T	A	V	L	I	F	Y	W	H	M	C	P
0	0.00828	0.00764	0.00993	0.33922	0.07544	0.07435	0.00806	0.04862	0.03132	0.02911	0.03564	0.03907	0.14088	0.00712	0.05719	0.00161	0.05240	0.00459	0.00250	0.02701
1	0.00572	0.00410	0.00538	0.00555	0.00607	0.00416	0.00395	0.00693	0.03773	0.01103	0.20237	0.28399	0.04306	0.12548	0.12112	0.07165	0.02331	0.03182	0.00327	0.00331
2	0.00825	0.00673	0.00720	0.00654	0.00836	0.00733	0.00506	0.05123	0.44922	0.01556	0.14355	0.02148	0.18072	0.00665	0.00417	0.00129	0.00269	0.00557	0.06323	0.00515
3	0.10762	0.04689	0.01120	0.00953	0.07687	0.11671	0.00716	0.37855	0.05913	0.10928	0.01022	0.01031	0.02985	0.00460	0.00372	0.00117	0.00436	0.00345	0.00340	0.00598
4	0.00533	0.00408	0.00493	0.00498	0.00604	0.00368	0.00385	0.00679	0.00987	0.01298	0.36099	0.07777	0.34554	0.00951	0.00482	0.00139	0.00221	0.12775	0.00396	0.00355
5	0.01429	0.00954	0.01035	0.00821	0.01101	0.03319	0.00668	0.49466	0.09095	0.17939	0.01186	0.04212	0.00870	0.00510	0.00394	0.00121	0.00392	0.00400	0.05456	0.00634
6	0.00878	0.00727	0.00877	0.00718	0.05876	0.00587	0.00529	0.03973	0.03173	0.03633	0.00807	0.03253	0.00678	0.00343	0.00315	0.00071	0.00309	0.00282	0.00254	0.72717
7	0.05602	0.13126	0.24996	0.00989	0.06250	0.03126	0.07650	0.03147	0.07379	0.13463	0.00971	0.03019	0.00737	0.00426	0.00362	0.00118	0.00450	0.00350	0.07281	0.00557
8	0.00485	0.00401	0.00415	0.00413	0.00532	0.00342	0.00303	0.00585	0.00897	0.01092	0.10693	0.03644	0.69965	0.07773	0.00592	0.00153	0.00214	0.00806	0.00364	0.00331

[dist]
# distance from previous block
# <min> <max>
0	3

[block]
# block no. 9 follows, 68 sequences, length 23
# corresponding to MSA columns:
# 654-676
name=unknown_J
#
# <colnr> <probs for GDERKNQSTAVLIFYWHMCP>
#	G	D	E	R	K	N	Q	S	T	A	V	L	I	F	Y	W	H	M	C	P
0	0.00997	0.00991	0.01395	0.08052	0.46470	0.10327	0.04624	0.01286	0.08129	0.02467	0.02229	0.01142	0.03843	0.00434	0.00455	0.00124	0.05864	0.00380	0.00227	0.00564
1	0.01319	0.06043	0.01212	0.07905	0.05222	0.59691	0.00819	0.03290	0.01038	0.01021	0.00623	0.00771	0.00522	0.00430	0.00446	0.00111	0.08587	0.00277	0.00201	0.00471
2	0.00803	0.00788	0.01200	0.76909	0.05442	0.06185	0.01084	0.01056	0.00818	0.01020	0.00700	0.01033	0.00531	0.00396	0.00394	0.00130	0.00538	0.00346	0.00179	0.00448
3	0.02443	0.09204	0.09233	0.00895	0.01225	0.00882	0.12463	0.14212	0.04232	0.22461	0.04665	0.02727	0.01995	0.00458	0.00401	0.00116	0.01901	0.00388	0.00326	0.09774
4	0.01366	0.00804	0.07629	0.00783	0.03747	0.03195	0.00650	0.03693	0.07056	0.48520	0.07535	0.06283	0.04816	0.00573	0.00412	0.00126	0.00352	0.01446	0.00419	0.00596
5	0.00569	0.00413	0.00577	0.00577	0.00627	0.00463	0.00420	0.00669	0.00619	0.00876	0.01117	0.01863	0.01124	0.27424	0.60225	0.00563	0.00863	0.00469	0.00221	0.00321
6	0.25075	0.04711	0.00701	0.00572	0.00754	0.09951	0.00451	0.11700	0.00939	0.01569	0.00934	0.01127	0.00758	0.05734	0.00400	0.00123	0.00333	0.00318	0.33414	0.00434
7	0.01008	0.56887	0.25812	0.00830	0.01233	0.06245	0.00912	0.01230	0.00833	0.01029	0.00601	0.00699	0.00507	0.00354	0.00296	0.00098	0.00488	0.00238	0.00171	0.00528
8	0.00561	0.00382	0.00454	0.00469	0.00479	0.00384	0.00283	0.00584	0.00611	0.00821	0.01383	0.15854	0.01592	0.65312	0.08870	0.00370	0.00418	0.00652	0.00258	0.00263
9	0.00541	0.00489	0.00464	0.00467	0.00588	0.05672	0.00344	0.00644	0.00915	0.01094	0.09247	0.13868	0.62311	0.00982	0.00466	0.00135	0.00236	0.00828	0.00363	0.00344
10	0.00626	0.00502	0.00632	0.02560	0.00762	0.00514	0.03142	0.00946	0.19146	0.01176	0.05492	0.44565	0.09583	0.07710	0.00594	0.00167	0.00278	0.00848	0.00359	0.00397
11	0.26476	0.00748	0.00839	0.00669	0.00951	0.00750	0.00551	0.11438	0.02760	0.46306	0.01194	0.01107	0.00793	0.00454	0.00351	0.00122	0.00335	0.00341	0.03221	0.00594
12	0.00936	0.01070	0.02340	0.01671	0.02072	0.01003	0.82152	0.01270	0.00936	0.01270	0.00802	0.01070	0.00602	0.00334	0.00468	0.00134	0.00668	0.00468	0.00201	0.00535
13	0.00516	0.00404	0.00467	0.00451	0.00565	0.00355	0.00339	0.00661	0.01016	0.01337	0.44712	0.03378	0.42570	0.00905	0.00468	0.00129	0.00194	0.00775	0.00403	0.00355
14	0.00981	0.00942	0.01609	0.02434	0.83592	0.00942	0.01217	0.01217	0.00903	0.01295	0.00746	0.00981	0.00628	0.00353	0.00393	0.00118	0.00471	0.00353	0.00196	0.00628
15	0.01542	0.00653	0.00844	0.00670	0.00937	0.00598	0.00545	0.04043	0.07372	0.62296	0.03762	0.01409	0.01071	0.00499	0.00385	0.00120	0.00314	0.00406	0.11911	0.00623
16	0.01349	0.00729	0.00886	0.00745	0.00999	0.00734	0.00606	0.06930	0.27664	0.41099	0.01667	0.01761	0.03530	0.00582	0.00418	0.00133	0.00335	0.08775	0.00440	0.00618
17	0.01507	0.01111	0.01190	0.00912	0.01230	0.01230	0.00754	0.82270	0.01864	0.02499	0.00952	0.00952	0.00674	0.00476	0.00397	0.00119	0.00436	0.00357	0.00397	0.00674
18	0.00570	0.00382	0.00434	0.00440	0.00442	0.00380	0.00249	0.00575	0.00589	0.00785	0.01311	0.08098	0.01520	0.80456	0.01918	0.00370	0.00374	0.00613	0.00249	0.00246
19	0.00493	0.00357	0.00469	0.00552	0.00588	0.00332	0.00381	0.00574	0.00785	0.01038	0.03845	0.73650	0.07966	0.01209	0.00506	0.00160	0.00236	0.06161	0.00369	0.00327
20	0.01622	0.00673	0.00893	0.00695	0.00978	0.00602	0.00570	0.07110	0.01182	0.69066	0.10891	0.01508	0.01277	0.00526	0.00406	0.00123	0.00327	0.00432	0.00478	0.00640
21	0.00567	0.00423	0.00628	0.00628	0.00695	0.00490	0.00484	0.00702	0.00634	0.00913	0.01071	0.01606	0.01012	0.06810	0.80687	0.00626	0.01031	0.00432	0.00214	0.00349
22	0.00677	0.00457	0.00558	0.00517	0.00646	0.00423	0.00393	0.00899	0.06469	0.08962	0.49808	0.05449	0.21581	0.00821	0.00459	0.00128	0.00214	0.00710	0.00421	0.00408

[dist]
# distance from previous block
# <min> <max>
0	1

[block]
# block no. 10 follows, 68 sequences, length 8
# corresponding to MSA columns:
# 678-685
name=unknown_K
#
# <colnr> <probs for GDERKNQSTAVLIFYWHMCP>
#	G	D	E	R	K	N	Q	S	T	A	V	L	I	F	Y	W	H	M	C	P
0	0.00473	0.00385	0.00419	0.00445	0.00547	0.00331	0.00321	0.00564	0.00862	0.01054	0.03488	0.27475	0.60113	0.01073	0.00479	0.00142	0.00209	0.00921	0.00368	0.00331
1	0.00749	0.00705	0.01189	0.85113	0.02731	0.00881	0.01101	0.01013	0.00793	0.01013	0.00705	0.01057	0.00529	0.00396	0.00396	0.00132	0.00529	0.00352	0.00176	0.00440
2	0.46920	0.03309	0.00911	0.13259	0.09265	0.07840	0.00668	0.04458	0.03643	0.05450	0.00699	0.00818	0.00535	0.00389	0.00310	0.00121	0.00400	0.00274	0.00248	0.00483
3	0.04436	0.00651	0.00786	0.00715	0.00823	0.06922	0.03946	0.07870	0.00783	0.01088	0.00991	0.01518	0.00938	0.15706	0.46422	0.00446	0.04923	0.00420	0.00231	0.00386
4	0.01488	0.00774	0.00911	0.00724	0.00996	0.04328	0.00587	0.15663	0.04979	0.48213	0.06834	0.03826	0.01136	0.00521	0.00396	0.00119	0.00349	0.00423	0.03693	0.04040
5	0.05327	0.02466	0.01112	0.00849	0.01138	0.08615	0.09049	0.17100	0.06757	0.11170	0.01020	0.01072	0.03744	0.00437	0.00416	0.00108	0.05052	0.00346	0.00303	0.23920
6	0.01009	0.11693	0.24752	0.01023	0.03960	0.03918	0.10920	0.10974	0.07963	0.06655	0.02295	0.06371	0.00853	0.03803	0.00469	0.00133	0.01992	0.00404	0.00262	0.00551
7	0.00727	0.00572	0.00654	0.00635	0.00718	0.05179	0.00466	0.04634	0.05318	0.04575	0.08187	0.28445	0.06707	0.12633	0.11904	0.00242	0.07002	0.00697	0.00320	0.00384

[dist]
# distance from previous block
# <min> <max>
2	7

[block]
# block no. 11 follows, 68 sequences, length 80
# corresponding to MSA columns:
# 694-773
name=unknown_L
#
# <colnr> <probs for GDERKNQSTAVLIFYWHMCP>
#	G	D	E	R	K	N	Q	S	T	A	V	L	I	F	Y	W	H	M	C	P
0	0.00740	0.00755	0.04858	0.00857	0.00981	0.07001	0.09428	0.00897	0.00710	0.00982	0.00914	0.02311	0.00851	0.06548	0.43989	0.00411	0.15794	0.00413	0.01160	0.00400
1	0.01130	0.00714	0.00939	0.00773	0.00965	0.00761	0.03632	0.15639	0.04881	0.23594	0.19706	0.03058	0.02628	0.00786	0.06683	0.00169	0.12553	0.00481	0.00378	0.00531
2	0.10782	0.02002	0.11225	0.01260	0.21677	0.11696	0.05194	0.09515	0.03569	0.04069	0.03260	0.00956	0.00696	0.00392	0.00363	0.00111	0.00464	0.00323	0.00248	0.12197
3	0.00708	0.01808	0.07995	0.08249	0.05480	0.01397	0.03094	0.03733	0.03725	0.02922	0.10816	0.12479	0.15476	0.13677	0.01568	0.00175	0.00356	0.01497	0.04434	0.00412
4	0.00519	0.00404	0.00472	0.00455	0.00567	0.00356	0.00341	0.00667	0.01024	0.01356	0.47570	0.03347	0.39700	0.00898	0.00468	0.00129	0.00193	0.00771	0.00406	0.00356
5	0.00822	0.00705	0.00822	0.00587	0.00940	0.00529	0.00470	0.00998	0.00822	0.01292	0.00705	0.00822	0.00587	0.00294	0.00294	0.00059	0.00294	0.00235	0.00235	0.88490
6	0.07198	0.58358	0.10503	0.06627	0.01192	0.03488	0.00767	0.01214	0.00826	0.04379	0.01974	0.00756	0.00576	0.00365	0.00289	0.00098	0.00440	0.00247	0.00193	0.00510
7	0.00509	0.00369	0.00458	0.00502	0.00548	0.00343	0.00337	0.00589	0.00804	0.01068	0.14934	0.47011	0.13876	0.15856	0.00757	0.00190	0.00246	0.00927	0.00357	0.00318
