[name]
unknown

[dist]
# distance from previous block
# <min> <max>
0	42

[block]
# block no. 0 follows, 72 sequences, length 37
# corresponding to MSA columns:
# 42-78
name=unknown_A
#
# <colnr> <probs for GDERKNQSTAVLIFYWHMCP>
#	G	D	E	R	K	N	Q	S	T	A	V	L	I	F	Y	W	H	M	C	P
0	0.00611	0.00437	0.00611	0.00698	0.00786	0.00437	0.00611	0.00786	0.00873	0.01135	0.02008	0.04278	0.02183	0.01048	0.00524	0.00175	0.00349	0.81753	0.00349	0.00349
1	0.89350	0.00733	0.00557	0.00499	0.00733	0.00851	0.00411	0.01115	0.00645	0.01702	0.00528	0.00616	0.00411	0.00352	0.00235	0.00117	0.00293	0.00205	0.00235	0.00411
2	0.00895	0.01023	0.02238	0.01598	0.01982	0.00959	0.82928	0.01215	0.00895	0.01215	0.00767	0.01023	0.00575	0.00320	0.00448	0.00128	0.00639	0.00448	0.00192	0.00512
3	0.01417	0.01808	0.01075	0.00977	0.01172	0.85149	0.00733	0.01514	0.01075	0.00928	0.00586	0.00684	0.00489	0.00391	0.00342	0.00098	0.00684	0.00244	0.00195	0.00440
4	0.00462	0.00330	0.00440	0.00528	0.00550	0.00308	0.00352	0.00528	0.00726	0.00968	0.02090	0.86424	0.02508	0.01188	0.00484	0.00154	0.00220	0.01078	0.00352	0.00308
5	0.00452	0.00384	0.00390	0.00389	0.00515	0.00322	0.00291	0.00552	0.00874	0.01048	0.07650	0.03611	0.80329	0.00952	0.00448	0.00128	0.00191	0.00795	0.00355	0.00322
6	0.00472	0.00337	0.00451	0.00539	0.00565	0.00316	0.00369	0.00545	0.00736	0.00979	0.02085	0.81118	0.02487	0.01179	0.00487	0.00155	0.00228	0.06289	0.00352	0.00311
7	0.01417	0.01808	0.01075	0.00977	0.01172	0.85149	0.00733	0.01514	0.01075	0.00928	0.00586	0.00684	0.00489	0.00391	0.00342	0.00098	0.00684	0.00244	0.00195	0.00440
8	0.01365	0.00575	0.00773	0.00632	0.00869	0.00504	0.00519	0.01515	0.01047	0.60474	0.11587	0.01936	0.07558	0.00598	0.00408	0.00124	0.00298	0.08217	0.00443	0.00559
9	0.01647	0.00633	0.00863	0.00666	0.00949	0.00548	0.00548	0.01795	0.01085	0.80688	0.05357	0.01363	0.01062	0.00484	0.00384	0.00117	0.00316	0.00396	0.00467	0.00632
10	0.01014	0.86900	0.01987	0.00649	0.00973	0.01501	0.00649	0.01136	0.00771	0.00892	0.00527	0.00608	0.00487	0.00324	0.00243	0.00081	0.00406	0.00203	0.00162	0.00487
11	0.00856	0.00869	0.01173	0.01047	0.04263	0.04325	0.00839	0.00945	0.00611	0.00926	0.00510	0.00828	0.00502	0.00641	0.01176	0.00161	0.79407	0.00329	0.00168	0.00423
12	0.89350	0.00733	0.00557	0.00499	0.00733	0.00851	0.00411	0.01115	0.00645	0.01702	0.00528	0.00616	0.00411	0.00352	0.00235	0.00117	0.00293	0.00205	0.00235	0.00411
13	0.00548	0.00383	0.00490	0.00490	0.00517	0.00409	0.00326	0.00601	0.00574	0.00792	0.01125	0.02093	0.01210	0.53800	0.34571	0.00463	0.00622	0.00495	0.00219	0.00272
14	0.00989	0.03781	0.03522	0.00789	0.01025	0.02684	0.00639	0.08321	0.70164	0.01601	0.01414	0.01314	0.01060	0.00496	0.00379	0.00125	0.00329	0.00406	0.00367	0.00596
15	0.00628	0.00408	0.00536	0.00493	0.00598	0.00374	0.00374	0.00805	0.01074	0.08051	0.77610	0.02712	0.03371	0.00751	0.00442	0.00119	0.00190	0.00662	0.00422	0.00380
16	0.00585	0.00404	0.00507	0.00474	0.00570	0.00382	0.00357	0.03208	0.01061	0.01534	0.71413	0.02601	0.03170	0.00725	0.00423	0.00115	0.00186	0.00635	0.11287	0.00366
17	0.01580	0.00616	0.00835	0.00650	0.00921	0.00536	0.00533	0.01730	0.01076	0.75542	0.07984	0.01416	0.01147	0.00493	0.00383	0.00117	0.00307	0.00404	0.03116	0.00614
18	0.00543	0.00401	0.00583	0.00583	0.00641	0.00459	0.00441	0.00660	0.00602	0.00861	0.01040	0.01626	0.01007	0.14327	0.73767	0.00576	0.00927	0.00426	0.00207	0.00324
19	0.01417	0.01808	0.01075	0.00977	0.01172	0.85149	0.00733	0.01514	0.01075	0.00928	0.00586	0.00684	0.00489	0.00391	0.00342	0.00098	0.00684	0.00244	0.00195	0.00440
20	0.00716	0.00674	0.01138	0.85760	0.02612	0.00843	0.01053	0.00969	0.00758	0.00969	0.00674	0.01011	0.00506	0.00379	0.00379	0.00126	0.00506	0.00337	0.00169	0.00421
21	0.00964	0.00825	0.00869	0.00776	0.00994	0.00953	0.00605	0.05317	0.80286	0.01619	0.01518	0.01394	0.01137	0.00512	0.00386	0.00128	0.00305	0.00425	0.00386	0.00602
22	0.00667	0.00538	0.00676	0.00609	0.00734	0.00566	0.02611	0.01080	0.22777	0.01501	0.56232	0.02317	0.02717	0.00689	0.00469	0.00124	0.04278	0.00595	0.00391	0.00428
23	0.01426	0.04498	0.01145	0.00847	0.01146	0.02272	0.02479	0.61091	0.05479	0.14234	0.01003	0.00977	0.00702	0.00451	0.00375	0.00114	0.00406	0.00347	0.00377	0.00631
24	0.00909	0.00866	0.01472	0.06139	0.76530	0.00873	0.01121	0.01134	0.00869	0.01240	0.04653	0.01032	0.00737	0.00361	0.00379	0.00114	0.00440	0.00354	0.00198	0.00581
25	0.00537	0.00388	0.00507	0.00477	0.00567	0.00358	0.00358	0.00716	0.01074	0.01521	0.84106	0.02833	0.03578	0.00775	0.00447	0.00119	0.00179	0.00686	0.00417	0.00358
26	0.00999	0.80790	0.04488	0.00676	0.00995	0.01468	0.00679	0.01129	0.00764	0.00903	0.00531	0.00623	0.00487	0.00339	0.00288	0.00086	0.03898	0.00210	0.00162	0.00486
27	0.00859	0.13718	0.13729	0.06248	0.01235	0.02496	0.05084	0.01024	0.00686	0.02101	0.00592	0.02066	0.00533	0.00534	0.00833	0.00140	0.47171	0.00322	0.00173	0.00454
28	0.00552	0.00368	0.00414	0.00414	0.00414	0.00368	0.00230	0.00552	0.00552	0.00735	0.01195	0.02482	0.01379	0.86672	0.01930	0.00368	0.00368	0.00552	0.00230	0.00230
29	0.00479	0.00345	0.00458	0.00541	0.00576	0.00324	0.00380	0.00559	0.00750	0.00990	0.02161	0.72967	0.06236	0.01161	0.00487	0.00155	0.00234	0.10532	0.00352	0.00313
30	0.01360	0.15103	0.17869	0.00797	0.01145	0.06892	0.02885	0.01562	0.00971	0.46029	0.01090	0.01031	0.00731	0.00414	0.00353	0.00111	0.00418	0.00324	0.00330	0.00584
31	0.05557	0.03145	0.01067	0.00949	0.01146	0.78443	0.00718	0.01480	0.01042	0.00964	0.00581	0.00682	0.00485	0.00392	0.00350	0.00099	0.02023	0.00243	0.00196	0.00439
32	0.03509	0.01863	0.78130	0.01038	0.01578	0.00862	0.01326	0.01187	0.00795	0.01218	0.00676	0.00794	0.00482	0.00356	0.00353	0.00117	0.00539	0.00275	0.00166	0.04736
33	0.01702	0.00645	0.00880	0.00675	0.00968	0.00557	0.00557	0.01848	0.01085	0.84568	0.01496	0.01291	0.00939	0.00469	0.00381	0.00117	0.00323	0.00381	0.00469	0.00645
34	0.00939	0.00901	0.01539	0.02328	0.84306	0.00901	0.01164	0.01164	0.00864	0.01239	0.00713	0.00939	0.00601	0.00338	0.00375	0.00113	0.00451	0.00338	0.00188	0.00601
35	0.87304	0.02730	0.00591	0.00502	0.00739	0.00866	0.00416	0.01115	0.00648	0.01683	0.00528	0.00616	0.00412	0.00351	0.00235	0.00117	0.00296	0.00205	0.00233	0.00412
36	0.00941	0.00915	0.01493	0.02225	0.78696	0.03726	0.01126	0.01159	0.00862	0.01217	0.00719	0.00949	0.00609	0.00424	0.03222	0.00129	0.00477	0.00337	0.00189	0.00587

[dist]
# distance from previous block
# <min> <max>
0	1

[block]
# block no. 1 follows, 72 sequences, length 115
# corresponding to MSA columns:
# 80-194
name=unknown_B
#
# <colnr> <probs for GDERKNQSTAVLIFYWHMCP>
#	G	D	E	R	K	N	Q	S	T	A	V	L	I	F	Y	W	H	M	C	P
0	0.01399	0.01095	0.01121	0.00871	0.01160	0.07203	0.00714	0.71852	0.01662	0.02202	0.00867	0.00887	0.00627	0.00449	0.00396	0.00112	0.02682	0.00330	0.00355	0.04016
1	0.00452	0.00384	0.00390	0.00388	0.00515	0.00322	0.00291	0.00552	0.00874	0.01047	0.07547	0.03612	0.80432	0.00952	0.00448	0.00128	0.00191	0.00795	0.00355	0.00322
2	0.00495	0.00417	0.00496	0.00498	0.02390	0.00376	0.02027	0.00609	0.00879	0.01107	0.16746	0.10795	0.57406	0.00915	0.00474	0.00130	0.02776	0.00775	0.00351	0.00338
3	0.89350	0.00733	0.00557	0.00499	0.00733	0.00851	0.00411	0.01115	0.00645	0.01702	0.00528	0.00616	0.00411	0.00352	0.00235	0.00117	0.00293	0.00205	0.00235	0.00411
4	0.01626	0.00627	0.00850	0.00657	0.00937	0.00544	0.00541	0.01775	0.01076	0.78835	0.04684	0.01354	0.01042	0.00480	0.00380	0.00117	0.00313	0.00392	0.03145	0.00625
5	0.00833	0.00840	0.02362	0.04413	0.02155	0.01128	0.00837	0.00992	0.05838	0.00966	0.00576	0.00875	0.00541	0.00634	0.01131	0.00161	0.74769	0.00338	0.00180	0.00431
6	0.01442	0.01062	0.01138	0.00873	0.01176	0.01176	0.00721	0.83041	0.01783	0.02390	0.00911	0.00911	0.00645	0.00455	0.00379	0.00114	0.00417	0.00341	0.00379	0.00645
7	0.00463	0.00382	0.00407	0.00406	0.00523	0.00326	0.00303	0.00571	0.00892	0.01102	0.16776	0.07578	0.67077	0.00942	0.00450	0.00128	0.00191	0.00795	0.00363	0.00326
8	0.00900	0.02788	0.36902	0.01433	0.18700	0.00888	0.23172	0.01234	0.00857	0.06711	0.00762	0.00918	0.00563	0.00350	0.00385	0.00119	0.00535	0.00341	0.00196	0.02247
9	0.00807	0.12843	0.72454	0.01021	0.01547	0.00966	0.01291	0.02797	0.00816	0.01185	0.00665	0.00778	0.00484	0.00358	0.00346	0.00115	0.00538	0.00272	0.00165	0.00553
10	0.00474	0.00335	0.00436	0.00513	0.00532	0.00316	0.00335	0.00531	0.00702	0.00937	0.01969	0.75041	0.02355	0.12780	0.00680	0.00183	0.00240	0.01007	0.00335	0.00297
11	0.00642	0.00392	0.00474	0.00447	0.00550	0.00364	0.00337	0.00809	0.00973	0.06190	0.48047	0.03810	0.09746	0.00689	0.00394	0.00112	0.00188	0.00593	0.24876	0.00369
12	0.01360	0.25181	0.05258	0.02631	0.04212	0.01963	0.00690	0.17016	0.01100	0.35412	0.01014	0.00976	0.00706	0.00413	0.00340	0.00106	0.00388	0.00314	0.00330	0.00588
13	0.01206	0.01394	0.01317	0.01527	0.33255	0.45681	0.05245	0.03836	0.01005	0.01107	0.00655	0.00807	0.00541	0.00369	0.00362	0.00106	0.00584	0.00294	0.00198	0.00512
14	0.00462	0.00332	0.00438	0.00524	0.00549	0.00308	0.00350	0.00529	0.00730	0.00970	0.02143	0.83914	0.04984	0.01181	0.00483	0.00153	0.00219	0.01070	0.00352	0.00308
15	0.00950	0.00905	0.01531	0.02296	0.82499	0.00907	0.01154	0.02944	0.00884	0.01264	0.00718	0.00938	0.00602	0.00340	0.00376	0.00113	0.00450	0.00338	0.00192	0.00602
16	0.00758	0.00712	0.01193	0.72837	0.13967	0.00856	0.01064	0.02258	0.00789	0.01028	0.00683	0.00999	0.00521	0.00375	0.00379	0.00124	0.00497	0.00337	0.00174	0.00450
17	0.00786	0.00674	0.00786	0.00562	0.00899	0.00506	0.00449	0.00955	0.00786	0.01236	0.00674	0.00786	0.00562	0.00281	0.00281	0.00056	0.00281	0.00225	0.00225	0.88990
18	0.00716	0.00674	0.01138	0.85760	0.02612	0.00843	0.01053	0.00969	0.00758	0.00969	0.00674	0.01011	0.00506	0.00379	0.00379	0.00126	0.00506	0.00337	0.00169	0.00421
19	0.00772	0.00731	0.01238	0.64814	0.23122	0.00857	0.01081	0.01018	0.00785	0.01037	0.00684	0.00993	0.00529	0.00369	0.00378	0.00123	0.00492	0.00337	0.00173	0.00466
20	0.00475	0.00384	0.00422	0.00415	0.00529	0.00331	0.00311	0.00596	0.00925	0.01173	0.28065	0.05092	0.58134	0.00909	0.00449	0.00126	0.00189	0.00771	0.00372	0.00331
21	0.00526	0.00407	0.00492	0.00526	0.00634	0.00373	0.00432	0.00663	0.00888	0.01119	0.10684	0.03839	0.41703	0.00980	0.00480	0.00147	0.00258	0.35157	0.00357	0.00336
22	0.00472	0.00342	0.00449	0.00530	0.00565	0.00319	0.00367	0.00549	0.00747	0.00985	0.02211	0.74287	0.08393	0.01161	0.00484	0.00154	0.00228	0.07094	0.00352	0.00312
23	0.00462	0.00330	0.00440	0.00528	0.00550	0.00308	0.00352	0.00528	0.00726	0.00968	0.02090	0.86424	0.02508	0.01188	0.00484	0.00154	0.00220	0.01078	0.00352	0.00308
24	0.00535	0.00388	0.00505	0.00475	0.00566	0.00357	0.00357	0.00713	0.01070	0.01512	0.82618	0.02848	0.05072	0.00779	0.00447	0.00119	0.00179	0.00688	0.00416	0.00357
25	0.00939	0.00901	0.01539	0.02328	0.84306	0.00901	0.01164	0.01164	0.00864	0.01239	0.00713	0.00939	0.00601	0.00338	0.00375	0.00113	0.00451	0.00338	0.00188	0.00601
26	0.01702	0.00645	0.00880	0.00675	0.00968	0.00557	0.00557	0.01848	0.01085	0.84568	0.01496	0.01291	0.00939	0.00469	0.00381	0.00117	0.00323	0.00381	0.00469	0.00645
27	0.89350	0.00733	0.00557	0.00499	0.00733	0.00851	0.00411	0.01115	0.00645	0.01702	0.00528	0.00616	0.00411	0.00352	0.00235	0.00117	0.00293	0.00205	0.00235	0.00411
28	0.02871	0.11921	0.01223	0.01140	0.22914	0.07912	0.01625	0.08712	0.00997	0.26044	0.00932	0.00993	0.00690	0.02047	0.00394	0.01356	0.00406	0.00320	0.00290	0.07210
29	0.01214	0.00661	0.00830	0.00615	0.00931	0.00530	0.00500	0.01372	0.00926	0.40140	0.01058	0.01022	0.00738	0.00369	0.00328	0.00085	0.00300	0.00298	0.00339	0.47746
30	0.00537	0.00388	0.00507	0.00477	0.00567	0.00358	0.00358	0.00716	0.01074	0.01521	0.84106	0.02833	0.03578	0.00775	0.00447	0.00119	0.00179	0.00686	0.00417	0.00358
31	0.01014	0.86900	0.01987	0.00649	0.00973	0.01501	0.00649	0.01136	0.00771	0.00892	0.00527	0.00608	0.00487	0.00324	0.00243	0.00081	0.00406	0.00203	0.00162	0.00487
32	0.02625	0.06235	0.03174	0.00732	0.00981	0.10601	0.02660	0.05567	0.02530	0.43907	0.01243	0.05304	0.01931	0.00717	0.08131	0.01926	0.00445	0.00390	0.00356	0.00543
33	0.00545	0.00377	0.00431	0.00440	0.00459	0.00374	0.00264	0.00596	0.03162	0.00826	0.03024	0.14475	0.06394	0.65265	0.01563	0.00311	0.00331	0.00640	0.00263	0.00260
34	0.00448	0.00384	0.00384	0.00384	0.00512	0.00320	0.00288	0.00544	0.00864	0.01025	0.03842	0.03650	0.84152	0.00960	0.00448	0.00128	0.00192	0.00800	0.00352	0.00320
35	0.06403	0.15284	0.31709	0.01023	0.04008	0.19608	0.09213	0.02665	0.00888	0.04885	0.00676	0.00783	0.00516	0.00363	0.00340	0.00109	0.00538	0.00280	0.00194	0.00514
36	0.00894	0.07088	0.12066	0.01433	0.02976	0.00977	0.61820	0.03626	0.00897	0.01220	0.00775	0.03001	0.00606	0.00350	0.00421	0.00124	0.00594	0.00421	0.00195	0.00516
37	0.00462	0.00332	0.00438	0.00523	0.00549	0.00308	0.00350	0.00529	0.00731	0.00970	0.02148	0.83675	0.05220	0.01181	0.00483	0.00153	0.00219	0.01069	0.00352	0.00308
38	0.00480	0.00368	0.01874	0.00529	0.00571	0.00326	0.00371	0.00572	0.00788	0.01069	0.16401	0.70370	0.02661	0.01102	0.00476	0.00147	0.00219	0.00996	0.00360	0.00321
39	0.00785	0.00748	0.05587	0.00591	0.00941	0.00527	0.00504	0.00969	0.00787	0.01234	0.00674	0.00787	0.00557	0.00285	0.00285	0.00060	0.00297	0.00228	0.00221	0.83931
40	0.00634	0.00536	0.00724	0.02085	0.00737	0.01794	0.00523	0.00722	0.00620	0.00886	0.03251	0.08796	0.01103	0.19968	0.31081	0.00363	0.25145	0.00478	0.00216	0.00338
41	0.00483	0.00343	0.00457	0.00540	0.00567	0.00325	0.00372	0.00557	0.00732	0.00972	0.02030	0.72935	0.02409	0.06064	0.00571	0.00168	0.00242	0.09580	0.00345	0.00308
42	0.00808	0.17702	0.69378	0.01001	0.01518	0.00996	0.01262	0.01189	0.00795	0.01144	0.00652	0.00765	0.00482	0.00354	0.00339	0.00113	0.00532	0.00266	0.00161	0.00547
43	0.00910	0.01057	0.14277	0.01966	0.59957	0.00876	0.07176	0.01171	0.00855	0.02370	0.00721	0.00920	0.00583	0.00339	0.00373	0.00112	0.00470	0.00332	0.00190	0.05345
44	0.81932	0.07970	0.00678	0.00511	0.00754	0.00905	0.00431	0.01117	0.00656	0.01634	0.00528	0.00615	0.00417	0.00350	0.00235	0.00114	0.00303	0.00205	0.00229	0.00417
45	0.01014	0.86900	0.01987	0.00649	0.00973	0.01501	0.00649	0.01136	0.00771	0.00892	0.00527	0.00608	0.00487	0.00324	0.00243	0.00081	0.00406	0.00203	0.00162	0.00487
46	0.00448	0.00384	0.00384	0.00384	0.00512	0.00320	0.00288	0.00544	0.00864	0.01025	0.03842	0.03650	0.84152	0.00960	0.00448	0.00128	0.00192	0.00800	0.00352	0.00320
47	0.00450	0.00384	0.00386	0.00386	0.00513	0.00321	0.00289	0.00547	0.00868	0.01032	0.05051	0.03638	0.82939	0.00958	0.00448	0.00128	0.00192	0.00799	0.00353	0.00321
48	0.00448	0.00384	0.00384	0.00384	0.00512	0.00320	0.00288	0.00544	0.00864	0.01025	0.03842	0.03650	0.84152	0.00960	0.00448	0.00128	0.00192	0.00800	0.00352	0.00320
49	0.01014	0.86900	0.01987	0.00649	0.00973	0.01501	0.00649	0.01136	0.00771	0.00892	0.00527	0.00608	0.00487	0.00324	0.00243	0.00081	0.00406	0.00203	0.00162	0.00487
50	0.89350	0.00733	0.00557	0.00499	0.00733	0.00851	0.00411	0.01115	0.00645	0.01702	0.00528	0.00616	0.00411	0.00352	0.00235	0.00117	0.00293	0.00205	0.00235	0.00411
51	0.89350	0.00733	0.00557	0.00499	0.00733	0.00851	0.00411	0.01115	0.00645	0.01702	0.00528	0.00616	0.00411	0.00352	0.00235	0.00117	0.00293	0.00205	0.00235	0.00411
52	0.01417	0.01808	0.01075	0.00977	0.01172	0.85149	0.00733	0.01514	0.01075	0.00928	0.00586	0.00684	0.00489	0.00391	0.00342	0.00098	0.00684	0.00244	0.00195	0.00440
53	0.01442	0.01062	0.01138	0.00873	0.01176	0.01176	0.00721	0.83041	0.01783	0.02390	0.00911	0.00911	0.00645	0.00455	0.00379	0.00114	0.00417	0.00341	0.00379	0.00645
54	0.00840	0.00849	0.01146	0.00986	0.00993	0.03661	0.00818	0.00925	0.00596	0.00912	0.00513	0.00841	0.00508	0.00708	0.03220	0.00174	0.81396	0.00331	0.00168	0.00414
55	0.00550	0.00373	0.00442	0.00442	0.00452	0.00383	0.00265	0.00570	0.00560	0.00756	0.01169	0.02339	0.01317	0.74562	0.13955	0.00403	0.00461	0.00531	0.00226	0.00246
56	0.00779	0.00666	0.00778	0.00559	0.00889	0.00501	0.00447	0.00948	0.00795	0.01244	0.03173	0.00848	0.00652	0.00296	0.00286	0.00058	0.00278	0.00239	0.00230	0.86336
57	0.01014	0.86900	0.01987	0.00649	0.00973	0.01501	0.00649	0.01136	0.00771	0.00892	0.00527	0.00608	0.00487	0.00324	0.00243	0.00081	0.00406	0.00203	0.00162	0.00487
58	0.01262	0.00973	0.01037	0.00836	0.01108	0.01092	0.00677	0.53843	0.31274	0.02101	0.01139	0.01092	0.00830	0.00477	0.00382	0.00119	0.00375	0.00373	0.00382	0.00629
59	0.01404	0.04388	0.01102	0.00967	0.01166	0.82612	0.00730	0.01503	0.01066	0.00927	0.00584	0.00682	0.00488	0.00389	0.00339	0.00097	0.00675	0.00243	0.00194	0.00441
60	0.00716	0.00674	0.01138	0.85760	0.02612	0.00843	0.01053	0.00969	0.00758	0.00969	0.00674	0.01011	0.00506	0.00379	0.00379	0.00126	0.00506	0.00337	0.00169	0.00421
61	0.00716	0.00674	0.01138	0.85760	0.02612	0.00843	0.01053	0.00969	0.00758	0.00969	0.00674	0.01011	0.00506	0.00379	0.00379	0.00126	0.00506	0.00337	0.00169	0.00421
62	0.00555	0.00441	0.02863	0.00583	0.00655	0.00465	0.00455	0.00680	0.00613	0.00888	0.01042	0.01618	0.01001	0.15341	0.67064	0.00540	0.00874	0.00423	0.03571	0.00329
63	0.00884	0.07624	0.65308	0.01050	0.04644	0.00894	0.01235	0.01281	0.02950	0.09534	0.00775	0.00857	0.00549	0.00372	0.00356	0.00117	0.00515	0.00291	0.00198	0.00566
64	0.00793	0.06831	0.78392	0.01049	0.01591	0.00911	0.01342	0.01209	0.00804	0.02724	0.00687	0.00799	0.00489	0.00360	0.00354	0.00118	0.00547	0.00278	0.00166	0.00558
65	0.00462	0.00330	0.00440	0.00528	0.00550	0.00308	0.00352	0.00528	0.00726	0.00968	0.02090	0.86424	0.02508	0.01188	0.00484	0.00154	0.00220	0.01078	0.00352	0.00308
66	0.02241	0.00963	0.03470	0.04261	0.63136	0.06755	0.01057	0.01276	0.06571	0.05434	0.00796	0.00965	0.00640	0.00362	0.00372	0.00114	0.00452	0.00337	0.00216	0.00583
67	0.11457	0.02165	0.22949	0.01314	0.20116	0.00855	0.16865	0.02368	0.01786	0.15286	0.00834	0.00941	0.00604	0.00367	0.00368	0.00119	0.00473	0.00335	0.00239	0.00557
68	0.00934	0.00908	0.01580	0.02253	0.77119	0.00910	0.06761	0.01163	0.00860	0.01231	0.00713	0.00942	0.00597	0.00343	0.00397	0.00115	0.02050	0.00345	0.00188	0.00591
69	0.85576	0.04415	0.00619	0.00505	0.00744	0.00879	0.00421	0.01116	0.00651	0.01667	0.00528	0.00616	0.00414	0.00351	0.00235	0.00116	0.00298	0.00205	0.00232	0.00414
70	0.00451	0.00381	0.00388	0.00392	0.00512	0.00321	0.00290	0.00544	0.00850	0.01015	0.03697	0.07498	0.78354	0.03016	0.00485	0.00135	0.00198	0.00807	0.00349	0.00317
71	0.00620	0.00530	0.00649	0.01757	0.00721	0.04752	0.00490	0.03504	0.00743	0.00997	0.01568	0.54526	0.01807	0.01183	0.08977	0.00197	0.15532	0.00803	0.00295	0.00350
72	0.00551	0.00370	0.00425	0.00425	0.00429	0.00374	0.00244	0.00559	0.00555	0.00744	0.01185	0.02425	0.01354	0.81844	0.06724	0.00382	0.00405	0.00543	0.00228	0.00236
73	0.00537	0.00388	0.00507	0.00477	0.00567	0.00358	0.00358	0.00716	0.01074	0.01521	0.84106	0.02833	0.03578	0.00775	0.00447	0.00119	0.00179	0.00686	0.00417	0.00358
74	0.89350	0.00733	0.00557	0.00499	0.00733	0.00851	0.00411	0.01115	0.00645	0.01702	0.00528	0.00616	0.00411	0.00352	0.00235	0.00117	0.00293	0.00205	0.00235	0.00411
75	0.01413	0.01039	0.01112	0.00857	0.01153	0.01150	0.00706	0.79291	0.03361	0.02349	0.00932	0.00934	0.00664	0.00456	0.00377	0.00113	0.00409	0.00343	0.02705	0.00636
76	0.89350	0.00733	0.00557	0.00499	0.00733	0.00851	0.00411	0.01115	0.00645	0.01702	0.00528	0.00616	0.00411	0.00352	0.00235	0.00117	0.00293	0.00205	0.00235	0.00411
77	0.00537	0.00388	0.00507	0.00477	0.00567	0.00358	0.00358	0.00716	0.01074	0.01521	0.84106	0.02833	0.03578	0.00775	0.00447	0.00119	0.00179	0.00686	0.00417	0.00358
78	0.01442	0.01062	0.01138	0.00873	0.01176	0.01176	0.00721	0.83041	0.01783	0.02390	0.00911	0.00911	0.00645	0.00455	0.00379	0.00114	0.00417	0.00341	0.00379	0.00645
79	0.89350	0.00733	0.00557	0.00499	0.00733	0.00851	0.00411	0.01115	0.00645	0.01702	0.00528	0.00616	0.00411	0.00352	0.00235	0.00117	0.00293	0.00205	0.00235	0.00411
80	0.89350	0.00733	0.00557	0.00499	0.00733	0.00851	0.00411	0.01115	0.00645	0.01702	0.00528	0.00616	0.00411	0.00352	0.00235	0.00117	0.00293	0.00205	0.00235	0.00411
81	0.00761	0.01962	0.84707	0.01081	0.01641	0.00881	0.01401	0.01201	0.00801	0.01201	0.00681	0.00801	0.00480	0.00360	0.00360	0.00120	0.00560	0.00280	0.00160	0.00560
82	0.00803	0.16162	0.70877	0.01009	0.01530	0.00984	0.01275	0.01190	0.00796	0.01149	0.00655	0.00769	0.00481	0.00354	0.00341	0.00114	0.00535	0.00267	0.00160	0.00548
83	0.89350	0.00733	0.00557	0.00499	0.00733	0.00851	0.00411	0.01115	0.00645	0.01702	0.00528	0.00616	0.00411	0.00352	0.00235	0.00117	0.00293	0.00205	0.00235	0.00411
84	0.01702	0.00645	0.00880	0.00675	0.00968	0.00557	0.00557	0.01848	0.01085	0.84568	0.01496	0.01291	0.00939	0.00469	0.00381	0.00117	0.00323	0.00381	0.00469	0.00645
85	0.00716	0.00674	0.01138	0.85760	0.02612	0.00843	0.01053	0.00969	0.00758	0.00969	0.00674	0.01011	0.00506	0.00379	0.00379	0.00126	0.00506	0.00337	0.00169	0.00421
86	0.00626	0.00505	0.00667	0.00649	0.00728	0.03121	0.00503	0.00837	0.08935	0.00947	0.01037	0.03101	0.00953	0.02335	0.64895	0.04239	0.04929	0.00410	0.00221	0.00364
87	0.89350	0.00733	0.00557	0.00499	0.00733	0.00851	0.00411	0.01115	0.00645	0.01702	0.00528	0.00616	0.00411	0.00352	0.00235	0.00117	0.00293	0.00205	0.00235	0.00411
88	0.00786	0.00674	0.00786	0.00562	0.00899	0.00506	0.00449	0.00955	0.00786	0.01236	0.00674	0.00786	0.00562	0.00281	0.00281	0.00056	0.00281	0.00225	0.00225	0.88990
89	0.01442	0.01062	0.01138	0.00873	0.01176	0.01176	0.00721	0.83041	0.01783	0.02390	0.00911	0.00911	0.00645	0.00455	0.00379	0.00114	0.00417	0.00341	0.00379	0.00645
90	0.00462	0.00331	0.00439	0.00526	0.00549	0.00308	0.00351	0.00528	0.00728	0.00969	0.02118	0.85117	0.03797	0.01185	0.00484	0.00154	0.00220	0.01074	0.00352	0.00308
91	0.00611	0.00437	0.00611	0.00698	0.00786	0.00437	0.00611	0.00786	0.00873	0.01135	0.02008	0.04278	0.02183	0.01048	0.00524	0.00175	0.00349	0.81753	0.00349	0.00349
92	0.00786	0.00674	0.00786	0.00562	0.00899	0.00506	0.00449	0.00955	0.00786	0.01236	0.00674	0.00786	0.00562	0.00281	0.00281	0.00056	0.00281	0.00225	0.00225	0.88990
93	0.89350	0.00733	0.00557	0.00499	0.00733	0.00851	0.00411	0.01115	0.00645	0.01702	0.00528	0.00616	0.00411	0.00352	0.00235	0.00117	0.00293	0.00205	0.00235	0.00411
94	0.89350	0.00733	0.00557	0.00499	0.00733	0.00851	0.00411	0.01115	0.00645	0.01702	0.00528	0.00616	0.00411	0.00352	0.00235	0.00117	0.00293	0.00205	0.00235	0.00411
95	0.01419	0.09653	0.01091	0.00788	0.01021	0.13489	0.00653	0.08230	0.01023	0.42522	0.01043	0.01021	0.00726	0.00475	0.00508	0.00119	0.14990	0.00331	0.00338	0.00559
96	0.00819	0.01462	0.50105	0.01191	0.16663	0.00796	0.01139	0.01156	0.00822	0.03702	0.01794	0.00899	0.01604	0.00358	0.00352	0.00108	0.00475	0.00296	0.00191	0.16067
97	0.00929	0.15256	0.53741	0.04936	0.03679	0.00947	0.01145	0.03034	0.00850	0.10967	0.00758	0.00843	0.00543	0.00370	0.00346	0.00114	0.00499	0.00285	0.00203	0.00555
98	0.01702	0.00645	0.00880	0.00675	0.00968	0.00557	0.00557	0.01848	0.01085	0.84568	0.01496	0.01291	0.00939	0.00469	0.00381	0.00117	0.00323	0.00381	0.00469	0.00645
99	0.00659	0.00329	0.00494	0.00494	0.00494	0.00329	0.00329	0.00494	0.00494	0.00659	0.00659	0.01153	0.00659	0.01318	0.01482	0.88966	0.00329	0.00329	0.00165	0.00165
100	0.00789	0.00679	0.00801	0.00597	0.02557	0.00513	0.00464	0.00959	0.00788	0.01236	0.00675	0.00789	0.00563	0.00282	0.00283	0.00057	0.00284	0.00227	0.00224	0.87233
101	0.00841	0.00870	0.06939	0.00957	0.01012	0.01065	0.00829	0.00953	0.00619	0.04453	0.00593	0.00911	0.00555	0.02184	0.05798	0.00189	0.70285	0.00338	0.00181	0.00427
102	0.00448	0.00383	0.00385	0.00387	0.00513	0.00320	0.00289	0.00544	0.00862	0.01023	0.03809	0.05229	0.82595	0.00965	0.00449	0.00129	0.00193	0.00806	0.00352	0.00320
103	0.00939	0.00901	0.01539	0.02328	0.84306	0.00901	0.01164	0.01164	0.00864	0.01239	0.00713	0.00939	0.00601	0.00338	0.00375	0.00113	0.00451	0.00338	0.00188	0.00601
104	0.03630	0.34812	0.29860	0.00822	0.01212	0.08631	0.00888	0.03954	0.00851	0.04155	0.00645	0.00730	0.00510	0.00350	0.00304	0.00097	0.00467	0.00246	0.00190	0.07644
105	0.00448	0.00384	0.00384	0.00384	0.00512	0.00320	0.00288	0.00544	0.00864	0.01025	0.03842	0.03650	0.84152	0.00960	0.00448	0.00128	0.00192	0.00800	0.00352	0.00320
106	0.00552	0.00368	0.00414	0.00414	0.00414	0.00368	0.00230	0.00552	0.00552	0.00735	0.01195	0.02482	0.01379	0.86672	0.01930	0.00368	0.00368	0.00552	0.00230	0.00230
107	0.00895	0.01023	0.02238	0.01598	0.01982	0.00959	0.82928	0.01215	0.00895	0.01215	0.00767	0.01023	0.00575	0.00320	0.00448	0.00128	0.00639	0.00448	0.00192	0.00512
108	0.01413	0.15564	0.01238	0.00801	0.01106	0.01126	0.00681	0.55271	0.01492	0.16169	0.00945	0.00924	0.00668	0.00435	0.00357	0.00109	0.00399	0.00325	0.00358	0.00618
109	0.00454	0.00384	0.00392	0.00390	0.00516	0.00323	0.00293	0.00555	0.00878	0.01056	0.08938	0.03598	0.79036	0.00949	0.00448	0.00128	0.00191	0.00793	0.00356	0.00323
110	0.01601	0.00807	0.00980	0.00752	0.01049	0.00798	0.00621	0.33388	0.01356	0.52646	0.01269	0.01143	0.00825	0.00464	0.00381	0.00116	0.00359	0.00366	0.00434	0.00645
111	0.01702	0.00645	0.00880	0.00675	0.00968	0.00557	0.00557	0.01848	0.01085	0.84568	0.01496	0.01291	0.00939	0.00469	0.00381	0.00117	0.00323	0.00381	0.00469	0.00645
112	0.00937	0.00904	0.01558	0.02308	0.82062	0.00903	0.03393	0.01165	0.00864	0.01238	0.00715	0.00941	0.00600	0.00337	0.00377	0.00113	0.00456	0.00341	0.00188	0.00598
113	0.01437	0.00975	0.01073	0.00833	0.01127	0.01059	0.00684	0.63056	0.09104	0.15100	0.01059	0.01015	0.00737	0.00463	0.00380	0.00116	0.00392	0.00356	0.00394	0.00641
114	0.01002	0.82725	0.06053	0.00670	0.01006	0.01470	0.00686	0.01139	0.00772	0.00907	0.00535	0.00618	0.00486	0.00326	0.00249	0.00083	0.00413	0.00207	0.00162	0.00490

[dist]
# distance from previous block
# <min> <max>
0	1

[block]
# block no. 2 follows, 72 sequences, length 78
# corresponding to MSA columns:
# 196-273
name=unknown_C
#
# <colnr> <probs for GDERKNQSTAVLIFYWHMCP>
#	G	D	E	R	K	N	Q	S	T	A	V	L	I	F	Y	W	H	M	C	P
0	0.87564	0.02476	0.00586	0.00502	0.00738	0.00864	0.00416	0.01115	0.00648	0.01685	0.00528	0.00616	0.00412	0.00351	0.00235	0.00117	0.00296	0.00205	0.00233	0.00412
1	0.00761	0.01962	0.84707	0.01081	0.01641	0.00881	0.01401	0.01201	0.00801	0.01201	0.00681	0.00801	0.00480	0.00360	0.00360	0.00120	0.00560	0.00280	0.00160	0.00560
2	0.00847	0.00672	0.00793	0.00569	0.00903	0.00509	0.00457	0.01014	0.00806	0.06727	0.00728	0.00820	0.00587	0.00293	0.00287	0.00060	0.00284	0.00235	0.00241	0.83169
3	0.00707	0.00353	0.00353	0.00353	0.00442	0.00353	0.00265	0.00884	0.00795	0.01414	0.01237	0.01414	0.00972	0.00442	0.00265	0.00088	0.00177	0.00353	0.88777	0.00353
4	0.00707	0.00353	0.00353	0.00353	0.00442	0.00353	0.00265	0.00884	0.00795	0.01414	0.01237	0.01414	0.00972	0.00442	0.00265	0.00088	0.00177	0.00353	0.88777	0.00353
5	0.01007	0.84521	0.04304	0.00661	0.00992	0.01483	0.00670	0.01137	0.00771	0.00901	0.00532	0.00614	0.00487	0.00325	0.00247	0.00082	0.00410	0.00205	0.00162	0.00489
6	0.00659	0.00329	0.00494	0.00494	0.00494	0.00329	0.00329	0.00494	0.00494	0.00659	0.00659	0.01153	0.00659	0.01318	0.01482	0.88966	0.00329	0.00329	0.00165	0.00165
7	0.00537	0.00388	0.00507	0.00477	0.00567	0.00358	0.00358	0.00716	0.01074	0.01521	0.84106	0.02833	0.03578	0.00775	0.00447	0.00119	0.00179	0.00686	0.00417	0.00358
8	0.89350	0.00733	0.00557	0.00499	0.00733	0.00851	0.00411	0.01115	0.00645	0.01702	0.00528	0.00616	0.00411	0.00352	0.00235	0.00117	0.00293	0.00205	0.00235	0.00411
9	0.00871	0.32431	0.06450	0.00629	0.00974	0.00900	0.00584	0.01051	0.01891	0.01112	0.00632	0.00730	0.00537	0.00305	0.00273	0.00070	0.00344	0.00223	0.00200	0.49792
10	0.07233	0.00673	0.02290	0.00671	0.00965	0.00581	0.00563	0.01791	0.01053	0.77901	0.01421	0.01240	0.00898	0.00460	0.00372	0.00117	0.00325	0.00369	0.00449	0.00629
11	0.89350	0.00733	0.00557	0.00499	0.00733	0.00851	0.00411	0.01115	0.00645	0.01702	0.00528	0.00616	0.00411	0.00352	0.00235	0.00117	0.00293	0.00205	0.00235	0.00411
12	0.01651	0.00726	0.00930	0.00713	0.01009	0.00678	0.00589	0.17636	0.01221	0.68589	0.01382	0.01217	0.00882	0.00467	0.00381	0.00117	0.00341	0.00374	0.00452	0.00645
13	0.89350	0.00733	0.00557	0.00499	0.00733	0.00851	0.00411	0.01115	0.00645	0.01702	0.00528	0.00616	0.00411	0.00352	0.00235	0.00117	0.00293	0.00205	0.00235	0.00411
14	0.00830	0.00830	0.01162	0.00996	0.00996	0.01162	0.00830	0.00913	0.00581	0.00913	0.00498	0.00830	0.00498	0.00664	0.01245	0.00166	0.85977	0.00332	0.00166	0.00415
15	0.00543	0.00402	0.00589	0.00589	0.00650	0.00463	0.00449	0.00664	0.00604	0.00865	0.01034	0.01592	0.00992	0.11464	0.76610	0.00585	0.00949	0.00421	0.00206	0.00327
16	0.00537	0.00388	0.00507	0.00477	0.00567	0.00358	0.00358	0.00716	0.01074	0.01521	0.84106	0.02833	0.03578	0.00775	0.00447	0.00119	0.00179	0.00686	0.00417	0.00358
17	0.00939	0.00901	0.01539	0.02328	0.84306	0.00901	0.01164	0.01164	0.00864	0.01239	0.00713	0.00939	0.00601	0.00338	0.00375	0.00113	0.00451	0.00338	0.00188	0.00601
18	0.00611	0.00437	0.00611	0.00698	0.00786	0.00437	0.00611	0.00786	0.00873	0.01135	0.02008	0.04278	0.02183	0.01048	0.00524	0.00175	0.00349	0.81753	0.00349	0.00349
19	0.00537	0.00388	0.00507	0.00477	0.00567	0.00358	0.00358	0.00716	0.01074	0.01521	0.84106	0.02833	0.03578	0.00775	0.00447	0.00119	0.00179	0.00686	0.00417	0.00358
20	0.00830	0.00830	0.01162	0.00996	0.00996	0.01162	0.00830	0.00913	0.00581	0.00913	0.00498	0.00830	0.00498	0.00664	0.01245	0.00166	0.85977	0.00332	0.00166	0.00415
21	0.01417	0.01808	0.01075	0.00977	0.01172	0.85149	0.00733	0.01514	0.01075	0.00928	0.00586	0.00684	0.00489	0.00391	0.00342	0.00098	0.00684	0.00244	0.00195	0.00440
22	0.89350	0.00733	0.00557	0.00499	0.00733	0.00851	0.00411	0.01115	0.00645	0.01702	0.00528	0.00616	0.00411	0.00352	0.00235	0.00117	0.00293	0.00205	0.00235	0.00411
23	0.00448	0.00384	0.00384	0.00384	0.00512	0.00320	0.00288	0.00544	0.00864	0.01025	0.03842	0.03650	0.84152	0.00960	0.00448	0.00128	0.00192	0.00800	0.00352	0.00320
24	0.00761	0.01962	0.84707	0.01081	0.01641	0.00881	0.01401	0.01201	0.00801	0.01201	0.00681	0.00801	0.00480	0.00360	0.00360	0.00120	0.00560	0.00280	0.00160	0.00560
25	0.00542	0.00406	0.00610	0.00610	0.00677	0.00474	0.00474	0.00677	0.00610	0.00880	0.01016	0.01490	0.00948	0.02844	0.85169	0.00610	0.01016	0.00406	0.00203	0.00339
26	0.89350	0.00733	0.00557	0.00499	0.00733	0.00851	0.00411	0.01115	0.00645	0.01702	0.00528	0.00616	0.00411	0.00352	0.00235	0.00117	0.00293	0.00205	0.00235	0.00411
27	0.01014	0.86900	0.01987	0.00649	0.00973	0.01501	0.00649	0.01136	0.00771	0.00892	0.00527	0.00608	0.00487	0.00324	0.00243	0.00081	0.00406	0.00203	0.00162	0.00487
28	0.00611	0.00437	0.00611	0.00698	0.00786	0.00437	0.00611	0.00786	0.00873	0.01135	0.02008	0.04278	0.02183	0.01048	0.00524	0.00175	0.00349	0.81753	0.00349	0.00349
29	0.00895	0.01023	0.02238	0.01598	0.01982	0.00959	0.82928	0.01215	0.00895	0.01215	0.00767	0.01023	0.00575	0.00320	0.00448	0.00128	0.00639	0.00448	0.00192	0.00512
30	0.00465	0.00334	0.00441	0.00521	0.00549	0.00311	0.00350	0.00536	0.00745	0.00993	0.05516	0.80002	0.05506	0.01163	0.00481	0.00152	0.00217	0.01052	0.00355	0.00311
31	0.00448	0.00384	0.00384	0.00384	0.00512	0.00320	0.00288	0.00544	0.00864	0.01025	0.03842	0.03650	0.84152	0.00960	0.00448	0.00128	0.00192	0.00800	0.00352	0.00320
32	0.00783	0.00452	0.00462	0.00434	0.00551	0.00474	0.00333	0.06635	0.09824	0.01499	0.01248	0.01380	0.00970	0.00451	0.00286	0.00094	0.00207	0.00361	0.73157	0.00400
33	0.00761	0.01962	0.84707	0.01081	0.01641	0.00881	0.01401	0.01201	0.00801	0.01201	0.00681	0.00801	0.00480	0.00360	0.00360	0.00120	0.00560	0.00280	0.00160	0.00560
34	0.01643	0.00632	0.00861	0.00665	0.00948	0.00547	0.00547	0.01791	0.01085	0.80394	0.05649	0.01368	0.01071	0.00485	0.00385	0.00117	0.00315	0.00397	0.00467	0.00631
35	0.00542	0.00406	0.00610	0.00610	0.00677	0.00474	0.00474	0.00677	0.00610	0.00880	0.01016	0.01490	0.00948	0.02844	0.85169	0.00610	0.01016	0.00406	0.00203	0.00339
36	0.01003	0.84811	0.01954	0.00648	0.00966	0.01476	0.00645	0.01125	0.00767	0.00892	0.00539	0.00630	0.00498	0.00385	0.02294	0.00094	0.00420	0.00208	0.00163	0.00483
37	0.00458	0.00360	0.00414	0.00452	0.00531	0.00316	0.00319	0.00544	0.00812	0.01020	0.06375	0.40192	0.44756	0.01053	0.00464	0.00139	0.00204	0.00918	0.00355	0.00316
38	0.00572	0.00408	0.00566	0.00654	0.00724	0.00403	0.00543	0.00718	0.00834	0.01091	0.02030	0.25904	0.02268	0.01085	0.00513	0.00169	0.00315	0.60515	0.00350	0.00338
39	0.00931	0.00893	0.01525	0.05346	0.81350	0.00899	0.01160	0.01157	0.00860	0.01229	0.00712	0.00941	0.00597	0.00339	0.00376	0.00113	0.00453	0.00338	0.00187	0.00594
40	0.00722	0.00677	0.01131	0.83707	0.02573	0.00845	0.01042	0.00994	0.02760	0.00984	0.00695	0.01021	0.00521	0.00382	0.00379	0.00126	0.00501	0.00339	0.00174	0.00426
41	0.06771	0.00406	0.00493	0.00475	0.00572	0.00384	0.00355	0.00709	0.00989	0.01432	0.62602	0.11308	0.10500	0.00804	0.00436	0.00123	0.00192	0.00703	0.00392	0.00353
42	0.73025	0.00700	0.00593	0.00523	0.00754	0.00783	0.00427	0.01179	0.00707	0.12506	0.00740	0.05391	0.00594	0.00413	0.00268	0.00119	0.00293	0.00276	0.00272	0.00436
43	0.50290	0.03957	0.00949	0.04543	0.23063	0.05615	0.00682	0.01136	0.00734	0.01442	0.00585	0.00731	0.00476	0.00364	0.00328	0.00116	0.04057	0.00254	0.00212	0.00466
44	0.00548	0.00370	0.00433	0.00448	0.00458	0.00368	0.00274	0.00569	0.00595	0.00791	0.01347	0.10330	0.01551	0.71517	0.01678	0.00332	0.00353	0.07541	0.00251	0.00247
45	0.01083	0.03251	0.07442	0.00853	0.02565	0.06584	0.00708	0.22290	0.45020	0.01681	0.01187	0.01144	0.00887	0.00464	0.00372	0.00118	0.00380	0.00369	0.00340	0.03260
46	0.01100	0.66350	0.01763	0.00719	0.01017	0.18543	0.00664	0.02766	0.00852	0.00934	0.00549	0.00633	0.00491	0.00340	0.00267	0.00085	0.00460	0.00214	0.00174	0.02079
47	0.00998	0.00902	0.01488	0.03818	0.72283	0.00911	0.02225	0.07577	0.00941	0.04095	0.00755	0.00951	0.00613	0.00352	0.00377	0.00113	0.00447	0.00341	0.00212	0.00601
48	0.00761	0.01962	0.84707	0.01081	0.01641	0.00881	0.01401	0.01201	0.00801	0.01201	0.00681	0.00801	0.00480	0.00360	0.00360	0.00120	0.00560	0.00280	0.00160	0.00560
49	0.00459	0.00388	0.00400	0.00406	0.00531	0.00328	0.00310	0.00561	0.00865	0.01032	0.03717	0.03693	0.78564	0.00966	0.00453	0.00131	0.00203	0.06319	0.00352	0.00322
50	0.52224	0.00823	0.00772	0.00633	0.00896	0.00914	0.00522	0.26035	0.01043	0.11819	0.00760	0.00786	0.00545	0.00397	0.00296	0.00116	0.00334	0.00268	0.00307	0.00510
51	0.00956	0.60061	0.19713	0.00851	0.03690	0.02411	0.05542	0.01160	0.00791	0.00988	0.00580	0.00684	0.00494	0.00333	0.00285	0.00093	0.00457	0.00238	0.00165	0.00507
52	0.00533	0.00388	0.00502	0.00474	0.00565	0.00356	0.00355	0.00709	0.01066	0.01502	0.81048	0.02864	0.06648	0.00782	0.00447	0.00120	0.00179	0.00690	0.00415	0.00356
53	0.00546	0.00365	0.00415	0.00421	0.00422	0.00364	0.00237	0.00550	0.00562	0.00750	0.01250	0.07596	0.01448	0.81464	0.01842	0.00355	0.00359	0.00584	0.00237	0.00235
54	0.06712	0.00870	0.12239	0.00741	0.01059	0.00694	0.00677	0.06270	0.09700	0.55041	0.01300	0.01176	0.00852	0.00452	0.00370	0.00119	0.00356	0.00360	0.00400	0.00615
55	0.00926	0.02530	0.06338	0.03566	0.52280	0.02049	0.13123	0.01285	0.11685	0.01263	0.00822	0.00997	0.00657	0.00361	0.00384	0.00117	0.00468	0.00359	0.00212	0.00577
56	0.00659	0.00329	0.00494	0.00494	0.00494	0.00329	0.00329	0.00494	0.00494	0.00659	0.00659	0.01153	0.00659	0.01318	0.01482	0.88966	0.00329	0.00329	0.00165	0.00165
57	0.01401	0.05220	0.01111	0.00964	0.01164	0.81795	0.00729	0.01499	0.01063	0.00927	0.00584	0.00681	0.00488	0.00388	0.00338	0.00097	0.00673	0.00243	0.00194	0.00442
58	0.01014	0.01024	0.02524	0.01737	0.50838	0.12323	0.00970	0.03425	0.19743	0.01304	0.00889	0.01010	0.00712	0.00388	0.00373	0.00114	0.00449	0.00345	0.00238	0.00579
59	0.89350	0.00733	0.00557	0.00499	0.00733	0.00851	0.00411	0.01115	0.00645	0.01702	0.00528	0.00616	0.00411	0.00352	0.00235	0.00117	0.00293	0.00205	0.00235	0.00411
60	0.00532	0.00387	0.00500	0.00472	0.00563	0.00356	0.00354	0.00706	0.01062	0.01492	0.79506	0.02880	0.08196	0.00786	0.00447	0.00120	0.00180	0.00692	0.00414	0.00356
61	0.00462	0.00330	0.00440	0.00528	0.00550	0.00308	0.00352	0.00528	0.00726	0.00968	0.02090	0.86424	0.02508	0.01188	0.00484	0.00154	0.00220	0.01078	0.00352	0.00308
62	0.01014	0.86900	0.01987	0.00649	0.00973	0.01501	0.00649	0.01136	0.00771	0.00892	0.00527	0.00608	0.00487	0.00324	0.00243	0.00081	0.00406	0.00203	0.00162	0.00487
63	0.01442	0.01062	0.01138	0.00873	0.01176	0.01176	0.00721	0.83041	0.01783	0.02390	0.00911	0.00911	0.00645	0.00455	0.00379	0.00114	0.00417	0.00341	0.00379	0.00645
64	0.00551	0.00369	0.00422	0.00422	0.00425	0.00372	0.00240	0.00557	0.00554	0.00742	0.01187	0.02439	0.01360	0.83059	0.05518	0.00378	0.00396	0.00545	0.00229	0.00234
65	0.00462	0.00330	0.00440	0.00528	0.00550	0.00308	0.00352	0.00528	0.00726	0.00968	0.02090	0.86424	0.02508	0.01188	0.00484	0.00154	0.00220	0.01078	0.00352	0.00308
66	0.00469	0.00385	0.00412	0.00406	0.00525	0.00329	0.00304	0.00584	0.00912	0.01138	0.22258	0.03462	0.65665	0.00918	0.00448	0.00126	0.00189	0.00774	0.00367	0.00329
67	0.00769	0.04856	0.81888	0.01066	0.01619	0.00902	0.01376	0.01199	0.00800	0.01191	0.00675	0.00794	0.00481	0.00359	0.00356	0.00119	0.00555	0.00278	0.00160	0.00558
68	0.00448	0.00384	0.00384	0.00384	0.00512	0.00320	0.00288	0.00544	0.00864	0.01025	0.03842	0.03650	0.84152	0.00960	0.00448	0.00128	0.00192	0.00800	0.00352	0.00320
69	0.00953	0.00820	0.00863	0.00774	0.00990	0.00948	0.00603	0.03626	0.81993	0.01602	0.01531	0.01405	0.01148	0.00513	0.00386	0.00128	0.00302	0.00427	0.00386	0.00601
70	0.00742	0.00694	0.01136	0.75914	0.06285	0.00852	0.01027	0.01052	0.06592	0.01025	0.00737	0.01036	0.00556	0.00387	0.00379	0.00126	0.00489	0.00344	0.00185	0.00442
71	0.01030	0.83488	0.01951	0.00662	0.00981	0.04855	0.00652	0.01151	0.00783	0.00894	0.00530	0.00611	0.00487	0.00327	0.00247	0.00082	0.00417	0.00204	0.00164	0.00485
72	0.00451	0.00384	0.00389	0.00388	0.00514	0.00322	0.00291	0.00550	0.00872	0.01042	0.06746	0.03620	0.81237	0.00954	0.00448	0.00128	0.00192	0.00796	0.00355	0.00322
73	0.00477	0.00341	0.00457	0.00545	0.00573	0.00321	0.00378	0.00554	0.00741	0.00985	0.02082	0.78297	0.02476	0.01174	0.00488	0.00156	0.00233	0.09060	0.00352	0.00312
74	0.00859	0.00662	0.01058	0.05789	0.34640	0.00679	0.01889	0.02888	0.00818	0.10598	0.01050	0.11132	0.00954	0.01150	0.23822	0.00256	0.00570	0.00450	0.00247	0.00490
75	0.00610	0.00477	0.00702	0.00821	0.13468	0.00518	0.00512	0.00718	0.00631	0.00893	0.01016	0.01693	0.01017	0.27517	0.46017	0.00454	0.01944	0.00438	0.00208	0.00347
76	0.01252	0.28000	0.05568	0.00890	0.01147	0.53919	0.01962	0.01378	0.00965	0.00935	0.00575	0.00672	0.00489	0.00368	0.00314	0.00094	0.00591	0.00236	0.00183	0.00461
77	0.01014	0.86900	0.01987	0.00649	0.00973	0.01501	0.00649	0.01136	0.00771	0.00892	0.00527	0.00608	0.00487	0.00324	0.00243	0.00081	0.00406	0.00203	0.00162	0.00487

[dist]
# distance from previous block
# <min> <max>
0	1

[block]
# block no. 3 follows, 72 sequences, length 65
# corresponding to MSA columns:
# 275-339
name=unknown_D
#
# <colnr> <probs for GDERKNQSTAVLIFYWHMCP>
#	G	D	E	R	K	N	Q	S	T	A	V	L	I	F	Y	W	H	M	C	P
0	0.00865	0.12070	0.05371	0.00880	0.11142	0.00837	0.00651	0.01398	0.33177	0.04945	0.18934	0.03272	0.03798	0.00539	0.00381	0.00118	0.00317	0.00456	0.00329	0.00520
1	0.01014	0.86900	0.01987	0.00649	0.00973	0.01501	0.00649	0.01136	0.00771	0.00892	0.00527	0.00608	0.00487	0.00324	0.00243	0.00081	0.00406	0.00203	0.00162	0.00487
2	0.79802	0.00853	0.02082	0.00552	0.00789	0.08513	0.00457	0.01153	0.00687	0.01622	0.00536	0.00625	0.00419	0.00356	0.00247	0.00116	0.00334	0.00210	0.00230	0.00416
3	0.00884	0.00813	0.02341	0.02604	0.31334	0.00855	0.01987	0.01506	0.39953	0.01416	0.08544	0.01414	0.03707	0.00480	0.00390	0.00122	0.00353	0.00426	0.00306	0.00566
4	0.00809	0.00688	0.00799	0.00573	0.00908	0.00529	0.00459	0.03823	0.00821	0.01276	0.00682	0.00791	0.00565	0.00287	0.00284	0.00058	0.00286	0.00229	0.00230	0.85903
5	0.00471	0.00344	0.00445	0.00516	0.00557	0.00318	0.00356	0.00552	0.00769	0.01015	0.07298	0.68786	0.11538	0.01132	0.00480	0.00150	0.00220	0.04383	0.00356	0.00314
6	0.00528	0.00381	0.00499	0.00483	0.00565	0.00352	0.00357	0.00694	0.01034	0.01458	0.74827	0.12290	0.03457	0.00822	0.00451	0.00123	0.00184	0.00730	0.00410	0.00352
7	0.00761	0.01962	0.84707	0.01081	0.01641	0.00881	0.01401	0.01201	0.00801	0.01201	0.00681	0.00801	0.00480	0.00360	0.00360	0.00120	0.00560	0.00280	0.00160	0.00560
8	0.00939	0.00901	0.01539	0.02328	0.84306	0.00901	0.01164	0.01164	0.00864	0.01239	0.00713	0.00939	0.00601	0.00338	0.00375	0.00113	0.00451	0.00338	0.00188	0.00601
