[name]
unknown

[dist]
# distance from previous block
# <min> <max>
5	1288

[block]
# block no. 0 follows, 69 sequences, length 37
# corresponding to MSA columns:
# 1443-1479
name=unknown_A
#
# <colnr> <probs for GDERKNQSTAVLIFYWHMCP>
#	G	D	E	R	K	N	Q	S	T	A	V	L	I	F	Y	W	H	M	C	P
0	0.32172	0.28261	0.11827	0.00791	0.03505	0.08570	0.03568	0.02958	0.00813	0.01327	0.00598	0.00701	0.00487	0.00358	0.00288	0.00106	0.00431	0.00241	0.00205	0.02792
1	0.00860	0.00707	0.00859	0.03273	0.05362	0.05792	0.00621	0.09001	0.00837	0.02263	0.00918	0.01238	0.00796	0.04434	0.20796	0.00257	0.21468	0.00372	0.19720	0.00427
2	0.00576	0.00407	0.00520	0.00488	0.00590	0.00371	0.00367	0.00750	0.01086	0.03671	0.72421	0.02982	0.12668	0.00815	0.00461	0.00124	0.00190	0.00714	0.00425	0.00373
3	0.00661	0.00449	0.00543	0.00505	0.00612	0.00438	0.00382	0.06775	0.02385	0.01588	0.55708	0.06695	0.02845	0.00726	0.00421	0.00119	0.00207	0.00631	0.17920	0.00392
4	0.00477	0.00345	0.00451	0.00536	0.00566	0.00319	0.00360	0.00547	0.00760	0.01005	0.02278	0.80639	0.07845	0.01213	0.00498	0.00157	0.00226	0.01096	0.00364	0.00319
5	0.00814	0.00688	0.00729	0.00666	0.00855	0.00751	0.00517	0.04436	0.49779	0.01493	0.07939	0.02251	0.24594	0.00688	0.00424	0.00132	0.00275	0.02059	0.00390	0.00518
6	0.00905	0.01049	0.04472	0.07743	0.02040	0.00990	0.70369	0.01222	0.00897	0.01222	0.00771	0.01041	0.00583	0.00353	0.00493	0.00134	0.04560	0.00444	0.00194	0.00519
7	0.00561	0.00408	0.00536	0.00544	0.00635	0.00383	0.00427	0.00731	0.01020	0.01400	0.52714	0.09012	0.09131	0.00912	0.00484	0.00140	0.00231	0.19964	0.00405	0.00361
8	0.88991	0.00758	0.00576	0.00516	0.00758	0.00879	0.00425	0.01152	0.00667	0.01759	0.00546	0.00637	0.00425	0.00364	0.00243	0.00121	0.00303	0.00212	0.00243	0.00425
9	0.05325	0.01058	0.01161	0.00971	0.06289	0.01165	0.00752	0.72189	0.01710	0.02336	0.00935	0.02633	0.00692	0.00474	0.00387	0.00119	0.00424	0.00362	0.00373	0.00646
10	0.00570	0.00380	0.00428	0.00428	0.00428	0.00380	0.00238	0.00570	0.00570	0.00760	0.01235	0.02566	0.01425	0.86222	0.01995	0.00380	0.00380	0.00570	0.00238	0.00238
11	0.00560	0.00418	0.00622	0.00622	0.00689	0.00485	0.00480	0.00695	0.00628	0.00904	0.01058	0.01583	0.00998	0.06384	0.81250	0.00620	0.01022	0.00426	0.00211	0.00345
12	0.00786	0.02028	0.84191	0.01117	0.01697	0.00910	0.01448	0.01242	0.00828	0.01242	0.00704	0.00828	0.00497	0.00372	0.00372	0.00124	0.00579	0.00290	0.00166	0.00579
13	0.00491	0.00350	0.00460	0.00543	0.00569	0.00329	0.00366	0.00560	0.00748	0.00993	0.02128	0.75034	0.04062	0.07062	0.00604	0.00175	0.00243	0.04615	0.00355	0.00315
14	0.00560	0.00420	0.00630	0.00630	0.00700	0.00490	0.00490	0.00700	0.00630	0.00910	0.01050	0.01540	0.00980	0.02940	0.84669	0.00630	0.01050	0.00420	0.00210	0.00350
15	0.03675	0.00396	0.00446	0.00444	0.00457	0.00405	0.00261	0.00599	0.00577	0.00805	0.01199	0.02430	0.01361	0.77688	0.07412	0.00388	0.00422	0.00548	0.00236	0.00252
16	0.00909	0.18794	0.55507	0.01031	0.01521	0.01062	0.05167	0.06514	0.00893	0.02623	0.00702	0.00815	0.00522	0.00377	0.00370	0.00117	0.02032	0.00289	0.00188	0.00566
17	0.00898	0.00978	0.01870	0.01404	0.01643	0.01075	0.49880	0.01131	0.00796	0.01131	0.00682	0.00978	0.00563	0.00472	0.00791	0.00148	0.34468	0.00415	0.00188	0.00489
18	0.01759	0.00667	0.00910	0.00698	0.01001	0.00576	0.00576	0.01911	0.01122	0.84048	0.01547	0.01334	0.00970	0.00485	0.00394	0.00121	0.00334	0.00394	0.00485	0.00667
19	0.00923	0.08684	0.31926	0.01738	0.01262	0.00925	0.02488	0.11280	0.18352	0.03634	0.09382	0.02395	0.04331	0.00496	0.00387	0.00123	0.00426	0.00403	0.00289	0.00558
20	0.00820	0.02130	0.19038	0.05774	0.29145	0.02881	0.03875	0.01147	0.07787	0.01248	0.05857	0.08419	0.07513	0.00536	0.00408	0.00126	0.00434	0.02087	0.00248	0.00526
21	0.00563	0.00417	0.00595	0.00594	0.00655	0.00470	0.00448	0.00672	0.00645	0.00908	0.02413	0.04236	0.06108	0.11486	0.62624	0.03633	0.02493	0.00481	0.00228	0.00331
22	0.29373	0.00750	0.00838	0.00666	0.00951	0.00753	0.00549	0.11836	0.01069	0.47672	0.01153	0.01064	0.00759	0.00445	0.00346	0.00121	0.00336	0.00331	0.00397	0.00590
23	0.04445	0.00801	0.02413	0.00635	0.00975	0.03131	0.00519	0.09540	0.00924	0.01411	0.00714	0.00816	0.00580	0.00317	0.00302	0.00069	0.00323	0.00246	0.00247	0.71590
24	0.00823	0.01812	0.09512	0.03315	0.41379	0.00777	0.08240	0.01051	0.00865	0.01214	0.02185	0.14268	0.02943	0.00555	0.00419	0.00128	0.00435	0.06141	0.00237	0.03702
25	0.00483	0.00345	0.00461	0.00552	0.00577	0.00323	0.00374	0.00555	0.00756	0.01007	0.02158	0.83026	0.02581	0.01223	0.00502	0.00160	0.00232	0.04000	0.00364	0.00320
26	0.39657	0.01326	0.00882	0.02351	0.01035	0.43586	0.00622	0.01353	0.00893	0.01309	0.00578	0.00688	0.00471	0.00396	0.00339	0.00113	0.03505	0.00240	0.00218	0.00440
27	0.00472	0.00364	0.00432	0.00486	0.00553	0.00323	0.00337	0.00553	0.00808	0.01024	0.02890	0.52842	0.35247	0.01133	0.00485	0.00148	0.00216	0.00999	0.00364	0.00323
28	0.01064	0.00942	0.01236	0.08321	0.31698	0.05005	0.01966	0.11542	0.28617	0.03938	0.01066	0.01137	0.00816	0.00435	0.00392	0.00123	0.00424	0.00379	0.00295	0.00603
29	0.00514	0.00376	0.00485	0.00530	0.00584	0.00353	0.00370	0.00647	0.03170	0.01192	0.26460	0.54691	0.07025	0.01070	0.00484	0.00146	0.00216	0.00960	0.00385	0.00343
30	0.10216	0.00797	0.00888	0.00745	0.01004	0.00852	0.00597	0.08971	0.40020	0.29452	0.01415	0.01290	0.00996	0.00494	0.00381	0.00127	0.00328	0.00395	0.00411	0.00620
31	0.01088	0.00930	0.01162	0.04733	0.20369	0.05518	0.03823	0.29497	0.10543	0.01671	0.03477	0.07606	0.03114	0.00621	0.03931	0.00144	0.00450	0.00444	0.00311	0.00568
32	0.00854	0.00813	0.01381	0.44289	0.42802	0.00901	0.01145	0.01101	0.00838	0.01140	0.00717	0.01008	0.00571	0.00371	0.00390	0.00124	0.00494	0.00349	0.00184	0.00527
33	0.01002	0.05200	0.09652	0.11373	0.30711	0.09177	0.05964	0.03406	0.08645	0.04563	0.02428	0.01030	0.00711	0.00432	0.01644	0.00125	0.00495	0.00350	0.00230	0.02862
34	0.00750	0.00559	0.00676	0.00645	0.00774	0.00609	0.00489	0.02510	0.26263	0.05728	0.05521	0.14116	0.07544	0.05373	0.26270	0.00299	0.00517	0.00577	0.00332	0.00446
35	0.06862	0.00960	0.01108	0.09168	0.18277	0.10743	0.01826	0.19014	0.10395	0.07013	0.07216	0.02721	0.00962	0.01529	0.00406	0.00124	0.00431	0.00389	0.00303	0.00553
36	0.05245	0.06843	0.03047	0.01902	0.09253	0.25367	0.01638	0.07046	0.02444	0.03331	0.00784	0.04779	0.00704	0.04161	0.01879	0.00143	0.18379	0.00352	0.02228	0.00476

[dist]
# distance from previous block
# <min> <max>
0	8

[block]
# block no. 1 follows, 69 sequences, length 20
# corresponding to MSA columns:
# 1491-1510
name=unknown_B
#
# <colnr> <probs for GDERKNQSTAVLIFYWHMCP>
#	G	D	E	R	K	N	Q	S	T	A	V	L	I	F	Y	W	H	M	C	P
0	0.39753	0.00764	0.00914	0.00830	0.04788	0.02172	0.08470	0.02120	0.02549	0.01392	0.00756	0.01077	0.00663	0.03283	0.10954	0.00202	0.13872	0.03390	0.01616	0.00434
1	0.00989	0.06483	0.06724	0.06315	0.25708	0.04677	0.06618	0.06270	0.05443	0.08087	0.05542	0.05920	0.03964	0.00476	0.00391	0.00118	0.00429	0.00422	0.00268	0.05156
2	0.00537	0.00414	0.00487	0.00467	0.00575	0.00377	0.00348	0.00717	0.03911	0.01361	0.48978	0.03173	0.32702	0.03607	0.00510	0.00135	0.00201	0.00738	0.00400	0.00360
3	0.01044	0.02691	0.00916	0.00657	0.00983	0.00669	0.00535	0.12443	0.00992	0.12817	0.00839	0.00900	0.00643	0.00355	0.00347	0.00079	0.02821	0.00274	0.00286	0.59709
4	0.00595	0.00409	0.00510	0.00547	0.00583	0.00409	0.00397	0.00668	0.00705	0.00927	0.01575	0.03317	0.01762	0.51770	0.01407	0.00299	0.00372	0.33173	0.00288	0.00288
5	0.01678	0.00734	0.00944	0.00730	0.01030	0.00684	0.00601	0.12622	0.05910	0.68493	0.01469	0.01289	0.00943	0.00486	0.00394	0.00121	0.00345	0.00392	0.00468	0.00664
6	0.88991	0.00758	0.00576	0.00516	0.00758	0.00879	0.00425	0.01152	0.00667	0.01759	0.00546	0.00637	0.00425	0.00364	0.00243	0.00121	0.00303	0.00212	0.00243	0.00425
7	0.00570	0.00380	0.00428	0.00428	0.00428	0.00380	0.00238	0.00570	0.00570	0.00760	0.01235	0.02566	0.01425	0.86222	0.01995	0.00380	0.00380	0.00570	0.00238	0.00238
8	0.00813	0.00697	0.00813	0.00581	0.00929	0.00523	0.00465	0.00987	0.00813	0.01277	0.00697	0.00813	0.00581	0.00290	0.00290	0.00058	0.00290	0.00232	0.00232	0.88619
9	0.00725	0.17670	0.03561	0.00604	0.00765	0.00708	0.00498	0.04554	0.08970	0.01314	0.30331	0.20274	0.03945	0.03787	0.00471	0.00133	0.00284	0.00640	0.00342	0.00424
10	0.04673	0.00880	0.05209	0.03957	0.01087	0.07085	0.04188	0.11613	0.09626	0.01317	0.01007	0.01376	0.01963	0.03591	0.15485	0.00225	0.12164	0.05830	0.00260	0.08463
11	0.00953	0.00975	0.01887	0.05555	0.08048	0.02572	0.52949	0.03599	0.00926	0.04396	0.00880	0.01267	0.00716	0.00427	0.00519	0.00136	0.07442	0.06009	0.00223	0.00519
12	0.00488	0.00361	0.00472	0.02701	0.00620	0.00338	0.00375	0.00573	0.00793	0.01047	0.08007	0.68509	0.11971	0.01150	0.00491	0.00153	0.00229	0.01033	0.00364	0.00326
13	0.08191	0.21740	0.06656	0.06407	0.04913	0.11628	0.17253	0.07981	0.00960	0.05144	0.00731	0.00862	0.00570	0.00371	0.00349	0.00110	0.00501	0.00311	0.02215	0.03107
14	0.00871	0.00830	0.01412	0.38191	0.48768	0.00905	0.01154	0.01116	0.00846	0.01160	0.00720	0.01003	0.00579	0.00368	0.00390	0.00123	0.00490	0.00349	0.00185	0.00541
15	0.00644	0.00534	0.00766	0.00710	0.00755	0.00655	0.02191	0.00746	0.00617	0.00895	0.00949	0.01566	0.00946	0.19060	0.45550	0.00455	0.21973	0.00432	0.00206	0.00351
16	0.00557	0.00399	0.00510	0.00553	0.00617	0.00382	0.00393	0.00724	0.06114	0.02900	0.19112	0.54498	0.06653	0.01063	0.00483	0.00149	0.00230	0.03922	0.00383	0.00358
17	0.00990	0.04334	0.14904	0.07184	0.48493	0.07027	0.05353	0.03130	0.00916	0.02923	0.00737	0.00931	0.00589	0.00364	0.00382	0.00117	0.00510	0.00334	0.00199	0.00583
18	0.00625	0.00474	0.00586	0.00565	0.00695	0.00448	0.02247	0.02972	0.05840	0.03520	0.25767	0.05307	0.31953	0.00893	0.00472	0.00139	0.00254	0.16472	0.00385	0.00387
19	0.00524	0.00358	0.00456	0.00523	0.00570	0.00329	0.00357	0.00603	0.00782	0.03322	0.02324	0.69400	0.12462	0.01141	0.00482	0.00152	0.00225	0.01023	0.04633	0.00332

[dist]
# distance from previous block
# <min> <max>
0	1

[block]
# block no. 2 follows, 69 sequences, length 15
# corresponding to MSA columns:
# 1512-1526
name=unknown_C
#
# <colnr> <probs for GDERKNQSTAVLIFYWHMCP>
#	G	D	E	R	K	N	Q	S	T	A	V	L	I	F	Y	W	H	M	C	P
0	0.03442	0.01072	0.03409	0.03245	0.12367	0.20329	0.16729	0.01126	0.00828	0.01050	0.00771	0.01208	0.00718	0.17187	0.00851	0.00177	0.14456	0.00386	0.00202	0.00447
1	0.04258	0.34945	0.20395	0.03931	0.07958	0.08620	0.04992	0.04085	0.03913	0.01158	0.00672	0.00790	0.00545	0.00372	0.00342	0.00107	0.01917	0.00276	0.00193	0.00530
2	0.00671	0.00519	0.00753	0.00712	0.00789	0.00566	0.05771	0.03597	0.00776	0.03934	0.01557	0.39893	0.02831	0.03534	0.14072	0.00235	0.12887	0.03000	0.03526	0.00378
3	0.44254	0.02326	0.05645	0.02195	0.06125	0.15569	0.10144	0.01221	0.00799	0.01422	0.00633	0.02171	0.00518	0.00399	0.00368	0.00122	0.05124	0.00285	0.00219	0.00462
4	0.00637	0.00586	0.05143	0.02060	0.07392	0.00556	0.04935	0.00803	0.00798	0.01141	0.16280	0.17065	0.01697	0.04012	0.24683	0.00285	0.05330	0.01800	0.04402	0.00394
5	0.05667	0.01166	0.01146	0.05491	0.14101	0.22150	0.00804	0.26050	0.09535	0.01578	0.00843	0.00948	0.00657	0.00533	0.03533	0.00137	0.04496	0.00331	0.00278	0.00554
6	0.00769	0.00448	0.00593	0.00530	0.00660	0.00407	0.00407	0.00948	0.01112	0.16270	0.68952	0.02644	0.03213	0.00745	0.00450	0.00123	0.00211	0.00653	0.00441	0.00423
7	0.01234	0.00587	0.00765	0.00633	0.00850	0.00542	0.00505	0.01497	0.09679	0.45069	0.31755	0.01935	0.01999	0.00607	0.00420	0.00123	0.00276	0.00515	0.00456	0.00553
8	0.00494	0.00415	0.00479	0.00459	0.00587	0.00357	0.02767	0.00613	0.00925	0.01151	0.17550	0.07794	0.63125	0.00952	0.00465	0.00132	0.00212	0.00811	0.00371	0.00343
9	0.00920	0.00511	0.00593	0.00517	0.00682	0.00483	0.00405	0.08840	0.01055	0.18315	0.18414	0.02180	0.19374	0.00649	0.00389	0.00115	0.00241	0.00539	0.25327	0.00449
10	0.01003	0.53468	0.25236	0.00852	0.01248	0.07844	0.03275	0.01226	0.00834	0.01025	0.00602	0.00704	0.00504	0.00351	0.00300	0.00098	0.00494	0.00243	0.00171	0.00522
11	0.00914	0.01139	0.09173	0.01608	0.02019	0.00985	0.75575	0.01255	0.00917	0.01255	0.00786	0.01038	0.00587	0.00334	0.00455	0.00132	0.00654	0.00448	0.00196	0.00533
12	0.00663	0.00501	0.00688	0.00720	0.07824	0.00519	0.03454	0.02557	0.04674	0.01068	0.10400	0.02034	0.01430	0.36663	0.19677	0.00340	0.00510	0.00507	0.05415	0.00356
13	0.00938	0.06465	0.07573	0.04252	0.21698	0.08535	0.01917	0.03656	0.03930	0.03223	0.02850	0.08829	0.00863	0.00461	0.00398	0.00108	0.03382	0.00386	0.00240	0.20295
14	0.07191	0.17764	0.01301	0.07349	0.17756	0.10107	0.03026	0.04319	0.09134	0.01238	0.02626	0.04372	0.00798	0.01700	0.01813	0.00126	0.03244	0.01269	0.00236	0.04633

[dist]
# distance from previous block
# <min> <max>
2	35

[block]
# block no. 3 follows, 69 sequences, length 40
# corresponding to MSA columns:
# 1562-1601
name=unknown_D
#
# <colnr> <probs for GDERKNQSTAVLIFYWHMCP>
#	G	D	E	R	K	N	Q	S	T	A	V	L	I	F	Y	W	H	M	C	P
0	0.05157	0.03359	0.01088	0.00948	0.02244	0.48166	0.05680	0.06561	0.03351	0.04569	0.00892	0.05868	0.00789	0.00588	0.03698	0.00134	0.00594	0.04395	0.01448	0.00470
1	0.00710	0.00628	0.00971	0.11123	0.29053	0.00630	0.02126	0.02129	0.00870	0.01160	0.03533	0.20179	0.17489	0.00739	0.00443	0.00136	0.00357	0.06993	0.00283	0.00450
2	0.00541	0.00406	0.00481	0.00505	0.02460	0.00384	0.00338	0.00622	0.00777	0.01008	0.11859	0.06505	0.28964	0.32409	0.06733	0.00259	0.00337	0.04791	0.00311	0.00310
3	0.02347	0.05239	0.11493	0.02152	0.01081	0.05925	0.04247	0.05851	0.06446	0.02634	0.04995	0.07018	0.03684	0.02238	0.08580	0.00187	0.20864	0.02050	0.00251	0.02721
4	0.00740	0.00697	0.01176	0.85280	0.02700	0.00871	0.01089	0.01002	0.00784	0.01002	0.00697	0.01045	0.00523	0.00392	0.00392	0.00131	0.00523	0.00348	0.00174	0.00436
5	0.00849	0.00797	0.01230	0.35280	0.30003	0.02263	0.00974	0.01077	0.00834	0.01162	0.00709	0.00958	0.00570	0.00353	0.00366	0.00108	0.00451	0.00319	0.00195	0.21500
6	0.00574	0.00406	0.00514	0.00487	0.00589	0.00369	0.00365	0.00742	0.01067	0.03864	0.66933	0.05749	0.15204	0.00834	0.00462	0.00126	0.00193	0.00731	0.00421	0.00371
7	0.01226	0.06739	0.01046	0.00805	0.01062	0.06821	0.00651	0.27341	0.35148	0.08369	0.01228	0.01179	0.00906	0.00483	0.00377	0.00119	0.00378	0.00378	0.05139	0.00606
8	0.00740	0.00697	0.01176	0.85280	0.02700	0.00871	0.01089	0.01002	0.00784	0.01002	0.00697	0.01045	0.00523	0.00392	0.00392	0.00131	0.00523	0.00348	0.00174	0.00436
9	0.00475	0.00388	0.00419	0.00432	0.00542	0.00333	0.00316	0.00577	0.00890	0.01098	0.11340	0.17948	0.61850	0.01015	0.00470	0.00136	0.00202	0.00866	0.00371	0.00333
10	0.00528	0.00402	0.00490	0.00476	0.00581	0.00365	0.00361	0.00682	0.01010	0.01358	0.50420	0.03213	0.30214	0.00963	0.03891	0.00149	0.00232	0.03913	0.00397	0.00356
11	0.01067	0.00888	0.00938	0.00816	0.01054	0.01018	0.00643	0.16373	0.68629	0.01788	0.01479	0.01370	0.01103	0.00521	0.00398	0.00130	0.00332	0.00427	0.00398	0.00629
12	0.00839	0.00696	0.00816	0.00584	0.00931	0.00524	0.00468	0.01012	0.00821	0.03522	0.00720	0.00827	0.00591	0.00296	0.00293	0.00060	0.00292	0.00237	0.00239	0.86233
13	0.88991	0.00758	0.00576	0.00516	0.00758	0.00879	0.00425	0.01152	0.00667	0.01759	0.00546	0.00637	0.00425	0.00364	0.00243	0.00121	0.00303	0.00212	0.00243	0.00425
14	0.00955	0.00825	0.00867	0.00782	0.01000	0.00950	0.00608	0.02023	0.79823	0.01617	0.01689	0.01554	0.04451	0.00550	0.00401	0.00133	0.00306	0.00458	0.00398	0.00609
15	0.00510	0.00364	0.00451	0.00495	0.00530	0.00344	0.00325	0.00576	0.00750	0.00998	0.10354	0.45851	0.10120	0.24393	0.01922	0.00219	0.00272	0.00889	0.00334	0.00303
16	0.00497	0.00395	0.00448	0.00454	0.00562	0.00346	0.00340	0.00621	0.00937	0.01195	0.24847	0.11679	0.50336	0.00970	0.00471	0.00135	0.00206	0.04837	0.00382	0.00342
17	0.01038	0.83120	0.05301	0.00688	0.01034	0.01526	0.00702	0.01177	0.00798	0.00935	0.00551	0.00637	0.00503	0.00337	0.00256	0.00085	0.00426	0.00213	0.00168	0.00506
18	0.00816	0.11531	0.74947	0.01067	0.01619	0.00983	0.01361	0.01234	0.00824	0.01206	0.00686	0.00805	0.00497	0.00368	0.00359	0.00120	0.00561	0.00281	0.00166	0.00571
19	0.06428	0.07361	0.04347	0.00806	0.03120	0.00902	0.00670	0.24778	0.08918	0.33997	0.02500	0.02560	0.00881	0.00477	0.00376	0.00119	0.00373	0.00375	0.00390	0.00621
20	0.00562	0.00374	0.00433	0.00446	0.00458	0.00369	0.00265	0.00590	0.00634	0.00867	0.04644	0.16189	0.01685	0.64615	0.01603	0.00319	0.00337	0.00655	0.04691	0.00262
21	0.00649	0.01903	0.23887	0.20334	0.01419	0.00645	0.01900	0.00884	0.00799	0.01087	0.01419	0.31465	0.03457	0.00757	0.00439	0.00143	0.00412	0.07712	0.00260	0.00427
22	0.01296	0.28754	0.01401	0.00885	0.01132	0.53480	0.00719	0.01408	0.00991	0.00960	0.00589	0.00689	0.00508	0.00382	0.00333	0.00095	0.01892	0.00239	0.00192	0.04055
23	0.00607	0.00523	0.04611	0.00600	0.00686	0.00488	0.01849	0.00738	0.04006	0.00943	0.01275	0.17302	0.01363	0.29927	0.23758	0.02538	0.02848	0.00579	0.00252	0.05109
24	0.01091	0.01226	0.05713	0.03109	0.04350	0.21708	0.25511	0.08801	0.03031	0.02580	0.00784	0.01050	0.00644	0.01841	0.00579	0.00134	0.14388	0.02730	0.00225	0.00506
25	0.02035	0.05021	0.33955	0.11792	0.06591	0.06073	0.13780	0.07832	0.00930	0.01285	0.00753	0.00936	0.00570	0.00479	0.03713	0.00141	0.00571	0.00333	0.02674	0.00535
26	0.01404	0.04720	0.01123	0.00973	0.01180	0.72745	0.00740	0.05210	0.02845	0.01039	0.00658	0.00765	0.00546	0.00510	0.03782	0.00123	0.00690	0.00266	0.00214	0.00465
27	0.01345	0.01591	0.01166	0.01016	0.01242	0.60019	0.07035	0.04739	0.14864	0.02080	0.00810	0.00877	0.00639	0.00423	0.00371	0.00110	0.00622	0.00306	0.00245	0.00499
28	0.00573	0.00424	0.00594	0.00588	0.00636	0.00485	0.00433	0.00672	0.00612	0.00869	0.01083	0.01802	0.01088	0.26077	0.58658	0.00544	0.03866	0.00459	0.00216	0.00321
29	0.00476	0.00348	0.00448	0.00527	0.00564	0.00320	0.00356	0.00548	0.00768	0.01008	0.02385	0.75804	0.12611	0.01199	0.00496	0.00156	0.00224	0.01079	0.00364	0.00320
30	0.00590	0.00380	0.00510	0.00564	0.00621	0.00354	0.00401	0.00687	0.00832	0.06975	0.11937	0.63404	0.02584	0.01112	0.00492	0.00154	0.00241	0.07429	0.00380	0.00353
31	0.02995	0.00926	0.00989	0.00797	0.01067	0.08143	0.00643	0.28834	0.11587	0.32273	0.03627	0.03344	0.00962	0.00507	0.00403	0.00121	0.01360	0.00398	0.00406	0.00618
32	0.00483	0.00394	0.00428	0.00434	0.00549	0.00339	0.00324	0.00595	0.00914	0.01135	0.15775	0.10971	0.62064	0.00987	0.00469	0.00135	0.00204	0.03089	0.00374	0.00337
33	0.03262	0.08970	0.17878	0.00916	0.03842	0.06111	0.02545	0.25573	0.04817	0.04452	0.04453	0.01092	0.02236	0.00656	0.06037	0.03750	0.02235	0.00352	0.00279	0.00544
34	0.00560	0.00394	0.00451	0.00449	0.00486	0.00375	0.00275	0.00592	0.00651	0.00867	0.03632	0.12976	0.09838	0.60464	0.01528	0.00304	0.00333	0.00649	0.00270	0.04904
35	0.05498	0.00720	0.00837	0.03862	0.01007	0.00606	0.00511	0.03915	0.05361	0.06375	0.00798	0.00884	0.00631	0.00329	0.00308	0.00074	0.00309	0.00261	0.00261	0.67453
36	0.02831	0.16773	0.23571	0.00919	0.06120	0.00936	0.02876	0.09066	0.03101	0.05682	0.00840	0.04670	0.00697	0.02403	0.00393	0.00112	0.01400	0.00330	0.00238	0.17043
37	0.06527	0.18200	0.04732	0.02745	0.12288	0.31823	0.02134	0.06859	0.03614	0.01184	0.00665	0.00790	0.00551	0.00405	0.00398	0.00110	0.05975	0.00280	0.00212	0.00509
38	0.00939	0.02789	0.00739	0.00591	0.00794	0.02980	0.02839	0.06647	0.02209	0.12308	0.03481	0.07760	0.02521	0.03542	0.00403	0.00111	0.00295	0.02299	0.27393	0.19361
39	0.02774	0.00564	0.00691	0.03172	0.04058	0.01701	0.01926	0.01024	0.16734	0.03567	0.03952	0.11998	0.05663	0.25591	0.00909	0.00214	0.01458	0.13291	0.00316	0.00397

[dist]
# distance from previous block
# <min> <max>
4	15

[block]
# block no. 4 follows, 69 sequences, length 45
# corresponding to MSA columns:
# 1617-1661
name=unknown_E
#
# <colnr> <probs for GDERKNQSTAVLIFYWHMCP>
#	G	D	E	R	K	N	Q	S	T	A	V	L	I	F	Y	W	H	M	C	P
0	0.00756	0.00565	0.00764	0.00802	0.06475	0.00570	0.03799	0.04375	0.12607	0.05794	0.05808	0.24245	0.07319	0.04061	0.00528	0.00158	0.00321	0.20264	0.00356	0.00435
1	0.00950	0.00885	0.02390	0.06897	0.43676	0.03283	0.02185	0.03197	0.01731	0.03569	0.01957	0.01847	0.00679	0.00389	0.00430	0.00110	0.06116	0.00339	0.01033	0.18339
2	0.00515	0.00397	0.00470	0.00457	0.00562	0.00352	0.00341	0.00660	0.01008	0.01342	0.48179	0.06857	0.35651	0.00897	0.00464	0.00128	0.00192	0.00774	0.00402	0.00352
3	0.87151	0.00756	0.00583	0.00519	0.00763	0.00873	0.00428	0.01168	0.00677	0.03495	0.00567	0.00652	0.00436	0.00366	0.00246	0.00121	0.00304	0.00216	0.00248	0.00430
4	0.00482	0.00354	0.00454	0.00528	0.00570	0.00325	0.00361	0.00561	0.00786	0.01032	0.05169	0.69704	0.13906	0.01177	0.00495	0.00155	0.00225	0.03026	0.00366	0.00323
5	0.01275	0.00672	0.00779	0.00636	0.00858	0.00675	0.00512	0.22559	0.03621	0.29566	0.01317	0.03809	0.00958	0.00495	0.00356	0.00112	0.00304	0.00397	0.30549	0.00552
6	0.00681	0.00340	0.00511	0.00511	0.00511	0.00340	0.00340	0.00511	0.00511	0.00681	0.00681	0.01192	0.00681	0.01362	0.01532	0.88594	0.00340	0.00340	0.00170	0.00170
7	0.00771	0.00450	0.00507	0.00478	0.00607	0.00434	0.00363	0.01011	0.08262	0.10290	0.14877	0.07742	0.16281	0.00668	0.00377	0.00115	0.00217	0.00562	0.35576	0.00412
8	0.01060	0.84005	0.02027	0.00681	0.01012	0.03961	0.00673	0.01185	0.00806	0.00923	0.00547	0.00631	0.00503	0.00337	0.00255	0.00084	0.00428	0.00211	0.00169	0.00502
9	0.00501	0.00389	0.00451	0.00455	0.00551	0.00344	0.00331	0.00622	0.00935	0.01218	0.31388	0.16053	0.40203	0.04141	0.00526	0.00143	0.00205	0.00821	0.00383	0.00339
10	0.15016	0.01049	0.01064	0.00836	0.01132	0.03961	0.00686	0.62034	0.03821	0.05255	0.00909	0.00915	0.00649	0.00454	0.00368	0.00118	0.00414	0.00332	0.00366	0.00621
11	0.00705	0.00564	0.00652	0.00631	0.00757	0.00602	0.00470	0.01232	0.34261	0.01446	0.28364	0.24725	0.02386	0.00807	0.00447	0.00137	0.00247	0.00711	0.00400	0.00458
12	0.83834	0.00778	0.00612	0.00538	0.00785	0.00899	0.00443	0.05946	0.00737	0.01801	0.00569	0.00655	0.00439	0.00370	0.00251	0.00121	0.00311	0.00221	0.00251	0.00439
13	0.00904	0.13246	0.43003	0.02322	0.04269	0.02573	0.04799	0.07701	0.09711	0.01316	0.00886	0.05974	0.00720	0.00441	0.00372	0.00121	0.00497	0.00359	0.00224	0.00559
14	0.00619	0.00452	0.00504	0.00491	0.00565	0.00448	0.00332	0.05537	0.06030	0.01098	0.08455	0.12999	0.19750	0.37147	0.01105	0.00238	0.00299	0.00678	0.02922	0.00332
15	0.00647	0.00487	0.00632	0.00602	0.00648	0.00555	0.00435	0.05603	0.00683	0.00953	0.01130	0.07055	0.01190	0.35971	0.32221	0.00421	0.09688	0.00511	0.00238	0.00330
16	0.00638	0.00471	0.00570	0.00525	0.00648	0.00454	0.00400	0.04434	0.07778	0.02973	0.60082	0.02819	0.15127	0.00788	0.00453	0.00125	0.00211	0.00684	0.00418	0.00403
17	0.00860	0.00927	0.01939	0.01427	0.01753	0.00875	0.64890	0.03526	0.00920	0.01245	0.01049	0.16641	0.00964	0.00499	0.00467	0.00137	0.00575	0.00579	0.00234	0.00494
18	0.00838	0.01349	0.33399	0.05849	0.01751	0.02272	0.34081	0.02433	0.03262	0.01237	0.00907	0.09110	0.00762	0.00445	0.00423	0.00131	0.00568	0.00447	0.00209	0.00526
19	0.00892	0.00714	0.00789	0.00699	0.00887	0.00782	0.00546	0.14063	0.39401	0.01703	0.26100	0.03631	0.05502	0.00646	0.00424	0.00129	0.00286	0.01871	0.00405	0.00530
20	0.00967	0.03774	0.01894	0.04617	0.03280	0.07394	0.04475	0.12853	0.31170	0.01455	0.01332	0.10720	0.03289	0.02132	0.05516	0.00162	0.01906	0.00480	0.00321	0.02261
21	0.00512	0.00362	0.00475	0.00551	0.00590	0.00339	0.00382	0.00595	0.00762	0.01032	0.02052	0.70684	0.02414	0.04043	0.00541	0.00163	0.00244	0.08070	0.03640	0.02547
22	0.19357	0.03570	0.05950	0.06563	0.30778	0.09465	0.00892	0.10873	0.00982	0.06945	0.00752	0.00881	0.00580	0.00385	0.00351	0.00117	0.00452	0.00307	0.00244	0.00554
23	0.02206	0.39740	0.22133	0.00961	0.04019	0.10044	0.08107	0.01258	0.03918	0.01087	0.00699	0.02918	0.00591	0.00382	0.00327	0.00105	0.00502	0.00293	0.00189	0.00522
24	0.00516	0.00366	0.00477	0.00549	0.00590	0.00345	0.00376	0.00621	0.02876	0.02297	0.06855	0.73398	0.05613	0.01164	0.00493	0.00155	0.00230	0.02372	0.00370	0.00335
25	0.00880	0.00567	0.00696	0.00650	0.01786	0.00558	0.00511	0.10940	0.06822	0.13955	0.22034	0.09219	0.13645	0.00801	0.00456	0.00137	0.00287	0.15194	0.00402	0.00460
26	0.03618	0.02292	0.01091	0.00841	0.01140	0.02720	0.00689	0.54861	0.11833	0.11401	0.01058	0.01028	0.00752	0.00466	0.00382	0.00117	0.00401	0.00356	0.00385	0.04570
27	0.01285	0.36062	0.01421	0.00750	0.01037	0.08911	0.00656	0.08704	0.09739	0.22306	0.02420	0.00979	0.00767	0.00431	0.00359	0.00106	0.02890	0.00311	0.00301	0.00563
28	0.00483	0.00389	0.00431	0.00440	0.00547	0.00336	0.00323	0.00594	0.00912	0.01149	0.19054	0.17123	0.54854	0.00995	0.00469	0.00135	0.00201	0.00852	0.00377	0.00336
29	0.02126	0.00911	0.00964	0.00866	0.04699	0.07679	0.00653	0.17307	0.35353	0.16737	0.02181	0.04185	0.01038	0.01681	0.01695	0.00136	0.00385	0.00422	0.00381	0.00600
30	0.00752	0.00713	0.01217	0.80810	0.04946	0.00876	0.03187	0.01014	0.00791	0.01016	0.00700	0.01043	0.00527	0.00389	0.00394	0.00130	0.00525	0.00351	0.00175	0.00443
31	0.00472	0.00396	0.00410	0.00410	0.00536	0.00334	0.00306	0.00577	0.00908	0.01101	0.10756	0.06130	0.74357	0.00983	0.00464	0.00132	0.00198	0.00826	0.00370	0.00334
32	0.07067	0.01239	0.02756	0.05655	0.17628	0.26830	0.10170	0.13586	0.01085	0.05666	0.00751	0.00888	0.00583	0.00407	0.00414	0.00117	0.04052	0.00325	0.00243	0.00537
33	0.00813	0.00697	0.00813	0.00581	0.00929	0.00523	0.00465	0.00987	0.00813	0.01277	0.00697	0.00813	0.00581	0.00290	0.00290	0.00058	0.00290	0.00232	0.00232	0.88619
34	0.01221	0.00974	0.01270	0.11689	0.19873	0.04126	0.04695	0.37800	0.01338	0.06979	0.03356	0.01130	0.00779	0.00451	0.00399	0.00121	0.00456	0.02435	0.00311	0.00597
35	0.00786	0.02028	0.84191	0.01117	0.01697	0.00910	0.01448	0.01242	0.00828	0.01242	0.00704	0.00828	0.00497	0.00372	0.00372	0.00124	0.00579	0.00290	0.00166	0.00579
36	0.00483	0.00399	0.00424	0.00421	0.00545	0.00340	0.00318	0.00599	0.00932	0.01152	0.17904	0.03638	0.67871	0.00961	0.00465	0.00132	0.00200	0.02503	0.00376	0.00338
37	0.00488	0.00360	0.00453	0.00508	0.00560	0.00329	0.00349	0.00575	0.00820	0.01081	0.13229	0.57602	0.17684	0.03369	0.00528	0.00155	0.00221	0.00993	0.00370	0.00325
38	0.00492	0.00372	0.00455	0.00509	0.00574	0.00337	0.00362	0.00584	0.00822	0.01058	0.07237	0.47424	0.27404	0.03312	0.00529	0.00156	0.00231	0.07450	0.00364	0.00326
39	0.01190	0.29922	0.06885	0.00850	0.02117	0.18183	0.03217	0.14628	0.02314	0.05507	0.00728	0.00797	0.00578	0.00379	0.00326	0.00097	0.00477	0.00272	0.00240	0.11292
40	0.00979	0.11114	0.32898	0.03069	0.29533	0.05932	0.02408	0.04953	0.00918	0.03578	0.00727	0.00874	0.00563	0.00370	0.00366	0.00115	0.00517	0.00308	0.00198	0.00580
41	0.02207	0.16101	0.27548	0.11589	0.10631	0.05755	0.01897	0.11478	0.00957	0.01288	0.00754	0.03020	0.00610	0.00510	0.03919	0.00137	0.00528	0.00323	0.00209	0.00538
42	0.02914	0.02592	0.02162	0.00522	0.00595	0.00413	0.00376	0.00676	0.00765	0.03838	0.07984	0.36005	0.11289	0.19857	0.02983	0.01559	0.00298	0.03169	0.01670	0.00331
43	0.00890	0.16276	0.05135	0.00930	0.06591	0.00815	0.13762	0.03144	0.00885	0.09318	0.05665	0.14112	0.05438	0.04670	0.01897	0.00145	0.02954	0.04018	0.00279	0.03077
44	0.01873	0.10109	0.11390	0.02494	0.06755	0.08015	0.05551	0.08528	0.03221	0.05384	0.02570	0.09410	0.05429	0.02666	0.00424	0.00118	0.01333	0.00424	0.00264	0.14040

[dist]
# distance from previous block
# <min> <max>
10	14

[block]
# block no. 5 follows, 69 sequences, length 10
# corresponding to MSA columns:
# 1677-1686
name=unknown_F
#
# <colnr> <probs for GDERKNQSTAVLIFYWHMCP>
#	G	D	E	R	K	N	Q	S	T	A	V	L	I	F	Y	W	H	M	C	P
0	0.08044	0.15133	0.38975	0.00915	0.01305	0.04849	0.04987	0.02413	0.00878	0.02811	0.11120	0.01105	0.02148	0.00442	0.00390	0.00118	0.03289	0.00343	0.00221	0.00514
1	0.00541	0.00472	0.04605	0.00554	0.00643	0.00379	0.00408	0.00633	0.00746	0.01015	0.01909	0.56645	0.06769	0.12304	0.00666	0.00174	0.00270	0.00888	0.00323	0.10057
2	0.00925	0.00914	0.01540	0.20222	0.45180	0.02894	0.13259	0.01247	0.07568	0.01238	0.00804	0.01034	0.00640	0.00372	0.00400	0.00123	0.00500	0.00371	0.00207	0.00563
3	0.08266	0.00947	0.01351	0.15230	0.34106	0.07296	0.07651	0.08742	0.00989	0.10483	0.00818	0.00980	0.00621	0.00386	0.00381	0.00120	0.00478	0.00345	0.00246	0.00564
4	0.00632	0.00457	0.00660	0.00646	0.00712	0.00527	0.00497	0.00753	0.00661	0.04852	0.01162	0.10837	0.01143	0.06766	0.60328	0.00504	0.07765	0.00497	0.00238	0.00362
5	0.00646	0.00500	0.00602	0.00570	0.00624	0.02473	0.00406	0.01915	0.00672	0.00942	0.02309	0.06159	0.04134	0.37278	0.20224	0.00348	0.09893	0.00511	0.05297	0.04497
6	0.00589	0.00638	0.09767	0.02546	0.03111	0.00497	0.00527	0.00848	0.09713	0.01190	0.10885	0.17609	0.37614	0.00867	0.00450	0.00136	0.00274	0.01995	0.00344	0.00402
7	0.00935	0.00855	0.01123	0.24798	0.19951	0.05834	0.00873	0.08236	0.20898	0.01404	0.10077	0.01308	0.01069	0.00469	0.00398	0.00124	0.00424	0.00406	0.00282	0.00535
8	0.00632	0.00493	0.00711	0.07415	0.03080	0.00571	0.00544	0.03158	0.02487	0.00970	0.01031	0.01584	0.00976	0.13704	0.57719	0.00503	0.03408	0.00429	0.00219	0.00367
9	0.00910	0.01086	0.12137	0.03945	0.01353	0.10146	0.18871	0.06356	0.03053	0.01235	0.09470	0.01192	0.00936	0.00734	0.08601	0.00181	0.18680	0.00402	0.00231	0.00480

[dist]
# distance from previous block
# <min> <max>
16	39

[block]
# block no. 6 follows, 69 sequences, length 43
# corresponding to MSA columns:
# 1730-1758,1760-1773
name=unknown_G
#
# <colnr> <probs for GDERKNQSTAVLIFYWHMCP>
#	G	D	E	R	K	N	Q	S	T	A	V	L	I	F	Y	W	H	M	C	P
0	0.02005	0.06625	0.14686	0.06430	0.05846	0.05765	0.10369	0.05327	0.05316	0.09427	0.01856	0.15608	0.03729	0.00684	0.04429	0.00151	0.00473	0.00498	0.00275	0.00502
1	0.00676	0.01946	0.02931	0.04523	0.00784	0.00491	0.00467	0.00904	0.09822	0.07457	0.11639	0.29310	0.17690	0.05281	0.02469	0.00163	0.00290	0.02399	0.00357	0.00400
2	0.05897	0.12272	0.06273	0.23476	0.11012	0.07725	0.03292	0.05145	0.04206	0.05665	0.00756	0.00958	0.00599	0.00430	0.00463	0.00124	0.09894	0.01087	0.00220	0.00508
3	0.00956	0.08953	0.04590	0.07995	0.18350	0.08445	0.00767	0.08152	0.02274	0.06969	0.03760	0.05161	0.14809	0.01394	0.01115	0.00129	0.01429	0.03977	0.00280	0.00497
4	0.04348	0.03107	0.02175	0.03148	0.06370	0.00767	0.06821	0.04165	0.12241	0.18164	0.08274	0.05308	0.05070	0.02664	0.04757	0.00162	0.08846	0.01573	0.01527	0.00512
5	0.00535	0.00394	0.00496	0.03730	0.00637	0.00390	0.00372	0.00644	0.04067	0.00980	0.03078	0.46590	0.09443	0.22153	0.03487	0.00224	0.00304	0.01837	0.00323	0.00319
6	0.02801	0.11245	0.27347	0.06434	0.05437	0.05169	0.20629	0.06313	0.04838	0.01274	0.00749	0.00909	0.00572	0.00387	0.00421	0.00122	0.04268	0.00339	0.00204	0.00543
7	0.04489	0.15013	0.12228	0.01023	0.07032	0.07829	0.07700	0.18958	0.12770	0.06764	0.00923	0.01997	0.00705	0.00425	0.00366	0.00116	0.00462	0.00342	0.00281	0.00577
8	0.00538	0.00370	0.00447	0.00478	0.00498	0.00358	0.00301	0.00570	0.00666	0.00883	0.03589	0.29704	0.06803	0.45557	0.02494	0.03451	0.00323	0.02406	0.00290	0.00274
9	0.01241	0.12633	0.04274	0.01785	0.03718	0.02495	0.00724	0.30501	0.27368	0.09526	0.01129	0.01095	0.00829	0.00464	0.00374	0.00118	0.00394	0.00362	0.00352	0.00619
10	0.00890	0.00880	0.05338	0.06619	0.01516	0.00812	0.35751	0.05091	0.08576	0.05468	0.12866	0.01516	0.03961	0.00544	0.02779	0.00141	0.00493	0.01981	0.00281	0.04494
11	0.00868	0.03191	0.01323	0.18813	0.44289	0.00892	0.01007	0.01105	0.04502	0.01162	0.00928	0.03275	0.04540	0.00482	0.00508	0.03254	0.07728	0.00389	0.00208	0.01535
12	0.00844	0.03546	0.74809	0.01114	0.01667	0.00911	0.05168	0.01273	0.00846	0.05189	0.00745	0.00859	0.00524	0.00375	0.00375	0.00124	0.00568	0.00301	0.00182	0.00580
13	0.02745	0.00769	0.10960	0.05284	0.04448	0.00645	0.09349	0.01810	0.09471	0.02660	0.10451	0.20436	0.11560	0.00712	0.00455	0.00134	0.02785	0.00629	0.04250	0.00447
14	0.04270	0.00766	0.00950	0.00842	0.07034	0.03829	0.00630	0.13028	0.01983	0.50721	0.05818	0.04565	0.01105	0.00524	0.00398	0.00123	0.00358	0.02024	0.00422	0.00612
15	0.01743	0.00693	0.00926	0.00710	0.01014	0.00614	0.00586	0.06726	0.01165	0.79172	0.01510	0.01311	0.00952	0.00484	0.00394	0.00121	0.00339	0.00392	0.00480	0.00667
16	0.00648	0.00437	0.00553	0.00586	0.00663	0.00430	0.00434	0.06170	0.02582	0.03912	0.09603	0.47661	0.02296	0.02580	0.00501	0.00154	0.00262	0.13221	0.06934	0.00373
17	0.01106	0.01040	0.01093	0.29657	0.06672	0.22867	0.00845	0.10022	0.02696	0.08860	0.00967	0.05584	0.03146	0.00484	0.00419	0.00123	0.03285	0.00385	0.00255	0.00492
18	0.04373	0.01932	0.00889	0.02123	0.06000	0.23108	0.00663	0.08058	0.02035	0.07598	0.02728	0.10483	0.02373	0.00798	0.04197	0.00157	0.00476	0.21247	0.00306	0.00455
19	0.00674	0.00474	0.00552	0.00555	0.00661	0.02440	0.00407	0.00867	0.07720	0.08808	0.17168	0.35967	0.18895	0.00955	0.00465	0.00141	0.00244	0.02230	0.00386	0.00391
20	0.00547	0.00363	0.00485	0.00559	0.00597	0.00340	0.00385	0.00623	0.00770	0.04719	0.02098	0.74735	0.02463	0.03961	0.00547	0.00166	0.00245	0.05697	0.00365	0.00334
21	0.01017	0.00968	0.09827	0.00899	0.04197	0.05312	0.02675	0.22110	0.05607	0.06404	0.03410	0.08582	0.09049	0.01846	0.03190	0.00152	0.12426	0.01506	0.00308	0.00516
22	0.00573	0.00440	0.00656	0.00648	0.00715	0.00522	0.00506	0.00711	0.00629	0.00912	0.01026	0.01510	0.00959	0.02839	0.80937	0.00610	0.04829	0.00417	0.00208	0.00354
23	0.00552	0.00422	0.00498	0.00495	0.00599	0.00388	0.00368	0.04539	0.00985	0.01296	0.30959	0.20081	0.32855	0.00952	0.00470	0.00136	0.00216	0.03440	0.00389	0.00359
24	0.02791	0.14253	0.21406	0.05906	0.08590	0.15889	0.04066	0.15150	0.01067	0.06218	0.00755	0.00856	0.00571	0.00393	0.00359	0.00113	0.00523	0.00302	0.00235	0.00556
25	0.00821	0.07943	0.33996	0.03048	0.03552	0.07137	0.03389	0.04956	0.00938	0.01272	0.16008	0.01454	0.06225	0.01705	0.05751	0.00155	0.00500	0.00413	0.00246	0.00492
26	0.00960	0.00990	0.00989	0.00868	0.00959	0.21717	0.02742	0.01093	0.02251	0.01071	0.00955	0.01159	0.06648	0.00584	0.00772	0.00135	0.38902	0.00365	0.16418	0.00422
27	0.00489	0.00353	0.00457	0.00531	0.00566	0.00328	0.00360	0.00565	0.00774	0.01025	0.06059	0.69267	0.09085	0.05243	0.00568	0.00167	0.00234	0.03247	0.00361	0.00319
28	0.00813	0.00697	0.00813	0.00581	0.00929	0.00523	0.00465	0.00987	0.00813	0.01277	0.00697	0.00813	0.00581	0.00290	0.00290	0.00058	0.00290	0.00232	0.00232	0.88619
29	0.00961	0.30538	0.27112	0.00868	0.01201	0.13066	0.00899	0.02222	0.02108	0.01054	0.00740	0.04915	0.00666	0.04717	0.01518	0.00131	0.06278	0.00319	0.00192	0.00495
30	0.10752	0.00644	0.00745	0.06105	0.02471	0.00705	0.00541	0.07376	0.19694	0.07821	0.05063	0.01737	0.05621	0.10756	0.10403	0.00215	0.00416	0.03834	0.04632	0.00468
31	0.02239	0.14639	0.01282	0.05824	0.14194	0.12876	0.02872	0.10382	0.13708	0.07345	0.00952	0.03044	0.00769	0.00442	0.00372	0.00113	0.01222	0.01767	0.00274	0.05683
32	0.00667	0.00512	0.00596	0.00569	0.00705	0.00497	0.00428	0.02682	0.15283	0.03252	0.17217	0.20885	0.18834	0.03815	0.00500	0.00141	0.00253	0.05102	0.00371	0.07692
33	0.03003	0.01289	0.01063	0.06388	0.09330	0.39466	0.00757	0.12228	0.08740	0.02212	0.02759	0.07695	0.00875	0.00505	0.00384	0.00117	0.00530	0.01891	0.00268	0.00501
34	0.00579	0.00377	0.00474	0.00511	0.00545	0.00360	0.00335	0.00635	0.00722	0.04817	0.04898	0.44528	0.03109	0.32432	0.01045	0.00238	0.00291	0.03471	0.00326	0.00308
35	0.00940	0.19243	0.18599	0.01135	0.01506	0.01043	0.30927	0.05415	0.03601	0.03478	0.03973	0.04965	0.00798	0.00425	0.00411	0.00121	0.02262	0.00403	0.00225	0.00530
36	0.00623	0.00480	0.02023	0.00571	0.00681	0.00426	0.01461	0.03265	0.01945	0.04080	0.07561	0.45387	0.12190	0.06214	0.00562	0.00152	0.01429	0.00832	0.00344	0.09773
37	0.00813	0.00697	0.00813	0.00581	0.00929	0.00523	0.00465	0.00987	0.00813	0.01277	0.00697	0.00813	0.00581	0.00290	0.00290	0.00058	0.00290	0.00232	0.00232	0.88619
38	0.00904	0.00964	0.07065	0.01221	0.13455	0.04855	0.20782	0.03457	0.23805	0.01410	0.11445	0.01531	0.05337	0.00500	0.00422	0.00127	0.00439	0.01445	0.00296	0.00540
39	0.00814	0.00802	0.01277	0.52987	0.11459	0.04788	0.08263	0.01067	0.01954	0.01085	0.04671	0.01117	0.00709	0.00469	0.02075	0.00139	0.05293	0.00374	0.00196	0.00463
40	0.00869	0.00923	0.09677	0.07013	0.04958	0.00834	0.26664	0.13269	0.00962	0.01325	0.04020	0.01286	0.00847	0.06558	0.18744	0.00252	0.00648	0.00423	0.00236	0.00488
41	0.00614	0.00442	0.00563	0.03765	0.00707	0.00448	0.00423	0.04738	0.04664	0.02065	0.08672	0.34872	0.12775	0.04015	0.10407	0.07003	0.00355	0.00761	0.02354	0.00355
42	0.01108	0.01003	0.00952	0.00787	0.01037	0.15376	0.00621	0.19354	0.19099	0.03332	0.02990	0.02236	0.04531	0.00480	0.00411	0.00108	0.04369	0.00366	0.00314	0.21527

[dist]
# distance from previous block
# <min> <max>
0	1

[block]
# block no. 7 follows, 69 sequences, length 20
# corresponding to MSA columns:
# 1775-1794
name=unknown_H
#
# <colnr> <probs for GDERKNQSTAVLIFYWHMCP>
#	G	D	E	R	K	N	Q	S	T	A	V	L	I	F	Y	W	H	M	C	P
0	0.02216	0.12047	0.18530	0.00988	0.04661	0.14242	0.04935	0.13201	0.15223	0.05551	0.00956	0.04088	0.00754	0.00449	0.00371	0.00117	0.00482	0.00355	0.00272	0.00562
1	0.04702	0.15957	0.02277	0.01948	0.08534	0.10465	0.00743	0.30863	0.08047	0.03000	0.01955	0.01018	0.02804	0.01747	0.00424	0.00118	0.04203	0.00338	0.00293	0.00564
2	0.00613	0.00494	0.00556	0.02649	0.00707	0.03540	0.00436	0.02621	0.05825	0.01160	0.07133	0.22361	0.26407	0.01122	0.08433	0.00186	0.00340	0.09261	0.05785	0.00370
3	0.00582	0.00416	0.00574	0.00656	0.00727	0.00408	0.00537	0.00731	0.00873	0.01152	0.07783	0.27664	0.02453	0.01105	0.00524	0.00170	0.00310	0.52619	0.00367	0.00349
4	0.00891	0.00933	0.01889	0.05853	0.06698	0.00917	0.56181	0.02535	0.00891	0.02730	0.00914	0.08500	0.00790	0.02495	0.00543	0.00141	0.05875	0.00499	0.00219	0.00503
5	0.00500	0.00406	0.00450	0.00474	0.00592	0.00356	0.00372	0.00615	0.00888	0.01080	0.03476	0.08066	0.62170	0.01024	0.00482	0.00144	0.00235	0.17969	0.00363	0.00337
6	0.01048	0.86458	0.02054	0.00671	0.01006	0.01551	0.00671	0.01174	0.00797	0.00922	0.00545	0.00629	0.00503	0.00335	0.00252	0.00084	0.00419	0.00210	0.00168	0.00503
7	0.01352	0.01001	0.01112	0.00853	0.01166	0.04322	0.03748	0.49993	0.05323	0.10375	0.00971	0.00978	0.00698	0.00435	0.00376	0.00108	0.00411	0.00340	0.00359	0.16078
8	0.00821	0.00823	0.01230	0.71045	0.06411	0.08201	0.03902	0.01069	0.00823	0.01020	0.00694	0.01012	0.00528	0.00389	0.00391	0.00127	0.00541	0.00344	0.00178	0.00449
9	0.01164	0.00881	0.00952	0.00811	0.01061	0.00989	0.00644	0.19738	0.57285	0.09795	0.01447	0.01336	0.01058	0.00514	0.00397	0.00128	0.00339	0.00419	0.00406	0.00635
10	0.01081	0.00773	0.00959	0.23063	0.01420	0.03452	0.00728	0.24269	0.03352	0.12470	0.10421	0.01616	0.02825	0.00548	0.00407	0.00126	0.00398	0.07005	0.04569	0.00518
11	0.04194	0.09517	0.20895	0.05141	0.02457	0.03804	0.07369	0.16578	0.06162	0.13564	0.01840	0.05043	0.00784	0.00457	0.00379	0.00121	0.00459	0.00376	0.00289	0.00569
12	0.01585	0.13136	0.01089	0.00719	0.01015	0.05003	0.00605	0.05475	0.03453	0.60343	0.01338	0.02596	0.00899	0.00473	0.00373	0.00116	0.00367	0.00372	0.00416	0.00626
13	0.00478	0.00341	0.00455	0.00546	0.00569	0.00318	0.00364	0.00546	0.00751	0.01001	0.02161	0.85966	0.02593	0.01228	0.00500	0.00159	0.00227	0.01114	0.00364	0.00318
14	0.00786	0.02028	0.84191	0.01117	0.01697	0.00910	0.01448	0.01242	0.00828	0.01242	0.00704	0.00828	0.00497	0.00372	0.00372	0.00124	0.00579	0.00290	0.00166	0.00579
15	0.00478	0.00352	0.00449	0.00522	0.00563	0.00322	0.00354	0.00555	0.00784	0.01029	0.05200	0.70895	0.14703	0.01179	0.00494	0.00154	0.00222	0.01058	0.00366	0.00322
16	0.00887	0.00828	0.01009	0.00978	0.08203	0.04737	0.02444	0.02567	0.29397	0.01267	0.03624	0.02868	0.06136	0.05317	0.00762	0.00156	0.25895	0.02141	0.00288	0.00498
17	0.03770	0.03091	0.18107	0.05874	0.17003	0.02954	0.07917	0.21505	0.08567	0.02942	0.02849	0.01038	0.00729	0.01439	0.00406	0.00124	0.00476	0.00359	0.00268	0.00583
18	0.01004	0.00827	0.00990	0.21566	0.01453	0.00960	0.00747	0.10532	0.50782	0.04845	0.01302	0.01298	0.00965	0.00489	0.00396	0.00130	0.00377	0.00408	0.00346	0.00582
19	0.00712	0.00543	0.00662	0.04652	0.00830	0.01743	0.01591	0.09439	0.05851	0.03073	0.13558	0.21894	0.14866	0.05673	0.00552	0.00156	0.00302	0.13144	0.00360	0.00402

[dist]
# distance from previous block
# <min> <max>
2	6

[block]
# block no. 8 follows, 69 sequences, length 51
# corresponding to MSA columns:
# 1801-1851
name=unknown_I
#
# <colnr> <probs for GDERKNQSTAVLIFYWHMCP>
#	G	D	E	R	K	N	Q	S	T	A	V	L	I	F	Y	W	H	M	C	P
0	0.15485	0.05987	0.02126	0.12094	0.01305	0.26489	0.04032	0.06431	0.08769	0.06612	0.01877	0.00976	0.02403	0.00437	0.00384	0.00118	0.03406	0.00320	0.00256	0.00492
