[name]
unknown

[dist]
# distance from previous block
# <min> <max>
1	17

[block]
# block no. 0 follows, 71 sequences, length 42
# corresponding to MSA columns:
# 21-62
name=unknown_A
#
# <colnr> <probs for GDERKNQSTAVLIFYWHMCP>
#	G	D	E	R	K	N	Q	S	T	A	V	L	I	F	Y	W	H	M	C	P
0	0.01038	0.00771	0.00760	0.00662	0.00851	0.13923	0.00511	0.01334	0.15194	0.20716	0.16447	0.01762	0.08573	0.05033	0.05588	0.00158	0.00385	0.00466	0.00354	0.05475
1	0.04685	0.00449	0.00522	0.00517	0.00584	0.00456	0.00356	0.04934	0.04444	0.02359	0.13538	0.27062	0.06049	0.29825	0.00966	0.00217	0.01674	0.00708	0.00320	0.00335
2	0.00838	0.00831	0.01158	0.68964	0.05230	0.09990	0.01017	0.04087	0.00840	0.01037	0.00679	0.00977	0.00518	0.00391	0.00394	0.00124	0.01970	0.00331	0.00182	0.00443
3	0.00927	0.00677	0.00809	0.00584	0.00919	0.00519	0.00470	0.01095	0.00838	0.13147	0.00800	0.00868	0.00622	0.00311	0.00298	0.00066	0.00290	0.00250	0.00263	0.76246
4	0.00837	0.24617	0.62504	0.00976	0.01479	0.01058	0.01214	0.01197	0.00801	0.01131	0.00647	0.00758	0.00487	0.00355	0.00333	0.00111	0.00525	0.00262	0.00162	0.00547
5	0.01420	0.01758	0.01084	0.00976	0.01180	0.78015	0.00736	0.05979	0.03481	0.01038	0.00638	0.00725	0.00522	0.00402	0.00349	0.00101	0.00666	0.00258	0.00213	0.00460
6	0.00898	0.00481	0.00617	0.00541	0.00700	0.00432	0.00420	0.01077	0.03334	0.26815	0.41269	0.06155	0.14245	0.00727	0.00432	0.00123	0.00233	0.00626	0.00425	0.00450
7	0.00468	0.00341	0.00443	0.00520	0.00554	0.00316	0.00351	0.00541	0.00752	0.00991	0.03463	0.75433	0.10798	0.01196	0.01730	0.00159	0.00231	0.01046	0.00355	0.00314
8	0.00853	0.00811	0.01344	0.11251	0.63184	0.00820	0.01038	0.01065	0.00861	0.01192	0.01169	0.01349	0.12526	0.00436	0.00391	0.00118	0.00424	0.00408	0.00211	0.00547
9	0.00695	0.00650	0.01067	0.76368	0.02411	0.00795	0.00981	0.00933	0.00778	0.00986	0.01029	0.01311	0.09557	0.00447	0.00391	0.00128	0.00477	0.00392	0.00190	0.00415
10	0.01561	0.00628	0.00840	0.00659	0.00928	0.00556	0.00539	0.01750	0.04367	0.71580	0.08011	0.01438	0.01170	0.00500	0.00387	0.00118	0.00309	0.00411	0.03634	0.00617
11	0.00853	0.30122	0.55774	0.02315	0.01451	0.01098	0.01158	0.01188	0.00799	0.01107	0.00636	0.00748	0.00488	0.00353	0.00325	0.00108	0.00514	0.00258	0.00163	0.00540
12	0.00876	0.37553	0.49910	0.00910	0.01376	0.01153	0.01098	0.01186	0.00797	0.01083	0.00623	0.00728	0.00488	0.00349	0.00315	0.00105	0.00501	0.00250	0.00163	0.00535
13	0.00467	0.00334	0.00445	0.00534	0.00556	0.00311	0.00356	0.00534	0.00734	0.00979	0.02113	0.86275	0.02536	0.01201	0.00489	0.00156	0.00222	0.01090	0.00356	0.00311
14	0.00507	0.00445	0.00439	0.00444	0.00558	0.04070	0.00327	0.00609	0.00886	0.01074	0.11545	0.14572	0.61265	0.00958	0.00453	0.00131	0.00219	0.00810	0.00356	0.00331
15	0.08469	0.01015	0.01027	0.00821	0.01099	0.14910	0.03451	0.28091	0.05481	0.30165	0.01066	0.01021	0.00733	0.00444	0.00369	0.00115	0.00426	0.00340	0.00366	0.00592
16	0.00551	0.00390	0.00504	0.00494	0.00582	0.00358	0.00369	0.00708	0.01010	0.03043	0.60996	0.14890	0.09937	0.00863	0.00459	0.00128	0.00197	0.03757	0.00406	0.00357
17	0.62384	0.17004	0.03996	0.00593	0.00857	0.07713	0.00524	0.01167	0.00717	0.01486	0.00544	0.00634	0.00439	0.00354	0.00252	0.00110	0.00359	0.00213	0.00218	0.00438
18	0.00829	0.02301	0.27491	0.01386	0.09561	0.02129	0.38574	0.01147	0.00855	0.01191	0.00883	0.10184	0.00764	0.00434	0.00418	0.00127	0.00555	0.00452	0.00201	0.00517
19	0.00994	0.03169	0.04904	0.10689	0.09641	0.04517	0.04519	0.17079	0.03377	0.02622	0.00741	0.00896	0.00587	0.00412	0.00482	0.00110	0.12713	0.00312	0.00240	0.21996
20	0.00854	0.12688	0.39454	0.01036	0.01442	0.02166	0.15675	0.04212	0.03927	0.02559	0.00900	0.08451	0.00773	0.00456	0.00381	0.00121	0.00504	0.02733	0.00213	0.01454
21	0.02458	0.09996	0.01002	0.00681	0.00969	0.00697	0.00572	0.05869	0.02272	0.65301	0.03339	0.03128	0.00981	0.00481	0.00373	0.00116	0.00334	0.00386	0.00429	0.00618
22	0.04302	0.00661	0.00884	0.00680	0.00975	0.00582	0.00562	0.03049	0.01095	0.80739	0.01475	0.01279	0.00929	0.00471	0.00381	0.00119	0.00327	0.00380	0.00466	0.00646
23	0.00467	0.00334	0.00445	0.00534	0.00556	0.00311	0.00356	0.00534	0.00734	0.00979	0.02113	0.86275	0.02536	0.01201	0.00489	0.00156	0.00222	0.01090	0.00356	0.00311
24	0.04047	0.16062	0.25089	0.01230	0.01642	0.01019	0.40355	0.01189	0.00848	0.01187	0.02127	0.02103	0.00612	0.00357	0.00385	0.00119	0.00557	0.00367	0.00187	0.00517
25	0.01115	0.03921	0.00940	0.00763	0.00991	0.02906	0.00612	0.30554	0.26942	0.07760	0.04049	0.09643	0.03339	0.00596	0.00401	0.00126	0.00348	0.04055	0.00376	0.00563
26	0.00471	0.00338	0.00447	0.00533	0.00561	0.00315	0.00361	0.00541	0.00743	0.00985	0.02172	0.81316	0.05316	0.01190	0.00489	0.00155	0.00225	0.03173	0.00356	0.00313
27	0.10252	0.00554	0.00737	0.00724	0.03736	0.00664	0.00545	0.03630	0.00663	0.01042	0.00904	0.02673	0.00859	0.08181	0.48704	0.00428	0.14725	0.00393	0.00213	0.00375
28	0.02208	0.29912	0.39761	0.00896	0.01318	0.06395	0.01009	0.06892	0.03784	0.03512	0.00698	0.00778	0.00536	0.00369	0.00325	0.00107	0.00493	0.00266	0.00198	0.00542
29	0.00621	0.00429	0.00522	0.00522	0.00585	0.00439	0.00360	0.00782	0.08699	0.04650	0.04575	0.18846	0.07588	0.34131	0.14317	0.00304	0.00417	0.01583	0.00296	0.00333
30	0.00472	0.00367	0.00421	0.00455	0.00532	0.00326	0.00320	0.00557	0.00811	0.01023	0.07464	0.35082	0.41854	0.06910	0.00570	0.00156	0.00218	0.01795	0.00351	0.00315
31	0.01079	0.00926	0.00902	0.00787	0.01006	0.10027	0.00615	0.17092	0.47520	0.04519	0.05053	0.04520	0.03159	0.00542	0.00392	0.00124	0.00358	0.00440	0.00370	0.00571
32	0.01399	0.00943	0.01226	0.00933	0.01239	0.00980	0.12421	0.48907	0.01471	0.20864	0.01086	0.01183	0.00782	0.00472	0.00401	0.00121	0.00429	0.04148	0.00376	0.00619
33	0.00888	0.00836	0.01398	0.31798	0.52281	0.00900	0.01121	0.04040	0.00869	0.01198	0.00714	0.00974	0.00575	0.00361	0.00381	0.00119	0.00474	0.00341	0.00190	0.00545
34	0.00821	0.00826	0.01179	0.69027	0.09733	0.09975	0.01040	0.01057	0.00811	0.00999	0.00675	0.00980	0.00518	0.00381	0.00379	0.00123	0.00526	0.00331	0.00175	0.00444
35	0.00862	0.00638	0.00694	0.00615	0.00807	0.00662	0.00480	0.08234	0.32239	0.09833	0.08124	0.02301	0.31547	0.00694	0.00417	0.00127	0.00267	0.00577	0.00388	0.00495
36	0.00769	0.00727	0.01231	0.69073	0.18822	0.00864	0.01087	0.01019	0.00788	0.01034	0.00689	0.01008	0.00530	0.00375	0.00383	0.00125	0.00500	0.00341	0.00174	0.00462
37	0.03003	0.00725	0.00754	0.00684	0.00800	0.10770	0.00518	0.13642	0.06044	0.02077	0.00951	0.01380	0.00872	0.14829	0.27565	0.09950	0.04409	0.00388	0.00246	0.00392
38	0.03947	0.00503	0.00634	0.00579	0.00726	0.00473	0.00439	0.04670	0.03331	0.25506	0.19933	0.28989	0.05844	0.02035	0.00454	0.00135	0.00258	0.00695	0.00401	0.00448
39	0.01113	0.20207	0.06304	0.00994	0.01328	0.02871	0.24297	0.11472	0.04741	0.14193	0.00918	0.03681	0.00708	0.00404	0.00369	0.00111	0.00464	0.00367	0.00268	0.05189
40	0.00800	0.00603	0.00724	0.00564	0.00824	0.00491	0.00443	0.01007	0.04541	0.07680	0.20925	0.04537	0.01433	0.00464	0.00345	0.00084	0.00261	0.00393	0.00305	0.53576
41	0.04719	0.02123	0.09209	0.00916	0.04220	0.07427	0.09623	0.15362	0.09174	0.15008	0.07689	0.03827	0.00993	0.00464	0.00380	0.00115	0.00414	0.00393	0.00316	0.07630

[dist]
# distance from previous block
# <min> <max>
0	2

[block]
# block no. 1 follows, 71 sequences, length 21
# corresponding to MSA columns:
# 65-85
name=unknown_B
#
# <colnr> <probs for GDERKNQSTAVLIFYWHMCP>
#	G	D	E	R	K	N	Q	S	T	A	V	L	I	F	Y	W	H	M	C	P
0	0.01163	0.15454	0.16080	0.00831	0.01159	0.00930	0.05497	0.12393	0.12619	0.22422	0.03067	0.02249	0.00858	0.03082	0.00414	0.00123	0.00408	0.00364	0.00316	0.00572
1	0.00485	0.00353	0.00452	0.00503	0.00551	0.00326	0.00346	0.00577	0.00819	0.01097	0.19848	0.56507	0.11691	0.03907	0.00526	0.00152	0.00215	0.00956	0.00366	0.00321
2	0.00824	0.02973	0.64485	0.00987	0.01462	0.00806	0.02503	0.01199	0.00852	0.08285	0.06949	0.05246	0.00859	0.00445	0.00378	0.00122	0.00500	0.00364	0.00218	0.00544
3	0.00802	0.00772	0.05060	0.00671	0.01026	0.00564	0.06553	0.00997	0.00804	0.01246	0.00689	0.00813	0.00565	0.00291	0.00300	0.00065	0.00325	0.00247	0.00221	0.77989
4	0.00545	0.00495	0.00468	0.00454	0.00579	0.06557	0.00340	0.00661	0.00937	0.01141	0.21643	0.03284	0.59768	0.00887	0.00445	0.00125	0.00228	0.00742	0.00359	0.00341
5	0.03991	0.00496	0.00630	0.00545	0.00707	0.00451	0.00421	0.01115	0.00985	0.31162	0.31800	0.02299	0.09347	0.11244	0.00608	0.00153	0.00267	0.02925	0.00403	0.00448
6	0.00769	0.01542	0.00732	0.00789	0.10949	0.02947	0.00499	0.12061	0.05154	0.02755	0.03060	0.22307	0.09696	0.24025	0.00840	0.00196	0.00337	0.00636	0.00304	0.00403
7	0.00651	0.00562	0.00894	0.24106	0.20079	0.00598	0.00742	0.00808	0.00779	0.01046	0.01406	0.41387	0.01538	0.00780	0.00437	0.00139	0.00358	0.03013	0.00268	0.00411
8	0.00529	0.00360	0.00427	0.00454	0.00461	0.00353	0.00271	0.00550	0.00613	0.00817	0.01492	0.28762	0.01752	0.59784	0.01493	0.00304	0.00325	0.00724	0.00271	0.00257
9	0.00497	0.00388	0.00452	0.00467	0.00560	0.00351	0.00341	0.00637	0.03362	0.01164	0.23287	0.25577	0.38359	0.00974	0.00462	0.00135	0.00204	0.02069	0.00373	0.00339
10	0.00948	0.03321	0.48137	0.01061	0.05498	0.00959	0.02650	0.14759	0.14560	0.03090	0.00886	0.00946	0.00642	0.00405	0.00372	0.00121	0.00488	0.00325	0.00244	0.00588
11	0.00466	0.00339	0.00439	0.00519	0.00552	0.00313	0.00349	0.00536	0.00749	0.00985	0.02297	0.77726	0.10967	0.01177	0.00486	0.00153	0.00220	0.01061	0.00356	0.00313
12	0.29552	0.00731	0.00796	0.00638	0.00905	0.00746	0.00525	0.14521	0.01051	0.39991	0.01090	0.01033	0.00733	0.00433	0.00331	0.00116	0.00323	0.00321	0.05605	0.00559
13	0.00545	0.00413	0.00505	0.00478	0.00583	0.00384	0.00360	0.00756	0.05290	0.01437	0.63143	0.02961	0.20095	0.00809	0.00449	0.00123	0.00190	0.00704	0.00407	0.00367
14	0.01010	0.20459	0.29548	0.01143	0.11674	0.11291	0.07128	0.03067	0.03288	0.05441	0.00723	0.00833	0.00558	0.00372	0.00362	0.00110	0.01958	0.00293	0.00200	0.00542
15	0.00612	0.00550	0.00599	0.00627	0.00685	0.10776	0.03649	0.00691	0.00768	0.00965	0.01775	0.63809	0.02077	0.06994	0.03361	0.00178	0.00334	0.00902	0.00317	0.00332
16	0.00817	0.00771	0.01281	0.52975	0.28487	0.00894	0.01082	0.02725	0.00813	0.01093	0.00690	0.00987	0.00544	0.00386	0.00427	0.00125	0.04893	0.00341	0.00181	0.00488
17	0.00916	0.03501	0.01291	0.10055	0.48307	0.07807	0.00959	0.02180	0.07883	0.01199	0.00946	0.11475	0.00871	0.00472	0.00388	0.00120	0.00437	0.00430	0.00228	0.00536
18	0.60402	0.00820	0.00729	0.00613	0.00865	0.00931	0.00503	0.22266	0.03330	0.03508	0.02500	0.00785	0.00578	0.00399	0.00287	0.00118	0.00327	0.00264	0.00288	0.00485
19	0.00934	0.00860	0.01394	0.14268	0.58072	0.00907	0.01067	0.08045	0.00912	0.01278	0.00748	0.01011	0.00625	0.02671	0.02981	0.00139	0.02973	0.00349	0.00204	0.00561
20	0.00665	0.11944	0.00743	0.00570	0.00698	0.02085	0.00445	0.05037	0.06782	0.01184	0.14011	0.27666	0.16972	0.02555	0.01625	0.00143	0.00283	0.05869	0.00337	0.00388

[dist]
# distance from previous block
# <min> <max>
0	1

[block]
# block no. 2 follows, 71 sequences, length 15
# corresponding to MSA columns:
# 87-101
name=unknown_C
#
# <colnr> <probs for GDERKNQSTAVLIFYWHMCP>
#	G	D	E	R	K	N	Q	S	T	A	V	L	I	F	Y	W	H	M	C	P
0	0.00773	0.00459	0.00545	0.00505	0.00653	0.00407	0.00384	0.03750	0.00947	0.19113	0.10003	0.18788	0.40449	0.00873	0.00443	0.00131	0.00235	0.00745	0.00388	0.00407
1	0.00992	0.01012	0.01456	0.09965	0.65458	0.12102	0.01108	0.01205	0.00892	0.01185	0.00700	0.00922	0.00583	0.00353	0.00375	0.00113	0.00492	0.00329	0.00189	0.00569
2	0.00959	0.51884	0.31050	0.00830	0.01234	0.06196	0.00929	0.01194	0.00808	0.01014	0.00591	0.00688	0.00490	0.00345	0.00294	0.00097	0.00482	0.00235	0.00165	0.00516
3	0.51356	0.00695	0.00690	0.00572	0.00830	0.00726	0.00471	0.01421	0.00837	0.35230	0.00950	0.00921	0.00647	0.00406	0.00298	0.00118	0.00305	0.00284	0.02731	0.00510
4	0.00475	0.00337	0.00443	0.00524	0.00544	0.00317	0.00345	0.00536	0.00719	0.00958	0.02034	0.78935	0.02436	0.08677	0.00618	0.00175	0.00236	0.01043	0.00345	0.00304
5	0.00780	0.00718	0.01015	0.01033	0.11958	0.00905	0.00735	0.00980	0.08385	0.01008	0.00801	0.01193	0.00752	0.08591	0.18409	0.00268	0.41457	0.00381	0.00205	0.00430
6	0.00902	0.00977	0.01992	0.09534	0.12938	0.00965	0.58823	0.02857	0.00892	0.01219	0.00750	0.01011	0.00576	0.00350	0.00472	0.00129	0.04482	0.00420	0.00194	0.00519
7	0.00539	0.00394	0.00561	0.00572	0.00623	0.00439	0.00422	0.00644	0.00622	0.00878	0.01202	0.12961	0.01241	0.16485	0.60017	0.00514	0.00812	0.00526	0.00230	0.00320
8	0.00937	0.00899	0.01534	0.06881	0.79701	0.00908	0.01171	0.01166	0.00867	0.01238	0.00719	0.00953	0.00602	0.00344	0.00380	0.00115	0.00459	0.00342	0.00189	0.00597
9	0.00942	0.00946	0.01402	0.14828	0.53291	0.08304	0.01076	0.01144	0.00837	0.01139	0.00675	0.00923	0.00569	0.00397	0.00494	0.00122	0.11853	0.00332	0.00185	0.00540
10	0.01073	0.01111	0.00849	0.00788	0.00929	0.40053	0.00595	0.01178	0.00963	0.08820	0.08480	0.18660	0.05438	0.00665	0.00466	0.00123	0.06886	0.02221	0.00284	0.00420
11	0.00668	0.00428	0.00573	0.00546	0.00656	0.00413	0.00426	0.00824	0.00934	0.10301	0.38944	0.03978	0.11019	0.01276	0.19628	0.00239	0.00406	0.07993	0.00364	0.00383
12	0.00815	0.00867	0.01796	0.01322	0.01613	0.00833	0.60318	0.01069	0.00830	0.01134	0.02989	0.01318	0.00802	0.12060	0.08583	0.00208	0.02315	0.00466	0.00205	0.00457
13	0.14594	0.09064	0.00959	0.00746	0.00952	0.24317	0.00598	0.11111	0.03572	0.05663	0.05889	0.06188	0.03711	0.00533	0.00390	0.00116	0.03684	0.04899	0.00280	0.02735
14	0.03183	0.01192	0.01033	0.00860	0.01115	0.26512	0.00681	0.30883	0.15448	0.13714	0.01009	0.00988	0.00731	0.00451	0.00371	0.00113	0.00467	0.00334	0.00338	0.00577

[dist]
# distance from previous block
# <min> <max>
0	4

[block]
# block no. 3 follows, 71 sequences, length 30
# corresponding to MSA columns:
# 106-135
name=unknown_D
#
# <colnr> <probs for GDERKNQSTAVLIFYWHMCP>
#	G	D	E	R	K	N	Q	S	T	A	V	L	I	F	Y	W	H	M	C	P
0	0.74837	0.00827	0.00657	0.00571	0.00815	0.04353	0.00467	0.11193	0.00812	0.01774	0.00584	0.00662	0.00448	0.00370	0.00260	0.00117	0.00328	0.00226	0.00254	0.00446
1	0.00500	0.00361	0.00470	0.00530	0.00567	0.00346	0.00360	0.00610	0.03212	0.01055	0.13008	0.64890	0.02524	0.06384	0.03113	0.00177	0.00253	0.00964	0.00354	0.00323
2	0.03785	0.01103	0.18207	0.01103	0.14651	0.09224	0.06511	0.07420	0.03595	0.07665	0.08894	0.04313	0.06197	0.00489	0.00397	0.00118	0.01486	0.00414	0.00269	0.04159
3	0.01272	0.00954	0.01006	0.00803	0.01065	0.04004	0.00651	0.55531	0.10427	0.05491	0.10669	0.01306	0.04022	0.00520	0.00393	0.00117	0.00379	0.00409	0.00385	0.00595
4	0.00506	0.00373	0.00473	0.00486	0.00560	0.00340	0.00350	0.00638	0.00943	0.01288	0.46405	0.29776	0.14557	0.00944	0.00464	0.00133	0.00196	0.00837	0.00392	0.00340
5	0.30067	0.01292	0.32984	0.00926	0.01319	0.00916	0.11485	0.11222	0.00902	0.04525	0.00707	0.00808	0.00512	0.00372	0.00337	0.00121	0.00462	0.00292	0.00229	0.00524
6	0.01107	0.09468	0.01008	0.00720	0.00959	0.04254	0.05943	0.06047	0.13040	0.24922	0.21558	0.01594	0.03041	0.00529	0.00388	0.00114	0.00333	0.00447	0.00370	0.04155
7	0.00541	0.00389	0.00479	0.00472	0.00567	0.00349	0.00348	0.00679	0.00970	0.03760	0.46441	0.17012	0.24787	0.00895	0.00457	0.00129	0.00196	0.00782	0.00395	0.00352
8	0.00955	0.00591	0.00690	0.00589	0.00773	0.00579	0.00464	0.16889	0.05085	0.17773	0.22846	0.05789	0.20012	0.00692	0.00416	0.00122	0.00266	0.00581	0.04413	0.00476
9	0.00831	0.03390	0.04069	0.42967	0.29821	0.00906	0.09406	0.01095	0.01749	0.01109	0.00710	0.00985	0.00557	0.00363	0.00385	0.00122	0.00503	0.00348	0.00181	0.00505
10	0.00963	0.00891	0.01412	0.06875	0.54902	0.01916	0.04962	0.09480	0.04773	0.01331	0.00800	0.01038	0.00664	0.03053	0.03471	0.00143	0.02175	0.00359	0.00219	0.00570
11	0.00548	0.00375	0.00454	0.00462	0.00476	0.00385	0.00286	0.00577	0.00583	0.00789	0.01257	0.09774	0.01421	0.64653	0.16018	0.00394	0.00470	0.00580	0.00239	0.00258
12	0.00474	0.00378	0.00425	0.00437	0.00537	0.00329	0.00319	0.00583	0.00889	0.01128	0.20059	0.20252	0.50879	0.00979	0.00460	0.00133	0.00197	0.00842	0.00370	0.00329
13	0.01015	0.36789	0.16702	0.00888	0.03673	0.10654	0.04519	0.06726	0.09424	0.01182	0.03214	0.02181	0.00703	0.00398	0.00326	0.00104	0.00463	0.00300	0.00218	0.00521
14	0.00606	0.04604	0.11650	0.00644	0.01827	0.00488	0.00542	0.00772	0.03103	0.03712	0.04577	0.51250	0.06777	0.00969	0.01370	0.00147	0.00296	0.04447	0.01837	0.00382
15	0.01090	0.00566	0.00698	0.00590	0.00784	0.00524	0.00463	0.10472	0.01068	0.34404	0.12838	0.10664	0.18757	0.04684	0.00491	0.00136	0.00282	0.00589	0.00409	0.00491
16	0.02085	0.01783	0.65496	0.01035	0.01521	0.06424	0.01247	0.06692	0.03787	0.01294	0.00788	0.00991	0.00600	0.00410	0.00371	0.00122	0.00542	0.04060	0.00197	0.00554
17	0.01086	0.00922	0.08363	0.01210	0.22383	0.01522	0.04176	0.17738	0.10534	0.13752	0.05822	0.06601	0.03144	0.00502	0.00397	0.00121	0.00395	0.00437	0.00319	0.00575
18	0.00936	0.00853	0.01408	0.08521	0.61376	0.02657	0.03333	0.01153	0.00855	0.05045	0.00785	0.01025	0.00648	0.00609	0.08991	0.00166	0.00522	0.00352	0.00203	0.00562
19	0.00513	0.00372	0.00492	0.00558	0.00614	0.00351	0.00416	0.00625	0.00829	0.01099	0.13059	0.48212	0.09274	0.01092	0.00491	0.00154	0.00247	0.20908	0.00364	0.00329
20	0.01112	0.14908	0.21002	0.00835	0.01158	0.08880	0.00816	0.08414	0.14065	0.15527	0.06020	0.01086	0.00881	0.00449	0.00387	0.00115	0.03162	0.00341	0.00290	0.00554
21	0.01994	0.08749	0.42438	0.00984	0.03148	0.07072	0.04065	0.09679	0.06052	0.05815	0.01831	0.00943	0.00645	0.01871	0.00385	0.00120	0.00496	0.00314	0.02850	0.00550
22	0.01270	0.01054	0.22592	0.00953	0.01327	0.00714	0.16225	0.01527	0.00983	0.43789	0.03147	0.01212	0.02495	0.00435	0.00396	0.00122	0.00442	0.00388	0.00338	0.00592
23	0.00875	0.01165	0.16080	0.04541	0.07150	0.00959	0.56509	0.01198	0.00865	0.01202	0.00740	0.00980	0.00560	0.00352	0.00473	0.00129	0.05108	0.00407	0.00186	0.00523
24	0.01369	0.00878	0.10898	0.00898	0.08323	0.00723	0.00728	0.11303	0.07767	0.45651	0.01339	0.05318	0.02021	0.00494	0.00389	0.00121	0.00369	0.00408	0.00388	0.00614
25	0.00915	0.00938	0.04244	0.10014	0.54513	0.00917	0.14753	0.01225	0.06339	0.01245	0.00781	0.00998	0.00627	0.00355	0.00392	0.00119	0.00486	0.00364	0.00201	0.00574
26	0.01398	0.00705	0.07212	0.00691	0.00957	0.00559	0.00594	0.02730	0.02676	0.59871	0.01552	0.16877	0.01205	0.00600	0.00403	0.00126	0.00326	0.00508	0.00426	0.00582
27	0.10078	0.47779	0.07334	0.00754	0.01059	0.17119	0.01868	0.01291	0.04675	0.04024	0.00641	0.00712	0.00533	0.00360	0.00287	0.00096	0.00458	0.00239	0.00200	0.00492
28	0.00949	0.07044	0.30492	0.02910	0.11123	0.00828	0.08636	0.04139	0.02749	0.13552	0.06003	0.01288	0.07689	0.00454	0.00384	0.00119	0.00449	0.00390	0.00259	0.00543
29	0.01943	0.00719	0.05564	0.06503	0.15797	0.00644	0.07015	0.04703	0.03629	0.13324	0.05975	0.11997	0.19289	0.00639	0.00417	0.00127	0.00354	0.00565	0.00313	0.00482

[dist]
# distance from previous block
# <min> <max>
3	36

[block]
# block no. 4 follows, 71 sequences, length 6
# corresponding to MSA columns:
# 172-177
name=unknown_E
#
# <colnr> <probs for GDERKNQSTAVLIFYWHMCP>
#	G	D	E	R	K	N	Q	S	T	A	V	L	I	F	Y	W	H	M	C	P
0	0.00899	0.31501	0.31328	0.00781	0.01145	0.00978	0.00863	0.01152	0.00879	0.08549	0.17182	0.01191	0.01149	0.00444	0.00342	0.00107	0.00414	0.00346	0.00242	0.00507
1	0.05589	0.45617	0.15844	0.00780	0.01121	0.07926	0.00782	0.07771	0.09152	0.01191	0.00698	0.00761	0.00568	0.00371	0.00299	0.00099	0.00444	0.00256	0.00210	0.00521
2	0.00809	0.04462	0.12038	0.07429	0.01016	0.00655	0.00636	0.11316	0.04990	0.07546	0.09644	0.29364	0.01623	0.06071	0.00515	0.00146	0.00342	0.00631	0.00320	0.00446
3	0.00876	0.09307	0.29803	0.00893	0.01231	0.08318	0.07365	0.05049	0.09115	0.01192	0.00896	0.04763	0.00779	0.11125	0.00558	0.00144	0.00475	0.00369	0.00223	0.07517
4	0.09991	0.02821	0.16606	0.00781	0.01042	0.09175	0.04461	0.02899	0.08742	0.08903	0.05501	0.01599	0.18322	0.00562	0.00446	0.00124	0.06828	0.00437	0.00284	0.00476
5	0.15861	0.13416	0.03400	0.00673	0.00897	0.12278	0.00557	0.07164	0.07493	0.14075	0.08558	0.01268	0.01014	0.11151	0.00535	0.00143	0.00388	0.00358	0.00294	0.00476

[dist]
# distance from previous block
# <min> <max>
1	2

[block]
# block no. 5 follows, 71 sequences, length 14
# corresponding to MSA columns:
# 180-193
name=unknown_F
#
# <colnr> <probs for GDERKNQSTAVLIFYWHMCP>
#	G	D	E	R	K	N	Q	S	T	A	V	L	I	F	Y	W	H	M	C	P
0	0.01087	0.00916	0.00940	0.00811	0.01048	0.03823	0.00640	0.20841	0.61671	0.01771	0.01379	0.01287	0.01027	0.00502	0.00387	0.00126	0.00344	0.00407	0.00382	0.00612
1	0.00795	0.00681	0.00795	0.00568	0.00909	0.00511	0.00454	0.00965	0.00795	0.01249	0.00681	0.00795	0.00568	0.00284	0.00284	0.00057	0.00284	0.00227	0.00227	0.88869
2	0.00734	0.01717	0.70658	0.00982	0.01455	0.00805	0.01221	0.01106	0.00768	0.01137	0.00774	0.01090	0.00636	0.14581	0.00626	0.00163	0.00534	0.00329	0.00174	0.00511
3	0.01331	0.23191	0.01329	0.00857	0.01124	0.33745	0.00707	0.25906	0.03488	0.03822	0.00729	0.00779	0.00573	0.00403	0.00334	0.00101	0.00517	0.00275	0.00258	0.00530
4	0.00472	0.00367	0.00431	0.00469	0.00548	0.00326	0.00336	0.00567	0.00834	0.01061	0.10345	0.38785	0.39414	0.01055	0.00471	0.00141	0.00210	0.03484	0.00362	0.00323
5	0.00496	0.00354	0.00478	0.00567	0.00602	0.00336	0.00406	0.00584	0.00762	0.01011	0.02097	0.70602	0.02473	0.01174	0.00497	0.00160	0.00247	0.16478	0.00355	0.00319
6	0.00603	0.00489	0.00580	0.00625	0.02789	0.03821	0.00449	0.03813	0.04181	0.01100	0.06207	0.36845	0.14122	0.01301	0.14415	0.00222	0.00395	0.07357	0.00326	0.00362
7	0.01523	0.00969	0.01085	0.00832	0.01136	0.01033	0.00687	0.62619	0.01626	0.22902	0.01068	0.01017	0.00726	0.00464	0.00384	0.00116	0.00398	0.00355	0.00406	0.00652
8	0.01307	0.00648	0.00817	0.00664	0.00901	0.00621	0.00534	0.08324	0.12606	0.46060	0.21396	0.01668	0.01600	0.00554	0.00402	0.00120	0.00296	0.00463	0.00443	0.00576
9	0.00770	0.00537	0.00668	0.00595	0.00727	0.00556	0.00461	0.16427	0.01076	0.05331	0.37236	0.03541	0.04342	0.05098	0.20620	0.00250	0.00445	0.00549	0.00354	0.00418
10	0.01122	0.01252	0.24139	0.01081	0.10055	0.01008	0.02593	0.42179	0.03871	0.01820	0.00976	0.04402	0.02816	0.00463	0.00385	0.00119	0.00452	0.00374	0.00297	0.00598
11	0.04625	0.01219	0.11050	0.01293	0.19222	0.17695	0.10571	0.09606	0.15132	0.04512	0.00884	0.00971	0.00673	0.00401	0.00376	0.00117	0.00498	0.00341	0.00255	0.00558
12	0.00916	0.37308	0.22972	0.00867	0.06047	0.01098	0.00843	0.01255	0.11059	0.03771	0.09558	0.01045	0.00926	0.00415	0.00328	0.00105	0.00413	0.00319	0.00230	0.00524
13	0.01005	0.35898	0.02004	0.01136	0.01471	0.06191	0.38160	0.04473	0.00889	0.01115	0.00662	0.00832	0.00540	0.00348	0.00390	0.00109	0.03755	0.00331	0.00189	0.00504

[dist]
# distance from previous block
# <min> <max>
5	7

[block]
# block no. 6 follows, 71 sequences, length 69
# corresponding to MSA columns:
# 202-270
name=unknown_G
#
# <colnr> <probs for GDERKNQSTAVLIFYWHMCP>
#	G	D	E	R	K	N	Q	S	T	A	V	L	I	F	Y	W	H	M	C	P
0	0.01110	0.29811	0.25237	0.00902	0.01255	0.28347	0.00905	0.06272	0.00950	0.01095	0.00620	0.00714	0.00501	0.00368	0.00320	0.00101	0.00547	0.00250	0.00188	0.00508
1	0.00856	0.25310	0.14233	0.40055	0.07427	0.03967	0.00999	0.01096	0.00795	0.01011	0.00640	0.00858	0.00508	0.00362	0.00340	0.00112	0.00494	0.00290	0.00170	0.00479
2	0.00840	0.11146	0.67963	0.02340	0.01551	0.00948	0.01266	0.01258	0.03735	0.04457	0.00734	0.00833	0.00529	0.00370	0.00353	0.00117	0.00530	0.00285	0.00183	0.00561
3	0.00862	0.03613	0.02707	0.00750	0.05847	0.05308	0.00543	0.02358	0.00852	0.15685	0.07827	0.32244	0.04036	0.06536	0.00612	0.00152	0.08654	0.00664	0.00326	0.00424
4	0.00516	0.00390	0.00467	0.00459	0.00548	0.00355	0.00334	0.00659	0.02055	0.01275	0.45062	0.11010	0.26674	0.07798	0.00576	0.00147	0.00206	0.00750	0.00381	0.00339
5	0.14572	0.00857	0.00817	0.00732	0.00943	0.07611	0.00570	0.06849	0.48303	0.04361	0.02982	0.06938	0.01779	0.00534	0.00371	0.00126	0.00333	0.00429	0.00352	0.00542
6	0.01063	0.00821	0.00925	0.00687	0.01011	0.00762	0.00558	0.29649	0.03334	0.04549	0.00817	0.00873	0.00626	0.00358	0.00325	0.00081	0.00334	0.00279	0.00295	0.52651
7	0.00646	0.00356	0.00515	0.00515	0.00531	0.00363	0.00352	0.01852	0.00564	0.00762	0.02915	0.06496	0.00921	0.05719	0.10071	0.66212	0.00398	0.00408	0.00195	0.00210
8	0.00500	0.00367	0.00473	0.00532	0.00585	0.00343	0.00379	0.00615	0.02197	0.01097	0.14847	0.55979	0.10812	0.01089	0.00482	0.00149	0.00227	0.08631	0.00366	0.00329
9	0.00859	0.00831	0.01205	0.46495	0.22772	0.06012	0.01003	0.01225	0.13518	0.01142	0.00821	0.01046	0.00636	0.00395	0.00381	0.00123	0.00476	0.00350	0.00211	0.00500
10	0.00567	0.00382	0.00449	0.00462	0.00476	0.00382	0.00292	0.00594	0.00608	0.00806	0.01334	0.02788	0.01519	0.73391	0.01733	0.00342	0.00369	0.13005	0.00251	0.00251
11	0.00740	0.00509	0.00618	0.00603	0.00718	0.00518	0.00445	0.03436	0.19712	0.09080	0.19284	0.38798	0.02252	0.00868	0.00446	0.00138	0.00248	0.00769	0.00390	0.00431
12	0.00635	0.00333	0.00491	0.00505	0.00508	0.00330	0.00337	0.00505	0.00536	0.00714	0.00888	0.14245	0.00953	0.01312	0.01343	0.75215	0.00316	0.00449	0.00196	0.00189
13	0.00773	0.03428	0.83132	0.01085	0.01648	0.00901	0.01404	0.01213	0.00809	0.01209	0.00685	0.00806	0.00486	0.00364	0.00362	0.00121	0.00564	0.00282	0.00162	0.00565
14	0.04687	0.00824	0.01019	0.13804	0.01307	0.00861	0.00699	0.33084	0.01303	0.36770	0.01119	0.01087	0.00747	0.00451	0.00379	0.00119	0.00391	0.00356	0.00384	0.00609
15	0.00558	0.00416	0.00595	0.00606	0.00661	0.00470	0.00462	0.00673	0.00645	0.00906	0.01230	0.09747	0.01266	0.13067	0.55520	0.00484	0.03724	0.08404	0.00236	0.00329
16	0.00742	0.00706	0.01154	0.72603	0.02390	0.00901	0.01030	0.00971	0.00739	0.00971	0.00654	0.00994	0.00510	0.00428	0.00518	0.00134	0.13622	0.00340	0.00170	0.00425
17	0.01154	0.00720	0.00824	0.00702	0.00907	0.01519	0.00547	0.15608	0.26133	0.23996	0.01420	0.06150	0.01159	0.13769	0.00638	0.00164	0.00342	0.03323	0.00383	0.00543
18	0.00603	0.00439	0.00538	0.00515	0.00617	0.00422	0.00384	0.04400	0.05628	0.02327	0.52510	0.15545	0.10829	0.00826	0.00446	0.00126	0.00208	0.00724	0.02534	0.00380
19	0.00467	0.00334	0.00445	0.00534	0.00556	0.00311	0.00356	0.00534	0.00734	0.00979	0.02113	0.86275	0.02536	0.01201	0.00489	0.00156	0.00222	0.01090	0.00356	0.00311
20	0.01056	0.63070	0.12220	0.00762	0.01100	0.14266	0.00764	0.01215	0.00830	0.00947	0.00562	0.00651	0.00492	0.00343	0.00276	0.00090	0.00473	0.00221	0.00169	0.00494
21	0.00490	0.00376	0.00446	0.00484	0.00555	0.00345	0.00339	0.00611	0.03729	0.01064	0.10278	0.44522	0.30252	0.04018	0.00521	0.00150	0.00217	0.00916	0.00359	0.00328
22	0.00552	0.00415	0.00515	0.00568	0.00624	0.00417	0.00395	0.00780	0.13459	0.01099	0.06330	0.64558	0.02338	0.04085	0.00524	0.00158	0.00240	0.02226	0.00360	0.00357
23	0.00706	0.00622	0.01003	0.64448	0.04972	0.00750	0.00892	0.00916	0.00740	0.00980	0.00798	0.01273	0.00679	0.13624	0.00617	0.00162	0.00468	0.00375	0.05575	0.00398
24	0.06323	0.01749	0.01059	0.00958	0.01161	0.78257	0.00722	0.03492	0.01080	0.01018	0.00597	0.00693	0.00493	0.00395	0.00341	0.00100	0.00663	0.00247	0.00204	0.00448
25	0.01359	0.01659	0.01161	0.01194	0.13933	0.69049	0.00807	0.04404	0.01080	0.01040	0.00624	0.00739	0.00517	0.00389	0.00352	0.00102	0.00645	0.00265	0.00203	0.00477
26	0.01470	0.01064	0.01129	0.00921	0.04420	0.06708	0.00726	0.63814	0.01628	0.12787	0.00967	0.00956	0.00678	0.00453	0.00381	0.00114	0.00429	0.00344	0.00375	0.00636
27	0.00880	0.00881	0.01435	0.10856	0.30929	0.04158	0.17424	0.01096	0.00830	0.01161	0.00752	0.04424	0.00650	0.00403	0.00470	0.00116	0.08865	0.00373	0.00199	0.14096
28	0.00476	0.00342	0.00452	0.00536	0.00563	0.00322	0.00360	0.00560	0.01894	0.01002	0.04161	0.82998	0.02544	0.01181	0.00487	0.00154	0.00223	0.01071	0.00358	0.00317
29	0.00812	0.14984	0.69478	0.01041	0.01566	0.00989	0.03649	0.01204	0.00808	0.01167	0.00667	0.00786	0.00489	0.00358	0.00349	0.00116	0.00545	0.00276	0.00163	0.00554
30	0.00813	0.00519	0.00636	0.00553	0.00726	0.00476	0.01738	0.03656	0.06284	0.17020	0.24466	0.06438	0.27641	0.00737	0.00431	0.00122	0.00904	0.00627	0.00387	0.05827
31	0.03382	0.00689	0.00750	0.00679	0.00859	0.00759	0.00526	0.06959	0.46191	0.03578	0.14322	0.05118	0.07014	0.04003	0.00469	0.00139	0.00287	0.03379	0.00381	0.00514
32	0.00548	0.00411	0.00616	0.00616	0.00685	0.00479	0.00479	0.00685	0.00616	0.00890	0.01027	0.01506	0.00959	0.02876	0.85006	0.00616	0.01027	0.00411	0.00205	0.00342
33	0.01251	0.00850	0.01016	0.00875	0.04721	0.00915	0.01967	0.44266	0.01377	0.13396	0.01162	0.01530	0.00943	0.00557	0.00446	0.00126	0.04920	0.12833	0.06278	0.00570
34	0.23770	0.03027	0.02537	0.00985	0.02731	0.02799	0.27353	0.05071	0.04586	0.17252	0.04156	0.01065	0.00765	0.01781	0.00392	0.00125	0.00438	0.00367	0.00284	0.00516
35	0.00598	0.00447	0.00521	0.00489	0.00614	0.00420	0.00371	0.00846	0.09948	0.04366	0.43651	0.02945	0.31724	0.00810	0.00443	0.00125	0.00204	0.00695	0.00397	0.00385
36	0.00723	0.00462	0.00563	0.00509	0.00633	0.00445	0.00390	0.05879	0.03757	0.07740	0.54581	0.02391	0.05521	0.00687	0.00413	0.00116	0.00211	0.00593	0.13980	0.00407
37	0.01714	0.01121	0.04203	0.03053	0.02688	0.28101	0.15019	0.07290	0.05648	0.01155	0.00942	0.09487	0.00849	0.00925	0.15842	0.00209	0.00640	0.00420	0.00237	0.00457
38	0.00820	0.00876	0.04439	0.42686	0.08088	0.00908	0.29986	0.02676	0.00840	0.01122	0.00731	0.01755	0.00562	0.00374	0.00428	0.00128	0.02530	0.00385	0.00186	0.00479
39	0.01268	0.00653	0.00802	0.00664	0.00896	0.00643	0.00531	0.04297	0.22755	0.42181	0.14156	0.01573	0.01410	0.00532	0.00390	0.00120	0.00292	0.00442	0.05817	0.00578
40	0.00561	0.00389	0.00474	0.00503	0.00536	0.00386	0.00348	0.00620	0.00671	0.00882	0.01620	0.08124	0.06298	0.52465	0.03500	0.00301	0.00364	0.21405	0.00277	0.00276
41	0.03597	0.01043	0.03498	0.01266	0.07015	0.09944	0.36850	0.09306	0.07381	0.09351	0.00987	0.02098	0.02725	0.00416	0.00425	0.00124	0.02044	0.01131	0.00262	0.00536
42	0.00542	0.00374	0.00414	0.00414	0.00434	0.00364	0.00241	0.00556	0.00606	0.00788	0.01619	0.02691	0.14085	0.73377	0.01721	0.00334	0.00344	0.00596	0.00251	0.00246
43	0.00694	0.00380	0.00393	0.00383	0.00486	0.00368	0.00289	0.02008	0.00852	0.02970	0.06697	0.01855	0.13893	0.00549	0.00312	0.00098	0.00187	0.00448	0.66778	0.00362
44	0.00619	0.00475	0.00579	0.02372	0.00710	0.00490	0.00433	0.05820	0.13544	0.01211	0.09715	0.47499	0.07330	0.02255	0.04912	0.00171	0.00292	0.00830	0.00356	0.00386
45	0.00976	0.03086	0.03222	0.09491	0.63699	0.08084	0.01107	0.02357	0.02107	0.01214	0.00717	0.00929	0.00593	0.00354	0.00374	0.00113	0.00479	0.00330	0.00193	0.00574
46	0.00664	0.00593	0.00887	0.00774	0.00881	0.04715	0.13109	0.00800	0.00671	0.00919	0.00971	0.01540	0.00932	0.17527	0.47994	0.00446	0.05580	0.00432	0.00206	0.00358
47	0.01182	0.01467	0.09300	0.01379	0.21852	0.41177	0.08264	0.04959	0.04664	0.01163	0.00707	0.00840	0.00566	0.00381	0.00369	0.00110	0.00588	0.00305	0.00209	0.00519
48	0.00826	0.00843	0.01108	0.67424	0.02305	0.13756	0.00988	0.01053	0.00823	0.00984	0.00750	0.01173	0.00612	0.00426	0.00386	0.00126	0.00529	0.05278	0.00186	0.00424
49	0.00941	0.00903	0.01542	0.05293	0.81256	0.00909	0.01173	0.01170	0.00869	0.01243	0.00720	0.00952	0.00604	0.00343	0.00380	0.00114	0.00457	0.00342	0.00189	0.00601
50	0.01346	0.06480	0.01044	0.00844	0.01077	0.38703	0.00661	0.04328	0.20012	0.18861	0.02244	0.01026	0.00797	0.00444	0.00361	0.00110	0.00491	0.00326	0.00308	0.00534
51	0.00801	0.01772	0.66835	0.01250	0.06741	0.00904	0.13900	0.01214	0.00828	0.01219	0.00704	0.00853	0.00508	0.00357	0.00379	0.00122	0.00572	0.00313	0.00169	0.00562
52	0.00558	0.00372	0.00418	0.00418	0.00418	0.00372	0.00232	0.00558	0.00558	0.00743	0.01208	0.02509	0.01394	0.86525	0.01952	0.00372	0.00372	0.00558	0.00232	0.00232
53	0.00800	0.00760	0.01285	0.56596	0.29535	0.00877	0.01098	0.01044	0.00799	0.01069	0.00691	0.00995	0.00543	0.00375	0.00398	0.00124	0.02009	0.00341	0.00177	0.00486
54	0.00745	0.00703	0.01187	0.77930	0.10153	0.00857	0.01075	0.00998	0.00776	0.01005	0.00685	0.01015	0.00520	0.00379	0.00383	0.00126	0.00506	0.00341	0.00172	0.00443
55	0.00481	0.00340	0.00441	0.00516	0.00535	0.00321	0.00337	0.00538	0.00707	0.00943	0.01974	0.73402	0.02360	0.14314	0.00714	0.00189	0.00245	0.01008	0.00337	0.00299
56	0.01126	0.00641	0.00667	0.00566	0.00749	0.05710	0.00448	0.14458	0.02194	0.21729	0.01225	0.01272	0.00894	0.00454	0.00322	0.00102	0.00287	0.00357	0.46315	0.00486
57	0.00841	0.25813	0.61339	0.00970	0.01470	0.01067	0.01203	0.01196	0.00801	0.01127	0.00644	0.00755	0.00487	0.00354	0.00331	0.00110	0.00523	0.00261	0.00162	0.00546
58	0.00520	0.00378	0.00498	0.00572	0.00630	0.00359	0.00435	0.00629	0.00808	0.01056	0.04935	0.45701	0.11399	0.02485	0.00521	0.00162	0.00264	0.27965	0.00355	0.00327
59	0.00475	0.00341	0.00453	0.00540	0.00569	0.00319	0.00369	0.00549	0.00746	0.00990	0.02153	0.79599	0.04564	0.01187	0.00491	0.00156	0.00229	0.05600	0.00356	0.00314
60	0.00739	0.00697	0.01177	0.80030	0.08097	0.00856	0.01072	0.00993	0.00774	0.00998	0.00684	0.01017	0.00518	0.00381	0.00383	0.00127	0.00507	0.00341	0.00172	0.00438
61	0.10956	0.00999	0.01246	0.00987	0.01253	0.14878	0.23152	0.09232	0.12053	0.10072	0.03608	0.01201	0.02745	0.00538	0.03711	0.00140	0.00498	0.01930	0.00288	0.00513
62	0.00839	0.00839	0.01174	0.01007	0.01007	0.01174	0.00839	0.00923	0.00587	0.00923	0.00503	0.00839	0.00503	0.00671	0.01258	0.00168	0.85823	0.00336	0.00168	0.00419
63	0.00498	0.00368	0.00472	0.00544	0.00601	0.00343	0.00401	0.00595	0.00794	0.01027	0.02441	0.51981	0.18361	0.01125	0.00491	0.00155	0.00246	0.18879	0.00355	0.00323
64	0.00980	0.23058	0.01728	0.01165	0.06427	0.11180	0.32106	0.05739	0.00922	0.01147	0.00860	0.11298	0.00793	0.00449	0.00383	0.00115	0.00515	0.00429	0.00217	0.00490
65	0.04762	0.19330	0.01180	0.00751	0.01026	0.06032	0.00634	0.23165	0.11963	0.21267	0.01045	0.01058	0.00770	0.00521	0.02801	0.00840	0.00408	0.01541	0.00335	0.00573
66	0.01101	0.00561	0.00720	0.00620	0.00805	0.00529	0.00486	0.05374	0.07369	0.35783	0.23868	0.12221	0.01925	0.03468	0.00472	0.00135	0.00280	0.03357	0.00423	0.00505
67	0.03624	0.01016	0.00911	0.00813	0.01004	0.25739	0.03832	0.06954	0.19237	0.07290	0.09160	0.06314	0.01282	0.00637	0.02463	0.00135	0.00448	0.08336	0.00319	0.00485
68	0.01442	0.00684	0.01005	0.03944	0.08347	0.02775	0.10528	0.01087	0.15301	0.01120	0.01063	0.02928	0.02351	0.01459	0.35184	0.00327	0.05882	0.00414	0.00238	0.03920

[dist]
# distance from previous block
# <min> <max>
2	16

[block]
# block no. 7 follows, 71 sequences, length 49
# corresponding to MSA columns:
# 287-335
name=unknown_H
#
# <colnr> <probs for GDERKNQSTAVLIFYWHMCP>
#	G	D	E	R	K	N	Q	S	T	A	V	L	I	F	Y	W	H	M	C	P
0	0.02204	0.07351	0.04832	0.00788	0.01011	0.15556	0.03845	0.10768	0.07492	0.10407	0.08412	0.11386	0.01876	0.00583	0.01090	0.00122	0.04464	0.01675	0.00304	0.05835
1	0.01013	0.06045	0.00929	0.00793	0.00926	0.40174	0.00604	0.01116	0.01698	0.00919	0.00965	0.05111	0.04943	0.10260	0.14911	0.00226	0.08378	0.00383	0.00215	0.00394
2	0.03011	0.00754	0.00855	0.00708	0.00942	0.04291	0.02542	0.11276	0.20760	0.23684	0.06754	0.03690	0.10983	0.00561	0.00405	0.00119	0.01636	0.00460	0.00379	0.06189
3	0.00564	0.00447	0.00515	0.00488	0.00609	0.00425	0.00369	0.00833	0.11725	0.01368	0.44825	0.02970	0.31800	0.00816	0.00444	0.00125	0.00202	0.00701	0.00395	0.00380
4	0.02601	0.72935	0.01850	0.00702	0.01009	0.13636	0.00664	0.01203	0.00822	0.00921	0.00542	0.00626	0.00491	0.00338	0.00260	0.00085	0.00449	0.00211	0.00170	0.00484
5	0.00470	0.00336	0.00447	0.00532	0.00557	0.00313	0.00356	0.00540	0.00746	0.00998	0.04879	0.83455	0.02573	0.01187	0.00488	0.00155	0.00221	0.01077	0.00358	0.00313
6	0.01382	0.01197	0.01183	0.02709	0.05381	0.19255	0.04017	0.50952	0.04238	0.04607	0.00870	0.00908	0.00637	0.00436	0.00378	0.00113	0.00486	0.00332	0.00325	0.00594
7	0.01058	0.77916	0.03125	0.00692	0.01012	0.08986	0.00675	0.01183	0.00807	0.00910	0.00541	0.00625	0.00492	0.00335	0.00257	0.00084	0.00438	0.00210	0.00167	0.00489
8	0.01207	0.02012	0.00868	0.00669	0.00949	0.06379	0.00539	0.08615	0.01773	0.31214	0.02399	0.05419	0.00918	0.01264	0.00370	0.00101	0.00340	0.02987	0.00342	0.31634
9	0.00935	0.32075	0.45241	0.00953	0.04044	0.01118	0.01073	0.05344	0.00861	0.04116	0.00675	0.00768	0.00517	0.00359	0.00324	0.00107	0.00491	0.00264	0.00186	0.00549
10	0.00880	0.00746	0.00803	0.00727	0.00921	0.00847	0.00563	0.01801	0.68611	0.01592	0.16393	0.01689	0.01611	0.00568	0.00401	0.00128	0.00281	0.00480	0.00396	0.00563
11	0.00502	0.00359	0.00472	0.00523	0.00562	0.00346	0.00362	0.00588	0.00759	0.01026	0.13046	0.51270	0.04365	0.12209	0.07800	0.00218	0.00309	0.04634	0.00336	0.00313
12	0.00903	0.01058	0.04891	0.01640	0.06509	0.00964	0.75619	0.01225	0.00900	0.01229	0.00770	0.01022	0.00580	0.00326	0.00446	0.00128	0.00633	0.00441	0.00193	0.00524
13	0.00742	0.00709	0.01146	0.79923	0.04620	0.02890	0.01047	0.00990	0.00777	0.00985	0.00706	0.02541	0.00549	0.00397	0.00384	0.00127	0.00509	0.00352	0.00175	0.00429
14	0.00617	0.00484	0.00635	0.00621	0.00681	0.02322	0.00466	0.04169	0.00681	0.00946	0.01146	0.12604	0.01177	0.15635	0.49428	0.00453	0.06849	0.00511	0.00234	0.00342
15	0.00725	0.00415	0.00548	0.00572	0.00653	0.00385	0.00405	0.03429	0.00834	0.16047	0.01967	0.68221	0.02189	0.01046	0.00467	0.00148	0.00248	0.00939	0.00378	0.00384
16	0.00970	0.68389	0.19890	0.00751	0.01130	0.01381	0.00821	0.01162	0.00786	0.00970	0.00567	0.00657	0.00491	0.00336	0.00272	0.00091	0.00444	0.00222	0.00164	0.00508
17	0.00763	0.00764	0.01433	0.01104	0.01347	0.00741	0.42684	0.01084	0.10452	0.01176	0.03342	0.12974	0.06620	0.07915	0.04448	0.00176	0.00498	0.01770	0.00261	0.00449
18	0.00753	0.00711	0.01203	0.74772	0.13243	0.00860	0.01079	0.01005	0.00781	0.01015	0.00687	0.01013	0.00524	0.00378	0.00383	0.00126	0.00504	0.00341	0.00173	0.00450
19	0.00552	0.00377	0.00443	0.00443	0.00457	0.00384	0.00267	0.00574	0.00578	0.00774	0.01289	0.02425	0.04575	0.72288	0.12698	0.00394	0.00450	0.00548	0.00234	0.00250
20	0.01019	0.00925	0.05546	0.02853	0.01337	0.06138	0.29104	0.08940	0.02934	0.12960	0.01016	0.06294	0.00865	0.12275	0.00680	0.00161	0.05742	0.00454	0.00268	0.00490
21	0.00818	0.00885	0.01865	0.01385	0.01696	0.00831	0.64094	0.01093	0.00879	0.01186	0.01072	0.13439	0.00997	0.00510	0.00464	0.00137	0.00561	0.07382	0.00230	0.00474
22	0.00491	0.00352	0.00466	0.00518	0.00561	0.00327	0.00358	0.00593	0.00844	0.01153	0.27648	0.60243	0.02874	0.01071	0.00478	0.00145	0.00209	0.00966	0.00377	0.00327
23	0.02804	0.05699	0.03992	0.12109	0.09968	0.53622	0.00836	0.01405	0.04175	0.01024	0.00654	0.00789	0.00532	0.00388	0.00350	0.00106	0.00603	0.00275	0.00199	0.00471
24	0.00681	0.00522	0.00772	0.00651	0.00803	0.00494	0.11100	0.00912	0.05719	0.06624	0.47235	0.02520	0.15271	0.02028	0.00478	0.00128	0.01609	0.00634	0.01412	0.00407
25	0.01498	0.00843	0.00978	0.00757	0.01041	0.00867	0.00623	0.43404	0.01434	0.35051	0.01186	0.01118	0.00799	0.00465	0.00374	0.00114	0.00363	0.00362	0.08096	0.00627
26	0.00578	0.00401	0.00519	0.00484	0.00584	0.00367	0.00365	0.00754	0.01075	0.04314	0.77145	0.02853	0.07543	0.00783	0.00450	0.00121	0.00186	0.00689	0.00421	0.00370
27	0.00933	0.03756	0.07005	0.04484	0.71986	0.00929	0.01160	0.01191	0.02623	0.01239	0.00730	0.00941	0.00605	0.00348	0.00375	0.00114	0.00460	0.00335	0.00191	0.00596
28	0.00472	0.00336	0.00444	0.00528	0.00549	0.00314	0.00350	0.00535	0.00725	0.00967	0.02068	0.82089	0.02479	0.05465	0.00562	0.00167	0.00230	0.01063	0.00350	0.00307
29	0.06810	0.01770	0.68007	0.01021	0.01528	0.00917	0.01254	0.08322	0.04472	0.01370	0.00736	0.00833	0.00525	0.00379	0.00358	0.00121	0.00524	0.00290	0.00196	0.00566
30	0.00467	0.00334	0.00445	0.00534	0.00556	0.00311	0.00356	0.00534	0.00734	0.00979	0.02113	0.86275	0.02536	0.01201	0.00489	0.00156	0.00222	0.01090	0.00356	0.00311
31	0.00666	0.00333	0.00500	0.00500	0.00500	0.00333	0.00333	0.00500	0.00500	0.00666	0.00666	0.01166	0.00666	0.01332	0.01499	0.88844	0.00333	0.00333	0.00167	0.00167
32	0.00874	0.00930	0.01679	0.01354	0.06201	0.01069	0.37180	0.01073	0.00744	0.01077	0.00637	0.00932	0.00544	0.00498	0.00851	0.00148	0.43169	0.00388	0.00181	0.00473
33	0.00780	0.05583	0.81034	0.01074	0.01631	0.00917	0.01384	0.01211	0.00808	0.01201	0.00681	0.00801	0.00486	0.00363	0.00359	0.00120	0.00560	0.00280	0.00162	0.00563
34	0.01642	0.00778	0.00967	0.00742	0.01041	0.00750	0.00613	0.25987	0.01307	0.59983	0.01336	0.01191	0.00861	0.00470	0.00385	0.00118	0.00355	0.00374	0.00447	0.00652
35	0.00554	0.00379	0.00461	0.00463	0.00478	0.00394	0.00288	0.00584	0.00574	0.00780	0.01187	0.03985	0.01323	0.66786	0.19810	0.00420	0.00510	0.00537	0.00229	0.00258
