[name]
unknown

[dist]
# distance from previous block
# <min> <max>
5	87

[block]
# block no. 0 follows, 67 sequences, length 16
# corresponding to MSA columns:
# 102-117
name=unknown_A
#
# <colnr> <probs for GDERKNQSTAVLIFYWHMCP>
#	G	D	E	R	K	N	Q	S	T	A	V	L	I	F	Y	W	H	M	C	P
0	0.12955	0.13758	0.05152	0.00880	0.06764	0.11804	0.03406	0.10958	0.01030	0.06035	0.07495	0.03447	0.09157	0.00518	0.00388	0.00117	0.02281	0.00401	0.00284	0.03171
1	0.06455	0.05133	0.23889	0.04488	0.06735	0.04620	0.10355	0.18458	0.09516	0.03348	0.02630	0.01014	0.00716	0.00424	0.00388	0.00124	0.00499	0.00354	0.00268	0.00585
2	0.01028	0.04115	0.15263	0.03715	0.10763	0.04637	0.07045	0.04954	0.09068	0.09727	0.02588	0.01077	0.01823	0.00411	0.00389	0.00110	0.01759	0.00346	0.00269	0.20914
3	0.01381	0.06039	0.09146	0.02741	0.01291	0.03260	0.00823	0.63464	0.01649	0.02200	0.00941	0.03535	0.00709	0.00484	0.00393	0.00120	0.00458	0.00368	0.00355	0.00642
4	0.00799	0.00637	0.03150	0.00770	0.07101	0.00579	0.04226	0.04647	0.09169	0.08027	0.15578	0.09293	0.22357	0.04107	0.00500	0.00138	0.00302	0.00628	0.02912	0.05079
5	0.00582	0.00491	0.04899	0.00608	0.00684	0.00418	0.00458	0.05251	0.00852	0.01146	0.06638	0.64350	0.03629	0.01140	0.00545	0.04171	0.00270	0.03153	0.00358	0.00358
6	0.71309	0.00772	0.00689	0.00593	0.00846	0.00865	0.04152	0.01199	0.05379	0.01710	0.00822	0.00896	0.04846	0.00411	0.00282	0.00123	0.00321	0.00276	0.00261	0.04248
7	0.04516	0.14018	0.09687	0.01116	0.06974	0.03559	0.02113	0.04128	0.07524	0.03870	0.01200	0.02878	0.01041	0.02963	0.00567	0.00174	0.02664	0.00433	0.00370	0.30203
8	0.08897	0.08072	0.16579	0.04244	0.04941	0.00981	0.11559	0.18032	0.01076	0.06691	0.02101	0.00961	0.00659	0.00406	0.00389	0.00116	0.02266	0.00335	0.02128	0.09566
9	0.00679	0.00354	0.00509	0.00509	0.00509	0.00354	0.00332	0.00532	0.00532	0.00709	0.00783	0.01434	0.00813	0.14298	0.01640	0.74902	0.00354	0.00384	0.00185	0.00185
10	0.00646	0.00504	0.00649	0.02920	0.01827	0.00513	0.02581	0.02358	0.07080	0.01377	0.33758	0.05724	0.18354	0.02633	0.06140	0.00170	0.03843	0.00648	0.07876	0.00401
11	0.14635	0.00790	0.00831	0.01801	0.00937	0.03925	0.00544	0.10962	0.04658	0.02715	0.00841	0.00961	0.00669	0.00417	0.00412	0.00101	0.08821	0.00296	0.13522	0.32162
12	0.00541	0.00406	0.00514	0.00548	0.00635	0.00380	0.00420	0.00675	0.00918	0.01208	0.21598	0.22994	0.24040	0.01160	0.05282	0.00179	0.00291	0.17480	0.00379	0.00352
13	0.00570	0.00417	0.00591	0.00596	0.00650	0.00468	0.00440	0.00679	0.00639	0.00904	0.01179	0.06590	0.01192	0.20178	0.62395	0.00564	0.00883	0.00502	0.00230	0.00332
14	0.03475	0.01199	0.18440	0.06435	0.13112	0.01004	0.14222	0.24780	0.04566	0.03555	0.00917	0.03605	0.00707	0.00438	0.00406	0.00127	0.00501	0.00390	0.01528	0.00595
15	0.14415	0.00889	0.03325	0.01743	0.03790	0.01919	0.02104	0.10544	0.39774	0.02628	0.02992	0.01410	0.02770	0.02106	0.00471	0.00139	0.05195	0.02875	0.00344	0.00565

[dist]
# distance from previous block
# <min> <max>
0	9

[block]
# block no. 1 follows, 67 sequences, length 41
# corresponding to MSA columns:
# 127-167
name=unknown_B
#
# <colnr> <probs for GDERKNQSTAVLIFYWHMCP>
#	G	D	E	R	K	N	Q	S	T	A	V	L	I	F	Y	W	H	M	C	P
0	0.02267	0.17489	0.05121	0.02807	0.11956	0.00900	0.02767	0.05186	0.05351	0.06824	0.01876	0.00932	0.00683	0.00365	0.00333	0.00092	0.00385	0.00295	0.00252	0.34121
1	0.00600	0.00431	0.00552	0.00526	0.00626	0.00407	0.00393	0.00824	0.05163	0.02905	0.68850	0.10354	0.05151	0.00844	0.00472	0.00130	0.00202	0.00746	0.00433	0.00391
2	0.09111	0.27451	0.14847	0.00962	0.07988	0.03456	0.04544	0.05496	0.09102	0.01325	0.00762	0.00854	0.00610	0.00376	0.00329	0.00105	0.00441	0.00287	0.00227	0.11726
3	0.00581	0.00389	0.00437	0.00437	0.00440	0.00388	0.00244	0.00583	0.00590	0.00784	0.01321	0.02650	0.03146	0.84154	0.02009	0.00384	0.00385	0.00589	0.00246	0.00245
4	0.12549	0.08151	0.23229	0.03104	0.17300	0.02985	0.05066	0.15978	0.01045	0.04396	0.00793	0.02257	0.00613	0.00408	0.00368	0.00121	0.00484	0.00330	0.00245	0.00580
5	0.01130	0.00817	0.01238	0.09800	0.31797	0.00824	0.03486	0.11028	0.01054	0.18309	0.03345	0.06285	0.02900	0.01926	0.00451	0.00129	0.01682	0.00440	0.00305	0.03055
6	0.02318	0.07928	0.21228	0.02304	0.08006	0.07804	0.07372	0.16991	0.02753	0.04238	0.00852	0.00994	0.02146	0.01882	0.00511	0.00129	0.09675	0.00345	0.00247	0.02275
7	0.00928	0.08025	0.01296	0.01021	0.01061	0.05858	0.00856	0.01020	0.00660	0.00964	0.00534	0.00849	0.00525	0.00656	0.01175	0.00164	0.73449	0.00334	0.00177	0.00446
8	0.00583	0.00390	0.00445	0.00445	0.00448	0.00393	0.00253	0.00588	0.00586	0.00783	0.01257	0.02585	0.01441	0.82789	0.05134	0.00398	0.00415	0.00577	0.00242	0.00247
9	0.00758	0.03358	0.63371	0.01051	0.03585	0.00838	0.02848	0.01141	0.00855	0.01228	0.01244	0.05066	0.11939	0.00505	0.00399	0.00129	0.00519	0.00413	0.00208	0.00544
10	0.01952	0.02111	0.03632	0.04720	0.07789	0.03342	0.21752	0.02485	0.25122	0.11194	0.03353	0.02621	0.03553	0.00506	0.00429	0.00133	0.00452	0.03968	0.00319	0.00567
11	0.01799	0.00683	0.00931	0.00714	0.01024	0.00589	0.00589	0.01954	0.01148	0.83682	0.01582	0.01365	0.00993	0.00496	0.00403	0.00124	0.00341	0.00403	0.00496	0.00683
12	0.00638	0.00455	0.00636	0.00729	0.00817	0.00454	0.00631	0.00816	0.00915	0.01191	0.02128	0.08931	0.02327	0.01116	0.00552	0.00183	0.00362	0.76382	0.00369	0.00367
13	0.00958	0.03770	0.07273	0.00782	0.00982	0.05451	0.02149	0.17235	0.07659	0.07273	0.01572	0.30572	0.01588	0.00809	0.00451	0.00143	0.00376	0.10112	0.00354	0.00491
14	0.01384	0.01722	0.01140	0.01028	0.01200	0.69839	0.00784	0.01485	0.01046	0.00978	0.00616	0.00765	0.00529	0.00514	0.02343	0.00126	0.13564	0.00276	0.00202	0.00459
15	0.00524	0.00383	0.00492	0.00518	0.00586	0.00351	0.00368	0.00652	0.00953	0.01301	0.40023	0.39098	0.11203	0.01030	0.00490	0.00143	0.00210	0.00918	0.00404	0.00351
16	0.00484	0.00405	0.00416	0.00416	0.00542	0.00343	0.00308	0.00586	0.00913	0.01103	0.08725	0.05438	0.73854	0.04037	0.00531	0.00144	0.00210	0.00836	0.00372	0.00337
17	0.00852	0.00850	0.04434	0.53047	0.26249	0.00930	0.01146	0.03335	0.00861	0.01157	0.00727	0.01030	0.00567	0.00398	0.00424	0.00130	0.02804	0.00354	0.00190	0.00513
18	0.00885	0.01448	0.34329	0.01259	0.01634	0.05819	0.26338	0.01201	0.00849	0.01190	0.00788	0.05489	0.00659	0.00474	0.00584	0.00139	0.15790	0.00405	0.00194	0.00527
19	0.00832	0.00713	0.00832	0.00594	0.00950	0.00535	0.00475	0.01010	0.00832	0.01307	0.00713	0.00832	0.00594	0.00297	0.00297	0.00059	0.00297	0.00238	0.00238	0.88357
20	0.01498	0.01911	0.01137	0.01033	0.01240	0.84295	0.00775	0.01601	0.01137	0.00982	0.00620	0.00723	0.00517	0.00413	0.00362	0.00103	0.00723	0.00258	0.00207	0.00465
21	0.00480	0.00406	0.00414	0.00412	0.00545	0.00341	0.00309	0.00586	0.00927	0.01115	0.08801	0.03808	0.78484	0.01004	0.00474	0.00135	0.00202	0.00839	0.00377	0.00341
22	0.01498	0.01911	0.01137	0.01033	0.01240	0.84295	0.00775	0.01601	0.01137	0.00982	0.00620	0.00723	0.00517	0.00413	0.00362	0.00103	0.00723	0.00258	0.00207	0.00465
23	0.01525	0.01123	0.01204	0.00923	0.01244	0.01244	0.00762	0.82067	0.01886	0.02528	0.00963	0.00963	0.00682	0.00481	0.00401	0.00120	0.00441	0.00361	0.00401	0.00682
24	0.01037	0.00881	0.00929	0.00824	0.01058	0.01016	0.00644	0.08147	0.76599	0.01742	0.01582	0.01456	0.01183	0.00539	0.00408	0.00135	0.00327	0.00446	0.00408	0.00638
25	0.00803	0.00482	0.00615	0.00546	0.00689	0.00442	0.00421	0.03856	0.01143	0.15597	0.58862	0.02726	0.10688	0.00771	0.00459	0.00126	0.00225	0.00669	0.00443	0.00437
26	0.00480	0.00402	0.00418	0.00424	0.00548	0.00339	0.00314	0.00583	0.00912	0.01104	0.07744	0.10737	0.72569	0.01027	0.00477	0.00137	0.00205	0.00865	0.00376	0.00339
27	0.00527	0.00377	0.00510	0.00603	0.00643	0.00359	0.00440	0.00625	0.00806	0.01067	0.02189	0.65680	0.02568	0.01220	0.00522	0.00168	0.00266	0.20721	0.00372	0.00336
28	0.00757	0.00713	0.01203	0.84942	0.02762	0.00891	0.01114	0.01025	0.00802	0.01025	0.00713	0.01069	0.00535	0.00401	0.00401	0.00134	0.00535	0.00356	0.00178	0.00446
29	0.01730	0.00698	0.00929	0.00722	0.01025	0.00625	0.00593	0.01970	0.08244	0.76544	0.01587	0.01376	0.01013	0.00501	0.00404	0.00125	0.00339	0.00408	0.00489	0.00678
30	0.01072	0.86147	0.02102	0.00686	0.01029	0.01587	0.00686	0.01201	0.00815	0.00944	0.00558	0.00643	0.00515	0.00343	0.00257	0.00086	0.00429	0.00214	0.00172	0.00515
31	0.00501	0.00412	0.00444	0.00456	0.00581	0.00356	0.00352	0.00617	0.00925	0.01127	0.08473	0.05787	0.66868	0.01021	0.00484	0.00141	0.00223	0.10511	0.00376	0.00344
32	0.00495	0.00359	0.00469	0.00551	0.00588	0.00333	0.00377	0.00574	0.00793	0.01047	0.04015	0.74027	0.09444	0.01222	0.00509	0.00161	0.00234	0.04098	0.00374	0.00330
33	0.01012	0.00949	0.07058	0.08356	0.31400	0.02529	0.04595	0.15582	0.01093	0.05466	0.05740	0.04112	0.07640	0.00552	0.02035	0.00135	0.00456	0.00446	0.00279	0.00566
34	0.00856	0.12042	0.62386	0.01104	0.04101	0.04008	0.02864	0.01240	0.00851	0.01206	0.00772	0.00907	0.02009	0.00482	0.03396	0.00140	0.00586	0.00305	0.00178	0.00566
35	0.00946	0.02581	0.00898	0.05439	0.08530	0.22246	0.00628	0.05923	0.05318	0.01178	0.09185	0.01731	0.13831	0.05549	0.06105	0.08264	0.00485	0.00462	0.00274	0.00429
36	0.02227	0.09692	0.19124	0.01015	0.11910	0.05654	0.00837	0.04847	0.08776	0.01309	0.09887	0.10119	0.07711	0.01793	0.00456	0.00131	0.03237	0.00492	0.00277	0.00509
37	0.00706	0.01996	0.00768	0.00693	0.00785	0.02932	0.02406	0.06304	0.00760	0.01062	0.03433	0.01607	0.01056	0.12878	0.52762	0.00483	0.06837	0.00439	0.01711	0.00382
38	0.03998	0.48159	0.04521	0.00787	0.03780	0.03563	0.00699	0.09059	0.05299	0.02991	0.03932	0.02915	0.01852	0.01545	0.00360	0.00109	0.01869	0.02536	0.00242	0.01786
39	0.00788	0.05504	0.04861	0.02626	0.00913	0.03267	0.01424	0.05166	0.03858	0.03126	0.13470	0.08770	0.04453	0.02043	0.11800	0.00194	0.00437	0.08692	0.03330	0.15279
40	0.03612	0.11656	0.26670	0.04361	0.05256	0.14361	0.02892	0.06577	0.05803	0.04631	0.01845	0.00979	0.00672	0.00413	0.00365	0.00114	0.00512	0.01798	0.00235	0.07249

[dist]
# distance from previous block
# <min> <max>
15	80

[block]
# block no. 2 follows, 67 sequences, length 17
# corresponding to MSA columns:
# 251-261,264-269
name=unknown_C
#
# <colnr> <probs for GDERKNQSTAVLIFYWHMCP>
#	G	D	E	R	K	N	Q	S	T	A	V	L	I	F	Y	W	H	M	C	P
0	0.08649	0.18514	0.23570	0.03229	0.03623	0.04245	0.00865	0.05577	0.08350	0.01356	0.08080	0.02773	0.02162	0.00471	0.00374	0.00117	0.01785	0.01640	0.00250	0.04368
1	0.00949	0.00552	0.00697	0.01938	0.00818	0.00519	0.00485	0.06065	0.03412	0.22325	0.14401	0.15523	0.13539	0.02294	0.06540	0.00173	0.00341	0.03376	0.00393	0.05662
2	0.00719	0.00664	0.01058	0.03892	0.21379	0.03134	0.11769	0.00882	0.00868	0.01164	0.06137	0.39112	0.05913	0.00819	0.00466	0.00142	0.00374	0.00766	0.00299	0.00443
3	0.00884	0.00807	0.04914	0.05443	0.06866	0.00827	0.06740	0.06424	0.17914	0.03936	0.10184	0.08142	0.02283	0.00680	0.02288	0.00149	0.11444	0.04949	0.01955	0.03171
4	0.00656	0.00569	0.00817	0.21930	0.10479	0.00594	0.00660	0.00861	0.03510	0.01201	0.16110	0.13715	0.21741	0.00744	0.00459	0.00134	0.01781	0.00648	0.00310	0.03081
5	0.10323	0.18030	0.01203	0.00858	0.01082	0.47549	0.00683	0.01387	0.00974	0.03553	0.00704	0.02492	0.00610	0.00656	0.08141	0.00154	0.00634	0.00283	0.00217	0.00465
6	0.00521	0.00425	0.02082	0.00526	0.00611	0.00372	0.00386	0.00659	0.03024	0.01172	0.18217	0.41896	0.24708	0.01108	0.02228	0.00157	0.00243	0.00931	0.00379	0.00353
7	0.01068	0.49317	0.08141	0.00912	0.03392	0.07053	0.08596	0.07493	0.02351	0.01152	0.00717	0.03495	0.00630	0.00455	0.02068	0.00115	0.02007	0.00304	0.00207	0.00527
8	0.01058	0.81670	0.06453	0.00711	0.01067	0.01552	0.00729	0.01205	0.00817	0.00961	0.00566	0.00654	0.00514	0.00345	0.00264	0.00088	0.00438	0.00219	0.00171	0.00519
9	0.00620	0.05008	0.00614	0.00545	0.00658	0.00489	0.00413	0.00826	0.07998	0.02789	0.19317	0.20018	0.24116	0.06349	0.03107	0.00171	0.00280	0.05933	0.00368	0.00382
10	0.01051	0.06770	0.27436	0.03392	0.14226	0.07074	0.05853	0.03787	0.16645	0.08403	0.00969	0.01040	0.00719	0.00419	0.00388	0.00123	0.00498	0.00351	0.00259	0.00596
11	0.00683	0.00499	0.00600	0.00544	0.00706	0.00429	0.00409	0.00837	0.02781	0.05869	0.16373	0.18803	0.17672	0.06119	0.00534	0.00138	0.00259	0.04370	0.00351	0.22027
12	0.00796	0.00754	0.01265	0.69833	0.14200	0.00913	0.01121	0.01052	0.00810	0.01063	0.00711	0.01051	0.00549	0.00407	0.00437	0.00133	0.03896	0.00356	0.00181	0.00472
13	0.03785	0.07534	0.13937	0.00983	0.04630	0.08815	0.08174	0.16435	0.07367	0.02995	0.03124	0.06272	0.03531	0.04403	0.01971	0.00146	0.03778	0.00426	0.01163	0.00531
14	0.00754	0.02758	0.02571	0.00567	0.00749	0.04382	0.00453	0.04062	0.06326	0.05141	0.27665	0.02521	0.26760	0.00727	0.00425	0.00119	0.00268	0.00609	0.04317	0.08825
15	0.00930	0.07852	0.11954	0.00856	0.05260	0.06788	0.03298	0.05168	0.00895	0.03661	0.00852	0.05056	0.00752	0.05077	0.04330	0.00136	0.02047	0.00342	0.00238	0.34508
16	0.00632	0.02816	0.03079	0.00586	0.00696	0.01999	0.00441	0.00902	0.13916	0.01203	0.12617	0.34683	0.14610	0.08059	0.00596	0.00163	0.00273	0.00810	0.01525	0.00393

[dist]
# distance from previous block
# <min> <max>
1	12

[block]
# block no. 3 follows, 67 sequences, length 32
# corresponding to MSA columns:
# 282-313
name=unknown_D
#
# <colnr> <probs for GDERKNQSTAVLIFYWHMCP>
#	G	D	E	R	K	N	Q	S	T	A	V	L	I	F	Y	W	H	M	C	P
0	0.10082	0.18667	0.06852	0.02124	0.15249	0.09471	0.09030	0.06520	0.00939	0.04767	0.00748	0.02319	0.00616	0.00435	0.01434	0.00120	0.04022	0.00320	0.00228	0.06057
1	0.00573	0.00398	0.00501	0.00544	0.00588	0.00391	0.00370	0.04046	0.00784	0.01067	0.02977	0.52379	0.05132	0.14184	0.06574	0.03125	0.00323	0.00891	0.04823	0.00329
2	0.03244	0.00886	0.04495	0.07616	0.12912	0.03616	0.04189	0.11697	0.07472	0.08915	0.04941	0.03769	0.02941	0.04422	0.02767	0.00154	0.10230	0.00423	0.00290	0.05022
3	0.00809	0.00686	0.00823	0.00777	0.06998	0.04897	0.02995	0.01879	0.06502	0.03987	0.12693	0.12881	0.09433	0.00629	0.00402	0.00111	0.00316	0.02843	0.01528	0.28808
4	0.00953	0.03714	0.04390	0.08822	0.40763	0.00847	0.00951	0.06977	0.00959	0.05804	0.06536	0.09312	0.01063	0.01727	0.01530	0.02316	0.02073	0.00457	0.00259	0.00548
5	0.00801	0.01821	0.02156	0.12528	0.13289	0.01994	0.00705	0.06201	0.07065	0.01301	0.08268	0.09318	0.08036	0.02797	0.05930	0.00171	0.06391	0.01975	0.08790	0.00462
6	0.10764	0.03845	0.38930	0.01055	0.03630	0.02503	0.11046	0.04282	0.01923	0.10674	0.06841	0.01077	0.00825	0.00424	0.00384	0.00125	0.00500	0.00356	0.00252	0.00563
7	0.00547	0.00425	0.00487	0.00489	0.00592	0.00394	0.00365	0.02412	0.00889	0.01130	0.12290	0.06292	0.43874	0.12844	0.07620	0.00216	0.00321	0.08122	0.00350	0.00342
8	0.00560	0.00410	0.00525	0.00496	0.00594	0.00375	0.00372	0.00742	0.01117	0.01565	0.76680	0.03067	0.10323	0.00836	0.00473	0.00127	0.00190	0.00735	0.00436	0.00375
9	0.00757	0.00713	0.01203	0.84942	0.02762	0.00891	0.01114	0.01025	0.00802	0.01025	0.00713	0.01069	0.00535	0.00401	0.00401	0.00134	0.00535	0.00356	0.00178	0.00446
10	0.00767	0.00731	0.01260	0.80874	0.02730	0.00897	0.05063	0.01037	0.00809	0.01037	0.00718	0.01070	0.00538	0.00398	0.00404	0.00134	0.00542	0.00362	0.00179	0.00450
11	0.00507	0.00409	0.00455	0.00469	0.00586	0.00357	0.00360	0.00626	0.00930	0.01153	0.12663	0.09592	0.58657	0.01022	0.00486	0.00142	0.00224	0.10635	0.00380	0.00346
12	0.00500	0.00407	0.00448	0.00443	0.00564	0.00355	0.00332	0.00623	0.00947	0.01192	0.21561	0.05208	0.59768	0.01076	0.04639	0.00159	0.00244	0.00805	0.00380	0.00348
13	0.00832	0.00713	0.00832	0.00594	0.00950	0.00535	0.00475	0.01010	0.00832	0.01307	0.00713	0.00832	0.00594	0.00297	0.00297	0.00059	0.00297	0.00238	0.00238	0.88357
14	0.00757	0.00713	0.01203	0.84942	0.02762	0.00891	0.01114	0.01025	0.00802	0.01025	0.00713	0.01069	0.00535	0.00401	0.00401	0.00134	0.00535	0.00356	0.00178	0.00446
15	0.01498	0.01911	0.01137	0.01033	0.01240	0.84295	0.00775	0.01601	0.01137	0.00982	0.00620	0.00723	0.00517	0.00413	0.00362	0.00103	0.00723	0.00258	0.00207	0.00465
16	0.00819	0.00697	0.00814	0.00588	0.00928	0.00527	0.00467	0.00992	0.00833	0.01300	0.02765	0.00932	0.00695	0.02548	0.00347	0.00070	0.00297	0.00259	0.00243	0.83880
17	0.00717	0.00560	0.00737	0.03832	0.00817	0.02546	0.04616	0.08611	0.00773	0.01048	0.01101	0.01868	0.01103	0.35365	0.34100	0.00434	0.00692	0.00479	0.00242	0.00359
18	0.01010	0.00993	0.01587	0.05500	0.76163	0.05210	0.01203	0.01242	0.00920	0.01283	0.00746	0.00982	0.00625	0.00362	0.00395	0.00119	0.00491	0.00352	0.00198	0.00619
19	0.01072	0.86147	0.02102	0.00686	0.01029	0.01587	0.00686	0.01201	0.00815	0.00944	0.00558	0.00643	0.00515	0.00343	0.00257	0.00086	0.00429	0.00214	0.00172	0.00515
20	0.01121	0.00644	0.00867	0.04892	0.00975	0.00679	0.00594	0.03291	0.00887	0.29998	0.02889	0.01397	0.00952	0.08522	0.13213	0.00227	0.15122	0.00402	0.05332	0.07995
21	0.00555	0.00445	0.00482	0.00475	0.00600	0.00401	0.00353	0.05992	0.00978	0.01223	0.11637	0.16486	0.56947	0.00998	0.00475	0.00138	0.00222	0.00848	0.00381	0.00363
22	0.00487	0.00404	0.00428	0.00437	0.00560	0.00345	0.00328	0.00594	0.00914	0.01110	0.07878	0.10460	0.69342	0.01029	0.00480	0.00139	0.00212	0.04137	0.00376	0.00341
23	0.01469	0.01868	0.01116	0.01015	0.01220	0.81900	0.00761	0.01572	0.01130	0.00984	0.00718	0.00813	0.02877	0.00430	0.00365	0.00104	0.00708	0.00275	0.00211	0.00461
24	0.00947	0.01082	0.02366	0.01690	0.02096	0.01014	0.81947	0.01285	0.00947	0.01285	0.00811	0.01082	0.00609	0.00338	0.00473	0.00135	0.00676	0.00473	0.00203	0.00541
25	0.01015	0.00870	0.00917	0.00820	0.01049	0.01006	0.00639	0.04761	0.80021	0.01706	0.01610	0.01479	0.01206	0.00542	0.00408	0.00136	0.00321	0.00450	0.00408	0.00636
26	0.00773	0.00398	0.00400	0.00391	0.00492	0.00402	0.00296	0.03544	0.00875	0.01528	0.01297	0.01478	0.01017	0.00468	0.00284	0.00094	0.00195	0.00373	0.85310	0.00384
27	0.00597	0.00407	0.00522	0.00574	0.00632	0.00386	0.00398	0.04810	0.00860	0.04499	0.04820	0.71013	0.06639	0.01159	0.00499	0.00157	0.00245	0.01042	0.00381	0.00361
28	0.00542	0.00414	0.00502	0.00503	0.00605	0.00376	0.00380	0.00705	0.02241	0.01345	0.41130	0.11883	0.29260	0.00948	0.00483	0.00138	0.00215	0.07561	0.00405	0.00363
29	0.00573	0.00438	0.00584	0.00636	0.00674	0.00464	0.00468	0.00684	0.02515	0.01044	0.01959	0.52823	0.03791	0.06656	0.02672	0.00193	0.09008	0.14131	0.00340	0.00347
30	0.03295	0.01389	0.09861	0.06482	0.08058	0.30901	0.06547	0.09902	0.11760	0.05460	0.00921	0.01003	0.01768	0.00435	0.00388	0.00119	0.00556	0.00342	0.00264	0.00549
31	0.10037	0.13865	0.01214	0.00842	0.01111	0.11732	0.02079	0.34254	0.08130	0.01762	0.00920	0.05609	0.00758	0.00490	0.00395	0.00118	0.03229	0.00361	0.00311	0.02786

[dist]
# distance from previous block
# <min> <max>
1	14

[block]
# block no. 4 follows, 67 sequences, length 13
# corresponding to MSA columns:
# 328-337,339-341
name=unknown_E
#
# <colnr> <probs for GDERKNQSTAVLIFYWHMCP>
#	G	D	E	R	K	N	Q	S	T	A	V	L	I	F	Y	W	H	M	C	P
0	0.03354	0.24965	0.22368	0.03464	0.04509	0.06952	0.07593	0.07235	0.05140	0.08764	0.00953	0.01088	0.00748	0.00487	0.00416	0.00140	0.00547	0.00356	0.00285	0.00638
1	0.01216	0.05765	0.01205	0.01033	0.08506	0.06525	0.04789	0.25585	0.32580	0.05196	0.01180	0.01169	0.00881	0.00475	0.00394	0.00124	0.00418	0.00389	0.01945	0.00624
2	0.01066	0.00823	0.00858	0.00722	0.00938	0.04863	0.00571	0.34444	0.08683	0.04703	0.14658	0.06885	0.17706	0.00689	0.00432	0.00127	0.00341	0.00565	0.00395	0.00530
3	0.00647	0.00397	0.00525	0.00576	0.00644	0.00364	0.00408	0.00735	0.00829	0.10531	0.02252	0.66278	0.07593	0.01146	0.00499	0.00158	0.00251	0.05411	0.00386	0.00370
4	0.00524	0.00408	0.00475	0.00458	0.00572	0.00360	0.00344	0.00671	0.01031	0.01361	0.45932	0.03403	0.41199	0.00912	0.00473	0.00131	0.00196	0.00782	0.00409	0.00360
5	0.00717	0.00592	0.00629	0.00579	0.00714	0.05843	0.00442	0.08102	0.05389	0.01535	0.48234	0.04392	0.18141	0.00800	0.00459	0.00128	0.00259	0.02222	0.00405	0.00416
6	0.00573	0.00430	0.00645	0.00645	0.00716	0.00501	0.00501	0.00716	0.00645	0.00931	0.01074	0.01576	0.01003	0.03008	0.84316	0.00645	0.01074	0.00430	0.00215	0.00358
7	0.00718	0.02066	0.00679	0.00629	0.02226	0.02701	0.00472	0.03021	0.24441	0.01356	0.14072	0.05599	0.36680	0.00802	0.00468	0.00134	0.02438	0.00669	0.00377	0.00451
8	0.00963	0.00747	0.00872	0.00632	0.00982	0.00602	0.00509	0.08311	0.00948	0.07296	0.00797	0.00881	0.00630	0.00328	0.00314	0.00069	0.00313	0.00260	0.00271	0.74274
9	0.00877	0.00877	0.01228	0.01053	0.01053	0.01228	0.00877	0.00965	0.00614	0.00965	0.00526	0.00877	0.00526	0.00702	0.01316	0.00175	0.85172	0.00351	0.00175	0.00439
10	0.00550	0.00452	0.00520	0.00518	0.00605	0.00449	0.00378	0.00675	0.04016	0.01066	0.05879	0.20007	0.43324	0.11323	0.00745	0.00175	0.07819	0.00810	0.00343	0.00346
11	0.01090	0.37386	0.13263	0.02521	0.08880	0.07870	0.06701	0.09916	0.00984	0.02890	0.00782	0.00889	0.02777	0.00399	0.00358	0.00108	0.02119	0.00303	0.00216	0.00549
12	0.01190	0.11097	0.10347	0.04513	0.06791	0.20169	0.03933	0.16192	0.07828	0.03863	0.02184	0.00951	0.00686	0.00453	0.00459	0.00121	0.08080	0.00331	0.00259	0.00555

[dist]
# distance from previous block
# <min> <max>
0	5

[block]
# block no. 5 follows, 67 sequences, length 34
# corresponding to MSA columns:
# 356-375,383-396
name=unknown_F
#
# <colnr> <probs for GDERKNQSTAVLIFYWHMCP>
#	G	D	E	R	K	N	Q	S	T	A	V	L	I	F	Y	W	H	M	C	P
0	0.02284	0.02626	0.19273	0.02949	0.20454	0.00860	0.03819	0.11599	0.01016	0.06699	0.04247	0.01941	0.01977	0.00433	0.00410	0.01210	0.01825	0.00356	0.00258	0.15763
1	0.00932	0.25954	0.43148	0.01055	0.06482	0.01110	0.02677	0.04426	0.02191	0.02594	0.02046	0.02223	0.01516	0.00408	0.00367	0.00116	0.01677	0.00313	0.00200	0.00565
2	0.00913	0.25322	0.30893	0.00943	0.01333	0.01078	0.07936	0.05181	0.10186	0.01260	0.01025	0.07901	0.03408	0.00482	0.00372	0.00120	0.00473	0.00396	0.00234	0.00545
3	0.00739	0.00479	0.00511	0.00488	0.00600	0.00497	0.00361	0.02596	0.14581	0.01396	0.06770	0.01961	0.10169	0.10354	0.02962	0.01724	0.00267	0.00485	0.42659	0.00401
4	0.00832	0.00713	0.00832	0.00594	0.00950	0.00535	0.00475	0.01010	0.00832	0.01307	0.00713	0.00832	0.00594	0.00297	0.00297	0.00059	0.00297	0.00238	0.00238	0.88357
5	0.00582	0.00395	0.00470	0.00470	0.00481	0.00406	0.00283	0.00604	0.00593	0.00802	0.01234	0.02460	0.01387	0.72913	0.14936	0.00429	0.00496	0.00559	0.00239	0.00261
6	0.00573	0.00430	0.00645	0.00645	0.00716	0.00501	0.00501	0.00716	0.00645	0.00931	0.01074	0.01576	0.01003	0.03008	0.84316	0.00645	0.01074	0.00430	0.00215	0.00358
7	0.00481	0.00377	0.00436	0.00484	0.00562	0.00332	0.00339	0.00567	0.00840	0.01053	0.03119	0.45547	0.42163	0.01138	0.00493	0.00149	0.00218	0.00996	0.00372	0.00332
8	0.00832	0.00713	0.00832	0.00594	0.00950	0.00535	0.00475	0.01010	0.00832	0.01307	0.00713	0.00832	0.00594	0.00297	0.00297	0.00059	0.00297	0.00238	0.00238	0.88357
9	0.02881	0.00929	0.03284	0.05963	0.06850	0.10258	0.06306	0.01162	0.00856	0.05789	0.00771	0.00947	0.00624	0.00421	0.00510	0.00107	0.14947	0.00312	0.07019	0.30064
10	0.00621	0.00438	0.00564	0.00525	0.00631	0.00413	0.00396	0.00853	0.04907	0.03876	0.77168	0.02881	0.03589	0.00798	0.00468	0.00127	0.00199	0.00704	0.00441	0.00399
11	0.02203	0.00830	0.02349	0.07342	0.34712	0.02127	0.09931	0.02625	0.01783	0.09642	0.02140	0.02623	0.00814	0.00925	0.16901	0.00227	0.01632	0.00405	0.00244	0.00545
12	0.15060	0.00823	0.00962	0.00780	0.02403	0.02408	0.02230	0.19900	0.03502	0.41697	0.03585	0.02925	0.00934	0.00493	0.00384	0.00124	0.00368	0.00389	0.00413	0.00619
13	0.00547	0.00409	0.00507	0.00483	0.00586	0.00370	0.00362	0.00716	0.01086	0.01491	0.65538	0.03188	0.21512	0.00864	0.00473	0.00128	0.00192	0.00752	0.00426	0.00370
14	0.54947	0.00872	0.00728	0.00633	0.00879	0.10287	0.00509	0.03021	0.00858	0.18464	0.00864	0.04927	0.00671	0.00447	0.00309	0.00124	0.00362	0.00308	0.00303	0.00489
15	0.00476	0.00399	0.00413	0.00425	0.00546	0.00337	0.00313	0.00574	0.00897	0.01076	0.03841	0.13670	0.73574	0.01045	0.00479	0.00139	0.00207	0.00882	0.00372	0.00337
16	0.00548	0.00430	0.00638	0.00656	0.00706	0.00429	0.05824	0.00637	0.00755	0.01019	0.01914	0.66158	0.02246	0.05800	0.06053	0.00205	0.04322	0.00983	0.00335	0.00343
17	0.00547	0.00395	0.00544	0.00575	0.00617	0.00420	0.00408	0.00637	0.00674	0.00932	0.01493	0.30030	0.01646	0.18590	0.40105	0.00433	0.00658	0.00698	0.00273	0.00325
18	0.00963	0.10032	0.01347	0.03934	0.05039	0.04885	0.05142	0.03291	0.06206	0.02309	0.00708	0.00997	0.00633	0.00590	0.00915	0.00151	0.49100	0.01896	0.01378	0.00484
19	0.07582	0.10300	0.19092	0.01398	0.21209	0.15686	0.11236	0.01302	0.00907	0.02385	0.00699	0.00862	0.00557	0.00381	0.00399	0.00118	0.03226	0.00314	0.00199	0.02147
20	0.27401	0.14107	0.02808	0.03092	0.09328	0.06649	0.04658	0.16210	0.00994	0.01556	0.00721	0.02193	0.00600	0.02839	0.00433	0.00127	0.05209	0.00310	0.00249	0.00516
21	0.01027	0.00887	0.03488	0.09061	0.18879	0.04481	0.06645	0.10940	0.08658	0.09276	0.06023	0.06999	0.06446	0.00556	0.00467	0.00131	0.04704	0.00479	0.00305	0.00547
22	0.00497	0.00368	0.00465	0.00523	0.00577	0.00335	0.00361	0.00589	0.00846	0.01117	0.13957	0.59123	0.17471	0.01151	0.00500	0.00153	0.00221	0.01028	0.00382	0.00335
23	0.01434	0.01083	0.01221	0.04975	0.06773	0.01199	0.00805	0.69944	0.04734	0.02345	0.00962	0.00989	0.00692	0.00472	0.00401	0.00121	0.00443	0.00364	0.00377	0.00666
24	0.00555	0.00400	0.00475	0.00465	0.00566	0.00363	0.00345	0.00710	0.01012	0.01402	0.45237	0.08918	0.26418	0.00867	0.00454	0.00128	0.00196	0.00750	0.10376	0.00363
25	0.00821	0.00803	0.01153	0.00999	0.01019	0.01083	0.03619	0.00918	0.00645	0.00981	0.00754	0.10545	0.00794	0.00864	0.05213	0.00195	0.68518	0.00449	0.00201	0.00426
26	0.00573	0.00430	0.00645	0.00645	0.00716	0.00501	0.00501	0.00716	0.00645	0.00931	0.01074	0.01576	0.01003	0.03008	0.84316	0.00645	0.01074	0.00430	0.00215	0.00358
27	0.00534	0.00479	0.04556	0.00584	0.00683	0.00402	0.01811	0.00662	0.00842	0.01116	0.11281	0.39094	0.20600	0.01288	0.10012	0.00206	0.00348	0.04795	0.00349	0.00357
28	0.02123	0.00734	0.00874	0.00702	0.04939	0.00596	0.00524	0.06016	0.00897	0.02794	0.00795	0.03229	0.00679	0.01987	0.00349	0.00077	0.00316	0.00285	0.00254	0.71830
29	0.00632	0.00408	0.00480	0.00470	0.00501	0.00407	0.00290	0.00661	0.00638	0.04715	0.01445	0.02537	0.06828	0.67548	0.10486	0.00386	0.00446	0.00576	0.00261	0.00282
30	0.12007	0.13538	0.07905	0.00896	0.05078	0.13278	0.02095	0.11815	0.09016	0.09521	0.00873	0.00934	0.00668	0.01391	0.00376	0.00114	0.01465	0.00308	0.00279	0.08443
31	0.09792	0.16708	0.15997	0.00908	0.06553	0.05320	0.02469	0.04657	0.02240	0.02642	0.00954	0.03631	0.03997	0.03278	0.13699	0.00209	0.04147	0.00364	0.00227	0.02209
32	0.04409	0.13972	0.26240	0.01029	0.02661	0.03933	0.12383	0.04538	0.04356	0.04540	0.04415	0.03790	0.00850	0.00476	0.00449	0.00126	0.06338	0.03005	0.00238	0.02252
33	0.04454	0.12826	0.15770	0.03247	0.08413	0.07968	0.13508	0.07029	0.09193	0.02751	0.03588	0.02670	0.04468	0.00466	0.00390	0.00122	0.00489	0.01851	0.00254	0.00542

[dist]
# distance from previous block
# <min> <max>
0	17

[block]
# block no. 6 follows, 67 sequences, length 94
# corresponding to MSA columns:
# 415-508
name=unknown_G
#
# <colnr> <probs for GDERKNQSTAVLIFYWHMCP>
#	G	D	E	R	K	N	Q	S	T	A	V	L	I	F	Y	W	H	M	C	P
0	0.00836	0.08319	0.12467	0.15377	0.17890	0.00819	0.06339	0.02373	0.00867	0.03845	0.02215	0.15427	0.04584	0.02351	0.00457	0.01182	0.00440	0.00504	0.00244	0.03465
1	0.00851	0.02033	0.09506	0.00850	0.05389	0.07891	0.04740	0.09032	0.06580	0.02947	0.03144	0.23009	0.04426	0.16901	0.00741	0.00183	0.00407	0.00622	0.00301	0.00446
2	0.03373	0.00802	0.02893	0.07026	0.06614	0.02126	0.09847	0.03698	0.05381	0.04591	0.03643	0.21595	0.01717	0.01817	0.00611	0.02585	0.03161	0.17626	0.00364	0.00528
3	0.01071	0.56173	0.10218	0.00880	0.06310	0.06956	0.00800	0.05078	0.04017	0.01113	0.00687	0.02471	0.00601	0.00385	0.00304	0.00098	0.00459	0.00270	0.00200	0.01909
4	0.02257	0.03969	0.34784	0.00927	0.01338	0.00831	0.05814	0.07229	0.00920	0.02643	0.02571	0.05755	0.00750	0.00436	0.00407	0.00111	0.03918	0.00353	0.00232	0.24756
5	0.07608	0.02141	0.05238	0.01115	0.11006	0.05883	0.09532	0.26677	0.11590	0.08626	0.02780	0.01183	0.03865	0.00469	0.00397	0.00124	0.00447	0.00392	0.00328	0.00599
6	0.01013	0.17643	0.39825	0.01114	0.01568	0.08889	0.14620	0.06736	0.00961	0.02975	0.00729	0.00855	0.00549	0.00379	0.00373	0.00118	0.00573	0.00313	0.00201	0.00565
7	0.00757	0.00713	0.01203	0.84942	0.02762	0.00891	0.01114	0.01025	0.00802	0.01025	0.00713	0.01069	0.00535	0.00401	0.00401	0.00134	0.00535	0.00356	0.00178	0.00446
8	0.00796	0.03135	0.00723	0.00578	0.00790	0.02187	0.00455	0.02299	0.00970	0.07509	0.24380	0.08244	0.08609	0.00641	0.00399	0.00107	0.00273	0.04454	0.02679	0.30772
9	0.02879	0.00426	0.00482	0.00467	0.00582	0.00387	0.00350	0.00701	0.02352	0.01327	0.37892	0.03317	0.39829	0.04934	0.00542	0.00144	0.00214	0.02422	0.00393	0.00359
10	0.00757	0.00713	0.01203	0.84942	0.02762	0.00891	0.01114	0.01025	0.00802	0.01025	0.00713	0.01069	0.00535	0.00401	0.00401	0.00134	0.00535	0.00356	0.00178	0.00446
11	0.00751	0.00647	0.00671	0.00623	0.00807	0.00687	0.00479	0.01398	0.44155	0.01398	0.02777	0.02610	0.39867	0.00766	0.00439	0.00136	0.00264	0.00639	0.00391	0.00495
12	0.01779	0.00715	0.00951	0.00729	0.01040	0.00638	0.00602	0.07926	0.01203	0.77633	0.01536	0.01335	0.00970	0.00495	0.00403	0.00124	0.00349	0.00400	0.00489	0.00682
13	0.00624	0.00485	0.00719	0.09851	0.08307	0.00524	0.00563	0.00723	0.00715	0.00977	0.01383	0.29891	0.01512	0.11556	0.19422	0.06751	0.03373	0.02003	0.00264	0.00357
14	0.00806	0.00774	0.01250	0.68997	0.11566	0.02646	0.01105	0.01056	0.00810	0.01052	0.00704	0.01042	0.00545	0.00415	0.00455	0.00134	0.05642	0.00354	0.00181	0.00467
15	0.00489	0.00349	0.00465	0.00558	0.00582	0.00326	0.00372	0.00558	0.00768	0.01024	0.02210	0.85644	0.02653	0.01256	0.00512	0.00163	0.00233	0.01140	0.00372	0.00326
16	0.03477	0.00368	0.00478	0.00565	0.00599	0.00351	0.00386	0.00591	0.00772	0.01058	0.02151	0.79198	0.02562	0.01220	0.00505	0.00163	0.00241	0.04614	0.00368	0.00331
17	0.02251	0.01253	0.13342	0.01449	0.04020	0.08001	0.48885	0.04755	0.03932	0.01313	0.00823	0.02421	0.00641	0.00398	0.00482	0.00133	0.04718	0.00424	0.00216	0.00544
18	0.00998	0.00862	0.00907	0.00816	0.01043	0.00998	0.00635	0.02131	0.82679	0.01678	0.01632	0.01496	0.01224	0.00544	0.00408	0.00136	0.00317	0.00453	0.00408	0.00635
19	0.01659	0.00755	0.00956	0.00741	0.01037	0.00712	0.00609	0.18845	0.01290	0.60771	0.03623	0.02647	0.01028	0.00513	0.00403	0.00123	0.00353	0.00414	0.02861	0.00660
20	0.00980	0.00799	0.03790	0.06223	0.09885	0.05174	0.02599	0.09505	0.05973	0.09575	0.02310	0.04095	0.00979	0.06328	0.14016	0.00227	0.06648	0.02085	0.08315	0.00494
21	0.00976	0.00936	0.01597	0.08380	0.77617	0.00948	0.01222	0.01216	0.00905	0.01290	0.00751	0.00998	0.00628	0.00360	0.00397	0.00120	0.00481	0.00357	0.00197	0.00622
22	0.00877	0.00877	0.01228	0.01053	0.01053	0.01228	0.00877	0.00965	0.00614	0.00965	0.00526	0.00877	0.00526	0.00702	0.01316	0.00175	0.85172	0.00351	0.00175	0.00439
23	0.01530	0.01114	0.01198	0.00919	0.01239	0.01231	0.00759	0.80453	0.01871	0.04162	0.00975	0.00971	0.00688	0.00482	0.00401	0.00120	0.00439	0.00362	0.00403	0.00682
24	0.03379	0.02885	0.03395	0.07987	0.14737	0.05984	0.06601	0.08932	0.13671	0.02461	0.01324	0.06424	0.07090	0.00575	0.00461	0.00133	0.04860	0.05323	0.03256	0.00523
25	0.88738	0.00776	0.00589	0.00527	0.00776	0.00900	0.00434	0.01179	0.00683	0.01799	0.00558	0.00651	0.00434	0.00372	0.00248	0.00124	0.00310	0.00217	0.00248	0.00434
26	0.00947	0.00658	0.00768	0.03860	0.00890	0.06784	0.02668	0.06487	0.04112	0.15078	0.44859	0.02153	0.02406	0.00654	0.00432	0.00123	0.00301	0.00561	0.05790	0.00471
27	0.00848	0.00760	0.01262	0.03469	0.46126	0.00760	0.04237	0.01070	0.00921	0.01270	0.03184	0.02344	0.01321	0.00645	0.00460	0.00144	0.00440	0.29949	0.00267	0.00524
28	0.01188	0.05883	0.02879	0.02095	0.03181	0.22486	0.16286	0.05685	0.04547	0.14824	0.03760	0.13224	0.01066	0.00550	0.00415	0.00125	0.00504	0.00481	0.00301	0.00520
29	0.88738	0.00776	0.00589	0.00527	0.00776	0.00900	0.00434	0.01179	0.00683	0.01799	0.00558	0.00651	0.00434	0.00372	0.00248	0.00124	0.00310	0.00217	0.00248	0.00434
30	0.00573	0.00430	0.00645	0.00645	0.00716	0.00501	0.00501	0.00716	0.00645	0.00931	0.01074	0.01576	0.01003	0.03008	0.84316	0.00645	0.01074	0.00430	0.00215	0.00358
31	0.00950	0.01536	0.44592	0.04169	0.12732	0.00942	0.12910	0.06884	0.03241	0.05550	0.02199	0.00996	0.00652	0.00397	0.00402	0.00127	0.00550	0.00354	0.00222	0.00594
32	0.00987	0.00945	0.01601	0.02399	0.80646	0.00939	0.01206	0.01223	0.00910	0.01310	0.00753	0.00987	0.00634	0.00355	0.00394	0.00117	0.00470	0.00353	0.00200	0.03570
33	0.00810	0.00779	0.01359	0.65304	0.15846	0.00910	0.07158	0.01078	0.00831	0.01091	0.00727	0.01058	0.00557	0.00389	0.00406	0.00131	0.00536	0.00365	0.00183	0.00484
34	0.00600	0.00444	0.00564	0.00528	0.00632	0.00425	0.00398	0.00859	0.07213	0.01613	0.77113	0.02884	0.03593	0.00799	0.00468	0.00127	0.00199	0.00705	0.00439	0.00398
35	0.01227	0.02845	0.11237	0.03673	0.07910	0.42040	0.03598	0.01502	0.08953	0.04533	0.02177	0.00970	0.00691	0.00449	0.00438	0.00119	0.05706	0.01178	0.00235	0.00518
36	0.00877	0.00877	0.01228	0.01053	0.01053	0.01228	0.00877	0.00965	0.00614	0.00965	0.00526	0.00877	0.00526	0.00702	0.01316	0.00175	0.85172	0.00351	0.00175	0.00439
37	0.01072	0.86147	0.02102	0.00686	0.01029	0.01587	0.00686	0.01201	0.00815	0.00944	0.00558	0.00643	0.00515	0.00343	0.00257	0.00086	0.00429	0.00214	0.00172	0.00515
38	0.00612	0.00514	0.00835	0.00850	0.06978	0.00485	0.11703	0.00761	0.00887	0.01205	0.17638	0.44883	0.05145	0.00963	0.00491	0.00149	0.00309	0.04851	0.00349	0.00391
39	0.00542	0.00409	0.00501	0.00478	0.00583	0.00367	0.00358	0.00707	0.01075	0.01464	0.61515	0.03232	0.25552	0.00874	0.00473	0.00129	0.00193	0.00758	0.00423	0.00367
40	0.00553	0.00409	0.00516	0.00489	0.00590	0.00372	0.00367	0.00728	0.01100	0.01526	0.70719	0.03132	0.16309	0.00851	0.00473	0.00128	0.00191	0.00744	0.00431	0.00372
41	0.01104	0.31680	0.01385	0.00730	0.01059	0.06094	0.00634	0.17259	0.05143	0.01417	0.00747	0.00817	0.00610	0.00370	0.00313	0.00087	0.00400	0.00266	0.00253	0.29633
42	0.00967	0.00933	0.01613	0.10807	0.72116	0.00949	0.04296	0.01212	0.00903	0.01280	0.00752	0.01004	0.00624	0.00361	0.00400	0.00121	0.00490	0.00362	0.00197	0.00612
43	0.00613	0.00639	0.10411	0.00588	0.00757	0.00482	0.00517	0.00890	0.06895	0.01497	0.56145	0.02759	0.14710	0.00777	0.00458	0.00128	0.00248	0.00673	0.00397	0.00416
44	0.01146	0.07742	0.04065	0.01117	0.19602	0.07083	0.00743	0.06405	0.01022	0.22584	0.05107	0.19138	0.01283	0.00618	0.00412	0.00127	0.00393	0.00532	0.00334	0.00548
45	0.00583	0.00389	0.00437	0.00437	0.00437	0.00389	0.00243	0.00583	0.00583	0.00778	0.01264	0.02624	0.01458	0.85906	0.02041	0.00389	0.00389	0.00583	0.00243	0.00243
46	0.00944	0.01102	0.04024	0.01679	0.02089	0.01013	0.80310	0.01284	0.00945	0.01284	0.00809	0.01077	0.00606	0.00339	0.00471	0.00135	0.00674	0.00470	0.00202	0.00542
47	0.01236	0.46630	0.03970	0.00900	0.03890	0.35249	0.00763	0.01367	0.00950	0.00980	0.00594	0.00693	0.00519	0.00373	0.00308	0.00095	0.00555	0.00239	0.00187	0.00501
48	0.00827	0.00811	0.01326	0.62548	0.05186	0.03725	0.10755	0.01150	0.06109	0.01109	0.00806	0.01142	0.00620	0.00413	0.00411	0.00133	0.00539	0.01714	0.00201	0.00475
49	0.00573	0.00430	0.00645	0.00645	0.00716	0.00501	0.00501	0.00716	0.00645	0.00931	0.01074	0.01576	0.01003	0.03008	0.84316	0.00645	0.01074	0.00430	0.00215	0.00358
50	0.00493	0.00414	0.00430	0.00428	0.00558	0.00355	0.00320	0.00622	0.02567	0.01139	0.10866	0.06473	0.71960	0.00997	0.00474	0.00136	0.00205	0.00838	0.00379	0.00348
51	0.01201	0.03763	0.03840	0.00914	0.05273	0.04260	0.04997	0.16645	0.13873	0.20287	0.02994	0.08352	0.03236	0.02086	0.03756	0.00153	0.02965	0.00471	0.00361	0.00575
52	0.00488	0.00350	0.00464	0.00556	0.00581	0.00326	0.00371	0.00559	0.00770	0.01025	0.02239	0.84370	0.03907	0.01253	0.00511	0.00162	0.00232	0.01136	0.00372	0.00326
53	0.00993	0.00953	0.01628	0.02462	0.83404	0.00953	0.01231	0.01231	0.00913	0.01310	0.00754	0.00993	0.00635	0.00357	0.00397	0.00119	0.00476	0.00357	0.00199	0.00635
54	0.02439	0.00999	0.01700	0.06117	0.54945	0.03785	0.17787	0.03150	0.02726	0.01325	0.00780	0.01010	0.00632	0.00365	0.00410	0.00123	0.00522	0.00378	0.00209	0.00599
55	0.00977	0.00939	0.01602	0.04953	0.76530	0.00944	0.03056	0.01230	0.02182	0.01303	0.00817	0.01047	0.01857	0.00371	0.00400	0.00120	0.00476	0.00369	0.00204	0.00623
56	0.00592	0.00458	0.00682	0.00671	0.00738	0.00548	0.00525	0.00732	0.00643	0.00933	0.01039	0.01531	0.00972	0.02861	0.79022	0.00615	0.06438	0.00425	0.00212	0.00363
57	0.10960	0.01032	0.01099	0.00852	0.01161	0.01130	0.00703	0.64268	0.01668	0.10581	0.00986	0.00976	0.00691	0.00471	0.00383	0.00121	0.00414	0.00350	0.01501	0.00651
58	0.03522	0.04215	0.04439	0.11910	0.39693	0.01000	0.04551	0.14672	0.02269	0.04571	0.00841	0.02745	0.00676	0.00419	0.00419	0.00124	0.02723	0.00371	0.00247	0.00594
59	0.00814	0.07245	0.05838	0.00755	0.04216	0.04732	0.01627	0.03098	0.04268	0.04327	0.02845	0.02903	0.01055	0.24855	0.17988	0.05985	0.05283	0.00441	0.00243	0.01484
60	0.00496	0.00352	0.00463	0.00549	0.00571	0.00330	0.00363	0.00560	0.00754	0.01005	0.02140	0.79464	0.02564	0.07557	0.00626	0.00180	0.00244	0.01099	0.00363	0.00320
61	0.00570	0.00415	0.00547	0.00529	0.00623	0.00392	0.00405	0.00752	0.01074	0.01507	0.68014	0.03037	0.06503	0.01012	0.06728	0.00169	0.00269	0.06661	0.00417	0.00375
62	0.04138	0.43995	0.15267	0.00834	0.01187	0.15837	0.00823	0.06362	0.00959	0.06302	0.00685	0.00756	0.00551	0.00381	0.00314	0.00102	0.00499	0.00257	0.00215	0.00537
63	0.02550	0.03675	0.02479	0.02434	0.01271	0.63120	0.03320	0.10429	0.01170	0.01178	0.00698	0.02628	0.00584	0.00440	0.00391	0.00110	0.02505	0.00298	0.00230	0.00490
64	0.00697	0.00348	0.00522	0.00522	0.00522	0.00348	0.00348	0.00522	0.00522	0.00697	0.00697	0.01219	0.00697	0.01393	0.01567	0.88332	0.00348	0.00348	0.00174	0.00174
65	0.05963	0.00618	0.00802	0.02698	0.05667	0.01549	0.03117	0.05681	0.01061	0.24784	0.21334	0.01790	0.01630	0.00566	0.00393	0.00120	0.00305	0.03146	0.18270	0.00506
66	0.00804	0.02074	0.83828	0.01143	0.01736	0.00931	0.01482	0.01270	0.00847	0.01270	0.00720	0.00847	0.00508	0.00381	0.00381	0.00127	0.00593	0.00296	0.00169	0.00593
67	0.01428	0.01079	0.01161	0.00940	0.03743	0.03105	0.00747	0.70441	0.02971	0.02373	0.07087	0.01118	0.00916	0.00502	0.00406	0.00121	0.00428	0.00387	0.00393	0.00652
68	0.00998	0.00862	0.00907	0.00816	0.01043	0.00998	0.00635	0.02131	0.82679	0.01678	0.01632	0.01496	0.01224	0.00544	0.00408	0.00136	0.00317	0.00453	0.00408	0.00635
69	0.01097	0.81174	0.02045	0.00707	0.01042	0.06470	0.00691	0.01225	0.00834	0.00946	0.00561	0.00648	0.00515	0.00347	0.00263	0.00087	0.00446	0.00217	0.00174	0.00512
70	0.00832	0.00713	0.00832	0.00594	0.00950	0.00535	0.00475	0.01010	0.00832	0.01307	0.00713	0.00832	0.00594	0.00297	0.00297	0.00059	0.00297	0.00238	0.00238	0.88357
71	0.02866	0.00913	0.01385	0.26622	0.45869	0.05021	0.01098	0.03275	0.04915	0.01263	0.00809	0.02740	0.00666	0.00404	0.00396	0.00125	0.00489	0.00370	0.00213	0.00561
72	0.00993	0.00953	0.01628	0.02462	0.83404	0.00953	0.01231	0.01231	0.00913	0.01310	0.00754	0.00993	0.00635	0.00357	0.00397	0.00119	0.00476	0.00357	0.00199	0.00635
73	0.00877	0.00877	0.01228	0.01053	0.01053	0.01228	0.00877	0.00965	0.00614	0.00965	0.00526	0.00877	0.00526	0.00702	0.01316	0.00175	0.85172	0.00351	0.00175	0.00439
74	0.00609	0.00419	0.00549	0.00512	0.00613	0.00385	0.00385	0.00797	0.01136	0.04354	0.80462	0.02941	0.03691	0.00809	0.00471	0.00126	0.00194	0.00715	0.00443	0.00389
75	0.00583	0.00389	0.00437	0.00437	0.00437	0.00389	0.00243	0.00583	0.00583	0.00778	0.01264	0.02624	0.01458	0.85906	0.02041	0.00389	0.00389	0.00583	0.00243	0.00243
76	0.00804	0.02074	0.83828	0.01143	0.01736	0.00931	0.01482	0.01270	0.00847	0.01270	0.00720	0.00847	0.00508	0.00381	0.00381	0.00127	0.00593	0.00296	0.00169	0.00593
77	0.01043	0.77068	0.10927	0.00736	0.01106	0.01516	0.00772	0.01208	0.00818	0.00979	0.00575	0.00665	0.00514	0.00347	0.00271	0.00090	0.00447	0.00223	0.00171	0.00523
78	0.00480	0.00389	0.00426	0.00453	0.00555	0.00335	0.00326	0.00573	0.00874	0.01074	0.04806	0.28273	0.57869	0.01084	0.00485	0.00143	0.00212	0.00932	0.00374	0.00335
79	0.03509	0.00736	0.00956	0.00734	0.01045	0.00673	0.00607	0.11349	0.01225	0.72508	0.01489	0.01304	0.00945	0.00492	0.00400	0.00124	0.00352	0.00395	0.00480	0.00677
80	0.00488	0.00413	0.00422	0.00419	0.00553	0.00351	0.00314	0.00611	0.02182	0.01125	0.08970	0.03769	0.77018	0.00996	0.00473	0.00135	0.00204	0.00833	0.00377	0.00346
