[name]
unknown

[dist]
# distance from previous block
# <min> <max>
0	123

[block]
# block no. 0 follows, 59 sequences, length 60
# corresponding to MSA columns:
# 306-365
name=unknown_A
#
# <colnr> <probs for GDERKNQSTAVLIFYWHMCP>
#	G	D	E	R	K	N	Q	S	T	A	V	L	I	F	Y	W	H	M	C	P
0	0.01042	0.14385	0.49850	0.01241	0.03630	0.10240	0.07765	0.02695	0.00994	0.01333	0.00800	0.00996	0.00619	0.00432	0.00410	0.00132	0.00638	0.01980	0.00204	0.00617
1	0.00545	0.00403	0.00510	0.00579	0.00635	0.00368	0.00398	0.00642	0.00918	0.01210	0.11521	0.61407	0.16678	0.01285	0.00552	0.00170	0.00245	0.01149	0.00418	0.00368
2	0.00639	0.00454	0.00545	0.00541	0.00632	0.00420	0.00390	0.00764	0.00999	0.03156	0.30117	0.07001	0.22292	0.22125	0.00966	0.00222	0.00291	0.07672	0.00403	0.00372
3	0.01320	0.05523	0.21292	0.03300	0.08125	0.20037	0.06987	0.07088	0.02548	0.13639	0.02516	0.02617	0.00804	0.00477	0.00427	0.00131	0.00593	0.00385	0.00290	0.01903
4	0.00761	0.00754	0.07617	0.02590	0.11705	0.00654	0.05450	0.01023	0.07687	0.02655	0.03638	0.46374	0.02045	0.02380	0.00565	0.00168	0.02213	0.00887	0.00351	0.00483
5	0.00734	0.00452	0.00510	0.00503	0.00608	0.00443	0.00374	0.00969	0.04776	0.01602	0.25935	0.07281	0.06708	0.03800	0.00484	0.00137	0.00230	0.02271	0.41768	0.00416
6	0.00839	0.00924	0.06942	0.01186	0.14135	0.06129	0.12150	0.01078	0.02625	0.01374	0.15424	0.05722	0.24316	0.00749	0.00535	0.00145	0.04237	0.00657	0.00328	0.00505
7	0.01047	0.10353	0.25705	0.04573	0.10197	0.01151	0.13969	0.03928	0.06784	0.04286	0.00892	0.01077	0.00692	0.00539	0.02507	0.00156	0.10902	0.00388	0.00239	0.00616
8	0.00585	0.00419	0.00566	0.00619	0.00656	0.00430	0.00427	0.00672	0.00768	0.01047	0.01868	0.44568	0.02134	0.17048	0.25647	0.00384	0.00567	0.00908	0.00332	0.00353
9	0.00546	0.00412	0.00506	0.00559	0.00631	0.00371	0.00390	0.00653	0.00951	0.01241	0.14676	0.49775	0.25211	0.01238	0.00546	0.00165	0.00240	0.01097	0.00421	0.00371
10	0.02270	0.05872	0.16594	0.09364	0.15537	0.23543	0.07709	0.04189	0.03436	0.02537	0.00887	0.04456	0.00734	0.00472	0.00427	0.00132	0.00623	0.00391	0.00240	0.00589
11	0.01140	0.02825	0.14926	0.03522	0.02489	0.03715	0.08194	0.05708	0.26868	0.11088	0.04990	0.01556	0.04685	0.00552	0.00442	0.00140	0.00454	0.00470	0.05604	0.00631
12	0.07305	0.01449	0.04977	0.10078	0.31120	0.30734	0.03495	0.01503	0.02870	0.01323	0.00779	0.00976	0.00633	0.00427	0.00414	0.00128	0.00626	0.00346	0.00227	0.00589
13	0.01401	0.42947	0.03618	0.00952	0.01263	0.40840	0.00823	0.01537	0.01069	0.01067	0.00651	0.00756	0.00568	0.00416	0.00342	0.00105	0.00633	0.00262	0.00208	0.00542
14	0.00850	0.00806	0.01112	0.00975	0.01010	0.01068	0.00800	0.00967	0.00776	0.01151	0.10119	0.01626	0.08808	0.01091	0.09905	0.00238	0.57498	0.00494	0.00252	0.00456
15	0.04496	0.26913	0.01569	0.00966	0.01189	0.09837	0.03144	0.03731	0.14069	0.02708	0.02460	0.01037	0.00785	0.00555	0.00679	0.00140	0.24543	0.00356	0.00261	0.00562
16	0.45340	0.00995	0.00947	0.00773	0.01081	0.01112	0.00636	0.31436	0.04061	0.08441	0.00912	0.00940	0.00659	0.00473	0.00357	0.00136	0.00399	0.00324	0.00365	0.00611
17	0.00538	0.00384	0.00512	0.00615	0.00641	0.00359	0.00410	0.00615	0.00846	0.01127	0.02434	0.84190	0.02921	0.01384	0.00564	0.00179	0.00256	0.01256	0.00410	0.00359
18	0.01960	0.00786	0.01046	0.00802	0.01144	0.00699	0.00662	0.07609	0.01321	0.76492	0.01695	0.01472	0.01069	0.00545	0.00444	0.00136	0.00384	0.00441	0.00539	0.00752
19	0.00586	0.00422	0.00581	0.00654	0.00700	0.00425	0.00472	0.00693	0.00824	0.01114	0.02080	0.51505	0.02388	0.05937	0.19738	0.00318	0.00498	0.10336	0.00362	0.00368
20	0.00542	0.00433	0.00482	0.00502	0.00612	0.00377	0.00362	0.00656	0.00992	0.01245	0.14067	0.22910	0.50834	0.03241	0.00575	0.00162	0.00234	0.00983	0.00417	0.00373
21	0.01947	0.00785	0.01043	0.00802	0.01143	0.00701	0.00662	0.06910	0.02751	0.75758	0.01702	0.01479	0.01077	0.00547	0.00444	0.00137	0.00382	0.00442	0.00539	0.00751
22	0.00834	0.00785	0.01325	0.83417	0.03042	0.00981	0.01227	0.01128	0.00883	0.01128	0.00785	0.01178	0.00589	0.00442	0.00442	0.00147	0.00589	0.00393	0.00196	0.00491
23	0.01152	0.01245	0.01853	0.01424	0.01770	0.13305	0.41078	0.01786	0.28427	0.01513	0.01172	0.01289	0.00887	0.00462	0.00478	0.00144	0.00617	0.00478	0.00301	0.00619
24	0.01139	0.03719	0.01254	0.12013	0.27857	0.00885	0.00911	0.06116	0.07002	0.12985	0.03738	0.04902	0.01059	0.00602	0.02777	0.00149	0.00451	0.00458	0.11371	0.00610
25	0.87598	0.00854	0.00649	0.00581	0.00854	0.00991	0.00478	0.01298	0.00752	0.01982	0.00615	0.00717	0.00478	0.00410	0.00273	0.00137	0.00342	0.00239	0.00273	0.00478
26	0.00549	0.00438	0.00494	0.00521	0.00628	0.00387	0.00375	0.00682	0.02579	0.01244	0.11610	0.29422	0.47163	0.01170	0.00534	0.00158	0.00235	0.01012	0.00419	0.00379
27	0.00916	0.00785	0.00916	0.00654	0.01047	0.00589	0.00523	0.01112	0.00916	0.01439	0.00785	0.00916	0.00654	0.00327	0.00327	0.00065	0.00327	0.00262	0.00262	0.87178
28	0.00900	0.00768	0.00899	0.00653	0.01030	0.00579	0.00519	0.01091	0.00913	0.01426	0.00854	0.04395	0.00749	0.00371	0.00337	0.00070	0.00324	0.00303	0.00268	0.83551
29	0.01027	0.00972	0.01685	0.01275	0.01540	0.02764	0.37935	0.09806	0.01028	0.03396	0.01114	0.01661	0.02954	0.21702	0.01033	0.00221	0.08572	0.00529	0.00268	0.00515
30	0.00546	0.00390	0.00522	0.00624	0.00653	0.00366	0.00424	0.00629	0.00853	0.01136	0.02430	0.80564	0.02904	0.01376	0.00566	0.00180	0.00263	0.04803	0.00410	0.00361
31	0.00834	0.00785	0.01325	0.83417	0.03042	0.00981	0.01227	0.01128	0.00883	0.01128	0.00785	0.01178	0.00589	0.00442	0.00442	0.00147	0.00589	0.00393	0.00196	0.00491
32	0.04467	0.00731	0.00989	0.02217	0.09066	0.00861	0.00693	0.01045	0.00777	0.06869	0.01037	0.03253	0.01008	0.23152	0.05184	0.00257	0.28795	0.00473	0.05933	0.03192
33	0.01004	0.02155	0.01335	0.03371	0.41526	0.05464	0.02314	0.02658	0.01033	0.04928	0.07093	0.13329	0.08406	0.00657	0.00492	0.00141	0.02624	0.00588	0.00299	0.00581
34	0.00672	0.00467	0.00576	0.00540	0.00669	0.00418	0.00408	0.00853	0.01186	0.06041	0.56614	0.03453	0.24575	0.00941	0.00517	0.00142	0.00222	0.00815	0.00469	0.00424
35	0.00767	0.00384	0.00575	0.00575	0.00575	0.00384	0.00384	0.00575	0.00575	0.00767	0.00767	0.01343	0.00767	0.01534	0.01726	0.87150	0.00384	0.00384	0.00192	0.00192
36	0.00916	0.00785	0.00916	0.00654	0.01047	0.00589	0.00523	0.01112	0.00916	0.01439	0.00785	0.00916	0.00654	0.00327	0.00327	0.00065	0.00327	0.00262	0.00262	0.87178
37	0.00573	0.00455	0.00518	0.00529	0.00647	0.00408	0.00392	0.00739	0.03556	0.01336	0.21253	0.18331	0.44703	0.01105	0.00530	0.00154	0.00237	0.03714	0.00428	0.00392
38	0.00542	0.00387	0.00517	0.00619	0.00646	0.00362	0.00416	0.00621	0.00849	0.01131	0.02432	0.82569	0.02913	0.01380	0.00565	0.00180	0.00259	0.02842	0.00410	0.00360
39	0.00538	0.00384	0.00512	0.00615	0.00641	0.00359	0.00410	0.00615	0.00846	0.01127	0.02434	0.84190	0.02921	0.01384	0.00564	0.00179	0.00256	0.01256	0.00410	0.00359
40	0.01063	0.01019	0.01739	0.12009	0.72658	0.01042	0.01341	0.01329	0.00992	0.01407	0.00825	0.01103	0.00687	0.00399	0.00438	0.00133	0.00532	0.00393	0.00216	0.00676
41	0.00842	0.00691	0.00851	0.00794	0.00909	0.04723	0.00621	0.09754	0.04555	0.01256	0.01141	0.01611	0.01037	0.06312	0.56526	0.00543	0.06654	0.00459	0.00267	0.00454
42	0.00966	0.00966	0.01353	0.01160	0.01160	0.01353	0.00966	0.01063	0.00676	0.01063	0.00580	0.00966	0.00580	0.00773	0.01449	0.00193	0.83670	0.00387	0.00193	0.00483
43	0.00916	0.00785	0.00916	0.00654	0.01047	0.00589	0.00523	0.01112	0.00916	0.01439	0.00785	0.00916	0.00654	0.00327	0.00327	0.00065	0.00327	0.00262	0.00262	0.87178
44	0.00679	0.00481	0.00612	0.00644	0.00686	0.00499	0.00475	0.00766	0.00790	0.01050	0.01724	0.05337	0.01920	0.45194	0.04717	0.00341	0.03848	0.29586	0.00318	0.00335
45	0.00739	0.00472	0.00589	0.00547	0.00665	0.00444	0.00414	0.02509	0.01206	0.05048	0.61372	0.02866	0.03395	0.00807	0.00476	0.00132	0.00220	0.00702	0.16960	0.00436
46	0.00577	0.00485	0.00639	0.00608	0.00740	0.00428	0.06130	0.00710	0.00996	0.01263	0.13222	0.25406	0.44961	0.01109	0.00533	0.00156	0.00268	0.00973	0.00406	0.00391
47	0.01611	0.03655	0.02383	0.01190	0.08263	0.30474	0.00887	0.38112	0.01600	0.06242	0.00927	0.00982	0.00693	0.00487	0.00422	0.00125	0.00597	0.00354	0.00342	0.00655
48	0.00916	0.00785	0.00916	0.00654	0.01047	0.00589	0.00523	0.01112	0.00916	0.01439	0.00785	0.00916	0.00654	0.00327	0.00327	0.00065	0.00327	0.00262	0.00262	0.87178
49	0.01183	0.01325	0.04356	0.00898	0.01073	0.36926	0.00693	0.07950	0.01060	0.01178	0.00981	0.01481	0.00924	0.19378	0.18387	0.00312	0.00766	0.00414	0.00255	0.00460
50	0.00568	0.00491	0.00518	0.03948	0.00724	0.01922	0.00397	0.00696	0.01021	0.01239	0.11023	0.07219	0.65550	0.01071	0.00519	0.00149	0.00252	0.01903	0.00405	0.00384
51	0.00902	0.02557	0.06105	0.01043	0.01299	0.00835	0.18758	0.06055	0.16168	0.01510	0.04986	0.11316	0.07294	0.02013	0.00540	0.00165	0.00457	0.17103	0.00359	0.00534
52	0.01292	0.01007	0.01109	0.00840	0.01198	0.00995	0.00683	0.40434	0.05441	0.02119	0.01084	0.01125	0.03201	0.00465	0.00396	0.00105	0.00404	0.00361	0.00365	0.37376
53	0.01417	0.39071	0.01717	0.00957	0.01252	0.43034	0.00803	0.01590	0.04422	0.01094	0.00699	0.00793	0.00601	0.00427	0.00349	0.00107	0.00633	0.00272	0.00220	0.00544
54	0.01168	0.08496	0.02845	0.00910	0.01170	0.11200	0.03472	0.10015	0.37223	0.03340	0.07078	0.04102	0.03716	0.02703	0.00485	0.00145	0.00436	0.00495	0.00382	0.00615
55	0.00833	0.14706	0.18782	0.00790	0.01060	0.00812	0.00768	0.05768	0.01026	0.03070	0.11948	0.26501	0.08572	0.00851	0.00469	0.00146	0.00390	0.02672	0.00339	0.00499
56	0.00895	0.08048	0.10756	0.04245	0.02423	0.01860	0.02453	0.08318	0.04437	0.04791	0.27488	0.07214	0.12290	0.02235	0.00502	0.00144	0.00372	0.00636	0.00378	0.00515
57	0.02870	0.09845	0.02979	0.00856	0.08699	0.01970	0.00595	0.02327	0.00793	0.01069	0.01280	0.05497	0.07565	0.12565	0.03635	0.27474	0.03966	0.03211	0.00250	0.02554
58	0.04929	0.38739	0.08604	0.01047	0.07089	0.21415	0.00886	0.06691	0.01063	0.01268	0.00737	0.02896	0.00644	0.00445	0.00371	0.00114	0.01958	0.00306	0.00226	0.00572
59	0.02764	0.16689	0.20244	0.02814	0.08539	0.02600	0.02791	0.19894	0.01215	0.03023	0.01102	0.01185	0.06420	0.00479	0.00400	0.00123	0.00501	0.00375	0.00282	0.08559

[dist]
# distance from previous block
# <min> <max>
0	82

[block]
# block no. 1 follows, 59 sequences, length 24
# corresponding to MSA columns:
# 450-455,457-474
name=unknown_B
#
# <colnr> <probs for GDERKNQSTAVLIFYWHMCP>
#	G	D	E	R	K	N	Q	S	T	A	V	L	I	F	Y	W	H	M	C	P
0	0.02870	0.13747	0.06234	0.22441	0.13712	0.10349	0.00979	0.05865	0.01028	0.02916	0.04070	0.02649	0.03057	0.00682	0.06139	0.00169	0.00581	0.00400	0.00249	0.01862
1	0.01308	0.11209	0.08316	0.02206	0.03290	0.07499	0.01776	0.13491	0.17302	0.13570	0.01189	0.03560	0.00912	0.00516	0.00440	0.00128	0.02771	0.00402	0.00351	0.09766
2	0.02948	0.14670	0.14938	0.10147	0.05679	0.11729	0.00959	0.11337	0.03317	0.03125	0.00930	0.03550	0.00772	0.00598	0.03699	0.00149	0.01434	0.01779	0.01778	0.06462
3	0.02593	0.13541	0.24708	0.05753	0.07318	0.05937	0.01057	0.14302	0.03872	0.04439	0.02496	0.03461	0.03317	0.00592	0.02815	0.00150	0.02361	0.00399	0.00278	0.00612
4	0.02228	0.21075	0.31467	0.03166	0.02612	0.03562	0.02302	0.02586	0.02820	0.03560	0.02969	0.03748	0.11804	0.00615	0.02060	0.00143	0.02022	0.00439	0.00255	0.00567
5	0.00688	0.00528	0.00607	0.00575	0.00735	0.00466	0.00427	0.03630	0.03192	0.03493	0.10454	0.25407	0.33865	0.01008	0.00499	0.00144	0.00263	0.00869	0.00402	0.12750
6	0.00899	0.04139	0.35042	0.11458	0.09274	0.00947	0.05761	0.05327	0.03135	0.01409	0.03171	0.05672	0.09040	0.00615	0.02089	0.00153	0.00552	0.00480	0.00255	0.00583
7	0.03742	0.08322	0.07500	0.06694	0.19665	0.04517	0.09762	0.10084	0.03879	0.09480	0.00977	0.03114	0.00782	0.01931	0.00547	0.00144	0.07540	0.00414	0.00283	0.00623
8	0.00961	0.02010	0.04426	0.13339	0.13925	0.05752	0.07262	0.03959	0.02761	0.06563	0.02851	0.20261	0.06736	0.00756	0.00499	0.00152	0.01500	0.05438	0.00320	0.00527
9	0.00550	0.00454	0.00486	0.00493	0.00634	0.00390	0.00380	0.00679	0.01030	0.01258	0.11239	0.04236	0.66794	0.01109	0.00531	0.00154	0.00240	0.08546	0.00417	0.00380
10	0.00966	0.02750	0.03642	0.13095	0.25931	0.00849	0.05000	0.04071	0.02691	0.06136	0.06297	0.13346	0.03177	0.00690	0.00495	0.00150	0.01615	0.08226	0.00312	0.00561
11	0.01096	0.01005	0.01370	0.09551	0.20578	0.06678	0.02633	0.06969	0.00955	0.05128	0.00876	0.03620	0.00789	0.06609	0.00927	0.00177	0.29805	0.00432	0.00249	0.00553
12	0.01159	0.78773	0.08098	0.00792	0.01190	0.01695	0.00819	0.01328	0.00900	0.01065	0.00627	0.00725	0.00566	0.00381	0.00293	0.00098	0.00485	0.00243	0.00189	0.00573
13	0.00539	0.00393	0.00508	0.00596	0.00637	0.00362	0.00402	0.00623	0.00874	0.01153	0.04967	0.73359	0.11278	0.01342	0.00558	0.00175	0.00251	0.01208	0.00412	0.00362
14	0.08656	0.01137	0.01454	0.17938	0.18641	0.14730	0.10516	0.06105	0.02093	0.09289	0.00935	0.03148	0.00735	0.00470	0.00453	0.00137	0.02294	0.00405	0.00273	0.00590
15	0.01026	0.00981	0.01671	0.23690	0.61270	0.01032	0.01322	0.01296	0.00974	0.01361	0.00819	0.01115	0.00671	0.00406	0.00438	0.00135	0.00541	0.00393	0.00213	0.00645
16	0.00632	0.00471	0.00697	0.00697	0.00771	0.00545	0.00536	0.00780	0.00706	0.01016	0.01195	0.01800	0.01132	0.07880	0.78199	0.00694	0.01141	0.00483	0.00238	0.00387
17	0.00625	0.00455	0.00516	0.00527	0.00583	0.00441	0.00344	0.00737	0.04774	0.01072	0.05811	0.15068	0.19279	0.44070	0.01416	0.00298	0.00344	0.02963	0.00342	0.00336
18	0.00893	0.00873	0.01471	0.11802	0.10394	0.00991	0.17603	0.01110	0.00907	0.01262	0.05720	0.03154	0.06227	0.00736	0.02305	0.00176	0.25192	0.08416	0.00259	0.00509
19	0.01051	0.00988	0.01160	0.35735	0.04501	0.12812	0.00928	0.13751	0.02919	0.01493	0.11677	0.01544	0.04448	0.00683	0.04304	0.00165	0.00558	0.00460	0.00295	0.00527
20	0.00995	0.03504	0.02716	0.28487	0.12763	0.00885	0.00916	0.12580	0.01114	0.06361	0.03994	0.14458	0.08045	0.00671	0.00464	0.00145	0.00454	0.00584	0.00317	0.00546
21	0.03035	0.01168	0.06220	0.10359	0.14947	0.10662	0.02094	0.15260	0.08487	0.05256	0.00980	0.01186	0.00779	0.02953	0.05273	0.00182	0.09864	0.00398	0.00291	0.00604
22	0.04928	0.00933	0.01125	0.07527	0.09645	0.06701	0.02111	0.16375	0.07055	0.05109	0.01106	0.01341	0.02202	0.02411	0.21064	0.00283	0.04800	0.00418	0.00303	0.04562
23	0.05407	0.10086	0.04155	0.00867	0.01144	0.11735	0.00729	0.21280	0.05351	0.08649	0.04251	0.03641	0.05635	0.00805	0.07407	0.00178	0.03298	0.00434	0.00344	0.04606

[dist]
# distance from previous block
# <min> <max>
1	79

[block]
# block no. 2 follows, 59 sequences, length 42
# corresponding to MSA columns:
# 580-621
name=unknown_C
#
# <colnr> <probs for GDERKNQSTAVLIFYWHMCP>
#	G	D	E	R	K	N	Q	S	T	A	V	L	I	F	Y	W	H	M	C	P
0	0.00964	0.07394	0.24696	0.07825	0.09516	0.01112	0.23134	0.01288	0.00919	0.01291	0.00834	0.01178	0.00687	0.03942	0.00659	0.00159	0.11853	0.01761	0.00209	0.00580
1	0.00701	0.04072	0.03328	0.00627	0.00784	0.00588	0.00513	0.03252	0.03649	0.02831	0.15742	0.09144	0.39111	0.01045	0.02656	0.00167	0.05386	0.05576	0.00393	0.00434
2	0.00654	0.00680	0.09839	0.00742	0.05380	0.00512	0.00570	0.00799	0.00893	0.01184	0.08587	0.16331	0.20920	0.23700	0.00989	0.00231	0.00364	0.06886	0.00341	0.00398
3	0.01175	0.17315	0.18758	0.03200	0.05934	0.07567	0.13302	0.11331	0.03771	0.04072	0.00896	0.02447	0.00709	0.00469	0.00473	0.00133	0.05319	0.00381	0.02138	0.00612
4	0.00778	0.00600	0.02477	0.02243	0.00815	0.00568	0.00489	0.03678	0.12754	0.05606	0.16388	0.14459	0.23294	0.09223	0.01939	0.00185	0.00312	0.00773	0.02961	0.00458
5	0.00542	0.00399	0.00507	0.00583	0.00635	0.00365	0.00398	0.00634	0.00901	0.01184	0.08455	0.65322	0.15844	0.01306	0.00554	0.00172	0.00247	0.01170	0.00415	0.00365
6	0.00953	0.01449	0.31795	0.07575	0.30593	0.00993	0.05726	0.01370	0.06177	0.01409	0.01095	0.03318	0.04627	0.00479	0.00444	0.00140	0.00557	0.00430	0.00234	0.00637
7	0.03045	0.19933	0.06374	0.09869	0.06905	0.12958	0.04840	0.13841	0.07111	0.01475	0.00866	0.01034	0.00700	0.01679	0.02964	0.00150	0.05048	0.00356	0.00263	0.00590
8	0.01513	0.00789	0.00924	0.00748	0.01019	0.00792	0.00605	0.19493	0.09231	0.34495	0.01512	0.01456	0.01052	0.00539	0.00408	0.00128	0.00352	0.00430	0.23859	0.00654
9	0.00557	0.00449	0.00496	0.00484	0.00618	0.00388	0.00363	0.00701	0.01089	0.01388	0.30424	0.03930	0.55473	0.01046	0.00522	0.00146	0.00219	0.00887	0.00436	0.00388
10	0.00757	0.00553	0.02565	0.00689	0.02244	0.00522	0.00506	0.04672	0.03369	0.04803	0.08005	0.34844	0.08428	0.07946	0.00753	0.05147	0.02440	0.05990	0.05352	0.00416
11	0.01120	0.01175	0.03420	0.16193	0.46903	0.10744	0.09297	0.03352	0.01043	0.01376	0.00817	0.01078	0.00660	0.00411	0.00442	0.00134	0.00592	0.00392	0.00221	0.00631
12	0.00642	0.00428	0.00482	0.00482	0.00482	0.00428	0.00268	0.00642	0.00642	0.00856	0.01392	0.02890	0.01606	0.84478	0.02248	0.00428	0.00428	0.00642	0.00268	0.00268
13	0.00627	0.00467	0.00582	0.00638	0.00704	0.00460	0.00445	0.02054	0.09060	0.01287	0.10176	0.60552	0.05113	0.03717	0.00596	0.00179	0.00271	0.02253	0.00418	0.00404
14	0.01135	0.06469	0.05270	0.09396	0.25883	0.10888	0.02370	0.08335	0.03199	0.05031	0.01108	0.13348	0.01020	0.00592	0.00485	0.00140	0.03956	0.00502	0.00282	0.00592
15	0.01093	0.01049	0.01793	0.02711	0.81723	0.01049	0.01355	0.01355	0.01006	0.01443	0.00831	0.01093	0.00700	0.00394	0.00437	0.00131	0.00525	0.00394	0.00219	0.00700
16	0.00767	0.00384	0.00575	0.00575	0.00575	0.00384	0.00384	0.00575	0.00575	0.00767	0.00767	0.01343	0.00767	0.01534	0.01726	0.87150	0.00384	0.00384	0.00192	0.00192
17	0.50177	0.01022	0.02852	0.00759	0.01071	0.02728	0.00639	0.25503	0.01215	0.09078	0.00854	0.00897	0.00618	0.00460	0.00346	0.00135	0.00405	0.00308	0.00345	0.00590
18	0.01092	0.01056	0.03601	0.20287	0.38384	0.01083	0.12006	0.10616	0.04703	0.01543	0.00899	0.01143	0.00703	0.00427	0.00450	0.00138	0.00560	0.00414	0.00250	0.00644
19	0.00544	0.00439	0.00469	0.00478	0.00595	0.00380	0.00343	0.00649	0.00972	0.01198	0.10069	0.12687	0.58743	0.09612	0.00702	0.00180	0.00247	0.00927	0.00402	0.00364
20	0.00617	0.00435	0.00481	0.00484	0.00547	0.00410	0.00317	0.00690	0.00831	0.01105	0.08036	0.05939	0.25695	0.41539	0.02656	0.00291	0.00339	0.01807	0.07451	0.00328
21	0.01135	0.01122	0.01700	0.06096	0.59353	0.07261	0.03803	0.04628	0.01037	0.01424	0.00808	0.01066	0.00676	0.00437	0.00522	0.00136	0.07523	0.00389	0.00226	0.00656
22	0.00631	0.00473	0.00710	0.00710	0.00789	0.00552	0.00552	0.00789	0.00710	0.01025	0.01183	0.01735	0.01104	0.03312	0.82728	0.00710	0.01183	0.00473	0.00237	0.00394
23	0.01024	0.26046	0.50257	0.01098	0.01618	0.04560	0.01298	0.03232	0.00951	0.01299	0.00733	0.00867	0.00567	0.00428	0.00426	0.00128	0.04353	0.00303	0.00195	0.00617
24	0.02646	0.01090	0.02434	0.00935	0.01242	0.05462	0.04042	0.42975	0.03660	0.04193	0.06048	0.05004	0.02444	0.00570	0.00459	0.00128	0.02458	0.00453	0.02561	0.11195
25	0.57989	0.00865	0.00801	0.00671	0.00963	0.00947	0.00552	0.10223	0.01018	0.18771	0.02954	0.00985	0.00731	0.00464	0.00334	0.00136	0.00361	0.00314	0.00354	0.00564
26	0.00538	0.00386	0.00511	0.00611	0.00640	0.00359	0.00408	0.00615	0.00850	0.01129	0.02484	0.82237	0.04842	0.01377	0.00563	0.00179	0.00255	0.01248	0.00410	0.00359
27	0.01399	0.00862	0.00992	0.00832	0.01109	0.00904	0.00663	0.12413	0.35095	0.27971	0.05305	0.03267	0.05913	0.00630	0.00456	0.00143	0.00361	0.00520	0.00479	0.00686
28	0.00767	0.00384	0.00575	0.00575	0.00575	0.00384	0.00384	0.00575	0.00575	0.00767	0.00767	0.01343	0.00767	0.01534	0.01726	0.87150	0.00384	0.00384	0.00192	0.00192
29	0.00610	0.00461	0.00512	0.00511	0.00652	0.00398	0.00390	0.00740	0.01039	0.04616	0.13826	0.08912	0.58132	0.01091	0.00527	0.00153	0.00243	0.06367	0.00425	0.00396
30	0.05566	0.00718	0.00939	0.00735	0.01046	0.00637	0.00603	0.01988	0.01204	0.69447	0.01659	0.01485	0.01071	0.00537	0.00421	0.00133	0.00355	0.00432	0.10324	0.00701
31	0.00556	0.00408	0.00524	0.00602	0.00650	0.00381	0.00411	0.00672	0.02685	0.01198	0.08580	0.69336	0.09748	0.01307	0.00554	0.00173	0.00252	0.01176	0.00417	0.00372
32	0.53341	0.01022	0.00859	0.00729	0.01018	0.10246	0.00591	0.10445	0.01047	0.15779	0.00868	0.00901	0.00626	0.00452	0.00336	0.00134	0.00416	0.00298	0.00334	0.00560
33	0.00540	0.00386	0.00514	0.00613	0.00641	0.00360	0.00410	0.00621	0.00856	0.01144	0.04451	0.82127	0.02953	0.01371	0.00563	0.00178	0.00255	0.01244	0.00412	0.00360
34	0.01842	0.00720	0.00977	0.00772	0.01087	0.00629	0.00640	0.02017	0.01232	0.72897	0.01773	0.01759	0.01199	0.00594	0.00450	0.00140	0.00371	0.06077	0.04110	0.00713
35	0.00886	0.02285	0.82190	0.01259	0.01912	0.01026	0.01632	0.01399	0.00932	0.01399	0.00793	0.00932	0.00559	0.00420	0.00420	0.00140	0.00653	0.00326	0.00186	0.00653
36	0.00767	0.00384	0.00575	0.00575	0.00575	0.00384	0.00384	0.00575	0.00575	0.00767	0.00767	0.01343	0.00767	0.01534	0.01726	0.87150	0.00384	0.00384	0.00192	0.00192
37	0.00648	0.00436	0.00515	0.00511	0.00588	0.00422	0.00358	0.00776	0.00925	0.01324	0.22858	0.07226	0.13661	0.22869	0.08457	0.00263	0.00359	0.00699	0.16742	0.00365
38	0.01052	0.00866	0.00989	0.00719	0.01104	0.00728	0.00580	0.15235	0.01123	0.01679	0.00834	0.00942	0.00671	0.00363	0.00348	0.00077	0.00355	0.00286	0.00294	0.71755
39	0.00787	0.00634	0.00744	0.00608	0.00869	0.00505	0.00465	0.00941	0.00924	0.02718	0.04776	0.14080	0.13670	0.05479	0.00517	0.00123	0.00304	0.02096	0.00323	0.49435
40	0.00794	0.18190	0.02499	0.00724	0.03860	0.00788	0.00566	0.05507	0.02368	0.01277	0.05533	0.19291	0.22784	0.02617	0.07988	0.00198	0.00413	0.02467	0.01677	0.00459
41	0.08426	0.05110	0.11809	0.00862	0.01227	0.03739	0.06866	0.04093	0.04575	0.05116	0.02718	0.04840	0.00892	0.03928	0.00459	0.00122	0.00435	0.00384	0.00285	0.34113

[dist]
# distance from previous block
# <min> <max>
2	31

[block]
# block no. 3 follows, 59 sequences, length 10
# corresponding to MSA columns:
# 653-662
name=unknown_D
#
# <colnr> <probs for GDERKNQSTAVLIFYWHMCP>
#	G	D	E	R	K	N	Q	S	T	A	V	L	I	F	Y	W	H	M	C	P
0	0.00785	0.01857	0.00766	0.02720	0.04804	0.03310	0.00551	0.04797	0.00909	0.01206	0.08461	0.13643	0.08558	0.05799	0.08864	0.19803	0.01738	0.07490	0.00311	0.03626
1	0.00600	0.00445	0.00559	0.00543	0.00648	0.00404	0.00403	0.00780	0.01173	0.01616	0.61454	0.10841	0.16934	0.00983	0.00525	0.00144	0.00215	0.00863	0.00467	0.00404
2	0.00538	0.00384	0.00512	0.00615	0.00641	0.00359	0.00410	0.00615	0.00846	0.01127	0.02434	0.84190	0.02921	0.01384	0.00564	0.00179	0.00256	0.01256	0.00410	0.00359
3	0.02367	0.00885	0.00977	0.02211	0.01086	0.09133	0.06425	0.08450	0.13086	0.02940	0.12960	0.04725	0.04913	0.00602	0.00427	0.00124	0.00390	0.01614	0.11848	0.14835
4	0.71136	0.00905	0.05203	0.00635	0.00928	0.00935	0.00554	0.01357	0.00830	0.08975	0.04560	0.00921	0.00712	0.00446	0.00308	0.00137	0.00356	0.00289	0.00303	0.00509
5	0.01002	0.00920	0.01493	0.47116	0.31224	0.01040	0.01239	0.08165	0.01032	0.01387	0.00826	0.01137	0.00643	0.00432	0.00440	0.00140	0.00557	0.00393	0.00226	0.00589
6	0.03655	0.21790	0.08661	0.23917	0.24006	0.03210	0.01125	0.06282	0.01005	0.01345	0.00766	0.00987	0.00618	0.00416	0.00393	0.00127	0.00539	0.00342	0.00218	0.00598
7	0.00968	0.07808	0.02763	0.08241	0.01275	0.03889	0.03287	0.06179	0.00869	0.01211	0.04790	0.02639	0.00933	0.08225	0.06577	0.00225	0.38960	0.00438	0.00239	0.00485
8	0.10088	0.00946	0.02944	0.00855	0.01097	0.03694	0.00709	0.22883	0.02999	0.14544	0.07632	0.01529	0.06714	0.00819	0.06557	0.00184	0.12230	0.00455	0.00375	0.02747
9	0.01294	0.01029	0.01213	0.06212	0.02757	0.07392	0.02908	0.19558	0.05688	0.12891	0.01202	0.02863	0.04826	0.00603	0.00673	0.00144	0.19901	0.00433	0.00339	0.08075

[dist]
# distance from previous block
# <min> <max>
0	81

[block]
# block no. 4 follows, 59 sequences, length 21
# corresponding to MSA columns:
# 750-770
name=unknown_E
#
# <colnr> <probs for GDERKNQSTAVLIFYWHMCP>
#	G	D	E	R	K	N	Q	S	T	A	V	L	I	F	Y	W	H	M	C	P
0	0.00665	0.00516	0.00610	0.00610	0.00735	0.00484	0.00444	0.05482	0.04148	0.01327	0.06659	0.39530	0.23552	0.01204	0.04279	0.00180	0.00311	0.00943	0.00397	0.07925
1	0.05629	0.00847	0.01180	0.26126	0.13557	0.03224	0.02697	0.08394	0.03708	0.06314	0.12033	0.01727	0.05405	0.02262	0.00517	0.00149	0.02841	0.02530	0.00314	0.00547
2	0.01386	0.11055	0.01347	0.03205	0.02532	0.42514	0.02056	0.11029	0.01189	0.01295	0.00783	0.00975	0.00665	0.02208	0.07936	0.00179	0.05951	0.00330	0.00248	0.03116
3	0.00551	0.00411	0.00511	0.00570	0.00635	0.00374	0.00397	0.00654	0.00932	0.01220	0.12573	0.52017	0.21238	0.03241	0.00590	0.00174	0.00250	0.02879	0.00416	0.00368
4	0.00817	0.03736	0.00787	0.00723	0.00808	0.13681	0.00531	0.00917	0.00826	0.01035	0.03446	0.12877	0.01471	0.22838	0.28330	0.00405	0.03395	0.02718	0.00274	0.00386
5	0.01097	0.40025	0.12333	0.03418	0.11175	0.04384	0.04449	0.03608	0.04878	0.01251	0.00861	0.05848	0.00771	0.00480	0.00413	0.00122	0.03701	0.00370	0.00229	0.00588
6	0.04056	0.36500	0.37228	0.00999	0.01483	0.04282	0.01135	0.04228	0.03990	0.01324	0.00756	0.00858	0.00597	0.00414	0.00359	0.00120	0.00555	0.00293	0.00211	0.00611
7	0.00679	0.00547	0.00720	0.00714	0.00795	0.04393	0.00547	0.00824	0.00731	0.01016	0.01174	0.01770	0.01114	0.08756	0.73340	0.00663	0.01113	0.00476	0.00238	0.00391
8	0.00992	0.00831	0.05196	0.00719	0.00990	0.00717	0.00582	0.14364	0.03324	0.04095	0.01075	0.01542	0.00974	0.21891	0.07026	0.00225	0.00463	0.00413	0.00302	0.34280
9	0.00923	0.04389	0.14490	0.00917	0.01153	0.13236	0.04496	0.05309	0.02264	0.01296	0.01597	0.29803	0.03929	0.02152	0.00539	0.00157	0.02848	0.06902	0.00316	0.03283
10	0.00852	0.00706	0.00948	0.09424	0.07111	0.00689	0.00671	0.05402	0.02882	0.01353	0.03842	0.04338	0.01038	0.04172	0.24078	0.00289	0.00621	0.00426	0.00272	0.30886
11	0.00813	0.09852	0.09651	0.05793	0.04983	0.02215	0.07542	0.03842	0.03089	0.01291	0.02238	0.13839	0.25001	0.01691	0.01352	0.00156	0.00426	0.05417	0.00321	0.00488
12	0.06207	0.17662	0.20191	0.01050	0.03714	0.08070	0.05424	0.03983	0.06414	0.02771	0.00917	0.04123	0.00775	0.00731	0.07405	0.00180	0.06611	0.00379	0.00247	0.03144
13	0.00918	0.00957	0.03337	0.03817	0.01084	0.16806	0.04587	0.05245	0.01057	0.01300	0.07856	0.22958	0.15159	0.00872	0.00560	0.00149	0.06535	0.02629	0.00336	0.03840
14	0.00996	0.05681	0.04298	0.11873	0.13135	0.04707	0.06660	0.10084	0.02253	0.04228	0.08813	0.04325	0.13728	0.06605	0.00587	0.00159	0.00462	0.00553	0.00316	0.00537
15	0.04476	0.10726	0.08353	0.02307	0.03877	0.08623	0.05615	0.15451	0.06142	0.03623	0.00894	0.00987	0.00694	0.00421	0.00383	0.00110	0.00483	0.00331	0.00290	0.26214
16	0.12804	0.12507	0.06433	0.07721	0.14684	0.04081	0.10294	0.01349	0.07072	0.04266	0.01045	0.08520	0.00927	0.02900	0.03427	0.00165	0.00520	0.00454	0.00268	0.00561
17	0.04016	0.03847	0.00683	0.00658	0.00757	0.05181	0.00476	0.03669	0.00935	0.04102	0.02253	0.54100	0.10304	0.01282	0.05401	0.00196	0.00363	0.00983	0.00382	0.00412
18	0.03648	0.05492	0.11649	0.05536	0.11066	0.02008	0.01816	0.16494	0.02060	0.07306	0.00929	0.02211	0.00722	0.00442	0.00415	0.00115	0.02092	0.00352	0.00296	0.25351
19	0.02466	0.09645	0.16095	0.03431	0.09505	0.07969	0.00960	0.17368	0.10412	0.06676	0.05106	0.03955	0.01965	0.00530	0.00423	0.00132	0.00496	0.00423	0.00325	0.02115
20	0.02529	0.02010	0.07257	0.04253	0.06579	0.04643	0.03849	0.13102	0.06969	0.05465	0.01528	0.04373	0.10099	0.05609	0.16733	0.00265	0.00604	0.00508	0.00319	0.03307

[dist]
# distance from previous block
# <min> <max>
0	60

[block]
# block no. 5 follows, 59 sequences, length 24
# corresponding to MSA columns:
# 835-858
name=unknown_F
#
# <colnr> <probs for GDERKNQSTAVLIFYWHMCP>
#	G	D	E	R	K	N	Q	S	T	A	V	L	I	F	Y	W	H	M	C	P
0	0.02571	0.01143	0.12611	0.01066	0.09189	0.12191	0.03845	0.03930	0.06737	0.02759	0.04935	0.09627	0.04103	0.07043	0.00603	0.00156	0.02803	0.01497	0.04235	0.08957
1	0.00701	0.00501	0.00601	0.00628	0.00692	0.00512	0.00455	0.00899	0.08796	0.01139	0.01894	0.08894	0.04785	0.41156	0.01369	0.00300	0.00391	0.23825	0.02097	0.00365
2	0.01412	0.12615	0.01445	0.02670	0.10947	0.13471	0.02201	0.28722	0.12895	0.05514	0.01080	0.03211	0.00845	0.00510	0.00419	0.00129	0.00511	0.00399	0.00345	0.00659
3	0.00630	0.00430	0.00478	0.00478	0.00493	0.00423	0.00274	0.00641	0.00679	0.00890	0.01699	0.03026	0.09582	0.76161	0.02076	0.00400	0.00408	0.00671	0.00282	0.00278
4	0.02381	0.19558	0.06238	0.07473	0.01323	0.05124	0.01851	0.13265	0.01088	0.12828	0.00969	0.01186	0.00783	0.05067	0.09409	0.00209	0.10007	0.00377	0.00291	0.00573
5	0.01224	0.22562	0.34199	0.01101	0.01590	0.01135	0.10849	0.01550	0.01011	0.19287	0.00972	0.01035	0.00694	0.00432	0.00403	0.00129	0.00557	0.00354	0.00272	0.00646
6	0.00584	0.00441	0.00544	0.00579	0.00665	0.00409	0.00418	0.00749	0.03608	0.01348	0.24127	0.37609	0.21330	0.01160	0.00541	0.00162	0.00246	0.04658	0.00432	0.00391
7	0.00632	0.00453	0.00618	0.00622	0.00669	0.00499	0.00441	0.00728	0.00690	0.00967	0.01309	0.05348	0.01360	0.33332	0.49715	0.00585	0.00867	0.00566	0.00255	0.00346
8	0.00886	0.02285	0.82190	0.01259	0.01912	0.01026	0.01632	0.01399	0.00932	0.01399	0.00793	0.00932	0.00559	0.00420	0.00420	0.00140	0.00653	0.00326	0.00186	0.00653
9	0.00860	0.00811	0.01371	0.75364	0.10893	0.00988	0.01239	0.01151	0.00895	0.01160	0.00790	0.01169	0.00600	0.00437	0.00441	0.00146	0.00582	0.00393	0.00198	0.00511
10	0.00669	0.00469	0.00595	0.00657	0.00731	0.00457	0.00469	0.00878	0.08876	0.04699	0.02442	0.62016	0.06822	0.01243	0.00549	0.00175	0.00281	0.07140	0.00420	0.00414
11	0.00759	0.00489	0.00632	0.00610	0.00724	0.00467	0.00456	0.00988	0.05253	0.08483	0.46262	0.19570	0.03221	0.01037	0.03686	0.00169	0.00281	0.02215	0.04250	0.00447
12	0.00545	0.00389	0.00520	0.00622	0.00651	0.00364	0.00421	0.00626	0.00852	0.01135	0.02431	0.81262	0.02907	0.01378	0.00565	0.00180	0.00262	0.04120	0.00410	0.00361
13	0.00614	0.00451	0.00574	0.00543	0.00653	0.00412	0.00408	0.00811	0.01223	0.01706	0.72833	0.03406	0.12865	0.00927	0.00521	0.00140	0.00210	0.00814	0.00478	0.00412
14	0.00545	0.00423	0.00482	0.00518	0.00605	0.00376	0.00360	0.00638	0.00924	0.01166	0.07456	0.33344	0.40714	0.09522	0.00709	0.00188	0.00255	0.01015	0.00400	0.00359
15	0.00550	0.00391	0.00507	0.00595	0.00621	0.00367	0.00392	0.00619	0.00826	0.01098	0.02367	0.72675	0.04827	0.11007	0.00758	0.00207	0.00275	0.01176	0.00393	0.00349
16	0.00996	0.01016	0.01348	0.01159	0.01169	0.04917	0.00961	0.01094	0.00702	0.01064	0.00584	0.00959	0.00579	0.00759	0.01403	0.00190	0.80039	0.00382	0.00195	0.00484
17	0.01344	0.00888	0.01010	0.00812	0.01074	0.00948	0.03691	0.37803	0.06932	0.09023	0.01294	0.01346	0.00950	0.00525	0.00399	0.00124	0.00380	0.00418	0.30414	0.00624
18	0.00916	0.00785	0.00916	0.00654	0.01047	0.00589	0.00523	0.01112	0.00916	0.01439	0.00785	0.00916	0.00654	0.00327	0.00327	0.00065	0.00327	0.00262	0.00262	0.87178
19	0.01101	0.53384	0.21391	0.00911	0.01340	0.01442	0.03774	0.03028	0.00965	0.03003	0.05406	0.00955	0.00794	0.00425	0.00345	0.00112	0.00508	0.00309	0.00220	0.00588
20	0.00865	0.00807	0.04128	0.00773	0.01014	0.03528	0.04359	0.05743	0.13917	0.01490	0.07149	0.18073	0.13151	0.00775	0.00464	0.00134	0.00355	0.02773	0.00365	0.20137
21	0.01174	0.07125	0.10191	0.04562	0.16313	0.06269	0.00914	0.09340	0.08810	0.10524	0.05441	0.01537	0.07015	0.00543	0.00430	0.00130	0.00463	0.01922	0.00328	0.06969
22	0.01062	0.05610	0.09647	0.07183	0.09868	0.05403	0.03157	0.16333	0.07791	0.02607	0.01492	0.15299	0.05537	0.00699	0.00464	0.00145	0.00467	0.05253	0.00332	0.01651
23	0.01262	0.04467	0.05243	0.09147	0.15155	0.00817	0.02536	0.02924	0.06426	0.28523	0.04698	0.03105	0.12560	0.00604	0.00452	0.00139	0.00419	0.00516	0.00384	0.00625

[dist]
# distance from previous block
# <min> <max>
0	108

[block]
# block no. 6 follows, 59 sequences, length 43
# corresponding to MSA columns:
# 972-1014
name=unknown_G
#
# <colnr> <probs for GDERKNQSTAVLIFYWHMCP>
#	G	D	E	R	K	N	Q	S	T	A	V	L	I	F	Y	W	H	M	C	P
0	0.05449	0.05036	0.08451	0.01193	0.14090	0.10059	0.02133	0.11930	0.01092	0.03686	0.02778	0.09898	0.01020	0.03719	0.04161	0.00170	0.06694	0.00465	0.00288	0.07689
1	0.01077	0.08300	0.08750	0.00950	0.05639	0.13654	0.00770	0.11959	0.06797	0.03466	0.10683	0.09278	0.11256	0.00719	0.00458	0.00139	0.00451	0.04760	0.00349	0.00545
2	0.04939	0.04174	0.01296	0.01157	0.07864	0.21233	0.09134	0.10096	0.13926	0.01506	0.01304	0.11020	0.04633	0.00619	0.00488	0.00139	0.04128	0.00509	0.00314	0.01522
3	0.01143	0.09242	0.01454	0.07383	0.16405	0.17344	0.08511	0.07332	0.01083	0.03250	0.01114	0.14307	0.01068	0.00671	0.02049	0.00150	0.04006	0.02660	0.00276	0.00552
4	0.01013	0.00944	0.06428	0.00922	0.02698	0.08374	0.03375	0.08533	0.14586	0.05964	0.03294	0.04035	0.01137	0.01708	0.34504	0.00376	0.00780	0.00474	0.00316	0.00539
5	0.00914	0.03305	0.00857	0.02065	0.00930	0.03299	0.00569	0.09321	0.23745	0.01428	0.02485	0.05947	0.05610	0.19180	0.18057	0.00323	0.00563	0.00561	0.00343	0.00498
6	0.00780	0.00637	0.00775	0.00669	0.00887	0.00554	0.00505	0.03542	0.00915	0.01330	0.01546	0.32767	0.04230	0.00855	0.02475	0.00135	0.04120	0.00678	0.00325	0.42274
7	0.00732	0.00591	0.00695	0.00582	0.00803	0.00482	0.00436	0.00885	0.00958	0.01373	0.17103	0.11075	0.13789	0.09263	0.00615	0.00141	0.00291	0.00612	0.00344	0.39228
8	0.00658	0.00510	0.00623	0.00690	0.05888	0.00476	0.00467	0.00834	0.04712	0.03717	0.08550	0.18598	0.39504	0.05196	0.05230	0.00199	0.00328	0.03011	0.00392	0.00418
9	0.01391	0.01163	0.01291	0.01292	0.16301	0.08279	0.00883	0.41121	0.11327	0.02102	0.01177	0.04093	0.00963	0.03130	0.00504	0.00146	0.00491	0.03297	0.00375	0.00674
10	0.81602	0.00881	0.00696	0.00611	0.00890	0.01017	0.00504	0.06808	0.00844	0.02038	0.00646	0.00741	0.00497	0.00418	0.00285	0.00136	0.00352	0.00250	0.00285	0.00497
11	0.82744	0.00829	0.00636	0.00571	0.00835	0.00958	0.00469	0.01283	0.00761	0.01963	0.00661	0.00769	0.00515	0.00416	0.00275	0.00135	0.00334	0.00249	0.05121	0.00475
12	0.01271	0.39728	0.01678	0.00869	0.01193	0.07138	0.00759	0.14780	0.25348	0.01577	0.01051	0.01058	0.00834	0.00476	0.00368	0.00119	0.00460	0.00346	0.00313	0.00634
13	0.00603	0.00453	0.00533	0.00552	0.00660	0.00412	0.00397	0.00728	0.02256	0.03306	0.05278	0.30520	0.37736	0.04529	0.07385	0.00213	0.00330	0.00949	0.00393	0.02766
14	0.02984	0.06321	0.23498	0.01121	0.04143	0.18905	0.02802	0.19308	0.03107	0.07344	0.00980	0.04586	0.00770	0.00501	0.00420	0.00131	0.00580	0.00385	0.00299	0.01816
15	0.00834	0.11720	0.23829	0.00918	0.01212	0.00867	0.09635	0.01082	0.02843	0.01134	0.01062	0.01742	0.01026	0.31505	0.08527	0.00293	0.00598	0.00470	0.00232	0.00472
16	0.01045	0.01150	0.01801	0.38466	0.03995	0.13899	0.30644	0.01340	0.01003	0.01234	0.00810	0.01121	0.00618	0.00417	0.00464	0.00142	0.00678	0.00424	0.00212	0.00537
17	0.00872	0.00707	0.00925	0.00784	0.00972	0.00732	0.08416	0.09382	0.14946	0.01695	0.26702	0.02481	0.14770	0.03483	0.00575	0.00151	0.03520	0.00645	0.07734	0.00508
18	0.01394	0.01261	0.01818	0.01359	0.01735	0.07952	0.33255	0.35248	0.05741	0.04209	0.01019	0.01135	0.00744	0.00464	0.00471	0.00139	0.00607	0.00446	0.00338	0.00665
19	0.00635	0.00451	0.00555	0.00577	0.00630	0.00442	0.00390	0.03582	0.00890	0.01197	0.13826	0.31703	0.06928	0.28693	0.05396	0.00280	0.00364	0.02739	0.00367	0.00356
20	0.00644	0.00430	0.00488	0.00490	0.00493	0.00430	0.00279	0.00649	0.00652	0.00869	0.01417	0.02945	0.01630	0.82286	0.02205	0.00422	0.00428	0.02699	0.00271	0.00271
21	0.00594	0.00429	0.00512	0.00532	0.00581	0.00417	0.00351	0.00658	0.00787	0.01031	0.04629	0.20165	0.18450	0.37397	0.11215	0.00343	0.00434	0.00816	0.00330	0.00328
22	0.00928	0.00825	0.01325	0.03331	0.44034	0.00871	0.00997	0.03753	0.00911	0.01298	0.00978	0.01415	0.00884	0.07215	0.26166	0.00334	0.03500	0.00436	0.00234	0.00565
23	0.00735	0.00473	0.00525	0.00499	0.00629	0.00445	0.00378	0.03281	0.02063	0.03400	0.27104	0.02846	0.23920	0.00801	0.00441	0.00129	0.00225	0.00675	0.31007	0.00424
24	0.00618	0.00422	0.00502	0.00533	0.00548	0.00414	0.00330	0.00651	0.00722	0.00958	0.01767	0.23625	0.03484	0.57191	0.01697	0.00347	0.00380	0.05198	0.00314	0.00300
25	0.01190	0.01130	0.11231	0.33585	0.04632	0.01071	0.09910	0.21204	0.01246	0.09078	0.00957	0.01147	0.00685	0.00462	0.00448	0.00141	0.00566	0.00405	0.00293	0.00618
26	0.01082	0.07880	0.01436	0.09848	0.32211	0.02798	0.01000	0.11471	0.08934	0.01563	0.05300	0.03590	0.04967	0.00558	0.00476	0.00138	0.03247	0.02589	0.00297	0.00616
27	0.00691	0.00506	0.00575	0.00592	0.00702	0.00498	0.00431	0.03807	0.10251	0.01403	0.07017	0.34077	0.21617	0.01039	0.00496	0.00154	0.00260	0.02198	0.13257	0.00428
28	0.00556	0.00404	0.00547	0.00623	0.00657	0.00379	0.01870	0.00632	0.00836	0.01112	0.02369	0.73990	0.04688	0.08224	0.00701	0.00199	0.00279	0.01183	0.00395	0.00356
29	0.00944	0.00836	0.00929	0.00673	0.01059	0.03733	0.00536	0.01137	0.00929	0.01425	0.00781	0.00911	0.00651	0.00332	0.00330	0.00067	0.00345	0.00263	0.00260	0.83860
30	0.00910	0.09097	0.75590	0.01217	0.01847	0.01085	0.01559	0.01392	0.00930	0.01369	0.00778	0.00914	0.00560	0.00416	0.00408	0.00136	0.00638	0.00319	0.00187	0.00646
31	0.00538	0.00384	0.00512	0.00615	0.00641	0.00359	0.00410	0.00615	0.00846	0.01127	0.02434	0.84190	0.02921	0.01384	0.00564	0.00179	0.00256	0.01256	0.00410	0.00359
32	0.01019	0.00755	0.00930	0.00822	0.00974	0.03067	0.00651	0.19585	0.01073	0.06441	0.01136	0.01546	0.00994	0.07568	0.43649	0.00459	0.08075	0.00452	0.00302	0.00503
33	0.01122	0.02257	0.02308	0.01716	0.04519	0.07134	0.61014	0.06655	0.01105	0.01458	0.00890	0.02251	0.00694	0.00421	0.00544	0.00146	0.04439	0.00492	0.00239	0.00594
34	0.00863	0.00692	0.00847	0.00691	0.00929	0.00643	0.00538	0.07499	0.00930	0.01374	0.03924	0.01461	0.01017	0.10867	0.22406	0.00290	0.03180	0.00396	0.00277	0.41177
35	0.00611	0.00427	0.00510	0.00537	0.00571	0.00412	0.00347	0.00669	0.00794	0.01054	0.08723	0.21988	0.08692	0.46056	0.01467	0.00309	0.00352	0.05823	0.00340	0.00319
36	0.01298	0.01075	0.01351	0.01088	0.01367	0.06212	0.13299	0.18461	0.25570	0.10185	0.01405	0.01479	0.03780	0.00584	0.00563	0.00148	0.08889	0.02219	0.00380	0.00648
37	0.00967	0.23595	0.59126	0.01147	0.01722	0.01215	0.03762	0.01379	0.00927	0.01306	0.00749	0.00882	0.00565	0.00407	0.00387	0.00128	0.00609	0.00309	0.00188	0.00629
38	0.00905	0.02152	0.72568	0.01332	0.01960	0.01037	0.11122	0.01401	0.00946	0.01401	0.00805	0.00964	0.00573	0.00414	0.00432	0.00141	0.00664	0.00350	0.00191	0.00646
39	0.09739	0.16273	0.14908	0.01084	0.01447	0.03833	0.18571	0.10096	0.02398	0.01512	0.02199	0.12240	0.02703	0.00568	0.00428	0.00137	0.00522	0.00499	0.00277	0.00565
40	0.01070	0.00771	0.00814	0.00699	0.00922	0.03669	0.00549	0.19352	0.08898	0.10047	0.10009	0.05001	0.28134	0.00788	0.00469	0.00138	0.00333	0.00648	0.05301	0.02389
41	0.00637	0.07423	0.00695	0.00648	0.00713	0.03631	0.00459	0.00725	0.00870	0.01129	0.03702	0.70797	0.02622	0.01297	0.02283	0.00180	0.00314	0.01109	0.00383	0.00384
42	0.01198	0.01344	0.01625	0.09255	0.04199	0.26958	0.26148	0.02819	0.10847	0.01380	0.07581	0.01286	0.01002	0.00486	0.00477	0.00137	0.01976	0.00446	0.00274	0.00561

[dist]
# distance from previous block
# <min> <max>
0	8

[block]
# block no. 7 follows, 59 sequences, length 35
# corresponding to MSA columns:
# 1026-1060
name=unknown_H
#
# <colnr> <probs for GDERKNQSTAVLIFYWHMCP>
#	G	D	E	R	K	N	Q	S	T	A	V	L	I	F	Y	W	H	M	C	P
0	0.11644	0.31261	0.01482	0.02282	0.02465	0.13201	0.00724	0.03824	0.14819	0.10194	0.01060	0.02257	0.02112	0.00482	0.00363	0.00121	0.00469	0.00348	0.00303	0.00591
1	0.03792	0.20628	0.27358	0.01126	0.06135	0.12072	0.01083	0.13180	0.07883	0.01538	0.00859	0.00946	0.00663	0.00445	0.00388	0.00125	0.00564	0.00327	0.00257	0.00631
2	0.00767	0.00384	0.00575	0.00575	0.00575	0.00384	0.00384	0.00575	0.00575	0.00767	0.00767	0.01343	0.00767	0.01534	0.01726	0.87150	0.00384	0.00384	0.00192	0.00192
3	0.00554	0.00420	0.00514	0.00577	0.00654	0.00381	0.00416	0.00660	0.00932	0.01194	0.06249	0.46637	0.28876	0.01261	0.00553	0.00170	0.00259	0.08910	0.00413	0.00371
4	0.00662	0.00515	0.00638	0.00622	0.00746	0.00529	0.00477	0.06944	0.00946	0.01238	0.02578	0.09721	0.32953	0.02064	0.36835	0.00398	0.00671	0.00715	0.00336	0.00411
5	0.00744	0.00398	0.00593	0.00593	0.00604	0.00409	0.00405	0.00608	0.00596	0.00807	0.00842	0.01436	0.00836	0.03737	0.13482	0.72584	0.00501	0.00403	0.00200	0.00223
6	0.00767	0.00384	0.00575	0.00575	0.00575	0.00384	0.00384	0.00575	0.00575	0.00767	0.00767	0.01343	0.00767	0.01534	0.01726	0.87150	0.00384	0.00384	0.00192	0.00192
7	0.00560	0.00408	0.00502	0.00567	0.00613	0.00379	0.00381	0.00634	0.00843	0.01096	0.02605	0.52147	0.16772	0.16657	0.00868	0.00221	0.00287	0.03732	0.00384	0.00346
8	0.01093	0.01049	0.01793	0.02711	0.81723	0.01049	0.01355	0.01355	0.01006	0.01443	0.00831	0.01093	0.00700	0.00394	0.00437	0.00131	0.00525	0.00394	0.00219	0.00700
