[name]
unknown

[dist]
# distance from previous block
# <min> <max>
4	111

[block]
# block no. 0 follows, 70 sequences, length 9
# corresponding to MSA columns:
# 111-119
name=unknown_A
#
# <colnr> <probs for GDERKNQSTAVLIFYWHMCP>
#	G	D	E	R	K	N	Q	S	T	A	V	L	I	F	Y	W	H	M	C	P
0	0.01216	0.00835	0.01220	0.01135	0.14991	0.00832	0.12817	0.18352	0.08935	0.23676	0.06514	0.01376	0.05314	0.00482	0.00407	0.00122	0.00401	0.00431	0.00353	0.00591
1	0.00907	0.04459	0.13350	0.36233	0.18399	0.03476	0.02974	0.05485	0.06102	0.03784	0.00787	0.00991	0.00596	0.00389	0.00379	0.00122	0.00495	0.00338	0.00211	0.00524
2	0.01181	0.01368	0.01033	0.00925	0.01053	0.49655	0.00719	0.01287	0.00914	0.01006	0.00655	0.00836	0.00564	0.00488	0.00612	0.00119	0.25714	0.00290	0.11150	0.00431
3	0.00899	0.00871	0.01519	0.23298	0.57837	0.00910	0.06722	0.01143	0.00858	0.01195	0.00723	0.00984	0.00588	0.00355	0.00390	0.00120	0.00488	0.00353	0.00187	0.00562
4	0.01016	0.00822	0.00975	0.03091	0.16786	0.06314	0.00697	0.04206	0.33589	0.10769	0.13017	0.02976	0.02971	0.00531	0.00400	0.00124	0.00352	0.00454	0.00350	0.00559
5	0.01383	0.00646	0.00792	0.00651	0.00873	0.04372	0.00510	0.01546	0.04323	0.55534	0.06858	0.07477	0.01292	0.11207	0.00596	0.00154	0.00335	0.00477	0.00421	0.00552
6	0.00504	0.00382	0.00435	0.00436	0.00535	0.00335	0.00319	0.00583	0.00868	0.01095	0.18936	0.09529	0.51685	0.01008	0.00592	0.11123	0.00213	0.00757	0.00349	0.00314
7	0.00870	0.00502	0.00605	0.00550	0.00694	0.00471	0.00412	0.03727	0.06535	0.21473	0.10235	0.14697	0.21105	0.14076	0.00677	0.00170	0.00278	0.02117	0.00380	0.00427
8	0.01071	0.00684	0.00720	0.00634	0.00813	0.10938	0.00489	0.01263	0.05726	0.29441	0.23809	0.11587	0.09818	0.00689	0.00422	0.00124	0.00310	0.00582	0.00401	0.00481

[dist]
# distance from previous block
# <min> <max>
3	6

[block]
# block no. 1 follows, 70 sequences, length 6
# corresponding to MSA columns:
# 127-132
name=unknown_B
#
# <colnr> <probs for GDERKNQSTAVLIFYWHMCP>
#	G	D	E	R	K	N	Q	S	T	A	V	L	I	F	Y	W	H	M	C	P
0	0.14297	0.00587	0.00698	0.00603	0.00807	0.00566	0.00475	0.01349	0.07623	0.36367	0.12819	0.14216	0.06687	0.00649	0.00397	0.00127	0.00280	0.00542	0.00405	0.00508
1	0.37017	0.00710	0.00721	0.00606	0.00842	0.00752	0.00491	0.10945	0.05877	0.21300	0.11688	0.01323	0.05233	0.00497	0.00341	0.00121	0.00302	0.00376	0.00353	0.00505
2	0.23630	0.00679	0.00729	0.00617	0.00837	0.00704	0.00490	0.09857	0.10535	0.24407	0.08660	0.03613	0.07050	0.05973	0.00466	0.00139	0.00307	0.00432	0.00367	0.00508
3	0.06438	0.00836	0.00920	0.00759	0.01011	0.00907	0.00610	0.27544	0.29929	0.16614	0.09138	0.01349	0.01167	0.00514	0.00388	0.00123	0.00337	0.00413	0.00402	0.00601
4	0.08673	0.00631	0.00784	0.00645	0.00877	0.00600	0.00517	0.06578	0.05619	0.46354	0.16320	0.08006	0.01518	0.00584	0.00398	0.00124	0.00298	0.00486	0.00431	0.00558
5	0.06204	0.00601	0.00734	0.00619	0.00830	0.00574	0.00491	0.05658	0.08816	0.36660	0.18034	0.07906	0.09931	0.00642	0.00409	0.00125	0.00281	0.00538	0.00422	0.00525

[dist]
# distance from previous block
# <min> <max>
0	1

[block]
# block no. 2 follows, 70 sequences, length 14
# corresponding to MSA columns:
# 134-147
name=unknown_C
#
# <colnr> <probs for GDERKNQSTAVLIFYWHMCP>
#	G	D	E	R	K	N	Q	S	T	A	V	L	I	F	Y	W	H	M	C	P
0	0.01467	0.00633	0.00820	0.00654	0.00916	0.00566	0.00531	0.05485	0.03595	0.62435	0.01865	0.05492	0.12591	0.00584	0.00404	0.00123	0.00310	0.00482	0.00451	0.00596
1	0.03887	0.00421	0.00593	0.00593	0.00663	0.00477	0.00452	0.00697	0.00656	0.00967	0.06401	0.05176	0.01218	0.08316	0.67034	0.00536	0.00876	0.00465	0.00231	0.00341
2	0.00618	0.00437	0.00616	0.00608	0.00689	0.00484	0.00467	0.02675	0.02524	0.03290	0.05639	0.07248	0.02696	0.03899	0.59592	0.03580	0.00810	0.02074	0.01696	0.00359
3	0.00566	0.00438	0.00594	0.00596	0.00671	0.02138	0.00459	0.00702	0.00722	0.01002	0.11472	0.05452	0.06394	0.04409	0.58284	0.00476	0.00794	0.04228	0.00257	0.00346
4	0.00589	0.00437	0.00622	0.00623	0.00700	0.00490	0.00482	0.04453	0.00727	0.01024	0.05139	0.11790	0.01328	0.02413	0.63200	0.00501	0.00843	0.04030	0.00251	0.00358
5	0.01107	0.01088	0.05044	0.06772	0.08464	0.16759	0.11765	0.15162	0.10194	0.06728	0.02825	0.02552	0.03901	0.00557	0.03594	0.00140	0.02144	0.00394	0.00280	0.00532
6	0.01243	0.01270	0.03402	0.01526	0.09603	0.15897	0.41957	0.07562	0.03555	0.03973	0.00992	0.01247	0.00795	0.00597	0.04169	0.00176	0.00675	0.00450	0.00287	0.00621
7	0.00935	0.00927	0.04163	0.01125	0.07318	0.08880	0.25560	0.10777	0.03674	0.03895	0.03645	0.21945	0.01194	0.00595	0.00430	0.00128	0.00461	0.00566	0.00281	0.03500
8	0.06462	0.02851	0.03395	0.02992	0.13133	0.03834	0.41582	0.10589	0.01015	0.05813	0.03928	0.01053	0.00717	0.00378	0.00411	0.00123	0.00536	0.00402	0.00242	0.00542
9	0.01139	0.04716	0.06513	0.05811	0.04113	0.03989	0.11908	0.15719	0.06354	0.18744	0.01242	0.04804	0.04687	0.00506	0.00400	0.00122	0.00427	0.04259	0.00320	0.04227
10	0.10603	0.07049	0.05401	0.00903	0.01197	0.04488	0.14512	0.17602	0.14652	0.11866	0.01139	0.04281	0.03646	0.00471	0.00379	0.00121	0.00422	0.00399	0.00315	0.00554
11	0.10349	0.02262	0.03193	0.01176	0.21160	0.00844	0.07260	0.12412	0.07429	0.10331	0.04300	0.04725	0.01685	0.02059	0.00422	0.00122	0.02069	0.00394	0.00291	0.07518
12	0.05946	0.11400	0.03495	0.01023	0.13891	0.00950	0.04467	0.18975	0.11011	0.09296	0.03299	0.03458	0.02450	0.00448	0.00363	0.00112	0.00385	0.00371	0.00302	0.08358
13	0.06849	0.13564	0.04689	0.02488	0.10465	0.04282	0.03207	0.18366	0.07942	0.06402	0.01748	0.04234	0.00780	0.03668	0.00412	0.00119	0.00404	0.00353	0.00280	0.09749

[dist]
# distance from previous block
# <min> <max>
10	85

[block]
# block no. 3 follows, 70 sequences, length 10
# corresponding to MSA columns:
# 238-247
name=unknown_D
#
# <colnr> <probs for GDERKNQSTAVLIFYWHMCP>
#	G	D	E	R	K	N	Q	S	T	A	V	L	I	F	Y	W	H	M	C	P
0	0.03069	0.05522	0.05715	0.01085	0.15079	0.04547	0.03880	0.23568	0.07759	0.09336	0.06334	0.04791	0.00959	0.00477	0.00397	0.00116	0.01907	0.00395	0.00311	0.04753
1	0.06322	0.11303	0.07576	0.03182	0.07062	0.06758	0.01896	0.19165	0.12433	0.06607	0.07509	0.01103	0.00916	0.00456	0.00394	0.00115	0.03445	0.00352	0.00297	0.03110
2	0.05421	0.03346	0.06481	0.01024	0.12638	0.05062	0.02324	0.17490	0.10277	0.06865	0.03075	0.06635	0.00880	0.00533	0.00491	0.03670	0.06960	0.00393	0.00289	0.06146
3	0.04920	0.00995	0.08598	0.00988	0.11584	0.05695	0.00749	0.27424	0.06513	0.09417	0.07682	0.05215	0.02754	0.00501	0.00384	0.00117	0.00396	0.00408	0.00327	0.05333
4	0.03071	0.07570	0.14761	0.01050	0.15357	0.05485	0.00811	0.11424	0.08665	0.08566	0.05291	0.05328	0.07848	0.00510	0.00381	0.00118	0.00404	0.00420	0.00290	0.02652
5	0.00971	0.04279	0.04039	0.02113	0.11118	0.00750	0.03967	0.08664	0.02300	0.12323	0.06233	0.05741	0.02681	0.02081	0.03784	0.00136	0.07693	0.00404	0.01656	0.19067
6	0.15334	0.00794	0.03447	0.01021	0.19086	0.04079	0.03422	0.08381	0.00953	0.03999	0.09078	0.04129	0.13781	0.00528	0.00372	0.00115	0.00352	0.00442	0.01485	0.09204
7	0.00549	0.00407	0.00573	0.00571	0.00635	0.00452	0.00429	0.00665	0.00651	0.00915	0.04798	0.01884	0.06635	0.15512	0.62912	0.00531	0.00844	0.00477	0.00231	0.00329
8	0.07624	0.00671	0.00769	0.00573	0.00888	0.00534	0.00456	0.01006	0.00804	0.05222	0.00805	0.05972	0.00701	0.00358	0.00301	0.00071	0.00286	0.00289	0.00250	0.72421
9	0.00587	0.00421	0.00520	0.00513	0.00611	0.00395	0.00381	0.00782	0.05794	0.04131	0.42032	0.18374	0.17086	0.02833	0.00496	0.00139	0.00216	0.03926	0.00396	0.00371

[dist]
# distance from previous block
# <min> <max>
0	8

[block]
# block no. 4 follows, 70 sequences, length 8
# corresponding to MSA columns:
# 256-263
name=unknown_E
#
# <colnr> <probs for GDERKNQSTAVLIFYWHMCP>
#	G	D	E	R	K	N	Q	S	T	A	V	L	I	F	Y	W	H	M	C	P
0	0.01064	0.05554	0.07164	0.01212	0.18121	0.20900	0.07123	0.05503	0.13036	0.02885	0.00968	0.03453	0.03082	0.00431	0.00372	0.00111	0.00482	0.00360	0.00249	0.07929
1	0.60577	0.03892	0.05546	0.03918	0.04046	0.03666	0.04286	0.01116	0.00705	0.01510	0.00627	0.00835	0.00523	0.06921	0.00404	0.00138	0.00369	0.00264	0.00225	0.00431
2	0.00680	0.11488	0.24430	0.00821	0.04417	0.00702	0.02327	0.00893	0.00782	0.01073	0.03813	0.22083	0.04782	0.03214	0.12337	0.00206	0.00487	0.04784	0.00248	0.00433
3	0.00776	0.00665	0.00770	0.00559	0.00886	0.00501	0.00446	0.00942	0.00810	0.01246	0.00955	0.01044	0.07403	0.00344	0.00301	0.00063	0.00280	0.00278	0.00240	0.81490
4	0.01062	0.39439	0.12916	0.00913	0.04760	0.12220	0.06629	0.05372	0.00929	0.05021	0.04953	0.02699	0.00744	0.00402	0.00329	0.00102	0.00473	0.00308	0.00217	0.00514
5	0.00579	0.00432	0.00516	0.00532	0.00621	0.00412	0.00394	0.06866	0.00915	0.01195	0.13379	0.31661	0.23981	0.06835	0.00577	0.00160	0.00252	0.09981	0.00362	0.00351
6	0.08015	0.09993	0.10184	0.00884	0.02766	0.05491	0.04469	0.13530	0.37515	0.01575	0.01092	0.01085	0.00825	0.00447	0.00364	0.00120	0.00404	0.00356	0.00309	0.00576
7	0.06113	0.25165	0.13819	0.03640	0.05909	0.10463	0.10611	0.05532	0.00927	0.10094	0.00797	0.03866	0.00642	0.00402	0.00345	0.00110	0.00483	0.00325	0.00231	0.00526

[dist]
# distance from previous block
# <min> <max>
0	5

[block]
# block no. 5 follows, 70 sequences, length 41
# corresponding to MSA columns:
# 269-309
name=unknown_F
#
# <colnr> <probs for GDERKNQSTAVLIFYWHMCP>
#	G	D	E	R	K	N	Q	S	T	A	V	L	I	F	Y	W	H	M	C	P
0	0.15405	0.02877	0.10471	0.04021	0.12422	0.13515	0.06544	0.15258	0.05130	0.04009	0.00863	0.06226	0.00713	0.00447	0.00364	0.00119	0.00465	0.00362	0.00260	0.00528
1	0.00540	0.00369	0.00477	0.00538	0.00573	0.00354	0.00363	0.00627	0.02766	0.03175	0.01946	0.63535	0.03042	0.13579	0.02457	0.01428	0.00274	0.03298	0.00340	0.00320
2	0.01248	0.04073	0.03274	0.00838	0.01122	0.04123	0.00694	0.40879	0.29344	0.05042	0.01131	0.01093	0.00829	0.00470	0.00379	0.00118	0.00390	0.00366	0.00366	0.04221
3	0.01008	0.14520	0.39160	0.00935	0.02892	0.02762	0.02943	0.06014	0.03113	0.12479	0.03549	0.00952	0.00698	0.00395	0.00354	0.00111	0.00469	0.00310	0.00241	0.07096
4	0.01989	0.06122	0.42035	0.01175	0.09577	0.03372	0.10448	0.05467	0.01651	0.08788	0.00854	0.02254	0.01656	0.00396	0.00376	0.00119	0.00514	0.00337	0.00222	0.02649
5	0.00886	0.13090	0.33390	0.01212	0.03402	0.01012	0.28975	0.03092	0.06777	0.01240	0.00808	0.02935	0.00630	0.00382	0.00388	0.00121	0.00546	0.00367	0.00202	0.00545
6	0.00859	0.00816	0.01371	0.26738	0.54149	0.00862	0.01095	0.01089	0.00854	0.01176	0.01990	0.01164	0.05353	0.00400	0.00390	0.00120	0.00458	0.00377	0.00199	0.00540
7	0.00956	0.18677	0.35889	0.01199	0.14523	0.11708	0.04230	0.02380	0.02846	0.01158	0.00758	0.00877	0.02403	0.00379	0.00351	0.00111	0.00526	0.00298	0.00187	0.00543
8	0.00947	0.01251	0.28973	0.03022	0.30098	0.00895	0.06350	0.06324	0.07828	0.05797	0.00902	0.04297	0.00715	0.00416	0.00389	0.00122	0.00480	0.00373	0.00234	0.00585
9	0.00611	0.00420	0.00608	0.00687	0.07915	0.00426	0.00447	0.00634	0.00663	0.00894	0.03446	0.10010	0.12684	0.03611	0.23744	0.31644	0.00504	0.00516	0.00235	0.00299
10	0.03148	0.00718	0.00926	0.00714	0.01012	0.00663	0.00589	0.11905	0.03221	0.70655	0.01440	0.01263	0.00919	0.00477	0.00387	0.00120	0.00341	0.00383	0.00462	0.00655
11	0.01820	0.03637	0.00746	0.00674	0.00803	0.03855	0.02713	0.03135	0.05501	0.10941	0.09466	0.26928	0.06506	0.00870	0.00489	0.00144	0.03637	0.17361	0.00356	0.00418
12	0.07516	0.00890	0.08453	0.01014	0.10381	0.00771	0.07875	0.08342	0.01050	0.44647	0.01143	0.01113	0.00767	0.00440	0.00417	0.00122	0.03726	0.00364	0.00359	0.00609
13	0.00486	0.00349	0.00444	0.00514	0.00545	0.00327	0.00342	0.00549	0.00734	0.00966	0.02171	0.66210	0.09560	0.12579	0.00690	0.00185	0.00245	0.02456	0.00343	0.00306
14	0.00960	0.00921	0.01574	0.02380	0.83957	0.00921	0.01190	0.01190	0.00883	0.01267	0.00729	0.00960	0.00614	0.00345	0.00384	0.00115	0.00461	0.00345	0.00192	0.00614
15	0.00903	0.29853	0.31100	0.02202	0.05803	0.02347	0.00926	0.01168	0.02791	0.05992	0.00914	0.12655	0.00833	0.00483	0.00349	0.00114	0.00446	0.00387	0.00218	0.00516
16	0.01079	0.21636	0.05334	0.04758	0.30569	0.01004	0.04042	0.04437	0.04698	0.13762	0.04404	0.01036	0.00786	0.00396	0.00358	0.00111	0.00424	0.00340	0.00254	0.00571
17	0.81417	0.00742	0.00599	0.00526	0.00771	0.00843	0.00433	0.01206	0.00699	0.09006	0.00627	0.00691	0.00467	0.00370	0.00253	0.00120	0.00303	0.00226	0.00261	0.00441
18	0.01448	0.01848	0.01099	0.00999	0.01199	0.84819	0.00749	0.01548	0.01099	0.00949	0.00599	0.00699	0.00499	0.00400	0.00350	0.00100	0.00699	0.00250	0.00200	0.00449
19	0.01050	0.06040	0.30749	0.05063	0.01384	0.07089	0.05940	0.02358	0.11859	0.16476	0.04382	0.01087	0.00811	0.00438	0.00411	0.00122	0.03560	0.00352	0.00271	0.00558
20	0.00685	0.00663	0.12138	0.02042	0.06355	0.00519	0.00582	0.00834	0.00728	0.06205	0.02659	0.14579	0.03243	0.21328	0.20882	0.00305	0.00525	0.00541	0.04804	0.00386
21	0.00563	0.00381	0.00447	0.00447	0.00456	0.00389	0.00265	0.00580	0.00571	0.00770	0.01199	0.02413	0.01356	0.76161	0.12114	0.00406	0.00457	0.00546	0.00232	0.00249
22	0.01057	0.00935	0.01502	0.03020	0.68205	0.03892	0.03495	0.03093	0.00932	0.08930	0.00804	0.00986	0.00641	0.00362	0.00385	0.00116	0.00463	0.00349	0.00223	0.00609
23	0.04261	0.05197	0.11634	0.01102	0.11786	0.19294	0.05988	0.11011	0.02323	0.18712	0.03085	0.00992	0.00725	0.00421	0.00385	0.00115	0.01790	0.00334	0.00283	0.00560
24	0.03453	0.04333	0.07785	0.01977	0.56286	0.05316	0.11547	0.02454	0.00898	0.01262	0.00718	0.00924	0.00586	0.00349	0.00381	0.00116	0.00499	0.00341	0.00194	0.00582
25	0.01026	0.18646	0.13130	0.02860	0.22292	0.16109	0.07622	0.02579	0.00906	0.03627	0.00799	0.07203	0.00705	0.00426	0.00363	0.00112	0.00505	0.00359	0.00209	0.00524
26	0.00601	0.00466	0.00583	0.00578	0.00626	0.03474	0.00419	0.00689	0.00638	0.00873	0.02814	0.01970	0.01198	0.32357	0.44936	0.00476	0.03257	0.03506	0.00226	0.00313
27	0.00917	0.18431	0.43332	0.01169	0.12683	0.03671	0.02900	0.01271	0.04882	0.03611	0.00730	0.00846	0.00560	0.00378	0.00377	0.00115	0.03083	0.00293	0.00191	0.00559
28	0.01026	0.20471	0.19016	0.02679	0.14222	0.13060	0.07073	0.03679	0.04968	0.04355	0.00792	0.03899	0.00653	0.00402	0.00354	0.00110	0.00498	0.00328	0.00215	0.02199
29	0.03496	0.00662	0.00893	0.00686	0.00985	0.00576	0.00567	0.01874	0.01101	0.82567	0.01510	0.01306	0.00949	0.00477	0.00387	0.00120	0.00329	0.00386	0.00475	0.00655
30	0.00530	0.00409	0.00445	0.00449	0.00566	0.00357	0.00331	0.02904	0.00892	0.03554	0.05425	0.20847	0.59926	0.00996	0.00462	0.00136	0.00212	0.00849	0.00366	0.00345
31	0.03580	0.04402	0.17350	0.01354	0.29291	0.05625	0.02400	0.01261	0.04226	0.12119	0.05365	0.06642	0.01931	0.00480	0.00387	0.00121	0.00435	0.02220	0.00262	0.00549
32	0.00559	0.00396	0.00537	0.00547	0.00591	0.00432	0.00392	0.00651	0.00628	0.00885	0.01219	0.07897	0.01271	0.29874	0.46094	0.00476	0.00713	0.03400	0.03130	0.00309
33	0.00554	0.00415	0.00623	0.00623	0.00692	0.00485	0.00485	0.00692	0.00623	0.00900	0.01038	0.01523	0.00969	0.02908	0.84839	0.00623	0.01038	0.00415	0.00208	0.00346
34	0.02234	0.10203	0.01164	0.00898	0.03306	0.09703	0.04297	0.18446	0.41043	0.01611	0.01145	0.01125	0.00870	0.00466	0.00387	0.00120	0.01700	0.00370	0.00329	0.00584
35	0.00986	0.01592	0.02175	0.04049	0.06285	0.03425	0.00557	0.04618	0.02895	0.21857	0.02025	0.13809	0.01140	0.05135	0.10602	0.13114	0.00432	0.01335	0.03530	0.00440
36	0.05145	0.00663	0.00887	0.00683	0.00980	0.00581	0.00564	0.01860	0.01092	0.81010	0.01491	0.01293	0.00939	0.00475	0.00384	0.00120	0.00329	0.00383	0.00470	0.00650
37	0.00469	0.00351	0.00436	0.00503	0.00553	0.00318	0.00344	0.00544	0.00777	0.01004	0.02580	0.65731	0.22670	0.01157	0.00486	0.00151	0.00218	0.01032	0.00360	0.00318
38	0.00917	0.07072	0.17203	0.02981	0.24553	0.02996	0.18669	0.05509	0.03534	0.02234	0.02058	0.06776	0.01646	0.00443	0.00399	0.00122	0.00495	0.01626	0.00224	0.00544
39	0.00543	0.00359	0.00446	0.00488	0.00544	0.00339	0.00343	0.00658	0.00832	0.01194	0.18018	0.45558	0.05981	0.02718	0.00472	0.00141	0.00212	0.02589	0.18230	0.00334
40	0.00938	0.08749	0.01451	0.01885	0.59944	0.02182	0.01008	0.04427	0.00883	0.01229	0.01745	0.01048	0.00698	0.03032	0.08987	0.00171	0.00512	0.00349	0.00203	0.00562

[dist]
# distance from previous block
# <min> <max>
0	1

[block]
# block no. 6 follows, 70 sequences, length 67
# corresponding to MSA columns:
# 311-377
name=unknown_G
#
# <colnr> <probs for GDERKNQSTAVLIFYWHMCP>
#	G	D	E	R	K	N	Q	S	T	A	V	L	I	F	Y	W	H	M	C	P
0	0.00919	0.03164	0.23899	0.01297	0.19377	0.09762	0.10463	0.04815	0.04412	0.01265	0.03514	0.03080	0.05414	0.00438	0.00395	0.00117	0.01392	0.00381	0.00225	0.05672
1	0.01062	0.81300	0.01973	0.00684	0.01008	0.06750	0.00669	0.01185	0.00807	0.00914	0.00543	0.00627	0.00498	0.00336	0.00255	0.00084	0.00432	0.00210	0.00168	0.00495
2	0.00905	0.00770	0.05693	0.00635	0.00975	0.00573	0.00543	0.01100	0.01917	0.10043	0.00784	0.00869	0.00616	0.00329	0.00337	0.00073	0.03168	0.00256	0.00253	0.70162
3	0.00580	0.00409	0.00495	0.00465	0.00582	0.00363	0.00352	0.00732	0.01024	0.05720	0.51796	0.03102	0.31265	0.00842	0.00454	0.00125	0.00195	0.00725	0.00406	0.00368
4	0.00557	0.00385	0.00478	0.00482	0.00502	0.00403	0.00308	0.00598	0.00588	0.00803	0.01212	0.05966	0.01341	0.59901	0.24444	0.00433	0.00549	0.00547	0.00233	0.00269
5	0.00553	0.00413	0.00616	0.00617	0.00684	0.00479	0.00477	0.00687	0.00624	0.00898	0.01062	0.03031	0.01006	0.04627	0.81620	0.00610	0.01010	0.00431	0.00211	0.00343
6	0.04410	0.01036	0.01116	0.00861	0.01164	0.01137	0.00710	0.73518	0.01722	0.07606	0.00974	0.02264	0.00700	0.00474	0.00385	0.00117	0.00413	0.00359	0.00388	0.00646
7	0.01448	0.01848	0.01099	0.00999	0.01199	0.84819	0.00749	0.01548	0.01099	0.00949	0.00599	0.00699	0.00499	0.00400	0.00350	0.00100	0.00699	0.00250	0.00200	0.00449
8	0.00718	0.00658	0.01062	0.60664	0.02147	0.00772	0.04526	0.04039	0.00840	0.01072	0.01251	0.04150	0.12211	0.00523	0.00410	0.00132	0.00460	0.03721	0.00221	0.00423
9	0.01499	0.01045	0.01138	0.00873	0.01182	0.01142	0.00721	0.74916	0.01754	0.10288	0.00988	0.00968	0.00688	0.00467	0.00388	0.00117	0.00417	0.00353	0.00397	0.00659
10	0.01636	0.00637	0.00867	0.00672	0.00954	0.00552	0.00552	0.01789	0.01109	0.77065	0.08651	0.01456	0.01193	0.00507	0.00396	0.00120	0.00317	0.00417	0.00475	0.00634
11	0.00747	0.00372	0.00385	0.00377	0.00474	0.00368	0.00285	0.00927	0.00835	0.04073	0.04933	0.01506	0.01111	0.00468	0.00283	0.00093	0.00185	0.00377	0.81829	0.00371
12	0.00576	0.00431	0.00633	0.00625	0.00682	0.00506	0.00480	0.00686	0.00611	0.00880	0.01001	0.01528	0.00954	0.07601	0.70847	0.05696	0.05309	0.00416	0.00205	0.00333
13	0.04935	0.00614	0.00709	0.00615	0.00792	0.04272	0.00482	0.08941	0.01065	0.24865	0.25687	0.07609	0.06840	0.03607	0.05453	0.00162	0.00340	0.02149	0.00391	0.00472
14	0.05061	0.00832	0.01018	0.00887	0.08221	0.00835	0.00664	0.31380	0.01313	0.37962	0.01164	0.01107	0.00787	0.00451	0.00375	0.00115	0.00368	0.00358	0.03766	0.03336
15	0.00493	0.00365	0.00498	0.00563	0.00602	0.00342	0.02119	0.00587	0.02077	0.01022	0.04069	0.77467	0.05144	0.01166	0.00491	0.00155	0.00235	0.01921	0.00358	0.00326
16	0.20195	0.07846	0.15901	0.01081	0.12193	0.25594	0.05161	0.01261	0.00873	0.01226	0.00690	0.04056	0.00585	0.00428	0.01275	0.00119	0.00520	0.00303	0.00205	0.00488
17	0.01007	0.37342	0.09538	0.01195	0.12125	0.08961	0.19803	0.01219	0.00855	0.01068	0.00640	0.00796	0.00534	0.00352	0.00366	0.00106	0.03096	0.00299	0.00179	0.00519
18	0.00733	0.02649	0.00876	0.00765	0.00840	0.07755	0.05506	0.00822	0.00692	0.00931	0.01057	0.17770	0.01130	0.13329	0.15984	0.03678	0.21858	0.00526	0.00228	0.02870
19	0.00832	0.11869	0.60585	0.01113	0.05876	0.00955	0.05533	0.01208	0.00828	0.01905	0.01600	0.00841	0.00546	0.00363	0.00357	0.00115	0.00533	0.00292	0.00176	0.04474
20	0.01029	0.01148	0.08865	0.02008	0.60860	0.11916	0.02401	0.04856	0.00948	0.01273	0.00719	0.00913	0.00590	0.00360	0.00379	0.00114	0.00503	0.00330	0.00199	0.00589
21	0.00710	0.00449	0.00571	0.00520	0.00642	0.00423	0.00397	0.00942	0.05982	0.10552	0.64326	0.02581	0.04551	0.00729	0.00437	0.00121	0.00206	0.00637	0.04812	0.00412
22	0.00494	0.00393	0.00443	0.00433	0.00546	0.00342	0.00324	0.00625	0.00965	0.01245	0.35096	0.04945	0.50956	0.00912	0.00459	0.00128	0.00192	0.00778	0.00386	0.00342
23	0.00877	0.06215	0.52567	0.01440	0.25327	0.00931	0.02071	0.01235	0.00846	0.03915	0.00725	0.00867	0.00543	0.00363	0.00368	0.00118	0.00525	0.00304	0.00183	0.00583
24	0.01054	0.61506	0.01672	0.00679	0.00963	0.05122	0.00635	0.03475	0.00840	0.07174	0.00743	0.00957	0.00667	0.03137	0.06659	0.00140	0.00465	0.03415	0.00210	0.00487
25	0.01095	0.00733	0.00802	0.00693	0.00908	0.00799	0.00547	0.11165	0.42902	0.14837	0.01427	0.01366	0.01046	0.00496	0.00366	0.00119	0.00297	0.00404	0.19426	0.00572
26	0.01042	0.00934	0.00916	0.00814	0.01038	0.07801	0.00634	0.08028	0.70504	0.01628	0.01450	0.01347	0.01089	0.00511	0.00390	0.00128	0.00348	0.00416	0.00378	0.00604
27	0.01173	0.01012	0.16342	0.06354	0.23866	0.00809	0.00935	0.08446	0.05370	0.26374	0.02704	0.03123	0.00830	0.00442	0.00388	0.00121	0.00423	0.00378	0.00309	0.00601
28	0.01739	0.00660	0.00900	0.00690	0.00990	0.00570	0.00570	0.01889	0.01110	0.84226	0.01529	0.01320	0.00960	0.00480	0.00390	0.00120	0.00330	0.00390	0.00480	0.00660
29	0.00469	0.00352	0.00435	0.00502	0.00552	0.00318	0.00343	0.00544	0.00779	0.01005	0.02602	0.64728	0.23659	0.01154	0.00485	0.00151	0.00218	0.01028	0.00360	0.00318
30	0.00979	0.05207	0.34832	0.01547	0.34055	0.06984	0.01180	0.01293	0.02281	0.06922	0.00767	0.00902	0.00585	0.00370	0.00370	0.00116	0.00509	0.00313	0.00203	0.00584
31	0.00501	0.00384	0.00508	0.00623	0.05415	0.00355	0.00402	0.00586	0.00780	0.01020	0.02387	0.64037	0.17583	0.01117	0.00482	0.00150	0.00236	0.02745	0.00350	0.00336
32	0.00982	0.03431	0.01503	0.14485	0.56472	0.10481	0.04714	0.01202	0.00890	0.01178	0.00706	0.00935	0.00582	0.00357	0.00380	0.00115	0.00503	0.00335	0.00189	0.00561
33	0.00800	0.00692	0.00833	0.05684	0.01026	0.00550	0.00504	0.00976	0.00798	0.01241	0.00686	0.00819	0.00570	0.00301	0.00312	0.00064	0.01937	0.00239	0.00225	0.81745
34	0.02878	0.70068	0.01778	0.00670	0.00968	0.01373	0.00643	0.03089	0.04990	0.01019	0.00751	0.04186	0.00715	0.00422	0.00285	0.00095	0.00396	0.04981	0.00203	0.00490
35	0.00598	0.00485	0.00649	0.00642	0.00714	0.04231	0.00497	0.00731	0.00642	0.00899	0.01015	0.01498	0.00951	0.04617	0.77919	0.00587	0.02359	0.00410	0.00207	0.00349
36	0.01211	0.00969	0.04692	0.00819	0.01096	0.01006	0.00683	0.43429	0.24970	0.05137	0.04794	0.01223	0.00967	0.03298	0.00440	0.00128	0.00377	0.00391	0.00374	0.03997
37	0.00960	0.00921	0.01574	0.02380	0.83957	0.00921	0.01190	0.01190	0.00883	0.01267	0.00729	0.00960	0.00614	0.00345	0.00384	0.00115	0.00461	0.00345	0.00192	0.00614
38	0.00795	0.00393	0.00429	0.00406	0.00516	0.00381	0.00310	0.00973	0.00874	0.09052	0.11038	0.01605	0.01305	0.00495	0.00304	0.00097	0.00195	0.00404	0.70038	0.00389
39	0.00495	0.00356	0.00444	0.00498	0.00539	0.00330	0.00335	0.00558	0.00753	0.00986	0.06233	0.53028	0.15791	0.12966	0.00725	0.02988	0.00245	0.02086	0.00340	0.00304
40	0.00551	0.00443	0.00548	0.06626	0.00765	0.04118	0.00455	0.00648	0.00785	0.01016	0.03330	0.64450	0.04178	0.01092	0.00484	0.00154	0.00279	0.09402	0.00340	0.00335
41	0.00739	0.00696	0.01175	0.82931	0.05129	0.00863	0.01080	0.00997	0.00778	0.00999	0.00690	0.01031	0.00520	0.00386	0.00387	0.00129	0.00515	0.00345	0.00173	0.00436
42	0.00732	0.00689	0.01163	0.85444	0.02670	0.00861	0.01077	0.00991	0.00775	0.00991	0.00689	0.01034	0.00517	0.00388	0.00388	0.00129	0.00517	0.00345	0.00172	0.00431
43	0.08469	0.00677	0.00881	0.00681	0.00976	0.00609	0.00562	0.03852	0.01093	0.75821	0.01438	0.01257	0.00911	0.00470	0.00378	0.00120	0.00330	0.00375	0.00459	0.00641
44	0.01214	0.01004	0.00986	0.00840	0.01063	0.16666	0.02966	0.16537	0.26637	0.14163	0.01282	0.07932	0.02283	0.00547	0.00432	0.00125	0.03979	0.00434	0.00351	0.00559
45	0.01497	0.00730	0.00900	0.00711	0.00982	0.00710	0.00580	0.18371	0.08266	0.51331	0.03895	0.03043	0.01034	0.00504	0.00387	0.00119	0.00332	0.00408	0.05575	0.00622
46	0.00784	0.00784	0.00807	0.00756	0.00863	0.20078	0.03243	0.00917	0.00741	0.00922	0.00910	0.01301	0.00835	0.03063	0.58367	0.00465	0.04203	0.00377	0.00204	0.00378
47	0.00778	0.02005	0.84367	0.01105	0.01678	0.00900	0.01432	0.01228	0.00818	0.01228	0.00696	0.00818	0.00491	0.00368	0.00368	0.00123	0.00573	0.00286	0.00164	0.00573
48	0.02210	0.02757	0.02297	0.04907	0.15876	0.12157	0.08929	0.20095	0.06491	0.07015	0.04923	0.02684	0.06007	0.00477	0.00393	0.00118	0.00450	0.00407	0.01261	0.00546
49	0.00478	0.00351	0.00451	0.00526	0.00567	0.00323	0.00362	0.00557	0.00775	0.01016	0.04052	0.69756	0.13729	0.01168	0.00491	0.00154	0.00226	0.04339	0.00361	0.00319
50	0.37131	0.01443	0.43821	0.00845	0.01257	0.04122	0.00963	0.02492	0.00785	0.03037	0.00648	0.00748	0.00474	0.00370	0.00316	0.00121	0.00459	0.00257	0.00206	0.00508
51	0.01110	0.05121	0.05417	0.12152	0.23801	0.33574	0.10953	0.01311	0.00950	0.01087	0.00670	0.00856	0.00543	0.00370	0.00373	0.00112	0.00587	0.00313	0.00190	0.00508
52	0.00553	0.00401	0.00561	0.00564	0.00612	0.00448	0.00410	0.00651	0.00611	0.00862	0.01132	0.05068	0.01154	0.26128	0.58470	0.00536	0.00822	0.00483	0.00221	0.00314
53	0.05516	0.01205	0.28656	0.04597	0.01289	0.04034	0.00882	0.10631	0.04749	0.20075	0.02540	0.01030	0.00730	0.00497	0.03128	0.00131	0.00458	0.00328	0.00289	0.09235
54	0.00977	0.61116	0.22224	0.00843	0.04334	0.02767	0.00874	0.01185	0.00804	0.01004	0.00586	0.00684	0.00500	0.00342	0.00285	0.00094	0.00460	0.00233	0.00167	0.00520
55	0.01712	0.00703	0.00927	0.00710	0.01011	0.00635	0.00587	0.10171	0.01183	0.75840	0.01468	0.01280	0.00929	0.00478	0.00390	0.00120	0.00340	0.00386	0.00470	0.00660
56	0.00623	0.00466	0.02507	0.00646	0.00750	0.00426	0.00551	0.00788	0.00905	0.03900	0.12235	0.13171	0.09565	0.01010	0.00506	0.00162	0.00311	0.50749	0.00366	0.00366
57	0.00551	0.00378	0.00461	0.00477	0.00496	0.00380	0.00303	0.00592	0.00640	0.00863	0.05664	0.15502	0.01698	0.56575	0.09905	0.00345	0.00408	0.04224	0.00267	0.00271
58	0.01036	0.86609	0.02032	0.00663	0.00995	0.01534	0.00663	0.01161	0.00788	0.00912	0.00539	0.00622	0.00498	0.00332	0.00249	0.00083	0.00415	0.00207	0.00166	0.00498
59	0.00482	0.00351	0.00468	0.00540	0.00576	0.00337	0.00371	0.00560	0.00737	0.00982	0.02127	0.69381	0.08254	0.01413	0.11224	0.00215	0.00326	0.00994	0.00341	0.00320
60	0.01159	0.00929	0.00986	0.00828	0.01082	0.01055	0.00661	0.32799	0.52202	0.01935	0.01331	0.01250	0.00984	0.00503	0.00392	0.00126	0.00352	0.00404	0.00392	0.00631
61	0.03864	0.00608	0.00780	0.00626	0.00865	0.00553	0.00507	0.06178	0.01109	0.52982	0.17628	0.01686	0.04651	0.00554	0.00394	0.00119	0.00292	0.00458	0.05578	0.00565
62	0.00609	0.00397	0.00516	0.00543	0.00611	0.00377	0.00385	0.03369	0.00882	0.06070	0.21122	0.53650	0.02567	0.01058	0.02408	0.00154	0.00245	0.00897	0.03780	0.00361
63	0.01120	0.00845	0.00906	0.00757	0.00986	0.00938	0.00604	0.38087	0.28603	0.01939	0.06059	0.05051	0.01131	0.00536	0.00385	0.00121	0.00335	0.00434	0.10584	0.00577
64	0.00473	0.00367	0.00430	0.00470	0.00547	0.00325	0.00331	0.00564	0.00837	0.01065	0.10138	0.41970	0.38952	0.01073	0.00475	0.00142	0.00208	0.00940	0.00366	0.00325
65	0.00743	0.01699	0.00707	0.00693	0.00780	0.18172	0.00526	0.00855	0.00770	0.00946	0.01254	0.19314	0.01316	0.05178	0.36027	0.00351	0.02520	0.07536	0.00251	0.00361
66	0.55767	0.02420	0.14755	0.00734	0.03340	0.07892	0.00664	0.04843	0.04031	0.01588	0.00634	0.00722	0.00486	0.00375	0.00287	0.00118	0.00391	0.00245	0.00234	0.00473

[dist]
# distance from previous block
# <min> <max>
0	2

[block]
# block no. 7 follows, 70 sequences, length 26
# corresponding to MSA columns:
# 380-405
name=unknown_H
#
# <colnr> <probs for GDERKNQSTAVLIFYWHMCP>
#	G	D	E	R	K	N	Q	S	T	A	V	L	I	F	Y	W	H	M	C	P
0	0.00550	0.00384	0.00477	0.00490	0.00516	0.00395	0.00320	0.00599	0.00618	0.00835	0.01399	0.11159	0.04358	0.52436	0.20720	0.00394	0.00505	0.03319	0.00250	0.00276
1	0.05681	0.02422	0.10527	0.00918	0.01204	0.33592	0.03932	0.16540	0.03416	0.13996	0.03524	0.00950	0.00718	0.00431	0.00367	0.00112	0.00526	0.00319	0.00287	0.00538
2	0.15248	0.31952	0.02254	0.00724	0.01014	0.14501	0.00630	0.10570	0.04429	0.07715	0.00727	0.00775	0.00574	0.00379	0.00301	0.00099	0.00424	0.00257	0.00247	0.07182
3	0.01014	0.00908	0.06308	0.09455	0.26963	0.00837	0.16717	0.04761	0.05314	0.12772	0.06473	0.01172	0.00875	0.00408	0.00400	0.00119	0.00456	0.00394	0.00265	0.04389
4	0.01389	0.01007	0.01068	0.00842	0.01133	0.04223	0.00686	0.53389	0.15432	0.11466	0.01085	0.01048	0.00772	0.00467	0.00383	0.00116	0.00400	0.00360	0.00386	0.04348
5	0.00633	0.00490	0.00544	0.00521	0.00646	0.03133	0.00400	0.02679	0.04451	0.03616	0.33002	0.07654	0.28431	0.00838	0.00447	0.00128	0.00237	0.07026	0.02792	0.02333
6	0.04233	0.04158	0.57147	0.01124	0.01604	0.12201	0.11739	0.01267	0.00862	0.01203	0.00684	0.00819	0.00502	0.00366	0.00369	0.00120	0.00586	0.00298	0.00176	0.00542
7	0.03413	0.04399	0.03249	0.04191	0.01390	0.00889	0.24512	0.17043	0.05999	0.08891	0.00882	0.00980	0.00654	0.00374	0.00375	0.00107	0.00447	0.00350	0.00277	0.21579
8	0.00769	0.00556	0.00629	0.00621	0.00745	0.04722	0.00484	0.05347	0.06093	0.08997	0.12513	0.21591	0.13511	0.02786	0.00498	0.00149	0.00298	0.18912	0.00372	0.00407
9	0.00487	0.00349	0.00463	0.00530	0.00566	0.00325	0.00361	0.00576	0.00810	0.01097	0.17670	0.70283	0.02772	0.01134	0.00488	0.00151	0.00217	0.01026	0.00373	0.00325
10	0.00824	0.14185	0.66938	0.01077	0.01602	0.00997	0.06770	0.01219	0.00821	0.01183	0.00679	0.00805	0.00499	0.00360	0.00357	0.00118	0.00555	0.00287	0.00166	0.00559
11	0.00778	0.00736	0.01246	0.68597	0.19156	0.00873	0.01100	0.01031	0.00797	0.01047	0.00697	0.01019	0.00537	0.00379	0.00387	0.00126	0.00505	0.00345	0.00176	0.00468
12	0.00829	0.00847	0.00672	0.00636	0.00759	0.27061	0.00473	0.00966	0.01025	0.01254	0.36500	0.09761	0.10404	0.00703	0.00414	0.00117	0.00351	0.00584	0.06260	0.00383
13	0.00557	0.00457	0.00735	0.00714	0.00804	0.00429	0.12125	0.00679	0.00796	0.01053	0.02022	0.58018	0.06325	0.01055	0.00494	0.00155	0.00304	0.12591	0.00336	0.00351
14	0.01083	0.07657	0.06944	0.15324	0.17703	0.23555	0.08793	0.01323	0.03836	0.06628	0.03029	0.00969	0.00674	0.00393	0.00374	0.00114	0.00535	0.00332	0.00220	0.00515
15	0.00844	0.00783	0.01264	0.01790	0.55587	0.00785	0.02724	0.01114	0.07892	0.01235	0.01222	0.16758	0.05209	0.00552	0.00410	0.00125	0.00395	0.00518	0.00249	0.00543
16	0.00971	0.00905	0.01501	0.01234	0.06615	0.04339	0.31198	0.06606	0.00881	0.07458	0.00868	0.05283	0.00749	0.04321	0.04255	0.00169	0.21488	0.00435	0.00234	0.00491
17	0.01516	0.00810	0.00969	0.00758	0.01040	0.00812	0.00620	0.35496	0.01378	0.42724	0.01371	0.06905	0.02699	0.00534	0.00398	0.00121	0.00360	0.00430	0.00431	0.00629
18	0.00885	0.12121	0.13035	0.00779	0.01022	0.07850	0.04243	0.02138	0.05320	0.08716	0.05870	0.05058	0.09342	0.00752	0.03964	0.00151	0.00432	0.17565	0.00295	0.00462
19	0.00936	0.01063	0.11998	0.03690	0.36944	0.07584	0.11857	0.02768	0.02136	0.03505	0.00882	0.05205	0.00770	0.03939	0.03435	0.00149	0.00518	0.01867	0.00217	0.00537
20	0.00707	0.10629	0.04346	0.00565	0.01756	0.00543	0.00470	0.00862	0.00957	0.09011	0.29741	0.06199	0.26603	0.00775	0.00428	0.00125	0.00260	0.05257	0.00360	0.00407
21	0.00740	0.00553	0.00635	0.00658	0.03384	0.06548	0.00475	0.00918	0.05073	0.08193	0.25952	0.24265	0.02347	0.06607	0.00561	0.00155	0.00296	0.11881	0.00366	0.00394
22	0.02855	0.04604	0.27212	0.03375	0.24318	0.04513	0.11632	0.02385	0.07117	0.07057	0.00831	0.00959	0.00625	0.00378	0.00380	0.00120	0.00505	0.00339	0.00222	0.00573
23	0.02128	0.10157	0.47490	0.01978	0.08108	0.08110	0.06710	0.04680	0.02702	0.03373	0.00729	0.00846	0.00542	0.00373	0.00363	0.00117	0.00542	0.00300	0.00195	0.00558
24	0.02103	0.01827	0.04649	0.07117	0.34595	0.07521	0.05577	0.11671	0.01016	0.03473	0.03417	0.01360	0.10414	0.00473	0.00411	0.00120	0.01996	0.01469	0.00251	0.00538
25	0.00545	0.00433	0.01959	0.00595	0.01768	0.00408	0.00442	0.01499	0.00763	0.01029	0.03652	0.37173	0.10953	0.04453	0.20699	0.00269	0.00447	0.08890	0.00310	0.03711

[dist]
# distance from previous block
# <min> <max>
0	23

[block]
# block no. 8 follows, 70 sequences, length 24
# corresponding to MSA columns:
# 429-452
name=unknown_I
#
# <colnr> <probs for GDERKNQSTAVLIFYWHMCP>
#	G	D	E	R	K	N	Q	S	T	A	V	L	I	F	Y	W	H	M	C	P
0	0.00905	0.02204	0.03421	0.20460	0.29292	0.01897	0.12566	0.02554	0.00864	0.06358	0.01660	0.05591	0.01765	0.03934	0.00492	0.00134	0.03252	0.00415	0.00223	0.02014
1	0.00921	0.02274	0.09217	0.01010	0.14366	0.03269	0.04512	0.06611	0.08281	0.06262	0.14584	0.01320	0.02396	0.00448	0.00373	0.00104	0.00370	0.00387	0.00288	0.23006
2	0.00865	0.02234	0.05055	0.01186	0.18942	0.02319	0.08564	0.08353	0.00882	0.01237	0.01063	0.08225	0.06537	0.02718	0.03322	0.00145	0.15074	0.00436	0.00237	0.12608
3	0.00851	0.03357	0.26970	0.02049	0.04008	0.04538	0.16312	0.03901	0.04997	0.04261	0.16929	0.03491	0.03771	0.00495	0.00406	0.00122	0.00458	0.00446	0.00265	0.02372
4	0.00483	0.00337	0.00453	0.00538	0.00559	0.00316	0.00359	0.00538	0.00729	0.00972	0.02057	0.81500	0.02461	0.01222	0.00550	0.04977	0.00231	0.01060	0.00349	0.00307
5	0.00877	0.00689	0.00811	0.00589	0.00919	0.00537	0.00472	0.03709	0.00869	0.06726	0.04019	0.00924	0.00723	0.00325	0.00304	0.00066	0.00290	0.00263	0.00259	0.76629
6	0.01453	0.01142	0.01136	0.00893	0.01187	0.09919	0.00728	0.68189	0.05697	0.04337	0.00943	0.00942	0.00676	0.00462	0.00384	0.00115	0.00447	0.00344	0.00371	0.00635
7	0.01243	0.05370	0.01038	0.00792	0.01024	0.16379	0.08322	0.05438	0.00989	0.29548	0.02264	0.05237	0.00952	0.12327	0.02428	0.00160	0.00451	0.00412	0.00320	0.05307
8	0.01248	0.00928	0.01121	0.00889	0.01167	0.01004	0.08213	0.38339	0.26556	0.10257	0.05244	0.01235	0.00991	0.00489	0.00400	0.00123	0.00389	0.00408	0.00383	0.00618
9	0.01179	0.12626	0.01074	0.00738	0.00983	0.00993	0.00600	0.33772	0.16369	0.09495	0.01135	0.01305	0.02027	0.13768	0.00615	0.00154	0.00380	0.00388	0.00340	0.02061
10	0.00514	0.00388	0.00461	0.00490	0.00578	0.00349	0.00359	0.00635	0.02084	0.02331	0.15017	0.32506	0.35506	0.01027	0.00474	0.00142	0.00219	0.06209	0.00372	0.00340
11	0.16341	0.00805	0.00962	0.00862	0.08647	0.00817	0.00639	0.22601	0.02227	0.38545	0.01128	0.01073	0.00762	0.00443	0.00361	0.00118	0.00358	0.00345	0.02357	0.00608
12	0.01487	0.01015	0.01114	0.00859	0.01164	0.01104	0.00708	0.67775	0.05444	0.13752	0.01043	0.01008	0.00725	0.00470	0.00388	0.00118	0.00408	0.00359	0.00401	0.00657
13	0.00580	0.00401	0.00466	0.00465	0.00483	0.00414	0.00283	0.00649	0.04637	0.00817	0.01250	0.05077	0.01392	0.71057	0.10143	0.00382	0.00434	0.00560	0.00244	0.00267
14	0.00548	0.00374	0.00450	0.00472	0.00485	0.00373	0.00293	0.00578	0.00619	0.00828	0.01435	0.19493	0.01656	0.60234	0.06490	0.00337	0.00383	0.04427	0.00264	0.00263
15	0.55829	0.00817	0.00804	0.02964	0.00967	0.00914	0.03748	0.16088	0.04770	0.08758	0.00756	0.00808	0.00554	0.00396	0.00299	0.00121	0.00346	0.00274	0.00291	0.00497
16	0.03516	0.00721	0.00820	0.00668	0.00908	0.00725	0.00539	0.25733	0.07370	0.25722	0.07222	0.01884	0.21252	0.00618	0.00407	0.00123	0.00314	0.00501	0.00407	0.00550
17	0.00548	0.00378	0.00445	0.00453	0.00471	0.00379	0.00277	0.00575	0.00607	0.00808	0.01455	0.10159	0.06643	0.64121	0.10765	0.00367	0.00423	0.00613	0.00251	0.00260
18	0.05275	0.03725	0.03799	0.08842	0.14373	0.03253	0.03838	0.08353	0.15539	0.05095	0.13066	0.02364	0.02099	0.00499	0.00434	0.00122	0.05022	0.00414	0.00295	0.03595
19	0.00989	0.03227	0.11649	0.01053	0.15095	0.00835	0.02949	0.15065	0.09728	0.03911	0.00903	0.00982	0.01899	0.00381	0.00351	0.00099	0.00391	0.00318	0.00266	0.29907
20	0.00765	0.11870	0.45462	0.09438	0.04182	0.00894	0.01091	0.01070	0.00793	0.01120	0.01880	0.13742	0.00851	0.00513	0.00421	0.00126	0.04667	0.00415	0.00199	0.00502
21	0.00979	0.09259	0.05190	0.00957	0.10225	0.01917	0.02859	0.09247	0.28475	0.05282	0.02919	0.07579	0.02055	0.00531	0.00429	0.01690	0.03166	0.00427	0.00309	0.06505
22	0.01013	0.07108	0.07921	0.00961	0.10924	0.06039	0.01774	0.15644	0.07642	0.08286	0.05519	0.12159	0.03897	0.00586	0.00409	0.00122	0.01523	0.04164	0.00311	0.03998
23	0.00795	0.05214	0.00751	0.00587	0.00772	0.09356	0.00436	0.04959	0.02134	0.01100	0.01241	0.11040	0.07331	0.22259	0.00761	0.00165	0.00353	0.00467	0.00260	0.30019

[dist]
# distance from previous block
# <min> <max>
3	13

[block]
# block no. 9 follows, 70 sequences, length 35
# corresponding to MSA columns:
# 467-478,480-502
name=unknown_J
#
# <colnr> <probs for GDERKNQSTAVLIFYWHMCP>
#	G	D	E	R	K	N	Q	S	T	A	V	L	I	F	Y	W	H	M	C	P
0	0.14955	0.05221	0.32319	0.00842	0.01213	0.02379	0.00889	0.19238	0.07012	0.01568	0.01127	0.01162	0.09547	0.00465	0.00358	0.00120	0.00432	0.00352	0.00264	0.00539
1	0.21402	0.08196	0.00936	0.00670	0.00949	0.08066	0.00555	0.06018	0.00991	0.39200	0.01044	0.00996	0.00716	0.00419	0.00331	0.00110	0.00362	0.00308	0.02295	0.06440
2	0.03089	0.61277	0.13258	0.00718	0.01063	0.01315	0.00743	0.05058	0.00851	0.02622	0.01811	0.02295	0.03727	0.00392	0.00289	0.00095	0.00418	0.00273	0.00198	0.00506
3	0.00850	0.00816	0.04382	0.10168	0.35975	0.03042	0.08079	0.01068	0.00854	0.04255	0.08485	0.01288	0.00967	0.02768	0.15095	0.00213	0.00562	0.00402	0.00225	0.00505
4	0.01974	0.03679	0.13308	0.00794	0.06389	0.04612	0.01436	0.03530	0.06479	0.03375	0.02263	0.06467	0.03709	0.29619	0.06850	0.00245	0.03017	0.01591	0.00251	0.00411
5	0.00480	0.00342	0.00454	0.00533	0.00560	0.00320	0.00357	0.00553	0.00762	0.01022	0.07556	0.78532	0.02609	0.03266	0.00528	0.00160	0.00226	0.01062	0.00361	0.00316
6	0.01985	0.00699	0.00849	0.00932	0.13707	0.09641	0.03460	0.04605	0.00892	0.05560	0.08758	0.17331	0.07576	0.05975	0.14181	0.00223	0.00481	0.02430	0.00291	0.00425
7	0.00973	0.16321	0.21008	0.01224	0.18932	0.11780	0.04318	0.05023	0.03650	0.02063	0.00861	0.09574	0.00772	0.00460	0.00377	0.00116	0.01422	0.00381	0.00218	0.00529
8	0.32339	0.00670	0.00733	0.00607	0.00859	0.00670	0.00494	0.01494	0.05166	0.41954	0.03267	0.04422	0.04755	0.00498	0.00346	0.00123	0.00304	0.00383	0.00380	0.00537
9	0.00645	0.00472	0.00557	0.00607	0.00666	0.00422	0.00408	0.00678	0.00874	0.01162	0.07398	0.56822	0.17383	0.08931	0.00683	0.00197	0.00287	0.01010	0.00402	0.00396
10	0.02487	0.18657	0.06638	0.04327	0.09519	0.08241	0.08983	0.03204	0.12492	0.09637	0.04918	0.02934	0.02921	0.00457	0.00367	0.00115	0.00432	0.01511	0.01634	0.00527
11	0.01056	0.09668	0.11498	0.01066	0.13710	0.17702	0.02728	0.05342	0.00946	0.10250	0.01039	0.16181	0.00960	0.00548	0.00409	0.00119	0.03174	0.00449	0.02653	0.00503
12	0.00479	0.00363	0.00441	0.00498	0.00560	0.00328	0.00350	0.00563	0.00798	0.01021	0.03863	0.51401	0.29222	0.03087	0.00519	0.00154	0.00226	0.05448	0.00358	0.00320
13	0.00905	0.06979	0.04675	0.00870	0.08017	0.17991	0.00649	0.03248	0.00832	0.04944	0.02354	0.01282	0.02200	0.05676	0.34018	0.00326	0.02031	0.00368	0.02203	0.00431
14	0.10656	0.01015	0.11188	0.02416	0.30828	0.02273	0.00913	0.14132	0.04938	0.14894	0.00945	0.01848	0.01408	0.00414	0.00370	0.00119	0.00423	0.00346	0.00284	0.00592
15	0.03408	0.13422	0.11415	0.22489	0.03731	0.17647	0.05368	0.03752	0.00925	0.10430	0.00772	0.00912	0.00580	0.00389	0.00354	0.00113	0.00511	0.00307	0.02973	0.00501
16	0.01079	0.00942	0.01091	0.00997	0.07462	0.04933	0.06632	0.15339	0.52370	0.02866	0.01301	0.01257	0.00974	0.00481	0.00395	0.00126	0.00382	0.00408	0.00356	0.00608
17	0.01784	0.04042	0.02068	0.05613	0.03192	0.02928	0.05857	0.07191	0.08232	0.22577	0.06031	0.04176	0.02099	0.00752	0.09111	0.00169	0.02196	0.02331	0.00326	0.09324
18	0.12412	0.16665	0.44164	0.00967	0.04558	0.03783	0.02207	0.01217	0.03555	0.01251	0.03783	0.00863	0.00631	0.00387	0.00353	0.00116	0.02078	0.00287	0.00194	0.00527
19	0.42062	0.07780	0.02849	0.00701	0.02891	0.02842	0.00578	0.26122	0.01061	0.03002	0.00731	0.00798	0.00553	0.00398	0.00299	0.00113	0.00359	0.00271	0.06080	0.00508
20	0.00541	0.00407	0.00579	0.00582	0.00652	0.00454	0.00443	0.00664	0.00652	0.00910	0.01404	0.05126	0.09987	0.07939	0.67187	0.00536	0.00874	0.00495	0.00232	0.00336
21	0.00841	0.11008	0.40631	0.02606	0.08326	0.02941	0.03472	0.06244	0.03080	0.01259	0.04553	0.06396	0.06042	0.00482	0.00378	0.00120	0.00472	0.00397	0.00224	0.00527
22	0.00943	0.03552	0.15417	0.02609	0.21645	0.12193	0.06389	0.03158	0.03111	0.05345	0.05169	0.05567	0.08031	0.00517	0.00418	0.00122	0.02427	0.02622	0.00250	0.00513
23	0.01645	0.00646	0.00860	0.00667	0.00949	0.00569	0.00549	0.03994	0.01103	0.74878	0.01490	0.01320	0.00954	0.00477	0.00380	0.00117	0.00320	0.00386	0.08062	0.00634
24	0.01002	0.73333	0.04519	0.00674	0.00981	0.04664	0.00659	0.01127	0.00787	0.00917	0.00628	0.02999	0.00604	0.05308	0.00362	0.00104	0.00424	0.00256	0.00176	0.00478
