[name]
unknown

[dist]
# distance from previous block
# <min> <max>
4	260

[block]
# block no. 0 follows, 65 sequences, length 20
# corresponding to MSA columns:
# 311-330
name=unknown_A
#
# <colnr> <probs for GDERKNQSTAVLIFYWHMCP>
#	G	D	E	R	K	N	Q	S	T	A	V	L	I	F	Y	W	H	M	C	P
0	0.00987	0.37520	0.19458	0.00900	0.05916	0.04855	0.00854	0.04031	0.00938	0.03669	0.07239	0.05997	0.05063	0.00499	0.00357	0.00113	0.00448	0.00387	0.00240	0.00530
1	0.02235	0.08103	0.05763	0.11173	0.15180	0.00857	0.04466	0.07608	0.02374	0.05947	0.08871	0.01243	0.00988	0.00438	0.00382	0.00110	0.00416	0.01889	0.00272	0.21684
2	0.04228	0.09451	0.04491	0.05932	0.15893	0.06832	0.08059	0.12289	0.08159	0.04927	0.01359	0.01429	0.12427	0.00514	0.00423	0.00126	0.02189	0.00430	0.00286	0.00558
3	0.27898	0.05822	0.09057	0.00742	0.01020	0.00832	0.05473	0.09108	0.00962	0.14725	0.01091	0.11146	0.00917	0.00528	0.00358	0.00127	0.00372	0.00420	0.08884	0.00518
4	0.02642	0.49071	0.23326	0.00884	0.01286	0.01290	0.06545	0.01210	0.00847	0.01109	0.00735	0.05679	0.00660	0.00415	0.00328	0.00107	0.00483	0.00316	0.00193	0.02874
5	0.01011	0.11240	0.09152	0.00852	0.01135	0.01087	0.00741	0.01980	0.64490	0.01586	0.01447	0.01361	0.01094	0.00516	0.00396	0.00132	0.00366	0.00419	0.00365	0.00631
6	0.00730	0.00646	0.00723	0.12994	0.01000	0.10575	0.00541	0.00832	0.00726	0.00920	0.01098	0.05440	0.01122	0.30183	0.28738	0.01978	0.00686	0.00491	0.00229	0.00348
7	0.00762	0.01742	0.65324	0.01027	0.01504	0.00824	0.01256	0.01143	0.00831	0.01220	0.00975	0.11221	0.00880	0.08835	0.00572	0.00161	0.00542	0.00436	0.00206	0.00539
8	0.00993	0.00971	0.05709	0.03405	0.02671	0.18258	0.02275	0.03343	0.01934	0.06970	0.01434	0.05812	0.01412	0.00781	0.01984	0.00153	0.00481	0.32063	0.00313	0.09039
9	0.62675	0.00853	0.00830	0.06666	0.08806	0.00971	0.00615	0.11708	0.00890	0.01836	0.00656	0.00772	0.00504	0.00396	0.00300	0.00127	0.00367	0.00265	0.00265	0.00498
10	0.00583	0.00445	0.00635	0.00816	0.10543	0.00427	0.00505	0.00682	0.00808	0.01085	0.02018	0.62882	0.02362	0.06069	0.00605	0.00177	0.00290	0.08345	0.00352	0.00371
11	0.00678	0.08867	0.00984	0.00766	0.00897	0.00661	0.10259	0.00827	0.00717	0.00989	0.01116	0.07425	0.01093	0.10527	0.51750	0.00480	0.00856	0.00490	0.00228	0.00391
12	0.00826	0.03428	0.05309	0.00939	0.04593	0.10677	0.15126	0.01039	0.03909	0.03219	0.05979	0.18092	0.18949	0.02059	0.01344	0.00147	0.00429	0.03174	0.00309	0.00450
13	0.01374	0.00959	0.07865	0.01050	0.06996	0.00846	0.11492	0.17887	0.04322	0.32565	0.09202	0.01374	0.01122	0.00498	0.00427	0.00128	0.00430	0.00436	0.00391	0.00636
14	0.01557	0.01247	0.01224	0.00958	0.01272	0.11234	0.00782	0.72003	0.01838	0.02396	0.00943	0.00956	0.00678	0.00484	0.00406	0.00121	0.00486	0.00357	0.00387	0.00671
15	0.00931	0.01057	0.05146	0.11033	0.10047	0.00987	0.56917	0.01267	0.02079	0.01286	0.00883	0.02402	0.00704	0.00397	0.00467	0.00138	0.00631	0.02867	0.00214	0.00547
16	0.01122	0.01237	0.04519	0.12384	0.27879	0.24751	0.09723	0.01341	0.00991	0.03860	0.00855	0.01215	0.00725	0.00450	0.00428	0.00127	0.01684	0.05942	0.00224	0.00543
17	0.00941	0.05900	0.53752	0.01247	0.01772	0.01036	0.18854	0.09163	0.00991	0.01413	0.00773	0.00921	0.00560	0.00389	0.00406	0.00129	0.00602	0.00345	0.00204	0.00600
18	0.00958	0.01065	0.16281	0.01844	0.03915	0.10730	0.02697	0.09815	0.05753	0.07067	0.01496	0.29968	0.03853	0.00763	0.00463	0.01442	0.00427	0.00643	0.00321	0.00500
19	0.00968	0.14937	0.20722	0.05337	0.04699	0.01003	0.23667	0.01280	0.03001	0.07600	0.00973	0.03031	0.02299	0.00598	0.05528	0.00161	0.01679	0.01736	0.00232	0.00550

[dist]
# distance from previous block
# <min> <max>
0	19

[block]
# block no. 1 follows, 65 sequences, length 16
# corresponding to MSA columns:
# 354-365,377-380
name=unknown_B
#
# <colnr> <probs for GDERKNQSTAVLIFYWHMCP>
#	G	D	E	R	K	N	Q	S	T	A	V	L	I	F	Y	W	H	M	C	P
0	0.10317	0.06355	0.01239	0.23552	0.09529	0.00936	0.07284	0.11260	0.05034	0.04573	0.01017	0.05124	0.03532	0.00469	0.00389	0.00124	0.00444	0.00402	0.00268	0.08152
1	0.04606	0.01346	0.01104	0.04908	0.04025	0.35290	0.00759	0.25653	0.02573	0.01566	0.02381	0.04164	0.03798	0.00517	0.00415	0.00120	0.02310	0.01526	0.00294	0.02644
2	0.04255	0.00677	0.00918	0.11940	0.16328	0.00697	0.00686	0.05842	0.07754	0.03471	0.06480	0.08672	0.12214	0.05236	0.00571	0.04751	0.00362	0.00531	0.02273	0.06341
3	0.00675	0.00494	0.00653	0.06481	0.05594	0.00466	0.00483	0.00794	0.00855	0.05669	0.08624	0.25722	0.17073	0.13116	0.02707	0.00188	0.00323	0.02225	0.00336	0.07522
4	0.00833	0.04031	0.00849	0.02554	0.07723	0.00674	0.00570	0.08335	0.10729	0.04287	0.13465	0.12728	0.09083	0.03996	0.09321	0.03036	0.00403	0.00586	0.00338	0.06460
5	0.13522	0.00822	0.01151	0.45044	0.04228	0.03133	0.05572	0.09840	0.03141	0.01373	0.02530	0.03030	0.00729	0.03684	0.00459	0.00143	0.00490	0.00387	0.00239	0.00485
6	0.00731	0.00519	0.00672	0.00625	0.00727	0.00529	0.02790	0.08261	0.03348	0.02826	0.09546	0.11734	0.15237	0.10558	0.10410	0.15832	0.02162	0.02807	0.00316	0.00368
7	0.00629	0.00429	0.00520	0.00538	0.00601	0.00420	0.00368	0.02329	0.03475	0.03909	0.05268	0.33496	0.11839	0.23696	0.06808	0.00252	0.00345	0.00813	0.03917	0.00349
8	0.04247	0.00639	0.00876	0.11179	0.12424	0.02750	0.00677	0.02426	0.05884	0.01165	0.04654	0.10076	0.03035	0.07388	0.28661	0.00331	0.02377	0.00513	0.00261	0.00437
9	0.00834	0.00763	0.01257	0.27254	0.27873	0.00836	0.04941	0.02648	0.00884	0.01217	0.04678	0.01434	0.04691	0.00807	0.10957	0.00199	0.03733	0.02155	0.02334	0.00505
10	0.03138	0.00477	0.00556	0.02769	0.00707	0.00450	0.00405	0.02627	0.03950	0.08341	0.09296	0.24553	0.32330	0.07776	0.00605	0.00164	0.00264	0.00816	0.00380	0.00394
11	0.05801	0.00597	0.00830	0.12961	0.13044	0.01747	0.00642	0.03756	0.00824	0.02266	0.04353	0.14291	0.07235	0.05784	0.02824	0.18502	0.00396	0.03488	0.00268	0.00392
12	0.00654	0.03360	0.00639	0.00578	0.00632	0.00535	0.00409	0.02898	0.02376	0.00947	0.02429	0.03929	0.01272	0.39637	0.32101	0.03962	0.02552	0.00517	0.00245	0.00328
13	0.04000	0.00674	0.02161	0.06583	0.06113	0.00669	0.07536	0.02983	0.04269	0.18419	0.06715	0.07540	0.01297	0.17713	0.03798	0.03598	0.03618	0.01522	0.00320	0.00473
14	0.00550	0.00403	0.00484	0.00518	0.00573	0.00381	0.00351	0.00656	0.03026	0.01087	0.11575	0.35592	0.16968	0.22568	0.00908	0.00216	0.00275	0.03181	0.00356	0.00330
15	0.03191	0.10579	0.10109	0.05712	0.14947	0.12839	0.04957	0.01287	0.06818	0.04304	0.08797	0.03971	0.04225	0.00520	0.00460	0.00126	0.05949	0.00420	0.00260	0.00528

[dist]
# distance from previous block
# <min> <max>
0	1

[block]
# block no. 2 follows, 65 sequences, length 29
# corresponding to MSA columns:
# 382-398,400-411
name=unknown_C
#
# <colnr> <probs for GDERKNQSTAVLIFYWHMCP>
#	G	D	E	R	K	N	Q	S	T	A	V	L	I	F	Y	W	H	M	C	P
0	0.02925	0.03945	0.00962	0.01922	0.08949	0.09694	0.00671	0.05304	0.03142	0.04598	0.01985	0.04218	0.00931	0.02513	0.35615	0.03356	0.08153	0.00416	0.00248	0.00453
1	0.00548	0.00408	0.00486	0.00493	0.00587	0.00364	0.00355	0.00673	0.00970	0.02513	0.31483	0.21693	0.31807	0.05046	0.00569	0.00154	0.00221	0.00870	0.00402	0.00359
2	0.00573	0.00394	0.00501	0.00517	0.00583	0.00372	0.00369	0.00611	0.00788	0.01022	0.09623	0.17838	0.26939	0.04889	0.09217	0.22057	0.00351	0.02736	0.00315	0.00305
3	0.00954	0.28010	0.48546	0.00982	0.01466	0.02435	0.01161	0.06077	0.00937	0.01283	0.04098	0.00898	0.00672	0.00403	0.00355	0.00116	0.00530	0.00299	0.00200	0.00576
4	0.00902	0.00790	0.00876	0.00637	0.00994	0.03642	0.00508	0.03932	0.00901	0.01370	0.00735	0.00852	0.00608	0.00315	0.00310	0.00065	0.00325	0.00248	0.00248	0.81741
5	0.00565	0.00424	0.00505	0.00526	0.00619	0.00392	0.00387	0.02311	0.02197	0.01267	0.20624	0.27873	0.28407	0.02538	0.00521	0.00151	0.00236	0.06609	0.03485	0.00365
6	0.00773	0.00528	0.00698	0.05615	0.02173	0.00528	0.02297	0.05063	0.00956	0.09123	0.15641	0.17552	0.14877	0.10763	0.02497	0.00182	0.03113	0.02711	0.04496	0.00414
7	0.00957	0.00804	0.00853	0.00769	0.00986	0.00905	0.00597	0.03230	0.65706	0.03024	0.06275	0.01886	0.10964	0.00627	0.00429	0.00138	0.00307	0.00524	0.00417	0.00602
8	0.02696	0.00476	0.00553	0.00535	0.00631	0.00473	0.00384	0.00908	0.10409	0.03348	0.26672	0.08832	0.11627	0.19432	0.00854	0.03330	0.00275	0.02396	0.05790	0.00380
9	0.22097	0.00562	0.00602	0.00572	0.00713	0.00588	0.00429	0.04353	0.04698	0.07032	0.09677	0.20067	0.08017	0.05460	0.04037	0.06047	0.00322	0.00607	0.03708	0.00411
10	0.00775	0.00730	0.01231	0.84587	0.02827	0.00912	0.01140	0.01049	0.00821	0.01049	0.00730	0.01094	0.00547	0.00410	0.00410	0.00137	0.00547	0.00365	0.00182	0.00456
11	0.00592	0.00398	0.00453	0.00460	0.00465	0.00396	0.00265	0.00602	0.00620	0.00823	0.01409	0.06391	0.03070	0.78353	0.01956	0.00378	0.00387	0.02465	0.00260	0.00257
12	0.00578	0.00405	0.00500	0.00523	0.00600	0.00370	0.00371	0.00686	0.00910	0.04049	0.22023	0.33810	0.20359	0.09464	0.00659	0.00174	0.00245	0.03529	0.00389	0.00355
13	0.00849	0.01770	0.59089	0.03213	0.03213	0.00986	0.10430	0.01272	0.02674	0.01267	0.00756	0.00935	0.00563	0.00475	0.02145	0.00147	0.09116	0.00338	0.00185	0.00578
14	0.00499	0.00364	0.00470	0.00555	0.00591	0.00335	0.00374	0.00573	0.00802	0.01054	0.02465	0.76597	0.11293	0.01260	0.00520	0.00164	0.00235	0.01135	0.00381	0.00335
15	0.01295	0.00919	0.01015	0.00832	0.01091	0.01002	0.00667	0.41970	0.20438	0.09809	0.06279	0.05481	0.01213	0.03811	0.00489	0.00142	0.00383	0.02121	0.00416	0.00627
16	0.02742	0.00539	0.00630	0.00570	0.00727	0.00515	0.00431	0.04893	0.06245	0.19016	0.08660	0.11261	0.19577	0.11424	0.00644	0.00167	0.00287	0.02089	0.09131	0.00455
17	0.00499	0.00395	0.00443	0.00474	0.00566	0.00346	0.00336	0.00591	0.00880	0.01096	0.06508	0.31473	0.49156	0.04618	0.00565	0.00159	0.00225	0.00952	0.00378	0.00340
18	0.00589	0.00402	0.00453	0.00456	0.00473	0.00396	0.00270	0.00606	0.00642	0.00842	0.01602	0.02880	0.09361	0.74323	0.01879	0.00365	0.00379	0.03555	0.00266	0.00263
19	0.02882	0.00465	0.00569	0.00564	0.00662	0.00446	0.00409	0.04289	0.02916	0.06075	0.28088	0.31179	0.10493	0.07032	0.00600	0.00163	0.00254	0.02121	0.00401	0.00394
20	0.00851	0.00730	0.00851	0.00608	0.00973	0.00547	0.00486	0.01034	0.00851	0.01338	0.00730	0.00851	0.00608	0.00304	0.00304	0.00061	0.00304	0.00243	0.00243	0.88083
21	0.00548	0.00410	0.00510	0.00508	0.00602	0.00371	0.00375	0.00702	0.01046	0.01421	0.50650	0.16794	0.21055	0.00963	0.00493	0.00139	0.00208	0.02413	0.00423	0.00369
22	0.00561	0.00387	0.00484	0.00533	0.00587	0.00356	0.00361	0.00639	0.00823	0.03924	0.07151	0.53864	0.15759	0.11713	0.00707	0.00187	0.00254	0.00995	0.00373	0.00341
23	0.00686	0.00443	0.00546	0.00553	0.00653	0.00406	0.00397	0.02464	0.02096	0.09358	0.12519	0.41435	0.18071	0.04086	0.00543	0.00156	0.00249	0.00898	0.02608	0.01830
24	0.04191	0.00671	0.00780	0.00697	0.00885	0.00690	0.00541	0.15283	0.13873	0.17717	0.04598	0.23809	0.04848	0.02563	0.00479	0.00146	0.00318	0.03653	0.03732	0.00527
25	0.00821	0.00572	0.00722	0.02903	0.00825	0.00624	0.00513	0.16039	0.00943	0.03764	0.02262	0.06341	0.04436	0.12502	0.35904	0.03623	0.00673	0.00498	0.05615	0.00418
26	0.00851	0.00730	0.00851	0.00608	0.00973	0.00547	0.00486	0.01034	0.00851	0.01338	0.00730	0.00851	0.00608	0.00304	0.00304	0.00061	0.00304	0.00243	0.00243	0.88083
27	0.00516	0.00417	0.00462	0.00476	0.00595	0.00363	0.00363	0.00637	0.00951	0.01182	0.13455	0.10998	0.57993	0.01046	0.00497	0.00145	0.00226	0.08934	0.00390	0.00354
28	0.02329	0.00718	0.00775	0.00668	0.00869	0.00770	0.00529	0.21750	0.19703	0.05208	0.10504	0.01783	0.07912	0.00594	0.00395	0.00123	0.00301	0.01648	0.22887	0.00535

[dist]
# distance from previous block
# <min> <max>
0	52

[block]
# block no. 3 follows, 65 sequences, length 66
# corresponding to MSA columns:
# 464-529
name=unknown_D
#
# <colnr> <probs for GDERKNQSTAVLIFYWHMCP>
#	G	D	E	R	K	N	Q	S	T	A	V	L	I	F	Y	W	H	M	C	P
0	0.75239	0.00821	0.00675	0.00590	0.00849	0.00942	0.00484	0.06923	0.05272	0.04089	0.00689	0.00756	0.00522	0.00402	0.00278	0.00127	0.00328	0.00251	0.00281	0.00480
1	0.02977	0.00881	0.03464	0.00830	0.01127	0.02017	0.03310	0.22932	0.07483	0.40128	0.01327	0.01300	0.00919	0.02897	0.06314	0.00172	0.00452	0.00406	0.00420	0.00645
2	0.00705	0.03663	0.00844	0.05888	0.06397	0.00592	0.05659	0.01825	0.08231	0.03423	0.06251	0.32665	0.16852	0.02602	0.00507	0.00151	0.00321	0.02648	0.00347	0.00430
3	0.00574	0.00432	0.00609	0.00609	0.00693	0.00398	0.05521	0.00663	0.00837	0.02348	0.07250	0.44314	0.20583	0.02354	0.02746	0.06904	0.00295	0.02169	0.00355	0.00348
4	0.00705	0.00360	0.00535	0.00535	0.00537	0.00362	0.00357	0.00543	0.00541	0.00723	0.00745	0.01310	0.00750	0.04536	0.03918	0.82429	0.00379	0.00368	0.00182	0.00186
5	0.00631	0.00434	0.00606	0.00600	0.00665	0.00483	0.00445	0.00748	0.00670	0.03098	0.01169	0.01841	0.01131	0.21181	0.59209	0.00558	0.00877	0.00471	0.04835	0.00350
6	0.04060	0.00849	0.01376	0.34974	0.30783	0.00929	0.05275	0.04158	0.04858	0.04674	0.02095	0.01115	0.00697	0.00428	0.00429	0.01644	0.00494	0.00379	0.00231	0.00552
7	0.00563	0.00406	0.00539	0.00582	0.00646	0.00403	0.00425	0.00668	0.00788	0.02422	0.03270	0.37570	0.13720	0.06408	0.22844	0.00308	0.00485	0.07270	0.00334	0.00350
8	0.00513	0.00378	0.00475	0.00532	0.00584	0.00346	0.00364	0.00604	0.00855	0.01130	0.13758	0.56212	0.16490	0.05020	0.00583	0.00167	0.00234	0.01031	0.00385	0.00339
9	0.00800	0.00745	0.01210	0.65593	0.10782	0.00893	0.01073	0.01120	0.06384	0.01126	0.00928	0.04244	0.02475	0.00461	0.00416	0.00137	0.00507	0.00412	0.00212	0.00482
10	0.00745	0.00600	0.00865	0.05507	0.14702	0.02040	0.02721	0.01831	0.00776	0.01043	0.05138	0.03120	0.10406	0.14346	0.08263	0.18430	0.05739	0.03105	0.00247	0.00377
11	0.01354	0.00763	0.00907	0.00736	0.00987	0.00767	0.00595	0.26790	0.04788	0.30268	0.13343	0.05015	0.03654	0.00611	0.00425	0.00128	0.00341	0.02259	0.05668	0.00601
12	0.00899	0.00477	0.00629	0.00626	0.00748	0.00439	0.00467	0.01905	0.01903	0.23221	0.02120	0.47833	0.05723	0.01013	0.00487	0.00154	0.00281	0.07848	0.02780	0.00445
13	0.00845	0.01971	0.71317	0.01254	0.01832	0.00966	0.13494	0.01302	0.00882	0.01302	0.00751	0.00903	0.00535	0.00383	0.00404	0.00131	0.00619	0.00330	0.00178	0.00599
14	0.00707	0.00559	0.00747	0.05445	0.05716	0.02685	0.02160	0.04322	0.01994	0.02084	0.08660	0.36039	0.04799	0.05885	0.02380	0.07207	0.04728	0.03171	0.00323	0.00387
15	0.05738	0.00681	0.00902	0.00705	0.01002	0.00602	0.00578	0.01882	0.01130	0.74112	0.01583	0.04111	0.01047	0.00527	0.00405	0.00127	0.00339	0.00428	0.03439	0.00664
16	0.88473	0.00794	0.00603	0.00540	0.00794	0.00921	0.00445	0.01207	0.00699	0.01842	0.00572	0.00667	0.00445	0.00381	0.00254	0.00127	0.00318	0.00222	0.00254	0.00445
17	0.01222	0.00718	0.00889	0.00654	0.01001	0.00568	0.00530	0.01396	0.00972	0.32033	0.01063	0.01056	0.00761	0.00380	0.00345	0.00086	0.00321	0.00307	0.00342	0.55356
18	0.01512	0.01126	0.01205	0.00935	0.01255	0.01251	0.00769	0.74569	0.09084	0.02510	0.01047	0.01034	0.00747	0.00498	0.00411	0.00125	0.00440	0.00378	0.00411	0.00694
19	0.00597	0.00398	0.00448	0.00448	0.00448	0.00398	0.00249	0.00597	0.00597	0.00796	0.01293	0.02686	0.01492	0.85574	0.02089	0.00398	0.00398	0.00597	0.00249	0.00249
20	0.00501	0.00427	0.00432	0.00429	0.00569	0.00364	0.00322	0.00634	0.02926	0.01140	0.06510	0.03864	0.78434	0.01022	0.00483	0.00138	0.00210	0.00853	0.00384	0.00355
21	0.01016	0.00975	0.01666	0.02520	0.83013	0.00975	0.01260	0.01260	0.00935	0.01341	0.00772	0.01016	0.00650	0.00366	0.00406	0.00122	0.00488	0.00366	0.00203	0.00650
22	0.00500	0.00357	0.00476	0.00572	0.00595	0.00333	0.00381	0.00572	0.00786	0.01048	0.02262	0.85306	0.02715	0.01286	0.00524	0.00167	0.00238	0.01167	0.00381	0.00333
23	0.88473	0.00794	0.00603	0.00540	0.00794	0.00921	0.00445	0.01207	0.00699	0.01842	0.00572	0.00667	0.00445	0.00381	0.00254	0.00127	0.00318	0.00222	0.00254	0.00445
24	0.00969	0.01107	0.02422	0.01730	0.02145	0.01038	0.81522	0.01315	0.00969	0.01315	0.00830	0.01107	0.00623	0.00346	0.00484	0.00138	0.00692	0.00484	0.00208	0.00554
25	0.00713	0.00357	0.00535	0.00535	0.00535	0.00357	0.00357	0.00535	0.00535	0.00713	0.00713	0.01248	0.00713	0.01426	0.01604	0.88057	0.00357	0.00357	0.00178	0.00178
26	0.01814	0.00705	0.00952	0.00734	0.01049	0.00617	0.00605	0.02007	0.03910	0.80546	0.01621	0.01402	0.01024	0.00510	0.00413	0.00127	0.00348	0.00415	0.00505	0.00697
27	0.31890	0.00753	0.00845	0.00674	0.00970	0.00745	0.00557	0.05489	0.01045	0.51218	0.01226	0.01124	0.00803	0.00463	0.00358	0.00127	0.00343	0.00345	0.00415	0.00610
28	0.01567	0.01139	0.01225	0.00939	0.01267	0.01257	0.00776	0.79702	0.01912	0.04555	0.01001	0.00996	0.00706	0.00493	0.00411	0.00123	0.00449	0.00371	0.00413	0.00698
29	0.00775	0.00730	0.01231	0.84587	0.02827	0.00912	0.01140	0.01049	0.00821	0.01049	0.00730	0.01094	0.00547	0.00410	0.00410	0.00137	0.00547	0.00365	0.00182	0.00456
30	0.01069	0.00966	0.00951	0.00854	0.01086	0.07157	0.00663	0.03579	0.74819	0.01680	0.01582	0.01463	0.01189	0.00546	0.00414	0.00136	0.00358	0.00448	0.00402	0.00638
31	0.01097	0.85821	0.02151	0.00702	0.01054	0.01624	0.00702	0.01229	0.00834	0.00966	0.00571	0.00658	0.00527	0.00351	0.00263	0.00088	0.00439	0.00219	0.00176	0.00527
32	0.00498	0.00415	0.00437	0.00451	0.00577	0.00354	0.00340	0.00605	0.00924	0.01112	0.03872	0.10748	0.70965	0.01066	0.00494	0.00144	0.00221	0.06050	0.00381	0.00347
33	0.00594	0.00397	0.00448	0.00451	0.00451	0.00396	0.00252	0.00596	0.00602	0.00802	0.01318	0.04798	0.01524	0.83420	0.02049	0.00392	0.00394	0.00612	0.00252	0.00251
34	0.01136	0.06192	0.01059	0.00736	0.01075	0.00882	0.00605	0.29451	0.03887	0.03120	0.00871	0.00935	0.00674	0.00389	0.00344	0.00089	0.00363	0.00300	0.02547	0.45346
35	0.00962	0.02438	0.21192	0.06345	0.20371	0.03268	0.13104	0.04650	0.00944	0.03232	0.03571	0.01134	0.00754	0.00446	0.00498	0.00130	0.08271	0.02422	0.00224	0.06043
36	0.31305	0.04097	0.28286	0.00935	0.04230	0.00906	0.06204	0.01305	0.03975	0.07383	0.02997	0.03369	0.00758	0.00450	0.00358	0.00130	0.00447	0.02075	0.00256	0.00536
37	0.00548	0.00387	0.00511	0.00592	0.00627	0.00372	0.00420	0.00633	0.00792	0.01049	0.02103	0.56462	0.02464	0.13501	0.00760	0.00205	0.00291	0.17591	0.00361	0.00330
38	0.00765	0.00383	0.00383	0.00383	0.00478	0.00383	0.00287	0.00956	0.00861	0.01530	0.01339	0.01530	0.01052	0.00478	0.00287	0.00096	0.00191	0.00383	0.87853	0.00383
39	0.01005	0.13399	0.12800	0.05771	0.02576	0.15843	0.00814	0.01220	0.03139	0.06649	0.06605	0.04943	0.06850	0.00646	0.02047	0.00141	0.09503	0.05290	0.00266	0.00491
40	0.00849	0.01930	0.71021	0.01159	0.01719	0.00934	0.06424	0.01324	0.03845	0.02947	0.00906	0.01017	0.03254	0.00417	0.00400	0.00131	0.00584	0.00341	0.00198	0.00598
41	0.00516	0.00368	0.00488	0.00576	0.00604	0.00346	0.00392	0.00595	0.00796	0.01061	0.04087	0.74588	0.02663	0.05215	0.00599	0.00178	0.00253	0.05965	0.00376	0.00333
42	0.46037	0.00942	0.00883	0.00727	0.01005	0.03332	0.01549	0.30619	0.01193	0.05584	0.00823	0.00929	0.00621	0.00447	0.00332	0.00126	0.00383	0.02155	0.01765	0.00548
43	0.01194	0.04223	0.06176	0.05472	0.21382	0.25755	0.07097	0.10146	0.04361	0.01334	0.00772	0.00938	0.00620	0.00436	0.00471	0.00124	0.07383	0.00340	0.01218	0.00561
44	0.00500	0.00357	0.00476	0.00572	0.00595	0.00333	0.00381	0.00572	0.00786	0.01048	0.02262	0.85306	0.02715	0.01286	0.00524	0.00167	0.00238	0.01167	0.00381	0.00333
45	0.00898	0.00898	0.01257	0.01078	0.01078	0.01257	0.00898	0.00988	0.00629	0.00988	0.00539	0.00898	0.00539	0.00718	0.01347	0.00180	0.84823	0.00359	0.00180	0.00449
46	0.01548	0.01125	0.01211	0.00933	0.01255	0.01240	0.00769	0.78260	0.01891	0.04489	0.01024	0.02534	0.00742	0.00508	0.00413	0.00124	0.00445	0.00385	0.00412	0.00691
47	0.01450	0.05609	0.01242	0.01114	0.05430	0.68172	0.00819	0.04303	0.01131	0.01073	0.00645	0.00769	0.00541	0.00437	0.00427	0.00111	0.05745	0.00277	0.00214	0.00493
48	0.05777	0.00728	0.00885	0.00708	0.00971	0.02506	0.00574	0.12386	0.01250	0.47822	0.20131	0.01675	0.01591	0.00574	0.00420	0.00127	0.00334	0.00470	0.00463	0.00609
49	0.01009	0.00961	0.01494	0.13616	0.58084	0.03720	0.01146	0.05040	0.04621	0.01353	0.00903	0.01119	0.02951	0.00413	0.00423	0.00126	0.01808	0.00381	0.00225	0.00608
50	0.01125	0.00861	0.05179	0.01045	0.15895	0.00695	0.02477	0.04392	0.00981	0.19205	0.00943	0.01011	0.00704	0.00372	0.00358	0.00094	0.00376	0.00315	0.00296	0.43676
51	0.00898	0.00898	0.01257	0.01078	0.01078	0.01257	0.00898	0.00988	0.00629	0.00988	0.00539	0.00898	0.00539	0.00718	0.01347	0.00180	0.84823	0.00359	0.00180	0.00449
52	0.04797	0.01060	0.01143	0.00879	0.01202	0.01140	0.00722	0.65577	0.01720	0.05414	0.00990	0.02513	0.00728	0.00484	0.00396	0.00118	0.00423	0.00367	0.00390	0.09938
53	0.00577	0.00405	0.00495	0.00538	0.00570	0.00395	0.00350	0.02685	0.02474	0.01009	0.01926	0.47608	0.05679	0.28930	0.01071	0.03440	0.00301	0.00902	0.00332	0.00317
54	0.02066	0.01076	0.13515	0.13441	0.26173	0.00968	0.05083	0.09788	0.03736	0.08028	0.00868	0.01057	0.00666	0.00508	0.01920	0.02401	0.07506	0.00369	0.00248	0.00584
55	0.00796	0.02581	0.02676	0.00889	0.04109	0.00676	0.10677	0.02296	0.00799	0.07422	0.05171	0.02338	0.01091	0.06282	0.45329	0.00430	0.05287	0.00457	0.00254	0.00439
56	0.01057	0.00900	0.00948	0.00843	0.01081	0.01038	0.00658	0.07445	0.76950	0.01775	0.01625	0.01495	0.01216	0.00553	0.00417	0.00138	0.00333	0.00458	0.00417	0.00653
57	0.00944	0.01083	0.13122	0.07901	0.51773	0.00925	0.06513	0.01241	0.02852	0.02396	0.01862	0.02361	0.04331	0.00425	0.00416	0.00127	0.00497	0.00405	0.00220	0.00604
58	0.02023	0.04121	0.08443	0.20742	0.34165	0.02854	0.04208	0.09586	0.00990	0.01356	0.00820	0.03012	0.00680	0.00454	0.00448	0.02388	0.01509	0.01410	0.00223	0.00567
59	0.00801	0.00776	0.08461	0.02003	0.08167	0.00645	0.07502	0.02931	0.10067	0.07224	0.06199	0.02596	0.36314	0.00744	0.00457	0.00137	0.00350	0.03796	0.00346	0.00486
60	0.00510	0.00394	0.00465	0.00495	0.00582	0.00350	0.00353	0.00619	0.00924	0.01193	0.19078	0.34724	0.36655	0.01093	0.00500	0.00147	0.00217	0.00956	0.00395	0.00350
61	0.00973	0.00912	0.13685	0.04121	0.03791	0.01949	0.00692	0.20766	0.02665	0.01736	0.10075	0.01416	0.01155	0.00502	0.00368	0.00115	0.00355	0.00405	0.33806	0.00514
62	0.07260	0.04160	0.28125	0.08269	0.17618	0.06506	0.09596	0.08499	0.00990	0.02204	0.00792	0.02727	0.00622	0.00412	0.00395	0.00127	0.00546	0.00354	0.00221	0.00578
63	0.01391	0.00914	0.01011	0.00826	0.01094	0.03943	0.00670	0.35247	0.12792	0.21487	0.07775	0.04267	0.01251	0.00591	0.00429	0.00131	0.00389	0.04735	0.00428	0.00630
64	0.00568	0.00394	0.00472	0.00508	0.00524	0.00388	0.00313	0.00627	0.02773	0.00922	0.01698	0.36351	0.01985	0.49014	0.01408	0.00297	0.00331	0.00826	0.00307	0.00294
65	0.37985	0.10956	0.05493	0.00957	0.06447	0.16688	0.09473	0.01302	0.00860	0.01435	0.00638	0.00770	0.00513	0.00383	0.00337	0.00118	0.01698	0.00275	0.00223	0.03450

[dist]
# distance from previous block
# <min> <max>
0	3

[block]
# block no. 4 follows, 65 sequences, length 28
# corresponding to MSA columns:
# 533-541,558-576
name=unknown_E
#
# <colnr> <probs for GDERKNQSTAVLIFYWHMCP>
#	G	D	E	R	K	N	Q	S	T	A	V	L	I	F	Y	W	H	M	C	P
0	0.03707	0.12717	0.11116	0.02265	0.07232	0.12372	0.02631	0.02887	0.02462	0.01190	0.03946	0.21022	0.02618	0.02427	0.02964	0.00155	0.00463	0.07084	0.00275	0.00467
1	0.01107	0.08906	0.10694	0.05270	0.07375	0.07928	0.03780	0.17369	0.03003	0.03052	0.00799	0.00914	0.00623	0.00399	0.00391	0.00105	0.02882	0.00311	0.00260	0.24830
2	0.00561	0.00387	0.00461	0.00488	0.00507	0.00375	0.00300	0.00598	0.00701	0.00933	0.06096	0.28347	0.05615	0.51166	0.01447	0.00300	0.00329	0.00793	0.00306	0.00287
3	0.02762	0.51500	0.21129	0.00856	0.01242	0.08540	0.00902	0.02817	0.00889	0.02719	0.00643	0.00742	0.00537	0.00383	0.00339	0.00104	0.02904	0.00254	0.00191	0.00544
4	0.00948	0.21575	0.45414	0.02254	0.01551	0.06846	0.07026	0.01313	0.03562	0.01198	0.00735	0.00873	0.00568	0.00464	0.02668	0.00135	0.01811	0.00305	0.00189	0.00565
5	0.00682	0.00450	0.00527	0.00492	0.00635	0.00391	0.00375	0.00822	0.01037	0.11252	0.30400	0.05494	0.44095	0.00914	0.00477	0.00135	0.00221	0.00777	0.00420	0.00403
6	0.00597	0.00398	0.00448	0.00448	0.00448	0.00398	0.00249	0.00597	0.00597	0.00796	0.01293	0.02686	0.01492	0.85574	0.02089	0.00398	0.00398	0.00597	0.00249	0.00249
7	0.01006	0.44339	0.35265	0.00943	0.01400	0.01301	0.04354	0.03788	0.00892	0.02353	0.00677	0.00783	0.00540	0.00373	0.00331	0.00109	0.00517	0.00272	0.00188	0.00568
8	0.00857	0.01842	0.65632	0.01154	0.03154	0.00943	0.04511	0.02651	0.03474	0.02464	0.00809	0.01009	0.00613	0.04983	0.00527	0.00147	0.04114	0.00338	0.00196	0.00584
9	0.00582	0.00400	0.00443	0.00443	0.00462	0.00391	0.00257	0.00596	0.00643	0.00839	0.01683	0.02858	0.12566	0.74068	0.01871	0.00363	0.00372	0.00634	0.00267	0.00262
10	0.02627	0.24219	0.02384	0.04594	0.06393	0.26439	0.09437	0.03493	0.00986	0.01140	0.03287	0.01046	0.04324	0.01654	0.00429	0.00116	0.04108	0.00338	0.00220	0.02766
11	0.00944	0.07404	0.45898	0.07500	0.07508	0.01008	0.03356	0.04572	0.05180	0.04784	0.00815	0.00950	0.00605	0.00419	0.00439	0.00128	0.05066	0.00329	0.00216	0.02879
12	0.01001	0.02698	0.09000	0.06747	0.36506	0.03516	0.02090	0.06309	0.17299	0.01468	0.06808	0.01238	0.00977	0.00458	0.00428	0.00128	0.02048	0.00402	0.00272	0.00605
13	0.00877	0.00747	0.00865	0.00625	0.00985	0.00584	0.00500	0.03368	0.03602	0.01386	0.00768	0.00878	0.00632	0.00318	0.00311	0.00065	0.00309	0.00254	0.00254	0.82673
14	0.00552	0.00402	0.00494	0.00533	0.00609	0.00368	0.00376	0.00679	0.02766	0.03003	0.16361	0.47291	0.22824	0.01115	0.00503	0.00152	0.00228	0.00987	0.00397	0.00361
15	0.88473	0.00794	0.00603	0.00540	0.00794	0.00921	0.00445	0.01207	0.00699	0.01842	0.00572	0.00667	0.00445	0.00381	0.00254	0.00127	0.00318	0.00222	0.00254	0.00445
16	0.00627	0.00420	0.00499	0.00478	0.00582	0.00396	0.00359	0.00832	0.02952	0.01555	0.50786	0.02741	0.12395	0.00764	0.00432	0.00122	0.00198	0.00658	0.22816	0.00387
17	0.88473	0.00794	0.00603	0.00540	0.00794	0.00921	0.00445	0.01207	0.00699	0.01842	0.00572	0.00667	0.00445	0.00381	0.00254	0.00127	0.00318	0.00222	0.00254	0.00445
18	0.01829	0.00719	0.00965	0.00740	0.01058	0.00633	0.00611	0.05541	0.01208	0.79709	0.01591	0.01379	0.01002	0.00507	0.00413	0.00127	0.00354	0.00411	0.00504	0.00699
19	0.00498	0.00419	0.00433	0.00437	0.00572	0.00355	0.00333	0.00609	0.00944	0.01133	0.06679	0.03957	0.75887	0.01038	0.00490	0.00141	0.00217	0.05124	0.00383	0.00350
20	0.09202	0.00707	0.00923	0.00714	0.01026	0.00630	0.00590	0.01933	0.01134	0.76377	0.01530	0.01335	0.00968	0.00497	0.00399	0.00127	0.00347	0.00397	0.00486	0.00677
21	0.00969	0.01107	0.02422	0.01730	0.02145	0.01038	0.81522	0.01315	0.00969	0.01315	0.00830	0.01107	0.00623	0.00346	0.00484	0.00138	0.00692	0.00484	0.00208	0.00554
22	0.00581	0.00420	0.00549	0.00516	0.00613	0.00387	0.00387	0.00775	0.01162	0.01646	0.82797	0.03066	0.03873	0.00839	0.00484	0.00129	0.00194	0.00742	0.00452	0.00387
23	0.00631	0.00505	0.00744	0.00719	0.00782	0.00619	0.00568	0.00769	0.00655	0.00958	0.01020	0.01511	0.00957	0.02744	0.72244	0.00592	0.12962	0.00428	0.00214	0.00378
24	0.00634	0.00479	0.00649	0.09205	0.04161	0.00470	0.00506	0.00813	0.02820	0.03871	0.30974	0.22615	0.16073	0.00949	0.02057	0.00152	0.00284	0.02508	0.00381	0.00400
25	0.49036	0.00742	0.00749	0.00620	0.00895	0.00770	0.00510	0.01528	0.00915	0.36273	0.03645	0.01052	0.00796	0.00449	0.00329	0.00127	0.00327	0.00319	0.00368	0.00550
26	0.00977	0.00996	0.05209	0.10635	0.56365	0.00984	0.05255	0.01326	0.08995	0.01334	0.00851	0.01070	0.00689	0.00400	0.00441	0.00128	0.03129	0.00378	0.00221	0.00617
27	0.00528	0.00382	0.00508	0.03191	0.00666	0.00367	0.00407	0.00609	0.00792	0.01050	0.03753	0.66418	0.05225	0.08637	0.00658	0.00186	0.00268	0.05658	0.00364	0.00334

[dist]
# distance from previous block
# <min> <max>
1	55

[block]
# block no. 5 follows, 65 sequences, length 78
# corresponding to MSA columns:
# 641-718
name=unknown_F
#
# <colnr> <probs for GDERKNQSTAVLIFYWHMCP>
#	G	D	E	R	K	N	Q	S	T	A	V	L	I	F	Y	W	H	M	C	P
0	0.06164	0.22215	0.10088	0.04165	0.04322	0.04616	0.00759	0.11941	0.11129	0.03650	0.01032	0.09202	0.00906	0.02838	0.00412	0.00126	0.00424	0.00404	0.02109	0.03498
1	0.12372	0.04563	0.13676	0.00909	0.02107	0.04230	0.05349	0.20016	0.05425	0.03605	0.00921	0.05212	0.00766	0.03470	0.00502	0.00133	0.06210	0.00377	0.00285	0.09872
2	0.02493	0.08518	0.04383	0.01148	0.09773	0.49345	0.00845	0.09631	0.06550	0.01268	0.00773	0.00898	0.00631	0.00435	0.00374	0.00112	0.00617	0.01426	0.00243	0.00535
3	0.05646	0.05064	0.08185	0.22894	0.07579	0.08304	0.24811	0.02714	0.01984	0.04843	0.00794	0.01009	0.00601	0.00387	0.00408	0.00127	0.00569	0.00371	0.00220	0.03489
4	0.00744	0.02882	0.05091	0.03896	0.04210	0.00526	0.01612	0.00739	0.01649	0.01711	0.00860	0.04616	0.00834	0.04502	0.10212	0.50190	0.01549	0.00400	0.00203	0.03575
5	0.00621	0.00407	0.00490	0.00474	0.00566	0.00385	0.00350	0.00792	0.01017	0.01501	0.48007	0.04668	0.08655	0.05785	0.01938	0.00147	0.00222	0.00655	0.22946	0.00373
6	0.01842	0.00699	0.00953	0.00730	0.01048	0.00603	0.00603	0.02000	0.01175	0.83298	0.01619	0.01397	0.01016	0.00508	0.00413	0.00127	0.00349	0.00413	0.00508	0.00699
7	0.00531	0.00415	0.00482	0.00477	0.00589	0.00366	0.00357	0.00674	0.01024	0.01339	0.37898	0.08755	0.41926	0.00971	0.00489	0.00137	0.00207	0.02587	0.00412	0.00364
8	0.01016	0.00975	0.01666	0.02520	0.83013	0.00975	0.01260	0.01260	0.00935	0.01341	0.00772	0.01016	0.00650	0.00366	0.00406	0.00122	0.00488	0.00366	0.00203	0.00650
9	0.00557	0.00419	0.00516	0.00491	0.00599	0.00377	0.00369	0.00728	0.01106	0.01512	0.63230	0.03286	0.23523	0.00889	0.00484	0.00131	0.00197	0.00773	0.00434	0.00377
10	0.00521	0.00397	0.00481	0.00512	0.00595	0.00356	0.00370	0.00639	0.00937	0.01226	0.23272	0.34317	0.29850	0.01085	0.00502	0.00149	0.00222	0.03817	0.00399	0.00353
11	0.00898	0.00898	0.01257	0.01078	0.01078	0.01257	0.00898	0.00988	0.00629	0.00988	0.00539	0.00898	0.00539	0.00718	0.01347	0.00180	0.84823	0.00359	0.00180	0.00449
12	0.00851	0.00730	0.00851	0.00608	0.00973	0.00547	0.00486	0.01034	0.00851	0.01338	0.00730	0.00851	0.00608	0.00304	0.00304	0.00061	0.00304	0.00243	0.00243	0.88083
13	0.05866	0.01296	0.01257	0.14237	0.12034	0.32548	0.02529	0.05757	0.00984	0.01190	0.00667	0.00881	0.00556	0.00475	0.00581	0.00131	0.17976	0.00321	0.00213	0.00502
14	0.00878	0.00483	0.00628	0.00555	0.00705	0.00435	0.00429	0.01058	0.01139	0.20682	0.55668	0.02662	0.07751	0.00758	0.00459	0.00128	0.00231	0.00657	0.04237	0.00457
15	0.04805	0.05719	0.30965	0.13254	0.04438	0.01976	0.01044	0.04717	0.04849	0.12188	0.00924	0.03202	0.00698	0.00449	0.00420	0.00126	0.03639	0.00352	0.00256	0.05979
16	0.00897	0.03026	0.01148	0.16332	0.21234	0.03290	0.03305	0.08119	0.09659	0.01420	0.12161	0.03286	0.10545	0.00587	0.00433	0.00132	0.00412	0.03189	0.00302	0.00524
17	0.00964	0.01032	0.04426	0.05408	0.40900	0.09472	0.11879	0.01228	0.03734	0.01267	0.01291	0.01516	0.11792	0.00491	0.00428	0.00128	0.00502	0.02744	0.00239	0.00560
18	0.00501	0.00416	0.00438	0.00433	0.00564	0.00353	0.00325	0.00621	0.00974	0.01200	0.17530	0.03800	0.69418	0.01006	0.00485	0.00137	0.00205	0.00845	0.00393	0.00353
19	0.01259	0.08444	0.10499	0.03597	0.08313	0.22697	0.00903	0.23674	0.01218	0.02698	0.00809	0.02875	0.00658	0.00542	0.02604	0.00136	0.07903	0.00342	0.00264	0.00566
20	0.00781	0.00736	0.01243	0.82439	0.04927	0.00914	0.01143	0.01054	0.00824	0.01056	0.00731	0.01092	0.00550	0.00409	0.00410	0.00136	0.00546	0.00365	0.00183	0.00461
21	0.01097	0.85821	0.02151	0.00702	0.01054	0.01624	0.00702	0.01229	0.00834	0.00966	0.00571	0.00658	0.00527	0.00351	0.00263	0.00088	0.00439	0.00219	0.00176	0.00527
22	0.00503	0.00361	0.00477	0.00566	0.00595	0.00336	0.00380	0.00579	0.00803	0.01070	0.05136	0.80459	0.04686	0.01264	0.00522	0.00165	0.00236	0.01145	0.00384	0.00336
23	0.01041	0.00939	0.01593	0.13417	0.61572	0.00959	0.05003	0.03736	0.00964	0.05615	0.00820	0.01050	0.00656	0.00382	0.00411	0.00125	0.00497	0.00374	0.00223	0.00623
24	0.00489	0.00413	0.00423	0.00428	0.00558	0.00347	0.00318	0.00593	0.00934	0.01121	0.06319	0.08550	0.76013	0.01048	0.00487	0.00140	0.00209	0.00880	0.00383	0.00347
25	0.00653	0.00470	0.00649	0.00739	0.00836	0.00466	0.00644	0.00837	0.00944	0.01222	0.02273	0.04596	0.06404	0.01129	0.00563	0.00186	0.00369	0.76264	0.00378	0.00376
26	0.01086	0.02196	0.02806	0.21553	0.26015	0.12133	0.04546	0.08531	0.04693	0.05267	0.00917	0.01220	0.00743	0.00501	0.02070	0.00139	0.00536	0.04235	0.00250	0.00561
27	0.00611	0.00426	0.00468	0.00465	0.00476	0.01875	0.00270	0.00627	0.00648	0.00862	0.06906	0.03783	0.01656	0.77105	0.01927	0.00371	0.00388	0.00609	0.00264	0.00263
28	0.02898	0.00408	0.00453	0.00451	0.00461	0.00410	0.00257	0.00612	0.00606	0.00829	0.01327	0.02633	0.03265	0.79812	0.01996	0.02099	0.00391	0.00588	0.00250	0.00255
29	0.01836	0.00708	0.00958	0.00735	0.01052	0.00617	0.00607	0.03581	0.01190	0.81696	0.01607	0.01389	0.01010	0.00508	0.00413	0.00127	0.00351	0.00412	0.00506	0.00699
30	0.01329	0.11690	0.06800	0.03774	0.03627	0.41252	0.00819	0.07662	0.05982	0.06439	0.02125	0.01016	0.00726	0.00458	0.00386	0.00115	0.01496	0.02401	0.01370	0.00531
31	0.00892	0.00515	0.00632	0.00582	0.00733	0.00480	0.00443	0.01946	0.06732	0.20172	0.19797	0.13827	0.18160	0.06751	0.00578	0.00157	0.00272	0.03996	0.02883	0.00455
32	0.00492	0.00413	0.00427	0.00430	0.00560	0.00348	0.00320	0.00599	0.00941	0.01138	0.08754	0.08395	0.73696	0.01041	0.00487	0.00140	0.00209	0.00876	0.00385	0.00348
33	0.01299	0.47020	0.01694	0.00867	0.01153	0.39702	0.00744	0.01419	0.00986	0.00984	0.00600	0.00696	0.00528	0.00384	0.00313	0.00096	0.00578	0.00240	0.00192	0.00503
34	0.02001	0.00620	0.02570	0.00698	0.02204	0.02411	0.00553	0.06909	0.00990	0.12864	0.13197	0.04940	0.11959	0.04526	0.10672	0.05120	0.03582	0.12420	0.01324	0.00440
35	0.00502	0.00405	0.00449	0.00472	0.00579	0.00351	0.00346	0.00609	0.00920	0.01143	0.10177	0.22663	0.55100	0.01083	0.00497	0.00146	0.00219	0.03604	0.00387	0.00348
36	0.00851	0.00730	0.00851	0.00608	0.00973	0.00547	0.00486	0.01034	0.00851	0.01338	0.00730	0.00851	0.00608	0.00304	0.00304	0.00061	0.00304	0.00243	0.00243	0.88083
37	0.02863	0.00916	0.00936	0.00841	0.01069	0.03783	0.00655	0.02119	0.76267	0.01682	0.01591	0.01475	0.01198	0.00552	0.00431	0.00139	0.01995	0.00450	0.00403	0.00636
38	0.00652	0.00469	0.00648	0.00737	0.00834	0.00466	0.00642	0.00836	0.00944	0.01222	0.02283	0.04593	0.06812	0.01129	0.00562	0.00186	0.00369	0.75862	0.00378	0.00376
39	0.00818	0.02085	0.81597	0.01155	0.01751	0.00941	0.01491	0.01288	0.00873	0.01308	0.02568	0.00916	0.00595	0.00400	0.00392	0.00130	0.00597	0.00313	0.00180	0.00602
40	0.00713	0.00357	0.00535	0.00535	0.00535	0.00357	0.00357	0.00535	0.00535	0.00713	0.00713	0.01248	0.00713	0.01426	0.01604	0.88057	0.00357	0.00357	0.00178	0.00178
41	0.00500	0.00359	0.00475	0.00568	0.00594	0.00334	0.00380	0.00572	0.00789	0.01049	0.02304	0.83508	0.04486	0.01281	0.00523	0.00166	0.00237	0.01160	0.00381	0.00334
42	0.01560	0.01150	0.01232	0.00944	0.01273	0.01273	0.00780	0.81645	0.01930	0.02587	0.00986	0.00986	0.00698	0.00493	0.00411	0.00123	0.00452	0.00370	0.00411	0.00698
43	0.00503	0.00358	0.00476	0.00568	0.00591	0.00335	0.00377	0.00572	0.00781	0.01041	0.02236	0.83043	0.02681	0.03595	0.00567	0.00173	0.00243	0.01151	0.00377	0.00331
44	0.00851	0.00730	0.00851	0.00608	0.00973	0.00547	0.00486	0.01034	0.00851	0.01338	0.00730	0.00851	0.00608	0.00304	0.00304	0.00061	0.00304	0.00243	0.00243	0.88083
45	0.08436	0.39936	0.03342	0.00915	0.01242	0.14331	0.12827	0.03364	0.02227	0.07351	0.02117	0.00861	0.00643	0.00392	0.00336	0.00108	0.00505	0.00299	0.00232	0.00534
46	0.00823	0.02123	0.83447	0.01170	0.01777	0.00953	0.01517	0.01300	0.00867	0.01300	0.00737	0.00867	0.00520	0.00390	0.00390	0.00130	0.00607	0.00303	0.00173	0.00607
47	0.02464	0.00438	0.00565	0.00525	0.00633	0.00407	0.00397	0.00829	0.01153	0.04702	0.78045	0.02954	0.03695	0.00817	0.00477	0.00129	0.00202	0.00719	0.00450	0.00400
48	0.00894	0.02821	0.61207	0.04473	0.03048	0.02579	0.05088	0.03385	0.00901	0.04086	0.00809	0.02892	0.00611	0.00475	0.01911	0.00141	0.03551	0.00343	0.00200	0.00585
49	0.01075	0.01246	0.04349	0.01584	0.04199	0.13788	0.60439	0.01404	0.03344	0.03193	0.00839	0.01061	0.00634	0.00369	0.00458	0.00132	0.00673	0.00440	0.00220	0.00552
50	0.00597	0.00398	0.00448	0.00448	0.00448	0.00398	0.00249	0.00597	0.00597	0.00796	0.01293	0.02686	0.01492	0.85574	0.02089	0.00398	0.00398	0.00597	0.00249	0.00249
51	0.10400	0.03200	0.04506	0.00870	0.01198	0.01121	0.00743	0.53201	0.04301	0.14835	0.01043	0.01022	0.00728	0.00478	0.00391	0.00124	0.00424	0.00358	0.00394	0.00663
52	0.03244	0.00509	0.02832	0.00520	0.00669	0.00437	0.02280	0.00734	0.04305	0.01190	0.09257	0.07473	0.55723	0.04180	0.02823	0.00164	0.00275	0.02648	0.00365	0.00374
53	0.00518	0.00371	0.00481	0.00562	0.00594	0.00348	0.00381	0.00591	0.00785	0.01037	0.02263	0.68360	0.06758	0.09404	0.00676	0.00189	0.00260	0.05725	0.00368	0.00329
54	0.00661	0.00472	0.00661	0.00756	0.00850	0.00472	0.00661	0.00850	0.00945	0.01228	0.02173	0.04630	0.02362	0.01134	0.00567	0.00189	0.00378	0.80250	0.00378	0.00378
55	0.01045	0.01144	0.01330	0.43164	0.15945	0.25186	0.04063	0.01267	0.00946	0.01095	0.00713	0.00978	0.00562	0.00404	0.00401	0.00125	0.00599	0.00340	0.00195	0.00498
56	0.00580	0.00457	0.00673	0.00682	0.00762	0.00431	0.07411	0.02993	0.00857	0.01132	0.02244	0.64119	0.08681	0.01153	0.00517	0.00162	0.00290	0.06122	0.00367	0.00367
57	0.00969	0.01107	0.02422	0.01730	0.02145	0.01038	0.81522	0.01315	0.00969	0.01315	0.00830	0.01107	0.00623	0.00346	0.00484	0.00138	0.00692	0.00484	0.00208	0.00554
58	0.00509	0.00363	0.00486	0.00582	0.00609	0.00341	0.00396	0.00587	0.00794	0.01058	0.02258	0.80950	0.02696	0.01278	0.00526	0.00168	0.00246	0.05437	0.00381	0.00336
59	0.01097	0.85821	0.02151	0.00702	0.01054	0.01624	0.00702	0.01229	0.00834	0.00966	0.00571	0.00658	0.00527	0.00351	0.00263	0.00088	0.00439	0.00219	0.00176	0.00527
60	0.00507	0.00361	0.00479	0.00570	0.00595	0.00338	0.00381	0.00578	0.00782	0.01042	0.02225	0.80740	0.02663	0.04433	0.00583	0.00176	0.00247	0.02595	0.00376	0.00331
61	0.00790	0.00747	0.01257	0.79108	0.02744	0.00920	0.03586	0.01097	0.03685	0.01080	0.00766	0.01110	0.00574	0.00414	0.00413	0.00137	0.00544	0.00372	0.00191	0.00466
62	0.00522	0.00470	0.00442	0.00438	0.00580	0.03281	0.00329	0.00626	0.00944	0.01105	0.04035	0.03838	0.79957	0.01018	0.00481	0.00137	0.00227	0.00845	0.00375	0.00351
63	0.00823	0.02123	0.83447	0.01170	0.01777	0.00953	0.01517	0.01300	0.00867	0.01300	0.00737	0.00867	0.00520	0.00390	0.00390	0.00130	0.00607	0.00303	0.00173	0.00607
64	0.24102	0.00738	0.00778	0.00639	0.00886	0.00770	0.00520	0.18150	0.01133	0.24442	0.02416	0.01179	0.00854	0.00470	0.00342	0.00119	0.00322	0.00352	0.21237	0.00552
65	0.00663	0.00589	0.03114	0.00824	0.06845	0.03345	0.03165	0.02141	0.00847	0.01143	0.02945	0.47252	0.04743	0.01149	0.05801	0.00188	0.04438	0.06811	0.03601	0.00397
66	0.01533	0.01956	0.01163	0.01058	0.01269	0.83926	0.00793	0.01639	0.01163	0.01005	0.00635	0.00740	0.00529	0.00423	0.00370	0.00106	0.00740	0.00264	0.00212	0.00476
67	0.00500	0.00357	0.00476	0.00572	0.00595	0.00333	0.00381	0.00572	0.00786	0.01048	0.02262	0.85306	0.02715	0.01286	0.00524	0.00167	0.00238	0.01167	0.00381	0.00333
68	0.02270	0.02511	0.10567	0.07737	0.08497	0.07154	0.07816	0.03383	0.08681	0.21386	0.02420	0.05821	0.03821	0.00562	0.00473	0.03417	0.01277	0.01325	0.00319	0.00562
69	0.00856	0.00800	0.01327	0.29855	0.42094	0.00858	0.01077	0.01092	0.00894	0.01217	0.03587	0.01447	0.07350	0.00559	0.03239	0.00148	0.00494	0.02344	0.00223	0.00536
70	0.00597	0.00398	0.00448	0.00448	0.00448	0.00398	0.00249	0.00597	0.00597	0.00796	0.01293	0.02686	0.01492	0.85574	0.02089	0.00398	0.00398	0.00597	0.00249	0.00249
71	0.01150	0.01353	0.02466	0.25710	0.07154	0.38034	0.10481	0.01346	0.00992	0.01081	0.00740	0.03351	0.00616	0.00441	0.00435	0.00124	0.03477	0.00356	0.00205	0.00487
72	0.01996	0.12792	0.27036	0.01344	0.16762	0.04135	0.08556	0.07503	0.02584	0.04969	0.00791	0.00940	0.00613	0.00454	0.01573	0.00133	0.06668	0.00337	0.00224	0.00590
73	0.01424	0.01764	0.01300	0.01280	0.11568	0.67175	0.05457	0.01560	0.01113	0.01064	0.00661	0.00799	0.00550	0.00417	0.00400	0.00111	0.02354	0.00291	0.00210	0.00502
74	0.00596	0.00402	0.00469	0.00469	0.00476	0.00409	0.00275	0.00610	0.00603	0.00811	0.01274	0.02580	0.01446	0.77438	0.10162	0.00424	0.00467	0.00581	0.00246	0.00260
75	0.01096	0.01127	0.13758	0.06024	0.41961	0.03836	0.03589	0.02646	0.03230	0.11804	0.00890	0.01044	0.00680	0.00408	0.00433	0.00125	0.03145	0.00361	0.00247	0.03597
76	0.14445	0.21681	0.01409	0.02848	0.09271	0.23523	0.02359	0.09845	0.01012	0.01329	0.00658	0.00792	0.00549	0.00426	0.00428	0.00116	0.08277	0.00284	0.00226	0.00523
