[name]
unknown

[dist]
# distance from previous block
# <min> <max>
3	28

[block]
# block no. 0 follows, 70 sequences, length 22
# corresponding to MSA columns:
# 43-64
name=unknown_A
#
# <colnr> <probs for GDERKNQSTAVLIFYWHMCP>
#	G	D	E	R	K	N	Q	S	T	A	V	L	I	F	Y	W	H	M	C	P
0	0.10033	0.08770	0.04201	0.00736	0.00981	0.04340	0.04865	0.14635	0.14206	0.08261	0.05277	0.03224	0.08246	0.06255	0.00478	0.00135	0.00370	0.01333	0.00318	0.03337
1	0.07163	0.04185	0.05146	0.00811	0.03227	0.04525	0.05504	0.18285	0.07519	0.16643	0.06206	0.02684	0.06281	0.04455	0.03289	0.00147	0.00407	0.00419	0.00333	0.02773
2	0.16376	0.04683	0.06735	0.00800	0.02083	0.08964	0.04792	0.18697	0.05442	0.08479	0.07365	0.08909	0.02078	0.00530	0.00372	0.00121	0.00396	0.01482	0.00313	0.01383
3	0.04968	0.04884	0.02901	0.00866	0.08112	0.04410	0.02639	0.08939	0.16510	0.08885	0.05193	0.09028	0.05272	0.06233	0.02424	0.00153	0.03853	0.02042	0.00316	0.02371
4	0.06315	0.03182	0.03754	0.00764	0.01882	0.03863	0.09562	0.08488	0.11540	0.08351	0.07504	0.13047	0.12813	0.06560	0.00520	0.00145	0.00356	0.00564	0.00328	0.00465
5	0.07111	0.00644	0.02138	0.00718	0.05603	0.02870	0.01623	0.11087	0.02045	0.11978	0.16290	0.16434	0.10589	0.05930	0.00514	0.00143	0.00310	0.02120	0.00354	0.01502
6	0.07445	0.03856	0.06794	0.00960	0.05518	0.08050	0.12594	0.10409	0.09344	0.06773	0.07352	0.05549	0.02264	0.05422	0.00517	0.00137	0.04086	0.00430	0.00286	0.02213
7	0.09010	0.03680	0.05021	0.03855	0.08630	0.04975	0.04323	0.18296	0.09231	0.06913	0.00913	0.01089	0.00726	0.03361	0.08786	0.07013	0.03043	0.00352	0.00275	0.00507
8	0.02839	0.00437	0.00543	0.00538	0.00640	0.00414	0.00394	0.02218	0.03042	0.11095	0.18611	0.34432	0.12811	0.03947	0.03792	0.00165	0.00270	0.01686	0.01742	0.00384
9	0.00870	0.00673	0.04177	0.00725	0.02643	0.03835	0.03626	0.07527	0.07104	0.12015	0.11464	0.17826	0.07493	0.03513	0.05686	0.05536	0.02366	0.02148	0.00335	0.00440
10	0.05577	0.13250	0.12942	0.02842	0.01190	0.08702	0.07422	0.19894	0.01946	0.05855	0.04236	0.01080	0.02845	0.02597	0.00496	0.06707	0.01303	0.00346	0.00263	0.00506
11	0.04463	0.00578	0.00699	0.00664	0.03600	0.00583	0.00484	0.08995	0.09600	0.15714	0.11542	0.14436	0.09439	0.09971	0.05778	0.00187	0.00343	0.02107	0.00362	0.00455
12	0.00602	0.00473	0.00688	0.00689	0.04672	0.00460	0.06518	0.02233	0.02973	0.01109	0.14262	0.23547	0.16189	0.05033	0.09848	0.08968	0.00369	0.00701	0.00310	0.00354
13	0.04657	0.03692	0.03604	0.02871	0.11526	0.03812	0.31909	0.06712	0.03871	0.14863	0.00977	0.03286	0.00755	0.00422	0.00417	0.00124	0.01622	0.02155	0.02176	0.00547
14	0.09800	0.04798	0.04272	0.00935	0.01223	0.11485	0.12749	0.23757	0.14082	0.06602	0.00932	0.00980	0.00693	0.00428	0.00389	0.00118	0.02328	0.00344	0.01654	0.02431
15	0.04881	0.00461	0.00550	0.00555	0.00665	0.00448	0.00421	0.01884	0.06029	0.07797	0.10742	0.24625	0.18937	0.05905	0.02602	0.00168	0.00282	0.12307	0.00362	0.00381
16	0.06466	0.00971	0.01035	0.00822	0.01095	0.01076	0.00668	0.58595	0.13928	0.02138	0.00983	0.01004	0.00723	0.00520	0.00450	0.05756	0.00392	0.00351	0.00362	0.02664
17	0.00694	0.00439	0.00596	0.00594	0.02644	0.01658	0.00414	0.00704	0.01719	0.04601	0.02294	0.03251	0.04245	0.08629	0.23842	0.38011	0.00525	0.00415	0.00221	0.04504
18	0.03455	0.00381	0.00496	0.00507	0.00541	0.00381	0.00343	0.00614	0.04147	0.00868	0.03527	0.17855	0.07189	0.09739	0.01171	0.47440	0.00302	0.00551	0.00245	0.00247
19	0.00945	0.00953	0.01754	0.06997	0.32288	0.00947	0.35154	0.04705	0.07501	0.01317	0.00825	0.01034	0.00644	0.00358	0.00413	0.00122	0.00527	0.00397	0.00218	0.02904
20	0.00591	0.00428	0.00499	0.00503	0.00607	0.00399	0.00368	0.00772	0.07854	0.05121	0.14219	0.24981	0.33612	0.03722	0.00537	0.02461	0.00230	0.02363	0.00369	0.00363
21	0.02380	0.00444	0.00518	0.00501	0.00592	0.00426	0.00352	0.02175	0.04514	0.09029	0.11275	0.15873	0.18032	0.29126	0.00952	0.00215	0.00286	0.02621	0.00337	0.00352

[dist]
# distance from previous block
# <min> <max>
0	1

[block]
# block no. 1 follows, 70 sequences, length 145
# corresponding to MSA columns:
# 66-210
name=unknown_B
#
# <colnr> <probs for GDERKNQSTAVLIFYWHMCP>
#	G	D	E	R	K	N	Q	S	T	A	V	L	I	F	Y	W	H	M	C	P
0	0.05187	0.00832	0.00891	0.00770	0.01009	0.00931	0.00609	0.11956	0.58117	0.11408	0.01489	0.01374	0.02654	0.00514	0.00387	0.00128	0.00322	0.00418	0.00396	0.00610
1	0.00753	0.00480	0.00579	0.00551	0.00651	0.00470	0.00393	0.06930	0.05486	0.10695	0.15353	0.26227	0.07309	0.21371	0.00815	0.00193	0.00284	0.00714	0.00359	0.00387
2	0.00507	0.00397	0.00458	0.00472	0.00564	0.00362	0.00340	0.00656	0.04474	0.01158	0.20690	0.25944	0.37815	0.03733	0.00514	0.00144	0.00212	0.00846	0.00372	0.00342
3	0.00754	0.00434	0.00530	0.00492	0.00611	0.00402	0.00369	0.02621	0.00973	0.13154	0.32815	0.11015	0.11624	0.04598	0.00482	0.00131	0.00223	0.00631	0.17741	0.00397
4	0.09373	0.00453	0.00518	0.00501	0.00617	0.00431	0.00370	0.02724	0.00907	0.07884	0.24087	0.22147	0.21737	0.05866	0.00526	0.00147	0.00236	0.00733	0.00369	0.00373
5	0.23337	0.00496	0.00524	0.00493	0.00635	0.00496	0.00378	0.00864	0.00907	0.06607	0.33834	0.11066	0.15482	0.00729	0.00397	0.00126	0.00229	0.00609	0.02405	0.00386
6	0.00499	0.00358	0.00455	0.00520	0.00559	0.00337	0.00352	0.00598	0.02444	0.01047	0.07697	0.66261	0.07871	0.05544	0.00557	0.00162	0.00228	0.00991	0.03197	0.00323
7	0.00882	0.00615	0.00719	0.00629	0.00798	0.00632	0.00489	0.15716	0.15495	0.09013	0.37224	0.08195	0.06579	0.00700	0.00431	0.00125	0.00265	0.00600	0.00411	0.00482
8	0.00644	0.00403	0.00601	0.00591	0.00650	0.00444	0.00444	0.00692	0.00610	0.04674	0.00952	0.01411	0.00881	0.02330	0.56100	0.26869	0.00797	0.00391	0.00209	0.00308
9	0.01036	0.86609	0.02032	0.00663	0.00995	0.01534	0.00663	0.01161	0.00788	0.00912	0.00539	0.00622	0.00498	0.00332	0.00249	0.00083	0.00415	0.00207	0.00166	0.00498
10	0.00915	0.01046	0.02288	0.01634	0.02026	0.00980	0.82549	0.01242	0.00915	0.01242	0.00784	0.01046	0.00588	0.00327	0.00458	0.00131	0.00654	0.00458	0.00196	0.00523
11	0.00557	0.00402	0.00467	0.00452	0.00562	0.00354	0.00334	0.00680	0.00941	0.05042	0.32003	0.08845	0.40929	0.06039	0.00548	0.00144	0.00210	0.00761	0.00382	0.00350
12	0.01288	0.00904	0.01039	0.01928	0.06154	0.02931	0.00715	0.48080	0.01462	0.12100	0.03160	0.01639	0.02041	0.00574	0.00414	0.00127	0.00404	0.14078	0.00375	0.00587
13	0.00554	0.00415	0.00623	0.00623	0.00692	0.00485	0.00485	0.00692	0.00623	0.00900	0.01038	0.01523	0.00969	0.02908	0.84839	0.00623	0.01038	0.00415	0.00208	0.00346
14	0.00826	0.00898	0.01857	0.05297	0.04621	0.00849	0.60226	0.01106	0.00908	0.01219	0.05661	0.04495	0.09207	0.00454	0.00453	0.00131	0.00553	0.00521	0.00230	0.00486
15	0.00616	0.00530	0.00707	0.02464	0.03635	0.00509	0.07377	0.02867	0.09412	0.01186	0.07199	0.14420	0.40575	0.00863	0.00468	0.01204	0.00281	0.04952	0.00342	0.00394
16	0.01007	0.01039	0.01379	0.19108	0.43404	0.16513	0.03833	0.03984	0.00929	0.01181	0.00730	0.00987	0.00603	0.00427	0.02015	0.00126	0.00532	0.01467	0.00199	0.00535
17	0.00960	0.00921	0.01574	0.02380	0.83957	0.00921	0.01190	0.01190	0.00883	0.01267	0.00729	0.00960	0.00614	0.00345	0.00384	0.00115	0.00461	0.00345	0.00192	0.00614
18	0.86927	0.00748	0.00584	0.02611	0.00797	0.00869	0.00436	0.01136	0.00663	0.01721	0.00544	0.00640	0.00422	0.00361	0.00244	0.00120	0.00305	0.00213	0.00238	0.00420
19	0.04023	0.02016	0.01103	0.04780	0.02125	0.11863	0.00722	0.55228	0.05757	0.02024	0.02752	0.02133	0.00741	0.00464	0.00378	0.00115	0.00445	0.00350	0.00342	0.02639
20	0.00468	0.00391	0.00396	0.00397	0.00524	0.00329	0.00297	0.00569	0.00883	0.01068	0.05446	0.05687	0.77807	0.00969	0.00454	0.00130	0.00196	0.00810	0.02851	0.00329
21	0.01570	0.00692	0.04018	0.00687	0.00978	0.00572	0.00584	0.02981	0.01104	0.70583	0.09402	0.01439	0.01191	0.00503	0.00394	0.00119	0.00326	0.00413	0.00457	0.01989
22	0.89114	0.00750	0.00570	0.00510	0.00750	0.00870	0.00420	0.01140	0.00660	0.01739	0.00540	0.00630	0.00420	0.00360	0.00240	0.00120	0.00300	0.00210	0.00240	0.00420
23	0.00820	0.00698	0.00812	0.00582	0.00925	0.00533	0.00466	0.02901	0.00828	0.01291	0.00695	0.00807	0.00576	0.00291	0.00289	0.00059	0.00290	0.00232	0.00233	0.86669
24	0.00979	0.00808	0.01275	0.32746	0.31369	0.01793	0.02914	0.03106	0.05830	0.11114	0.00864	0.01052	0.00651	0.00389	0.00385	0.00120	0.00457	0.00354	0.00237	0.03558
25	0.00578	0.00370	0.00472	0.00480	0.00493	0.00378	0.00305	0.00570	0.00583	0.00788	0.02381	0.09219	0.01322	0.47899	0.13459	0.19241	0.00446	0.00542	0.00230	0.00245
26	0.00960	0.00921	0.01574	0.02380	0.83957	0.00921	0.01190	0.01190	0.00883	0.01267	0.00729	0.00960	0.00614	0.00345	0.00384	0.00115	0.00461	0.00345	0.00192	0.00614
27	0.00559	0.00399	0.00497	0.00513	0.00592	0.00374	0.00392	0.00655	0.00851	0.01113	0.21114	0.03266	0.24349	0.12573	0.00797	0.09713	0.00274	0.21317	0.00337	0.00314
28	0.00647	0.00354	0.00532	0.00532	0.00547	0.00370	0.00370	0.00547	0.00532	0.00724	0.00755	0.01256	0.00740	0.01698	0.20242	0.68921	0.00494	0.00354	0.00177	0.00208
29	0.00804	0.00689	0.00804	0.00574	0.00919	0.00517	0.00459	0.00976	0.00804	0.01263	0.00689	0.00804	0.00574	0.00287	0.00287	0.00057	0.00287	0.00230	0.00230	0.88745
30	0.00477	0.00391	0.00419	0.00418	0.00534	0.00335	0.00310	0.00588	0.00912	0.01134	0.18541	0.07356	0.63945	0.02317	0.00484	0.00134	0.00198	0.00806	0.00370	0.00332
31	0.00472	0.00396	0.00412	0.00421	0.00547	0.00337	0.00322	0.00576	0.00882	0.01056	0.03748	0.05056	0.75948	0.00993	0.00465	0.00135	0.00210	0.07335	0.00360	0.00329
32	0.89114	0.00750	0.00570	0.00510	0.00750	0.00870	0.00420	0.01140	0.00660	0.01739	0.00540	0.00630	0.00420	0.00360	0.00240	0.00120	0.00300	0.00210	0.00240	0.00420
33	0.00804	0.00689	0.00804	0.00574	0.00919	0.00517	0.00459	0.00976	0.00804	0.01263	0.00689	0.00804	0.00574	0.00287	0.00287	0.00057	0.00287	0.00230	0.00230	0.88745
34	0.00564	0.00376	0.00423	0.00423	0.00423	0.00376	0.00235	0.00564	0.00564	0.00752	0.01222	0.02537	0.01409	0.86375	0.01973	0.00376	0.00376	0.00564	0.00235	0.00235
35	0.00478	0.00342	0.00457	0.00547	0.00572	0.00320	0.00370	0.00550	0.00748	0.00996	0.02134	0.82973	0.02551	0.01209	0.00496	0.00158	0.00230	0.04194	0.00360	0.00317
36	0.00798	0.08554	0.77993	0.01071	0.01625	0.00949	0.01373	0.01223	0.00816	0.01203	0.00684	0.00803	0.00492	0.00365	0.00359	0.00120	0.00561	0.00280	0.00164	0.00567
37	0.01474	0.01086	0.01163	0.00892	0.01202	0.01202	0.00737	0.82664	0.01823	0.02443	0.00931	0.00931	0.00659	0.00465	0.00388	0.00116	0.00427	0.00349	0.00388	0.00659
38	0.00485	0.00348	0.00457	0.00531	0.00564	0.00325	0.00361	0.00563	0.00772	0.01031	0.08387	0.71906	0.05372	0.04161	0.00544	0.00162	0.00229	0.03126	0.00361	0.00317
39	0.01066	0.77155	0.04003	0.00703	0.01030	0.08735	0.00690	0.01196	0.00815	0.00923	0.00548	0.00633	0.00498	0.00338	0.00260	0.00085	0.00443	0.00213	0.00169	0.00495
40	0.00804	0.00689	0.00804	0.00574	0.00919	0.00517	0.00459	0.00976	0.00804	0.01263	0.00689	0.00804	0.00574	0.00287	0.00287	0.00057	0.00287	0.00230	0.00230	0.88745
41	0.00961	0.03849	0.01602	0.02307	0.79607	0.00943	0.02679	0.01190	0.00880	0.01254	0.00724	0.00950	0.00610	0.00345	0.00381	0.00114	0.00463	0.00343	0.00191	0.00608
42	0.00564	0.00376	0.00423	0.00423	0.00423	0.00376	0.00235	0.00564	0.00564	0.00752	0.01222	0.02537	0.01409	0.86375	0.01973	0.00376	0.00376	0.00564	0.00235	0.00235
43	0.00782	0.03573	0.82842	0.01097	0.01665	0.00912	0.01418	0.01227	0.00818	0.01222	0.00693	0.00815	0.00491	0.00368	0.00366	0.00122	0.00570	0.00285	0.00164	0.00572
44	0.04213	0.01862	0.74480	0.01125	0.04437	0.00891	0.03369	0.01213	0.00823	0.01256	0.02452	0.00866	0.00562	0.00375	0.00368	0.00123	0.00552	0.00299	0.00174	0.00563
45	0.00554	0.00415	0.00623	0.00623	0.00692	0.00485	0.00485	0.00692	0.00623	0.00900	0.01038	0.01523	0.00969	0.02908	0.84839	0.00623	0.01038	0.00415	0.00208	0.00346
46	0.00853	0.00835	0.03538	0.01865	0.55759	0.00801	0.07562	0.01075	0.00876	0.01239	0.06218	0.07822	0.01048	0.00589	0.04149	0.00146	0.00464	0.04392	0.00228	0.00542
47	0.03271	0.03623	0.04054	0.00718	0.01027	0.02652	0.00615	0.05844	0.01115	0.70790	0.01395	0.01231	0.00891	0.00466	0.00381	0.00118	0.00355	0.00371	0.00442	0.00642
48	0.00958	0.00925	0.01598	0.02354	0.81160	0.00923	0.03968	0.01192	0.00884	0.01266	0.00731	0.00962	0.00613	0.00345	0.00386	0.00116	0.00467	0.00349	0.00192	0.00611
49	0.00673	0.00337	0.00505	0.00505	0.00505	0.00337	0.00337	0.00505	0.00505	0.00673	0.00673	0.01178	0.00673	0.01347	0.01515	0.88721	0.00337	0.00337	0.00168	0.00168
50	0.01188	0.46188	0.03217	0.00732	0.01016	0.15341	0.00662	0.01322	0.00892	0.16554	0.00810	0.00923	0.00659	0.00574	0.06355	0.00134	0.00493	0.02192	0.00238	0.00507
51	0.01459	0.01066	0.01146	0.00882	0.01187	0.01176	0.00727	0.79903	0.01792	0.03680	0.00962	0.02507	0.00699	0.00479	0.00390	0.00117	0.00421	0.00364	0.00389	0.00653
52	0.89114	0.00750	0.00570	0.00510	0.00750	0.00870	0.00420	0.01140	0.00660	0.01739	0.00540	0.00630	0.00420	0.00360	0.00240	0.00120	0.00300	0.00210	0.00240	0.00420
53	0.00929	0.04494	0.16138	0.00756	0.04172	0.00650	0.00686	0.01149	0.00846	0.11390	0.00788	0.00868	0.00605	0.00330	0.00317	0.00080	0.00356	0.00263	0.00244	0.54938
54	0.00472	0.00337	0.00450	0.00540	0.00562	0.00315	0.00360	0.00540	0.00742	0.00990	0.02137	0.86122	0.02564	0.01215	0.00495	0.00157	0.00225	0.01102	0.00360	0.00315
55	0.01474	0.01086	0.01163	0.00892	0.01202	0.01202	0.00737	0.82664	0.01823	0.02443	0.00931	0.00931	0.00659	0.00465	0.00388	0.00116	0.00427	0.00349	0.00388	0.00659
56	0.00723	0.00361	0.00361	0.00361	0.00452	0.00361	0.00271	0.00903	0.00813	0.01445	0.01265	0.01445	0.00994	0.00452	0.00271	0.00090	0.00181	0.00361	0.88528	0.00361
57	0.00549	0.00396	0.00518	0.00488	0.00579	0.00366	0.00366	0.00732	0.01097	0.01555	0.83752	0.02896	0.03658	0.00793	0.00457	0.00122	0.00183	0.00701	0.00427	0.00366
58	0.01480	0.01075	0.01157	0.00887	0.01197	0.01186	0.00733	0.80651	0.01805	0.04482	0.00946	0.00940	0.00667	0.00466	0.00388	0.00116	0.00424	0.00350	0.00390	0.00659
59	0.00474	0.00393	0.00415	0.00409	0.00533	0.00334	0.00307	0.00587	0.00921	0.01136	0.17887	0.03585	0.69784	0.00949	0.00458	0.00129	0.00194	0.00798	0.00372	0.00334
60	0.00564	0.00376	0.00423	0.00423	0.00423	0.00376	0.00235	0.00564	0.00564	0.00752	0.01222	0.02537	0.01409	0.86375	0.01973	0.00376	0.00376	0.00564	0.00235	0.00235
61	0.00848	0.00848	0.01187	0.01018	0.01018	0.01187	0.00848	0.00933	0.00594	0.00933	0.00509	0.00848	0.00509	0.00679	0.01272	0.00170	0.85666	0.00339	0.00170	0.00424
62	0.00960	0.00921	0.01574	0.02380	0.83957	0.00921	0.01190	0.01190	0.00883	0.01267	0.00729	0.00960	0.00614	0.00345	0.00384	0.00115	0.00461	0.00345	0.00192	0.00614
63	0.00564	0.00376	0.00423	0.00423	0.00423	0.00376	0.00235	0.00564	0.00564	0.00752	0.01222	0.02537	0.01409	0.86375	0.01973	0.00376	0.00376	0.00564	0.00235	0.00235
64	0.00549	0.00396	0.00518	0.00488	0.00579	0.00366	0.00366	0.00732	0.01097	0.01555	0.83752	0.02896	0.03658	0.00793	0.00457	0.00122	0.00183	0.00701	0.00427	0.00366
65	0.00539	0.00396	0.00505	0.00478	0.00573	0.00362	0.00358	0.00713	0.01075	0.01502	0.75421	0.02983	0.12022	0.00812	0.00457	0.00123	0.00184	0.00713	0.00420	0.00362
66	0.00459	0.00391	0.00395	0.00398	0.00525	0.00327	0.00297	0.00556	0.00879	0.01045	0.03866	0.06544	0.81026	0.00990	0.00459	0.00132	0.00197	0.00828	0.00360	0.00327
67	0.01723	0.00685	0.00916	0.00702	0.01002	0.00608	0.00580	0.06756	0.01153	0.79299	0.01493	0.01296	0.00942	0.00479	0.00390	0.00120	0.00336	0.00387	0.00474	0.00660
68	0.01474	0.01086	0.01163	0.00892	0.01202	0.01202	0.00737	0.82664	0.01823	0.02443	0.00931	0.00931	0.00659	0.00465	0.00388	0.00116	0.00427	0.00349	0.00388	0.00659
69	0.01086	0.13298	0.02822	0.00801	0.01064	0.01099	0.00665	0.20120	0.51264	0.01697	0.01264	0.01198	0.00952	0.00481	0.00371	0.00121	0.00355	0.00382	0.00355	0.00606
70	0.00746	0.00701	0.01167	0.80237	0.05237	0.00866	0.01066	0.01029	0.03246	0.01018	0.00717	0.01044	0.00540	0.00390	0.00388	0.00129	0.00509	0.00347	0.00180	0.00442
71	0.01015	0.77799	0.08073	0.00700	0.01046	0.01470	0.00719	0.01193	0.03257	0.00957	0.00582	0.00661	0.00518	0.00340	0.00262	0.00087	0.00423	0.00220	0.00173	0.00507
72	0.00471	0.00341	0.00446	0.00531	0.00560	0.00316	0.00356	0.00541	0.00751	0.00993	0.02245	0.81159	0.07458	0.01201	0.00493	0.00156	0.00223	0.01085	0.00360	0.00316
73	0.01640	0.00743	0.00942	0.00731	0.01027	0.00704	0.00601	0.15454	0.06993	0.64708	0.01432	0.01263	0.00925	0.00481	0.00390	0.00120	0.00344	0.00386	0.00458	0.00656
74	0.00732	0.00689	0.01163	0.85444	0.02670	0.00861	0.01077	0.00991	0.00775	0.00991	0.00689	0.01034	0.00517	0.00388	0.00388	0.00129	0.00517	0.00345	0.00172	0.00431
75	0.00960	0.00921	0.01574	0.02380	0.83957	0.00921	0.01190	0.01190	0.00883	0.01267	0.00729	0.00960	0.00614	0.00345	0.00384	0.00115	0.00461	0.00345	0.00192	0.00614
76	0.00479	0.00407	0.00415	0.00410	0.00542	0.00350	0.00308	0.00614	0.03546	0.01092	0.07931	0.03615	0.77044	0.00957	0.00456	0.00130	0.00199	0.00800	0.00365	0.00338
77	0.00515	0.00356	0.00444	0.00496	0.00511	0.00344	0.00315	0.00557	0.00672	0.00895	0.01753	0.48987	0.02074	0.36694	0.01112	0.00249	0.00292	0.03144	0.00308	0.00283
78	0.03014	0.01110	0.01791	0.01327	0.01662	0.10443	0.49254	0.16078	0.03053	0.05350	0.00833	0.00995	0.00617	0.00380	0.00440	0.00125	0.02331	0.00403	0.00250	0.00544
79	0.03789	0.01029	0.01118	0.00859	0.01166	0.01122	0.00710	0.71354	0.01711	0.11724	0.00989	0.00967	0.00687	0.00464	0.00384	0.00117	0.00412	0.00350	0.00394	0.00653
80	0.00943	0.00784	0.00923	0.00680	0.01007	0.00693	0.02559	0.16938	0.03471	0.01495	0.00760	0.00855	0.00608	0.00340	0.00340	0.00076	0.02550	0.00268	0.00263	0.64447
81	0.01135	0.00865	0.01400	0.02805	0.53411	0.00854	0.04822	0.06349	0.01994	0.18302	0.00960	0.01152	0.00744	0.00405	0.00394	0.00119	0.00436	0.02969	0.00271	0.00612
82	0.00557	0.00405	0.00569	0.00569	0.00620	0.00455	0.00417	0.00658	0.00607	0.00860	0.01088	0.01796	0.01088	0.25382	0.62527	0.00556	0.00860	0.00455	0.00215	0.00316
83	0.00549	0.00396	0.00518	0.00488	0.00579	0.00366	0.00366	0.00732	0.01097	0.01555	0.83752	0.02896	0.03658	0.00793	0.00457	0.00122	0.00183	0.00701	0.00427	0.00366
84	0.00954	0.00916	0.01564	0.04303	0.82074	0.00920	0.01187	0.01185	0.00880	0.01260	0.00728	0.00961	0.00612	0.00346	0.00384	0.00115	0.00462	0.00345	0.00191	0.00610
85	0.00804	0.00689	0.00804	0.00574	0.00919	0.00517	0.00459	0.00976	0.00804	0.01263	0.00689	0.00804	0.00574	0.00287	0.00287	0.00057	0.00287	0.00230	0.00230	0.88745
86	0.00723	0.00361	0.00361	0.00361	0.00452	0.00361	0.00271	0.00903	0.00813	0.01445	0.01265	0.01445	0.00994	0.00452	0.00271	0.00090	0.00181	0.00361	0.88528	0.00361
87	0.00544	0.00393	0.00514	0.00491	0.00578	0.00363	0.00365	0.00720	0.01076	0.01521	0.78893	0.07852	0.03593	0.00818	0.00459	0.00124	0.00185	0.00725	0.00423	0.00363
88	0.00549	0.00396	0.00518	0.00488	0.00579	0.00366	0.00366	0.00732	0.01097	0.01555	0.83752	0.02896	0.03658	0.00793	0.00457	0.00122	0.00183	0.00701	0.00427	0.00366
89	0.01036	0.86609	0.02032	0.00663	0.00995	0.01534	0.00663	0.01161	0.00788	0.00912	0.00539	0.00622	0.00498	0.00332	0.00249	0.00083	0.00415	0.00207	0.00166	0.00498
90	0.00576	0.00402	0.00527	0.00492	0.00589	0.00371	0.00371	0.00758	0.01098	0.03469	0.81848	0.02859	0.03595	0.00785	0.00456	0.00122	0.00186	0.00694	0.00428	0.00373
91	0.01739	0.00660	0.00900	0.00690	0.00990	0.00570	0.00570	0.01889	0.01110	0.84226	0.01529	0.01320	0.00960	0.00480	0.00390	0.00120	0.00330	0.00390	0.00480	0.00660
92	0.00560	0.00419	0.00523	0.02247	0.02382	0.00382	0.00381	0.00715	0.01002	0.03409	0.49015	0.03031	0.30817	0.00881	0.02407	0.00137	0.00224	0.00712	0.00390	0.00366
93	0.00960	0.00921	0.01574	0.02380	0.83957	0.00921	0.01190	0.01190	0.00883	0.01267	0.00729	0.00960	0.00614	0.00345	0.00384	0.00115	0.00461	0.00345	0.00192	0.00614
94	0.00459	0.00390	0.00395	0.00400	0.00525	0.00327	0.00298	0.00556	0.00877	0.01045	0.03845	0.07543	0.80041	0.00993	0.00460	0.00132	0.00198	0.00831	0.00360	0.00327
95	0.00472	0.00337	0.00450	0.00540	0.00562	0.00315	0.00360	0.00540	0.00742	0.00990	0.02137	0.86122	0.02564	0.01215	0.00495	0.00157	0.00225	0.01102	0.00360	0.00315
96	0.00732	0.00689	0.01163	0.85444	0.02670	0.00861	0.01077	0.00991	0.00775	0.00991	0.00689	0.01034	0.00517	0.00388	0.00388	0.00129	0.00517	0.00345	0.00172	0.00431
97	0.00804	0.00689	0.00804	0.00574	0.00919	0.00517	0.00459	0.00976	0.00804	0.01263	0.00689	0.00804	0.00574	0.00287	0.00287	0.00057	0.00287	0.00230	0.00230	0.88745
98	0.01144	0.00990	0.04395	0.00853	0.01119	0.03395	0.02913	0.31020	0.43158	0.01867	0.01249	0.01203	0.00924	0.00486	0.00387	0.00123	0.00377	0.00393	0.03390	0.00613
99	0.01448	0.01848	0.01099	0.00999	0.01199	0.84819	0.00749	0.01548	0.01099	0.00949	0.00599	0.00699	0.00499	0.00400	0.00350	0.00100	0.00699	0.00250	0.00200	0.00449
100	0.00673	0.00337	0.00505	0.00505	0.00505	0.00337	0.00337	0.00505	0.00505	0.00673	0.00673	0.01178	0.00673	0.01347	0.01515	0.88721	0.00337	0.00337	0.00168	0.00168
101	0.00549	0.00396	0.00518	0.00488	0.00579	0.00366	0.00366	0.00732	0.01097	0.01555	0.83752	0.02896	0.03658	0.00793	0.00457	0.00122	0.00183	0.00701	0.00427	0.00366
102	0.00564	0.00376	0.00423	0.00423	0.00423	0.00376	0.00235	0.00564	0.00564	0.00752	0.01222	0.02537	0.01409	0.86375	0.01973	0.00376	0.00376	0.00564	0.00235	0.00235
103	0.00502	0.00369	0.00509	0.00630	0.04277	0.00349	0.00410	0.00582	0.00756	0.01011	0.02070	0.78130	0.02460	0.01169	0.00492	0.00157	0.00242	0.05203	0.00352	0.00330
104	0.01036	0.86609	0.02032	0.00663	0.00995	0.01534	0.00663	0.01161	0.00788	0.00912	0.00539	0.00622	0.00498	0.00332	0.00249	0.00083	0.00415	0.00207	0.00166	0.00498
105	0.89114	0.00750	0.00570	0.00510	0.00750	0.00870	0.00420	0.01140	0.00660	0.01739	0.00540	0.00630	0.00420	0.00360	0.00240	0.00120	0.00300	0.00210	0.00240	0.00420
106	0.00957	0.00929	0.01617	0.02334	0.78954	0.00925	0.06158	0.01193	0.00885	0.01265	0.00733	0.00965	0.00613	0.00344	0.00388	0.00116	0.00472	0.00352	0.00192	0.00609
107	0.01501	0.07243	0.12615	0.00785	0.01130	0.00704	0.04298	0.01699	0.01031	0.61445	0.01293	0.01177	0.00837	0.00443	0.00378	0.00117	0.00383	0.00362	0.00396	0.02160
108	0.00848	0.00848	0.01187	0.01018	0.01018	0.01187	0.00848	0.00933	0.00594	0.00933	0.00509	0.00848	0.00509	0.00679	0.01272	0.00170	0.85666	0.00339	0.00170	0.00424
109	0.02820	0.00579	0.00662	0.00611	0.00753	0.00609	0.00465	0.08632	0.23514	0.01558	0.36807	0.14230	0.05702	0.00748	0.00434	0.00129	0.00249	0.00648	0.00398	0.00453
110	0.01025	0.82778	0.05760	0.00683	0.01026	0.01505	0.00698	0.01164	0.00789	0.00926	0.00546	0.00631	0.00497	0.00333	0.00254	0.00085	0.00422	0.00211	0.00166	0.00501
111	0.00554	0.00415	0.00623	0.00623	0.00692	0.00485	0.00485	0.00692	0.00623	0.00900	0.01038	0.01523	0.00969	0.02908	0.84839	0.00623	0.01038	0.00415	0.00208	0.00346
112	0.00732	0.00689	0.01163	0.85444	0.02670	0.00861	0.01077	0.00991	0.00775	0.00991	0.00689	0.01034	0.00517	0.00388	0.00388	0.00129	0.00517	0.00345	0.00172	0.00431
113	0.00878	0.00846	0.01398	0.35894	0.49433	0.02619	0.01135	0.01117	0.00844	0.01149	0.00710	0.00984	0.00572	0.00364	0.00385	0.00121	0.00488	0.00343	0.00184	0.00537
114	0.24468	0.00998	0.01008	0.00792	0.01084	0.01115	0.00654	0.61274	0.01518	0.02259	0.00828	0.00852	0.00596	0.00438	0.00349	0.00117	0.00393	0.00313	0.00349	0.00596
115	0.00472	0.00337	0.00450	0.00540	0.00562	0.00315	0.00360	0.00540	0.00742	0.00990	0.02137	0.86122	0.02564	0.01215	0.00495	0.00157	0.00225	0.01102	0.00360	0.00315
116	0.01448	0.01848	0.01099	0.00999	0.01199	0.84819	0.00749	0.01548	0.01099	0.00949	0.00599	0.00699	0.00499	0.00400	0.00350	0.00100	0.00699	0.00250	0.00200	0.00449
117	0.77173	0.00769	0.00608	0.00529	0.00779	0.02824	0.00432	0.01131	0.00686	0.01667	0.00558	0.00651	0.00439	0.00353	0.00248	0.00112	0.00308	0.00213	0.00238	0.10281
118	0.00472	0.00337	0.00450	0.00540	0.00562	0.00315	0.00360	0.00540	0.00742	0.00990	0.02137	0.86122	0.02564	0.01215	0.00495	0.00157	0.00225	0.01102	0.00360	0.00315
119	0.00564	0.00376	0.00423	0.00423	0.00423	0.00376	0.00235	0.00564	0.00564	0.00752	0.01222	0.02537	0.01409	0.86375	0.01973	0.00376	0.00376	0.00564	0.00235	0.00235
120	0.01030	0.00854	0.00914	0.02049	0.01047	0.00976	0.00630	0.16022	0.64007	0.01752	0.05293	0.01418	0.01198	0.00526	0.00396	0.00128	0.00325	0.00434	0.00392	0.00607
121	0.00930	0.00922	0.01559	0.20680	0.41279	0.03788	0.16773	0.04146	0.02813	0.01237	0.00769	0.01954	0.00620	0.00371	0.00399	0.00122	0.00511	0.00374	0.00202	0.00548
122	0.01010	0.04918	0.01579	0.05382	0.34091	0.03822	0.19740	0.08503	0.11149	0.02259	0.00855	0.01016	0.00671	0.00382	0.00407	0.00120	0.01700	0.00372	0.00237	0.01788
123	0.01721	0.00690	0.00918	0.00704	0.01005	0.00615	0.00582	0.07633	0.01160	0.78411	0.01487	0.01292	0.00938	0.00479	0.00390	0.00120	0.00337	0.00387	0.00473	0.00660
124	0.00472	0.00339	0.00448	0.00536	0.00561	0.00315	0.00358	0.00540	0.00746	0.00991	0.02183	0.83984	0.04673	0.01209	0.00494	0.00157	0.00224	0.01095	0.00360	0.00315
125	0.03337	0.01323	0.36010	0.00923	0.01341	0.00854	0.02894	0.18066	0.01118	0.28783	0.01016	0.01007	0.00680	0.00424	0.00378	0.00121	0.00459	0.00335	0.00316	0.00614
126	0.00716	0.02046	0.01205	0.05972	0.06635	0.00660	0.27099	0.00952	0.03434	0.02305	0.13744	0.05638	0.23886	0.00647	0.00447	0.00130	0.00394	0.03360	0.00294	0.00437
127	0.00554	0.00415	0.00623	0.00623	0.00692	0.00485	0.00485	0.00692	0.00623	0.00900	0.01038	0.01523	0.00969	0.02908	0.84839	0.00623	0.01038	0.00415	0.00208	0.00346
128	0.00475	0.00361	0.00436	0.00491	0.00552	0.00325	0.00342	0.00556	0.00796	0.01019	0.04386	0.52992	0.29678	0.03132	0.00518	0.00154	0.00221	0.02891	0.00358	0.00319
129	0.03944	0.00738	0.03473	0.00631	0.02860	0.00551	0.00506	0.00995	0.00801	0.01279	0.00685	0.00802	0.00567	0.00294	0.00290	0.00063	0.00301	0.00233	0.00227	0.80760
130	0.06707	0.02479	0.04412	0.00725	0.00967	0.00830	0.00611	0.28401	0.06181	0.12758	0.19466	0.01506	0.04199	0.00550	0.00432	0.00119	0.04470	0.00434	0.00368	0.04386
131	0.00802	0.00857	0.01784	0.01337	0.01633	0.00804	0.59548	0.01065	0.00881	0.01185	0.01201	0.16889	0.03127	0.00559	0.00470	0.00139	0.00542	0.06467	0.00242	0.00468
132	0.00811	0.01945	0.80253	0.01101	0.01662	0.00891	0.02814	0.01249	0.00830	0.03900	0.00724	0.00839	0.00508	0.00371	0.00371	0.00123	0.00567	0.00293	0.00174	0.00575
133	0.03898	0.05171	0.11044	0.01524	0.36971	0.02826	0.08809	0.01145	0.03087	0.03851	0.08840	0.06148	0.04056	0.00472	0.00393	0.00120	0.00432	0.00434	0.00242	0.00534
134	0.00538	0.00427	0.00522	0.00531	0.01695	0.01939	0.00390	0.00674	0.00895	0.01193	0.31140	0.11767	0.26114	0.01314	0.17638	0.00231	0.00381	0.01914	0.00347	0.00350
135	0.00591	0.00449	0.00628	0.00660	0.00766	0.00440	0.03171	0.00754	0.00873	0.01133	0.06219	0.03772	0.18036	0.01207	0.09295	0.00211	0.00398	0.50701	0.00340	0.00356
136	0.01060	0.81768	0.01978	0.00683	0.01007	0.06290	0.00668	0.01183	0.00805	0.00914	0.00542	0.00626	0.00498	0.00336	0.00255	0.00084	0.00431	0.00210	0.00168	0.00495
137	0.00894	0.02690	0.03971	0.08674	0.47947	0.02525	0.02904	0.01133	0.03689	0.04682	0.01249	0.04177	0.11703	0.00479	0.00408	0.00121	0.01543	0.00434	0.00236	0.00541
138	0.00554	0.00415	0.00623	0.00623	0.00692	0.00485	0.00485	0.00692	0.00623	0.00900	0.01038	0.01523	0.00969	0.02908	0.84839	0.00623	0.01038	0.00415	0.00208	0.00346
139	0.00497	0.00370	0.00458	0.00518	0.00576	0.00341	0.00371	0.00583	0.00785	0.01010	0.02503	0.47350	0.22824	0.07796	0.00607	0.00171	0.00248	0.12324	0.00350	0.00318
140	0.02201	0.29763	0.40710	0.01005	0.05983	0.07468	0.02111	0.01253	0.00844	0.04400	0.00671	0.00773	0.00520	0.00361	0.00329	0.00107	0.00512	0.00266	0.00183	0.00542
141	0.00882	0.00833	0.01373	0.23206	0.51329	0.00900	0.01082	0.03204	0.00858	0.01192	0.00840	0.02705	0.03300	0.00419	0.00449	0.00124	0.06189	0.00375	0.00199	0.00541
142	0.00568	0.00377	0.00430	0.00430	0.00437	0.00381	0.00248	0.00581	0.00575	0.00781	0.01214	0.02453	0.01375	0.79621	0.05878	0.00378	0.00401	0.00550	0.03076	0.00244
143	0.00636	0.00455	0.00547	0.02886	0.00670	0.01434	0.00395	0.02323	0.04048	0.04784	0.47417	0.08180	0.17385	0.00787	0.00438	0.00124	0.00219	0.00682	0.06207	0.00385
144	0.02138	0.06213	0.33062	0.03755	0.11881	0.14356	0.05592	0.04647	0.03877	0.08061	0.00815	0.02464	0.00622	0.00401	0.00370	0.00117	0.00528	0.00325	0.00223	0.00552

[dist]
# distance from previous block
# <min> <max>
2	7

[block]
# block no. 2 follows, 70 sequences, length 85
# corresponding to MSA columns:
# 218-302
name=unknown_C
#
# <colnr> <probs for GDERKNQSTAVLIFYWHMCP>
#	G	D	E	R	K	N	Q	S	T	A	V	L	I	F	Y	W	H	M	C	P
0	0.45858	0.01177	0.27545	0.00992	0.13897	0.00883	0.00865	0.01187	0.00752	0.02804	0.00635	0.00752	0.00481	0.00362	0.00306	0.00120	0.00413	0.00258	0.00212	0.00503
1	0.00903	0.00718	0.00863	0.00642	0.00945	0.00619	0.00519	0.03723	0.02377	0.07499	0.00758	0.00863	0.00611	0.00351	0.00399	0.00077	0.08871	0.00260	0.00251	0.68751
2	0.00841	0.00779	0.01322	0.29259	0.05975	0.00833	0.21879	0.05559	0.09857	0.02835	0.09574	0.01492	0.04259	0.00480	0.00421	0.00129	0.00466	0.03291	0.00261	0.00487
3	0.00663	0.00752	0.13371	0.00758	0.06662	0.00544	0.02897	0.00922	0.04555	0.01377	0.38398	0.02156	0.12382	0.00629	0.00413	0.00115	0.00295	0.00547	0.00328	0.12235
4	0.00563	0.00381	0.00448	0.00448	0.00457	0.00390	0.00267	0.00580	0.00571	0.00771	0.01198	0.02407	0.01353	0.75715	0.12557	0.00407	0.00460	0.00545	0.00231	0.00249
5	0.00574	0.00388	0.00456	0.00471	0.00486	0.00388	0.00300	0.00604	0.00618	0.00820	0.01360	0.02842	0.01546	0.72197	0.01734	0.00343	0.00373	0.13991	0.00255	0.00255
6	0.01955	0.00784	0.01033	0.00842	0.00978	0.00923	0.00695	0.00986	0.00688	0.04101	0.00611	0.00847	0.00547	0.00528	0.00877	0.00127	0.51158	0.00301	0.00203	0.31817
7	0.00768	0.03445	0.68041	0.01012	0.01503	0.00840	0.02459	0.01155	0.00830	0.02947	0.02596	0.03861	0.06706	0.00454	0.00393	0.00124	0.01764	0.00364	0.00197	0.00540
8	0.00583	0.00400	0.00498	0.00534	0.00568	0.00400	0.00383	0.00651	0.00691	0.00911	0.01561	0.06285	0.01755	0.51816	0.01389	0.00295	0.00363	0.30347	0.00284	0.00283
9	0.00732	0.00689	0.01163	0.85444	0.02670	0.00861	0.01077	0.00991	0.00775	0.00991	0.00689	0.01034	0.00517	0.00388	0.00388	0.00129	0.00517	0.00345	0.00172	0.00431
10	0.00778	0.02005	0.84367	0.01105	0.01678	0.00900	0.01432	0.01228	0.00818	0.01228	0.00696	0.00818	0.00491	0.00368	0.00368	0.00123	0.00573	0.00286	0.00164	0.00573
11	0.00487	0.00382	0.00438	0.00469	0.00557	0.00342	0.00343	0.00581	0.00826	0.01031	0.04599	0.25619	0.46530	0.06336	0.02260	0.00167	0.00246	0.08115	0.00350	0.00322
12	0.00666	0.00584	0.00609	0.00673	0.00747	0.11661	0.00522	0.00784	0.00852	0.01055	0.01896	0.40870	0.02150	0.01046	0.00492	0.00158	0.00343	0.34203	0.00337	0.00350
13	0.00723	0.00361	0.00361	0.00361	0.00452	0.00361	0.00271	0.00903	0.00813	0.01445	0.01265	0.01445	0.00994	0.00452	0.00271	0.00090	0.00181	0.00361	0.88528	0.00361
14	0.06268	0.00664	0.00883	0.00680	0.00977	0.00585	0.00562	0.01850	0.01086	0.79950	0.01478	0.01284	0.00932	0.00474	0.00382	0.00120	0.00328	0.00381	0.00467	0.00647
15	0.00512	0.00407	0.00469	0.00527	0.00580	0.03407	0.00363	0.00596	0.00810	0.01046	0.09280	0.61719	0.16640	0.01109	0.00480	0.00148	0.00234	0.00988	0.00360	0.00326
16	0.01474	0.01086	0.01163	0.00892	0.01202	0.01202	0.00737	0.82664	0.01823	0.02443	0.00931	0.00931	0.00659	0.00465	0.00388	0.00116	0.00427	0.00349	0.00388	0.00659
17	0.00484	0.00338	0.00446	0.00532	0.00557	0.00317	0.00356	0.00557	0.00745	0.01011	0.02097	0.82226	0.02492	0.01179	0.00485	0.00154	0.00223	0.01068	0.04417	0.00317
18	0.02295	0.00827	0.01329	0.45760	0.35064	0.03124	0.02047	0.02895	0.00850	0.01147	0.00707	0.00986	0.00558	0.00372	0.00383	0.00122	0.00495	0.00342	0.00187	0.00510
19	0.01255	0.00777	0.00893	0.00752	0.01001	0.00825	0.00599	0.08102	0.45788	0.30095	0.04512	0.01416	0.01157	0.00515	0.00395	0.00126	0.00319	0.00424	0.00425	0.00624
20	0.00564	0.00376	0.00423	0.00423	0.00423	0.00376	0.00235	0.00564	0.00564	0.00752	0.01222	0.02537	0.01409	0.86375	0.01973	0.00376	0.00376	0.00564	0.00235	0.00235
21	0.00723	0.00361	0.00361	0.00361	0.00452	0.00361	0.00271	0.00903	0.00813	0.01445	0.01265	0.01445	0.00994	0.00452	0.00271	0.00090	0.00181	0.00361	0.88528	0.00361
22	0.89114	0.00750	0.00570	0.00510	0.00750	0.00870	0.00420	0.01140	0.00660	0.01739	0.00540	0.00630	0.00420	0.00360	0.00240	0.00120	0.00300	0.00210	0.00240	0.00420
23	0.01066	0.55602	0.05388	0.03869	0.02083	0.08967	0.00736	0.06666	0.06438	0.01087	0.00654	0.00743	0.00557	0.00380	0.00336	0.00098	0.04368	0.00252	0.00200	0.00511
24	0.00561	0.00421	0.00627	0.00624	0.00690	0.00492	0.00484	0.00691	0.00620	0.00894	0.01027	0.01525	0.00965	0.04387	0.80543	0.02041	0.02445	0.00416	0.00207	0.00343
25	0.00458	0.00393	0.00393	0.00393	0.00524	0.00327	0.00295	0.00556	0.00884	0.01047	0.03927	0.03731	0.83800	0.00982	0.00458	0.00131	0.00196	0.00818	0.00360	0.00327
26	0.01018	0.00854	0.00903	0.00796	0.01023	0.00980	0.00624	0.12194	0.71146	0.01711	0.01509	0.03268	0.01148	0.00534	0.00396	0.00130	0.00320	0.00442	0.00393	0.00613
27	0.00844	0.18318	0.65199	0.01043	0.03186	0.02645	0.01266	0.01220	0.00819	0.01162	0.00664	0.00781	0.00495	0.00361	0.00345	0.00114	0.00543	0.00272	0.00165	0.00557
28	0.01043	0.51021	0.23626	0.00797	0.01188	0.02255	0.00862	0.05693	0.00879	0.06993	0.00675	0.00744	0.00539	0.00359	0.00300	0.00098	0.00452	0.00250	0.00201	0.02025
29	0.00915	0.01046	0.02288	0.01634	0.02026	0.00980	0.82549	0.01242	0.00915	0.01242	0.00784	0.01046	0.00588	0.00327	0.00458	0.00131	0.00654	0.00458	0.00196	0.00523
30	0.00485	0.00400	0.00427	0.00419	0.00543	0.00345	0.00315	0.00616	0.02100	0.01167	0.21417	0.03515	0.65035	0.00934	0.00457	0.00129	0.00195	0.00787	0.00375	0.00340
31	0.00986	0.00812	0.01361	0.34670	0.32595	0.00869	0.06719	0.04471	0.00909	0.11619	0.00826	0.01039	0.00619	0.00382	0.00391	0.00122	0.00478	0.00359	0.00228	0.00543
32	0.02175	0.02148	0.13540	0.01369	0.34445	0.00698	0.00871	0.00947	0.00835	0.01179	0.05067	0.23746	0.07105	0.00661	0.00436	0.00131	0.02170	0.01736	0.00257	0.00485
33	0.00487	0.00394	0.00433	0.00423	0.00541	0.00340	0.00317	0.00612	0.00952	0.01209	0.29396	0.03465	0.58230	0.00921	0.00458	0.00128	0.00192	0.00781	0.00381	0.00340
34	0.01700	0.00694	0.00917	0.00706	0.01005	0.00624	0.00583	0.07476	0.03440	0.76281	0.01489	0.01296	0.00945	0.00480	0.00390	0.00120	0.00336	0.00388	0.00471	0.00658
35	0.01031	0.84302	0.02009	0.00673	0.00996	0.01525	0.00668	0.01155	0.00783	0.00913	0.00538	0.00628	0.00498	0.00341	0.00276	0.00085	0.02707	0.00211	0.00166	0.00496
36	0.01243	0.39739	0.03273	0.00872	0.02364	0.44550	0.00732	0.01363	0.00950	0.00943	0.00576	0.00671	0.00500	0.00368	0.00305	0.00093	0.00566	0.00233	0.00184	0.00476
37	0.00554	0.00415	0.00623	0.00623	0.00692	0.00485	0.00485	0.00692	0.00623	0.00900	0.01038	0.01523	0.00969	0.02908	0.84839	0.00623	0.01038	0.00415	0.00208	0.00346
38	0.00555	0.00410	0.00597	0.00597	0.00657	0.00471	0.00452	0.00676	0.00615	0.00881	0.01062	0.01654	0.01026	0.13701	0.74123	0.00591	0.00953	0.00435	0.00211	0.00332
39	0.00655	0.00567	0.00895	0.21033	0.20627	0.00602	0.00733	0.00806	0.00780	0.01054	0.01435	0.44478	0.01585	0.00806	0.00458	0.00141	0.01928	0.00732	0.00273	0.00414
40	0.00518	0.00395	0.00475	0.00455	0.00560	0.00353	0.00341	0.00672	0.01024	0.01381	0.56375	0.03182	0.31144	0.00857	0.00458	0.00125	0.00188	0.00741	0.00404	0.00353
41	0.00964	0.00833	0.00877	0.00789	0.01008	0.00964	0.00614	0.02060	0.83257	0.01622	0.01578	0.01446	0.01183	0.00526	0.00394	0.00131	0.00307	0.00438	0.00394	0.00614
42	0.01664	0.00766	0.07460	0.00722	0.01044	0.00596	0.00638	0.01837	0.01087	0.77702	0.01464	0.01280	0.00923	0.00471	0.00388	0.00120	0.00349	0.00382	0.00455	0.00653
43	0.01739	0.00660	0.00900	0.00690	0.00990	0.00570	0.00570	0.01889	0.01110	0.84226	0.01529	0.01320	0.00960	0.00480	0.00390	0.00120	0.00330	0.00390	0.00480	0.00660
44	0.00485	0.00346	0.00464	0.00554	0.00582	0.00326	0.00382	0.00561	0.00755	0.01004	0.02130	0.79391	0.02537	0.01203	0.00498	0.00159	0.00236	0.07710	0.00360	0.00318
45	0.00778	0.02005	0.84367	0.01105	0.01678	0.00900	0.01432	0.01228	0.00818	0.01228	0.00696	0.00818	0.00491	0.00368	0.00368	0.00123	0.00573	0.00286	0.00164	0.00573
46	0.00472	0.00337	0.00450	0.00540	0.00562	0.00315	0.00360	0.00540	0.00742	0.00990	0.02137	0.86122	0.02564	0.01215	0.00495	0.00157	0.00225	0.01102	0.00360	0.00315
47	0.00549	0.00396	0.00518	0.00488	0.00579	0.00366	0.00366	0.00732	0.01097	0.01555	0.83752	0.02896	0.03658	0.00793	0.00457	0.00122	0.00183	0.00701	0.00427	0.00366
48	0.01448	0.01848	0.01099	0.00999	0.01199	0.84819	0.00749	0.01548	0.01099	0.00949	0.00599	0.00699	0.00499	0.00400	0.00350	0.00100	0.00699	0.00250	0.00200	0.00449
49	0.00564	0.00376	0.00423	0.00423	0.00423	0.00376	0.00235	0.00564	0.00564	0.00752	0.01222	0.02537	0.01409	0.86375	0.01973	0.00376	0.00376	0.00564	0.00235	0.00235
50	0.00804	0.00689	0.00804	0.00574	0.00919	0.00517	0.00459	0.00976	0.00804	0.01263	0.00689	0.00804	0.00574	0.00287	0.00287	0.00057	0.00287	0.00230	0.00230	0.88745
51	0.00460	0.00391	0.00397	0.00399	0.00526	0.00328	0.00298	0.00559	0.00884	0.01055	0.05322	0.05985	0.80113	0.00985	0.00459	0.00131	0.00197	0.00824	0.00361	0.00328
52	0.00460	0.00393	0.00396	0.00395	0.00525	0.00328	0.00296	0.00561	0.00889	0.01060	0.05859	0.03711	0.81860	0.00977	0.00458	0.00131	0.00196	0.00815	0.00362	0.00328
53	0.00464	0.00369	0.00417	0.00456	0.00540	0.00322	0.00323	0.00549	0.00822	0.01022	0.03152	0.39428	0.48603	0.01083	0.00474	0.00142	0.00209	0.00941	0.00360	0.00322
54	0.00804	0.00689	0.00804	0.00574	0.00919	0.00517	0.00459	0.00976	0.00804	0.01263	0.00689	0.00804	0.00574	0.00287	0.00287	0.00057	0.00287	0.00230	0.00230	0.88745
55	0.00559	0.00396	0.00523	0.00523	0.00558	0.00430	0.00360	0.00628	0.00594	0.00826	0.01130	0.02027	0.01188	0.44435	0.43612	0.00500	0.00709	0.00489	0.00221	0.00291
56	0.00973	0.00837	0.00881	0.00791	0.01011	0.00968	0.00616	0.03367	0.81937	0.01635	0.01567	0.01438	0.01175	0.00525	0.00394	0.00131	0.00309	0.00437	0.00394	0.00614
57	0.00960	0.00921	0.01574	0.02380	0.83957	0.00921	0.01190	0.01190	0.00883	0.01267	0.00729	0.00960	0.00614	0.00345	0.00384	0.00115	0.00461	0.00345	0.00192	0.00614
58	0.01013	0.00814	0.00875	0.00772	0.01003	0.00915	0.00603	0.01997	0.73454	0.07628	0.01533	0.01407	0.01139	0.00512	0.00389	0.00127	0.00308	0.00425	0.00393	0.04692
59	0.00673	0.00337	0.00505	0.00505	0.00505	0.00337	0.00337	0.00505	0.00505	0.00673	0.00673	0.01178	0.00673	0.01347	0.01515	0.88721	0.00337	0.00337	0.00168	0.00168
60	0.00562	0.00428	0.00640	0.00635	0.00702	0.00505	0.00495	0.00699	0.00622	0.00901	0.01023	0.01503	0.00956	0.02842	0.82393	0.00610	0.03516	0.00413	0.00207	0.00348
61	0.89114	0.00750	0.00570	0.00510	0.00750	0.00870	0.00420	0.01140	0.00660	0.01739	0.00540	0.00630	0.00420	0.00360	0.00240	0.00120	0.00300	0.00210	0.00240	0.00420
62	0.00937	0.00905	0.01567	0.09960	0.72925	0.00918	0.04737	0.01174	0.00874	0.01240	0.00728	0.00970	0.00604	0.00348	0.00387	0.00117	0.00474	0.00350	0.00190	0.00593
63	0.00858	0.00820	0.01413	0.28594	0.47855	0.00869	0.05712	0.01099	0.00863	0.01192	0.05368	0.01137	0.00771	0.00391	0.00395	0.00122	0.00473	0.01334	0.00201	0.00534
64	0.00800	0.00596	0.00651	0.00599	0.00775	0.00615	0.00465	0.01316	0.34316	0.09131	0.06614	0.04338	0.31996	0.00736	0.00425	0.00131	0.00259	0.03238	0.02522	0.00478
65	0.01711	0.00666	0.00899	0.00693	0.00990	0.00584	0.00571	0.01896	0.04109	0.81209	0.01531	0.01324	0.00968	0.00482	0.00390	0.00120	0.00329	0.00392	0.00477	0.00658
66	0.01032	0.84697	0.02013	0.00671	0.00996	0.01526	0.00667	0.01156	0.00783	0.00913	0.00538	0.00627	0.00498	0.00339	0.00272	0.00085	0.02315	0.00210	0.00166	0.00496
67	0.00827	0.14785	0.11999	0.00846	0.04885	0.02534	0.01873	0.01030	0.00874	0.07231	0.01442	0.03910	0.01448	0.00825	0.03521	0.00162	0.00432	0.40640	0.00291	0.00446
68	0.01146	0.00806	0.00893	0.00769	0.01008	0.00888	0.00608	0.08118	0.58481	0.18148	0.03729	0.01421	0.01166	0.00519	0.00395	0.00128	0.00317	0.00429	0.00412	0.00620
69	0.00618	0.00441	0.00617	0.00706	0.00792	0.00440	0.00613	0.00791	0.00886	0.01152	0.02057	0.08135	0.02246	0.01078	0.00534	0.00178	0.00351	0.77655	0.00357	0.00355
70	0.02045	0.09276	0.04275	0.03594	0.65469	0.02113	0.02192	0.01215	0.00878	0.04256	0.00735	0.00930	0.00605	0.00351	0.00369	0.00113	0.00460	0.00330	0.00199	0.00594
71	0.00462	0.00393	0.00399	0.00397	0.00526	0.00329	0.00298	0.00565	0.00894	0.01071	0.07722	0.03691	0.79990	0.00973	0.00458	0.00130	0.00196	0.00813	0.00363	0.00329
72	0.00564	0.00376	0.00423	0.00423	0.00423	0.00376	0.00235	0.00564	0.00564	0.00752	0.01222	0.02537	0.01409	0.86375	0.01973	0.00376	0.00376	0.00564	0.00235	0.00235
