[name]
unknown

[dist]
# distance from previous block
# <min> <max>
54	149

[block]
# block no. 0 follows, 71 sequences, length 22
# corresponding to MSA columns:
# 194-215
name=unknown_A
#
# <colnr> <probs for GDERKNQSTAVLIFYWHMCP>
#	G	D	E	R	K	N	Q	S	T	A	V	L	I	F	Y	W	H	M	C	P
0	0.02261	0.00824	0.09530	0.05160	0.01877	0.02888	0.02510	0.08512	0.16165	0.03505	0.14146	0.05130	0.03841	0.08151	0.01823	0.00148	0.03483	0.00461	0.00304	0.09280
1	0.01475	0.02721	0.05130	0.29775	0.01535	0.03655	0.05015	0.05774	0.10533	0.01962	0.04681	0.20356	0.02534	0.00617	0.00430	0.00132	0.02424	0.00539	0.00269	0.00446
2	0.01210	0.04315	0.02971	0.02305	0.05957	0.08945	0.08082	0.18015	0.09684	0.18655	0.01087	0.03222	0.00848	0.00490	0.00434	0.00121	0.04960	0.04727	0.00321	0.03650
3	0.05982	0.00756	0.00895	0.08984	0.03063	0.01692	0.01810	0.19842	0.08724	0.04657	0.04310	0.06554	0.02861	0.04173	0.00445	0.00120	0.01549	0.01627	0.00301	0.21656
4	0.00845	0.07346	0.10485	0.01911	0.01051	0.07948	0.10706	0.02945	0.04825	0.05462	0.05572	0.06028	0.01059	0.14469	0.12961	0.00233	0.05035	0.00441	0.00245	0.00433
5	0.03625	0.04098	0.10705	0.07576	0.05154	0.03280	0.11343	0.14271	0.08562	0.17031	0.01841	0.03591	0.03202	0.03467	0.00441	0.00130	0.00435	0.00400	0.00302	0.00546
6	0.04433	0.02737	0.01268	0.23517	0.35121	0.04510	0.00962	0.11162	0.03325	0.02818	0.00764	0.00964	0.00604	0.00447	0.02762	0.00129	0.00473	0.00331	0.00223	0.03450
7	0.00915	0.26015	0.26427	0.00920	0.01284	0.06856	0.10773	0.05252	0.05773	0.01167	0.01001	0.04377	0.06770	0.00442	0.00353	0.00112	0.00476	0.00361	0.00215	0.00509
8	0.09326	0.03542	0.00659	0.06622	0.00818	0.00575	0.00458	0.07541	0.03954	0.03862	0.20980	0.08863	0.22839	0.02844	0.05314	0.00159	0.00312	0.00598	0.00335	0.00400
9	0.00854	0.03884	0.00872	0.05424	0.04120	0.12356	0.03311	0.05924	0.02718	0.04420	0.07263	0.06950	0.06055	0.08869	0.01477	0.00164	0.03396	0.21233	0.00296	0.00413
10	0.01008	0.00960	0.01261	0.09772	0.08061	0.15678	0.14816	0.03738	0.00861	0.08780	0.00789	0.01022	0.00640	0.00821	0.13560	0.00203	0.16979	0.00357	0.00221	0.00474
11	0.00635	0.00513	0.00699	0.00786	0.08424	0.02072	0.04041	0.02709	0.08107	0.02173	0.04152	0.58480	0.02059	0.02629	0.00490	0.00149	0.00286	0.00871	0.00335	0.00389
12	0.00806	0.00550	0.00830	0.03807	0.10698	0.00565	0.05159	0.08353	0.03111	0.03416	0.00913	0.10621	0.00877	0.00975	0.00986	0.46101	0.01235	0.00431	0.00227	0.00338
13	0.07668	0.01104	0.01050	0.00843	0.01115	0.13085	0.00682	0.54936	0.06549	0.04399	0.04156	0.00985	0.00769	0.00460	0.00371	0.00114	0.00432	0.00341	0.00351	0.00591
14	0.00487	0.00356	0.00471	0.00539	0.00582	0.00339	0.00381	0.00576	0.00761	0.01011	0.05660	0.62007	0.09318	0.01309	0.08311	0.00196	0.00302	0.06728	0.00345	0.00320
15	0.00493	0.00352	0.00450	0.00513	0.00544	0.00335	0.00345	0.00557	0.00714	0.00944	0.02033	0.58032	0.08192	0.16906	0.03839	0.00211	0.00283	0.04629	0.00328	0.00301
16	0.00859	0.19162	0.53305	0.01089	0.09096	0.01014	0.01171	0.04674	0.00862	0.01217	0.03708	0.00862	0.00620	0.00374	0.00345	0.00112	0.00504	0.00290	0.00184	0.00551
17	0.01495	0.00742	0.00917	0.00720	0.00992	0.00722	0.00588	0.23931	0.03629	0.50522	0.07227	0.04538	0.01124	0.00521	0.00394	0.00120	0.00338	0.00424	0.00439	0.00618
18	0.00698	0.00373	0.00419	0.00422	0.00497	0.00363	0.00299	0.00827	0.00779	0.06044	0.04012	0.17283	0.01413	0.13825	0.00580	0.00148	0.00225	0.00535	0.50912	0.00347
19	0.00629	0.00446	0.00546	0.00560	0.00645	0.00435	0.00402	0.09007	0.03409	0.03802	0.12190	0.53915	0.10518	0.01009	0.00464	0.00143	0.00240	0.00896	0.00372	0.00373
20	0.01037	0.03927	0.12486	0.01089	0.14481	0.07912	0.05123	0.09796	0.04788	0.11695	0.05913	0.01263	0.04994	0.02500	0.01351	0.00131	0.07359	0.00387	0.03243	0.00526
21	0.02804	0.04354	0.09871	0.00935	0.01241	0.01007	0.11041	0.34162	0.11805	0.09172	0.03372	0.03011	0.00830	0.00470	0.00425	0.00122	0.04083	0.00386	0.00326	0.00584

[dist]
# distance from previous block
# <min> <max>
0	1

[block]
# block no. 1 follows, 71 sequences, length 16
# corresponding to MSA columns:
# 217-232
name=unknown_B
#
# <colnr> <probs for GDERKNQSTAVLIFYWHMCP>
#	G	D	E	R	K	N	Q	S	T	A	V	L	I	F	Y	W	H	M	C	P
0	0.01094	0.21602	0.01390	0.01038	0.06904	0.16156	0.07612	0.01179	0.00917	0.01149	0.01004	0.03197	0.00941	0.05604	0.22864	0.00290	0.04237	0.02024	0.00265	0.00531
1	0.00556	0.00402	0.00511	0.00551	0.02905	0.00407	0.00364	0.00636	0.01777	0.00900	0.02963	0.13888	0.08534	0.40809	0.15825	0.00333	0.00447	0.07624	0.00269	0.00298
2	0.02581	0.26320	0.20946	0.00910	0.06351	0.03870	0.02464	0.09494	0.06650	0.04807	0.02435	0.07232	0.00794	0.00445	0.00343	0.00109	0.00430	0.00352	0.00240	0.03226
3	0.00757	0.03326	0.06188	0.69820	0.08654	0.00881	0.03012	0.01019	0.00781	0.01018	0.00683	0.00992	0.00518	0.00376	0.00380	0.00125	0.00510	0.00336	0.00172	0.00452
4	0.06243	0.00694	0.00880	0.00686	0.00972	0.00644	0.00564	0.09272	0.04240	0.66790	0.01481	0.01311	0.03448	0.00484	0.00380	0.00119	0.00329	0.00387	0.00447	0.00628
5	0.02482	0.18723	0.15160	0.03229	0.08103	0.00811	0.06060	0.00920	0.00714	0.00974	0.00901	0.03074	0.00899	0.29960	0.05191	0.00225	0.00470	0.01491	0.00201	0.00411
6	0.01105	0.06102	0.03707	0.03859	0.09366	0.10096	0.11017	0.25667	0.01166	0.05721	0.02971	0.05133	0.04278	0.02360	0.00440	0.00124	0.01875	0.02830	0.00287	0.01898
7	0.00495	0.00399	0.00439	0.00450	0.00556	0.00357	0.00333	0.00631	0.03788	0.01088	0.10931	0.15081	0.53693	0.04941	0.00530	0.00146	0.00218	0.05233	0.00358	0.00333
8	0.00483	0.00345	0.00462	0.00546	0.00577	0.00325	0.00378	0.00564	0.00763	0.01019	0.05900	0.75586	0.02559	0.01170	0.00491	0.00156	0.00231	0.07769	0.00359	0.00317
9	0.02499	0.02858	0.12432	0.08342	0.29713	0.02512	0.09466	0.02908	0.04630	0.07489	0.03577	0.01133	0.02739	0.00413	0.00409	0.00118	0.03006	0.01323	0.00234	0.04200
10	0.06973	0.01078	0.01057	0.00857	0.01122	0.16352	0.04054	0.36664	0.10035	0.13415	0.01022	0.03919	0.00766	0.00470	0.00375	0.00116	0.00440	0.00364	0.00345	0.00577
11	0.00539	0.00370	0.00483	0.00536	0.00591	0.00350	0.00381	0.00625	0.00760	0.04430	0.02172	0.55045	0.12656	0.05027	0.08066	0.00203	0.00311	0.06784	0.00342	0.00329
12	0.00970	0.00677	0.02361	0.05277	0.00970	0.00737	0.00608	0.19319	0.00971	0.13443	0.02851	0.01339	0.00900	0.07527	0.29435	0.00311	0.09393	0.00394	0.02050	0.00466
13	0.05423	0.07650	0.09751	0.01039	0.12983	0.03251	0.04283	0.11098	0.04785	0.03670	0.00888	0.05253	0.00775	0.00559	0.03451	0.00134	0.08897	0.03873	0.00247	0.11990
14	0.00700	0.00583	0.03178	0.00639	0.02787	0.03761	0.00477	0.03336	0.06855	0.06650	0.07122	0.31703	0.21210	0.03441	0.00539	0.00145	0.05392	0.00746	0.00340	0.00396
15	0.01921	0.03639	0.00998	0.02378	0.21628	0.02304	0.01508	0.10020	0.00977	0.05751	0.12132	0.09951	0.01299	0.00545	0.00404	0.00113	0.02468	0.03915	0.05217	0.12832

[dist]
# distance from previous block
# <min> <max>
0	8

[block]
# block no. 2 follows, 71 sequences, length 18
# corresponding to MSA columns:
# 241-258
name=unknown_C
#
# <colnr> <probs for GDERKNQSTAVLIFYWHMCP>
#	G	D	E	R	K	N	Q	S	T	A	V	L	I	F	Y	W	H	M	C	P
0	0.03632	0.07094	0.04215	0.18119	0.07068	0.02306	0.10560	0.04659	0.02880	0.06910	0.00901	0.02313	0.03666	0.00400	0.00384	0.00107	0.03084	0.00344	0.00234	0.21124
1	0.00951	0.13056	0.14393	0.04093	0.07236	0.04335	0.04871	0.07266	0.05825	0.06962	0.00898	0.02224	0.01903	0.03752	0.07262	0.00160	0.04813	0.00342	0.00238	0.09420
2	0.03354	0.05147	0.20480	0.07196	0.01187	0.03801	0.03212	0.10358	0.04684	0.02462	0.00936	0.05445	0.00829	0.09420	0.16373	0.00238	0.02572	0.00393	0.00233	0.01681
3	0.00546	0.00383	0.00441	0.00452	0.00477	0.00380	0.00278	0.00604	0.03262	0.00841	0.01607	0.16271	0.09132	0.59238	0.04227	0.00314	0.00350	0.00659	0.00268	0.00269
4	0.00762	0.03350	0.00732	0.05485	0.00875	0.04129	0.02643	0.03673	0.13005	0.07235	0.07098	0.09380	0.31375	0.02247	0.00469	0.00134	0.01787	0.04857	0.00341	0.00424
5	0.00876	0.34635	0.07037	0.02857	0.04199	0.06275	0.06007	0.02485	0.04697	0.01050	0.02992	0.12290	0.03161	0.05550	0.01510	0.00131	0.00420	0.01957	0.00229	0.01644
6	0.07948	0.31457	0.02663	0.00606	0.00840	0.02735	0.00529	0.05859	0.01944	0.13815	0.03266	0.04324	0.06088	0.09043	0.00479	0.00130	0.00349	0.00375	0.07084	0.00465
7	0.04653	0.00456	0.00588	0.02750	0.00711	0.00469	0.00439	0.02786	0.00810	0.08553	0.12119	0.09754	0.13169	0.05824	0.30272	0.00313	0.00532	0.03058	0.02367	0.00375
8	0.01250	0.01462	0.00972	0.05741	0.01145	0.61755	0.00680	0.02824	0.01029	0.03195	0.03217	0.06090	0.00779	0.03209	0.00409	0.00114	0.00587	0.00338	0.04776	0.00431
9	0.02755	0.03255	0.17607	0.08247	0.25103	0.04063	0.07213	0.05026	0.00879	0.01215	0.00991	0.06692	0.02020	0.02456	0.02707	0.00145	0.00484	0.08417	0.00223	0.00503
10	0.00594	0.00435	0.00597	0.00588	0.00653	0.00487	0.00438	0.05094	0.00676	0.00949	0.01118	0.06533	0.01116	0.18767	0.59576	0.00516	0.00822	0.00475	0.00229	0.00336
11	0.00547	0.00361	0.00463	0.00517	0.00563	0.00333	0.00350	0.00614	0.00751	0.05749	0.02155	0.65438	0.09930	0.09547	0.00624	0.00172	0.00240	0.00971	0.00351	0.00324
12	0.00960	0.03627	0.18306	0.02317	0.12233	0.09186	0.12045	0.04792	0.05546	0.08324	0.01049	0.10302	0.00929	0.02592	0.00458	0.01799	0.00472	0.04300	0.00255	0.00509
13	0.02386	0.02882	0.02652	0.09940	0.18981	0.03800	0.00784	0.12640	0.07907	0.21795	0.02783	0.03868	0.00902	0.01950	0.01648	0.00132	0.01589	0.02485	0.00316	0.00560
14	0.00574	0.00390	0.00506	0.02101	0.00581	0.01276	0.00359	0.00600	0.00650	0.00872	0.05669	0.11750	0.09952	0.20964	0.19547	0.21427	0.00464	0.00557	0.01487	0.00274
15	0.08333	0.00703	0.02791	0.00643	0.00867	0.00685	0.00527	0.21632	0.04105	0.22622	0.07407	0.08708	0.11528	0.00603	0.00386	0.00121	0.00306	0.00492	0.07022	0.00517
16	0.00945	0.05204	0.22220	0.06476	0.21034	0.05518	0.10355	0.04351	0.01841	0.06676	0.00898	0.04929	0.01958	0.00434	0.00405	0.00120	0.02532	0.01783	0.00223	0.02098
17	0.02649	0.16584	0.14409	0.02708	0.04286	0.07479	0.04217	0.11394	0.08243	0.06078	0.05246	0.05175	0.02093	0.04100	0.00449	0.00127	0.02125	0.01862	0.00266	0.00510

[dist]
# distance from previous block
# <min> <max>
18	44

[block]
# block no. 3 follows, 71 sequences, length 19
# corresponding to MSA columns:
# 307-325
name=unknown_D
#
# <colnr> <probs for GDERKNQSTAVLIFYWHMCP>
#	G	D	E	R	K	N	Q	S	T	A	V	L	I	F	Y	W	H	M	C	P
0	0.00650	0.00528	0.02896	0.00535	0.00632	0.04085	0.02107	0.02101	0.03040	0.03424	0.19653	0.10089	0.12156	0.27976	0.03472	0.00217	0.00326	0.00617	0.05152	0.00343
1	0.00834	0.04873	0.10250	0.06280	0.18959	0.03823	0.07970	0.04863	0.06342	0.01206	0.05084	0.04583	0.05025	0.06720	0.03978	0.00160	0.03783	0.02380	0.00241	0.02647
2	0.00777	0.00639	0.00760	0.03227	0.02712	0.02874	0.00504	0.05364	0.06352	0.02540	0.01024	0.10783	0.00962	0.05838	0.16834	0.00208	0.00457	0.00409	0.00258	0.37479
3	0.01276	0.23436	0.06295	0.00892	0.01156	0.47498	0.00754	0.09576	0.03757	0.01115	0.00648	0.00726	0.00531	0.00387	0.00327	0.00098	0.00572	0.00254	0.00212	0.00490
4	0.04324	0.32161	0.05377	0.00726	0.01035	0.03515	0.02381	0.11392	0.07161	0.13749	0.04466	0.00955	0.00774	0.00400	0.00321	0.00099	0.00384	0.00300	0.00277	0.10201
5	0.00787	0.00739	0.01232	0.47085	0.25493	0.00819	0.03751	0.01036	0.02002	0.01115	0.04503	0.03221	0.00745	0.00404	0.00385	0.00120	0.00462	0.00374	0.00199	0.05528
6	0.00891	0.00721	0.00777	0.00704	0.00898	0.00798	0.00548	0.07381	0.53621	0.04037	0.03925	0.06698	0.13350	0.00644	0.00411	0.00131	0.00291	0.03251	0.00385	0.00539
7	0.00697	0.01976	0.08275	0.03287	0.07377	0.00551	0.03809	0.00860	0.00769	0.07587	0.05161	0.16653	0.07611	0.05272	0.28007	0.00299	0.00572	0.00559	0.00269	0.00408
8	0.01696	0.00691	0.00914	0.00701	0.00998	0.00621	0.00579	0.09295	0.01162	0.76881	0.01458	0.01270	0.00922	0.00473	0.00385	0.00118	0.00335	0.00382	0.00466	0.00652
9	0.00502	0.00397	0.00452	0.00454	0.00553	0.00361	0.00339	0.00587	0.00847	0.01061	0.12903	0.09886	0.54915	0.00990	0.00574	0.07584	0.03091	0.03843	0.00342	0.00318
10	0.00512	0.00382	0.00513	0.03065	0.02142	0.00372	0.00417	0.00608	0.00761	0.01006	0.04487	0.50240	0.11175	0.05935	0.07169	0.00200	0.00317	0.10043	0.00331	0.00326
11	0.00482	0.00371	0.00443	0.00484	0.00558	0.00336	0.00344	0.00593	0.02390	0.01069	0.10582	0.44070	0.32830	0.01060	0.00471	0.00143	0.00213	0.02872	0.00363	0.00327
12	0.05908	0.00937	0.07630	0.14543	0.15351	0.06147	0.00878	0.04561	0.05715	0.09394	0.00785	0.00971	0.00619	0.00539	0.02274	0.03041	0.19643	0.00333	0.00230	0.00499
13	0.00994	0.00866	0.01233	0.01380	0.28940	0.07972	0.08954	0.04354	0.02912	0.10492	0.01051	0.08284	0.03517	0.02041	0.05219	0.00157	0.10430	0.00436	0.00254	0.00515
14	0.01123	0.00617	0.00796	0.00704	0.03140	0.00601	0.01872	0.12774	0.03963	0.31327	0.04991	0.11444	0.08541	0.00839	0.07700	0.00168	0.00373	0.04066	0.04446	0.00514
15	0.00571	0.00396	0.00488	0.00517	0.00586	0.00379	0.00371	0.03321	0.00813	0.03171	0.07196	0.38183	0.16004	0.11033	0.04260	0.00190	0.00285	0.07453	0.04447	0.00334
16	0.02405	0.13495	0.05962	0.07108	0.09350	0.08502	0.05889	0.16327	0.08539	0.03196	0.10760	0.03132	0.01039	0.00463	0.00370	0.00113	0.00424	0.00384	0.02021	0.00520
17	0.00958	0.06343	0.09573	0.03616	0.14916	0.07822	0.00785	0.11924	0.07379	0.04894	0.03935	0.08222	0.02276	0.04060	0.04779	0.00158	0.05180	0.02408	0.00268	0.00503
18	0.11116	0.09783	0.16532	0.01798	0.02688	0.12762	0.01936	0.15119	0.05496	0.07413	0.02839	0.02519	0.00725	0.00432	0.00359	0.00112	0.01745	0.01359	0.01062	0.04205

[dist]
# distance from previous block
# <min> <max>
10	24

[block]
# block no. 4 follows, 71 sequences, length 20
# corresponding to MSA columns:
# 353-372
name=unknown_E
#
# <colnr> <probs for GDERKNQSTAVLIFYWHMCP>
#	G	D	E	R	K	N	Q	S	T	A	V	L	I	F	Y	W	H	M	C	P
0	0.07292	0.06415	0.05263	0.09630	0.11905	0.01941	0.06390	0.08141	0.03151	0.06309	0.11680	0.05871	0.07310	0.00536	0.00419	0.00121	0.03686	0.01181	0.00280	0.02480
1	0.08806	0.03854	0.05726	0.06384	0.09460	0.17595	0.05802	0.07228	0.04387	0.03596	0.02899	0.05158	0.08438	0.03696	0.02425	0.00140	0.03275	0.00409	0.00252	0.00468
2	0.20059	0.02548	0.03081	0.09608	0.08776	0.03861	0.05417	0.12947	0.10223	0.04357	0.01896	0.07702	0.00884	0.01331	0.00399	0.00128	0.02046	0.03960	0.00280	0.00497
3	0.00731	0.00565	0.00678	0.05827	0.02903	0.02766	0.01682	0.05127	0.08121	0.06638	0.10295	0.15240	0.25237	0.04071	0.02331	0.00148	0.01612	0.01915	0.01086	0.03028
4	0.01941	0.00928	0.04656	0.30244	0.21539	0.05778	0.03963	0.12274	0.07989	0.03763	0.01782	0.01052	0.01586	0.00406	0.00383	0.00121	0.00471	0.00355	0.00239	0.00530
5	0.05288	0.17532	0.08848	0.02234	0.15729	0.05226	0.07069	0.21252	0.01079	0.03784	0.00853	0.04890	0.00724	0.00442	0.00361	0.00114	0.00450	0.03325	0.00254	0.00544
6	0.00508	0.00404	0.00459	0.00460	0.00567	0.00365	0.00342	0.00673	0.04859	0.01201	0.26458	0.14713	0.44195	0.00929	0.00456	0.00131	0.00203	0.02352	0.00377	0.00347
7	0.00581	0.00372	0.00481	0.00523	0.00568	0.00354	0.00360	0.00658	0.00751	0.05796	0.06706	0.50470	0.02180	0.17590	0.02543	0.00202	0.00278	0.05819	0.03444	0.00324
8	0.05806	0.04171	0.07232	0.16333	0.17308	0.07375	0.08473	0.20443	0.03380	0.02797	0.00780	0.00935	0.00595	0.00443	0.02185	0.00128	0.00497	0.00334	0.00243	0.00542
9	0.01047	0.06129	0.04881	0.00882	0.01031	0.31138	0.00722	0.04189	0.06259	0.01041	0.00732	0.00977	0.00647	0.05485	0.07603	0.00177	0.23717	0.00320	0.02581	0.00442
10	0.00630	0.00500	0.00549	0.00528	0.00649	0.03987	0.00403	0.03745	0.03782	0.03206	0.32721	0.11568	0.27051	0.00849	0.00448	0.00129	0.00241	0.06554	0.00376	0.02084
11	0.00972	0.58919	0.08853	0.00770	0.02419	0.02819	0.04470	0.01207	0.06855	0.01040	0.03039	0.00792	0.00641	0.00357	0.00288	0.00092	0.00418	0.00258	0.00194	0.05596
12	0.00584	0.03668	0.02967	0.00506	0.00631	0.03507	0.00398	0.02313	0.00974	0.01281	0.40591	0.09279	0.27934	0.03090	0.00480	0.00130	0.00236	0.00703	0.00366	0.00362
13	0.00537	0.09166	0.00599	0.00496	0.00583	0.00456	0.00363	0.00621	0.00770	0.00984	0.06053	0.37147	0.25281	0.09540	0.05465	0.00187	0.00293	0.00810	0.00319	0.00330
14	0.49922	0.00809	0.00735	0.03454	0.00928	0.02407	0.00523	0.08985	0.22097	0.01696	0.00847	0.00881	0.00643	0.00406	0.00299	0.00118	0.00324	0.00285	0.00287	0.04354
15	0.00635	0.00418	0.00510	0.00491	0.00603	0.00375	0.00362	0.00772	0.02340	0.09680	0.28641	0.20519	0.25407	0.04859	0.00518	0.00141	0.00222	0.00757	0.00381	0.02368
16	0.00968	0.20610	0.15933	0.02563	0.04255	0.06832	0.10458	0.07260	0.00945	0.07320	0.07070	0.03774	0.05678	0.02931	0.00410	0.00119	0.00446	0.00390	0.00248	0.01790
17	0.08474	0.28786	0.06269	0.04821	0.01292	0.26075	0.02113	0.07380	0.02508	0.02517	0.02015	0.01040	0.00754	0.00510	0.00409	0.00136	0.01822	0.00327	0.02170	0.00581
18	0.00590	0.00486	0.05360	0.00578	0.00675	0.00421	0.00457	0.00729	0.02371	0.04894	0.06041	0.34037	0.09691	0.06589	0.19766	0.00265	0.00441	0.04400	0.01851	0.00356
19	0.00922	0.03961	0.03919	0.12120	0.15876	0.05995	0.02226	0.05617	0.08774	0.08260	0.01141	0.07853	0.03174	0.02519	0.08553	0.00173	0.00472	0.03634	0.00268	0.04544

[dist]
# distance from previous block
# <min> <max>
8	29

[block]
# block no. 5 follows, 71 sequences, length 19
# corresponding to MSA columns:
# 403-421
name=unknown_F
#
# <colnr> <probs for GDERKNQSTAVLIFYWHMCP>
#	G	D	E	R	K	N	Q	S	T	A	V	L	I	F	Y	W	H	M	C	P
0	0.02402	0.03967	0.13768	0.03216	0.03181	0.00611	0.05763	0.03451	0.02302	0.07967	0.14168	0.20243	0.06207	0.04852	0.00485	0.00136	0.00344	0.00586	0.00304	0.06046
1	0.03514	0.06109	0.11316	0.04772	0.06235	0.11597	0.02088	0.21404	0.11079	0.03614	0.02094	0.01110	0.00766	0.00581	0.04747	0.00144	0.03715	0.03130	0.01449	0.00536
2	0.00891	0.28524	0.20128	0.00805	0.01095	0.01014	0.04701	0.06297	0.00839	0.03224	0.03755	0.04459	0.00796	0.04144	0.02906	0.01853	0.08296	0.00346	0.05452	0.00476
3	0.00489	0.00371	0.00444	0.00470	0.00546	0.00334	0.00335	0.00592	0.00859	0.01120	0.21702	0.31554	0.31072	0.05541	0.00547	0.00150	0.00214	0.02971	0.00365	0.00324
4	0.03149	0.03760	0.00899	0.02803	0.04757	0.00621	0.00529	0.05438	0.00863	0.05333	0.00727	0.00828	0.00585	0.00311	0.00299	0.00070	0.00312	0.00248	0.00242	0.68226
5	0.05369	0.04791	0.15262	0.08229	0.10295	0.04086	0.06165	0.07616	0.10634	0.11114	0.05028	0.01186	0.03877	0.00456	0.00394	0.01698	0.00426	0.00370	0.00275	0.02729
6	0.01022	0.24125	0.26131	0.04522	0.01251	0.05124	0.00878	0.08899	0.03761	0.10334	0.05244	0.02495	0.01967	0.00435	0.00364	0.00111	0.02228	0.00330	0.00247	0.00532
7	0.00551	0.02774	0.00558	0.00538	0.00620	0.00433	0.00397	0.00702	0.04553	0.01061	0.12533	0.27009	0.13740	0.08260	0.18670	0.00259	0.00413	0.04268	0.00316	0.02344
8	0.02642	0.00775	0.02874	0.32316	0.22553	0.00831	0.08198	0.03171	0.01685	0.02109	0.04017	0.02467	0.03975	0.00468	0.00447	0.00128	0.05283	0.04189	0.01390	0.00480
9	0.00969	0.08797	0.17973	0.00933	0.04411	0.03032	0.08897	0.11857	0.03758	0.05721	0.02305	0.03344	0.00710	0.00441	0.01609	0.00112	0.03563	0.00334	0.00247	0.20988
10	0.00539	0.06048	0.00566	0.00521	0.00595	0.00426	0.00378	0.02199	0.00801	0.01044	0.08268	0.48121	0.16737	0.06075	0.02462	0.00167	0.00263	0.04118	0.00338	0.00334
11	0.02313	0.00386	0.00475	0.00488	0.00547	0.00376	0.00342	0.00625	0.00778	0.01064	0.20761	0.19292	0.13454	0.23057	0.11402	0.00257	0.00353	0.03398	0.00318	0.00312
12	0.02637	0.15095	0.19080	0.03048	0.08955	0.05777	0.07931	0.03675	0.03622	0.03803	0.04573	0.03960	0.04432	0.00495	0.00447	0.00122	0.07596	0.04024	0.00231	0.00498
13	0.02589	0.06757	0.14986	0.04258	0.06852	0.09037	0.09637	0.11375	0.02292	0.11541	0.02583	0.07506	0.04124	0.01666	0.01419	0.00129	0.02044	0.00415	0.00271	0.00519
14	0.02393	0.03380	0.08476	0.01733	0.05773	0.08269	0.02183	0.08416	0.06642	0.06579	0.07898	0.13159	0.10761	0.02206	0.05697	0.00159	0.02219	0.01907	0.00302	0.01847
15	0.05662	0.07898	0.07662	0.11414	0.09319	0.09783	0.04344	0.06056	0.07929	0.07198	0.02313	0.06861	0.03046	0.00556	0.02307	0.00132	0.01915	0.03583	0.00261	0.01762
16	0.07922	0.09574	0.09680	0.04057	0.05503	0.05145	0.05777	0.12653	0.04526	0.03222	0.06524	0.09380	0.05466	0.00554	0.00392	0.00120	0.01565	0.04224	0.00279	0.03438
17	0.03296	0.10229	0.10852	0.03513	0.06939	0.05243	0.05015	0.12504	0.09034	0.03399	0.05756	0.07183	0.03036	0.00552	0.02598	0.00127	0.01835	0.00405	0.00271	0.08213
18	0.03593	0.09215	0.11771	0.02939	0.06885	0.05515	0.09776	0.08213	0.08574	0.05693	0.01007	0.10515	0.00889	0.01896	0.00416	0.00121	0.01986	0.01897	0.00261	0.08838

[dist]
# distance from previous block
# <min> <max>
22	198

[block]
# block no. 6 follows, 71 sequences, length 22
# corresponding to MSA columns:
# 622-643
name=unknown_G
#
# <colnr> <probs for GDERKNQSTAVLIFYWHMCP>
#	G	D	E	R	K	N	Q	S	T	A	V	L	I	F	Y	W	H	M	C	P
0	0.10205	0.06182	0.00944	0.00675	0.00964	0.02340	0.00558	0.18270	0.01116	0.30421	0.05874	0.01089	0.00875	0.00428	0.00344	0.00103	0.00338	0.00331	0.00353	0.18591
1	0.00558	0.00526	0.06916	0.00523	0.00660	0.00414	0.00438	0.00773	0.03486	0.01435	0.62402	0.02796	0.16077	0.00774	0.00444	0.00122	0.00216	0.00673	0.00391	0.00379
2	0.05620	0.38861	0.12307	0.00799	0.02039	0.02141	0.03192	0.17052	0.01014	0.09669	0.00788	0.03549	0.00634	0.00403	0.00318	0.00103	0.00423	0.00299	0.00249	0.00541
3	0.15152	0.00859	0.00891	0.00746	0.00990	0.00962	0.00599	0.29858	0.32881	0.04677	0.07459	0.01230	0.01050	0.00492	0.00368	0.00122	0.00335	0.00385	0.00369	0.00575
4	0.00722	0.00647	0.02803	0.00676	0.05553	0.08968	0.00465	0.00848	0.03468	0.03678	0.16492	0.06019	0.11214	0.30437	0.01002	0.00211	0.05589	0.00562	0.00288	0.00359
5	0.60406	0.00938	0.00700	0.00630	0.00857	0.15054	0.00501	0.01340	0.13882	0.01570	0.00707	0.00763	0.00549	0.00389	0.00280	0.00117	0.00364	0.00250	0.00255	0.00451
6	0.00518	0.00378	0.00502	0.00577	0.00635	0.00362	0.00439	0.00627	0.00793	0.01036	0.02234	0.46991	0.11301	0.01202	0.04133	0.00179	0.00296	0.27120	0.00349	0.00328
7	0.00908	0.05114	0.07748	0.14101	0.45486	0.00929	0.03208	0.03862	0.09989	0.01262	0.00892	0.01064	0.02965	0.00389	0.00378	0.00118	0.00450	0.00357	0.00217	0.00563
8	0.00796	0.00518	0.00604	0.00548	0.00673	0.02640	0.00406	0.02809	0.08511	0.14025	0.29720	0.05141	0.10234	0.17155	0.04355	0.00192	0.00308	0.00590	0.00366	0.00407
9	0.00489	0.00378	0.00446	0.00453	0.00546	0.00335	0.00331	0.00611	0.00924	0.01211	0.33295	0.20479	0.37225	0.00949	0.00460	0.00132	0.00195	0.00824	0.00381	0.00335
10	0.00785	0.00882	0.10451	0.55684	0.22693	0.00871	0.01131	0.01054	0.00798	0.01073	0.00692	0.00981	0.00532	0.00371	0.00380	0.00124	0.00503	0.00335	0.00174	0.00486
11	0.00950	0.14571	0.01290	0.04841	0.03040	0.07587	0.00801	0.07271	0.00770	0.01048	0.00632	0.00870	0.02292	0.00565	0.00883	0.00141	0.51488	0.00319	0.00191	0.00453
12	0.01148	0.14473	0.01089	0.00757	0.01004	0.00986	0.00629	0.26857	0.23139	0.11117	0.01269	0.07813	0.01055	0.00557	0.00382	0.00122	0.00357	0.06321	0.00356	0.00567
13	0.00479	0.00343	0.00456	0.00526	0.00559	0.00319	0.00357	0.00564	0.00790	0.01068	0.15116	0.73019	0.02708	0.01135	0.00483	0.00150	0.00216	0.01027	0.00366	0.00319
14	0.04436	0.00572	0.03405	0.00945	0.16751	0.00534	0.02907	0.00828	0.05905	0.01121	0.01710	0.47967	0.05029	0.02488	0.00474	0.00146	0.00305	0.03766	0.00308	0.00406
15	0.61956	0.00902	0.00810	0.00678	0.00931	0.10157	0.06763	0.06933	0.00824	0.06098	0.00639	0.00719	0.00482	0.00371	0.00284	0.00117	0.00377	0.00250	0.00253	0.00456
16	0.00483	0.00348	0.00460	0.00534	0.00570	0.00325	0.00369	0.00570	0.00785	0.01051	0.11137	0.70339	0.04825	0.01141	0.00487	0.00152	0.00224	0.05516	0.00363	0.00320
17	0.03146	0.08412	0.12890	0.02353	0.15605	0.01760	0.10720	0.16048	0.05411	0.11679	0.05082	0.03440	0.00855	0.00436	0.00380	0.00117	0.00439	0.00380	0.00282	0.00565
18	0.10980	0.09515	0.03141	0.00628	0.00816	0.03015	0.01786	0.08891	0.01641	0.07924	0.01482	0.32305	0.06643	0.01864	0.00408	0.00127	0.00313	0.00612	0.00311	0.07597
19	0.06604	0.16569	0.04831	0.00957	0.06726	0.10990	0.03770	0.30478	0.10408	0.01625	0.00821	0.00877	0.00632	0.00417	0.00370	0.00111	0.02664	0.00311	0.00279	0.00562
20	0.03721	0.06979	0.14805	0.00929	0.06839	0.14009	0.05928	0.06698	0.03681	0.02429	0.10764	0.03027	0.02210	0.02997	0.05488	0.00147	0.00481	0.00379	0.00249	0.08239
21	0.02345	0.08549	0.14889	0.11272	0.04298	0.29193	0.05358	0.07110	0.05991	0.04424	0.00747	0.00858	0.00574	0.00389	0.00356	0.00110	0.00544	0.00298	0.00222	0.02473

[dist]
# distance from previous block
# <min> <max>
15	46

[block]
# block no. 7 follows, 71 sequences, length 13
# corresponding to MSA columns:
# 698-710
name=unknown_H
#
# <colnr> <probs for GDERKNQSTAVLIFYWHMCP>
#	G	D	E	R	K	N	Q	S	T	A	V	L	I	F	Y	W	H	M	C	P
0	0.18400	0.10622	0.08053	0.03392	0.16622	0.09074	0.03668	0.07649	0.11796	0.03505	0.00795	0.00891	0.00621	0.00422	0.01335	0.00120	0.01961	0.00304	0.00243	0.00528
1	0.03403	0.09449	0.02428	0.03621	0.23631	0.08132	0.02848	0.08729	0.15373	0.01296	0.00925	0.02110	0.00785	0.07496	0.05766	0.00165	0.00467	0.00362	0.00248	0.02767
2	0.00613	0.00475	0.00615	0.06034	0.03396	0.00487	0.00471	0.00757	0.04302	0.03951	0.09084	0.19537	0.28756	0.02823	0.02754	0.04510	0.06866	0.03888	0.00319	0.00363
3	0.07965	0.36405	0.01454	0.00880	0.05129	0.32899	0.00708	0.03370	0.00904	0.01036	0.00573	0.00682	0.00497	0.00381	0.00355	0.00099	0.05760	0.00239	0.00189	0.00473
4	0.00555	0.00393	0.00492	0.00498	0.00521	0.00412	0.00329	0.00609	0.00644	0.00890	0.07674	0.16682	0.01647	0.46774	0.14379	0.00338	0.04112	0.00623	0.02145	0.00284
5	0.00595	0.00522	0.05686	0.00544	0.00585	0.00495	0.00396	0.00646	0.00590	0.00815	0.01131	0.06257	0.01264	0.61103	0.08483	0.00344	0.09502	0.00531	0.00225	0.00286
6	0.08845	0.05769	0.53157	0.01061	0.05236	0.04218	0.04620	0.03599	0.00854	0.06513	0.00723	0.00830	0.00524	0.00376	0.00370	0.00119	0.02148	0.00290	0.00199	0.00549
7	0.00520	0.00429	0.00556	0.00534	0.00651	0.00385	0.05415	0.00642	0.00866	0.01091	0.11308	0.12270	0.45919	0.05883	0.00554	0.00152	0.00256	0.11889	0.00345	0.00337
8	0.00734	0.00595	0.00791	0.03771	0.08824	0.03040	0.00583	0.10675	0.00803	0.01105	0.01028	0.06636	0.00986	0.10899	0.44362	0.00406	0.03683	0.00444	0.00235	0.00400
9	0.01049	0.01000	0.01396	0.09919	0.38467	0.09888	0.09372	0.14775	0.04192	0.01404	0.00796	0.00971	0.00628	0.00380	0.00380	0.00115	0.00483	0.00348	0.03878	0.00560
10	0.01098	0.00961	0.01065	0.05682	0.13266	0.13008	0.03736	0.25834	0.09797	0.03202	0.01075	0.11638	0.00930	0.00522	0.00386	0.00119	0.00423	0.00438	0.06289	0.00531
11	0.00465	0.00342	0.00436	0.00512	0.00550	0.00313	0.00346	0.00536	0.00755	0.00987	0.02379	0.73872	0.14767	0.01167	0.00484	0.00152	0.00218	0.01048	0.00356	0.00313
12	0.00970	0.01005	0.11407	0.01385	0.29118	0.00839	0.08909	0.11500	0.03928	0.03797	0.00790	0.00925	0.00616	0.00353	0.00362	0.00103	0.00431	0.00321	0.00236	0.23004

[dist]
# distance from previous block
# <min> <max>
0	3

[block]
# block no. 8 follows, 71 sequences, length 44
# corresponding to MSA columns:
# 714-757
name=unknown_I
#
# <colnr> <probs for GDERKNQSTAVLIFYWHMCP>
#	G	D	E	R	K	N	Q	S	T	A	V	L	I	F	Y	W	H	M	C	P
0	0.02624	0.16555	0.18245	0.00896	0.07868	0.04629	0.02749	0.04268	0.03544	0.03683	0.02986	0.06787	0.00805	0.01918	0.02257	0.00117	0.00424	0.00347	0.00230	0.19068
1	0.00854	0.07759	0.54195	0.01135	0.06594	0.00908	0.09162	0.01975	0.00841	0.05444	0.02134	0.03913	0.00652	0.00406	0.00392	0.00121	0.02429	0.00340	0.00196	0.00548
2	0.00896	0.14121	0.24585	0.01107	0.02507	0.03654	0.27226	0.01168	0.00852	0.06292	0.00951	0.10454	0.02183	0.00462	0.00405	0.00122	0.01861	0.00431	0.00218	0.00507
3	0.00843	0.00829	0.01476	0.41284	0.20311	0.00922	0.18334	0.03651	0.00840	0.01134	0.00706	0.00993	0.00551	0.00383	0.00455	0.00127	0.06119	0.00364	0.00186	0.00492
4	0.01012	0.11295	0.30315	0.05329	0.03848	0.04407	0.07953	0.04502	0.04475	0.14310	0.01676	0.01065	0.04202	0.00416	0.00375	0.00115	0.01283	0.00342	0.00248	0.02832
5	0.00988	0.06701	0.03498	0.11512	0.27712	0.00813	0.09736	0.02691	0.02279	0.14662	0.02657	0.08041	0.02197	0.00465	0.00389	0.00119	0.00423	0.01283	0.00262	0.03570
6	0.00554	0.00372	0.00428	0.00432	0.00436	0.00375	0.00248	0.00563	0.00566	0.00758	0.01231	0.05339	0.01413	0.79631	0.05837	0.00376	0.00398	0.00569	0.00235	0.00240
7	0.01069	0.28698	0.28901	0.02558	0.01293	0.15460	0.00931	0.11017	0.01609	0.03207	0.00683	0.00768	0.00531	0.00375	0.00326	0.00104	0.00508	0.00265	0.01168	0.00530
8	0.01026	0.06848	0.23596	0.04644	0.10974	0.10839	0.07183	0.12437	0.06935	0.04814	0.00914	0.03141	0.02613	0.00430	0.00390	0.00118	0.01957	0.00353	0.00242	0.00546
9	0.02159	0.00503	0.00642	0.03320	0.00777	0.00466	0.00446	0.01833	0.02381	0.30264	0.11438	0.12728	0.16192	0.10277	0.02580	0.00167	0.00301	0.02700	0.00381	0.00445
10	0.00479	0.00339	0.00441	0.00517	0.00538	0.00319	0.00339	0.00537	0.00714	0.00950	0.02026	0.74184	0.03716	0.12143	0.00676	0.00183	0.00241	0.01017	0.00340	0.00301
11	0.00962	0.38947	0.35572	0.00881	0.01279	0.08934	0.00981	0.01213	0.00817	0.02465	0.00617	0.00723	0.00498	0.00367	0.00352	0.00104	0.04349	0.00250	0.00172	0.00518
12	0.00975	0.06982	0.21408	0.00883	0.01194	0.04637	0.06909	0.20282	0.06296	0.04471	0.05035	0.07359	0.05576	0.00599	0.02747	0.00136	0.01389	0.02314	0.00286	0.00524
13	0.00534	0.00386	0.00460	0.00467	0.00500	0.00388	0.00304	0.00580	0.00654	0.00864	0.03828	0.14619	0.14786	0.47794	0.09567	0.00314	0.02750	0.00657	0.00270	0.00278
14	0.01435	0.01733	0.01095	0.00975	0.01186	0.74509	0.00739	0.11698	0.01176	0.01123	0.00634	0.00720	0.00514	0.00403	0.00350	0.00101	0.00658	0.00259	0.00221	0.00470
15	0.00761	0.00985	0.20268	0.04795	0.03183	0.00742	0.20543	0.04061	0.02350	0.02691	0.04534	0.17094	0.05512	0.01826	0.02112	0.00955	0.04735	0.02141	0.00251	0.00462
16	0.01566	0.21172	0.25222	0.16931	0.05514	0.02611	0.04468	0.05012	0.01996	0.05295	0.01912	0.01052	0.02048	0.00409	0.00354	0.00115	0.00477	0.03122	0.00210	0.00514
17	0.00724	0.00681	0.01150	0.85604	0.02641	0.00852	0.01065	0.00980	0.00767	0.00980	0.00681	0.01022	0.00511	0.00383	0.00383	0.00128	0.00511	0.00341	0.00170	0.00426
18	0.00884	0.01183	0.15116	0.01534	0.01950	0.00957	0.70036	0.01226	0.00890	0.01226	0.00762	0.00999	0.00567	0.00330	0.00439	0.00128	0.00634	0.00426	0.00189	0.00525
19	0.00742	0.00738	0.04827	0.30478	0.13191	0.02188	0.05900	0.03369	0.01866	0.01101	0.01157	0.21078	0.03891	0.00607	0.00460	0.00133	0.05268	0.00537	0.02028	0.00441
20	0.01019	0.08651	0.15499	0.02114	0.03365	0.04146	0.17080	0.04249	0.02674	0.18279	0.06301	0.06766	0.06029	0.00509	0.00398	0.00121	0.00439	0.01552	0.00290	0.00519
21	0.00473	0.00354	0.00441	0.00504	0.00558	0.00322	0.00352	0.00556	0.00786	0.01016	0.04639	0.58972	0.23455	0.01125	0.00481	0.00149	0.00220	0.04921	0.00357	0.00318
22	0.00769	0.01983	0.84538	0.01093	0.01659	0.00890	0.01417	0.01214	0.00810	0.01214	0.00688	0.00810	0.00486	0.00364	0.00364	0.00121	0.00567	0.00283	0.00162	0.00567
23	0.01089	0.01006	0.00916	0.02017	0.05693	0.22970	0.00636	0.17219	0.10902	0.05822	0.05748	0.08385	0.07404	0.03696	0.00469	0.00130	0.02003	0.03093	0.00314	0.00489
24	0.00957	0.00789	0.01161	0.48163	0.09410	0.04092	0.03888	0.07523	0.06749	0.10462	0.00886	0.02738	0.00668	0.00420	0.00387	0.00124	0.00470	0.00368	0.00244	0.00499
25	0.25175	0.00730	0.00776	0.00645	0.00883	0.00771	0.00529	0.20896	0.03949	0.22455	0.03396	0.01285	0.00900	0.00484	0.00343	0.00119	0.00322	0.05614	0.10202	0.00526
26	0.00757	0.00561	0.00647	0.00600	0.00732	0.00582	0.00454	0.11705	0.14355	0.04744	0.16046	0.19069	0.16206	0.06854	0.00567	0.00150	0.02482	0.02695	0.00368	0.00427
27	0.00945	0.32239	0.34286	0.01030	0.10512	0.04605	0.01004	0.01226	0.02503	0.04647	0.00733	0.00834	0.01641	0.00409	0.01778	0.00114	0.00491	0.00277	0.00189	0.00537
28	0.16954	0.00845	0.00874	0.00704	0.00971	0.10099	0.00571	0.12592	0.01113	0.45983	0.04678	0.01132	0.00879	0.00456	0.00358	0.00116	0.00368	0.00347	0.00388	0.00575
29	0.11447	0.00702	0.00878	0.00681	0.00972	0.00656	0.00563	0.09464	0.01115	0.67414	0.01347	0.01193	0.00861	0.00460	0.00369	0.00118	0.00332	0.00362	0.00439	0.00626
30	0.03733	0.00779	0.01282	0.18910	0.41270	0.00804	0.06624	0.02672	0.00887	0.04088	0.06656	0.01350	0.08400	0.00444	0.00393	0.00120	0.00427	0.00413	0.00232	0.00518
31	0.02295	0.01459	0.48106	0.07862	0.06958	0.00847	0.14778	0.01162	0.00829	0.03603	0.00843	0.06093	0.00687	0.00427	0.00391	0.00126	0.00531	0.02278	0.00196	0.00530
32	0.00812	0.00749	0.01224	0.30995	0.39327	0.00811	0.00992	0.02801	0.03437	0.01154	0.00938	0.13270	0.00870	0.00488	0.00397	0.00125	0.00436	0.00452	0.00217	0.00503
33	0.00687	0.00451	0.04130	0.00602	0.00653	0.00401	0.06121	0.00580	0.00541	0.00728	0.00675	0.01141	0.00653	0.01221	0.01378	0.78959	0.00365	0.00339	0.00168	0.00208
34	0.00876	0.01023	0.15921	0.10100	0.45879	0.02090	0.03529	0.01129	0.00862	0.03908	0.04307	0.06968	0.00845	0.00433	0.00390	0.00120	0.00458	0.00401	0.00214	0.00548
35	0.00817	0.02819	0.03880	0.04895	0.01015	0.06314	0.03665	0.00929	0.00677	0.03634	0.00838	0.01260	0.03330	0.12823	0.11695	0.00239	0.40181	0.00386	0.00200	0.00400
36	0.00903	0.28371	0.32852	0.03966	0.10447	0.01094	0.03596	0.03502	0.07580	0.01176	0.00754	0.00914	0.00606	0.00381	0.00339	0.00110	0.00475	0.02194	0.00196	0.00542
37	0.00647	0.00482	0.00594	0.04136	0.03511	0.03455	0.00408	0.00713	0.00635	0.03546	0.01129	0.05029	0.01195	0.47963	0.22737	0.00385	0.02390	0.00502	0.00231	0.00309
38	0.00984	0.10720	0.49129	0.01004	0.01448	0.09897	0.04010	0.09542	0.03090	0.04761	0.00758	0.00866	0.00561	0.00387	0.00358	0.00115	0.00533	0.01072	0.00210	0.00555
39	0.00939	0.10376	0.30840	0.12566	0.09166	0.09672	0.09498	0.01263	0.04238	0.05084	0.00774	0.00959	0.00595	0.00385	0.00368	0.00117	0.00527	0.01902	0.00201	0.00527
40	0.01033	0.00621	0.00810	0.00749	0.04342	0.00607	0.03187	0.12943	0.05373	0.24098	0.01808	0.17173	0.10930	0.03837	0.00488	0.00143	0.00326	0.10661	0.00377	0.00492
41	0.00909	0.00861	0.03593	0.07349	0.34617	0.00840	0.19238	0.04036	0.03024	0.04805	0.02906	0.02404	0.03626	0.04010	0.00490	0.00132	0.02958	0.00413	0.03260	0.00528
42	0.13361	0.11756	0.14247	0.04223	0.18566	0.02025	0.07385	0.04943	0.02294	0.15631	0.00840	0.01692	0.00628	0.00385	0.00349	0.00115	0.00437	0.00321	0.00251	0.00551
43	0.00891	0.00783	0.01188	0.41445	0.15919	0.02510	0.04751	0.06248	0.10079	0.04931	0.00886	0.02936	0.00704	0.03219	0.00453	0.00133	0.01813	0.00380	0.00233	0.00497

[dist]
# distance from previous block
# <min> <max>
1	8

[block]
# block no. 9 follows, 71 sequences, length 28
# corresponding to MSA columns:
# 767-794
name=unknown_J
#
# <colnr> <probs for GDERKNQSTAVLIFYWHMCP>
#	G	D	E	R	K	N	Q	S	T	A	V	L	I	F	Y	W	H	M	C	P
0	0.04957	0.00498	0.00640	0.03016	0.03042	0.00492	0.02420	0.04005	0.00869	0.03184	0.07657	0.18683	0.21177	0.04598	0.00539	0.00152	0.02610	0.18141	0.00330	0.02988
1	0.01015	0.04424	0.05648	0.02640	0.04779	0.17841	0.08844	0.12083	0.04673	0.02790	0.05539	0.06161	0.00988	0.00502	0.00401	0.00113	0.02301	0.06064	0.00267	0.12925
2	0.00980	0.03241	0.01347	0.07075	0.54405	0.04677	0.00979	0.08934	0.00933	0.02898	0.00795	0.01106	0.00689	0.09676	0.00545	0.00141	0.00454	0.00358	0.00217	0.00550
3	0.13793	0.03169	0.02767	0.03228	0.22063	0.15040	0.00804	0.27297	0.01164	0.01623	0.00728	0.00833	0.00566	0.00389	0.00347	0.00109	0.00455	0.00298	0.00260	0.05067
4	0.00589	0.00433	0.00522	0.00544	0.00620	0.00421	0.00389	0.09460	0.00892	0.01175	0.08094	0.49166	0.15485	0.06437	0.00563	0.00159	0.00251	0.04092	0.00356	0.00351
5	0.11922	0.01469	0.05012	0.00948	0.03571	0.54224	0.03893	0.02903	0.00983	0.01100	0.00772	0.09965	0.00714	0.00473	0.00355	0.00110	0.00573	0.00348	0.00221	0.00444
6	0.01141	0.10059	0.04221	0.00708	0.00939	0.03274	0.00605	0.15087	0.03680	0.24600	0.18516	0.01578	0.03784	0.00620	0.02731	0.00132	0.05092	0.02345	0.00361	0.00525
7	0.00722	0.00670	0.01196	0.09051	0.16330	0.00692	0.19058	0.00923	0.00789	0.01084	0.01134	0.12478	0.01115	0.01120	0.19523	0.00246	0.02651	0.10545	0.00233	0.00437
8	0.00496	0.00340	0.00444	0.00524	0.00555	0.00321	0.00358	0.00577	0.00746	0.01027	0.02031	0.75329	0.02381	0.01127	0.00471	0.00150	0.00224	0.04152	0.08430	0.00317
9	0.00680	0.00467	0.00646	0.00617	0.00659	0.00539	0.00457	0.00768	0.09510	0.00862	0.00867	0.01308	0.00814	0.05235	0.24468	0.40857	0.10372	0.00375	0.00204	0.00295
10	0.02466	0.08722	0.29952	0.03405	0.22432	0.03868	0.08602	0.07589	0.02229	0.01287	0.01815	0.03480	0.01662	0.00401	0.00371	0.00117	0.00495	0.00348	0.00207	0.00550
11	0.00666	0.00333	0.00500	0.00500	0.00500	0.00333	0.00333	0.00500	0.00500	0.00666	0.00666	0.01166	0.00666	0.01332	0.01499	0.88844	0.00333	0.00333	0.00167	0.00167
12	0.00707	0.00657	0.00922	0.00811	0.00923	0.07281	0.12598	0.02135	0.00737	0.00988	0.02319	0.12405	0.01130	0.08513	0.34408	0.00349	0.09583	0.02925	0.00231	0.00377
13	0.00940	0.01095	0.12650	0.03179	0.07590	0.10494	0.19831	0.10254	0.11311	0.01336	0.03294	0.13201	0.01000	0.00522	0.00421	0.00126	0.01505	0.00477	0.00264	0.00512
14	0.04091	0.10215	0.19194	0.01161	0.10612	0.04617	0.19533	0.01267	0.00885	0.14902	0.00951	0.07007	0.00775	0.00440	0.00383	0.00120	0.00481	0.01826	0.01009	0.00532
15	0.00609	0.00417	0.00559	0.00618	0.00691	0.00408	0.00489	0.00765	0.03304	0.04160	0.07493	0.31575	0.02291	0.05752	0.00580	0.00173	0.00296	0.39111	0.00358	0.00352
16	0.00688	0.00519	0.00697	0.00717	0.05203	0.00512	0.04077	0.06231	0.08052	0.04764	0.10740	0.37663	0.11670	0.00918	0.01369	0.00145	0.00286	0.04986	0.00355	0.00408
17	0.00903	0.00780	0.05445	0.00627	0.00975	0.00585	0.00535	0.07061	0.00890	0.06796	0.00754	0.00839	0.00595	0.00314	0.00302	0.00069	0.00312	0.00249	0.00251	0.71718
18	0.00650	0.00414	0.00581	0.03224	0.00716	0.00391	0.02711	0.00748	0.00794	0.11175	0.05400	0.56012	0.06282	0.03456	0.05369	0.00179	0.00303	0.00878	0.00351	0.00365
19	0.00495	0.00379	0.00454	0.00459	0.00550	0.00338	0.00335	0.00622	0.00937	0.01241	0.38182	0.20285	0.32462	0.00937	0.00460	0.00131	0.00194	0.00817	0.00385	0.00338
20	0.00868	0.08786	0.30320	0.04775	0.32560	0.00947	0.11539	0.01174	0.00849	0.01203	0.02977	0.00938	0.00631	0.00360	0.00374	0.00116	0.00509	0.00333	0.00184	0.00558
21	0.00877	0.02936	0.41287	0.03117	0.28296	0.00908	0.12154	0.01218	0.00850	0.03706	0.00732	0.00900	0.00552	0.00354	0.00380	0.00119	0.00530	0.00327	0.00185	0.00572
22	0.00749	0.01767	0.71745	0.01063	0.01566	0.00837	0.04981	0.01152	0.00812	0.01197	0.00843	0.06583	0.00698	0.00447	0.00383	0.00126	0.00539	0.03789	0.00184	0.00539
23	0.00623	0.00491	0.00677	0.02043	0.09692	0.00479	0.02009	0.00778	0.01902	0.03898	0.27282	0.12432	0.22930	0.02910	0.03535	0.00154	0.03822	0.03613	0.00340	0.00387
24	0.10540	0.06244	0.20627	0.03644	0.28179	0.04405	0.06035	0.04077	0.02031	0.08181	0.00785	0.02219	0.00610	0.00381	0.00358	0.00116	0.00467	0.00325	0.00223	0.00554
25	0.00783	0.01589	0.13055	0.14983	0.15726	0.02982	0.07524	0.01001	0.00843	0.05390	0.06601	0.19619	0.02270	0.01421	0.00444	0.00133	0.01630	0.03289	0.00256	0.00463
26	0.00753	0.00430	0.00491	0.00459	0.00584	0.00422	0.00355	0.00959	0.04326	0.06910	0.05598	0.01670	0.05469	0.00781	0.09958	0.00157	0.00304	0.02930	0.51245	0.06199
27	0.04413	0.03301	0.03995	0.13347	0.25019	0.01740	0.14919	0.12843	0.01627	0.04399	0.00817	0.02309	0.01380	0.00458	0.00474	0.05862	0.01978	0.00367	0.00230	0.00522

[dist]
# distance from previous block
# <min> <max>
1	49

[block]
# block no. 10 follows, 71 sequences, length 34
# corresponding to MSA columns:
# 844-877
name=unknown_K
#
# <colnr> <probs for GDERKNQSTAVLIFYWHMCP>
#	G	D	E	R	K	N	Q	S	T	A	V	L	I	F	Y	W	H	M	C	P
0	0.01832	0.09177	0.01434	0.00776	0.03026	0.18873	0.00601	0.05786	0.06963	0.08624	0.03213	0.02727	0.03910	0.07135	0.14638	0.01267	0.05070	0.04236	0.00267	0.00446
1	0.06392	0.01133	0.19006	0.09613	0.27453	0.04677	0.06830	0.07814	0.03793	0.04854	0.01477	0.02337	0.00659	0.01838	0.00401	0.00123	0.00478	0.00348	0.00225	0.00548
2	0.00942	0.19151	0.28032	0.00882	0.03354	0.04200	0.04248	0.08692	0.02176	0.07071	0.10129	0.03560	0.05022	0.00473	0.00364	0.00113	0.00435	0.00382	0.00255	0.00518
3	0.00866	0.08086	0.06198	0.54872	0.11597	0.04223	0.01022	0.03232	0.00836	0.04499	0.00711	0.00963	0.00540	0.00379	0.00369	0.00120	0.00497	0.00324	0.00191	0.00477
4	0.00889	0.00668	0.04132	0.02581	0.03099	0.02327	0.04512	0.09117	0.04830	0.14268	0.02754	0.32469	0.01537	0.06648	0.00587	0.00155	0.05175	0.03470	0.00334	0.00449
5	0.02183	0.11250	0.22620	0.02620	0.20192	0.00847	0.01993	0.03798	0.03595	0.05848	0.02495	0.05316	0.02416	0.07904	0.02908	0.00154	0.00452	0.02669	0.00233	0.00509
6	0.00608	0.00481	0.00719	0.00799	0.09883	0.00534	0.00544	0.01700	0.00706	0.01010	0.09139	0.04922	0.01241	0.05425	0.57331	0.00465	0.03425	0.00460	0.00233	0.00374
