[name]
unknown

[dist]
# distance from previous block
# <min> <max>
2	401

[block]
# block no. 0 follows, 65 sequences, length 16
# corresponding to MSA columns:
# 503-518
name=unknown_A
#
# <colnr> <probs for GDERKNQSTAVLIFYWHMCP>
#	G	D	E	R	K	N	Q	S	T	A	V	L	I	F	Y	W	H	M	C	P
0	0.05514	0.00611	0.04147	0.04452	0.05899	0.00562	0.00526	0.04241	0.01990	0.11596	0.07806	0.18694	0.04771	0.26288	0.00938	0.00217	0.00355	0.00641	0.00329	0.00421
1	0.04042	0.03302	0.02251	0.02044	0.03098	0.00675	0.05904	0.11568	0.05100	0.01360	0.04970	0.33556	0.04911	0.05022	0.05068	0.00188	0.01748	0.04415	0.00338	0.00442
2	0.00994	0.04343	0.09323	0.08356	0.14723	0.09364	0.09069	0.07073	0.03892	0.04418	0.10649	0.05350	0.04147	0.00530	0.00449	0.00127	0.03186	0.00458	0.00277	0.03270
3	0.02334	0.09692	0.10517	0.08051	0.04283	0.17568	0.04315	0.03054	0.02185	0.02630	0.09807	0.04008	0.03791	0.00588	0.02380	0.00133	0.02775	0.03377	0.00259	0.08254
4	0.62912	0.05688	0.10176	0.00677	0.00974	0.09427	0.00620	0.01281	0.00783	0.03494	0.00620	0.00713	0.00479	0.00388	0.00285	0.00123	0.00401	0.00240	0.00242	0.00476
5	0.00673	0.00568	0.00576	0.00599	0.00695	0.08902	0.00443	0.00786	0.00935	0.03373	0.13505	0.30795	0.21598	0.04177	0.00554	0.00159	0.00302	0.10617	0.00372	0.00371
6	0.00948	0.02950	0.04678	0.03823	0.02134	0.02508	0.01882	0.06036	0.03902	0.10643	0.07375	0.02942	0.06153	0.04562	0.05169	0.06606	0.00398	0.00422	0.02130	0.24740
7	0.00585	0.00399	0.00513	0.00580	0.00639	0.00377	0.00424	0.00688	0.00836	0.03135	0.02313	0.48775	0.10614	0.06311	0.00609	0.00178	0.00274	0.17300	0.05100	0.00350
8	0.00667	0.00573	0.02219	0.05067	0.04345	0.00569	0.00540	0.01020	0.18374	0.01264	0.07472	0.29357	0.18348	0.01011	0.03674	0.00168	0.00320	0.04209	0.00365	0.00436
9	0.00992	0.00997	0.01476	0.28649	0.48995	0.09420	0.01174	0.01231	0.00922	0.01213	0.00744	0.01013	0.00605	0.00386	0.00404	0.00125	0.00532	0.00355	0.00197	0.00570
10	0.00645	0.00571	0.00565	0.00550	0.00662	0.08899	0.00408	0.00786	0.01037	0.01327	0.38905	0.09925	0.27110	0.03940	0.00536	0.00144	0.00270	0.02957	0.00391	0.00374
11	0.03232	0.00885	0.00958	0.00828	0.01062	0.01004	0.00655	0.25320	0.43904	0.01862	0.01416	0.05883	0.01126	0.00830	0.08942	0.00189	0.00436	0.00466	0.00389	0.00613
12	0.00904	0.00901	0.05709	0.47961	0.04067	0.01013	0.03375	0.10254	0.00922	0.01250	0.00728	0.01024	0.00568	0.00470	0.00582	0.00140	0.16199	0.00360	0.00211	0.03363
13	0.00963	0.00969	0.01562	0.30285	0.42099	0.06399	0.09380	0.01218	0.00914	0.01217	0.00755	0.01034	0.00604	0.00383	0.00413	0.00128	0.00545	0.00371	0.00197	0.00563
14	0.01060	0.00961	0.01528	0.08923	0.61730	0.00993	0.01151	0.13063	0.01067	0.01491	0.00849	0.03774	0.00716	0.00418	0.00411	0.00125	0.00479	0.00392	0.00238	0.00631
15	0.00955	0.00916	0.01592	0.26582	0.40804	0.00973	0.12578	0.04846	0.00943	0.01304	0.00784	0.01058	0.00623	0.00391	0.00436	0.00129	0.02228	0.00383	0.01901	0.00572

[dist]
# distance from previous block
# <min> <max>
0	2

[block]
# block no. 1 follows, 65 sequences, length 7
# corresponding to MSA columns:
# 521-527
name=unknown_B
#
# <colnr> <probs for GDERKNQSTAVLIFYWHMCP>
#	G	D	E	R	K	N	Q	S	T	A	V	L	I	F	Y	W	H	M	C	P
0	0.00653	0.00554	0.00814	0.17331	0.01184	0.00621	0.03453	0.00854	0.03535	0.01087	0.05474	0.02206	0.17212	0.04442	0.29062	0.00330	0.04962	0.05557	0.00270	0.00398
1	0.00730	0.00639	0.03303	0.03522	0.06007	0.04305	0.02119	0.00960	0.08132	0.03394	0.08307	0.27505	0.08302	0.06230	0.07326	0.00202	0.02044	0.02663	0.03888	0.00423
2	0.00571	0.00394	0.00448	0.00462	0.00480	0.00383	0.00274	0.00593	0.00660	0.00865	0.01741	0.14372	0.10517	0.64592	0.01696	0.00337	0.00355	0.00706	0.00282	0.00271
3	0.00912	0.00843	0.01165	0.10654	0.25674	0.06591	0.04736	0.04295	0.07139	0.01231	0.02722	0.03128	0.03728	0.12066	0.03889	0.03215	0.04781	0.00446	0.02291	0.00494
4	0.00551	0.00437	0.00540	0.00608	0.05766	0.00396	0.00399	0.00669	0.00928	0.01206	0.20564	0.21957	0.36493	0.06885	0.00600	0.00160	0.00242	0.00857	0.00376	0.00365
5	0.05923	0.36802	0.09738	0.02436	0.06900	0.09059	0.00782	0.05041	0.03108	0.01206	0.02757	0.06344	0.05551	0.00495	0.00367	0.00113	0.02255	0.00371	0.00234	0.00517
6	0.08746	0.06379	0.06379	0.00823	0.05100	0.08184	0.03233	0.07026	0.00958	0.01371	0.02712	0.08997	0.07650	0.00565	0.01630	0.00116	0.00402	0.01694	0.00271	0.27764

[dist]
# distance from previous block
# <min> <max>
0	2

[block]
# block no. 2 follows, 65 sequences, length 7
# corresponding to MSA columns:
# 530-536
name=unknown_C
#
# <colnr> <probs for GDERKNQSTAVLIFYWHMCP>
#	G	D	E	R	K	N	Q	S	T	A	V	L	I	F	Y	W	H	M	C	P
0	0.22214	0.03217	0.02981	0.00733	0.03606	0.08688	0.04041	0.05589	0.00835	0.06605	0.01003	0.04298	0.00971	0.30245	0.00988	0.02442	0.00427	0.00431	0.00268	0.00418
1	0.00909	0.00794	0.02788	0.02770	0.21299	0.00788	0.08416	0.07235	0.13491	0.04106	0.09457	0.09684	0.05598	0.02107	0.02260	0.00154	0.00415	0.06867	0.00326	0.00537
2	0.00533	0.00394	0.00461	0.00493	0.00553	0.00363	0.00334	0.00607	0.00812	0.01045	0.07947	0.29625	0.27198	0.23903	0.00933	0.00219	0.00274	0.03637	0.00350	0.00320
3	0.00932	0.00774	0.00898	0.04138	0.03763	0.03872	0.02876	0.17343	0.17226	0.01571	0.09631	0.10899	0.10463	0.05301	0.00565	0.00153	0.02986	0.04358	0.01746	0.00505
4	0.00687	0.00366	0.00538	0.00542	0.00549	0.00371	0.00364	0.00556	0.00559	0.00751	0.00842	0.04937	0.00866	0.06098	0.08286	0.72465	0.00414	0.00411	0.00194	0.00204
5	0.03296	0.05914	0.04459	0.13275	0.34670	0.21516	0.01036	0.03761	0.03704	0.01254	0.00787	0.01034	0.00655	0.00417	0.00390	0.00121	0.00547	0.02385	0.00219	0.00561
6	0.01161	0.20043	0.04856	0.03743	0.01285	0.24407	0.10068	0.10589	0.01097	0.03091	0.04998	0.06243	0.03228	0.00518	0.00392	0.00118	0.00531	0.02858	0.00262	0.00512

[dist]
# distance from previous block
# <min> <max>
1	56

[block]
# block no. 3 follows, 65 sequences, length 27
# corresponding to MSA columns:
# 600-626
name=unknown_D
#
# <colnr> <probs for GDERKNQSTAVLIFYWHMCP>
#	G	D	E	R	K	N	Q	S	T	A	V	L	I	F	Y	W	H	M	C	P
0	0.00946	0.01199	0.24720	0.07883	0.13422	0.02479	0.03966	0.13300	0.02666	0.02548	0.01024	0.02806	0.02609	0.05835	0.07208	0.00189	0.01751	0.02277	0.02624	0.00547
1	0.00543	0.00392	0.00457	0.00491	0.00545	0.00365	0.00329	0.00613	0.00787	0.01026	0.04632	0.29941	0.23748	0.27169	0.00989	0.00228	0.00282	0.03897	0.03250	0.00316
2	0.02821	0.12512	0.19559	0.02078	0.01883	0.03344	0.01884	0.14663	0.08295	0.01449	0.02829	0.09620	0.00989	0.04119	0.04262	0.00160	0.03287	0.00434	0.01714	0.04098
3	0.00522	0.00395	0.00479	0.00511	0.00589	0.00356	0.00364	0.00634	0.00923	0.01209	0.22272	0.35409	0.28252	0.03396	0.00546	0.00156	0.00226	0.03018	0.00394	0.00349
4	0.01131	0.77983	0.02052	0.00721	0.01065	0.03254	0.00704	0.03781	0.02903	0.02375	0.00629	0.00704	0.00558	0.00365	0.00276	0.00091	0.00441	0.00234	0.00195	0.00537
5	0.01198	0.24751	0.02411	0.03179	0.06703	0.09268	0.00743	0.21040	0.12043	0.03591	0.00955	0.01116	0.00779	0.03314	0.00459	0.02865	0.00451	0.02103	0.02464	0.00565
6	0.00492	0.00416	0.00425	0.00423	0.00558	0.00349	0.00317	0.00602	0.00951	0.01146	0.09531	0.03890	0.77451	0.01026	0.00485	0.00138	0.00207	0.00858	0.00386	0.00349
7	0.00957	0.00958	0.04315	0.13283	0.59193	0.00940	0.07013	0.01217	0.00913	0.01301	0.00797	0.01058	0.00652	0.00416	0.01645	0.00132	0.00512	0.00374	0.03723	0.00601
8	0.04016	0.43374	0.07035	0.00893	0.04307	0.02232	0.04415	0.19155	0.02430	0.02757	0.00754	0.00879	0.00623	0.02858	0.00411	0.02299	0.00459	0.00298	0.00245	0.00561
9	0.00512	0.00413	0.00453	0.00450	0.00569	0.00357	0.00333	0.00633	0.00974	0.01229	0.23139	0.08578	0.56856	0.03028	0.00526	0.00144	0.00211	0.00848	0.00395	0.00353
10	0.00819	0.00697	0.01065	0.53099	0.03324	0.00830	0.00924	0.06549	0.04622	0.02551	0.01035	0.03708	0.03022	0.02723	0.09721	0.00200	0.00555	0.01761	0.02332	0.00464
11	0.00773	0.00630	0.03438	0.00665	0.02138	0.00600	0.00521	0.03343	0.15536	0.05609	0.17936	0.06751	0.19039	0.04622	0.05298	0.00176	0.03089	0.03290	0.02086	0.04462
12	0.43894	0.05937	0.01159	0.07083	0.03119	0.02338	0.16152	0.01233	0.00808	0.06170	0.00764	0.01978	0.00622	0.03070	0.00421	0.00138	0.02846	0.01536	0.00249	0.00483
13	0.01034	0.24453	0.31802	0.01095	0.06076	0.04133	0.07626	0.04231	0.04686	0.05854	0.02863	0.00954	0.00691	0.00412	0.00391	0.00119	0.02449	0.00326	0.00225	0.00580
14	0.00890	0.17496	0.12735	0.00903	0.03436	0.08187	0.02648	0.02898	0.04551	0.01194	0.01349	0.11653	0.01377	0.00735	0.00476	0.00144	0.03842	0.24729	0.00281	0.00476
15	0.12249	0.00710	0.00911	0.00707	0.01017	0.00641	0.00584	0.01905	0.01118	0.73512	0.01494	0.01309	0.00947	0.00493	0.00394	0.00127	0.00345	0.00390	0.00478	0.00668
16	0.02526	0.01044	0.01289	0.15212	0.19673	0.08569	0.03549	0.26372	0.09583	0.03501	0.01013	0.01175	0.02097	0.00467	0.00411	0.00127	0.00487	0.02002	0.00301	0.00601
17	0.05394	0.01562	0.01103	0.03706	0.01235	0.54793	0.00764	0.06603	0.04837	0.01186	0.00774	0.00900	0.01970	0.00552	0.03233	0.00134	0.07835	0.00305	0.00236	0.02878
18	0.00595	0.00450	0.00663	0.00658	0.00725	0.00526	0.00508	0.00732	0.00655	0.00944	0.01096	0.01658	0.01041	0.08013	0.76748	0.00631	0.03327	0.00447	0.00221	0.00362
19	0.00744	0.00691	0.01150	0.65000	0.02385	0.00821	0.04703	0.00992	0.00840	0.01071	0.01166	0.01637	0.08452	0.03026	0.00480	0.00148	0.00507	0.05531	0.00217	0.00439
20	0.00863	0.12587	0.67768	0.03937	0.04394	0.01037	0.01393	0.01281	0.00863	0.01251	0.00717	0.00853	0.00526	0.00385	0.00375	0.00125	0.00580	0.00297	0.00175	0.00593
21	0.02812	0.08892	0.61371	0.01136	0.01663	0.01003	0.07962	0.03942	0.00908	0.01325	0.00805	0.01052	0.00623	0.00423	0.00394	0.00130	0.00577	0.04204	0.00196	0.00584
22	0.00570	0.00418	0.00572	0.00596	0.00638	0.00449	0.00425	0.00664	0.00710	0.00986	0.05254	0.28853	0.01778	0.18320	0.34903	0.00411	0.03114	0.00716	0.00287	0.00336
23	0.22590	0.12050	0.02333	0.05753	0.17590	0.18557	0.01979	0.02294	0.00881	0.01301	0.00641	0.00815	0.00538	0.00426	0.00457	0.00123	0.10657	0.00290	0.00212	0.00511
24	0.00621	0.00449	0.00517	0.00486	0.00626	0.00389	0.00369	0.00759	0.01005	0.06148	0.28227	0.03359	0.44493	0.03734	0.00528	0.00142	0.00228	0.03105	0.00400	0.04415
25	0.02482	0.02998	0.02038	0.03530	0.05016	0.01113	0.00765	0.56311	0.02597	0.04915	0.00977	0.02016	0.00732	0.00474	0.00395	0.00117	0.00429	0.01299	0.00366	0.11429
26	0.03795	0.09465	0.03949	0.05264	0.27332	0.05740	0.07063	0.14570	0.01077	0.03811	0.00897	0.03528	0.01455	0.03082	0.00440	0.00126	0.00475	0.00378	0.01821	0.05731

[dist]
# distance from previous block
# <min> <max>
0	2

[block]
# block no. 4 follows, 65 sequences, length 13
# corresponding to MSA columns:
# 629-641
name=unknown_E
#
# <colnr> <probs for GDERKNQSTAVLIFYWHMCP>
#	G	D	E	R	K	N	Q	S	T	A	V	L	I	F	Y	W	H	M	C	P
0	0.03964	0.09444	0.32319	0.01141	0.09567	0.07094	0.02829	0.12617	0.03325	0.05205	0.02250	0.00949	0.00666	0.00418	0.00394	0.00120	0.01937	0.00324	0.00247	0.05190
1	0.00821	0.02911	0.02096	0.00703	0.02248	0.00641	0.02810	0.05191	0.05724	0.07692	0.04731	0.08806	0.01408	0.32835	0.11664	0.00304	0.06494	0.02218	0.00297	0.00406
2	0.05326	0.01391	0.30789	0.05411	0.04688	0.06344	0.01022	0.14750	0.03330	0.21480	0.01005	0.01034	0.00694	0.00442	0.00394	0.00127	0.00498	0.00345	0.00308	0.00623
3	0.04239	0.16357	0.05684	0.12501	0.15692	0.17885	0.03446	0.09718	0.03083	0.04136	0.00763	0.00909	0.00604	0.00415	0.00398	0.00118	0.02942	0.00319	0.00234	0.00555
4	0.00802	0.00775	0.01091	0.23321	0.05515	0.09495	0.11633	0.02219	0.00875	0.01108	0.02993	0.27261	0.01361	0.04246	0.02870	0.02622	0.00483	0.00638	0.00264	0.00426
5	0.00713	0.00357	0.00535	0.00535	0.00535	0.00357	0.00357	0.00535	0.00535	0.00713	0.00713	0.01248	0.00713	0.01426	0.01604	0.88057	0.00357	0.00357	0.00178	0.00178
6	0.00643	0.00431	0.00507	0.00497	0.00620	0.00382	0.00375	0.00778	0.00986	0.07754	0.23068	0.14280	0.37608	0.00948	0.00475	0.00138	0.00225	0.03853	0.06045	0.00386
7	0.01082	0.00912	0.00962	0.00848	0.01091	0.01049	0.00664	0.11122	0.73232	0.01815	0.01594	0.01470	0.01191	0.00550	0.00417	0.00137	0.00339	0.00453	0.00417	0.00655
8	0.00514	0.00414	0.00459	0.00465	0.00583	0.00359	0.00348	0.00637	0.00970	0.01220	0.20238	0.11032	0.55994	0.01024	0.00492	0.00141	0.00215	0.04147	0.00396	0.00355
9	0.00629	0.00460	0.00494	0.00475	0.00622	0.00404	0.00359	0.02193	0.03544	0.07037	0.07428	0.08659	0.62444	0.00971	0.00475	0.00138	0.00227	0.00815	0.02236	0.00389
10	0.00588	0.00435	0.00636	0.00636	0.00701	0.00500	0.00483	0.00718	0.00653	0.00935	0.01121	0.01733	0.01079	0.12362	0.74736	0.00630	0.01021	0.00457	0.00223	0.00353
11	0.00901	0.00879	0.03844	0.02426	0.06721	0.08247	0.15165	0.08768	0.05364	0.01270	0.04436	0.05585	0.02723	0.19163	0.08709	0.00241	0.01795	0.03028	0.00273	0.00461
12	0.00978	0.14758	0.03109	0.00797	0.03546	0.19053	0.02012	0.04933	0.05974	0.02537	0.21974	0.04620	0.11131	0.02299	0.00443	0.00125	0.00411	0.00512	0.00317	0.00472

[dist]
# distance from previous block
# <min> <max>
1	11

[block]
# block no. 5 follows, 65 sequences, length 40
# corresponding to MSA columns:
# 653-692
name=unknown_F
#
# <colnr> <probs for GDERKNQSTAVLIFYWHMCP>
#	G	D	E	R	K	N	Q	S	T	A	V	L	I	F	Y	W	H	M	C	P
0	0.10850	0.04108	0.01224	0.02859	0.12111	0.38818	0.03753	0.07684	0.08097	0.01347	0.02296	0.00922	0.00678	0.00439	0.00404	0.00118	0.03195	0.00319	0.00250	0.00529
1	0.01081	0.06493	0.01601	0.06021	0.61837	0.09350	0.01147	0.04151	0.02049	0.01319	0.00763	0.00975	0.00635	0.00380	0.00394	0.00119	0.00509	0.00348	0.00211	0.00617
2	0.00540	0.00398	0.00513	0.02204	0.00653	0.00378	0.00398	0.00641	0.02445	0.01055	0.02189	0.63403	0.07514	0.08735	0.01944	0.00190	0.00277	0.03254	0.00360	0.02909
3	0.00987	0.00946	0.01615	0.12232	0.73524	0.00968	0.01246	0.01235	0.00921	0.01306	0.00767	0.01025	0.00638	0.00371	0.00407	0.00124	0.00495	0.00366	0.00201	0.00627
4	0.02984	0.00727	0.00904	0.00738	0.01010	0.00700	0.00597	0.06423	0.16667	0.49528	0.03230	0.05670	0.01203	0.00571	0.00417	0.00130	0.00338	0.02793	0.02047	0.03322
5	0.00500	0.00359	0.00475	0.00568	0.00594	0.00334	0.00379	0.00572	0.00790	0.01049	0.02309	0.83308	0.04683	0.01280	0.00523	0.00166	0.00237	0.01160	0.00381	0.00334
6	0.00938	0.00965	0.01251	0.01076	0.01090	0.06477	0.00891	0.01029	0.00662	0.00989	0.00545	0.00888	0.00538	0.00700	0.01285	0.00175	0.79514	0.00353	0.00182	0.00451
7	0.00555	0.00388	0.00501	0.00546	0.00607	0.00363	0.00391	0.00682	0.00925	0.01284	0.27372	0.44944	0.06268	0.01067	0.00495	0.00150	0.00229	0.06022	0.06853	0.00357
8	0.00523	0.00413	0.00472	0.00473	0.00582	0.00367	0.00350	0.00648	0.00961	0.01234	0.25028	0.10956	0.46948	0.03772	0.04238	0.00171	0.00255	0.01868	0.00389	0.00355
9	0.01724	0.00733	0.00958	0.00751	0.01054	0.00671	0.00617	0.08403	0.05324	0.69151	0.01596	0.02972	0.01066	0.00539	0.00419	0.00130	0.00355	0.02365	0.00490	0.00682
10	0.01068	0.25408	0.04539	0.06350	0.02255	0.05721	0.03103	0.07652	0.11316	0.05340	0.00946	0.06028	0.00805	0.00480	0.00423	0.00114	0.05960	0.00366	0.00266	0.11860
11	0.01265	0.06846	0.01178	0.02697	0.04940	0.21854	0.00758	0.19240	0.32703	0.01639	0.01115	0.01117	0.00852	0.00486	0.00404	0.00124	0.01477	0.00370	0.00331	0.00602
12	0.02102	0.02227	0.18928	0.06516	0.17882	0.04358	0.09678	0.11453	0.03686	0.06670	0.01897	0.02134	0.00761	0.00451	0.00436	0.00128	0.02894	0.02714	0.00261	0.04824
13	0.00927	0.08810	0.16031	0.09296	0.09485	0.02630	0.02870	0.03671	0.03184	0.05517	0.04979	0.05422	0.00964	0.00709	0.05597	0.00169	0.15019	0.02934	0.01266	0.00518
14	0.01101	0.57186	0.14188	0.01826	0.01193	0.06691	0.00827	0.05696	0.00940	0.02798	0.03761	0.00825	0.00672	0.00392	0.00311	0.00100	0.00474	0.00269	0.00208	0.00542
15	0.00644	0.00431	0.00536	0.00537	0.00568	0.00446	0.00356	0.00698	0.00691	0.03925	0.04011	0.16959	0.01669	0.47842	0.10712	0.00345	0.04279	0.01891	0.03146	0.00313
16	0.01025	0.16789	0.16115	0.07518	0.23846	0.07915	0.04754	0.04192	0.03522	0.02968	0.02475	0.01155	0.02603	0.00437	0.00387	0.00121	0.00510	0.02873	0.00227	0.00569
17	0.00844	0.00690	0.00982	0.14251	0.19244	0.00720	0.02130	0.07788	0.06667	0.03093	0.06268	0.12943	0.13604	0.00661	0.00431	0.00133	0.00365	0.00581	0.08107	0.00496
18	0.00569	0.00393	0.00471	0.00502	0.00525	0.00382	0.00319	0.00612	0.00707	0.00937	0.04545	0.25398	0.05988	0.50124	0.01431	0.00300	0.00337	0.05865	0.00307	0.00290
19	0.00673	0.00544	0.00621	0.00632	0.02339	0.04874	0.00454	0.04214	0.02569	0.01179	0.10538	0.16400	0.15324	0.09252	0.23457	0.00305	0.00520	0.01416	0.04308	0.00381
20	0.11021	0.05002	0.03354	0.00946	0.04731	0.19304	0.05090	0.15802	0.06265	0.04037	0.08068	0.05879	0.01085	0.02923	0.01180	0.00138	0.02976	0.01372	0.00303	0.00523
21	0.11426	0.00730	0.00781	0.00676	0.00894	0.00781	0.00535	0.12332	0.25020	0.12713	0.10043	0.02703	0.07462	0.00586	0.00393	0.00128	0.00304	0.00473	0.11468	0.00551
22	0.00519	0.00405	0.00473	0.00506	0.00592	0.00367	0.00359	0.00647	0.03106	0.01146	0.11195	0.37098	0.36817	0.02835	0.01843	0.00163	0.00240	0.00954	0.00384	0.00352
23	0.03865	0.03724	0.05985	0.02252	0.14207	0.05703	0.07125	0.03091	0.07226	0.01347	0.12909	0.10061	0.02592	0.02971	0.08119	0.00184	0.01338	0.00520	0.06295	0.00486
24	0.21306	0.04172	0.00990	0.05974	0.04632	0.18471	0.00679	0.13321	0.08266	0.01535	0.03619	0.03774	0.03438	0.00665	0.05711	0.00159	0.02124	0.00373	0.00284	0.00506
25	0.00557	0.00427	0.02118	0.00614	0.02401	0.00379	0.00426	0.00651	0.00822	0.02433	0.05900	0.60122	0.09064	0.06941	0.00621	0.00177	0.00267	0.05359	0.00369	0.00352
26	0.00803	0.00613	0.00864	0.07774	0.14479	0.00622	0.00648	0.06117	0.02409	0.05577	0.35542	0.05510	0.07338	0.03364	0.00528	0.00143	0.01892	0.04941	0.00366	0.00468
27	0.02207	0.08563	0.01350	0.14374	0.23175	0.11411	0.05214	0.06449	0.08982	0.01295	0.01017	0.04543	0.03193	0.02579	0.03779	0.00152	0.00519	0.00409	0.00248	0.00540
28	0.00823	0.00682	0.02375	0.08504	0.02334	0.01647	0.04980	0.14553	0.04233	0.01331	0.04659	0.20922	0.05234	0.08489	0.08808	0.05839	0.03222	0.00624	0.00307	0.00435
29	0.00854	0.00808	0.01311	0.61524	0.16408	0.02527	0.03071	0.03645	0.00897	0.01172	0.03396	0.01135	0.00679	0.00418	0.00413	0.00133	0.00530	0.00378	0.00203	0.00497
30	0.00942	0.09410	0.02981	0.28871	0.10645	0.06365	0.07110	0.04033	0.00892	0.02467	0.02514	0.01221	0.02249	0.02518	0.01753	0.00149	0.12664	0.02503	0.00217	0.00496
31	0.01043	0.16200	0.30577	0.05487	0.09218	0.12098	0.08287	0.01330	0.00915	0.05171	0.00745	0.00899	0.00577	0.00441	0.01607	0.00129	0.04193	0.00318	0.00202	0.00561
32	0.00605	0.00455	0.00637	0.00645	0.00731	0.00427	0.05590	0.03235	0.00869	0.02999	0.02364	0.55402	0.14522	0.03958	0.00564	0.00167	0.00286	0.05807	0.00369	0.00369
33	0.00989	0.00744	0.06070	0.02520	0.01009	0.04273	0.00692	0.07051	0.03956	0.16258	0.01843	0.07498	0.04923	0.02680	0.00526	0.00164	0.00396	0.37545	0.00379	0.00484
34	0.01002	0.04458	0.26989	0.20839	0.14042	0.04634	0.05979	0.10565	0.03396	0.03055	0.00809	0.00987	0.00605	0.00408	0.00401	0.00128	0.00548	0.00348	0.00225	0.00580
35	0.07032	0.05254	0.09162	0.00989	0.05956	0.13423	0.01686	0.33559	0.02538	0.01779	0.03408	0.06448	0.02735	0.00593	0.02577	0.00138	0.01427	0.00408	0.00313	0.00574
36	0.00549	0.00409	0.00481	0.00502	0.00573	0.00377	0.00347	0.00630	0.00809	0.01050	0.07405	0.24298	0.25977	0.24443	0.02986	0.00230	0.00302	0.05398	0.00341	0.02893
37	0.03700	0.00760	0.00884	0.00788	0.02872	0.03423	0.02157	0.25148	0.02314	0.16100	0.01588	0.27366	0.04012	0.04925	0.01861	0.00160	0.00377	0.00648	0.00387	0.00528
38	0.00708	0.03900	0.00646	0.00580	0.00696	0.08084	0.00434	0.04287	0.01022	0.01338	0.28062	0.21425	0.16826	0.02709	0.00494	0.00140	0.00284	0.02001	0.05973	0.00391
39	0.02731	0.17787	0.01137	0.00680	0.01010	0.06760	0.00568	0.04265	0.02598	0.06546	0.02394	0.02654	0.00733	0.00380	0.00321	0.00082	0.00368	0.00289	0.00261	0.48436

[dist]
# distance from previous block
# <min> <max>
16	128

[block]
# block no. 6 follows, 65 sequences, length 37
# corresponding to MSA columns:
# 825-861
name=unknown_G
#
# <colnr> <probs for GDERKNQSTAVLIFYWHMCP>
#	G	D	E	R	K	N	Q	S	T	A	V	L	I	F	Y	W	H	M	C	P
0	0.03051	0.06528	0.26525	0.04593	0.07511	0.05601	0.15322	0.05902	0.00966	0.03597	0.03762	0.04802	0.00796	0.00453	0.00437	0.00126	0.03572	0.00393	0.00233	0.05830
1	0.11336	0.08105	0.12658	0.02198	0.04363	0.08919	0.04472	0.10927	0.10115	0.05488	0.07350	0.03341	0.05557	0.00513	0.00387	0.00123	0.00437	0.00410	0.00301	0.03001
2	0.03943	0.01041	0.09734	0.19544	0.39021	0.05449	0.01101	0.02596	0.03923	0.01315	0.04886	0.01209	0.03599	0.00437	0.00405	0.00127	0.00490	0.00388	0.00227	0.00565
3	0.00988	0.27517	0.34886	0.01191	0.09433	0.01183	0.08924	0.03426	0.00898	0.03171	0.00717	0.00858	0.00562	0.00391	0.00405	0.00119	0.04249	0.00308	0.00195	0.00579
4	0.03191	0.00693	0.00858	0.12000	0.02725	0.03094	0.02875	0.05758	0.17132	0.03322	0.12151	0.08325	0.01490	0.10067	0.04601	0.00188	0.03411	0.00527	0.07123	0.00469
5	0.00509	0.00364	0.00485	0.00576	0.00605	0.00340	0.00391	0.00589	0.00805	0.01076	0.05124	0.79504	0.02744	0.01265	0.00524	0.00166	0.00242	0.03972	0.00383	0.00337
6	0.03140	0.05729	0.01149	0.01669	0.01179	0.04650	0.00720	0.44638	0.25427	0.02079	0.01171	0.03110	0.00892	0.00563	0.01893	0.00136	0.00430	0.00402	0.00382	0.00643
7	0.00585	0.00397	0.00469	0.00486	0.00496	0.00397	0.00295	0.00609	0.00639	0.00854	0.01453	0.14390	0.01674	0.66781	0.05653	0.00370	0.00408	0.03504	0.00271	0.00271
8	0.02371	0.17766	0.30827	0.01037	0.01454	0.09926	0.10742	0.05844	0.00996	0.08714	0.02464	0.01011	0.00695	0.00419	0.00379	0.00119	0.00542	0.01690	0.01451	0.01556
9	0.10237	0.64164	0.05535	0.02734	0.01133	0.03808	0.02460	0.02304	0.00854	0.02757	0.00616	0.00710	0.00533	0.00364	0.00284	0.00098	0.00449	0.00240	0.00195	0.00525
10	0.00563	0.00429	0.00520	0.00499	0.00609	0.00391	0.00373	0.00754	0.03254	0.01479	0.56086	0.06202	0.25524	0.00903	0.00484	0.00133	0.00203	0.00784	0.00429	0.00381
11	0.00772	0.00786	0.09242	0.07945	0.14454	0.00665	0.07930	0.04468	0.00946	0.03617	0.09859	0.29168	0.06889	0.00774	0.00464	0.00142	0.00387	0.00705	0.00312	0.00474
12	0.01040	0.03060	0.03638	0.17743	0.49566	0.03038	0.02814	0.01334	0.05215	0.07314	0.00866	0.01068	0.00679	0.00396	0.00405	0.00125	0.00493	0.00369	0.00232	0.00606
13	0.00526	0.00388	0.00506	0.00562	0.00612	0.00379	0.00394	0.00615	0.00772	0.01023	0.02231	0.48832	0.13938	0.07717	0.17542	0.00280	0.00423	0.02586	0.00339	0.00337
14	0.00989	0.00611	0.00663	0.00596	0.00767	0.00645	0.00463	0.08236	0.22280	0.10007	0.02596	0.05628	0.02757	0.00558	0.00363	0.00117	0.00267	0.00458	0.41489	0.00509
15	0.01163	0.10710	0.02260	0.11609	0.24949	0.05017	0.08375	0.14327	0.02264	0.08790	0.00879	0.02376	0.00692	0.00438	0.00442	0.00125	0.04354	0.00373	0.00264	0.00593
16	0.00881	0.00924	0.05854	0.43273	0.30013	0.02709	0.05230	0.01152	0.00885	0.01189	0.02379	0.01136	0.00675	0.00410	0.00414	0.00131	0.00532	0.01480	0.00199	0.00533
17	0.00557	0.00394	0.00503	0.00548	0.00569	0.00396	0.00362	0.00612	0.00705	0.00949	0.01759	0.42723	0.02053	0.33153	0.08428	0.00298	0.02077	0.03292	0.00313	0.00308
18	0.06008	0.05963	0.01236	0.01016	0.01152	0.34562	0.02536	0.02531	0.00888	0.01071	0.00614	0.00840	0.00551	0.00633	0.03738	0.00157	0.35523	0.00311	0.00202	0.00467
19	0.00509	0.00420	0.00449	0.00450	0.00580	0.00360	0.00342	0.00632	0.00970	0.01197	0.15963	0.03854	0.66474	0.01014	0.00489	0.00140	0.00215	0.05196	0.00392	0.00354
20	0.01027	0.01113	0.00875	0.00818	0.00941	0.35926	0.00610	0.03347	0.00914	0.01017	0.02491	0.05409	0.00986	0.13609	0.24934	0.00316	0.04600	0.00423	0.00236	0.00408
21	0.00706	0.00434	0.00490	0.00485	0.00587	0.00426	0.00368	0.04622	0.00967	0.01481	0.17345	0.09698	0.08998	0.02132	0.01667	0.00133	0.00239	0.06034	0.42799	0.00388
22	0.05314	0.11850	0.01293	0.00918	0.01204	0.17954	0.00756	0.44867	0.03227	0.01914	0.00833	0.00886	0.00634	0.00466	0.00422	0.00118	0.04678	0.00323	0.00320	0.02023
23	0.01099	0.11415	0.16104	0.05464	0.10400	0.01067	0.05781	0.16245	0.13734	0.05574	0.02458	0.01076	0.00780	0.00442	0.00408	0.00122	0.02048	0.00363	0.00286	0.05135
24	0.07211	0.08905	0.04897	0.06288	0.09299	0.12168	0.05888	0.18588	0.04977	0.13810	0.02213	0.01031	0.00737	0.00439	0.00385	0.00120	0.00484	0.00350	0.00307	0.01901
25	0.00684	0.00584	0.00860	0.03092	0.00893	0.00724	0.02636	0.00813	0.00675	0.00982	0.02903	0.04059	0.01021	0.07928	0.46736	0.00455	0.23890	0.00457	0.00220	0.00388
26	0.00498	0.00364	0.00470	0.00555	0.00591	0.00335	0.00374	0.00573	0.00802	0.01055	0.02469	0.76445	0.11443	0.01259	0.00520	0.00164	0.00235	0.01134	0.00381	0.00335
27	0.02123	0.00940	0.11069	0.26169	0.18064	0.00878	0.08214	0.03526	0.00865	0.01203	0.00947	0.11541	0.00871	0.01927	0.02329	0.01654	0.06482	0.00471	0.00222	0.00503
28	0.03515	0.07298	0.05587	0.13036	0.16677	0.03368	0.16561	0.11143	0.06680	0.05461	0.03091	0.02689	0.02156	0.00446	0.00412	0.00128	0.00501	0.00410	0.00267	0.00573
29	0.00652	0.00489	0.00597	0.00663	0.06245	0.01997	0.00436	0.00774	0.02064	0.05585	0.09432	0.25781	0.27979	0.10076	0.05158	0.00199	0.00322	0.00812	0.00357	0.00384
30	0.00612	0.00413	0.00473	0.00468	0.00478	0.00419	0.00272	0.01949	0.00623	0.00835	0.01277	0.02597	0.01453	0.79501	0.06687	0.00408	0.00438	0.00584	0.00250	0.00263
31	0.01095	0.23759	0.05632	0.07581	0.15151	0.16524	0.02879	0.04484	0.03568	0.03441	0.01596	0.04764	0.04524	0.00477	0.00399	0.00117	0.02866	0.00373	0.00235	0.00533
32	0.02325	0.02471	0.17805	0.07650	0.03280	0.07580	0.19552	0.05845	0.02250	0.05698	0.02053	0.07257	0.08013	0.01779	0.00484	0.00139	0.02843	0.02188	0.00263	0.00522
33	0.01312	0.00641	0.00817	0.00668	0.00898	0.01867	0.01597	0.06434	0.02424	0.42755	0.23631	0.03499	0.03985	0.00621	0.00427	0.00126	0.00306	0.00523	0.06900	0.00568
34	0.01084	0.61068	0.01802	0.03096	0.02193	0.04355	0.00694	0.07499	0.03171	0.01133	0.00841	0.01893	0.04013	0.02783	0.00367	0.00107	0.01600	0.00298	0.01484	0.00521
35	0.00954	0.00798	0.07375	0.05412	0.06845	0.00719	0.01749	0.09279	0.13595	0.11093	0.16487	0.09564	0.07891	0.02294	0.00472	0.00138	0.00352	0.01672	0.00369	0.02942
36	0.04889	0.15636	0.05856	0.02491	0.04790	0.39140	0.01665	0.09707	0.01121	0.05791	0.01900	0.03717	0.00695	0.00451	0.00365	0.00112	0.00575	0.00322	0.00250	0.00528

[dist]
# distance from previous block
# <min> <max>
1	20

[block]
# block no. 7 follows, 65 sequences, length 30
# corresponding to MSA columns:
# 882-911
name=unknown_H
#
# <colnr> <probs for GDERKNQSTAVLIFYWHMCP>
#	G	D	E	R	K	N	Q	S	T	A	V	L	I	F	Y	W	H	M	C	P
0	0.49289	0.02147	0.04284	0.04500	0.09754	0.05462	0.07615	0.04512	0.03470	0.01628	0.00683	0.00820	0.00534	0.00402	0.00358	0.00128	0.03377	0.00290	0.00244	0.00502
1	0.17381	0.00563	0.00664	0.00668	0.02718	0.00600	0.01514	0.04424	0.03464	0.03884	0.09348	0.33991	0.01830	0.05589	0.06493	0.00197	0.03700	0.00710	0.01851	0.00411
2	0.00506	0.00365	0.00481	0.00571	0.00603	0.00340	0.00389	0.00583	0.00800	0.01058	0.02353	0.78066	0.06681	0.01268	0.00524	0.00166	0.00242	0.04288	0.00381	0.00336
3	0.06450	0.12696	0.03031	0.00954	0.01217	0.47686	0.00769	0.16847	0.04278	0.01383	0.00731	0.00805	0.00583	0.00429	0.00359	0.00110	0.00603	0.00284	0.00254	0.00533
4	0.00600	0.00411	0.00482	0.00481	0.00487	0.00424	0.00286	0.00615	0.00607	0.00818	0.01286	0.04605	0.01466	0.75366	0.08272	0.00407	0.02279	0.00594	0.00248	0.00264
5	0.03830	0.14735	0.19637	0.01999	0.07996	0.02785	0.06309	0.08027	0.07930	0.08335	0.00939	0.02457	0.00740	0.03009	0.00435	0.00126	0.01405	0.00354	0.01973	0.06978
6	0.04146	0.06653	0.58661	0.01237	0.01776	0.01008	0.18249	0.01296	0.00880	0.01304	0.00741	0.00898	0.00539	0.00378	0.00398	0.00129	0.00604	0.00334	0.00184	0.00585
7	0.00597	0.00398	0.00448	0.00448	0.00448	0.00398	0.00249	0.00597	0.00597	0.00796	0.01293	0.02686	0.01492	0.85574	0.02089	0.00398	0.00398	0.00597	0.00249	0.00249
8	0.00956	0.01074	0.07477	0.04360	0.35085	0.00972	0.36645	0.01258	0.00932	0.01311	0.00817	0.01078	0.00647	0.00443	0.02914	0.00145	0.00599	0.00416	0.02285	0.00584
9	0.00966	0.03711	0.15175	0.11025	0.09744	0.06917	0.05749	0.07926	0.14603	0.02384	0.02359	0.05628	0.04741	0.00617	0.03351	0.00150	0.01547	0.01389	0.01468	0.00549
10	0.00593	0.00396	0.00449	0.00452	0.00453	0.00396	0.00254	0.00596	0.00604	0.00805	0.01330	0.05788	0.01538	0.82410	0.02031	0.00389	0.00392	0.00618	0.00254	0.00252
11	0.00572	0.00419	0.00537	0.00507	0.00608	0.00384	0.00381	0.00758	0.01142	0.01598	0.75804	0.03145	0.10896	0.00857	0.00484	0.00130	0.00195	0.00753	0.00446	0.00384
12	0.03837	0.01059	0.07755	0.07954	0.37218	0.01007	0.09898	0.15114	0.05611	0.03143	0.00882	0.01080	0.00692	0.02415	0.00450	0.00133	0.00498	0.00382	0.00256	0.00615
13	0.00619	0.00552	0.04934	0.02721	0.05130	0.00473	0.01582	0.01745	0.02165	0.02608	0.05390	0.37554	0.20648	0.01108	0.04184	0.00174	0.00328	0.06174	0.01516	0.00396
14	0.00500	0.00359	0.00474	0.00566	0.00594	0.00334	0.00378	0.00572	0.00791	0.01050	0.02333	0.82265	0.05710	0.01277	0.00522	0.00166	0.00237	0.01156	0.00381	0.00334
15	0.00996	0.00959	0.01547	0.13614	0.64792	0.02967	0.01193	0.01299	0.06157	0.01317	0.00821	0.01053	0.00672	0.00386	0.00407	0.00125	0.00491	0.00369	0.00214	0.00619
16	0.01005	0.03707	0.10800	0.21033	0.12838	0.09287	0.04996	0.04600	0.06030	0.06616	0.03590	0.01386	0.03981	0.02141	0.00464	0.00136	0.02148	0.03393	0.01316	0.00533
17	0.00775	0.00730	0.01231	0.84587	0.02827	0.00912	0.01140	0.01049	0.00821	0.01049	0.00730	0.01094	0.00547	0.00410	0.00410	0.00137	0.00547	0.00365	0.00182	0.00456
18	0.02721	0.12902	0.09346	0.03456	0.20246	0.07218	0.02130	0.05047	0.00930	0.01299	0.00711	0.00872	0.00588	0.00380	0.00405	0.00103	0.05275	0.00295	0.00218	0.25859
19	0.00927	0.33921	0.52562	0.00992	0.01502	0.01208	0.01207	0.01273	0.00854	0.01173	0.00674	0.00788	0.00523	0.00375	0.00342	0.00114	0.00543	0.00271	0.00174	0.00576
20	0.00528	0.00410	0.00472	0.00474	0.00577	0.00363	0.00347	0.00653	0.00975	0.01264	0.29714	0.12692	0.41911	0.05783	0.00581	0.00154	0.00220	0.02132	0.00397	0.00354
21	0.04314	0.11400	0.11327	0.07090	0.02934	0.07839	0.06780	0.09708	0.05944	0.04645	0.08288	0.05702	0.03929	0.00618	0.02285	0.00141	0.02328	0.03920	0.00289	0.00521
22	0.02095	0.07009	0.16529	0.10497	0.06807	0.02099	0.05622	0.06922	0.09204	0.05025	0.02279	0.02353	0.05339	0.00586	0.01945	0.00145	0.08267	0.05153	0.00269	0.01857
23	0.00517	0.00426	0.00458	0.00465	0.00586	0.00375	0.00342	0.00666	0.04046	0.01177	0.11698	0.15573	0.60158	0.01037	0.00488	0.00142	0.00215	0.00882	0.00390	0.00360
24	0.00669	0.00388	0.00542	0.00542	0.00553	0.00401	0.00364	0.00590	0.00592	0.00801	0.02884	0.03636	0.01075	0.21075	0.09239	0.51957	0.02068	0.02181	0.00214	0.00230
25	0.01061	0.10710	0.10747	0.05908	0.12060	0.10066	0.10466	0.07295	0.02241	0.06380	0.00953	0.08893	0.00839	0.01666	0.02293	0.00144	0.07059	0.00429	0.00251	0.00540
26	0.14555	0.09170	0.04119	0.02338	0.15342	0.09138	0.09144	0.13948	0.05662	0.06989	0.00879	0.02294	0.00688	0.00436	0.00397	0.00123	0.02393	0.00352	0.01461	0.00573
27	0.00706	0.00531	0.00592	0.00608	0.02618	0.03587	0.00437	0.04101	0.03673	0.04631	0.11274	0.22062	0.24869	0.05496	0.02000	0.00164	0.00294	0.05349	0.06608	0.00398
28	0.03019	0.00747	0.00843	0.02458	0.06980	0.03887	0.00596	0.09744	0.21625	0.10109	0.08336	0.05847	0.04163	0.03775	0.00469	0.00138	0.00336	0.02413	0.13982	0.00534
29	0.18763	0.09292	0.02482	0.07884	0.17704	0.08703	0.01752	0.10568	0.03276	0.05289	0.00901	0.03455	0.02192	0.00506	0.02016	0.00134	0.02450	0.00353	0.01739	0.00541

[dist]
# distance from previous block
# <min> <max>
2	27

[block]
# block no. 8 follows, 65 sequences, length 20
# corresponding to MSA columns:
# 939-958
name=unknown_I
#
# <colnr> <probs for GDERKNQSTAVLIFYWHMCP>
#	G	D	E	R	K	N	Q	S	T	A	V	L	I	F	Y	W	H	M	C	P
0	0.10882	0.02539	0.04389	0.05131	0.09871	0.00779	0.03317	0.06017	0.06601	0.04440	0.11857	0.03901	0.01341	0.07607	0.09799	0.00214	0.04749	0.04527	0.00297	0.01743
1	0.00577	0.00421	0.00558	0.00635	0.00710	0.00402	0.00503	0.00713	0.00897	0.01168	0.06300	0.33476	0.12805	0.01163	0.00537	0.00172	0.00297	0.37923	0.00383	0.00358
2	0.05025	0.19693	0.01357	0.00897	0.01165	0.16078	0.04811	0.20248	0.15118	0.01539	0.00942	0.02660	0.00763	0.00606	0.04789	0.00147	0.02959	0.00353	0.00290	0.00562
3	0.00604	0.00453	0.00613	0.05197	0.04108	0.00459	0.02055	0.00695	0.02144	0.00973	0.03122	0.29007	0.03714	0.38348	0.06441	0.00294	0.00399	0.00753	0.00293	0.00329
4	0.03028	0.27109	0.25635	0.02881	0.04639	0.06487	0.08648	0.03845	0.02213	0.05831	0.00819	0.04253	0.00671	0.00422	0.00364	0.00116	0.00517	0.00339	0.00223	0.01960
5	0.08753	0.22335	0.09693	0.03839	0.07998	0.03015	0.08604	0.08492	0.03447	0.04157	0.03431	0.01234	0.02567	0.00469	0.00392	0.00121	0.02446	0.04280	0.04189	0.00538
6	0.00586	0.00396	0.00451	0.00458	0.00466	0.00391	0.00264	0.00599	0.00635	0.00844	0.03331	0.09007	0.04125	0.74641	0.01884	0.00366	0.00375	0.00652	0.00267	0.00261
7	0.02530	0.00872	0.11664	0.06439	0.18189	0.00755	0.03314	0.06256	0.01944	0.03490	0.03070	0.10154	0.03310	0.03541	0.10832	0.01768	0.03179	0.01975	0.06221	0.00497
8	0.06897	0.05015	0.05540	0.14056	0.18063	0.08671	0.09439	0.06419	0.08087	0.01346	0.00942	0.01124	0.03473	0.00549	0.03628	0.00150	0.05442	0.00378	0.00239	0.00543
9	0.00597	0.00398	0.00448	0.00448	0.00448	0.00398	0.00249	0.00597	0.00597	0.00796	0.01293	0.02686	0.01492	0.85574	0.02089	0.00398	0.00398	0.00597	0.00249	0.00249
10	0.00608	0.00426	0.00528	0.00552	0.00641	0.00401	0.00410	0.02623	0.00938	0.03279	0.18119	0.30940	0.18733	0.02506	0.03863	0.00173	0.00280	0.09118	0.05489	0.00372
11	0.00844	0.03723	0.04259	0.15602	0.12210	0.02366	0.00760	0.06348	0.16314	0.01375	0.07079	0.11559	0.13178	0.00659	0.00432	0.00134	0.00379	0.00567	0.01706	0.00507
12	0.02769	0.18722	0.20560	0.05507	0.08840	0.13248	0.05873	0.01306	0.03423	0.03195	0.02639	0.00954	0.00672	0.00518	0.03247	0.00140	0.07312	0.00326	0.00211	0.00539
13	0.00722	0.00748	0.09824	0.00716	0.02351	0.02114	0.03219	0.01083	0.13909	0.03020	0.32981	0.02666	0.20205	0.00763	0.00462	0.00135	0.00305	0.03935	0.00381	0.00461
14	0.00969	0.01107	0.02422	0.01730	0.02145	0.01038	0.81522	0.01315	0.00969	0.01315	0.00830	0.01107	0.00623	0.00346	0.00484	0.00138	0.00692	0.00484	0.00208	0.00554
15	0.20387	0.00967	0.01226	0.05338	0.27050	0.09228	0.04784	0.01192	0.00838	0.01329	0.00753	0.01089	0.00662	0.02065	0.00579	0.00141	0.15844	0.03593	0.02422	0.00511
16	0.00862	0.06952	0.62060	0.01142	0.01666	0.00980	0.07888	0.02980	0.03709	0.01312	0.00839	0.01071	0.00645	0.00483	0.02262	0.00143	0.00592	0.03629	0.00199	0.00586
17	0.01081	0.13549	0.08798	0.04978	0.08922	0.12653	0.03663	0.11943	0.05152	0.02793	0.07927	0.01172	0.02088	0.00539	0.02654	0.00131	0.03980	0.00368	0.01439	0.06167
18	0.00781	0.07936	0.06528	0.00701	0.00873	0.03124	0.04316	0.03543	0.02483	0.03499	0.09250	0.05443	0.11048	0.14606	0.10254	0.03484	0.02775	0.05046	0.01738	0.02572
19	0.01185	0.33316	0.08223	0.00859	0.02767	0.07355	0.00770	0.20657	0.08799	0.03391	0.00927	0.05268	0.00776	0.00468	0.00352	0.00111	0.00448	0.00349	0.02232	0.01746

[dist]
# distance from previous block
# <min> <max>
3	9

[block]
# block no. 9 follows, 65 sequences, length 8
# corresponding to MSA columns:
# 969-976
name=unknown_J
#
# <colnr> <probs for GDERKNQSTAVLIFYWHMCP>
#	G	D	E	R	K	N	Q	S	T	A	V	L	I	F	Y	W	H	M	C	P
0	0.01096	0.05844	0.06237	0.09114	0.26818	0.04771	0.02216	0.12253	0.04056	0.08681	0.01094	0.05293	0.03482	0.00560	0.02187	0.00140	0.03359	0.01942	0.00279	0.00581
1	0.00596	0.03382	0.07465	0.00584	0.00726	0.00479	0.00485	0.02445	0.02660	0.01147	0.05921	0.29480	0.32330	0.01085	0.02640	0.04587	0.00300	0.02962	0.00347	0.00379
2	0.00621	0.00428	0.00509	0.00500	0.00532	0.00440	0.00318	0.03061	0.00667	0.00894	0.01413	0.02481	0.06554	0.60461	0.16063	0.03438	0.00507	0.00572	0.00255	0.00286
3	0.03129	0.07923	0.09752	0.09428	0.13315	0.13538	0.03527	0.07276	0.04674	0.06284	0.02707	0.05456	0.04854	0.01862	0.02133	0.00139	0.00496	0.00418	0.02556	0.00533
4	0.00967	0.03128	0.04793	0.18193	0.44649	0.03983	0.09794	0.01271	0.05013	0.01271	0.00834	0.02766	0.00687	0.00403	0.00413	0.00127	0.00521	0.00390	0.00212	0.00584
5	0.00584	0.00407	0.00502	0.00508	0.00534	0.00422	0.00327	0.00630	0.00637	0.00863	0.01414	0.07211	0.04701	0.56176	0.22938	0.00441	0.00561	0.00600	0.00254	0.00288
6	0.03150	0.05182	0.03055	0.06618	0.14655	0.02983	0.00783	0.24574	0.03829	0.14194	0.01114	0.03405	0.00861	0.00492	0.00389	0.00122	0.00412	0.02319	0.11268	0.00594
7	0.04035	0.04965	0.08938	0.07862	0.06608	0.08690	0.07884	0.06097	0.07400	0.02717	0.02944	0.04593	0.09737	0.00618	0.02233	0.00142	0.07374	0.02331	0.00271	0.04564

[dist]
# distance from previous block
# <min> <max>
1	32

[block]
# block no. 10 follows, 65 sequences, length 13
# corresponding to MSA columns:
# 1009-1021
name=unknown_K
#
# <colnr> <probs for GDERKNQSTAVLIFYWHMCP>
#	G	D	E	R	K	N	Q	S	T	A	V	L	I	F	Y	W	H	M	C	P
0	0.23148	0.11864	0.08880	0.00997	0.10675	0.07522	0.04813	0.09241	0.02675	0.03603	0.02100	0.05034	0.03204	0.00467	0.00354	0.00121	0.00434	0.00364	0.02653	0.01851
1	0.13595	0.02214	0.03352	0.02411	0.04637	0.00728	0.01863	0.05440	0.09076	0.05597	0.05765	0.09427	0.07074	0.08022	0.15051	0.00249	0.04215	0.00517	0.00306	0.00460
2	0.00631	0.00418	0.00566	0.00613	0.00677	0.00405	0.00479	0.00695	0.00821	0.01072	0.07368	0.11275	0.11326	0.04326	0.00881	0.23585	0.00328	0.33897	0.00326	0.00313
3	0.04228	0.16642	0.01278	0.06223	0.02586	0.10813	0.03680	0.14279	0.28139	0.01548	0.02495	0.02462	0.02908	0.00494	0.00383	0.00123	0.00438	0.00390	0.00315	0.00575
4	0.00828	0.00914	0.15843	0.00996	0.10491	0.00680	0.06635	0.03558	0.04907	0.06077	0.10076	0.09560	0.12031	0.04394	0.03460	0.00161	0.00418	0.01937	0.01623	0.05411
5	0.03699	0.30738	0.33696	0.00970	0.01409	0.06111	0.04566	0.08882	0.00984	0.04373	0.00729	0.00823	0.00560	0.00390	0.00348	0.00114	0.00528	0.00288	0.00215	0.00576
6	0.27701	0.21012	0.01168	0.00727	0.01004	0.07769	0.01807	0.12318	0.06026	0.08504	0.01001	0.03352	0.03773	0.00476	0.00335	0.00119	0.00402	0.01682	0.00295	0.00529
7	0.00577	0.00385	0.00460	0.00485	0.00491	0.00379	0.00289	0.00587	0.00644	0.00858	0.01520	0.24358	0.01776	0.59242	0.01653	0.04660	0.00354	0.00735	0.00280	0.00268
8	0.01029	0.03053	0.02666	0.09980	0.01266	0.17888	0.05606	0.10002	0.14457	0.03470	0.05347	0.14986	0.07210	0.00651	0.00431	0.00132	0.00451	0.00549	0.00321	0.00504
9	0.01209	0.10280	0.05735	0.05526	0.29141	0.21462	0.06185	0.04388	0.01025	0.08232	0.00804	0.00956	0.00635	0.00454	0.02128	0.00128	0.00567	0.00335	0.00234	0.00576
10	0.00582	0.00417	0.00542	0.00546	0.00588	0.00445	0.00377	0.00657	0.00653	0.00895	0.01416	0.05146	0.06341	0.40194	0.38891	0.00492	0.00697	0.00562	0.00248	0.00311
11	0.00508	0.00365	0.00483	0.00575	0.00607	0.00341	0.00393	0.00586	0.00799	0.01059	0.02327	0.78251	0.05617	0.01269	0.00525	0.00167	0.00244	0.05165	0.00381	0.00336
12	0.05611	0.00932	0.05956	0.05246	0.05119	0.10900	0.00690	0.06834	0.20827	0.03453	0.01591	0.21270	0.06307	0.00715	0.00433	0.00139	0.00395	0.02737	0.00336	0.00509

[dist]
# distance from previous block
# <min> <max>
1	2

[block]
# block no. 11 follows, 65 sequences, length 6
# corresponding to MSA columns:
# 1024-1029
name=unknown_L
#
# <colnr> <probs for GDERKNQSTAVLIFYWHMCP>
#	G	D	E	R	K	N	Q	S	T	A	V	L	I	F	Y	W	H	M	C	P
0	0.01068	0.03135	0.03392	0.05356	0.11137	0.05906	0.00736	0.18829	0.04701	0.01593	0.03555	0.01006	0.00757	0.00398	0.00362	0.00097	0.00407	0.00321	0.00281	0.36963
1	0.00713	0.00540	0.00789	0.00733	0.00826	0.00617	0.04040	0.00905	0.05273	0.04623	0.01159	0.01762	0.01087	0.12567	0.51635	0.00493	0.08094	0.03496	0.00249	0.00398
2	0.00981	0.00732	0.00764	0.00706	0.00864	0.07018	0.00541	0.17477	0.08270	0.07530	0.01757	0.22968	0.06797	0.07050	0.00572	0.00160	0.00356	0.08615	0.06365	0.00476
3	0.06176	0.02287	0.06667	0.03762	0.10939	0.10376	0.04455	0.08705	0.11342	0.05984	0.04265	0.03805	0.02080	0.02771	0.03163	0.00150	0.05692	0.00406	0.00288	0.06686
4	0.01005	0.18017	0.12620	0.00748	0.01046	0.02528	0.00700	0.04326	0.00915	0.11999	0.03692	0.04919	0.04107	0.06312	0.03827	0.00151	0.04999	0.00393	0.00275	0.17422
5	0.00811	0.02786	0.02617	0.00672	0.00817	0.03687	0.00527	0.08123	0.13472	0.03163	0.11930	0.16350	0.12261	0.07607	0.04793	0.00187	0.03692	0.03420	0.02636	0.00449

[dist]
# distance from previous block
# <min> <max>
1	9

[block]
# block no. 12 follows, 65 sequences, length 28
# corresponding to MSA columns:
# 1039-1066
name=unknown_M
#
# <colnr> <probs for GDERKNQSTAVLIFYWHMCP>
#	G	D	E	R	K	N	Q	S	T	A	V	L	I	F	Y	W	H	M	C	P
0	0.06111	0.11865	0.36470	0.00986	0.01393	0.04050	0.04520	0.07046	0.09696	0.02533	0.02077	0.01129	0.01845	0.01536	0.00436	0.00131	0.03428	0.02686	0.00244	0.01818
