[name]
unknown

[dist]
# distance from previous block
# <min> <max>
0	154

[block]
# block no. 0 follows, 72 sequences, length 24
# corresponding to MSA columns:
# 156-179
name=unknown_A
#
# <colnr> <probs for GDERKNQSTAVLIFYWHMCP>
#	G	D	E	R	K	N	Q	S	T	A	V	L	I	F	Y	W	H	M	C	P
0	0.06489	0.00954	0.09225	0.01195	0.20149	0.04778	0.07892	0.13171	0.06099	0.02325	0.01013	0.10260	0.00919	0.00512	0.00404	0.00121	0.02126	0.05830	0.00263	0.06277
1	0.00840	0.00650	0.00756	0.00778	0.08323	0.04094	0.00537	0.02412	0.26366	0.09289	0.20581	0.13037	0.09401	0.00678	0.00415	0.00126	0.00285	0.00586	0.00368	0.00479
2	0.00610	0.08629	0.00650	0.00493	0.00613	0.00470	0.00386	0.00777	0.01030	0.03854	0.68092	0.02634	0.08873	0.00736	0.00426	0.00116	0.00206	0.00639	0.00390	0.00376
3	0.00727	0.00680	0.00954	0.00851	0.00866	0.00913	0.00689	0.00815	0.00599	0.00904	0.00780	0.09177	0.00815	0.05067	0.17167	0.00258	0.57735	0.00427	0.00194	0.00382
4	0.00499	0.00386	0.00455	0.00438	0.00544	0.00342	0.00328	0.00643	0.00985	0.01311	0.50222	0.03178	0.37593	0.00853	0.00448	0.00123	0.00184	0.00734	0.00390	0.00342
5	0.00548	0.00447	0.00465	0.00442	0.00580	0.00403	0.00336	0.08405	0.00957	0.01180	0.07956	0.07047	0.68063	0.00912	0.00443	0.00127	0.00214	0.00763	0.00358	0.00353
6	0.00984	0.75722	0.01806	0.00638	0.00927	0.04285	0.00612	0.01093	0.00760	0.00879	0.00593	0.00789	0.00572	0.08545	0.00407	0.00109	0.00412	0.00237	0.00170	0.00461
7	0.09002	0.00419	0.00512	0.00488	0.00588	0.00403	0.00366	0.00755	0.00999	0.02923	0.66734	0.10735	0.03127	0.00770	0.00430	0.00122	0.00196	0.00673	0.00395	0.00363
8	0.07178	0.07550	0.53762	0.02665	0.08540	0.03468	0.01151	0.01254	0.00828	0.09140	0.00737	0.00833	0.00531	0.00367	0.00346	0.00116	0.00501	0.00284	0.00199	0.00550
9	0.01331	0.00982	0.01049	0.00814	0.01096	0.01076	0.00669	0.73333	0.01673	0.02238	0.01197	0.01183	0.08600	0.00503	0.00383	0.00115	0.00390	0.00385	0.02375	0.00607
10	0.89350	0.00733	0.00557	0.00499	0.00733	0.00851	0.00411	0.01115	0.00645	0.01702	0.00528	0.00616	0.00411	0.00352	0.00235	0.00117	0.00293	0.00205	0.00235	0.00411
11	0.01417	0.01808	0.01075	0.00977	0.01172	0.85149	0.00733	0.01514	0.01075	0.00928	0.00586	0.00684	0.00489	0.00391	0.00342	0.00098	0.00684	0.00244	0.00195	0.00440
12	0.00461	0.00332	0.00438	0.00522	0.00549	0.00309	0.00349	0.00529	0.00732	0.00970	0.02162	0.83020	0.05866	0.01179	0.00483	0.00153	0.00219	0.01067	0.00352	0.00309
13	0.00844	0.00921	0.04125	0.27491	0.16981	0.00911	0.40815	0.01130	0.00845	0.01143	0.00727	0.00998	0.00556	0.00342	0.00411	0.00124	0.00562	0.00389	0.00183	0.00501
14	0.01442	0.01062	0.01138	0.00873	0.01176	0.01176	0.00721	0.83041	0.01783	0.02390	0.00911	0.00911	0.00645	0.00455	0.00379	0.00114	0.00417	0.00341	0.00379	0.00645
15	0.00465	0.00337	0.00441	0.00522	0.00554	0.00313	0.00355	0.00536	0.00741	0.00977	0.02219	0.77958	0.08588	0.01167	0.00483	0.00153	0.00222	0.03309	0.00352	0.00310
16	0.00880	0.00808	0.05036	0.05516	0.03575	0.00770	0.18343	0.14274	0.13185	0.04621	0.03768	0.01765	0.20522	0.02218	0.00439	0.00128	0.00390	0.00497	0.02775	0.00492
17	0.01417	0.01808	0.01075	0.00977	0.01172	0.85149	0.00733	0.01514	0.01075	0.00928	0.00586	0.00684	0.00489	0.00391	0.00342	0.00098	0.00684	0.00244	0.00195	0.00440
18	0.01548	0.00678	0.00876	0.00691	0.00967	0.00631	0.00564	0.04911	0.13085	0.67048	0.03842	0.01339	0.01035	0.00484	0.00384	0.00119	0.00319	0.00395	0.00452	0.00631
19	0.00493	0.00377	0.00391	0.00394	0.00508	0.00327	0.00293	0.00604	0.00861	0.01112	0.08853	0.08101	0.61807	0.00886	0.00424	0.00123	0.00191	0.00744	0.13185	0.00327
20	0.00896	0.01418	0.38388	0.01549	0.34319	0.06099	0.01199	0.01222	0.03029	0.02573	0.00714	0.00874	0.00555	0.00376	0.00415	0.00118	0.05197	0.00309	0.00185	0.00563
21	0.00698	0.00566	0.00819	0.11853	0.08393	0.00658	0.00623	0.06072	0.00738	0.01040	0.03799	0.01439	0.01827	0.11368	0.33410	0.02873	0.10345	0.00406	0.02687	0.00384
22	0.00469	0.00342	0.00432	0.00498	0.00542	0.00313	0.00340	0.00548	0.00766	0.01012	0.05866	0.67034	0.15977	0.01114	0.00471	0.00147	0.00213	0.00997	0.02608	0.00313
23	0.69028	0.04639	0.00726	0.00623	0.02567	0.14928	0.00490	0.01183	0.00727	0.01528	0.00542	0.00634	0.00431	0.00357	0.00256	0.00112	0.00367	0.00215	0.00224	0.00423

[dist]
# distance from previous block
# <min> <max>
0	2

[block]
# block no. 1 follows, 72 sequences, length 11
# corresponding to MSA columns:
# 182-192
name=unknown_B
#
# <colnr> <probs for GDERKNQSTAVLIFYWHMCP>
#	G	D	E	R	K	N	Q	S	T	A	V	L	I	F	Y	W	H	M	C	P
0	0.00579	0.00454	0.00582	0.00578	0.00635	0.03858	0.00427	0.00681	0.00615	0.00848	0.01041	0.01690	0.01031	0.22439	0.62198	0.00532	0.00850	0.00434	0.00209	0.00317
1	0.00886	0.08335	0.34498	0.02835	0.15723	0.06084	0.09902	0.03320	0.06490	0.01204	0.00851	0.00979	0.03618	0.00396	0.00396	0.00117	0.03294	0.00333	0.00199	0.00538
2	0.00743	0.00463	0.00575	0.00512	0.00654	0.00423	0.00392	0.00946	0.05584	0.14680	0.47454	0.02539	0.15506	0.03538	0.00475	0.00126	0.00221	0.00617	0.00399	0.04152
3	0.00799	0.00887	0.11592	0.12445	0.25747	0.00776	0.09814	0.03254	0.02333	0.02835	0.08064	0.01442	0.10282	0.00592	0.04544	0.00146	0.03292	0.00429	0.00234	0.00494
4	0.00507	0.00354	0.00450	0.00489	0.00519	0.00344	0.00324	0.00555	0.00677	0.00901	0.04486	0.40432	0.09063	0.24823	0.09197	0.05169	0.00341	0.00789	0.00296	0.00284
5	0.00470	0.00385	0.00414	0.00407	0.00525	0.00329	0.00305	0.00586	0.00915	0.01144	0.23234	0.03452	0.64685	0.00916	0.00448	0.00126	0.00189	0.00773	0.00368	0.00329
6	0.02573	0.00940	0.08167	0.13991	0.32909	0.00957	0.00990	0.07023	0.12320	0.01282	0.00796	0.00978	0.00637	0.00432	0.00514	0.00126	0.14262	0.00342	0.00221	0.00540
7	0.01089	0.19437	0.11585	0.07793	0.06701	0.17304	0.02416	0.17918	0.05471	0.01323	0.01913	0.00876	0.00625	0.00480	0.03382	0.00124	0.00509	0.00299	0.00232	0.00521
8	0.10183	0.00778	0.06705	0.00685	0.00972	0.00666	0.00594	0.09449	0.00992	0.39422	0.01111	0.04592	0.00803	0.00472	0.00406	0.02212	0.03165	0.00351	0.00350	0.16093
9	0.01138	0.17272	0.13772	0.01017	0.07779	0.05647	0.07921	0.22070	0.10211	0.08234	0.00876	0.00923	0.00653	0.00400	0.00355	0.00111	0.00452	0.00323	0.00273	0.00572
10	0.00948	0.48736	0.22860	0.00950	0.04787	0.04421	0.10304	0.01177	0.00808	0.01023	0.00604	0.00721	0.00500	0.00336	0.00306	0.00098	0.00484	0.00258	0.00167	0.00511

[dist]
# distance from previous block
# <min> <max>
2	9

[block]
# block no. 2 follows, 72 sequences, length 58
# corresponding to MSA columns:
# 202-259
name=unknown_C
#
# <colnr> <probs for GDERKNQSTAVLIFYWHMCP>
#	G	D	E	R	K	N	Q	S	T	A	V	L	I	F	Y	W	H	M	C	P
0	0.03303	0.10671	0.15497	0.02730	0.22637	0.05825	0.06619	0.07417	0.11055	0.06752	0.00866	0.02382	0.00677	0.00401	0.00373	0.00115	0.01542	0.00339	0.00241	0.00557
1	0.01095	0.00551	0.00706	0.00646	0.05246	0.00489	0.00479	0.01262	0.03560	0.39880	0.06281	0.02160	0.28391	0.00643	0.00401	0.00119	0.00272	0.01555	0.04157	0.02104
2	0.00942	0.02904	0.39529	0.01064	0.04315	0.04273	0.08676	0.12391	0.19390	0.01433	0.00906	0.00970	0.00667	0.00403	0.00375	0.00120	0.00489	0.00336	0.00245	0.00572
3	0.00859	0.00813	0.01361	0.18635	0.57752	0.00847	0.02091	0.01110	0.03564	0.01194	0.03551	0.03427	0.02323	0.00401	0.00384	0.00118	0.00439	0.00382	0.00206	0.00543
4	0.00468	0.00336	0.00444	0.00520	0.00551	0.00312	0.00351	0.00544	0.00758	0.01016	0.08971	0.77499	0.04524	0.01148	0.00480	0.00151	0.00216	0.01039	0.00358	0.00312
5	0.00475	0.00378	0.00409	0.00420	0.00515	0.00332	0.00302	0.00561	0.00814	0.01003	0.06936	0.12090	0.56486	0.13625	0.00674	0.00168	0.00226	0.03941	0.00337	0.00308
6	0.00500	0.00346	0.00429	0.00480	0.00493	0.00333	0.00301	0.00538	0.00653	0.00870	0.01714	0.51154	0.02034	0.37106	0.01092	0.00244	0.00282	0.00857	0.00301	0.00275
7	0.00786	0.00674	0.00786	0.00562	0.00899	0.00506	0.00449	0.00955	0.00786	0.01236	0.00674	0.00786	0.00562	0.00281	0.00281	0.00056	0.00281	0.00225	0.00225	0.88990
8	0.89350	0.00733	0.00557	0.00499	0.00733	0.00851	0.00411	0.01115	0.00645	0.01702	0.00528	0.00616	0.00411	0.00352	0.00235	0.00117	0.00293	0.00205	0.00235	0.00411
9	0.00537	0.00388	0.00507	0.00477	0.00567	0.00358	0.00358	0.00716	0.01074	0.01521	0.84106	0.02833	0.03578	0.00775	0.00447	0.00119	0.00179	0.00686	0.00417	0.00358
10	0.89350	0.00733	0.00557	0.00499	0.00733	0.00851	0.00411	0.01115	0.00645	0.01702	0.00528	0.00616	0.00411	0.00352	0.00235	0.00117	0.00293	0.00205	0.00235	0.00411
11	0.01418	0.01777	0.01077	0.00973	0.01173	0.81659	0.00732	0.04903	0.01104	0.00989	0.00600	0.00693	0.00495	0.00393	0.00344	0.00098	0.00673	0.00248	0.00203	0.00448
12	0.00546	0.00388	0.00517	0.00517	0.00553	0.00424	0.00359	0.00618	0.00582	0.00812	0.01100	0.01959	0.01152	0.42451	0.45840	0.00495	0.00710	0.00475	0.00216	0.00287
13	0.78508	0.04293	0.00643	0.00519	0.00763	0.00854	0.00433	0.01176	0.00687	0.08462	0.00607	0.00671	0.00457	0.00361	0.00247	0.00116	0.00300	0.00220	0.00251	0.00433
14	0.00818	0.00812	0.01139	0.00980	0.00982	0.01133	0.00815	0.00903	0.00582	0.00911	0.00519	0.00857	0.00517	0.00755	0.04745	0.00184	0.82433	0.00335	0.00168	0.00412
15	0.00551	0.00368	0.00417	0.00416	0.00419	0.00367	0.00234	0.00557	0.00570	0.00763	0.04119	0.02494	0.01456	0.83642	0.01878	0.00359	0.00361	0.00556	0.00236	0.00234
16	0.00539	0.00398	0.00508	0.00495	0.00585	0.00374	0.00371	0.00729	0.03719	0.01405	0.62621	0.10822	0.09814	0.00865	0.01844	0.00134	0.00208	0.03813	0.00399	0.00357
17	0.02508	0.25799	0.04630	0.14966	0.29136	0.05664	0.03802	0.03397	0.00843	0.01103	0.00683	0.03130	0.00588	0.00376	0.00353	0.00108	0.01903	0.00313	0.00187	0.00512
18	0.01051	0.01420	0.17673	0.01256	0.06452	0.27849	0.27965	0.05428	0.00972	0.01179	0.00744	0.02589	0.00597	0.00386	0.00388	0.00116	0.00597	0.01318	0.01518	0.00502
19	0.00485	0.00355	0.00447	0.00506	0.00553	0.00330	0.00353	0.00565	0.00764	0.00998	0.06427	0.53089	0.16201	0.09128	0.00615	0.00170	0.00239	0.08124	0.00344	0.00309
20	0.00843	0.04145	0.00905	0.07960	0.02417	0.10654	0.02674	0.03527	0.07525	0.04479	0.02118	0.04554	0.00925	0.14408	0.17311	0.01933	0.12570	0.00412	0.00235	0.00405
21	0.01173	0.08026	0.20337	0.00970	0.05820	0.05757	0.04412	0.26945	0.02800	0.13814	0.00956	0.05636	0.00736	0.00451	0.00371	0.00115	0.00449	0.00363	0.00295	0.00574
22	0.00791	0.00731	0.01208	0.61034	0.16929	0.00856	0.02795	0.05563	0.00834	0.01100	0.00734	0.02931	0.00585	0.00435	0.01836	0.00132	0.00496	0.00358	0.00189	0.00464
23	0.57222	0.02767	0.06801	0.00818	0.09317	0.11774	0.01898	0.02245	0.00754	0.01493	0.00573	0.00683	0.00453	0.00361	0.00291	0.00115	0.01528	0.00236	0.00218	0.00451
24	0.00518	0.00354	0.00423	0.00456	0.00464	0.00346	0.00275	0.00543	0.00616	0.00821	0.01526	0.33492	0.01796	0.55092	0.01396	0.00289	0.00313	0.00746	0.00275	0.00259
25	0.00740	0.07077	0.35603	0.02765	0.03507	0.00736	0.01831	0.02385	0.03407	0.03635	0.16858	0.06605	0.07156	0.01645	0.00427	0.00125	0.02073	0.02687	0.00261	0.00475
26	0.07289	0.05906	0.25556	0.01479	0.29384	0.05948	0.11843	0.01243	0.04373	0.02415	0.00726	0.00879	0.00565	0.00355	0.00362	0.00115	0.00499	0.00318	0.00195	0.00549
27	0.00915	0.00752	0.01942	0.00670	0.00973	0.00614	0.00535	0.01052	0.00839	0.05813	0.00833	0.03593	0.00717	0.00410	0.00414	0.00089	0.07604	0.00299	0.00265	0.71672
28	0.00461	0.00372	0.00410	0.00426	0.00526	0.00321	0.00310	0.00559	0.00855	0.01064	0.11860	0.22223	0.57302	0.00992	0.00456	0.00133	0.00197	0.00851	0.00359	0.00321
29	0.00827	0.00823	0.04764	0.34183	0.31370	0.02557	0.00990	0.04703	0.04450	0.01167	0.00962	0.06238	0.04447	0.00448	0.00386	0.00122	0.00448	0.00403	0.00214	0.00498
30	0.00980	0.14477	0.31490	0.04630	0.18588	0.04892	0.04626	0.08411	0.01965	0.05406	0.00735	0.00854	0.00558	0.00366	0.00352	0.00112	0.00493	0.00300	0.00207	0.00556
31	0.00557	0.00426	0.00629	0.00621	0.00682	0.00504	0.00482	0.00684	0.00606	0.00876	0.00997	0.01498	0.00943	0.06202	0.77485	0.00577	0.05282	0.00409	0.00202	0.00338
32	0.00474	0.00387	0.00401	0.00398	0.00524	0.00326	0.00298	0.00575	0.00876	0.02434	0.08424	0.05833	0.75849	0.00948	0.00448	0.00128	0.00194	0.00794	0.00358	0.00327
33	0.01363	0.07245	0.12701	0.04094	0.06992	0.09175	0.01732	0.07057	0.02454	0.41729	0.01090	0.01051	0.00737	0.00421	0.00365	0.00113	0.00423	0.00335	0.00335	0.00588
34	0.01368	0.04792	0.02854	0.00931	0.02774	0.07440	0.05647	0.58048	0.03797	0.07209	0.00907	0.00923	0.00651	0.00435	0.00375	0.00113	0.00444	0.00338	0.00343	0.00611
35	0.74969	0.08130	0.00746	0.00624	0.05429	0.02727	0.00480	0.01128	0.00678	0.01590	0.00540	0.00635	0.00430	0.00350	0.00246	0.00114	0.00320	0.00213	0.00225	0.00428
36	0.09206	0.00769	0.01240	0.44980	0.34450	0.00866	0.01036	0.01059	0.00789	0.01144	0.00676	0.00945	0.00534	0.00360	0.00364	0.00120	0.00464	0.00325	0.00182	0.00491
37	0.00893	0.02798	0.02029	0.03433	0.05060	0.00617	0.00556	0.08156	0.00898	0.06422	0.00850	0.02506	0.00717	0.00375	0.00320	0.00080	0.00318	0.04647	0.01926	0.57397
38	0.00457	0.00356	0.00413	0.00458	0.00530	0.00315	0.00320	0.00536	0.00788	0.00991	0.02903	0.45781	0.41110	0.02595	0.00493	0.00146	0.00209	0.00937	0.00350	0.00312
39	0.00600	0.00427	0.00590	0.00671	0.00749	0.00426	0.00573	0.00758	0.00844	0.01100	0.01954	0.07733	0.02140	0.07076	0.00621	0.00187	0.00345	0.72525	0.00341	0.00339
40	0.89350	0.00733	0.00557	0.00499	0.00733	0.00851	0.00411	0.01115	0.00645	0.01702	0.00528	0.00616	0.00411	0.00352	0.00235	0.00117	0.00293	0.00205	0.00235	0.00411
41	0.00459	0.00385	0.00399	0.00395	0.00519	0.00325	0.00297	0.00565	0.00890	0.01084	0.13488	0.03552	0.74469	0.00938	0.00448	0.00127	0.00191	0.00787	0.00360	0.00325
42	0.00707	0.00353	0.00353	0.00353	0.00442	0.00353	0.00265	0.00884	0.00795	0.01414	0.01237	0.01414	0.00972	0.00442	0.00265	0.00088	0.00177	0.00353	0.88777	0.00353
43	0.00535	0.00388	0.00504	0.00475	0.00565	0.00357	0.00356	0.00712	0.01069	0.01510	0.82353	0.02851	0.05338	0.00779	0.00447	0.00119	0.00179	0.00688	0.00416	0.00357
44	0.89350	0.00733	0.00557	0.00499	0.00733	0.00851	0.00411	0.01115	0.00645	0.01702	0.00528	0.00616	0.00411	0.00352	0.00235	0.00117	0.00293	0.00205	0.00235	0.00411
45	0.00470	0.00343	0.00472	0.00545	0.00575	0.00320	0.01846	0.00541	0.00731	0.00973	0.02093	0.83638	0.03697	0.01169	0.00483	0.00153	0.00227	0.01063	0.00349	0.00312
46	0.00895	0.01023	0.02238	0.01598	0.01982	0.00959	0.82928	0.01215	0.00895	0.01215	0.00767	0.01023	0.00575	0.00320	0.00448	0.00128	0.00639	0.00448	0.00192	0.00512
47	0.01404	0.00688	0.00852	0.00685	0.00940	0.00670	0.00555	0.10025	0.16728	0.50868	0.07211	0.01389	0.01136	0.00497	0.00381	0.00118	0.00311	0.00406	0.04532	0.00603
48	0.00511	0.00353	0.00432	0.00475	0.00490	0.00342	0.00300	0.00549	0.00647	0.00860	0.01675	0.40701	0.03330	0.43390	0.01199	0.00260	0.00297	0.03626	0.00292	0.00271
49	0.00606	0.00381	0.00442	0.00437	0.00457	0.00376	0.00262	0.00627	0.00606	0.04612	0.02823	0.05060	0.01448	0.74067	0.01709	0.00333	0.00352	0.02785	0.02358	0.00260
50	0.01061	0.07665	0.08747	0.06165	0.18512	0.12067	0.03807	0.14171	0.06583	0.05896	0.00928	0.04208	0.02450	0.00441	0.00391	0.00114	0.02899	0.00359	0.01685	0.01851
51	0.43243	0.06149	0.07872	0.01832	0.04224	0.04098	0.00640	0.19984	0.06047	0.01706	0.00702	0.00768	0.00532	0.00386	0.00299	0.00114	0.00375	0.00265	0.00262	0.00502
52	0.01442	0.01062	0.01138	0.00873	0.01176	0.01176	0.00721	0.83041	0.01783	0.02390	0.00911	0.00911	0.00645	0.00455	0.00379	0.00114	0.00417	0.00341	0.00379	0.00645
53	0.00785	0.01631	0.63724	0.00970	0.01434	0.00830	0.01175	0.03873	0.08127	0.02472	0.09456	0.01110	0.01892	0.00429	0.00374	0.00121	0.00486	0.00345	0.00220	0.00544
54	0.00761	0.01962	0.84707	0.01081	0.01641	0.00881	0.01401	0.01201	0.00801	0.01201	0.00681	0.00801	0.00480	0.00360	0.00360	0.00120	0.00560	0.00280	0.00160	0.00560
55	0.03233	0.02446	0.02536	0.00861	0.01164	0.02916	0.00720	0.73749	0.03550	0.03669	0.00910	0.00911	0.00648	0.00450	0.00373	0.00114	0.00418	0.00336	0.00367	0.00631
56	0.00828	0.02785	0.03064	0.02982	0.03017	0.02483	0.01349	0.02080	0.02442	0.03710	0.03877	0.02216	0.00739	0.02127	0.00340	0.00078	0.00315	0.00281	0.00240	0.65047
57	0.32378	0.10690	0.09356	0.00837	0.05747	0.10388	0.03475	0.10676	0.03949	0.05348	0.00723	0.02325	0.00570	0.00395	0.00324	0.00113	0.01684	0.00282	0.00245	0.00495

[dist]
# distance from previous block
# <min> <max>
1	8

[block]
# block no. 3 follows, 72 sequences, length 6
# corresponding to MSA columns:
# 268-273
name=unknown_D
#
# <colnr> <probs for GDERKNQSTAVLIFYWHMCP>
#	G	D	E	R	K	N	Q	S	T	A	V	L	I	F	Y	W	H	M	C	P
0	0.05127	0.09064	0.16832	0.08050	0.12694	0.02369	0.13878	0.09436	0.03940	0.04142	0.00856	0.03387	0.02197	0.00398	0.00364	0.00113	0.00462	0.00352	0.00228	0.06110
1	0.79880	0.00724	0.00592	0.00518	0.00759	0.00819	0.00427	0.01194	0.00693	0.10655	0.00633	0.00689	0.00468	0.00365	0.00251	0.00117	0.00297	0.00224	0.00260	0.00436
2	0.00476	0.00346	0.00438	0.00506	0.00543	0.00322	0.00344	0.00546	0.00735	0.00961	0.02237	0.62774	0.13522	0.09536	0.00623	0.00172	0.00237	0.05035	0.00340	0.00304
3	0.44138	0.04684	0.05037	0.05045	0.12243	0.13243	0.00672	0.05594	0.00833	0.04511	0.00632	0.00738	0.00491	0.00366	0.00296	0.00113	0.00408	0.00253	0.00229	0.00473
4	0.00526	0.00400	0.00578	0.00583	0.00647	0.00410	0.03711	0.00632	0.00703	0.00958	0.05674	0.30361	0.07492	0.10375	0.32343	0.00342	0.00550	0.03113	0.00281	0.00324
5	0.00479	0.00360	0.00439	0.00480	0.00544	0.00327	0.00339	0.00571	0.00815	0.01060	0.14377	0.42897	0.26735	0.04925	0.00535	0.00152	0.00218	0.04075	0.00356	0.00317

[dist]
# distance from previous block
# <min> <max>
0	12

[block]
# block no. 4 follows, 72 sequences, length 9
# corresponding to MSA columns:
# 286-294
name=unknown_E
#
# <colnr> <probs for GDERKNQSTAVLIFYWHMCP>
#	G	D	E	R	K	N	Q	S	T	A	V	L	I	F	Y	W	H	M	C	P
0	0.01011	0.34778	0.05427	0.00965	0.12467	0.13322	0.02260	0.04264	0.00863	0.01080	0.00624	0.00764	0.00539	0.01892	0.00358	0.00095	0.03106	0.00255	0.00191	0.15738
1	0.11203	0.03145	0.00579	0.02036	0.00671	0.00499	0.00422	0.01810	0.00760	0.03300	0.03621	0.25802	0.16388	0.08554	0.04773	0.02157	0.03235	0.10395	0.00305	0.00345
2	0.03102	0.09098	0.09292	0.10055	0.15102	0.09153	0.05979	0.10228	0.09348	0.02404	0.03515	0.01030	0.00741	0.00607	0.07409	0.00155	0.01688	0.00341	0.00236	0.00515
3	0.00467	0.00337	0.00442	0.00518	0.00550	0.00312	0.00350	0.00542	0.00757	0.01010	0.07997	0.76734	0.06284	0.01149	0.00480	0.00150	0.00216	0.01038	0.00357	0.00312
4	0.03036	0.04247	0.02239	0.03416	0.13709	0.00945	0.04660	0.29336	0.14590	0.03828	0.03639	0.04842	0.00907	0.01831	0.02353	0.00133	0.02303	0.00400	0.03031	0.00555
5	0.00891	0.00909	0.05291	0.17235	0.65852	0.00890	0.01155	0.01131	0.00842	0.01189	0.00705	0.00945	0.00578	0.00346	0.00375	0.00115	0.00465	0.00335	0.00183	0.00567
6	0.00552	0.00368	0.00414	0.00414	0.00414	0.00368	0.00230	0.00552	0.00552	0.00735	0.01195	0.02482	0.01379	0.86672	0.01930	0.00368	0.00368	0.00552	0.00230	0.00230
7	0.01166	0.42361	0.01587	0.02947	0.06333	0.25283	0.03846	0.08310	0.00963	0.03128	0.00625	0.00719	0.00523	0.00360	0.00306	0.00094	0.00498	0.00252	0.00201	0.00497
8	0.01044	0.34423	0.02565	0.03440	0.07344	0.04580	0.00680	0.11563	0.08806	0.05963	0.03301	0.00975	0.03027	0.00406	0.00336	0.00099	0.02041	0.00304	0.00250	0.08852

[dist]
# distance from previous block
# <min> <max>
1	10

[block]
# block no. 5 follows, 72 sequences, length 13
# corresponding to MSA columns:
# 305-317
name=unknown_F
#
# <colnr> <probs for GDERKNQSTAVLIFYWHMCP>
#	G	D	E	R	K	N	Q	S	T	A	V	L	I	F	Y	W	H	M	C	P
0	0.10575	0.09390	0.13559	0.03893	0.13212	0.06962	0.00799	0.08848	0.15240	0.01360	0.02417	0.08881	0.00868	0.00480	0.00371	0.00118	0.01869	0.00386	0.00257	0.00515
1	0.00939	0.00901	0.01539	0.02328	0.84306	0.00901	0.01164	0.01164	0.00864	0.01239	0.00713	0.00939	0.00601	0.00338	0.00375	0.00113	0.00451	0.00338	0.00188	0.00601
2	0.01251	0.00876	0.00983	0.00744	0.01054	0.00873	0.00609	0.43746	0.03767	0.12701	0.00929	0.00935	0.00672	0.00403	0.00348	0.00096	0.00358	0.00312	0.00342	0.29000
3	0.00532	0.00387	0.00500	0.00472	0.00563	0.00356	0.00354	0.00706	0.01061	0.01492	0.79433	0.02881	0.08269	0.00786	0.00447	0.00120	0.00180	0.00693	0.00414	0.00356
4	0.00786	0.00674	0.00786	0.00562	0.00899	0.00506	0.00449	0.00955	0.00786	0.01236	0.00674	0.00786	0.00562	0.00281	0.00281	0.00056	0.00281	0.00225	0.00225	0.88990
5	0.00903	0.01221	0.28142	0.01096	0.01371	0.00996	0.14589	0.04259	0.00785	0.07000	0.00687	0.00888	0.00542	0.00488	0.00735	0.00140	0.35119	0.00338	0.00198	0.00503
6	0.00448	0.00384	0.00384	0.00384	0.00512	0.00320	0.00288	0.00544	0.00864	0.01025	0.03842	0.03650	0.84152	0.00960	0.00448	0.00128	0.00192	0.00800	0.00352	0.00320
7	0.89350	0.00733	0.00557	0.00499	0.00733	0.00851	0.00411	0.01115	0.00645	0.01702	0.00528	0.00616	0.00411	0.00352	0.00235	0.00117	0.00293	0.00205	0.00235	0.00411
8	0.00659	0.00329	0.00494	0.00494	0.00494	0.00329	0.00329	0.00494	0.00494	0.00659	0.00659	0.01153	0.00659	0.01318	0.01482	0.88966	0.00329	0.00329	0.00165	0.00165
9	0.01432	0.01708	0.01069	0.00956	0.01163	0.76192	0.00724	0.06231	0.01116	0.05082	0.00649	0.00727	0.00519	0.00398	0.00346	0.00100	0.00651	0.00257	0.00219	0.00462
10	0.03936	0.02956	0.01056	0.00883	0.04666	0.03513	0.00687	0.41414	0.22688	0.05927	0.01047	0.01043	0.00773	0.00470	0.00420	0.00119	0.05316	0.00355	0.02135	0.00596
11	0.00681	0.00477	0.00504	0.00485	0.00598	0.05246	0.00362	0.00815	0.00926	0.08346	0.26134	0.13873	0.23977	0.00777	0.00411	0.00120	0.00229	0.00663	0.15005	0.00370
12	0.00895	0.04676	0.04832	0.04004	0.08191	0.07397	0.05978	0.10177	0.17033	0.01314	0.05853	0.01560	0.10989	0.03449	0.02620	0.00144	0.07762	0.02357	0.00281	0.00486

[dist]
# distance from previous block
# <min> <max>
3	24

[block]
# block no. 6 follows, 72 sequences, length 21
# corresponding to MSA columns:
# 342-362
name=unknown_G
#
# <colnr> <probs for GDERKNQSTAVLIFYWHMCP>
#	G	D	E	R	K	N	Q	S	T	A	V	L	I	F	Y	W	H	M	C	P
0	0.00520	0.00364	0.00461	0.00507	0.00532	0.00359	0.00334	0.02099	0.00684	0.00916	0.01694	0.48893	0.01982	0.29583	0.06893	0.00256	0.00332	0.02997	0.00302	0.00292
1	0.00552	0.00392	0.00539	0.00539	0.00587	0.00437	0.00391	0.00649	0.00601	0.00862	0.01080	0.01784	0.01078	0.27889	0.56235	0.00513	0.00782	0.00447	0.04336	0.00307
2	0.59992	0.06901	0.00804	0.00633	0.01936	0.08459	0.00514	0.10601	0.00836	0.03783	0.00604	0.00682	0.00468	0.00375	0.00287	0.00114	0.02077	0.00233	0.00247	0.00454
3	0.00474	0.00360	0.00439	0.00491	0.00557	0.00325	0.00352	0.00564	0.00803	0.01031	0.07255	0.48019	0.29391	0.01079	0.00473	0.00145	0.00219	0.07350	0.00356	0.00318
4	0.03267	0.38545	0.01479	0.04854	0.05003	0.29453	0.00716	0.08927	0.00974	0.01096	0.02174	0.00738	0.00565	0.00371	0.00305	0.00095	0.00500	0.00251	0.00202	0.00484
5	0.00887	0.00842	0.06559	0.00694	0.01995	0.05347	0.01992	0.03301	0.10304	0.05203	0.02605	0.03557	0.00764	0.00372	0.00323	0.00082	0.00335	0.00304	0.00260	0.54274
6	0.08131	0.04136	0.06754	0.02762	0.00929	0.10824	0.02014	0.10324	0.04819	0.03090	0.04221	0.03980	0.05912	0.04131	0.16439	0.00217	0.02727	0.00400	0.07757	0.00435
7	0.03543	0.09833	0.05281	0.09817	0.19097	0.15841	0.05014	0.20247	0.01084	0.03055	0.00729	0.00866	0.00570	0.00430	0.01896	0.00119	0.01500	0.00310	0.00235	0.00535
8	0.00854	0.00803	0.01299	0.40728	0.38596	0.02073	0.01062	0.04501	0.00845	0.01142	0.00708	0.00998	0.00572	0.02215	0.00426	0.00125	0.02019	0.00341	0.00188	0.00506
9	0.00543	0.00402	0.00589	0.00589	0.00649	0.00463	0.00448	0.00664	0.00603	0.00865	0.01035	0.01595	0.00994	0.11714	0.76362	0.00584	0.00947	0.00422	0.00206	0.00327
10	0.00542	0.00406	0.00610	0.00610	0.00677	0.00474	0.00474	0.00677	0.00610	0.00880	0.01016	0.01490	0.00948	0.02844	0.85169	0.00610	0.01016	0.00406	0.00203	0.00339
11	0.00551	0.00371	0.00431	0.00431	0.00437	0.00377	0.00252	0.00563	0.00557	0.00748	0.01179	0.02392	0.01340	0.79105	0.09444	0.00390	0.00426	0.00538	0.00227	0.00240
12	0.00557	0.04022	0.00569	0.00484	0.00584	0.00406	0.00370	0.00733	0.01061	0.01494	0.80595	0.02739	0.03449	0.00756	0.00439	0.00118	0.00188	0.00666	0.00407	0.00363
13	0.00875	0.00904	0.01155	0.00994	0.01009	0.07582	0.00822	0.00959	0.00619	0.00914	0.00505	0.00819	0.00497	0.00643	0.01176	0.00161	0.79457	0.00325	0.00168	0.00417
14	0.01418	0.01051	0.01125	0.00868	0.01167	0.01165	0.00715	0.79205	0.05658	0.02352	0.00941	0.00934	0.00669	0.00458	0.00380	0.00115	0.00412	0.00346	0.00380	0.00643
15	0.00543	0.00402	0.00586	0.00586	0.00646	0.00461	0.00445	0.00662	0.00603	0.00863	0.01037	0.01608	0.00999	0.12829	0.75254	0.00581	0.00939	0.00424	0.00206	0.00326
16	0.03660	0.00650	0.00899	0.09440	0.01132	0.00594	0.00605	0.01740	0.01041	0.74005	0.01389	0.01246	0.00882	0.00457	0.00378	0.00118	0.00341	0.00373	0.00433	0.00617
17	0.06800	0.00634	0.00832	0.04679	0.00994	0.00587	0.00561	0.04069	0.01034	0.63298	0.01392	0.01392	0.00946	0.00487	0.00372	0.00119	0.00324	0.04686	0.06208	0.00586
18	0.00544	0.04489	0.00524	0.00455	0.00589	0.00430	0.00353	0.05214	0.00912	0.01124	0.07952	0.10261	0.60458	0.00914	0.00441	0.00129	0.00223	0.04291	0.00348	0.00349
19	0.00535	0.00413	0.00513	0.03766	0.00669	0.00390	0.00387	0.00703	0.05757	0.01147	0.18654	0.40279	0.17270	0.00931	0.00446	0.00133	0.00225	0.00824	0.01645	0.05312
20	0.01121	0.19800	0.09925	0.03511	0.10121	0.14031	0.02024	0.14970	0.09431	0.05873	0.00807	0.00872	0.00623	0.00388	0.00338	0.00104	0.00456	0.00296	0.00249	0.05057

[dist]
# distance from previous block
# <min> <max>
2	16

[block]
# block no. 7 follows, 72 sequences, length 52
# corresponding to MSA columns:
# 379-430
name=unknown_H
#
# <colnr> <probs for GDERKNQSTAVLIFYWHMCP>
#	G	D	E	R	K	N	Q	S	T	A	V	L	I	F	Y	W	H	M	C	P
0	0.03562	0.02171	0.20531	0.13314	0.07045	0.05438	0.09631	0.11001	0.03923	0.07301	0.02161	0.04754	0.03624	0.00500	0.02131	0.00131	0.01632	0.00386	0.00247	0.00515
1	0.03220	0.02991	0.12954	0.05383	0.08780	0.12422	0.03857	0.13645	0.01803	0.11299	0.01178	0.06220	0.07405	0.05042	0.00459	0.00130	0.00438	0.00413	0.01861	0.00501
2	0.02493	0.18893	0.23790	0.01088	0.08387	0.10809	0.12426	0.01290	0.02562	0.09484	0.00745	0.00850	0.00567	0.00369	0.00369	0.00109	0.02675	0.00301	0.00210	0.02585
3	0.79660	0.04559	0.00656	0.00534	0.00773	0.04247	0.00442	0.03290	0.00698	0.01653	0.00540	0.00626	0.00423	0.00355	0.00243	0.00115	0.00317	0.00210	0.00234	0.00421
4	0.00660	0.00330	0.00490	0.00490	0.00493	0.00330	0.00327	0.00506	0.00503	0.00681	0.00676	0.01161	0.00668	0.01292	0.01446	0.86340	0.00325	0.00330	0.02783	0.00170
5	0.01036	0.23853	0.13107	0.05664	0.20245	0.15797	0.02382	0.06327	0.06023	0.01166	0.00700	0.00821	0.00566	0.00367	0.00335	0.00105	0.00490	0.00286	0.00202	0.00529
6	0.00504	0.00376	0.00442	0.00455	0.00522	0.00350	0.00315	0.00603	0.01874	0.01045	0.17199	0.21500	0.27559	0.19524	0.04805	0.00206	0.00274	0.00759	0.01378	0.00310
7	0.03206	0.00635	0.00836	0.00656	0.00924	0.00571	0.00537	0.03730	0.04046	0.69185	0.08122	0.01401	0.01143	0.00492	0.00381	0.00117	0.00308	0.00403	0.02699	0.00609
8	0.00697	0.00565	0.00772	0.00946	0.19694	0.00571	0.00565	0.00970	0.13686	0.03259	0.10768	0.17394	0.12634	0.10712	0.04897	0.00180	0.00337	0.00616	0.00308	0.00428
9	0.10192	0.00751	0.00861	0.00697	0.00958	0.00772	0.00566	0.16150	0.19500	0.38951	0.01293	0.01190	0.00884	0.00464	0.00361	0.00118	0.00324	0.00366	0.05007	0.00597
10	0.00882	0.00860	0.01409	0.28221	0.33529	0.02940	0.12514	0.02398	0.11111	0.01203	0.00811	0.01026	0.00634	0.00373	0.00387	0.00121	0.00481	0.00362	0.00210	0.00528
11	0.00542	0.00406	0.00610	0.00610	0.00677	0.00474	0.00474	0.00677	0.00610	0.00880	0.01016	0.01490	0.00948	0.02844	0.85169	0.00610	0.01016	0.00406	0.00203	0.00339
12	0.82020	0.00774	0.02520	0.00523	0.00757	0.02874	0.00438	0.01106	0.00660	0.01642	0.00575	0.02408	0.00472	0.01656	0.00271	0.00121	0.00309	0.00231	0.00234	0.00410
13	0.03364	0.23712	0.03378	0.00802	0.01084	0.13298	0.00688	0.31733	0.12296	0.03701	0.00863	0.01958	0.00671	0.00424	0.00336	0.00106	0.00433	0.00308	0.00290	0.00556
14	0.00787	0.01780	0.68727	0.01181	0.01707	0.00896	0.17198	0.01204	0.00819	0.01204	0.00697	0.00844	0.00499	0.00352	0.00377	0.00122	0.00576	0.00313	0.00166	0.00551
15	0.01831	0.01261	0.35272	0.06857	0.15388	0.00852	0.05105	0.01303	0.18117	0.01294	0.06053	0.01172	0.02964	0.00429	0.00380	0.00122	0.00452	0.00370	0.00236	0.00544
16	0.00550	0.00372	0.00438	0.00438	0.00446	0.00381	0.00260	0.00567	0.00559	0.00753	0.01173	0.02360	0.01326	0.76389	0.12140	0.00397	0.00447	0.00534	0.00227	0.00243
17	0.00481	0.00379	0.00434	0.00435	0.00536	0.00332	0.00321	0.00603	0.00922	0.01194	0.32075	0.13430	0.45665	0.00923	0.00452	0.00128	0.00191	0.00794	0.00375	0.00332
18	0.04819	0.00716	0.00910	0.00700	0.00993	0.00668	0.00578	0.14887	0.01182	0.68357	0.01367	0.01205	0.00872	0.00463	0.00376	0.00117	0.00337	0.00369	0.00446	0.00637
19	0.01684	0.00673	0.00897	0.00688	0.00982	0.00599	0.00568	0.07286	0.01132	0.79065	0.01457	0.01265	0.00919	0.00468	0.00381	0.00117	0.00329	0.00379	0.00463	0.00645
20	0.00504	0.00386	0.00466	0.00481	0.00576	0.00348	0.00368	0.00635	0.00918	0.01201	0.30447	0.14563	0.33969	0.00941	0.00464	0.00135	0.00214	0.12674	0.00374	0.00336
21	0.02573	0.00819	0.00911	0.00743	0.00963	0.08249	0.03024	0.26645	0.01173	0.23132	0.03178	0.01255	0.03198	0.00682	0.04904	0.07654	0.02459	0.01827	0.06096	0.00517
22	0.00850	0.00800	0.01347	0.16788	0.57956	0.00846	0.01051	0.01064	0.00807	0.01139	0.00739	0.01029	0.00629	0.01968	0.09061	0.00171	0.02689	0.00348	0.00186	0.00532
23	0.20063	0.43159	0.06060	0.00925	0.13528	0.06695	0.01635	0.01173	0.00784	0.02166	0.00582	0.00688	0.00494	0.00340	0.00278	0.00098	0.00416	0.00236	0.00188	0.00491
24	0.05756	0.01722	0.01066	0.01002	0.04132	0.77951	0.00732	0.01482	0.01046	0.00978	0.00588	0.00690	0.00489	0.00387	0.00338	0.00099	0.00656	0.00246	0.00197	0.00444
25	0.00490	0.00372	0.00439	0.00448	0.00527	0.00335	0.00318	0.00596	0.00867	0.01138	0.28563	0.21527	0.31777	0.10141	0.00615	0.00157	0.00213	0.00799	0.00360	0.00320
26	0.00547	0.00370	0.00419	0.00417	0.00428	0.00365	0.00241	0.00563	0.00601	0.00803	0.07376	0.02550	0.04509	0.77292	0.01768	0.00341	0.00348	0.00570	0.00248	0.00242
27	0.01633	0.00644	0.00866	0.00669	0.00950	0.00565	0.00549	0.04193	0.01093	0.77731	0.03912	0.01353	0.01018	0.02480	0.00419	0.00123	0.00322	0.00393	0.00460	0.00627
28	0.00975	0.00830	0.00875	0.00778	0.00998	0.00958	0.00608	0.07103	0.78482	0.01637	0.01504	0.01383	0.01126	0.00511	0.00385	0.00128	0.00308	0.00423	0.00385	0.00603
29	0.00895	0.01023	0.02238	0.01598	0.01982	0.00959	0.82928	0.01215	0.00895	0.01215	0.00767	0.01023	0.00575	0.00320	0.00448	0.00128	0.00639	0.00448	0.00192	0.00512
30	0.00552	0.00368	0.00414	0.00414	0.00414	0.00368	0.00230	0.00552	0.00552	0.00735	0.01195	0.02482	0.01379	0.86672	0.01930	0.00368	0.00368	0.00552	0.00230	0.00230
31	0.00830	0.00830	0.01162	0.00996	0.00996	0.01162	0.00830	0.00913	0.00581	0.00913	0.00498	0.00830	0.00498	0.00664	0.01245	0.00166	0.85977	0.00332	0.00166	0.00415
32	0.00786	0.00674	0.00786	0.00562	0.00899	0.00506	0.00449	0.00955	0.00786	0.01236	0.00674	0.00786	0.00562	0.00281	0.00281	0.00056	0.00281	0.00225	0.00225	0.88990
33	0.00761	0.01962	0.84707	0.01081	0.01641	0.00881	0.01401	0.01201	0.00801	0.01201	0.00681	0.00801	0.00480	0.00360	0.00360	0.00120	0.00560	0.00280	0.00160	0.00560
34	0.00939	0.00901	0.01539	0.02328	0.84306	0.00901	0.01164	0.01164	0.00864	0.01239	0.00713	0.00939	0.00601	0.00338	0.00375	0.00113	0.00451	0.00338	0.00188	0.00601
35	0.01442	0.01062	0.01138	0.00873	0.01176	0.01176	0.00721	0.83041	0.01783	0.02390	0.00911	0.00911	0.00645	0.00455	0.00379	0.00114	0.00417	0.00341	0.00379	0.00645
36	0.86642	0.00744	0.00575	0.00510	0.00747	0.00861	0.00420	0.03639	0.00680	0.01723	0.00540	0.00625	0.00418	0.00355	0.00239	0.00117	0.00297	0.00210	0.00239	0.00418
37	0.00819	0.00710	0.03050	0.03045	0.21684	0.03174	0.00699	0.03555	0.04436	0.07370	0.10440	0.09739	0.16036	0.00657	0.00513	0.00129	0.10451	0.02736	0.00293	0.00463
38	0.01604	0.00654	0.02583	0.00672	0.00955	0.00550	0.00562	0.01756	0.01069	0.77416	0.04483	0.03812	0.01070	0.00499	0.00386	0.00119	0.00319	0.00411	0.00458	0.00623
39	0.89350	0.00733	0.00557	0.00499	0.00733	0.00851	0.00411	0.01115	0.00645	0.01702	0.00528	0.00616	0.00411	0.00352	0.00235	0.00117	0.00293	0.00205	0.00235	0.00411
40	0.00464	0.00334	0.00440	0.00522	0.00549	0.00310	0.00350	0.00535	0.00741	0.00987	0.04744	0.81150	0.05133	0.01168	0.00482	0.00152	0.00218	0.01057	0.00354	0.00310
41	0.00965	0.02880	0.11174	0.12424	0.32767	0.06634	0.09610	0.02289	0.02113	0.07140	0.00803	0.00983	0.01898	0.00393	0.00437	0.00120	0.06279	0.00345	0.00209	0.00537
42	0.00503	0.00384	0.00465	0.00458	0.00553	0.00348	0.00341	0.00640	0.00942	0.01259	0.43615	0.09044	0.31294	0.02386	0.04399	0.00153	0.00232	0.02271	0.00376	0.00338
43	0.00452	0.00371	0.00398	0.00419	0.00521	0.00317	0.00303	0.00540	0.00831	0.01011	0.03421	0.23531	0.64542	0.01015	0.00457	0.00134	0.00199	0.00867	0.00352	0.00317
44	0.02776	0.17683	0.11841	0.15019	0.30263	0.07452	0.05026	0.01180	0.00841	0.03532	0.00679	0.00858	0.00545	0.00352	0.00347	0.00110	0.00485	0.00301	0.00186	0.00526
45	0.01447	0.01126	0.00988	0.00819	0.01059	0.28921	0.00649	0.22252	0.01224	0.27978	0.01012	0.02508	0.00730	0.00457	0.00391	0.00111	0.03118	0.00335	0.04327	0.00550
46	0.00552	0.00368	0.00414	0.00414	0.00414	0.00368	0.00230	0.00552	0.00552	0.00735	0.01195	0.02482	0.01379	0.86672	0.01930	0.00368	0.00368	0.00552	0.00230	0.00230
47	0.00461	0.00336	0.00434	0.00513	0.00546	0.00309	0.00345	0.00530	0.00741	0.00974	0.02279	0.77517	0.11294	0.01164	0.00480	0.00151	0.00217	0.01048	0.00352	0.00309
48	0.01000	0.04786	0.22974	0.03742	0.28804	0.15043	0.07242	0.06638	0.03937	0.01242	0.00722	0.00871	0.00565	0.00366	0.00367	0.00113	0.00524	0.00314	0.00200	0.00550
49	0.40072	0.07212	0.02509	0.00994	0.02578	0.03093	0.31933	0.03458	0.02498	0.01440	0.00657	0.00805	0.00507	0.00345	0.00330	0.00118	0.00453	0.00310	0.00217	0.00471
50	0.00946	0.08540	0.20084	0.02111	0.15394	0.09064	0.12898	0.05807	0.10526	0.02135	0.00975	0.01077	0.04784	0.00408	0.00369	0.00114	0.00479	0.00355	0.03402	0.00532
51	0.00907	0.03925	0.01280	0.11836	0.30317	0.01905	0.01966	0.05744	0.05523	0.02205	0.03171	0.01012	0.00691	0.01824	0.00657	0.00134	0.25835	0.00351	0.00211	0.00507

[dist]
# distance from previous block
# <min> <max>
5	26

[block]
# block no. 8 follows, 72 sequences, length 41
# corresponding to MSA columns:
# 457-497
name=unknown_I
#
# <colnr> <probs for GDERKNQSTAVLIFYWHMCP>
#	G	D	E	R	K	N	Q	S	T	A	V	L	I	F	Y	W	H	M	C	P
0	0.03484	0.03460	0.00838	0.01792	0.00917	0.34104	0.00557	0.05368	0.06527	0.05941	0.14627	0.04249	0.12422	0.03549	0.00434	0.00121	0.00431	0.00451	0.00296	0.00432
1	0.00896	0.38910	0.29752	0.00794	0.01159	0.05196	0.00867	0.01145	0.02269	0.02726	0.07328	0.04369	0.00834	0.00416	0.00320	0.00102	0.00441	0.00313	0.00202	0.01962
2	0.01975	0.00668	0.02099	0.00946	0.13546	0.02716	0.03463	0.04719	0.08253	0.04773	0.04617	0.01458	0.04986	0.01415	0.33503	0.00310	0.03866	0.01809	0.00254	0.04624
3	0.01124	0.00921	0.00980	0.02612	0.02643	0.04281	0.00663	0.35326	0.34072	0.01820	0.03522	0.03605	0.02696	0.00520	0.00417	0.00123	0.03324	0.00411	0.00359	0.00582
4	0.01071	0.04684	0.02158	0.00804	0.00999	0.39268	0.02879	0.08486	0.02721	0.01137	0.04341	0.13495	0.03624	0.03786	0.00428	0.00117	0.00484	0.00428	0.00255	0.08836
5	0.06745	0.00755	0.00803	0.02193	0.00897	0.07435	0.00562	0.14210	0.16815	0.03065	0.01039	0.02879	0.00892	0.07922	0.25580	0.00284	0.04969	0.00389	0.00276	0.02289
6	0.86281	0.00722	0.00559	0.00503	0.00731	0.00838	0.00413	0.01100	0.00644	0.01673	0.00545	0.00646	0.00429	0.00438	0.03170	0.00134	0.00318	0.00212	0.00234	0.00408
7	0.00486	0.00353	0.00460	0.00530	0.00566	0.00329	0.00357	0.00573	0.02211	0.00992	0.03421	0.78181	0.02404	0.03503	0.00515	0.00155	0.00227	0.01016	0.00346	0.03377
8	0.01092	0.00853	0.00915	0.00786	0.01023	0.00964	0.00621	0.18153	0.61885	0.07202	0.01414	0.01306	0.01041	0.00500	0.00384	0.00125	0.00325	0.00408	0.00390	0.00612
9	0.00744	0.00695	0.01170	0.73565	0.12687	0.00839	0.01050	0.00991	0.00772	0.01012	0.00691	0.01011	0.00528	0.00375	0.00376	0.00124	0.00492	0.00338	0.02099	0.00442
10	0.00716	0.00674	0.01138	0.85760	0.02612	0.00843	0.01053	0.00969	0.00758	0.00969	0.00674	0.01011	0.00506	0.00379	0.00379	0.00126	0.00506	0.00337	0.00169	0.00421
11	0.00475	0.00385	0.00421	0.00412	0.00528	0.00331	0.00309	0.00595	0.00927	0.01172	0.27735	0.03407	0.60167	0.00905	0.00448	0.00125	0.00188	0.00766	0.00372	0.00331
12	0.00454	0.00384	0.00392	0.00390	0.00516	0.00323	0.00292	0.00555	0.00877	0.01055	0.08828	0.03599	0.79147	0.00949	0.00448	0.00128	0.00191	0.00793	0.00356	0.00323
13	0.01702	0.00645	0.00880	0.00675	0.00968	0.00557	0.00557	0.01848	0.01085	0.84568	0.01496	0.01291	0.00939	0.00469	0.00381	0.00117	0.00323	0.00381	0.00469	0.00645
14	0.00707	0.00353	0.00353	0.00353	0.00442	0.00353	0.00265	0.00884	0.00795	0.01414	0.01237	0.01414	0.00972	0.00442	0.00265	0.00088	0.00177	0.00353	0.88777	0.00353
15	0.00462	0.00330	0.00440	0.00528	0.00550	0.00308	0.00352	0.00528	0.00726	0.00968	0.02090	0.86424	0.02508	0.01188	0.00484	0.00154	0.00220	0.01078	0.00352	0.00308
16	0.01014	0.86900	0.01987	0.00649	0.00973	0.01501	0.00649	0.01136	0.00771	0.00892	0.00527	0.00608	0.00487	0.00324	0.00243	0.00081	0.00406	0.00203	0.00162	0.00487
17	0.00537	0.00388	0.00507	0.00477	0.00567	0.00358	0.00358	0.00716	0.01074	0.01521	0.84106	0.02833	0.03578	0.00775	0.00447	0.00119	0.00179	0.00686	0.00417	0.00358
18	0.00716	0.00674	0.01138	0.85760	0.02612	0.00843	0.01053	0.00969	0.00758	0.00969	0.00674	0.01011	0.00506	0.00379	0.00379	0.00126	0.00506	0.00337	0.00169	0.00421
19	0.01132	0.00846	0.00918	0.00781	0.01023	0.00947	0.00620	0.18600	0.57383	0.11270	0.01408	0.01297	0.01028	0.00497	0.00384	0.00124	0.00327	0.00405	0.00394	0.00615
20	0.01396	0.06142	0.01121	0.00960	0.01162	0.80888	0.00729	0.01495	0.01059	0.00926	0.00583	0.00680	0.00488	0.00387	0.00337	0.00097	0.00670	0.00242	0.00194	0.00442
21	0.01014	0.86900	0.01987	0.00649	0.00973	0.01501	0.00649	0.01136	0.00771	0.00892	0.00527	0.00608	0.00487	0.00324	0.00243	0.00081	0.00406	0.00203	0.00162	0.00487
22	0.01039	0.13006	0.10708	0.04142	0.01588	0.15940	0.36664	0.05515	0.00942	0.04109	0.00718	0.00882	0.00550	0.00359	0.00399	0.00115	0.02268	0.00346	0.00203	0.00507
23	0.89350	0.00733	0.00557	0.00499	0.00733	0.00851	0.00411	0.01115	0.00645	0.01702	0.00528	0.00616	0.00411	0.00352	0.00235	0.00117	0.00293	0.00205	0.00235	0.00411
24	0.01001	0.82573	0.06201	0.00671	0.01007	0.01469	0.00687	0.01139	0.00772	0.00908	0.00535	0.00618	0.00486	0.00326	0.00249	0.00083	0.00413	0.00207	0.00162	0.00490
25	0.00464	0.00333	0.00442	0.00527	0.00553	0.00311	0.00355	0.00533	0.00733	0.00973	0.02138	0.82634	0.04788	0.01179	0.00484	0.00154	0.00222	0.02517	0.00352	0.00309
26	0.00537	0.00388	0.00507	0.00477	0.00567	0.00358	0.00358	0.00716	0.01074	0.01521	0.84106	0.02833	0.03578	0.00775	0.00447	0.00119	0.00179	0.00686	0.00417	0.00358
27	0.00537	0.00388	0.00507	0.00477	0.00567	0.00358	0.00358	0.00716	0.01074	0.01521	0.84106	0.02833	0.03578	0.00775	0.00447	0.00119	0.00179	0.00686	0.00417	0.00358
28	0.00943	0.00815	0.00858	0.00772	0.00986	0.00943	0.00600	0.02015	0.83621	0.01586	0.01544	0.01415	0.01158	0.00515	0.00386	0.00129	0.00300	0.00429	0.00386	0.00600
29	0.00939	0.00901	0.01539	0.02328	0.84306	0.00901	0.01164	0.01164	0.00864	0.01239	0.00713	0.00939	0.00601	0.00338	0.00375	0.00113	0.00451	0.00338	0.00188	0.00601
30	0.89350	0.00733	0.00557	0.00499	0.00733	0.00851	0.00411	0.01115	0.00645	0.01702	0.00528	0.00616	0.00411	0.00352	0.00235	0.00117	0.00293	0.00205	0.00235	0.00411
31	0.01005	0.82516	0.01945	0.00667	0.00975	0.01483	0.00658	0.01124	0.00761	0.00893	0.00526	0.00620	0.00487	0.00342	0.00294	0.00085	0.04764	0.00209	0.00162	0.00483
32	0.00895	0.01023	0.02238	0.01598	0.01982	0.00959	0.82928	0.01215	0.00895	0.01215	0.00767	0.01023	0.00575	0.00320	0.00448	0.00128	0.00639	0.00448	0.00192	0.00512
33	0.00542	0.00406	0.00610	0.00610	0.00677	0.00474	0.00474	0.00677	0.00610	0.00880	0.01016	0.01490	0.00948	0.02844	0.85169	0.00610	0.01016	0.00406	0.00203	0.00339
34	0.01116	0.65322	0.01756	0.00732	0.01024	0.22712	0.00670	0.01232	0.00848	0.00901	0.00542	0.00628	0.00487	0.00341	0.00268	0.00085	0.00476	0.00213	0.00171	0.00475
35	0.00537	0.00388	0.00507	0.00477	0.00567	0.00358	0.00358	0.00716	0.01074	0.01521	0.84106	0.02833	0.03578	0.00775	0.00447	0.00119	0.00179	0.00686	0.00417	0.00358
36	0.00716	0.00674	0.01138	0.85760	0.02612	0.00843	0.01053	0.00969	0.00758	0.00969	0.00674	0.01011	0.00506	0.00379	0.00379	0.00126	0.00506	0.00337	0.00169	0.00421
