[name]
unknown

[dist]
# distance from previous block
# <min> <max>
6	144

[block]
# block no. 0 follows, 76 sequences, length 11
# corresponding to MSA columns:
# 185-195
name=unknown_A
#
# <colnr> <probs for GDERKNQSTAVLIFYWHMCP>
#	G	D	E	R	K	N	Q	S	T	A	V	L	I	F	Y	W	H	M	C	P
0	0.00508	0.00364	0.00443	0.00482	0.00554	0.00333	0.00348	0.00610	0.02328	0.04045	0.03933	0.43617	0.28502	0.04136	0.00501	0.00147	0.00223	0.08271	0.00339	0.00318
1	0.00788	0.00687	0.01951	0.08495	0.12314	0.04605	0.03795	0.07645	0.12274	0.03793	0.15825	0.08856	0.09847	0.02508	0.00441	0.00124	0.02167	0.01322	0.02120	0.00444
2	0.00539	0.00398	0.00462	0.00451	0.00558	0.00364	0.00337	0.00706	0.05592	0.04429	0.28520	0.11479	0.37869	0.03781	0.00477	0.00131	0.00204	0.03002	0.00359	0.00342
3	0.00882	0.03781	0.01362	0.05754	0.56454	0.03462	0.05667	0.02701	0.02560	0.02405	0.03822	0.02619	0.03756	0.00393	0.00389	0.00111	0.02783	0.00366	0.00206	0.00528
4	0.00483	0.00358	0.00451	0.00455	0.00531	0.00325	0.00331	0.00615	0.00915	0.01251	0.51409	0.23399	0.16398	0.00868	0.00437	0.00124	0.00183	0.00767	0.00375	0.00325
5	0.00830	0.00690	0.00863	0.07702	0.03888	0.00758	0.04795	0.08650	0.37702	0.03304	0.10625	0.04791	0.08211	0.00570	0.00403	0.00123	0.01590	0.03679	0.00333	0.00492
6	0.23011	0.08533	0.15784	0.00802	0.04580	0.14525	0.00713	0.06151	0.06341	0.15151	0.00786	0.00818	0.00575	0.00376	0.00310	0.00107	0.00414	0.00270	0.00253	0.00499
7	0.00452	0.00358	0.00407	0.00426	0.00517	0.00314	0.00312	0.00552	0.00829	0.01049	0.16208	0.23224	0.49302	0.00947	0.00440	0.00129	0.00194	0.03681	0.00347	0.00311
8	0.03295	0.05076	0.68948	0.00958	0.01431	0.00835	0.03309	0.01148	0.03221	0.01179	0.00706	0.00819	0.00514	0.00353	0.00334	0.00112	0.00492	0.00277	0.06477	0.00516
9	0.02309	0.03116	0.02613	0.50336	0.17997	0.03237	0.02699	0.02408	0.00767	0.01022	0.00695	0.02521	0.00573	0.03810	0.00413	0.00123	0.00456	0.00332	0.00178	0.04395
10	0.03204	0.01141	0.00986	0.00876	0.04083	0.38098	0.07256	0.08705	0.05315	0.07197	0.12784	0.01236	0.04399	0.02647	0.00399	0.00112	0.00473	0.00368	0.00269	0.00451

[dist]
# distance from previous block
# <min> <max>
1	60

[block]
# block no. 1 follows, 76 sequences, length 9
# corresponding to MSA columns:
# 256-264
name=unknown_B
#
# <colnr> <probs for GDERKNQSTAVLIFYWHMCP>
#	G	D	E	R	K	N	Q	S	T	A	V	L	I	F	Y	W	H	M	C	P
0	0.01194	0.16801	0.01152	0.00869	0.03706	0.53151	0.00666	0.03363	0.07851	0.01004	0.00662	0.00739	0.00545	0.00371	0.00312	0.00092	0.00535	0.00249	0.03007	0.03731
1	0.00691	0.00583	0.00682	0.00515	0.00786	0.00448	0.00406	0.00843	0.00783	0.01182	0.08763	0.04954	0.07853	0.00405	0.00306	0.00069	0.00251	0.00338	0.00248	0.69894
2	0.02607	0.00495	0.00529	0.00495	0.00639	0.00490	0.00378	0.03550	0.19780	0.03428	0.14356	0.05773	0.44575	0.00766	0.00409	0.00122	0.00219	0.00644	0.00355	0.00392
3	0.00471	0.00359	0.00437	0.00455	0.00531	0.00331	0.00331	0.00577	0.00810	0.01064	0.22609	0.24368	0.30349	0.04994	0.07559	0.00177	0.00266	0.03666	0.00336	0.00311
4	0.00663	0.00593	0.00933	0.22654	0.22739	0.00632	0.02675	0.00865	0.03423	0.01051	0.07549	0.05341	0.14639	0.00848	0.12085	0.01751	0.00447	0.00466	0.00232	0.00415
5	0.00506	0.00349	0.00423	0.00457	0.00477	0.00341	0.00296	0.00546	0.00622	0.00822	0.01574	0.27561	0.04754	0.49432	0.01245	0.00264	0.00303	0.09500	0.00271	0.00258
6	0.00990	0.43094	0.21286	0.00796	0.01122	0.17391	0.00810	0.04549	0.00833	0.00990	0.00576	0.00678	0.00482	0.00402	0.02360	0.00105	0.02657	0.00233	0.00171	0.00476
7	0.08234	0.00474	0.00578	0.00507	0.00658	0.00446	0.00393	0.02529	0.00941	0.25263	0.33777	0.07429	0.05230	0.03370	0.00424	0.00121	0.00233	0.00526	0.08447	0.00422
8	0.01052	0.00894	0.03442	0.02940	0.04978	0.04176	0.06735	0.33490	0.18755	0.03396	0.02109	0.01143	0.00808	0.06516	0.05832	0.00160	0.02373	0.00369	0.00303	0.00528

[dist]
# distance from previous block
# <min> <max>
0	1

[block]
# block no. 2 follows, 76 sequences, length 29
# corresponding to MSA columns:
# 266-294
name=unknown_C
#
# <colnr> <probs for GDERKNQSTAVLIFYWHMCP>
#	G	D	E	R	K	N	Q	S	T	A	V	L	I	F	Y	W	H	M	C	P
0	0.00897	0.00862	0.05193	0.05378	0.11867	0.02987	0.03966	0.06825	0.49630	0.01426	0.02880	0.01295	0.04233	0.00465	0.00371	0.00119	0.00352	0.00398	0.00311	0.00545
1	0.25783	0.07113	0.00959	0.00825	0.04510	0.40703	0.00622	0.03092	0.07662	0.01186	0.00626	0.00710	0.00508	0.00379	0.00334	0.00104	0.03989	0.00245	0.00213	0.00439
2	0.00454	0.00330	0.00426	0.00488	0.00527	0.00305	0.00334	0.00532	0.00744	0.00989	0.11150	0.66121	0.10609	0.02981	0.00488	0.00146	0.00209	0.02524	0.00342	0.00301
3	0.02507	0.00699	0.00778	0.02830	0.00916	0.03304	0.00471	0.06722	0.03084	0.01253	0.00763	0.02973	0.02002	0.00327	0.00290	0.00067	0.00294	0.00261	0.00233	0.70226
4	0.17025	0.00758	0.00923	0.15664	0.13718	0.02240	0.00705	0.01371	0.32450	0.02681	0.01004	0.02136	0.01943	0.00437	0.00390	0.00120	0.05331	0.00348	0.00264	0.00493
5	0.00527	0.00360	0.00435	0.00435	0.00448	0.00373	0.00268	0.00553	0.00540	0.00733	0.01110	0.02184	0.01237	0.69971	0.18990	0.00400	0.00479	0.00500	0.00215	0.00242
6	0.00690	0.00652	0.01091	0.83173	0.02446	0.00819	0.01001	0.00927	0.00720	0.00927	0.00640	0.00963	0.00484	0.00374	0.00394	0.00123	0.03690	0.00323	0.00161	0.00404
7	0.02376	0.01863	0.01494	0.02815	0.51522	0.00891	0.16756	0.04790	0.08277	0.03063	0.00780	0.00952	0.00620	0.00349	0.00384	0.00113	0.01842	0.00349	0.00211	0.00553
8	0.02712	0.01791	0.03013	0.07506	0.20630	0.02557	0.17545	0.14951	0.09601	0.07335	0.01631	0.00977	0.00664	0.00370	0.00365	0.00110	0.00432	0.00346	0.00254	0.07211
9	0.00927	0.00929	0.09783	0.01045	0.08608	0.05841	0.18501	0.05499	0.15127	0.09759	0.06385	0.04033	0.05108	0.00482	0.00430	0.00120	0.04848	0.01797	0.00276	0.00501
10	0.00638	0.00553	0.00719	0.00673	0.00725	0.04486	0.00526	0.02097	0.00611	0.00862	0.00853	0.01333	0.00824	0.10910	0.51649	0.00429	0.21202	0.00379	0.00191	0.00340
11	0.00851	0.00843	0.03776	0.19503	0.60861	0.00854	0.01070	0.01123	0.05427	0.01151	0.00719	0.00935	0.00583	0.00342	0.00361	0.00112	0.00438	0.00327	0.00186	0.00539
12	0.12342	0.34561	0.07099	0.00870	0.08399	0.21607	0.00713	0.07184	0.00871	0.01116	0.00571	0.00666	0.00478	0.00348	0.00299	0.00095	0.01888	0.00232	0.00189	0.00471
13	0.00478	0.00371	0.00449	0.02688	0.00573	0.00336	0.00334	0.00608	0.00904	0.01198	0.41561	0.12961	0.34527	0.00848	0.00431	0.00122	0.00189	0.00735	0.00362	0.00325
14	0.00747	0.00711	0.01206	0.50419	0.29835	0.00799	0.03514	0.00973	0.00771	0.01025	0.00849	0.01103	0.05738	0.00383	0.00368	0.00117	0.00452	0.00354	0.00179	0.00458
15	0.00789	0.00750	0.01275	0.45954	0.42102	0.00834	0.01060	0.01018	0.00775	0.01053	0.00664	0.00936	0.00528	0.00344	0.00362	0.00115	0.00459	0.00323	0.00170	0.00486
16	0.01021	0.00816	0.00871	0.00747	0.00968	0.00928	0.00592	0.22828	0.57323	0.02959	0.01302	0.01232	0.00970	0.00530	0.02424	0.00129	0.00330	0.00386	0.03070	0.00574
17	0.00618	0.00446	0.00631	0.00615	0.00685	0.00512	0.00483	0.01974	0.01594	0.04825	0.01094	0.03190	0.01060	0.09563	0.54516	0.00442	0.07864	0.09318	0.00228	0.00343
18	0.03051	0.16376	0.05697	0.03876	0.15432	0.22196	0.05363	0.07314	0.06078	0.05976	0.00723	0.00823	0.00571	0.00374	0.00360	0.00104	0.03581	0.00287	0.01322	0.00498
19	0.00766	0.01829	0.81901	0.01020	0.01547	0.00831	0.01310	0.01176	0.00778	0.04576	0.00684	0.00786	0.00478	0.00350	0.00346	0.00115	0.00528	0.00273	0.00166	0.00540
20	0.00519	0.00367	0.00429	0.00436	0.00470	0.00359	0.00278	0.00603	0.03941	0.00911	0.14206	0.17432	0.08060	0.49019	0.01225	0.00254	0.00285	0.00651	0.00283	0.00273
21	0.04338	0.02978	0.16172	0.12092	0.08240	0.02514	0.10850	0.00978	0.03748	0.01186	0.19933	0.04503	0.03323	0.00540	0.01722	0.00126	0.03996	0.02080	0.00243	0.00437
22	0.01027	0.01039	0.06392	0.08472	0.29361	0.15763	0.11047	0.07430	0.02272	0.08565	0.00815	0.04709	0.00660	0.00393	0.00368	0.00111	0.00479	0.00354	0.00226	0.00516
23	0.00492	0.00341	0.00414	0.00444	0.00461	0.00333	0.00277	0.00528	0.00615	0.00820	0.03316	0.33950	0.05000	0.46798	0.04374	0.00271	0.00312	0.00724	0.00271	0.00258
24	0.02656	0.00769	0.00713	0.02478	0.00777	0.21603	0.03822	0.02112	0.00760	0.08442	0.04066	0.01581	0.01010	0.35157	0.08208	0.03172	0.00478	0.00406	0.01447	0.00343
25	0.00931	0.00966	0.08354	0.08733	0.48479	0.08299	0.00977	0.03527	0.04237	0.05355	0.03369	0.01044	0.03352	0.00381	0.00361	0.00110	0.00436	0.00341	0.00215	0.00532
26	0.00548	0.00422	0.00598	0.00582	0.00627	0.00498	0.00440	0.00647	0.00570	0.00818	0.00960	0.01560	0.00951	0.19841	0.60237	0.00495	0.09288	0.00411	0.00196	0.00310
27	0.00442	0.00318	0.00420	0.00501	0.00526	0.00296	0.00335	0.00507	0.00701	0.00930	0.02069	0.83716	0.05635	0.01130	0.00463	0.00147	0.00210	0.01023	0.00337	0.00296
28	0.01046	0.02145	0.04405	0.00874	0.04281	0.34727	0.05779	0.06334	0.07400	0.05354	0.03733	0.03454	0.08370	0.00541	0.02205	0.00118	0.00482	0.04558	0.00256	0.03939

[dist]
# distance from previous block
# <min> <max>
0	4

[block]
# block no. 3 follows, 76 sequences, length 13
# corresponding to MSA columns:
# 299-311
name=unknown_D
#
# <colnr> <probs for GDERKNQSTAVLIFYWHMCP>
#	G	D	E	R	K	N	Q	S	T	A	V	L	I	F	Y	W	H	M	C	P
0	0.25143	0.02784	0.00709	0.00637	0.03558	0.12927	0.00478	0.05802	0.03513	0.08604	0.13217	0.01440	0.09321	0.05172	0.05093	0.00149	0.00368	0.00386	0.00283	0.00415
1	0.04307	0.00999	0.02767	0.00785	0.01024	0.18005	0.00642	0.25146	0.02951	0.29409	0.00988	0.02951	0.00712	0.00456	0.00419	0.00112	0.07118	0.00333	0.00331	0.00544
2	0.00934	0.01042	0.00727	0.00682	0.00813	0.42225	0.00499	0.01035	0.02236	0.02485	0.08236	0.09911	0.16403	0.10547	0.00544	0.00136	0.00440	0.00482	0.00258	0.00365
3	0.00693	0.00581	0.00764	0.00645	0.00815	0.00564	0.05849	0.06030	0.03584	0.02540	0.03121	0.22149	0.13772	0.00665	0.00475	0.00113	0.10175	0.02069	0.00279	0.25115
4	0.06462	0.06434	0.72989	0.00992	0.01492	0.00877	0.03590	0.01143	0.00759	0.01166	0.00637	0.00752	0.00459	0.00342	0.00334	0.00113	0.00515	0.00264	0.00159	0.00523
5	0.00785	0.00560	0.00625	0.00556	0.00694	0.00595	0.00423	0.12692	0.21506	0.03211	0.26770	0.01818	0.01739	0.10501	0.00537	0.00138	0.00255	0.00475	0.15690	0.00430
6	0.00524	0.00350	0.00398	0.00402	0.00403	0.00349	0.00226	0.00527	0.00537	0.00716	0.01190	0.06822	0.01378	0.82706	0.01777	0.00342	0.00345	0.00555	0.00226	0.00224
7	0.00527	0.00401	0.00497	0.00454	0.00571	0.00352	0.00342	0.00682	0.00958	0.01339	0.60396	0.04771	0.15716	0.00726	0.00411	0.00110	0.00186	0.00633	0.00368	0.10560
8	0.00750	0.00631	0.00734	0.00529	0.00840	0.00477	0.00422	0.00912	0.00754	0.01193	0.00672	0.00783	0.00557	0.00277	0.00268	0.00055	0.00264	0.00221	0.04527	0.85133
9	0.03208	0.00682	0.00851	0.01961	0.00942	0.00669	0.01836	0.18361	0.07626	0.42475	0.14470	0.01375	0.01230	0.00488	0.00372	0.00112	0.00310	0.00401	0.00400	0.02230
10	0.00446	0.00338	0.00412	0.00459	0.00518	0.00304	0.00319	0.00529	0.00771	0.00999	0.11096	0.52823	0.27609	0.01031	0.00450	0.00137	0.00199	0.00913	0.00344	0.00304
11	0.00740	0.00631	0.00739	0.00537	0.00847	0.00476	0.00427	0.00897	0.00751	0.01173	0.00706	0.04551	0.00620	0.00307	0.00278	0.00058	0.00267	0.00251	0.00221	0.85522
12	0.02046	0.00717	0.00805	0.00732	0.05183	0.07543	0.02652	0.15976	0.02088	0.07976	0.02289	0.24740	0.04475	0.00602	0.00370	0.00107	0.00325	0.00515	0.00299	0.20561

[dist]
# distance from previous block
# <min> <max>
0	1

[block]
# block no. 4 follows, 76 sequences, length 9
# corresponding to MSA columns:
# 313-321
name=unknown_E
#
# <colnr> <probs for GDERKNQSTAVLIFYWHMCP>
#	G	D	E	R	K	N	Q	S	T	A	V	L	I	F	Y	W	H	M	C	P
0	0.00975	0.04599	0.00820	0.00612	0.00853	0.04161	0.02870	0.11320	0.03809	0.18381	0.08186	0.01536	0.15658	0.00498	0.00350	0.00097	0.00300	0.00408	0.02579	0.21987
1	0.00799	0.00648	0.00792	0.03769	0.05042	0.01826	0.02334	0.14216	0.10390	0.01328	0.09594	0.01419	0.04691	0.07681	0.10713	0.00178	0.02109	0.00392	0.04491	0.17586
2	0.05874	0.00764	0.00802	0.00708	0.00917	0.00868	0.00556	0.09015	0.64184	0.03990	0.03946	0.01392	0.04377	0.00502	0.00365	0.00121	0.00290	0.00412	0.00363	0.00553
3	0.01093	0.00955	0.00879	0.00754	0.00942	0.18271	0.00585	0.40063	0.03308	0.01563	0.01070	0.18272	0.01008	0.05080	0.04322	0.00148	0.00435	0.00465	0.00307	0.00478
4	0.00637	0.00419	0.00575	0.00551	0.00633	0.00453	0.00416	0.02958	0.00658	0.08266	0.01192	0.01680	0.05634	0.17389	0.56326	0.00463	0.00746	0.00431	0.00234	0.00339
5	0.46934	0.00852	0.00679	0.00582	0.00817	0.14355	0.00462	0.01163	0.07680	0.01401	0.00644	0.00720	0.00510	0.00344	0.00264	0.00097	0.00336	0.00228	0.02627	0.19304
6	0.00752	0.00613	0.00659	0.00564	0.00760	0.05231	0.02146	0.03245	0.11924	0.07151	0.01967	0.06233	0.29356	0.03414	0.00421	0.00113	0.00280	0.02963	0.00306	0.21905
7	0.40554	0.00968	0.02187	0.00683	0.00898	0.20555	0.03217	0.12036	0.00894	0.02886	0.00825	0.06313	0.03073	0.00449	0.00308	0.00112	0.00394	0.02970	0.00250	0.00429
8	0.15783	0.01195	0.03261	0.00803	0.01044	0.29084	0.00648	0.29732	0.12307	0.01584	0.00784	0.00816	0.00593	0.00405	0.00329	0.00107	0.00454	0.00285	0.00277	0.00508

[dist]
# distance from previous block
# <min> <max>
3	5

[block]
# block no. 5 follows, 76 sequences, length 12
# corresponding to MSA columns:
# 327-338
name=unknown_F
#
# <colnr> <probs for GDERKNQSTAVLIFYWHMCP>
#	G	D	E	R	K	N	Q	S	T	A	V	L	I	F	Y	W	H	M	C	P
0	0.00869	0.05380	0.04257	0.03711	0.19926	0.04684	0.09415	0.07751	0.05239	0.05822	0.04263	0.01468	0.12078	0.04935	0.03031	0.00140	0.03690	0.01533	0.01340	0.00470
1	0.00945	0.00859	0.01471	0.09782	0.36820	0.00875	0.21267	0.09303	0.06437	0.05529	0.00808	0.00982	0.00624	0.00402	0.02175	0.00124	0.00474	0.00359	0.00224	0.00539
2	0.00650	0.00489	0.00573	0.00575	0.00679	0.00512	0.00425	0.01052	0.27842	0.03606	0.13248	0.36650	0.03905	0.00816	0.00418	0.00132	0.00235	0.03716	0.04072	0.00405
3	0.02824	0.00566	0.00807	0.04757	0.12268	0.00575	0.04755	0.04576	0.05342	0.05957	0.13397	0.11796	0.10507	0.03958	0.00492	0.00138	0.02611	0.13956	0.00306	0.00412
4	0.03576	0.00849	0.02239	0.08143	0.17127	0.11736	0.03798	0.13257	0.00961	0.10034	0.04999	0.06192	0.03142	0.04597	0.04328	0.00147	0.02794	0.01345	0.00263	0.00473
5	0.01106	0.03973	0.03022	0.00810	0.02614	0.43608	0.00622	0.08478	0.06281	0.04268	0.12205	0.06052	0.03027	0.00493	0.00356	0.00104	0.00472	0.00377	0.01690	0.00441
6	0.00536	0.00348	0.00438	0.00454	0.00475	0.00344	0.00298	0.00541	0.00594	0.00789	0.03640	0.13207	0.05770	0.42247	0.04909	0.17883	0.00338	0.06707	0.00242	0.00238
7	0.00899	0.05366	0.01985	0.05760	0.01815	0.04132	0.68049	0.05205	0.00893	0.01181	0.00719	0.00942	0.00544	0.00318	0.00409	0.00118	0.00586	0.00399	0.00190	0.00488
8	0.01935	0.07879	0.35634	0.05110	0.13983	0.04423	0.04001	0.04620	0.04153	0.01178	0.04665	0.05564	0.03343	0.00436	0.00357	0.00113	0.00449	0.01452	0.00208	0.00497
9	0.00631	0.00316	0.00473	0.00473	0.00473	0.00316	0.00316	0.00473	0.00473	0.00631	0.00631	0.01105	0.00631	0.01263	0.01420	0.89426	0.00316	0.00316	0.00158	0.00158
10	0.00508	0.00349	0.00415	0.00442	0.00457	0.00342	0.00277	0.00539	0.00602	0.00796	0.01498	0.23195	0.04528	0.57092	0.01367	0.00281	0.00311	0.06493	0.00261	0.00250
11	0.01056	0.45597	0.10762	0.00748	0.01039	0.23704	0.00706	0.04271	0.00862	0.03114	0.00678	0.00768	0.02956	0.01969	0.00315	0.00095	0.00468	0.00245	0.00186	0.00463

[dist]
# distance from previous block
# <min> <max>
0	1

[block]
# block no. 6 follows, 76 sequences, length 19
# corresponding to MSA columns:
# 340-358
name=unknown_G
#
# <colnr> <probs for GDERKNQSTAVLIFYWHMCP>
#	G	D	E	R	K	N	Q	S	T	A	V	L	I	F	Y	W	H	M	C	P
0	0.00693	0.00650	0.01094	0.78014	0.07444	0.00798	0.00995	0.00929	0.00728	0.00941	0.00661	0.00982	0.00506	0.00450	0.03578	0.00138	0.00500	0.00326	0.00164	0.00411
1	0.00458	0.00366	0.00409	0.00405	0.00510	0.00318	0.00301	0.00574	0.00885	0.01132	0.29669	0.08143	0.53798	0.00876	0.00431	0.00121	0.00182	0.00747	0.00358	0.00318
2	0.00923	0.00614	0.00666	0.00594	0.00765	0.02144	0.00461	0.05744	0.33584	0.13668	0.04639	0.06824	0.04594	0.00532	0.00350	0.00112	0.00260	0.00442	0.22599	0.00485
3	0.10742	0.00853	0.02253	0.02572	0.14017	0.05382	0.03487	0.25139	0.03543	0.16144	0.02094	0.02311	0.00811	0.01879	0.00393	0.00119	0.01228	0.06198	0.00307	0.00529
4	0.01209	0.34921	0.01372	0.00809	0.01050	0.48383	0.00670	0.05874	0.00955	0.00954	0.00557	0.00639	0.00476	0.00353	0.00293	0.00088	0.00538	0.00224	0.00185	0.00450
5	0.00744	0.00625	0.00776	0.00570	0.00865	0.00485	0.03612	0.00910	0.00788	0.02692	0.08650	0.02784	0.00858	0.00337	0.00296	0.00065	0.00273	0.00285	0.00238	0.74147
6	0.00475	0.00382	0.00443	0.00470	0.02371	0.00331	0.00326	0.00565	0.00775	0.00990	0.05799	0.30236	0.43646	0.04453	0.00486	0.00135	0.00211	0.00790	0.00323	0.06795
7	0.00446	0.00338	0.00412	0.00458	0.00518	0.00304	0.00319	0.00530	0.00773	0.01002	0.11496	0.52134	0.27897	0.01029	0.00450	0.00136	0.00198	0.00910	0.00344	0.00304
8	0.00553	0.00397	0.00481	0.00505	0.01837	0.00365	0.00371	0.03428	0.00853	0.04413	0.13434	0.27602	0.32095	0.00914	0.00437	0.00132	0.00221	0.09234	0.02389	0.00339
9	0.00746	0.00711	0.01143	0.62849	0.18965	0.02778	0.00994	0.00998	0.02980	0.01010	0.02955	0.01005	0.00599	0.00369	0.00364	0.00118	0.00464	0.00333	0.00178	0.00442
10	0.01100	0.31991	0.01272	0.00777	0.02722	0.33611	0.00629	0.09831	0.00951	0.01052	0.00738	0.08852	0.00687	0.00432	0.00308	0.00095	0.00468	0.00311	0.03727	0.00446
11	0.00818	0.10656	0.58619	0.01046	0.03817	0.02442	0.07610	0.03065	0.00796	0.02890	0.00656	0.00780	0.00485	0.00356	0.00380	0.00113	0.04500	0.00280	0.00169	0.00522
12	0.00740	0.05840	0.81483	0.01017	0.01543	0.00872	0.01309	0.01148	0.00766	0.01137	0.00645	0.00759	0.00461	0.00344	0.00340	0.00113	0.00530	0.00265	0.00154	0.00534
13	0.00500	0.00349	0.00423	0.00452	0.00479	0.00337	0.00295	0.00549	0.00656	0.00871	0.07398	0.27822	0.07313	0.43368	0.01143	0.00246	0.00285	0.06965	0.00284	0.00265
14	0.01056	0.00540	0.00719	0.02559	0.00820	0.00501	0.01948	0.07193	0.01046	0.36973	0.30742	0.05056	0.05895	0.00610	0.00399	0.00116	0.00268	0.02677	0.00402	0.00480
15	0.00539	0.00413	0.00509	0.00508	0.00542	0.01919	0.00352	0.00601	0.00627	0.00848	0.05992	0.16059	0.07008	0.35988	0.19893	0.00323	0.06764	0.00583	0.00247	0.00285
16	0.00529	0.00352	0.00396	0.00396	0.00396	0.00352	0.00220	0.00529	0.00529	0.00705	0.01145	0.02378	0.01321	0.87227	0.01850	0.00352	0.00352	0.00529	0.00220	0.00220
17	0.00473	0.00362	0.00413	0.00429	0.00519	0.00319	0.00313	0.00569	0.00815	0.02312	0.13931	0.22353	0.46829	0.04865	0.00504	0.00139	0.00204	0.04000	0.00342	0.00311
18	0.00740	0.03991	0.80366	0.01043	0.01568	0.00862	0.04182	0.01150	0.00770	0.01144	0.00651	0.00770	0.00464	0.00343	0.00345	0.00114	0.00536	0.00272	0.00155	0.00534

[dist]
# distance from previous block
# <min> <max>
4	5

[block]
# block no. 7 follows, 76 sequences, length 7
# corresponding to MSA columns:
# 365-371
name=unknown_H
#
# <colnr> <probs for GDERKNQSTAVLIFYWHMCP>
#	G	D	E	R	K	N	Q	S	T	A	V	L	I	F	Y	W	H	M	C	P
0	0.00519	0.00389	0.00584	0.00584	0.00649	0.00454	0.00454	0.00649	0.00584	0.00844	0.00974	0.01428	0.00909	0.02726	0.85787	0.00584	0.00974	0.00389	0.00195	0.00325
1	0.00964	0.00750	0.00811	0.00688	0.00888	0.00825	0.00542	0.33427	0.27580	0.01663	0.05282	0.05485	0.10711	0.04952	0.03622	0.00147	0.00339	0.00464	0.00350	0.00511
2	0.00748	0.00617	0.00724	0.00542	0.00817	0.00499	0.00431	0.06287	0.00870	0.01310	0.17027	0.01143	0.01106	0.00372	0.00306	0.00069	0.00259	0.00309	0.00261	0.66305
3	0.00660	0.00533	0.00575	0.00544	0.00677	0.03219	0.00426	0.12052	0.06771	0.01298	0.18607	0.08989	0.31808	0.00800	0.00425	0.00126	0.00255	0.11504	0.00350	0.00381
4	0.09073	0.01194	0.01029	0.03311	0.18375	0.39611	0.00735	0.04698	0.03092	0.01147	0.08598	0.00939	0.00788	0.00416	0.00389	0.00106	0.05519	0.00305	0.00219	0.00454
5	0.07872	0.00868	0.01194	0.05617	0.33903	0.03523	0.05855	0.13042	0.17859	0.05312	0.00890	0.00981	0.00681	0.00383	0.00356	0.00113	0.00401	0.00338	0.00260	0.00551
6	0.04129	0.00828	0.02292	0.09458	0.15293	0.11211	0.00696	0.10655	0.06314	0.07570	0.06255	0.03291	0.00929	0.02235	0.05573	0.00144	0.02233	0.03251	0.02769	0.04873

[dist]
# distance from previous block
# <min> <max>
0	28

[block]
# block no. 8 follows, 76 sequences, length 71
# corresponding to MSA columns:
# 400-470
name=unknown_I
#
# <colnr> <probs for GDERKNQSTAVLIFYWHMCP>
#	G	D	E	R	K	N	Q	S	T	A	V	L	I	F	Y	W	H	M	C	P
0	0.02156	0.00699	0.00829	0.00674	0.00891	0.00707	0.03261	0.31266	0.04834	0.09033	0.14626	0.12548	0.04684	0.00574	0.00379	0.00110	0.00306	0.00485	0.00347	0.11591
1	0.00685	0.00561	0.00710	0.00589	0.02325	0.00472	0.03320	0.02851	0.02236	0.02294	0.21318	0.03208	0.08915	0.00518	0.00353	0.00090	0.00260	0.05911	0.00288	0.43096
2	0.01357	0.00606	0.00783	0.00625	0.00867	0.00555	0.00507	0.05739	0.07303	0.59675	0.10345	0.03042	0.05873	0.00522	0.00378	0.00114	0.00289	0.00432	0.00426	0.00563
3	0.01108	0.00970	0.07722	0.00804	0.01075	0.00992	0.00687	0.37602	0.40427	0.02931	0.01147	0.01096	0.00840	0.00456	0.00365	0.00116	0.00357	0.00362	0.00351	0.00591
4	0.82658	0.00725	0.00663	0.00563	0.00799	0.00824	0.07073	0.01076	0.00638	0.01593	0.00524	0.00622	0.00406	0.00335	0.00241	0.00113	0.00308	0.00215	0.00222	0.00401
5	0.00447	0.00324	0.00419	0.00494	0.00525	0.00300	0.00333	0.00513	0.00706	0.00930	0.02127	0.75845	0.09622	0.03418	0.00499	0.00151	0.00215	0.02505	0.00334	0.00295
6	0.00800	0.00704	0.01151	0.18297	0.45544	0.00731	0.00915	0.01019	0.02373	0.04015	0.07101	0.03703	0.03031	0.00473	0.00384	0.00119	0.00395	0.08527	0.00228	0.00489
7	0.00686	0.00646	0.01090	0.86353	0.02503	0.00807	0.01009	0.00929	0.00727	0.00929	0.00646	0.00969	0.00484	0.00363	0.00363	0.00121	0.00484	0.00323	0.00161	0.00404
8	0.00883	0.00848	0.01439	0.06946	0.76932	0.00870	0.01097	0.01095	0.00811	0.01160	0.00673	0.00899	0.00567	0.00339	0.00393	0.00111	0.03876	0.00324	0.00178	0.00559
9	0.00970	0.00747	0.00811	0.00721	0.00929	0.00841	0.00562	0.01864	0.72027	0.10965	0.01492	0.04272	0.01130	0.00510	0.00373	0.00123	0.00287	0.00427	0.00378	0.00571
10	0.00461	0.00332	0.00440	0.00519	0.00554	0.00312	0.00366	0.00539	0.00722	0.00952	0.02089	0.71483	0.07078	0.01109	0.00467	0.00149	0.00225	0.11566	0.00337	0.00301
11	0.00900	0.00864	0.01475	0.02231	0.84960	0.00864	0.01115	0.01115	0.00828	0.01187	0.00684	0.00900	0.00576	0.00324	0.00360	0.00108	0.00432	0.00324	0.00180	0.00576
12	0.00858	0.00980	0.02145	0.01532	0.01900	0.00919	0.83640	0.01164	0.00858	0.01164	0.00735	0.00980	0.00551	0.00306	0.00429	0.00123	0.00613	0.00429	0.00184	0.00490
13	0.00476	0.00334	0.00437	0.02246	0.00546	0.00323	0.00334	0.00527	0.00659	0.00877	0.01750	0.61763	0.02072	0.19734	0.00789	0.02619	0.00254	0.03678	0.00303	0.00279
14	0.01223	0.00843	0.01328	0.00987	0.01292	0.03524	0.29214	0.12535	0.03940	0.32330	0.01022	0.01045	0.00704	0.00387	0.00391	0.00112	0.01613	0.00368	0.00315	0.06828
15	0.00716	0.00610	0.00705	0.00527	0.00804	0.01727	0.00417	0.00877	0.00806	0.01222	0.14975	0.01137	0.02617	0.00363	0.00300	0.00066	0.00257	0.00301	0.00249	0.71324
16	0.00754	0.00646	0.00754	0.00538	0.00861	0.00484	0.00431	0.00915	0.00754	0.01184	0.00646	0.00754	0.00538	0.00269	0.00269	0.00054	0.00269	0.00215	0.00215	0.89449
17	0.00553	0.01513	0.03493	0.00579	0.00659	0.00487	0.00456	0.00668	0.00592	0.00848	0.00979	0.03831	0.00966	0.17098	0.57580	0.00469	0.04456	0.00414	0.00201	0.04159
18	0.00972	0.87446	0.01905	0.00622	0.00933	0.01438	0.00622	0.01088	0.00738	0.00855	0.00505	0.00583	0.00466	0.00311	0.00233	0.00078	0.00389	0.00194	0.00155	0.00466
19	0.02462	0.07322	0.39020	0.00811	0.01222	0.00761	0.02242	0.04680	0.00837	0.12513	0.00754	0.00819	0.00548	0.00340	0.00320	0.00096	0.00415	0.00266	0.00221	0.24354
20	0.00694	0.00506	0.00558	0.00520	0.00627	0.05382	0.00396	0.04646	0.05453	0.03980	0.29212	0.01854	0.03872	0.04414	0.17595	0.00211	0.00389	0.00472	0.18848	0.00371
21	0.00729	0.01884	0.19735	0.03076	0.01134	0.00667	0.14439	0.01071	0.12926	0.05653	0.05953	0.19818	0.07738	0.00615	0.00416	0.00126	0.01814	0.01481	0.00275	0.00450
22	0.00772	0.09722	0.65719	0.02109	0.01441	0.00869	0.02070	0.01151	0.02850	0.03485	0.00698	0.00816	0.00514	0.00466	0.04585	0.00134	0.00529	0.00276	0.00171	0.01623
23	0.00443	0.00316	0.00422	0.00506	0.00527	0.00295	0.00337	0.00506	0.00696	0.00928	0.02003	0.86990	0.02404	0.01139	0.00464	0.00148	0.00211	0.01033	0.00337	0.00295
24	0.01509	0.00622	0.00856	0.05913	0.01015	0.00568	0.00565	0.02953	0.01019	0.73730	0.04288	0.01256	0.00949	0.00459	0.00388	0.00114	0.02412	0.00371	0.00422	0.00590
25	0.01884	0.09691	0.54628	0.03677	0.01386	0.04949	0.02432	0.02072	0.04776	0.03599	0.03254	0.00945	0.03208	0.00415	0.01474	0.00117	0.00489	0.00302	0.00192	0.00508
26	0.00526	0.00356	0.00417	0.00418	0.00426	0.00363	0.00247	0.00541	0.00537	0.00723	0.01137	0.03354	0.01290	0.76848	0.11051	0.00375	0.00419	0.00520	0.00219	0.00233
27	0.00686	0.00646	0.01090	0.86353	0.02503	0.00807	0.01009	0.00929	0.00727	0.00929	0.00646	0.00969	0.00484	0.00363	0.00363	0.00121	0.00484	0.00323	0.00161	0.00404
28	0.00754	0.00646	0.00754	0.00538	0.00861	0.00484	0.00431	0.00915	0.00754	0.01184	0.00646	0.00754	0.00538	0.00269	0.00269	0.00054	0.00269	0.00215	0.00215	0.89449
29	0.00519	0.00376	0.00506	0.00556	0.00619	0.00361	0.01509	0.00646	0.02545	0.02142	0.08041	0.45013	0.08901	0.02299	0.01832	0.00157	0.00262	0.23056	0.00337	0.00322
30	0.00540	0.00385	0.00454	0.00431	0.00545	0.00339	0.00328	0.00673	0.00932	0.06020	0.40427	0.03025	0.41210	0.00815	0.00427	0.00119	0.00189	0.02429	0.00372	0.00342
31	0.00900	0.00864	0.01475	0.02231	0.84960	0.00864	0.01115	0.01115	0.00828	0.01187	0.00684	0.00900	0.00576	0.00324	0.00360	0.00108	0.00432	0.00324	0.00180	0.00576
32	0.01240	0.03948	0.05352	0.02835	0.01187	0.06573	0.07682	0.48874	0.02737	0.09755	0.00916	0.03854	0.00688	0.00483	0.02083	0.00120	0.00438	0.00353	0.00319	0.00563
33	0.00723	0.00428	0.00522	0.00481	0.00604	0.00388	0.00361	0.03156	0.01873	0.16580	0.19645	0.12029	0.29215	0.04549	0.00560	0.07297	0.00233	0.00637	0.00353	0.00367
34	0.00594	0.00499	0.00739	0.08256	0.00873	0.00626	0.00572	0.00720	0.00589	0.00855	0.00841	0.01273	0.00787	0.04116	0.57835	0.00445	0.19478	0.00371	0.00185	0.00345
35	0.00624	0.00542	0.00787	0.01737	0.08224	0.02847	0.07569	0.01848	0.02087	0.01053	0.13290	0.36343	0.04698	0.00862	0.01966	0.04706	0.09487	0.00684	0.00284	0.00362
36	0.02938	0.04650	0.01765	0.00681	0.01809	0.13739	0.02882	0.08278	0.10986	0.05297	0.08758	0.13448	0.12944	0.00706	0.03315	0.00133	0.01679	0.02399	0.03171	0.00425
37	0.07025	0.00639	0.00709	0.00600	0.00788	0.00669	0.00474	0.25432	0.06447	0.16464	0.03017	0.12225	0.01061	0.02321	0.00375	0.00115	0.00286	0.00435	0.20435	0.00481
38	0.02270	0.02132	0.03890	0.02164	0.09629	0.01915	0.58379	0.06707	0.04047	0.01247	0.00771	0.01005	0.00595	0.00343	0.00420	0.00120	0.01966	0.01690	0.00204	0.00504
39	0.03135	0.20774	0.15351	0.07411	0.25367	0.06680	0.00898	0.04983	0.02460	0.02505	0.02120	0.03725	0.00669	0.00389	0.00331	0.00105	0.00435	0.01960	0.00199	0.00502
40	0.03569	0.00396	0.00462	0.00486	0.00565	0.00381	0.00347	0.01661	0.06624	0.02171	0.11116	0.42139	0.22010	0.04703	0.00496	0.00143	0.00219	0.01843	0.00339	0.00331
41	0.00754	0.00784	0.03402	0.03046	0.06089	0.03583	0.31964	0.02016	0.03095	0.01132	0.11808	0.07179	0.03577	0.02737	0.05304	0.00156	0.10449	0.00474	0.02021	0.00429
42	0.00940	0.03692	0.16410	0.05800	0.18270	0.01584	0.00832	0.11667	0.12933	0.09863	0.07214	0.05225	0.02246	0.00463	0.00374	0.00115	0.01175	0.00391	0.00277	0.00528
43	0.02657	0.07795	0.01224	0.08770	0.44217	0.01956	0.02057	0.02859	0.02076	0.06196	0.03655	0.11438	0.02623	0.00464	0.00365	0.00113	0.00385	0.00421	0.00230	0.00502
44	0.00468	0.00354	0.01519	0.00534	0.00575	0.00326	0.00386	0.00554	0.00715	0.00950	0.01984	0.68724	0.04760	0.01168	0.03918	0.00167	0.00262	0.12002	0.00329	0.00305
45	0.00712	0.16975	0.30831	0.00796	0.04990	0.00758	0.00787	0.02510	0.00761	0.02138	0.05237	0.19019	0.01140	0.08692	0.01901	0.00145	0.00400	0.01552	0.00223	0.00433
46	0.00875	0.00832	0.01348	0.23811	0.59211	0.03713	0.01062	0.01092	0.00813	0.02799	0.00685	0.00916	0.00555	0.00338	0.00360	0.00111	0.00450	0.00321	0.00181	0.00527
47	0.00724	0.00645	0.00686	0.00667	0.02439	0.12625	0.02740	0.05186	0.02409	0.03102	0.14959	0.18675	0.10385	0.01004	0.11079	0.00183	0.02568	0.08242	0.01311	0.00373
48	0.04697	0.02655	0.00898	0.00724	0.01996	0.05144	0.03838	0.40184	0.05114	0.03872	0.01117	0.05363	0.04734	0.00478	0.00343	0.00107	0.00345	0.00381	0.17506	0.00504
49	0.00867	0.00833	0.01377	0.17238	0.66037	0.01938	0.01071	0.01116	0.03866	0.01149	0.00704	0.00926	0.00578	0.00338	0.00360	0.00111	0.00439	0.00326	0.00184	0.00543
50	0.00835	0.00610	0.00727	0.00653	0.00798	0.05217	0.04132	0.07560	0.11386	0.12965	0.05671	0.22739	0.10368	0.00908	0.08577	0.00169	0.02883	0.01590	0.01784	0.00427
51	0.01672	0.07413	0.18240	0.37819	0.13438	0.00850	0.07374	0.01015	0.00768	0.01048	0.03390	0.01013	0.00629	0.00408	0.01705	0.00123	0.00483	0.01973	0.00176	0.00461
52	0.00823	0.00799	0.01397	0.30890	0.50149	0.00849	0.07701	0.01056	0.00796	0.01097	0.00675	0.00930	0.00543	0.00336	0.00367	0.00114	0.00464	0.00332	0.00174	0.00510
53	0.00939	0.00920	0.04286	0.01108	0.03131	0.07556	0.36623	0.08623	0.07336	0.07745	0.01123	0.07847	0.04563	0.00482	0.00420	0.00123	0.01922	0.04509	0.00260	0.00484
54	0.00614	0.00423	0.00556	0.00579	0.00649	0.00420	0.01387	0.07429	0.00821	0.05519	0.04037	0.59945	0.03062	0.00994	0.00472	0.00144	0.02558	0.09701	0.00340	0.00349
55	0.13485	0.00863	0.00880	0.00707	0.00951	0.06965	0.00573	0.38797	0.02632	0.18364	0.07944	0.01066	0.00882	0.00461	0.00363	0.01599	0.00357	0.00339	0.02235	0.00536
56	0.04156	0.00698	0.01884	0.03566	0.01121	0.00704	0.23080	0.09857	0.08370	0.04636	0.04094	0.14081	0.11124	0.00711	0.04912	0.00150	0.03715	0.02419	0.00282	0.00440
57	0.03350	0.10637	0.15611	0.00900	0.03812	0.05724	0.08934	0.09627	0.00864	0.08897	0.02253	0.05052	0.02016	0.02001	0.06960	0.00156	0.12143	0.00359	0.00231	0.00473
58	0.01981	0.01121	0.36478	0.00809	0.02858	0.04836	0.03438	0.00947	0.03500	0.01125	0.09293	0.10801	0.14617	0.00653	0.02619	0.00133	0.00409	0.03701	0.00245	0.00435
59	0.02278	0.01149	0.00964	0.00821	0.01025	0.34729	0.03456	0.20481	0.08117	0.07923	0.02202	0.01052	0.02647	0.05051	0.05227	0.00145	0.01651	0.00331	0.00273	0.00478
60	0.03625	0.21083	0.28258	0.00819	0.01163	0.09943	0.03860	0.04055	0.03014	0.12634	0.02539	0.02076	0.02845	0.00442	0.02043	0.00114	0.00456	0.00304	0.00227	0.00500
61	0.00506	0.00355	0.00450	0.00485	0.00518	0.00350	0.00334	0.00573	0.00670	0.00898	0.07576	0.28698	0.03982	0.34149	0.07291	0.00258	0.00335	0.12010	0.00286	0.00278
62	0.58295	0.00683	0.00625	0.00543	0.00757	0.00766	0.00443	0.10615	0.00786	0.09269	0.00768	0.02108	0.02032	0.00631	0.09167	0.00162	0.00365	0.00271	0.01285	0.00429
63	0.01029	0.02541	0.01306	0.04604	0.14270	0.12928	0.19452	0.07634	0.12084	0.09261	0.02953	0.02157	0.01540	0.00419	0.00430	0.00116	0.06143	0.00369	0.00253	0.00509
64	0.14747	0.04070	0.01284	0.07341	0.33016	0.04713	0.13756	0.03429	0.02203	0.05533	0.00806	0.02468	0.02154	0.00375	0.00348	0.00112	0.00426	0.01315	0.01406	0.00498
65	0.00497	0.00353	0.00425	0.00458	0.00486	0.00344	0.00295	0.00567	0.02915	0.00865	0.03729	0.37045	0.07859	0.38292	0.02773	0.00242	0.00288	0.02009	0.00286	0.00274
66	0.03004	0.00823	0.05025	0.04098	0.12198	0.05126	0.08717	0.12757	0.09534	0.09619	0.04414	0.06572	0.10222	0.00531	0.00407	0.00119	0.02929	0.02493	0.00924	0.00489
67	0.11880	0.05330	0.20783	0.00861	0.03761	0.13056	0.07649	0.03809	0.01974	0.11889	0.06529	0.02650	0.00800	0.02510	0.00374	0.00113	0.00433	0.00327	0.00243	0.05030
68	0.00477	0.00342	0.00434	0.00495	0.00532	0.00326	0.00341	0.00565	0.02232	0.00940	0.02000	0.59554	0.09319	0.10357	0.02184	0.00175	0.00247	0.06444	0.02740	0.00298
69	0.09260	0.06257	0.01055	0.00792	0.02361	0.04607	0.05737	0.35785	0.06390	0.16830	0.00958	0.02354	0.00698	0.00422	0.00342	0.00108	0.00377	0.00332	0.03609	0.01725
70	0.05191	0.15854	0.16129	0.00870	0.01161	0.12279	0.13884	0.03659	0.04841	0.04475	0.05681	0.03218	0.03734	0.00481	0.01923	0.00118	0.01228	0.03215	0.00228	0.01831

[dist]
# distance from previous block
# <min> <max>
0	50

[block]
# block no. 9 follows, 76 sequences, length 119
# corresponding to MSA columns:
# 521-639
name=unknown_J
#
# <colnr> <probs for GDERKNQSTAVLIFYWHMCP>
#	G	D	E	R	K	N	Q	S	T	A	V	L	I	F	Y	W	H	M	C	P
0	0.01732	0.00574	0.03934	0.00748	0.02326	0.01390	0.02154	0.02149	0.01726	0.01046	0.02429	0.08824	0.01552	0.04594	0.06504	0.00193	0.15114	0.42372	0.00277	0.00361
1	0.11484	0.00916	0.01929	0.03463	0.18238	0.09746	0.03885	0.18501	0.05433	0.06515	0.02454	0.00993	0.03628	0.00423	0.00410	0.00112	0.07088	0.00328	0.00260	0.04195
2	0.03518	0.03475	0.01205	0.12256	0.18723	0.35240	0.02032	0.02407	0.01791	0.02916	0.04020	0.01054	0.00762	0.00466	0.00413	0.00127	0.02075	0.00335	0.00250	0.06935
3	0.00515	0.00368	0.00497	0.00571	0.00624	0.00356	0.00444	0.00628	0.00769	0.01014	0.05616	0.40020	0.03528	0.05289	0.00547	0.00165	0.00272	0.38131	0.00333	0.00312
4	0.00580	0.00348	0.00516	0.00516	0.00543	0.00375	0.00369	0.00549	0.00522	0.00723	0.00797	0.01296	0.00778	0.05680	0.36643	0.48410	0.00592	0.00356	0.00176	0.00230
5	0.03339	0.01028	0.17829	0.06408	0.31288	0.04839	0.06039	0.02147	0.05647	0.06220	0.03320	0.04969	0.01417	0.00420	0.00387	0.00116	0.02659	0.01191	0.00221	0.00515
6	0.00868	0.00788	0.01329	0.26579	0.55724	0.00837	0.01053	0.01086	0.00803	0.04827	0.00702	0.00933	0.00562	0.00347	0.00377	0.00113	0.02038	0.00325	0.00186	0.00524
7	0.00496	0.00345	0.00430	0.00455	0.00479	0.00339	0.00293	0.00549	0.00655	0.00887	0.11747	0.31455	0.02755	0.39928	0.07334	0.00267	0.00325	0.00710	0.00282	0.00270
8	0.58520	0.00874	0.04186	0.00601	0.00844	0.08316	0.00508	0.12648	0.00839	0.07146	0.00641	0.00719	0.00485	0.01980	0.00298	0.00115	0.00344	0.00239	0.00253	0.00445
9	0.00884	0.00856	0.01445	0.12730	0.68602	0.02140	0.04745	0.02144	0.00830	0.01163	0.00682	0.00908	0.00562	0.00330	0.00363	0.00110	0.00449	0.00327	0.00180	0.00549
10	0.00686	0.00525	0.00595	0.00549	0.00689	0.00542	0.00420	0.01132	0.29984	0.05064	0.32075	0.02338	0.17686	0.03916	0.00460	0.00129	0.00230	0.02185	0.00372	0.00425
11	0.00601	0.00442	0.00538	0.00564	0.01644	0.00440	0.00413	0.02686	0.12849	0.03959	0.08675	0.36033	0.14130	0.04443	0.00497	0.00146	0.00246	0.10982	0.00344	0.00365
12	0.02542	0.00797	0.01202	0.00974	0.02832	0.04127	0.27107	0.05246	0.23801	0.05110	0.09938	0.03621	0.04917	0.00505	0.00413	0.00122	0.01697	0.04267	0.00296	0.00486
13	0.01031	0.00604	0.00738	0.01829	0.02968	0.01307	0.00510	0.08759	0.14621	0.29218	0.03335	0.15923	0.11131	0.01790	0.01788	0.00133	0.01390	0.02063	0.00370	0.00491
14	0.00643	0.00548	0.01808	0.00679	0.01650	0.02093	0.14821	0.00834	0.04147	0.04593	0.31535	0.04522	0.16557	0.10909	0.01931	0.00154	0.00313	0.01573	0.00316	0.00372
15	0.52431	0.00928	0.00745	0.00634	0.00870	0.14625	0.00512	0.17794	0.00930	0.06630	0.00644	0.00696	0.00481	0.00370	0.00278	0.00109	0.00367	0.00239	0.00260	0.00457
16	0.00931	0.69963	0.17737	0.00705	0.01057	0.02539	0.00760	0.01105	0.00748	0.00912	0.00534	0.00619	0.00465	0.00318	0.00256	0.00085	0.00421	0.00209	0.00156	0.00479
17	0.00512	0.00377	0.00452	0.00477	0.00557	0.00348	0.00348	0.03125	0.00814	0.02625	0.10627	0.35500	0.29912	0.04501	0.01412	0.00149	0.00229	0.07375	0.00340	0.00320
18	0.02025	0.39268	0.12392	0.00727	0.01010	0.11201	0.02829	0.01182	0.06344	0.07135	0.00867	0.08131	0.01746	0.00434	0.00309	0.00099	0.00409	0.01379	0.02045	0.00468
19	0.02828	0.00682	0.00783	0.00675	0.00853	0.00723	0.00527	0.39123	0.01192	0.09540	0.02185	0.31556	0.01320	0.00819	0.05276	0.00150	0.00352	0.00586	0.00350	0.00479
20	0.00545	0.00386	0.00455	0.00442	0.00555	0.00340	0.00338	0.00671	0.00905	0.06469	0.31027	0.06788	0.42775	0.00845	0.00431	0.00123	0.00199	0.06000	0.00366	0.00340
21	0.00717	0.06365	0.09593	0.04908	0.22134	0.02427	0.07553	0.00919	0.00826	0.01096	0.05099	0.03988	0.13658	0.00602	0.00402	0.00125	0.00387	0.18519	0.00246	0.00437
22	0.05108	0.02851	0.02248	0.04271	0.01051	0.03950	0.01674	0.23491	0.05171	0.39709	0.01149	0.04661	0.00816	0.00462	0.00371	0.00113	0.01602	0.00366	0.00368	0.00567
23	0.00843	0.00663	0.00710	0.00644	0.00815	0.02884	0.00497	0.05766	0.42493	0.07730	0.05413	0.11439	0.15021	0.00667	0.01425	0.00129	0.01480	0.00537	0.00358	0.00485
24	0.02647	0.00713	0.00684	0.00643	0.00767	0.13296	0.00489	0.14344	0.06389	0.03190	0.07376	0.16841	0.01483	0.13988	0.01376	0.00165	0.00360	0.12723	0.02132	0.00393
25	0.04426	0.39730	0.21707	0.00765	0.01081	0.03782	0.06123	0.02095	0.00754	0.01000	0.01863	0.05129	0.00674	0.05418	0.03927	0.00133	0.00454	0.00306	0.00181	0.00452
26	0.00701	0.02961	0.00645	0.00637	0.00751	0.08515	0.00526	0.02055	0.03726	0.04748	0.03884	0.11391	0.12231	0.00892	0.01436	0.00149	0.00337	0.43726	0.00323	0.00364
27	0.15520	0.00669	0.00814	0.00636	0.00906	0.00636	0.00525	0.10078	0.01042	0.61982	0.02708	0.01124	0.00836	0.00436	0.00344	0.00112	0.00312	0.00340	0.00405	0.00578
28	0.01015	0.00820	0.03997	0.00733	0.00960	0.02178	0.00599	0.17374	0.46913	0.09334	0.04744	0.03748	0.03774	0.00519	0.00375	0.00120	0.00317	0.01561	0.00364	0.00555
29	0.00456	0.00324	0.00427	0.00501	0.00522	0.00308	0.00334	0.00517	0.00679	0.00907	0.01889	0.74743	0.02251	0.09589	0.02959	0.00180	0.00248	0.02555	0.00322	0.00289
30	0.30630	0.00591	0.00612	0.00572	0.00712	0.04143	0.00450	0.00952	0.05261	0.05722	0.04641	0.05565	0.02118	0.02120	0.31422	0.00289	0.03206	0.00368	0.00246	0.00382
31	0.00938	0.74729	0.11121	0.02294	0.02610	0.01350	0.00718	0.01093	0.00743	0.00895	0.00528	0.00617	0.00468	0.00316	0.00250	0.00083	0.00408	0.00207	0.00156	0.00475
32	0.50022	0.08334	0.02347	0.00558	0.00795	0.02818	0.01659	0.04791	0.03186	0.05994	0.00679	0.00792	0.00539	0.03376	0.01918	0.00121	0.00326	0.00246	0.03924	0.07574
33	0.00497	0.00351	0.00435	0.00482	0.00524	0.00333	0.00325	0.00591	0.03271	0.02290	0.05298	0.54548	0.10719	0.15382	0.00683	0.00176	0.00235	0.02170	0.01391	0.00301
34	0.04801	0.06786	0.29607	0.06421	0.06226	0.06345	0.19799	0.02111	0.02310	0.01780	0.01663	0.08985	0.00718	0.00419	0.00365	0.00116	0.00489	0.00382	0.00197	0.00479
35	0.03126	0.00476	0.00627	0.00583	0.00669	0.02045	0.04202	0.05879	0.04401	0.05175	0.01273	0.17958	0.07679	0.01022	0.03253	0.36692	0.01244	0.02409	0.00980	0.00306
36	0.00484	0.00351	0.00412	0.00428	0.00503	0.00318	0.00305	0.00592	0.00821	0.01112	0.23514	0.26293	0.28694	0.05049	0.00490	0.00135	0.00195	0.00759	0.09234	0.00312
37	0.09119	0.00617	0.02812	0.02150	0.00760	0.02591	0.00457	0.13331	0.05911	0.07938	0.27086	0.02021	0.18893	0.00619	0.00379	0.00114	0.00263	0.00511	0.04005	0.00424
38	0.00964	0.16568	0.05680	0.21586	0.08487	0.17993	0.11952	0.02725	0.02481	0.03360	0.00654	0.00828	0.00519	0.00363	0.00378	0.00108	0.04406	0.00296	0.00186	0.00464
39	0.00969	0.76734	0.05962	0.00657	0.00971	0.03979	0.00658	0.01140	0.04450	0.00900	0.00557	0.00629	0.00495	0.00323	0.00248	0.00082	0.00400	0.00209	0.00166	0.00473
40	0.07279	0.00640	0.00709	0.00618	0.00790	0.00681	0.00472	0.14453	0.23233	0.15945	0.01296	0.11238	0.01126	0.16366	0.00635	0.00162	0.00308	0.00465	0.03112	0.00472
41	0.00520	0.00387	0.00571	0.00571	0.00632	0.00447	0.00439	0.00641	0.00580	0.00834	0.00985	0.01492	0.00936	0.08416	0.80135	0.00569	0.00932	0.00399	0.00196	0.00317
42	0.00806	0.00988	0.14180	0.00726	0.00939	0.19187	0.03838	0.03420	0.07876	0.02058	0.27083	0.01845	0.12125	0.00580	0.00388	0.00113	0.00376	0.02756	0.00293	0.00422
43	0.00574	0.00392	0.00467	0.00439	0.00557	0.00345	0.00335	0.00708	0.00938	0.08381	0.40354	0.02961	0.38926	0.00801	0.00425	0.00119	0.00192	0.02361	0.00376	0.00350
44	0.00900	0.00864	0.01475	0.02231	0.84960	0.00864	0.01115	0.01115	0.00828	0.01187	0.00684	0.00900	0.00576	0.00324	0.00360	0.00108	0.00432	0.00324	0.00180	0.00576
45	0.00729	0.01880	0.85344	0.01036	0.01573	0.00844	0.01343	0.01151	0.00767	0.01151	0.00652	0.00767	0.00460	0.00345	0.00345	0.00115	0.00537	0.00269	0.00153	0.00537
46	0.01359	0.00741	0.01050	0.00806	0.01085	0.00717	0.12541	0.13263	0.12080	0.47910	0.02093	0.01181	0.00863	0.00435	0.00373	0.00114	0.00359	0.00378	0.02065	0.00586
47	0.00446	0.00319	0.00426	0.00510	0.00533	0.00298	0.00344	0.00512	0.00699	0.00932	0.02001	0.84856	0.02396	0.01135	0.00465	0.00148	0.00214	0.03131	0.00337	0.00296
48	0.00904	0.00781	0.00822	0.00740	0.00945	0.00904	0.00575	0.01931	0.84303	0.01520	0.01479	0.01356	0.01109	0.00493	0.00370	0.00123	0.00288	0.00411	0.00370	0.00575
49	0.01337	0.06365	0.01077	0.00919	0.01113	0.81210	0.00698	0.01432	0.01014	0.00888	0.00559	0.00652	0.00468	0.00371	0.00323	0.00093	0.00641	0.00232	0.00186	0.00424
