[name]
unknown

[dist]
# distance from previous block
# <min> <max>
21	141

[block]
# block no. 0 follows, 74 sequences, length 10
# corresponding to MSA columns:
# 177-186
name=unknown_A
#
# <colnr> <probs for GDERKNQSTAVLIFYWHMCP>
#	G	D	E	R	K	N	Q	S	T	A	V	L	I	F	Y	W	H	M	C	P
0	0.00912	0.25559	0.06138	0.07943	0.10629	0.04309	0.09091	0.04212	0.11025	0.03409	0.00969	0.05543	0.04278	0.00472	0.01503	0.00117	0.02804	0.00367	0.00227	0.00492
1	0.00965	0.03209	0.03753	0.02679	0.13507	0.04436	0.35592	0.13350	0.03438	0.03942	0.03264	0.06422	0.00807	0.00419	0.00399	0.00118	0.00490	0.00427	0.02267	0.00515
2	0.03117	0.00830	0.00878	0.03367	0.09097	0.11793	0.00624	0.15578	0.13314	0.05818	0.12978	0.06016	0.07789	0.00580	0.00418	0.00120	0.03344	0.03539	0.00319	0.00482
3	0.00607	0.00344	0.00507	0.00506	0.00525	0.00359	0.00352	0.00537	0.00535	0.00733	0.04003	0.01339	0.00860	0.06143	0.21388	0.60022	0.00478	0.00365	0.00183	0.00212
4	0.13002	0.06471	0.09603	0.00786	0.04004	0.03077	0.02094	0.23355	0.02546	0.14208	0.00908	0.03284	0.00696	0.00420	0.00334	0.00106	0.00374	0.01685	0.03004	0.10042
5	0.00701	0.00660	0.01113	0.86063	0.02556	0.00825	0.01031	0.00948	0.00742	0.00948	0.00660	0.00990	0.00495	0.00371	0.00371	0.00124	0.00495	0.00330	0.00165	0.00412
6	0.00852	0.07846	0.09429	0.03612	0.17169	0.00734	0.00716	0.04063	0.05629	0.03817	0.02518	0.02928	0.02456	0.00369	0.00324	0.00089	0.00353	0.00309	0.00231	0.36554
7	0.06360	0.04974	0.06536	0.00809	0.07858	0.00669	0.05944	0.04027	0.02448	0.06662	0.03567	0.05112	0.00765	0.00376	0.00321	0.00087	0.00338	0.00318	0.00245	0.42584
8	0.00466	0.00339	0.00431	0.00484	0.00531	0.00310	0.00333	0.00540	0.00767	0.01010	0.12058	0.58309	0.17405	0.01080	0.00502	0.03646	0.00210	0.00932	0.00345	0.00304
9	0.00860	0.07144	0.03288	0.02327	0.06159	0.02254	0.00554	0.05035	0.00844	0.05616	0.03225	0.04018	0.00730	0.00403	0.02021	0.00086	0.00332	0.00290	0.00239	0.54575

[dist]
# distance from previous block
# <min> <max>
3	9

[block]
# block no. 1 follows, 74 sequences, length 14
# corresponding to MSA columns:
# 196-209
name=unknown_B
#
# <colnr> <probs for GDERKNQSTAVLIFYWHMCP>
#	G	D	E	R	K	N	Q	S	T	A	V	L	I	F	Y	W	H	M	C	P
0	0.07879	0.10307	0.08809	0.00869	0.04679	0.01986	0.01815	0.07496	0.10428	0.02226	0.00799	0.01029	0.00678	0.00665	0.06898	0.00162	0.25943	0.02845	0.04017	0.00467
1	0.01038	0.71789	0.04296	0.00666	0.00986	0.03174	0.00654	0.05871	0.00831	0.04396	0.00586	0.00652	0.00505	0.00332	0.00258	0.00083	0.00401	0.00217	0.00186	0.03079
2	0.00457	0.00375	0.00402	0.00399	0.00513	0.00320	0.00298	0.00566	0.00883	0.01099	0.19949	0.06164	0.65466	0.00911	0.00440	0.00124	0.00186	0.00770	0.00358	0.00320
3	0.01213	0.02553	0.01036	0.00823	0.01068	0.13178	0.02610	0.47845	0.10595	0.01844	0.07233	0.01171	0.04660	0.00487	0.00389	0.00112	0.01920	0.00375	0.00336	0.00552
4	0.00540	0.00360	0.00405	0.00405	0.00405	0.00360	0.00225	0.00540	0.00540	0.00720	0.01170	0.02429	0.01349	0.86955	0.01889	0.00360	0.00360	0.00540	0.00225	0.00225
5	0.00855	0.00972	0.02104	0.01508	0.01872	0.00909	0.79345	0.01158	0.00875	0.01180	0.00894	0.01123	0.04553	0.00343	0.00438	0.00125	0.00605	0.00454	0.00195	0.00492
6	0.00876	0.01001	0.02190	0.01564	0.01940	0.00939	0.83292	0.01189	0.00876	0.01189	0.00751	0.01001	0.00563	0.00313	0.00438	0.00125	0.00626	0.00438	0.00188	0.00501
7	0.00448	0.00338	0.00415	0.00476	0.00528	0.00305	0.00326	0.00521	0.00750	0.00964	0.02545	0.62489	0.26357	0.01098	0.00464	0.00143	0.00207	0.00976	0.00345	0.00305
8	0.00952	0.73248	0.15521	0.00704	0.01060	0.01370	0.00755	0.01122	0.00759	0.00923	0.00541	0.00626	0.00475	0.00323	0.00257	0.00086	0.00422	0.00211	0.00158	0.00488
9	0.04413	0.00632	0.00816	0.00639	0.00899	0.00577	0.00523	0.08016	0.01086	0.64971	0.07748	0.01335	0.01079	0.00476	0.00367	0.00113	0.00304	0.00386	0.05032	0.00588
10	0.00772	0.07715	0.72777	0.01069	0.01588	0.00910	0.07785	0.01172	0.00789	0.01156	0.00662	0.00788	0.00478	0.00347	0.00352	0.00116	0.00544	0.00282	0.00159	0.00540
11	0.00806	0.07317	0.51320	0.01202	0.01676	0.00929	0.29158	0.01176	0.00813	0.01160	0.00685	0.00845	0.00502	0.00337	0.00374	0.00118	0.00565	0.00325	0.00167	0.00527
12	0.01111	0.00698	0.00792	0.00663	0.00860	0.02075	0.00524	0.20678	0.16216	0.21017	0.02790	0.01394	0.03214	0.08061	0.05959	0.00166	0.02416	0.00398	0.10453	0.00515
13	0.00807	0.04819	0.00801	0.01818	0.00849	0.09357	0.02300	0.09309	0.17073	0.01257	0.10206	0.10892	0.09194	0.04471	0.08046	0.00176	0.02074	0.05816	0.00308	0.00428

[dist]
# distance from previous block
# <min> <max>
2	9

[block]
# block no. 2 follows, 74 sequences, length 36
# corresponding to MSA columns:
# 219-254
name=unknown_C
#
# <colnr> <probs for GDERKNQSTAVLIFYWHMCP>
#	G	D	E	R	K	N	Q	S	T	A	V	L	I	F	Y	W	H	M	C	P
0	0.27818	0.17755	0.05040	0.00676	0.00929	0.07833	0.00586	0.02789	0.27572	0.03001	0.00921	0.00929	0.01927	0.00407	0.00302	0.00110	0.00355	0.00292	0.00265	0.00493
1	0.01179	0.04312	0.13188	0.02357	0.02442	0.10133	0.05683	0.34961	0.01209	0.08336	0.00813	0.00908	0.00607	0.01909	0.02117	0.00128	0.07322	0.00322	0.00279	0.01796
2	0.03428	0.00840	0.00930	0.00755	0.01001	0.00917	0.00610	0.35606	0.24886	0.12394	0.03386	0.01176	0.01819	0.01735	0.01999	0.00128	0.03090	0.00373	0.00363	0.04563
3	0.02592	0.00526	0.01682	0.00546	0.00712	0.00491	0.00435	0.07428	0.02997	0.21176	0.28377	0.02144	0.16471	0.01842	0.06978	0.00156	0.00304	0.00537	0.04168	0.00438
4	0.00780	0.00442	0.00566	0.00505	0.00644	0.00398	0.00389	0.00945	0.02427	0.20671	0.48172	0.06290	0.14835	0.00730	0.00424	0.00119	0.00213	0.00632	0.00407	0.00412
5	0.00709	0.00667	0.01127	0.83155	0.05406	0.00827	0.01035	0.00955	0.00746	0.00958	0.00661	0.00987	0.00498	0.00370	0.00371	0.00123	0.00493	0.00330	0.00166	0.00418
6	0.00527	0.00355	0.00412	0.00424	0.00429	0.00354	0.00247	0.00539	0.00565	0.00755	0.01290	0.14341	0.01498	0.73168	0.03321	0.00335	0.00352	0.00610	0.00241	0.00238
7	0.00539	0.00365	0.00429	0.00429	0.00437	0.00373	0.00254	0.00555	0.00547	0.00737	0.01148	0.02309	0.01297	0.76555	0.12218	0.00389	0.00438	0.00522	0.00222	0.00238
8	0.89577	0.00718	0.00546	0.00488	0.00718	0.00833	0.00402	0.01091	0.00632	0.01665	0.00517	0.00603	0.00402	0.00345	0.00230	0.00115	0.00287	0.00201	0.00230	0.00402
9	0.00511	0.00379	0.00476	0.00452	0.00546	0.00344	0.00339	0.00672	0.01016	0.01407	0.70847	0.02907	0.17151	0.00789	0.00438	0.00118	0.00177	0.00690	0.00398	0.00344
10	0.00923	0.00797	0.00839	0.00755	0.00965	0.00923	0.00588	0.01972	0.83969	0.01553	0.01511	0.01385	0.01133	0.00504	0.00378	0.00126	0.00294	0.00420	0.00378	0.00588
11	0.00957	0.25315	0.26535	0.01975	0.11834	0.05264	0.10313	0.07987	0.00892	0.02960	0.00669	0.00788	0.00522	0.00346	0.00332	0.00104	0.00485	0.00284	0.00191	0.02245
12	0.00956	0.05672	0.42467	0.02169	0.11535	0.13642	0.03851	0.01295	0.05193	0.07198	0.00750	0.00850	0.00557	0.00372	0.00367	0.00113	0.01985	0.00294	0.00200	0.00534
13	0.89577	0.00718	0.00546	0.00488	0.00718	0.00833	0.00402	0.01091	0.00632	0.01665	0.00517	0.00603	0.00402	0.00345	0.00230	0.00115	0.00287	0.00201	0.00230	0.00402
14	0.00898	0.00968	0.01028	0.03827	0.01040	0.23240	0.04414	0.01012	0.00725	0.00912	0.00652	0.00943	0.00594	0.01033	0.19942	0.00239	0.36414	0.00324	0.01395	0.00399
15	0.01377	0.01023	0.01095	0.00847	0.01138	0.01135	0.00697	0.77708	0.07495	0.02284	0.00934	0.00926	0.00666	0.00450	0.00372	0.00112	0.00400	0.00340	0.00372	0.00628
16	0.00490	0.00378	0.00447	0.00430	0.00533	0.00335	0.00322	0.00632	0.00967	0.01290	0.51543	0.03099	0.36527	0.00833	0.00438	0.00120	0.00180	0.00717	0.00383	0.00335
17	0.00477	0.00336	0.00442	0.00521	0.00555	0.00316	0.00364	0.00558	0.00733	0.00985	0.02057	0.71850	0.05094	0.01109	0.00467	0.00149	0.00225	0.09125	0.04328	0.00308
18	0.00692	0.00346	0.00346	0.00346	0.00432	0.00346	0.00259	0.00865	0.00778	0.01384	0.01211	0.01384	0.00951	0.00432	0.00259	0.00086	0.00173	0.00346	0.89016	0.00346
19	0.01333	0.03655	0.01086	0.00984	0.04688	0.66957	0.00725	0.09251	0.05907	0.01094	0.00662	0.00741	0.00535	0.00392	0.00340	0.00099	0.00607	0.00261	0.00218	0.00466
20	0.00521	0.00381	0.00490	0.00467	0.00557	0.00350	0.00353	0.00690	0.01029	0.01440	0.75727	0.02878	0.09536	0.00781	0.00440	0.00119	0.00181	0.03309	0.00402	0.00347
21	0.00860	0.00735	0.00799	0.03289	0.00958	0.00842	0.00569	0.01764	0.70443	0.01500	0.08560	0.05561	0.01378	0.00553	0.00387	0.00126	0.00286	0.00469	0.00372	0.00548
22	0.82861	0.04435	0.00622	0.00510	0.00742	0.03685	0.00422	0.01105	0.00651	0.01606	0.00519	0.00605	0.00408	0.00345	0.00234	0.00113	0.00305	0.00202	0.00225	0.00406
23	0.00540	0.00360	0.00405	0.00405	0.00405	0.00360	0.00225	0.00540	0.00540	0.00720	0.01170	0.02429	0.01349	0.86955	0.01889	0.00360	0.00360	0.00540	0.00225	0.00225
24	0.00737	0.04108	0.01033	0.09353	0.23388	0.04462	0.07377	0.02460	0.00827	0.01109	0.05211	0.20408	0.07399	0.00710	0.04022	0.00142	0.00397	0.02127	0.04298	0.00431
25	0.00830	0.00841	0.01134	0.00974	0.00980	0.03703	0.00809	0.00911	0.00583	0.00894	0.00490	0.00808	0.00487	0.00642	0.01191	0.00160	0.83671	0.00322	0.00163	0.00407
26	0.00530	0.00398	0.00597	0.00597	0.00663	0.00464	0.00464	0.00663	0.00597	0.00862	0.00994	0.01458	0.00928	0.02784	0.85484	0.00597	0.00994	0.00398	0.00199	0.00331
27	0.00507	0.00348	0.00426	0.00467	0.00480	0.00339	0.00295	0.00543	0.00628	0.00836	0.01577	0.37455	0.01851	0.46654	0.01227	0.00263	0.00299	0.05262	0.00281	0.00263
28	0.00531	0.00396	0.00588	0.00588	0.00652	0.00460	0.00454	0.00658	0.00594	0.00856	0.01002	0.01500	0.00946	0.06368	0.81924	0.00586	0.00967	0.00404	0.00200	0.00327
29	0.00606	0.00417	0.00525	0.00484	0.00591	0.00391	0.00367	0.04394	0.01046	0.04929	0.65739	0.04177	0.10520	0.00774	0.01455	0.00123	0.00203	0.00651	0.02238	0.00370
30	0.04345	0.00661	0.00765	0.00552	0.00876	0.00511	0.00443	0.00980	0.00777	0.04987	0.00690	0.00785	0.00560	0.00286	0.00278	0.00060	0.00277	0.00226	0.00231	0.81709
31	0.01139	0.00577	0.00772	0.00634	0.00841	0.00535	0.03118	0.09075	0.01088	0.39304	0.25986	0.03340	0.05106	0.00603	0.00405	0.00119	0.00286	0.04935	0.01631	0.00506
32	0.00788	0.00671	0.00779	0.00558	0.00887	0.00513	0.00447	0.03279	0.00797	0.01242	0.00666	0.00773	0.00552	0.00280	0.00278	0.00057	0.00279	0.00223	0.00224	0.86705
33	0.00880	0.03186	0.00959	0.09222	0.20977	0.07891	0.00693	0.05135	0.00891	0.09413	0.03859	0.06955	0.12430	0.00726	0.07273	0.00153	0.00425	0.03206	0.00266	0.05461
34	0.52127	0.03959	0.01900	0.00620	0.01836	0.08659	0.00503	0.07746	0.02049	0.12230	0.01714	0.02862	0.01647	0.00404	0.00286	0.00113	0.00341	0.00276	0.00271	0.00458
35	0.01673	0.03348	0.00638	0.02599	0.00666	0.10780	0.02463	0.03270	0.01615	0.02585	0.01164	0.10275	0.02370	0.52596	0.01287	0.00262	0.00390	0.00521	0.00241	0.01256

[dist]
# distance from previous block
# <min> <max>
1	9

[block]
# block no. 3 follows, 74 sequences, length 15
# corresponding to MSA columns:
# 264-278
name=unknown_D
#
# <colnr> <probs for GDERKNQSTAVLIFYWHMCP>
#	G	D	E	R	K	N	Q	S	T	A	V	L	I	F	Y	W	H	M	C	P
0	0.01012	0.12431	0.22737	0.05806	0.03369	0.08166	0.19315	0.10193	0.05581	0.02623	0.00785	0.00936	0.00607	0.00409	0.00421	0.00124	0.04379	0.00338	0.00226	0.00543
1	0.00942	0.31963	0.13544	0.00882	0.02221	0.10828	0.05042	0.01121	0.02306	0.02642	0.00652	0.04255	0.00586	0.00450	0.00527	0.00114	0.20977	0.00301	0.00183	0.00465
2	0.00495	0.00384	0.00474	0.03914	0.00636	0.00367	0.00372	0.00637	0.05163	0.01039	0.09412	0.45430	0.24244	0.03026	0.00487	0.00144	0.00226	0.02880	0.00342	0.00327
3	0.06004	0.14058	0.07865	0.02138	0.09281	0.07640	0.04639	0.08301	0.05123	0.07552	0.03530	0.04866	0.03516	0.00441	0.00352	0.00105	0.01499	0.01501	0.00254	0.11337
4	0.08878	0.07097	0.13182	0.05151	0.05319	0.08909	0.06907	0.07380	0.11437	0.06854	0.09353	0.01202	0.04232	0.00445	0.00356	0.00113	0.00409	0.00365	0.00269	0.02143
5	0.00513	0.00349	0.00413	0.00439	0.00445	0.00342	0.00261	0.00533	0.00592	0.00789	0.01436	0.28090	0.01686	0.60835	0.01458	0.00296	0.00316	0.00697	0.00261	0.00248
6	0.00761	0.00663	0.02493	0.01005	0.17615	0.00645	0.08094	0.02052	0.15681	0.05248	0.15158	0.07550	0.16750	0.00627	0.00425	0.00124	0.01797	0.02532	0.00314	0.00465
7	0.04680	0.05741	0.03050	0.03883	0.11194	0.24622	0.05976	0.17886	0.05148	0.07159	0.00787	0.00908	0.00615	0.03082	0.00430	0.00117	0.03643	0.00313	0.00252	0.00512
8	0.00670	0.00507	0.00710	0.00662	0.00740	0.00604	0.00523	0.06173	0.00692	0.03995	0.02697	0.01379	0.00912	0.04932	0.60040	0.00466	0.13313	0.00392	0.00220	0.00370
9	0.00466	0.00338	0.00438	0.00507	0.00544	0.00315	0.00349	0.00542	0.00740	0.00978	0.05857	0.67057	0.09980	0.04507	0.00527	0.00156	0.00224	0.05826	0.00343	0.00304
10	0.01158	0.01287	0.01245	0.07983	0.17573	0.41034	0.08408	0.04387	0.03017	0.04087	0.00683	0.00830	0.00547	0.00390	0.00412	0.00110	0.05861	0.00301	0.00207	0.00483
11	0.03764	0.12158	0.23650	0.00972	0.04554	0.18227	0.07372	0.07046	0.03503	0.11911	0.01928	0.00869	0.00614	0.00384	0.00355	0.00109	0.01532	0.00298	0.00234	0.00522
12	0.01110	0.01161	0.03214	0.05152	0.04908	0.28048	0.11850	0.13200	0.10750	0.03907	0.00899	0.02397	0.00743	0.00463	0.00427	0.00118	0.05345	0.05559	0.00255	0.00493
13	0.02656	0.00393	0.00509	0.00507	0.00551	0.00425	0.00356	0.00621	0.00617	0.00875	0.06760	0.05803	0.03768	0.35607	0.36928	0.00418	0.02174	0.00507	0.00234	0.00292
14	0.04913	0.23183	0.20976	0.00820	0.01143	0.05234	0.09593	0.02315	0.00794	0.01096	0.02627	0.04978	0.01838	0.03469	0.02534	0.00123	0.01613	0.01491	0.00200	0.11061

[dist]
# distance from previous block
# <min> <max>
2	17

[block]
# block no. 4 follows, 74 sequences, length 29
# corresponding to MSA columns:
# 296-324
name=unknown_E
#
# <colnr> <probs for GDERKNQSTAVLIFYWHMCP>
#	G	D	E	R	K	N	Q	S	T	A	V	L	I	F	Y	W	H	M	C	P
0	0.00884	0.28868	0.13172	0.03789	0.02869	0.02848	0.04522	0.03997	0.05795	0.03502	0.04448	0.06058	0.00821	0.03322	0.00516	0.00122	0.13428	0.00354	0.00215	0.00469
1	0.03611	0.17740	0.09838	0.06948	0.15735	0.07815	0.00841	0.23859	0.02848	0.02493	0.00742	0.02392	0.00593	0.00398	0.00359	0.00108	0.02602	0.00305	0.00239	0.00535
2	0.00468	0.00375	0.00419	0.00418	0.00525	0.00326	0.00313	0.00585	0.00896	0.01141	0.26808	0.08666	0.54085	0.00904	0.00442	0.00126	0.00190	0.02625	0.00363	0.00324
3	0.04565	0.08542	0.61433	0.03362	0.05961	0.00918	0.04363	0.01179	0.03182	0.01176	0.00675	0.00800	0.00498	0.00355	0.00354	0.00115	0.01541	0.00281	0.00169	0.00533
4	0.00495	0.00411	0.00530	0.00499	0.00618	0.00364	0.05312	0.00621	0.00881	0.01126	0.21995	0.12196	0.47652	0.00889	0.00446	0.00128	0.00222	0.04930	0.00350	0.00333
5	0.00851	0.00609	0.04097	0.00693	0.04817	0.00577	0.02130	0.05138	0.09882	0.13603	0.32465	0.01875	0.01881	0.00587	0.00428	0.00117	0.04399	0.03173	0.12225	0.00455
6	0.00754	0.02655	0.06942	0.02346	0.05153	0.06846	0.04354	0.05003	0.02580	0.04227	0.01326	0.26379	0.01386	0.06870	0.05646	0.01378	0.00404	0.09969	0.00276	0.05506
7	0.00876	0.00839	0.01430	0.18626	0.68624	0.00871	0.01118	0.01102	0.00825	0.01161	0.00691	0.00933	0.00570	0.00339	0.00368	0.00113	0.00451	0.00331	0.00180	0.00554
8	0.00805	0.01458	0.44344	0.01271	0.01712	0.00912	0.36585	0.01164	0.00810	0.01164	0.00692	0.00879	0.00511	0.00353	0.00441	0.00124	0.05737	0.00348	0.00170	0.00519
9	0.01398	0.01094	0.01103	0.00860	0.01147	0.07998	0.00704	0.74923	0.03528	0.02205	0.00879	0.00884	0.00630	0.00442	0.00368	0.00110	0.00427	0.00328	0.00357	0.00614
10	0.00446	0.00371	0.00386	0.00393	0.00504	0.00315	0.00288	0.00537	0.00831	0.01005	0.06154	0.11158	0.71912	0.03435	0.00484	0.00134	0.00195	0.00798	0.00343	0.00311
11	0.00645	0.00322	0.00484	0.00484	0.00484	0.00322	0.00322	0.00484	0.00484	0.00645	0.00645	0.01128	0.00645	0.01289	0.01451	0.89201	0.00322	0.00322	0.00161	0.00161
12	0.84241	0.00762	0.02910	0.00516	0.00757	0.00844	0.00439	0.03773	0.00672	0.01674	0.00533	0.00617	0.00411	0.00348	0.00238	0.00115	0.00298	0.00207	0.00232	0.00414
13	0.00532	0.00390	0.00558	0.00558	0.00611	0.00443	0.00416	0.00638	0.00585	0.00833	0.01029	0.01652	0.01012	0.19616	0.68768	0.00549	0.00867	0.00426	0.00204	0.00310
14	0.01311	0.01366	0.02751	0.03452	0.03003	0.40286	0.05709	0.31037	0.01260	0.02861	0.00719	0.00800	0.00549	0.00408	0.00381	0.00107	0.02931	0.00295	0.00258	0.00515
15	0.55316	0.05086	0.00851	0.02690	0.08769	0.15758	0.02073	0.03554	0.00771	0.01447	0.00562	0.00668	0.00448	0.00352	0.00273	0.00110	0.00388	0.00231	0.00217	0.00437
16	0.05394	0.30875	0.05355	0.00804	0.01066	0.35259	0.00693	0.06858	0.08459	0.01100	0.00662	0.00726	0.00543	0.00372	0.00304	0.00096	0.00500	0.00248	0.00209	0.00478
17	0.02950	0.01688	0.06009	0.00831	0.01079	0.03559	0.12272	0.13887	0.14017	0.15199	0.07240	0.03008	0.08347	0.00543	0.00420	0.00123	0.02870	0.05116	0.00329	0.00512
18	0.00916	0.00874	0.01447	0.03231	0.73122	0.01946	0.02312	0.02996	0.00859	0.01216	0.00747	0.01049	0.00647	0.00374	0.00402	0.00115	0.03272	0.03716	0.00194	0.00567
19	0.03115	0.00549	0.00625	0.00599	0.00726	0.00576	0.00447	0.10430	0.20887	0.03755	0.10782	0.35793	0.08584	0.00818	0.00423	0.00133	0.00255	0.00714	0.00363	0.00426
20	0.00786	0.00685	0.00872	0.00684	0.04418	0.01685	0.05940	0.00961	0.00795	0.02217	0.02361	0.00926	0.02881	0.00315	0.00299	0.00067	0.00304	0.00268	0.02671	0.70865
21	0.00539	0.00362	0.00414	0.00414	0.00418	0.00365	0.00237	0.00546	0.00543	0.00727	0.01161	0.02380	0.01328	0.82729	0.06087	0.00372	0.00392	0.00533	0.00224	0.00230
22	0.00502	0.00339	0.00434	0.00479	0.00495	0.00329	0.00308	0.00527	0.00632	0.00843	0.01622	0.46235	0.03655	0.28031	0.04438	0.09497	0.00302	0.00786	0.00282	0.00264
23	0.00907	0.00886	0.01562	0.04961	0.73728	0.00886	0.09295	0.01138	0.00845	0.01202	0.00702	0.00929	0.00582	0.00330	0.00375	0.00112	0.00461	0.00341	0.00184	0.00574
24	0.00469	0.00376	0.00416	0.00408	0.00517	0.00326	0.00304	0.00586	0.00903	0.01152	0.29595	0.04660	0.55299	0.02771	0.00471	0.00128	0.00188	0.00747	0.00363	0.00323
25	0.00554	0.00407	0.00501	0.00489	0.00558	0.00414	0.00349	0.04481	0.00746	0.01004	0.13091	0.05934	0.16784	0.27493	0.25222	0.00331	0.00481	0.00574	0.00277	0.00311
26	0.05765	0.00454	0.00563	0.00519	0.00644	0.00433	0.00395	0.00942	0.05001	0.15157	0.45494	0.11704	0.04312	0.03385	0.00460	0.00129	0.00224	0.02366	0.01651	0.00401
27	0.01119	0.07035	0.03164	0.03441	0.09735	0.23373	0.00722	0.14251	0.20036	0.04615	0.04237	0.01041	0.01652	0.00437	0.00374	0.00110	0.02322	0.00335	0.00278	0.01724
28	0.03846	0.12770	0.03389	0.00907	0.02279	0.47115	0.03598	0.03529	0.03498	0.01005	0.00663	0.03066	0.00578	0.00525	0.04201	0.00127	0.07973	0.00286	0.00200	0.00444

[dist]
# distance from previous block
# <min> <max>
0	2

[block]
# block no. 5 follows, 74 sequences, length 17
# corresponding to MSA columns:
# 327-343
name=unknown_F
#
# <colnr> <probs for GDERKNQSTAVLIFYWHMCP>
#	G	D	E	R	K	N	Q	S	T	A	V	L	I	F	Y	W	H	M	C	P
0	0.09555	0.06623	0.01773	0.03599	0.00966	0.18442	0.01533	0.09306	0.05008	0.11892	0.02259	0.07645	0.03725	0.04382	0.01496	0.00134	0.05182	0.04191	0.01836	0.00453
1	0.00495	0.00387	0.00421	0.00418	0.00534	0.00336	0.00311	0.00618	0.02550	0.03295	0.15175	0.11403	0.60920	0.00914	0.00439	0.00126	0.00194	0.00775	0.00358	0.00332
2	0.11751	0.01073	0.00878	0.00754	0.00969	0.28106	0.00584	0.11750	0.14865	0.10070	0.00904	0.01007	0.00712	0.06647	0.00459	0.00124	0.01701	0.00312	0.00282	0.07053
3	0.00879	0.00841	0.01434	0.17726	0.69506	0.00871	0.01119	0.01104	0.00826	0.01164	0.00691	0.00932	0.00571	0.00338	0.00368	0.00113	0.00451	0.00331	0.00180	0.00556
4	0.00476	0.00363	0.00439	0.00466	0.00545	0.00326	0.00341	0.00586	0.00854	0.01115	0.23468	0.30887	0.31393	0.00974	0.00455	0.00135	0.00204	0.06293	0.00361	0.00321
5	0.00701	0.00660	0.01113	0.86063	0.02556	0.00825	0.01031	0.00948	0.00742	0.00948	0.00660	0.00990	0.00495	0.00371	0.00371	0.00124	0.00495	0.00330	0.00165	0.00412
6	0.17654	0.00883	0.00906	0.00843	0.06997	0.05042	0.00624	0.20072	0.36195	0.05368	0.01079	0.01054	0.00803	0.00441	0.00346	0.00117	0.00348	0.00342	0.00329	0.00557
7	0.27746	0.00684	0.00839	0.00672	0.00923	0.00681	0.06455	0.07050	0.00929	0.39745	0.01118	0.05266	0.00832	0.03374	0.00394	0.00126	0.00333	0.01966	0.00349	0.00518
8	0.00540	0.00360	0.00405	0.00405	0.00405	0.00360	0.00225	0.00540	0.00540	0.00720	0.01170	0.02429	0.01349	0.86955	0.01889	0.00360	0.00360	0.00540	0.00225	0.00225
9	0.00753	0.01861	0.79756	0.01090	0.01628	0.00867	0.06588	0.01176	0.00790	0.01176	0.00672	0.00798	0.00476	0.00350	0.00358	0.00118	0.00553	0.00285	0.00159	0.00546
10	0.00857	0.07079	0.01288	0.41415	0.21887	0.09351	0.02816	0.01059	0.00785	0.01003	0.00636	0.00896	0.00515	0.00383	0.00438	0.00118	0.08525	0.00314	0.00172	0.00462
11	0.81586	0.00761	0.00583	0.00517	0.00748	0.04634	0.00423	0.01142	0.00670	0.05434	0.00563	0.00636	0.00429	0.00352	0.00241	0.00114	0.00306	0.00211	0.00238	0.00414
12	0.02303	0.07187	0.22703	0.00927	0.01179	0.11820	0.07004	0.07026	0.00825	0.01110	0.00752	0.03857	0.00662	0.00766	0.11205	0.00184	0.17257	0.02575	0.00198	0.00459
13	0.00525	0.00404	0.00466	0.00455	0.00557	0.00372	0.00337	0.04614	0.00919	0.01201	0.29148	0.12117	0.37969	0.05495	0.02357	0.00148	0.00226	0.01996	0.00357	0.00335
14	0.01078	0.03977	0.04033	0.09282	0.05412	0.15010	0.20555	0.14618	0.09089	0.06109	0.00819	0.00942	0.00619	0.00404	0.00435	0.00117	0.06392	0.00346	0.00246	0.00516
15	0.00629	0.00488	0.00535	0.00513	0.00576	0.05824	0.00354	0.00687	0.00642	0.02716	0.01273	0.06070	0.07146	0.39980	0.20205	0.02773	0.02374	0.00497	0.01777	0.04941
16	0.02568	0.05633	0.20693	0.03395	0.16083	0.26427	0.04629	0.01191	0.00877	0.01082	0.00834	0.00952	0.05855	0.00385	0.00345	0.00103	0.00510	0.00305	0.00192	0.07939

[dist]
# distance from previous block
# <min> <max>
2	13

[block]
# block no. 6 follows, 74 sequences, length 36
# corresponding to MSA columns:
# 357-392
name=unknown_G
#
# <colnr> <probs for GDERKNQSTAVLIFYWHMCP>
#	G	D	E	R	K	N	Q	S	T	A	V	L	I	F	Y	W	H	M	C	P
0	0.02020	0.00805	0.00837	0.00729	0.00925	0.07993	0.03649	0.16063	0.33175	0.02989	0.04230	0.04629	0.04898	0.00544	0.00375	0.00119	0.00336	0.04627	0.10552	0.00506
1	0.00743	0.00615	0.00769	0.00694	0.00860	0.00648	0.05678	0.04454	0.32335	0.01416	0.21932	0.02355	0.08272	0.00678	0.00424	0.00130	0.00290	0.15534	0.00362	0.01811
2	0.01013	0.00842	0.00890	0.00774	0.01000	0.00965	0.00609	0.17005	0.68790	0.01698	0.01396	0.01294	0.01040	0.00493	0.00377	0.00123	0.00315	0.00404	0.00377	0.00596
3	0.00534	0.00385	0.00530	0.00530	0.00573	0.00428	0.00381	0.00620	0.00577	0.00812	0.01055	0.01795	0.01074	0.32027	0.56441	0.00514	0.00774	0.00447	0.00208	0.00294
4	0.00992	0.87178	0.01945	0.00635	0.00953	0.01469	0.00635	0.01111	0.00754	0.00873	0.00516	0.00595	0.00476	0.00318	0.00238	0.00079	0.00397	0.00198	0.00159	0.00476
5	0.01387	0.01769	0.01052	0.00956	0.01148	0.85465	0.00717	0.01482	0.01052	0.00908	0.00574	0.00669	0.00478	0.00383	0.00335	0.00096	0.00669	0.00239	0.00191	0.00430
6	0.00440	0.00372	0.00380	0.00386	0.00504	0.00313	0.00286	0.00532	0.00837	0.00999	0.03643	0.09245	0.78892	0.00955	0.00441	0.00127	0.00190	0.00802	0.00345	0.00313
7	0.01308	0.00994	0.01258	0.00967	0.01258	0.17474	0.21978	0.08506	0.04191	0.31966	0.01014	0.01025	0.00704	0.00397	0.00377	0.00111	0.00471	0.00354	0.00313	0.05337
8	0.00532	0.00392	0.00570	0.00570	0.00626	0.00449	0.00430	0.00645	0.00589	0.00842	0.01019	0.01595	0.00987	0.14637	0.73712	0.00563	0.00905	0.00418	0.00203	0.00316
9	0.00632	0.02079	0.00606	0.00581	0.00698	0.01509	0.00431	0.00915	0.16898	0.02110	0.06191	0.44289	0.03637	0.00854	0.00422	0.00130	0.00253	0.05779	0.00335	0.11650
10	0.00456	0.00326	0.00436	0.00522	0.00545	0.00305	0.00352	0.00524	0.00715	0.00952	0.02044	0.84342	0.02446	0.01159	0.00475	0.00151	0.00219	0.03385	0.00344	0.00303
11	0.00701	0.00660	0.01113	0.86063	0.02556	0.00825	0.01031	0.00948	0.00742	0.00948	0.00660	0.00990	0.00495	0.00371	0.00371	0.00124	0.00495	0.00330	0.00165	0.00412
12	0.00588	0.00378	0.00505	0.00561	0.00626	0.00360	0.00428	0.00705	0.00800	0.05859	0.06771	0.45252	0.02221	0.01004	0.00462	0.00148	0.00255	0.25955	0.06782	0.00339
13	0.00599	0.00432	0.00596	0.00677	0.00763	0.00434	0.00585	0.00788	0.03034	0.01114	0.01957	0.08199	0.02126	0.01018	0.00507	0.00169	0.00334	0.75976	0.00343	0.00346
14	0.00476	0.00377	0.00428	0.00416	0.00524	0.00329	0.00312	0.00606	0.00935	0.01214	0.38860	0.03224	0.49258	0.00861	0.00438	0.00122	0.00182	0.00735	0.00372	0.00329
15	0.00992	0.87178	0.01945	0.00635	0.00953	0.01469	0.00635	0.01111	0.00754	0.00873	0.00516	0.00595	0.00476	0.00318	0.00238	0.00079	0.00397	0.00198	0.00159	0.00476
16	0.00743	0.00464	0.00443	0.00432	0.00534	0.04381	0.00324	0.02597	0.08134	0.01366	0.01257	0.07064	0.01040	0.00486	0.00290	0.00095	0.00214	0.00395	0.69365	0.00374
17	0.29131	0.00865	0.01146	0.04255	0.39086	0.04869	0.03522	0.02980	0.00780	0.01329	0.00620	0.00801	0.00512	0.00370	0.00402	0.00117	0.08228	0.00288	0.00201	0.00497
18	0.00452	0.00378	0.00395	0.00395	0.00516	0.00321	0.00299	0.00556	0.00864	0.01050	0.10837	0.03524	0.74342	0.00927	0.00441	0.00126	0.00192	0.03716	0.00350	0.00318
19	0.00891	0.00719	0.00787	0.00690	0.00879	0.00798	0.00540	0.14985	0.46958	0.01664	0.24921	0.01697	0.01722	0.00566	0.00394	0.00121	0.00279	0.00477	0.00385	0.00527
20	0.89577	0.00718	0.00546	0.00488	0.00718	0.00833	0.00402	0.01091	0.00632	0.01665	0.00517	0.00603	0.00402	0.00345	0.00230	0.00115	0.00287	0.00201	0.00230	0.00402
21	0.00598	0.00427	0.00598	0.00684	0.00769	0.00427	0.00598	0.00769	0.00854	0.01111	0.01965	0.04187	0.02136	0.01025	0.00513	0.00171	0.00342	0.82141	0.00342	0.00342
22	0.04292	0.00984	0.01045	0.00809	0.01090	0.01088	0.00666	0.75286	0.01645	0.02255	0.00900	0.00914	0.00645	0.00441	0.00359	0.00110	0.00389	0.00331	0.06147	0.00605
23	0.00645	0.00322	0.00484	0.00484	0.00484	0.00322	0.00322	0.00484	0.00484	0.00645	0.00645	0.01128	0.00645	0.01289	0.01451	0.89201	0.00322	0.00322	0.00161	0.00161
24	0.00458	0.00368	0.00410	0.00427	0.00525	0.00320	0.00314	0.00559	0.00846	0.01058	0.13678	0.20059	0.54856	0.00964	0.00448	0.00131	0.00197	0.03712	0.00353	0.00317
25	0.00931	0.00806	0.00901	0.03691	0.06481	0.00925	0.00642	0.04541	0.73101	0.01536	0.01409	0.01325	0.01060	0.00486	0.00377	0.00124	0.00314	0.00408	0.00358	0.00583
26	0.00539	0.00346	0.00460	0.00523	0.00566	0.00322	0.00360	0.00617	0.00744	0.06131	0.03607	0.75137	0.02325	0.01085	0.00461	0.00146	0.00222	0.02838	0.03246	0.00325
27	0.00763	0.00660	0.00805	0.00582	0.00903	0.00503	0.03137	0.00929	0.00771	0.01200	0.00708	0.03580	0.00612	0.00305	0.00287	0.00060	0.00284	0.00254	0.00223	0.83432
28	0.01114	0.00884	0.08668	0.03809	0.45699	0.00766	0.03135	0.01330	0.00904	0.26718	0.00993	0.01071	0.02421	0.00385	0.00371	0.00113	0.00413	0.00351	0.00268	0.00585
29	0.53160	0.06108	0.02483	0.00668	0.02348	0.10171	0.01448	0.12632	0.05474	0.01600	0.00639	0.00707	0.00494	0.00370	0.00277	0.00111	0.00364	0.00242	0.00246	0.00459
30	0.00926	0.00903	0.05076	0.06306	0.64379	0.00878	0.01063	0.02370	0.09872	0.03403	0.00805	0.00975	0.00646	0.00357	0.00368	0.00113	0.00429	0.00339	0.00212	0.00579
31	0.00545	0.00418	0.00620	0.00612	0.00673	0.00496	0.00476	0.00672	0.00594	0.00860	0.00972	0.01448	0.00915	0.04635	0.79205	0.00569	0.05363	0.00397	0.00198	0.00333
32	0.00949	0.00913	0.05599	0.07072	0.15399	0.04208	0.04694	0.13310	0.26596	0.02171	0.03274	0.02739	0.03221	0.00478	0.00450	0.00122	0.07596	0.00392	0.00283	0.00535
33	0.00544	0.00413	0.00541	0.00561	0.00649	0.00388	0.02148	0.00687	0.03509	0.01073	0.09828	0.32087	0.13119	0.05379	0.00542	0.01070	0.00263	0.21171	0.00332	0.05694
34	0.00530	0.01830	0.03077	0.01706	0.01641	0.00400	0.01277	0.00702	0.02438	0.01284	0.46913	0.07016	0.27084	0.00789	0.00429	0.00120	0.00210	0.00684	0.01514	0.00354
35	0.01875	0.10418	0.07622	0.00757	0.04310	0.03756	0.02686	0.07224	0.08740	0.05161	0.00889	0.00952	0.03694	0.00369	0.00336	0.00087	0.02353	0.00290	0.00246	0.38234

[dist]
# distance from previous block
# <min> <max>
0	3

[block]
# block no. 7 follows, 74 sequences, length 23
# corresponding to MSA columns:
# 396-418
name=unknown_H
#
# <colnr> <probs for GDERKNQSTAVLIFYWHMCP>
#	G	D	E	R	K	N	Q	S	T	A	V	L	I	F	Y	W	H	M	C	P
0	0.01002	0.13858	0.07069	0.05089	0.10847	0.09181	0.13109	0.17353	0.01015	0.03848	0.01746	0.10876	0.00831	0.01356	0.00386	0.00116	0.00453	0.01118	0.00247	0.00500
1	0.00867	0.00795	0.01331	0.20405	0.47318	0.00831	0.06200	0.05854	0.00872	0.02462	0.02558	0.05615	0.00749	0.02053	0.00409	0.00121	0.00441	0.00388	0.00209	0.00520
2	0.00567	0.05495	0.00663	0.00530	0.00664	0.00462	0.05501	0.02160	0.02224	0.01281	0.43926	0.05907	0.27693	0.00767	0.00426	0.00119	0.00227	0.00668	0.00357	0.00362
3	0.01408	0.01015	0.01096	0.00843	0.01137	0.01119	0.00695	0.77643	0.03992	0.05864	0.00933	0.00921	0.00657	0.00448	0.00372	0.00112	0.00401	0.00338	0.00375	0.00630
4	0.00967	0.00902	0.00937	0.14077	0.01245	0.10660	0.00686	0.07307	0.50209	0.01402	0.01163	0.01168	0.00882	0.00466	0.00406	0.00121	0.04130	0.00370	0.00310	0.02593
5	0.00735	0.00377	0.00390	0.00378	0.00478	0.00379	0.00287	0.00945	0.04370	0.04595	0.03164	0.01411	0.01017	0.00444	0.00273	0.00090	0.00184	0.00358	0.79758	0.00367
6	0.00876	0.01001	0.02190	0.01564	0.01940	0.00939	0.83292	0.01189	0.00876	0.01189	0.00751	0.01001	0.00563	0.00313	0.00438	0.00125	0.00626	0.00438	0.00188	0.00501
7	0.00468	0.00354	0.00438	0.02730	0.00573	0.00330	0.00338	0.00545	0.00740	0.00956	0.05159	0.49005	0.24135	0.09382	0.02912	0.00174	0.00249	0.00883	0.00327	0.00303
8	0.00783	0.01869	0.80138	0.01046	0.01580	0.00879	0.01333	0.05971	0.00840	0.01243	0.00679	0.00790	0.00480	0.00358	0.00354	0.00117	0.00540	0.00278	0.00169	0.00553
9	0.00629	0.00398	0.00488	0.00464	0.00561	0.00378	0.00346	0.00822	0.04284	0.05837	0.48926	0.09147	0.04752	0.02515	0.00428	0.00119	0.00194	0.00609	0.18736	0.00366
10	0.01164	0.04969	0.01044	0.07075	0.02072	0.14509	0.00688	0.37674	0.12039	0.02520	0.00983	0.06616	0.00811	0.00496	0.00392	0.00115	0.02801	0.02236	0.01265	0.00532
11	0.00462	0.00377	0.00408	0.00400	0.00515	0.00323	0.00300	0.00577	0.00900	0.01132	0.25174	0.03360	0.62995	0.00892	0.00438	0.00123	0.00185	0.00754	0.00362	0.00323
12	0.03377	0.30457	0.01326	0.00791	0.01031	0.34135	0.00661	0.06932	0.00923	0.01043	0.00576	0.00679	0.00494	0.00375	0.00366	0.00093	0.07285	0.00236	0.00194	0.09027
13	0.00545	0.00397	0.00576	0.00572	0.00624	0.00456	0.00430	0.00641	0.00581	0.00830	0.00987	0.01559	0.00960	0.14297	0.67114	0.05722	0.02791	0.00411	0.00199	0.00308
14	0.00898	0.00934	0.04514	0.25767	0.40181	0.07959	0.02913	0.03624	0.02788	0.01135	0.00690	0.00919	0.00556	0.00372	0.00414	0.00117	0.05195	0.00325	0.00187	0.00513
15	0.01009	0.61871	0.07979	0.00859	0.08069	0.05597	0.03073	0.05909	0.00840	0.01020	0.00574	0.00669	0.00497	0.00332	0.00276	0.00089	0.00433	0.00232	0.00176	0.00498
16	0.00458	0.00327	0.00437	0.00523	0.00547	0.00306	0.00354	0.00526	0.00716	0.00954	0.02043	0.83599	0.02443	0.01158	0.00475	0.00152	0.00220	0.04115	0.00344	0.00303
17	0.00473	0.00412	0.02019	0.00448	0.01979	0.00341	0.00335	0.00592	0.00885	0.01117	0.21735	0.06666	0.59916	0.00887	0.00437	0.00124	0.00197	0.00752	0.00353	0.00330
18	0.01418	0.00787	0.00931	0.00722	0.00997	0.00792	0.00592	0.35730	0.03746	0.38325	0.05809	0.01180	0.00936	0.00464	0.00370	0.00111	0.00341	0.00369	0.02429	0.03951
19	0.00789	0.00780	0.01108	0.08192	0.01092	0.01079	0.00813	0.00884	0.00589	0.00900	0.00561	0.04100	0.00563	0.00646	0.01118	0.00159	0.75703	0.00353	0.00170	0.00403
20	0.00918	0.00764	0.02431	0.00750	0.03001	0.00635	0.09457	0.10257	0.00913	0.07118	0.00752	0.00846	0.00585	0.00313	0.00314	0.00075	0.00339	0.00270	0.00248	0.60012
21	0.01307	0.00724	0.00871	0.00664	0.00953	0.00669	0.00543	0.21882	0.01149	0.38768	0.01279	0.01203	0.06219	0.00443	0.00354	0.00100	0.00321	0.00354	0.00373	0.21826
22	0.00813	0.25652	0.61905	0.00940	0.01425	0.01031	0.01166	0.01158	0.00775	0.01091	0.00624	0.00731	0.00472	0.00343	0.00321	0.00107	0.00506	0.00253	0.00157	0.00528

[dist]
# distance from previous block
# <min> <max>
0	1

[block]
# block no. 8 follows, 74 sequences, length 45
# corresponding to MSA columns:
# 420-464
name=unknown_I
#
# <colnr> <probs for GDERKNQSTAVLIFYWHMCP>
#	G	D	E	R	K	N	Q	S	T	A	V	L	I	F	Y	W	H	M	C	P
0	0.73650	0.02483	0.00648	0.00570	0.02495	0.04369	0.00453	0.02835	0.00701	0.05431	0.00621	0.00695	0.01663	0.00366	0.00266	0.00114	0.01752	0.00226	0.00240	0.00423
1	0.00819	0.16278	0.61477	0.01089	0.08649	0.03247	0.01209	0.01170	0.00791	0.01120	0.00641	0.00760	0.00482	0.00346	0.00334	0.00110	0.00517	0.00265	0.00160	0.00537
2	0.00630	0.00330	0.00486	0.00486	0.00490	0.00334	0.00325	0.00499	0.00495	0.00664	0.00704	0.01240	0.00712	0.07305	0.07019	0.77226	0.00369	0.00342	0.00168	0.00177
3	0.01047	0.00731	0.00828	0.00707	0.00896	0.00778	0.00553	0.45524	0.01299	0.06814	0.02916	0.33443	0.01393	0.00724	0.00411	0.00127	0.00325	0.00616	0.00367	0.00501
4	0.00903	0.02509	0.01375	0.01648	0.43655	0.04783	0.06325	0.03355	0.00796	0.01121	0.00696	0.03543	0.00630	0.00462	0.00619	0.00127	0.25243	0.01509	0.00190	0.00509
5	0.00890	0.00707	0.00748	0.00691	0.00855	0.06541	0.00563	0.22783	0.08395	0.03020	0.01748	0.02567	0.13527	0.06153	0.00524	0.00150	0.00356	0.29003	0.00338	0.00440
6	0.03026	0.00648	0.00860	0.00659	0.00947	0.00568	0.00544	0.04445	0.01064	0.76940	0.01393	0.01218	0.00884	0.00449	0.00366	0.00112	0.00317	0.00362	0.00442	0.04759
7	0.00770	0.00660	0.00770	0.00550	0.00880	0.00495	0.00440	0.00935	0.00770	0.01210	0.00660	0.00770	0.00550	0.00275	0.00275	0.00055	0.00275	0.00220	0.00220	0.89224
8	0.00457	0.00327	0.00436	0.00522	0.00546	0.00306	0.00353	0.00525	0.00716	0.00953	0.02043	0.83929	0.02444	0.01158	0.00475	0.00151	0.00220	0.03791	0.00344	0.00303
9	0.00701	0.00660	0.01113	0.86063	0.02556	0.00825	0.01031	0.00948	0.00742	0.00948	0.00660	0.00990	0.00495	0.00371	0.00371	0.00124	0.00495	0.00330	0.00165	0.00412
10	0.00452	0.00377	0.00395	0.00390	0.00510	0.00319	0.00293	0.00559	0.00879	0.01080	0.16592	0.03445	0.71609	0.00911	0.00439	0.00124	0.00186	0.00766	0.00355	0.00319
11	0.00467	0.00334	0.00448	0.00534	0.00562	0.00315	0.00371	0.00543	0.00726	0.00965	0.02037	0.78087	0.02422	0.01149	0.00478	0.00153	0.00229	0.09531	0.00344	0.00306
12	0.01411	0.01040	0.01114	0.00854	0.01151	0.01151	0.00706	0.83402	0.01745	0.02339	0.00891	0.00891	0.00631	0.00446	0.00371	0.00111	0.00408	0.00334	0.00371	0.00631
13	0.00540	0.00361	0.00410	0.00410	0.00412	0.00363	0.00231	0.00543	0.00541	0.00723	0.01165	0.02403	0.01338	0.84727	0.04102	0.00366	0.00377	0.00536	0.00224	0.00228
14	0.00992	0.87178	0.01945	0.00635	0.00953	0.01469	0.00635	0.01111	0.00754	0.00873	0.00516	0.00595	0.00476	0.00318	0.00238	0.00079	0.00397	0.00198	0.00159	0.00476
15	0.00440	0.00373	0.00379	0.00385	0.00504	0.00313	0.00286	0.00532	0.00838	0.00999	0.03653	0.08792	0.79339	0.00954	0.00441	0.00127	0.00190	0.00800	0.00345	0.00313
16	0.00744	0.01920	0.85032	0.01058	0.01607	0.00862	0.01371	0.01176	0.00784	0.01176	0.00666	0.00784	0.00470	0.00353	0.00353	0.00118	0.00549	0.00274	0.00157	0.00549
17	0.00692	0.00346	0.00346	0.00346	0.00432	0.00346	0.00259	0.00865	0.00778	0.01384	0.01211	0.01384	0.00951	0.00432	0.00259	0.00086	0.00173	0.00346	0.89016	0.00346
18	0.01606	0.00703	0.00903	0.00695	0.00982	0.00655	0.00573	0.15408	0.03043	0.69264	0.01370	0.01204	0.00876	0.00458	0.00373	0.00115	0.00331	0.00368	0.00443	0.00631
19	0.85465	0.00767	0.00569	0.00510	0.00738	0.04779	0.00417	0.01109	0.00651	0.01630	0.00519	0.00606	0.00406	0.00346	0.00235	0.00114	0.00305	0.00203	0.00228	0.00403
20	0.00701	0.00660	0.01113	0.86063	0.02556	0.00825	0.01031	0.00948	0.00742	0.00948	0.00660	0.00990	0.00495	0.00371	0.00371	0.00124	0.00495	0.00330	0.00165	0.00412
21	0.00771	0.00694	0.01077	0.01451	0.45902	0.00657	0.00786	0.00964	0.00884	0.01269	0.21672	0.01503	0.05943	0.00462	0.00374	0.00104	0.00335	0.00423	0.00254	0.14474
22	0.89577	0.00718	0.00546	0.00488	0.00718	0.00833	0.00402	0.01091	0.00632	0.01665	0.00517	0.00603	0.00402	0.00345	0.00230	0.00115	0.00287	0.00201	0.00230	0.00402
23	0.00483	0.00378	0.00438	0.00423	0.00529	0.00332	0.00317	0.00619	0.00951	0.01252	0.45101	0.03163	0.42993	0.00847	0.00438	0.00121	0.00181	0.00726	0.00377	0.00332
24	0.00540	0.00360	0.00405	0.00405	0.00405	0.00360	0.00225	0.00540	0.00540	0.00720	0.01170	0.02429	0.01349	0.86955	0.01889	0.00360	0.00360	0.00540	0.00225	0.00225
25	0.00800	0.00677	0.00786	0.00564	0.00892	0.00525	0.00452	0.04780	0.00815	0.01262	0.00671	0.00775	0.00554	0.00283	0.00279	0.00058	0.00281	0.00225	0.00227	0.85094
26	0.00769	0.06656	0.74918	0.01029	0.01546	0.00900	0.02782	0.01209	0.04662	0.01176	0.00699	0.00805	0.00503	0.00357	0.00349	0.00116	0.00530	0.00280	0.00168	0.00545
27	0.01167	0.00655	0.00816	0.00603	0.00914	0.00530	0.00491	0.02950	0.00915	0.37185	0.01010	0.00984	0.00710	0.00358	0.00319	0.00082	0.00295	0.00288	0.00326	0.49403
28	0.00863	0.07140	0.55582	0.01120	0.04054	0.02960	0.13700	0.06063	0.00868	0.03229	0.00701	0.00824	0.00509	0.00352	0.00360	0.00115	0.00536	0.00301	0.00183	0.00542
29	0.00654	0.00631	0.02713	0.00745	0.01806	0.00723	0.03823	0.00821	0.04913	0.01029	0.09195	0.03111	0.23485	0.00968	0.10853	0.00195	0.33190	0.00507	0.00253	0.00384
30	0.00992	0.87178	0.01945	0.00635	0.00953	0.01469	0.00635	0.01111	0.00754	0.00873	0.00516	0.00595	0.00476	0.00318	0.00238	0.00079	0.00397	0.00198	0.00159	0.00476
31	0.00929	0.00736	0.00875	0.02014	0.00984	0.00633	0.02410	0.16114	0.00964	0.05172	0.00740	0.00823	0.00581	0.00317	0.00302	0.00071	0.00313	0.00255	0.00257	0.65510
32	0.00519	0.00379	0.00488	0.00461	0.00551	0.00348	0.00345	0.00689	0.01036	0.01455	0.78842	0.02828	0.09125	0.00771	0.00438	0.00117	0.00176	0.00679	0.00404	0.00348
33	0.00439	0.00376	0.00376	0.00376	0.00501	0.00313	0.00282	0.00533	0.00846	0.01003	0.03760	0.03572	0.84489	0.00940	0.00439	0.00125	0.00188	0.00783	0.00345	0.00313
34	0.00876	0.01001	0.02190	0.01564	0.01940	0.00939	0.83292	0.01189	0.00876	0.01189	0.00751	0.01001	0.00563	0.00313	0.00438	0.00125	0.00626	0.00438	0.00188	0.00501
35	0.00439	0.00376	0.00376	0.00376	0.00501	0.00313	0.00282	0.00533	0.00846	0.01003	0.03760	0.03572	0.84489	0.00940	0.00439	0.00125	0.00188	0.00783	0.00345	0.00313
36	0.01665	0.00632	0.00861	0.00660	0.00948	0.00546	0.00546	0.01809	0.01062	0.84897	0.01464	0.01263	0.00919	0.00459	0.00373	0.00115	0.00316	0.00373	0.00459	0.00632
37	0.01387	0.01769	0.01052	0.00956	0.01148	0.85465	0.00717	0.01482	0.01052	0.00908	0.00574	0.00669	0.00478	0.00383	0.00335	0.00096	0.00669	0.00239	0.00191	0.00430
38	0.00526	0.00381	0.00496	0.00471	0.00559	0.00351	0.00355	0.00699	0.01042	0.01471	0.81049	0.02821	0.04893	0.00768	0.00440	0.00118	0.00179	0.02626	0.00406	0.00349
39	0.00525	0.00382	0.00495	0.00475	0.00564	0.00353	0.00361	0.00695	0.01027	0.01438	0.74790	0.02905	0.08088	0.00785	0.00442	0.00121	0.00186	0.05619	0.00401	0.00348
40	0.01312	0.01072	0.01148	0.00899	0.01174	0.10794	0.07278	0.61151	0.01523	0.03318	0.00921	0.05993	0.00721	0.00471	0.00379	0.00113	0.00443	0.00375	0.00336	0.00578
41	0.00684	0.00683	0.04458	0.18667	0.17819	0.04506	0.00702	0.00904	0.04089	0.01165	0.19912	0.01992	0.21757	0.00593	0.00399	0.00118	0.00341	0.00513	0.00275	0.00423
42	0.01123	0.00692	0.01029	0.00815	0.01040	0.00688	0.14515	0.09669	0.08417	0.30994	0.05324	0.05840	0.01069	0.05977	0.07767	0.00177	0.03563	0.00446	0.00341	0.00516
43	0.86602	0.00729	0.00565	0.00500	0.00732	0.00843	0.00412	0.03868	0.00669	0.01688	0.00529	0.00613	0.00410	0.00348	0.00234	0.00115	0.00291	0.00205	0.00234	0.00410
44	0.02379	0.14054	0.36780	0.00875	0.01275	0.00913	0.03121	0.11000	0.00959	0.22255	0.00867	0.00892	0.00604	0.00390	0.00360	0.00111	0.02042	0.00299	0.00260	0.00562

[dist]
# distance from previous block
# <min> <max>
0	5

[block]
# block no. 9 follows, 74 sequences, length 229
# corresponding to MSA columns:
# 470-698
name=unknown_J
#
# <colnr> <probs for GDERKNQSTAVLIFYWHMCP>
#	G	D	E	R	K	N	Q	S	T	A	V	L	I	F	Y	W	H	M	C	P
0	0.03354	0.02083	0.01149	0.01123	0.17960	0.11865	0.03617	0.33778	0.03949	0.06693	0.00872	0.01920	0.00680	0.00419	0.00361	0.00108	0.00430	0.02473	0.00291	0.06873
1	0.00808	0.00747	0.01190	0.20807	0.43181	0.00801	0.00934	0.01107	0.09416	0.01203	0.10234	0.02873	0.02116	0.00438	0.00401	0.00118	0.02491	0.00398	0.00229	0.00508
2	0.00817	0.00688	0.00795	0.00572	0.00900	0.00543	0.00460	0.07044	0.00842	0.01293	0.00677	0.00779	0.00556	0.00288	0.00282	0.00059	0.00285	0.00228	0.00231	0.82661
3	0.00561	0.00376	0.00422	0.00416	0.00423	0.00379	0.00237	0.02558	0.00569	0.00759	0.01163	0.02392	0.01332	0.84848	0.01852	0.00354	0.00361	0.00535	0.00228	0.00235
4	0.00491	0.00378	0.00449	0.00431	0.00534	0.00336	0.00323	0.00635	0.00970	0.01298	0.52818	0.03086	0.35246	0.00830	0.00438	0.00120	0.00180	0.00715	0.00384	0.00336
