[name]
unknown

[dist]
# distance from previous block
# <min> <max>
7	194

[block]
# block no. 0 follows, 63 sequences, length 15
# corresponding to MSA columns:
# 283-297
name=unknown_A
#
# <colnr> <probs for GDERKNQSTAVLIFYWHMCP>
#	G	D	E	R	K	N	Q	S	T	A	V	L	I	F	Y	W	H	M	C	P
0	0.04436	0.00964	0.04587	0.06413	0.05486	0.09998	0.01660	0.15063	0.04727	0.03980	0.03001	0.16702	0.02176	0.05446	0.00603	0.00152	0.07395	0.00534	0.00310	0.06369
1	0.04619	0.10810	0.02495	0.11716	0.13042	0.04466	0.02179	0.10316	0.02828	0.05264	0.04667	0.04591	0.00897	0.00518	0.02033	0.00126	0.01812	0.00382	0.00275	0.16964
2	0.02682	0.01134	0.03800	0.03181	0.04575	0.11525	0.03053	0.36075	0.06471	0.03760	0.05997	0.04449	0.03288	0.00547	0.00447	0.00127	0.02829	0.00432	0.00351	0.05278
3	0.06837	0.02752	0.03507	0.24847	0.12785	0.14082	0.01902	0.13131	0.04684	0.03749	0.01790	0.02443	0.02023	0.00466	0.00416	0.00129	0.01693	0.00375	0.00264	0.02126
4	0.09766	0.02884	0.04217	0.03237	0.02667	0.10440	0.04263	0.22994	0.02211	0.04068	0.00972	0.04090	0.00816	0.03618	0.14662	0.00225	0.00590	0.00391	0.00296	0.07593
5	0.01067	0.00896	0.01171	0.09795	0.19373	0.00988	0.00862	0.15732	0.26009	0.02966	0.02758	0.03805	0.02905	0.00605	0.02045	0.00148	0.03403	0.02925	0.00336	0.02213
6	0.00653	0.03750	0.00646	0.04574	0.00785	0.03631	0.00464	0.02980	0.00865	0.02907	0.02111	0.63698	0.05897	0.04256	0.00567	0.00169	0.00300	0.01008	0.00365	0.00377
7	0.00868	0.00711	0.00884	0.04477	0.08020	0.02292	0.01795	0.10361	0.12936	0.02538	0.24291	0.03479	0.12962	0.03290	0.00545	0.00147	0.02886	0.05690	0.00378	0.01449
8	0.00889	0.00904	0.04196	0.50012	0.08455	0.05352	0.07098	0.04216	0.04041	0.01217	0.00992	0.04991	0.02628	0.00496	0.00434	0.00140	0.00540	0.02667	0.00229	0.00503
9	0.03263	0.00677	0.00930	0.14299	0.05600	0.00710	0.04221	0.06053	0.12168	0.04570	0.24999	0.11417	0.05359	0.00697	0.00455	0.00137	0.00349	0.00615	0.00365	0.03116
10	0.00739	0.03239	0.00970	0.00809	0.00944	0.00682	0.10752	0.06100	0.00815	0.01124	0.01264	0.03592	0.05411	0.12942	0.44823	0.00459	0.04170	0.00502	0.00250	0.00413
11	0.06126	0.01073	0.01147	0.00930	0.03732	0.03681	0.00736	0.53138	0.04495	0.07818	0.01080	0.01085	0.02518	0.00487	0.00401	0.00120	0.00432	0.00370	0.00387	0.10245
12	0.02299	0.09609	0.47215	0.07928	0.12117	0.04203	0.01295	0.03757	0.05279	0.01344	0.00795	0.00938	0.00597	0.00408	0.00390	0.00128	0.00565	0.00324	0.00206	0.00604
13	0.01308	0.03790	0.01099	0.00909	0.01166	0.24500	0.00714	0.18410	0.29716	0.04225	0.05521	0.01247	0.01041	0.00515	0.00406	0.00124	0.00477	0.00394	0.00356	0.04083
14	0.00972	0.10171	0.49715	0.01096	0.01578	0.01098	0.04076	0.08040	0.13143	0.01458	0.00898	0.00989	0.00666	0.00442	0.00435	0.00132	0.03894	0.00341	0.00237	0.00619

[dist]
# distance from previous block
# <min> <max>
0	16

[block]
# block no. 1 follows, 63 sequences, length 7
# corresponding to MSA columns:
# 314-320
name=unknown_B
#
# <colnr> <probs for GDERKNQSTAVLIFYWHMCP>
#	G	D	E	R	K	N	Q	S	T	A	V	L	I	F	Y	W	H	M	C	P
0	0.01084	0.18930	0.11192	0.00866	0.03491	0.04344	0.00773	0.16736	0.05482	0.05077	0.08472	0.02708	0.05980	0.01736	0.00439	0.00126	0.01817	0.04564	0.00314	0.05870
1	0.05177	0.04860	0.04399	0.00885	0.01151	0.04448	0.03935	0.09202	0.45433	0.06844	0.01367	0.01326	0.01022	0.00524	0.00437	0.00135	0.03243	0.00418	0.04570	0.00624
2	0.50081	0.00907	0.00840	0.00705	0.00967	0.06833	0.05079	0.11250	0.00978	0.01797	0.05917	0.01164	0.06827	0.00481	0.00337	0.00126	0.00379	0.00347	0.00296	0.04688
3	0.05640	0.00974	0.09070	0.17760	0.10875	0.00946	0.02182	0.09341	0.13963	0.11056	0.06180	0.01324	0.02305	0.00513	0.00481	0.00137	0.05938	0.00417	0.00314	0.00584
4	0.06507	0.10037	0.05925	0.45789	0.02113	0.06978	0.01000	0.10968	0.00995	0.01317	0.00760	0.01013	0.00587	0.00531	0.03693	0.00151	0.00562	0.00341	0.00222	0.00511
5	0.06264	0.04566	0.00754	0.00703	0.03417	0.06545	0.00517	0.00916	0.04124	0.01191	0.03360	0.21702	0.16776	0.05792	0.05638	0.00190	0.03224	0.07091	0.00321	0.06909
6	0.00782	0.05154	0.06706	0.06708	0.00998	0.03506	0.00627	0.07773	0.00871	0.01177	0.06275	0.08395	0.01309	0.18188	0.26905	0.00359	0.03062	0.00520	0.00266	0.00418

[dist]
# distance from previous block
# <min> <max>
9	151

[block]
# block no. 2 follows, 63 sequences, length 17
# corresponding to MSA columns:
# 493-509
name=unknown_C
#
# <colnr> <probs for GDERKNQSTAVLIFYWHMCP>
#	G	D	E	R	K	N	Q	S	T	A	V	L	I	F	Y	W	H	M	C	P
0	0.03516	0.06565	0.03204	0.03803	0.14036	0.10351	0.02089	0.08298	0.08273	0.03685	0.06443	0.10410	0.01214	0.00767	0.06329	0.00166	0.01448	0.02503	0.00299	0.06599
1	0.00817	0.09897	0.07155	0.01758	0.05341	0.01682	0.02021	0.07129	0.04974	0.01258	0.10189	0.13637	0.03235	0.17204	0.05599	0.05228	0.00432	0.00578	0.00297	0.01571
2	0.12879	0.07969	0.11187	0.04415	0.05217	0.05841	0.05008	0.04586	0.03965	0.03051	0.02622	0.08161	0.04366	0.08450	0.03234	0.00172	0.02985	0.00452	0.00267	0.05173
3	0.35339	0.16699	0.10463	0.00741	0.01050	0.01061	0.00694	0.06498	0.10597	0.04740	0.00948	0.03628	0.00794	0.00489	0.00340	0.00129	0.00394	0.04577	0.00287	0.00535
4	0.07580	0.00562	0.00633	0.00663	0.00787	0.03685	0.00532	0.00937	0.04661	0.04369	0.08020	0.18027	0.15437	0.01012	0.00507	0.00164	0.00325	0.31305	0.00384	0.00409
5	0.04478	0.01204	0.21207	0.01131	0.01454	0.06605	0.25238	0.01158	0.00883	0.01250	0.04639	0.01374	0.00914	0.10037	0.11625	0.00236	0.02773	0.00437	0.02866	0.00495
6	0.03230	0.66373	0.08379	0.00780	0.01149	0.05292	0.00782	0.04383	0.00926	0.04485	0.00661	0.00739	0.00564	0.00379	0.00297	0.00098	0.00471	0.00248	0.00207	0.00556
7	0.00851	0.02120	0.78819	0.01228	0.01839	0.00981	0.05728	0.01332	0.00893	0.01332	0.00759	0.00900	0.00538	0.00397	0.00404	0.00134	0.00626	0.00320	0.00179	0.00618
8	0.00607	0.00445	0.00649	0.00649	0.00719	0.00512	0.00497	0.00747	0.00677	0.00982	0.01149	0.01735	0.01089	0.09511	0.74489	0.00636	0.01040	0.00461	0.03038	0.00366
9	0.00523	0.00425	0.00464	0.00459	0.00585	0.00365	0.00342	0.00652	0.01013	0.01277	0.24526	0.06853	0.59008	0.01021	0.00498	0.00140	0.00210	0.00866	0.00409	0.00365
10	0.00872	0.00747	0.00872	0.00623	0.00996	0.00560	0.00498	0.01058	0.00872	0.01370	0.00747	0.00872	0.00623	0.00311	0.00311	0.00062	0.00311	0.00249	0.00249	0.87796
11	0.29518	0.37576	0.05950	0.00760	0.01075	0.16860	0.00697	0.01335	0.00875	0.01307	0.00606	0.00705	0.00512	0.00386	0.00294	0.00109	0.00477	0.00239	0.00213	0.00507
12	0.00545	0.00387	0.00486	0.00552	0.00582	0.00367	0.00366	0.00609	0.00776	0.01022	0.02203	0.53889	0.08299	0.22539	0.00942	0.00230	0.00291	0.05237	0.00356	0.00323
13	0.01273	0.57581	0.01853	0.00814	0.01137	0.19037	0.00737	0.05164	0.03231	0.04776	0.00698	0.00767	0.00591	0.00395	0.00311	0.00099	0.00509	0.00258	0.00221	0.00548
14	0.00635	0.04237	0.00574	0.00509	0.00539	0.00483	0.00325	0.00667	0.00641	0.00857	0.01286	0.02551	0.01438	0.67480	0.13688	0.00426	0.00512	0.02613	0.00251	0.00288
15	0.11482	0.03277	0.01002	0.06742	0.03623	0.09032	0.00673	0.20872	0.07649	0.13814	0.01434	0.04342	0.09272	0.04369	0.00483	0.00143	0.00421	0.00451	0.00356	0.00564
16	0.01314	0.26675	0.06594	0.01116	0.09696	0.16044	0.07405	0.04794	0.05800	0.15339	0.00919	0.00975	0.00698	0.00422	0.00373	0.00115	0.00520	0.00331	0.00275	0.00595

[dist]
# distance from previous block
# <min> <max>
1	3

[block]
# block no. 3 follows, 63 sequences, length 7
# corresponding to MSA columns:
# 513-519
name=unknown_D
#
# <colnr> <probs for GDERKNQSTAVLIFYWHMCP>
#	G	D	E	R	K	N	Q	S	T	A	V	L	I	F	Y	W	H	M	C	P
0	0.05028	0.05176	0.06830	0.03793	0.07724	0.09410	0.09912	0.16594	0.07562	0.02895	0.01084	0.02588	0.02569	0.00847	0.11036	0.00202	0.02216	0.03691	0.00287	0.00558
1	0.03177	0.07820	0.05896	0.23262	0.24441	0.06604	0.07870	0.04236	0.00954	0.03599	0.00878	0.01139	0.02549	0.03301	0.00488	0.00138	0.02492	0.00380	0.00223	0.00553
2	0.00704	0.00377	0.00545	0.00557	0.00565	0.00375	0.00378	0.00577	0.00596	0.00792	0.00970	0.06313	0.01027	0.08634	0.01552	0.69480	0.00363	0.05767	0.00214	0.00211
3	0.05035	0.01252	0.09530	0.04233	0.05033	0.17938	0.24405	0.03798	0.04672	0.05878	0.03042	0.03877	0.03150	0.02747	0.01956	0.00149	0.02065	0.00441	0.00262	0.00538
4	0.03521	0.10057	0.08015	0.06264	0.09552	0.07762	0.07212	0.09742	0.03901	0.04717	0.04076	0.01611	0.08105	0.00564	0.00469	0.00132	0.04824	0.06525	0.00285	0.02665
5	0.06527	0.14778	0.11945	0.00865	0.01165	0.09145	0.02302	0.17021	0.04453	0.05007	0.02453	0.04110	0.00854	0.00930	0.14362	0.00213	0.00592	0.00378	0.00283	0.02617
6	0.04511	0.15241	0.15165	0.00896	0.01215	0.03765	0.05711	0.16384	0.03395	0.04332	0.02761	0.06370	0.02259	0.00894	0.12441	0.00203	0.00568	0.00417	0.00282	0.03192

[dist]
# distance from previous block
# <min> <max>
4	132

[block]
# block no. 4 follows, 63 sequences, length 9
# corresponding to MSA columns:
# 666-674
name=unknown_E
#
# <colnr> <probs for GDERKNQSTAVLIFYWHMCP>
#	G	D	E	R	K	N	Q	S	T	A	V	L	I	F	Y	W	H	M	C	P
0	0.03073	0.10606	0.07220	0.06036	0.05437	0.03091	0.04858	0.19675	0.07501	0.20197	0.03722	0.01234	0.00905	0.00495	0.00433	0.00129	0.02668	0.01746	0.00350	0.00626
1	0.07668	0.00922	0.10182	0.00692	0.01069	0.00670	0.00622	0.05925	0.00933	0.01469	0.00956	0.01052	0.05379	0.00383	0.00335	0.00084	0.00351	0.00299	0.00260	0.60747
2	0.00822	0.12001	0.01220	0.00880	0.03938	0.00742	0.17080	0.01007	0.00958	0.05911	0.07249	0.02374	0.29967	0.00841	0.05476	0.00162	0.00430	0.03065	0.00313	0.05562
3	0.05900	0.00949	0.07334	0.00850	0.05987	0.03327	0.00680	0.08917	0.02910	0.04723	0.00881	0.04310	0.00733	0.00415	0.00379	0.00095	0.02594	0.00327	0.00276	0.48414
4	0.00686	0.00519	0.00613	0.00607	0.00716	0.00520	0.00448	0.08538	0.07280	0.01364	0.14032	0.28670	0.18423	0.06910	0.05388	0.00199	0.00327	0.03963	0.00388	0.00411
5	0.00926	0.07471	0.05853	0.06894	0.08965	0.02283	0.10345	0.01184	0.04105	0.03108	0.01030	0.01209	0.05382	0.03389	0.00436	0.00112	0.00430	0.00363	0.00248	0.36267
6	0.04136	0.02260	0.06579	0.07010	0.11423	0.18295	0.05870	0.05718	0.03135	0.01291	0.01015	0.12008	0.00962	0.02362	0.00519	0.00137	0.06276	0.02651	0.00257	0.08097
7	0.06491	0.02994	0.01121	0.13327	0.09665	0.15493	0.00800	0.14436	0.07027	0.08353	0.02464	0.03325	0.05015	0.00528	0.00408	0.00127	0.00474	0.02965	0.00311	0.04675
8	0.06873	0.09607	0.04719	0.06150	0.18700	0.06487	0.05406	0.18759	0.04864	0.03674	0.01938	0.02225	0.00733	0.00462	0.00453	0.00127	0.05568	0.00368	0.00277	0.02611

[dist]
# distance from previous block
# <min> <max>
1	149

[block]
# block no. 5 follows, 63 sequences, length 35
# corresponding to MSA columns:
# 864-898
name=unknown_F
#
# <colnr> <probs for GDERKNQSTAVLIFYWHMCP>
#	G	D	E	R	K	N	Q	S	T	A	V	L	I	F	Y	W	H	M	C	P
0	0.06061	0.02730	0.02113	0.00709	0.00906	0.00681	0.03177	0.09387	0.07489	0.04203	0.04170	0.13862	0.07367	0.10820	0.00655	0.00169	0.01334	0.10573	0.00342	0.13254
1	0.13794	0.02660	0.16070	0.02614	0.05300	0.03133	0.00862	0.23207	0.13682	0.04978	0.01121	0.06207	0.00911	0.00537	0.00403	0.00135	0.00443	0.03009	0.00330	0.00603
2	0.01022	0.14269	0.08109	0.14148	0.01485	0.03278	0.06830	0.06962	0.10700	0.05386	0.07112	0.01270	0.00987	0.00464	0.00392	0.00118	0.00449	0.02013	0.00284	0.14723
3	0.02183	0.19191	0.27100	0.00987	0.03342	0.11411	0.04315	0.04855	0.01005	0.01310	0.11007	0.01323	0.06176	0.00509	0.00427	0.00123	0.03560	0.00393	0.00246	0.00538
4	0.04751	0.22556	0.30549	0.01098	0.06032	0.12910	0.04979	0.04158	0.03084	0.02898	0.00763	0.00908	0.00606	0.02519	0.00409	0.00125	0.00559	0.00309	0.00214	0.00572
5	0.00749	0.09304	0.07923	0.00666	0.00842	0.00673	0.00574	0.08543	0.00956	0.01267	0.09134	0.12985	0.15811	0.09013	0.13041	0.02576	0.00466	0.04736	0.00317	0.00424
6	0.02472	0.09130	0.19309	0.15247	0.13888	0.02123	0.02111	0.01139	0.01827	0.03202	0.05312	0.06253	0.02023	0.06654	0.00543	0.00154	0.00479	0.06079	0.00249	0.01805
7	0.06172	0.12189	0.09975	0.02905	0.05135	0.05050	0.01659	0.08170	0.02979	0.11847	0.03934	0.13716	0.02886	0.05849	0.01716	0.02270	0.00431	0.02286	0.00314	0.00517
8	0.00610	0.08554	0.00647	0.00522	0.00653	0.00491	0.00399	0.00725	0.00945	0.03152	0.13178	0.24060	0.41036	0.01024	0.00485	0.00144	0.00248	0.02362	0.00382	0.00384
9	0.00634	0.00479	0.00568	0.00591	0.01888	0.00450	0.00434	0.03364	0.04859	0.03411	0.11364	0.24922	0.34957	0.01103	0.02586	0.00165	0.00278	0.07150	0.00397	0.00399
10	0.07209	0.08438	0.10992	0.07358	0.08376	0.14530	0.04843	0.15708	0.05837	0.10394	0.00915	0.00998	0.00679	0.00444	0.00403	0.00125	0.01518	0.00345	0.00290	0.00598
11	0.02333	0.00982	0.01369	0.02849	0.36209	0.02572	0.03089	0.26088	0.01256	0.05275	0.01000	0.05329	0.00833	0.02217	0.02372	0.00147	0.02064	0.00425	0.02962	0.00628
12	0.00570	0.00391	0.00501	0.00568	0.00624	0.00356	0.00390	0.00654	0.00853	0.04533	0.04454	0.67813	0.14260	0.01236	0.00525	0.00164	0.00243	0.01108	0.00397	0.00360
13	0.00872	0.00747	0.00872	0.00623	0.00996	0.00560	0.00498	0.01058	0.00872	0.01370	0.00747	0.00872	0.00623	0.00311	0.00311	0.00062	0.00311	0.00249	0.00249	0.87796
14	0.04430	0.14862	0.13570	0.06027	0.06794	0.03238	0.02671	0.11168	0.02723	0.08441	0.00898	0.03950	0.00722	0.00449	0.00408	0.00116	0.03564	0.00349	0.00270	0.15350
15	0.02843	0.35699	0.03277	0.00919	0.01197	0.40277	0.00782	0.04169	0.01040	0.01088	0.00641	0.00754	0.00553	0.00458	0.01671	0.00114	0.03533	0.00262	0.00208	0.00516
16	0.00611	0.00410	0.00469	0.00469	0.00473	0.00413	0.00268	0.00618	0.00614	0.00823	0.01315	0.02697	0.01505	0.81209	0.06125	0.00421	0.00443	0.00603	0.00253	0.00261
17	0.03112	0.02949	0.08066	0.00797	0.01001	0.14460	0.03436	0.04448	0.06893	0.04699	0.02768	0.23357	0.09532	0.02608	0.02561	0.00159	0.00435	0.04398	0.01928	0.02393
18	0.03082	0.21748	0.10644	0.00885	0.01212	0.08712	0.00806	0.28669	0.06531	0.04768	0.01006	0.07120	0.00842	0.01668	0.00407	0.00125	0.00472	0.00392	0.00312	0.00599
19	0.00559	0.00410	0.00579	0.00656	0.00706	0.00390	0.02565	0.00665	0.00844	0.01119	0.02260	0.66109	0.02649	0.01259	0.00545	0.00175	0.00286	0.17484	0.00385	0.00357
20	0.00957	0.00780	0.00926	0.00712	0.03694	0.00621	0.00546	0.05893	0.00952	0.04329	0.00796	0.00905	0.00644	0.00332	0.00325	0.00071	0.00328	0.00267	0.00268	0.76652
21	0.00603	0.00439	0.00616	0.00616	0.00671	0.00493	0.00451	0.00713	0.00658	0.00932	0.01180	0.01953	0.01182	0.25626	0.61266	0.00602	0.00929	0.00494	0.00233	0.00342
22	0.01529	0.01143	0.01223	0.00953	0.01277	0.01271	0.00782	0.71346	0.11945	0.02538	0.01097	0.01079	0.00786	0.00513	0.00421	0.00128	0.00446	0.00391	0.00421	0.00709
23	0.00928	0.01141	0.10240	0.04839	0.04181	0.00979	0.58701	0.01270	0.00974	0.01338	0.05173	0.01325	0.00861	0.00507	0.03376	0.00160	0.00668	0.02563	0.00226	0.00551
24	0.00794	0.00747	0.01261	0.84216	0.02895	0.00934	0.01167	0.01074	0.00841	0.01074	0.00747	0.01121	0.00560	0.00420	0.00420	0.00140	0.00560	0.00374	0.00187	0.00467
25	0.01004	0.00962	0.01641	0.14477	0.70988	0.00989	0.01272	0.01259	0.00940	0.01330	0.00784	0.01052	0.00651	0.00381	0.00417	0.00127	0.00508	0.00374	0.00205	0.00637
26	0.01014	0.00983	0.01711	0.10450	0.69910	0.00996	0.06202	0.01273	0.00948	0.01343	0.00790	0.01054	0.00654	0.00378	0.00422	0.00127	0.00518	0.00382	0.00206	0.00640
27	0.00607	0.00550	0.03812	0.00631	0.02286	0.00473	0.01891	0.00834	0.07070	0.01283	0.14984	0.17385	0.36520	0.00998	0.00502	0.00150	0.00273	0.08957	0.00389	0.00406
28	0.00544	0.00418	0.00497	0.00519	0.00611	0.00379	0.00374	0.00685	0.02636	0.01262	0.23227	0.29550	0.31885	0.03194	0.00551	0.00156	0.00230	0.02509	0.00406	0.00366
29	0.00862	0.00684	0.00943	0.04369	0.10887	0.04095	0.06618	0.01070	0.04609	0.09467	0.04359	0.17067	0.16972	0.03773	0.00560	0.00159	0.01936	0.10752	0.00347	0.00470
30	0.01132	0.33964	0.20436	0.02764	0.06884	0.03163	0.02489	0.17432	0.03014	0.01467	0.01845	0.02162	0.00680	0.00428	0.00360	0.00115	0.00500	0.00322	0.00244	0.00598
31	0.00608	0.00500	0.00654	0.02272	0.04607	0.02172	0.03338	0.00712	0.00844	0.01091	0.03894	0.36295	0.20704	0.12641	0.03193	0.00207	0.01546	0.04013	0.00343	0.00367
32	0.01926	0.00757	0.02884	0.00744	0.02512	0.01793	0.00574	0.25709	0.01232	0.10914	0.06992	0.14272	0.06112	0.10836	0.04381	0.00191	0.00397	0.00589	0.06670	0.00515
33	0.03746	0.05176	0.11176	0.00710	0.01100	0.00699	0.00650	0.01107	0.00862	0.01353	0.00729	0.00859	0.00600	0.00338	0.00347	0.00078	0.02566	0.00258	0.00235	0.67410
34	0.13573	0.19329	0.07470	0.00915	0.03831	0.14897	0.00778	0.18413	0.02634	0.03351	0.00840	0.05054	0.00709	0.00479	0.00397	0.00120	0.03747	0.00341	0.00274	0.02847

[dist]
# distance from previous block
# <min> <max>
8	15

[block]
# block no. 6 follows, 63 sequences, length 7
# corresponding to MSA columns:
# 914-920
name=unknown_G
#
# <colnr> <probs for GDERKNQSTAVLIFYWHMCP>
#	G	D	E	R	K	N	Q	S	T	A	V	L	I	F	Y	W	H	M	C	P
0	0.01022	0.00790	0.01241	0.05080	0.42601	0.00783	0.00931	0.01277	0.04828	0.12760	0.09812	0.09533	0.04422	0.00592	0.00445	0.00134	0.00405	0.02441	0.00316	0.00587
1	0.01115	0.01007	0.01505	0.15818	0.50974	0.04985	0.01147	0.09081	0.04142	0.04883	0.00870	0.01074	0.00686	0.00411	0.00416	0.00128	0.00506	0.00376	0.00247	0.00631
2	0.01046	0.03287	0.05035	0.02166	0.13816	0.11814	0.03726	0.08012	0.03922	0.06392	0.06298	0.03046	0.02552	0.05004	0.09644	0.00198	0.00538	0.04167	0.02747	0.06592
3	0.00933	0.03333	0.05119	0.06530	0.16593	0.09884	0.04923	0.05649	0.03041	0.01252	0.01165	0.01744	0.03279	0.03202	0.18628	0.00263	0.03121	0.10586	0.00256	0.00502
4	0.00926	0.00682	0.00747	0.00756	0.04248	0.08440	0.00526	0.07468	0.00971	0.11338	0.01728	0.34591	0.03851	0.13038	0.03675	0.00203	0.00396	0.03332	0.00356	0.02728
5	0.10897	0.01072	0.01221	0.06645	0.19992	0.12432	0.04007	0.14925	0.11913	0.03667	0.03648	0.01129	0.00839	0.00457	0.00396	0.00125	0.00472	0.00374	0.03240	0.02548
6	0.09639	0.03141	0.07660	0.11178	0.10445	0.04620	0.00868	0.25843	0.05759	0.01751	0.02570	0.06864	0.00870	0.00517	0.00423	0.00129	0.02288	0.00412	0.00305	0.04716

[dist]
# distance from previous block
# <min> <max>
17	111

[block]
# block no. 7 follows, 63 sequences, length 11
# corresponding to MSA columns:
# 1049-1059
name=unknown_H
#
# <colnr> <probs for GDERKNQSTAVLIFYWHMCP>
#	G	D	E	R	K	N	Q	S	T	A	V	L	I	F	Y	W	H	M	C	P
0	0.01085	0.05241	0.01326	0.12069	0.29870	0.18360	0.00951	0.05732	0.03046	0.01295	0.01036	0.06110	0.03832	0.00504	0.00411	0.00124	0.00514	0.02666	0.00248	0.05582
1	0.01018	0.00877	0.01020	0.04510	0.13137	0.08313	0.00697	0.09601	0.04375	0.04946	0.14541	0.01439	0.02852	0.00611	0.04159	0.00133	0.00425	0.00412	0.00311	0.26625
2	0.05716	0.39154	0.04516	0.00887	0.05637	0.11111	0.00745	0.10345	0.05838	0.01345	0.05549	0.01060	0.03184	0.00480	0.00378	0.02471	0.00460	0.00328	0.00254	0.00543
3	0.01127	0.24294	0.30089	0.04788	0.01526	0.08689	0.05523	0.09796	0.04032	0.05208	0.00809	0.00906	0.00613	0.00413	0.00373	0.00119	0.00550	0.00316	0.00235	0.00593
4	0.00950	0.05612	0.01498	0.14632	0.45173	0.03157	0.05271	0.01179	0.00929	0.01261	0.03014	0.01516	0.00930	0.05354	0.00528	0.00148	0.00501	0.07557	0.00229	0.00562
5	0.57788	0.13338	0.07316	0.00812	0.07585	0.02885	0.00662	0.03086	0.00808	0.01669	0.00626	0.00736	0.00498	0.00389	0.00291	0.00123	0.00393	0.00250	0.00241	0.00504
6	0.04442	0.01130	0.09638	0.02687	0.01189	0.14780	0.00766	0.19133	0.03217	0.18303	0.01328	0.13933	0.01157	0.00646	0.00434	0.00137	0.00464	0.05680	0.00364	0.00573
7	0.00699	0.04527	0.07223	0.02116	0.03656	0.00607	0.08100	0.00912	0.02413	0.01319	0.23210	0.05952	0.18923	0.07157	0.01582	0.00162	0.00358	0.05282	0.00338	0.05465
8	0.00549	0.00423	0.00501	0.00492	0.00602	0.00375	0.00365	0.00700	0.01066	0.01416	0.44605	0.10235	0.35194	0.00979	0.00500	0.00139	0.00208	0.00847	0.00428	0.00375
9	0.00594	0.00422	0.00570	0.00659	0.00714	0.00411	0.00507	0.00715	0.00862	0.01134	0.02194	0.42324	0.02515	0.08202	0.00689	0.00201	0.00321	0.36233	0.00378	0.00355
10	0.47233	0.16799	0.04932	0.00741	0.01021	0.18861	0.00644	0.01334	0.00850	0.01488	0.00606	0.00713	0.00495	0.00403	0.00321	0.00119	0.02479	0.00244	0.00230	0.00486

[dist]
# distance from previous block
# <min> <max>
0	1

[block]
# block no. 8 follows, 63 sequences, length 21
# corresponding to MSA columns:
# 1061-1081
name=unknown_I
#
# <colnr> <probs for GDERKNQSTAVLIFYWHMCP>
#	G	D	E	R	K	N	Q	S	T	A	V	L	I	F	Y	W	H	M	C	P
0	0.00793	0.00708	0.01006	0.00902	0.00926	0.00940	0.00729	0.00878	0.00645	0.00971	0.00770	0.01228	0.00750	0.03421	0.28043	0.08065	0.48223	0.00400	0.00199	0.00404
1	0.00929	0.01036	0.13355	0.14755	0.26578	0.01992	0.02958	0.04637	0.10517	0.01411	0.02369	0.03418	0.04634	0.00505	0.00420	0.00133	0.00465	0.02465	0.06853	0.00571
2	0.00524	0.00380	0.00496	0.00574	0.00617	0.00352	0.00395	0.00614	0.00856	0.01138	0.09515	0.69064	0.08888	0.01253	0.00531	0.00166	0.00242	0.03651	0.00397	0.00349
3	0.79934	0.02878	0.00713	0.02392	0.03310	0.02608	0.00509	0.01243	0.00738	0.01815	0.00596	0.00704	0.00468	0.00391	0.00271	0.00129	0.00347	0.00236	0.00254	0.00464
4	0.03353	0.02264	0.01521	0.20648	0.53274	0.03613	0.01170	0.02851	0.00947	0.01329	0.00770	0.01026	0.00630	0.00387	0.00405	0.00124	0.00507	0.00359	0.00211	0.04612
5	0.00600	0.00450	0.00507	0.00485	0.00619	0.00400	0.00367	0.00776	0.03458	0.03892	0.32655	0.03495	0.46623	0.00943	0.00487	0.00137	0.00215	0.00801	0.02700	0.00392
6	0.00497	0.00423	0.00428	0.00432	0.00570	0.00354	0.00322	0.00603	0.00952	0.01133	0.04179	0.07343	0.79187	0.01075	0.00498	0.00143	0.00214	0.00900	0.00390	0.00354
7	0.80563	0.00918	0.00668	0.00600	0.00856	0.08221	0.00487	0.01275	0.00757	0.01811	0.00591	0.00690	0.00463	0.00394	0.00271	0.00128	0.00363	0.00231	0.00256	0.00458
8	0.00731	0.00552	0.00808	0.11860	0.01023	0.00598	0.06199	0.02316	0.00733	0.03512	0.01156	0.02039	0.01169	0.42475	0.18268	0.00380	0.03094	0.00516	0.02210	0.00362
9	0.88196	0.00813	0.00618	0.00553	0.00813	0.00943	0.00455	0.01236	0.00715	0.01886	0.00585	0.00683	0.00455	0.00390	0.00260	0.00130	0.00325	0.00228	0.00260	0.00455
10	0.01722	0.00750	0.01114	0.08180	0.01319	0.00679	0.06742	0.01910	0.01155	0.69528	0.01517	0.01381	0.00968	0.00499	0.00428	0.00132	0.00402	0.00424	0.00468	0.00682
11	0.00711	0.00372	0.00533	0.00533	0.00533	0.00372	0.00347	0.00558	0.00558	0.00744	0.00827	0.01519	0.00861	0.15167	0.01724	0.73474	0.00372	0.00405	0.00194	0.00194
12	0.88196	0.00813	0.00618	0.00553	0.00813	0.00943	0.00455	0.01236	0.00715	0.01886	0.00585	0.00683	0.00455	0.00390	0.00260	0.00130	0.00325	0.00228	0.00260	0.00455
13	0.00766	0.00610	0.00699	0.00685	0.00835	0.00639	0.00543	0.03689	0.25992	0.01454	0.11849	0.05411	0.18097	0.05303	0.00582	0.00169	0.00313	0.21491	0.00403	0.00470
14	0.00519	0.00427	0.00456	0.00449	0.00581	0.00364	0.00337	0.00646	0.01010	0.01259	0.21747	0.03843	0.64868	0.01019	0.00497	0.00140	0.00210	0.00859	0.00407	0.00364
15	0.00812	0.00766	0.01294	0.78051	0.08915	0.00939	0.01177	0.01090	0.00849	0.01097	0.00750	0.01115	0.00568	0.00417	0.00420	0.00139	0.00556	0.00374	0.00188	0.00482
16	0.00849	0.08289	0.73240	0.01134	0.01709	0.00998	0.01438	0.01292	0.00881	0.01294	0.00814	0.04734	0.00636	0.00439	0.00396	0.00132	0.00591	0.00345	0.00187	0.00602
17	0.00784	0.00392	0.00392	0.00392	0.00490	0.00392	0.00294	0.00980	0.00882	0.01567	0.01371	0.01567	0.01077	0.00490	0.00294	0.00098	0.00196	0.00392	0.87560	0.00392
18	0.00810	0.00635	0.00743	0.02230	0.00844	0.00706	0.00521	0.06418	0.23450	0.01404	0.10751	0.05205	0.06779	0.15856	0.12904	0.00265	0.04578	0.00564	0.04874	0.00464
19	0.09323	0.28229	0.02955	0.04430	0.09284	0.16285	0.03078	0.11942	0.02965	0.04300	0.00759	0.00859	0.00609	0.00409	0.00348	0.00111	0.00506	0.00297	0.00250	0.03061
20	0.00861	0.07795	0.04466	0.05984	0.04706	0.06370	0.02073	0.02751	0.09516	0.03250	0.13486	0.08278	0.16048	0.02381	0.00476	0.00132	0.01468	0.00569	0.00327	0.09063

[dist]
# distance from previous block
# <min> <max>
2	52

[block]
# block no. 9 follows, 63 sequences, length 11
# corresponding to MSA columns:
# 1134-1144
name=unknown_J
#
# <colnr> <probs for GDERKNQSTAVLIFYWHMCP>
#	G	D	E	R	K	N	Q	S	T	A	V	L	I	F	Y	W	H	M	C	P
0	0.02625	0.15456	0.04287	0.00934	0.03834	0.08508	0.09180	0.04198	0.16563	0.11235	0.08791	0.04261	0.05744	0.00553	0.00410	0.00126	0.00430	0.00464	0.01839	0.00562
1	0.06487	0.01753	0.02795	0.01709	0.02351	0.02317	0.02388	0.04000	0.05482	0.01480	0.24478	0.04073	0.25813	0.00763	0.00442	0.00130	0.00287	0.01849	0.05850	0.05554
2	0.00902	0.00844	0.01410	0.37356	0.38667	0.00944	0.01156	0.01152	0.00879	0.01219	0.00795	0.01113	0.00645	0.00530	0.03933	0.00156	0.04265	0.00378	0.03106	0.00550
3	0.01801	0.00697	0.00948	0.00733	0.01044	0.00603	0.00603	0.01966	0.01202	0.77541	0.06981	0.01544	0.01234	0.00543	0.00428	0.00130	0.00347	0.00445	0.00517	0.00694
4	0.00590	0.00444	0.00536	0.00561	0.00674	0.00409	0.00450	0.00743	0.00994	0.01290	0.18867	0.03968	0.35071	0.03678	0.00569	0.00164	0.00273	0.26865	0.03484	0.00372
5	0.01040	0.00999	0.01706	0.02580	0.82604	0.00999	0.01290	0.01290	0.00957	0.01373	0.00791	0.01040	0.00666	0.00375	0.00416	0.00125	0.00499	0.00375	0.00208	0.00666
6	0.00534	0.00449	0.00466	0.00458	0.00599	0.00392	0.00344	0.00701	0.04785	0.01226	0.12832	0.03828	0.69889	0.01019	0.00493	0.00141	0.00217	0.00854	0.00400	0.00374
7	0.00569	0.00429	0.00525	0.00501	0.00612	0.00385	0.00376	0.00742	0.01128	0.01538	0.61390	0.03383	0.25051	0.00915	0.00496	0.00135	0.00202	0.00794	0.00443	0.00385
8	0.01035	0.04039	0.01477	0.27323	0.38276	0.03290	0.01120	0.10209	0.01028	0.01393	0.00783	0.01030	0.00626	0.00409	0.00428	0.00126	0.02334	0.00361	0.00226	0.04487
9	0.00968	0.00740	0.00799	0.00739	0.03704	0.04188	0.00517	0.19833	0.09581	0.03538	0.05701	0.02095	0.06221	0.34900	0.04451	0.00264	0.00435	0.00533	0.00333	0.00460
10	0.01040	0.00963	0.01405	0.18139	0.36669	0.05346	0.04615	0.10357	0.05471	0.01479	0.04772	0.01244	0.02319	0.00451	0.00420	0.00128	0.00490	0.00408	0.03695	0.00589

[dist]
# distance from previous block
# <min> <max>
2	37

[block]
# block no. 10 follows, 63 sequences, length 14
# corresponding to MSA columns:
# 1210-1223
name=unknown_K
#
# <colnr> <probs for GDERKNQSTAVLIFYWHMCP>
#	G	D	E	R	K	N	Q	S	T	A	V	L	I	F	Y	W	H	M	C	P
0	0.01048	0.02934	0.15417	0.14812	0.14865	0.07889	0.13836	0.10874	0.02901	0.03020	0.00957	0.06765	0.00802	0.00484	0.00432	0.00134	0.00554	0.01449	0.00252	0.00574
1	0.00933	0.00899	0.02748	0.13053	0.05291	0.02523	0.23715	0.10974	0.01070	0.01455	0.15485	0.03750	0.02662	0.04537	0.00634	0.00154	0.08807	0.00516	0.00285	0.00510
2	0.00689	0.00463	0.00564	0.00526	0.00602	0.00449	0.00363	0.04366	0.00984	0.04020	0.42273	0.02826	0.02708	0.36033	0.01176	0.00247	0.00303	0.00670	0.00376	0.00362
3	0.00731	0.00660	0.02671	0.11550	0.19595	0.00645	0.03088	0.00953	0.04524	0.01226	0.03377	0.25874	0.13057	0.02399	0.00505	0.00152	0.00372	0.05300	0.02859	0.00463
4	0.00970	0.00908	0.01406	0.38473	0.30958	0.05396	0.03775	0.03537	0.00948	0.03622	0.00881	0.05648	0.00739	0.00457	0.00426	0.00134	0.00528	0.00419	0.00225	0.00550
5	0.00843	0.02174	0.83048	0.01198	0.01819	0.00976	0.01553	0.01331	0.00888	0.01331	0.00754	0.00888	0.00533	0.00399	0.00399	0.00133	0.00621	0.00311	0.00178	0.00621
6	0.00576	0.00453	0.00525	0.00515	0.00636	0.00415	0.00388	0.00783	0.05536	0.01405	0.37152	0.07959	0.37325	0.00967	0.00498	0.00141	0.00221	0.03691	0.00423	0.00390
7	0.01149	0.05021	0.13569	0.05400	0.04978	0.13616	0.06386	0.18425	0.01182	0.05758	0.02130	0.04622	0.04673	0.00684	0.04966	0.00160	0.01641	0.03176	0.01907	0.00558
8	0.00597	0.00523	0.00525	0.00530	0.00656	0.05393	0.00404	0.00726	0.01000	0.01228	0.16730	0.10129	0.50051	0.01022	0.00501	0.00146	0.00263	0.08812	0.00392	0.00372
9	0.00730	0.00365	0.00548	0.00548	0.00548	0.00365	0.00365	0.00548	0.00548	0.00730	0.00730	0.01278	0.00730	0.01460	0.01643	0.87769	0.00365	0.00365	0.00183	0.00183
10	0.04399	0.01098	0.05643	0.09276	0.32520	0.03534	0.03967	0.24650	0.02915	0.06574	0.00910	0.01047	0.00686	0.00432	0.00414	0.00128	0.00498	0.00373	0.00292	0.00646
11	0.00918	0.02435	0.12020	0.10516	0.25328	0.00919	0.18827	0.03685	0.03813	0.01366	0.04720	0.08242	0.02331	0.00504	0.00443	0.00135	0.00514	0.00489	0.02231	0.00566
12	0.00527	0.00378	0.00500	0.00587	0.00621	0.00354	0.00403	0.00612	0.00830	0.01104	0.05500	0.72366	0.05234	0.03306	0.00575	0.00175	0.00254	0.05938	0.00390	0.00345
13	0.01107	0.04987	0.05929	0.04339	0.28211	0.14146	0.03699	0.06477	0.00966	0.01281	0.00720	0.00953	0.00610	0.00491	0.00656	0.00137	0.22543	0.00351	0.01833	0.00564

[dist]
# distance from previous block
# <min> <max>
0	1

[block]
# block no. 11 follows, 63 sequences, length 13
# corresponding to MSA columns:
# 1225-1237
name=unknown_L
#
# <colnr> <probs for GDERKNQSTAVLIFYWHMCP>
#	G	D	E	R	K	N	Q	S	T	A	V	L	I	F	Y	W	H	M	C	P
0	0.00964	0.00965	0.01283	0.01098	0.01117	0.04074	0.00912	0.03669	0.00706	0.01066	0.00570	0.00917	0.00557	0.00718	0.01314	0.00179	0.78862	0.00365	0.00193	0.00469
1	0.00992	0.09692	0.12784	0.01276	0.20508	0.04099	0.04821	0.02623	0.02870	0.02357	0.00811	0.01015	0.00670	0.00390	0.00390	0.00105	0.02189	0.02073	0.00232	0.30102
2	0.01422	0.01645	0.01131	0.03320	0.03360	0.59646	0.00780	0.08062	0.01174	0.02675	0.00775	0.00954	0.00648	0.03483	0.05267	0.00155	0.01857	0.00315	0.02836	0.00497
3	0.00519	0.00418	0.00434	0.00443	0.00569	0.00357	0.00327	0.00631	0.00944	0.01171	0.05977	0.12165	0.66971	0.01048	0.00488	0.00142	0.00215	0.00884	0.05941	0.00357
4	0.00516	0.00376	0.00486	0.00566	0.00607	0.00346	0.00384	0.00600	0.00845	0.01118	0.07607	0.71665	0.10810	0.01263	0.00530	0.00165	0.00238	0.01137	0.00395	0.00346
5	0.02876	0.00826	0.03336	0.04127	0.06051	0.00669	0.00631	0.05592	0.00966	0.09506	0.00851	0.00951	0.00663	0.00355	0.00341	0.00083	0.00355	0.00287	0.00279	0.61257
6	0.00522	0.00373	0.00499	0.00596	0.00625	0.00350	0.00407	0.00602	0.00814	0.01084	0.02312	0.80218	0.02759	0.01308	0.00539	0.00172	0.00252	0.05833	0.00390	0.00344
7	0.00576	0.00453	0.00514	0.00540	0.00630	0.01681	0.00384	0.02207	0.03170	0.01190	0.10960	0.35697	0.32494	0.03335	0.01950	0.02266	0.00264	0.00939	0.00385	0.00365
8	0.01202	0.35309	0.06102	0.01229	0.14720	0.17805	0.07244	0.06590	0.03870	0.01242	0.00729	0.00852	0.00606	0.00395	0.00356	0.00110	0.00546	0.00304	0.00219	0.00572
9	0.00717	0.00492	0.00690	0.00665	0.00712	0.00557	0.00494	0.02399	0.04002	0.00998	0.05993	0.06826	0.01174	0.03149	0.26508	0.34343	0.09237	0.00477	0.00242	0.00325
10	0.00927	0.00873	0.01409	0.03166	0.43767	0.02281	0.08382	0.02398	0.05049	0.01364	0.08223	0.08823	0.02958	0.02013	0.01877	0.00150	0.03417	0.02090	0.00269	0.00568
11	0.00729	0.04544	0.29213	0.00878	0.01168	0.00692	0.06943	0.00973	0.00852	0.02672	0.02898	0.25792	0.06607	0.09104	0.03544	0.00190	0.00467	0.01989	0.00279	0.00465
12	0.05644	0.26527	0.11606	0.00842	0.01163	0.05648	0.00782	0.03337	0.32722	0.02569	0.01167	0.01167	0.02662	0.00523	0.01818	0.00132	0.00441	0.00361	0.00298	0.00591

[dist]
# distance from previous block
# <min> <max>
0	1

[block]
# block no. 12 follows, 63 sequences, length 12
# corresponding to MSA columns:
# 1275-1286
name=unknown_M
#
# <colnr> <probs for GDERKNQSTAVLIFYWHMCP>
#	G	D	E	R	K	N	Q	S	T	A	V	L	I	F	Y	W	H	M	C	P
0	0.01095	0.25803	0.22195	0.00987	0.05630	0.08600	0.00937	0.12866	0.03899	0.01402	0.01008	0.01079	0.06210	0.00451	0.00366	0.00113	0.00496	0.00337	0.00247	0.06280
1	0.04771	0.18699	0.05516	0.00804	0.01003	0.20043	0.00680	0.01161	0.02976	0.01079	0.02398	0.03645	0.00921	0.07852	0.21384	0.00280	0.04317	0.01786	0.00230	0.00453
2	0.07356	0.00774	0.00844	0.00705	0.00953	0.06178	0.00560	0.03249	0.13174	0.39295	0.05357	0.01652	0.06479	0.03294	0.00462	0.00137	0.00351	0.00456	0.08132	0.00593
3	0.06695	0.00487	0.00561	0.00564	0.00704	0.00451	0.00443	0.00858	0.00945	0.09883	0.05090	0.13885	0.36965	0.03706	0.00548	0.00162	0.00281	0.16977	0.00392	0.00403
4	0.00599	0.00426	0.00544	0.00544	0.00583	0.00451	0.00368	0.00667	0.00661	0.00902	0.01446	0.02398	0.06877	0.46479	0.34749	0.00497	0.00683	0.00566	0.00252	0.00310
5	0.00935	0.00460	0.00511	0.00478	0.00608	0.00451	0.00365	0.03620	0.00949	0.12482	0.01455	0.07079	0.01174	0.00615	0.02370	0.00122	0.00252	0.00450	0.65183	0.00442
6	0.00514	0.00377	0.00477	0.00556	0.00597	0.00346	0.00374	0.00589	0.00820	0.01071	0.02567	0.69118	0.14776	0.04948	0.00601	0.00177	0.00246	0.01123	0.00384	0.00340
7	0.00946	0.00789	0.00876	0.00833	0.01033	0.00893	0.00669	0.01863	0.59867	0.01623	0.01851	0.02431	0.01592	0.00731	0.00469	0.00156	0.00347	0.22024	0.00417	0.00590
8	0.02778	0.21735	0.21541	0.01053	0.06500	0.18144	0.03532	0.01362	0.03965	0.01209	0.00742	0.00874	0.00603	0.00486	0.03261	0.00128	0.00567	0.00294	0.00210	0.11014
9	0.00872	0.00814	0.01365	0.39053	0.37341	0.00896	0.01128	0.01113	0.00882	0.01197	0.00919	0.08460	0.00827	0.02807	0.00476	0.00143	0.00502	0.00452	0.00216	0.00537
10	0.00651	0.00453	0.00513	0.00493	0.00638	0.00395	0.00374	0.00773	0.00978	0.09217	0.11343	0.07858	0.57079	0.01143	0.06016	0.00177	0.00288	0.00816	0.00399	0.00395
11	0.02753	0.18585	0.08621	0.00957	0.03660	0.11542	0.06488	0.05540	0.06078	0.01255	0.00906	0.01209	0.00789	0.03900	0.10836	0.00200	0.06336	0.02975	0.03038	0.04332

[dist]
# distance from previous block
# <min> <max>
0	1

[block]
# block no. 13 follows, 63 sequences, length 8
# corresponding to MSA columns:
# 1288-1295
name=unknown_N
#
# <colnr> <probs for GDERKNQSTAVLIFYWHMCP>
#	G	D	E	R	K	N	Q	S	T	A	V	L	I	F	Y	W	H	M	C	P
0	0.81094	0.00808	0.00670	0.07350	0.00982	0.00942	0.00513	0.01223	0.00726	0.01820	0.00598	0.00718	0.00464	0.00393	0.00273	0.00131	0.00344	0.00239	0.00254	0.00456
1	0.01222	0.01111	0.01042	0.00908	0.01161	0.12904	0.00711	0.16585	0.55701	0.01817	0.01431	0.01350	0.01073	0.00539	0.00419	0.00135	0.00417	0.00428	0.00396	0.00649
2	0.00521	0.00369	0.00485	0.00574	0.00597	0.00347	0.00379	0.00588	0.00788	0.01051	0.02232	0.77922	0.02673	0.08493	0.00674	0.00191	0.00258	0.01145	0.00379	0.00334
3	0.00606	0.00427	0.00558	0.00558	0.00593	0.00462	0.00379	0.00675	0.00641	0.00889	0.01233	0.02246	0.01309	0.47532	0.39534	0.00531	0.00738	0.00537	0.00241	0.00310
4	0.01052	0.64001	0.23047	0.00843	0.01270	0.01486	0.00934	0.01277	0.00863	0.01077	0.00628	0.00729	0.00538	0.00370	0.00303	0.00101	0.00494	0.00247	0.00179	0.00561
5	0.00598	0.00456	0.00611	0.00685	0.04165	0.00451	0.00467	0.00771	0.04626	0.01276	0.22812	0.45706	0.05443	0.01184	0.04399	0.00181	0.02250	0.03138	0.00390	0.00390
6	0.00735	0.00482	0.00621	0.00567	0.00694	0.00453	0.00432	0.00987	0.05804	0.08866	0.70635	0.02899	0.03554	0.00813	0.00485	0.00133	0.00220	0.00714	0.00466	0.00440
7	0.01107	0.05634	0.01150	0.12247	0.04811	0.02871	0.06530	0.16139	0.05984	0.13155	0.08115	0.11098	0.06687	0.00643	0.00444	0.00136	0.00415	0.01925	0.00358	0.00552

[dist]
# distance from previous block
# <min> <max>
0	1

[block]
# block no. 14 follows, 63 sequences, length 6
# corresponding to MSA columns:
# 1297-1302
name=unknown_O
#
# <colnr> <probs for GDERKNQSTAVLIFYWHMCP>
#	G	D	E	R	K	N	Q	S	T	A	V	L	I	F	Y	W	H	M	C	P
0	0.01318	0.08371	0.01327	0.03427	0.10352	0.07443	0.03980	0.34811	0.06542	0.06885	0.01039	0.01213	0.00815	0.02545	0.05820	0.00167	0.00526	0.02463	0.00335	0.00620
1	0.00724	0.00379	0.00563	0.00574	0.00585	0.00379	0.00402	0.00585	0.00597	0.00792	0.00905	0.01682	0.00927	0.01426	0.01519	0.77558	0.00368	0.09624	0.00206	0.00206
2	0.59092	0.10628	0.05765	0.00664	0.00940	0.01038	0.00594	0.06018	0.00812	0.01707	0.00652	0.00781	0.00525	0.00575	0.05355	0.00160	0.03697	0.00260	0.00251	0.00486
3	0.00961	0.06039	0.19849	0.02496	0.02706	0.11915	0.09521	0.02627	0.04964	0.03471	0.10798	0.08461	0.03219	0.00586	0.00470	0.00132	0.04114	0.02343	0.00279	0.05049
4	0.05399	0.00714	0.00724	0.05611	0.00897	0.09890	0.00519	0.06864	0.02372	0.04303	0.02873	0.05422	0.08123	0.20519	0.15133	0.00288	0.00534	0.02975	0.06427	0.00412
5	0.04364	0.18126	0.13064	0.03317	0.10956	0.14512	0.00899	0.12467	0.04354	0.01429	0.03366	0.01116	0.04957	0.00468	0.00396	0.00118	0.02141	0.00352	0.00257	0.03341

[dist]
# distance from previous block
# <min> <max>
0	30

[block]
# block no. 15 follows, 63 sequences, length 26
# corresponding to MSA columns:
# 1333-1358
name=unknown_P
#
# <colnr> <probs for GDERKNQSTAVLIFYWHMCP>
#	G	D	E	R	K	N	Q	S	T	A	V	L	I	F	Y	W	H	M	C	P
0	0.00668	0.02676	0.18182	0.00702	0.00960	0.04396	0.03625	0.00887	0.02411	0.01178	0.02873	0.04616	0.48556	0.00971	0.05291	0.00169	0.00404	0.00682	0.00317	0.00436
1	0.01156	0.09239	0.13059	0.03829	0.05937	0.06366	0.05031	0.19538	0.04001	0.05760	0.02853	0.02984	0.00808	0.00453	0.00387	0.00115	0.00467	0.00367	0.03527	0.14123
2	0.00768	0.00675	0.01166	0.05959	0.02727	0.00659	0.23463	0.02874	0.04081	0.02732	0.06638	0.32368	0.04132	0.05363	0.00579	0.00163	0.00414	0.00769	0.04020	0.00449
3	0.01092	0.05663	0.07980	0.18478	0.13706	0.08833	0.05494	0.08224	0.07288	0.07955	0.01100	0.05041	0.03466	0.00517	0.00444	0.02032	0.00502	0.00423	0.00275	0.01487
4	0.00951	0.11852	0.29424	0.09222	0.08734	0.01001	0.05244	0.04873	0.05659	0.04615	0.02415	0.06180	0.03023	0.00518	0.00436	0.00133	0.02542	0.02355	0.00251	0.00571
5	0.00794	0.00747	0.01261	0.84216	0.02895	0.00934	0.01167	0.01074	0.00841	0.01074	0.00747	0.01121	0.00560	0.00420	0.00420	0.00140	0.00560	0.00374	0.00187	0.00467
6	0.00701	0.00450	0.00536	0.04637	0.00712	0.00448	0.00407	0.04675	0.00904	0.02670	0.03838	0.31011	0.08963	0.07891	0.00573	0.00159	0.00268	0.01839	0.28932	0.00384
7	0.01033	0.02877	0.07030	0.15145	0.19020	0.07438	0.09675	0.07835	0.04453	0.05640	0.04900	0.04834	0.05541	0.00567	0.02060	0.00143	0.00514	0.00461	0.00276	0.00560
8	0.00736	0.02361	0.05831	0.02778	0.07836	0.00658	0.05843	0.02116	0.07256	0.02660	0.05831	0.22598	0.19394	0.03202	0.03901	0.00176	0.04514	0.01524	0.00330	0.00455
9	0.00908	0.00708	0.00770	0.00698	0.00898	0.00756	0.00545	0.05498	0.39709	0.05853	0.11180	0.02456	0.22524	0.00743	0.00455	0.00141	0.00294	0.03368	0.01949	0.00546
10	0.03813	0.00662	0.00877	0.05720	0.14223	0.00650	0.00648	0.02611	0.08448	0.16489	0.10529	0.03894	0.25294	0.00725	0.00454	0.00138	0.00331	0.03591	0.00380	0.00522
11	0.01077	0.10764	0.10863	0.04590	0.10999	0.10670	0.08259	0.05916	0.04350	0.07716	0.02256	0.04481	0.03168	0.05113	0.05485	0.00175	0.01732	0.01572	0.00269	0.00544
12	0.00616	0.00422	0.00555	0.00583	0.00638	0.00434	0.00412	0.02058	0.00780	0.02258	0.04015	0.33787	0.03042	0.14875	0.26270	0.00354	0.00540	0.00770	0.07234	0.00356
13	0.09768	0.00669	0.00739	0.00657	0.00858	0.00693	0.00516	0.08484	0.16886	0.17188	0.04136	0.11073	0.07201	0.00668	0.00409	0.00134	0.00302	0.02844	0.16241	0.00534
14	0.02533	0.00605	0.00890	0.17598	0.16047	0.00636	0.00716	0.02420	0.03208	0.01217	0.04047	0.35384	0.07680	0.03203	0.00517	0.00156	0.00362	0.00762	0.01572	0.00445
15	0.07632	0.07808	0.04965	0.01577	0.01991	0.01099	0.65980	0.01331	0.00957	0.01359	0.00806	0.01055	0.00613	0.00359	0.00457	0.00136	0.00656	0.00448	0.00212	0.00558
16	0.00557	0.00422	0.00487	0.00497	0.00609	0.00371	0.00367	0.00680	0.00982	0.03030	0.20548	0.20280	0.45276	0.01063	0.00505	0.00147	0.00224	0.03176	0.00409	0.00370
17	0.00656	0.00534	0.00591	0.00573	0.00693	0.03184	0.00429	0.00883	0.08229	0.02904	0.28194	0.16145	0.30557	0.00953	0.00522	0.00144	0.03181	0.00812	0.00406	0.00409
18	0.04688	0.11995	0.15134	0.02917	0.15430	0.04813	0.06683	0.18803	0.03043	0.03509	0.00912	0.04253	0.00738	0.00463	0.00411	0.00125	0.01908	0.00380	0.03196	0.00601
19	0.17434	0.00731	0.00891	0.00703	0.01003	0.00688	0.00578	0.04762	0.01134	0.60152	0.04246	0.01343	0.01026	0.00507	0.00392	0.00129	0.00346	0.00397	0.02891	0.00648
20	0.00520	0.00373	0.00495	0.00586	0.00617	0.00348	0.00397	0.00602	0.00828	0.01104	0.05635	0.77978	0.04186	0.01290	0.00535	0.00169	0.00245	0.03354	0.00393	0.00345
21	0.02370	0.03967	0.05209	0.14689	0.19516	0.02298	0.12640	0.05328	0.03171	0.01347	0.06764	0.11478	0.02861	0.00586	0.00490	0.00140	0.04410	0.01940	0.00267	0.00530
22	0.00614	0.00465	0.00678	0.00671	0.00736	0.00544	0.00515	0.00747	0.00668	0.00962	0.01123	0.01730	0.01078	0.11032	0.72444	0.00630	0.04307	0.00463	0.00226	0.00367
23	0.00632	0.00457	0.00622	0.00713	0.00798	0.00447	0.00596	0.00796	0.00935	0.01213	0.02386	0.20530	0.08072	0.01185	0.00566	0.00185	0.00347	0.58757	0.00388	0.00376
24	0.00923	0.00922	0.01299	0.01144	0.03309	0.01280	0.00930	0.01019	0.00652	0.01021	0.00558	0.00923	0.00555	0.00726	0.01353	0.00182	0.82185	0.00368	0.00185	0.00465
25	0.08588	0.05276	0.18925	0.02969	0.02885	0.04548	0.04488	0.35948	0.03117	0.04468	0.00915	0.01032	0.00685	0.03759	0.00464	0.00138	0.00503	0.00357	0.00313	0.00623

[dist]
# distance from previous block
# <min> <max>
0	1

[block]
# block no. 16 follows, 63 sequences, length 17
# corresponding to MSA columns:
# 1360-1376
name=unknown_Q
#
# <colnr> <probs for GDERKNQSTAVLIFYWHMCP>
#	G	D	E	R	K	N	Q	S	T	A	V	L	I	F	Y	W	H	M	C	P
