[name]
unknown

[dist]
# distance from previous block
# <min> <max>
4	29

[block]
# block no. 0 follows, 62 sequences, length 30
# corresponding to MSA columns:
# 97-126
name=unknown_A
#
# <colnr> <probs for GDERKNQSTAVLIFYWHMCP>
#	G	D	E	R	K	N	Q	S	T	A	V	L	I	F	Y	W	H	M	C	P
0	0.01096	0.01070	0.01470	0.09540	0.36195	0.08605	0.07115	0.04268	0.23269	0.01478	0.01052	0.01188	0.00824	0.00446	0.00428	0.00133	0.00504	0.00407	0.00278	0.00632
1	0.00631	0.00439	0.00572	0.00539	0.00641	0.00405	0.00402	0.00820	0.01174	0.03655	0.74315	0.05884	0.05083	0.02906	0.00541	0.00142	0.00212	0.00774	0.00461	0.00403
2	0.01072	0.29194	0.22909	0.00915	0.01302	0.08689	0.00935	0.07446	0.00980	0.01285	0.00752	0.03438	0.00642	0.00440	0.00416	0.00112	0.05895	0.00310	0.00221	0.13046
3	0.04184	0.37127	0.01621	0.00924	0.01202	0.44873	0.00773	0.01494	0.01037	0.01052	0.00626	0.00732	0.00545	0.00411	0.00349	0.00104	0.01974	0.00255	0.00204	0.00514
4	0.00641	0.00444	0.00576	0.00537	0.00648	0.00407	0.00405	0.00836	0.01193	0.04384	0.75549	0.03167	0.07863	0.00869	0.00499	0.00134	0.00207	0.00765	0.00467	0.00410
5	0.00751	0.00558	0.00657	0.00646	0.02260	0.00554	0.00473	0.01133	0.19248	0.06186	0.25257	0.17101	0.21699	0.00905	0.00488	0.00145	0.00258	0.00785	0.00429	0.00467
6	0.00552	0.00382	0.00505	0.00593	0.00628	0.00360	0.00410	0.00630	0.00823	0.01108	0.02276	0.69653	0.04562	0.01286	0.00583	0.03948	0.00260	0.07005	0.04092	0.00345
7	0.01079	0.01013	0.01140	0.00977	0.01087	0.10265	0.00789	0.16494	0.03710	0.01361	0.00950	0.01258	0.04192	0.06067	0.07271	0.00215	0.40958	0.00411	0.00261	0.00502
8	0.00859	0.00813	0.01377	0.65822	0.20696	0.00960	0.01209	0.01136	0.00877	0.01155	0.00766	0.01116	0.00591	0.00415	0.00424	0.00138	0.00553	0.00378	0.00194	0.00518
9	0.00859	0.00811	0.01355	0.56420	0.22219	0.00954	0.01166	0.01117	0.00868	0.01158	0.00825	0.04667	0.00689	0.00469	0.00477	0.00142	0.04673	0.00414	0.00203	0.00516
10	0.85295	0.00820	0.00637	0.00566	0.00831	0.00944	0.00466	0.01277	0.00740	0.04494	0.00627	0.00715	0.00480	0.00399	0.00269	0.00132	0.00330	0.00237	0.00272	0.00469
11	0.00833	0.00712	0.00929	0.01712	0.04003	0.04319	0.06988	0.08569	0.04398	0.02383	0.10371	0.05022	0.15085	0.05566	0.20923	0.00288	0.05410	0.00580	0.01452	0.00458
12	0.01200	0.00899	0.01074	0.07108	0.01242	0.01000	0.02155	0.36631	0.06750	0.04628	0.02224	0.01388	0.03239	0.00828	0.09068	0.00189	0.06614	0.02207	0.07548	0.04008
13	0.00825	0.00547	0.00662	0.00598	0.00761	0.00517	0.01628	0.04401	0.05776	0.12987	0.19889	0.08473	0.33440	0.02953	0.03421	0.00167	0.01338	0.00744	0.00419	0.00456
14	0.01032	0.03915	0.14965	0.07237	0.21004	0.07787	0.07648	0.08645	0.03986	0.01427	0.01893	0.04965	0.03468	0.00486	0.00442	0.00128	0.02543	0.00419	0.01335	0.06674
15	0.83796	0.00818	0.00643	0.00569	0.00836	0.00938	0.00469	0.01291	0.00749	0.05899	0.00646	0.00729	0.00490	0.00401	0.00271	0.00132	0.00331	0.00240	0.00276	0.00474
16	0.01113	0.03028	0.02088	0.00959	0.05840	0.01060	0.00722	0.15235	0.54109	0.01869	0.06715	0.01574	0.02637	0.00574	0.00432	0.00138	0.00364	0.00476	0.00411	0.00656
17	0.00518	0.00373	0.00491	0.00584	0.00615	0.00346	0.00391	0.00593	0.00823	0.01089	0.02446	0.80620	0.06898	0.01320	0.00541	0.00171	0.00245	0.01194	0.00395	0.00346
18	0.00807	0.00768	0.01039	0.00917	0.00955	0.01004	0.00748	0.00929	0.02040	0.01110	0.07553	0.05963	0.14045	0.00917	0.03859	0.00191	0.55923	0.00535	0.00257	0.00438
19	0.00523	0.00374	0.00498	0.00589	0.00618	0.00349	0.00395	0.00605	0.00837	0.01122	0.06988	0.80023	0.02884	0.01306	0.00541	0.00171	0.00244	0.01184	0.00399	0.00349
20	0.01183	0.00960	0.01023	0.00882	0.01138	0.01090	0.00695	0.24160	0.54672	0.01992	0.01569	0.06267	0.01226	0.00603	0.00437	0.00141	0.00368	0.00496	0.00429	0.00668
21	0.01103	0.07867	0.01112	0.05197	0.01218	0.01107	0.00710	0.10495	0.58139	0.01756	0.01462	0.01393	0.01103	0.00531	0.00413	0.00134	0.00372	0.00433	0.00390	0.05066
22	0.00888	0.00866	0.01154	0.01007	0.01021	0.03693	0.00819	0.00978	0.00669	0.01000	0.00699	0.01189	0.00709	0.09688	0.09370	0.00255	0.64957	0.00403	0.00199	0.00437
23	0.00931	0.00931	0.01303	0.01117	0.01117	0.01303	0.00931	0.01024	0.00652	0.01024	0.00559	0.00931	0.00559	0.00745	0.01396	0.00186	0.84267	0.00372	0.00186	0.00465
24	0.00554	0.00397	0.00527	0.00615	0.00658	0.00376	0.00440	0.00651	0.00850	0.01124	0.03973	0.62168	0.05481	0.04852	0.00618	0.00185	0.00278	0.15508	0.00390	0.00352
25	0.00536	0.00432	0.00478	0.00466	0.00595	0.00373	0.00350	0.00676	0.01049	0.01337	0.30596	0.03786	0.55816	0.01007	0.00503	0.00140	0.00211	0.00855	0.00420	0.00373
26	0.00613	0.00412	0.00473	0.00478	0.00481	0.00413	0.00273	0.00622	0.00631	0.00843	0.01384	0.06798	0.01594	0.78264	0.04711	0.00409	0.00428	0.00643	0.00264	0.00266
27	0.02807	0.01004	0.03720	0.05969	0.01337	0.01078	0.05415	0.20553	0.44459	0.04752	0.03388	0.01397	0.01100	0.00536	0.00432	0.00139	0.00410	0.00448	0.00397	0.00657
28	0.02437	0.03458	0.04263	0.00673	0.00828	0.00718	0.00523	0.22105	0.01095	0.01475	0.04421	0.14970	0.07929	0.29277	0.02256	0.00241	0.00398	0.02151	0.00338	0.00442
29	0.03539	0.08962	0.03161	0.07849	0.05010	0.07585	0.06431	0.07230	0.12931	0.06420	0.03876	0.02319	0.02139	0.01747	0.00417	0.00120	0.00443	0.00387	0.00299	0.19136

[dist]
# distance from previous block
# <min> <max>
0	18

[block]
# block no. 1 follows, 62 sequences, length 24
# corresponding to MSA columns:
# 145-168
name=unknown_B
#
# <colnr> <probs for GDERKNQSTAVLIFYWHMCP>
#	G	D	E	R	K	N	Q	S	T	A	V	L	I	F	Y	W	H	M	C	P
0	0.05245	0.05238	0.03292	0.03600	0.03212	0.11038	0.07887	0.17646	0.05010	0.07928	0.10183	0.10081	0.01354	0.00683	0.02615	0.00148	0.00474	0.02443	0.01373	0.00550
1	0.09571	0.03017	0.04408	0.07184	0.04407	0.04869	0.02892	0.03389	0.09075	0.07455	0.02368	0.24462	0.02573	0.02867	0.00477	0.00145	0.00386	0.01912	0.00329	0.08211
2	0.01232	0.00969	0.01098	0.03162	0.09023	0.08568	0.01997	0.19492	0.06150	0.11354	0.01128	0.07267	0.00936	0.00541	0.00438	0.02220	0.00428	0.01930	0.00338	0.21730
3	0.00925	0.00882	0.01386	0.49823	0.21520	0.03127	0.03682	0.02407	0.07909	0.01256	0.00856	0.01139	0.00661	0.00425	0.00424	0.00136	0.00536	0.00386	0.00222	0.02299
4	0.00853	0.02201	0.82841	0.01213	0.01842	0.00988	0.01572	0.01348	0.00898	0.01348	0.00764	0.00898	0.00539	0.00404	0.00404	0.00135	0.00629	0.00314	0.00180	0.00629
5	0.00597	0.00438	0.00501	0.00516	0.00574	0.00423	0.00340	0.00718	0.05214	0.01067	0.07487	0.20131	0.19526	0.37796	0.01236	0.00268	0.00317	0.02177	0.00342	0.00333
6	0.00739	0.00370	0.00554	0.00554	0.00554	0.00370	0.00370	0.00554	0.00554	0.00739	0.00739	0.01293	0.00739	0.01478	0.01663	0.87620	0.00370	0.00370	0.00185	0.00185
7	0.00565	0.00413	0.00472	0.00486	0.00558	0.00379	0.00330	0.00654	0.00874	0.01149	0.14563	0.19347	0.29115	0.24377	0.00963	0.00221	0.00273	0.00841	0.04083	0.00336
8	0.01136	0.00607	0.00683	0.00571	0.00777	0.00585	0.00453	0.12073	0.01107	0.17854	0.01332	0.01410	0.00986	0.00485	0.00343	0.00106	0.00279	0.00386	0.49401	0.09425
9	0.00621	0.00476	0.00710	0.00702	0.00775	0.00564	0.00549	0.00771	0.00682	0.00989	0.01115	0.01640	0.01043	0.03089	0.79918	0.00663	0.04631	0.00452	0.00226	0.00384
10	0.00905	0.00780	0.00921	0.00672	0.01024	0.00637	0.00541	0.03153	0.00896	0.01396	0.00750	0.00889	0.00628	0.00349	0.00392	0.00073	0.06030	0.00264	0.00252	0.79448
11	0.00711	0.00552	0.00675	0.00708	0.00830	0.00569	0.00567	0.01100	0.18877	0.01375	0.09059	0.17950	0.11401	0.01034	0.00529	0.00169	0.00318	0.32726	0.00408	0.00443
12	0.00507	0.00427	0.00439	0.00445	0.00579	0.00360	0.00330	0.00615	0.00967	0.01163	0.06600	0.09311	0.74629	0.01088	0.00505	0.00145	0.00217	0.00914	0.00397	0.00360
13	0.18989	0.07101	0.26725	0.00972	0.01358	0.06566	0.06976	0.05507	0.01866	0.11231	0.00889	0.02246	0.00677	0.01521	0.03325	0.00154	0.02715	0.00345	0.00266	0.00571
14	0.06641	0.01028	0.01274	0.14558	0.17413	0.06405	0.00925	0.23802	0.03742	0.12692	0.00964	0.01078	0.00712	0.00480	0.00481	0.00134	0.06355	0.00373	0.00319	0.00623
15	0.00620	0.00443	0.00561	0.00544	0.00654	0.00404	0.00415	0.00797	0.01130	0.03535	0.57055	0.07010	0.17413	0.00941	0.00509	0.00142	0.00224	0.06759	0.00448	0.00399
16	0.00947	0.07769	0.15672	0.00806	0.02246	0.00868	0.00713	0.12045	0.09663	0.03639	0.01140	0.01725	0.01061	0.32486	0.02105	0.00244	0.04206	0.00460	0.01715	0.00489
17	0.00902	0.00812	0.01325	0.08494	0.51900	0.00824	0.01012	0.01100	0.00892	0.01258	0.01080	0.09583	0.01057	0.12620	0.00684	0.00174	0.00460	0.02575	0.02694	0.00551
18	0.01502	0.01546	0.01219	0.05635	0.04530	0.46002	0.00842	0.14746	0.03840	0.09359	0.00857	0.00944	0.00657	0.00480	0.00466	0.00123	0.06071	0.00330	0.00286	0.00564
19	0.00869	0.00833	0.01348	0.33815	0.21645	0.03328	0.08046	0.01114	0.00921	0.01243	0.07988	0.06086	0.01052	0.00620	0.03948	0.00159	0.02720	0.00467	0.00237	0.03561
20	0.75388	0.00834	0.00676	0.00593	0.00849	0.00958	0.00481	0.08483	0.00835	0.01920	0.00673	0.00836	0.00544	0.05038	0.00382	0.00147	0.00346	0.00266	0.00278	0.00474
21	0.01466	0.01091	0.01176	0.00924	0.01234	0.01197	0.00753	0.67256	0.06225	0.02454	0.01233	0.06580	0.03184	0.00579	0.00433	0.00130	0.00436	0.00454	0.00419	0.02776
22	0.01575	0.00858	0.01023	0.00816	0.01115	0.00863	0.00659	0.21317	0.16762	0.41017	0.01509	0.03359	0.01065	0.03170	0.00482	0.00141	0.00381	0.00447	0.00465	0.02975
23	0.05463	0.00602	0.02622	0.00732	0.02423	0.05847	0.04285	0.00776	0.00818	0.01107	0.01795	0.47600	0.04436	0.01146	0.00693	0.14452	0.00347	0.04169	0.00325	0.00362

[dist]
# distance from previous block
# <min> <max>
0	99

[block]
# block no. 2 follows, 62 sequences, length 26
# corresponding to MSA columns:
# 274-299
name=unknown_C
#
# <colnr> <probs for GDERKNQSTAVLIFYWHMCP>
#	G	D	E	R	K	N	Q	S	T	A	V	L	I	F	Y	W	H	M	C	P
0	0.03302	0.07206	0.01261	0.11855	0.27494	0.02577	0.03994	0.01119	0.00897	0.05744	0.03769	0.09755	0.01929	0.12194	0.02240	0.00181	0.00466	0.01310	0.00263	0.02444
1	0.01130	0.51926	0.05395	0.02217	0.05890	0.04549	0.03673	0.10086	0.01048	0.01308	0.08388	0.01014	0.00905	0.00434	0.00341	0.00106	0.00466	0.00323	0.00240	0.00561
2	0.00735	0.00582	0.00707	0.01911	0.00810	0.02169	0.00527	0.06882	0.02272	0.03591	0.02268	0.39219	0.18021	0.01142	0.03787	0.00182	0.11429	0.02988	0.00361	0.00417
3	0.00766	0.00542	0.00625	0.00620	0.00675	0.06751	0.00442	0.00804	0.03611	0.00973	0.01077	0.06938	0.01049	0.07309	0.21499	0.36152	0.00567	0.00462	0.08830	0.00310
4	0.02451	0.02583	0.04858	0.10762	0.10767	0.01092	0.05226	0.40165	0.02453	0.04680	0.04243	0.03794	0.00956	0.00534	0.00436	0.00134	0.00477	0.03407	0.00348	0.00633
5	0.21573	0.00637	0.00684	0.00610	0.00782	0.00655	0.00458	0.06005	0.03229	0.10607	0.05562	0.07352	0.02321	0.23035	0.05634	0.00237	0.00397	0.02817	0.00329	0.07074
6	0.01377	0.00811	0.00944	0.00766	0.01022	0.00833	0.00614	0.27953	0.08909	0.25803	0.06059	0.01660	0.07063	0.03649	0.02247	0.04219	0.00386	0.00474	0.04599	0.00610
7	0.01322	0.01485	0.01136	0.01003	0.01185	0.46044	0.02001	0.07881	0.05875	0.01302	0.06982	0.01101	0.00906	0.00537	0.00560	0.00127	0.14209	0.00359	0.05478	0.00506
8	0.00525	0.00425	0.00469	0.00493	0.00609	0.00369	0.00368	0.00639	0.00956	0.01178	0.08103	0.18678	0.57476	0.01120	0.00517	0.00152	0.00234	0.06930	0.00399	0.00362
9	0.00937	0.00894	0.01509	0.38838	0.43776	0.00993	0.01236	0.01197	0.00904	0.01241	0.00771	0.01085	0.00622	0.00414	0.00461	0.00136	0.03831	0.00378	0.00200	0.00576
10	0.00530	0.00421	0.00467	0.00476	0.00586	0.00368	0.00344	0.00643	0.00968	0.01221	0.17777	0.16055	0.51496	0.05988	0.00606	0.00162	0.00229	0.00906	0.00400	0.00359
11	0.00780	0.00725	0.01056	0.14333	0.06745	0.03843	0.12557	0.04096	0.01017	0.01318	0.11815	0.02427	0.29155	0.02143	0.01723	0.00150	0.01403	0.00625	0.03635	0.00456
12	0.26109	0.00586	0.00540	0.00508	0.00667	0.00640	0.00392	0.02631	0.08843	0.01678	0.01203	0.03125	0.00977	0.03853	0.00383	0.00128	0.00264	0.00383	0.46648	0.00442
13	0.00994	0.00950	0.01620	0.21971	0.63496	0.00995	0.01276	0.01254	0.00941	0.01318	0.00790	0.01072	0.00649	0.00390	0.00422	0.00130	0.00520	0.00379	0.00205	0.00626
14	0.01138	0.85302	0.02230	0.00728	0.01092	0.01684	0.00728	0.01274	0.00865	0.01001	0.00592	0.00683	0.00546	0.00364	0.00273	0.00091	0.00455	0.00228	0.00182	0.00546
15	0.00610	0.00427	0.00547	0.00552	0.00581	0.00454	0.00366	0.00670	0.00652	0.00897	0.01309	0.05929	0.01421	0.50831	0.32428	0.00503	0.00677	0.00584	0.00253	0.00307
16	0.01126	0.01022	0.01010	0.00898	0.01134	0.10277	0.02374	0.05383	0.61436	0.03146	0.02735	0.05095	0.01277	0.00590	0.00434	0.00141	0.00393	0.00489	0.00405	0.00636
17	0.00626	0.00473	0.00576	0.00574	0.00659	0.02232	0.00427	0.00759	0.00876	0.01192	0.19536	0.02818	0.15345	0.16708	0.25192	0.00350	0.00544	0.06637	0.04112	0.00363
18	0.00589	0.00417	0.00527	0.00559	0.00597	0.00421	0.00380	0.00658	0.00731	0.00977	0.01825	0.23232	0.07336	0.36720	0.16784	0.00369	0.00493	0.06758	0.00306	0.00320
19	0.08206	0.01057	0.01153	0.00895	0.01214	0.01143	0.00736	0.59111	0.01721	0.15354	0.01083	0.01075	0.00757	0.00543	0.00462	0.03573	0.00437	0.00378	0.00420	0.00682
20	0.00563	0.00395	0.00475	0.00520	0.00543	0.00377	0.00326	0.00606	0.00738	0.00972	0.02054	0.40220	0.09082	0.39694	0.01284	0.00280	0.00320	0.00912	0.00332	0.00307
21	0.01145	0.74127	0.02027	0.00714	0.01053	0.03925	0.00695	0.01287	0.00886	0.03268	0.00684	0.00775	0.00601	0.00381	0.00282	0.00093	0.00442	0.00247	0.06829	0.00538
22	0.00612	0.00410	0.00466	0.00473	0.00475	0.00408	0.00268	0.00617	0.00633	0.00844	0.01413	0.08648	0.01638	0.79059	0.02050	0.00395	0.00401	0.00661	0.00268	0.00264
23	0.03703	0.04016	0.13451	0.04078	0.05919	0.00804	0.14214	0.02500	0.06927	0.05550	0.17304	0.05429	0.05257	0.00593	0.00446	0.00133	0.00433	0.02548	0.00317	0.06377
24	0.02849	0.26949	0.02455	0.00983	0.05692	0.34356	0.00772	0.08661	0.01127	0.01251	0.04336	0.01122	0.04499	0.01606	0.00391	0.00115	0.00562	0.01497	0.00248	0.00527
25	0.02652	0.24985	0.30497	0.00872	0.01238	0.01062	0.00945	0.01153	0.02051	0.01211	0.05499	0.03214	0.08046	0.05297	0.00554	0.00142	0.06844	0.00406	0.00232	0.03100

[dist]
# distance from previous block
# <min> <max>
0	2

[block]
# block no. 3 follows, 62 sequences, length 14
# corresponding to MSA columns:
# 302-315
name=unknown_D
#
# <colnr> <probs for GDERKNQSTAVLIFYWHMCP>
#	G	D	E	R	K	N	Q	S	T	A	V	L	I	F	Y	W	H	M	C	P
0	0.03064	0.03171	0.09993	0.05518	0.10434	0.05650	0.03251	0.12254	0.01067	0.06365	0.01318	0.16768	0.03582	0.01788	0.00512	0.00143	0.04575	0.04558	0.00307	0.05682
1	0.00864	0.05724	0.08318	0.03055	0.07881	0.07130	0.08742	0.02902	0.09749	0.01337	0.08832	0.05240	0.23356	0.00703	0.00476	0.00138	0.02166	0.02566	0.00319	0.00502
2	0.08593	0.00609	0.00693	0.00585	0.00798	0.00595	0.00468	0.05946	0.03123	0.30901	0.01414	0.01429	0.01009	0.00501	0.00352	0.00116	0.00287	0.00395	0.41640	0.00546
3	0.01173	0.01087	0.01521	0.07224	0.11456	0.09687	0.21592	0.11802	0.15846	0.05949	0.03314	0.01261	0.00899	0.01651	0.00478	0.00138	0.01641	0.00436	0.02243	0.00601
4	0.01146	0.43256	0.28234	0.00961	0.03945	0.03840	0.01012	0.01404	0.00930	0.10560	0.00782	0.00856	0.00606	0.00399	0.00342	0.00112	0.00512	0.00285	0.00223	0.00596
5	0.00697	0.00484	0.00612	0.00569	0.00688	0.00461	0.00428	0.00962	0.07433	0.05587	0.65644	0.05596	0.05397	0.02903	0.00535	0.00143	0.00226	0.00744	0.00459	0.00432
6	0.00615	0.00427	0.00539	0.00539	0.00564	0.00453	0.00351	0.00667	0.00641	0.00880	0.01273	0.02408	0.01383	0.57325	0.29663	0.00504	0.00659	0.00564	0.00248	0.00299
7	0.01165	0.40277	0.17565	0.02594	0.01282	0.03005	0.00888	0.07261	0.06504	0.09427	0.00911	0.03957	0.00743	0.00460	0.00376	0.00116	0.02282	0.00336	0.00260	0.00590
8	0.01380	0.01137	0.01397	0.01518	0.28327	0.04116	0.00963	0.44737	0.08562	0.02114	0.00997	0.01072	0.00751	0.00470	0.00423	0.00128	0.00480	0.00386	0.00347	0.00695
9	0.00535	0.00399	0.00501	0.00566	0.00631	0.00365	0.00403	0.00637	0.00895	0.01166	0.09157	0.52987	0.21244	0.01224	0.00534	0.00165	0.00248	0.07584	0.00401	0.00357
10	0.00981	0.00736	0.02188	0.00763	0.00940	0.00756	0.00612	0.30905	0.01304	0.01762	0.04291	0.27380	0.04599	0.00983	0.03294	0.00170	0.00384	0.12778	0.04668	0.00505
11	0.01128	0.01162	0.07732	0.16170	0.30259	0.10395	0.01092	0.13024	0.02997	0.03211	0.00901	0.04578	0.00746	0.00480	0.00466	0.00133	0.04269	0.00401	0.00256	0.00600
12	0.00602	0.00499	0.00549	0.00632	0.00672	0.06806	0.00428	0.00679	0.00845	0.01083	0.02214	0.78229	0.02638	0.01263	0.00531	0.00168	0.00287	0.01137	0.00381	0.00357
13	0.00908	0.00741	0.00778	0.00722	0.00917	0.02886	0.00564	0.01613	0.43646	0.04430	0.07065	0.02477	0.19964	0.00746	0.00457	0.00144	0.00311	0.06736	0.04348	0.00548

[dist]
# distance from previous block
# <min> <max>
3	8

[block]
# block no. 4 follows, 62 sequences, length 15
# corresponding to MSA columns:
# 324-338
name=unknown_E
#
# <colnr> <probs for GDERKNQSTAVLIFYWHMCP>
#	G	D	E	R	K	N	Q	S	T	A	V	L	I	F	Y	W	H	M	C	P
0	0.00667	0.00585	0.05332	0.00608	0.02938	0.00465	0.00477	0.00852	0.03768	0.06048	0.13919	0.10499	0.45646	0.02787	0.00526	0.00148	0.00270	0.02007	0.00391	0.02069
1	0.01140	0.13034	0.10799	0.10077	0.14737	0.05097	0.06783	0.16539	0.11024	0.01557	0.00905	0.01039	0.00702	0.00452	0.00449	0.00130	0.04288	0.00367	0.00269	0.00614
2	0.01128	0.03426	0.05197	0.08566	0.21759	0.07301	0.28822	0.08003	0.01079	0.06106	0.00924	0.04059	0.00739	0.00435	0.00447	0.00134	0.00587	0.00440	0.00252	0.00599
3	0.00579	0.00411	0.00522	0.00582	0.00619	0.00395	0.00388	0.03477	0.00852	0.01144	0.07632	0.63067	0.02620	0.14648	0.00795	0.00207	0.00278	0.01055	0.00379	0.00349
4	0.00608	0.00456	0.00684	0.00684	0.00760	0.00532	0.00532	0.00760	0.00684	0.00988	0.01140	0.01672	0.01064	0.03191	0.83360	0.00684	0.01140	0.00456	0.00228	0.00380
5	0.09026	0.00716	0.00928	0.00722	0.01035	0.00641	0.00595	0.01951	0.01160	0.71875	0.01574	0.01392	0.01006	0.00514	0.00408	0.00130	0.00351	0.00410	0.04882	0.00686
6	0.00617	0.00419	0.00499	0.00499	0.00511	0.00431	0.00301	0.00641	0.00629	0.00851	0.01309	0.02609	0.01471	0.72163	0.14945	0.00455	0.00527	0.00593	0.00253	0.00277
7	0.00726	0.11696	0.05507	0.00622	0.00813	0.01915	0.00536	0.04517	0.00979	0.02838	0.02790	0.14412	0.38890	0.01005	0.02878	0.00160	0.00342	0.08597	0.00351	0.00427
8	0.00609	0.00452	0.00666	0.00666	0.00735	0.00522	0.00509	0.00748	0.00678	0.00974	0.01156	0.01764	0.01104	0.10007	0.76599	0.00661	0.01079	0.00469	0.00230	0.00370
9	0.01068	0.00930	0.01235	0.10216	0.19027	0.03836	0.05080	0.12875	0.21825	0.03260	0.08093	0.03813	0.02999	0.00553	0.00441	0.00136	0.00437	0.01812	0.00338	0.02029
10	0.01036	0.00798	0.00943	0.03188	0.01104	0.00659	0.00565	0.09245	0.01021	0.07963	0.00856	0.00949	0.00671	0.00355	0.00339	0.00077	0.00342	0.00283	0.00290	0.69317
11	0.04433	0.01570	0.01071	0.00957	0.01174	0.53176	0.00729	0.10978	0.05063	0.01377	0.09534	0.02875	0.04198	0.00540	0.00407	0.00119	0.00604	0.00390	0.00292	0.00510
12	0.01065	0.02263	0.05885	0.12274	0.23793	0.07442	0.05008	0.09714	0.03525	0.05136	0.02788	0.04019	0.02452	0.00569	0.00447	0.00139	0.00499	0.10752	0.00288	0.01942
13	0.01001	0.00610	0.00861	0.02016	0.00961	0.00575	0.07199	0.04276	0.02803	0.22441	0.07273	0.22178	0.16628	0.02508	0.00541	0.00155	0.01896	0.05170	0.00411	0.00496
14	0.00853	0.02201	0.82841	0.01213	0.01842	0.00988	0.01572	0.01348	0.00898	0.01348	0.00764	0.00898	0.00539	0.00404	0.00404	0.00135	0.00629	0.00314	0.00180	0.00629

[dist]
# distance from previous block
# <min> <max>
2	9

[block]
# block no. 5 follows, 62 sequences, length 18
# corresponding to MSA columns:
# 348-365
name=unknown_F
#
# <colnr> <probs for GDERKNQSTAVLIFYWHMCP>
#	G	D	E	R	K	N	Q	S	T	A	V	L	I	F	Y	W	H	M	C	P
0	0.00796	0.05303	0.02627	0.03255	0.00883	0.00739	0.00550	0.03357	0.13681	0.01244	0.09834	0.08490	0.01546	0.24961	0.06371	0.00252	0.08610	0.00557	0.00306	0.06640
1	0.01332	0.12192	0.01376	0.06474	0.11776	0.39136	0.00856	0.09342	0.01150	0.01288	0.00722	0.00856	0.00592	0.00413	0.00373	0.00108	0.00598	0.00296	0.00236	0.10885
2	0.41153	0.00936	0.00864	0.00722	0.00977	0.03298	0.00577	0.30070	0.02406	0.02018	0.00865	0.01092	0.00710	0.10533	0.01993	0.00173	0.00416	0.00341	0.00322	0.00535
3	0.00755	0.00441	0.00650	0.00628	0.00632	0.00489	0.00445	0.00621	0.00573	0.00787	0.00740	0.01271	0.00736	0.01485	0.06118	0.72472	0.10366	0.00375	0.00187	0.00229
4	0.03530	0.16149	0.03730	0.03898	0.20073	0.13431	0.05517	0.05469	0.12325	0.01365	0.00997	0.01320	0.00857	0.02405	0.01537	0.00141	0.00521	0.05898	0.00263	0.00574
5	0.00591	0.07111	0.06373	0.00587	0.00727	0.00505	0.00480	0.00713	0.00883	0.01120	0.02818	0.37663	0.32592	0.03136	0.00538	0.00159	0.00286	0.02974	0.00360	0.00385
6	0.00611	0.00444	0.00625	0.00625	0.00681	0.00500	0.00459	0.00722	0.00667	0.00944	0.01193	0.01968	0.01192	0.24956	0.61771	0.00612	0.00946	0.00499	0.00236	0.00347
7	0.01284	0.46320	0.04805	0.02249	0.02547	0.26272	0.03301	0.06601	0.01049	0.01154	0.00660	0.00766	0.00563	0.00399	0.00333	0.00104	0.00567	0.00268	0.00211	0.00546
8	0.00795	0.00691	0.03786	0.00685	0.03388	0.00535	0.01896	0.00988	0.02315	0.04929	0.07634	0.09468	0.20146	0.00645	0.00410	0.00107	0.00304	0.00549	0.00325	0.40404
9	0.00890	0.00954	0.16653	0.03737	0.09430	0.02477	0.02587	0.05020	0.01051	0.09601	0.14274	0.12571	0.15562	0.00744	0.00466	0.00141	0.00393	0.02589	0.00346	0.00515
10	0.01185	0.05718	0.10223	0.16132	0.16917	0.19184	0.02642	0.08567	0.05096	0.05611	0.03040	0.02143	0.00777	0.00457	0.00411	0.00127	0.00559	0.00372	0.00260	0.00580
11	0.00873	0.08018	0.77199	0.01179	0.01789	0.01037	0.01513	0.01342	0.00896	0.01323	0.00752	0.00883	0.00540	0.00401	0.00395	0.00132	0.00617	0.00308	0.00180	0.00623
12	0.00651	0.00434	0.00549	0.00549	0.00582	0.00452	0.00366	0.00700	0.00667	0.02655	0.01326	0.02524	0.01432	0.54204	0.23710	0.03132	0.00603	0.04897	0.00261	0.00306
13	0.01005	0.01060	0.15975	0.08654	0.18780	0.00846	0.08187	0.02510	0.06513	0.12081	0.01608	0.03062	0.14918	0.00566	0.00465	0.00138	0.02256	0.00496	0.00298	0.00582
14	0.00833	0.00787	0.01330	0.74364	0.12358	0.00953	0.01196	0.01113	0.00865	0.01123	0.00762	0.01125	0.00580	0.00420	0.00425	0.00140	0.00560	0.00378	0.00192	0.00497
15	0.00904	0.00970	0.02016	0.11347	0.02037	0.00939	0.57067	0.01211	0.00962	0.01292	0.01107	0.11137	0.01001	0.00531	0.00503	0.00150	0.00625	0.05432	0.00244	0.00524
16	0.67387	0.04671	0.04291	0.00758	0.01059	0.03825	0.10068	0.01284	0.00787	0.01752	0.00633	0.00756	0.00493	0.00391	0.00302	0.00131	0.00408	0.00267	0.00249	0.00486
17	0.00663	0.00616	0.10292	0.00664	0.00789	0.00444	0.00544	0.00799	0.00863	0.06847	0.02177	0.62466	0.06250	0.01128	0.00509	0.00162	0.00297	0.01008	0.03073	0.00408

[dist]
# distance from previous block
# <min> <max>
0	34

[block]
# block no. 6 follows, 62 sequences, length 52
# corresponding to MSA columns:
# 400-428,430-452
name=unknown_G
#
# <colnr> <probs for GDERKNQSTAVLIFYWHMCP>
#	G	D	E	R	K	N	Q	S	T	A	V	L	I	F	Y	W	H	M	C	P
0	0.05950	0.04530	0.03677	0.03288	0.06377	0.02486	0.04921	0.17168	0.06203	0.04826	0.02176	0.02302	0.02396	0.01697	0.00398	0.00122	0.00379	0.00402	0.25823	0.04879
1	0.02174	0.00822	0.01068	0.05764	0.07668	0.04250	0.05794	0.07903	0.04676	0.04858	0.02728	0.01439	0.00949	0.06523	0.11286	0.00207	0.02166	0.03831	0.00283	0.25613
2	0.00739	0.00370	0.00554	0.00554	0.00554	0.00370	0.00370	0.00554	0.00554	0.00739	0.00739	0.01293	0.00739	0.01478	0.01663	0.87620	0.00370	0.00370	0.00185	0.00185
3	0.00804	0.00756	0.01276	0.84023	0.02931	0.00945	0.01182	0.01087	0.00851	0.01087	0.00756	0.01134	0.00567	0.00425	0.00425	0.00142	0.00567	0.00378	0.00189	0.00473
4	0.00634	0.00507	0.02357	0.00564	0.00689	0.00447	0.00434	0.03987	0.02589	0.02973	0.16853	0.20544	0.34383	0.04910	0.00585	0.00163	0.00265	0.06319	0.00401	0.00396
5	0.01384	0.01076	0.01146	0.00932	0.01231	0.01210	0.00752	0.48106	0.35248	0.02305	0.01318	0.01258	0.00964	0.00539	0.00429	0.00135	0.00413	0.00424	0.00429	0.00703
6	0.01256	0.13357	0.09175	0.05768	0.07185	0.23552	0.03224	0.11685	0.13264	0.03367	0.00964	0.02263	0.00773	0.00475	0.00398	0.00124	0.00552	0.01754	0.00279	0.00586
7	0.00528	0.00423	0.00472	0.00479	0.00595	0.00367	0.00352	0.00653	0.01003	0.01271	0.22346	0.15338	0.52544	0.01065	0.00508	0.00146	0.00216	0.00912	0.00412	0.00367
8	0.01589	0.02028	0.01206	0.01096	0.01315	0.83338	0.00822	0.01699	0.01206	0.01041	0.00658	0.00767	0.00548	0.00438	0.00384	0.00110	0.00767	0.00274	0.00219	0.00493
9	0.01063	0.09011	0.25752	0.03715	0.13766	0.04893	0.10830	0.05911	0.03949	0.06809	0.04894	0.02794	0.00873	0.00462	0.00430	0.00130	0.01722	0.00399	0.01996	0.00600
10	0.02291	0.48076	0.09063	0.02761	0.02897	0.17124	0.03374	0.03167	0.04023	0.01140	0.00688	0.00797	0.00584	0.00402	0.00350	0.00107	0.02125	0.00275	0.00207	0.00551
11	0.00631	0.00482	0.00699	0.00687	0.00749	0.00569	0.00526	0.00761	0.00674	0.00971	0.01125	0.01754	0.01087	0.12679	0.68336	0.00619	0.06583	0.00470	0.00229	0.00371
12	0.01066	0.02903	0.11829	0.14377	0.34245	0.07321	0.09989	0.06838	0.04731	0.01408	0.00839	0.01050	0.00658	0.00409	0.00424	0.00131	0.00562	0.00378	0.00229	0.00614
13	0.00628	0.00415	0.00499	0.00514	0.00543	0.00404	0.00321	0.00671	0.00733	0.03345	0.06992	0.22529	0.04097	0.52079	0.04133	0.00330	0.00375	0.00768	0.00315	0.00309
14	0.00995	0.00563	0.00594	0.00527	0.00685	0.00580	0.00412	0.14846	0.02708	0.06309	0.01433	0.01554	0.03394	0.00519	0.00336	0.00108	0.00257	0.00412	0.63292	0.00476
15	0.02469	0.06355	0.05020	0.06107	0.13806	0.02094	0.00770	0.06445	0.06611	0.04994	0.00978	0.03685	0.01986	0.00426	0.00370	0.00102	0.00401	0.00353	0.00276	0.36751
16	0.01279	0.01024	0.01087	0.00911	0.01191	0.01162	0.00727	0.33369	0.50155	0.02136	0.01451	0.01364	0.01072	0.00551	0.00430	0.00138	0.00389	0.00442	0.00430	0.00693
17	0.00608	0.00456	0.00684	0.00684	0.00760	0.00532	0.00532	0.00760	0.00684	0.00988	0.01140	0.01672	0.01064	0.03191	0.83360	0.00684	0.01140	0.00456	0.00228	0.00380
18	0.00882	0.00756	0.00882	0.00630	0.01008	0.00567	0.00504	0.01071	0.00882	0.01387	0.00756	0.00882	0.00630	0.00315	0.00315	0.00063	0.00315	0.00252	0.00252	0.87647
19	0.02915	0.05636	0.01424	0.12914	0.12983	0.09694	0.06869	0.28731	0.02917	0.07837	0.00934	0.01051	0.00695	0.00457	0.00428	0.00128	0.01782	0.00374	0.01608	0.00622
20	0.00797	0.00799	0.06344	0.03064	0.17883	0.00737	0.08297	0.01095	0.07806	0.01372	0.17912	0.12561	0.05339	0.03677	0.03476	0.00173	0.04302	0.03546	0.00319	0.00501
21	0.00541	0.00394	0.00494	0.00565	0.00608	0.00370	0.00379	0.00634	0.02611	0.01081	0.02478	0.63530	0.13214	0.08686	0.00697	0.01646	0.00261	0.01086	0.00380	0.00344
22	0.00564	0.00427	0.00514	0.00504	0.00608	0.00383	0.00370	0.00716	0.01074	0.01441	0.47251	0.10464	0.29037	0.04059	0.00567	0.00151	0.00217	0.00843	0.00431	0.00378
23	0.00620	0.00460	0.00581	0.00549	0.00658	0.00435	0.00412	0.00869	0.05655	0.01668	0.71862	0.04567	0.08303	0.00874	0.00499	0.00136	0.00210	0.00768	0.00461	0.00413
24	0.00882	0.00756	0.00882	0.00630	0.01008	0.00567	0.00504	0.01071	0.00882	0.01387	0.00756	0.00882	0.00630	0.00315	0.00315	0.00063	0.00315	0.00252	0.00252	0.87647
25	0.01382	0.01002	0.01283	0.14089	0.09893	0.04690	0.05079	0.28163	0.07566	0.17920	0.01159	0.01293	0.00850	0.00503	0.00434	0.00134	0.00480	0.03065	0.00366	0.00646
26	0.01358	0.02355	0.02257	0.00920	0.01206	0.06802	0.02770	0.35450	0.23155	0.09208	0.01402	0.05640	0.03051	0.00585	0.00435	0.00135	0.00434	0.01779	0.00407	0.00652
27	0.00629	0.00478	0.00518	0.00494	0.00646	0.00426	0.00375	0.00826	0.06242	0.05484	0.17580	0.03637	0.59173	0.00981	0.00494	0.00141	0.00228	0.00824	0.00417	0.00406
28	0.01582	0.01172	0.01257	0.00967	0.01305	0.01292	0.00797	0.76593	0.04286	0.02622	0.01035	0.01034	0.00738	0.00508	0.00423	0.00126	0.00460	0.00383	0.00421	0.02998
29	0.01157	0.81676	0.02185	0.00744	0.01102	0.05239	0.00732	0.01293	0.00879	0.01003	0.00594	0.00686	0.00546	0.00367	0.00278	0.00092	0.00469	0.00230	0.00184	0.00544
30	0.01314	0.01200	0.01063	0.00917	0.01175	0.20616	0.00716	0.18106	0.36513	0.05822	0.01362	0.03127	0.02538	0.00547	0.00420	0.00130	0.00462	0.00426	0.00379	0.03165
31	0.00568	0.00416	0.00531	0.00561	0.00631	0.00388	0.00399	0.00718	0.02593	0.01349	0.34331	0.39647	0.10034	0.03541	0.00569	0.00162	0.00235	0.02533	0.00421	0.00374
32	0.00520	0.00378	0.00491	0.00577	0.00614	0.00349	0.00389	0.00601	0.00841	0.01112	0.05191	0.75041	0.09737	0.01295	0.00538	0.00169	0.00243	0.01168	0.00397	0.00349
33	0.07498	0.00956	0.01242	0.03538	0.26703	0.04298	0.03493	0.07762	0.23100	0.03382	0.01276	0.05258	0.03792	0.00547	0.00468	0.00139	0.04083	0.01541	0.00316	0.00608
34	0.00883	0.00860	0.01211	0.01052	0.01064	0.01188	0.00871	0.00984	0.00656	0.01019	0.00646	0.01042	0.00634	0.01111	0.13668	0.00261	0.71821	0.00385	0.00192	0.00453
35	0.03555	0.00793	0.00998	0.00775	0.01091	0.00748	0.00638	0.14782	0.04031	0.61435	0.01538	0.01375	0.00998	0.00522	0.00418	0.00130	0.00370	0.00417	0.04688	0.00701
36	0.18613	0.00876	0.00940	0.00776	0.01043	0.00941	0.00634	0.31695	0.06643	0.13726	0.11943	0.01626	0.02721	0.00593	0.00416	0.00135	0.00372	0.05297	0.00411	0.00599
37	0.01059	0.01024	0.01654	0.10666	0.69911	0.03784	0.01266	0.03070	0.00988	0.01377	0.00796	0.01051	0.00660	0.00389	0.00420	0.00127	0.00520	0.00376	0.00214	0.00649
38	0.00614	0.00431	0.00559	0.00559	0.00591	0.00464	0.00376	0.00680	0.00647	0.00895	0.01254	0.02305	0.01339	0.49780	0.37147	0.00529	0.00726	0.00549	0.00245	0.00310
39	0.00804	0.00756	0.01276	0.84023	0.02931	0.00945	0.01182	0.01087	0.00851	0.01087	0.00756	0.01134	0.00567	0.00425	0.00425	0.00142	0.00567	0.00378	0.00189	0.00473
40	0.01629	0.01174	0.01266	0.00970	0.01310	0.01293	0.00802	0.77907	0.01970	0.05790	0.01047	0.01038	0.00736	0.00511	0.00426	0.00128	0.00464	0.00385	0.00430	0.00724
41	0.01042	0.01062	0.02010	0.03970	0.47972	0.01042	0.31986	0.03106	0.01003	0.01402	0.00828	0.01091	0.00662	0.00375	0.00453	0.00133	0.00588	0.00427	0.00217	0.00632
42	0.13010	0.02579	0.04009	0.01192	0.04401	0.32264	0.19583	0.06463	0.01100	0.05823	0.00825	0.02304	0.00651	0.00439	0.00415	0.00126	0.01707	0.00361	0.02205	0.00542
43	0.00804	0.00756	0.01276	0.84023	0.02931	0.00945	0.01182	0.01087	0.00851	0.01087	0.00756	0.01134	0.00567	0.00425	0.00425	0.00142	0.00567	0.00378	0.00189	0.00473
44	0.00532	0.00425	0.00456	0.00468	0.00576	0.00373	0.00337	0.00626	0.00905	0.01109	0.04998	0.11325	0.57422	0.14209	0.00770	0.00190	0.00257	0.04304	0.00375	0.00344
45	0.00907	0.00771	0.00896	0.00642	0.01019	0.00593	0.00514	0.03763	0.00920	0.01430	0.00765	0.00887	0.00633	0.00322	0.00319	0.00065	0.00320	0.00257	0.00258	0.84720
46	0.01351	0.00646	0.00835	0.00687	0.00926	0.00595	0.00549	0.04101	0.07138	0.44269	0.28787	0.02115	0.04789	0.00664	0.00456	0.00134	0.00304	0.00561	0.00493	0.00600
47	0.00523	0.00383	0.00491	0.00567	0.00613	0.00352	0.00386	0.00611	0.00866	0.01143	0.08838	0.67679	0.13459	0.01263	0.00535	0.00166	0.00239	0.01134	0.00401	0.00352
48	0.01163	0.00851	0.00943	0.00803	0.01042	0.00929	0.00636	0.20550	0.36977	0.09040	0.18519	0.01777	0.01709	0.00617	0.00442	0.00136	0.00338	0.00512	0.02389	0.00626
49	0.00609	0.00453	0.00670	0.00670	0.00742	0.00525	0.00515	0.00751	0.00680	0.00978	0.01152	0.01739	0.01093	0.08176	0.78416	0.00667	0.01095	0.00466	0.00230	0.00372
50	0.00716	0.00581	0.00881	0.07945	0.11287	0.00662	0.00679	0.02644	0.00756	0.01071	0.01060	0.01614	0.00993	0.10391	0.53136	0.00511	0.03970	0.00451	0.00228	0.00424
51	0.00772	0.00700	0.00971	0.00886	0.00931	0.02570	0.00716	0.00897	0.00680	0.01005	0.00871	0.01323	0.00828	0.02044	0.45103	0.00450	0.38211	0.00415	0.00209	0.00420

[dist]
# distance from previous block
# <min> <max>
0	3

[block]
# block no. 7 follows, 62 sequences, length 16
# corresponding to MSA columns:
# 456-471
name=unknown_H
#
# <colnr> <probs for GDERKNQSTAVLIFYWHMCP>
#	G	D	E	R	K	N	Q	S	T	A	V	L	I	F	Y	W	H	M	C	P
0	0.03871	0.00885	0.03613	0.11728	0.38004	0.02228	0.00976	0.03404	0.02989	0.06592	0.03488	0.02642	0.06808	0.04667	0.03549	0.00164	0.00480	0.00447	0.00268	0.03196
1	0.01400	0.01550	0.01144	0.01015	0.01243	0.45893	0.00781	0.10148	0.25717	0.01437	0.01018	0.01051	0.00795	0.00503	0.00450	0.00126	0.04501	0.00353	0.00304	0.00571
2	0.54879	0.04677	0.01014	0.02417	0.11047	0.05885	0.05286	0.02815	0.00835	0.01686	0.00671	0.00814	0.00535	0.00409	0.00346	0.00129	0.02970	0.00282	0.02802	0.00503
3	0.03733	0.00944	0.00783	0.00698	0.00889	0.20774	0.00539	0.05721	0.08782	0.12751	0.01240	0.01312	0.00935	0.00492	0.00355	0.00113	0.00391	0.00374	0.38664	0.00511
4	0.01213	0.00920	0.00960	0.00790	0.01029	0.04590	0.00632	0.41308	0.08000	0.02141	0.19212	0.01702	0.04216	0.00609	0.00429	0.00127	0.00372	0.00490	0.10673	0.00587
5	0.00507	0.00426	0.00441	0.00449	0.00580	0.00359	0.00332	0.00615	0.00963	0.01161	0.06511	0.11411	0.72601	0.01095	0.00507	0.00146	0.00218	0.00922	0.00397	0.00359
6	0.01096	0.00732	0.00838	0.00746	0.00961	0.00771	0.00579	0.03419	0.39509	0.18609	0.08749	0.11618	0.09078	0.00724	0.00457	0.00144	0.00312	0.00615	0.00447	0.00595
7	0.00804	0.00756	0.01276	0.84023	0.02931	0.00945	0.01182	0.01087	0.00851	0.01087	0.00756	0.01134	0.00567	0.00425	0.00425	0.00142	0.00567	0.00378	0.00189	0.00473
8	0.01154	0.00713	0.00756	0.00633	0.00834	0.00757	0.00506	0.31479	0.01328	0.05392	0.01261	0.01366	0.00949	0.00503	0.00352	0.00111	0.00308	0.00393	0.50671	0.00535
9	0.01783	0.00927	0.01113	0.00853	0.01187	0.00926	0.00705	0.36270	0.01557	0.48011	0.01394	0.01263	0.00910	0.00520	0.00427	0.00130	0.00408	0.00408	0.00483	0.00724
10	0.01004	0.01148	0.02511	0.01793	0.02224	0.01076	0.80846	0.01363	0.01004	0.01363	0.00861	0.01148	0.00646	0.00359	0.00502	0.00143	0.00717	0.00502	0.00215	0.00574
11	0.00882	0.00756	0.00882	0.00630	0.01008	0.00567	0.00504	0.01071	0.00882	0.01387	0.00756	0.00882	0.00630	0.00315	0.00315	0.00063	0.00315	0.00252	0.00252	0.87647
12	0.00557	0.00405	0.00531	0.00620	0.00661	0.00390	0.00431	0.00693	0.04598	0.01133	0.02309	0.74514	0.02714	0.01285	0.00542	0.00173	0.00263	0.07417	0.00397	0.00365
13	0.00782	0.00637	0.00757	0.00618	0.00862	0.00550	0.00479	0.01084	0.09885	0.01549	0.33179	0.03925	0.02099	0.00589	0.00408	0.00103	0.00270	0.00506	0.00361	0.41357
14	0.88052	0.00823	0.00625	0.00560	0.00823	0.00955	0.00461	0.01251	0.00724	0.01909	0.00592	0.00691	0.00461	0.00395	0.00263	0.00132	0.00329	0.00230	0.00263	0.00461
15	0.00517	0.00397	0.00474	0.00528	0.00602	0.00354	0.00368	0.00612	0.00897	0.01146	0.07722	0.49234	0.33205	0.01209	0.00525	0.00159	0.00232	0.01065	0.00399	0.00354

[dist]
# distance from previous block
# <min> <max>
0	1

[block]
# block no. 8 follows, 62 sequences, length 18
# corresponding to MSA columns:
# 473-490
name=unknown_I
#
# <colnr> <probs for GDERKNQSTAVLIFYWHMCP>
#	G	D	E	R	K	N	Q	S	T	A	V	L	I	F	Y	W	H	M	C	P
0	0.00853	0.00760	0.01010	0.01266	0.26471	0.00783	0.00746	0.01345	0.26194	0.01411	0.02188	0.08363	0.23548	0.02550	0.00495	0.00146	0.00351	0.00622	0.00346	0.00553
1	0.01052	0.01169	0.02244	0.01946	0.21293	0.06067	0.57002	0.01370	0.01008	0.01350	0.00834	0.01102	0.00646	0.00368	0.00476	0.00137	0.00670	0.00459	0.00214	0.00593
2	0.01281	0.01462	0.01885	0.01443	0.01783	0.31681	0.42888	0.05956	0.02820	0.03417	0.00833	0.01016	0.00638	0.00406	0.00450	0.00130	0.00705	0.00408	0.00241	0.00558
3	0.00804	0.00756	0.01276	0.84023	0.02931	0.00945	0.01182	0.01087	0.00851	0.01087	0.00756	0.01134	0.00567	0.00425	0.00425	0.00142	0.00567	0.00378	0.00189	0.00473
4	0.01618	0.01192	0.01277	0.00979	0.01320	0.01320	0.00809	0.80973	0.02001	0.02682	0.01022	0.01022	0.00724	0.00511	0.00426	0.00128	0.00468	0.00383	0.00426	0.00724
5	0.00622	0.00472	0.00529	0.00513	0.00645	0.00421	0.00380	0.03603	0.00996	0.03258	0.13845	0.12667	0.45799	0.07724	0.00631	0.00165	0.00255	0.03433	0.00393	0.03651
6	0.01004	0.01148	0.02511	0.01793	0.02224	0.01076	0.80846	0.01363	0.01004	0.01363	0.00861	0.01148	0.00646	0.00359	0.00502	0.00143	0.00717	0.00502	0.00215	0.00574
7	0.01138	0.85302	0.02230	0.00728	0.01092	0.01684	0.00728	0.01274	0.00865	0.01001	0.00592	0.00683	0.00546	0.00364	0.00273	0.00091	0.00455	0.00228	0.00182	0.00546
8	0.00853	0.02201	0.82841	0.01213	0.01842	0.00988	0.01572	0.01348	0.00898	0.01348	0.00764	0.00898	0.00539	0.00404	0.00404	0.00135	0.00629	0.00314	0.00180	0.00629
9	0.01054	0.01004	0.01608	0.13377	0.63621	0.02987	0.01235	0.04309	0.04095	0.01404	0.00835	0.01077	0.00683	0.00399	0.00422	0.00129	0.00512	0.00381	0.00225	0.00644
10	0.00527	0.00378	0.00501	0.00592	0.00625	0.00353	0.00403	0.00610	0.00839	0.01117	0.05450	0.77135	0.04770	0.01304	0.00542	0.00171	0.00249	0.03686	0.00398	0.00350
11	0.00553	0.00421	0.00509	0.00513	0.00612	0.00377	0.00375	0.00698	0.01050	0.01401	0.40874	0.19918	0.29092	0.01030	0.00511	0.00145	0.00215	0.00900	0.00430	0.00377
12	0.10045	0.04859	0.06787	0.04132	0.03364	0.05940	0.07719	0.14295	0.04340	0.05215	0.01127	0.11148	0.01015	0.00946	0.10645	0.03622	0.01783	0.02197	0.00298	0.00522
13	0.00998	0.01893	0.61448	0.01122	0.01654	0.04057	0.01339	0.05179	0.07908	0.06968	0.00954	0.02966	0.00702	0.00455	0.00412	0.00135	0.00574	0.00359	0.00243	0.00632
14	0.00708	0.00583	0.03709	0.00538	0.00712	0.00498	0.00433	0.08741	0.01077	0.04325	0.11172	0.03289	0.51734	0.06161	0.00583	0.00155	0.00272	0.00756	0.04135	0.00419
15	0.00645	0.00442	0.00493	0.00488	0.00502	0.00450	0.00282	0.00715	0.05370	0.00881	0.01364	0.02714	0.01532	0.80092	0.02064	0.00397	0.00408	0.00611	0.00268	0.00282
16	0.07825	0.02440	0.07364	0.13643	0.21952	0.14699	0.04797	0.04941	0.00991	0.03344	0.00932	0.02918	0.02704	0.03523	0.00500	0.00140	0.03330	0.00389	0.03022	0.00545
17	0.01110	0.02542	0.00836	0.00704	0.00911	0.03819	0.00555	0.19074	0.24029	0.03961	0.01390	0.03185	0.01073	0.00536	0.00375	0.00121	0.00328	0.00428	0.34462	0.00561

[dist]
# distance from previous block
# <min> <max>
1	33

[block]
# block no. 9 follows, 62 sequences, length 32
# corresponding to MSA columns:
# 525-542,544-557
name=unknown_J
#
# <colnr> <probs for GDERKNQSTAVLIFYWHMCP>
#	G	D	E	R	K	N	Q	S	T	A	V	L	I	F	Y	W	H	M	C	P
0	0.02242	0.04569	0.04570	0.06415	0.12882	0.06498	0.20925	0.06485	0.05911	0.02921	0.11452	0.01489	0.03222	0.00523	0.00478	0.01719	0.01701	0.01731	0.01401	0.02867
1	0.00964	0.02350	0.02701	0.23534	0.39613	0.00966	0.06432	0.04690	0.03776	0.01346	0.02850	0.03374	0.00838	0.04157	0.00507	0.00146	0.00511	0.00429	0.00234	0.00581
2	0.01506	0.04323	0.01212	0.01062	0.01271	0.73909	0.00806	0.01619	0.01173	0.01068	0.04197	0.00877	0.00699	0.00468	0.00428	0.00113	0.04254	0.00298	0.00228	0.00490
3	0.00519	0.00390	0.00482	0.00546	0.00607	0.00353	0.00376	0.00610	0.00880	0.01141	0.07742	0.58273	0.24065	0.01237	0.00530	0.00163	0.00236	0.01100	0.00400	0.00353
4	0.00511	0.00422	0.00449	0.00461	0.00585	0.00360	0.00339	0.00619	0.00961	0.01173	0.08649	0.15991	0.65806	0.01103	0.00509	0.00147	0.00219	0.00937	0.00399	0.00360
5	0.00597	0.00435	0.00562	0.00530	0.00633	0.00399	0.00397	0.00793	0.01192	0.01678	0.78180	0.03225	0.08020	0.00881	0.00502	0.00134	0.00201	0.00776	0.00465	0.00399
6	0.01138	0.85302	0.02230	0.00728	0.01092	0.01684	0.00728	0.01274	0.00865	0.01001	0.00592	0.00683	0.00546	0.00364	0.00273	0.00091	0.00455	0.00228	0.00182	0.00546
7	0.01518	0.00622	0.00836	0.00697	0.00941	0.00546	0.00552	0.01663	0.01104	0.58756	0.01815	0.20753	0.01463	0.00711	0.00446	0.00139	0.00325	0.00607	0.05888	0.00616
8	0.00804	0.00756	0.01276	0.84023	0.02931	0.00945	0.01182	0.01087	0.00851	0.01087	0.00756	0.01134	0.00567	0.00425	0.00425	0.00142	0.00567	0.00378	0.00189	0.00473
9	0.00882	0.00756	0.00882	0.00630	0.01008	0.00567	0.00504	0.01071	0.00882	0.01387	0.00756	0.00882	0.00630	0.00315	0.00315	0.00063	0.00315	0.00252	0.00252	0.87647
10	0.00842	0.00622	0.00776	0.04223	0.00959	0.00641	0.02622	0.03275	0.21444	0.07830	0.11622	0.20245	0.13195	0.00888	0.00491	0.00153	0.00315	0.08954	0.00411	0.00493
11	0.01302	0.00889	0.01004	0.00879	0.02581	0.00972	0.00683	0.07668	0.55312	0.21281	0.01653	0.01505	0.01189	0.00557	0.00431	0.00140	0.00355	0.00460	0.00451	0.00689
12	0.01589	0.02028	0.01206	0.01096	0.01315	0.83338	0.00822	0.01699	0.01206	0.01041	0.00658	0.00767	0.00548	0.00438	0.00384	0.00110	0.00767	0.00274	0.00219	0.00493
13	0.01909	0.00724	0.00987	0.00757	0.01086	0.00625	0.00625	0.02074	0.01218	0.82687	0.01679	0.01448	0.01053	0.00527	0.00428	0.00132	0.00362	0.00428	0.00527	0.00724
14	0.00636	0.00464	0.00622	0.00693	0.00787	0.00454	0.00577	0.00803	0.00955	0.01243	0.07323	0.12291	0.12643	0.03189	0.04038	0.00208	0.00375	0.51930	0.00387	0.00380
15	0.07825	0.00725	0.00954	0.00739	0.01058	0.00643	0.00609	0.01990	0.01184	0.75393	0.03313	0.01433	0.01075	0.00525	0.00418	0.00132	0.00356	0.00422	0.00507	0.00699
16	0.01004	0.01148	0.02511	0.01793	0.02224	0.01076	0.80846	0.01363	0.01004	0.01363	0.00861	0.01148	0.00646	0.00359	0.00502	0.00143	0.00717	0.00502	0.00215	0.00574
