[name]
unknown

[dist]
# distance from previous block
# <min> <max>
0	36

[block]
# block no. 0 follows, 67 sequences, length 15
# corresponding to MSA columns:
# 36-50
name=unknown_A
#
# <colnr> <probs for GDERKNQSTAVLIFYWHMCP>
#	G	D	E	R	K	N	Q	S	T	A	V	L	I	F	Y	W	H	M	C	P
0	0.01050	0.48051	0.14409	0.00798	0.01133	0.06947	0.00803	0.07535	0.00934	0.02548	0.00806	0.01138	0.00731	0.02396	0.01629	0.00121	0.00477	0.07758	0.00218	0.00517
1	0.04499	0.75475	0.06974	0.00717	0.01068	0.03710	0.00727	0.01215	0.00820	0.00998	0.00569	0.00658	0.00511	0.00348	0.00267	0.00090	0.00442	0.00221	0.00175	0.00515
2	0.16638	0.60955	0.07328	0.00707	0.01043	0.05675	0.00700	0.01222	0.00810	0.01120	0.00572	0.00663	0.00500	0.00354	0.00269	0.00096	0.00434	0.00223	0.00187	0.00503
3	0.43927	0.09069	0.03399	0.00647	0.00867	0.03113	0.00560	0.06237	0.00846	0.01535	0.01053	0.08777	0.01036	0.00604	0.00351	0.00135	0.00356	0.16763	0.00282	0.00441
4	0.00574	0.00408	0.00556	0.00643	0.00700	0.00398	0.00504	0.00698	0.00836	0.01099	0.02111	0.39601	0.02408	0.06158	0.00623	0.00187	0.00311	0.41479	0.00363	0.00343
5	0.00517	0.00376	0.00478	0.00546	0.00592	0.00352	0.00383	0.00601	0.00797	0.01044	0.04660	0.54348	0.13116	0.09932	0.00669	0.00184	0.00260	0.10459	0.00361	0.00326
6	0.00510	0.00369	0.00486	0.00564	0.00608	0.00345	0.00398	0.00603	0.00819	0.01086	0.07711	0.65573	0.08232	0.01194	0.00511	0.00161	0.00243	0.09874	0.00377	0.00335
7	0.01498	0.01911	0.01137	0.01033	0.01240	0.84295	0.00775	0.01601	0.01137	0.00982	0.00620	0.00723	0.00517	0.00413	0.00362	0.00103	0.00723	0.00258	0.00207	0.00465
8	0.00547	0.00385	0.00437	0.00453	0.00481	0.00369	0.00276	0.00578	0.00674	0.00875	0.01925	0.17183	0.16222	0.56175	0.01498	0.00305	0.00329	0.00726	0.00288	0.00274
9	0.01413	0.18152	0.01189	0.00747	0.01041	0.00953	0.00633	0.15694	0.13164	0.35827	0.06127	0.01265	0.01041	0.00489	0.00378	0.00118	0.00364	0.00384	0.00398	0.00623
10	0.01011	0.00768	0.00844	0.00746	0.00963	0.00843	0.00584	0.05928	0.53449	0.09394	0.08721	0.01816	0.06083	0.02677	0.00458	0.00139	0.00311	0.02641	0.00409	0.02215
11	0.04982	0.16275	0.13663	0.00796	0.01156	0.05860	0.00750	0.15583	0.03721	0.11275	0.00852	0.00894	0.00639	0.00392	0.00339	0.00101	0.00422	0.00291	0.00279	0.21730
12	0.08111	0.26787	0.09348	0.00770	0.01084	0.02154	0.01921	0.15643	0.10683	0.04677	0.06908	0.01094	0.00911	0.02750	0.00388	0.00117	0.00402	0.00337	0.00285	0.05629
13	0.11326	0.07492	0.05908	0.00801	0.01100	0.02632	0.04834	0.19874	0.11278	0.09824	0.06579	0.01150	0.00935	0.00553	0.03652	0.00135	0.00417	0.00362	0.00325	0.10824
14	0.16741	0.04720	0.03201	0.00850	0.03111	0.07346	0.04832	0.20469	0.09078	0.13763	0.03629	0.01044	0.00800	0.00441	0.00362	0.00116	0.00408	0.00341	0.00329	0.08419

[dist]
# distance from previous block
# <min> <max>
1	13

[block]
# block no. 1 follows, 67 sequences, length 17
# corresponding to MSA columns:
# 74-90
name=unknown_B
#
# <colnr> <probs for GDERKNQSTAVLIFYWHMCP>
#	G	D	E	R	K	N	Q	S	T	A	V	L	I	F	Y	W	H	M	C	P
0	0.01246	0.01083	0.01395	0.05582	0.23371	0.06039	0.06259	0.07818	0.02921	0.03714	0.02013	0.01324	0.00909	0.01536	0.00523	0.00151	0.03291	0.00410	0.00328	0.30089
1	0.04169	0.00936	0.03065	0.24008	0.17936	0.06205	0.08533	0.08338	0.06462	0.09278	0.02231	0.02249	0.00743	0.00426	0.00398	0.00124	0.00482	0.00379	0.00263	0.03774
2	0.02105	0.00906	0.01058	0.08170	0.08358	0.08813	0.03996	0.15303	0.12396	0.16589	0.02556	0.01503	0.10569	0.00528	0.00406	0.00123	0.00413	0.01335	0.00344	0.04528
3	0.06442	0.01642	0.02169	0.00732	0.02932	0.05621	0.01368	0.04243	0.15949	0.22841	0.23084	0.01796	0.04867	0.01642	0.00430	0.00127	0.00326	0.00487	0.00396	0.02904
4	0.01060	0.00990	0.01502	0.02109	0.64915	0.03596	0.01113	0.09103	0.08971	0.01453	0.00856	0.01030	0.00693	0.00389	0.00397	0.00120	0.00465	0.00364	0.00239	0.00634
5	0.00660	0.00546	0.00599	0.00572	0.00684	0.06553	0.00433	0.00848	0.04346	0.02948	0.34667	0.04025	0.18464	0.03087	0.19501	0.00250	0.00445	0.00635	0.00354	0.00385
6	0.00935	0.00806	0.01025	0.18623	0.11070	0.02937	0.00798	0.10800	0.26850	0.01509	0.08255	0.01778	0.02586	0.00577	0.00427	0.00136	0.00399	0.09623	0.00327	0.00540
7	0.75107	0.00810	0.00734	0.00765	0.10254	0.00920	0.00539	0.04511	0.00758	0.01773	0.00597	0.00703	0.00468	0.00375	0.00272	0.00123	0.00335	0.00239	0.00249	0.00468
8	0.78484	0.00765	0.00630	0.00549	0.00805	0.00863	0.00453	0.01270	0.00737	0.11458	0.00679	0.00736	0.00500	0.00387	0.00266	0.00124	0.00314	0.00239	0.00277	0.00464
9	0.01137	0.01206	0.01234	0.25679	0.17581	0.28625	0.00947	0.08132	0.09221	0.01256	0.00803	0.00973	0.00629	0.00418	0.00388	0.00120	0.00556	0.00334	0.00233	0.00527
10	0.00673	0.00357	0.00505	0.00505	0.00505	0.00357	0.00326	0.00535	0.00535	0.00714	0.00815	0.01514	0.00856	0.19111	0.01667	0.69895	0.00357	0.00398	0.00189	0.00189
11	0.19399	0.00893	0.01364	0.06876	0.58807	0.00927	0.01037	0.01230	0.00865	0.03905	0.00736	0.00937	0.00598	0.00367	0.00366	0.00121	0.00441	0.00329	0.00217	0.00583
12	0.11291	0.41876	0.17936	0.00847	0.01216	0.01196	0.10081	0.01164	0.00830	0.01161	0.00940	0.01030	0.08100	0.00415	0.00325	0.00109	0.00455	0.00319	0.00202	0.00507
13	0.00934	0.00890	0.01231	0.60813	0.08823	0.08585	0.01051	0.10653	0.00969	0.01221	0.00737	0.01019	0.00558	0.00408	0.00397	0.00128	0.00536	0.00348	0.00209	0.00490
14	0.00866	0.00876	0.01234	0.67482	0.09977	0.10734	0.01085	0.01112	0.00852	0.01046	0.00706	0.01021	0.00542	0.00398	0.00396	0.00129	0.00552	0.00345	0.00183	0.00465
15	0.01025	0.08804	0.01594	0.09600	0.44117	0.07803	0.10313	0.01276	0.03128	0.03806	0.00834	0.01126	0.00698	0.00403	0.00397	0.00121	0.00508	0.03657	0.00217	0.00572
16	0.09022	0.10682	0.00902	0.00691	0.00875	0.02369	0.03410	0.01997	0.03667	0.19028	0.02829	0.26501	0.02651	0.00789	0.00430	0.00141	0.00337	0.12854	0.00357	0.00467

[dist]
# distance from previous block
# <min> <max>
42	99

[block]
# block no. 2 follows, 67 sequences, length 18
# corresponding to MSA columns:
# 233-250
name=unknown_C
#
# <colnr> <probs for GDERKNQSTAVLIFYWHMCP>
#	G	D	E	R	K	N	Q	S	T	A	V	L	I	F	Y	W	H	M	C	P
0	0.34239	0.06028	0.00858	0.00669	0.00909	0.08196	0.03205	0.05455	0.04597	0.06976	0.06784	0.04837	0.06016	0.00516	0.00344	0.00120	0.00358	0.02462	0.00299	0.07134
1	0.30226	0.00897	0.01029	0.02597	0.10838	0.07711	0.08143	0.04033	0.04630	0.03369	0.01900	0.02461	0.03089	0.00487	0.02190	0.00130	0.04034	0.00337	0.00255	0.11644
2	0.00993	0.06331	0.02756	0.01330	0.31535	0.07711	0.00798	0.02439	0.02243	0.09604	0.09594	0.06367	0.08263	0.00535	0.00398	0.00117	0.00395	0.00463	0.02049	0.06078
3	0.15592	0.13388	0.01193	0.00906	0.02980	0.40766	0.00708	0.12018	0.02976	0.01342	0.00673	0.00761	0.00546	0.00411	0.00355	0.00108	0.02377	0.00267	0.00238	0.02394
4	0.04167	0.16658	0.05223	0.00999	0.04244	0.21025	0.07738	0.19855	0.05486	0.09600	0.00859	0.00911	0.00647	0.00420	0.00366	0.00113	0.00514	0.00321	0.00283	0.00571
5	0.01115	0.01096	0.05872	0.01253	0.01605	0.01072	0.36992	0.24470	0.19035	0.01724	0.01029	0.01126	0.00759	0.00426	0.00434	0.00131	0.00527	0.00428	0.00302	0.00604
6	0.00553	0.00418	0.00537	0.02153	0.00637	0.00426	0.00392	0.00666	0.00778	0.01043	0.14309	0.02570	0.22265	0.18951	0.32118	0.00376	0.00571	0.00609	0.00294	0.00335
7	0.00564	0.00410	0.00531	0.00501	0.00597	0.00377	0.00375	0.00749	0.01126	0.01587	0.79978	0.03031	0.07011	0.00828	0.00473	0.00127	0.00190	0.00730	0.00439	0.00377
8	0.01502	0.01112	0.01191	0.00918	0.01235	0.01233	0.00757	0.78659	0.05330	0.02491	0.00991	0.00986	0.00705	0.00484	0.00401	0.00121	0.00436	0.00365	0.00401	0.00680
9	0.01525	0.01123	0.01204	0.00923	0.01244	0.01244	0.00762	0.82067	0.01886	0.02528	0.00963	0.00963	0.00682	0.00481	0.00401	0.00120	0.00441	0.00361	0.00401	0.00682
10	0.00488	0.00353	0.00462	0.00549	0.00579	0.00327	0.00368	0.00560	0.00777	0.01028	0.02329	0.80395	0.07824	0.01241	0.00509	0.00161	0.00231	0.01121	0.00372	0.00327
11	0.00583	0.00389	0.00437	0.00437	0.00437	0.00389	0.00243	0.00583	0.00583	0.00778	0.01264	0.02624	0.01458	0.85906	0.02041	0.00389	0.00389	0.00583	0.00243	0.00243
12	0.01030	0.00877	0.00925	0.00823	0.01055	0.01013	0.00643	0.07005	0.77753	0.01729	0.01592	0.01464	0.01191	0.00540	0.00408	0.00135	0.00325	0.00448	0.00408	0.00638
13	0.01539	0.01092	0.01129	0.00887	0.01190	0.08137	0.00723	0.55401	0.06871	0.17259	0.01091	0.01051	0.00760	0.00482	0.00399	0.00121	0.00439	0.00366	0.00403	0.00661
14	0.01461	0.01588	0.01153	0.02861	0.06983	0.57369	0.00791	0.10334	0.03892	0.08693	0.00789	0.00859	0.00610	0.00428	0.00375	0.00110	0.00623	0.00298	0.00259	0.00525
15	0.02841	0.00962	0.11520	0.39934	0.10381	0.03733	0.03676	0.01155	0.04112	0.02327	0.00790	0.02525	0.00622	0.00399	0.00383	0.00120	0.00490	0.00347	0.00208	0.13475
16	0.03852	0.06768	0.37977	0.01213	0.12902	0.03072	0.05613	0.06693	0.04597	0.07046	0.02107	0.00963	0.00661	0.00398	0.00378	0.00120	0.00506	0.00329	0.00235	0.04571
17	0.00720	0.00662	0.05933	0.00606	0.02003	0.03062	0.00498	0.07846	0.04383	0.05018	0.05884	0.05871	0.49958	0.00864	0.00457	0.00135	0.00289	0.05026	0.00364	0.00423

[dist]
# distance from previous block
# <min> <max>
5	38

[block]
# block no. 3 follows, 67 sequences, length 7
# corresponding to MSA columns:
# 289-295
name=unknown_D
#
# <colnr> <probs for GDERKNQSTAVLIFYWHMCP>
#	G	D	E	R	K	N	Q	S	T	A	V	L	I	F	Y	W	H	M	C	P
0	0.03479	0.08006	0.02443	0.00816	0.05496	0.09777	0.06589	0.03842	0.07529	0.05626	0.04328	0.14405	0.24625	0.00722	0.00425	0.00129	0.00368	0.00614	0.00320	0.00459
1	0.00950	0.00735	0.00851	0.00666	0.00970	0.00661	0.00529	0.01378	0.22551	0.08842	0.01054	0.01094	0.00818	0.00519	0.04624	0.00115	0.00346	0.00320	0.00305	0.52673
2	0.01351	0.01062	0.01298	0.01324	0.23014	0.01151	0.00879	0.55655	0.06661	0.02152	0.00949	0.01004	0.00703	0.00452	0.00401	0.00121	0.00443	0.00366	0.00348	0.00667
3	0.01498	0.01911	0.01137	0.01033	0.01240	0.84295	0.00775	0.01601	0.01137	0.00982	0.00620	0.00723	0.00517	0.00413	0.00362	0.00103	0.00723	0.00258	0.00207	0.00465
4	0.01722	0.00926	0.00992	0.00787	0.01081	0.14124	0.00637	0.10249	0.01223	0.61917	0.01363	0.01220	0.00884	0.00481	0.00396	0.00120	0.00413	0.00376	0.00440	0.00647
5	0.00824	0.01074	0.22836	0.00740	0.01159	0.00640	0.00742	0.01079	0.00836	0.01297	0.00715	0.00836	0.00571	0.00319	0.00319	0.00077	0.00375	0.00253	0.00220	0.65089
6	0.00549	0.00396	0.00516	0.00586	0.00636	0.00379	0.00419	0.03461	0.00852	0.01133	0.06604	0.64992	0.05418	0.01178	0.00510	0.00161	0.00254	0.11232	0.00377	0.00347

[dist]
# distance from previous block
# <min> <max>
2	6

[block]
# block no. 4 follows, 67 sequences, length 11
# corresponding to MSA columns:
# 302-312
name=unknown_E
#
# <colnr> <probs for GDERKNQSTAVLIFYWHMCP>
#	G	D	E	R	K	N	Q	S	T	A	V	L	I	F	Y	W	H	M	C	P
0	0.01151	0.37755	0.09068	0.00811	0.01138	0.05012	0.00757	0.13397	0.20420	0.05400	0.00940	0.00950	0.00730	0.00425	0.00337	0.00109	0.00428	0.00311	0.00279	0.00581
1	0.01209	0.15107	0.01231	0.00872	0.02586	0.06467	0.02393	0.23073	0.32828	0.05984	0.01192	0.03386	0.00920	0.00495	0.00382	0.00121	0.00404	0.00391	0.00350	0.00609
2	0.00583	0.00389	0.00437	0.00437	0.00437	0.00389	0.00243	0.00583	0.00583	0.00778	0.01264	0.02624	0.01458	0.85906	0.02041	0.00389	0.00389	0.00583	0.00243	0.00243
3	0.01011	0.14833	0.36675	0.00980	0.05313	0.02937	0.01013	0.08503	0.02163	0.09066	0.05108	0.02215	0.02531	0.00440	0.00370	0.00116	0.00472	0.00345	0.00252	0.05657
4	0.32905	0.09810	0.00974	0.00684	0.00959	0.00956	0.00572	0.21752	0.01092	0.19681	0.00893	0.00921	0.00644	0.00489	0.00405	0.05725	0.00365	0.00302	0.00328	0.00543
5	0.00542	0.00385	0.00497	0.00568	0.00603	0.00371	0.00388	0.03252	0.00794	0.01057	0.02063	0.69151	0.02440	0.10252	0.00674	0.00187	0.00264	0.05821	0.00359	0.00331
6	0.72248	0.04241	0.00755	0.00669	0.04249	0.06244	0.00518	0.01199	0.00723	0.01657	0.00569	0.00680	0.00455	0.00388	0.00309	0.00123	0.04056	0.00231	0.00237	0.00448
7	0.00531	0.00413	0.00471	0.00480	0.00584	0.00375	0.00351	0.00694	0.04505	0.01234	0.22296	0.21429	0.40461	0.00984	0.00473	0.00138	0.00211	0.00850	0.03161	0.00359
8	0.03615	0.02592	0.09239	0.03617	0.07873	0.26777	0.03106	0.12204	0.08734	0.04084	0.00823	0.00918	0.00639	0.00427	0.00417	0.00114	0.04636	0.00316	0.00258	0.09611
9	0.05870	0.17447	0.38008	0.00992	0.02817	0.02727	0.04399	0.13142	0.01011	0.06197	0.00792	0.02184	0.00600	0.00406	0.00359	0.00117	0.00504	0.00312	0.00234	0.01880
10	0.00875	0.00790	0.01003	0.03399	0.15049	0.06415	0.04945	0.01160	0.11115	0.03625	0.03536	0.07419	0.08479	0.05980	0.00536	0.00134	0.03222	0.02717	0.00283	0.19319

[dist]
# distance from previous block
# <min> <max>
0	1

[block]
# block no. 5 follows, 67 sequences, length 6
# corresponding to MSA columns:
# 314-319
name=unknown_F
#
# <colnr> <probs for GDERKNQSTAVLIFYWHMCP>
#	G	D	E	R	K	N	Q	S	T	A	V	L	I	F	Y	W	H	M	C	P
0	0.00500	0.00366	0.00473	0.00548	0.00592	0.00338	0.00380	0.00587	0.00814	0.01073	0.06853	0.66701	0.12321	0.01195	0.00508	0.00159	0.00235	0.05649	0.00376	0.00333
1	0.00828	0.00628	0.00673	0.00644	0.00768	0.07282	0.00478	0.07304	0.09110	0.07360	0.21206	0.32260	0.02225	0.00916	0.02830	0.00151	0.00316	0.00737	0.03846	0.00437
2	0.04989	0.01270	0.03365	0.06689	0.19092	0.03567	0.08836	0.16878	0.15144	0.05839	0.01480	0.01731	0.03150	0.00733	0.00602	0.00204	0.02102	0.00528	0.00442	0.03360
3	0.00919	0.00878	0.01151	0.00987	0.01038	0.06582	0.03799	0.01028	0.00713	0.04310	0.03063	0.04190	0.00756	0.00755	0.03937	0.00178	0.61295	0.00395	0.03583	0.00443
4	0.00487	0.00355	0.00459	0.00541	0.00577	0.00327	0.00365	0.00560	0.00784	0.01030	0.02417	0.76507	0.11656	0.01230	0.00508	0.00160	0.00229	0.01107	0.00372	0.00327
5	0.01120	0.03932	0.06530	0.01017	0.08262	0.16669	0.02265	0.12731	0.27548	0.03512	0.03557	0.05188	0.03297	0.00530	0.00417	0.00125	0.01987	0.00426	0.00320	0.00568

[dist]
# distance from previous block
# <min> <max>
1	2

[block]
# block no. 6 follows, 67 sequences, length 19
# corresponding to MSA columns:
# 322-340
name=unknown_G
#
# <colnr> <probs for GDERKNQSTAVLIFYWHMCP>
#	G	D	E	R	K	N	Q	S	T	A	V	L	I	F	Y	W	H	M	C	P
0	0.00621	0.00445	0.00642	0.00693	0.00777	0.00428	0.03713	0.00762	0.00867	0.03394	0.02142	0.37346	0.04399	0.01119	0.00527	0.00171	0.00321	0.40900	0.00368	0.00366
1	0.00917	0.00916	0.03106	0.43144	0.26476	0.05826	0.01102	0.04909	0.00892	0.01178	0.00717	0.01001	0.00569	0.00416	0.00469	0.00130	0.07171	0.00349	0.00196	0.00517
2	0.00528	0.00404	0.00463	0.00468	0.00551	0.00378	0.00332	0.00616	0.00809	0.01031	0.09328	0.06697	0.39873	0.23124	0.10883	0.00263	0.00360	0.03247	0.00326	0.00320
3	0.01011	0.05643	0.15817	0.01390	0.17986	0.00980	0.19485	0.11622	0.09328	0.04003	0.01048	0.03269	0.02411	0.00460	0.00417	0.00128	0.00499	0.03656	0.00264	0.00583
4	0.01071	0.01003	0.03634	0.04325	0.42970	0.10228	0.00992	0.01315	0.05033	0.09517	0.00972	0.01138	0.03510	0.00564	0.04343	0.00149	0.08046	0.00373	0.00243	0.00573
5	0.00860	0.00730	0.00847	0.00607	0.00962	0.00564	0.00487	0.04331	0.00875	0.01357	0.00723	0.00837	0.00598	0.00305	0.00301	0.00062	0.00303	0.00243	0.00244	0.84765
6	0.00981	0.00842	0.00894	0.00812	0.01033	0.00972	0.00635	0.02068	0.78740	0.01655	0.01656	0.01642	0.01276	0.00571	0.00415	0.00138	0.00320	0.04321	0.00406	0.00622
7	0.01064	0.00964	0.01433	0.16304	0.46386	0.03672	0.02361	0.17727	0.01107	0.01507	0.03096	0.01049	0.00711	0.00405	0.00401	0.00122	0.00482	0.00367	0.00244	0.00598
8	0.00496	0.00407	0.00436	0.00429	0.00555	0.00348	0.00322	0.00618	0.00965	0.01205	0.22445	0.03659	0.64783	0.00970	0.00474	0.00133	0.00200	0.00818	0.00388	0.00348
9	0.00947	0.01082	0.02366	0.01690	0.02096	0.01014	0.81947	0.01285	0.00947	0.01285	0.00811	0.01082	0.00609	0.00338	0.00473	0.00135	0.00676	0.00473	0.00203	0.00541
10	0.00933	0.00869	0.01452	0.29393	0.42648	0.00932	0.05635	0.06736	0.00946	0.01294	0.00824	0.01191	0.00684	0.00415	0.00410	0.00128	0.00499	0.04236	0.00214	0.00558
11	0.03619	0.00589	0.00772	0.00743	0.02621	0.00596	0.03768	0.14373	0.02261	0.08716	0.05059	0.38935	0.01899	0.01005	0.04039	0.00170	0.00353	0.09663	0.00370	0.00448
12	0.05760	0.00592	0.00716	0.00611	0.00790	0.00583	0.00481	0.12569	0.03089	0.17097	0.49884	0.02240	0.02580	0.00681	0.00436	0.00125	0.00263	0.00579	0.00435	0.00487
13	0.00563	0.00416	0.00451	0.00447	0.00575	0.00356	0.00331	0.00665	0.00912	0.06092	0.06976	0.12581	0.63702	0.03476	0.00519	0.00145	0.00220	0.00839	0.00379	0.00357
14	0.00878	0.00740	0.00856	0.00616	0.00970	0.00582	0.00494	0.06398	0.00902	0.01388	0.00729	0.00840	0.00600	0.00309	0.00304	0.00063	0.00307	0.00246	0.00248	0.82529
15	0.01041	0.01137	0.08490	0.12803	0.10854	0.12312	0.12276	0.09031	0.09993	0.02544	0.02828	0.01055	0.00728	0.00449	0.00496	0.00128	0.09196	0.00370	0.00247	0.04023
16	0.00516	0.00374	0.00483	0.00556	0.00601	0.00350	0.00393	0.00604	0.00806	0.01060	0.05322	0.58537	0.11357	0.06105	0.00600	0.00174	0.00254	0.11211	0.00367	0.00330
17	0.00524	0.00393	0.00481	0.00534	0.00600	0.00363	0.00376	0.03047	0.00856	0.01110	0.05311	0.56715	0.23334	0.01152	0.00499	0.00154	0.00234	0.03598	0.00375	0.00343
18	0.03310	0.01077	0.08336	0.07140	0.09072	0.08715	0.06409	0.20930	0.10867	0.11107	0.02576	0.04788	0.00886	0.02444	0.00441	0.00132	0.00463	0.00411	0.00318	0.00580

[dist]
# distance from previous block
# <min> <max>
1	14

[block]
# block no. 7 follows, 67 sequences, length 28
# corresponding to MSA columns:
# 355-382
name=unknown_H
#
# <colnr> <probs for GDERKNQSTAVLIFYWHMCP>
#	G	D	E	R	K	N	Q	S	T	A	V	L	I	F	Y	W	H	M	C	P
0	0.01161	0.20370	0.14715	0.02353	0.13052	0.11776	0.17989	0.03428	0.02206	0.02555	0.00841	0.01034	0.00686	0.00442	0.00418	0.00132	0.00580	0.00360	0.00244	0.05656
1	0.02596	0.02742	0.03120	0.21533	0.13472	0.35139	0.02428	0.02519	0.07802	0.03760	0.00785	0.00941	0.00614	0.00413	0.00381	0.00118	0.00577	0.00322	0.00226	0.00513
2	0.01112	0.78191	0.02010	0.00719	0.01049	0.09399	0.00695	0.01239	0.00845	0.00947	0.00563	0.00651	0.00515	0.00350	0.00267	0.00087	0.00457	0.00219	0.00175	0.00510
3	0.00508	0.00369	0.00475	0.00542	0.00587	0.00343	0.00375	0.00595	0.00817	0.01082	0.09743	0.60842	0.11217	0.05197	0.00579	0.00169	0.00241	0.05616	0.00372	0.00330
4	0.00583	0.00389	0.00437	0.00437	0.00437	0.00389	0.00243	0.00583	0.00583	0.00778	0.01264	0.02624	0.01458	0.85906	0.02041	0.00389	0.00389	0.00583	0.00243	0.00243
5	0.00528	0.00408	0.00481	0.00477	0.00583	0.00364	0.00359	0.00669	0.00997	0.01310	0.38549	0.07680	0.37648	0.02931	0.00517	0.00142	0.00212	0.05390	0.00400	0.00355
6	0.00962	0.01007	0.01595	0.01579	0.23488	0.06056	0.19816	0.01149	0.00803	0.01133	0.00660	0.00947	0.00574	0.00507	0.00816	0.00147	0.37679	0.00376	0.00190	0.00517
7	0.01761	0.00744	0.00969	0.00743	0.01054	0.00680	0.00613	0.13098	0.01250	0.72393	0.01496	0.01309	0.00950	0.00494	0.00403	0.00124	0.00355	0.00397	0.00483	0.00682
8	0.00929	0.01047	0.02257	0.09554	0.02159	0.01003	0.74312	0.01260	0.00933	0.01260	0.00802	0.01081	0.00602	0.00344	0.00466	0.00135	0.00663	0.00462	0.00201	0.00532
9	0.00998	0.00862	0.00907	0.00816	0.01043	0.00998	0.00635	0.02131	0.82679	0.01678	0.01632	0.01496	0.01224	0.00544	0.00408	0.00136	0.00317	0.00453	0.00408	0.00635
10	0.88738	0.00776	0.00589	0.00527	0.00776	0.00900	0.00434	0.01179	0.00683	0.01799	0.00558	0.00651	0.00434	0.00372	0.00248	0.00124	0.00310	0.00217	0.00248	0.00434
11	0.01525	0.01123	0.01204	0.00923	0.01244	0.01244	0.00762	0.82067	0.01886	0.02528	0.00963	0.00963	0.00682	0.00481	0.00401	0.00120	0.00441	0.00361	0.00401	0.00682
12	0.88738	0.00776	0.00589	0.00527	0.00776	0.00900	0.00434	0.01179	0.00683	0.01799	0.00558	0.00651	0.00434	0.00372	0.00248	0.00124	0.00310	0.00217	0.00248	0.00434
13	0.00993	0.00953	0.01628	0.02462	0.83404	0.00953	0.01231	0.01231	0.00913	0.01310	0.00754	0.00993	0.00635	0.00357	0.00397	0.00119	0.00476	0.00357	0.00199	0.00635
14	0.00998	0.00862	0.00907	0.00816	0.01043	0.00998	0.00635	0.02131	0.82679	0.01678	0.01632	0.01496	0.01224	0.00544	0.00408	0.00136	0.00317	0.00453	0.00408	0.00635
15	0.00499	0.00357	0.00478	0.00571	0.00599	0.00335	0.00391	0.00577	0.00778	0.01036	0.02204	0.80098	0.02629	0.01246	0.00515	0.00164	0.00242	0.06580	0.00372	0.00329
16	0.01674	0.00764	0.00966	0.00754	0.01057	0.00726	0.00619	0.13217	0.10109	0.63383	0.01501	0.01323	0.00974	0.00499	0.00404	0.00125	0.00353	0.00403	0.00473	0.00677
17	0.00581	0.00399	0.00487	0.00487	0.00504	0.00416	0.00305	0.00615	0.00598	0.00814	0.01218	0.02373	0.01349	0.66062	0.21736	0.00450	0.00553	0.00546	0.00236	0.00271
18	0.00690	0.00439	0.00558	0.00580	0.00666	0.00420	0.00416	0.02491	0.05588	0.09422	0.11742	0.53900	0.05236	0.01033	0.00479	0.00149	0.00247	0.02006	0.03544	0.00395
19	0.00491	0.00354	0.00466	0.00551	0.00581	0.00328	0.00370	0.00568	0.00789	0.01051	0.05756	0.79159	0.05592	0.01229	0.00509	0.00160	0.00230	0.01112	0.00375	0.00328
20	0.00832	0.00713	0.00832	0.00594	0.00950	0.00535	0.00475	0.01010	0.00832	0.01307	0.00713	0.00832	0.00594	0.00297	0.00297	0.00059	0.00297	0.00238	0.00238	0.88357
21	0.00488	0.00408	0.00426	0.00429	0.00558	0.00346	0.00325	0.00598	0.00926	0.01121	0.09113	0.05347	0.73194	0.01011	0.00478	0.00137	0.00210	0.04166	0.00377	0.00342
22	0.00543	0.00386	0.00475	0.00500	0.00538	0.00376	0.00331	0.00609	0.00737	0.00984	0.10087	0.26718	0.10333	0.35122	0.09030	0.00292	0.00369	0.01952	0.00313	0.00303
23	0.01097	0.02482	0.13633	0.01158	0.01452	0.07377	0.20428	0.16476	0.07274	0.04457	0.00836	0.00988	0.00642	0.00479	0.00614	0.00137	0.19283	0.00375	0.00255	0.00559
24	0.00997	0.00908	0.01323	0.22084	0.31735	0.03903	0.04075	0.07748	0.15976	0.02911	0.00980	0.01221	0.00780	0.00441	0.00407	0.00128	0.00469	0.03078	0.00260	0.00575
25	0.00487	0.00380	0.00443	0.00490	0.00569	0.00336	0.00347	0.00577	0.00847	0.01067	0.04645	0.43665	0.40624	0.01131	0.00494	0.00150	0.00221	0.02820	0.00374	0.00334
26	0.00579	0.00423	0.00576	0.00646	0.00712	0.00414	0.01733	0.00739	0.04014	0.01129	0.02148	0.47942	0.03804	0.01139	0.00517	0.00168	0.00292	0.30507	0.02159	0.00358
27	0.03748	0.05762	0.14349	0.16440	0.01549	0.10862	0.03849	0.21909	0.02984	0.05384	0.00985	0.01263	0.02231	0.00485	0.00397	0.00126	0.00503	0.06349	0.00278	0.00546

[dist]
# distance from previous block
# <min> <max>
1	4

[block]
# block no. 8 follows, 67 sequences, length 29
# corresponding to MSA columns:
# 387-415
name=unknown_I
#
# <colnr> <probs for GDERKNQSTAVLIFYWHMCP>
#	G	D	E	R	K	N	Q	S	T	A	V	L	I	F	Y	W	H	M	C	P
0	0.01035	0.11848	0.01419	0.25985	0.14597	0.17341	0.05572	0.01249	0.02775	0.03100	0.00711	0.00929	0.00576	0.00420	0.00469	0.00122	0.09101	0.00327	0.00201	0.02223
1	0.00520	0.00411	0.00494	0.00532	0.03143	0.00366	0.00369	0.00643	0.00944	0.01225	0.25881	0.21873	0.40166	0.00994	0.00480	0.00138	0.00214	0.00863	0.00386	0.00356
2	0.08761	0.40858	0.01514	0.00814	0.02895	0.17011	0.00689	0.04431	0.13658	0.03228	0.00781	0.00834	0.00639	0.00406	0.00331	0.00105	0.02002	0.00276	0.00239	0.00529
3	0.00757	0.00713	0.01203	0.84942	0.02762	0.00891	0.01114	0.01025	0.00802	0.01025	0.00713	0.01069	0.00535	0.00401	0.00401	0.00134	0.00535	0.00356	0.00178	0.00446
4	0.00994	0.09267	0.10528	0.01593	0.28991	0.04347	0.18304	0.04429	0.09644	0.01318	0.00867	0.03069	0.00709	0.00417	0.00436	0.00125	0.03768	0.00387	0.00228	0.00579
5	0.01490	0.01095	0.01192	0.00951	0.03320	0.01207	0.00763	0.73894	0.06041	0.04439	0.01008	0.01001	0.00717	0.00482	0.00401	0.00121	0.00433	0.00367	0.00399	0.00678
6	0.88738	0.00776	0.00589	0.00527	0.00776	0.00900	0.00434	0.01179	0.00683	0.01799	0.00558	0.00651	0.00434	0.00372	0.00248	0.00124	0.00310	0.00217	0.00248	0.00434
7	0.00709	0.00406	0.00465	0.00471	0.00566	0.00388	0.00345	0.02615	0.00888	0.05979	0.07818	0.26254	0.09602	0.00777	0.00390	0.00122	0.00216	0.00669	0.40939	0.00381
8	0.00621	0.00434	0.00494	0.00489	0.00515	0.00449	0.00302	0.00731	0.07705	0.00876	0.01313	0.02536	0.01443	0.71938	0.05764	0.00373	0.00415	0.03055	0.00260	0.00286
9	0.15777	0.00697	0.00876	0.00684	0.00984	0.00639	0.00565	0.01830	0.01073	0.70517	0.01418	0.01250	0.00903	0.00476	0.00378	0.00124	0.00336	0.00373	0.00456	0.00643
10	0.00528	0.00399	0.00494	0.00544	0.00626	0.00366	0.00412	0.00646	0.00889	0.01146	0.11572	0.32315	0.28560	0.01099	0.00505	0.00155	0.00249	0.18769	0.00379	0.00345
11	0.00485	0.00406	0.00418	0.00416	0.00545	0.00343	0.00310	0.00592	0.00926	0.01123	0.10944	0.03757	0.74524	0.02812	0.00507	0.00140	0.00206	0.00830	0.00376	0.00340
12	0.00501	0.00386	0.00459	0.00498	0.00580	0.00345	0.00359	0.00605	0.00883	0.01133	0.13506	0.37286	0.35841	0.01093	0.00493	0.00148	0.00222	0.04939	0.00381	0.00340
13	0.01241	0.00769	0.00887	0.00757	0.01004	0.00814	0.00600	0.01972	0.49024	0.29832	0.05725	0.01572	0.02863	0.00551	0.00411	0.00131	0.00317	0.00457	0.00439	0.00633
14	0.00832	0.00713	0.00832	0.00594	0.00950	0.00535	0.00475	0.01010	0.00832	0.01307	0.00713	0.00832	0.00594	0.00297	0.00297	0.00059	0.00297	0.00238	0.00238	0.88357
15	0.00998	0.00862	0.00907	0.00816	0.01043	0.00998	0.00635	0.02131	0.82679	0.01678	0.01632	0.01496	0.01224	0.00544	0.00408	0.00136	0.00317	0.00453	0.00408	0.00635
16	0.00757	0.00713	0.01203	0.84942	0.02762	0.00891	0.01114	0.01025	0.00802	0.01025	0.00713	0.01069	0.00535	0.00401	0.00401	0.00134	0.00535	0.00356	0.00178	0.00446
17	0.00804	0.02074	0.83828	0.01143	0.01736	0.00931	0.01482	0.01270	0.00847	0.01270	0.00720	0.00847	0.00508	0.00381	0.00381	0.00127	0.00593	0.00296	0.00169	0.00593
18	0.00489	0.00349	0.00465	0.00558	0.00582	0.00326	0.00372	0.00558	0.00768	0.01024	0.02210	0.85644	0.02653	0.01256	0.00512	0.00163	0.00233	0.01140	0.00372	0.00326
19	0.01768	0.00673	0.00914	0.00703	0.01007	0.00583	0.00580	0.01924	0.01139	0.81196	0.01574	0.01369	0.00994	0.00495	0.00400	0.00123	0.00337	0.00402	0.03147	0.00673
20	0.01219	0.01034	0.01201	0.00965	0.01235	0.09675	0.12209	0.29459	0.21937	0.06089	0.05955	0.05029	0.01077	0.00525	0.00418	0.00127	0.00443	0.00448	0.00361	0.00594
21	0.00947	0.01082	0.02366	0.01690	0.02096	0.01014	0.81947	0.01285	0.00947	0.01285	0.00811	0.01082	0.00609	0.00338	0.00473	0.00135	0.00676	0.00473	0.00203	0.00541
22	0.00481	0.00403	0.00420	0.00431	0.00555	0.00342	0.00322	0.00583	0.00902	0.01082	0.03837	0.10964	0.73527	0.01040	0.00480	0.00139	0.00211	0.03572	0.00372	0.00338
23	0.00623	0.00615	0.07898	0.00721	0.00828	0.00607	0.00615	0.00784	0.00657	0.00959	0.00996	0.01479	0.00928	0.05355	0.66058	0.00545	0.09327	0.00416	0.00208	0.00382
24	0.15709	0.02877	0.01317	0.01100	0.08380	0.02301	0.13319	0.35245	0.03332	0.06343	0.00866	0.00952	0.00641	0.00442	0.00436	0.00126	0.05355	0.00354	0.00312	0.00593
25	0.00560	0.00409	0.00520	0.00493	0.00586	0.00375	0.00366	0.00733	0.01090	0.01523	0.72446	0.03053	0.10554	0.04881	0.00548	0.00139	0.00200	0.00729	0.00426	0.00369
26	0.00755	0.00465	0.00575	0.00580	0.00694	0.00436	0.00434	0.02264	0.05088	0.13674	0.03442	0.36131	0.18852	0.03208	0.00518	0.00155	0.00267	0.09178	0.02875	0.00409
27	0.00998	0.03204	0.37395	0.00969	0.01356	0.08130	0.03320	0.17376	0.04844	0.02684	0.01097	0.08296	0.03800	0.00520	0.00399	0.00126	0.00496	0.01433	0.02997	0.00558
28	0.03301	0.05010	0.06063	0.02567	0.01145	0.02820	0.02196	0.14001	0.40546	0.04511	0.01309	0.02624	0.01033	0.00538	0.00428	0.00131	0.03018	0.04847	0.00352	0.03561

[dist]
# distance from previous block
# <min> <max>
1	5

[block]
# block no. 9 follows, 67 sequences, length 48
# corresponding to MSA columns:
# 421-468
name=unknown_J
#
# <colnr> <probs for GDERKNQSTAVLIFYWHMCP>
#	G	D	E	R	K	N	Q	S	T	A	V	L	I	F	Y	W	H	M	C	P
0	0.03061	0.00418	0.00424	0.00408	0.00523	0.00411	0.00310	0.02877	0.00880	0.04279	0.01685	0.01812	0.12828	0.01741	0.00339	0.00106	0.00207	0.00441	0.66864	0.00387
1	0.09611	0.00555	0.00622	0.00566	0.00665	0.00648	0.00451	0.04494	0.00825	0.01447	0.03023	0.01296	0.00914	0.00585	0.02787	0.00131	0.18088	0.00363	0.52523	0.00407
2	0.00904	0.00916	0.01151	0.02631	0.01071	0.07459	0.00812	0.01010	0.00702	0.01030	0.04162	0.00957	0.00675	0.00639	0.01086	0.00155	0.64852	0.00349	0.00196	0.09243
3	0.00823	0.00707	0.00967	0.14493	0.03247	0.04409	0.04120	0.09030	0.02809	0.01127	0.00890	0.01297	0.00793	0.05860	0.29616	0.07715	0.11058	0.00396	0.00224	0.00419
4	0.00492	0.00384	0.00447	0.00480	0.00565	0.00339	0.00341	0.00592	0.00884	0.01127	0.13535	0.36420	0.40792	0.01087	0.00489	0.00145	0.00213	0.00948	0.00381	0.00339
5	0.00604	0.00477	0.00717	0.00622	0.00748	0.00441	0.08546	0.00807	0.01113	0.01567	0.73568	0.02819	0.04847	0.00775	0.00473	0.00127	0.00238	0.00702	0.00416	0.00394
6	0.00983	0.00727	0.00860	0.00623	0.00972	0.00572	0.00502	0.04663	0.00917	0.11648	0.00832	0.00904	0.00648	0.00330	0.00315	0.00070	0.00309	0.00264	0.00277	0.73583
7	0.41197	0.00583	0.00512	0.00477	0.00647	0.00643	0.00376	0.01081	0.04367	0.01654	0.09178	0.01258	0.01040	0.00462	0.00290	0.00113	0.00250	0.00340	0.35117	0.00413
8	0.00519	0.00420	0.00462	0.00493	0.00576	0.02417	0.00348	0.00613	0.00869	0.01096	0.11045	0.36066	0.37719	0.04779	0.00554	0.00156	0.00234	0.00925	0.00370	0.00336
9	0.00528	0.00380	0.00501	0.00531	0.00590	0.00352	0.00375	0.00658	0.00953	0.01318	0.42976	0.44039	0.03222	0.01037	0.00492	0.00144	0.00211	0.00931	0.00407	0.00352
10	0.00498	0.00419	0.00434	0.00428	0.00561	0.00360	0.00321	0.00636	0.03076	0.01157	0.12734	0.03702	0.72327	0.00982	0.00472	0.00134	0.00205	0.00823	0.00381	0.00351
11	0.88738	0.00776	0.00589	0.00527	0.00776	0.00900	0.00434	0.01179	0.00683	0.01799	0.00558	0.00651	0.00434	0.00372	0.00248	0.00124	0.00310	0.00217	0.00248	0.00434
12	0.88738	0.00776	0.00589	0.00527	0.00776	0.00900	0.00434	0.01179	0.00683	0.01799	0.00558	0.00651	0.00434	0.00372	0.00248	0.00124	0.00310	0.00217	0.00248	0.00434
13	0.00804	0.02074	0.83828	0.01143	0.01736	0.00931	0.01482	0.01270	0.00847	0.01270	0.00720	0.00847	0.00508	0.00381	0.00381	0.00127	0.00593	0.00296	0.00169	0.00593
14	0.00932	0.00876	0.01463	0.31119	0.51973	0.00943	0.01171	0.04456	0.00914	0.01260	0.00748	0.01018	0.00602	0.00378	0.00399	0.00124	0.00495	0.00357	0.00200	0.00571
15	0.00993	0.00953	0.01628	0.02462	0.83404	0.00953	0.01231	0.01231	0.00913	0.01310	0.00754	0.00993	0.00635	0.00357	0.00397	0.00119	0.00476	0.00357	0.00199	0.00635
16	0.00988	0.00966	0.01702	0.02384	0.75262	0.00959	0.09314	0.01236	0.00917	0.01308	0.00760	0.01002	0.00633	0.00355	0.00405	0.00121	0.00496	0.00369	0.00199	0.00626
17	0.03299	0.01096	0.01179	0.00905	0.01224	0.01206	0.00748	0.76721	0.01827	0.06273	0.00983	0.00975	0.00691	0.00480	0.00398	0.00121	0.00434	0.00360	0.00403	0.00677
18	0.00804	0.02074	0.83828	0.01143	0.01736	0.00931	0.01482	0.01270	0.00847	0.01270	0.00720	0.00847	0.00508	0.00381	0.00381	0.00127	0.00593	0.00296	0.00169	0.00593
19	0.00993	0.00953	0.01628	0.02462	0.83404	0.00953	0.01231	0.01231	0.00913	0.01310	0.00754	0.00993	0.00635	0.00357	0.00397	0.00119	0.00476	0.00357	0.00199	0.00635
20	0.01719	0.00710	0.01001	0.00889	0.09273	0.00626	0.00654	0.01882	0.01124	0.75433	0.01499	0.01328	0.00957	0.00482	0.00403	0.00124	0.00355	0.00399	0.00467	0.00678
21	0.00757	0.00713	0.01203	0.84942	0.02762	0.00891	0.01114	0.01025	0.00802	0.01025	0.00713	0.01069	0.00535	0.00401	0.00401	0.00134	0.00535	0.00356	0.00178	0.00446
22	0.00487	0.00356	0.00458	0.00540	0.00577	0.00327	0.00364	0.00560	0.00785	0.01031	0.02431	0.75916	0.12238	0.01228	0.00507	0.00160	0.00229	0.01105	0.00372	0.00327
23	0.00757	0.00713	0.01203	0.84942	0.02762	0.00891	0.01114	0.01025	0.00802	0.01025	0.00713	0.01069	0.00535	0.00401	0.00401	0.00134	0.00535	0.00356	0.00178	0.00446
24	0.00993	0.00953	0.01628	0.02462	0.83404	0.00953	0.01231	0.01231	0.00913	0.01310	0.00754	0.00993	0.00635	0.00357	0.00397	0.00119	0.00476	0.00357	0.00199	0.00635
25	0.88738	0.00776	0.00589	0.00527	0.00776	0.00900	0.00434	0.01179	0.00683	0.01799	0.00558	0.00651	0.00434	0.00372	0.00248	0.00124	0.00310	0.00217	0.00248	0.00434
26	0.00727	0.00417	0.00488	0.00458	0.00565	0.00391	0.00340	0.00884	0.00953	0.08291	0.30628	0.02375	0.10601	0.09208	0.00555	0.00142	0.00223	0.00571	0.31800	0.00384
27	0.01498	0.01911	0.01137	0.01033	0.01240	0.84295	0.00775	0.01601	0.01137	0.00982	0.00620	0.00723	0.00517	0.00413	0.00362	0.00103	0.00723	0.00258	0.00207	0.00465
28	0.00518	0.00399	0.00426	0.00426	0.00509	0.00358	0.00288	0.00588	0.00807	0.01003	0.07386	0.04985	0.48449	0.30948	0.01027	0.00225	0.00268	0.00753	0.00331	0.00307
29	0.00486	0.00374	0.00446	0.00502	0.00571	0.00334	0.00352	0.00571	0.00829	0.01051	0.02943	0.51412	0.34595	0.01158	0.00498	0.00152	0.00224	0.02796	0.00372	0.00332
30	0.00528	0.00408	0.00481	0.00463	0.00575	0.00361	0.00347	0.00679	0.01041	0.01384	0.49349	0.03365	0.37768	0.00904	0.00473	0.00130	0.00195	0.00777	0.00412	0.00361
31	0.49318	0.00733	0.00744	0.00612	0.00888	0.00759	0.00505	0.01531	0.00894	0.38927	0.01023	0.00975	0.00688	0.00429	0.00319	0.00124	0.00324	0.00302	0.00361	0.00547
32	0.00998	0.00862	0.00907	0.00816	0.01043	0.00998	0.00635	0.02131	0.82679	0.01678	0.01632	0.01496	0.01224	0.00544	0.00408	0.00136	0.00317	0.00453	0.00408	0.00635
33	0.00832	0.00713	0.00832	0.00594	0.00950	0.00535	0.00475	0.01010	0.00832	0.01307	0.00713	0.00832	0.00594	0.00297	0.00297	0.00059	0.00297	0.00238	0.00238	0.88357
34	0.88738	0.00776	0.00589	0.00527	0.00776	0.00900	0.00434	0.01179	0.00683	0.01799	0.00558	0.00651	0.00434	0.00372	0.00248	0.00124	0.00310	0.00217	0.00248	0.00434
35	0.00757	0.00713	0.01203	0.84942	0.02762	0.00891	0.01114	0.01025	0.00802	0.01025	0.00713	0.01069	0.00535	0.00401	0.00401	0.00134	0.00535	0.00356	0.00178	0.00446
36	0.00497	0.00374	0.00461	0.00518	0.00580	0.00338	0.00363	0.00589	0.00846	0.01097	0.09846	0.53165	0.24971	0.01147	0.00499	0.00153	0.00225	0.03617	0.00378	0.00335
37	0.00933	0.00466	0.00627	0.00605	0.00731	0.00418	0.00445	0.01042	0.00927	0.28653	0.09067	0.50313	0.02197	0.00965	0.00472	0.00147	0.00265	0.00858	0.00420	0.00449
38	0.01072	0.86147	0.02102	0.00686	0.01029	0.01587	0.00686	0.01201	0.00815	0.00944	0.00558	0.00643	0.00515	0.00343	0.00257	0.00086	0.00429	0.00214	0.00172	0.00515
39	0.00877	0.00877	0.01228	0.01053	0.01053	0.01228	0.00877	0.00965	0.00614	0.00965	0.00526	0.00877	0.00526	0.00702	0.01316	0.00175	0.85172	0.00351	0.00175	0.00439
40	0.00507	0.00380	0.00454	0.00503	0.00564	0.00347	0.00350	0.00585	0.00800	0.01020	0.02676	0.42286	0.28695	0.12976	0.00716	0.00187	0.00254	0.06025	0.00354	0.00321
41	0.00896	0.04811	0.38594	0.01505	0.14457	0.00990	0.28383	0.01287	0.02864	0.01278	0.00772	0.00956	0.00579	0.00365	0.00410	0.00127	0.00590	0.00366	0.00191	0.00580
42	0.01425	0.01732	0.01120	0.01007	0.01213	0.69121	0.00764	0.05140	0.09315	0.01118	0.00733	0.00817	0.00595	0.00441	0.00405	0.00110	0.03934	0.00286	0.00234	0.00490
43	0.00998	0.00862	0.00907	0.00816	0.01043	0.00998	0.00635	0.02131	0.82679	0.01678	0.01632	0.01496	0.01224	0.00544	0.00408	0.00136	0.00317	0.00453	0.00408	0.00635
44	0.00951	0.01303	0.26363	0.04880	0.30611	0.00964	0.17585	0.04257	0.05302	0.02697	0.00822	0.01002	0.00627	0.00379	0.00409	0.00126	0.00542	0.00368	0.00213	0.00599
45	0.01070	0.00905	0.00923	0.03884	0.03067	0.11016	0.00629	0.30031	0.07241	0.01826	0.31197	0.01781	0.03501	0.00607	0.00425	0.00122	0.00374	0.00498	0.00379	0.00524
46	0.00546	0.00397	0.00478	0.00510	0.00590	0.00360	0.00362	0.00661	0.02265	0.03460	0.13137	0.40486	0.28704	0.04178	0.00546	0.00156	0.00230	0.02205	0.00381	0.00350
47	0.00998	0.38210	0.04061	0.14757	0.28704	0.03507	0.00960	0.01210	0.02103	0.01100	0.00670	0.00848	0.00569	0.00363	0.00335	0.00107	0.00473	0.00292	0.00186	0.00546

[dist]
# distance from previous block
# <min> <max>
2	6

[block]
# block no. 10 follows, 67 sequences, length 33
# corresponding to MSA columns:
# 475-507
name=unknown_K
#
# <colnr> <probs for GDERKNQSTAVLIFYWHMCP>
#	G	D	E	R	K	N	Q	S	T	A	V	L	I	F	Y	W	H	M	C	P
0	0.02948	0.03724	0.04689	0.01162	0.04736	0.07445	0.20509	0.37565	0.09950	0.01860	0.00933	0.01011	0.00690	0.00433	0.00408	0.00124	0.00511	0.00380	0.00312	0.00611
1	0.00527	0.00406	0.00489	0.00545	0.00601	0.02357	0.00380	0.00623	0.00857	0.01125	0.14821	0.57852	0.13701	0.01133	0.00498	0.00153	0.00237	0.02976	0.00379	0.00340
2	0.00814	0.00756	0.01252	0.72172	0.12102	0.00911	0.01114	0.04095	0.00856	0.01114	0.00727	0.01056	0.00552	0.00399	0.00401	0.00131	0.00524	0.00357	0.00189	0.00477
3	0.00600	0.00412	0.00617	0.00617	0.00673	0.00467	0.00467	0.00673	0.00617	0.00879	0.00991	0.01497	0.00935	0.02650	0.65969	0.20087	0.00913	0.00412	0.00206	0.00317
4	0.00510	0.00370	0.00480	0.00532	0.00581	0.00342	0.00367	0.00612	0.00871	0.01177	0.23619	0.56967	0.08324	0.02617	0.00526	0.00155	0.00222	0.01002	0.00388	0.00339
5	0.00535	0.00407	0.00492	0.00473	0.00580	0.00364	0.00354	0.00693	0.01054	0.01422	0.55306	0.05116	0.29954	0.00894	0.00474	0.00130	0.00195	0.00774	0.00417	0.00364
6	0.00519	0.00369	0.00492	0.00580	0.00612	0.00351	0.00408	0.00603	0.00781	0.01037	0.02139	0.67678	0.02525	0.06405	0.00612	0.00180	0.00264	0.13752	0.00364	0.00328
7	0.01072	0.86147	0.02102	0.00686	0.01029	0.01587	0.00686	0.01201	0.00815	0.00944	0.00558	0.00643	0.00515	0.00343	0.00257	0.00086	0.00429	0.00214	0.00172	0.00515
8	0.00804	0.02074	0.83828	0.01143	0.01736	0.00931	0.01482	0.01270	0.00847	0.01270	0.00720	0.00847	0.00508	0.00381	0.00381	0.00127	0.00593	0.00296	0.00169	0.00593
9	0.86658	0.00773	0.00598	0.00532	0.00782	0.00892	0.00438	0.01197	0.00694	0.03759	0.00583	0.00669	0.00448	0.00375	0.00252	0.00124	0.00311	0.00222	0.00254	0.00440
10	0.01072	0.86147	0.02102	0.00686	0.01029	0.01587	0.00686	0.01201	0.00815	0.00944	0.00558	0.00643	0.00515	0.00343	0.00257	0.00086	0.00429	0.00214	0.00172	0.00515
11	0.00900	0.00859	0.01461	0.34777	0.51808	0.00929	0.01185	0.01150	0.00870	0.01198	0.00738	0.01023	0.00596	0.00374	0.00399	0.00125	0.00499	0.00357	0.00191	0.00561
12	0.00489	0.00349	0.00465	0.00558	0.00582	0.00326	0.00372	0.00558	0.00768	0.01024	0.02210	0.85644	0.02653	0.01256	0.00512	0.00163	0.00233	0.01140	0.00372	0.00326
13	0.00635	0.00459	0.00626	0.00695	0.00791	0.00455	0.00596	0.00834	0.02422	0.01262	0.13644	0.04229	0.05495	0.01054	0.00537	0.00174	0.00337	0.65001	0.00380	0.00374
14	0.00815	0.05533	0.80466	0.01124	0.01707	0.00958	0.01449	0.01267	0.00845	0.01257	0.00713	0.00838	0.00508	0.00379	0.00376	0.00125	0.00586	0.00293	0.00169	0.00589
15	0.00489	0.00349	0.00465	0.00558	0.00582	0.00326	0.00372	0.00558	0.00768	0.01024	0.02210	0.85644	0.02653	0.01256	0.00512	0.00163	0.00233	0.01140	0.00372	0.00326
16	0.88738	0.00776	0.00589	0.00527	0.00776	0.00900	0.00434	0.01179	0.00683	0.01799	0.00558	0.00651	0.00434	0.00372	0.00248	0.00124	0.00310	0.00217	0.00248	0.00434
17	0.00583	0.00389	0.00437	0.00437	0.00437	0.00389	0.00243	0.00583	0.00583	0.00778	0.01264	0.02624	0.01458	0.85906	0.02041	0.00389	0.00389	0.00583	0.00243	0.00243
18	0.00833	0.04480	0.68653	0.01201	0.01748	0.00969	0.12222	0.01263	0.00854	0.01256	0.00723	0.00873	0.00522	0.00381	0.00410	0.00128	0.02412	0.00319	0.00174	0.00580
19	0.00834	0.03474	0.70699	0.01283	0.09233	0.00950	0.05473	0.01266	0.00857	0.01268	0.00724	0.00868	0.00525	0.00376	0.00385	0.00126	0.00583	0.00309	0.00174	0.00593
20	0.01064	0.07808	0.01038	0.00818	0.01065	0.01074	0.00654	0.11269	0.66727	0.01716	0.01468	0.01366	0.01104	0.00521	0.00395	0.00130	0.00341	0.00423	0.00388	0.00630
21	0.00481	0.00389	0.00427	0.00454	0.00555	0.00336	0.00327	0.00575	0.00875	0.01077	0.05322	0.28485	0.57131	0.01084	0.00485	0.00143	0.00212	0.00932	0.00374	0.00336
22	0.01187	0.05121	0.01158	0.05823	0.13900	0.08110	0.00781	0.15145	0.32056	0.09457	0.01198	0.02392	0.00907	0.00481	0.00395	0.00125	0.00416	0.00395	0.00341	0.00612
23	0.01019	0.14655	0.15986	0.01688	0.35746	0.02373	0.14315	0.05044	0.00947	0.03410	0.00755	0.00931	0.00599	0.00366	0.00384	0.00118	0.00520	0.00343	0.00207	0.00594
24	0.00477	0.00406	0.00411	0.00410	0.00544	0.00340	0.00307	0.00582	0.00922	0.01102	0.06848	0.03829	0.80444	0.01009	0.00474	0.00135	0.00203	0.00842	0.00375	0.00340
25	0.00634	0.00498	0.00574	0.00592	0.00686	0.00512	0.00424	0.00977	0.21476	0.01192	0.04314	0.36885	0.14454	0.10852	0.00658	0.00178	0.00272	0.04055	0.00368	0.00399
26	0.03076	0.15562	0.08992	0.03156	0.19848	0.15663	0.04547	0.09815	0.04100	0.04848	0.00841	0.01063	0.00692	0.00434	0.00391	0.00118	0.02048	0.04006	0.00243	0.00559
27	0.00719	0.03732	0.04238	0.06403	0.08790	0.04431	0.05407	0.02381	0.05230	0.01147	0.03721	0.14073	0.28583	0.06645	0.00574	0.00152	0.02395	0.00654	0.00300	0.00425
28	0.00487	0.00391	0.00434	0.00456	0.00558	0.00339	0.00330	0.00588	0.00896	0.01117	0.11054	0.25692	0.54129	0.01062	0.00484	0.00142	0.00210	0.00914	0.00379	0.00339
29	0.04310	0.07659	0.04497	0.03043	0.05942	0.02549	0.07838	0.12065	0.08647	0.03106	0.00820	0.02316	0.00688	0.00657	0.04756	0.00166	0.29803	0.00371	0.00246	0.00522
