[name]
unknown

[dist]
# distance from previous block
# <min> <max>
0	0

[block]
# block no. 0 follows, 75 sequences, length 40
# corresponding to MSA columns:
# 0-39
name=unknown_A
#
# <colnr> <probs for GDERKNQSTAVLIFYWHMCP>
#	G	D	E	R	K	N	Q	S	T	A	V	L	I	F	Y	W	H	M	C	P
0	0.00592	0.00423	0.00592	0.00676	0.00761	0.00423	0.00592	0.00761	0.00845	0.01099	0.01945	0.04143	0.02114	0.01015	0.00507	0.00169	0.00338	0.82329	0.00338	0.00338
1	0.00685	0.00342	0.00342	0.00342	0.00428	0.00342	0.00257	0.00856	0.00770	0.01369	0.01198	0.01369	0.00941	0.00428	0.00257	0.00086	0.00171	0.00342	0.89131	0.00342
2	0.89687	0.00710	0.00540	0.00483	0.00710	0.00824	0.00398	0.01080	0.00625	0.01648	0.00511	0.00597	0.00398	0.00341	0.00227	0.00114	0.00284	0.00199	0.00227	0.00398
3	0.00434	0.00372	0.00372	0.00372	0.00496	0.00310	0.00279	0.00527	0.00837	0.00992	0.03721	0.03535	0.84652	0.00930	0.00434	0.00124	0.00186	0.00775	0.00341	0.00310
4	0.00540	0.00357	0.00408	0.00408	0.00415	0.00361	0.00236	0.00554	0.00547	0.00747	0.01150	0.02311	0.01298	0.79190	0.06045	0.00357	0.00380	0.00519	0.03946	0.00233
5	0.03584	0.00621	0.00825	0.00644	0.00912	0.00553	0.00528	0.01722	0.04777	0.74905	0.05879	0.01320	0.01044	0.00470	0.00370	0.00114	0.00303	0.00383	0.00443	0.00603
6	0.01239	0.00540	0.00685	0.00558	0.00765	0.00492	0.00447	0.04386	0.02014	0.49487	0.08550	0.01512	0.03796	0.04119	0.00415	0.00118	0.00271	0.00408	0.19687	0.00512
7	0.00576	0.00454	0.00627	0.00598	0.00633	0.00545	0.00448	0.00659	0.00568	0.00816	0.00948	0.01622	0.00968	0.27942	0.45449	0.00444	0.15773	0.00423	0.00198	0.00309
8	0.00853	0.00870	0.01249	0.43148	0.28404	0.11007	0.03313	0.01066	0.00799	0.01021	0.00650	0.00911	0.00518	0.00367	0.00401	0.00117	0.04347	0.00319	0.00173	0.00467
9	0.00785	0.00793	0.01331	0.03304	0.08099	0.02791	0.25404	0.00966	0.00768	0.01095	0.12666	0.03067	0.01000	0.00560	0.02087	0.00142	0.32009	0.00420	0.02280	0.00432
10	0.00795	0.10970	0.25994	0.02054	0.03446	0.00770	0.07865	0.01069	0.02900	0.01152	0.00669	0.00788	0.00529	0.00311	0.00311	0.00086	0.00403	0.00259	0.00192	0.39437
11	0.02355	0.39825	0.16727	0.00801	0.01121	0.17292	0.02541	0.09909	0.00909	0.01104	0.00614	0.00709	0.00505	0.00410	0.02464	0.00106	0.00488	0.00244	0.01390	0.00486
12	0.00541	0.00388	0.00488	0.00455	0.00558	0.00349	0.00343	0.00701	0.01002	0.03532	0.67904	0.02783	0.16017	0.00760	0.00428	0.00115	0.00181	0.00664	0.00391	0.02400
13	0.00878	0.16508	0.36850	0.01064	0.03349	0.06174	0.18190	0.01175	0.01705	0.03974	0.00731	0.01841	0.01642	0.00370	0.00385	0.00112	0.04051	0.00314	0.00182	0.00506
14	0.05045	0.04769	0.19687	0.02970	0.09753	0.05159	0.06822	0.12998	0.03054	0.22675	0.00936	0.02974	0.00680	0.00407	0.00357	0.00113	0.00432	0.00337	0.00281	0.00553
15	0.00532	0.00365	0.00444	0.00444	0.00459	0.00379	0.00276	0.00562	0.00547	0.00744	0.01118	0.02185	0.01240	0.67914	0.20918	0.00409	0.00499	0.00502	0.00217	0.00247
16	0.00904	0.00867	0.01481	0.04395	0.82704	0.00871	0.01124	0.01122	0.00834	0.01193	0.00690	0.00911	0.00579	0.00328	0.00364	0.00109	0.00438	0.00327	0.00181	0.00577
17	0.07265	0.07702	0.05998	0.00700	0.02499	0.00745	0.02838	0.13557	0.02781	0.13334	0.00802	0.00847	0.00601	0.00343	0.00307	0.00085	0.00337	0.00269	0.00268	0.38722
18	0.00874	0.08980	0.01390	0.08147	0.47249	0.00935	0.04341	0.01157	0.09372	0.01161	0.03772	0.00991	0.00713	0.00392	0.00441	0.00115	0.08897	0.00340	0.00204	0.00528
19	0.05336	0.00629	0.00839	0.00646	0.00928	0.00552	0.00534	0.01760	0.01033	0.81562	0.01410	0.01223	0.00888	0.00450	0.00363	0.00114	0.00311	0.00362	0.00445	0.00616
20	0.00447	0.00320	0.00426	0.00511	0.00533	0.00298	0.00341	0.00511	0.00703	0.00938	0.02024	0.86853	0.02429	0.01151	0.00469	0.00149	0.00213	0.01044	0.00341	0.00298
21	0.00861	0.00998	0.05511	0.08415	0.04742	0.00919	0.68636	0.03051	0.00871	0.01184	0.00734	0.00975	0.00550	0.00320	0.00421	0.00123	0.00594	0.00412	0.00187	0.00496
22	0.00553	0.00468	0.00532	0.00574	0.00624	0.07815	0.00411	0.00641	0.00697	0.00907	0.01567	0.52254	0.01779	0.01591	0.27437	0.00284	0.00497	0.00767	0.00282	0.00319
23	0.01375	0.00939	0.01033	0.00801	0.01082	0.01018	0.00658	0.64892	0.06506	0.13651	0.03584	0.01019	0.00781	0.00456	0.00370	0.00112	0.00378	0.00351	0.00381	0.00613
24	0.00909	0.00873	0.01491	0.02254	0.84801	0.00873	0.01127	0.01127	0.00836	0.01200	0.00691	0.00909	0.00582	0.00327	0.00364	0.00109	0.00436	0.00327	0.00182	0.00582
25	0.00669	0.00612	0.01014	0.66064	0.07505	0.00734	0.00916	0.00883	0.00739	0.00959	0.00889	0.13829	0.00822	0.00496	0.00385	0.00127	0.00442	0.02320	0.00195	0.00401
26	0.00439	0.00372	0.00379	0.00377	0.00499	0.00312	0.00283	0.00537	0.00849	0.01021	0.08570	0.03487	0.79785	0.00919	0.00434	0.00124	0.00185	0.00768	0.00345	0.00312
27	0.00694	0.00653	0.01102	0.86210	0.02530	0.00816	0.01020	0.00938	0.00734	0.00938	0.00653	0.00979	0.00490	0.00367	0.00367	0.00122	0.00490	0.00326	0.00163	0.00408
28	0.00804	0.00804	0.01125	0.00964	0.00964	0.01125	0.00804	0.00884	0.00562	0.00884	0.00482	0.00804	0.00482	0.00643	0.01205	0.00161	0.86420	0.00321	0.00161	0.00402
29	0.00694	0.00653	0.01102	0.86210	0.02530	0.00816	0.01020	0.00938	0.00734	0.00938	0.00653	0.00979	0.00490	0.00367	0.00367	0.00122	0.00490	0.00326	0.00163	0.00408
30	0.89687	0.00710	0.00540	0.00483	0.00710	0.00824	0.00398	0.01080	0.00625	0.01648	0.00511	0.00597	0.00398	0.00341	0.00227	0.00114	0.00284	0.00199	0.00227	0.00398
31	0.00762	0.00653	0.00762	0.00544	0.00870	0.00490	0.00435	0.00925	0.00762	0.01197	0.00653	0.00762	0.00544	0.00272	0.00272	0.00054	0.00272	0.00218	0.00218	0.89338
32	0.00982	0.87313	0.01925	0.00628	0.00943	0.01453	0.00628	0.01100	0.00746	0.00864	0.00511	0.00589	0.00471	0.00314	0.00236	0.00079	0.00393	0.00196	0.00157	0.00471
33	0.00638	0.00319	0.00478	0.00478	0.00478	0.00319	0.00319	0.00478	0.00478	0.00638	0.00638	0.01116	0.00638	0.01276	0.01435	0.89314	0.00319	0.00319	0.00159	0.00159
34	0.01383	0.01022	0.01095	0.00842	0.01134	0.01133	0.00695	0.81294	0.04032	0.02293	0.00899	0.00895	0.00638	0.00442	0.00368	0.00111	0.00401	0.00333	0.00368	0.00623
35	0.89687	0.00710	0.00540	0.00483	0.00710	0.00824	0.00398	0.01080	0.00625	0.01648	0.00511	0.00597	0.00398	0.00341	0.00227	0.00114	0.00284	0.00199	0.00227	0.00398
36	0.01353	0.01720	0.01029	0.00936	0.01123	0.83754	0.00702	0.01450	0.01041	0.00911	0.02405	0.00708	0.00538	0.00387	0.00333	0.00095	0.00652	0.00246	0.00194	0.00424
37	0.00589	0.00436	0.00562	0.04481	0.03934	0.00430	0.00408	0.00788	0.06195	0.03175	0.42191	0.04357	0.12425	0.10313	0.05039	0.00168	0.00274	0.00596	0.03279	0.00360
38	0.00529	0.00424	0.00472	0.00450	0.00570	0.00394	0.00340	0.02543	0.08270	0.01241	0.32534	0.04302	0.44946	0.00820	0.00428	0.00121	0.00196	0.00698	0.00367	0.00354
39	0.00921	0.02825	0.01346	0.10516	0.39431	0.00808	0.12440	0.05137	0.01882	0.08523	0.06255	0.01266	0.02735	0.00417	0.00384	0.00116	0.00426	0.03811	0.00239	0.00523

[dist]
# distance from previous block
# <min> <max>
0	1

[block]
# block no. 1 follows, 75 sequences, length 45
# corresponding to MSA columns:
# 41-85
name=unknown_B
#
# <colnr> <probs for GDERKNQSTAVLIFYWHMCP>
#	G	D	E	R	K	N	Q	S	T	A	V	L	I	F	Y	W	H	M	C	P
0	0.01343	0.01701	0.01054	0.03061	0.03339	0.81350	0.00728	0.01445	0.01028	0.00908	0.00573	0.00676	0.00476	0.00377	0.00333	0.00096	0.00652	0.00241	0.00188	0.00429
1	0.03320	0.12630	0.01185	0.00910	0.06523	0.17820	0.00700	0.40888	0.09645	0.01676	0.00811	0.00844	0.00616	0.00408	0.00340	0.00104	0.00442	0.00299	0.00289	0.00552
2	0.00935	0.00800	0.00843	0.00752	0.00963	0.00924	0.00587	0.05647	0.80407	0.01572	0.01467	0.01348	0.01099	0.00496	0.00373	0.00124	0.00296	0.00411	0.00373	0.00583
3	0.00436	0.00366	0.00378	0.00388	0.00500	0.00309	0.00286	0.00525	0.00822	0.00986	0.03531	0.12860	0.75450	0.00955	0.00438	0.00127	0.00189	0.00805	0.00341	0.00309
4	0.00464	0.00335	0.00435	0.00508	0.00541	0.00313	0.00350	0.00535	0.00714	0.00941	0.02088	0.68236	0.08444	0.06597	0.00559	0.00162	0.00231	0.07914	0.00333	0.00298
5	0.00820	0.00417	0.00503	0.00455	0.00581	0.00393	0.00350	0.01001	0.02649	0.17901	0.27860	0.04260	0.01786	0.00558	0.00344	0.00103	0.00203	0.00472	0.38938	0.00403
6	0.00804	0.00804	0.01125	0.00964	0.00964	0.01125	0.00804	0.00884	0.00562	0.00884	0.00482	0.00804	0.00482	0.00643	0.01205	0.00161	0.86420	0.00321	0.00161	0.00402
7	0.00737	0.01900	0.85189	0.01047	0.01590	0.00853	0.01357	0.01163	0.00775	0.01163	0.00659	0.00775	0.00465	0.00349	0.00349	0.00116	0.00543	0.00271	0.00155	0.00543
8	0.00694	0.00653	0.01102	0.86210	0.02530	0.00816	0.01020	0.00938	0.00734	0.00938	0.00653	0.00979	0.00490	0.00367	0.00367	0.00122	0.00490	0.00326	0.00163	0.00408
9	0.00447	0.00320	0.00426	0.00511	0.00533	0.00298	0.00341	0.00511	0.00703	0.00938	0.02024	0.86853	0.02429	0.01151	0.00469	0.00149	0.00213	0.01044	0.00341	0.00298
10	0.01595	0.00656	0.00862	0.00663	0.00943	0.00593	0.00547	0.09794	0.01109	0.74507	0.01386	0.01217	0.00882	0.00452	0.00366	0.00112	0.00317	0.00365	0.03015	0.00617
11	0.00547	0.00452	0.00455	0.00450	0.00582	0.00377	0.00330	0.00613	0.00909	0.01104	0.05375	0.03620	0.81808	0.00987	0.00478	0.00143	0.00225	0.00800	0.00376	0.00368
12	0.00520	0.00375	0.00491	0.00462	0.00549	0.00347	0.00347	0.00693	0.01040	0.01473	0.84608	0.02743	0.03465	0.00751	0.00433	0.00116	0.00173	0.00664	0.00404	0.00347
13	0.89687	0.00710	0.00540	0.00483	0.00710	0.00824	0.00398	0.01080	0.00625	0.01648	0.00511	0.00597	0.00398	0.00341	0.00227	0.00114	0.00284	0.00199	0.00227	0.00398
14	0.00451	0.00325	0.00428	0.00504	0.00533	0.00302	0.00339	0.00523	0.00728	0.00972	0.07092	0.79127	0.05076	0.01119	0.00466	0.00146	0.00210	0.01013	0.00345	0.00302
15	0.02414	0.73584	0.08930	0.00674	0.01005	0.01374	0.00691	0.05957	0.00804	0.00987	0.00545	0.00622	0.00479	0.00325	0.00253	0.00084	0.00404	0.00211	0.00170	0.00485
16	0.01375	0.00956	0.01044	0.00812	0.01096	0.01045	0.00667	0.65360	0.10320	0.11972	0.01013	0.00977	0.00710	0.00449	0.00368	0.00112	0.00381	0.00344	0.00378	0.00620
17	0.89687	0.00710	0.00540	0.00483	0.00710	0.00824	0.00398	0.01080	0.00625	0.01648	0.00511	0.00597	0.00398	0.00341	0.00227	0.00114	0.00284	0.00199	0.00227	0.00398
18	0.01642	0.00634	0.00858	0.00658	0.00942	0.00553	0.00543	0.03586	0.01066	0.83238	0.01437	0.01242	0.00903	0.00454	0.00369	0.00114	0.00315	0.00368	0.00453	0.00625
19	0.00867	0.00991	0.02167	0.01548	0.01920	0.00929	0.83467	0.01176	0.00867	0.01176	0.00743	0.00991	0.00557	0.00310	0.00433	0.00124	0.00619	0.00433	0.00186	0.00495
20	0.00762	0.00653	0.00762	0.00544	0.00870	0.00490	0.00435	0.00925	0.00762	0.01197	0.00653	0.00762	0.00544	0.00272	0.00272	0.00054	0.00272	0.00218	0.00218	0.89338
21	0.00440	0.00365	0.00380	0.00391	0.00497	0.00310	0.00285	0.00525	0.00807	0.00974	0.03397	0.14161	0.70667	0.04528	0.00498	0.00137	0.00197	0.00800	0.00336	0.00305
22	0.00794	0.00678	0.00742	0.00709	0.03713	0.02851	0.00524	0.02450	0.50278	0.01467	0.24569	0.04349	0.04132	0.00591	0.00393	0.00121	0.00269	0.00505	0.00369	0.00497
23	0.01383	0.01148	0.01087	0.00861	0.01135	0.15573	0.00698	0.68016	0.03152	0.02058	0.00840	0.00853	0.00608	0.00431	0.00361	0.00108	0.00446	0.00316	0.00337	0.00590
24	0.00827	0.04505	0.25262	0.00926	0.05080	0.00742	0.12420	0.04847	0.00832	0.02466	0.00686	0.00810	0.00531	0.00314	0.00325	0.00089	0.00417	0.00275	0.00202	0.38444
25	0.02278	0.68426	0.01632	0.00604	0.00882	0.02331	0.00579	0.04623	0.02123	0.01016	0.00633	0.00718	0.00549	0.00339	0.00247	0.00082	0.00364	0.00225	0.11887	0.00461
26	0.51837	0.09046	0.22075	0.00733	0.04911	0.02769	0.00702	0.01107	0.00694	0.01407	0.00576	0.01697	0.00456	0.00350	0.00270	0.00111	0.00374	0.00234	0.00201	0.00449
27	0.01132	0.17287	0.02637	0.14592	0.01327	0.31284	0.01970	0.15357	0.07649	0.01200	0.00701	0.00802	0.00554	0.00387	0.00343	0.00103	0.01693	0.00278	0.00223	0.00480
28	0.00514	0.00386	0.00535	0.00551	0.00607	0.00423	0.00408	0.00637	0.02581	0.00887	0.01425	0.22187	0.06567	0.08988	0.49836	0.00419	0.01900	0.00585	0.00246	0.00318
29	0.01038	0.00760	0.00837	0.00699	0.00914	0.00820	0.00562	0.36965	0.18390	0.06432	0.07973	0.01703	0.11749	0.02698	0.02418	0.00136	0.00339	0.04680	0.00364	0.00523
30	0.00447	0.00320	0.00426	0.00511	0.00533	0.00298	0.00341	0.00511	0.00703	0.00938	0.02024	0.86853	0.02429	0.01151	0.00469	0.00149	0.00213	0.01044	0.00341	0.00298
31	0.11417	0.00598	0.00673	0.00567	0.00773	0.00606	0.00454	0.05222	0.15222	0.32457	0.01248	0.01213	0.00883	0.00440	0.00320	0.00107	0.00268	0.00348	0.26678	0.00507
32	0.00520	0.00375	0.00491	0.00462	0.00549	0.00347	0.00347	0.00693	0.01040	0.01473	0.84608	0.02743	0.03465	0.00751	0.00433	0.00116	0.00173	0.00664	0.00404	0.00347
33	0.01372	0.01750	0.01041	0.00946	0.01135	0.85618	0.00710	0.01467	0.01041	0.00899	0.00568	0.00662	0.00473	0.00378	0.00331	0.00095	0.00662	0.00237	0.00189	0.00426
34	0.87711	0.00708	0.00547	0.00487	0.00715	0.00818	0.00401	0.01096	0.00635	0.03519	0.00532	0.00611	0.00409	0.00343	0.00230	0.00114	0.00285	0.00203	0.00232	0.00403
35	0.00737	0.01900	0.85189	0.01047	0.01590	0.00853	0.01357	0.01163	0.00775	0.01163	0.00659	0.00775	0.00465	0.00349	0.00349	0.00116	0.00543	0.00271	0.00155	0.00543
36	0.00439	0.00372	0.00379	0.00377	0.00499	0.00312	0.00283	0.00536	0.00848	0.01019	0.08203	0.03491	0.80153	0.00920	0.00434	0.00124	0.00185	0.00769	0.00345	0.00312
37	0.00525	0.00394	0.00590	0.00590	0.00656	0.00459	0.00459	0.00656	0.00590	0.00853	0.00984	0.01443	0.00918	0.02755	0.85637	0.00590	0.00984	0.00394	0.00197	0.00328
38	0.01372	0.01750	0.01041	0.00946	0.01135	0.85618	0.00710	0.01467	0.01041	0.00899	0.00568	0.00662	0.00473	0.00378	0.00331	0.00095	0.00662	0.00237	0.00189	0.00426
39	0.00807	0.00813	0.01180	0.00995	0.01015	0.01115	0.05183	0.00899	0.00579	0.00899	0.00496	0.00813	0.00486	0.00625	0.01164	0.00159	0.81874	0.00327	0.00162	0.00407
40	0.00465	0.00403	0.00456	0.09861	0.00722	0.00367	0.00363	0.00577	0.00831	0.00999	0.05581	0.03231	0.73143	0.00863	0.00427	0.00124	0.00219	0.00723	0.00323	0.00322
41	0.00828	0.00901	0.03748	0.01298	0.07227	0.03179	0.45386	0.01069	0.02306	0.02311	0.00949	0.07680	0.04324	0.00476	0.00561	0.00131	0.15641	0.01315	0.00208	0.00463
42	0.00445	0.00328	0.00418	0.00490	0.00527	0.00300	0.00331	0.00514	0.00724	0.00946	0.02284	0.74110	0.15005	0.01117	0.00463	0.00145	0.00209	0.01003	0.00341	0.00300
43	0.00694	0.00653	0.01102	0.86210	0.02530	0.00816	0.01020	0.00938	0.00734	0.00938	0.00653	0.00979	0.00490	0.00367	0.00367	0.00122	0.00490	0.00326	0.00163	0.00408
44	0.00864	0.10333	0.53974	0.03395	0.08308	0.02027	0.03845	0.02413	0.03600	0.06820	0.00732	0.00832	0.00533	0.00357	0.00344	0.00112	0.00495	0.00287	0.00190	0.00540

[dist]
# distance from previous block
# <min> <max>
0	1

[block]
# block no. 2 follows, 75 sequences, length 65
# corresponding to MSA columns:
# 87-151
name=unknown_C
#
# <colnr> <probs for GDERKNQSTAVLIFYWHMCP>
#	G	D	E	R	K	N	Q	S	T	A	V	L	I	F	Y	W	H	M	C	P
0	0.00774	0.06123	0.52897	0.01112	0.01562	0.00878	0.21838	0.02024	0.00808	0.01155	0.02050	0.03320	0.01944	0.00380	0.00381	0.00118	0.01600	0.00345	0.00177	0.00513
1	0.03070	0.00371	0.00411	0.00415	0.00445	0.00376	0.00258	0.00637	0.02455	0.00895	0.01255	0.09413	0.02333	0.57388	0.03535	0.00284	0.00323	0.00533	0.15338	0.00266
2	0.03542	0.06324	0.01069	0.00909	0.12632	0.01967	0.03625	0.18481	0.04291	0.09940	0.00809	0.00872	0.00617	0.00350	0.00322	0.00089	0.00353	0.00286	0.00269	0.33252
3	0.01043	0.65698	0.04191	0.00711	0.01027	0.02787	0.03302	0.14252	0.02067	0.01124	0.00596	0.00666	0.00507	0.00339	0.00270	0.00087	0.00409	0.00231	0.00195	0.00499
4	0.00525	0.00394	0.00590	0.00590	0.00656	0.00459	0.00459	0.00656	0.00590	0.00853	0.00984	0.01443	0.00918	0.02755	0.85637	0.00590	0.00984	0.00394	0.00197	0.00328
5	0.02033	0.05938	0.03518	0.01238	0.30091	0.00730	0.06753	0.01111	0.00819	0.08820	0.00735	0.00862	0.00583	0.00316	0.00324	0.00088	0.00373	0.00285	0.00219	0.35163
6	0.00532	0.00365	0.00444	0.00444	0.00459	0.00380	0.00277	0.00562	0.00547	0.00744	0.01118	0.02184	0.01240	0.67801	0.21030	0.00410	0.00500	0.00502	0.00217	0.00247
7	0.02055	0.00889	0.01485	0.03107	0.68408	0.01794	0.07866	0.04040	0.03646	0.01244	0.00723	0.00923	0.00594	0.00340	0.00376	0.00111	0.01299	0.00336	0.00195	0.00568
8	0.01059	0.00861	0.00912	0.00777	0.01010	0.00981	0.00617	0.26559	0.59294	0.01771	0.01310	0.01223	0.00971	0.00481	0.00372	0.00120	0.00325	0.00390	0.00372	0.00594
9	0.00608	0.00450	0.00682	0.00656	0.00727	0.00453	0.08042	0.00702	0.00730	0.06840	0.02738	0.60204	0.01945	0.03817	0.00573	0.00152	0.08182	0.01837	0.00315	0.00347
10	0.03358	0.01022	0.01090	0.00837	0.01129	0.01132	0.00691	0.81743	0.01702	0.02300	0.00874	0.00875	0.00620	0.00439	0.00364	0.00110	0.00401	0.00328	0.00364	0.00620
11	0.00982	0.87313	0.01925	0.00628	0.00943	0.01453	0.00628	0.01100	0.00746	0.00864	0.00511	0.00589	0.00471	0.00314	0.00236	0.00079	0.00393	0.00196	0.00157	0.00471
12	0.00685	0.00342	0.00342	0.00342	0.00428	0.00342	0.00257	0.00856	0.00770	0.01369	0.01198	0.01369	0.00941	0.00428	0.00257	0.00086	0.00171	0.00342	0.89131	0.00342
13	0.00737	0.01900	0.85189	0.01047	0.01590	0.00853	0.01357	0.01163	0.00775	0.01163	0.00659	0.00775	0.00465	0.00349	0.00349	0.00116	0.00543	0.00271	0.00155	0.00543
14	0.00767	0.00636	0.00746	0.00547	0.00848	0.00496	0.00436	0.02515	0.02091	0.02505	0.08404	0.00963	0.00829	0.00325	0.00292	0.00063	0.00266	0.00266	0.00244	0.76761
15	0.00434	0.00372	0.00372	0.00372	0.00496	0.00310	0.00279	0.00527	0.00837	0.00992	0.03721	0.03535	0.84652	0.00930	0.00434	0.00124	0.00186	0.00775	0.00341	0.00310
16	0.00434	0.00371	0.00374	0.00376	0.00497	0.00310	0.00281	0.00527	0.00833	0.00991	0.03674	0.05823	0.82394	0.00936	0.00435	0.00125	0.00187	0.00783	0.00341	0.00310
17	0.00762	0.00653	0.00762	0.00544	0.00870	0.00490	0.00435	0.00925	0.00762	0.01197	0.00653	0.00762	0.00544	0.00272	0.00272	0.00054	0.00272	0.00218	0.00218	0.89338
18	0.06171	0.00357	0.00452	0.00523	0.00566	0.00344	0.00365	0.00586	0.00714	0.02341	0.01913	0.74213	0.02253	0.01078	0.00454	0.00148	0.00228	0.06645	0.00335	0.00313
19	0.00544	0.00386	0.00540	0.00536	0.00588	0.00429	0.00393	0.00642	0.00599	0.02142	0.04194	0.01744	0.01125	0.25053	0.58842	0.00503	0.00776	0.00441	0.00215	0.00305
20	0.00733	0.01250	0.38595	0.01160	0.07762	0.00768	0.22636	0.01055	0.02297	0.01141	0.01883	0.15179	0.00908	0.00493	0.00397	0.00125	0.00487	0.02439	0.00207	0.00486
21	0.00885	0.00889	0.04027	0.09144	0.73326	0.00869	0.03246	0.01114	0.00827	0.01177	0.00688	0.00913	0.00570	0.00331	0.00365	0.00111	0.00449	0.00328	0.00180	0.00564
22	0.00545	0.02055	0.00630	0.00601	0.00662	0.00503	0.00466	0.00664	0.00597	0.00855	0.01018	0.06874	0.00996	0.05570	0.70535	0.00519	0.05945	0.00432	0.00204	0.00329
23	0.30729	0.58272	0.01460	0.00580	0.00865	0.01242	0.00551	0.01093	0.00706	0.01127	0.00511	0.00592	0.00447	0.00323	0.00233	0.00090	0.00356	0.00197	0.00181	0.00447
24	0.00532	0.00421	0.00466	0.00441	0.00574	0.00374	0.00333	0.00710	0.06468	0.02987	0.20022	0.07724	0.50313	0.00824	0.00420	0.00119	0.00200	0.00699	0.00351	0.06023
25	0.00943	0.72901	0.14417	0.00708	0.01058	0.01353	0.02275	0.01111	0.00753	0.00915	0.00537	0.00625	0.00472	0.00319	0.00256	0.00085	0.00419	0.00212	0.00157	0.00482
26	0.01407	0.00606	0.00783	0.00628	0.00876	0.00552	0.00509	0.01649	0.10627	0.63757	0.01602	0.03688	0.06319	0.00507	0.00371	0.00115	0.00292	0.00417	0.04715	0.00578
27	0.00780	0.00632	0.00737	0.00534	0.00844	0.00482	0.00427	0.00943	0.00770	0.03434	0.00709	0.00813	0.00579	0.00287	0.00274	0.00058	0.00267	0.00230	0.05897	0.81304
28	0.00989	0.00980	0.01427	0.01969	0.65944	0.10075	0.03792	0.06443	0.02591	0.01244	0.00708	0.00893	0.00583	0.00343	0.00363	0.00108	0.00462	0.00323	0.00198	0.00565
29	0.00681	0.00608	0.00878	0.06260	0.03490	0.00784	0.00657	0.02348	0.00615	0.00905	0.00747	0.01149	0.00705	0.04327	0.37824	0.00349	0.36757	0.00360	0.00183	0.00374
30	0.00447	0.00320	0.00426	0.00511	0.00533	0.00298	0.00341	0.00511	0.00703	0.00938	0.02024	0.86853	0.02429	0.01151	0.00469	0.00149	0.00213	0.01044	0.00341	0.00298
31	0.00982	0.87313	0.01925	0.00628	0.00943	0.01453	0.00628	0.01100	0.00746	0.00864	0.00511	0.00589	0.00471	0.00314	0.00236	0.00079	0.00393	0.00196	0.00157	0.00471
32	0.89687	0.00710	0.00540	0.00483	0.00710	0.00824	0.00398	0.01080	0.00625	0.01648	0.00511	0.00597	0.00398	0.00341	0.00227	0.00114	0.00284	0.00199	0.00227	0.00398
33	0.00590	0.00421	0.00587	0.00669	0.00751	0.00421	0.00582	0.00755	0.00837	0.01089	0.01924	0.04097	0.02093	0.03300	0.00543	0.00174	0.00339	0.80158	0.00335	0.00335
34	0.00534	0.00357	0.00404	0.00404	0.00405	0.00358	0.00226	0.00536	0.00535	0.00714	0.01155	0.02389	0.01329	0.85793	0.03160	0.00360	0.00366	0.00532	0.00222	0.00224
35	0.03993	0.00653	0.00860	0.00661	0.00944	0.00586	0.00546	0.06990	0.01083	0.77539	0.01388	0.01209	0.00877	0.00451	0.00365	0.00113	0.00318	0.00362	0.00443	0.00619
36	0.00602	0.00332	0.00452	0.00452	0.00452	0.00332	0.00286	0.00498	0.00498	0.00664	0.00818	0.01562	0.00879	0.30954	0.01585	0.58550	0.00332	0.00393	0.00181	0.00181
37	0.00853	0.00459	0.00565	0.00499	0.00644	0.00431	0.00388	0.01075	0.06950	0.21847	0.35694	0.02043	0.07324	0.00604	0.00376	0.00110	0.00216	0.00514	0.18980	0.00428
38	0.00447	0.00320	0.00426	0.00511	0.00533	0.00298	0.00341	0.00511	0.00703	0.00938	0.02024	0.86853	0.02429	0.01151	0.00469	0.00149	0.00213	0.01044	0.00341	0.00298
39	0.00551	0.00433	0.00641	0.00626	0.00685	0.00523	0.00492	0.00678	0.00588	0.00856	0.00936	0.01382	0.00876	0.02552	0.77549	0.00549	0.09168	0.00387	0.00193	0.00335
40	0.00982	0.87313	0.01925	0.00628	0.00943	0.01453	0.00628	0.01100	0.00746	0.00864	0.00511	0.00589	0.00471	0.00314	0.00236	0.00079	0.00393	0.00196	0.00157	0.00471
41	0.01313	0.00755	0.01074	0.02458	0.26517	0.00735	0.00743	0.15004	0.01092	0.40607	0.05092	0.01153	0.00879	0.00426	0.00370	0.00112	0.00361	0.00364	0.00350	0.00595
42	0.00893	0.04015	0.03732	0.01800	0.55711	0.04094	0.10109	0.01112	0.00840	0.01180	0.03044	0.00929	0.00645	0.00333	0.00357	0.00104	0.00441	0.00327	0.00191	0.10143
43	0.00949	0.02407	0.07593	0.08841	0.43246	0.09707	0.07655	0.02499	0.09243	0.03156	0.00775	0.00935	0.00613	0.00358	0.00364	0.00112	0.00468	0.00330	0.00207	0.00541
44	0.01007	0.81854	0.01868	0.00649	0.00955	0.06824	0.00634	0.01123	0.00765	0.00866	0.00514	0.00594	0.00471	0.00318	0.00242	0.00080	0.00410	0.00199	0.00159	0.00468
45	0.00689	0.00646	0.01089	0.84568	0.02491	0.00806	0.01007	0.00930	0.00734	0.00938	0.00679	0.02624	0.00527	0.00382	0.00369	0.00123	0.00484	0.00340	0.00167	0.00406
46	0.00477	0.00396	0.00420	0.00417	0.00538	0.00351	0.00317	0.00631	0.05132	0.01084	0.13428	0.03355	0.66562	0.00890	0.00434	0.00125	0.00197	0.04565	0.00350	0.00330
47	0.00476	0.00372	0.00431	0.00420	0.00523	0.00327	0.00314	0.00607	0.00931	0.01223	0.42819	0.06016	0.42523	0.00851	0.00435	0.00121	0.00181	0.00731	0.00372	0.00327
48	0.01648	0.00625	0.00852	0.00653	0.00938	0.00540	0.00540	0.01790	0.01051	0.85056	0.01449	0.01250	0.00909	0.00455	0.00369	0.00114	0.00313	0.00369	0.00455	0.00625
49	0.01619	0.00640	0.00858	0.00659	0.00941	0.00564	0.00544	0.05495	0.01082	0.80017	0.02690	0.01256	0.00935	0.00458	0.00370	0.00114	0.00315	0.00372	0.00450	0.00621
50	0.00694	0.00653	0.01102	0.86210	0.02530	0.00816	0.01020	0.00938	0.00734	0.00938	0.00653	0.00979	0.00490	0.00367	0.00367	0.00122	0.00490	0.00326	0.00163	0.00408
51	0.00982	0.87313	0.01925	0.00628	0.00943	0.01453	0.00628	0.01100	0.00746	0.00864	0.00511	0.00589	0.00471	0.00314	0.00236	0.00079	0.00393	0.00196	0.00157	0.00471
52	0.00762	0.00653	0.00762	0.00544	0.00870	0.00490	0.00435	0.00925	0.00762	0.01197	0.00653	0.00762	0.00544	0.00272	0.00272	0.00054	0.00272	0.00218	0.00218	0.89338
53	0.00444	0.00372	0.00385	0.00382	0.00502	0.00314	0.00287	0.00546	0.00860	0.01046	0.12733	0.03446	0.75606	0.00910	0.00434	0.00123	0.00185	0.00763	0.00348	0.00314
54	0.89687	0.00710	0.00540	0.00483	0.00710	0.00824	0.00398	0.01080	0.00625	0.01648	0.00511	0.00597	0.00398	0.00341	0.00227	0.00114	0.00284	0.00199	0.00227	0.00398
55	0.00446	0.00373	0.00389	0.00385	0.00504	0.00315	0.00289	0.00551	0.00866	0.01060	0.15219	0.03422	0.73111	0.00905	0.00434	0.00123	0.00184	0.00759	0.00350	0.00315
56	0.00877	0.00753	0.00798	0.00721	0.00918	0.00863	0.00559	0.01838	0.76850	0.01521	0.07154	0.01507	0.02959	0.00524	0.00379	0.00124	0.00281	0.00439	0.00375	0.00560
57	0.00958	0.00811	0.00855	0.00756	0.00972	0.00934	0.00592	0.09459	0.76558	0.01608	0.01438	0.01325	0.01075	0.00493	0.00373	0.00123	0.00301	0.00407	0.00373	0.00585
58	0.00470	0.00334	0.00444	0.00524	0.00551	0.00317	0.00363	0.00542	0.00709	0.00942	0.01960	0.71788	0.02322	0.06619	0.00563	0.00165	0.00237	0.10521	0.00333	0.00298
59	0.00525	0.00394	0.00590	0.00590	0.00656	0.00459	0.00459	0.00656	0.00590	0.00853	0.00984	0.01443	0.00918	0.02755	0.85637	0.00590	0.00984	0.00394	0.00197	0.00328
60	0.00579	0.00414	0.00576	0.00659	0.00740	0.00412	0.00568	0.00739	0.00835	0.01086	0.01980	0.10146	0.03534	0.01023	0.00503	0.00167	0.00327	0.75039	0.00338	0.00335
61	0.89687	0.00710	0.00540	0.00483	0.00710	0.00824	0.00398	0.01080	0.00625	0.01648	0.00511	0.00597	0.00398	0.00341	0.00227	0.00114	0.00284	0.00199	0.00227	0.00398
62	0.00769	0.00728	0.01227	0.56770	0.30016	0.00836	0.01049	0.01018	0.02101	0.01035	0.00679	0.00962	0.00531	0.00356	0.00366	0.00118	0.00469	0.00328	0.00173	0.00469
63	0.01310	0.10517	0.01156	0.00805	0.01085	0.06351	0.01576	0.61998	0.01501	0.04330	0.00899	0.00913	0.02187	0.00431	0.00349	0.00105	0.00407	0.00321	0.03179	0.00579
64	0.01364	0.01016	0.01092	0.00869	0.03001	0.02686	0.00699	0.76803	0.01654	0.03353	0.00882	0.00899	0.00633	0.00501	0.02702	0.00123	0.00424	0.00331	0.00356	0.00612

[dist]
# distance from previous block
# <min> <max>
0	1

[block]
# block no. 3 follows, 75 sequences, length 50
# corresponding to MSA columns:
# 153-202
name=unknown_D
#
# <colnr> <probs for GDERKNQSTAVLIFYWHMCP>
#	G	D	E	R	K	N	Q	S	T	A	V	L	I	F	Y	W	H	M	C	P
0	0.01262	0.01077	0.01040	0.02311	0.06594	0.18343	0.00697	0.40629	0.10858	0.06341	0.00905	0.00934	0.00670	0.00432	0.00378	0.00109	0.02682	0.00323	0.03859	0.00555
1	0.00785	0.00670	0.00792	0.00601	0.03208	0.00520	0.00462	0.03423	0.00793	0.01231	0.00661	0.00769	0.00547	0.00279	0.00277	0.00058	0.00281	0.00224	0.00221	0.84198
2	0.11276	0.02106	0.13667	0.08847	0.44006	0.05433	0.07222	0.01133	0.00806	0.01203	0.00657	0.00848	0.00526	0.00337	0.00348	0.00112	0.00464	0.00305	0.00182	0.00524
3	0.00990	0.00800	0.00854	0.00750	0.00969	0.00912	0.00589	0.08519	0.73200	0.05920	0.01443	0.01325	0.01070	0.00491	0.00373	0.00123	0.00301	0.00406	0.00377	0.00587
4	0.00573	0.00463	0.00687	0.28001	0.01187	0.00498	0.00566	0.00763	0.00916	0.01262	0.51979	0.05613	0.02398	0.00698	0.02719	0.00132	0.00298	0.00564	0.00319	0.00364
5	0.00554	0.00380	0.00531	0.00528	0.00572	0.00419	0.00381	0.00624	0.00572	0.02087	0.01012	0.01688	0.01014	0.26734	0.53358	0.07888	0.00739	0.00427	0.00205	0.00288
6	0.00531	0.00356	0.00400	0.00400	0.00403	0.00355	0.00224	0.00534	0.00542	0.00720	0.01225	0.02433	0.03525	0.84828	0.01832	0.00350	0.00352	0.00540	0.00226	0.00225
7	0.01622	0.00667	0.00878	0.00674	0.00959	0.00602	0.00556	0.10347	0.01122	0.76399	0.01390	0.01212	0.00879	0.00453	0.00369	0.00113	0.00322	0.00365	0.00445	0.00625
8	0.01396	0.01029	0.01102	0.00845	0.01139	0.01139	0.00698	0.83577	0.01727	0.02315	0.00882	0.00882	0.00625	0.00441	0.00367	0.00110	0.00404	0.00331	0.00367	0.00625
9	0.00737	0.01900	0.85189	0.01047	0.01590	0.00853	0.01357	0.01163	0.00775	0.01163	0.00659	0.00775	0.00465	0.00349	0.00349	0.00116	0.00543	0.00271	0.00155	0.00543
10	0.00461	0.00330	0.00442	0.00527	0.00555	0.00310	0.00365	0.00535	0.00717	0.00953	0.02017	0.78888	0.02399	0.01138	0.00472	0.00151	0.00225	0.08872	0.00341	0.00302
11	0.00909	0.00873	0.01491	0.02254	0.84801	0.00873	0.01127	0.01127	0.00836	0.01200	0.00691	0.00909	0.00582	0.00327	0.00364	0.00109	0.00436	0.00327	0.00182	0.00582
12	0.00820	0.00473	0.00487	0.00438	0.00563	0.00494	0.00341	0.16576	0.00952	0.01549	0.01138	0.01277	0.00881	0.00430	0.00278	0.00090	0.00215	0.00340	0.72263	0.00396
13	0.00451	0.00322	0.00430	0.00515	0.00538	0.00301	0.00347	0.00517	0.00706	0.00941	0.02022	0.84971	0.02422	0.01148	0.00470	0.00150	0.00216	0.02893	0.00341	0.00299
14	0.00714	0.00583	0.00649	0.00596	0.00747	0.00626	0.00457	0.03632	0.39471	0.01451	0.31266	0.04764	0.12219	0.00659	0.00405	0.00122	0.00237	0.00565	0.00379	0.00457
15	0.00955	0.64103	0.19550	0.00734	0.01097	0.01279	0.02230	0.01143	0.00767	0.04407	0.00585	0.00663	0.00490	0.00327	0.00269	0.00089	0.00425	0.00224	0.00169	0.00493
16	0.00894	0.33769	0.36887	0.00832	0.01212	0.12287	0.00925	0.01140	0.00810	0.01018	0.03132	0.00861	0.04040	0.00375	0.00310	0.00100	0.00477	0.00271	0.00175	0.00485
17	0.00685	0.00342	0.00342	0.00342	0.00428	0.00342	0.00257	0.00856	0.00770	0.01369	0.01198	0.01369	0.00941	0.00428	0.00257	0.00086	0.00171	0.00342	0.89131	0.00342
18	0.00982	0.87313	0.01925	0.00628	0.00943	0.01453	0.00628	0.01100	0.00746	0.00864	0.00511	0.00589	0.00471	0.00314	0.00236	0.00079	0.00393	0.00196	0.00157	0.00471
19	0.00944	0.13503	0.41084	0.00975	0.03546	0.02786	0.05415	0.19030	0.05609	0.01385	0.00779	0.00856	0.01716	0.00378	0.00344	0.00110	0.00477	0.00298	0.00219	0.00545
20	0.00439	0.00372	0.00378	0.00377	0.00499	0.00312	0.00283	0.00536	0.00848	0.01018	0.08002	0.03493	0.80356	0.00921	0.00434	0.00124	0.00185	0.00769	0.00344	0.00312
21	0.00646	0.04191	0.05650	0.00611	0.03660	0.00584	0.00477	0.01022	0.23256	0.01196	0.14830	0.02338	0.28192	0.10036	0.00558	0.00146	0.00271	0.01604	0.00322	0.00410
22	0.01578	0.00659	0.00870	0.00671	0.00946	0.00601	0.00554	0.09579	0.01108	0.73354	0.03770	0.01250	0.00948	0.00465	0.00385	0.00114	0.01721	0.00373	0.00440	0.00613
23	0.00534	0.00356	0.00401	0.00401	0.00401	0.00356	0.00223	0.00534	0.00534	0.00712	0.01157	0.02403	0.01335	0.87092	0.01869	0.00356	0.00356	0.00534	0.00223	0.00223
24	0.00762	0.00653	0.00762	0.00544	0.00870	0.00490	0.00435	0.00925	0.00762	0.01197	0.00653	0.00762	0.00544	0.00272	0.00272	0.00054	0.00272	0.00218	0.00218	0.89338
25	0.00762	0.00653	0.00762	0.00544	0.00870	0.00490	0.00435	0.00925	0.00762	0.01197	0.00653	0.00762	0.00544	0.00272	0.00272	0.00054	0.00272	0.00218	0.00218	0.89338
26	0.89687	0.00710	0.00540	0.00483	0.00710	0.00824	0.00398	0.01080	0.00625	0.01648	0.00511	0.00597	0.00398	0.00341	0.00227	0.00114	0.00284	0.00199	0.00227	0.00398
27	0.00804	0.00804	0.01125	0.00964	0.00964	0.01125	0.00804	0.00884	0.00562	0.00884	0.00482	0.00804	0.00482	0.00643	0.01205	0.00161	0.86420	0.00321	0.00161	0.00402
28	0.00511	0.00374	0.00475	0.00450	0.00537	0.00343	0.00334	0.00669	0.00997	0.01390	0.72541	0.02814	0.12021	0.04344	0.00493	0.00126	0.00182	0.00671	0.00390	0.00338
29	0.00525	0.00391	0.00577	0.00577	0.00638	0.00452	0.00443	0.00648	0.00586	0.00843	0.00996	0.01508	0.00947	0.08517	0.79913	0.00574	0.00941	0.00403	0.00199	0.00321
30	0.00991	0.85349	0.01904	0.00636	0.00947	0.03386	0.00630	0.01108	0.00753	0.00865	0.00512	0.00591	0.00471	0.00316	0.00238	0.00079	0.00399	0.00197	0.00158	0.00470
31	0.01396	0.01029	0.01102	0.00845	0.01139	0.01139	0.00698	0.83577	0.01727	0.02315	0.00882	0.00882	0.00625	0.00441	0.00367	0.00110	0.00404	0.00331	0.00367	0.00625
32	0.00989	0.15602	0.19647	0.01006	0.12800	0.18533	0.01668	0.02025	0.02075	0.08595	0.05727	0.05582	0.03336	0.00442	0.00345	0.00106	0.00453	0.00352	0.00229	0.00489
33	0.00924	0.00794	0.00836	0.00750	0.00959	0.00919	0.00584	0.03756	0.82316	0.01554	0.01481	0.01359	0.01110	0.00497	0.00374	0.00124	0.00293	0.00413	0.00374	0.00582
34	0.08218	0.80248	0.01812	0.00617	0.00924	0.01402	0.00610	0.01098	0.00736	0.00928	0.00511	0.00590	0.00465	0.00316	0.00235	0.00081	0.00384	0.00197	0.00163	0.00465
35	0.00893	0.01062	0.14094	0.01837	0.47854	0.00895	0.22114	0.04558	0.00872	0.01235	0.00707	0.00909	0.00560	0.00331	0.00379	0.00114	0.00497	0.00346	0.00187	0.00556
36	0.00472	0.00373	0.00419	0.00447	0.00529	0.00339	0.00319	0.00591	0.04302	0.00979	0.02800	0.30957	0.44420	0.07844	0.00560	0.00152	0.00218	0.03636	0.00333	0.00312
37	0.00886	0.00782	0.02206	0.00735	0.00940	0.00877	0.00580	0.01861	0.77616	0.01526	0.06624	0.01445	0.01255	0.00511	0.00377	0.00124	0.00288	0.00428	0.00372	0.00566
38	0.00701	0.00667	0.01146	0.82716	0.02504	0.00821	0.04422	0.00948	0.00740	0.00948	0.00657	0.00980	0.00492	0.00365	0.00370	0.00122	0.00495	0.00331	0.00164	0.00412
39	0.00525	0.00394	0.00590	0.00590	0.00656	0.00459	0.00459	0.00656	0.00590	0.00853	0.00984	0.01443	0.00918	0.02755	0.85637	0.00590	0.00984	0.00394	0.00197	0.00328
40	0.00532	0.00363	0.00436	0.00436	0.00448	0.00375	0.00266	0.00557	0.00545	0.00738	0.01125	0.02225	0.01258	0.71438	0.17418	0.00400	0.00473	0.00508	0.00218	0.00242
41	0.01080	0.02327	0.13708	0.01138	0.11831	0.21704	0.08174	0.03735	0.27633	0.03229	0.00994	0.01062	0.00768	0.00439	0.00385	0.00123	0.00491	0.00352	0.00271	0.00558
42	0.00762	0.00653	0.00762	0.00544	0.00870	0.00490	0.00435	0.00925	0.00762	0.01197	0.00653	0.00762	0.00544	0.00272	0.00272	0.00054	0.00272	0.00218	0.00218	0.89338
43	0.01107	0.22113	0.03163	0.02452	0.01080	0.12264	0.02493	0.25559	0.19782	0.01486	0.04341	0.00970	0.00788	0.00421	0.00336	0.00105	0.00410	0.00319	0.00283	0.00531
44	0.00638	0.00319	0.00478	0.00478	0.00478	0.00319	0.00319	0.00478	0.00478	0.00638	0.00638	0.01116	0.00638	0.01276	0.01435	0.89314	0.00319	0.00319	0.00159	0.00159
45	0.00558	0.00328	0.00456	0.00483	0.00505	0.00316	0.00329	0.00502	0.00591	0.00776	0.01392	0.27080	0.09606	0.01223	0.02422	0.50509	0.00285	0.02181	0.00236	0.00222
46	0.00957	0.74434	0.07156	0.00708	0.01034	0.02420	0.05329	0.01105	0.00764	0.00912	0.02046	0.00663	0.00530	0.00325	0.00259	0.00084	0.00414	0.00223	0.00163	0.00474
47	0.15859	0.03065	0.57174	0.00904	0.01356	0.00827	0.03020	0.02199	0.00776	0.05259	0.00674	0.00770	0.00484	0.00348	0.00325	0.00111	0.00469	0.00264	0.00189	0.05927
48	0.07884	0.09804	0.08521	0.00886	0.05040	0.13397	0.02573	0.29881	0.10947	0.05046	0.00851	0.02095	0.00648	0.00413	0.00340	0.00108	0.00430	0.00312	0.00282	0.00541
49	0.00792	0.00738	0.01209	0.28127	0.41614	0.00809	0.00966	0.02652	0.00808	0.01117	0.05462	0.01139	0.03626	0.00505	0.03966	0.00137	0.05287	0.00364	0.00197	0.00485

[dist]
# distance from previous block
# <min> <max>
0	1

[block]
# block no. 4 follows, 75 sequences, length 55
# corresponding to MSA columns:
# 204-258
name=unknown_E
#
# <colnr> <probs for GDERKNQSTAVLIFYWHMCP>
#	G	D	E	R	K	N	Q	S	T	A	V	L	I	F	Y	W	H	M	C	P
0	0.00492	0.00411	0.00445	0.00451	0.01929	0.00370	0.00333	0.00666	0.06635	0.01102	0.14439	0.03254	0.63774	0.00869	0.00431	0.00124	0.00201	0.03385	0.00349	0.00339
1	0.00842	0.00650	0.00770	0.00554	0.00877	0.00494	0.00445	0.01004	0.00788	0.08852	0.00725	0.00806	0.00577	0.00289	0.00281	0.00060	0.00276	0.00231	0.00239	0.81239
2	0.01085	0.01048	0.10017	0.00866	0.01148	0.04895	0.05170	0.30778	0.37671	0.01724	0.01105	0.01080	0.00815	0.00446	0.00370	0.00117	0.00393	0.00363	0.00330	0.00581
3	0.03428	0.01016	0.12915	0.01137	0.17744	0.05680	0.06070	0.01551	0.39898	0.03837	0.01095	0.02275	0.00840	0.00428	0.00367	0.00118	0.00396	0.00370	0.00280	0.00554
4	0.00794	0.03159	0.00894	0.08065	0.04137	0.03866	0.00560	0.00955	0.00754	0.01126	0.00632	0.00781	0.00530	0.00321	0.00369	0.00074	0.08073	0.00241	0.00204	0.64464
5	0.00564	0.00377	0.00485	0.00471	0.00559	0.00345	0.00348	0.00710	0.00955	0.05745	0.56545	0.18106	0.09277	0.00813	0.00431	0.00121	0.00189	0.00718	0.02891	0.00349
6	0.01008	0.79628	0.01850	0.00653	0.00957	0.03921	0.00637	0.04550	0.00793	0.00926	0.00527	0.00607	0.00478	0.00327	0.00261	0.00082	0.01947	0.00205	0.00167	0.00475
7	0.00504	0.00370	0.00530	0.00554	0.00603	0.00406	0.00409	0.00606	0.00618	0.00866	0.01289	0.25490	0.01373	0.08445	0.55629	0.00449	0.00722	0.00586	0.00239	0.00312
8	0.00860	0.03370	0.01233	0.01668	0.53733	0.00825	0.00905	0.02495	0.15997	0.01238	0.01021	0.09838	0.00927	0.00471	0.00378	0.00118	0.00381	0.03759	0.00241	0.00540
9	0.00990	0.02161	0.13135	0.01202	0.24297	0.00694	0.07563	0.01230	0.04097	0.22843	0.03683	0.14389	0.01042	0.00509	0.00386	0.00119	0.00386	0.00462	0.00287	0.00527
10	0.00471	0.00368	0.00428	0.00425	0.00522	0.00324	0.00314	0.00595	0.00907	0.01187	0.37342	0.12615	0.41426	0.00880	0.00438	0.00123	0.00184	0.00759	0.00367	0.00324
11	0.00698	0.00657	0.01110	0.84460	0.04244	0.00817	0.01022	0.00942	0.00737	0.00944	0.00654	0.00978	0.00492	0.00366	0.00367	0.00122	0.00488	0.00326	0.00164	0.00412
12	0.02517	0.01539	0.57058	0.01012	0.01420	0.00904	0.04744	0.03062	0.05830	0.03099	0.00705	0.00835	0.00524	0.00409	0.00494	0.00124	0.14720	0.00298	0.00184	0.00521
13	0.02830	0.00874	0.00927	0.00773	0.01015	0.00987	0.00619	0.34730	0.46615	0.03292	0.01224	0.01157	0.00901	0.00470	0.00366	0.00118	0.00335	0.00375	0.01800	0.00592
14	0.00447	0.00320	0.00426	0.00511	0.00533	0.00298	0.00341	0.00511	0.00703	0.00938	0.02024	0.86853	0.02429	0.01151	0.00469	0.00149	0.00213	0.01044	0.00341	0.00298
15	0.00730	0.01854	0.82657	0.01029	0.01558	0.00838	0.01327	0.01149	0.00783	0.01172	0.03169	0.00834	0.00555	0.00361	0.00351	0.00116	0.00532	0.00283	0.00163	0.00537
16	0.00753	0.00623	0.00966	0.02569	0.36826	0.00623	0.00756	0.02274	0.04399	0.04153	0.01356	0.25909	0.01412	0.00697	0.00420	0.00132	0.00345	0.15054	0.00275	0.00458
17	0.01634	0.00647	0.00866	0.00664	0.00949	0.00572	0.00548	0.06237	0.01088	0.80556	0.01418	0.01230	0.00894	0.00454	0.00369	0.00113	0.00318	0.00367	0.00450	0.00625
18	0.00520	0.00375	0.00491	0.00462	0.00549	0.00347	0.00347	0.00693	0.01040	0.01473	0.84608	0.02743	0.03465	0.00751	0.00433	0.00116	0.00173	0.00664	0.00404	0.00347
19	0.00694	0.00653	0.01102	0.86210	0.02530	0.00816	0.01020	0.00938	0.00734	0.00938	0.00653	0.00979	0.00490	0.00367	0.00367	0.00122	0.00490	0.00326	0.00163	0.00408
20	0.00909	0.00873	0.01491	0.02254	0.84801	0.00873	0.01127	0.01127	0.00836	0.01200	0.00691	0.00909	0.00582	0.00327	0.00364	0.00109	0.00436	0.00327	0.00182	0.00582
21	0.00694	0.00653	0.01102	0.86210	0.02530	0.00816	0.01020	0.00938	0.00734	0.00938	0.00653	0.00979	0.00490	0.00367	0.00367	0.00122	0.00490	0.00326	0.00163	0.00408
22	0.00447	0.00320	0.00426	0.00511	0.00533	0.00298	0.00341	0.00511	0.00703	0.00938	0.02024	0.86853	0.02429	0.01151	0.00469	0.00149	0.00213	0.01044	0.00341	0.00298
23	0.00592	0.00423	0.00592	0.00676	0.00761	0.00423	0.00592	0.00761	0.00845	0.01099	0.01945	0.04143	0.02114	0.01015	0.00507	0.00169	0.00338	0.82329	0.00338	0.00338
24	0.01581	0.00680	0.00880	0.00680	0.00961	0.00628	0.00560	0.11133	0.05431	0.71287	0.01387	0.01214	0.00888	0.00455	0.00369	0.00114	0.00322	0.00367	0.00440	0.00623
25	0.00744	0.04619	0.82539	0.01033	0.01569	0.00872	0.01334	0.01161	0.00774	0.01154	0.00654	0.00769	0.00465	0.00348	0.00345	0.00115	0.00538	0.00269	0.00155	0.00541
26	0.00520	0.00375	0.00491	0.00462	0.00549	0.00347	0.00347	0.00693	0.01040	0.01473	0.84608	0.02743	0.03465	0.00751	0.00433	0.00116	0.00173	0.00664	0.00404	0.00347
27	0.00762	0.00653	0.00762	0.00544	0.00870	0.00490	0.00435	0.00925	0.00762	0.01197	0.00653	0.00762	0.00544	0.00272	0.00272	0.00054	0.00272	0.00218	0.00218	0.89338
28	0.00526	0.00390	0.00573	0.00573	0.00633	0.00450	0.00438	0.00645	0.00585	0.00840	0.00999	0.01528	0.00955	0.10231	0.78211	0.00569	0.00928	0.00406	0.00199	0.00319
29	0.89687	0.00710	0.00540	0.00483	0.00710	0.00824	0.00398	0.01080	0.00625	0.01648	0.00511	0.00597	0.00398	0.00341	0.00227	0.00114	0.00284	0.00199	0.00227	0.00398
30	0.00520	0.00375	0.00491	0.00462	0.00549	0.00347	0.00347	0.00693	0.01040	0.01473	0.84608	0.02743	0.03465	0.00751	0.00433	0.00116	0.00173	0.00664	0.00404	0.00347
31	0.00447	0.00320	0.00426	0.00511	0.00533	0.00298	0.00341	0.00511	0.00703	0.00938	0.02024	0.86853	0.02429	0.01151	0.00469	0.00149	0.00213	0.01044	0.00341	0.00298
32	0.00447	0.00320	0.00426	0.00511	0.00533	0.00298	0.00341	0.00511	0.00703	0.00938	0.02024	0.86853	0.02429	0.01151	0.00469	0.00149	0.00213	0.01044	0.00341	0.00298
33	0.01396	0.01029	0.01102	0.00845	0.01139	0.01139	0.00698	0.83577	0.01727	0.02315	0.00882	0.00882	0.00625	0.00441	0.00367	0.00110	0.00404	0.00331	0.00367	0.00625
34	0.89687	0.00710	0.00540	0.00483	0.00710	0.00824	0.00398	0.01080	0.00625	0.01648	0.00511	0.00597	0.00398	0.00341	0.00227	0.00114	0.00284	0.00199	0.00227	0.00398
35	0.89687	0.00710	0.00540	0.00483	0.00710	0.00824	0.00398	0.01080	0.00625	0.01648	0.00511	0.00597	0.00398	0.00341	0.00227	0.00114	0.00284	0.00199	0.00227	0.00398
36	0.00447	0.00320	0.00426	0.00511	0.00533	0.00298	0.00341	0.00511	0.00703	0.00938	0.02024	0.86853	0.02429	0.01151	0.00469	0.00149	0.00213	0.01044	0.00341	0.00298
