[name]
unknown

[dist]
# distance from previous block
# <min> <max>
0	97

[block]
# block no. 0 follows, 59 sequences, length 17
# corresponding to MSA columns:
# 127-143
name=unknown_A
#
# <colnr> <probs for GDERKNQSTAVLIFYWHMCP>
#	G	D	E	R	K	N	Q	S	T	A	V	L	I	F	Y	W	H	M	C	P
0	0.00631	0.00473	0.00710	0.00710	0.00789	0.00552	0.00552	0.00789	0.00710	0.01025	0.01183	0.01735	0.01104	0.03312	0.82728	0.00710	0.01183	0.00473	0.00237	0.00394
1	0.01120	0.03997	0.08607	0.01364	0.09467	0.09086	0.12077	0.09904	0.02444	0.01381	0.00782	0.01042	0.00659	0.00697	0.04757	0.00183	0.31236	0.00393	0.00236	0.00570
2	0.01397	0.01054	0.06436	0.07067	0.01407	0.01057	0.03306	0.29870	0.11374	0.17770	0.02609	0.01343	0.00955	0.03411	0.03540	0.00172	0.05740	0.00435	0.00394	0.00663
3	0.00633	0.00451	0.00523	0.00530	0.00651	0.00410	0.00393	0.00757	0.00957	0.05091	0.06706	0.18770	0.44132	0.01359	0.10560	0.00219	0.00353	0.00873	0.06236	0.00395
4	0.00638	0.00432	0.00505	0.00506	0.00519	0.00435	0.00301	0.00663	0.00688	0.00929	0.06027	0.05049	0.01753	0.71459	0.07979	0.00425	0.00466	0.00656	0.00282	0.00288
5	0.10441	0.07636	0.08383	0.06635	0.05398	0.08376	0.04686	0.26804	0.09373	0.05145	0.00992	0.01086	0.00746	0.01867	0.00441	0.00138	0.00514	0.00374	0.00328	0.00638
6	0.03466	0.31360	0.01887	0.01652	0.35060	0.08170	0.04231	0.01433	0.01000	0.06716	0.00798	0.00951	0.00660	0.00403	0.00378	0.00118	0.00523	0.00332	0.00232	0.00629
7	0.00664	0.00512	0.00606	0.00572	0.00699	0.00493	0.00427	0.00971	0.11141	0.01612	0.51204	0.03271	0.19945	0.05213	0.00601	0.00157	0.00241	0.00781	0.00454	0.00435
8	0.00851	0.00580	0.00708	0.00652	0.00764	0.00616	0.03684	0.08699	0.04803	0.01497	0.01532	0.17957	0.01474	0.12744	0.02394	0.00189	0.05140	0.00618	0.34659	0.00439
9	0.01240	0.01150	0.03768	0.12593	0.25614	0.11921	0.03026	0.09307	0.02705	0.09443	0.00919	0.01118	0.00719	0.00590	0.03399	0.00161	0.11052	0.00390	0.00273	0.00615
10	0.01101	0.01025	0.01442	0.07334	0.38540	0.03866	0.03513	0.05111	0.27081	0.01589	0.01238	0.02964	0.02201	0.00502	0.00447	0.00140	0.00476	0.00454	0.00309	0.00666
11	0.00834	0.00785	0.01325	0.83417	0.03042	0.00981	0.01227	0.01128	0.00883	0.01128	0.00785	0.01178	0.00589	0.00442	0.00442	0.00147	0.00589	0.00393	0.00196	0.00491
12	0.00694	0.00438	0.00551	0.00588	0.00630	0.00420	0.00392	0.00756	0.00803	0.06488	0.01941	0.37648	0.02213	0.36223	0.01267	0.00283	0.00349	0.07603	0.00359	0.00351
13	0.01301	0.01353	0.01437	0.18776	0.20732	0.27693	0.04154	0.10302	0.05798	0.02981	0.00874	0.01054	0.00683	0.00453	0.00430	0.00131	0.00618	0.00370	0.00262	0.00597
14	0.00802	0.00719	0.00944	0.00934	0.05623	0.05784	0.02389	0.00928	0.00749	0.01040	0.01034	0.01665	0.01014	0.16376	0.40015	0.00469	0.18393	0.00469	0.00231	0.00421
15	0.00667	0.00440	0.00589	0.00612	0.00679	0.00427	0.00436	0.00780	0.00925	0.05120	0.21957	0.34255	0.02679	0.11009	0.11669	0.02778	0.00402	0.03805	0.00390	0.00383
16	0.04695	0.03650	0.00997	0.00847	0.01020	0.21849	0.00659	0.04157	0.01096	0.14632	0.14708	0.09856	0.03156	0.00753	0.00645	0.05163	0.10736	0.00527	0.00348	0.00504

[dist]
# distance from previous block
# <min> <max>
0	1

[block]
# block no. 1 follows, 59 sequences, length 15
# corresponding to MSA columns:
# 145-159
name=unknown_B
#
# <colnr> <probs for GDERKNQSTAVLIFYWHMCP>
#	G	D	E	R	K	N	Q	S	T	A	V	L	I	F	Y	W	H	M	C	P
0	0.05754	0.01112	0.01346	0.48705	0.14920	0.18421	0.01127	0.01309	0.00974	0.01214	0.00761	0.01058	0.00596	0.00435	0.00423	0.00137	0.00610	0.00361	0.00211	0.00527
1	0.00640	0.00449	0.00537	0.00566	0.00648	0.00417	0.00393	0.00767	0.03565	0.04643	0.07538	0.37322	0.23404	0.14586	0.00813	0.00207	0.00283	0.02442	0.00399	0.00380
2	0.00972	0.00854	0.00786	0.00747	0.00875	0.15561	0.00546	0.10001	0.02915	0.04255	0.03364	0.30416	0.09034	0.11121	0.00735	0.00185	0.03178	0.00764	0.03241	0.00450
3	0.04894	0.00485	0.00585	0.00578	0.00673	0.00455	0.00400	0.00869	0.00897	0.10067	0.12239	0.30366	0.07869	0.23703	0.00978	0.00229	0.00314	0.00838	0.00385	0.03173
4	0.02283	0.00686	0.00790	0.00797	0.05238	0.00714	0.00563	0.11008	0.19517	0.01606	0.10638	0.20745	0.19907	0.02796	0.00535	0.00158	0.00314	0.00777	0.00415	0.00514
5	0.00725	0.00495	0.00602	0.00616	0.00715	0.00479	0.00447	0.03978	0.05263	0.05322	0.08419	0.35574	0.15667	0.06749	0.02666	0.02775	0.00311	0.04959	0.03825	0.00413
6	0.04342	0.00976	0.01101	0.00879	0.01192	0.01030	0.00715	0.34730	0.16585	0.26072	0.04184	0.01464	0.03533	0.00575	0.00444	0.00138	0.00406	0.00455	0.00470	0.00710
7	0.04154	0.00478	0.00554	0.00554	0.00655	0.00455	0.00398	0.00813	0.04852	0.02684	0.20043	0.17154	0.25324	0.10990	0.00811	0.06709	0.00279	0.02319	0.00392	0.00381
8	0.02684	0.00506	0.00602	0.00597	0.00705	0.00487	0.00424	0.02476	0.05755	0.09524	0.09835	0.31614	0.14194	0.14371	0.00785	0.00200	0.00297	0.00867	0.03652	0.00425
9	0.02619	0.00758	0.07970	0.00797	0.01007	0.00621	0.08935	0.05389	0.02716	0.07160	0.12507	0.20225	0.17817	0.06631	0.00626	0.00172	0.00370	0.02824	0.00380	0.00474
10	0.17657	0.00945	0.00949	0.00796	0.01064	0.03422	0.00637	0.24749	0.19531	0.09154	0.04157	0.01536	0.06865	0.02702	0.00460	0.00145	0.00386	0.00450	0.03777	0.00616
11	0.00698	0.00465	0.00572	0.00586	0.00678	0.00435	0.00416	0.00844	0.04409	0.06989	0.14719	0.33652	0.17723	0.10339	0.00761	0.03084	0.00282	0.02538	0.00410	0.00398
12	0.00809	0.00546	0.00655	0.00632	0.00761	0.00532	0.00469	0.06876	0.05833	0.08138	0.15967	0.25468	0.16905	0.07034	0.03374	0.00193	0.00322	0.03219	0.01818	0.00451
13	0.00725	0.02981	0.00666	0.00628	0.00748	0.00535	0.00467	0.05442	0.05420	0.04360	0.09597	0.34007	0.21310	0.03179	0.05117	0.00196	0.00334	0.03450	0.00406	0.00431
14	0.05264	0.04543	0.03215	0.03659	0.03037	0.04571	0.02833	0.17130	0.16626	0.18807	0.06078	0.01459	0.01144	0.03489	0.03841	0.02372	0.00465	0.00444	0.00394	0.00629

[dist]
# distance from previous block
# <min> <max>
8	29

[block]
# block no. 2 follows, 59 sequences, length 34
# corresponding to MSA columns:
# 200-213,221-234,240-245
name=unknown_C
#
# <colnr> <probs for GDERKNQSTAVLIFYWHMCP>
#	G	D	E	R	K	N	Q	S	T	A	V	L	I	F	Y	W	H	M	C	P
0	0.03253	0.03076	0.00953	0.00914	0.05336	0.00788	0.00643	0.11707	0.06729	0.08646	0.04938	0.22974	0.05659	0.12845	0.04067	0.00243	0.00449	0.05774	0.00433	0.00573
1	0.00732	0.00546	0.02631	0.00606	0.00710	0.00506	0.00446	0.04629	0.05152	0.03633	0.07982	0.17956	0.17951	0.19321	0.03930	0.09946	0.00363	0.02218	0.00356	0.00385
2	0.00777	0.00616	0.00727	0.00616	0.00841	0.00523	0.00466	0.00986	0.04748	0.01384	0.09849	0.14175	0.06054	0.07507	0.02613	0.00149	0.00324	0.02405	0.05031	0.40209
3	0.04176	0.00511	0.00619	0.00586	0.00724	0.00468	0.00430	0.00839	0.00946	0.04128	0.19211	0.21157	0.13948	0.08503	0.08863	0.00221	0.00367	0.00762	0.00374	0.13165
4	0.01025	0.03094	0.04810	0.24679	0.49466	0.03951	0.01267	0.01284	0.00961	0.01310	0.00804	0.01098	0.00658	0.00446	0.00474	0.02915	0.00551	0.00382	0.00210	0.00614
5	0.15052	0.00576	0.00639	0.00595	0.00734	0.00585	0.00439	0.02668	0.05473	0.09225	0.14997	0.08416	0.10645	0.16504	0.02191	0.07492	0.00339	0.01605	0.01400	0.00426
6	0.02349	0.00543	0.00643	0.00591	0.00761	0.00465	0.00432	0.00856	0.00905	0.04678	0.05042	0.26389	0.16027	0.11051	0.00684	0.00169	0.00301	0.03198	0.00357	0.24560
7	0.02385	0.00524	0.00659	0.00678	0.02413	0.00497	0.00485	0.04332	0.02635	0.07276	0.15172	0.38488	0.09052	0.04283	0.00587	0.00169	0.00292	0.05496	0.00416	0.04161
8	0.00578	0.00436	0.00541	0.00563	0.00653	0.00398	0.01822	0.00697	0.00953	0.01260	0.14179	0.34312	0.28504	0.04737	0.02848	0.00185	0.00279	0.01829	0.04849	0.00376
9	0.04979	0.00564	0.00671	0.00652	0.00731	0.04700	0.00475	0.00863	0.00749	0.04776	0.03161	0.01964	0.01227	0.21977	0.35021	0.13692	0.00739	0.02436	0.00263	0.00361
10	0.00732	0.00528	0.00624	0.00613	0.00719	0.00523	0.00440	0.04784	0.09762	0.03448	0.22694	0.26325	0.11359	0.12720	0.00758	0.00192	0.00288	0.00854	0.02207	0.00430
11	0.24704	0.00840	0.00915	0.00746	0.01032	0.00871	0.00607	0.17663	0.04530	0.29499	0.08820	0.02972	0.01195	0.00557	0.00403	0.00136	0.00365	0.00430	0.03088	0.00626
12	0.00827	0.00561	0.00674	0.00665	0.00765	0.00570	0.00484	0.14016	0.01058	0.03726	0.05011	0.36425	0.02126	0.15981	0.02878	0.00223	0.00358	0.06979	0.06242	0.00430
13	0.00731	0.00535	0.00635	0.00635	0.00729	0.00545	0.00453	0.04151	0.10799	0.03292	0.03953	0.31944	0.16452	0.12997	0.02833	0.05085	0.02579	0.00860	0.00379	0.00413
14	0.00677	0.00495	0.00632	0.00650	0.00740	0.00479	0.02423	0.04983	0.04118	0.02583	0.06048	0.50399	0.12320	0.05850	0.00631	0.00181	0.00293	0.03277	0.02814	0.00407
15	0.00566	0.00441	0.00511	0.00515	0.00627	0.00390	0.00379	0.00706	0.01061	0.01380	0.30978	0.14548	0.40693	0.03164	0.00572	0.00158	0.00231	0.02263	0.00433	0.00384
16	0.00880	0.00759	0.01174	0.16601	0.17678	0.00776	0.07775	0.04504	0.04013	0.03687	0.14628	0.02261	0.18372	0.00673	0.00478	0.00142	0.00419	0.02197	0.02455	0.00528
17	0.00761	0.00691	0.02958	0.00886	0.03019	0.00648	0.15340	0.04175	0.01006	0.01371	0.11865	0.13217	0.20926	0.07545	0.02763	0.00185	0.04429	0.00730	0.07036	0.00449
18	0.01229	0.00759	0.00889	0.00779	0.01005	0.00790	0.00616	0.10458	0.25975	0.21147	0.09123	0.10372	0.01698	0.00719	0.00464	0.00146	0.00340	0.05431	0.07444	0.00615
19	0.00883	0.00854	0.01352	0.74993	0.08004	0.04229	0.01220	0.01168	0.00906	0.01147	0.00784	0.01157	0.00595	0.00439	0.00440	0.00145	0.00593	0.00388	0.00199	0.00505
20	0.03432	0.11362	0.09729	0.01980	0.50134	0.02430	0.01169	0.03192	0.01017	0.01427	0.03857	0.01312	0.05042	0.00467	0.00421	0.00130	0.00501	0.01519	0.00241	0.00639
21	0.02870	0.01499	0.01219	0.05360	0.05775	0.42311	0.04055	0.13902	0.01278	0.02695	0.01105	0.05509	0.05002	0.00592	0.01753	0.00136	0.00632	0.00418	0.03344	0.00545
22	0.01015	0.00932	0.00899	0.00831	0.00980	0.16645	0.00633	0.05250	0.15812	0.03484	0.01217	0.01609	0.01072	0.11334	0.33612	0.00399	0.03036	0.00454	0.00296	0.00489
23	0.00776	0.00574	0.00747	0.00717	0.00846	0.00559	0.04338	0.11974	0.01095	0.03771	0.06229	0.45160	0.15279	0.01116	0.00535	0.00164	0.00316	0.04946	0.00413	0.00444
24	0.00985	0.00985	0.03550	0.05984	0.06561	0.01183	0.05726	0.01427	0.21278	0.01328	0.01104	0.01308	0.04100	0.00665	0.00947	0.00169	0.41423	0.00445	0.00271	0.00560
25	0.00622	0.00465	0.00579	0.00554	0.00666	0.00431	0.00414	0.00846	0.04006	0.01654	0.63086	0.07301	0.15828	0.00948	0.00521	0.00143	0.00218	0.00831	0.00470	0.00417
26	0.03303	0.17335	0.31104	0.04796	0.07540	0.10095	0.11608	0.06720	0.01051	0.01398	0.00776	0.00935	0.00599	0.00416	0.00405	0.00129	0.00616	0.00341	0.00218	0.00612
27	0.01000	0.00805	0.00866	0.00778	0.00925	0.07658	0.00590	0.22623	0.01125	0.01485	0.01230	0.06990	0.01180	0.18549	0.31733	0.00411	0.00748	0.00521	0.00309	0.00474
28	0.01107	0.04550	0.01055	0.02062	0.06190	0.04130	0.00675	0.27615	0.01287	0.01729	0.01358	0.18515	0.02363	0.07449	0.02301	0.00167	0.00434	0.02685	0.00351	0.13976
29	0.45928	0.00904	0.00925	0.06778	0.08404	0.03764	0.00680	0.06479	0.01982	0.01774	0.06274	0.02454	0.00850	0.00492	0.00419	0.00137	0.05797	0.00346	0.00286	0.05327
30	0.02721	0.00699	0.00962	0.02894	0.02912	0.03627	0.04773	0.03608	0.00853	0.09284	0.01128	0.01602	0.01005	0.10093	0.41748	0.00455	0.08772	0.00459	0.00272	0.02134
31	0.04321	0.01092	0.03436	0.06038	0.39188	0.01115	0.04235	0.22075	0.07138	0.05538	0.00995	0.01135	0.00761	0.00454	0.00437	0.00135	0.00503	0.00403	0.00309	0.00692
32	0.01400	0.01357	0.01152	0.00997	0.01265	0.25106	0.00778	0.20931	0.38567	0.01848	0.01293	0.01257	0.00976	0.00540	0.00433	0.00135	0.00514	0.00412	0.00382	0.00657
33	0.00702	0.01760	0.00654	0.00675	0.02682	0.00503	0.00465	0.03603	0.02191	0.03614	0.06505	0.41953	0.12105	0.08598	0.00817	0.07404	0.03245	0.01763	0.00374	0.00389

[dist]
# distance from previous block
# <min> <max>
11	19

[block]
# block no. 3 follows, 59 sequences, length 18
# corresponding to MSA columns:
# 272-289
name=unknown_D
#
# <colnr> <probs for GDERKNQSTAVLIFYWHMCP>
#	G	D	E	R	K	N	Q	S	T	A	V	L	I	F	Y	W	H	M	C	P
0	0.11715	0.00545	0.00598	0.00581	0.00719	0.00536	0.00432	0.03996	0.02367	0.07978	0.08322	0.22203	0.19414	0.08707	0.00636	0.00176	0.00293	0.03122	0.07226	0.00431
1	0.08459	0.00580	0.00644	0.00593	0.00759	0.00567	0.00446	0.01160	0.10547	0.13132	0.14767	0.08005	0.24278	0.10680	0.00679	0.00178	0.00294	0.00699	0.03064	0.00471
2	0.00684	0.00549	0.00781	0.00749	0.00808	0.00665	0.00581	0.00812	0.00706	0.01018	0.01218	0.01826	0.03785	0.12180	0.57194	0.00573	0.14744	0.00494	0.00239	0.00394
3	0.08526	0.00663	0.00744	0.00686	0.00852	0.00691	0.00523	0.13444	0.08937	0.07690	0.06316	0.19363	0.09117	0.07144	0.02638	0.03007	0.00355	0.04048	0.04766	0.00491
4	0.02646	0.00524	0.00629	0.00608	0.00745	0.00493	0.00455	0.02306	0.05298	0.12014	0.17258	0.21672	0.21906	0.06574	0.00630	0.00173	0.00285	0.04902	0.00432	0.00448
5	0.05133	0.02858	0.01210	0.00930	0.01248	0.05922	0.00763	0.59645	0.01801	0.05948	0.01079	0.01101	0.00778	0.00517	0.00416	0.00128	0.00465	0.00385	0.08984	0.00689
6	0.12145	0.01101	0.01067	0.00872	0.01160	0.10730	0.00699	0.33803	0.06984	0.15355	0.01234	0.01282	0.02806	0.03890	0.02431	0.00158	0.00478	0.00404	0.02760	0.00640
7	0.03963	0.00468	0.00561	0.02681	0.00700	0.00464	0.00413	0.00786	0.02387	0.02845	0.06095	0.22370	0.17897	0.17974	0.08966	0.02679	0.00392	0.02165	0.05822	0.00372
8	0.00733	0.00556	0.02681	0.00636	0.00743	0.02052	0.00474	0.02197	0.06657	0.05000	0.02361	0.42634	0.12510	0.05957	0.00611	0.00176	0.00300	0.04424	0.08877	0.00422
9	0.00632	0.00461	0.00547	0.00548	0.00649	0.00433	0.00393	0.00780	0.03407	0.03713	0.16935	0.17685	0.30323	0.13345	0.07924	0.00241	0.00348	0.00856	0.00393	0.00386
10	0.08526	0.00811	0.00904	0.00768	0.00981	0.02519	0.00597	0.18840	0.10279	0.17282	0.01383	0.03023	0.02992	0.14720	0.09329	0.03824	0.01808	0.00477	0.00379	0.00558
11	0.13918	0.00759	0.00840	0.00783	0.02822	0.03952	0.02360	0.13766	0.04325	0.05590	0.03104	0.20476	0.03103	0.12614	0.04588	0.03522	0.02021	0.00631	0.00348	0.00479
12	0.03071	0.00625	0.00747	0.00659	0.00848	0.00602	0.00513	0.09632	0.05006	0.18201	0.26074	0.09539	0.17119	0.02784	0.00533	0.00152	0.00299	0.02618	0.00460	0.00520
13	0.00745	0.00486	0.00607	0.00600	0.00682	0.00476	0.00421	0.00885	0.04046	0.08449	0.15466	0.26311	0.08842	0.23015	0.04715	0.00255	0.02383	0.00832	0.00386	0.00399
14	0.12319	0.02125	0.00960	0.06373	0.06054	0.06313	0.02463	0.12439	0.01063	0.03406	0.01692	0.07219	0.15439	0.07950	0.06648	0.00210	0.04311	0.02203	0.00319	0.00493
15	0.11830	0.21001	0.01215	0.00744	0.00987	0.01014	0.03978	0.12149	0.05309	0.04243	0.06544	0.08933	0.04402	0.11832	0.00643	0.00169	0.00400	0.00505	0.01686	0.02415
16	0.01070	0.04032	0.01436	0.01082	0.01346	0.05649	0.27289	0.07784	0.02306	0.08185	0.08335	0.10550	0.01383	0.05866	0.00577	0.00157	0.00491	0.00578	0.11352	0.00531
17	0.00816	0.00687	0.00732	0.02703	0.04133	0.07719	0.00513	0.06915	0.04964	0.01308	0.11408	0.25122	0.06883	0.22975	0.00963	0.00225	0.00382	0.00776	0.00357	0.00420

[dist]
# distance from previous block
# <min> <max>
5	22

[block]
# block no. 4 follows, 59 sequences, length 8
# corresponding to MSA columns:
# 323-330
name=unknown_E
#
# <colnr> <probs for GDERKNQSTAVLIFYWHMCP>
#	G	D	E	R	K	N	Q	S	T	A	V	L	I	F	Y	W	H	M	C	P
0	0.04212	0.00905	0.00931	0.02564	0.02971	0.11098	0.02351	0.16476	0.05020	0.06127	0.13871	0.13399	0.12584	0.00775	0.00472	0.00141	0.00401	0.02337	0.00392	0.02972
1	0.01107	0.01114	0.04446	0.01065	0.06622	0.19077	0.10813	0.07831	0.01073	0.05039	0.03513	0.08350	0.03846	0.19300	0.00854	0.00198	0.00538	0.00534	0.00296	0.04382
2	0.03250	0.19484	0.03409	0.00745	0.00930	0.02690	0.00629	0.03517	0.00901	0.07366	0.02996	0.15360	0.02963	0.04153	0.19526	0.00279	0.06779	0.00546	0.03997	0.00480
3	0.00842	0.00877	0.07700	0.04061	0.02558	0.06757	0.09365	0.03641	0.00888	0.02372	0.01322	0.03913	0.06452	0.07743	0.36971	0.00414	0.02898	0.00507	0.00257	0.00463
4	0.03651	0.00784	0.04276	0.38014	0.08279	0.00837	0.03174	0.02966	0.00863	0.04061	0.00938	0.04328	0.00822	0.07434	0.02978	0.12562	0.02893	0.00443	0.00233	0.00464
5	0.00843	0.00590	0.00702	0.00724	0.00809	0.00534	0.00499	0.00892	0.01062	0.03963	0.17949	0.35645	0.12536	0.14087	0.03728	0.00260	0.00386	0.03839	0.00467	0.00485
6	0.03504	0.00669	0.00743	0.00701	0.00816	0.07368	0.01787	0.01045	0.05319	0.06658	0.01574	0.10023	0.06747	0.16652	0.25738	0.00367	0.03212	0.00582	0.06068	0.00427
7	0.00777	0.00632	0.03607	0.00660	0.00801	0.02259	0.00522	0.04816	0.07133	0.03699	0.23988	0.09355	0.11754	0.09927	0.09456	0.00237	0.00411	0.05778	0.03742	0.00445

[dist]
# distance from previous block
# <min> <max>
0	3

[block]
# block no. 5 follows, 59 sequences, length 13
# corresponding to MSA columns:
# 335-347
name=unknown_F
#
# <colnr> <probs for GDERKNQSTAVLIFYWHMCP>
#	G	D	E	R	K	N	Q	S	T	A	V	L	I	F	Y	W	H	M	C	P
0	0.02927	0.00656	0.00809	0.00701	0.00866	0.00659	0.01749	0.12838	0.07237	0.08148	0.07221	0.05384	0.04328	0.07436	0.02341	0.27379	0.00387	0.00500	0.00334	0.08098
1	0.11576	0.00532	0.00597	0.00576	0.00691	0.00533	0.00413	0.00958	0.04133	0.07812	0.14160	0.13412	0.10982	0.23921	0.04509	0.00250	0.00359	0.02277	0.01902	0.00408
2	0.00797	0.00552	0.00671	0.00654	0.00773	0.00557	0.00484	0.06750	0.07152	0.06619	0.07367	0.23907	0.13641	0.12133	0.11916	0.00269	0.00436	0.04493	0.00387	0.00441
3	0.00788	0.00625	0.00652	0.00622	0.00766	0.04657	0.00465	0.08463	0.04683	0.03691	0.14932	0.19270	0.30673	0.03897	0.00568	0.00159	0.00301	0.02016	0.02331	0.00443
4	0.04577	0.00827	0.00957	0.00734	0.01063	0.00755	0.00594	0.18226	0.01264	0.18653	0.07532	0.01491	0.06965	0.00522	0.00403	0.00109	0.00355	0.00419	0.00389	0.34165
5	0.04327	0.00591	0.00686	0.00649	0.00793	0.00594	0.00481	0.04348	0.13605	0.09719	0.16356	0.20851	0.12316	0.10359	0.00695	0.00184	0.00305	0.02241	0.00423	0.00476
6	0.00706	0.00472	0.00584	0.00582	0.00675	0.00445	0.00418	0.02737	0.02455	0.05445	0.22372	0.22477	0.16478	0.11599	0.00838	0.06899	0.00289	0.03736	0.00403	0.00389
7	0.00663	0.00526	0.00843	0.00786	0.00889	0.00589	0.06672	0.00829	0.00732	0.01046	0.01172	0.01757	0.01098	0.07561	0.71951	0.00651	0.01108	0.00486	0.00237	0.00403
8	0.01521	0.01200	0.01158	0.00957	0.01253	0.13764	0.00764	0.32290	0.25109	0.13346	0.03164	0.01307	0.01026	0.00550	0.00439	0.00135	0.00472	0.00426	0.00427	0.00691
9	0.00895	0.00511	0.00630	0.00597	0.00742	0.00464	0.00443	0.01062	0.03782	0.18709	0.14247	0.24983	0.21273	0.05081	0.00589	0.00165	0.00277	0.00843	0.04241	0.00465
10	0.01134	0.04063	0.02169	0.03526	0.01996	0.16650	0.54149	0.01430	0.01054	0.01309	0.00880	0.01205	0.00704	0.00522	0.03396	0.00162	0.02531	0.02332	0.00227	0.00562
11	0.00986	0.00956	0.01520	0.01221	0.01355	0.01161	0.19462	0.06265	0.00866	0.01269	0.00829	0.03287	0.00767	0.05681	0.03303	0.00203	0.46358	0.00459	0.03545	0.00506
12	0.00853	0.00603	0.00709	0.00669	0.00797	0.04036	0.01641	0.05711	0.02250	0.09409	0.22392	0.27221	0.10532	0.05298	0.02762	0.00181	0.01647	0.00831	0.02007	0.00452

[dist]
# distance from previous block
# <min> <max>
0	1

[block]
# block no. 6 follows, 59 sequences, length 14
# corresponding to MSA columns:
# 349-358,365-368
name=unknown_G
#
# <colnr> <probs for GDERKNQSTAVLIFYWHMCP>
#	G	D	E	R	K	N	Q	S	T	A	V	L	I	F	Y	W	H	M	C	P
0	0.00775	0.00506	0.00622	0.00598	0.00734	0.00472	0.00455	0.03654	0.01060	0.10416	0.19146	0.15111	0.27413	0.04280	0.08168	0.00214	0.00358	0.05164	0.00421	0.00436
1	0.00764	0.00561	0.00670	0.00682	0.03841	0.00587	0.00439	0.07864	0.03933	0.01159	0.01613	0.11174	0.05685	0.49830	0.04700	0.00337	0.02956	0.02518	0.00310	0.00374
2	0.01120	0.46769	0.14725	0.01080	0.01494	0.07019	0.16932	0.01362	0.00955	0.01177	0.00758	0.03355	0.00657	0.00419	0.00369	0.00116	0.00571	0.00342	0.00205	0.00576
3	0.00836	0.00701	0.01087	0.22924	0.13726	0.02015	0.04698	0.01033	0.00940	0.05570	0.04717	0.23749	0.08044	0.00916	0.04473	0.00181	0.01811	0.01782	0.00311	0.00488
4	0.06343	0.43683	0.03486	0.00886	0.01184	0.22076	0.04012	0.01370	0.00956	0.01113	0.00715	0.00958	0.00659	0.07919	0.00533	0.00138	0.02932	0.00303	0.00212	0.00522
5	0.00865	0.00795	0.01297	0.44595	0.22601	0.00903	0.01106	0.01153	0.03597	0.01238	0.01151	0.06104	0.04057	0.00692	0.04669	0.00176	0.00555	0.03676	0.00241	0.00531
6	0.00537	0.00387	0.00509	0.00607	0.00638	0.00359	0.00406	0.00616	0.00853	0.01131	0.02534	0.80285	0.06762	0.01371	0.00562	0.00178	0.00255	0.01240	0.00410	0.00359
7	0.01176	0.03107	0.01277	0.03864	0.09325	0.07421	0.07536	0.21251	0.10964	0.02755	0.03830	0.02571	0.07169	0.02369	0.00522	0.00143	0.03260	0.03874	0.01440	0.06146
8	0.00625	0.00429	0.00490	0.00497	0.00515	0.00424	0.00295	0.00646	0.00689	0.00910	0.01709	0.08467	0.08302	0.68613	0.05283	0.00400	0.00430	0.00701	0.00288	0.00288
9	0.04528	0.05480	0.06196	0.05637	0.11285	0.12441	0.09905	0.09101	0.04268	0.06783	0.00958	0.01080	0.01890	0.00432	0.00406	0.00119	0.00524	0.00364	0.00282	0.18324
10	0.00708	0.00591	0.00889	0.00790	0.00899	0.00632	0.09788	0.00845	0.00807	0.01107	0.01766	0.04178	0.14221	0.19855	0.24425	0.00376	0.09145	0.04959	0.03622	0.00396
11	0.57752	0.06217	0.12144	0.00783	0.01109	0.01045	0.04757	0.01319	0.00820	0.03712	0.02431	0.00858	0.00605	0.00439	0.00373	0.00138	0.04429	0.00290	0.00261	0.00519
12	0.01164	0.00929	0.01047	0.02783	0.08139	0.07245	0.00725	0.19881	0.11281	0.07569	0.18690	0.06017	0.03696	0.02534	0.02210	0.00159	0.04398	0.00555	0.00396	0.00584
13	0.00970	0.00997	0.06933	0.03108	0.03988	0.04903	0.22598	0.05452	0.07572	0.03284	0.01209	0.05005	0.02382	0.16878	0.09026	0.00257	0.04116	0.00528	0.00278	0.00516

[dist]
# distance from previous block
# <min> <max>
0	1

[block]
# block no. 7 follows, 59 sequences, length 13
# corresponding to MSA columns:
# 370-382
name=unknown_H
#
# <colnr> <probs for GDERKNQSTAVLIFYWHMCP>
#	G	D	E	R	K	N	Q	S	T	A	V	L	I	F	Y	W	H	M	C	P
0	0.00892	0.02840	0.01217	0.27386	0.07327	0.02838	0.00938	0.02511	0.02368	0.01155	0.02713	0.01401	0.02494	0.07626	0.09282	0.00238	0.25631	0.00435	0.00228	0.00482
1	0.00992	0.01129	0.08892	0.01297	0.03514	0.07526	0.33742	0.04410	0.02367	0.03201	0.14087	0.04377	0.08989	0.00595	0.00520	0.00145	0.02789	0.00577	0.00304	0.00548
2	0.01160	0.05912	0.13030	0.06519	0.12452	0.08851	0.01014	0.10997	0.03012	0.05538	0.00912	0.04588	0.00764	0.00543	0.00610	0.00139	0.16092	0.00396	0.00268	0.07201
3	0.00893	0.00753	0.00899	0.03632	0.01076	0.00603	0.00544	0.01088	0.00918	0.01431	0.03229	0.02953	0.00828	0.00392	0.00369	0.00078	0.02365	0.00315	0.04229	0.73406
4	0.00985	0.04214	0.18628	0.09018	0.08866	0.01065	0.41360	0.02943	0.01014	0.01389	0.01017	0.02690	0.03803	0.00440	0.00477	0.00144	0.00650	0.00475	0.00227	0.00596
5	0.01216	0.07628	0.07833	0.06370	0.08019	0.06277	0.11610	0.20037	0.08711	0.04919	0.01079	0.04087	0.00882	0.05997	0.00555	0.00153	0.00528	0.00441	0.00312	0.03344
6	0.00860	0.00689	0.05717	0.03762	0.03501	0.00653	0.00637	0.03804	0.06790	0.08448	0.11317	0.01965	0.01504	0.14256	0.33657	0.00411	0.00717	0.00522	0.00318	0.00473
7	0.00550	0.00430	0.00494	0.00528	0.00622	0.00386	0.00377	0.00651	0.00927	0.01165	0.06129	0.28639	0.42747	0.07637	0.03850	0.00203	0.00292	0.03614	0.00395	0.00364
8	0.02374	0.00800	0.01884	0.02758	0.06892	0.06433	0.02977	0.07642	0.06566	0.13470	0.02562	0.14736	0.04515	0.17029	0.02502	0.00215	0.00444	0.05328	0.00364	0.00511
9	0.07834	0.06152	0.04116	0.03932	0.14710	0.03850	0.00855	0.22856	0.08466	0.12899	0.02775	0.07483	0.01025	0.00560	0.00428	0.00136	0.00450	0.00457	0.00365	0.00649
10	0.03772	0.01041	0.01400	0.25619	0.25496	0.10924	0.04124	0.05247	0.01018	0.01337	0.01071	0.04463	0.05615	0.00531	0.00514	0.00142	0.06438	0.00446	0.00244	0.00559
11	0.00755	0.00605	0.00671	0.00690	0.02718	0.05456	0.00487	0.03610	0.04297	0.02970	0.13880	0.31525	0.16352	0.02799	0.00619	0.05140	0.00315	0.02956	0.00390	0.03765
12	0.05191	0.00852	0.02401	0.07984	0.18121	0.00848	0.01738	0.03917	0.03193	0.04807	0.01091	0.04845	0.03691	0.05666	0.02643	0.00159	0.09397	0.00430	0.00274	0.22754

[dist]
# distance from previous block
# <min> <max>
0	7

[block]
# block no. 8 follows, 59 sequences, length 7
# corresponding to MSA columns:
# 390-396
name=unknown_I
#
# <colnr> <probs for GDERKNQSTAVLIFYWHMCP>
#	G	D	E	R	K	N	Q	S	T	A	V	L	I	F	Y	W	H	M	C	P
0	0.02448	0.11695	0.03255	0.08690	0.22847	0.08081	0.06278	0.05325	0.05177	0.02619	0.01041	0.04150	0.02940	0.01967	0.05736	0.00170	0.01825	0.00422	0.00258	0.05076
1	0.03109	0.00704	0.00891	0.00836	0.04611	0.00708	0.04425	0.18331	0.01199	0.06210	0.07912	0.16632	0.14648	0.10939	0.00711	0.00186	0.00375	0.06685	0.00392	0.00497
2	0.00718	0.00504	0.00654	0.00725	0.05869	0.00478	0.00480	0.03094	0.00982	0.05358	0.15923	0.29701	0.13767	0.14344	0.00803	0.00202	0.00309	0.05279	0.00396	0.00412
3	0.17482	0.00796	0.02823	0.02619	0.08048	0.00794	0.04012	0.10254	0.05746	0.05639	0.15195	0.04055	0.13652	0.02235	0.00483	0.00149	0.00369	0.04748	0.00372	0.00528
4	0.03947	0.01069	0.01226	0.07500	0.29421	0.16927	0.00914	0.01299	0.06130	0.01318	0.04223	0.05420	0.10072	0.04944	0.00574	0.00152	0.03538	0.00501	0.00277	0.00547
5	0.05843	0.00851	0.00961	0.04785	0.01133	0.00902	0.00652	0.29793	0.06999	0.17165	0.01473	0.06712	0.03666	0.00598	0.00420	0.00134	0.00378	0.00480	0.16435	0.00621
6	0.09593	0.00563	0.00641	0.00623	0.00759	0.00560	0.00466	0.06485	0.03445	0.06990	0.13930	0.26423	0.13772	0.07037	0.00621	0.00175	0.00299	0.04893	0.02281	0.00443

[dist]
# distance from previous block
# <min> <max>
4	12

[block]
# block no. 9 follows, 59 sequences, length 9
# corresponding to MSA columns:
# 409-417
name=unknown_J
#
# <colnr> <probs for GDERKNQSTAVLIFYWHMCP>
#	G	D	E	R	K	N	Q	S	T	A	V	L	I	F	Y	W	H	M	C	P
0	0.03709	0.00730	0.00815	0.00724	0.00924	0.00763	0.00557	0.11059	0.22884	0.10824	0.06739	0.08284	0.10617	0.10891	0.00681	0.00180	0.00346	0.03769	0.02970	0.02534
1	0.00689	0.00493	0.00579	0.00567	0.00654	0.00484	0.00395	0.04102	0.03856	0.03011	0.13900	0.14567	0.18479	0.28344	0.07677	0.00287	0.00388	0.00779	0.00367	0.00381
2	0.00982	0.00633	0.00749	0.00675	0.00854	0.00622	0.00527	0.13725	0.04489	0.12691	0.18480	0.12053	0.17929	0.04225	0.00571	0.00161	0.00315	0.07273	0.02540	0.00506
3	0.04853	0.00882	0.04647	0.00842	0.01082	0.02436	0.03907	0.17983	0.10223	0.13356	0.08048	0.17002	0.07185	0.02398	0.00537	0.00154	0.02840	0.00641	0.00411	0.00575
4	0.00899	0.00763	0.00888	0.00668	0.01018	0.00610	0.00527	0.01173	0.07345	0.01468	0.04162	0.05546	0.00971	0.00429	0.00357	0.00081	0.00320	0.00356	0.00294	0.72125
5	0.00579	0.00442	0.00521	0.00530	0.00628	0.00394	0.00375	0.00697	0.00984	0.01294	0.22723	0.24993	0.30067	0.09780	0.00705	0.00181	0.00254	0.00930	0.00409	0.03515
6	0.03516	0.00667	0.00762	0.00804	0.07271	0.04322	0.00544	0.03757	0.10297	0.05026	0.22004	0.16084	0.08826	0.05555	0.00572	0.00159	0.00319	0.00706	0.08328	0.00482
7	0.00818	0.00650	0.00864	0.00782	0.00912	0.00722	0.04163	0.10092	0.08335	0.01322	0.01555	0.07417	0.07680	0.12888	0.34839	0.00421	0.05201	0.00576	0.00307	0.00457
8	0.13823	0.00593	0.00711	0.00728	0.04618	0.00623	0.00505	0.02788	0.03933	0.06792	0.04820	0.16034	0.07899	0.13251	0.09866	0.08875	0.02762	0.00629	0.00328	0.00423

[dist]
# distance from previous block
# <min> <max>
4	76

[block]
# block no. 10 follows, 59 sequences, length 62
# corresponding to MSA columns:
# 497-504,514-539,541-557,561-571
name=unknown_K
#
# <colnr> <probs for GDERKNQSTAVLIFYWHMCP>
#	G	D	E	R	K	N	Q	S	T	A	V	L	I	F	Y	W	H	M	C	P
0	0.02111	0.01013	0.02151	0.11180	0.07937	0.04511	0.00849	0.25218	0.09585	0.04251	0.02178	0.05938	0.00941	0.00596	0.01540	0.00143	0.07542	0.00441	0.01333	0.10543
1	0.04777	0.00756	0.01679	0.02201	0.02612	0.06564	0.00554	0.14853	0.01015	0.01365	0.02396	0.14202	0.04074	0.22472	0.07437	0.08397	0.02110	0.01799	0.00313	0.00425
2	0.08446	0.07587	0.01120	0.06681	0.02759	0.15882	0.00723	0.09348	0.07312	0.05082	0.01058	0.06252	0.00959	0.10840	0.02974	0.01190	0.09711	0.00443	0.01117	0.00516
3	0.00741	0.00568	0.00643	0.00614	0.00757	0.01828	0.00455	0.03784	0.08567	0.04049	0.15868	0.19898	0.24384	0.06063	0.03347	0.00183	0.00316	0.01963	0.00406	0.05565
4	0.37404	0.01112	0.01017	0.00831	0.01139	0.06382	0.00678	0.37340	0.05320	0.02274	0.00883	0.00927	0.00654	0.00476	0.00368	0.00133	0.00437	0.00327	0.00356	0.01943
5	0.02495	0.00434	0.00505	0.00517	0.00558	0.00420	0.00331	0.00666	0.00776	0.01042	0.08350	0.13889	0.13747	0.43950	0.01511	0.07573	0.00351	0.02254	0.00322	0.00308
6	0.13636	0.04128	0.01037	0.03171	0.18000	0.00812	0.00715	0.08203	0.01022	0.09621	0.04754	0.11095	0.05715	0.06877	0.04777	0.02283	0.00437	0.01590	0.00329	0.01800
7	0.05636	0.02112	0.00939	0.00852	0.03265	0.02651	0.03759	0.07793	0.24021	0.07795	0.05790	0.20385	0.02695	0.06937	0.00602	0.00171	0.00372	0.02225	0.00398	0.01602
8	0.00748	0.00611	0.00713	0.00702	0.00777	0.05569	0.01713	0.01862	0.03962	0.02256	0.07248	0.29482	0.07152	0.13379	0.09257	0.03753	0.06986	0.02022	0.01414	0.00395
9	0.00760	0.00517	0.00596	0.00579	0.00673	0.00507	0.00402	0.07109	0.03786	0.04530	0.06322	0.20795	0.16872	0.26681	0.01085	0.03457	0.00330	0.00789	0.03819	0.00392
10	0.01201	0.01220	0.01661	0.06402	0.34303	0.14269	0.13143	0.10309	0.03294	0.01498	0.00981	0.01181	0.03523	0.00468	0.00497	0.00136	0.04616	0.00417	0.00256	0.00626
11	0.00688	0.00482	0.00583	0.00603	0.00704	0.00462	0.00435	0.03956	0.04294	0.04590	0.09519	0.41492	0.19665	0.01239	0.04701	0.00188	0.00307	0.00966	0.04711	0.00417
12	0.03333	0.00862	0.00921	0.00799	0.01008	0.06407	0.01674	0.19474	0.12054	0.12914	0.06305	0.13346	0.02350	0.10294	0.00667	0.00177	0.00403	0.03014	0.03436	0.00563
13	0.00751	0.00482	0.00617	0.00607	0.00709	0.00476	0.00450	0.01934	0.00911	0.08464	0.10033	0.13539	0.14441	0.15061	0.21306	0.00337	0.00525	0.04777	0.04174	0.00406
14	0.00816	0.00556	0.00669	0.00651	0.00770	0.02120	0.00488	0.03803	0.02073	0.10483	0.10609	0.27280	0.18824	0.05915	0.05586	0.00208	0.03674	0.04631	0.00404	0.00439
15	0.02512	0.01110	0.01131	0.00912	0.01206	0.09327	0.00732	0.41180	0.07810	0.17317	0.04083	0.03543	0.01056	0.03346	0.00499	0.00143	0.00460	0.00447	0.02514	0.00674
16	0.00686	0.00431	0.00529	0.00548	0.00583	0.00422	0.00356	0.00733	0.00768	0.03870	0.04670	0.22225	0.01939	0.42153	0.03880	0.05524	0.00381	0.03805	0.06171	0.00326
17	0.04204	0.00524	0.00614	0.00601	0.00699	0.01603	0.00441	0.00849	0.02335	0.05155	0.15933	0.19282	0.20750	0.09886	0.00822	0.05385	0.05378	0.02718	0.02426	0.00394
18	0.00720	0.00626	0.04347	0.00651	0.00804	0.00557	0.00518	0.08560	0.06457	0.01495	0.17556	0.26516	0.24702	0.01034	0.00520	0.00156	0.00290	0.03623	0.00420	0.00450
19	0.00757	0.00545	0.00617	0.00592	0.00682	0.00552	0.00408	0.08608	0.05668	0.02368	0.03262	0.13476	0.15219	0.38751	0.04804	0.00302	0.00400	0.02254	0.00347	0.00388
20	0.00857	0.00595	0.00868	0.00775	0.00925	0.00569	0.09886	0.04023	0.03934	0.10706	0.04409	0.32942	0.09716	0.10578	0.03037	0.00205	0.00383	0.02226	0.02908	0.00456
21	0.01169	0.00944	0.00991	0.00857	0.01073	0.12109	0.05000	0.16399	0.09027	0.10368	0.01865	0.17925	0.11568	0.00828	0.02350	0.00157	0.01562	0.00643	0.04613	0.00551
22	0.00717	0.00395	0.00560	0.00570	0.00580	0.00395	0.00378	0.00599	0.00626	0.00835	0.01113	0.09580	0.02933	0.12466	0.05431	0.61433	0.00411	0.00518	0.00230	0.00231
23	0.01002	0.26479	0.54334	0.01119	0.01672	0.04106	0.02877	0.01389	0.00936	0.01282	0.00738	0.00867	0.00564	0.00408	0.00381	0.00126	0.00607	0.00302	0.00189	0.00621
24	0.00686	0.00495	0.00569	0.00570	0.00638	0.00489	0.00384	0.06147	0.03146	0.01194	0.06655	0.21469	0.13875	0.37782	0.01286	0.00279	0.00347	0.03273	0.00355	0.00362
25	0.00778	0.00572	0.03050	0.00611	0.00768	0.00507	0.00481	0.01058	0.08891	0.08951	0.36582	0.12182	0.19601	0.00915	0.00503	0.00146	0.00259	0.00792	0.02887	0.00466
26	0.01589	0.01991	0.01222	0.01109	0.01323	0.76136	0.00836	0.01706	0.01216	0.01103	0.00709	0.00838	0.00592	0.00470	0.00436	0.00117	0.04070	0.00294	0.03737	0.00507
27	0.00714	0.00765	0.08397	0.02399	0.00961	0.00744	0.00700	0.00863	0.00871	0.01203	0.08885	0.23897	0.17612	0.01039	0.02624	0.00182	0.25208	0.02174	0.00323	0.00435
28	0.05435	0.00661	0.00799	0.00677	0.00893	0.00634	0.00530	0.08574	0.04583	0.29348	0.21320	0.06270	0.08988	0.06265	0.00583	0.00159	0.00322	0.00614	0.02786	0.00561
29	0.00653	0.00460	0.00567	0.00559	0.00576	0.00493	0.00358	0.00691	0.00658	0.00902	0.01313	0.02560	0.01455	0.63362	0.19792	0.00480	0.03964	0.00595	0.00258	0.00304
30	0.01433	0.25441	0.01661	0.01150	0.06678	0.38734	0.05292	0.08123	0.03966	0.02541	0.00771	0.00876	0.00633	0.00437	0.00381	0.00115	0.00635	0.00311	0.00246	0.00575
31	0.03227	0.00703	0.00894	0.00725	0.00996	0.00649	0.00585	0.05368	0.06488	0.48667	0.17807	0.02067	0.08520	0.00666	0.00463	0.00139	0.00332	0.00554	0.00506	0.00644
32	0.00701	0.00575	0.00839	0.00798	0.00859	0.00716	0.00632	0.00842	0.00701	0.01029	0.01062	0.01602	0.01007	0.04734	0.63816	0.00595	0.18393	0.00459	0.00228	0.00410
33	0.01073	0.00558	0.00744	0.00717	0.00877	0.00515	0.00563	0.03367	0.01073	0.27123	0.05371	0.31928	0.04860	0.01028	0.00529	0.00167	0.00331	0.18209	0.00457	0.00509
34	0.01311	0.01034	0.01206	0.04267	0.01345	0.01142	0.04967	0.40895	0.23648	0.02181	0.01466	0.05471	0.02953	0.00634	0.00466	0.00146	0.00444	0.05337	0.00418	0.00670
35	0.00602	0.00474	0.00512	0.00507	0.00653	0.00415	0.00386	0.00766	0.03694	0.03551	0.11785	0.07208	0.61948	0.01079	0.00523	0.00152	0.00241	0.04681	0.00423	0.00400
36	0.87598	0.00854	0.00649	0.00581	0.00854	0.00991	0.00478	0.01298	0.00752	0.01982	0.00615	0.00717	0.00478	0.00410	0.00273	0.00137	0.00342	0.00239	0.00273	0.00478
37	0.00830	0.00437	0.00446	0.00428	0.00551	0.00424	0.00323	0.01035	0.00926	0.01633	0.01396	0.01597	0.01100	0.00502	0.00310	0.00100	0.00214	0.00401	0.81043	0.06305
38	0.00537	0.00388	0.00508	0.00604	0.00638	0.00360	0.00405	0.00616	0.00856	0.01132	0.02562	0.79191	0.07838	0.01367	0.00561	0.00177	0.00254	0.01235	0.00410	0.00360
39	0.01032	0.30241	0.01617	0.00966	0.01114	0.04116	0.00841	0.01154	0.00808	0.01096	0.05467	0.01037	0.00808	0.00721	0.03804	0.00171	0.43930	0.00358	0.00212	0.00506
40	0.23206	0.00924	0.01318	0.08872	0.42316	0.00977	0.01002	0.04453	0.00999	0.02730	0.08315	0.01214	0.00964	0.00457	0.00404	0.00135	0.00450	0.00393	0.00269	0.00601
41	0.43930	0.08192	0.01198	0.02449	0.16901	0.05831	0.02889	0.11136	0.01017	0.01814	0.00727	0.00857	0.00575	0.00421	0.00344	0.00131	0.00448	0.00301	0.00271	0.00568
42	0.01074	0.01040	0.01655	0.04645	0.63708	0.03153	0.02667	0.01396	0.06878	0.01429	0.01015	0.01236	0.03572	0.00453	0.00486	0.00136	0.04131	0.00419	0.00241	0.00666
43	0.00979	0.00736	0.00875	0.00678	0.01004	0.00597	0.00532	0.01228	0.06380	0.09355	0.01183	0.12893	0.01068	0.00518	0.00381	0.00094	0.00323	0.00437	0.00324	0.60416
44	0.00525	0.00437	0.00458	0.00476	0.00604	0.00370	0.00348	0.00631	0.00980	0.01182	0.04130	0.17728	0.68288	0.01163	0.00529	0.00154	0.00229	0.00987	0.00410	0.00370
45	0.05158	0.01222	0.01298	0.00999	0.01349	0.01354	0.00825	0.77053	0.02023	0.02751	0.01042	0.01046	0.00740	0.00525	0.00435	0.00133	0.00480	0.00391	0.00435	0.00740
46	0.01397	0.01175	0.05691	0.00978	0.01269	0.06274	0.00822	0.41302	0.14035	0.06348	0.01289	0.07876	0.01053	0.00633	0.00514	0.00144	0.05454	0.02677	0.00402	0.00665
47	0.00626	0.00489	0.00745	0.00792	0.04055	0.00496	0.05104	0.00747	0.00807	0.01106	0.01817	0.44561	0.02042	0.07920	0.26133	0.00358	0.00595	0.00891	0.00327	0.00391
48	0.01645	0.01204	0.01289	0.00992	0.01335	0.01331	0.00818	0.77067	0.02030	0.02738	0.01076	0.01084	0.00766	0.00530	0.00436	0.00131	0.00475	0.00398	0.03917	0.00737
49	0.01369	0.05403	0.09443	0.00981	0.05209	0.02599	0.00822	0.27596	0.05265	0.15875	0.04392	0.04508	0.01014	0.00529	0.00423	0.00125	0.00441	0.00423	0.00381	0.13203
50	0.01192	0.35078	0.02993	0.04148	0.01250	0.07803	0.00775	0.04075	0.31746	0.03368	0.01158	0.01212	0.00925	0.00497	0.00380	0.00124	0.00455	0.01889	0.00313	0.00619
51	0.00952	0.00817	0.00989	0.00710	0.01102	0.00639	0.03187	0.04430	0.00969	0.01495	0.00800	0.00931	0.00659	0.00337	0.00338	0.00071	0.00348	0.00276	0.00268	0.80683
52	0.00633	0.00467	0.00576	0.00614	0.00725	0.00430	0.00487	0.00783	0.01017	0.02762	0.13523	0.13261	0.31245	0.03905	0.00613	0.00179	0.00298	0.27675	0.00417	0.00392
53	0.08201	0.01858	0.40712	0.01200	0.03048	0.17725	0.06824	0.06671	0.03744	0.04753	0.00853	0.00964	0.00626	0.00441	0.00414	0.00134	0.00629	0.00341	0.00245	0.00619
54	0.01107	0.00904	0.00955	0.00854	0.01096	0.01032	0.00666	0.05336	0.68279	0.03460	0.01786	0.01667	0.02724	0.00598	0.00439	0.00145	0.00342	0.00495	0.07443	0.00673
55	0.00538	0.00386	0.00511	0.00611	0.00639	0.00359	0.00408	0.00615	0.00850	0.01129	0.02485	0.82188	0.04890	0.01377	0.00563	0.00179	0.00255	0.01247	0.00410	0.00359
56	0.00590	0.00424	0.00524	0.00564	0.00646	0.00381	0.00398	0.00704	0.00977	0.03463	0.18157	0.45369	0.23785	0.01199	0.00541	0.00162	0.00242	0.01061	0.00428	0.00384
57	0.01408	0.06920	0.02746	0.01009	0.03660	0.05707	0.00808	0.42027	0.23684	0.02206	0.04433	0.01273	0.01026	0.00544	0.00433	0.00134	0.00457	0.00423	0.00405	0.00694
58	0.81984	0.00839	0.00658	0.00585	0.00857	0.00963	0.00481	0.01326	0.00777	0.05190	0.00681	0.00772	0.00519	0.00418	0.00281	0.00136	0.00340	0.00252	0.02455	0.00488
59	0.00541	0.00389	0.00513	0.00607	0.00640	0.00361	0.00408	0.00623	0.00865	0.01152	0.05271	0.78709	0.05569	0.01358	0.00561	0.00177	0.00253	0.01229	0.00413	0.00361
60	0.01209	0.01036	0.01513	0.30995	0.19478	0.02929	0.07053	0.24867	0.01297	0.03991	0.00910	0.01126	0.00681	0.00456	0.00446	0.00138	0.00555	0.00403	0.00287	0.00630
61	0.01497	0.32122	0.01679	0.00928	0.01278	0.08977	0.00807	0.42663	0.01553	0.03248	0.00872	0.00913	0.00672	0.00467	0.00379	0.00117	0.00508	0.00328	0.00330	0.00661

[dist]
# distance from previous block
# <min> <max>
1	4

[block]
# block no. 11 follows, 59 sequences, length 18
# corresponding to MSA columns:
# 576-592,594
name=unknown_L
#
# <colnr> <probs for GDERKNQSTAVLIFYWHMCP>
#	G	D	E	R	K	N	Q	S	T	A	V	L	I	F	Y	W	H	M	C	P
0	0.01212	0.03470	0.01501	0.07070	0.31169	0.25198	0.03206	0.03379	0.01034	0.01261	0.00777	0.01042	0.00667	0.01883	0.04189	0.00165	0.11612	0.00367	0.00223	0.00577
1	0.01109	0.01001	0.04345	0.01270	0.08140	0.00897	0.24490	0.11792	0.01139	0.07250	0.02099	0.07304	0.00953	0.00501	0.00461	0.00126	0.01560	0.02141	0.00304	0.23117
2	0.00594	0.00415	0.00488	0.00523	0.00547	0.00399	0.00323	0.00632	0.00749	0.00983	0.02069	0.30410	0.10508	0.47677	0.01498	0.00315	0.00349	0.00879	0.00331	0.00309
3	0.01161	0.00889	0.00976	0.00834	0.01076	0.00980	0.00659	0.22450	0.37210	0.04495	0.20142	0.01873	0.01834	0.00648	0.00460	0.00141	0.00350	0.00538	0.02642	0.00641
4	0.00966	0.00928	0.01601	0.41632	0.40428	0.01019	0.04582	0.01248	0.00948	0.01290	0.00811	0.01138	0.00645	0.00416	0.00443	0.00140	0.00565	0.00398	0.00208	0.00594
5	0.00636	0.00432	0.00564	0.00634	0.00685	0.00410	0.00440	0.02840	0.00904	0.03945	0.04702	0.67685	0.02745	0.05744	0.00648	0.00190	0.00283	0.05719	0.00410	0.00382
6	0.01161	0.00960	0.01019	0.00902	0.01161	0.01101	0.00706	0.07021	0.73675	0.04434	0.01752	0.01608	0.01304	0.00593	0.00449	0.00148	0.00359	0.00491	0.00452	0.00704
7	0.01967	0.00774	0.01039	0.00797	0.01139	0.00683	0.00658	0.05799	0.01302	0.78329	0.01711	0.01483	0.01077	0.00546	0.00444	0.00136	0.00381	0.00442	0.00542	0.00752
8	0.00638	0.00431	0.00506	0.00509	0.00518	0.00439	0.00301	0.00656	0.00656	0.00882	0.01403	0.05331	0.01595	0.73501	0.10485	0.00449	0.00501	0.00644	0.00269	0.00284
9	0.01042	0.01191	0.02606	0.01862	0.02308	0.01117	0.80119	0.01415	0.01042	0.01415	0.00894	0.01191	0.00670	0.00372	0.00521	0.00149	0.00745	0.00521	0.00223	0.00596
10	0.00886	0.02285	0.82190	0.01259	0.01912	0.01026	0.01632	0.01399	0.00932	0.01399	0.00793	0.00932	0.00559	0.00420	0.00420	0.00140	0.00653	0.00326	0.00186	0.00653
11	0.00538	0.00387	0.00510	0.00609	0.00639	0.00359	0.00407	0.00616	0.00851	0.01130	0.02508	0.81310	0.05754	0.01374	0.00562	0.00178	0.00255	0.01244	0.00410	0.00359
12	0.01780	0.00898	0.01091	0.00846	0.01174	0.00885	0.00696	0.28091	0.03492	0.48582	0.03927	0.01419	0.01080	0.00552	0.00441	0.00135	0.00401	0.00440	0.03342	0.00729
13	0.00666	0.00514	0.00686	0.00688	0.00759	0.02893	0.00520	0.00798	0.00729	0.01012	0.01261	0.02066	0.01246	0.17108	0.62474	0.00619	0.01004	0.04332	0.00250	0.00377
14	0.00679	0.00588	0.00879	0.38516	0.01741	0.00654	0.00778	0.00872	0.00918	0.01171	0.04823	0.22992	0.19394	0.00871	0.00499	0.00157	0.00405	0.03324	0.00315	0.00426
15	0.01862	0.00865	0.01080	0.00832	0.01168	0.00827	0.00686	0.22282	0.01462	0.58668	0.01555	0.01394	0.01006	0.00541	0.00439	0.00134	0.00398	0.00431	0.03631	0.00739
