[name]
unknown

[dist]
# distance from previous block
# <min> <max>
0	36

[block]
# block no. 0 follows, 62 sequences, length 8
# corresponding to MSA columns:
# 36-43
name=unknown_A
#
# <colnr> <probs for GDERKNQSTAVLIFYWHMCP>
#	G	D	E	R	K	N	Q	S	T	A	V	L	I	F	Y	W	H	M	C	P
0	0.00986	0.05473	0.07798	0.05808	0.01274	0.06114	0.08646	0.10749	0.07752	0.03322	0.01440	0.03771	0.06841	0.08677	0.00632	0.00165	0.02232	0.11923	0.00308	0.06089
1	0.05223	0.26190	0.09838	0.02873	0.05595	0.08579	0.13374	0.04898	0.03277	0.06565	0.04140	0.04135	0.02607	0.00471	0.00388	0.00122	0.00510	0.00393	0.00260	0.00561
2	0.00636	0.00451	0.00544	0.00562	0.00655	0.00424	0.00406	0.02703	0.03389	0.03713	0.16678	0.34121	0.20835	0.06001	0.00606	0.00169	0.00257	0.04237	0.03226	0.00387
3	0.00770	0.04127	0.05559	0.07003	0.03837	0.03999	0.05197	0.03907	0.00968	0.02782	0.10153	0.27563	0.14580	0.00896	0.01706	0.00153	0.02668	0.00749	0.00334	0.03048
4	0.02765	0.12718	0.08938	0.06395	0.05056	0.12657	0.22153	0.09293	0.02823	0.05540	0.02641	0.03911	0.00789	0.00460	0.00437	0.00129	0.02053	0.00410	0.00260	0.00571
5	0.00739	0.00491	0.00612	0.00629	0.00726	0.00475	0.00451	0.05356	0.06032	0.08205	0.09966	0.54494	0.07943	0.01109	0.00513	0.00159	0.00268	0.00988	0.00417	0.00426
6	0.00525	0.00420	0.00470	0.00483	0.00595	0.00365	0.00353	0.00644	0.00985	0.01245	0.18993	0.19905	0.51343	0.01088	0.00511	0.00148	0.00219	0.00935	0.00409	0.00365
7	0.03377	0.02629	0.08448	0.05686	0.05594	0.04569	0.03276	0.03562	0.06641	0.09214	0.15878	0.13723	0.06045	0.00816	0.03165	0.02790	0.03151	0.00596	0.00342	0.00500

[dist]
# distance from previous block
# <min> <max>
0	2

[block]
# block no. 1 follows, 62 sequences, length 36
# corresponding to MSA columns:
# 46-65,67-82
name=unknown_B
#
# <colnr> <probs for GDERKNQSTAVLIFYWHMCP>
#	G	D	E	R	K	N	Q	S	T	A	V	L	I	F	Y	W	H	M	C	P
0	0.02891	0.01199	0.01805	0.01373	0.01711	0.14561	0.43254	0.03729	0.15627	0.04074	0.01129	0.02658	0.02995	0.00458	0.00462	0.00138	0.00609	0.00472	0.00280	0.00576
1	0.01550	0.03477	0.01248	0.00955	0.01273	0.06911	0.00782	0.63827	0.06328	0.05285	0.01086	0.03418	0.00810	0.00529	0.00422	0.00128	0.00471	0.00402	0.00408	0.00689
2	0.01264	0.00824	0.00970	0.00741	0.01073	0.00746	0.00597	0.17702	0.04996	0.20949	0.01165	0.05793	0.00904	0.00475	0.00383	0.00103	0.00355	0.00385	0.00369	0.40206
3	0.02691	0.56726	0.04795	0.00861	0.02656	0.21185	0.00777	0.01361	0.00951	0.01057	0.01725	0.02231	0.00633	0.00408	0.00315	0.00100	0.00528	0.00269	0.00200	0.00532
4	0.07732	0.07093	0.01268	0.04136	0.09603	0.56633	0.00842	0.01574	0.03444	0.01160	0.00708	0.00841	0.00588	0.00484	0.02062	0.00126	0.00676	0.00292	0.00224	0.00515
5	0.01368	0.10510	0.08665	0.02179	0.01276	0.21617	0.04433	0.10287	0.05501	0.18487	0.03278	0.01226	0.03366	0.01772	0.02131	0.00140	0.02474	0.00383	0.00322	0.00585
6	0.00745	0.00735	0.08552	0.02099	0.02380	0.00619	0.04015	0.02523	0.13945	0.02721	0.36028	0.11447	0.10872	0.00802	0.00481	0.00141	0.00310	0.00705	0.00400	0.00480
7	0.00815	0.00778	0.01346	0.79402	0.02891	0.00953	0.05659	0.01103	0.00859	0.01103	0.00762	0.01135	0.00572	0.00422	0.00430	0.00142	0.00576	0.00385	0.00191	0.00478
8	0.01024	0.04579	0.26033	0.05186	0.18717	0.03523	0.05590	0.08473	0.10447	0.03131	0.02342	0.02640	0.03323	0.00492	0.00426	0.00134	0.00517	0.02540	0.00269	0.00614
9	0.02431	0.05814	0.01381	0.07931	0.08685	0.11967	0.08813	0.16729	0.01198	0.15275	0.03475	0.02461	0.02267	0.00518	0.00522	0.00134	0.09083	0.00409	0.00316	0.00592
10	0.01816	0.00832	0.01033	0.00797	0.01120	0.02351	0.00656	0.17450	0.01362	0.63324	0.01523	0.01355	0.00980	0.00521	0.00423	0.00130	0.00386	0.00415	0.02813	0.00711
11	0.00853	0.02201	0.82841	0.01213	0.01842	0.00988	0.01572	0.01348	0.00898	0.01348	0.00764	0.00898	0.00539	0.00404	0.00404	0.00135	0.00629	0.00314	0.00180	0.00629
12	0.02709	0.00928	0.06757	0.02256	0.05168	0.06740	0.13800	0.06507	0.05621	0.12104	0.07168	0.22475	0.04463	0.00722	0.00469	0.00144	0.00437	0.00652	0.00350	0.00531
13	0.01041	0.03827	0.23940	0.05343	0.01638	0.06455	0.21544	0.06262	0.03331	0.06454	0.00952	0.02398	0.00774	0.09432	0.00665	0.00166	0.04547	0.00424	0.00248	0.00557
14	0.00559	0.00394	0.00484	0.00540	0.00567	0.00375	0.00349	0.00612	0.00760	0.01003	0.02123	0.46963	0.08102	0.31441	0.01126	0.00258	0.00309	0.03373	0.00346	0.00316
15	0.02353	0.02643	0.00951	0.05510	0.03553	0.19495	0.03794	0.07475	0.02125	0.04801	0.06009	0.23909	0.05199	0.03540	0.00583	0.05221	0.00450	0.01614	0.00320	0.00454
16	0.02891	0.05913	0.15308	0.02786	0.02956	0.08225	0.26442	0.08468	0.05690	0.05963	0.02136	0.01077	0.00719	0.00458	0.00531	0.00138	0.09055	0.00401	0.00258	0.00586
17	0.00897	0.00568	0.00761	0.02502	0.07380	0.00557	0.00566	0.05916	0.03391	0.13074	0.05969	0.30654	0.04617	0.06137	0.00643	0.03752	0.00332	0.08603	0.03222	0.00460
18	0.00895	0.00599	0.00763	0.00663	0.00832	0.00597	0.05793	0.12039	0.02789	0.05105	0.21727	0.03446	0.07143	0.00686	0.00427	0.00128	0.00297	0.06570	0.29030	0.00471
19	0.02435	0.20342	0.09871	0.13906	0.10097	0.02584	0.02333	0.08427	0.02287	0.14427	0.00991	0.05726	0.00800	0.00492	0.00428	0.00128	0.03465	0.00392	0.00281	0.00587
20	0.02561	0.02960	0.17009	0.04522	0.02730	0.03322	0.16652	0.17748	0.12255	0.08004	0.03967	0.02890	0.00915	0.00492	0.00453	0.00136	0.02013	0.00432	0.00317	0.00620
21	0.04341	0.48245	0.04045	0.00909	0.01223	0.21705	0.04849	0.03492	0.00970	0.01117	0.00636	0.00756	0.00554	0.00410	0.00382	0.00107	0.05256	0.00268	0.00202	0.00534
22	0.04253	0.00774	0.00916	0.00673	0.01034	0.00632	0.00544	0.05430	0.01006	0.18773	0.00960	0.01003	0.00719	0.00373	0.00343	0.00083	0.00334	0.00296	0.00320	0.61532
23	0.13020	0.07766	0.01268	0.00913	0.01232	0.04857	0.05218	0.44901	0.03735	0.08304	0.00988	0.01016	0.00717	0.00474	0.00390	0.00125	0.00454	0.00359	0.03620	0.00642
24	0.06377	0.01179	0.11830	0.05503	0.04413	0.09957	0.17775	0.11694	0.01114	0.09427	0.02986	0.05983	0.02511	0.00625	0.03414	0.00157	0.01598	0.02598	0.00295	0.00563
25	0.08975	0.00629	0.00728	0.00653	0.00831	0.00633	0.00503	0.08529	0.09364	0.15575	0.23233	0.14708	0.07441	0.04413	0.00532	0.00153	0.00299	0.01872	0.00426	0.00502
26	0.00988	0.00577	0.00659	0.00606	0.00741	0.03211	0.00449	0.04408	0.03749	0.18004	0.09780	0.11853	0.03808	0.19525	0.00822	0.00197	0.00330	0.04576	0.15265	0.00452
27	0.00858	0.05462	0.00984	0.02004	0.01999	0.04888	0.06460	0.01214	0.16334	0.04207	0.08864	0.13677	0.02795	0.03654	0.19697	0.00275	0.03480	0.00584	0.02085	0.00479
28	0.08657	0.00985	0.09350	0.00885	0.01172	0.00904	0.05886	0.24925	0.07204	0.10469	0.05294	0.11317	0.05187	0.00696	0.01913	0.00150	0.01419	0.02631	0.00374	0.00582
29	0.00525	0.00380	0.00490	0.00575	0.00611	0.00353	0.00387	0.00601	0.00823	0.01083	0.02478	0.71582	0.10185	0.05459	0.00621	0.00182	0.00255	0.02679	0.00388	0.00343
30	0.00737	0.00539	0.00603	0.00590	0.00732	0.02594	0.00454	0.02540	0.05940	0.07799	0.15404	0.14696	0.34954	0.00989	0.00503	0.00150	0.00276	0.09658	0.00415	0.00427
31	0.01100	0.06200	0.21614	0.05636	0.08597	0.14788	0.23260	0.06617	0.03820	0.01381	0.02463	0.01037	0.00692	0.00416	0.00428	0.00130	0.00624	0.00383	0.00230	0.00585
32	0.03058	0.00544	0.00639	0.00605	0.00741	0.00531	0.01249	0.09450	0.03753	0.03477	0.22074	0.20453	0.24085	0.03142	0.01740	0.00161	0.00285	0.03176	0.00409	0.00429
33	0.11668	0.00750	0.00911	0.00714	0.01017	0.00705	0.00586	0.09407	0.01188	0.53860	0.01417	0.01306	0.00936	0.00497	0.00391	0.00125	0.00350	0.00389	0.08915	0.04867
34	0.02264	0.00719	0.04350	0.00792	0.04519	0.02567	0.00603	0.09714	0.05125	0.17316	0.03603	0.28856	0.02627	0.00818	0.00457	0.00144	0.00339	0.04492	0.10177	0.00518
35	0.02716	0.17986	0.02984	0.03296	0.04017	0.25554	0.11479	0.09765	0.06291	0.04863	0.00925	0.05653	0.00779	0.00483	0.00408	0.00122	0.01464	0.00386	0.00268	0.00559

[dist]
# distance from previous block
# <min> <max>
0	6

[block]
# block no. 2 follows, 62 sequences, length 33
# corresponding to MSA columns:
# 89-121
name=unknown_C
#
# <colnr> <probs for GDERKNQSTAVLIFYWHMCP>
#	G	D	E	R	K	N	Q	S	T	A	V	L	I	F	Y	W	H	M	C	P
0	0.02855	0.05760	0.15027	0.01159	0.02702	0.12094	0.14722	0.25188	0.06400	0.03915	0.00922	0.01045	0.00697	0.02135	0.00487	0.00136	0.03466	0.00379	0.00294	0.00615
1	0.02155	0.00806	0.08416	0.02022	0.02894	0.05590	0.02437	0.04909	0.06157	0.05434	0.03827	0.31598	0.09074	0.02308	0.06692	0.00195	0.01961	0.02715	0.00345	0.00463
2	0.01071	0.17951	0.11286	0.02637	0.03862	0.02170	0.08459	0.05333	0.00984	0.08785	0.00940	0.03334	0.02232	0.00424	0.00382	0.00105	0.01566	0.00349	0.00262	0.27867
3	0.00564	0.00446	0.00572	0.00628	0.03361	0.00405	0.01732	0.00691	0.02034	0.01203	0.11345	0.44166	0.27021	0.01124	0.00515	0.00155	0.00252	0.00996	0.00391	0.02399
4	0.01253	0.16877	0.10169	0.00919	0.01274	0.01029	0.08067	0.13231	0.06777	0.18390	0.01096	0.03866	0.00839	0.00559	0.02988	0.00138	0.01753	0.00389	0.00326	0.10058
5	0.00975	0.02076	0.02777	0.00737	0.00921	0.05419	0.00585	0.17767	0.09004	0.05208	0.11587	0.13887	0.12181	0.04066	0.07140	0.00193	0.02533	0.00632	0.01808	0.00503
6	0.00833	0.00789	0.01313	0.71259	0.08808	0.00979	0.01171	0.01099	0.00844	0.01105	0.00744	0.01112	0.00575	0.00447	0.00502	0.00144	0.07220	0.00378	0.00190	0.00487
7	0.00915	0.01008	0.02142	0.01570	0.01930	0.00943	0.66190	0.01223	0.00974	0.01314	0.01188	0.14051	0.03333	0.00529	0.00508	0.00148	0.00631	0.00622	0.00248	0.00533
8	0.02852	0.00701	0.00818	0.00694	0.00869	0.00721	0.00520	0.23188	0.01148	0.18408	0.01375	0.08425	0.01264	0.30334	0.06550	0.00269	0.00451	0.00542	0.00369	0.00503
9	0.01490	0.00728	0.00872	0.00699	0.00962	0.00708	0.00568	0.17985	0.02929	0.40450	0.01555	0.01488	0.03692	0.00535	0.00396	0.00123	0.00335	0.00427	0.23434	0.00624
10	0.00516	0.00378	0.00486	0.00572	0.00612	0.00347	0.00386	0.00595	0.00834	0.01094	0.02594	0.74541	0.12881	0.01301	0.00538	0.00169	0.00243	0.01170	0.00395	0.00347
11	0.00566	0.00423	0.00535	0.00602	0.00658	0.00411	0.00416	0.00740	0.07268	0.01171	0.05998	0.66398	0.08508	0.01282	0.02708	0.00180	0.00273	0.01089	0.00397	0.00376
12	0.01115	0.00970	0.01125	0.00956	0.01118	0.07950	0.03805	0.18182	0.09961	0.05291	0.03204	0.10646	0.04835	0.00748	0.02011	0.00161	0.26540	0.00515	0.00324	0.00540
13	0.00524	0.00382	0.00495	0.00578	0.00620	0.00353	0.00395	0.00610	0.00851	0.01124	0.05999	0.71181	0.10888	0.01283	0.00538	0.00169	0.00245	0.03015	0.00398	0.00351
14	0.00907	0.00862	0.01464	0.50196	0.35947	0.00973	0.01233	0.01178	0.00900	0.01213	0.00775	0.01101	0.00612	0.00406	0.00424	0.00135	0.00542	0.00379	0.00198	0.00556
15	0.00909	0.00872	0.01516	0.40391	0.35854	0.00954	0.06879	0.01175	0.00909	0.01233	0.00856	0.04985	0.00722	0.00444	0.00435	0.00137	0.00537	0.00426	0.00209	0.00558
16	0.00566	0.00415	0.00518	0.00577	0.00628	0.00397	0.00395	0.00701	0.04594	0.01149	0.08725	0.54832	0.09969	0.11096	0.00724	0.00195	0.00269	0.03509	0.00386	0.00358
17	0.00650	0.00461	0.00552	0.00518	0.00650	0.00414	0.00392	0.00838	0.02931	0.06046	0.47897	0.03375	0.31862	0.00919	0.00497	0.00137	0.00218	0.00790	0.00445	0.00411
18	0.00958	0.00771	0.00873	0.00721	0.01000	0.00741	0.00563	0.01547	0.33303	0.05328	0.07755	0.06075	0.01310	0.00531	0.00395	0.00111	0.00313	0.00447	0.00363	0.36896
19	0.00812	0.00698	0.01093	0.11127	0.16682	0.02598	0.08430	0.01025	0.00933	0.01266	0.01522	0.09608	0.01546	0.03796	0.01511	0.00173	0.00456	0.29030	0.07227	0.00466
20	0.00745	0.00571	0.00776	0.00791	0.05346	0.00642	0.00560	0.07223	0.04563	0.01171	0.03288	0.01809	0.01180	0.17927	0.48551	0.00504	0.03191	0.00483	0.00263	0.00417
21	0.00739	0.00370	0.00554	0.00554	0.00554	0.00370	0.00370	0.00554	0.00554	0.00739	0.00739	0.01293	0.00739	0.01478	0.01663	0.87620	0.00370	0.00370	0.00185	0.00185
22	0.10050	0.01181	0.01199	0.00939	0.01263	0.04690	0.00770	0.67078	0.04671	0.02506	0.00990	0.00999	0.00711	0.00499	0.00408	0.00128	0.00462	0.00367	0.00401	0.00687
23	0.01031	0.00615	0.00779	0.00659	0.00903	0.00517	0.00526	0.01195	0.01005	0.22670	0.08099	0.13354	0.06409	0.00712	0.00438	0.00124	0.00313	0.10928	0.00388	0.29334
24	0.56843	0.00818	0.00834	0.00684	0.00977	0.00873	0.04249	0.03401	0.00912	0.25439	0.00932	0.00941	0.00648	0.00434	0.00326	0.00132	0.00360	0.00304	0.00342	0.00549
25	0.00612	0.00414	0.00462	0.00462	0.00470	0.00410	0.00261	0.00618	0.00638	0.00843	0.01507	0.02858	0.06068	0.80341	0.02073	0.00397	0.00401	0.00634	0.00266	0.00264
26	0.03125	0.12446	0.54683	0.01131	0.01651	0.01044	0.08886	0.02887	0.00946	0.01375	0.07227	0.01073	0.00828	0.00434	0.00402	0.00130	0.00570	0.00357	0.00213	0.00593
27	0.01445	0.01299	0.11642	0.01105	0.03570	0.01238	0.06765	0.61850	0.01744	0.02360	0.00991	0.02245	0.00724	0.00495	0.00430	0.00130	0.00504	0.00395	0.00373	0.00694
28	0.00614	0.00431	0.00555	0.00555	0.00587	0.00462	0.00372	0.00677	0.00646	0.00893	0.01257	0.02323	0.01346	0.51084	0.35854	0.00525	0.00714	0.00551	0.00245	0.00308
29	0.00759	0.00751	0.07069	0.23548	0.03664	0.00713	0.02395	0.02387	0.08786	0.01399	0.20308	0.02174	0.15823	0.00665	0.00467	0.00137	0.01945	0.00569	0.05966	0.00474
30	0.74521	0.00914	0.00691	0.00619	0.00873	0.07344	0.00500	0.04435	0.00816	0.01841	0.00682	0.03950	0.00569	0.00439	0.00290	0.00131	0.00366	0.00278	0.00271	0.00469
31	0.00955	0.07540	0.01031	0.00713	0.01053	0.02408	0.01881	0.01359	0.18226	0.01437	0.00964	0.01032	0.00774	0.00382	0.00341	0.00086	0.00344	0.00306	0.01833	0.57335
32	0.01145	0.00858	0.00962	0.02632	0.01092	0.04640	0.00614	0.17298	0.03267	0.11559	0.01153	0.12374	0.01007	0.00548	0.00427	0.00110	0.03155	0.00444	0.00340	0.36378

[dist]
# distance from previous block
# <min> <max>
0	1

[block]
# block no. 3 follows, 62 sequences, length 18
# corresponding to MSA columns:
# 123-125,127-141
name=unknown_D
#
# <colnr> <probs for GDERKNQSTAVLIFYWHMCP>
#	G	D	E	R	K	N	Q	S	T	A	V	L	I	F	Y	W	H	M	C	P
0	0.00563	0.00435	0.00511	0.00515	0.00619	0.00395	0.00375	0.00730	0.03501	0.01357	0.32866	0.18932	0.33585	0.03002	0.00547	0.00152	0.00224	0.00890	0.00420	0.00380
1	0.10004	0.24738	0.09255	0.03438	0.04458	0.19231	0.03616	0.08539	0.02372	0.09461	0.00810	0.00887	0.00625	0.00422	0.00359	0.00116	0.00532	0.00304	0.00261	0.00573
2	0.02627	0.04439	0.20259	0.01323	0.01739	0.00946	0.39450	0.02754	0.00971	0.02824	0.02497	0.07846	0.03345	0.00482	0.00454	0.00135	0.00579	0.00496	0.00243	0.06593
3	0.05171	0.17094	0.32878	0.01127	0.06860	0.08447	0.05372	0.01429	0.08017	0.03591	0.02891	0.02323	0.00758	0.00439	0.00384	0.00124	0.00537	0.00348	0.00235	0.01975
4	0.06121	0.00710	0.00797	0.00714	0.00903	0.03095	0.00551	0.07782	0.16817	0.16174	0.15302	0.18558	0.05452	0.00807	0.01597	0.00150	0.01834	0.00652	0.00420	0.01565
5	0.01039	0.00997	0.01702	0.07202	0.77912	0.01007	0.01299	0.01294	0.00962	0.01373	0.00798	0.01058	0.00668	0.00382	0.00421	0.00127	0.00509	0.00379	0.00209	0.00663
6	0.04813	0.02699	0.15287	0.06260	0.03383	0.04684	0.25531	0.06582	0.08442	0.08004	0.03538	0.02470	0.02883	0.00466	0.00438	0.00134	0.00543	0.00439	0.00284	0.03120
7	0.00857	0.01673	0.03803	0.04699	0.05908	0.02891	0.00635	0.04282	0.04400	0.07654	0.11743	0.08034	0.10103	0.12345	0.05951	0.00218	0.04682	0.09325	0.00341	0.00457
8	0.00558	0.00448	0.00488	0.00477	0.00607	0.00394	0.00355	0.02664	0.01035	0.01307	0.22398	0.07317	0.56081	0.03304	0.00548	0.00150	0.00225	0.00861	0.00409	0.00375
9	0.00804	0.00756	0.01276	0.84023	0.02931	0.00945	0.01182	0.01087	0.00851	0.01087	0.00756	0.01134	0.00567	0.00425	0.00425	0.00142	0.00567	0.00378	0.00189	0.00473
10	0.01198	0.22011	0.12007	0.05176	0.02785	0.13109	0.11675	0.10197	0.02792	0.05966	0.01931	0.01029	0.00705	0.00457	0.00456	0.00125	0.05936	0.01619	0.00252	0.00574
11	0.02893	0.04749	0.04300	0.03136	0.07357	0.04572	0.04007	0.22115	0.09108	0.14010	0.05965	0.06044	0.03591	0.00654	0.02845	0.00150	0.03062	0.00473	0.00365	0.00607
12	0.00556	0.00399	0.00518	0.00600	0.00637	0.00379	0.00408	0.02732	0.00847	0.01125	0.02315	0.74856	0.04620	0.04649	0.00605	0.00181	0.00263	0.03565	0.00390	0.00354
13	0.00526	0.00383	0.00491	0.00571	0.00613	0.00354	0.00388	0.00607	0.00837	0.01100	0.04061	0.68398	0.12409	0.04484	0.00600	0.00178	0.00252	0.03009	0.00391	0.00346
14	0.01104	0.07380	0.09576	0.06824	0.27481	0.07717	0.25080	0.04555	0.01026	0.03986	0.00823	0.01033	0.00641	0.00392	0.00431	0.00130	0.00596	0.00392	0.00225	0.00607
15	0.00638	0.00452	0.00612	0.00646	0.00724	0.00424	0.02935	0.03307	0.00915	0.04451	0.05162	0.60200	0.09932	0.01193	0.00531	0.00166	0.00279	0.06647	0.00398	0.00387
16	0.08627	0.00567	0.00659	0.00590	0.00765	0.00552	0.00457	0.04643	0.03674	0.20246	0.18850	0.12682	0.05623	0.00712	0.00419	0.00131	0.00271	0.00599	0.19440	0.00493
17	0.05961	0.00624	0.00730	0.03866	0.00907	0.00658	0.00535	0.08585	0.16653	0.06372	0.06798	0.37400	0.04509	0.02561	0.00511	0.00159	0.00311	0.01981	0.00399	0.00482

[dist]
# distance from previous block
# <min> <max>
0	2

[block]
# block no. 4 follows, 62 sequences, length 38
# corresponding to MSA columns:
# 145-182
name=unknown_E
#
# <colnr> <probs for GDERKNQSTAVLIFYWHMCP>
#	G	D	E	R	K	N	Q	S	T	A	V	L	I	F	Y	W	H	M	C	P
0	0.02526	0.17472	0.04013	0.00930	0.01239	0.12116	0.04078	0.23312	0.14552	0.10202	0.01090	0.03660	0.00845	0.00503	0.00409	0.00124	0.01581	0.00386	0.00340	0.00623
1	0.02819	0.02326	0.04774	0.01258	0.02578	0.03719	0.37440	0.02768	0.07327	0.04178	0.02084	0.02184	0.00771	0.00403	0.00439	0.00120	0.01456	0.00418	0.00261	0.22679
2	0.01166	0.32662	0.18983	0.00934	0.01307	0.15532	0.02230	0.10997	0.01074	0.01319	0.02114	0.00955	0.02966	0.00483	0.01748	0.00121	0.01782	0.00312	0.00232	0.03084
3	0.02745	0.01069	0.01112	0.05478	0.01274	0.06683	0.00746	0.48045	0.09931	0.04656	0.01382	0.02839	0.07868	0.00667	0.03413	0.00151	0.00473	0.00446	0.00390	0.00634
4	0.01056	0.00980	0.01607	0.12821	0.57767	0.01016	0.04073	0.08180	0.02928	0.01467	0.00884	0.01196	0.00735	0.00426	0.00431	0.00132	0.00510	0.02912	0.00238	0.00640
5	0.00516	0.00413	0.00462	0.00489	0.00593	0.00359	0.00352	0.00621	0.00942	0.01176	0.10117	0.28655	0.51536	0.01139	0.00515	0.00152	0.00224	0.00983	0.00401	0.00359
6	0.00827	0.00782	0.01320	0.50819	0.13147	0.00887	0.07953	0.01127	0.03672	0.01233	0.08068	0.01497	0.05879	0.00497	0.00443	0.00139	0.00511	0.00458	0.00239	0.00502
7	0.02974	0.01396	0.01231	0.01068	0.04785	0.29513	0.02471	0.32659	0.08451	0.09780	0.01002	0.01023	0.00737	0.00482	0.00411	0.00124	0.00554	0.00358	0.00349	0.00630
8	0.42179	0.00877	0.00842	0.00705	0.00974	0.00969	0.00573	0.24534	0.04067	0.09481	0.01067	0.05635	0.02681	0.00518	0.00354	0.00132	0.00362	0.00377	0.03114	0.00558
9	0.05978	0.00825	0.00966	0.00766	0.01058	0.00823	0.00625	0.25000	0.04598	0.38656	0.04216	0.01580	0.08054	0.00575	0.00422	0.00131	0.00366	0.00457	0.04254	0.00652
10	0.01725	0.00965	0.01104	0.00855	0.01177	0.03571	0.00703	0.37757	0.01560	0.40837	0.01338	0.01238	0.00889	0.00516	0.00421	0.00128	0.00417	0.00402	0.03694	0.00704
11	0.00662	0.00543	0.00713	0.00707	0.00790	0.05100	0.00548	0.00812	0.00713	0.00991	0.01113	0.01622	0.01035	0.03039	0.78783	0.00652	0.01119	0.00446	0.00227	0.00386
12	0.01146	0.00554	0.00669	0.00586	0.00770	0.00528	0.00458	0.01413	0.08021	0.28492	0.12184	0.06339	0.01576	0.00608	0.00393	0.00122	0.00268	0.00508	0.34839	0.00527
13	0.00536	0.00427	0.00480	0.00478	0.00598	0.00371	0.00354	0.00670	0.01030	0.01320	0.28682	0.10785	0.50699	0.01034	0.00506	0.00143	0.00214	0.00884	0.00418	0.00371
14	0.00856	0.00546	0.00688	0.00609	0.00760	0.00523	0.00470	0.07014	0.04419	0.11700	0.63084	0.02743	0.03299	0.00790	0.00484	0.00134	0.00246	0.00687	0.00471	0.00476
15	0.01013	0.01115	0.02305	0.01788	0.09433	0.01069	0.66662	0.01435	0.07975	0.01402	0.00931	0.01177	0.00705	0.00379	0.00489	0.00142	0.00665	0.00489	0.00234	0.00592
16	0.00507	0.00430	0.00437	0.00438	0.00578	0.00360	0.00328	0.00617	0.00974	0.01167	0.06919	0.05828	0.77819	0.01076	0.00504	0.00144	0.00216	0.00900	0.00398	0.00360
17	0.09276	0.00870	0.01041	0.00805	0.01132	0.00857	0.00665	0.25143	0.01405	0.52234	0.01392	0.01258	0.00905	0.00511	0.00413	0.00130	0.00390	0.00398	0.00474	0.00701
18	0.01687	0.00820	0.01078	0.00945	0.08134	0.00778	0.00704	0.17267	0.01348	0.54424	0.07106	0.01452	0.01164	0.00535	0.00432	0.00131	0.00384	0.00439	0.00476	0.00697
19	0.00886	0.00539	0.00684	0.00602	0.00759	0.00507	0.00466	0.05998	0.02827	0.15131	0.59172	0.02764	0.06368	0.00793	0.00484	0.00134	0.00247	0.00689	0.00472	0.00478
20	0.01107	0.76377	0.10887	0.00780	0.01173	0.01609	0.00819	0.01282	0.00868	0.01038	0.00610	0.00706	0.00545	0.00368	0.00287	0.00096	0.00474	0.00237	0.00182	0.00555
21	0.00613	0.00435	0.00577	0.00577	0.00616	0.00474	0.00398	0.00691	0.00652	0.00908	0.01238	0.02215	0.01300	0.43136	0.43738	0.00551	0.00785	0.00535	0.00243	0.00320
22	0.00882	0.00756	0.00882	0.00630	0.01008	0.00567	0.00504	0.01071	0.00882	0.01387	0.00756	0.00882	0.00630	0.00315	0.00315	0.00063	0.00315	0.00252	0.00252	0.87647
23	0.01138	0.85302	0.02230	0.00728	0.01092	0.01684	0.00728	0.01274	0.00865	0.01001	0.00592	0.00683	0.00546	0.00364	0.00273	0.00091	0.00455	0.00228	0.00182	0.00546
24	0.00926	0.06153	0.59423	0.01239	0.01788	0.01010	0.13772	0.02716	0.00939	0.03919	0.00857	0.03816	0.00653	0.00433	0.00419	0.00135	0.00609	0.00375	0.00208	0.00611
25	0.00739	0.00370	0.00554	0.00554	0.00554	0.00370	0.00370	0.00554	0.00554	0.00739	0.00739	0.01293	0.00739	0.01478	0.01663	0.87620	0.00370	0.00370	0.00185	0.00185
26	0.00882	0.00756	0.00882	0.00630	0.01008	0.00567	0.00504	0.01071	0.00882	0.01387	0.00756	0.00882	0.00630	0.00315	0.00315	0.00063	0.00315	0.00252	0.00252	0.87647
27	0.03230	0.23953	0.26014	0.01127	0.03708	0.03694	0.12966	0.10621	0.05539	0.04071	0.00839	0.00944	0.00639	0.00413	0.00385	0.00123	0.00546	0.00339	0.00243	0.00608
28	0.00518	0.00370	0.00494	0.00592	0.00617	0.00346	0.00395	0.00592	0.00815	0.01086	0.02345	0.84768	0.02814	0.01333	0.00543	0.00173	0.00247	0.01210	0.00395	0.00346
29	0.00540	0.00394	0.00503	0.00578	0.00627	0.00366	0.00404	0.00629	0.00853	0.01117	0.05086	0.59183	0.13815	0.05886	0.00630	0.00183	0.00263	0.08205	0.00389	0.00349
30	0.03225	0.18746	0.06289	0.00902	0.03289	0.17958	0.01878	0.08286	0.11085	0.03904	0.06972	0.08364	0.01128	0.00545	0.00391	0.00120	0.00471	0.00428	0.00299	0.05718
31	0.01071	0.14491	0.07815	0.09277	0.03446	0.01050	0.09336	0.10430	0.16989	0.06979	0.07413	0.01488	0.06401	0.00532	0.00431	0.00131	0.01363	0.00450	0.00323	0.00584
32	0.00529	0.00392	0.00494	0.00553	0.00612	0.00357	0.00383	0.00629	0.00904	0.01195	0.15148	0.56944	0.17878	0.01213	0.00529	0.00161	0.00234	0.01083	0.00406	0.00357
33	0.00609	0.00445	0.00636	0.00654	0.00716	0.00495	0.00495	0.00736	0.00713	0.00999	0.01374	0.09304	0.01411	0.14557	0.57037	0.00556	0.00890	0.07751	0.00262	0.00361
34	0.09450	0.24005	0.09105	0.00967	0.04583	0.12609	0.03713	0.13495	0.05369	0.06993	0.02035	0.01086	0.01974	0.00464	0.00371	0.00120	0.00495	0.02302	0.00283	0.00582
35	0.05210	0.00729	0.00973	0.02306	0.03924	0.00715	0.04699	0.07995	0.05779	0.33611	0.01855	0.08663	0.11120	0.00724	0.01785	0.00151	0.02693	0.04903	0.01579	0.00585
36	0.00799	0.00560	0.00640	0.00608	0.00767	0.00543	0.00463	0.03746	0.14570	0.09862	0.10128	0.17570	0.33219	0.00947	0.00491	0.00148	0.00271	0.03781	0.00423	0.00465
37	0.01005	0.00831	0.01966	0.03176	0.05525	0.04546	0.00673	0.15215	0.22673	0.04058	0.10269	0.16014	0.05111	0.00764	0.00468	0.00146	0.00368	0.06246	0.00395	0.00552

[dist]
# distance from previous block
# <min> <max>
1	8

[block]
# block no. 5 follows, 62 sequences, length 23
# corresponding to MSA columns:
# 192-212,219,220
name=unknown_F
#
# <colnr> <probs for GDERKNQSTAVLIFYWHMCP>
#	G	D	E	R	K	N	Q	S	T	A	V	L	I	F	Y	W	H	M	C	P
0	0.01301	0.00856	0.01241	0.06874	0.02444	0.02989	0.11171	0.09865	0.02230	0.28421	0.01292	0.03837	0.01029	0.00722	0.04161	0.00172	0.12373	0.08075	0.00360	0.00586
1	0.00999	0.00777	0.00956	0.02440	0.11301	0.00808	0.00688	0.28224	0.02712	0.01778	0.10721	0.12566	0.14946	0.00794	0.00477	0.00144	0.00366	0.08378	0.00387	0.00537
2	0.00613	0.00482	0.01857	0.07726	0.00870	0.00472	0.00508	0.00728	0.00868	0.03349	0.08704	0.55167	0.10240	0.01126	0.00567	0.00163	0.04813	0.00993	0.00372	0.00383
3	0.57013	0.01037	0.03290	0.00713	0.01000	0.08863	0.00596	0.14544	0.02260	0.04715	0.00733	0.00803	0.00551	0.00425	0.00315	0.00128	0.00404	0.00273	0.00295	0.02041
4	0.21069	0.00809	0.00912	0.00725	0.01022	0.00814	0.00596	0.17053	0.01231	0.42195	0.01283	0.01208	0.00860	0.00491	0.00379	0.00128	0.00361	0.00372	0.07854	0.00637
5	0.00539	0.00388	0.00515	0.00604	0.00644	0.00364	0.00423	0.00633	0.00855	0.01136	0.05911	0.69478	0.06013	0.01286	0.00544	0.00172	0.00259	0.09484	0.00398	0.00354
6	0.03255	0.00913	0.01171	0.05906	0.07879	0.00979	0.07042	0.28545	0.13687	0.07451	0.01308	0.03487	0.03811	0.07787	0.02104	0.00168	0.00451	0.00467	0.02988	0.00601
7	0.00566	0.00412	0.00533	0.00548	0.00625	0.00379	0.00394	0.00716	0.01052	0.01451	0.48858	0.31563	0.09227	0.01046	0.00516	0.00148	0.00218	0.00932	0.00438	0.00379
8	0.00517	0.00375	0.00488	0.00579	0.00614	0.00347	0.00389	0.00594	0.00828	0.01092	0.02513	0.77891	0.09583	0.01311	0.00540	0.00170	0.00244	0.01183	0.00395	0.00347
9	0.01170	0.01297	0.01371	0.07693	0.19133	0.29086	0.07872	0.01484	0.11321	0.01248	0.01057	0.01206	0.05479	0.00501	0.00511	0.00132	0.08242	0.00397	0.00249	0.00551
10	0.00970	0.36349	0.49717	0.01014	0.01534	0.01274	0.01225	0.01317	0.00884	0.01205	0.00693	0.00810	0.00542	0.00388	0.00350	0.00117	0.00557	0.00279	0.00181	0.00595
11	0.00538	0.00409	0.00486	0.00536	0.00613	0.00371	0.00383	0.00632	0.00879	0.01116	0.04318	0.38252	0.33033	0.08349	0.00669	0.00184	0.00262	0.08238	0.00384	0.00348
12	0.00597	0.00417	0.00516	0.00527	0.00560	0.00420	0.00343	0.00659	0.00734	0.00997	0.10258	0.14533	0.04747	0.46823	0.15689	0.00385	0.00484	0.00702	0.00300	0.00311
13	0.01138	0.85302	0.02230	0.00728	0.01092	0.01684	0.00728	0.01274	0.00865	0.01001	0.00592	0.00683	0.00546	0.00364	0.00273	0.00091	0.00455	0.00228	0.00182	0.00546
14	0.01173	0.78713	0.02149	0.00757	0.01110	0.08145	0.00736	0.01308	0.00892	0.01004	0.00597	0.00689	0.00546	0.00370	0.00282	0.00092	0.00480	0.00231	0.00185	0.00542
15	0.12837	0.00542	0.00608	0.00598	0.00721	0.00551	0.00443	0.07168	0.03865	0.01544	0.26267	0.32226	0.09148	0.00950	0.00475	0.00148	0.00262	0.00824	0.00403	0.00421
16	0.00567	0.00427	0.00506	0.00503	0.00598	0.00387	0.00364	0.00699	0.01009	0.01339	0.36490	0.10431	0.29482	0.12193	0.00730	0.00179	0.00243	0.03082	0.00408	0.00363
17	0.01324	0.01068	0.01111	0.00919	0.01207	0.03395	0.00736	0.38200	0.41281	0.02164	0.01357	0.01291	0.01001	0.00537	0.00426	0.00134	0.00408	0.00426	0.00420	0.02596
18	0.00853	0.13531	0.60652	0.01043	0.01563	0.01004	0.01285	0.01240	0.00884	0.01255	0.01051	0.01223	0.07058	0.05023	0.00489	0.00144	0.00560	0.00365	0.00201	0.00576
19	0.00851	0.08824	0.67154	0.01121	0.01682	0.00994	0.03434	0.01279	0.00904	0.01303	0.01054	0.01160	0.07505	0.00457	0.00404	0.00132	0.00582	0.00362	0.00199	0.00598
20	0.00875	0.00895	0.01810	0.01398	0.01702	0.00848	0.50544	0.01167	0.00991	0.01322	0.01451	0.04037	0.03742	0.00667	0.00531	0.00161	0.00586	0.26487	0.00282	0.00503
21	0.00611	0.00414	0.00487	0.00494	0.00503	0.00420	0.00293	0.00631	0.00638	0.00858	0.01389	0.08193	0.01586	0.71532	0.09875	0.00423	0.00471	0.00643	0.00264	0.00275
22	0.00702	0.00423	0.00507	0.00494	0.00524	0.00412	0.00304	0.00684	0.00667	0.05255	0.01480	0.02533	0.07750	0.57962	0.01845	0.16944	0.00386	0.00583	0.00269	0.00277

[dist]
# distance from previous block
# <min> <max>
0	2

[block]
# block no. 6 follows, 62 sequences, length 16
# corresponding to MSA columns:
# 223-230,236-243
name=unknown_G
#
# <colnr> <probs for GDERKNQSTAVLIFYWHMCP>
#	G	D	E	R	K	N	Q	S	T	A	V	L	I	F	Y	W	H	M	C	P
0	0.58772	0.06807	0.03811	0.03444	0.01095	0.07584	0.05074	0.06570	0.00882	0.01752	0.00652	0.00766	0.00507	0.00403	0.00308	0.00128	0.00422	0.00267	0.00257	0.00499
1	0.00572	0.00434	0.00527	0.00512	0.00624	0.00390	0.00386	0.00740	0.01113	0.01501	0.52920	0.05488	0.28635	0.00957	0.00506	0.00140	0.00213	0.03515	0.00441	0.00386
2	0.71454	0.00822	0.00706	0.00606	0.00883	0.00918	0.00500	0.04489	0.00850	0.14340	0.00776	0.00820	0.00562	0.00420	0.00295	0.00132	0.00340	0.00267	0.00310	0.00511
3	0.04329	0.04655	0.02655	0.00804	0.06219	0.02166	0.00584	0.13020	0.02068	0.06144	0.06641	0.15133	0.08250	0.04176	0.02339	0.13738	0.00379	0.02279	0.00330	0.04089
4	0.06852	0.05282	0.24241	0.06326	0.07127	0.05241	0.20634	0.01410	0.03373	0.09748	0.02435	0.01175	0.03361	0.00440	0.00422	0.00133	0.00560	0.00401	0.00254	0.00585
5	0.00786	0.00636	0.00715	0.00677	0.00832	0.00674	0.00511	0.03707	0.33016	0.01586	0.24143	0.16870	0.12427	0.00850	0.00480	0.00146	0.00273	0.00737	0.00431	0.00504
6	0.00652	0.00535	0.00570	0.00576	0.00691	0.03138	0.00423	0.04531	0.06038	0.01262	0.08004	0.25094	0.35482	0.06176	0.00607	0.00168	0.00281	0.04987	0.00389	0.00395
7	0.03345	0.03748	0.11346	0.06580	0.10908	0.07536	0.23639	0.18317	0.07440	0.01637	0.00907	0.01059	0.00683	0.00427	0.00433	0.00133	0.00578	0.00399	0.00271	0.00615
8	0.00967	0.00813	0.02390	0.00827	0.00976	0.06112	0.02906	0.04360	0.07951	0.10812	0.03926	0.12621	0.19153	0.00846	0.01880	0.00161	0.21846	0.00620	0.00341	0.00490
9	0.00654	0.00431	0.00494	0.00498	0.00607	0.00396	0.00366	0.00816	0.02429	0.04424	0.18532	0.20281	0.27045	0.00929	0.00461	0.00137	0.00223	0.00800	0.20085	0.00393
10	0.00871	0.00888	0.07571	0.00785	0.00948	0.09802	0.02620	0.06067	0.10806	0.01270	0.04285	0.11602	0.04337	0.19390	0.07583	0.00248	0.03216	0.05722	0.01542	0.00448
11	0.01101	0.04754	0.12381	0.07533	0.12064	0.13756	0.16581	0.05142	0.07597	0.04082	0.01000	0.04549	0.00835	0.00498	0.00466	0.00136	0.03187	0.03504	0.00258	0.00573
12	0.00530	0.00404	0.00485	0.00534	0.00611	0.00363	0.00378	0.00631	0.00908	0.01167	0.10429	0.43417	0.31037	0.03246	0.00567	0.00166	0.00241	0.04133	0.00398	0.00355
13	0.00594	0.00408	0.00532	0.00593	0.00652	0.00374	0.00411	0.00686	0.00863	0.04108	0.06904	0.65896	0.06417	0.03050	0.00564	0.00170	0.00258	0.03726	0.00396	0.03399
14	0.06570	0.03081	0.05377	0.03012	0.05917	0.06139	0.04992	0.16587	0.21633	0.06494	0.03696	0.05291	0.03704	0.03502	0.00502	0.00146	0.01947	0.00468	0.00351	0.00594
15	0.03599	0.11814	0.01431	0.04220	0.05723	0.28173	0.07262	0.22787	0.03702	0.01572	0.00892	0.04030	0.00743	0.00486	0.00402	0.00122	0.00574	0.01609	0.00285	0.00575

[dist]
# distance from previous block
# <min> <max>
2	8

[block]
# block no. 7 follows, 62 sequences, length 22
# corresponding to MSA columns:
# 263-284
name=unknown_H
#
# <colnr> <probs for GDERKNQSTAVLIFYWHMCP>
#	G	D	E	R	K	N	Q	S	T	A	V	L	I	F	Y	W	H	M	C	P
0	0.06950	0.10486	0.23245	0.01046	0.04652	0.03420	0.08172	0.13186	0.03004	0.08893	0.02299	0.02662	0.05946	0.00488	0.00402	0.00127	0.00491	0.00399	0.00289	0.03842
1	0.01125	0.00680	0.00765	0.00663	0.00869	0.05026	0.00518	0.04228	0.08429	0.27372	0.21917	0.06367	0.18740	0.00763	0.00465	0.00136	0.00310	0.00642	0.00450	0.00534
2	0.01058	0.00983	0.01641	0.05884	0.67767	0.00996	0.03851	0.05578	0.01017	0.01456	0.00842	0.01085	0.00692	0.00394	0.00418	0.00126	0.00497	0.00384	0.04680	0.00651
3	0.01013	0.03675	0.00817	0.00703	0.02361	0.01831	0.00538	0.04611	0.21464	0.16747	0.08856	0.07921	0.24916	0.00770	0.00456	0.00139	0.00306	0.00645	0.01693	0.00539
4	0.01467	0.03178	0.10300	0.00961	0.01300	0.06016	0.09594	0.11222	0.03317	0.38005	0.01379	0.07331	0.01032	0.00557	0.00439	0.00135	0.00463	0.02263	0.00399	0.00642
5	0.04622	0.01801	0.00930	0.00742	0.01022	0.00729	0.00601	0.06468	0.14664	0.49236	0.04846	0.03639	0.03884	0.00578	0.00423	0.00133	0.00343	0.00472	0.04212	0.00656
6	0.06783	0.00504	0.00596	0.00602	0.00717	0.00487	0.00446	0.03318	0.02881	0.09323	0.06105	0.33352	0.15903	0.08479	0.00645	0.00180	0.00294	0.08581	0.00392	0.00412
7	0.01098	0.15890	0.05870	0.08306	0.48952	0.10268	0.01155	0.01329	0.00964	0.01258	0.00743	0.00955	0.00623	0.00388	0.00391	0.00120	0.00537	0.00338	0.00203	0.00614
8	0.00582	0.00431	0.00546	0.00612	0.00664	0.00423	0.00421	0.00778	0.08933	0.01202	0.08982	0.67847	0.02737	0.02981	0.00563	0.00172	0.00255	0.01087	0.00402	0.00381
9	0.00592	0.00432	0.00591	0.00613	0.00658	0.00465	0.00437	0.00690	0.00729	0.01013	0.05248	0.25099	0.01782	0.20460	0.36848	0.00446	0.02545	0.00714	0.00291	0.00347
10	0.04958	0.01073	0.10905	0.09076	0.16648	0.07520	0.06830	0.03923	0.00947	0.02729	0.05426	0.06853	0.04534	0.00643	0.02343	0.01327	0.11702	0.00466	0.01571	0.00525
11	0.01482	0.01005	0.01050	0.00850	0.01133	0.08303	0.00683	0.32088	0.11641	0.22570	0.05926	0.03054	0.01111	0.00549	0.00422	0.00128	0.00415	0.00434	0.04650	0.02506
12	0.00829	0.00492	0.00551	0.00522	0.00652	0.00492	0.00396	0.01141	0.11269	0.06839	0.18591	0.07030	0.05808	0.00665	0.00391	0.00121	0.00231	0.00561	0.42972	0.00449
13	0.00565	0.00399	0.00495	0.00549	0.00612	0.00365	0.00379	0.00657	0.00872	0.02997	0.07512	0.53885	0.19472	0.04915	0.01737	0.00179	0.00258	0.01041	0.02752	0.00358
14	0.06123	0.04117	0.05455	0.04518	0.01191	0.16141	0.04681	0.12839	0.04185	0.08771	0.03977	0.19198	0.01328	0.02569	0.00478	0.00144	0.00466	0.02962	0.00335	0.00522
15	0.00917	0.00896	0.01638	0.01249	0.01539	0.00878	0.41630	0.06026	0.09247	0.01414	0.05427	0.01936	0.06646	0.09101	0.03557	0.00192	0.00564	0.06333	0.00293	0.00518
16	0.00579	0.00413	0.00541	0.00614	0.00660	0.00401	0.00445	0.00675	0.00821	0.01085	0.02183	0.44368	0.05978	0.15265	0.05056	0.00243	0.00353	0.19615	0.00363	0.00344
17	0.01255	0.05298	0.05748	0.04066	0.03296	0.06124	0.20364	0.24682	0.06861	0.07696	0.01049	0.05172	0.00826	0.00509	0.00492	0.00136	0.05050	0.00444	0.00318	0.00614
18	0.05086	0.01027	0.01065	0.00890	0.01138	0.11647	0.04375	0.32262	0.05407	0.07875	0.08372	0.10529	0.02898	0.00660	0.00447	0.00137	0.00442	0.04776	0.00388	0.00579
19	0.04029	0.00701	0.00867	0.01783	0.05101	0.00635	0.00564	0.07135	0.01067	0.09346	0.20689	0.06213	0.03094	0.00574	0.00430	0.00109	0.02573	0.00479	0.00350	0.34262
20	0.01077	0.35644	0.27980	0.00983	0.01407	0.03565	0.06503	0.04253	0.02845	0.05328	0.00831	0.01032	0.00680	0.02174	0.00414	0.00125	0.01603	0.02752	0.00225	0.00580
21	0.05550	0.05417	0.06188	0.01940	0.01069	0.03471	0.00655	0.08972	0.04854	0.32941	0.05290	0.03515	0.07248	0.04765	0.01441	0.00149	0.00396	0.01326	0.00399	0.04415

[dist]
# distance from previous block
# <min> <max>
0	6

[block]
# block no. 8 follows, 62 sequences, length 24
# corresponding to MSA columns:
# 291-314
name=unknown_I
#
# <colnr> <probs for GDERKNQSTAVLIFYWHMCP>
#	G	D	E	R	K	N	Q	S	T	A	V	L	I	F	Y	W	H	M	C	P
0	0.00808	0.00830	0.05777	0.53890	0.05455	0.03904	0.01022	0.01080	0.03171	0.01137	0.03818	0.07489	0.02114	0.02912	0.02827	0.02069	0.00535	0.00465	0.00228	0.00468
1	0.03689	0.00968	0.04151	0.16267	0.48416	0.02409	0.03305	0.03994	0.00984	0.01384	0.03481	0.02826	0.03435	0.00468	0.00430	0.00133	0.00498	0.02330	0.00237	0.00596
2	0.01139	0.09029	0.15700	0.10288	0.06433	0.11396	0.09130	0.05261	0.03217	0.10694	0.00985	0.06011	0.00800	0.00531	0.01772	0.00138	0.02759	0.00407	0.00267	0.04043
3	0.04050	0.00662	0.00770	0.00688	0.00838	0.03484	0.02153	0.10365	0.03368	0.16443	0.03747	0.12746	0.02781	0.26950	0.01012	0.01598	0.00391	0.07127	0.00366	0.00459
4	0.00661	0.00474	0.00583	0.00569	0.00681	0.00453	0.00426	0.00915	0.08062	0.03736	0.45592	0.16067	0.12998	0.00932	0.00497	0.00143	0.00232	0.03260	0.03300	0.00419
5	0.03476	0.02608	0.06856	0.04652	0.08846	0.11019	0.03261	0.09946	0.07068	0.03128	0.09753	0.09392	0.09690	0.02221	0.03378	0.01338	0.01990	0.00544	0.00320	0.00516
6	0.02324	0.07666	0.15215	0.04977	0.01555	0.12135	0.17662	0.10483	0.02279	0.07917	0.00932	0.03774	0.00749	0.03419	0.00529	0.00141	0.04756	0.00404	0.00266	0.02818
7	0.00916	0.00798	0.04848	0.00894	0.01018	0.00873	0.06451	0.04116	0.00888	0.06696	0.10268	0.07025	0.02668	0.05265	0.00901	0.00168	0.32919	0.00509	0.12308	0.00470
8	0.00595	0.00446	0.00532	0.03421	0.00695	0.00412	0.00398	0.00753	0.02746	0.02722	0.25348	0.18493	0.33494	0.04346	0.00564	0.00155	0.00242	0.00856	0.03398	0.00383
9	0.06116	0.01042	0.03357	0.08410	0.12000	0.09716	0.08773	0.07317	0.09865	0.04410	0.03695	0.01139	0.00832	0.01419	0.00432	0.00121	0.01623	0.00372	0.00282	0.19079
10	0.04590	0.02566	0.30187	0.07065	0.10338	0.03928	0.11638	0.09817	0.06118	0.02686	0.01049	0.01198	0.04604	0.01832	0.00450	0.00139	0.00550	0.00397	0.00252	0.00598
11	0.01078	0.00686	0.00789	0.00690	0.00897	0.00687	0.00542	0.14734	0.13160	0.17807	0.06544	0.10093	0.20952	0.03634	0.00524	0.00151	0.00322	0.04160	0.02011	0.00540
12	0.00649	0.00485	0.00570	0.00579	0.00668	0.02665	0.00420	0.03259	0.01000	0.02715	0.26973	0.29943	0.13690	0.06736	0.03342	0.00185	0.00296	0.03623	0.01818	0.00385
13	0.03726	0.11259	0.17673	0.03601	0.04949	0.08540	0.13708	0.06541	0.09597	0.01424	0.02828	0.02459	0.00814	0.00459	0.00425	0.00126	0.02260	0.01757	0.00256	0.07599
14	0.00662	0.00485	0.00604	0.02117	0.02698	0.00464	0.00463	0.02876	0.04729	0.04107	0.12219	0.33624	0.21802	0.04386	0.00579	0.00167	0.00277	0.06939	0.00397	0.00404
15	0.00661	0.00423	0.00536	0.00566	0.00612	0.00409	0.00382	0.02151	0.02149	0.03711	0.05598	0.39119	0.04691	0.19190	0.01033	0.12734	0.00307	0.02269	0.03126	0.00334
16	0.09607	0.00665	0.02676	0.04080	0.02121	0.01866	0.00523	0.06896	0.07840	0.07281	0.06521	0.13795	0.17250	0.07631	0.01984	0.00170	0.00337	0.00636	0.07658	0.00463
17	0.04480	0.03386	0.09118	0.03291	0.06522	0.12245	0.18166	0.10843	0.09941	0.05923	0.06632	0.03959	0.01018	0.00504	0.00452	0.00134	0.02058	0.00444	0.00301	0.00582
18	0.02679	0.00523	0.00611	0.00637	0.00716	0.03336	0.01605	0.02201	0.05295	0.02287	0.07255	0.50837	0.09622	0.06598	0.00636	0.00178	0.01749	0.02466	0.00380	0.00388
19	0.00608	0.00422	0.00529	0.00582	0.00647	0.00393	0.00402	0.03295	0.00893	0.04134	0.04146	0.62831	0.14422	0.03835	0.00579	0.00172	0.00258	0.01081	0.00398	0.00372
20	0.02895	0.02774	0.18112	0.08584	0.15085	0.02481	0.16021	0.08112	0.05843	0.09036	0.02837	0.02446	0.00808	0.00452	0.00444	0.00134	0.01650	0.00413	0.00274	0.01598
21	0.04622	0.07945	0.10021	0.01227	0.13385	0.14358	0.06583	0.15035	0.02495	0.01493	0.00937	0.05781	0.00817	0.02612	0.02539	0.00148	0.03882	0.01527	0.02022	0.02569
22	0.02988	0.03654	0.02276	0.02366	0.03292	0.07988	0.02845	0.13281	0.03702	0.02519	0.03883	0.14634	0.02550	0.03508	0.08189	0.00194	0.09524	0.00528	0.05295	0.06783
23	0.04946	0.04260	0.06052	0.04252	0.03030	0.04808	0.05748	0.15055	0.05566	0.03022	0.06906	0.07930	0.08327	0.01757	0.04680	0.00171	0.03001	0.07109	0.01848	0.01531

[dist]
# distance from previous block
# <min> <max>
2	13

[block]
# block no. 9 follows, 62 sequences, length 18
# corresponding to MSA columns:
# 328-345
name=unknown_J
#
# <colnr> <probs for GDERKNQSTAVLIFYWHMCP>
#	G	D	E	R	K	N	Q	S	T	A	V	L	I	F	Y	W	H	M	C	P
0	0.00833	0.03928	0.06808	0.00764	0.03857	0.02884	0.00597	0.05152	0.11139	0.06242	0.04908	0.30900	0.14760	0.02943	0.00514	0.00153	0.00335	0.00772	0.00370	0.02141
1	0.04203	0.13607	0.06504	0.00917	0.04006	0.07070	0.04581	0.14053	0.03377	0.02867	0.09587	0.11937	0.03887	0.00732	0.02539	0.02829	0.05965	0.00513	0.00308	0.00519
2	0.01021	0.05374	0.12503	0.00913	0.01200	0.06744	0.09917	0.07219	0.06577	0.09419	0.10027	0.07899	0.09921	0.00647	0.00465	0.00135	0.02218	0.02610	0.02511	0.02680
3	0.03368	0.00503	0.00600	0.00610	0.00706	0.02455	0.02098	0.01692	0.03806	0.01217	0.09159	0.40582	0.15398	0.02319	0.00610	0.06608	0.00285	0.02856	0.01726	0.03400
4	0.01026	0.07562	0.12430	0.04066	0.11405	0.08493	0.07516	0.08861	0.06403	0.03349	0.01176	0.10475	0.02836	0.00779	0.06657	0.00178	0.03598	0.02362	0.00277	0.00553
5	0.00621	0.00412	0.00537	0.00583	0.00628	0.00402	0.00398	0.00696	0.00780	0.04698	0.01974	0.46627	0.04145	0.21370	0.11084	0.00291	0.00405	0.03653	0.00348	0.00348
6	0.02942	0.00828	0.01418	0.33217	0.26422	0.00902	0.09900	0.01115	0.00898	0.01238	0.02375	0.11140	0.02062	0.00538	0.00476	0.00142	0.03128	0.00501	0.00232	0.00526
7	0.12540	0.02183	0.01089	0.06984	0.03220	0.02388	0.05312	0.13270	0.19747	0.10181	0.02738	0.03339	0.00992	0.00717	0.05940	0.00175	0.05140	0.01551	0.01913	0.00580
8	0.01031	0.01127	0.12442	0.03204	0.13633	0.10085	0.02837	0.08404	0.07665	0.04666	0.07707	0.01495	0.05415	0.02929	0.09207	0.00200	0.06670	0.00445	0.00289	0.00551
9	0.03986	0.00515	0.00598	0.00624	0.02832	0.00493	0.00448	0.00933	0.09167	0.06584	0.06057	0.25520	0.33258	0.02609	0.00526	0.00157	0.00269	0.04601	0.00398	0.00425
10	0.00673	0.00479	0.00669	0.00659	0.00743	0.00536	0.00499	0.00855	0.04653	0.03987	0.01330	0.04215	0.03302	0.13121	0.61612	0.00575	0.00932	0.00509	0.00262	0.00390
