[name]
unknown

[dist]
# distance from previous block
# <min> <max>
0	20

[block]
# block no. 0 follows, 72 sequences, length 6
# corresponding to MSA columns:
# 20-25
name=unknown_A
#
# <colnr> <probs for GDERKNQSTAVLIFYWHMCP>
#	G	D	E	R	K	N	Q	S	T	A	V	L	I	F	Y	W	H	M	C	P
0	0.00993	0.00685	0.00818	0.02669	0.00948	0.00716	0.00599	0.28501	0.04891	0.09354	0.04907	0.08118	0.04563	0.00800	0.04168	0.00155	0.00376	0.22427	0.00360	0.03953
1	0.01078	0.00950	0.01057	0.04823	0.15911	0.09256	0.00745	0.23859	0.27401	0.01590	0.01086	0.04108	0.00871	0.02848	0.02593	0.00138	0.00423	0.00392	0.00310	0.00562
2	0.00470	0.00380	0.00418	0.00420	0.00529	0.00328	0.00311	0.00583	0.00900	0.01135	0.22473	0.11652	0.57193	0.00940	0.00452	0.00129	0.00192	0.00801	0.00367	0.00328
3	0.00888	0.04689	0.01014	0.11905	0.19253	0.00801	0.00721	0.12805	0.14460	0.03707	0.06296	0.06440	0.11038	0.00546	0.00387	0.00120	0.00352	0.00468	0.03605	0.00506
4	0.00979	0.30838	0.29200	0.04405	0.05794	0.07675	0.07570	0.03477	0.00861	0.04941	0.00673	0.00785	0.00524	0.00354	0.00329	0.00105	0.00500	0.00276	0.00188	0.00525
5	0.00844	0.00687	0.01051	0.17612	0.25891	0.00720	0.03165	0.04111	0.09042	0.07618	0.01301	0.20499	0.04641	0.00596	0.00408	0.00128	0.00378	0.00541	0.00277	0.00490

[dist]
# distance from previous block
# <min> <max>
3	13

[block]
# block no. 1 follows, 72 sequences, length 30
# corresponding to MSA columns:
# 40-69
name=unknown_B
#
# <colnr> <probs for GDERKNQSTAVLIFYWHMCP>
#	G	D	E	R	K	N	Q	S	T	A	V	L	I	F	Y	W	H	M	C	P
0	0.05081	0.02248	0.04618	0.09112	0.15462	0.02804	0.00708	0.09805	0.03898	0.04016	0.00927	0.08174	0.02009	0.00486	0.02202	0.00112	0.00383	0.00366	0.00251	0.27337
1	0.08272	0.24485	0.07928	0.00922	0.08479	0.09379	0.02997	0.08896	0.12716	0.05834	0.00807	0.00865	0.00631	0.00390	0.00343	0.00106	0.02317	0.00290	0.00246	0.04098
2	0.24939	0.08758	0.30209	0.05052	0.09080	0.00951	0.03278	0.07990	0.02869	0.02630	0.00683	0.00794	0.00514	0.00366	0.00323	0.00115	0.00442	0.00276	0.00213	0.00518
3	0.00868	0.00704	0.00937	0.09758	0.13715	0.00622	0.00632	0.02487	0.03513	0.06971	0.03635	0.01000	0.01902	0.00350	0.00325	0.00083	0.00331	0.00297	0.00246	0.51624
4	0.00815	0.05217	0.00684	0.00548	0.00651	0.00627	0.00389	0.18028	0.03847	0.03512	0.01127	0.02911	0.01138	0.50920	0.03924	0.00276	0.00387	0.00472	0.04161	0.00366
5	0.00510	0.00375	0.00430	0.00431	0.00507	0.00346	0.00301	0.00605	0.00812	0.01077	0.20494	0.10852	0.32073	0.20928	0.03765	0.00199	0.00261	0.00706	0.05019	0.00309
6	0.01403	0.01033	0.01110	0.00859	0.01151	0.01141	0.00706	0.79746	0.01741	0.02333	0.00958	0.04325	0.00719	0.00485	0.00384	0.00115	0.00409	0.00371	0.00378	0.00632
7	0.00490	0.00343	0.00438	0.00497	0.00515	0.00330	0.00320	0.00540	0.00672	0.00898	0.01798	0.59474	0.02133	0.25983	0.03549	0.00230	0.00288	0.00905	0.00312	0.00286
8	0.00761	0.01962	0.84707	0.01081	0.01641	0.00881	0.01401	0.01201	0.00801	0.01201	0.00681	0.00801	0.00480	0.00360	0.00360	0.00120	0.00560	0.00280	0.00160	0.00560
9	0.00552	0.00368	0.00414	0.00414	0.00414	0.00368	0.00230	0.00552	0.00552	0.00735	0.01195	0.02482	0.01379	0.86672	0.01930	0.00368	0.00368	0.00552	0.00230	0.00230
10	0.00552	0.00368	0.00414	0.00414	0.00414	0.00368	0.00230	0.00552	0.00552	0.00735	0.01195	0.02482	0.01379	0.86672	0.01930	0.00368	0.00368	0.00552	0.00230	0.00230
11	0.00804	0.00684	0.00796	0.00570	0.00906	0.00523	0.00457	0.03143	0.00813	0.01267	0.00680	0.00790	0.00564	0.00286	0.00283	0.00058	0.00285	0.00228	0.00229	0.86635
12	0.00786	0.00674	0.00786	0.00562	0.00899	0.00506	0.00449	0.00955	0.00786	0.01236	0.00674	0.00786	0.00562	0.00281	0.00281	0.00056	0.00281	0.00225	0.00225	0.88990
13	0.00927	0.00889	0.01518	0.06839	0.79888	0.00898	0.01158	0.01153	0.00858	0.01224	0.00711	0.00943	0.00596	0.00340	0.00376	0.00113	0.00454	0.00338	0.00187	0.00591
14	0.00934	0.00805	0.00851	0.00770	0.00981	0.00930	0.00601	0.01982	0.81406	0.01574	0.01556	0.01492	0.01185	0.00529	0.00390	0.00130	0.00301	0.02605	0.00385	0.00594
15	0.00912	0.32256	0.31484	0.01091	0.11938	0.01101	0.06599	0.01204	0.03396	0.03382	0.00702	0.01963	0.00566	0.00365	0.00341	0.00107	0.01585	0.00290	0.00185	0.00534
16	0.01167	0.00857	0.00895	0.00736	0.00981	0.07339	0.00590	0.29705	0.12145	0.14172	0.01367	0.05317	0.07768	0.00597	0.02535	0.00127	0.00379	0.03065	0.00354	0.09904
17	0.89350	0.00733	0.00557	0.00499	0.00733	0.00851	0.00411	0.01115	0.00645	0.01702	0.00528	0.00616	0.00411	0.00352	0.00235	0.00117	0.00293	0.00205	0.00235	0.00411
18	0.00757	0.00596	0.00873	0.02434	0.28357	0.00596	0.00644	0.00954	0.06994	0.05604	0.04738	0.16639	0.04191	0.20281	0.00763	0.00183	0.00349	0.04338	0.00278	0.00433
19	0.02805	0.04924	0.05299	0.46909	0.03459	0.03452	0.10439	0.04820	0.03824	0.04716	0.00741	0.00976	0.00559	0.00395	0.00423	0.00124	0.05121	0.00340	0.00203	0.00471
20	0.01417	0.01808	0.01075	0.00977	0.01172	0.85149	0.00733	0.01514	0.01075	0.00928	0.00586	0.00684	0.00489	0.00391	0.00342	0.00098	0.00684	0.00244	0.00195	0.00440
21	0.00464	0.00335	0.00435	0.00515	0.00544	0.00311	0.00344	0.00530	0.00731	0.00966	0.02191	0.78110	0.08360	0.03564	0.00522	0.00158	0.00222	0.01043	0.00349	0.00307
22	0.00541	0.00427	0.00617	0.03019	0.02143	0.00420	0.04889	0.00682	0.03545	0.01026	0.03234	0.49628	0.08989	0.02721	0.07764	0.00193	0.00338	0.09159	0.00322	0.00344
23	0.01435	0.07729	0.14707	0.00852	0.06298	0.02566	0.00747	0.02972	0.01011	0.55947	0.01208	0.01115	0.00792	0.00430	0.00366	0.00114	0.00386	0.00344	0.00370	0.00612
24	0.00716	0.00674	0.01138	0.85760	0.02612	0.00843	0.01053	0.00969	0.00758	0.00969	0.00674	0.01011	0.00506	0.00379	0.00379	0.00126	0.00506	0.00337	0.00169	0.00421
25	0.00506	0.00380	0.00479	0.00539	0.00614	0.00353	0.00415	0.00617	0.00818	0.01046	0.03985	0.35257	0.26000	0.01071	0.00486	0.00152	0.00252	0.26352	0.00352	0.00325
26	0.22271	0.01263	0.24247	0.04019	0.01215	0.15487	0.03320	0.04534	0.03652	0.06008	0.00781	0.05435	0.00635	0.00440	0.00388	0.00120	0.05147	0.00322	0.00230	0.00485
27	0.00716	0.00674	0.01138	0.85760	0.02612	0.00843	0.01053	0.00969	0.00758	0.00969	0.00674	0.01011	0.00506	0.00379	0.00379	0.00126	0.00506	0.00337	0.00169	0.00421
28	0.00584	0.00417	0.00580	0.00668	0.00743	0.00413	0.00564	0.00739	0.00847	0.01105	0.02023	0.19077	0.02241	0.01073	0.00517	0.00171	0.00326	0.67219	0.00350	0.00342
29	0.01190	0.00867	0.00949	0.00804	0.02409	0.02210	0.00634	0.41972	0.20710	0.08090	0.02216	0.08476	0.01039	0.00553	0.00391	0.00122	0.00358	0.03184	0.03247	0.00579

[dist]
# distance from previous block
# <min> <max>
0	1

[block]
# block no. 2 follows, 72 sequences, length 14
# corresponding to MSA columns:
# 71-84
name=unknown_C
#
# <colnr> <probs for GDERKNQSTAVLIFYWHMCP>
#	G	D	E	R	K	N	Q	S	T	A	V	L	I	F	Y	W	H	M	C	P
0	0.01423	0.00623	0.00842	0.00673	0.00923	0.00566	0.02672	0.04320	0.04663	0.60147	0.06296	0.06256	0.01201	0.00537	0.00390	0.00120	0.00312	0.02255	0.05199	0.00582
1	0.00497	0.00353	0.00463	0.00522	0.00558	0.00334	0.00362	0.00583	0.00771	0.01039	0.14323	0.56463	0.02507	0.11180	0.00652	0.00176	0.00243	0.08316	0.00347	0.00310
2	0.12834	0.11164	0.05142	0.01075	0.05947	0.36535	0.16628	0.02881	0.00929	0.01139	0.00623	0.00758	0.00504	0.00366	0.00356	0.00108	0.02056	0.00284	0.00197	0.00473
3	0.00822	0.00695	0.00805	0.00578	0.00914	0.00542	0.00464	0.05376	0.00840	0.01298	0.00687	0.00793	0.00566	0.00290	0.00286	0.00059	0.00288	0.00231	0.00233	0.84232
4	0.00516	0.00388	0.00478	0.00532	0.00594	0.00370	0.00378	0.02759	0.04426	0.01055	0.02369	0.58798	0.18163	0.01086	0.00473	0.00148	0.00232	0.06546	0.00354	0.00335
5	0.00552	0.00368	0.00414	0.00414	0.00414	0.00368	0.00230	0.00552	0.00552	0.00735	0.01195	0.02482	0.01379	0.86672	0.01930	0.00368	0.00368	0.00552	0.00230	0.00230
6	0.00515	0.00387	0.00450	0.00441	0.00546	0.00341	0.00327	0.00642	0.00937	0.03041	0.36516	0.09907	0.41009	0.02654	0.00480	0.00131	0.00195	0.00762	0.00379	0.00340
7	0.01014	0.00861	0.00878	0.00780	0.01000	0.04756	0.00608	0.04676	0.73555	0.05204	0.01477	0.01360	0.01101	0.00505	0.00383	0.00126	0.00322	0.00415	0.00381	0.00596
8	0.00505	0.00386	0.00463	0.00444	0.00547	0.00344	0.00333	0.00654	0.00998	0.01342	0.55116	0.03128	0.32680	0.00842	0.00448	0.00122	0.00184	0.00727	0.00394	0.00344
9	0.00943	0.00815	0.00858	0.00772	0.00986	0.00943	0.00600	0.02015	0.83621	0.01586	0.01544	0.01415	0.01158	0.00515	0.00386	0.00129	0.00300	0.00429	0.00386	0.00600
10	0.00636	0.00344	0.00516	0.00516	0.00529	0.00357	0.00357	0.00529	0.00516	0.00702	0.00728	0.01218	0.00715	0.01613	0.17662	0.71883	0.00462	0.00344	0.00172	0.00198
11	0.67787	0.00792	0.00687	0.00580	0.00831	0.00898	0.00478	0.16993	0.00888	0.06153	0.00652	0.00708	0.00484	0.00378	0.00270	0.00117	0.00319	0.00241	0.00275	0.00468
12	0.01546	0.00718	0.01143	0.00853	0.01164	0.00635	0.16483	0.01726	0.01049	0.68453	0.01355	0.01239	0.00869	0.00440	0.00394	0.00119	0.00384	0.00394	0.00416	0.00620
13	0.72165	0.00655	0.00535	0.00504	0.00698	0.00746	0.00399	0.01001	0.00661	0.01560	0.00830	0.17206	0.00816	0.00514	0.00283	0.00124	0.00279	0.00374	0.00257	0.00391

[dist]
# distance from previous block
# <min> <max>
0	2

[block]
# block no. 3 follows, 72 sequences, length 14
# corresponding to MSA columns:
# 87-100
name=unknown_D
#
# <colnr> <probs for GDERKNQSTAVLIFYWHMCP>
#	G	D	E	R	K	N	Q	S	T	A	V	L	I	F	Y	W	H	M	C	P
0	0.01048	0.00949	0.00890	0.00797	0.01012	0.13041	0.00617	0.01935	0.67802	0.05454	0.01404	0.01304	0.01051	0.00495	0.00379	0.00124	0.00356	0.00400	0.00362	0.00579
1	0.01547	0.00873	0.00993	0.00775	0.01059	0.08130	0.02402	0.26280	0.01291	0.48216	0.03651	0.01163	0.00880	0.00464	0.00381	0.00115	0.00385	0.00368	0.00411	0.00616
2	0.03390	0.16099	0.38523	0.03386	0.15034	0.02174	0.02689	0.06147	0.00878	0.05945	0.00713	0.00828	0.00538	0.00367	0.00357	0.00112	0.01780	0.00289	0.00199	0.00552
3	0.00939	0.00901	0.01539	0.02328	0.84306	0.00901	0.01164	0.01164	0.00864	0.01239	0.00713	0.00939	0.00601	0.00338	0.00375	0.00113	0.00451	0.00338	0.00188	0.00601
4	0.01080	0.00883	0.00934	0.00799	0.01038	0.01007	0.00633	0.24218	0.61195	0.01807	0.01370	0.01277	0.01017	0.00498	0.00384	0.00125	0.00332	0.00405	0.00384	0.00613
5	0.00484	0.00355	0.00457	0.00534	0.00571	0.00337	0.00365	0.00593	0.03908	0.01000	0.02172	0.75911	0.07343	0.01145	0.00479	0.00152	0.00225	0.03294	0.00353	0.00321
6	0.00972	0.37695	0.35086	0.00891	0.01308	0.03078	0.05129	0.05621	0.00866	0.05165	0.00670	0.00758	0.00519	0.00354	0.00317	0.00103	0.00483	0.00263	0.00190	0.00533
7	0.00461	0.00333	0.00437	0.00521	0.00548	0.00309	0.00349	0.00529	0.00733	0.00971	0.02182	0.82079	0.06794	0.01176	0.00482	0.00153	0.00219	0.01064	0.00352	0.00309
8	0.01446	0.00609	0.00803	0.00643	0.00893	0.00540	0.00520	0.05472	0.01070	0.64136	0.04553	0.08936	0.07470	0.00579	0.00398	0.00121	0.00303	0.00483	0.00444	0.00581
9	0.05141	0.00891	0.10823	0.00898	0.05814	0.00767	0.08558	0.11559	0.13262	0.22993	0.08068	0.01426	0.07101	0.00495	0.00389	0.00121	0.00374	0.00423	0.00344	0.00556
10	0.00676	0.00593	0.05017	0.00631	0.00769	0.00559	0.00504	0.01088	0.26123	0.03452	0.04213	0.29489	0.12131	0.02810	0.02927	0.00159	0.00298	0.07784	0.00350	0.00425
11	0.00917	0.00442	0.00521	0.00467	0.00616	0.00403	0.00362	0.01064	0.00901	0.24787	0.06457	0.06679	0.16390	0.00605	0.00354	0.00109	0.00223	0.00503	0.37772	0.00427
12	0.00938	0.00938	0.03048	0.03601	0.04282	0.00897	0.51696	0.08419	0.08085	0.05012	0.01142	0.01281	0.07940	0.00414	0.00428	0.00126	0.00527	0.00455	0.00250	0.00521
13	0.00991	0.01086	0.07999	0.15385	0.30366	0.10025	0.16427	0.10762	0.00978	0.01289	0.00724	0.00925	0.00564	0.00362	0.00385	0.00117	0.00525	0.00344	0.00206	0.00539

[dist]
# distance from previous block
# <min> <max>
0	6

[block]
# block no. 4 follows, 72 sequences, length 46
# corresponding to MSA columns:
# 107-152
name=unknown_E
#
# <colnr> <probs for GDERKNQSTAVLIFYWHMCP>
#	G	D	E	R	K	N	Q	S	T	A	V	L	I	F	Y	W	H	M	C	P
0	0.00570	0.00430	0.00607	0.00730	0.09482	0.00404	0.01699	0.00668	0.00771	0.03115	0.02919	0.54143	0.09927	0.05263	0.00536	0.00155	0.00267	0.05759	0.00327	0.02228
1	0.36028	0.08483	0.00957	0.02174	0.02311	0.36585	0.00611	0.02319	0.00862	0.02593	0.00577	0.00678	0.00469	0.00381	0.00327	0.00108	0.03648	0.00235	0.00213	0.00439
2	0.00519	0.00389	0.00458	0.00482	0.00558	0.01615	0.00342	0.00621	0.00858	0.02868	0.22216	0.37690	0.25986	0.02986	0.00494	0.00142	0.00215	0.00865	0.00365	0.00331
3	0.00975	0.04749	0.00914	0.00719	0.00981	0.12905	0.00567	0.01523	0.36843	0.03092	0.01050	0.01048	0.00815	0.00404	0.00336	0.00096	0.00354	0.00319	0.00293	0.32018
4	0.00698	0.00570	0.00640	0.00590	0.00739	0.00604	0.00452	0.01249	0.36477	0.01477	0.37073	0.02342	0.14177	0.00690	0.00421	0.00125	0.00233	0.00592	0.00394	0.00456
5	0.00669	0.00360	0.00382	0.00379	0.00467	0.00353	0.00283	0.00843	0.00844	0.01419	0.15813	0.03165	0.02640	0.00521	0.00303	0.00095	0.00178	0.00431	0.70502	0.00353
6	0.00559	0.00387	0.00510	0.00583	0.00649	0.00375	0.00463	0.00690	0.00812	0.01099	0.02058	0.33427	0.06741	0.01029	0.00478	0.00155	0.00276	0.39642	0.09735	0.00333
7	0.00830	0.00830	0.01162	0.00996	0.00996	0.01162	0.00830	0.00913	0.00581	0.00913	0.00498	0.00830	0.00498	0.00664	0.01245	0.00166	0.85977	0.00332	0.00166	0.00415
8	0.00462	0.00330	0.00440	0.00528	0.00550	0.00308	0.00352	0.00528	0.00726	0.00968	0.02090	0.86424	0.02508	0.01188	0.00484	0.00154	0.00220	0.01078	0.00352	0.00308
9	0.00943	0.00815	0.00858	0.00772	0.00986	0.00943	0.00600	0.02015	0.83621	0.01586	0.01544	0.01415	0.01158	0.00515	0.00386	0.00129	0.00300	0.00429	0.00386	0.00600
10	0.00707	0.00353	0.00353	0.00353	0.00442	0.00353	0.00265	0.00884	0.00795	0.01414	0.01237	0.01414	0.00972	0.00442	0.00265	0.00088	0.00177	0.00353	0.88777	0.00353
11	0.00943	0.00815	0.00858	0.00772	0.00986	0.00943	0.00600	0.02015	0.83621	0.01586	0.01544	0.01415	0.01158	0.00515	0.00386	0.00129	0.00300	0.00429	0.00386	0.00600
12	0.01417	0.01808	0.01075	0.00977	0.01172	0.85149	0.00733	0.01514	0.01075	0.00928	0.00586	0.00684	0.00489	0.00391	0.00342	0.00098	0.00684	0.00244	0.00195	0.00440
13	0.00833	0.00671	0.00777	0.00747	0.00909	0.00748	0.00613	0.07801	0.39442	0.01434	0.01710	0.02570	0.03606	0.00740	0.00466	0.00147	0.02705	0.33227	0.00364	0.00490
14	0.01168	0.35666	0.09419	0.00816	0.01126	0.21294	0.00749	0.18574	0.03143	0.01275	0.00667	0.00734	0.00539	0.00375	0.00311	0.00096	0.00483	0.00256	0.00223	0.03086
15	0.00843	0.00799	0.01286	0.16327	0.50209	0.02112	0.02335	0.01077	0.02805	0.01157	0.00899	0.01126	0.04683	0.00573	0.07020	0.00152	0.00485	0.00362	0.00201	0.05547
16	0.02140	0.07107	0.34801	0.02385	0.03752	0.04425	0.09492	0.13205	0.07464	0.05181	0.00818	0.01790	0.00614	0.00409	0.00411	0.00120	0.04774	0.00329	0.00233	0.00552
17	0.00480	0.00386	0.00440	0.00455	0.01761	0.00337	0.00327	0.00596	0.00901	0.01149	0.24409	0.13709	0.51844	0.00932	0.00451	0.00129	0.00196	0.00798	0.00367	0.00333
18	0.00450	0.00378	0.00391	0.00401	0.00517	0.00319	0.00296	0.00542	0.00848	0.01018	0.03637	0.13340	0.74594	0.00987	0.00452	0.00131	0.00195	0.00833	0.00352	0.00319
19	0.01040	0.76966	0.03080	0.00721	0.02993	0.08033	0.00679	0.01167	0.00797	0.00908	0.00539	0.00625	0.00489	0.00330	0.00256	0.00084	0.00431	0.00210	0.00165	0.00487
20	0.02453	0.19628	0.26769	0.01009	0.04876	0.15102	0.07510	0.04133	0.00888	0.07110	0.00700	0.00812	0.00542	0.00420	0.01706	0.00118	0.05217	0.00287	0.00202	0.00518
21	0.01642	0.00659	0.00878	0.00682	0.00970	0.00588	0.00561	0.01861	0.07554	0.78065	0.01500	0.01301	0.00956	0.00473	0.00382	0.00118	0.00321	0.00385	0.00463	0.00642
22	0.00462	0.00330	0.00440	0.00528	0.00550	0.00308	0.00352	0.00528	0.00726	0.00968	0.02090	0.86424	0.02508	0.01188	0.00484	0.00154	0.00220	0.01078	0.00352	0.00308
23	0.00971	0.10811	0.20479	0.05724	0.19944	0.03130	0.06526	0.06509	0.05117	0.08380	0.02063	0.03657	0.00754	0.00428	0.00383	0.00117	0.01609	0.02617	0.00237	0.00544
24	0.00926	0.00832	0.04645	0.28356	0.31894	0.00836	0.06853	0.02228	0.05562	0.09702	0.02177	0.02777	0.00716	0.00400	0.00386	0.00121	0.00455	0.00373	0.00230	0.00531
25	0.01382	0.00552	0.00711	0.00571	0.00799	0.00492	0.00463	0.01538	0.00992	0.57830	0.01413	0.01330	0.00950	0.00461	0.00344	0.00108	0.00276	0.00372	0.28865	0.00552
26	0.00840	0.00788	0.01314	0.15875	0.50723	0.00834	0.03121	0.02638	0.00825	0.01156	0.00846	0.09029	0.00777	0.00566	0.04602	0.00146	0.04781	0.00413	0.00204	0.00520
27	0.01022	0.12812	0.28099	0.03302	0.15642	0.04030	0.05710	0.08860	0.00947	0.11406	0.00865	0.03114	0.01720	0.00402	0.00361	0.00113	0.00473	0.00335	0.00234	0.00555
28	0.01269	0.00811	0.00847	0.00721	0.00922	0.16060	0.02162	0.04692	0.01000	0.38992	0.02341	0.14926	0.04541	0.01772	0.02475	0.00137	0.03580	0.00489	0.01755	0.00508
29	0.74511	0.13082	0.00775	0.00532	0.00779	0.03060	0.00453	0.01128	0.00674	0.01566	0.00529	0.00617	0.00424	0.00349	0.00239	0.00112	0.00319	0.00206	0.00223	0.00422
30	0.00457	0.00385	0.00397	0.00394	0.00518	0.00324	0.00295	0.00562	0.00886	0.01076	0.12154	0.03565	0.75808	0.00941	0.00448	0.00127	0.00191	0.00789	0.00359	0.00324
31	0.00784	0.00738	0.01248	0.53702	0.27639	0.00845	0.02350	0.01024	0.00799	0.01078	0.02793	0.01040	0.00622	0.00381	0.00391	0.00122	0.01705	0.00348	0.01915	0.00475
32	0.01417	0.01808	0.01075	0.00977	0.01172	0.85149	0.00733	0.01514	0.01075	0.00928	0.00586	0.00684	0.00489	0.00391	0.00342	0.00098	0.00684	0.00244	0.00195	0.00440
33	0.00450	0.00384	0.00387	0.00386	0.00513	0.00321	0.00290	0.00548	0.00869	0.01036	0.05653	0.03631	0.82334	0.00956	0.00448	0.00128	0.00192	0.00798	0.00354	0.00321
34	0.00462	0.00330	0.00440	0.00528	0.00550	0.00308	0.00352	0.00528	0.00726	0.00968	0.02090	0.86424	0.02508	0.01188	0.00484	0.00154	0.00220	0.01078	0.00352	0.00308
35	0.01702	0.00645	0.00880	0.00675	0.00968	0.00557	0.00557	0.01848	0.01085	0.84568	0.01496	0.01291	0.00939	0.00469	0.00381	0.00117	0.00323	0.00381	0.00469	0.00645
36	0.00462	0.00330	0.00440	0.00528	0.00550	0.00308	0.00352	0.00528	0.00726	0.00968	0.02090	0.86424	0.02508	0.01188	0.00484	0.00154	0.00220	0.01078	0.00352	0.00308
37	0.00716	0.00674	0.01138	0.85760	0.02612	0.00843	0.01053	0.00969	0.00758	0.00969	0.00674	0.01011	0.00506	0.00379	0.00379	0.00126	0.00506	0.00337	0.00169	0.00421
38	0.89350	0.00733	0.00557	0.00499	0.00733	0.00851	0.00411	0.01115	0.00645	0.01702	0.00528	0.00616	0.00411	0.00352	0.00235	0.00117	0.00293	0.00205	0.00235	0.00411
39	0.01014	0.86900	0.01987	0.00649	0.00973	0.01501	0.00649	0.01136	0.00771	0.00892	0.00527	0.00608	0.00487	0.00324	0.00243	0.00081	0.00406	0.00203	0.00162	0.00487
40	0.00850	0.00678	0.00815	0.00596	0.00920	0.00531	0.01748	0.03403	0.00841	0.05996	0.01952	0.00955	0.00677	0.00327	0.00302	0.00067	0.00293	0.02659	0.00249	0.76142
41	0.00815	0.00645	0.00761	0.00561	0.00866	0.00503	0.00447	0.02680	0.00852	0.05604	0.08723	0.01089	0.03190	0.00360	0.00309	0.00069	0.00274	0.00295	0.00262	0.71695
42	0.00643	0.03052	0.07419	0.39830	0.01603	0.00657	0.00760	0.02138	0.00850	0.01111	0.15373	0.06146	0.17737	0.00600	0.00404	0.00125	0.00374	0.00517	0.00259	0.00401
43	0.36240	0.09920	0.12188	0.00680	0.00962	0.05457	0.00630	0.02628	0.16385	0.06026	0.00964	0.00984	0.04678	0.00421	0.00308	0.00115	0.00362	0.00300	0.00264	0.00488
44	0.02875	0.14365	0.45764	0.01009	0.02296	0.00948	0.10362	0.02924	0.03241	0.06010	0.01803	0.04051	0.00655	0.00403	0.00371	0.00117	0.01733	0.00333	0.00205	0.00535
45	0.00925	0.23815	0.39736	0.00933	0.01342	0.07278	0.05277	0.06720	0.04256	0.01212	0.04602	0.00881	0.00671	0.00383	0.00339	0.00109	0.00495	0.00295	0.00201	0.00528

[dist]
# distance from previous block
# <min> <max>
2	39

[block]
# block no. 5 follows, 72 sequences, length 38
# corresponding to MSA columns:
# 192-229
name=unknown_F
#
# <colnr> <probs for GDERKNQSTAVLIFYWHMCP>
#	G	D	E	R	K	N	Q	S	T	A	V	L	I	F	Y	W	H	M	C	P
0	0.06957	0.13168	0.05602	0.00856	0.03893	0.23450	0.03317	0.16678	0.02094	0.02571	0.00871	0.03332	0.03468	0.01422	0.02135	0.00118	0.01536	0.00323	0.03348	0.04862
1	0.15178	0.06520	0.00907	0.01906	0.02034	0.05159	0.04593	0.20051	0.04709	0.05481	0.02226	0.01158	0.04877	0.00536	0.03642	0.00127	0.00372	0.00346	0.17253	0.02926
2	0.07062	0.26973	0.35758	0.02064	0.02892	0.02912	0.06103	0.01143	0.00776	0.01113	0.00631	0.00771	0.00505	0.00443	0.03209	0.00125	0.04479	0.00269	0.00173	0.02601
3	0.00552	0.00368	0.00414	0.00414	0.00414	0.00368	0.00230	0.00552	0.00552	0.00735	0.01195	0.02482	0.01379	0.86672	0.01930	0.00368	0.00368	0.00552	0.00230	0.00230
4	0.02831	0.00988	0.01288	0.13634	0.27477	0.16113	0.10551	0.07644	0.00941	0.01215	0.00839	0.06708	0.00742	0.00474	0.01400	0.00125	0.01972	0.02541	0.02021	0.00497
5	0.04167	0.00711	0.00885	0.00790	0.00880	0.07185	0.02737	0.06024	0.00726	0.02263	0.00806	0.01149	0.00731	0.01670	0.41994	0.00370	0.25944	0.00361	0.00208	0.00400
6	0.01702	0.00645	0.00880	0.00675	0.00968	0.00557	0.00557	0.01848	0.01085	0.84568	0.01496	0.01291	0.00939	0.00469	0.00381	0.00117	0.00323	0.00381	0.00469	0.00645
7	0.00624	0.00455	0.00551	0.00503	0.00622	0.00433	0.00384	0.07468	0.02657	0.02991	0.60658	0.02760	0.16904	0.00770	0.00440	0.00120	0.00206	0.00667	0.00404	0.00385
8	0.01014	0.86900	0.01987	0.00649	0.00973	0.01501	0.00649	0.01136	0.00771	0.00892	0.00527	0.00608	0.00487	0.00324	0.00243	0.00081	0.00406	0.00203	0.00162	0.00487
9	0.00462	0.00330	0.00440	0.00528	0.00550	0.00308	0.00352	0.00528	0.00726	0.00968	0.02090	0.86424	0.02508	0.01188	0.00484	0.00154	0.00220	0.01078	0.00352	0.00308
10	0.00533	0.00388	0.00502	0.00473	0.00564	0.00356	0.00355	0.00709	0.01065	0.01501	0.80882	0.02866	0.06814	0.00783	0.00447	0.00120	0.00179	0.00690	0.00415	0.00356
11	0.00817	0.00778	0.01331	0.51176	0.30433	0.00876	0.05293	0.02770	0.00823	0.01104	0.00697	0.00985	0.00545	0.00364	0.00381	0.00122	0.00492	0.00343	0.00181	0.00492
12	0.00547	0.00405	0.00602	0.00602	0.00670	0.00470	0.00468	0.00684	0.00615	0.00897	0.01023	0.01488	0.00949	0.02771	0.82589	0.00594	0.00990	0.00405	0.02894	0.00339
13	0.00448	0.00384	0.00384	0.00384	0.00512	0.00320	0.00288	0.00544	0.00864	0.01025	0.03842	0.03650	0.84152	0.00960	0.00448	0.00128	0.00192	0.00800	0.00352	0.00320
14	0.00883	0.00857	0.01396	0.29058	0.55421	0.03587	0.01115	0.01113	0.00837	0.01142	0.00697	0.00954	0.00567	0.00353	0.00376	0.00117	0.00476	0.00335	0.00182	0.00538
15	0.02047	0.02810	0.20718	0.02360	0.20213	0.04871	0.18467	0.09275	0.03442	0.03918	0.00845	0.01103	0.00675	0.00477	0.03112	0.00136	0.00527	0.04237	0.00224	0.00544
16	0.00987	0.01209	0.11003	0.11066	0.14844	0.17236	0.26127	0.04356	0.03938	0.01180	0.00727	0.00920	0.00565	0.00373	0.00424	0.00120	0.03866	0.00350	0.00199	0.00512
17	0.00618	0.00517	0.00749	0.00705	0.00753	0.00652	0.00560	0.00735	0.00600	0.00884	0.00885	0.01348	0.00843	0.04960	0.60358	0.00485	0.23407	0.00391	0.00194	0.00355
18	0.66164	0.03924	0.02408	0.03554	0.05106	0.03429	0.01595	0.02445	0.00715	0.02623	0.00576	0.00678	0.00450	0.00352	0.00262	0.00113	0.00336	0.00228	0.00229	0.04814
19	0.03875	0.67442	0.01847	0.00819	0.04780	0.07734	0.00712	0.06478	0.00916	0.01119	0.00655	0.00772	0.00584	0.00398	0.00305	0.00104	0.00455	0.00251	0.00213	0.00541
20	0.00689	0.15991	0.14545	0.02656	0.04399	0.00751	0.00693	0.00886	0.01971	0.00957	0.00862	0.01200	0.00773	0.03224	0.47170	0.01513	0.00768	0.00347	0.00190	0.00414
21	0.00552	0.00368	0.00414	0.00414	0.00414	0.00368	0.00230	0.00552	0.00552	0.00735	0.01195	0.02482	0.01379	0.86672	0.01930	0.00368	0.00368	0.00552	0.00230	0.00230
22	0.00756	0.00400	0.00405	0.00388	0.00491	0.00408	0.00295	0.06329	0.00861	0.01479	0.01216	0.01381	0.00950	0.00443	0.00273	0.00090	0.00193	0.00353	0.82918	0.00373
23	0.00475	0.00385	0.00421	0.00412	0.00529	0.00332	0.00309	0.00596	0.00927	0.01174	0.28039	0.03404	0.59862	0.00905	0.00448	0.00125	0.00188	0.00766	0.00372	0.00332
24	0.89350	0.00733	0.00557	0.00499	0.00733	0.00851	0.00411	0.01115	0.00645	0.01702	0.00528	0.00616	0.00411	0.00352	0.00235	0.00117	0.00293	0.00205	0.00235	0.00411
25	0.00537	0.00388	0.00507	0.00477	0.00567	0.00358	0.00358	0.00716	0.01074	0.01521	0.84106	0.02833	0.03578	0.00775	0.00447	0.00119	0.00179	0.00686	0.00417	0.00358
26	0.01702	0.00645	0.00880	0.00675	0.00968	0.00557	0.00557	0.01848	0.01085	0.84568	0.01496	0.01291	0.00939	0.00469	0.00381	0.00117	0.00323	0.00381	0.00469	0.00645
27	0.25831	0.00670	0.00791	0.00626	0.00904	0.00638	0.00517	0.01646	0.00964	0.61756	0.01230	0.01105	0.00793	0.00437	0.00341	0.00117	0.00315	0.00333	0.00405	0.00581
28	0.00542	0.00406	0.00610	0.00610	0.00677	0.00474	0.00474	0.00677	0.00610	0.00880	0.01016	0.01490	0.00948	0.02844	0.85169	0.00610	0.01016	0.00406	0.00203	0.00339
29	0.00786	0.00674	0.00786	0.00562	0.00899	0.00506	0.00449	0.00955	0.00786	0.01236	0.00674	0.00786	0.00562	0.00281	0.00281	0.00056	0.00281	0.00225	0.00225	0.88990
30	0.00773	0.06021	0.80754	0.01060	0.01610	0.00910	0.01365	0.01198	0.00799	0.01186	0.00673	0.00792	0.00481	0.00359	0.00355	0.00118	0.00553	0.00277	0.00160	0.00557
31	0.89350	0.00733	0.00557	0.00499	0.00733	0.00851	0.00411	0.01115	0.00645	0.01702	0.00528	0.00616	0.00411	0.00352	0.00235	0.00117	0.00293	0.00205	0.00235	0.00411
32	0.00822	0.00819	0.01147	0.00985	0.00987	0.01143	0.00820	0.00906	0.00582	0.00912	0.00512	0.00847	0.00510	0.00722	0.03470	0.00178	0.83724	0.00334	0.00167	0.00413
33	0.00692	0.00423	0.00530	0.02676	0.00639	0.00423	0.00386	0.00874	0.01998	0.06371	0.29295	0.01860	0.01821	0.00925	0.13460	0.00183	0.01531	0.00472	0.32047	0.03397
34	0.02883	0.30525	0.41047	0.00925	0.01352	0.07167	0.04426	0.05543	0.00863	0.01152	0.00634	0.00738	0.00494	0.00354	0.00321	0.00105	0.00507	0.00260	0.00178	0.00526
35	0.69243	0.00863	0.05100	0.00577	0.00821	0.06267	0.00495	0.02981	0.04121	0.01614	0.02419	0.00794	0.02678	0.00388	0.00268	0.00117	0.00331	0.00249	0.00244	0.00430
36	0.01109	0.08146	0.33780	0.00896	0.01279	0.05740	0.00942	0.24668	0.01143	0.11292	0.04950	0.01040	0.00770	0.00434	0.00366	0.00115	0.00463	0.02021	0.00278	0.00568
37	0.02300	0.38170	0.01327	0.00668	0.00928	0.04133	0.00590	0.04964	0.00905	0.25641	0.02811	0.05191	0.00839	0.01731	0.06367	0.00142	0.02161	0.00339	0.00284	0.00511

[dist]
# distance from previous block
# <min> <max>
0	8

[block]
# block no. 6 follows, 72 sequences, length 45
# corresponding to MSA columns:
# 238-282
name=unknown_G
#
# <colnr> <probs for GDERKNQSTAVLIFYWHMCP>
#	G	D	E	R	K	N	Q	S	T	A	V	L	I	F	Y	W	H	M	C	P
0	0.03179	0.02662	0.05199	0.01576	0.01092	0.06661	0.00689	0.47115	0.05360	0.05954	0.04207	0.04081	0.02697	0.00541	0.01440	0.00123	0.01282	0.03210	0.00342	0.02588
1	0.06821	0.11709	0.21724	0.00915	0.03743	0.13402	0.05304	0.08833	0.02062	0.05461	0.03272	0.03183	0.02006	0.00428	0.00377	0.00110	0.03331	0.00985	0.00234	0.06101
2	0.00884	0.00998	0.02134	0.01537	0.01889	0.00960	0.76081	0.01183	0.00868	0.01186	0.00758	0.01039	0.00586	0.02029	0.00527	0.00135	0.06071	0.00442	0.00191	0.00500
3	0.01195	0.47716	0.02949	0.00772	0.01073	0.14851	0.00695	0.24210	0.01104	0.01324	0.00647	0.00709	0.00531	0.00372	0.00299	0.00094	0.00456	0.00250	0.00229	0.00525
4	0.00745	0.00567	0.00685	0.00544	0.00776	0.00468	0.00424	0.01763	0.00834	0.05609	0.14899	0.01534	0.04781	0.07330	0.06982	0.00143	0.00328	0.01988	0.00278	0.49321
5	0.02538	0.02215	0.08207	0.16073	0.09241	0.03769	0.03221	0.00967	0.04176	0.04039	0.05024	0.18738	0.04766	0.02346	0.00513	0.00908	0.06625	0.05945	0.00261	0.00429
6	0.00864	0.00903	0.05426	0.22238	0.43681	0.03892	0.02708	0.01096	0.02029	0.01122	0.00774	0.01033	0.02497	0.02127	0.00485	0.00126	0.07946	0.00349	0.00188	0.00518
7	0.01014	0.86900	0.01987	0.00649	0.00973	0.01501	0.00649	0.01136	0.00771	0.00892	0.00527	0.00608	0.00487	0.00324	0.00243	0.00081	0.00406	0.00203	0.00162	0.00487
8	0.00477	0.00355	0.00446	0.00513	0.00565	0.00326	0.00364	0.00561	0.00769	0.00994	0.02451	0.57357	0.20514	0.02856	0.00510	0.00155	0.00231	0.09893	0.00349	0.00314
9	0.01673	0.00663	0.02378	0.00572	0.00878	0.00501	0.01478	0.00938	0.00826	0.02238	0.10724	0.01096	0.02611	0.00359	0.00308	0.00069	0.00277	0.00297	0.00252	0.71861
10	0.00550	0.00402	0.00558	0.00555	0.00600	0.00453	0.00403	0.00642	0.00591	0.00835	0.01063	0.01791	0.01076	0.29218	0.57439	0.00525	0.02333	0.00451	0.00211	0.00306
11	0.00462	0.00330	0.00440	0.00528	0.00550	0.00308	0.00352	0.00528	0.00726	0.00968	0.02090	0.86424	0.02508	0.01188	0.00484	0.00154	0.00220	0.01078	0.00352	0.00308
12	0.00723	0.00651	0.02575	0.02348	0.37464	0.00608	0.00734	0.00906	0.00912	0.02917	0.21685	0.04815	0.19699	0.00622	0.00414	0.00120	0.00319	0.01730	0.00292	0.00465
13	0.00777	0.06163	0.75002	0.01076	0.01608	0.00907	0.05224	0.01190	0.00805	0.01185	0.00703	0.00869	0.00518	0.00370	0.00362	0.00120	0.00552	0.01854	0.00165	0.00550
14	0.00939	0.00901	0.01539	0.02328	0.84306	0.00901	0.01164	0.01164	0.00864	0.01239	0.00713	0.00939	0.00601	0.00338	0.00375	0.00113	0.00451	0.00338	0.00188	0.00601
15	0.00512	0.00390	0.00471	0.00461	0.00558	0.00355	0.00342	0.00674	0.02866	0.01315	0.49417	0.11705	0.27809	0.00868	0.00450	0.00126	0.00190	0.00755	0.00390	0.00347
16	0.00989	0.26664	0.24379	0.03926	0.14232	0.12062	0.07215	0.02414	0.00864	0.03002	0.00657	0.00787	0.00523	0.00352	0.00334	0.00105	0.00511	0.00279	0.00183	0.00524
17	0.01685	0.00672	0.00896	0.00687	0.00981	0.00597	0.00568	0.06980	0.01130	0.79375	0.01459	0.01267	0.00920	0.00469	0.00381	0.00117	0.00329	0.00379	0.00464	0.00645
18	0.89350	0.00733	0.00557	0.00499	0.00733	0.00851	0.00411	0.01115	0.00645	0.01702	0.00528	0.00616	0.00411	0.00352	0.00235	0.00117	0.00293	0.00205	0.00235	0.00411
19	0.06140	0.00650	0.00864	0.00666	0.00956	0.00572	0.00550	0.01811	0.01063	0.80372	0.01447	0.01257	0.00912	0.00463	0.00374	0.00117	0.00321	0.00372	0.00458	0.00634
20	0.01025	0.73233	0.05644	0.00713	0.01047	0.01424	0.03108	0.06433	0.02559	0.01027	0.00587	0.00665	0.00513	0.00338	0.00266	0.00087	0.00418	0.00227	0.00182	0.00503
21	0.00551	0.00371	0.00428	0.00428	0.00433	0.00376	0.00248	0.00561	0.00556	0.00746	0.01182	0.02408	0.01347	0.80463	0.08096	0.00386	0.00416	0.00541	0.00228	0.00238
22	0.00480	0.00382	0.00431	0.00425	0.00534	0.00333	0.00316	0.00603	0.00929	0.01195	0.31850	0.08340	0.51022	0.00909	0.00450	0.00127	0.00189	0.00777	0.00375	0.00333
23	0.00472	0.00389	0.00417	0.00421	0.00542	0.00334	0.00324	0.00584	0.00888	0.01088	0.12460	0.03615	0.68283	0.00948	0.00455	0.00131	0.00204	0.07759	0.00359	0.00327
24	0.00934	0.00795	0.00843	0.00761	0.00967	0.00913	0.00590	0.05398	0.74870	0.01582	0.01551	0.06766	0.01221	0.00555	0.00392	0.00130	0.00300	0.00466	0.00383	0.00584
25	0.00895	0.01023	0.02238	0.01598	0.01982	0.00959	0.82928	0.01215	0.00895	0.01215	0.00767	0.01023	0.00575	0.00320	0.00448	0.00128	0.00639	0.00448	0.00192	0.00512
26	0.00485	0.00347	0.00466	0.00550	0.00583	0.00327	0.00388	0.00570	0.00758	0.01009	0.04757	0.72360	0.02498	0.01155	0.00488	0.00156	0.00237	0.12196	0.00354	0.00315
27	0.00566	0.00366	0.00408	0.00408	0.00416	0.00366	0.00233	0.00583	0.00575	0.00800	0.01199	0.02379	0.01340	0.78406	0.01771	0.00341	0.00349	0.00533	0.08718	0.00242
28	0.00545	0.00395	0.00554	0.00554	0.00602	0.00444	0.00405	0.00642	0.00593	0.00839	0.01067	0.01771	0.01070	0.26627	0.61553	0.00541	0.00832	0.00448	0.00211	0.00308
29	0.01062	0.73142	0.04249	0.00698	0.01019	0.07253	0.00681	0.06340	0.00857	0.00998	0.00560	0.00638	0.00497	0.00338	0.00262	0.00085	0.00430	0.00217	0.00178	0.00496
30	0.02819	0.02262	0.00636	0.00544	0.00687	0.00477	0.00424	0.01035	0.07286	0.16532	0.56277	0.02302	0.02687	0.00756	0.03469	0.00136	0.00252	0.00580	0.00407	0.00431
31	0.00995	0.47438	0.27542	0.00833	0.01223	0.05995	0.02497	0.05616	0.00861	0.02990	0.00626	0.00712	0.00505	0.00350	0.00300	0.00098	0.00473	0.00246	0.00183	0.00520
32	0.00951	0.00921	0.01475	0.03490	0.75100	0.03602	0.01113	0.01226	0.06099	0.01247	0.00761	0.00962	0.00631	0.00351	0.00375	0.00113	0.00449	0.00341	0.00200	0.00593
33	0.00541	0.00368	0.00420	0.00424	0.00436	0.00366	0.00248	0.00555	0.00581	0.00770	0.01397	0.06399	0.06647	0.74289	0.04764	0.00351	0.00373	0.00586	0.00242	0.00243
34	0.00494	0.00356	0.00439	0.00488	0.00549	0.00323	0.00342	0.00585	0.00803	0.02185	0.10439	0.52691	0.22385	0.01056	0.00464	0.00142	0.00212	0.02498	0.03225	0.00323
35	0.01168	0.10841	0.16930	0.01005	0.06866	0.08132	0.07451	0.10888	0.09121	0.19093	0.00943	0.00975	0.00682	0.00415	0.00397	0.00115	0.03799	0.00331	0.00281	0.00567
36	0.00557	0.00374	0.00466	0.00466	0.00483	0.00391	0.00295	0.00578	0.00562	0.00765	0.01115	0.02152	0.01226	0.60638	0.21934	0.06506	0.00521	0.00501	0.00219	0.00252
37	0.00739	0.03469	0.61746	0.00981	0.01429	0.02554	0.03857	0.01098	0.00796	0.01148	0.02560	0.01092	0.05881	0.00662	0.08999	0.00170	0.01787	0.00338	0.00184	0.00511
38	0.01041	0.02085	0.07551	0.04760	0.35717	0.15732	0.14795	0.04204	0.00943	0.05630	0.01802	0.01757	0.00653	0.00379	0.00383	0.00115	0.00519	0.01176	0.00215	0.00542
39	0.06267	0.00586	0.07734	0.00683	0.03666	0.00488	0.00546	0.00872	0.05127	0.07270	0.04306	0.39140	0.05362	0.00900	0.00446	0.00145	0.00294	0.15438	0.00334	0.00396
40	0.00506	0.00364	0.00450	0.00474	0.00517	0.00349	0.00318	0.00581	0.00739	0.00991	0.15777	0.29891	0.12274	0.27134	0.07695	0.00246	0.00318	0.00764	0.00314	0.00297
41	0.00784	0.00740	0.01247	0.56683	0.18355	0.00852	0.05825	0.03683	0.00825	0.01090	0.01714	0.01107	0.03575	0.00399	0.00397	0.00124	0.01583	0.00364	0.00190	0.00465
42	0.00996	0.06908	0.25771	0.04605	0.05150	0.07430	0.11760	0.19867	0.04811	0.01430	0.00862	0.06308	0.00702	0.00437	0.00377	0.00118	0.00493	0.00371	0.01065	0.00539
43	0.00854	0.00880	0.10383	0.04714	0.01831	0.04692	0.11827	0.04117	0.07342	0.06427	0.02115	0.01445	0.07644	0.02578	0.10269	0.00190	0.14408	0.03235	0.04590	0.00459
44	0.00692	0.06522	0.12085	0.00676	0.03710	0.00620	0.00588	0.03330	0.01713	0.02200	0.15251	0.05923	0.23557	0.00636	0.00440	0.00113	0.05710	0.00519	0.00288	0.15430

[dist]
# distance from previous block
# <min> <max>
2	6

[block]
# block no. 7 follows, 72 sequences, length 38
# corresponding to MSA columns:
# 289-326
name=unknown_H
#
# <colnr> <probs for GDERKNQSTAVLIFYWHMCP>
#	G	D	E	R	K	N	Q	S	T	A	V	L	I	F	Y	W	H	M	C	P
0	0.06144	0.38374	0.07319	0.00902	0.08666	0.14759	0.00742	0.03092	0.14490	0.01144	0.00740	0.00804	0.00606	0.00375	0.00305	0.00100	0.00442	0.00268	0.00215	0.00512
1	0.00523	0.00402	0.00466	0.00467	0.00572	0.00370	0.00346	0.00678	0.04554	0.02902	0.18543	0.17059	0.43207	0.01077	0.06928	0.00167	0.00265	0.00769	0.00357	0.00346
2	0.00698	0.00571	0.00664	0.00544	0.00777	0.00472	0.00419	0.00906	0.06874	0.02558	0.05641	0.15933	0.12647	0.00575	0.00356	0.00092	0.00255	0.00490	0.00290	0.49238
3	0.00480	0.00366	0.00444	0.00489	0.00561	0.00330	0.00355	0.00579	0.00827	0.01065	0.11804	0.40246	0.31160	0.01049	0.00471	0.00143	0.00218	0.08729	0.00359	0.00322
4	0.00474	0.00375	0.00396	0.00404	0.00492	0.00330	0.00280	0.00545	0.00777	0.00950	0.03051	0.10872	0.56981	0.21454	0.00805	0.00188	0.00237	0.00766	0.00323	0.00297
5	0.00786	0.00674	0.00786	0.00562	0.00899	0.00506	0.00449	0.00955	0.00786	0.01236	0.00674	0.00786	0.00562	0.00281	0.00281	0.00056	0.00281	0.00225	0.00225	0.88990
6	0.86561	0.00731	0.00568	0.00504	0.00741	0.00841	0.00415	0.01138	0.00659	0.04339	0.00559	0.00638	0.00428	0.00356	0.00239	0.00117	0.00294	0.00211	0.00242	0.00418
7	0.00461	0.00335	0.00435	0.00514	0.00546	0.00309	0.00346	0.00530	0.00740	0.00974	0.02261	0.78353	0.10470	0.01166	0.00481	0.00151	0.00217	0.01051	0.00352	0.00309
8	0.00592	0.00423	0.00589	0.00677	0.00756	0.00420	0.00578	0.00753	0.00854	0.01114	0.02019	0.14789	0.02224	0.01066	0.00519	0.00172	0.00333	0.71431	0.00350	0.00344
9	0.00786	0.00674	0.00786	0.00562	0.00899	0.00506	0.00449	0.00955	0.00786	0.01236	0.00674	0.00786	0.00562	0.00281	0.00281	0.00056	0.00281	0.00225	0.00225	0.88990
10	0.00452	0.00384	0.00390	0.00388	0.00515	0.00322	0.00291	0.00552	0.00874	0.01047	0.07439	0.03613	0.80541	0.00952	0.00448	0.00128	0.00192	0.00795	0.00355	0.00322
11	0.01296	0.01554	0.01019	0.00925	0.01125	0.63610	0.00699	0.01643	0.22189	0.01097	0.00831	0.00871	0.00660	0.00422	0.00353	0.00106	0.00586	0.00291	0.00244	0.00481
12	0.09039	0.00996	0.00952	0.00804	0.01050	0.09556	0.00640	0.30592	0.38867	0.01815	0.01132	0.01091	0.00842	0.00467	0.00366	0.00119	0.00380	0.00359	0.00351	0.00583
13	0.00563	0.00417	0.00565	0.00555	0.00592	0.00474	0.00399	0.00642	0.00585	0.00825	0.01055	0.01843	0.01091	0.35920	0.47116	0.00487	0.05900	0.00459	0.00211	0.00300
14	0.03921	0.00799	0.01205	0.06156	0.16477	0.06085	0.18472	0.07952	0.02811	0.01263	0.03531	0.18249	0.01229	0.00613	0.00425	0.00132	0.00433	0.09517	0.00267	0.00465
15	0.00667	0.00495	0.00583	0.00560	0.00670	0.00492	0.00415	0.15861	0.02175	0.01390	0.23113	0.35283	0.15016	0.00903	0.00448	0.00133	0.00243	0.00790	0.00374	0.00389
16	0.00552	0.00368	0.00414	0.00414	0.00414	0.00368	0.00230	0.00552	0.00552	0.00735	0.01195	0.02482	0.01379	0.86672	0.01930	0.00368	0.00368	0.00552	0.00230	0.00230
17	0.01108	0.01227	0.01144	0.01003	0.03841	0.38185	0.12402	0.01399	0.13841	0.03905	0.07345	0.02733	0.03530	0.00481	0.00440	0.00116	0.06189	0.00382	0.00256	0.00473
18	0.00723	0.00681	0.01150	0.83071	0.05245	0.00844	0.01057	0.00975	0.00762	0.00978	0.00675	0.01009	0.00509	0.00378	0.00379	0.00126	0.00504	0.00337	0.00169	0.00427
19	0.01651	0.00675	0.00892	0.00689	0.00979	0.00607	0.00568	0.05886	0.05246	0.76342	0.01470	0.01278	0.00935	0.00471	0.00382	0.00118	0.00326	0.00382	0.00461	0.00643
20	0.01371	0.00810	0.00938	0.00759	0.01027	0.00849	0.00614	0.22531	0.30053	0.34748	0.01364	0.01238	0.00941	0.00482	0.00382	0.00120	0.00339	0.00388	0.00417	0.00630
21	0.00941	0.00923	0.01526	0.06615	0.74556	0.03691	0.03856	0.01167	0.00866	0.01214	0.00709	0.00937	0.00591	0.00341	0.00377	0.00113	0.00467	0.00338	0.00187	0.00583
22	0.00489	0.00372	0.00458	0.00541	0.00568	0.02722	0.00363	0.00556	0.00736	0.00967	0.02048	0.83985	0.02451	0.01165	0.00480	0.00152	0.00233	0.01054	0.00348	0.00312
23	0.01470	0.01017	0.01110	0.00851	0.01153	0.01108	0.00703	0.74139	0.01707	0.11400	0.00975	0.00952	0.00677	0.00457	0.00380	0.00114	0.00407	0.00346	0.00389	0.00645
24	0.00830	0.00830	0.01162	0.00996	0.00996	0.01162	0.00830	0.00913	0.00581	0.00913	0.00498	0.00830	0.00498	0.00664	0.01245	0.00166	0.85977	0.00332	0.00166	0.00415
25	0.01564	0.00627	0.00839	0.00654	0.00924	0.00553	0.00536	0.03391	0.02174	0.72689	0.07793	0.01407	0.01139	0.00492	0.00383	0.00117	0.00309	0.00404	0.03392	0.00613
26	0.01285	0.07568	0.02489	0.00830	0.01104	0.02610	0.00693	0.53876	0.12645	0.05532	0.01014	0.04169	0.00775	0.00485	0.00400	0.00116	0.03086	0.00369	0.00353	0.00602
27	0.00460	0.00383	0.00402	0.00401	0.00520	0.00325	0.00299	0.00566	0.00887	0.01086	0.14022	0.06148	0.71310	0.00944	0.00449	0.00128	0.00191	0.00795	0.00361	0.00325
28	0.00786	0.00674	0.00786	0.00562	0.00899	0.00506	0.00449	0.00955	0.00786	0.01236	0.00674	0.00786	0.00562	0.00281	0.00281	0.00056	0.00281	0.00225	0.00225	0.88990
29	0.00945	0.08321	0.05554	0.08354	0.21471	0.00907	0.14358	0.07998	0.07347	0.04485	0.00851	0.03914	0.00692	0.00396	0.00387	0.00111	0.02188	0.00362	0.00235	0.11124
30	0.02329	0.07470	0.14763	0.01935	0.08871	0.04786	0.02372	0.17357	0.02800	0.13220	0.00847	0.00975	0.00650	0.03237	0.02499	0.00138	0.11851	0.00327	0.00264	0.03311
31	0.00464	0.00380	0.00413	0.00418	0.00528	0.00329	0.00310	0.00570	0.00871	0.01081	0.14343	0.11420	0.62863	0.01017	0.03148	0.00145	0.00219	0.00799	0.00356	0.00325
32	0.03525	0.00495	0.03468	0.02057	0.00732	0.00452	0.03460	0.04511	0.02563	0.02859	0.01983	0.50387	0.12537	0.02480	0.05715	0.00175	0.00317	0.01598	0.00326	0.00361
33	0.01097	0.43120	0.07742	0.03173	0.04494	0.09811	0.05788	0.11145	0.02703	0.05012	0.00683	0.00769	0.00551	0.00369	0.00329	0.00099	0.02115	0.00269	0.00214	0.00519
34	0.00818	0.00818	0.03957	0.45220	0.24199	0.00868	0.10157	0.04363	0.00843	0.01133	0.00752	0.03812	0.00610	0.00391	0.00389	0.00123	0.00494	0.00373	0.00191	0.00489
35	0.00525	0.00360	0.00426	0.00447	0.00462	0.00350	0.00272	0.00557	0.00641	0.00858	0.07297	0.24439	0.03711	0.56395	0.01415	0.00289	0.00312	0.00704	0.00278	0.00261
36	0.00906	0.13025	0.09085	0.00762	0.02232	0.02082	0.04935	0.09909	0.00895	0.01288	0.00675	0.00791	0.00550	0.00336	0.00350	0.00082	0.04367	0.00258	0.00221	0.47250
37	0.00992	0.06786	0.14455	0.03622	0.05790	0.02514	0.05225	0.09026	0.03983	0.13952	0.06989	0.04497	0.03193	0.00467	0.00405	0.00111	0.04139	0.00384	0.00281	0.13189

[dist]
# distance from previous block
# <min> <max>
1	2

[block]
# block no. 8 follows, 72 sequences, length 26
# corresponding to MSA columns:
# 329-354
name=unknown_I
#
# <colnr> <probs for GDERKNQSTAVLIFYWHMCP>
#	G	D	E	R	K	N	Q	S	T	A	V	L	I	F	Y	W	H	M	C	P
