[name]
unknown

[dist]
# distance from previous block
# <min> <max>
0	102

[block]
# block no. 0 follows, 76 sequences, length 38
# corresponding to MSA columns:
# 105-142
name=unknown_A
#
# <colnr> <probs for GDERKNQSTAVLIFYWHMCP>
#	G	D	E	R	K	N	Q	S	T	A	V	L	I	F	Y	W	H	M	C	P
0	0.00594	0.00435	0.00633	0.00695	0.00788	0.00433	0.03088	0.00765	0.00837	0.01090	0.01889	0.04006	0.02045	0.00983	0.00500	0.00166	0.00343	0.80041	0.00330	0.00339
1	0.00686	0.00646	0.01090	0.86353	0.02503	0.00807	0.01009	0.00929	0.00727	0.00929	0.00646	0.00969	0.00484	0.00363	0.00363	0.00121	0.00484	0.00323	0.00161	0.00404
2	0.89794	0.00703	0.00534	0.00478	0.00703	0.00815	0.00394	0.01068	0.00619	0.01631	0.00506	0.00590	0.00394	0.00337	0.00225	0.00112	0.00281	0.00197	0.00225	0.00394
3	0.00430	0.00368	0.00368	0.00368	0.00491	0.00307	0.00276	0.00522	0.00828	0.00982	0.03682	0.03498	0.84812	0.00920	0.00430	0.00123	0.00184	0.00767	0.00338	0.00307
4	0.00883	0.00839	0.01394	0.02040	0.75452	0.00821	0.01038	0.01093	0.00819	0.01187	0.00679	0.00883	0.00571	0.00318	0.00350	0.00102	0.00413	0.00312	0.00184	0.10624
5	0.72057	0.00744	0.00632	0.00539	0.00777	0.00845	0.00445	0.13076	0.00800	0.06408	0.00611	0.00667	0.00454	0.00358	0.00253	0.00112	0.00300	0.00225	0.00258	0.00439
6	0.00453	0.00332	0.00428	0.00497	0.00538	0.00306	0.00346	0.00530	0.00734	0.00963	0.04950	0.67673	0.13324	0.01088	0.00461	0.00145	0.00214	0.06379	0.00339	0.00301
7	0.00514	0.00372	0.00486	0.00457	0.00543	0.00343	0.00343	0.00686	0.01029	0.01457	0.84768	0.02715	0.03429	0.00743	0.00429	0.00114	0.00171	0.00657	0.00400	0.00343
8	0.00631	0.00316	0.00473	0.00473	0.00473	0.00316	0.00316	0.00473	0.00473	0.00631	0.00631	0.01105	0.00631	0.01263	0.01420	0.89426	0.00316	0.00316	0.00158	0.00158
9	0.00729	0.01880	0.85344	0.01036	0.01573	0.00844	0.01343	0.01151	0.00767	0.01151	0.00652	0.00767	0.00460	0.00345	0.00345	0.00115	0.00537	0.00269	0.00153	0.00537
10	0.89794	0.00703	0.00534	0.00478	0.00703	0.00815	0.00394	0.01068	0.00619	0.01631	0.00506	0.00590	0.00394	0.00337	0.00225	0.00112	0.00281	0.00197	0.00225	0.00394
11	0.01382	0.01018	0.01091	0.00836	0.01127	0.01127	0.00691	0.83748	0.01709	0.02291	0.00873	0.00873	0.00618	0.00436	0.00364	0.00109	0.00400	0.00327	0.00364	0.00618
12	0.00514	0.00372	0.00486	0.00457	0.00543	0.00343	0.00343	0.00686	0.01029	0.01457	0.84768	0.02715	0.03429	0.00743	0.00429	0.00114	0.00171	0.00657	0.00400	0.00343
13	0.00443	0.00316	0.00422	0.00506	0.00527	0.00295	0.00337	0.00506	0.00696	0.00928	0.02003	0.86990	0.02404	0.01139	0.00464	0.00148	0.00211	0.01033	0.00337	0.00295
14	0.00972	0.87446	0.01905	0.00622	0.00933	0.01438	0.00622	0.01088	0.00738	0.00855	0.00505	0.00583	0.00466	0.00311	0.00233	0.00078	0.00389	0.00194	0.00155	0.00466
15	0.00819	0.00654	0.00767	0.00552	0.00872	0.00503	0.00443	0.02999	0.00793	0.05951	0.00696	0.00784	0.00561	0.00283	0.00277	0.00058	0.00275	0.00227	0.00232	0.82255
16	0.00660	0.08864	0.36416	0.00745	0.01041	0.02334	0.00815	0.00900	0.00795	0.01086	0.11366	0.06530	0.19470	0.00583	0.00433	0.00118	0.06715	0.00465	0.00235	0.00431
17	0.00729	0.01880	0.85344	0.01036	0.01573	0.00844	0.01343	0.01151	0.00767	0.01151	0.00652	0.00767	0.00460	0.00345	0.00345	0.00115	0.00537	0.00269	0.00153	0.00537
18	0.89794	0.00703	0.00534	0.00478	0.00703	0.00815	0.00394	0.01068	0.00619	0.01631	0.00506	0.00590	0.00394	0.00337	0.00225	0.00112	0.00281	0.00197	0.00225	0.00394
19	0.00430	0.00368	0.00368	0.00368	0.00491	0.00307	0.00276	0.00522	0.00828	0.00982	0.03682	0.03498	0.84812	0.00920	0.00430	0.00123	0.00184	0.00767	0.00338	0.00307
20	0.00699	0.00658	0.01112	0.81546	0.07216	0.00811	0.01015	0.00939	0.00733	0.00943	0.00648	0.00965	0.00490	0.00361	0.00363	0.00120	0.00481	0.00323	0.00163	0.00414
21	0.00529	0.00352	0.00396	0.00396	0.00396	0.00352	0.00220	0.00529	0.00529	0.00705	0.01145	0.02378	0.01321	0.87227	0.01850	0.00352	0.00352	0.00529	0.00220	0.00220
22	0.00686	0.00646	0.01090	0.86353	0.02503	0.00807	0.01009	0.00929	0.00727	0.00929	0.00646	0.00969	0.00484	0.00363	0.00363	0.00121	0.00484	0.00323	0.00161	0.00404
23	0.80540	0.00811	0.00586	0.00526	0.00747	0.09705	0.00426	0.01108	0.00662	0.01553	0.00512	0.00597	0.00401	0.00341	0.00236	0.00110	0.00320	0.00201	0.00221	0.00397
24	0.00664	0.00608	0.01014	0.56327	0.10824	0.00710	0.02715	0.00869	0.00731	0.00961	0.00912	0.15269	0.00859	0.00594	0.03864	0.00144	0.00454	0.01882	0.00197	0.00402
25	0.00904	0.00781	0.00822	0.00740	0.00945	0.00904	0.00575	0.01931	0.84303	0.01520	0.01479	0.01356	0.01109	0.00493	0.00370	0.00123	0.00288	0.00411	0.00370	0.00575
26	0.00430	0.00368	0.00368	0.00368	0.00491	0.00307	0.00276	0.00522	0.00828	0.00982	0.03682	0.03498	0.84812	0.00920	0.00430	0.00123	0.00184	0.00767	0.00338	0.00307
27	0.00789	0.00645	0.00757	0.00543	0.00864	0.00487	0.00435	0.00950	0.00765	0.04594	0.00678	0.00773	0.00553	0.00276	0.00273	0.00056	0.00271	0.00221	0.00225	0.85844
28	0.00863	0.49183	0.39216	0.00807	0.01219	0.01172	0.00944	0.01116	0.00751	0.00987	0.00571	0.00665	0.00464	0.00326	0.00283	0.00094	0.00455	0.00228	0.00155	0.00498
29	0.00442	0.00365	0.00388	0.00389	0.00501	0.00311	0.00289	0.00544	0.00849	0.01046	0.15148	0.08559	0.68094	0.00909	0.00432	0.00123	0.00184	0.00768	0.00346	0.00311
30	0.00848	0.00922	0.01899	0.06711	0.05395	0.00894	0.66268	0.01200	0.07433	0.01184	0.00798	0.01016	0.00602	0.00328	0.00413	0.00121	0.00560	0.00414	0.02503	0.00491
31	0.00927	0.05394	0.09439	0.06711	0.57823	0.03657	0.03713	0.02183	0.00840	0.04860	0.00703	0.00884	0.00564	0.00336	0.00354	0.00108	0.00450	0.00314	0.00190	0.00551
32	0.00784	0.02723	0.51634	0.01184	0.09073	0.00834	0.17088	0.02954	0.00814	0.02634	0.00816	0.04376	0.02651	0.00385	0.00369	0.00117	0.00511	0.00350	0.00184	0.00518
33	0.00443	0.00316	0.00422	0.00506	0.00527	0.00295	0.00337	0.00506	0.00696	0.00928	0.02003	0.86990	0.02404	0.01139	0.00464	0.00148	0.00211	0.01033	0.00337	0.00295
34	0.00754	0.00646	0.00754	0.00538	0.00861	0.00484	0.00431	0.00915	0.00754	0.01184	0.00646	0.00754	0.00538	0.00269	0.00269	0.00054	0.00269	0.00215	0.00215	0.89449
35	0.00894	0.00847	0.01400	0.02045	0.74133	0.00868	0.01052	0.02954	0.03774	0.01203	0.00740	0.03124	0.00638	0.00367	0.00401	0.00112	0.04348	0.00345	0.00194	0.00561
36	0.15891	0.00609	0.00744	0.00598	0.00832	0.00579	0.00484	0.03577	0.00933	0.56079	0.03094	0.03124	0.03968	0.05629	0.00453	0.00129	0.01984	0.00381	0.00384	0.00530
37	0.09705	0.02953	0.18234	0.00684	0.01020	0.03937	0.00659	0.02789	0.02447	0.19249	0.02221	0.00883	0.00642	0.00351	0.00309	0.00090	0.00353	0.00270	0.00260	0.32944

[dist]
# distance from previous block
# <min> <max>
0	4

[block]
# block no. 1 follows, 76 sequences, length 116
# corresponding to MSA columns:
# 147-262
name=unknown_B
#
# <colnr> <probs for GDERKNQSTAVLIFYWHMCP>
#	G	D	E	R	K	N	Q	S	T	A	V	L	I	F	Y	W	H	M	C	P
0	0.06460	0.16217	0.14704	0.02898	0.04462	0.10158	0.02943	0.24317	0.06128	0.05845	0.00761	0.00818	0.00573	0.00385	0.00341	0.00106	0.01819	0.00286	0.00251	0.00528
1	0.00800	0.01777	0.75307	0.01021	0.01529	0.00875	0.02278	0.09994	0.00869	0.01273	0.00677	0.00781	0.00478	0.00355	0.00348	0.00115	0.00523	0.00277	0.00176	0.00545
2	0.00754	0.00646	0.00754	0.00538	0.00861	0.00484	0.00431	0.00915	0.00754	0.01184	0.00646	0.00754	0.00538	0.00269	0.00269	0.00054	0.00269	0.00215	0.00215	0.89449
3	0.00465	0.00320	0.00417	0.00490	0.00519	0.00301	0.00331	0.00542	0.00714	0.00984	0.05001	0.76605	0.02317	0.01063	0.00445	0.00141	0.00206	0.00960	0.07879	0.00301
4	0.00754	0.00646	0.00754	0.00538	0.00861	0.00484	0.00431	0.00915	0.00754	0.01184	0.00646	0.00754	0.00538	0.00269	0.00269	0.00054	0.00269	0.00215	0.00215	0.89449
5	0.00729	0.01880	0.85344	0.01036	0.01573	0.00844	0.01343	0.01151	0.00767	0.01151	0.00652	0.00767	0.00460	0.00345	0.00345	0.00115	0.00537	0.00269	0.00153	0.00537
6	0.17279	0.00649	0.00798	0.00624	0.00896	0.00607	0.00515	0.04835	0.00991	0.67142	0.01247	0.01108	0.00799	0.00429	0.00340	0.00112	0.00308	0.00334	0.00407	0.00579
7	0.00442	0.00320	0.00418	0.00496	0.00524	0.00296	0.00333	0.00507	0.00706	0.00932	0.02128	0.80781	0.08532	0.01122	0.00461	0.00146	0.00209	0.01013	0.00337	0.00296
8	0.00521	0.00349	0.00399	0.00406	0.00407	0.00348	0.00230	0.00527	0.00543	0.00724	0.01218	0.09553	0.01413	0.79927	0.01732	0.00335	0.00340	0.00571	0.00230	0.00227
9	0.00631	0.00316	0.00473	0.00473	0.00473	0.00316	0.00316	0.00473	0.00473	0.00631	0.00631	0.01105	0.00631	0.01263	0.01420	0.89426	0.00316	0.00316	0.00158	0.00158
10	0.00443	0.00316	0.00422	0.00506	0.00527	0.00295	0.00337	0.00506	0.00696	0.00928	0.02003	0.86990	0.02404	0.01139	0.00464	0.00148	0.00211	0.01033	0.00337	0.00295
11	0.00443	0.00316	0.00422	0.00506	0.00527	0.00295	0.00337	0.00506	0.00696	0.00928	0.02003	0.86990	0.02404	0.01139	0.00464	0.00148	0.00211	0.01033	0.00337	0.00295
12	0.00443	0.00316	0.00422	0.00506	0.00527	0.00295	0.00337	0.00506	0.00696	0.00928	0.02003	0.86990	0.02404	0.01139	0.00464	0.00148	0.00211	0.01033	0.00337	0.00295
13	0.00898	0.00775	0.00816	0.00735	0.00939	0.00896	0.00571	0.01913	0.83193	0.01513	0.01509	0.01384	0.02223	0.00499	0.00371	0.00123	0.00286	0.00416	0.00369	0.00572
14	0.89794	0.00703	0.00534	0.00478	0.00703	0.00815	0.00394	0.01068	0.00619	0.01631	0.00506	0.00590	0.00394	0.00337	0.00225	0.00112	0.00281	0.00197	0.00225	0.00394
15	0.00729	0.01880	0.85344	0.01036	0.01573	0.00844	0.01343	0.01151	0.00767	0.01151	0.00652	0.00767	0.00460	0.00345	0.00345	0.00115	0.00537	0.00269	0.00153	0.00537
16	0.00586	0.00446	0.00577	0.00613	0.07728	0.00421	0.00415	0.00800	0.06388	0.03711	0.52824	0.02595	0.20062	0.00720	0.00417	0.00116	0.00208	0.00628	0.00368	0.00378
17	0.00754	0.00646	0.00754	0.00538	0.00861	0.00484	0.00431	0.00915	0.00754	0.01184	0.00646	0.00754	0.00538	0.00269	0.00269	0.00054	0.00269	0.00215	0.00215	0.89449
18	0.01025	0.00851	0.00889	0.00766	0.00991	0.02109	0.00605	0.21584	0.63327	0.01697	0.01321	0.01230	0.00983	0.00478	0.00368	0.00119	0.00320	0.00388	0.00366	0.00583
19	0.00816	0.10693	0.41822	0.02356	0.01210	0.00751	0.03004	0.01093	0.00819	0.11669	0.08209	0.10022	0.01054	0.00502	0.00365	0.00117	0.00418	0.04353	0.00241	0.00485
20	0.07538	0.00952	0.15209	0.00754	0.01066	0.01840	0.00700	0.17958	0.11501	0.37036	0.01119	0.01047	0.00754	0.00426	0.00352	0.00113	0.00366	0.00334	0.00353	0.00581
21	0.00858	0.00980	0.02145	0.01532	0.01900	0.00919	0.83640	0.01164	0.00858	0.01164	0.00735	0.00980	0.00551	0.00306	0.00429	0.00123	0.00613	0.00429	0.00184	0.00490
22	0.00734	0.00576	0.00658	0.00599	0.00748	0.00619	0.00460	0.01316	0.41120	0.03882	0.42289	0.02018	0.02240	0.00614	0.00399	0.00119	0.00231	0.00530	0.00387	0.00463
23	0.00903	0.00870	0.02910	0.08090	0.72618	0.01918	0.01080	0.01142	0.02930	0.03005	0.00715	0.00918	0.00586	0.00335	0.00360	0.00109	0.00434	0.00325	0.00189	0.00562
24	0.04523	0.06241	0.04383	0.00709	0.02081	0.02530	0.03267	0.01613	0.02656	0.63935	0.01274	0.03353	0.00855	0.00444	0.00355	0.00111	0.00339	0.00362	0.00389	0.00579
25	0.00466	0.00326	0.00415	0.00476	0.00492	0.00311	0.00305	0.00512	0.00650	0.00867	0.01770	0.63960	0.02109	0.24570	0.00841	0.00203	0.00249	0.00896	0.00305	0.00275
26	0.01382	0.01018	0.01091	0.00836	0.01127	0.01127	0.00691	0.83748	0.01709	0.02291	0.00873	0.00873	0.00618	0.00436	0.00364	0.00109	0.00400	0.00327	0.00364	0.00618
27	0.01277	0.00974	0.20742	0.04307	0.06775	0.02303	0.03390	0.04339	0.00967	0.48117	0.02422	0.01085	0.00769	0.00412	0.00362	0.00113	0.00395	0.00341	0.00334	0.00576
28	0.00832	0.38356	0.49774	0.00859	0.01300	0.01097	0.01036	0.01124	0.00755	0.01025	0.00590	0.00689	0.00463	0.00331	0.00298	0.00099	0.00474	0.00237	0.00154	0.00507
29	0.00454	0.00320	0.00420	0.00493	0.00514	0.00301	0.00326	0.00508	0.00679	0.00903	0.01929	0.76081	0.03848	0.08549	0.00605	0.02269	0.00225	0.00968	0.00323	0.00286
30	0.01556	0.00604	0.00825	0.00647	0.00914	0.00527	0.00535	0.01697	0.01021	0.79259	0.01451	0.01390	0.00962	0.00521	0.01954	0.00124	0.00323	0.04653	0.00439	0.00598
31	0.01517	0.00801	0.00956	0.00733	0.01019	0.00804	0.00606	0.39143	0.01345	0.47410	0.01178	0.01071	0.00771	0.00444	0.00365	0.00111	0.00351	0.00348	0.00411	0.00618
32	0.00686	0.00646	0.01090	0.86353	0.02503	0.00807	0.01009	0.00929	0.00727	0.00929	0.00646	0.00969	0.00484	0.00363	0.00363	0.00121	0.00484	0.00323	0.00161	0.00404
33	0.01409	0.00974	0.01063	0.00815	0.01105	0.01061	0.00673	0.74613	0.01634	0.11530	0.00935	0.00913	0.00649	0.00438	0.00364	0.00109	0.00390	0.00331	0.00373	0.00618
34	0.01907	0.03558	0.47745	0.01045	0.08329	0.00799	0.05539	0.03945	0.00871	0.21527	0.00850	0.00900	0.00586	0.00369	0.00352	0.00113	0.00467	0.00305	0.00237	0.00557
35	0.00443	0.00320	0.00420	0.00499	0.00526	0.00297	0.00335	0.00510	0.00708	0.00940	0.03560	0.81734	0.06121	0.01122	0.00462	0.00146	0.00209	0.01015	0.00339	0.00297
36	0.00754	0.00646	0.00754	0.00538	0.00861	0.00484	0.00431	0.00915	0.00754	0.01184	0.00646	0.00754	0.00538	0.00269	0.00269	0.00054	0.00269	0.00215	0.00215	0.89449
37	0.01984	0.06781	0.27430	0.01584	0.40317	0.00882	0.08932	0.01164	0.00815	0.05689	0.00706	0.00860	0.00546	0.00335	0.00352	0.00110	0.00470	0.00309	0.00186	0.00549
38	0.00791	0.00790	0.01106	0.00949	0.00950	0.01104	0.00790	0.00872	0.00557	0.00874	0.00484	0.00804	0.00483	0.00665	0.02364	0.00165	0.85377	0.00319	0.00160	0.00397
39	0.00556	0.00415	0.00522	0.00487	0.00586	0.00403	0.00368	0.00819	0.09944	0.01464	0.75851	0.02569	0.03181	0.00716	0.00422	0.00115	0.00184	0.00631	0.00397	0.00368
40	0.00767	0.02169	0.39573	0.00871	0.05638	0.02947	0.00891	0.07105	0.04564	0.03980	0.15025	0.04086	0.09827	0.00511	0.00374	0.00115	0.00397	0.00423	0.00256	0.00482
41	0.00904	0.23650	0.29928	0.02178	0.11204	0.04229	0.13016	0.04997	0.00842	0.03431	0.00706	0.00825	0.01836	0.00346	0.00332	0.00105	0.00483	0.00292	0.00184	0.00513
42	0.00451	0.00329	0.00427	0.00502	0.00535	0.00307	0.00341	0.00533	0.01924	0.00944	0.02124	0.77711	0.08741	0.01110	0.00461	0.00146	0.00212	0.02565	0.00338	0.00301
43	0.00437	0.00341	0.00396	0.00440	0.00510	0.00301	0.00308	0.00513	0.00759	0.00954	0.02802	0.47278	0.41600	0.01035	0.00448	0.00136	0.00198	0.00907	0.00337	0.00301
44	0.00995	0.82338	0.01852	0.00641	0.00944	0.06463	0.00627	0.01110	0.00756	0.00857	0.00509	0.00587	0.00467	0.00315	0.00239	0.00079	0.00405	0.00197	0.00157	0.00464
45	0.05146	0.00915	0.01047	0.35539	0.01650	0.12758	0.02005	0.23683	0.04376	0.03537	0.00771	0.00924	0.01485	0.00408	0.00390	0.00115	0.04214	0.00317	0.00241	0.00477
46	0.00861	0.00581	0.00668	0.00608	0.00744	0.00604	0.00460	0.29676	0.01072	0.05918	0.01471	0.41231	0.01516	0.02506	0.00428	0.00129	0.00280	0.00665	0.10153	0.00428
47	0.00754	0.00646	0.00754	0.00538	0.00861	0.00484	0.00431	0.00915	0.00754	0.01184	0.00646	0.00754	0.00538	0.00269	0.00269	0.00054	0.00269	0.00215	0.00215	0.89449
48	0.01100	0.00837	0.01205	0.07395	0.39745	0.00862	0.00870	0.20729	0.05306	0.13700	0.00874	0.00965	0.00652	0.00378	0.00359	0.00109	0.00397	0.00331	0.00272	0.03915
49	0.00934	0.34829	0.03051	0.00781	0.00963	0.09439	0.00686	0.02306	0.11587	0.00974	0.00652	0.00810	0.00576	0.02513	0.00613	0.00119	0.28247	0.00278	0.00192	0.00452
50	0.00443	0.00316	0.00422	0.00506	0.00527	0.00295	0.00337	0.00506	0.00696	0.00928	0.02003	0.86990	0.02404	0.01139	0.00464	0.00148	0.00211	0.01033	0.00337	0.00295
51	0.00795	0.00795	0.01113	0.00954	0.00954	0.01113	0.00795	0.00875	0.00557	0.00875	0.00477	0.00795	0.00477	0.00636	0.01193	0.00159	0.86562	0.00318	0.00159	0.00398
52	0.00754	0.00646	0.00754	0.00538	0.00861	0.00484	0.00431	0.00915	0.00754	0.01184	0.00646	0.00754	0.00538	0.00269	0.00269	0.00054	0.00269	0.00215	0.00215	0.89449
53	0.00586	0.00418	0.00586	0.00669	0.00753	0.00418	0.00586	0.00753	0.00837	0.01088	0.01924	0.04100	0.02092	0.01004	0.00502	0.00167	0.00335	0.82513	0.00335	0.00335
54	0.01631	0.00619	0.00843	0.00647	0.00928	0.00534	0.00534	0.01771	0.01040	0.85211	0.01434	0.01237	0.00900	0.00450	0.00365	0.00112	0.00309	0.00365	0.00450	0.00619
55	0.00858	0.00980	0.02145	0.01532	0.01900	0.00919	0.83640	0.01164	0.00858	0.01164	0.00735	0.00980	0.00551	0.00306	0.00429	0.00123	0.00613	0.00429	0.00184	0.00490
56	0.00519	0.00348	0.00399	0.00409	0.00412	0.00346	0.00234	0.00526	0.00548	0.00731	0.01245	0.12266	0.01448	0.77167	0.01688	0.00328	0.00336	0.00588	0.00234	0.00229
57	0.03471	0.01002	0.01072	0.00824	0.01113	0.01107	0.00680	0.80012	0.01669	0.04083	0.00876	0.00874	0.00619	0.00434	0.00360	0.00109	0.00395	0.00325	0.00362	0.00613
58	0.00471	0.00377	0.00402	0.00408	0.00526	0.00322	0.00314	0.00572	0.00835	0.02693	0.05343	0.05595	0.71359	0.00920	0.00436	0.00127	0.00201	0.08442	0.00341	0.00316
59	0.02846	0.00620	0.00839	0.00644	0.00925	0.00538	0.00532	0.01762	0.01034	0.84059	0.01421	0.01228	0.00893	0.00448	0.00364	0.00112	0.00309	0.00363	0.00447	0.00615
60	0.00500	0.00370	0.00467	0.00444	0.00535	0.00337	0.00333	0.00658	0.00993	0.01376	0.70923	0.04162	0.16002	0.00777	0.00429	0.00116	0.00174	0.00680	0.00389	0.00337
61	0.00955	0.00937	0.00826	0.00748	0.00937	0.18923	0.00575	0.01686	0.57177	0.01371	0.09363	0.01372	0.02539	0.00499	0.00367	0.00116	0.00353	0.00403	0.00333	0.00516
62	0.01599	0.00669	0.00875	0.00671	0.00953	0.00610	0.00554	0.12194	0.01125	0.74669	0.01363	0.01191	0.00864	0.00448	0.00365	0.00112	0.00321	0.00361	0.00439	0.00618
63	0.00443	0.00316	0.00422	0.00506	0.00527	0.00295	0.00337	0.00506	0.00696	0.00928	0.02003	0.86990	0.02404	0.01139	0.00464	0.00148	0.00211	0.01033	0.00337	0.00295
64	0.00729	0.01880	0.85344	0.01036	0.01573	0.00844	0.01343	0.01151	0.00767	0.01151	0.00652	0.00767	0.00460	0.00345	0.00345	0.00115	0.00537	0.00269	0.00153	0.00537
65	0.01351	0.01003	0.01074	0.00830	0.01116	0.01113	0.00684	0.78579	0.06927	0.02242	0.00911	0.00903	0.00649	0.00440	0.00364	0.00110	0.00393	0.00333	0.00364	0.00615
66	0.00738	0.05129	0.82176	0.01020	0.01549	0.00867	0.01315	0.01149	0.00766	0.01140	0.00647	0.00760	0.00461	0.00344	0.00341	0.00114	0.00532	0.00266	0.00154	0.00534
67	0.01382	0.01018	0.01091	0.00836	0.01127	0.01127	0.00691	0.83748	0.01709	0.02291	0.00873	0.00873	0.00618	0.00436	0.00364	0.00109	0.00400	0.00327	0.00364	0.00618
68	0.00920	0.00968	0.07007	0.01801	0.44699	0.00883	0.29357	0.04919	0.00881	0.03910	0.00732	0.00928	0.00572	0.00328	0.00383	0.00114	0.00495	0.00358	0.00197	0.00547
69	0.00529	0.00352	0.00396	0.00396	0.00396	0.00352	0.00220	0.00529	0.00529	0.00705	0.01145	0.02378	0.01321	0.87227	0.01850	0.00352	0.00352	0.00529	0.00220	0.00220
70	0.01575	0.00665	0.00867	0.00670	0.00949	0.00609	0.00552	0.10011	0.04566	0.73407	0.01379	0.01205	0.00880	0.00450	0.00365	0.00113	0.00317	0.00364	0.00438	0.00617
71	0.00911	0.00862	0.01480	0.02187	0.81529	0.00859	0.03051	0.01128	0.00832	0.02659	0.00698	0.00907	0.00581	0.00326	0.00362	0.00108	0.00434	0.00327	0.00185	0.00574
72	0.01631	0.00619	0.00843	0.00647	0.00928	0.00534	0.00534	0.01771	0.01040	0.85211	0.01434	0.01237	0.00900	0.00450	0.00365	0.00112	0.00309	0.00365	0.00450	0.00619
73	0.00519	0.00389	0.00584	0.00584	0.00649	0.00454	0.00454	0.00649	0.00584	0.00844	0.00974	0.01428	0.00909	0.02726	0.85787	0.00584	0.00974	0.00389	0.00195	0.00325
74	0.01523	0.00769	0.10947	0.00693	0.01005	0.00571	0.00631	0.01697	0.01008	0.75160	0.01340	0.01181	0.00847	0.00437	0.00363	0.00113	0.00337	0.00354	0.00414	0.00609
75	0.02902	0.03399	0.03288	0.06155	0.28301	0.02750	0.32633	0.02881	0.00875	0.12050	0.00790	0.00954	0.00592	0.00339	0.00380	0.00114	0.00490	0.00360	0.00219	0.00529
76	0.89794	0.00703	0.00534	0.00478	0.00703	0.00815	0.00394	0.01068	0.00619	0.01631	0.00506	0.00590	0.00394	0.00337	0.00225	0.00112	0.00281	0.00197	0.00225	0.00394
77	0.00572	0.00384	0.00504	0.00467	0.00563	0.00353	0.00353	0.00742	0.01029	0.05761	0.80486	0.02639	0.03299	0.00728	0.00425	0.00114	0.00179	0.00642	0.00403	0.00357
78	0.01312	0.01385	0.01024	0.00880	0.01088	0.51386	0.00684	0.19587	0.02810	0.06468	0.00700	0.00767	0.00544	0.00410	0.00397	0.00102	0.06526	0.00272	0.00245	0.03412
79	0.00900	0.00864	0.01475	0.02231	0.84960	0.00864	0.01115	0.01115	0.00828	0.01187	0.00684	0.00900	0.00576	0.00324	0.00360	0.00108	0.00432	0.00324	0.00180	0.00576
80	0.01008	0.00886	0.01352	0.03365	0.61149	0.00917	0.00994	0.18842	0.04342	0.02467	0.00764	0.00917	0.00608	0.00357	0.00361	0.00109	0.00419	0.00329	0.00230	0.00582
81	0.00840	0.36518	0.45406	0.00866	0.02377	0.01089	0.01002	0.01171	0.05675	0.01053	0.00642	0.00729	0.00503	0.00340	0.00301	0.00100	0.00461	0.00248	0.00167	0.00511
82	0.00516	0.00386	0.00577	0.00581	0.00644	0.00448	0.00449	0.00643	0.00589	0.00847	0.01016	0.04998	0.00971	0.02660	0.82227	0.00566	0.00942	0.00416	0.00201	0.00323
83	0.00631	0.00316	0.00473	0.00473	0.00473	0.00316	0.00316	0.00473	0.00473	0.00631	0.00631	0.01105	0.00631	0.01263	0.01420	0.89426	0.00316	0.00316	0.00158	0.00158
84	0.01076	0.13298	0.02458	0.01331	0.29212	0.26898	0.05469	0.09154	0.02277	0.01160	0.02351	0.02371	0.00627	0.00373	0.00340	0.00101	0.00491	0.00304	0.00206	0.00502
85	0.00530	0.00405	0.00604	0.00598	0.00661	0.00479	0.00467	0.00658	0.00583	0.00845	0.00955	0.01404	0.00892	0.02646	0.82555	0.00568	0.04243	0.00387	0.00193	0.00327
86	0.01003	0.00756	0.00820	0.00721	0.00936	0.00850	0.00566	0.03830	0.69910	0.12161	0.01453	0.01329	0.01067	0.00485	0.00367	0.00121	0.00290	0.00402	0.02359	0.00577
87	0.00524	0.00372	0.00496	0.00496	0.00531	0.00407	0.00345	0.00593	0.00558	0.00779	0.01054	0.01872	0.01102	0.42234	0.46542	0.00476	0.00683	0.00454	0.00207	0.00276
88	0.00735	0.04037	0.83241	0.01025	0.01557	0.00859	0.01325	0.01149	0.00767	0.01144	0.00649	0.00763	0.00461	0.00344	0.00342	0.00114	0.00533	0.00267	0.00154	0.00535
89	0.00972	0.87446	0.01905	0.00622	0.00933	0.01438	0.00622	0.01088	0.00738	0.00855	0.00505	0.00583	0.00466	0.00311	0.00233	0.00078	0.00389	0.00194	0.00155	0.00466
90	0.01324	0.00965	0.01035	0.00803	0.01079	0.01066	0.00660	0.73589	0.06516	0.03563	0.00933	0.00930	0.00667	0.00439	0.00359	0.00109	0.00381	0.00333	0.04648	0.00602
91	0.00445	0.00343	0.00409	0.00459	0.00525	0.00307	0.00326	0.00526	0.00757	0.00959	0.02682	0.48482	0.35916	0.01043	0.00452	0.00139	0.00207	0.05385	0.00337	0.00302
92	0.00951	0.64564	0.18400	0.00724	0.01073	0.05427	0.00770	0.02768	0.00778	0.00944	0.00545	0.00629	0.00468	0.00323	0.00263	0.00087	0.00431	0.00214	0.00161	0.00481
93	0.00443	0.00316	0.00422	0.00506	0.00527	0.00295	0.00337	0.00506	0.00696	0.00928	0.02003	0.86990	0.02404	0.01139	0.00464	0.00148	0.00211	0.01033	0.00337	0.00295
94	0.00441	0.00326	0.00413	0.00480	0.00521	0.00298	0.00326	0.00511	0.00724	0.00944	0.03336	0.70722	0.17442	0.01094	0.00457	0.00143	0.00205	0.00980	0.00338	0.00298
95	0.44613	0.00660	0.00693	0.00564	0.00818	0.00671	0.00466	0.01429	0.00835	0.44464	0.00982	0.00922	0.00653	0.00395	0.00297	0.00112	0.00296	0.00283	0.00340	0.00509
96	0.00895	0.00859	0.01467	0.04065	0.83162	0.00862	0.01113	0.01111	0.00825	0.01182	0.00683	0.00901	0.00574	0.00325	0.00360	0.00108	0.00433	0.00324	0.00180	0.00572
97	0.00443	0.00316	0.00422	0.00506	0.00527	0.00295	0.00337	0.00506	0.00696	0.00928	0.02003	0.86990	0.02404	0.01139	0.00464	0.00148	0.00211	0.01033	0.00337	0.00295
98	0.00754	0.00646	0.00754	0.00538	0.00861	0.00484	0.00431	0.00915	0.00754	0.01184	0.00646	0.00754	0.00538	0.00269	0.00269	0.00054	0.00269	0.00215	0.00215	0.89449
99	0.00894	0.00857	0.00734	0.00667	0.00820	0.24180	0.00509	0.04330	0.14671	0.04634	0.31886	0.05138	0.03424	0.00590	0.00385	0.00111	0.00348	0.02653	0.00326	0.02842
100	0.00432	0.00368	0.00372	0.00371	0.00492	0.00308	0.00278	0.00526	0.00834	0.00996	0.06018	0.03475	0.82468	0.00915	0.00430	0.00122	0.00184	0.00764	0.00339	0.00308
101	0.09107	0.00626	0.00817	0.00632	0.00909	0.00558	0.00522	0.01712	0.01004	0.78124	0.01355	0.01182	0.00857	0.00440	0.00354	0.00112	0.00307	0.00351	0.00431	0.00599
102	0.03749	0.00788	0.00939	0.00722	0.01006	0.00789	0.00596	0.36053	0.01309	0.48410	0.01176	0.01068	0.00769	0.00441	0.00361	0.00111	0.00346	0.00345	0.00408	0.00613
103	0.00800	0.00761	0.01284	0.41336	0.45102	0.00838	0.01056	0.01043	0.02272	0.01073	0.00680	0.00940	0.00543	0.00345	0.00362	0.00114	0.00454	0.00325	0.00175	0.00496
104	0.00430	0.00368	0.00368	0.00368	0.00491	0.00307	0.00276	0.00522	0.00828	0.00982	0.03682	0.03498	0.84812	0.00920	0.00430	0.00123	0.00184	0.00767	0.00338	0.00307
105	0.00519	0.00389	0.00584	0.00584	0.00649	0.00454	0.00454	0.00649	0.00584	0.00844	0.00974	0.01428	0.00909	0.02726	0.85787	0.00584	0.00974	0.00389	0.00195	0.00325
106	0.00762	0.00701	0.01151	0.71955	0.05837	0.00842	0.04494	0.07969	0.00820	0.01065	0.00671	0.00958	0.00503	0.00365	0.00366	0.00120	0.00481	0.00328	0.00180	0.00433
107	0.01358	0.01732	0.01030	0.00936	0.01124	0.85768	0.00702	0.01451	0.01030	0.00890	0.00562	0.00655	0.00468	0.00375	0.00328	0.00094	0.00655	0.00234	0.00187	0.00421
108	0.00523	0.00380	0.00489	0.00462	0.00550	0.00353	0.00346	0.02038	0.01021	0.01434	0.77386	0.05552	0.06579	0.00758	0.00429	0.00116	0.00177	0.00669	0.00395	0.00344
109	0.00528	0.00353	0.00400	0.00400	0.00401	0.00354	0.00224	0.00531	0.00530	0.00707	0.01142	0.02362	0.01314	0.85746	0.03321	0.00356	0.00363	0.00526	0.00220	0.00222
110	0.00868	0.00843	0.01367	0.01848	0.59788	0.00938	0.01019	0.01043	0.00746	0.01094	0.00622	0.00868	0.00546	0.00417	0.00609	0.00123	0.26240	0.00322	0.00174	0.00522
111	0.01026	0.76707	0.01791	0.00654	0.00952	0.09953	0.00628	0.01141	0.00775	0.02862	0.00533	0.00606	0.00477	0.00321	0.00246	0.00080	0.00414	0.00202	0.00166	0.00465
112	0.89794	0.00703	0.00534	0.00478	0.00703	0.00815	0.00394	0.01068	0.00619	0.01631	0.00506	0.00590	0.00394	0.00337	0.00225	0.00112	0.00281	0.00197	0.00225	0.00394
113	0.00881	0.02924	0.03317	0.05915	0.75838	0.00865	0.01090	0.01099	0.00823	0.01172	0.02234	0.00926	0.00619	0.00334	0.00358	0.00108	0.00431	0.00326	0.00182	0.00560
114	0.00503	0.00360	0.00454	0.00478	0.00549	0.00326	0.00344	0.00607	0.00820	0.03089	0.24342	0.40687	0.16865	0.02686	0.00471	0.00136	0.00208	0.04420	0.00352	0.02303
115	0.21705	0.00791	0.00752	0.00611	0.00862	0.11573	0.00489	0.04796	0.03525	0.22095	0.03728	0.00984	0.02587	0.00391	0.00306	0.00096	0.00331	0.00291	0.01885	0.22202

[dist]
# distance from previous block
# <min> <max>
0	2

[block]
# block no. 2 follows, 76 sequences, length 19
# corresponding to MSA columns:
# 265-283
name=unknown_C
#
# <colnr> <probs for GDERKNQSTAVLIFYWHMCP>
#	G	D	E	R	K	N	Q	S	T	A	V	L	I	F	Y	W	H	M	C	P
0	0.01164	0.00935	0.09233	0.01040	0.12286	0.03026	0.10810	0.17598	0.05489	0.23772	0.00959	0.00983	0.00678	0.00384	0.00359	0.00106	0.00406	0.00334	0.00300	0.10137
1	0.00585	0.00429	0.00502	0.00478	0.00593	0.00408	0.00363	0.00816	0.10873	0.04776	0.35228	0.03935	0.29938	0.03210	0.00487	0.02342	0.00211	0.04101	0.00363	0.00361
2	0.01043	0.64147	0.04454	0.00744	0.03542	0.14211	0.00677	0.05761	0.00841	0.00960	0.00545	0.00626	0.00478	0.00329	0.00262	0.00084	0.00436	0.00214	0.00173	0.00474
3	0.04104	0.00750	0.00976	0.00962	0.16538	0.01902	0.04113	0.14228	0.05576	0.08097	0.05343	0.04607	0.00872	0.00413	0.00341	0.00096	0.00338	0.01853	0.00275	0.28617
4	0.01189	0.20430	0.01323	0.00979	0.08325	0.33885	0.05089	0.18180	0.05095	0.01239	0.00677	0.00756	0.00543	0.00371	0.00324	0.00097	0.00505	0.00271	0.00224	0.00496
5	0.00997	0.00503	0.00709	0.00741	0.09506	0.00458	0.00497	0.01107	0.00848	0.36650	0.01588	0.38104	0.01530	0.04396	0.00470	0.00137	0.00282	0.00655	0.00364	0.00458
6	0.00972	0.87446	0.01905	0.00622	0.00933	0.01438	0.00622	0.01088	0.00738	0.00855	0.00505	0.00583	0.00466	0.00311	0.00233	0.00078	0.00389	0.00194	0.00155	0.00466
7	0.00526	0.00383	0.00564	0.00564	0.00621	0.00440	0.00430	0.00631	0.00574	0.00823	0.00969	0.01483	0.00925	0.08972	0.75252	0.05049	0.00894	0.00396	0.00195	0.00308
8	0.54841	0.00827	0.00754	0.00620	0.00871	0.00939	0.00511	0.33755	0.01050	0.01892	0.00651	0.00702	0.00482	0.00376	0.00280	0.00111	0.00328	0.00248	0.00280	0.00482
9	0.01174	0.00770	0.01128	0.01307	0.33206	0.04261	0.02961	0.03714	0.00909	0.33343	0.00986	0.01058	0.00718	0.00594	0.07523	0.00152	0.05009	0.00344	0.00289	0.00554
10	0.01337	0.01701	0.01076	0.00961	0.01156	0.82235	0.04155	0.01439	0.01023	0.00901	0.00569	0.00669	0.00472	0.00372	0.00332	0.00095	0.00654	0.00242	0.00187	0.00424
11	0.00459	0.00323	0.00417	0.00486	0.00503	0.00306	0.00316	0.00510	0.00665	0.00887	0.01845	0.71395	0.02204	0.17006	0.00719	0.00185	0.00237	0.00940	0.00316	0.00281
12	0.05444	0.00680	0.00862	0.00667	0.00945	0.00637	0.00550	0.12587	0.03885	0.67787	0.01320	0.01164	0.00847	0.00445	0.00359	0.00112	0.00319	0.00355	0.00426	0.00607
13	0.01158	0.01202	0.01151	0.01049	0.08221	0.32889	0.07041	0.16265	0.09543	0.03296	0.00743	0.00847	0.00588	0.00431	0.00485	0.00114	0.13939	0.00308	0.00239	0.00492
14	0.00509	0.00398	0.00604	0.00677	0.04901	0.00378	0.05708	0.00607	0.00729	0.00974	0.01847	0.67566	0.02158	0.01029	0.00461	0.00146	0.00262	0.10401	0.00319	0.00326
15	0.00458	0.00327	0.00440	0.00524	0.00552	0.00309	0.00365	0.00533	0.00711	0.00945	0.01995	0.77905	0.02370	0.01124	0.00468	0.00150	0.00224	0.09963	0.00337	0.00300
16	0.89794	0.00703	0.00534	0.00478	0.00703	0.00815	0.00394	0.01068	0.00619	0.01631	0.00506	0.00590	0.00394	0.00337	0.00225	0.00112	0.00281	0.00197	0.00225	0.00394
17	0.00525	0.00368	0.00477	0.00477	0.00505	0.00396	0.00321	0.00580	0.00552	0.00764	0.01071	0.01970	0.01144	0.50942	0.37893	0.00452	0.00619	0.00469	0.00209	0.00265
18	0.39857	0.00930	0.12222	0.00925	0.10428	0.00847	0.10205	0.06222	0.05981	0.06949	0.00715	0.00803	0.00533	0.00361	0.00320	0.00115	0.01587	0.00281	0.00237	0.00484

[dist]
# distance from previous block
# <min> <max>
0	1

[block]
# block no. 3 follows, 76 sequences, length 77
# corresponding to MSA columns:
# 285-361
name=unknown_D
#
# <colnr> <probs for GDERKNQSTAVLIFYWHMCP>
#	G	D	E	R	K	N	Q	S	T	A	V	L	I	F	Y	W	H	M	C	P
0	0.01358	0.01732	0.01030	0.00936	0.01124	0.85768	0.00702	0.01451	0.01030	0.00890	0.00562	0.00655	0.00468	0.00375	0.00328	0.00094	0.00655	0.00234	0.00187	0.00421
1	0.03604	0.04268	0.14079	0.01344	0.31331	0.04739	0.06520	0.05177	0.01792	0.07450	0.00734	0.00878	0.00576	0.01452	0.00380	0.00106	0.02568	0.00302	0.00213	0.12485
2	0.00770	0.15631	0.70602	0.00977	0.01475	0.00941	0.02531	0.01141	0.00764	0.01104	0.00630	0.00741	0.00463	0.00339	0.00329	0.00109	0.00514	0.00259	0.00154	0.00525
3	0.00529	0.00352	0.00396	0.00396	0.00396	0.00352	0.00220	0.00529	0.00529	0.00705	0.01145	0.02378	0.01321	0.87227	0.01850	0.00352	0.00352	0.00529	0.00220	0.00220
4	0.00552	0.00445	0.00505	0.00493	0.00581	0.04503	0.00365	0.00727	0.04054	0.01302	0.56271	0.15460	0.10775	0.00796	0.00428	0.00120	0.00208	0.01699	0.00372	0.00345
5	0.00757	0.11882	0.75591	0.00988	0.01498	0.00914	0.01259	0.01144	0.00764	0.01116	0.00635	0.00746	0.00461	0.00341	0.00332	0.00111	0.00520	0.00260	0.00154	0.00529
6	0.00443	0.00316	0.00422	0.00506	0.00527	0.00295	0.00337	0.00506	0.00696	0.00928	0.02003	0.86990	0.02404	0.01139	0.00464	0.00148	0.00211	0.01033	0.00337	0.00295
7	0.00576	0.00413	0.00573	0.00655	0.00737	0.00411	0.00568	0.00737	0.00831	0.01079	0.01974	0.07347	0.04281	0.01007	0.00499	0.00165	0.00326	0.77155	0.00335	0.00332
8	0.00686	0.00646	0.01090	0.86353	0.02503	0.00807	0.01009	0.00929	0.00727	0.00929	0.00646	0.00969	0.00484	0.00363	0.00363	0.00121	0.00484	0.00323	0.00161	0.00404
9	0.00443	0.00316	0.00422	0.00506	0.00527	0.00295	0.00337	0.00506	0.00696	0.00928	0.02003	0.86990	0.02404	0.01139	0.00464	0.00148	0.00211	0.01033	0.00337	0.00295
10	0.00519	0.00389	0.00584	0.00584	0.00649	0.00454	0.00454	0.00649	0.00584	0.00844	0.00974	0.01428	0.00909	0.02726	0.85787	0.00584	0.00974	0.00389	0.00195	0.00325
11	0.00449	0.00321	0.00428	0.00508	0.00533	0.00300	0.00344	0.00519	0.00712	0.00951	0.05067	0.81809	0.02434	0.01121	0.00464	0.00147	0.00212	0.03043	0.00340	0.00298
12	0.00984	0.00821	0.00867	0.00756	0.00976	0.00942	0.00595	0.15687	0.70416	0.01650	0.01377	0.01275	0.01027	0.00484	0.00369	0.00121	0.00307	0.00397	0.00369	0.00582
13	0.00435	0.00368	0.00376	0.00374	0.00495	0.00309	0.00281	0.00533	0.00842	0.01015	0.09352	0.03443	0.79121	0.00908	0.00429	0.00122	0.00183	0.00759	0.00342	0.00309
14	0.00795	0.00795	0.01113	0.00954	0.00954	0.01113	0.00795	0.00875	0.00557	0.00875	0.00477	0.00795	0.00477	0.00636	0.01193	0.00159	0.86562	0.00318	0.00159	0.00398
15	0.01422	0.00954	0.01051	0.00806	0.01095	0.01031	0.00666	0.70509	0.01601	0.15681	0.00963	0.00931	0.00664	0.00438	0.00364	0.00110	0.00385	0.00333	0.00378	0.00618
16	0.00972	0.87446	0.01905	0.00622	0.00933	0.01438	0.00622	0.01088	0.00738	0.00855	0.00505	0.00583	0.00466	0.00311	0.00233	0.00078	0.00389	0.00194	0.00155	0.00466
17	0.00795	0.00795	0.01113	0.00954	0.00954	0.01113	0.00795	0.00875	0.00557	0.00875	0.00477	0.00795	0.00477	0.00636	0.01193	0.00159	0.86562	0.00318	0.00159	0.00398
18	0.00729	0.01880	0.85344	0.01036	0.01573	0.00844	0.01343	0.01151	0.00767	0.01151	0.00652	0.00767	0.00460	0.00345	0.00345	0.00115	0.00537	0.00269	0.00153	0.00537
19	0.89794	0.00703	0.00534	0.00478	0.00703	0.00815	0.00394	0.01068	0.00619	0.01631	0.00506	0.00590	0.00394	0.00337	0.00225	0.00112	0.00281	0.00197	0.00225	0.00394
20	0.89794	0.00703	0.00534	0.00478	0.00703	0.00815	0.00394	0.01068	0.00619	0.01631	0.00506	0.00590	0.00394	0.00337	0.00225	0.00112	0.00281	0.00197	0.00225	0.00394
21	0.01358	0.01732	0.01030	0.00936	0.01124	0.85768	0.00702	0.01451	0.01030	0.00890	0.00562	0.00655	0.00468	0.00375	0.00328	0.00094	0.00655	0.00234	0.00187	0.00421
22	0.00514	0.00372	0.00486	0.00457	0.00543	0.00343	0.00343	0.00686	0.01029	0.01457	0.84768	0.02715	0.03429	0.00743	0.00429	0.00114	0.00171	0.00657	0.00400	0.00343
23	0.01382	0.01018	0.01091	0.00836	0.01127	0.01127	0.00691	0.83748	0.01709	0.02291	0.00873	0.00873	0.00618	0.00436	0.00364	0.00109	0.00400	0.00327	0.00364	0.00618
24	0.01631	0.00619	0.00843	0.00647	0.00928	0.00534	0.00534	0.01771	0.01040	0.85211	0.01434	0.01237	0.00900	0.00450	0.00365	0.00112	0.00309	0.00365	0.00450	0.00619
25	0.00795	0.00795	0.01113	0.00954	0.00954	0.01113	0.00795	0.00875	0.00557	0.00875	0.00477	0.00795	0.00477	0.00636	0.01193	0.00159	0.86562	0.00318	0.00159	0.00398
26	0.00927	0.00776	0.00823	0.00737	0.00945	0.00892	0.00574	0.01926	0.81698	0.04139	0.01478	0.01352	0.01103	0.00492	0.00370	0.00123	0.00288	0.00409	0.00372	0.00577
27	0.00904	0.00781	0.00822	0.00740	0.00945	0.00904	0.00575	0.01931	0.84303	0.01520	0.01479	0.01356	0.01109	0.00493	0.00370	0.00123	0.00288	0.00411	0.00370	0.00575
28	0.00802	0.00799	0.01135	0.01033	0.06110	0.01098	0.00815	0.00889	0.00573	0.00894	0.00490	0.00802	0.00483	0.00617	0.01142	0.00156	0.81275	0.00318	0.00160	0.00409
29	0.00443	0.00316	0.00422	0.00506	0.00527	0.00295	0.00337	0.00506	0.00696	0.00928	0.02003	0.86990	0.02404	0.01139	0.00464	0.00148	0.00211	0.01033	0.00337	0.00295
30	0.00514	0.00372	0.00486	0.00457	0.00543	0.00343	0.00343	0.00686	0.01029	0.01457	0.84768	0.02715	0.03429	0.00743	0.00429	0.00114	0.00171	0.00657	0.00400	0.00343
31	0.89794	0.00703	0.00534	0.00478	0.00703	0.00815	0.00394	0.01068	0.00619	0.01631	0.00506	0.00590	0.00394	0.00337	0.00225	0.00112	0.00281	0.00197	0.00225	0.00394
32	0.01382	0.01018	0.01091	0.00836	0.01127	0.01127	0.00691	0.83748	0.01709	0.02291	0.00873	0.00873	0.00618	0.00436	0.00364	0.00109	0.00400	0.00327	0.00364	0.00618
33	0.01625	0.00628	0.00849	0.00651	0.00933	0.00549	0.00538	0.03751	0.01056	0.83209	0.01420	0.01228	0.00893	0.00450	0.00365	0.00112	0.00311	0.00365	0.00448	0.00619
34	0.00443	0.00316	0.00422	0.00506	0.00527	0.00295	0.00337	0.00506	0.00696	0.00928	0.02003	0.86990	0.02404	0.01139	0.00464	0.00148	0.00211	0.01033	0.00337	0.00295
35	0.01388	0.01008	0.01085	0.00832	0.01122	0.01113	0.00687	0.81768	0.01693	0.04293	0.00886	0.00881	0.00625	0.00437	0.00364	0.00109	0.00398	0.00328	0.00366	0.00618
36	0.01382	0.01018	0.01091	0.00836	0.01127	0.01127	0.00691	0.83748	0.01709	0.02291	0.00873	0.00873	0.00618	0.00436	0.00364	0.00109	0.00400	0.00327	0.00364	0.00618
37	0.00754	0.00646	0.00754	0.00538	0.00861	0.00484	0.00431	0.00915	0.00754	0.01184	0.00646	0.00754	0.00538	0.00269	0.00269	0.00054	0.00269	0.00215	0.00215	0.89449
38	0.00525	0.00375	0.00507	0.00509	0.00548	0.00411	0.00361	0.00602	0.00568	0.00793	0.01071	0.01896	0.01113	0.37614	0.48675	0.00477	0.00699	0.02765	0.00209	0.00282
39	0.00443	0.00316	0.00422	0.00506	0.00527	0.00295	0.00337	0.00506	0.00696	0.00928	0.02003	0.86990	0.02404	0.01139	0.00464	0.00148	0.00211	0.01033	0.00337	0.00295
40	0.01392	0.01001	0.01080	0.00828	0.01119	0.01102	0.00684	0.80342	0.01681	0.05736	0.00896	0.00888	0.00630	0.00437	0.00364	0.00109	0.00396	0.00329	0.00367	0.00618
41	0.00471	0.00329	0.00415	0.00471	0.00487	0.00314	0.00301	0.00517	0.00652	0.00872	0.03762	0.58850	0.02095	0.27664	0.00890	0.00210	0.00254	0.00868	0.00303	0.00273
42	0.01585	0.00692	0.00889	0.00681	0.00964	0.00643	0.00563	0.16797	0.01163	0.70012	0.01331	0.01170	0.00848	0.00447	0.00365	0.00112	0.00326	0.00358	0.00434	0.00618
43	0.01631	0.00619	0.00843	0.00647	0.00928	0.00534	0.00534	0.01771	0.01040	0.85211	0.01434	0.01237	0.00900	0.00450	0.00365	0.00112	0.00309	0.00365	0.00450	0.00619
44	0.89794	0.00703	0.00534	0.00478	0.00703	0.00815	0.00394	0.01068	0.00619	0.01631	0.00506	0.00590	0.00394	0.00337	0.00225	0.00112	0.00281	0.00197	0.00225	0.00394
45	0.00464	0.00331	0.00443	0.00526	0.00555	0.00313	0.00368	0.00540	0.00711	0.00944	0.01972	0.73682	0.02335	0.03225	0.00503	0.00155	0.00231	0.12069	0.00334	0.00299
46	0.06476	0.01651	0.00991	0.00901	0.01088	0.79527	0.00677	0.01420	0.01002	0.00940	0.00568	0.00662	0.00471	0.00373	0.00321	0.00095	0.00626	0.00234	0.01559	0.00418
47	0.89794	0.00703	0.00534	0.00478	0.00703	0.00815	0.00394	0.01068	0.00619	0.01631	0.00506	0.00590	0.00394	0.00337	0.00225	0.00112	0.00281	0.00197	0.00225	0.00394
48	0.00443	0.00316	0.00422	0.00506	0.00527	0.00295	0.00337	0.00506	0.00696	0.00928	0.02003	0.86990	0.02404	0.01139	0.00464	0.00148	0.00211	0.01033	0.00337	0.00295
49	0.01631	0.00619	0.00843	0.00647	0.00928	0.00534	0.00534	0.01771	0.01040	0.85211	0.01434	0.01237	0.00900	0.00450	0.00365	0.00112	0.00309	0.00365	0.00450	0.00619
50	0.89794	0.00703	0.00534	0.00478	0.00703	0.00815	0.00394	0.01068	0.00619	0.01631	0.00506	0.00590	0.00394	0.00337	0.00225	0.00112	0.00281	0.00197	0.00225	0.00394
51	0.00754	0.00646	0.00754	0.00538	0.00861	0.00484	0.00431	0.00915	0.00754	0.01184	0.00646	0.00754	0.00538	0.00269	0.00269	0.00054	0.00269	0.00215	0.00215	0.89449
52	0.00443	0.00316	0.00422	0.00506	0.00527	0.00295	0.00337	0.00506	0.00696	0.00928	0.02003	0.86990	0.02404	0.01139	0.00464	0.00148	0.00211	0.01033	0.00337	0.00295
53	0.00795	0.00795	0.01113	0.00954	0.00954	0.01113	0.00795	0.00875	0.00557	0.00875	0.00477	0.00795	0.00477	0.00636	0.01193	0.00159	0.86562	0.00318	0.00159	0.00398
54	0.89794	0.00703	0.00534	0.00478	0.00703	0.00815	0.00394	0.01068	0.00619	0.01631	0.00506	0.00590	0.00394	0.00337	0.00225	0.00112	0.00281	0.00197	0.00225	0.00394
55	0.00686	0.00646	0.01090	0.86353	0.02503	0.00807	0.01009	0.00929	0.00727	0.00929	0.00646	0.00969	0.00484	0.00363	0.00363	0.00121	0.00484	0.00323	0.00161	0.00404
56	0.01631	0.00619	0.00843	0.00647	0.00928	0.00534	0.00534	0.01771	0.01040	0.85211	0.01434	0.01237	0.00900	0.00450	0.00365	0.00112	0.00309	0.00365	0.00450	0.00619
57	0.01358	0.01732	0.01030	0.00936	0.01124	0.85768	0.00702	0.01451	0.01030	0.00890	0.00562	0.00655	0.00468	0.00375	0.00328	0.00094	0.00655	0.00234	0.00187	0.00421
58	0.00858	0.00980	0.02145	0.01532	0.01900	0.00919	0.83640	0.01164	0.00858	0.01164	0.00735	0.00980	0.00551	0.00306	0.00429	0.00123	0.00613	0.00429	0.00184	0.00490
59	0.00729	0.01880	0.85344	0.01036	0.01573	0.00844	0.01343	0.01151	0.00767	0.01151	0.00652	0.00767	0.00460	0.00345	0.00345	0.00115	0.00537	0.00269	0.00153	0.00537
60	0.00514	0.00372	0.00486	0.00457	0.00543	0.00343	0.00343	0.00686	0.01029	0.01457	0.84768	0.02715	0.03429	0.00743	0.00429	0.00114	0.00171	0.00657	0.00400	0.00343
61	0.00443	0.00316	0.00422	0.00506	0.00527	0.00295	0.00337	0.00506	0.00696	0.00928	0.02003	0.86990	0.02404	0.01139	0.00464	0.00148	0.00211	0.01033	0.00337	0.00295
62	0.00729	0.01880	0.85344	0.01036	0.01573	0.00844	0.01343	0.01151	0.00767	0.01151	0.00652	0.00767	0.00460	0.00345	0.00345	0.00115	0.00537	0.00269	0.00153	0.00537
63	0.00631	0.00316	0.00473	0.00473	0.00473	0.00316	0.00316	0.00473	0.00473	0.00631	0.00631	0.01105	0.00631	0.01263	0.01420	0.89426	0.00316	0.00316	0.00158	0.00158
64	0.00441	0.00323	0.00415	0.00488	0.00523	0.00297	0.00330	0.00508	0.00713	0.00935	0.02219	0.76263	0.12992	0.01111	0.00459	0.00144	0.00207	0.00999	0.00337	0.00297
65	0.00537	0.00394	0.01805	0.00463	0.01928	0.00375	0.00285	0.00586	0.02193	0.00807	0.05650	0.09687	0.02948	0.67558	0.01527	0.00302	0.00331	0.02125	0.00245	0.00255
