[name]
unknown

[dist]
# distance from previous block
# <min> <max>
0	104

[block]
# block no. 0 follows, 72 sequences, length 38
# corresponding to MSA columns:
# 143-180
name=unknown_A
#
# <colnr> <probs for GDERKNQSTAVLIFYWHMCP>
#	G	D	E	R	K	N	Q	S	T	A	V	L	I	F	Y	W	H	M	C	P
0	0.12114	0.05512	0.01084	0.08528	0.15296	0.05838	0.02485	0.15431	0.02178	0.08546	0.03326	0.02061	0.01781	0.00475	0.00426	0.02047	0.04758	0.03624	0.01341	0.03151
1	0.01158	0.02752	0.04162	0.03236	0.03667	0.13083	0.19718	0.25502	0.10487	0.05377	0.02350	0.01002	0.00710	0.00422	0.00418	0.00118	0.03546	0.00363	0.00283	0.01647
2	0.00462	0.00331	0.00439	0.00525	0.00549	0.00308	0.00351	0.00528	0.00729	0.00969	0.02131	0.84492	0.04414	0.01183	0.00483	0.00153	0.00219	0.01072	0.00352	0.00308
3	0.01195	0.00723	0.00860	0.00681	0.02146	0.02551	0.00537	0.10486	0.05218	0.31414	0.01124	0.06130	0.00852	0.00438	0.00348	0.00096	0.00320	0.00358	0.00345	0.34178
4	0.00856	0.00752	0.02284	0.15581	0.32719	0.00714	0.00832	0.02738	0.00856	0.05189	0.03164	0.03668	0.04977	0.00408	0.00360	0.00103	0.00383	0.00364	0.00231	0.23823
5	0.00849	0.00811	0.04325	0.07966	0.18027	0.00868	0.09079	0.03528	0.02622	0.05515	0.04230	0.02850	0.10997	0.00559	0.00655	0.00135	0.25841	0.00432	0.00236	0.00476
6	0.01014	0.86900	0.01987	0.00649	0.00973	0.01501	0.00649	0.01136	0.00771	0.00892	0.00527	0.00608	0.00487	0.00324	0.00243	0.00081	0.00406	0.00203	0.00162	0.00487
7	0.00646	0.00566	0.00911	0.38543	0.09277	0.00639	0.02505	0.00830	0.00770	0.01028	0.08155	0.17413	0.03202	0.04362	0.09332	0.00190	0.00462	0.00536	0.00237	0.00394
8	0.00830	0.00760	0.01015	0.10124	0.17007	0.03527	0.03336	0.02190	0.02623	0.01208	0.00770	0.04845	0.00666	0.00357	0.00330	0.00085	0.00362	0.00312	0.00221	0.49431
9	0.04110	0.00940	0.01451	0.12173	0.01590	0.11001	0.33283	0.01321	0.00917	0.19287	0.00882	0.01016	0.00636	0.00422	0.02232	0.00126	0.00527	0.00367	0.00254	0.07465
10	0.00552	0.00368	0.00414	0.00414	0.00414	0.00368	0.00230	0.00552	0.00552	0.00735	0.01195	0.02482	0.01379	0.86672	0.01930	0.00368	0.00368	0.00552	0.00230	0.00230
11	0.00634	0.00414	0.00523	0.00516	0.00595	0.00415	0.00375	0.02496	0.00738	0.07210	0.03191	0.13104	0.14696	0.22128	0.24428	0.00322	0.00487	0.03398	0.03992	0.00336
12	0.00477	0.00349	0.00445	0.00496	0.00544	0.00321	0.00341	0.00566	0.00803	0.01072	0.17733	0.57156	0.13188	0.03995	0.00522	0.00151	0.00214	0.00951	0.00360	0.00316
13	0.00462	0.00330	0.00440	0.00528	0.00550	0.00308	0.00352	0.00528	0.00726	0.00968	0.02090	0.86424	0.02508	0.01188	0.00484	0.00154	0.00220	0.01078	0.00352	0.00308
14	0.00564	0.00405	0.00491	0.00464	0.00570	0.00373	0.00349	0.00754	0.03825	0.03174	0.56740	0.02861	0.21680	0.00784	0.00434	0.00120	0.00189	0.00679	0.05179	0.00363
15	0.00657	0.00409	0.00516	0.00524	0.00620	0.00379	0.00392	0.00792	0.02457	0.10814	0.16674	0.30402	0.15746	0.03949	0.00503	0.00146	0.00239	0.09936	0.04476	0.00368
16	0.00462	0.00330	0.00440	0.00528	0.00550	0.00308	0.00352	0.00528	0.00726	0.00968	0.02090	0.86424	0.02508	0.01188	0.00484	0.00154	0.00220	0.01078	0.00352	0.00308
17	0.00542	0.00406	0.00610	0.00610	0.00677	0.00474	0.00474	0.00677	0.00610	0.00880	0.01016	0.01490	0.00948	0.02844	0.85169	0.00610	0.01016	0.00406	0.00203	0.00339
18	0.00529	0.00379	0.00463	0.00500	0.00533	0.00376	0.00328	0.00638	0.05441	0.00941	0.04796	0.41588	0.04535	0.31971	0.03884	0.00243	0.00304	0.01940	0.00307	0.00300
19	0.00485	0.00345	0.00446	0.00511	0.00554	0.00317	0.00349	0.00564	0.00772	0.02325	0.08289	0.70076	0.11319	0.01122	0.00476	0.00148	0.00216	0.01009	0.00359	0.00318
20	0.00895	0.01023	0.02238	0.01598	0.01982	0.00959	0.82928	0.01215	0.00895	0.01215	0.00767	0.01023	0.00575	0.00320	0.00448	0.00128	0.00639	0.00448	0.00192	0.00512
21	0.89350	0.00733	0.00557	0.00499	0.00733	0.00851	0.00411	0.01115	0.00645	0.01702	0.00528	0.00616	0.00411	0.00352	0.00235	0.00117	0.00293	0.00205	0.00235	0.00411
22	0.00497	0.00391	0.00449	0.00439	0.00547	0.00348	0.00328	0.00646	0.02482	0.01249	0.38801	0.07423	0.43275	0.00883	0.00448	0.00126	0.00190	0.00757	0.00381	0.00341
23	0.03297	0.00676	0.00780	0.00560	0.00894	0.00515	0.00448	0.00959	0.00782	0.01249	0.00670	0.00782	0.00557	0.00283	0.00280	0.00058	0.00281	0.00224	0.00225	0.86479
24	0.00551	0.00395	0.00485	0.00462	0.00559	0.00365	0.00346	0.02211	0.01021	0.01434	0.61037	0.05521	0.15687	0.00785	0.00433	0.00119	0.00186	0.00684	0.07362	0.00355
25	0.89350	0.00733	0.00557	0.00499	0.00733	0.00851	0.00411	0.01115	0.00645	0.01702	0.00528	0.00616	0.00411	0.00352	0.00235	0.00117	0.00293	0.00205	0.00235	0.00411
26	0.00462	0.00330	0.00440	0.00528	0.00550	0.00308	0.00352	0.00528	0.00726	0.00968	0.02090	0.86424	0.02508	0.01188	0.00484	0.00154	0.00220	0.01078	0.00352	0.00308
27	0.03063	0.00696	0.00887	0.00697	0.00979	0.00654	0.00571	0.06763	0.12703	0.66557	0.01451	0.01274	0.00943	0.00473	0.00379	0.00119	0.00325	0.00383	0.00448	0.00635
28	0.00554	0.00374	0.00440	0.00444	0.00455	0.00380	0.00270	0.00574	0.00573	0.00768	0.01225	0.02501	0.01388	0.75436	0.08409	0.00376	0.00418	0.04936	0.00234	0.00245
29	0.89350	0.00733	0.00557	0.00499	0.00733	0.00851	0.00411	0.01115	0.00645	0.01702	0.00528	0.00616	0.00411	0.00352	0.00235	0.00117	0.00293	0.00205	0.00235	0.00411
30	0.01277	0.00970	0.01038	0.00835	0.01108	0.01085	0.00677	0.53938	0.29570	0.03714	0.01137	0.01089	0.00825	0.00476	0.00382	0.00119	0.00376	0.00372	0.00383	0.00630
31	0.00498	0.00386	0.00453	0.00436	0.00543	0.00341	0.00327	0.00640	0.00981	0.01302	0.48762	0.03193	0.39059	0.00857	0.00448	0.00123	0.00185	0.00736	0.00389	0.00341
32	0.00786	0.00674	0.00786	0.00562	0.00899	0.00506	0.00449	0.00955	0.00786	0.01236	0.00674	0.00786	0.00562	0.00281	0.00281	0.00056	0.00281	0.00225	0.00225	0.88990
33	0.00551	0.00370	0.00424	0.00424	0.00427	0.00373	0.00242	0.00558	0.00555	0.00743	0.01186	0.02430	0.01356	0.82318	0.06254	0.00380	0.00401	0.00544	0.00228	0.00235
34	0.00457	0.00351	0.00419	0.00473	0.00536	0.00313	0.00327	0.00534	0.00779	0.00990	0.02763	0.54622	0.33876	0.01101	0.00470	0.00144	0.00209	0.00971	0.00352	0.00313
35	0.00462	0.00330	0.00440	0.00528	0.00550	0.00308	0.00352	0.00528	0.00726	0.00968	0.02090	0.86424	0.02508	0.01188	0.00484	0.00154	0.00220	0.01078	0.00352	0.00308
36	0.00939	0.00901	0.01539	0.02328	0.84306	0.00901	0.01164	0.01164	0.00864	0.01239	0.00713	0.00939	0.00601	0.00338	0.00375	0.00113	0.00451	0.00338	0.00188	0.00601
37	0.04959	0.02934	0.06648	0.00849	0.01156	0.01108	0.00733	0.60278	0.12471	0.03589	0.00965	0.00958	0.00694	0.00450	0.00370	0.00116	0.00404	0.00341	0.00357	0.00620

[dist]
# distance from previous block
# <min> <max>
0	12

[block]
# block no. 1 follows, 72 sequences, length 64
# corresponding to MSA columns:
# 193-256
name=unknown_B
#
# <colnr> <probs for GDERKNQSTAVLIFYWHMCP>
#	G	D	E	R	K	N	Q	S	T	A	V	L	I	F	Y	W	H	M	C	P
0	0.06587	0.12641	0.13888	0.01367	0.25576	0.09434	0.11185	0.01256	0.02263	0.07132	0.00726	0.00867	0.00570	0.00371	0.00394	0.00113	0.04577	0.00312	0.00207	0.00534
1	0.00682	0.00537	0.00624	0.00630	0.00736	0.00573	0.00460	0.05364	0.28939	0.01275	0.04803	0.48671	0.01985	0.00904	0.00445	0.00142	0.00258	0.02177	0.00367	0.00427
2	0.01322	0.01032	0.01069	0.00853	0.01131	0.04351	0.00692	0.60544	0.21310	0.02142	0.01049	0.01022	0.00761	0.00467	0.00380	0.00117	0.00400	0.00359	0.00374	0.00626
3	0.00540	0.00384	0.00509	0.00516	0.00550	0.00414	0.00356	0.00610	0.00592	0.00821	0.01173	0.08010	0.01253	0.40405	0.41698	0.00468	0.00668	0.00520	0.00226	0.00288
4	0.09497	0.00881	0.00928	0.00770	0.01020	0.00985	0.00619	0.34325	0.35710	0.05843	0.04593	0.01190	0.00971	0.00484	0.00371	0.00121	0.00343	0.00381	0.00374	0.00592
5	0.00968	0.02964	0.06309	0.01422	0.05322	0.02067	0.55873	0.11077	0.07512	0.01374	0.00831	0.01012	0.00623	0.00355	0.00421	0.00124	0.00569	0.00412	0.00227	0.00539
6	0.00494	0.00368	0.00459	0.00475	0.00550	0.00333	0.00342	0.00617	0.00914	0.01233	0.40081	0.31205	0.19632	0.00952	0.00460	0.00133	0.00195	0.00842	0.00382	0.00333
7	0.84567	0.00729	0.00575	0.00508	0.00746	0.00835	0.00419	0.01155	0.00669	0.06224	0.00581	0.00653	0.00440	0.00358	0.00243	0.00117	0.00295	0.00215	0.00248	0.00424
8	0.00481	0.00378	0.00427	0.00440	0.00530	0.00337	0.00315	0.00593	0.02159	0.01082	0.16365	0.22282	0.45191	0.07004	0.00560	0.00149	0.00210	0.00822	0.00355	0.00322
9	0.00552	0.00368	0.00414	0.00414	0.00414	0.00368	0.00230	0.00552	0.00552	0.00735	0.01195	0.02482	0.01379	0.86672	0.01930	0.00368	0.00368	0.00552	0.00230	0.00230
10	0.04205	0.01004	0.01071	0.00841	0.01128	0.01115	0.00689	0.66242	0.14020	0.04263	0.01008	0.00986	0.00722	0.00461	0.00376	0.00116	0.00393	0.00351	0.00378	0.00631
11	0.00507	0.00370	0.00484	0.00557	0.00613	0.00350	0.00419	0.00610	0.00790	0.01029	0.03508	0.48345	0.13040	0.02720	0.00518	0.00160	0.00257	0.25051	0.00350	0.00321
12	0.01688	0.00668	0.00894	0.00685	0.00979	0.00591	0.00566	0.06246	0.01123	0.80117	0.01464	0.01270	0.00923	0.00469	0.00381	0.00117	0.00328	0.00379	0.00465	0.00645
13	0.01230	0.00870	0.00954	0.00790	0.01046	0.00959	0.00633	0.28901	0.43225	0.15139	0.01326	0.01228	0.00952	0.00488	0.00383	0.00122	0.00343	0.00392	0.00397	0.00622
14	0.00542	0.00406	0.00610	0.00610	0.00677	0.00474	0.00474	0.00677	0.00610	0.00880	0.01016	0.01490	0.00948	0.02844	0.85169	0.00610	0.01016	0.00406	0.00203	0.00339
15	0.00786	0.00674	0.00786	0.00562	0.00899	0.00506	0.00449	0.00955	0.00786	0.01236	0.00674	0.00786	0.00562	0.00281	0.00281	0.00056	0.00281	0.00225	0.00225	0.88990
16	0.00542	0.00406	0.00610	0.00610	0.00677	0.00474	0.00474	0.00677	0.00610	0.00880	0.01016	0.01490	0.00948	0.02844	0.85169	0.00610	0.01016	0.00406	0.00203	0.00339
17	0.01442	0.01062	0.01138	0.00873	0.01176	0.01176	0.00721	0.83041	0.01783	0.02390	0.00911	0.00911	0.00645	0.00455	0.00379	0.00114	0.00417	0.00341	0.00379	0.00645
18	0.00482	0.00341	0.00446	0.00523	0.00546	0.00323	0.00351	0.00546	0.00712	0.00947	0.01968	0.70626	0.02341	0.12442	0.00677	0.00183	0.00247	0.05663	0.00336	0.00300
19	0.00939	0.00901	0.01539	0.02328	0.84306	0.00901	0.01164	0.01164	0.00864	0.01239	0.00713	0.00939	0.00601	0.00338	0.00375	0.00113	0.00451	0.00338	0.00188	0.00601
20	0.00455	0.00358	0.00411	0.00454	0.00530	0.00314	0.00319	0.00536	0.00798	0.00997	0.02997	0.43566	0.44781	0.01070	0.00466	0.00141	0.00206	0.00934	0.00352	0.00314
21	0.00465	0.00340	0.00432	0.00502	0.00539	0.00313	0.00338	0.00534	0.00744	0.00975	0.03478	0.69935	0.14253	0.04570	0.00536	0.00158	0.00221	0.01011	0.00348	0.00307
22	0.00657	0.00331	0.00496	0.00496	0.00498	0.00332	0.00332	0.00498	0.00496	0.00663	0.00666	0.01159	0.00664	0.01347	0.03075	0.87284	0.00342	0.00331	0.00165	0.00168
23	0.01447	0.01054	0.01133	0.00869	0.01172	0.01164	0.00718	0.81452	0.01769	0.03999	0.00922	0.00918	0.00651	0.00456	0.00379	0.00114	0.00415	0.00342	0.00381	0.00645
24	0.00786	0.00674	0.00786	0.00562	0.00899	0.00506	0.00449	0.00955	0.00786	0.01236	0.00674	0.00786	0.00562	0.00281	0.00281	0.00056	0.00281	0.00225	0.00225	0.88990
25	0.00462	0.00380	0.00396	0.00399	0.00509	0.00325	0.00290	0.00552	0.00841	0.01021	0.07395	0.08342	0.68698	0.08011	0.00572	0.00149	0.00208	0.00791	0.00345	0.00314
26	0.00528	0.00387	0.00495	0.00468	0.00561	0.00354	0.00351	0.00699	0.01053	0.01472	0.76271	0.02913	0.11443	0.00793	0.00447	0.00120	0.00180	0.00697	0.00411	0.00354
27	0.01014	0.86900	0.01987	0.00649	0.00973	0.01501	0.00649	0.01136	0.00771	0.00892	0.00527	0.00608	0.00487	0.00324	0.00243	0.00081	0.00406	0.00203	0.00162	0.00487
28	0.01514	0.00946	0.01066	0.00817	0.01118	0.01003	0.00675	0.60344	0.01588	0.25363	0.01074	0.01017	0.00727	0.00459	0.00380	0.00115	0.00391	0.00353	0.00405	0.00645
29	0.00523	0.00372	0.00426	0.00441	0.00511	0.00343	0.00311	0.00607	0.00782	0.01039	0.11203	0.15007	0.30311	0.19760	0.00796	0.02742	0.00245	0.05594	0.08684	0.00303
30	0.00544	0.00399	0.00573	0.00573	0.00628	0.00454	0.00428	0.00654	0.00599	0.00853	0.01050	0.01676	0.01029	0.18611	0.69513	0.00564	0.00894	0.00434	0.00208	0.00318
31	0.01178	0.04111	0.00983	0.00778	0.00985	0.13769	0.00614	0.44087	0.01296	0.01656	0.00941	0.03045	0.02467	0.09926	0.03901	0.06625	0.02472	0.00372	0.00299	0.00497
32	0.00922	0.00819	0.01242	0.16682	0.38081	0.00843	0.02195	0.08837	0.05369	0.02716	0.02903	0.01005	0.00691	0.00376	0.00380	0.00109	0.01871	0.00336	0.00229	0.14395
33	0.00965	0.04710	0.01385	0.13005	0.52474	0.08847	0.01020	0.03668	0.06620	0.01214	0.00799	0.00984	0.01894	0.00373	0.00369	0.00113	0.00462	0.00337	0.00207	0.00554
34	0.00536	0.00414	0.00486	0.03745	0.00631	0.00395	0.00358	0.01696	0.05486	0.01083	0.14427	0.17829	0.35667	0.10108	0.00660	0.04834	0.00242	0.00738	0.00334	0.00329
35	0.89350	0.00733	0.00557	0.00499	0.00733	0.00851	0.00411	0.01115	0.00645	0.01702	0.00528	0.00616	0.00411	0.00352	0.00235	0.00117	0.00293	0.00205	0.00235	0.00411
36	0.00725	0.00683	0.01153	0.82641	0.05666	0.00845	0.01057	0.00976	0.00762	0.00979	0.00676	0.01008	0.00509	0.00378	0.00379	0.00126	0.00504	0.00337	0.00169	0.00428
37	0.00716	0.00674	0.01138	0.85760	0.02612	0.00843	0.01053	0.00969	0.00758	0.00969	0.00674	0.01011	0.00506	0.00379	0.00379	0.00126	0.00506	0.00337	0.00169	0.00421
38	0.00769	0.00728	0.01233	0.65993	0.21967	0.00856	0.01079	0.01015	0.00783	0.01033	0.00683	0.00994	0.00528	0.00369	0.00378	0.00123	0.00493	0.00337	0.00173	0.00464
39	0.01392	0.01038	0.01110	0.00863	0.01157	0.01153	0.00709	0.75032	0.09872	0.02311	0.00973	0.00960	0.00696	0.00461	0.00380	0.00115	0.00406	0.00350	0.00380	0.00641
40	0.00659	0.00329	0.00494	0.00494	0.00494	0.00329	0.00329	0.00494	0.00494	0.00659	0.00659	0.01153	0.00659	0.01318	0.01482	0.88966	0.00329	0.00329	0.00165	0.00165
41	0.00450	0.00384	0.00387	0.00387	0.00514	0.00321	0.00290	0.00549	0.00870	0.01037	0.05833	0.03630	0.82153	0.00956	0.00448	0.00128	0.00192	0.00798	0.00354	0.00321
42	0.00458	0.00383	0.00399	0.00399	0.00519	0.00324	0.00298	0.00562	0.00882	0.01076	0.12366	0.06448	0.72687	0.00949	0.00449	0.00128	0.00192	0.00798	0.00359	0.00324
43	0.00786	0.00674	0.00786	0.00562	0.00899	0.00506	0.00449	0.00955	0.00786	0.01236	0.00674	0.00786	0.00562	0.00281	0.00281	0.00056	0.00281	0.00225	0.00225	0.88990
44	0.00509	0.00399	0.00464	0.00453	0.00558	0.00361	0.00337	0.00679	0.04136	0.01273	0.40973	0.09104	0.37631	0.00873	0.00448	0.00126	0.00192	0.00753	0.00384	0.00348
45	0.00895	0.01023	0.02238	0.01598	0.01982	0.00959	0.82928	0.01215	0.00895	0.01215	0.00767	0.01023	0.00575	0.00320	0.00448	0.00128	0.00639	0.00448	0.00192	0.00512
46	0.00686	0.00466	0.00551	0.00550	0.00631	0.00480	0.00386	0.02552	0.15700	0.06111	0.03305	0.32967	0.01714	0.21698	0.04050	0.00210	0.00307	0.00692	0.06569	0.00374
47	0.00585	0.00396	0.00491	0.00484	0.00579	0.00359	0.00354	0.00722	0.02049	0.06940	0.36825	0.23258	0.20853	0.03741	0.00500	0.00138	0.00210	0.00778	0.00384	0.00356
48	0.01304	0.00974	0.01039	0.00813	0.01092	0.01069	0.00666	0.69394	0.06301	0.02195	0.01269	0.01240	0.09859	0.00514	0.00387	0.00116	0.00386	0.00397	0.00377	0.00607
49	0.71892	0.00779	0.00661	0.00564	0.00812	0.00886	0.00465	0.13592	0.00839	0.05690	0.00632	0.00692	0.00471	0.00373	0.00264	0.00117	0.00314	0.00234	0.00268	0.00457
50	0.00516	0.00389	0.00455	0.00474	0.00545	0.00364	0.00331	0.01671	0.03600	0.01067	0.14319	0.29461	0.26701	0.15897	0.00716	0.00177	0.00239	0.02415	0.00342	0.00320
51	0.00680	0.00529	0.00615	0.00599	0.00734	0.00543	0.00473	0.04100	0.21770	0.02494	0.18529	0.09229	0.19607	0.00821	0.00447	0.00138	0.00262	0.17634	0.00376	0.00420
52	0.00472	0.00334	0.00437	0.00515	0.00535	0.00315	0.00339	0.00531	0.00707	0.00943	0.01992	0.77191	0.02384	0.10591	0.00643	0.00178	0.00236	0.01020	0.00339	0.00299
53	0.00515	0.00356	0.00441	0.00472	0.00530	0.00330	0.00332	0.00550	0.00720	0.00927	0.02286	0.30129	0.29454	0.04273	0.04202	0.18402	0.00274	0.03028	0.02496	0.00283
54	0.00621	0.00414	0.00524	0.00515	0.00591	0.00419	0.00370	0.00753	0.04760	0.05990	0.09330	0.11906	0.12370	0.19835	0.22915	0.04158	0.00465	0.00588	0.03142	0.00335
55	0.00468	0.00340	0.00440	0.00513	0.00548	0.00314	0.00348	0.00542	0.00752	0.00995	0.05780	0.72692	0.09820	0.02806	0.00508	0.00155	0.00220	0.02097	0.00352	0.00310
56	0.77799	0.00777	0.00634	0.00548	0.00792	0.00894	0.00451	0.11880	0.00795	0.01792	0.00578	0.00655	0.00442	0.00366	0.00254	0.00117	0.00310	0.00223	0.00254	0.00442
57	0.03238	0.00699	0.00796	0.00712	0.00856	0.04549	0.01946	0.19328	0.10424	0.03306	0.02170	0.10312	0.03025	0.06483	0.12415	0.05265	0.05390	0.07256	0.01392	0.00439
58	0.02918	0.00697	0.00887	0.07424	0.08378	0.04574	0.04829	0.11762	0.02851	0.15981	0.09966	0.05546	0.07087	0.01806	0.00405	0.00120	0.00345	0.01677	0.12264	0.00483
59	0.03957	0.00444	0.00523	0.00572	0.06550	0.00402	0.00395	0.00687	0.00905	0.02834	0.20297	0.03157	0.51436	0.00849	0.00438	0.00127	0.00224	0.05494	0.00352	0.00360
60	0.01157	0.30400	0.09438	0.00818	0.02715	0.08079	0.00739	0.26073	0.07051	0.05449	0.00913	0.00939	0.03825	0.00418	0.00331	0.00104	0.00428	0.00306	0.00269	0.00549
61	0.01803	0.06794	0.02124	0.06441	0.21407	0.05751	0.08985	0.07892	0.05616	0.03945	0.03722	0.04596	0.08511	0.03112	0.02558	0.00138	0.04249	0.00427	0.00252	0.01676
62	0.13201	0.09073	0.00709	0.00587	0.00704	0.11687	0.00442	0.01716	0.00786	0.01088	0.06429	0.33810	0.05506	0.04914	0.03007	0.03475	0.00344	0.01880	0.00283	0.00357
63	0.06901	0.00436	0.00561	0.03881	0.04204	0.00437	0.00454	0.00688	0.00776	0.01082	0.08743	0.23272	0.15458	0.05851	0.05653	0.05087	0.00323	0.15549	0.00309	0.00335

[dist]
# distance from previous block
# <min> <max>
4	36

[block]
# block no. 2 follows, 72 sequences, length 71
# corresponding to MSA columns:
# 293-363
name=unknown_C
#
# <colnr> <probs for GDERKNQSTAVLIFYWHMCP>
#	G	D	E	R	K	N	Q	S	T	A	V	L	I	F	Y	W	H	M	C	P
0	0.00805	0.02737	0.04330	0.02031	0.08164	0.07161	0.05439	0.06508	0.08842	0.04260	0.16458	0.12076	0.15211	0.01714	0.00433	0.00126	0.00340	0.01558	0.00319	0.01487
1	0.01200	0.16155	0.01230	0.02227	0.04623	0.47810	0.00731	0.04898	0.00960	0.01002	0.00619	0.00765	0.00532	0.00544	0.05084	0.00132	0.09513	0.00266	0.01257	0.00454
2	0.00474	0.00356	0.00442	0.00501	0.00559	0.00324	0.00356	0.00562	0.00791	0.01023	0.06610	0.54015	0.24072	0.01097	0.00476	0.00147	0.00221	0.07303	0.00355	0.00317
3	0.05187	0.00750	0.00890	0.02073	0.09947	0.03945	0.02805	0.09131	0.23116	0.02731	0.05057	0.06742	0.02865	0.04607	0.06994	0.00165	0.00398	0.01440	0.00300	0.10857
4	0.00988	0.01771	0.01005	0.09630	0.10229	0.03926	0.03655	0.15005	0.24507	0.07096	0.06525	0.08595	0.02217	0.02603	0.00432	0.00129	0.00372	0.00463	0.00325	0.00529
5	0.00456	0.00352	0.00417	0.00468	0.00534	0.00313	0.00326	0.00535	0.00783	0.00991	0.02816	0.52144	0.36320	0.01094	0.00469	0.00143	0.00208	0.00963	0.00352	0.00313
6	0.00984	0.00803	0.00858	0.00762	0.00980	0.00916	0.00595	0.04288	0.75148	0.05640	0.03648	0.01431	0.01195	0.00517	0.00387	0.00127	0.00301	0.00431	0.00391	0.00598
7	0.05787	0.00456	0.00534	0.00513	0.00597	0.00462	0.00368	0.05568	0.03632	0.04571	0.08606	0.09569	0.09956	0.22902	0.04895	0.13230	0.00332	0.04267	0.03429	0.00327
8	0.03304	0.00442	0.00508	0.00484	0.00586	0.00455	0.00363	0.04756	0.04682	0.04136	0.12501	0.05385	0.04303	0.07512	0.11134	0.03555	0.00332	0.01383	0.33809	0.00369
9	0.00552	0.00368	0.00414	0.00414	0.00414	0.00368	0.00230	0.00552	0.00552	0.00735	0.01195	0.02482	0.01379	0.86672	0.01930	0.00368	0.00368	0.00552	0.00230	0.00230
10	0.17479	0.00437	0.00458	0.00469	0.00525	0.00457	0.00306	0.00686	0.02509	0.01002	0.01319	0.24871	0.01495	0.45052	0.01179	0.00257	0.00312	0.00626	0.00267	0.00294
11	0.00642	0.00484	0.00560	0.00551	0.00647	0.00493	0.00399	0.06805	0.13876	0.01232	0.14519	0.26887	0.12453	0.13221	0.00672	0.01506	0.00263	0.02999	0.01414	0.00376
12	0.00462	0.00330	0.00440	0.00528	0.00550	0.00308	0.00352	0.00528	0.00726	0.00968	0.02090	0.86424	0.02508	0.01188	0.00484	0.00154	0.00220	0.01078	0.00352	0.00308
13	0.00506	0.00386	0.00464	0.00445	0.00548	0.00345	0.00334	0.00656	0.01001	0.01348	0.56089	0.03118	0.31703	0.00840	0.00448	0.00122	0.00184	0.00726	0.00395	0.00345
14	0.00578	0.00387	0.00457	0.00472	0.00505	0.00381	0.00300	0.00652	0.03899	0.03589	0.01597	0.23938	0.05615	0.52060	0.01338	0.00279	0.00317	0.03065	0.00284	0.00286
15	0.00598	0.00397	0.00493	0.00530	0.00582	0.00387	0.00363	0.06363	0.00795	0.03639	0.01817	0.61271	0.02078	0.11407	0.00632	0.00171	0.00252	0.00887	0.07004	0.00336
16	0.00746	0.00380	0.00386	0.00375	0.00473	0.00382	0.00284	0.03421	0.00830	0.02784	0.01231	0.01396	0.00961	0.00443	0.00270	0.00090	0.00186	0.00354	0.84641	0.00367
17	0.01687	0.00669	0.00894	0.00686	0.00980	0.00592	0.00566	0.06357	0.01124	0.80005	0.01464	0.01270	0.00922	0.00469	0.00381	0.00117	0.00328	0.00379	0.00464	0.00645
18	0.00943	0.00815	0.00858	0.00772	0.00986	0.00943	0.00600	0.02015	0.83621	0.01586	0.01544	0.01415	0.01158	0.00515	0.00386	0.00129	0.00300	0.00429	0.00386	0.00600
19	0.00895	0.01023	0.02238	0.01598	0.01982	0.00959	0.82928	0.01215	0.00895	0.01215	0.00767	0.01023	0.00575	0.00320	0.00448	0.00128	0.00639	0.00448	0.00192	0.00512
20	0.01014	0.86900	0.01987	0.00649	0.00973	0.01501	0.00649	0.01136	0.00771	0.00892	0.00527	0.00608	0.00487	0.00324	0.00243	0.00081	0.00406	0.00203	0.00162	0.00487
21	0.00448	0.00384	0.00384	0.00384	0.00512	0.00320	0.00288	0.00544	0.00864	0.01025	0.03842	0.03650	0.84152	0.00960	0.00448	0.00128	0.00192	0.00800	0.00352	0.00320
22	0.01702	0.00645	0.00880	0.00675	0.00968	0.00557	0.00557	0.01848	0.01085	0.84568	0.01496	0.01291	0.00939	0.00469	0.00381	0.00117	0.00323	0.00381	0.00469	0.00645
23	0.00537	0.00388	0.00507	0.00477	0.00567	0.00358	0.00358	0.00716	0.01074	0.01521	0.84106	0.02833	0.03578	0.00775	0.00447	0.00119	0.00179	0.00686	0.00417	0.00358
24	0.01014	0.86900	0.01987	0.00649	0.00973	0.01501	0.00649	0.01136	0.00771	0.00892	0.00527	0.00608	0.00487	0.00324	0.00243	0.00081	0.00406	0.00203	0.00162	0.00487
25	0.89350	0.00733	0.00557	0.00499	0.00733	0.00851	0.00411	0.01115	0.00645	0.01702	0.00528	0.00616	0.00411	0.00352	0.00235	0.00117	0.00293	0.00205	0.00235	0.00411
26	0.00659	0.00329	0.00494	0.00494	0.00494	0.00329	0.00329	0.00494	0.00494	0.00659	0.00659	0.01153	0.00659	0.01318	0.01482	0.88966	0.00329	0.00329	0.00165	0.00165
27	0.01694	0.00658	0.00888	0.00681	0.00975	0.00576	0.00562	0.04340	0.01107	0.82046	0.01478	0.01279	0.00930	0.00469	0.00381	0.00117	0.00326	0.00380	0.00467	0.00645
28	0.00462	0.00330	0.00440	0.00528	0.00550	0.00308	0.00352	0.00528	0.00726	0.00968	0.02090	0.86424	0.02508	0.01188	0.00484	0.00154	0.00220	0.01078	0.00352	0.00308
29	0.00937	0.01077	0.16005	0.00839	0.01115	0.05608	0.00752	0.01840	0.64087	0.01480	0.01335	0.01263	0.00998	0.00480	0.00379	0.00125	0.00368	0.00392	0.00335	0.00584
30	0.00513	0.00384	0.00402	0.00407	0.00517	0.00340	0.00301	0.01946	0.00859	0.01125	0.06096	0.12657	0.56303	0.00883	0.00420	0.00124	0.00196	0.00744	0.15451	0.00331
31	0.00468	0.00334	0.00447	0.00535	0.00559	0.00313	0.00362	0.00538	0.00732	0.00975	0.02087	0.83259	0.02496	0.01183	0.00486	0.00155	0.00225	0.04186	0.00352	0.00310
32	0.01415	0.01042	0.01115	0.00859	0.01156	0.01154	0.00709	0.79495	0.03586	0.02352	0.00932	0.00932	0.00663	0.00456	0.00377	0.00114	0.00410	0.00344	0.02252	0.00638
33	0.00881	0.00959	0.11845	0.06403	0.32961	0.00797	0.05245	0.02941	0.01934	0.03033	0.00722	0.00896	0.00579	0.00348	0.00388	0.00102	0.04058	0.00306	0.00206	0.25395
34	0.00904	0.10576	0.39094	0.03239	0.04000	0.05211	0.18069	0.05121	0.02121	0.02475	0.00714	0.00851	0.00535	0.00354	0.00363	0.00113	0.00533	0.00312	0.00192	0.05225
35	0.05127	0.00927	0.00999	0.00779	0.01061	0.04093	0.00639	0.50777	0.01471	0.23467	0.01053	0.01018	0.00724	0.00451	0.00366	0.00113	0.00384	0.00343	0.05598	0.00610
36	0.00461	0.00332	0.00438	0.00522	0.00549	0.00309	0.00349	0.00529	0.00732	0.00970	0.02163	0.83003	0.05883	0.01179	0.00483	0.00153	0.00219	0.01067	0.00352	0.00309
37	0.01399	0.01038	0.01115	0.00854	0.01158	0.01136	0.00704	0.77379	0.02934	0.02315	0.00907	0.00911	0.00648	0.00447	0.00374	0.00111	0.00408	0.00336	0.00371	0.05454
38	0.00544	0.00397	0.00563	0.00563	0.00614	0.00449	0.00416	0.00647	0.00596	0.00846	0.01059	0.01728	0.01051	0.22924	0.65230	0.00552	0.00861	0.00441	0.00210	0.00313
39	0.01695	0.00655	0.00886	0.00680	0.00973	0.00572	0.00561	0.03797	0.01102	0.82596	0.01482	0.01282	0.00932	0.00469	0.00381	0.00117	0.00325	0.00380	0.00467	0.00645
40	0.01448	0.01053	0.01132	0.00868	0.01171	0.01162	0.00717	0.81191	0.01767	0.04262	0.00924	0.00919	0.00652	0.00456	0.00379	0.00114	0.00415	0.00342	0.00381	0.00645
41	0.00943	0.00815	0.00858	0.00772	0.00986	0.00943	0.00600	0.02015	0.83621	0.01586	0.01544	0.01415	0.01158	0.00515	0.00386	0.00129	0.00300	0.00429	0.00386	0.00600
42	0.01702	0.00645	0.00880	0.00675	0.00968	0.00557	0.00557	0.01848	0.01085	0.84568	0.01496	0.01291	0.00939	0.00469	0.00381	0.00117	0.00323	0.00381	0.00469	0.00645
43	0.00895	0.01023	0.02238	0.01598	0.01982	0.00959	0.82928	0.01215	0.00895	0.01215	0.00767	0.01023	0.00575	0.00320	0.00448	0.00128	0.00639	0.00448	0.00192	0.00512
44	0.00943	0.00815	0.00858	0.00772	0.00986	0.00943	0.00600	0.02015	0.83621	0.01586	0.01544	0.01415	0.01158	0.00515	0.00386	0.00129	0.00300	0.00429	0.00386	0.00600
45	0.00485	0.00382	0.00437	0.00433	0.00539	0.00335	0.00323	0.00611	0.00933	0.01207	0.33664	0.09136	0.47205	0.00908	0.00451	0.00127	0.00191	0.01920	0.00377	0.00334
46	0.89350	0.00733	0.00557	0.00499	0.00733	0.00851	0.00411	0.01115	0.00645	0.01702	0.00528	0.00616	0.00411	0.00352	0.00235	0.00117	0.00293	0.00205	0.00235	0.00411
47	0.00472	0.00353	0.00442	0.00508	0.00562	0.00322	0.00359	0.00555	0.00773	0.00996	0.02508	0.59121	0.22279	0.01121	0.00479	0.00150	0.00225	0.08111	0.00352	0.00315
48	0.01417	0.01808	0.01075	0.00977	0.01172	0.85149	0.00733	0.01514	0.01075	0.00928	0.00586	0.00684	0.00489	0.00391	0.00342	0.00098	0.00684	0.00244	0.00195	0.00440
49	0.00811	0.00630	0.00677	0.00626	0.00798	0.00678	0.00490	0.06251	0.39164	0.03705	0.02069	0.05132	0.20836	0.00671	0.00401	0.00127	0.00270	0.06581	0.09599	0.00483
50	0.89350	0.00733	0.00557	0.00499	0.00733	0.00851	0.00411	0.01115	0.00645	0.01702	0.00528	0.00616	0.00411	0.00352	0.00235	0.00117	0.00293	0.00205	0.00235	0.00411
51	0.00542	0.00406	0.00605	0.00605	0.00672	0.00472	0.00469	0.00675	0.00608	0.00877	0.01020	0.01511	0.00957	0.04656	0.83370	0.00604	0.01002	0.00409	0.00204	0.00336
52	0.00552	0.00368	0.00414	0.00414	0.00414	0.00368	0.00230	0.00552	0.00552	0.00735	0.01195	0.02482	0.01379	0.86672	0.01930	0.00368	0.00368	0.00552	0.00230	0.00230
53	0.00736	0.00551	0.00658	0.00655	0.00769	0.00577	0.00503	0.15891	0.11909	0.01359	0.04129	0.41094	0.01956	0.00926	0.00459	0.00146	0.00291	0.16610	0.00363	0.00418
54	0.01442	0.01062	0.01138	0.00873	0.01176	0.01176	0.00721	0.83041	0.01783	0.02390	0.00911	0.00911	0.00645	0.00455	0.00379	0.00114	0.00417	0.00341	0.00379	0.00645
55	0.00552	0.00368	0.00414	0.00414	0.00414	0.00368	0.00230	0.00552	0.00552	0.00735	0.01195	0.02482	0.01379	0.86672	0.01930	0.00368	0.00368	0.00552	0.00230	0.00230
56	0.00969	0.00828	0.00872	0.00777	0.00996	0.00955	0.00607	0.06253	0.79340	0.01629	0.01510	0.01389	0.01131	0.00511	0.00386	0.00128	0.00306	0.00424	0.00386	0.00603
57	0.00486	0.00382	0.00439	0.00433	0.00537	0.00335	0.00322	0.00614	0.00942	0.01227	0.37052	0.09093	0.44987	0.00900	0.00450	0.00126	0.00189	0.00772	0.00379	0.00335
58	0.00551	0.00368	0.00417	0.00417	0.00418	0.00370	0.00234	0.00554	0.00553	0.00738	0.01192	0.02465	0.01371	0.85211	0.03380	0.00372	0.00379	0.00549	0.00229	0.00232
59	0.00461	0.00334	0.00436	0.00517	0.00547	0.00309	0.00347	0.00529	0.00737	0.00972	0.02225	0.80073	0.08773	0.01171	0.00481	0.00152	0.00218	0.01057	0.00352	0.00309
60	0.01552	0.00838	0.00951	0.00750	0.01032	0.06645	0.00611	0.20525	0.08808	0.52210	0.01302	0.01172	0.00860	0.00465	0.00379	0.00116	0.00368	0.00367	0.00422	0.00627
61	0.00503	0.00349	0.00437	0.00490	0.00506	0.00337	0.00315	0.00548	0.00663	0.00883	0.01734	0.49994	0.02050	0.34834	0.01055	0.00239	0.00283	0.04196	0.00304	0.00279
62	0.01375	0.01518	0.01097	0.06871	0.01274	0.55607	0.00752	0.24440	0.01252	0.01343	0.00684	0.00771	0.00534	0.00408	0.00355	0.00104	0.00596	0.00278	0.00245	0.00496
63	0.03101	0.01056	0.01127	0.00866	0.01168	0.01170	0.00715	0.81495	0.01762	0.02377	0.00903	0.00905	0.00641	0.00453	0.00377	0.00114	0.00415	0.00339	0.00377	0.00641
64	0.12535	0.04231	0.02157	0.00757	0.04849	0.08795	0.00589	0.17889	0.01023	0.07300	0.00749	0.00816	0.00576	0.00355	0.00312	0.00089	0.00368	0.00264	0.00267	0.36080
65	0.03503	0.45991	0.28933	0.00922	0.07008	0.01219	0.00934	0.01147	0.00773	0.01042	0.00589	0.00706	0.00491	0.00356	0.00344	0.00102	0.05018	0.00245	0.00166	0.00513
66	0.00544	0.00364	0.00416	0.00424	0.00426	0.00362	0.00241	0.00549	0.00567	0.00756	0.01274	0.09846	0.01478	0.79172	0.01803	0.00349	0.00355	0.00598	0.00241	0.00237
67	0.01240	0.00563	0.00744	0.00635	0.00841	0.00512	0.00517	0.03411	0.02052	0.48662	0.06680	0.03319	0.05222	0.06651	0.00523	0.00146	0.00314	0.15692	0.01756	0.00519
68	0.01377	0.03991	0.01163	0.01003	0.01212	0.78285	0.05295	0.01488	0.01057	0.00943	0.00595	0.00701	0.00493	0.00385	0.00345	0.00099	0.00674	0.00254	0.00194	0.00445
69	0.00934	0.00875	0.01435	0.14343	0.62701	0.00924	0.01102	0.06606	0.00896	0.01261	0.00710	0.00942	0.00585	0.00368	0.00419	0.00117	0.04679	0.00338	0.00197	0.00568
70	0.00570	0.00441	0.00674	0.00730	0.06520	0.00504	0.00522	0.00711	0.00627	0.00905	0.00995	0.01451	0.00924	0.02669	0.79245	0.00575	0.00976	0.00402	0.00202	0.00357

[dist]
# distance from previous block
# <min> <max>
0	13

[block]
# block no. 3 follows, 72 sequences, length 20
# corresponding to MSA columns:
# 377-396
name=unknown_D
#
# <colnr> <probs for GDERKNQSTAVLIFYWHMCP>
#	G	D	E	R	K	N	Q	S	T	A	V	L	I	F	Y	W	H	M	C	P
0	0.00507	0.00377	0.00435	0.00435	0.00510	0.00344	0.00304	0.00593	0.00818	0.01064	0.22862	0.08156	0.33606	0.22815	0.00858	0.02551	0.00243	0.02885	0.00332	0.00302
1	0.03940	0.03610	0.03907	0.00849	0.01140	0.01104	0.02105	0.58336	0.15581	0.02096	0.01011	0.02873	0.00755	0.00469	0.00375	0.00117	0.00398	0.00364	0.00358	0.00613
2	0.00484	0.00347	0.00448	0.00517	0.00550	0.00326	0.00353	0.00557	0.00740	0.00981	0.05586	0.63715	0.07006	0.10294	0.00638	0.00175	0.00241	0.06395	0.00342	0.00305
3	0.43492	0.02423	0.00813	0.00701	0.03071	0.07502	0.00557	0.20800	0.00999	0.04209	0.00790	0.01038	0.00652	0.00438	0.00313	0.00116	0.00365	0.07165	0.00280	0.04276
4	0.36323	0.00935	0.04923	0.00925	0.01225	0.02277	0.24265	0.15493	0.02389	0.04305	0.02021	0.01946	0.00608	0.00385	0.00342	0.00120	0.00431	0.00331	0.00258	0.00497
5	0.00542	0.00405	0.00603	0.00603	0.00669	0.00471	0.00466	0.00673	0.00608	0.00876	0.01022	0.01522	0.00962	0.05564	0.82468	0.00602	0.00995	0.00411	0.00204	0.00335
6	0.00501	0.00356	0.00474	0.00554	0.00588	0.00340	0.00396	0.00584	0.00742	0.00983	0.01997	0.62039	0.02344	0.08406	0.00615	0.00176	0.00260	0.17992	0.00341	0.00310
7	0.00893	0.00816	0.01199	0.14171	0.33048	0.03888	0.05263	0.04541	0.14607	0.02893	0.03441	0.01303	0.05328	0.00556	0.03964	0.01326	0.00448	0.01542	0.00250	0.00523
8	0.00582	0.00389	0.00458	0.00461	0.00478	0.00393	0.00282	0.03059	0.02181	0.00831	0.01275	0.14521	0.01449	0.61402	0.02942	0.07840	0.00354	0.00598	0.00249	0.00257
9	0.01000	0.00539	0.00667	0.00581	0.00711	0.00548	0.00437	0.13746	0.06069	0.17138	0.01020	0.01252	0.00817	0.04428	0.00874	0.35982	0.00319	0.00360	0.13122	0.00389
10	0.79922	0.00769	0.00620	0.00539	0.00781	0.00886	0.00444	0.09902	0.00767	0.01775	0.00569	0.00648	0.00436	0.00363	0.00250	0.00117	0.00307	0.00220	0.00250	0.00436
11	0.00620	0.00392	0.00491	0.00487	0.00554	0.00377	0.00344	0.00681	0.05030	0.04147	0.07953	0.12050	0.20461	0.09494	0.03234	0.29163	0.00291	0.01588	0.02353	0.00291
12	0.00635	0.00411	0.00526	0.00540	0.00635	0.00383	0.00415	0.00778	0.02153	0.08643	0.20625	0.24922	0.14448	0.03161	0.00500	0.00147	0.00247	0.17745	0.02724	0.00364
13	0.00543	0.00402	0.00590	0.00590	0.00650	0.00463	0.00449	0.00664	0.00604	0.00866	0.01034	0.01591	0.00992	0.11356	0.76716	0.00585	0.00950	0.00421	0.00206	0.00328
14	0.00669	0.00491	0.00579	0.00628	0.00694	0.00437	0.00430	0.00702	0.00900	0.01200	0.09046	0.55847	0.18166	0.04590	0.00609	0.00188	0.00289	0.03710	0.00412	0.00413
15	0.00720	0.00437	0.00538	0.00521	0.00635	0.00400	0.00384	0.04245	0.00908	0.14800	0.14049	0.31364	0.22558	0.04778	0.00515	0.00145	0.00241	0.02000	0.00376	0.00385
16	0.02598	0.00404	0.00484	0.00472	0.00574	0.00374	0.00357	0.00702	0.02999	0.01344	0.50282	0.08227	0.24743	0.00845	0.00447	0.00126	0.00198	0.04084	0.00388	0.00352
17	0.00943	0.00815	0.00858	0.00772	0.00986	0.00943	0.00600	0.02015	0.83621	0.01586	0.01544	0.01415	0.01158	0.00515	0.00386	0.00129	0.00300	0.00429	0.00386	0.00600
18	0.07513	0.00438	0.00512	0.00497	0.00610	0.00413	0.00367	0.00816	0.02555	0.11000	0.21165	0.22461	0.19953	0.07017	0.00536	0.00147	0.00236	0.01828	0.01565	0.00371
19	0.02950	0.00402	0.00540	0.00544	0.00616	0.00424	0.00403	0.00691	0.00706	0.04059	0.09334	0.16923	0.06938	0.10560	0.41492	0.00387	0.00619	0.00586	0.01489	0.00336

[dist]
# distance from previous block
# <min> <max>
1	2

[block]
# block no. 4 follows, 72 sequences, length 10
# corresponding to MSA columns:
# 399-408
name=unknown_E
#
# <colnr> <probs for GDERKNQSTAVLIFYWHMCP>
#	G	D	E	R	K	N	Q	S	T	A	V	L	I	F	Y	W	H	M	C	P
0	0.00540	0.00370	0.00461	0.00489	0.00521	0.00365	0.00331	0.00600	0.00685	0.00926	0.07772	0.21583	0.04473	0.38301	0.06794	0.02836	0.00350	0.09674	0.02647	0.00282
1	0.03789	0.00465	0.00556	0.00626	0.07936	0.02419	0.00373	0.00716	0.00666	0.02704	0.03774	0.10692	0.01366	0.47598	0.06534	0.00285	0.00381	0.00541	0.08266	0.00313
2	0.00763	0.00650	0.00805	0.00818	0.08689	0.00694	0.02797	0.01347	0.38629	0.01431	0.22705	0.02047	0.10423	0.00697	0.03135	0.00142	0.00306	0.03073	0.00359	0.00491
3	0.00920	0.00883	0.03126	0.13007	0.22326	0.05334	0.03542	0.06942	0.11951	0.01303	0.00812	0.00952	0.00643	0.00369	0.00369	0.00102	0.02073	0.00316	0.00235	0.24796
4	0.00761	0.01962	0.84707	0.01081	0.01641	0.00881	0.01401	0.01201	0.00801	0.01201	0.00681	0.00801	0.00480	0.00360	0.00360	0.00120	0.00560	0.00280	0.00160	0.00560
5	0.04324	0.29908	0.09959	0.09943	0.08070	0.12759	0.03045	0.01162	0.03511	0.01039	0.02109	0.00849	0.00600	0.00524	0.05213	0.00135	0.05900	0.00284	0.00187	0.00476
6	0.00762	0.00657	0.00850	0.10673	0.06713	0.00558	0.00573	0.00945	0.00812	0.01217	0.05999	0.01164	0.00846	0.00374	0.00324	0.00079	0.00316	0.05224	0.00235	0.61679
7	0.02225	0.02502	0.06933	0.05649	0.04610	0.06233	0.00648	0.05938	0.08676	0.03472	0.02668	0.11077	0.01019	0.04848	0.04950	0.00152	0.06130	0.03522	0.00262	0.18488
8	0.00937	0.09244	0.03109	0.12239	0.09143	0.06192	0.02994	0.06816	0.03409	0.06448	0.05498	0.02480	0.02180	0.03993	0.00616	0.00134	0.18510	0.01813	0.00239	0.04007
9	0.06219	0.11839	0.10278	0.02352	0.05760	0.00802	0.01911	0.07787	0.04496	0.05561	0.04089	0.20300	0.03584	0.00652	0.01637	0.00131	0.07247	0.00505	0.02550	0.02299

[dist]
# distance from previous block
# <min> <max>
0	54

[block]
# block no. 5 follows, 72 sequences, length 81
# corresponding to MSA columns:
# 471-551
name=unknown_F
#
# <colnr> <probs for GDERKNQSTAVLIFYWHMCP>
#	G	D	E	R	K	N	Q	S	T	A	V	L	I	F	Y	W	H	M	C	P
0	0.14886	0.07919	0.06041	0.04543	0.08376	0.16776	0.00706	0.10548	0.06448	0.08001	0.03644	0.00958	0.00719	0.00550	0.05397	0.00139	0.00471	0.00308	0.00259	0.03309
1	0.00837	0.11256	0.02402	0.02042	0.10518	0.01963	0.00595	0.08090	0.13384	0.01119	0.01029	0.09868	0.02173	0.06947	0.00791	0.21215	0.04686	0.00428	0.00246	0.00411
2	0.04010	0.06743	0.05768	0.06160	0.06882	0.08604	0.11865	0.11233	0.10764	0.05930	0.00896	0.02072	0.01591	0.00468	0.00509	0.00125	0.13583	0.02028	0.00252	0.00515
3	0.07073	0.13809	0.04982	0.02025	0.01155	0.04731	0.03405	0.42489	0.04847	0.10540	0.00885	0.00898	0.00640	0.00420	0.00350	0.00110	0.00419	0.00316	0.00320	0.00584
4	0.00501	0.00381	0.00458	0.00504	0.00568	0.00359	0.00351	0.01685	0.05058	0.01049	0.05734	0.54477	0.23107	0.03273	0.00504	0.00150	0.00222	0.00936	0.00354	0.00331
5	0.05514	0.00701	0.01017	0.06714	0.31572	0.00720	0.01552	0.04746	0.08425	0.06321	0.09842	0.06883	0.07704	0.02750	0.01528	0.00135	0.00364	0.02730	0.00285	0.00498
6	0.05278	0.06506	0.02400	0.00875	0.04354	0.17965	0.02578	0.08848	0.13479	0.05371	0.00907	0.02749	0.00756	0.01943	0.13988	0.00201	0.10716	0.00350	0.00255	0.00481
7	0.00531	0.00399	0.00493	0.00467	0.00568	0.00366	0.00351	0.00718	0.03272	0.01427	0.66411	0.02952	0.19027	0.00804	0.00446	0.00121	0.00185	0.00701	0.00404	0.00357
8	0.00543	0.00403	0.00592	0.00592	0.00653	0.00464	0.00452	0.00666	0.00604	0.00867	0.01032	0.01580	0.00987	0.10435	0.77632	0.00588	0.00957	0.00419	0.00206	0.00329
9	0.00870	0.03354	0.04055	0.26408	0.20751	0.02575	0.04707	0.07971	0.03112	0.02130	0.03913	0.04659	0.00772	0.00513	0.02353	0.00136	0.10628	0.00383	0.00219	0.00490
10	0.02356	0.00890	0.00964	0.00935	0.11288	0.08222	0.00657	0.30061	0.12381	0.09249	0.01116	0.07051	0.00891	0.00493	0.00367	0.00114	0.00374	0.00399	0.11640	0.00552
11	0.00584	0.00405	0.00521	0.00569	0.00616	0.00405	0.00437	0.00679	0.00726	0.00953	0.01637	0.03459	0.01816	0.40110	0.01165	0.00263	0.00358	0.44708	0.00295	0.00295
12	0.02775	0.00420	0.00555	0.00616	0.06185	0.00423	0.00404	0.00639	0.00683	0.00932	0.04786	0.09208	0.16365	0.19822	0.20296	0.11623	0.00463	0.03242	0.00256	0.00308
13	0.04485	0.01042	0.07468	0.06633	0.41026	0.07666	0.16169	0.01189	0.00853	0.03023	0.00704	0.00916	0.00566	0.00368	0.00438	0.00119	0.06261	0.00342	0.00193	0.00539
14	0.00534	0.00391	0.00488	0.00464	0.00564	0.00354	0.00350	0.00696	0.01028	0.02423	0.65343	0.03005	0.19926	0.00814	0.00448	0.00122	0.00186	0.02105	0.00404	0.00354
15	0.00474	0.00346	0.00445	0.00511	0.00552	0.00320	0.00351	0.00556	0.00773	0.01024	0.09658	0.65017	0.11538	0.03207	0.00513	0.00154	0.00221	0.03671	0.00355	0.00313
16	0.02315	0.00910	0.01540	0.12032	0.58780	0.02602	0.11176	0.03841	0.00886	0.01243	0.00716	0.00947	0.00583	0.00346	0.00382	0.00116	0.00481	0.00347	0.00193	0.00564
17	0.00462	0.00330	0.00440	0.00528	0.00550	0.00308	0.00352	0.00528	0.00726	0.00968	0.02090	0.86424	0.02508	0.01188	0.00484	0.00154	0.00220	0.01078	0.00352	0.00308
18	0.00870	0.00809	0.04353	0.05675	0.18570	0.00689	0.00700	0.08038	0.00884	0.01314	0.00700	0.00843	0.00570	0.00322	0.00332	0.00081	0.01627	0.00268	0.00224	0.53130
19	0.01415	0.01445	0.01055	0.00901	0.01138	0.51208	0.00699	0.21281	0.03328	0.09465	0.00781	0.00820	0.00590	0.00413	0.00354	0.00103	0.00559	0.00285	0.00273	0.03888
20	0.00529	0.00389	0.00496	0.00475	0.00569	0.00356	0.00360	0.00698	0.01040	0.01445	0.71127	0.02989	0.13259	0.00809	0.00450	0.00123	0.00187	0.03939	0.00407	0.00353
21	0.00867	0.00943	0.01947	0.17477	0.12098	0.00930	0.57638	0.01163	0.00866	0.01172	0.00743	0.01011	0.00565	0.00333	0.00426	0.00126	0.00591	0.00414	0.00187	0.00505
22	0.00954	0.00793	0.03024	0.00801	0.04281	0.00836	0.01503	0.19965	0.36909	0.03397	0.04642	0.10427	0.08313	0.00613	0.00404	0.00127	0.00322	0.01781	0.00365	0.00542
23	0.00501	0.00347	0.00431	0.00481	0.00495	0.00335	0.00303	0.00540	0.00651	0.00870	0.01700	0.50098	0.02013	0.36950	0.02318	0.00250	0.00293	0.00848	0.00299	0.00276
24	0.00715	0.00456	0.00556	0.00517	0.00656	0.00419	0.00408	0.03818	0.02052	0.12512	0.31983	0.02951	0.28429	0.00806	0.00442	0.00128	0.00234	0.10639	0.01881	0.00397
25	0.02616	0.00414	0.00484	0.00481	0.00579	0.00385	0.00350	0.00734	0.04304	0.05890	0.20879	0.20210	0.28467	0.09833	0.00600	0.00157	0.00231	0.02677	0.00359	0.00350
26	0.00472	0.00377	0.00423	0.00430	0.00532	0.00327	0.00315	0.00584	0.00894	0.01137	0.23218	0.16472	0.51580	0.00951	0.00454	0.00130	0.00193	0.00816	0.00368	0.00327
27	0.00744	0.00713	0.00993	0.00886	0.00892	0.00962	0.00718	0.00823	0.00615	0.00926	0.00870	0.20839	0.00968	0.00786	0.01067	0.00163	0.65930	0.00506	0.00209	0.00390
28	0.00481	0.00341	0.00444	0.00517	0.00542	0.00322	0.00346	0.00545	0.00718	0.00955	0.03415	0.69262	0.03711	0.12333	0.00673	0.00182	0.00243	0.04332	0.00337	0.00301
29	0.00514	0.00402	0.00461	0.00459	0.00557	0.00371	0.00334	0.00684	0.05866	0.01185	0.28082	0.15241	0.36935	0.06535	0.00547	0.00145	0.00210	0.00767	0.00366	0.00341
30	0.01492	0.00914	0.01036	0.00800	0.01094	0.00964	0.00659	0.53738	0.04613	0.27656	0.01120	0.01054	0.00760	0.00462	0.00378	0.00115	0.00380	0.00357	0.01768	0.00639
31	0.00939	0.00901	0.01539	0.02328	0.84306	0.00901	0.01164	0.01164	0.00864	0.01239	0.00713	0.00939	0.00601	0.00338	0.00375	0.00113	0.00451	0.00338	0.00188	0.00601
32	0.00502	0.00366	0.00413	0.00428	0.00475	0.00341	0.00276	0.00550	0.00699	0.00895	0.04852	0.18967	0.27407	0.40853	0.01144	0.00244	0.00279	0.00734	0.00297	0.00277
