[name]
unknown

[dist]
# distance from previous block
# <min> <max>
5	82

[block]
# block no. 0 follows, 73 sequences, length 8
# corresponding to MSA columns:
# 84-91
name=unknown_A
#
# <colnr> <probs for GDERKNQSTAVLIFYWHMCP>
#	G	D	E	R	K	N	Q	S	T	A	V	L	I	F	Y	W	H	M	C	P
0	0.00809	0.00769	0.01307	0.47740	0.39972	0.00860	0.01092	0.01047	0.00798	0.01081	0.00685	0.00968	0.00543	0.00356	0.00373	0.00119	0.00475	0.00334	0.00175	0.00498
1	0.00717	0.00674	0.01126	0.72944	0.10739	0.00812	0.01013	0.00956	0.00766	0.00988	0.00837	0.01131	0.04950	0.00401	0.00378	0.00124	0.00478	0.00358	0.00178	0.00429
2	0.00857	0.00637	0.00850	0.00978	0.19437	0.00645	0.00613	0.01258	0.23098	0.11898	0.16937	0.09513	0.10449	0.00620	0.00406	0.00123	0.00292	0.00543	0.00348	0.00499
3	0.01185	0.04564	0.01010	0.00784	0.00977	0.00823	0.03597	0.12786	0.07007	0.30918	0.03886	0.09387	0.01009	0.00575	0.00576	0.00129	0.19477	0.00435	0.00343	0.00531
4	0.27248	0.01072	0.09155	0.00979	0.01289	0.09150	0.24229	0.15385	0.00977	0.03761	0.00740	0.00912	0.00567	0.00383	0.00351	0.00118	0.00474	0.02470	0.00243	0.00496
5	0.00895	0.00710	0.01099	0.66917	0.02246	0.00845	0.00952	0.10999	0.00906	0.09686	0.00778	0.01016	0.00561	0.00393	0.00375	0.00123	0.00471	0.00338	0.00222	0.00466
6	0.00914	0.00795	0.01175	0.49707	0.15149	0.00921	0.00965	0.19392	0.04894	0.01343	0.00766	0.00985	0.00576	0.00392	0.00375	0.00120	0.00462	0.00339	0.00226	0.00503
7	0.01399	0.01507	0.01058	0.00922	0.01129	0.59507	0.00711	0.13190	0.01135	0.09686	0.00712	0.00779	0.00551	0.00420	0.00402	0.00105	0.05783	0.00275	0.00245	0.00483

[dist]
# distance from previous block
# <min> <max>
6	38

[block]
# block no. 1 follows, 73 sequences, length 17
# corresponding to MSA columns:
# 136-152
name=unknown_B
#
# <colnr> <probs for GDERKNQSTAVLIFYWHMCP>
#	G	D	E	R	K	N	Q	S	T	A	V	L	I	F	Y	W	H	M	C	P
0	0.02049	0.04579	0.08035	0.06357	0.02168	0.04465	0.00629	0.07134	0.06624	0.04946	0.02727	0.09470	0.04181	0.01305	0.28507	0.00279	0.02182	0.00438	0.00255	0.03671
1	0.01039	0.14249	0.17377	0.05136	0.02093	0.17185	0.02786	0.13416	0.04040	0.05301	0.00890	0.10152	0.00774	0.00468	0.00354	0.00110	0.00465	0.00369	0.00245	0.03548
2	0.05955	0.08110	0.03287	0.06036	0.08549	0.07928	0.05539	0.15073	0.09854	0.07948	0.05747	0.05757	0.06584	0.00498	0.00370	0.00115	0.00392	0.00414	0.00293	0.01552
3	0.00687	0.06752	0.03244	0.00611	0.00753	0.04056	0.03282	0.05375	0.02422	0.04433	0.06189	0.33983	0.15971	0.00983	0.06809	0.00164	0.00345	0.00703	0.00313	0.02925
4	0.00623	0.00494	0.00680	0.00685	0.03582	0.02198	0.00510	0.04965	0.00686	0.00969	0.01007	0.04939	0.00955	0.04309	0.66704	0.00503	0.03590	0.00419	0.00215	0.01968
5	0.03870	0.08399	0.11352	0.00835	0.04693	0.08206	0.04083	0.14748	0.04155	0.05442	0.00876	0.00940	0.03697	0.00378	0.00330	0.00094	0.00401	0.00298	0.00252	0.26952
6	0.09122	0.06943	0.01097	0.00822	0.01076	0.12175	0.02924	0.40462	0.08608	0.05759	0.00870	0.00933	0.00659	0.03004	0.00430	0.00120	0.03811	0.00322	0.00311	0.00551
7	0.00793	0.00743	0.01236	0.39221	0.38504	0.00820	0.01019	0.01044	0.03642	0.01097	0.00826	0.07871	0.00723	0.00426	0.00382	0.00121	0.00446	0.00396	0.00197	0.00492
8	0.00462	0.00335	0.00437	0.00513	0.00547	0.00310	0.00350	0.00535	0.00743	0.00981	0.04380	0.74968	0.09666	0.01141	0.00476	0.00150	0.00217	0.03130	0.00350	0.00308
9	0.01349	0.01098	0.01065	0.00855	0.01126	0.12324	0.00691	0.56764	0.15099	0.04320	0.00977	0.00963	0.00709	0.00452	0.00371	0.00113	0.00426	0.00340	0.00355	0.00604
10	0.00573	0.00383	0.00451	0.00458	0.00474	0.00384	0.00285	0.03016	0.00618	0.00822	0.01288	0.11021	0.01469	0.64983	0.01600	0.05302	0.00347	0.06027	0.00248	0.00252
11	0.00536	0.00402	0.00603	0.00603	0.00670	0.00469	0.00469	0.00670	0.00603	0.00871	0.01005	0.01474	0.00938	0.02814	0.85328	0.00603	0.01005	0.00402	0.00201	0.00335
12	0.00970	0.21514	0.16087	0.05742	0.04723	0.07139	0.11496	0.02922	0.11533	0.06479	0.00872	0.02622	0.01778	0.00406	0.00375	0.00111	0.03091	0.00333	0.00227	0.01580
13	0.00626	0.00512	0.02436	0.03076	0.00806	0.00482	0.06596	0.03022	0.07076	0.04099	0.07242	0.33405	0.15311	0.03653	0.04654	0.00168	0.00323	0.05809	0.00328	0.00378
14	0.00813	0.00680	0.00858	0.04833	0.01020	0.00537	0.03917	0.00989	0.00792	0.04311	0.00701	0.00817	0.00567	0.00291	0.00293	0.00064	0.00305	0.00243	0.00227	0.77740
15	0.00778	0.00667	0.00778	0.00556	0.00889	0.00500	0.00445	0.00945	0.00778	0.01223	0.00667	0.00778	0.00556	0.00278	0.00278	0.00056	0.00278	0.00222	0.00222	0.89108
16	0.00734	0.00693	0.02193	0.05245	0.05841	0.06397	0.15188	0.00988	0.09499	0.02915	0.10163	0.22500	0.06924	0.06233	0.00524	0.00145	0.00372	0.02735	0.00293	0.00415

[dist]
# distance from previous block
# <min> <max>
0	2

[block]
# block no. 2 follows, 73 sequences, length 26
# corresponding to MSA columns:
# 155-180
name=unknown_C
#
# <colnr> <probs for GDERKNQSTAVLIFYWHMCP>
#	G	D	E	R	K	N	Q	S	T	A	V	L	I	F	Y	W	H	M	C	P
0	0.31994	0.02905	0.15166	0.00763	0.01040	0.06079	0.06766	0.10109	0.04903	0.03673	0.00867	0.09781	0.00758	0.03203	0.00382	0.00127	0.00396	0.00367	0.00254	0.00467
1	0.08983	0.01828	0.77048	0.01016	0.01540	0.00869	0.01295	0.01180	0.00778	0.01234	0.00659	0.00775	0.00469	0.00356	0.00345	0.00119	0.00530	0.00270	0.00165	0.00541
2	0.00450	0.00375	0.00392	0.00400	0.00514	0.00318	0.00295	0.00546	0.00853	0.01035	0.08111	0.11939	0.71560	0.00963	0.00447	0.00129	0.00192	0.00813	0.00352	0.00318
3	0.01074	0.00895	0.00941	0.00837	0.01063	0.01006	0.00646	0.09585	0.75035	0.01729	0.01553	0.01478	0.01181	0.00565	0.00423	0.00143	0.00342	0.00446	0.00412	0.00646
4	0.00458	0.00330	0.00434	0.00515	0.00543	0.00306	0.00346	0.00528	0.00733	0.00973	0.04103	0.80807	0.06225	0.01155	0.00476	0.00150	0.00215	0.01045	0.00350	0.00306
5	0.00843	0.27810	0.49922	0.00989	0.01446	0.01071	0.09399	0.01165	0.00789	0.01092	0.00633	0.00757	0.00487	0.00346	0.00343	0.00109	0.01840	0.00271	0.00162	0.00525
6	0.00909	0.01407	0.39186	0.01243	0.01681	0.02622	0.35486	0.01254	0.00859	0.08935	0.00779	0.00927	0.00557	0.00356	0.00411	0.00122	0.02173	0.00356	0.00201	0.00537
7	0.00546	0.00364	0.00409	0.00409	0.00409	0.00364	0.00227	0.00546	0.00546	0.00727	0.01182	0.02455	0.01364	0.86815	0.01910	0.00364	0.00364	0.00546	0.00227	0.00227
8	0.00752	0.01941	0.84871	0.01069	0.01624	0.00871	0.01386	0.01188	0.00792	0.01188	0.00673	0.00792	0.00475	0.00356	0.00356	0.00119	0.00554	0.00277	0.00158	0.00554
9	0.02809	0.00924	0.13784	0.00851	0.04632	0.00822	0.03321	0.08685	0.39330	0.01464	0.04404	0.06863	0.07066	0.00561	0.00392	0.00126	0.00348	0.02764	0.00325	0.00531
10	0.00635	0.00333	0.00486	0.00486	0.00490	0.00337	0.00323	0.00503	0.00500	0.00670	0.00722	0.01289	0.00738	0.10008	0.05596	0.75819	0.00363	0.00352	0.00171	0.00178
11	0.13550	0.00669	0.00839	0.00653	0.00936	0.00618	0.00539	0.05428	0.01046	0.69754	0.01324	0.01170	0.00845	0.00448	0.00358	0.00116	0.00320	0.00352	0.00429	0.00607
12	0.00447	0.00372	0.00391	0.00403	0.00513	0.00316	0.00296	0.00539	0.00839	0.01014	0.05047	0.15971	0.70603	0.00980	0.00449	0.00130	0.00194	0.00831	0.00350	0.00316
13	0.00994	0.84114	0.04817	0.00657	0.00986	0.01463	0.00668	0.01126	0.00763	0.00893	0.00527	0.00608	0.00481	0.00322	0.00245	0.00082	0.00406	0.00203	0.00160	0.00484
14	0.00709	0.00667	0.01125	0.85913	0.02584	0.00834	0.01042	0.00959	0.00750	0.00959	0.00667	0.01000	0.00500	0.00375	0.00375	0.00125	0.00500	0.00333	0.00167	0.00417
15	0.00461	0.00333	0.00438	0.00520	0.00550	0.00309	0.00353	0.00531	0.00730	0.00966	0.02158	0.79515	0.06851	0.01159	0.00478	0.00152	0.00220	0.03620	0.00348	0.00307
16	0.00900	0.00862	0.01470	0.13337	0.73667	0.00884	0.01137	0.01126	0.00841	0.01190	0.00701	0.00938	0.00582	0.00340	0.00372	0.00113	0.00453	0.00334	0.00183	0.00571
17	0.00499	0.00376	0.00449	0.00440	0.00527	0.00340	0.00319	0.00625	0.00920	0.01232	0.44532	0.08845	0.28990	0.09538	0.00593	0.00148	0.00203	0.00728	0.00369	0.00326
18	0.00459	0.00328	0.00437	0.00521	0.00545	0.00306	0.00348	0.00527	0.00727	0.00972	0.04193	0.84404	0.02509	0.01165	0.00478	0.00151	0.00217	0.01057	0.00350	0.00306
19	0.05385	0.00526	0.00561	0.00569	0.00677	0.04991	0.01485	0.02992	0.08536	0.01148	0.05971	0.33002	0.22740	0.00907	0.00439	0.00138	0.00268	0.08965	0.00338	0.00365
20	0.00769	0.01843	0.77138	0.01184	0.09311	0.00873	0.01364	0.01185	0.00798	0.01192	0.00676	0.00805	0.00486	0.00354	0.00358	0.00118	0.00544	0.00283	0.00161	0.00558
21	0.00449	0.00363	0.00400	0.00428	0.00520	0.00314	0.00307	0.00537	0.00815	0.01005	0.04778	0.30284	0.56453	0.01019	0.00455	0.00135	0.00199	0.00878	0.00350	0.00314
22	0.00793	0.03550	0.61740	0.01073	0.01537	0.02816	0.09897	0.03271	0.00813	0.01176	0.00698	0.00857	0.00521	0.00526	0.05956	0.00151	0.03624	0.00304	0.00171	0.00528
23	0.01262	0.00990	0.01166	0.00915	0.01169	0.05153	0.08337	0.50656	0.05316	0.07068	0.00949	0.04831	0.00735	0.00492	0.00471	0.00121	0.09077	0.00382	0.00333	0.00576
24	0.01733	0.00443	0.00505	0.03200	0.00637	0.02434	0.01530	0.04956	0.00817	0.02470	0.01453	0.29485	0.01440	0.02343	0.01628	0.00127	0.00252	0.02271	0.41917	0.00358
25	0.00691	0.00626	0.00982	0.00817	0.00983	0.03478	0.21777	0.01987	0.03690	0.03364	0.12024	0.22142	0.16534	0.00763	0.00498	0.02214	0.03457	0.03274	0.00304	0.00395

[dist]
# distance from previous block
# <min> <max>
1	2

[block]
# block no. 3 follows, 73 sequences, length 10
# corresponding to MSA columns:
# 183-192
name=unknown_D
#
# <colnr> <probs for GDERKNQSTAVLIFYWHMCP>
#	G	D	E	R	K	N	Q	S	T	A	V	L	I	F	Y	W	H	M	C	P
0	0.06484	0.00714	0.01147	0.61326	0.04692	0.03129	0.08497	0.00978	0.00765	0.01035	0.00770	0.07402	0.00652	0.00427	0.00379	0.00125	0.00481	0.00388	0.00188	0.00422
1	0.20516	0.01298	0.00975	0.00915	0.06450	0.41224	0.00670	0.14380	0.05831	0.03389	0.00703	0.00770	0.00547	0.00394	0.00327	0.00107	0.00505	0.00268	0.00247	0.00485
2	0.00870	0.00801	0.01266	0.17356	0.38506	0.00853	0.06113	0.05646	0.13881	0.01263	0.00949	0.07472	0.00812	0.00484	0.01982	0.00130	0.00436	0.00412	0.00236	0.00531
3	0.07939	0.01038	0.01032	0.00987	0.11538	0.14776	0.00699	0.27909	0.19713	0.03914	0.00936	0.00960	0.00706	0.00421	0.00353	0.00110	0.00414	0.00325	0.00305	0.05926
4	0.04056	0.00456	0.00619	0.00593	0.00702	0.00442	0.04887	0.00783	0.03143	0.06869	0.06171	0.27227	0.12655	0.08014	0.10794	0.00212	0.00368	0.09091	0.00317	0.02602
5	0.00982	0.00866	0.01389	0.11864	0.60768	0.00896	0.01053	0.08740	0.03654	0.04999	0.00780	0.00965	0.00620	0.00361	0.00373	0.00114	0.00439	0.00339	0.00220	0.00579
6	0.00871	0.29717	0.51663	0.00936	0.01399	0.01064	0.04350	0.01189	0.00795	0.03871	0.00654	0.00755	0.00496	0.00347	0.00323	0.00106	0.00500	0.00262	0.00171	0.00531
7	0.00565	0.00452	0.00519	0.00536	0.00645	0.00445	0.00408	0.00843	0.15844	0.01144	0.07056	0.23547	0.32449	0.00929	0.00452	0.00140	0.00239	0.13060	0.00357	0.00370
8	0.00752	0.07121	0.60485	0.00918	0.01359	0.00811	0.01113	0.03013	0.00830	0.02802	0.05188	0.07506	0.05565	0.00475	0.00368	0.00119	0.00472	0.00385	0.00208	0.00511
9	0.03253	0.03308	0.06320	0.01010	0.10353	0.00826	0.10952	0.18196	0.09900	0.10702	0.03212	0.08500	0.04695	0.00544	0.00410	0.00124	0.01651	0.05206	0.00311	0.00527

[dist]
# distance from previous block
# <min> <max>
0	2

[block]
# block no. 4 follows, 73 sequences, length 13
# corresponding to MSA columns:
# 195-207
name=unknown_E
#
# <colnr> <probs for GDERKNQSTAVLIFYWHMCP>
#	G	D	E	R	K	N	Q	S	T	A	V	L	I	F	Y	W	H	M	C	P
0	0.02445	0.00582	0.00653	0.00589	0.00725	0.02560	0.00459	0.10640	0.05715	0.06793	0.11613	0.12403	0.31614	0.00804	0.01442	0.00135	0.09446	0.00631	0.00341	0.00410
1	0.00501	0.00385	0.00462	0.00475	0.00566	0.00358	0.00361	0.00616	0.00835	0.01078	0.17755	0.09025	0.37109	0.08198	0.08856	0.00199	0.00305	0.12260	0.00336	0.00321
2	0.00970	0.00865	0.01362	0.06041	0.56942	0.00892	0.03113	0.09227	0.09065	0.03554	0.00871	0.03879	0.00720	0.00396	0.00379	0.00116	0.00424	0.00372	0.00235	0.00579
3	0.08110	0.00830	0.09139	0.00703	0.01054	0.00609	0.08598	0.01026	0.00785	0.03056	0.00682	0.00799	0.00545	0.00299	0.00300	0.00075	0.00341	0.00251	0.00219	0.62579
4	0.00555	0.00453	0.00659	0.08972	0.00878	0.00459	0.05592	0.00727	0.05504	0.01052	0.06034	0.48873	0.09445	0.00946	0.00471	0.00144	0.01637	0.06922	0.00323	0.00353
5	0.00482	0.00349	0.00444	0.00501	0.00543	0.00326	0.00346	0.00562	0.00759	0.01004	0.10136	0.54726	0.11723	0.10059	0.00624	0.00170	0.00234	0.06366	0.00342	0.00306
6	0.02767	0.01038	0.05996	0.01145	0.12081	0.14841	0.16806	0.13575	0.04763	0.07244	0.02938	0.11038	0.00923	0.00497	0.00406	0.00120	0.01646	0.01398	0.00270	0.00509
7	0.00932	0.00894	0.02932	0.03209	0.57991	0.02730	0.05959	0.08507	0.00952	0.01323	0.05423	0.01205	0.01948	0.00408	0.00386	0.00116	0.00439	0.03862	0.00224	0.00558
8	0.00666	0.00464	0.00657	0.00694	0.05478	0.00484	0.02131	0.00824	0.05040	0.07878	0.01432	0.31729	0.01490	0.07888	0.25993	0.00294	0.02966	0.00642	0.02876	0.00376
9	0.00519	0.00395	0.00475	0.00538	0.00578	0.03085	0.00377	0.00598	0.00752	0.00984	0.06495	0.57875	0.04709	0.10161	0.00627	0.00173	0.00260	0.10756	0.00334	0.00309
10	0.00905	0.00774	0.00886	0.00774	0.09069	0.05451	0.00551	0.07794	0.00897	0.04458	0.00817	0.00908	0.03291	0.00333	0.00308	0.00073	0.00327	0.00268	0.00243	0.61874
11	0.00662	0.00483	0.00582	0.00575	0.00668	0.00476	0.00415	0.13690	0.00874	0.01180	0.01626	0.46733	0.01835	0.14074	0.00668	0.00172	0.00286	0.07016	0.00323	0.07663
12	0.18966	0.01291	0.04228	0.00933	0.01153	0.27218	0.00736	0.15515	0.07540	0.01610	0.00941	0.01109	0.00773	0.00564	0.00506	0.00151	0.09602	0.00352	0.06234	0.00579

[dist]
# distance from previous block
# <min> <max>
0	33

[block]
# block no. 5 follows, 73 sequences, length 43
# corresponding to MSA columns:
# 241-283
name=unknown_F
#
# <colnr> <probs for GDERKNQSTAVLIFYWHMCP>
#	G	D	E	R	K	N	Q	S	T	A	V	L	I	F	Y	W	H	M	C	P
0	0.00690	0.00640	0.01047	0.58625	0.10734	0.00744	0.02451	0.00906	0.00771	0.00993	0.01124	0.02782	0.10731	0.03788	0.00448	0.00135	0.00446	0.02331	0.00200	0.00414
1	0.00777	0.00760	0.02854	0.20622	0.36728	0.00766	0.10596	0.00994	0.00815	0.01115	0.01030	0.12983	0.02762	0.00510	0.00405	0.00126	0.00439	0.05019	0.00216	0.00483
2	0.00929	0.00891	0.01523	0.02303	0.84475	0.00891	0.01151	0.01151	0.00854	0.01226	0.00706	0.00929	0.00594	0.00334	0.00371	0.00111	0.00446	0.00334	0.00186	0.00594
3	0.00997	0.85133	0.03824	0.00652	0.00978	0.01471	0.00659	0.01125	0.00763	0.00890	0.00525	0.00606	0.00481	0.00322	0.00243	0.00081	0.00405	0.00202	0.00160	0.00483
4	0.00639	0.00555	0.00800	0.00742	0.00783	0.00716	0.00596	0.00752	0.00596	0.00885	0.00846	0.03678	0.00817	0.01967	0.51731	0.00427	0.32521	0.00394	0.00192	0.00362
5	0.00534	0.00401	0.00595	0.00594	0.00663	0.00462	0.00462	0.00668	0.00621	0.00891	0.03262	0.01559	0.02969	0.02716	0.81097	0.00579	0.00964	0.00418	0.00210	0.00335
6	0.12051	0.01012	0.01057	0.00819	0.01111	0.01125	0.00676	0.73313	0.01628	0.02282	0.00855	0.00866	0.00610	0.00438	0.00358	0.00113	0.00398	0.00322	0.00358	0.00610
7	0.00821	0.00821	0.01149	0.00985	0.00985	0.01149	0.00821	0.00903	0.00575	0.00903	0.00492	0.00821	0.00492	0.00657	0.01231	0.00164	0.86128	0.00328	0.00164	0.00410
8	0.00553	0.00395	0.00507	0.00500	0.00524	0.00431	0.00336	0.00604	0.00567	0.00785	0.01093	0.02044	0.01179	0.53643	0.31538	0.00441	0.03887	0.00486	0.00216	0.00273
9	0.00466	0.00400	0.00402	0.00398	0.00529	0.00346	0.00300	0.00607	0.04741	0.01040	0.03694	0.03507	0.80426	0.00929	0.00441	0.00127	0.00195	0.00775	0.00350	0.00330
10	0.00457	0.00326	0.00435	0.00522	0.00544	0.00305	0.00348	0.00522	0.00718	0.00958	0.02068	0.86570	0.02481	0.01175	0.00479	0.00152	0.00218	0.01067	0.00348	0.00305
11	0.00976	0.00854	0.01297	0.82695	0.02712	0.00978	0.01136	0.01149	0.00923	0.01216	0.00931	0.01355	0.00751	0.00549	0.00488	0.00173	0.00585	0.00419	0.00258	0.00555
12	0.00457	0.00328	0.00434	0.00518	0.00543	0.00305	0.00346	0.00523	0.00722	0.00959	0.02118	0.84185	0.04834	0.01169	0.00478	0.00152	0.00217	0.01059	0.00348	0.00305
13	0.00838	0.00423	0.00517	0.00463	0.00593	0.00393	0.00358	0.01007	0.00954	0.18739	0.33669	0.01921	0.01960	0.00571	0.00356	0.00105	0.00206	0.00484	0.36029	0.00411
14	0.00545	0.00366	0.00420	0.00420	0.00424	0.00370	0.00241	0.00553	0.00549	0.00736	0.01172	0.02399	0.01340	0.82037	0.06655	0.00377	0.00400	0.00537	0.00226	0.00233
15	0.00712	0.00371	0.00392	0.00391	0.00481	0.00370	0.00291	0.02957	0.00810	0.03305	0.01323	0.11662	0.01136	0.00527	0.00294	0.00097	0.00189	0.00437	0.73898	0.00358
16	0.00773	0.00720	0.01193	0.68481	0.16403	0.00856	0.01048	0.04152	0.00807	0.01058	0.00682	0.00984	0.00521	0.00371	0.00374	0.00122	0.00488	0.00334	0.00178	0.00455
17	0.01206	0.11400	0.01145	0.00846	0.03040	0.07099	0.00678	0.39942	0.27463	0.01805	0.01025	0.01007	0.00767	0.00446	0.00358	0.00112	0.00394	0.00342	0.00334	0.00590
18	0.00896	0.08796	0.33747	0.01436	0.29644	0.05629	0.05411	0.02087	0.00844	0.02097	0.00681	0.00833	0.00533	0.00343	0.00351	0.00108	0.00495	0.00295	0.00181	0.05592
19	0.00784	0.12793	0.74298	0.01015	0.01540	0.00950	0.01291	0.01180	0.00788	0.01149	0.00654	0.00768	0.00476	0.00352	0.00342	0.00114	0.00535	0.00267	0.00159	0.00545
20	0.00571	0.00503	0.00511	0.00576	0.00618	0.10563	0.00394	0.00640	0.00760	0.00953	0.01888	0.76204	0.02240	0.01080	0.00462	0.00146	0.00273	0.00967	0.00330	0.00320
21	0.00696	0.00638	0.01062	0.75628	0.02366	0.00785	0.00989	0.00937	0.00764	0.00978	0.00826	0.01390	0.00700	0.00455	0.00392	0.00131	0.00481	0.10183	0.00188	0.00408
22	0.01946	0.25285	0.17508	0.08227	0.20292	0.06145	0.02321	0.02081	0.03311	0.06174	0.02908	0.00883	0.00637	0.00367	0.00332	0.00106	0.00455	0.00295	0.00204	0.00524
23	0.00838	0.00871	0.06022	0.20361	0.47317	0.04177	0.01022	0.01992	0.00830	0.01133	0.00857	0.11262	0.00791	0.00449	0.00383	0.00119	0.00445	0.00416	0.00202	0.00512
24	0.00535	0.00359	0.00412	0.00423	0.00425	0.00357	0.00242	0.00543	0.00566	0.00755	0.01289	0.12607	0.01499	0.76479	0.01737	0.00338	0.00346	0.00608	0.00242	0.00237
25	0.00553	0.00384	0.00446	0.00431	0.00538	0.00344	0.00323	0.00692	0.00934	0.04090	0.36885	0.06755	0.33988	0.00806	0.00421	0.00119	0.00188	0.00690	0.11066	0.00347
26	0.00897	0.00888	0.06008	0.39588	0.26732	0.02497	0.01034	0.12944	0.00931	0.01253	0.00706	0.00941	0.00546	0.00382	0.00398	0.00119	0.03095	0.00329	0.00203	0.00510
27	0.01274	0.04305	0.00969	0.05623	0.01099	0.23189	0.00654	0.15680	0.03652	0.23765	0.02077	0.01467	0.03754	0.00521	0.00381	0.00117	0.00440	0.10188	0.00327	0.00515
28	0.00752	0.01941	0.84871	0.01069	0.01624	0.00871	0.01386	0.01188	0.00792	0.01188	0.00673	0.00792	0.00475	0.00356	0.00356	0.00119	0.00554	0.00277	0.00158	0.00554
29	0.00903	0.00731	0.00826	0.00803	0.05655	0.00812	0.00585	0.06996	0.54429	0.04592	0.02561	0.12637	0.04485	0.00608	0.00398	0.00129	0.00299	0.01639	0.00367	0.00544
30	0.00639	0.00458	0.00544	0.00557	0.00656	0.00455	0.00411	0.00908	0.16244	0.06249	0.03482	0.35856	0.17319	0.06257	0.00540	0.00155	0.00254	0.08280	0.00355	0.00381
31	0.00457	0.00326	0.00435	0.00522	0.00544	0.00305	0.00348	0.00522	0.00718	0.00958	0.02068	0.86570	0.02481	0.01175	0.00479	0.00152	0.00218	0.01067	0.00348	0.00305
32	0.00525	0.00355	0.00415	0.00436	0.00441	0.00350	0.00256	0.00540	0.00586	0.00782	0.01391	0.22307	0.01628	0.66603	0.01572	0.00314	0.00329	0.00669	0.00256	0.00246
33	0.00886	0.00855	0.01420	0.22037	0.63527	0.02493	0.01117	0.01112	0.00834	0.01157	0.00694	0.00941	0.00570	0.00345	0.00372	0.00114	0.00463	0.00332	0.00181	0.00549
34	0.00478	0.00364	0.00433	0.00465	0.00545	0.00328	0.00334	0.00570	0.00800	0.02101	0.07462	0.37191	0.39113	0.01133	0.05287	0.00164	0.00251	0.02317	0.00345	0.00320
35	0.00735	0.00694	0.01173	0.75823	0.12467	0.00841	0.01055	0.00982	0.00763	0.00991	0.00672	0.00992	0.00511	0.00370	0.00375	0.00123	0.00494	0.00334	0.00169	0.00438
36	0.00537	0.00377	0.00491	0.00496	0.00525	0.00404	0.00334	0.00596	0.00579	0.00800	0.01159	0.06834	0.01251	0.47173	0.36357	0.00451	0.00621	0.00516	0.00223	0.00276
37	0.05292	0.02341	0.05469	0.01072	0.03163	0.42704	0.17780	0.08011	0.03223	0.04095	0.00741	0.00905	0.00589	0.00395	0.00366	0.00110	0.00583	0.02452	0.00225	0.00484
38	0.00843	0.00688	0.02729	0.00779	0.00942	0.05037	0.06438	0.15837	0.02429	0.04723	0.01603	0.15735	0.02506	0.00818	0.00459	0.00147	0.00377	0.37148	0.00334	0.00429
39	0.00536	0.01919	0.05293	0.00564	0.00652	0.00386	0.00449	0.00651	0.00778	0.02519	0.03450	0.51203	0.12105	0.01025	0.00462	0.00147	0.00258	0.14597	0.02667	0.00338
40	0.01029	0.05401	0.06075	0.01137	0.11311	0.05234	0.15752	0.16255	0.30830	0.01515	0.01028	0.01071	0.00778	0.00418	0.00380	0.00118	0.00436	0.00372	0.00289	0.00570
41	0.06111	0.00958	0.01018	0.02207	0.03097	0.12184	0.06468	0.27741	0.06751	0.01578	0.00981	0.03198	0.03998	0.00442	0.00355	0.00104	0.00407	0.02489	0.00287	0.19625
42	0.06071	0.00840	0.01238	0.03706	0.28058	0.02237	0.10963	0.13933	0.06142	0.10327	0.04263	0.02249	0.03228	0.01896	0.00425	0.00123	0.02129	0.01351	0.00277	0.00543

[dist]
# distance from previous block
# <min> <max>
0	1

[block]
# block no. 6 follows, 73 sequences, length 8
# corresponding to MSA columns:
# 285-292
name=unknown_G
#
# <colnr> <probs for GDERKNQSTAVLIFYWHMCP>
#	G	D	E	R	K	N	Q	S	T	A	V	L	I	F	Y	W	H	M	C	P
0	0.00832	0.32573	0.50641	0.00891	0.01337	0.01072	0.01071	0.01138	0.00772	0.01062	0.00636	0.00758	0.00501	0.00469	0.04662	0.00130	0.00522	0.00256	0.00161	0.00517
1	0.00872	0.00960	0.02011	0.10631	0.12467	0.00929	0.64024	0.01170	0.00867	0.01179	0.00742	0.01000	0.00565	0.00325	0.00427	0.00124	0.00595	0.00417	0.00187	0.00508
2	0.02308	0.03345	0.03896	0.04524	0.10919	0.02449	0.13074	0.04168	0.06992	0.11939	0.02245	0.13913	0.02109	0.00576	0.00530	0.00131	0.13472	0.02650	0.00273	0.00486
3	0.00963	0.04723	0.21370	0.05991	0.29197	0.03184	0.11054	0.04556	0.00902	0.09349	0.02296	0.01046	0.00679	0.00385	0.00376	0.00116	0.00481	0.02561	0.00221	0.00550
4	0.00537	0.00360	0.00412	0.00420	0.00422	0.00358	0.00239	0.00543	0.00562	0.00750	0.01268	0.10638	0.01473	0.78484	0.01770	0.00343	0.00350	0.00596	0.00239	0.00235
5	0.00559	0.00401	0.00485	0.00474	0.00576	0.00367	0.00351	0.00728	0.04220	0.04812	0.41105	0.16598	0.26199	0.00863	0.00444	0.00126	0.00198	0.00751	0.00385	0.00357
6	0.01013	0.07607	0.09669	0.05814	0.25755	0.11668	0.12986	0.04824	0.11055	0.04763	0.00820	0.00946	0.00635	0.00373	0.00368	0.00113	0.00488	0.00336	0.00226	0.00543
7	0.03448	0.06040	0.01086	0.12506	0.04765	0.03074	0.02988	0.36678	0.07926	0.01655	0.01004	0.11461	0.00865	0.00518	0.00398	0.00119	0.02692	0.00422	0.01825	0.00526

[dist]
# distance from previous block
# <min> <max>
5	8

[block]
# block no. 7 follows, 73 sequences, length 21
# corresponding to MSA columns:
# 301-321
name=unknown_H
#
# <colnr> <probs for GDERKNQSTAVLIFYWHMCP>
#	G	D	E	R	K	N	Q	S	T	A	V	L	I	F	Y	W	H	M	C	P
0	0.00924	0.10871	0.25072	0.03286	0.10979	0.04373	0.27415	0.04904	0.04704	0.02811	0.00748	0.00899	0.00567	0.00352	0.00375	0.00115	0.00531	0.00340	0.00199	0.00534
1	0.00789	0.08627	0.04250	0.00691	0.04588	0.07107	0.00520	0.02277	0.03684	0.06796	0.01035	0.05656	0.00997	0.22909	0.24810	0.00311	0.00569	0.00423	0.00237	0.03723
2	0.00474	0.00386	0.00421	0.00416	0.00530	0.00336	0.00310	0.00605	0.02390	0.01141	0.23314	0.07009	0.59537	0.00907	0.00444	0.00126	0.00190	0.00770	0.00365	0.00330
3	0.05094	0.20875	0.09707	0.00784	0.01098	0.03616	0.00716	0.32346	0.13347	0.01636	0.00840	0.00866	0.00639	0.00401	0.00329	0.00104	0.00401	0.00296	0.00283	0.06623
4	0.00926	0.16033	0.29414	0.04734	0.04588	0.08417	0.03700	0.05670	0.07257	0.04074	0.04636	0.02636	0.00784	0.00421	0.00351	0.00111	0.00462	0.02326	0.00226	0.03235
5	0.04825	0.18725	0.39132	0.00880	0.01270	0.09973	0.02169	0.06639	0.00906	0.04403	0.07086	0.00917	0.00739	0.00393	0.00336	0.00108	0.00479	0.00296	0.00212	0.00513
6	0.00880	0.05559	0.64920	0.01017	0.01500	0.08714	0.01221	0.07527	0.03024	0.01250	0.00697	0.00797	0.00506	0.00369	0.00352	0.00115	0.00542	0.00279	0.00184	0.00548
7	0.00844	0.00803	0.01383	0.06613	0.60578	0.00805	0.07301	0.01048	0.00824	0.01158	0.00907	0.08958	0.02211	0.04384	0.00459	0.00129	0.00434	0.00428	0.00205	0.00529
8	0.00913	0.02942	0.18901	0.07288	0.02192	0.06406	0.13495	0.07416	0.08220	0.07730	0.02783	0.07593	0.02125	0.00534	0.00403	0.00127	0.00454	0.09715	0.00269	0.00495
9	0.00923	0.09501	0.35848	0.02478	0.08349	0.02032	0.05497	0.05209	0.10399	0.08646	0.01030	0.01126	0.04946	0.00424	0.00365	0.00117	0.00456	0.01869	0.00240	0.00544
10	0.00552	0.00441	0.00527	0.00578	0.01626	0.02930	0.00397	0.00682	0.05915	0.00983	0.02974	0.56327	0.06396	0.10417	0.01656	0.00176	0.04296	0.02479	0.00321	0.00329
11	0.02577	0.00747	0.03460	0.09844	0.02950	0.01884	0.05436	0.18876	0.07364	0.10674	0.02168	0.09280	0.03784	0.11300	0.00626	0.01242	0.03148	0.03862	0.00305	0.00472
12	0.01017	0.24636	0.14471	0.01005	0.07845	0.01063	0.11405	0.12871	0.09011	0.05793	0.00801	0.00879	0.00616	0.00373	0.00351	0.00105	0.01598	0.00308	0.00238	0.05614
13	0.00910	0.10149	0.17920	0.01307	0.15855	0.02386	0.25563	0.08430	0.00906	0.02147	0.00773	0.02410	0.00627	0.02599	0.04305	0.00143	0.00533	0.00360	0.01075	0.01603
14	0.00469	0.00340	0.00443	0.00520	0.00556	0.00317	0.00359	0.00544	0.00738	0.00970	0.02202	0.70712	0.09984	0.03064	0.00511	0.00156	0.00228	0.07234	0.00345	0.00307
15	0.00640	0.00672	0.07434	0.00691	0.00824	0.07515	0.06842	0.00785	0.00725	0.00959	0.05349	0.09501	0.06963	0.13345	0.34289	0.00348	0.00645	0.01879	0.00236	0.00356
16	0.01232	0.12625	0.08360	0.00942	0.03632	0.10908	0.13143	0.10683	0.06428	0.24714	0.03016	0.01027	0.00759	0.00409	0.00364	0.00111	0.00449	0.00344	0.00299	0.00555
17	0.01245	0.00896	0.08606	0.00742	0.01008	0.07212	0.00642	0.09731	0.20898	0.32632	0.05074	0.01293	0.01013	0.00477	0.00371	0.00116	0.00357	0.01413	0.05703	0.00570
18	0.00978	0.00719	0.00774	0.00659	0.00842	0.03608	0.00523	0.29414	0.07471	0.06479	0.11294	0.08220	0.13497	0.00632	0.00426	0.00119	0.03827	0.01245	0.08789	0.00482
19	0.20064	0.00687	0.00800	0.04572	0.00929	0.00756	0.04134	0.19460	0.04871	0.06175	0.02220	0.09052	0.00940	0.09261	0.09189	0.00194	0.02619	0.00419	0.03206	0.00448
20	0.06062	0.04789	0.02988	0.07769	0.01077	0.09583	0.00621	0.11521	0.01983	0.13527	0.03423	0.09987	0.00889	0.00496	0.00417	0.00109	0.06935	0.00383	0.00282	0.17159

[dist]
# distance from previous block
# <min> <max>
4	32

[block]
# block no. 8 follows, 73 sequences, length 14
# corresponding to MSA columns:
# 355-368
name=unknown_I
#
# <colnr> <probs for GDERKNQSTAVLIFYWHMCP>
#	G	D	E	R	K	N	Q	S	T	A	V	L	I	F	Y	W	H	M	C	P
0	0.04441	0.02760	0.15694	0.04520	0.07441	0.13396	0.10386	0.03171	0.02740	0.15667	0.05093	0.01264	0.05193	0.01524	0.02429	0.00131	0.01265	0.02119	0.00264	0.00501
1	0.01074	0.11366	0.01499	0.07872	0.22504	0.17276	0.16080	0.06941	0.02246	0.05501	0.00725	0.00882	0.00573	0.00371	0.00394	0.00111	0.03528	0.00324	0.00213	0.00519
2	0.00821	0.03762	0.59998	0.06927	0.01600	0.02966	0.05012	0.04414	0.08664	0.01240	0.00760	0.00871	0.00551	0.00374	0.00362	0.00119	0.00524	0.00302	0.00191	0.00545
3	0.01012	0.06996	0.03374	0.06318	0.24000	0.16061	0.05014	0.13170	0.01004	0.01282	0.02648	0.04939	0.03378	0.00424	0.00360	0.00106	0.00455	0.00358	0.00233	0.08867
4	0.00530	0.00375	0.00453	0.00451	0.00488	0.00379	0.00295	0.00583	0.00634	0.00851	0.07648	0.02417	0.11714	0.52033	0.19241	0.00367	0.00464	0.00556	0.00251	0.00271
5	0.00525	0.00408	0.00467	0.00466	0.00563	0.00384	0.00340	0.05103	0.00844	0.01078	0.09249	0.18206	0.42639	0.08286	0.09530	0.00200	0.00307	0.00746	0.00329	0.00330
6	0.00899	0.00856	0.01455	0.07576	0.75361	0.00866	0.01119	0.01122	0.00848	0.01204	0.00763	0.01086	0.00661	0.00369	0.00378	0.00115	0.00445	0.04114	0.00192	0.00571
7	0.00476	0.00346	0.00449	0.00497	0.00546	0.00319	0.00345	0.00574	0.00823	0.01111	0.24637	0.57033	0.09362	0.01046	0.00466	0.00141	0.00204	0.00939	0.00366	0.00319
8	0.00836	0.10004	0.00978	0.00732	0.08780	0.00644	0.00535	0.01003	0.00790	0.03008	0.00673	0.00784	0.00559	0.00292	0.00285	0.00065	0.00308	0.00234	0.00217	0.69273
9	0.00562	0.00363	0.00430	0.00434	0.00439	0.00363	0.00260	0.00551	0.00556	0.00739	0.01160	0.02388	0.01318	0.71565	0.01779	0.11377	0.00358	0.04908	0.00226	0.00226
10	0.00841	0.06009	0.64507	0.01113	0.04212	0.08869	0.06947	0.01214	0.00825	0.01150	0.00664	0.00791	0.00487	0.00354	0.00356	0.00115	0.00560	0.00283	0.00165	0.00538
11	0.00986	0.05634	0.03044	0.06160	0.38510	0.14504	0.00891	0.08073	0.00912	0.02274	0.00750	0.01002	0.00642	0.04938	0.08801	0.00170	0.01663	0.00329	0.00207	0.00510
12	0.00516	0.00380	0.00472	0.00453	0.00547	0.00345	0.00338	0.00673	0.01004	0.01389	0.64059	0.05851	0.18865	0.00808	0.00440	0.00120	0.00181	0.00706	0.02508	0.00345
13	0.04169	0.00567	0.00650	0.00547	0.00765	0.00503	0.00434	0.03782	0.06569	0.13785	0.03549	0.05378	0.24435	0.00614	0.00374	0.00107	0.00263	0.05434	0.02088	0.25989

[dist]
# distance from previous block
# <min> <max>
0	2

[block]
# block no. 9 follows, 73 sequences, length 45
# corresponding to MSA columns:
# 371-415
name=unknown_J
#
# <colnr> <probs for GDERKNQSTAVLIFYWHMCP>
#	G	D	E	R	K	N	Q	S	T	A	V	L	I	F	Y	W	H	M	C	P
0	0.01023	0.41891	0.22809	0.00857	0.01215	0.12534	0.04998	0.04446	0.00863	0.03831	0.00626	0.00719	0.00506	0.00354	0.00320	0.00098	0.01967	0.00251	0.00184	0.00505
1	0.00459	0.00332	0.00435	0.00516	0.00546	0.00308	0.00349	0.00529	0.00730	0.00965	0.02182	0.79315	0.07965	0.01157	0.00477	0.00151	0.00218	0.02707	0.00348	0.00306
2	0.00518	0.00383	0.00484	0.00474	0.00559	0.00353	0.00349	0.00685	0.02518	0.01370	0.61608	0.14683	0.12932	0.00842	0.00447	0.00124	0.00186	0.00742	0.00396	0.00347
3	0.28793	0.04226	0.05993	0.00687	0.00983	0.02169	0.00599	0.25715	0.01081	0.15115	0.00816	0.00835	0.00585	0.00389	0.00313	0.00107	0.00356	0.00279	0.00303	0.10658
4	0.02816	0.01093	0.01087	0.03227	0.01176	0.17522	0.05480	0.39094	0.13100	0.03196	0.00949	0.04307	0.00741	0.00463	0.00386	0.00114	0.01874	0.00361	0.00315	0.02698
5	0.00722	0.00682	0.01143	0.79234	0.05967	0.00848	0.01038	0.00965	0.00748	0.00968	0.00662	0.00991	0.00504	0.00384	0.00407	0.00126	0.03687	0.00333	0.00167	0.00424
6	0.01071	0.00973	0.01520	0.08523	0.05352	0.03049	0.31839	0.31731	0.03478	0.01604	0.00866	0.02930	0.00676	0.00421	0.00426	0.00122	0.02576	0.02033	0.00268	0.00542
7	0.00586	0.00427	0.00522	0.00483	0.00594	0.00399	0.00367	0.05733	0.01062	0.02722	0.62161	0.04306	0.17655	0.00783	0.00438	0.00120	0.00197	0.00680	0.00399	0.00368
8	0.00528	0.00366	0.00460	0.00474	0.00496	0.00377	0.00306	0.00574	0.00605	0.00825	0.03981	0.16918	0.01534	0.50397	0.20185	0.00372	0.00475	0.00609	0.00249	0.00269
9	0.00466	0.00348	0.00435	0.00492	0.00546	0.00317	0.00344	0.00552	0.00785	0.01025	0.09717	0.57220	0.21197	0.01083	0.00469	0.00144	0.00213	0.03983	0.00354	0.00313
10	0.00849	0.00827	0.02875	0.22022	0.23823	0.03555	0.05425	0.06768	0.00815	0.01120	0.00713	0.01015	0.00604	0.02967	0.09259	0.00182	0.16168	0.00348	0.00193	0.00474
11	0.06671	0.07155	0.01301	0.15394	0.40195	0.04443	0.03119	0.02727	0.00850	0.07838	0.00799	0.04527	0.00667	0.00445	0.02206	0.00124	0.00448	0.00351	0.00217	0.00522
12	0.89465	0.00726	0.00551	0.00493	0.00726	0.00842	0.00406	0.01103	0.00638	0.01683	0.00522	0.00609	0.00406	0.00348	0.00232	0.00116	0.00290	0.00203	0.00232	0.00406
13	0.00686	0.03591	0.00752	0.02075	0.09588	0.03098	0.00515	0.03991	0.03243	0.00950	0.02056	0.01524	0.00957	0.20428	0.35600	0.08188	0.01784	0.00408	0.00214	0.00354
14	0.19006	0.00613	0.00741	0.00597	0.00843	0.00576	0.00487	0.01498	0.00977	0.54358	0.12371	0.01385	0.02438	0.00488	0.00356	0.00116	0.00290	0.00389	0.01927	0.00544
15	0.00536	0.00400	0.00595	0.00595	0.00660	0.00465	0.00459	0.00665	0.00601	0.00865	0.01012	0.01513	0.00955	0.06157	0.82008	0.00593	0.00979	0.00408	0.00202	0.00331
16	0.00481	0.00359	0.00447	0.00472	0.00542	0.00325	0.00336	0.00593	0.00873	0.01168	0.32108	0.37473	0.21498	0.00977	0.00458	0.00134	0.00197	0.00864	0.00372	0.00325
17	0.02589	0.00667	0.00777	0.00558	0.00888	0.00509	0.00447	0.00977	0.00785	0.04031	0.00691	0.00791	0.00565	0.00286	0.00280	0.00059	0.00279	0.00227	0.00231	0.84362
18	0.01029	0.01040	0.11604	0.01250	0.06379	0.00902	0.37616	0.11934	0.08031	0.11396	0.00990	0.01095	0.02823	0.00395	0.00418	0.00122	0.01760	0.00401	0.00263	0.00551
19	0.00804	0.00605	0.00667	0.00593	0.00691	0.02473	0.00429	0.16056	0.09473	0.02505	0.07226	0.01956	0.02647	0.42209	0.01181	0.00240	0.06106	0.02117	0.01641	0.00379
20	0.00743	0.00676	0.01237	0.00997	0.01197	0.00650	0.34013	0.06614	0.00876	0.02850	0.01391	0.31367	0.01450	0.02365	0.02677	0.00156	0.00439	0.09600	0.00282	0.00420
21	0.00871	0.00986	0.02142	0.01535	0.01902	0.00924	0.79633	0.01181	0.00893	0.01214	0.04270	0.01087	0.00694	0.00335	0.00443	0.00126	0.00613	0.00453	0.00199	0.00500
22	0.00564	0.00417	0.00596	0.00603	0.00671	0.00398	0.05706	0.03780	0.00796	0.02701	0.07312	0.59654	0.03152	0.06787	0.00566	0.00161	0.00267	0.05194	0.00337	0.00337
23	0.01354	0.01442	0.01141	0.00985	0.03228	0.47629	0.04634	0.28740	0.04778	0.01449	0.00738	0.00804	0.00570	0.00408	0.00358	0.00105	0.00565	0.00293	0.00262	0.00517
24	0.00513	0.00396	0.00542	0.00591	0.00617	0.00425	0.00425	0.00591	0.00697	0.00950	0.01784	0.65602	0.02097	0.01252	0.08003	0.00194	0.10490	0.04196	0.00313	0.00322
25	0.00456	0.00351	0.00418	0.00463	0.00530	0.00313	0.00324	0.00541	0.00794	0.01015	0.08049	0.48516	0.34764	0.01060	0.00463	0.00140	0.00204	0.00933	0.00352	0.00313
26	0.01272	0.00713	0.00880	0.00711	0.00949	0.00713	0.02180	0.24455	0.07478	0.34569	0.12927	0.07187	0.01352	0.00563	0.00397	0.00120	0.00324	0.02233	0.00410	0.00564
27	0.04962	0.01127	0.00979	0.01492	0.01064	0.32792	0.06148	0.13161	0.07296	0.08784	0.05030	0.02209	0.08279	0.00513	0.00378	0.00114	0.00470	0.04433	0.00292	0.00478
28	0.00748	0.05499	0.68309	0.01015	0.01498	0.00846	0.04294	0.01135	0.00812	0.01186	0.04876	0.01122	0.00743	0.00419	0.00370	0.00121	0.00518	0.05779	0.00185	0.00526
29	0.00554	0.00380	0.00458	0.00455	0.00473	0.00394	0.00284	0.01609	0.00582	0.00791	0.02673	0.02247	0.01310	0.67466	0.18431	0.00404	0.00488	0.00517	0.00227	0.00256
30	0.02762	0.01032	0.05783	0.01009	0.01326	0.03727	0.21144	0.41349	0.03001	0.09406	0.04040	0.01056	0.01697	0.00428	0.00391	0.00117	0.00459	0.00378	0.00319	0.00575
31	0.01104	0.06899	0.16417	0.02590	0.17161	0.11189	0.07229	0.14651	0.08675	0.09179	0.00856	0.00931	0.00638	0.00390	0.00364	0.00112	0.00475	0.00325	0.00255	0.00562
32	0.00912	0.00907	0.01069	0.14118	0.16730	0.16733	0.04413	0.08028	0.00909	0.01139	0.01063	0.06389	0.05976	0.03623	0.02000	0.00140	0.07862	0.05719	0.01821	0.00449
33	0.00463	0.00332	0.00442	0.00527	0.00553	0.00310	0.00358	0.00533	0.00727	0.00966	0.02092	0.81766	0.03792	0.01166	0.00480	0.00153	0.00223	0.04463	0.00348	0.00307
34	0.02039	0.04445	0.19212	0.00996	0.06815	0.13847	0.04296	0.18041	0.10058	0.13277	0.00939	0.01016	0.00695	0.00422	0.00366	0.00114	0.00466	0.02111	0.00283	0.00561
35	0.00912	0.11382	0.17170	0.10758	0.07377	0.03570	0.10085	0.06176	0.11408	0.05633	0.04849	0.05554	0.00882	0.00452	0.00382	0.00118	0.01386	0.01147	0.00247	0.00512
36	0.01182	0.10038	0.19931	0.00922	0.02671	0.08414	0.09882	0.10504	0.01020	0.25228	0.02136	0.01104	0.02916	0.00426	0.00367	0.00113	0.00455	0.01849	0.00289	0.00552
37	0.00463	0.00331	0.00442	0.00529	0.00553	0.00310	0.00358	0.00532	0.00724	0.00964	0.02065	0.83390	0.02469	0.01170	0.00480	0.00153	0.00223	0.04190	0.00348	0.00306
38	0.01552	0.00576	0.06779	0.02662	0.00777	0.03274	0.03555	0.00736	0.02302	0.01804	0.10948	0.27636	0.25054	0.00889	0.00447	0.00137	0.00286	0.09901	0.00326	0.00360
39	0.01680	0.00745	0.02363	0.20059	0.29183	0.00772	0.03711	0.06741	0.06234	0.04208	0.06309	0.04105	0.07722	0.00537	0.02134	0.00131	0.00413	0.02201	0.00254	0.00497
40	0.00942	0.00768	0.00818	0.00732	0.00943	0.00871	0.00571	0.01887	0.73661	0.06127	0.01677	0.01541	0.06714	0.00536	0.00386	0.00127	0.00291	0.00446	0.00384	0.00578
41	0.00717	0.00457	0.00595	0.04135	0.00711	0.00469	0.00426	0.05429	0.00787	0.09806	0.10081	0.08527	0.01552	0.29909	0.16676	0.00298	0.00454	0.08325	0.00293	0.00352
42	0.00848	0.00877	0.01680	0.20182	0.15871	0.00916	0.39177	0.02744	0.00840	0.01146	0.00757	0.01101	0.00614	0.00392	0.00486	0.00128	0.08021	0.03536	0.00191	0.00489
43	0.01115	0.00687	0.00792	0.00682	0.00859	0.05893	0.00536	0.09156	0.09698	0.29271	0.02688	0.07514	0.02769	0.08402	0.10419	0.00201	0.05284	0.02523	0.01018	0.00492
44	0.00496	0.00386	0.00497	0.00601	0.06165	0.00356	0.00386	0.00580	0.00761	0.00984	0.02412	0.48861	0.25574	0.06366	0.00552	0.00156	0.00239	0.03974	0.00330	0.00324

[dist]
# distance from previous block
# <min> <max>
0	3

[block]
# block no. 10 follows, 73 sequences, length 26
# corresponding to MSA columns:
# 419-444
name=unknown_K
#
# <colnr> <probs for GDERKNQSTAVLIFYWHMCP>
#	G	D	E	R	K	N	Q	S	T	A	V	L	I	F	Y	W	H	M	C	P
0	0.00800	0.00664	0.00772	0.00578	0.00877	0.00536	0.00457	0.07908	0.00856	0.01292	0.00831	0.09634	0.00761	0.00385	0.00307	0.00070	0.00283	0.00319	0.00248	0.72419
1	0.03668	0.00759	0.01126	0.44565	0.10589	0.00870	0.03152	0.11794	0.07431	0.07933	0.00877	0.01058	0.01911	0.00411	0.00392	0.00122	0.02255	0.00351	0.00242	0.00496
2	0.00506	0.00376	0.00478	0.00547	0.00589	0.00370	0.00374	0.00674	0.09284	0.01021	0.02012	0.77789	0.02344	0.01107	0.00469	0.00150	0.00226	0.01000	0.00352	0.00335
3	0.01153	0.32346	0.17955	0.00842	0.01165	0.28318	0.00812	0.04616	0.00930	0.07707	0.00662	0.00729	0.00523	0.00366	0.00311	0.00097	0.00514	0.00249	0.00204	0.00500
4	0.04226	0.01857	0.78164	0.01039	0.01570	0.00882	0.01321	0.04547	0.00826	0.01256	0.00677	0.00789	0.00479	0.00360	0.00352	0.00118	0.00538	0.00277	0.00170	0.00552
5	0.01066	0.71317	0.03676	0.00687	0.01010	0.01419	0.00670	0.14329	0.00924	0.01128	0.00586	0.00654	0.00507	0.00343	0.00265	0.00086	0.00407	0.00224	0.00195	0.00508
6	0.00984	0.76930	0.06902	0.00675	0.01004	0.01416	0.00684	0.01178	0.05557	0.00941	0.00589	0.00659	0.00519	0.00334	0.00256	0.00085	0.00404	0.00218	0.00173	0.00492
7	0.00709	0.00667	0.01125	0.85913	0.02584	0.00834	0.01042	0.00959	0.00750	0.00959	0.00667	0.01000	0.00500	0.00375	0.00375	0.00125	0.00500	0.00333	0.00167	0.00417
8	0.00459	0.00336	0.00431	0.00502	0.00540	0.00309	0.00340	0.00533	0.00752	0.00991	0.06231	0.71871	0.13073	0.01127	0.00473	0.00147	0.00212	0.01013	0.00351	0.00309
9	0.00496	0.00377	0.00469	0.00504	0.00582	0.00336	0.00361	0.00593	0.00790	0.01048	0.09221	0.50069	0.19035	0.01014	0.00455	0.00138	0.00222	0.06544	0.00343	0.07403
10	0.00778	0.00667	0.00778	0.00556	0.00889	0.00500	0.00445	0.00945	0.00778	0.01223	0.00667	0.00778	0.00556	0.00278	0.00278	0.00056	0.00278	0.00222	0.00222	0.89108
11	0.00458	0.00367	0.00409	0.00427	0.00523	0.00319	0.00309	0.00557	0.00849	0.01064	0.13919	0.23687	0.53832	0.00981	0.00452	0.00132	0.00195	0.00844	0.00357	0.00319
12	0.00455	0.00333	0.00429	0.00505	0.00540	0.00306	0.00341	0.00524	0.00735	0.00965	0.02279	0.76478	0.12437	0.01148	0.00475	0.00149	0.00214	0.01033	0.00348	0.00306
13	0.02616	0.08978	0.04663	0.00959	0.01185	0.40740	0.08691	0.03819	0.08259	0.05538	0.00726	0.00825	0.00578	0.00420	0.00449	0.00111	0.10447	0.00294	0.00222	0.00478
14	0.00977	0.01038	0.01124	0.00973	0.01027	0.19985	0.00793	0.02436	0.00713	0.02474	0.00537	0.00798	0.00501	0.00589	0.01001	0.00147	0.63973	0.00310	0.00180	0.00424
15	0.00460	0.00330	0.00437	0.00522	0.00548	0.00308	0.00352	0.00528	0.00726	0.00963	0.02118	0.82293	0.04914	0.01166	0.00479	0.00152	0.00220	0.02830	0.00348	0.00306
16	0.03699	0.01071	0.01075	0.00842	0.01128	0.09761	0.00688	0.63353	0.01584	0.11660	0.00925	0.00913	0.00650	0.00443	0.00368	0.00111	0.00426	0.00329	0.00363	0.00611
17	0.01149	0.01010	0.01293	0.10114	0.12021	0.11504	0.14103	0.23192	0.10637	0.08158	0.00898	0.00990	0.00666	0.00410	0.00399	0.00117	0.02152	0.00355	0.00280	0.00553
18	0.50627	0.01075	0.00742	0.00664	0.00874	0.28948	0.00517	0.05298	0.00831	0.01407	0.00598	0.00753	0.00499	0.05357	0.00371	0.00124	0.00429	0.00242	0.00226	0.00417
19	0.14946	0.00523	0.00627	0.00583	0.00674	0.00601	0.00441	0.05820	0.00674	0.03092	0.00938	0.01497	0.00909	0.23832	0.36020	0.00386	0.07466	0.00397	0.00227	0.00351
20	0.01013	0.05527	0.00860	0.00689	0.02160	0.05004	0.00543	0.21763	0.09857	0.12048	0.24617	0.03850	0.07086	0.00601	0.00396	0.00117	0.00315	0.02685	0.00370	0.00497
21	0.00954	0.00713	0.00731	0.00638	0.00810	0.09446	0.00495	0.17174	0.05919	0.12357	0.26373	0.10539	0.10945	0.00672	0.00410	0.00119	0.00307	0.00564	0.00374	0.00460
22	0.02334	0.01839	0.05650	0.00696	0.00907	0.08286	0.00574	0.19378	0.07071	0.15429	0.06072	0.11162	0.06632	0.07492	0.01354	0.00144	0.00367	0.02360	0.00338	0.01915
