[name]
unknown

[dist]
# distance from previous block
# <min> <max>
0	0

[block]
# block no. 0 follows, 69 sequences, length 41
# corresponding to MSA columns:
# 0-40
name=unknown_A
#
# <colnr> <probs for GDERKNQSTAVLIFYWHMCP>
#	G	D	E	R	K	N	Q	S	T	A	V	L	I	F	Y	W	H	M	C	P
0	0.00632	0.00451	0.00632	0.00722	0.00812	0.00451	0.00632	0.00812	0.00902	0.01173	0.02076	0.04422	0.02256	0.01083	0.00541	0.00180	0.00361	0.81138	0.00361	0.00361
1	0.00731	0.00365	0.00365	0.00365	0.00457	0.00365	0.00274	0.00913	0.00822	0.01462	0.01279	0.01462	0.01005	0.00457	0.00274	0.00091	0.00183	0.00365	0.88399	0.00365
2	0.88991	0.00758	0.00576	0.00516	0.00758	0.00879	0.00425	0.01152	0.00667	0.01759	0.00546	0.00637	0.00425	0.00364	0.00243	0.00121	0.00303	0.00212	0.00243	0.00425
3	0.00480	0.00398	0.00421	0.00415	0.00540	0.00338	0.00311	0.00595	0.00934	0.01154	0.18733	0.03616	0.68797	0.00957	0.00463	0.00131	0.00196	0.00805	0.00377	0.00338
4	0.00535	0.00357	0.00469	0.00538	0.00579	0.00332	0.00366	0.00617	0.00786	0.03908	0.05885	0.73873	0.04575	0.01147	0.00485	0.00153	0.00227	0.01035	0.03799	0.00335
5	0.84123	0.00753	0.00595	0.00526	0.00772	0.00863	0.00433	0.01195	0.00693	0.06351	0.00602	0.00676	0.00455	0.00371	0.00251	0.00121	0.00305	0.00222	0.00256	0.00438
6	0.00498	0.00394	0.00431	0.00436	0.00550	0.00339	0.00322	0.00606	0.00908	0.02421	0.14888	0.15002	0.59850	0.00991	0.00467	0.00135	0.00203	0.00844	0.00375	0.00340
7	0.00936	0.00522	0.00654	0.00600	0.00747	0.00474	0.00457	0.01095	0.03076	0.21563	0.34502	0.12699	0.07720	0.00806	0.00465	0.00141	0.00264	0.04360	0.08443	0.00477
8	0.00546	0.00397	0.00523	0.03020	0.00671	0.00391	0.00410	0.05110	0.00814	0.01089	0.03423	0.74446	0.02390	0.01214	0.03391	0.00172	0.00275	0.01019	0.00356	0.00343
9	0.06039	0.00726	0.00916	0.00707	0.01008	0.01975	0.00582	0.08282	0.01150	0.70227	0.01414	0.01246	0.00903	0.00472	0.00384	0.00119	0.00345	0.00376	0.00455	0.02673
10	0.01101	0.70903	0.04820	0.00737	0.01061	0.13875	0.00711	0.01234	0.00844	0.00939	0.00560	0.00648	0.00503	0.00347	0.00271	0.00088	0.00468	0.00219	0.00173	0.00499
11	0.00939	0.01130	0.09246	0.01440	0.01830	0.03484	0.59988	0.03351	0.06041	0.01302	0.00827	0.01032	0.00622	0.00350	0.00434	0.00125	0.00602	0.00421	0.00215	0.06621
12	0.01236	0.06044	0.03686	0.03960	0.13046	0.23837	0.05323	0.17636	0.12202	0.05695	0.00884	0.00959	0.00676	0.00429	0.00400	0.00116	0.02697	0.00335	0.00275	0.00563
13	0.10752	0.02702	0.03588	0.01947	0.12773	0.06466	0.04112	0.16771	0.05989	0.19824	0.01169	0.06406	0.03444	0.00533	0.01676	0.00130	0.00416	0.00408	0.00329	0.00566
14	0.02112	0.03633	0.00953	0.02403	0.04322	0.27097	0.00640	0.03253	0.12864	0.11886	0.09425	0.05224	0.01177	0.00587	0.02456	0.00127	0.00456	0.03542	0.00309	0.07534
15	0.00774	0.00460	0.00592	0.00529	0.00659	0.00426	0.00407	0.03371	0.01117	0.13968	0.64058	0.02545	0.03044	0.00724	0.00439	0.00121	0.00215	0.00631	0.05497	0.00423
16	0.05906	0.00688	0.00894	0.00693	0.00984	0.00624	0.00571	0.07240	0.01148	0.70796	0.05219	0.01347	0.01049	0.00493	0.00390	0.00121	0.00332	0.00397	0.00465	0.00642
17	0.01012	0.00790	0.00911	0.00679	0.00999	0.03085	0.01858	0.12982	0.00995	0.08810	0.00830	0.02471	0.00662	0.00366	0.00348	0.00080	0.02487	0.00288	0.00278	0.60070
18	0.00792	0.01990	0.81003	0.01138	0.01710	0.00914	0.04598	0.01242	0.00831	0.01242	0.00707	0.00837	0.00500	0.00371	0.00376	0.00124	0.00583	0.00296	0.00167	0.00577
19	0.00478	0.00341	0.00455	0.00546	0.00569	0.00318	0.00364	0.00546	0.00751	0.01001	0.02161	0.85966	0.02593	0.01228	0.00500	0.00159	0.00227	0.01114	0.00364	0.00318
20	0.00584	0.00383	0.00456	0.00479	0.00510	0.00383	0.00312	0.01873	0.00688	0.00978	0.01494	0.24764	0.01653	0.41196	0.07045	0.00286	0.00356	0.02652	0.13612	0.00296
21	0.00957	0.56996	0.30716	0.00827	0.01247	0.01328	0.00942	0.01198	0.00807	0.01034	0.00600	0.00698	0.00501	0.00348	0.00294	0.00098	0.00475	0.00238	0.00167	0.00530
22	0.80750	0.00781	0.00627	0.00548	0.00797	0.00898	0.00451	0.07136	0.00763	0.03528	0.00596	0.00674	0.00454	0.00374	0.00257	0.00121	0.00313	0.00226	0.00259	0.00447
23	0.01147	0.00594	0.00688	0.00585	0.00775	0.00592	0.00463	0.14098	0.05631	0.25823	0.01387	0.07544	0.01069	0.00528	0.00351	0.00112	0.00277	0.00431	0.37393	0.00512
24	0.00575	0.00450	0.00597	0.00640	0.00698	0.00474	0.00501	0.00686	0.00797	0.01052	0.02160	0.34705	0.13812	0.02554	0.01922	0.00175	0.10674	0.26848	0.00335	0.00347
25	0.00568	0.00387	0.00464	0.00464	0.00476	0.00400	0.00283	0.00593	0.00581	0.00787	0.01202	0.02382	0.01345	0.71295	0.16813	0.00425	0.00500	0.00543	0.00233	0.00258
26	0.00478	0.00341	0.00455	0.00546	0.00569	0.00318	0.00364	0.00546	0.00751	0.01001	0.02161	0.85966	0.02593	0.01228	0.00500	0.00159	0.00227	0.01114	0.00364	0.00318
27	0.00925	0.01058	0.02313	0.01652	0.02049	0.00991	0.82353	0.01256	0.00925	0.01256	0.00793	0.01058	0.00595	0.00330	0.00463	0.00132	0.00661	0.00463	0.00198	0.00529
28	0.00858	0.00858	0.01201	0.01029	0.01029	0.01201	0.00858	0.00943	0.00600	0.00943	0.00515	0.00858	0.00515	0.00686	0.01287	0.00172	0.85505	0.00343	0.00172	0.00429
29	0.00740	0.00697	0.01176	0.85280	0.02700	0.00871	0.01089	0.01002	0.00784	0.01002	0.00697	0.01045	0.00523	0.00392	0.00392	0.00131	0.00523	0.00348	0.00174	0.00436
30	0.88991	0.00758	0.00576	0.00516	0.00758	0.00879	0.00425	0.01152	0.00667	0.01759	0.00546	0.00637	0.00425	0.00364	0.00243	0.00121	0.00303	0.00212	0.00243	0.00425
31	0.00925	0.01058	0.02313	0.01652	0.02049	0.00991	0.82353	0.01256	0.00925	0.01256	0.00793	0.01058	0.00595	0.00330	0.00463	0.00132	0.00661	0.00463	0.00198	0.00529
32	0.01048	0.86458	0.02054	0.00671	0.01006	0.01551	0.00671	0.01174	0.00797	0.00922	0.00545	0.00629	0.00503	0.00335	0.00252	0.00084	0.00419	0.00210	0.00168	0.00503
33	0.01759	0.00667	0.00910	0.00698	0.01001	0.00576	0.00576	0.01911	0.01122	0.84048	0.01547	0.01334	0.00970	0.00485	0.00394	0.00121	0.00334	0.00394	0.00485	0.00667
34	0.04339	0.00661	0.00883	0.00682	0.00977	0.00579	0.00563	0.01858	0.01099	0.79090	0.01509	0.01317	0.00955	0.00481	0.00386	0.00120	0.00328	0.00388	0.03134	0.00651
35	0.88991	0.00758	0.00576	0.00516	0.00758	0.00879	0.00425	0.01152	0.00667	0.01759	0.00546	0.00637	0.00425	0.00364	0.00243	0.00121	0.00303	0.00212	0.00243	0.00425
36	0.00471	0.00398	0.00409	0.00414	0.00541	0.00335	0.00312	0.00574	0.00894	0.01070	0.05149	0.05802	0.77530	0.00999	0.00467	0.00135	0.00205	0.03600	0.00365	0.00332
37	0.01090	0.00603	0.00756	0.00642	0.00839	0.00585	0.00512	0.08166	0.10822	0.29277	0.35739	0.02123	0.02169	0.00649	0.00430	0.00126	0.00278	0.04231	0.00439	0.00524
38	0.00975	0.00842	0.00886	0.00798	0.01019	0.00975	0.00621	0.02083	0.83069	0.01640	0.01596	0.01463	0.01197	0.00532	0.00399	0.00133	0.00310	0.00443	0.00399	0.00621
39	0.00866	0.00495	0.00509	0.00461	0.00591	0.00516	0.00358	0.15388	0.01003	0.01641	0.01219	0.01369	0.00945	0.00459	0.00295	0.00096	0.00227	0.00363	0.72779	0.00419
40	0.82339	0.00806	0.00611	0.00544	0.00786	0.04712	0.00444	0.01194	0.00701	0.04211	0.00579	0.00661	0.00445	0.00369	0.00252	0.00120	0.00323	0.00220	0.00248	0.00433

[dist]
# distance from previous block
# <min> <max>
0	1

[block]
# block no. 1 follows, 69 sequences, length 160
# corresponding to MSA columns:
# 42-201
name=unknown_B
#
# <colnr> <probs for GDERKNQSTAVLIFYWHMCP>
#	G	D	E	R	K	N	Q	S	T	A	V	L	I	F	Y	W	H	M	C	P
0	0.19270	0.00742	0.01112	0.56395	0.10608	0.00886	0.02272	0.01057	0.00770	0.01192	0.00668	0.00949	0.00513	0.00385	0.00374	0.00128	0.01710	0.00322	0.00191	0.00454
1	0.88991	0.00758	0.00576	0.00516	0.00758	0.00879	0.00425	0.01152	0.00667	0.01759	0.00546	0.00637	0.00425	0.00364	0.00243	0.00121	0.00303	0.00212	0.00243	0.00425
2	0.00740	0.00697	0.01176	0.85280	0.02700	0.00871	0.01089	0.01002	0.00784	0.01002	0.00697	0.01045	0.00523	0.00392	0.00392	0.00131	0.00523	0.00348	0.00174	0.00436
3	0.00509	0.00365	0.00435	0.00477	0.00510	0.00343	0.00306	0.00558	0.00709	0.00923	0.02131	0.41490	0.15953	0.32261	0.01041	0.00235	0.00278	0.00867	0.00318	0.00291
4	0.00560	0.00419	0.00627	0.00627	0.00696	0.00488	0.00486	0.00698	0.00629	0.00908	0.01053	0.01555	0.00986	0.04131	0.83487	0.00626	0.01041	0.00422	0.00210	0.00348
5	0.00925	0.01058	0.02313	0.01652	0.02049	0.00991	0.82353	0.01256	0.00925	0.01256	0.00793	0.01058	0.00595	0.00330	0.00463	0.00132	0.00661	0.00463	0.00198	0.00529
6	0.00731	0.00365	0.00365	0.00365	0.00457	0.00365	0.00274	0.00913	0.00822	0.01462	0.01279	0.01462	0.01005	0.00457	0.00274	0.00091	0.00183	0.00365	0.88399	0.00365
7	0.00970	0.00931	0.01591	0.02406	0.83777	0.00931	0.01203	0.01203	0.00893	0.01281	0.00737	0.00970	0.00621	0.00349	0.00388	0.00116	0.00466	0.00349	0.00194	0.00621
8	0.88991	0.00758	0.00576	0.00516	0.00758	0.00879	0.00425	0.01152	0.00667	0.01759	0.00546	0.00637	0.00425	0.00364	0.00243	0.00121	0.00303	0.00212	0.00243	0.00425
9	0.01465	0.01843	0.01113	0.01006	0.01212	0.81856	0.00757	0.04273	0.01135	0.01010	0.00617	0.00715	0.00510	0.00406	0.00355	0.00102	0.00698	0.00256	0.00208	0.00462
10	0.88991	0.00758	0.00576	0.00516	0.00758	0.00879	0.00425	0.01152	0.00667	0.01759	0.00546	0.00637	0.00425	0.00364	0.00243	0.00121	0.00303	0.00212	0.00243	0.00425
11	0.00624	0.00446	0.00623	0.00714	0.00801	0.00445	0.00619	0.00799	0.00895	0.01165	0.02080	0.08341	0.02272	0.01090	0.00540	0.00179	0.00355	0.77292	0.00361	0.00359
12	0.01600	0.00632	0.00857	0.00669	0.00945	0.00548	0.00548	0.01754	0.01116	0.73257	0.10510	0.01561	0.03092	0.00531	0.00403	0.00122	0.00314	0.00438	0.00477	0.00627
13	0.00750	0.00706	0.01193	0.81929	0.05978	0.00873	0.01093	0.01010	0.00788	0.01013	0.00698	0.01042	0.00527	0.00390	0.00392	0.00130	0.00520	0.00348	0.00175	0.00443
14	0.01036	0.82656	0.05753	0.00691	0.01037	0.01522	0.00706	0.01177	0.00798	0.00937	0.00552	0.00638	0.00503	0.00337	0.00257	0.00086	0.00426	0.00213	0.00168	0.00507
15	0.00553	0.00401	0.00522	0.00491	0.00585	0.00369	0.00369	0.00737	0.01106	0.01563	0.82125	0.02944	0.05150	0.00805	0.00462	0.00123	0.00185	0.00711	0.00430	0.00369
16	0.00566	0.00379	0.00429	0.00432	0.00433	0.00378	0.00243	0.00569	0.00577	0.00770	0.01273	0.05938	0.01472	0.82786	0.01935	0.00371	0.00374	0.00592	0.00243	0.00241
17	0.01000	0.00907	0.00958	0.00845	0.01072	0.05540	0.03998	0.02021	0.75211	0.01587	0.01509	0.01405	0.01134	0.00517	0.00399	0.00131	0.00346	0.00434	0.00380	0.00608
18	0.00904	0.01173	0.17244	0.04996	0.01831	0.00913	0.49894	0.03643	0.00917	0.02319	0.00774	0.00983	0.00579	0.00342	0.00418	0.00121	0.00582	0.00392	0.00205	0.11772
19	0.01148	0.02657	0.05941	0.03599	0.01626	0.09729	0.38142	0.16209	0.03974	0.08854	0.00877	0.01012	0.00643	0.00395	0.00435	0.00124	0.02317	0.00392	0.00264	0.01664
20	0.00747	0.00704	0.01188	0.82763	0.05162	0.00873	0.01092	0.01008	0.00787	0.01010	0.00698	0.01043	0.00526	0.00391	0.00392	0.00130	0.00521	0.00348	0.00175	0.00441
21	0.00597	0.00429	0.00587	0.00643	0.00730	0.00418	0.00537	0.00770	0.00946	0.01265	0.23726	0.09967	0.03949	0.01017	0.00516	0.00163	0.00302	0.52697	0.00380	0.00360
22	0.01296	0.00899	0.01046	0.00991	0.10801	0.10815	0.03196	0.17164	0.03472	0.27091	0.02296	0.09347	0.01021	0.00608	0.02663	0.00136	0.01497	0.02616	0.00355	0.02690
23	0.58651	0.01090	0.02764	0.00723	0.03434	0.23773	0.00563	0.01258	0.00801	0.01500	0.00601	0.02216	0.00494	0.00390	0.00285	0.00116	0.00424	0.00246	0.00230	0.00441
24	0.00478	0.00341	0.00455	0.00546	0.00569	0.00318	0.00364	0.00546	0.00751	0.01001	0.02161	0.85966	0.02593	0.01228	0.00500	0.00159	0.00227	0.01114	0.00364	0.00318
25	0.00687	0.00502	0.00691	0.00607	0.00750	0.00471	0.06135	0.04533	0.02563	0.06199	0.49526	0.04793	0.15543	0.00784	0.00459	0.00129	0.00252	0.04567	0.00400	0.00408
26	0.88991	0.00758	0.00576	0.00516	0.00758	0.00879	0.00425	0.01152	0.00667	0.01759	0.00546	0.00637	0.00425	0.00364	0.00243	0.00121	0.00303	0.00212	0.00243	0.00425
27	0.01475	0.01432	0.01141	0.00948	0.01206	0.38853	0.00748	0.42727	0.01476	0.03713	0.00798	0.00844	0.00599	0.00444	0.00389	0.00111	0.01916	0.00308	0.00305	0.00567
28	0.00625	0.00447	0.00626	0.00707	0.00795	0.00450	0.00612	0.00800	0.00886	0.01160	0.03715	0.04204	0.02203	0.02690	0.05067	0.00207	0.00395	0.73700	0.00352	0.00358
29	0.88991	0.00758	0.00576	0.00516	0.00758	0.00879	0.00425	0.01152	0.00667	0.01759	0.00546	0.00637	0.00425	0.00364	0.00243	0.00121	0.00303	0.00212	0.00243	0.00425
30	0.00475	0.00397	0.00413	0.00411	0.00537	0.00335	0.00308	0.00584	0.00917	0.01120	0.13537	0.05163	0.72510	0.00974	0.00464	0.00132	0.00197	0.00818	0.00372	0.00335
31	0.17589	0.00684	0.00789	0.00648	0.00904	0.00681	0.00526	0.01693	0.15586	0.45445	0.02621	0.01265	0.00956	0.00473	0.00357	0.00121	0.00308	0.00372	0.08402	0.00582
32	0.00860	0.00866	0.01246	0.01054	0.01070	0.01192	0.04153	0.00956	0.00614	0.00956	0.00526	0.00866	0.00518	0.00672	0.01253	0.00170	0.82074	0.00348	0.00173	0.00433
33	0.00480	0.00343	0.00457	0.00548	0.00572	0.00320	0.00367	0.00549	0.00753	0.01003	0.02160	0.84896	0.02588	0.01226	0.00501	0.00159	0.00229	0.02165	0.00364	0.00319
34	0.00740	0.00697	0.01176	0.85280	0.02700	0.00871	0.01089	0.01002	0.00784	0.01002	0.00697	0.01045	0.00523	0.00392	0.00392	0.00131	0.00523	0.00348	0.00174	0.00436
35	0.00560	0.00420	0.00630	0.00630	0.00700	0.00490	0.00490	0.00700	0.00630	0.00910	0.01050	0.01540	0.00980	0.02940	0.84669	0.00630	0.01050	0.00420	0.00210	0.00350
36	0.00813	0.00697	0.00813	0.00581	0.00929	0.00523	0.00465	0.00987	0.00813	0.01277	0.00697	0.00813	0.00581	0.00290	0.00290	0.00058	0.00290	0.00232	0.00232	0.88619
37	0.00975	0.00842	0.00886	0.00798	0.01019	0.00975	0.00621	0.02083	0.83069	0.01640	0.01596	0.01463	0.01197	0.00532	0.00399	0.00133	0.00310	0.00443	0.00399	0.00621
38	0.01752	0.00678	0.00916	0.00702	0.01006	0.00592	0.00580	0.03849	0.01139	0.82085	0.01532	0.01325	0.00963	0.00485	0.00394	0.00121	0.00336	0.00393	0.00483	0.00667
39	0.88991	0.00758	0.00576	0.00516	0.00758	0.00879	0.00425	0.01152	0.00667	0.01759	0.00546	0.00637	0.00425	0.00364	0.00243	0.00121	0.00303	0.00212	0.00243	0.00425
40	0.01423	0.01053	0.01132	0.00882	0.01179	0.01165	0.00723	0.75466	0.05143	0.02370	0.01023	0.04792	0.00775	0.00507	0.00397	0.00120	0.00417	0.00391	0.00391	0.00649
41	0.01462	0.01074	0.01141	0.00881	0.01181	0.02563	0.00722	0.76093	0.01766	0.04344	0.00961	0.01008	0.00700	0.03700	0.00452	0.00127	0.00432	0.00360	0.00385	0.00647
42	0.01685	0.00696	0.00919	0.00708	0.01004	0.00627	0.00583	0.09271	0.01188	0.73183	0.04836	0.01363	0.01054	0.00497	0.00397	0.00121	0.00337	0.00403	0.00474	0.00655
43	0.25930	0.01372	0.00925	0.00872	0.03032	0.48127	0.00658	0.01419	0.05895	0.01248	0.00756	0.01002	0.00651	0.00447	0.00339	0.00115	0.00540	0.05984	0.00236	0.00453
44	0.01490	0.01098	0.01177	0.00902	0.01216	0.01216	0.00745	0.82470	0.01843	0.02471	0.00941	0.00941	0.00667	0.00471	0.00392	0.00118	0.00431	0.00353	0.00392	0.00667
45	0.00786	0.02028	0.84191	0.01117	0.01697	0.00910	0.01448	0.01242	0.00828	0.01242	0.00704	0.00828	0.00497	0.00372	0.00372	0.00124	0.00579	0.00290	0.00166	0.00579
46	0.01759	0.00667	0.00910	0.00698	0.01001	0.00576	0.00576	0.01911	0.01122	0.84048	0.01547	0.01334	0.00970	0.00485	0.00394	0.00121	0.00334	0.00394	0.00485	0.00667
47	0.00925	0.01058	0.02313	0.01652	0.02049	0.00991	0.82353	0.01256	0.00925	0.01256	0.00793	0.01058	0.00595	0.00330	0.00463	0.00132	0.00661	0.00463	0.00198	0.00529
48	0.00813	0.00697	0.00813	0.00581	0.00929	0.00523	0.00465	0.00987	0.00813	0.01277	0.00697	0.00813	0.00581	0.00290	0.00290	0.00058	0.00290	0.00232	0.00232	0.88619
49	0.00570	0.00380	0.00428	0.00428	0.00428	0.00380	0.00238	0.00570	0.00570	0.00760	0.01235	0.02566	0.01425	0.86222	0.01995	0.00380	0.00380	0.00570	0.00238	0.00238
50	0.00560	0.00420	0.00630	0.00630	0.00700	0.00490	0.00490	0.00700	0.00630	0.00910	0.01050	0.01540	0.00980	0.02940	0.84669	0.00630	0.01050	0.00420	0.00210	0.00350
51	0.00574	0.00405	0.00530	0.00496	0.00592	0.00373	0.00373	0.00759	0.01110	0.02898	0.82251	0.02903	0.03655	0.00796	0.00461	0.00123	0.00187	0.00704	0.00432	0.00375
52	0.01464	0.01868	0.01111	0.01010	0.01212	0.84648	0.00757	0.01565	0.01111	0.00959	0.00606	0.00707	0.00505	0.00404	0.00353	0.00101	0.00707	0.00252	0.00202	0.00454
53	0.01507	0.01072	0.01160	0.00890	0.01203	0.01177	0.00735	0.77565	0.01799	0.07437	0.00978	0.00965	0.00685	0.00472	0.00392	0.00118	0.00425	0.00355	0.00398	0.00667
54	0.00813	0.00697	0.00813	0.00581	0.00929	0.00523	0.00465	0.00987	0.00813	0.01277	0.00697	0.00813	0.00581	0.00290	0.00290	0.00058	0.00290	0.00232	0.00232	0.88619
55	0.00560	0.00419	0.00624	0.00624	0.00692	0.00487	0.00482	0.00696	0.00628	0.00906	0.01056	0.01571	0.00993	0.05442	0.82185	0.00623	0.01030	0.00425	0.00211	0.00347
56	0.88991	0.00758	0.00576	0.00516	0.00758	0.00879	0.00425	0.01152	0.00667	0.01759	0.00546	0.00637	0.00425	0.00364	0.00243	0.00121	0.00303	0.00212	0.00243	0.00425
57	0.00472	0.00392	0.00413	0.00419	0.00538	0.00333	0.00310	0.00576	0.00899	0.01097	0.10564	0.11383	0.69256	0.00999	0.00467	0.00134	0.00200	0.00844	0.00370	0.00333
58	0.01141	0.00808	0.00833	0.00709	0.00914	0.08227	0.00563	0.27082	0.05948	0.13006	0.11831	0.07870	0.03198	0.00604	0.00399	0.00121	0.00348	0.03880	0.11994	0.00521
59	0.00531	0.00383	0.00512	0.00595	0.00648	0.00366	0.00450	0.00639	0.00809	0.01060	0.02234	0.51497	0.07632	0.02380	0.00534	0.00168	0.00274	0.28595	0.00361	0.00333
60	0.13084	0.00920	0.01015	0.00788	0.01089	0.00974	0.00651	0.46863	0.01466	0.27601	0.01076	0.01023	0.00729	0.00461	0.00373	0.00119	0.00384	0.00347	0.00401	0.00635
61	0.00858	0.00858	0.01201	0.01029	0.01029	0.01201	0.00858	0.00943	0.00600	0.00943	0.00515	0.00858	0.00515	0.00686	0.01287	0.00172	0.85505	0.00343	0.00172	0.00429
62	0.01464	0.01868	0.01111	0.01010	0.01212	0.84648	0.00757	0.01565	0.01111	0.00959	0.00606	0.00707	0.00505	0.00404	0.00353	0.00101	0.00707	0.00252	0.00202	0.00454
63	0.88991	0.00758	0.00576	0.00516	0.00758	0.00879	0.00425	0.01152	0.00667	0.01759	0.00546	0.00637	0.00425	0.00364	0.00243	0.00121	0.00303	0.00212	0.00243	0.00425
64	0.01464	0.01868	0.01111	0.01010	0.01212	0.84648	0.00757	0.01565	0.01111	0.00959	0.00606	0.00707	0.00505	0.00404	0.00353	0.00101	0.00707	0.00252	0.00202	0.00454
65	0.00478	0.00341	0.00455	0.00546	0.00569	0.00318	0.00364	0.00546	0.00751	0.01001	0.02161	0.85966	0.02593	0.01228	0.00500	0.00159	0.00227	0.01114	0.00364	0.00318
66	0.00580	0.00432	0.00543	0.00510	0.00614	0.00411	0.00384	0.00826	0.06965	0.01548	0.73280	0.02870	0.07959	0.00793	0.00458	0.00124	0.00195	0.00697	0.00425	0.00386
67	0.01464	0.01868	0.01111	0.01010	0.01212	0.84648	0.00757	0.01565	0.01111	0.00959	0.00606	0.00707	0.00505	0.00404	0.00353	0.00101	0.00707	0.00252	0.00202	0.00454
68	0.08867	0.00890	0.00952	0.00787	0.01054	0.00981	0.00633	0.27397	0.37711	0.11740	0.01262	0.01189	0.00915	0.00484	0.00379	0.00123	0.00350	0.00382	0.00388	0.03515
69	0.03008	0.01983	0.06764	0.04180	0.05470	0.02773	0.02644	0.02364	0.00921	0.12227	0.14247	0.16689	0.13044	0.00714	0.00461	0.00129	0.04005	0.02331	0.00329	0.05716
70	0.01205	0.07577	0.30850	0.00944	0.01342	0.04391	0.02412	0.29363	0.01224	0.12961	0.00898	0.00942	0.00637	0.00497	0.02902	0.00133	0.00504	0.00326	0.00291	0.00603
71	0.00477	0.00342	0.00454	0.00544	0.00568	0.00319	0.00363	0.00546	0.00753	0.01002	0.02186	0.84829	0.03714	0.01225	0.00500	0.00159	0.00227	0.01111	0.00364	0.00319
72	0.00863	0.00831	0.02373	0.46761	0.23359	0.01885	0.06743	0.06338	0.01831	0.01198	0.00849	0.01109	0.03350	0.00403	0.00398	0.00126	0.00501	0.00372	0.00204	0.00505
73	0.00864	0.03906	0.04757	0.47250	0.18061	0.02797	0.09158	0.01134	0.02075	0.03629	0.02220	0.01049	0.00627	0.00387	0.00393	0.00125	0.00513	0.00360	0.00198	0.00498
74	0.00607	0.00486	0.00738	0.00745	0.04100	0.00570	0.02009	0.00745	0.00641	0.00929	0.00996	0.01490	0.00937	0.05537	0.70167	0.00555	0.07758	0.00417	0.00207	0.00367
75	0.00546	0.00390	0.00534	0.00624	0.00677	0.00378	0.00483	0.00665	0.00818	0.01078	0.02123	0.49572	0.02443	0.01163	0.00519	0.00169	0.00287	0.36830	0.00363	0.00337
76	0.01048	0.86458	0.02054	0.00671	0.01006	0.01551	0.00671	0.01174	0.00797	0.00922	0.00545	0.00629	0.00503	0.00335	0.00252	0.00084	0.00419	0.00210	0.00168	0.00503
77	0.00802	0.05282	0.69938	0.01155	0.04567	0.00924	0.05863	0.01216	0.00826	0.01217	0.00718	0.00867	0.00527	0.00474	0.03849	0.00144	0.00593	0.00304	0.00170	0.00566
78	0.00957	0.35545	0.08602	0.00861	0.06607	0.02264	0.04077	0.04132	0.10739	0.04204	0.17019	0.01274	0.01245	0.00465	0.00350	0.00108	0.00389	0.00374	0.00270	0.00518
79	0.00586	0.00403	0.00523	0.00495	0.00589	0.00372	0.00370	0.00765	0.01084	0.03366	0.75075	0.06190	0.03483	0.00798	0.00455	0.00123	0.00190	0.00704	0.04057	0.00374
80	0.00858	0.00858	0.01201	0.01029	0.01029	0.01201	0.00858	0.00943	0.00600	0.00943	0.00515	0.00858	0.00515	0.00686	0.01287	0.00172	0.85505	0.00343	0.00172	0.00429
81	0.00740	0.00697	0.01176	0.85280	0.02700	0.00871	0.01089	0.01002	0.00784	0.01002	0.00697	0.01045	0.00523	0.00392	0.00392	0.00131	0.00523	0.00348	0.00174	0.00436
82	0.00858	0.00858	0.01201	0.01029	0.01029	0.01201	0.00858	0.00943	0.00600	0.00943	0.00515	0.00858	0.00515	0.00686	0.01287	0.00172	0.85505	0.00343	0.00172	0.00429
83	0.00463	0.00397	0.00397	0.00397	0.00530	0.00331	0.00298	0.00563	0.00894	0.01059	0.03971	0.03773	0.83618	0.00993	0.00463	0.00132	0.00199	0.00827	0.00364	0.00331
84	0.01464	0.01868	0.01111	0.01010	0.01212	0.84648	0.00757	0.01565	0.01111	0.00959	0.00606	0.00707	0.00505	0.00404	0.00353	0.00101	0.00707	0.00252	0.00202	0.00454
85	0.00975	0.00842	0.00886	0.00798	0.01019	0.00975	0.00621	0.02083	0.83069	0.01640	0.01596	0.01463	0.01197	0.00532	0.00399	0.00133	0.00310	0.00443	0.00399	0.00621
86	0.01048	0.86458	0.02054	0.00671	0.01006	0.01551	0.00671	0.01174	0.00797	0.00922	0.00545	0.00629	0.00503	0.00335	0.00252	0.00084	0.00419	0.00210	0.00168	0.00503
87	0.01490	0.01098	0.01177	0.00902	0.01216	0.01216	0.00745	0.82470	0.01843	0.02471	0.00941	0.00941	0.00667	0.00471	0.00392	0.00118	0.00431	0.00353	0.00392	0.00667
88	0.01048	0.86458	0.02054	0.00671	0.01006	0.01551	0.00671	0.01174	0.00797	0.00922	0.00545	0.00629	0.00503	0.00335	0.00252	0.00084	0.00419	0.00210	0.00168	0.00503
89	0.01490	0.01098	0.01177	0.00902	0.01216	0.01216	0.00745	0.82470	0.01843	0.02471	0.00941	0.00941	0.00667	0.00471	0.00392	0.00118	0.00431	0.00353	0.00392	0.00667
90	0.00786	0.02028	0.84191	0.01117	0.01697	0.00910	0.01448	0.01242	0.00828	0.01242	0.00704	0.00828	0.00497	0.00372	0.00372	0.00124	0.00579	0.00290	0.00166	0.00579
91	0.00479	0.00342	0.00456	0.00545	0.00569	0.00319	0.00364	0.00549	0.00757	0.01010	0.03521	0.84579	0.02611	0.01221	0.00500	0.00159	0.00227	0.01108	0.00365	0.00319
92	0.00478	0.00341	0.00455	0.00546	0.00569	0.00318	0.00364	0.00546	0.00751	0.01001	0.02161	0.85966	0.02593	0.01228	0.00500	0.00159	0.00227	0.01114	0.00364	0.00318
93	0.00479	0.00348	0.00452	0.00531	0.00566	0.00321	0.00358	0.00554	0.00775	0.01025	0.05042	0.76078	0.09638	0.01194	0.00496	0.00156	0.00224	0.01076	0.00366	0.00321
94	0.01464	0.01868	0.01111	0.01010	0.01212	0.84648	0.00757	0.01565	0.01111	0.00959	0.00606	0.00707	0.00505	0.00404	0.00353	0.00101	0.00707	0.00252	0.00202	0.00454
95	0.00486	0.00389	0.00436	0.00444	0.00550	0.00339	0.00326	0.00598	0.00912	0.01154	0.20056	0.16772	0.53056	0.01016	0.01557	0.00141	0.00211	0.00844	0.00376	0.00337
96	0.00565	0.00378	0.00429	0.00434	0.00435	0.00377	0.00244	0.00569	0.00580	0.00773	0.01286	0.07099	0.01489	0.81602	0.01914	0.00368	0.00372	0.00600	0.00244	0.00242
97	0.01759	0.00667	0.00910	0.00698	0.01001	0.00576	0.00576	0.01911	0.01122	0.84048	0.01547	0.01334	0.00970	0.00485	0.00394	0.00121	0.00334	0.00394	0.00485	0.00667
98	0.01629	0.00850	0.01004	0.00775	0.01076	0.02578	0.00638	0.32586	0.01390	0.49482	0.01291	0.01174	0.00846	0.00477	0.00390	0.00119	0.00376	0.00375	0.02287	0.00656
99	0.00794	0.01983	0.80785	0.01171	0.05081	0.00911	0.01438	0.01240	0.00830	0.01243	0.00705	0.00834	0.00502	0.00372	0.00373	0.00124	0.00575	0.00292	0.00167	0.00581
100	0.00487	0.00348	0.00465	0.00556	0.00583	0.00326	0.00380	0.00561	0.00759	0.01011	0.02156	0.81196	0.02573	0.01220	0.00503	0.00160	0.00235	0.05796	0.00364	0.00321
101	0.01002	0.25989	0.42311	0.00981	0.01438	0.01057	0.08325	0.01312	0.00866	0.12098	0.00777	0.00858	0.00570	0.00373	0.00349	0.00113	0.00508	0.00296	0.00211	0.00565
102	0.00935	0.04419	0.01541	0.06889	0.62893	0.00929	0.05856	0.01205	0.04612	0.01268	0.03315	0.02830	0.00770	0.00391	0.00392	0.00119	0.00458	0.00381	0.00212	0.00586
103	0.00683	0.00570	0.00771	0.02044	0.00778	0.00705	0.00550	0.02174	0.03948	0.00944	0.00997	0.05052	0.01015	0.22766	0.29625	0.00375	0.25958	0.00462	0.00222	0.00362
104	0.01365	0.15861	0.01289	0.01012	0.04579	0.66060	0.00763	0.01476	0.01042	0.00966	0.00600	0.00707	0.00510	0.00395	0.00353	0.00100	0.02008	0.00251	0.00195	0.00469
105	0.00970	0.00931	0.01591	0.02406	0.83777	0.00931	0.01203	0.01203	0.00893	0.01281	0.00737	0.00970	0.00621	0.00349	0.00388	0.00116	0.00466	0.00349	0.00194	0.00621
106	0.00980	0.00691	0.00900	0.05578	0.05620	0.00759	0.00643	0.25654	0.01084	0.08687	0.04459	0.01339	0.00952	0.01600	0.38810	0.00352	0.00702	0.00401	0.00296	0.00494
107	0.00740	0.00697	0.01176	0.85280	0.02700	0.00871	0.01089	0.01002	0.00784	0.01002	0.00697	0.01045	0.00523	0.00392	0.00392	0.00131	0.00523	0.00348	0.00174	0.00436
108	0.00549	0.00400	0.00515	0.00487	0.00582	0.00367	0.00365	0.00728	0.01095	0.01537	0.78190	0.02986	0.09100	0.00814	0.00462	0.00124	0.00186	0.00717	0.00427	0.00367
109	0.01445	0.01828	0.01102	0.01002	0.01204	0.81335	0.00752	0.01586	0.04357	0.00986	0.00645	0.00737	0.00532	0.00409	0.00355	0.00102	0.00691	0.00260	0.00210	0.00461
110	0.01377	0.05879	0.05568	0.00999	0.01249	0.59961	0.04303	0.07659	0.04507	0.03908	0.00714	0.00794	0.00565	0.00409	0.00360	0.00106	0.00634	0.00282	0.00230	0.00497
111	0.05504	0.26579	0.32255	0.02455	0.01373	0.07350	0.07732	0.02960	0.00877	0.05931	0.00770	0.02056	0.01769	0.00390	0.00341	0.00111	0.00506	0.00302	0.00205	0.00532
112	0.01048	0.86458	0.02054	0.00671	0.01006	0.01551	0.00671	0.01174	0.00797	0.00922	0.00545	0.00629	0.00503	0.00335	0.00252	0.00084	0.00419	0.00210	0.00168	0.00503
113	0.00492	0.00387	0.00444	0.00453	0.00553	0.00339	0.00331	0.00609	0.00926	0.01192	0.25934	0.19440	0.45537	0.00985	0.00470	0.00135	0.00200	0.00850	0.00383	0.00339
114	0.00616	0.00391	0.00448	0.00443	0.00456	0.00386	0.00256	0.00625	0.00599	0.04202	0.01279	0.05306	0.01446	0.79843	0.01879	0.00362	0.00373	0.00581	0.00252	0.00258
115	0.00990	0.00858	0.01054	0.02230	0.09606	0.05102	0.00748	0.14359	0.12255	0.04236	0.01054	0.13385	0.00972	0.00644	0.00701	0.00143	0.28627	0.00469	0.02062	0.00506
116	0.01743	0.00671	0.00909	0.00700	0.01001	0.00585	0.00577	0.01914	0.02840	0.82320	0.01548	0.01337	0.00975	0.00486	0.00394	0.00122	0.00333	0.00395	0.00483	0.00666
117	0.00479	0.00342	0.00456	0.00545	0.00569	0.00319	0.00364	0.00549	0.00757	0.01011	0.03622	0.84476	0.02613	0.01221	0.00500	0.00159	0.00227	0.01107	0.00365	0.00319
118	0.02663	0.01511	0.48613	0.01184	0.10650	0.00873	0.05966	0.03492	0.06506	0.09955	0.04215	0.01037	0.00746	0.00410	0.00385	0.00124	0.00502	0.00345	0.00238	0.00584
119	0.78036	0.00810	0.02761	0.00626	0.03296	0.00889	0.02204	0.03698	0.00728	0.03220	0.00591	0.00682	0.00453	0.00368	0.00262	0.00121	0.00327	0.00231	0.00247	0.00448
120	0.00658	0.00508	0.00614	0.00575	0.00698	0.00518	0.00439	0.01064	0.20925	0.01566	0.59754	0.03935	0.03028	0.00752	0.00450	0.00128	0.00222	0.03315	0.00420	0.00429
121	0.00580	0.00421	0.00594	0.00617	0.00680	0.00460	0.00481	0.00706	0.00690	0.00951	0.01350	0.02474	0.01392	0.17488	0.47901	0.00468	0.00750	0.21410	0.00254	0.00333
122	0.02056	0.03600	0.19565	0.44622	0.07512	0.08072	0.05490	0.02511	0.00853	0.01116	0.00696	0.00945	0.00526	0.00382	0.00382	0.00124	0.00547	0.00328	0.00182	0.00492
123	0.00716	0.00796	0.11791	0.10789	0.13391	0.02152	0.05202	0.00936	0.03369	0.02183	0.01442	0.29966	0.03703	0.04009	0.00518	0.00151	0.01941	0.06232	0.00273	0.00441
124	0.00697	0.00389	0.00417	0.00403	0.00512	0.00368	0.00305	0.00863	0.00889	0.04806	0.13641	0.02105	0.17025	0.00609	0.00342	0.00105	0.00192	0.00503	0.55456	0.00372
125	0.00739	0.00745	0.04583	0.77745	0.03789	0.00857	0.01081	0.01006	0.00798	0.01035	0.03471	0.01098	0.00629	0.00404	0.00393	0.00130	0.00513	0.00358	0.00183	0.00442
126	0.88991	0.00758	0.00576	0.00516	0.00758	0.00879	0.00425	0.01152	0.00667	0.01759	0.00546	0.00637	0.00425	0.00364	0.00243	0.00121	0.00303	0.00212	0.00243	0.00425
127	0.42826	0.00710	0.00753	0.00612	0.00887	0.00719	0.00505	0.01554	0.00908	0.45309	0.01076	0.01006	0.00713	0.00428	0.00323	0.00121	0.00319	0.00309	0.00371	0.00553
128	0.00561	0.00418	0.00617	0.00617	0.00683	0.00483	0.00474	0.00692	0.00626	0.00901	0.01062	0.01605	0.01008	0.08213	0.79435	0.00614	0.01008	0.00430	0.00212	0.00343
129	0.01754	0.00674	0.00914	0.00701	0.01004	0.00587	0.00579	0.03270	0.01134	0.82672	0.01536	0.01328	0.00965	0.00485	0.00394	0.00121	0.00335	0.00394	0.00484	0.00667
130	0.00722	0.00367	0.00373	0.00372	0.00463	0.00366	0.00279	0.00905	0.00836	0.01467	0.05288	0.01533	0.01136	0.00474	0.00283	0.00093	0.00183	0.00382	0.84113	0.00366
131	0.00634	0.00459	0.00567	0.00526	0.00643	0.00441	0.00399	0.00914	0.10229	0.04296	0.64883	0.02784	0.10159	0.00777	0.00453	0.00125	0.00205	0.00679	0.00424	0.00404
132	0.51452	0.00732	0.00719	0.00598	0.00859	0.00775	0.00491	0.04704	0.02217	0.30070	0.03353	0.00969	0.00730	0.00425	0.00310	0.00121	0.00316	0.00299	0.00340	0.00519
133	0.00612	0.00438	0.00609	0.00698	0.00780	0.00434	0.00596	0.00780	0.00888	0.01159	0.03352	0.13962	0.02318	0.01096	0.00535	0.00177	0.00343	0.70503	0.00362	0.00356
134	0.00485	0.00354	0.00458	0.00525	0.00567	0.00326	0.00358	0.00571	0.00807	0.01074	0.11998	0.68142	0.10581	0.01155	0.00492	0.00152	0.00220	0.01039	0.00372	0.00326
135	0.01751	0.00680	0.00918	0.00704	0.01007	0.00595	0.00581	0.04331	0.01144	0.81597	0.01528	0.01323	0.00961	0.00485	0.00394	0.00121	0.00337	0.00393	0.00482	0.00667
136	0.88991	0.00758	0.00576	0.00516	0.00758	0.00879	0.00425	0.01152	0.00667	0.01759	0.00546	0.00637	0.00425	0.00364	0.00243	0.00121	0.00303	0.00212	0.00243	0.00425
137	0.00563	0.00410	0.00577	0.00577	0.00629	0.00461	0.00424	0.00666	0.00614	0.00871	0.01098	0.01808	0.01096	0.24678	0.63089	0.00565	0.00875	0.00459	0.00217	0.00321
138	0.65842	0.00741	0.00669	0.00567	0.00826	0.00809	0.00467	0.02588	0.00799	0.22343	0.00802	0.00816	0.00565	0.00396	0.00283	0.00121	0.00313	0.00260	0.00306	0.00489
139	0.00510	0.00384	0.00478	0.00534	0.00608	0.00353	0.00399	0.00618	0.00847	0.01089	0.07756	0.39287	0.26999	0.01101	0.00495	0.00153	0.00244	0.17443	0.00368	0.00334
140	0.00498	0.00392	0.00413	0.00416	0.00508	0.00347	0.00289	0.00572	0.00805	0.00988	0.04933	0.05622	0.55671	0.24641	0.00890	0.00202	0.00252	0.01925	0.00330	0.00306
141	0.85611	0.00755	0.00589	0.00523	0.00768	0.00868	0.00430	0.01182	0.00685	0.04948	0.00585	0.00664	0.00446	0.00369	0.00248	0.00121	0.00304	0.00219	0.00252	0.00434
142	0.00570	0.00380	0.00428	0.00428	0.00428	0.00380	0.00238	0.00570	0.00570	0.00760	0.01235	0.02566	0.01425	0.86222	0.01995	0.00380	0.00380	0.00570	0.00238	0.00238
143	0.00740	0.00697	0.01176	0.85280	0.02700	0.00871	0.01089	0.01002	0.00784	0.01002	0.00697	0.01045	0.00523	0.00392	0.00392	0.00131	0.00523	0.00348	0.00174	0.00436
144	0.01048	0.86458	0.02054	0.00671	0.01006	0.01551	0.00671	0.01174	0.00797	0.00922	0.00545	0.00629	0.00503	0.00335	0.00252	0.00084	0.00419	0.00210	0.00168	0.00503
145	0.00873	0.00695	0.00819	0.00588	0.00934	0.00526	0.00472	0.01046	0.00833	0.06518	0.00751	0.00846	0.00605	0.00303	0.00297	0.00062	0.00293	0.00243	0.00248	0.83051
146	0.01365	0.03009	0.01139	0.01008	0.01181	0.70507	0.00772	0.01464	0.01027	0.00956	0.00591	0.00729	0.00506	0.00446	0.00496	0.00112	0.13779	0.00266	0.00197	0.00451
147	0.88991	0.00758	0.00576	0.00516	0.00758	0.00879	0.00425	0.01152	0.00667	0.01759	0.00546	0.00637	0.00425	0.00364	0.00243	0.00121	0.00303	0.00212	0.00243	0.00425
148	0.00468	0.00397	0.00404	0.00402	0.00533	0.00333	0.00302	0.00572	0.00905	0.01087	0.08304	0.03727	0.79267	0.00982	0.00463	0.00132	0.00198	0.00821	0.00368	0.00333
149	0.00740	0.00697	0.01176	0.85280	0.02700	0.00871	0.01089	0.01002	0.00784	0.01002	0.00697	0.01045	0.00523	0.00392	0.00392	0.00131	0.00523	0.00348	0.00174	0.00436
150	0.00813	0.00697	0.00813	0.00581	0.00929	0.00523	0.00465	0.00987	0.00813	0.01277	0.00697	0.00813	0.00581	0.00290	0.00290	0.00058	0.00290	0.00232	0.00232	0.88619
151	0.00480	0.00345	0.00456	0.00539	0.00568	0.00321	0.00362	0.00554	0.00769	0.01025	0.05376	0.79998	0.05347	0.01204	0.00498	0.00157	0.00225	0.01089	0.00367	0.00321
152	0.00513	0.00374	0.00508	0.00558	0.00604	0.00351	0.01696	0.01664	0.00836	0.01133	0.17664	0.67632	0.02747	0.01122	0.00491	0.00151	0.00229	0.01017	0.00375	0.00336
153	0.00550	0.00384	0.00451	0.00453	0.00490	0.00374	0.00290	0.00591	0.00688	0.00910	0.09724	0.06975	0.15487	0.49662	0.07454	0.03957	0.00369	0.00635	0.00280	0.00276
154	0.88991	0.00758	0.00576	0.00516	0.00758	0.00879	0.00425	0.01152	0.00667	0.01759	0.00546	0.00637	0.00425	0.00364	0.00243	0.00121	0.00303	0.00212	0.00243	0.00425
155	0.00830	0.01899	0.74594	0.01080	0.01622	0.00921	0.01355	0.06197	0.03884	0.01327	0.00810	0.00911	0.02038	0.00395	0.00376	0.00124	0.00554	0.00309	0.00191	0.00582
156	0.00740	0.00697	0.01176	0.85280	0.02700	0.00871	0.01089	0.01002	0.00784	0.01002	0.00697	0.01045	0.00523	0.00392	0.00392	0.00131	0.00523	0.00348	0.00174	0.00436
157	0.00745	0.00711	0.08641	0.00795	0.06856	0.00614	0.01871	0.02778	0.17204	0.04150	0.25349	0.14889	0.05607	0.02050	0.04096	0.00155	0.00334	0.00613	0.00350	0.02189
158	0.01182	0.01367	0.01120	0.11635	0.11844	0.47188	0.00820	0.02958	0.05534	0.01081	0.02103	0.03609	0.00702	0.00556	0.04098	0.00136	0.03035	0.00334	0.00220	0.00476
159	0.01045	0.07158	0.30249	0.02688	0.07854	0.00869	0.05971	0.08945	0.01834	0.14799	0.04711	0.01039	0.00771	0.00406	0.00372	0.00113	0.00457	0.00338	0.00265	0.10115

[dist]
# distance from previous block
# <min> <max>
1	9

[block]
# block no. 2 follows, 69 sequences, length 36
# corresponding to MSA columns:
# 211-246
name=unknown_C
#
# <colnr> <probs for GDERKNQSTAVLIFYWHMCP>
#	G	D	E	R	K	N	Q	S	T	A	V	L	I	F	Y	W	H	M	C	P
0	0.09699	0.02563	0.01076	0.02572	0.05279	0.01014	0.06184	0.22249	0.38832	0.01772	0.01209	0.03886	0.00935	0.00493	0.00386	0.00127	0.00375	0.00409	0.00348	0.00591
1	0.00891	0.00800	0.01236	0.05724	0.49236	0.00820	0.00937	0.04618	0.09453	0.01365	0.08287	0.02843	0.05195	0.00496	0.00406	0.00123	0.00397	0.04073	0.02545	0.00555
2	0.01067	0.82900	0.02018	0.00680	0.01015	0.01537	0.00674	0.04563	0.00840	0.00987	0.00562	0.00642	0.00510	0.00341	0.00257	0.00085	0.00420	0.00216	0.00177	0.00510
3	0.00587	0.00462	0.00721	0.00682	0.00763	0.00526	0.04945	0.00727	0.00642	0.00920	0.01036	0.01564	0.00977	0.08059	0.73002	0.00577	0.02814	0.00430	0.00210	0.00354
4	0.00623	0.00445	0.00622	0.00712	0.00799	0.00444	0.00617	0.00798	0.00894	0.01164	0.02080	0.08868	0.02275	0.01091	0.00539	0.00179	0.00354	0.76775	0.00361	0.00359
5	0.00501	0.00360	0.00471	0.00548	0.00585	0.00338	0.00382	0.00583	0.00776	0.01028	0.04901	0.65700	0.06814	0.05801	0.00583	0.00171	0.00247	0.09530	0.00359	0.00321
6	0.01737	0.00702	0.00931	0.00714	0.01018	0.00628	0.00590	0.08450	0.01181	0.77427	0.01498	0.01302	0.00946	0.00484	0.00394	0.00121	0.00342	0.00391	0.00478	0.00667
7	0.01490	0.01098	0.01177	0.00902	0.01216	0.01216	0.00745	0.82470	0.01843	0.02471	0.00941	0.00941	0.00667	0.00471	0.00392	0.00118	0.00431	0.00353	0.00392	0.00667
8	0.00786	0.02028	0.84191	0.01117	0.01697	0.00910	0.01448	0.01242	0.00828	0.01242	0.00704	0.00828	0.00497	0.00372	0.00372	0.00124	0.00579	0.00290	0.00166	0.00579
9	0.01489	0.01138	0.01173	0.00908	0.01216	0.05501	0.00746	0.78314	0.01806	0.02393	0.00924	0.00929	0.00658	0.00467	0.00390	0.00117	0.00446	0.00348	0.00382	0.00656
10	0.00555	0.00401	0.00524	0.00493	0.00586	0.00370	0.00370	0.00740	0.01110	0.01572	0.83570	0.02928	0.03699	0.00801	0.00462	0.00123	0.00185	0.00709	0.00432	0.00370
11	0.00659	0.00424	0.00557	0.00511	0.00622	0.00388	0.00388	0.00841	0.01111	0.08700	0.76481	0.02791	0.03463	0.00774	0.00456	0.00123	0.00198	0.00682	0.00436	0.00396
12	0.00483	0.00345	0.00458	0.00547	0.00571	0.00323	0.00367	0.00553	0.00750	0.00999	0.02136	0.82042	0.02557	0.03280	0.00537	0.00165	0.00234	0.02974	0.00361	0.00317
13	0.00974	0.02365	0.05876	0.03598	0.67045	0.02576	0.07763	0.02797	0.00911	0.01283	0.00738	0.00960	0.00608	0.00353	0.00391	0.00118	0.00492	0.00351	0.00196	0.00604
14	0.01748	0.00685	0.00921	0.00706	0.01010	0.00603	0.00583	0.05279	0.01152	0.80637	0.01521	0.01318	0.00958	0.00485	0.00394	0.00121	0.00338	0.00393	0.00481	0.00667
15	0.00791	0.00760	0.01078	0.00945	0.00965	0.01013	0.03021	0.02089	0.00659	0.00987	0.00868	0.18415	0.00948	0.00785	0.01088	0.00167	0.64288	0.00506	0.00215	0.00412
16	0.53326	0.03378	0.00832	0.03687	0.02163	0.24902	0.00578	0.03165	0.00831	0.01474	0.00580	0.00688	0.00463	0.00385	0.00307	0.00116	0.02218	0.00236	0.00228	0.00444
17	0.00577	0.00385	0.00455	0.00455	0.00471	0.00396	0.00278	0.00609	0.00593	0.00821	0.01210	0.02350	0.01335	0.68910	0.14446	0.00402	0.00471	0.00536	0.05040	0.00262
18	0.01087	0.06082	0.01326	0.01184	0.12234	0.19012	0.13216	0.05473	0.29025	0.01359	0.02267	0.01998	0.00848	0.00450	0.00414	0.00121	0.02685	0.00383	0.00279	0.00554
19	0.01071	0.02206	0.07795	0.01425	0.30482	0.26465	0.00910	0.02846	0.11005	0.01265	0.08595	0.01159	0.02184	0.00444	0.00384	0.00115	0.00498	0.00366	0.00247	0.00538
20	0.00575	0.00384	0.00480	0.00479	0.00505	0.00391	0.00310	0.00594	0.00623	0.00840	0.05535	0.03457	0.06382	0.48637	0.16934	0.12352	0.00475	0.00542	0.00243	0.00263
21	0.00754	0.00689	0.01090	0.63291	0.05662	0.00832	0.00963	0.01089	0.09507	0.01100	0.05075	0.01241	0.00801	0.02810	0.03393	0.00154	0.00495	0.00385	0.00215	0.00451
22	0.01048	0.86458	0.02054	0.00671	0.01006	0.01551	0.00671	0.01174	0.00797	0.00922	0.00545	0.00629	0.00503	0.00335	0.00252	0.00084	0.00419	0.00210	0.00168	0.00503
23	0.00493	0.00377	0.00453	0.00480	0.00560	0.00337	0.00342	0.00603	0.00896	0.01173	0.24467	0.35187	0.31150	0.01033	0.00477	0.00140	0.00206	0.00906	0.00382	0.00337
24	0.03490	0.00795	0.01084	0.02490	0.28622	0.08551	0.04984	0.02521	0.00880	0.06563	0.01268	0.29098	0.01307	0.00686	0.00463	0.00134	0.03960	0.02346	0.00277	0.00483
25	0.00813	0.00697	0.00813	0.00581	0.00929	0.00523	0.00465	0.00987	0.00813	0.01277	0.00697	0.00813	0.00581	0.00290	0.00290	0.00058	0.00290	0.00232	0.00232	0.88619
26	0.88991	0.00758	0.00576	0.00516	0.00758	0.00879	0.00425	0.01152	0.00667	0.01759	0.00546	0.00637	0.00425	0.00364	0.00243	0.00121	0.00303	0.00212	0.00243	0.00425
27	0.00813	0.01843	0.68605	0.01219	0.01764	0.00926	0.16849	0.01244	0.00846	0.01244	0.00721	0.00871	0.00515	0.00364	0.00390	0.00126	0.00595	0.00323	0.00172	0.00570
28	0.01759	0.00667	0.00910	0.00698	0.01001	0.00576	0.00576	0.01911	0.01122	0.84048	0.01547	0.01334	0.00970	0.00485	0.00394	0.00121	0.00334	0.00394	0.00485	0.00667
29	0.00548	0.00400	0.00514	0.00486	0.00581	0.00367	0.00364	0.00726	0.01093	0.01533	0.77567	0.02992	0.09726	0.00816	0.00462	0.00124	0.00186	0.00718	0.00426	0.00367
30	0.00467	0.00396	0.00403	0.00403	0.00532	0.00332	0.00302	0.00568	0.00898	0.01076	0.06684	0.05374	0.79252	0.00991	0.00464	0.00133	0.00199	0.00829	0.00366	0.00332
31	0.00483	0.00398	0.00424	0.00418	0.00542	0.00339	0.00313	0.00601	0.00940	0.01170	0.21123	0.03591	0.66398	0.00952	0.00463	0.00130	0.00196	0.00802	0.00379	0.00339
32	0.00899	0.00805	0.03649	0.03515	0.01137	0.01878	0.08602	0.02500	0.08196	0.05560	0.00855	0.02226	0.00683	0.00351	0.00334	0.00083	0.00355	0.00303	0.00257	0.57811
33	0.00965	0.00926	0.01582	0.04274	0.81950	0.00930	0.01201	0.01199	0.00890	0.01274	0.00737	0.00972	0.00619	0.00350	0.00388	0.00117	0.00467	0.00349	0.00194	0.00617
34	0.10283	0.37600	0.03620	0.02956	0.01095	0.20576	0.00688	0.02782	0.11231	0.04739	0.00749	0.00804	0.00606	0.00390	0.00308	0.00102	0.00464	0.00265	0.00230	0.00509
35	0.21681	0.03925	0.00711	0.00608	0.02127	0.08972	0.00470	0.05852	0.10649	0.02488	0.01880	0.01104	0.00804	0.00428	0.00301	0.00105	0.00313	0.00318	0.32119	0.05146

[dist]
# distance from previous block
# <min> <max>
0	7

[block]
# block no. 3 follows, 69 sequences, length 55
# corresponding to MSA columns:
# 254-308
name=unknown_D
#
# <colnr> <probs for GDERKNQSTAVLIFYWHMCP>
#	G	D	E	R	K	N	Q	S	T	A	V	L	I	F	Y	W	H	M	C	P
0	0.00882	0.06629	0.21684	0.01342	0.28216	0.00847	0.02068	0.04036	0.02038	0.03005	0.02467	0.04167	0.04959	0.00484	0.01949	0.00122	0.01977	0.00375	0.01277	0.11477
