[name]
unknown

[dist]
# distance from previous block
# <min> <max>
0	32

[block]
# block no. 0 follows, 70 sequences, length 45
# corresponding to MSA columns:
# 41-85
name=unknown_A
#
# <colnr> <probs for GDERKNQSTAVLIFYWHMCP>
#	G	D	E	R	K	N	Q	S	T	A	V	L	I	F	Y	W	H	M	C	P
0	0.01005	0.07955	0.15930	0.02906	0.07264	0.02610	0.12594	0.10421	0.15582	0.07589	0.04887	0.02349	0.00919	0.00502	0.01775	0.00131	0.02359	0.02383	0.00281	0.00555
1	0.00677	0.00575	0.00816	0.04882	0.04120	0.02078	0.07818	0.02659	0.00810	0.01123	0.04050	0.40446	0.01599	0.00799	0.00479	0.03823	0.01332	0.00688	0.00289	0.20936
2	0.01688	0.03430	0.17267	0.02349	0.18597	0.00770	0.06456	0.04865	0.09002	0.03274	0.12835	0.06144	0.09724	0.00551	0.00405	0.00123	0.00393	0.00486	0.01129	0.00512
3	0.08840	0.02963	0.05681	0.04507	0.17566	0.06247	0.03969	0.25848	0.08715	0.09311	0.02057	0.01001	0.00716	0.00423	0.00372	0.00118	0.00436	0.00344	0.00301	0.00586
4	0.00743	0.00630	0.00662	0.00626	0.00774	0.03736	0.00472	0.04810	0.31491	0.01381	0.13986	0.18459	0.19099	0.00786	0.00434	0.00133	0.00270	0.00673	0.00378	0.00456
5	0.00672	0.00489	0.00593	0.00576	0.00670	0.01649	0.01578	0.03373	0.10978	0.03871	0.02757	0.20805	0.16093	0.10535	0.12154	0.11501	0.00393	0.00648	0.00307	0.00359
6	0.04874	0.00610	0.00761	0.00594	0.00856	0.00515	0.00476	0.01266	0.00983	0.32426	0.21120	0.01496	0.01459	0.00485	0.00365	0.00099	0.00278	0.00403	0.00372	0.30562
7	0.04730	0.00703	0.00821	0.00599	0.00932	0.00565	0.00483	0.04187	0.00878	0.12650	0.00806	0.00872	0.00623	0.00323	0.00303	0.00071	0.00299	0.00255	0.00270	0.69629
8	0.00821	0.00758	0.01136	0.00934	0.01112	0.07312	0.23492	0.06026	0.00934	0.04531	0.10621	0.29349	0.03884	0.00735	0.00511	0.00137	0.06301	0.00673	0.00302	0.00433
9	0.00828	0.00688	0.00806	0.00577	0.00921	0.00518	0.00462	0.01000	0.00812	0.03392	0.00711	0.00817	0.00584	0.00292	0.00290	0.00059	0.00288	0.00234	0.00236	0.86485
10	0.01502	0.00979	0.01101	0.00855	0.01154	0.04754	0.03254	0.47902	0.06442	0.26301	0.01126	0.01069	0.00770	0.00466	0.00389	0.00118	0.00410	0.00365	0.00401	0.00643
11	0.03770	0.00811	0.00860	0.00768	0.00989	0.00926	0.00600	0.01992	0.74288	0.06189	0.03374	0.01446	0.01202	0.00524	0.00391	0.00130	0.00305	0.00434	0.00395	0.00605
12	0.00902	0.01043	0.17162	0.04066	0.11420	0.00854	0.16091	0.04816	0.20972	0.04744	0.09476	0.04595	0.01122	0.00481	0.00410	0.00127	0.00438	0.00445	0.00286	0.00550
13	0.00799	0.00707	0.01195	0.75085	0.06668	0.00852	0.02872	0.01052	0.00801	0.05237	0.00736	0.01045	0.00546	0.00389	0.00389	0.00128	0.00508	0.00349	0.00189	0.00454
14	0.17532	0.01286	0.00951	0.00820	0.01060	0.42452	0.00639	0.05398	0.01056	0.23991	0.00859	0.00867	0.00619	0.00417	0.00342	0.00110	0.00512	0.00286	0.00293	0.00512
15	0.00700	0.00573	0.00847	0.04700	0.00895	0.02001	0.14211	0.00857	0.05186	0.03370	0.09514	0.04455	0.03729	0.44162	0.01235	0.00255	0.02146	0.00550	0.00265	0.00351
16	0.06918	0.00862	0.00959	0.02859	0.01087	0.00925	0.00635	0.28083	0.27588	0.19624	0.01223	0.01156	0.00869	0.00470	0.00376	0.00120	0.00354	0.00371	0.00387	0.05134
17	0.00910	0.00717	0.00791	0.00709	0.00899	0.00793	0.00549	0.07335	0.50975	0.05168	0.17737	0.07025	0.03462	0.00625	0.00414	0.00130	0.00284	0.00531	0.00401	0.00545
18	0.00865	0.00844	0.01264	0.04779	0.15896	0.01070	0.04511	0.02743	0.00698	0.01041	0.00625	0.02136	0.00593	0.03296	0.01019	0.00160	0.56226	0.00362	0.00185	0.01686
19	0.00469	0.00349	0.00437	0.00508	0.00554	0.00318	0.00346	0.00543	0.00773	0.01002	0.02524	0.68301	0.20136	0.01164	0.00487	0.00152	0.00219	0.01041	0.00360	0.00318
20	0.01448	0.02456	0.01139	0.00867	0.01170	0.01148	0.00715	0.69996	0.07651	0.07911	0.01012	0.00989	0.00715	0.00469	0.00386	0.00117	0.00411	0.00356	0.00391	0.00653
21	0.00559	0.00419	0.00616	0.00613	0.00676	0.00487	0.00471	0.00686	0.00618	0.00889	0.01045	0.01592	0.00997	0.09460	0.76980	0.00596	0.02322	0.00426	0.00209	0.00339
22	0.01119	0.69878	0.01851	0.00724	0.01035	0.13689	0.00680	0.05356	0.00886	0.00995	0.00568	0.00649	0.00506	0.00348	0.00271	0.00087	0.00457	0.00221	0.00182	0.00499
23	0.02278	0.00908	0.12040	0.03856	0.14771	0.00709	0.01768	0.07148	0.00977	0.23760	0.03265	0.02754	0.00813	0.01650	0.00387	0.00109	0.00385	0.00350	0.00300	0.21774
24	0.00970	0.03199	0.02546	0.13183	0.21839	0.04359	0.06358	0.04824	0.09445	0.09398	0.12245	0.01360	0.03053	0.00483	0.00445	0.00123	0.04945	0.00417	0.00281	0.00527
25	0.01188	0.01064	0.01015	0.04495	0.03025	0.17399	0.00696	0.28524	0.21183	0.03918	0.01195	0.05468	0.04373	0.00531	0.00428	0.00122	0.04082	0.00410	0.00330	0.00555
26	0.03022	0.36010	0.05742	0.05215	0.08601	0.27352	0.04953	0.01278	0.00894	0.01010	0.00602	0.00733	0.00512	0.00366	0.00337	0.00100	0.02340	0.00259	0.00182	0.00491
27	0.00927	0.00753	0.03592	0.42861	0.03316	0.00823	0.00843	0.17754	0.01875	0.05491	0.00943	0.05401	0.00746	0.00459	0.00377	0.00122	0.00426	0.00388	0.12421	0.00483
28	0.00478	0.00378	0.00431	0.00451	0.00544	0.00331	0.00326	0.00583	0.00883	0.01123	0.17807	0.26448	0.46820	0.01012	0.00468	0.00137	0.00202	0.00876	0.00372	0.00331
29	0.10480	0.00639	0.00818	0.00645	0.00917	0.00576	0.00529	0.01676	0.01053	0.66571	0.07220	0.01462	0.04631	0.00511	0.00382	0.00121	0.00311	0.00411	0.00447	0.00601
30	0.00554	0.00413	0.00613	0.00613	0.00679	0.00479	0.00472	0.00686	0.00620	0.00893	0.01047	0.01572	0.00991	0.06979	0.80797	0.00611	0.01006	0.00423	0.00209	0.00341
31	0.25019	0.00675	0.00742	0.00596	0.00859	0.01977	0.00483	0.01306	0.00885	0.29517	0.06948	0.01127	0.00910	0.00546	0.04616	0.00130	0.00341	0.00324	0.01608	0.21393
32	0.01251	0.01003	0.00899	0.00757	0.00976	0.18754	0.00600	0.32326	0.05329	0.08313	0.01061	0.02278	0.00815	0.00475	0.00357	0.00109	0.00408	0.02098	0.21662	0.00529
33	0.76301	0.00801	0.00607	0.00551	0.00777	0.06182	0.00444	0.01164	0.03257	0.01647	0.00657	0.05001	0.00558	0.00411	0.00265	0.00121	0.00322	0.00265	0.00248	0.00422
34	0.00936	0.00897	0.01531	0.11072	0.75450	0.00915	0.01178	0.01169	0.00871	0.01238	0.00725	0.00967	0.00604	0.00350	0.00384	0.00117	0.00466	0.00345	0.00190	0.00595
35	0.01451	0.01046	0.01097	0.00852	0.01145	0.04556	0.00699	0.68847	0.01684	0.08336	0.00980	0.00978	0.00693	0.00463	0.00380	0.00114	0.00417	0.00349	0.05279	0.00634
36	0.01022	0.00502	0.00634	0.00539	0.00727	0.00439	0.00426	0.01169	0.01033	0.35292	0.25203	0.02393	0.23169	0.00696	0.00420	0.00122	0.00247	0.00587	0.04905	0.00476
37	0.00545	0.00411	0.00501	0.00497	0.00560	0.00420	0.00350	0.00646	0.02597	0.00941	0.06068	0.05127	0.22853	0.30759	0.24040	0.00350	0.02144	0.00606	0.00276	0.00311
38	0.00494	0.00382	0.00450	0.00458	0.00552	0.00339	0.00334	0.00616	0.00931	0.01219	0.32441	0.20817	0.37650	0.00962	0.00466	0.00133	0.00198	0.00836	0.00384	0.00339
39	0.00725	0.00669	0.01099	0.72387	0.04351	0.00816	0.00994	0.01000	0.03398	0.01063	0.07541	0.02658	0.00832	0.00438	0.00395	0.00129	0.00477	0.00390	0.00204	0.00433
40	0.05084	0.01960	0.01014	0.00784	0.01065	0.05484	0.00636	0.52461	0.01443	0.01986	0.00886	0.02123	0.00685	0.02436	0.01613	0.01096	0.00408	0.00333	0.03588	0.14915
41	0.00541	0.00369	0.00486	0.00524	0.00580	0.00341	0.00366	0.00648	0.00870	0.03987	0.28495	0.54052	0.04230	0.01989	0.00495	0.00147	0.00216	0.00938	0.00384	0.00342
42	0.06848	0.52822	0.09198	0.00766	0.02352	0.05570	0.00733	0.12479	0.00954	0.02808	0.01976	0.00742	0.00576	0.00369	0.00292	0.00096	0.00433	0.00250	0.00214	0.00522
43	0.07195	0.18009	0.04989	0.02370	0.09957	0.11745	0.02309	0.07840	0.03492	0.05979	0.01777	0.00968	0.00680	0.05096	0.02942	0.00130	0.00450	0.00303	0.00239	0.13531
44	0.13726	0.24540	0.06045	0.00880	0.10498	0.06131	0.00691	0.03218	0.01582	0.02400	0.00645	0.00759	0.00537	0.00351	0.00329	0.00093	0.03419	0.00249	0.00211	0.23695

[dist]
# distance from previous block
# <min> <max>
1	12

[block]
# block no. 1 follows, 70 sequences, length 8
# corresponding to MSA columns:
# 98-105
name=unknown_B
#
# <colnr> <probs for GDERKNQSTAVLIFYWHMCP>
#	G	D	E	R	K	N	Q	S	T	A	V	L	I	F	Y	W	H	M	C	P
0	0.01071	0.00699	0.00868	0.00701	0.00926	0.00703	0.05280	0.20624	0.09598	0.15892	0.18811	0.01625	0.04133	0.00541	0.00389	0.00114	0.00312	0.00457	0.11896	0.05361
1	0.00613	0.00497	0.00655	0.08526	0.07834	0.00494	0.00497	0.00829	0.07856	0.01239	0.28231	0.06970	0.25620	0.02875	0.00537	0.05089	0.00267	0.00647	0.00339	0.00386
2	0.00841	0.00898	0.01883	0.01370	0.01695	0.00842	0.64093	0.01136	0.00942	0.01307	0.15313	0.01389	0.01145	0.00414	0.00448	0.00127	0.00548	0.00495	0.04626	0.00487
3	0.00562	0.00382	0.00455	0.00455	0.00467	0.00393	0.00275	0.00585	0.00573	0.00776	0.01192	0.02373	0.01338	0.72841	0.15410	0.00416	0.00483	0.00540	0.00230	0.00253
4	0.03119	0.00992	0.04101	0.00825	0.02989	0.11979	0.00651	0.14835	0.40737	0.01585	0.04468	0.01494	0.09456	0.00541	0.00391	0.00123	0.00376	0.00434	0.00348	0.00555
5	0.42928	0.00864	0.01053	0.03734	0.27986	0.03824	0.04655	0.04170	0.00828	0.05694	0.00684	0.00817	0.00533	0.00366	0.00318	0.00118	0.00396	0.00285	0.00236	0.00510
6	0.00848	0.00848	0.01187	0.01018	0.01018	0.01187	0.00848	0.00933	0.00594	0.00933	0.00509	0.00848	0.00509	0.00679	0.01272	0.00170	0.85666	0.00339	0.00170	0.00424
7	0.18726	0.00810	0.00733	0.00708	0.04498	0.11862	0.00520	0.02972	0.19875	0.05721	0.03809	0.03792	0.23257	0.00610	0.00377	0.00124	0.00333	0.00483	0.00323	0.00466

[dist]
# distance from previous block
# <min> <max>
0	1

[block]
# block no. 2 follows, 70 sequences, length 11
# corresponding to MSA columns:
# 107-117
name=unknown_C
#
# <colnr> <probs for GDERKNQSTAVLIFYWHMCP>
#	G	D	E	R	K	N	Q	S	T	A	V	L	I	F	Y	W	H	M	C	P
0	0.01236	0.00773	0.00945	0.00769	0.00977	0.02855	0.02305	0.25549	0.01155	0.25621	0.04195	0.01306	0.00939	0.06443	0.12662	0.00212	0.08969	0.00397	0.02155	0.00539
1	0.01076	0.01106	0.00972	0.00947	0.10037	0.30277	0.00655	0.04337	0.07885	0.03716	0.03971	0.08442	0.00907	0.00466	0.00360	0.00100	0.00450	0.00370	0.00261	0.23663
2	0.00771	0.00555	0.00661	0.00599	0.00746	0.00571	0.00460	0.01241	0.27096	0.07911	0.51449	0.02316	0.02668	0.00684	0.00432	0.00125	0.00233	0.00594	0.00421	0.00467
3	0.01054	0.00919	0.00924	0.00813	0.01042	0.05562	0.00636	0.11996	0.68714	0.01687	0.01445	0.01342	0.01081	0.00512	0.00391	0.00128	0.00343	0.00417	0.00383	0.00610
4	0.00791	0.00470	0.00593	0.00532	0.00667	0.00446	0.00409	0.01042	0.07691	0.14853	0.55695	0.02381	0.02759	0.00687	0.00423	0.00119	0.00216	0.00596	0.09195	0.00433
5	0.01029	0.00506	0.00680	0.00590	0.00764	0.00455	0.00472	0.01198	0.01082	0.34309	0.43011	0.02418	0.02446	0.00696	0.00438	0.00127	0.00259	0.08598	0.00441	0.00482
6	0.01027	0.00848	0.01276	0.25988	0.34121	0.00920	0.00988	0.12743	0.09117	0.07809	0.00892	0.01053	0.00675	0.00403	0.00387	0.00121	0.00447	0.00358	0.00256	0.00571
7	0.00559	0.00377	0.00425	0.00424	0.00434	0.00373	0.00243	0.00570	0.00600	0.00797	0.04722	0.02604	0.05092	0.79146	0.01845	0.00355	0.00360	0.00580	0.00248	0.00244
8	0.01415	0.00951	0.01132	0.03172	0.01205	0.01015	0.05596	0.56231	0.01550	0.16274	0.01040	0.01042	0.00725	0.00457	0.00385	0.00116	0.00410	0.00363	0.06298	0.00625
9	0.00942	0.00713	0.00838	0.00607	0.00945	0.00568	0.00489	0.06546	0.00903	0.09594	0.00789	0.00864	0.00618	0.00318	0.00304	0.00068	0.00301	0.00254	0.00265	0.74077
10	0.01053	0.00799	0.00888	0.00812	0.06473	0.02889	0.00593	0.38454	0.04187	0.03529	0.06693	0.06682	0.12562	0.09146	0.00565	0.00147	0.00360	0.01618	0.02038	0.00513

[dist]
# distance from previous block
# <min> <max>
0	2

[block]
# block no. 3 follows, 70 sequences, length 21
# corresponding to MSA columns:
# 120-140
name=unknown_D
#
# <colnr> <probs for GDERKNQSTAVLIFYWHMCP>
#	G	D	E	R	K	N	Q	S	T	A	V	L	I	F	Y	W	H	M	C	P
0	0.52951	0.00888	0.00815	0.00668	0.00936	0.01007	0.00551	0.34779	0.01140	0.02030	0.00701	0.00754	0.00519	0.00403	0.00301	0.00118	0.00352	0.00267	0.00301	0.00519
1	0.00957	0.01040	0.03977	0.02514	0.01188	0.23192	0.20282	0.04604	0.00875	0.02387	0.00878	0.01348	0.00807	0.20543	0.11948	0.00244	0.02174	0.00405	0.00218	0.00420
2	0.00561	0.00430	0.00636	0.00630	0.00699	0.00505	0.00492	0.00697	0.00629	0.00905	0.01101	0.01562	0.03284	0.02776	0.79546	0.00593	0.03970	0.00424	0.00211	0.00348
3	0.00519	0.00391	0.00483	0.00485	0.00578	0.00354	0.00364	0.00663	0.00977	0.01312	0.45193	0.14389	0.25219	0.00921	0.00468	0.00133	0.00205	0.06603	0.00395	0.00348
4	0.01300	0.00540	0.00695	0.00568	0.00781	0.00484	0.00457	0.01463	0.01019	0.50033	0.10545	0.01532	0.01268	0.00506	0.00361	0.00111	0.00268	0.00416	0.27115	0.00537
5	0.01474	0.01086	0.01163	0.00892	0.01202	0.01202	0.00737	0.82664	0.01823	0.02443	0.00931	0.00931	0.00659	0.00465	0.00388	0.00116	0.00427	0.00349	0.00388	0.00659
6	0.82959	0.00743	0.00593	0.00522	0.00767	0.00849	0.00430	0.01192	0.00691	0.07550	0.00610	0.00678	0.00458	0.00368	0.00250	0.00120	0.00302	0.00223	0.00257	0.00437
7	0.01036	0.86609	0.02032	0.00663	0.00995	0.01534	0.00663	0.01161	0.00788	0.00912	0.00539	0.00622	0.00498	0.00332	0.00249	0.00083	0.00415	0.00207	0.00166	0.00498
8	0.00897	0.23331	0.47966	0.00957	0.01413	0.01021	0.05802	0.02506	0.00855	0.05601	0.02189	0.00966	0.04081	0.00397	0.00350	0.00113	0.00500	0.00312	0.00199	0.00543
9	0.01365	0.01050	0.01289	0.00986	0.01285	0.05661	0.13662	0.51263	0.03356	0.10617	0.00961	0.01019	0.00694	0.02183	0.00452	0.00125	0.02701	0.00371	0.00348	0.00610
10	0.89114	0.00750	0.00570	0.00510	0.00750	0.00870	0.00420	0.01140	0.00660	0.01739	0.00540	0.00630	0.00420	0.00360	0.00240	0.00120	0.00300	0.00210	0.00240	0.00420
11	0.01036	0.01098	0.04959	0.16019	0.26992	0.17235	0.10633	0.02577	0.05527	0.04942	0.00801	0.02127	0.00638	0.00403	0.00418	0.00120	0.03371	0.00355	0.00218	0.00530
12	0.00606	0.00409	0.00525	0.00491	0.00597	0.00372	0.00370	0.00774	0.01064	0.06333	0.67701	0.05619	0.12050	0.00808	0.00455	0.00124	0.00194	0.00709	0.00421	0.00377
13	0.00712	0.00648	0.00983	0.05153	0.33815	0.00646	0.02013	0.00876	0.00852	0.01128	0.02014	0.04378	0.30216	0.03674	0.00521	0.00140	0.04027	0.07483	0.00269	0.00452
14	0.00520	0.00395	0.00478	0.00458	0.00562	0.00354	0.00343	0.00676	0.01030	0.01394	0.58405	0.03161	0.29106	0.00853	0.00458	0.00125	0.00187	0.00738	0.00406	0.00354
15	0.00669	0.00338	0.00502	0.00502	0.00502	0.00338	0.00332	0.00508	0.00508	0.00677	0.00696	0.01236	0.00704	0.04923	0.01534	0.85005	0.00338	0.00346	0.00171	0.00171
16	0.15340	0.45519	0.08689	0.00723	0.01050	0.01277	0.00701	0.18092	0.00981	0.01391	0.00646	0.00727	0.00530	0.00431	0.02367	0.00113	0.00428	0.00249	0.00225	0.00521
17	0.00889	0.00543	0.00671	0.00595	0.00724	0.00554	0.00448	0.13418	0.05471	0.08895	0.07375	0.05045	0.01114	0.03907	0.08571	0.26994	0.00380	0.00422	0.08973	0.05013
18	0.01103	0.00836	0.00869	0.00765	0.02961	0.09122	0.00580	0.28142	0.06859	0.10247	0.09314	0.06505	0.04377	0.09845	0.04670	0.00173	0.00415	0.02359	0.00350	0.00506
19	0.18701	0.00774	0.04236	0.12507	0.04123	0.00764	0.07047	0.09624	0.03403	0.01464	0.12418	0.03518	0.02105	0.02385	0.01422	0.00127	0.01578	0.00392	0.00271	0.13143
20	0.02372	0.34929	0.18326	0.00872	0.07083	0.04295	0.00801	0.03738	0.05358	0.01143	0.04488	0.02112	0.03488	0.03334	0.03329	0.00130	0.00451	0.00325	0.00215	0.03212

[dist]
# distance from previous block
# <min> <max>
0	14

[block]
# block no. 4 follows, 70 sequences, length 63
# corresponding to MSA columns:
# 155-217
name=unknown_E
#
# <colnr> <probs for GDERKNQSTAVLIFYWHMCP>
#	G	D	E	R	K	N	Q	S	T	A	V	L	I	F	Y	W	H	M	C	P
0	0.02846	0.00736	0.00751	0.00780	0.09163	0.12067	0.00534	0.03518	0.08359	0.07993	0.17520	0.03401	0.26853	0.00751	0.02895	0.00137	0.00344	0.00566	0.00340	0.00445
1	0.00774	0.00588	0.00678	0.00653	0.00769	0.00548	0.00476	0.00894	0.04985	0.03044	0.33012	0.15380	0.29529	0.01010	0.00588	0.00169	0.05177	0.00813	0.00441	0.00472
2	0.00930	0.00887	0.01508	0.06319	0.76534	0.00894	0.01150	0.01157	0.00880	0.01254	0.02629	0.02650	0.00716	0.00374	0.00388	0.00117	0.00452	0.00368	0.00199	0.00594
3	0.20897	0.00973	0.00980	0.00783	0.01062	0.03670	0.00641	0.49574	0.06129	0.07869	0.00915	0.00929	0.00660	0.00509	0.02601	0.00131	0.00410	0.00325	0.00351	0.00589
4	0.00829	0.07280	0.71460	0.01053	0.01580	0.02287	0.01313	0.02817	0.05567	0.01249	0.00739	0.00842	0.00535	0.00377	0.00362	0.00120	0.00547	0.00291	0.00182	0.00570
5	0.00591	0.00391	0.00478	0.00472	0.00498	0.00399	0.00299	0.00631	0.00623	0.03049	0.05945	0.03845	0.01468	0.62625	0.16737	0.00395	0.00480	0.00550	0.00250	0.00275
6	0.00929	0.02461	0.02852	0.01505	0.09468	0.00962	0.55478	0.03303	0.01933	0.02562	0.00782	0.01039	0.00614	0.02272	0.00534	0.00133	0.07522	0.00418	0.00207	0.05026
7	0.00621	0.00418	0.00507	0.00471	0.00595	0.00370	0.00358	0.00770	0.01022	0.08606	0.48064	0.03056	0.32030	0.00833	0.00452	0.00125	0.00201	0.00716	0.00408	0.00378
8	0.02865	0.00396	0.00477	0.00533	0.00600	0.00378	0.00379	0.00664	0.05511	0.01069	0.02441	0.55975	0.19826	0.01093	0.00477	0.00151	0.00234	0.06231	0.00359	0.00340
9	0.03057	0.01123	0.01060	0.00849	0.01130	0.19690	0.00684	0.38999	0.01428	0.26536	0.01029	0.00990	0.00709	0.00453	0.00377	0.00114	0.00456	0.00337	0.00371	0.00608
10	0.83419	0.02719	0.00622	0.00530	0.00771	0.03296	0.00437	0.01162	0.00681	0.02816	0.00555	0.00641	0.00431	0.00362	0.00245	0.00119	0.00314	0.00213	0.00240	0.00426
11	0.00891	0.00709	0.00980	0.29405	0.05592	0.00684	0.00724	0.02549	0.03321	0.08925	0.00800	0.00959	0.00612	0.00352	0.00340	0.00094	0.00380	0.00297	0.00239	0.42146
12	0.00478	0.00394	0.00421	0.00414	0.00536	0.00336	0.00310	0.00595	0.00931	0.01160	0.21660	0.03545	0.65997	0.00940	0.00458	0.00129	0.00193	0.00792	0.00375	0.00336
13	0.01146	0.01171	0.01083	0.09574	0.13520	0.30326	0.00784	0.08168	0.18920	0.04095	0.02944	0.03633	0.02007	0.00468	0.00381	0.00117	0.00492	0.00371	0.00275	0.00524
14	0.01160	0.63802	0.01793	0.00719	0.01045	0.01429	0.00679	0.20771	0.01045	0.03461	0.00659	0.00714	0.00548	0.00368	0.00286	0.00092	0.00415	0.00246	0.00227	0.00541
15	0.00469	0.00385	0.00413	0.00424	0.00535	0.00329	0.00311	0.00570	0.00882	0.01086	0.11100	0.16260	0.63893	0.01000	0.00464	0.00134	0.00199	0.00851	0.00366	0.00329
16	0.01572	0.02239	0.01030	0.00782	0.01079	0.03101	0.00645	0.37625	0.01420	0.42289	0.03376	0.01161	0.00878	0.00477	0.00387	0.00117	0.00380	0.00373	0.00425	0.00644
17	0.00673	0.00337	0.00505	0.00505	0.00505	0.00337	0.00337	0.00505	0.00505	0.00673	0.00673	0.01178	0.00673	0.01347	0.01515	0.88721	0.00337	0.00337	0.00168	0.00168
18	0.01036	0.86609	0.02032	0.00663	0.00995	0.01534	0.00663	0.01161	0.00788	0.00912	0.00539	0.00622	0.00498	0.00332	0.00249	0.00083	0.00415	0.00207	0.00166	0.00498
19	0.03210	0.00532	0.00671	0.00580	0.00737	0.00498	0.00439	0.03301	0.00888	0.36683	0.03745	0.02123	0.02626	0.32214	0.00986	0.00220	0.00343	0.08355	0.01399	0.00451
20	0.00909	0.44608	0.41432	0.00881	0.01322	0.01225	0.01035	0.01189	0.00799	0.01064	0.00613	0.00720	0.00495	0.00355	0.00324	0.00104	0.01981	0.00248	0.00165	0.00532
21	0.38044	0.01051	0.00882	0.00740	0.00997	0.15187	0.00596	0.28498	0.05868	0.03644	0.00762	0.00804	0.00569	0.00414	0.00320	0.00116	0.00411	0.00280	0.00297	0.00521
22	0.01050	0.00933	0.01475	0.17845	0.32487	0.03146	0.14117	0.15188	0.03045	0.05684	0.00823	0.01006	0.00628	0.00384	0.00397	0.00121	0.00492	0.00366	0.00242	0.00570
23	0.00732	0.00689	0.01163	0.85444	0.02670	0.00861	0.01077	0.00991	0.00775	0.00991	0.00689	0.01034	0.00517	0.00388	0.00388	0.00129	0.00517	0.00345	0.00172	0.00431
24	0.00481	0.00369	0.00441	0.00475	0.00551	0.00329	0.00336	0.00582	0.00862	0.01117	0.18057	0.39486	0.33424	0.01048	0.00474	0.00141	0.00206	0.00920	0.00372	0.00329
25	0.00634	0.00394	0.00409	0.00398	0.00515	0.00356	0.00297	0.00760	0.00850	0.05607	0.02626	0.02660	0.42982	0.05649	0.00470	0.00129	0.00208	0.00606	0.34098	0.00353
26	0.01187	0.00538	0.00717	0.00592	0.00798	0.00474	0.00472	0.01348	0.01092	0.46203	0.34918	0.02090	0.06617	0.00634	0.00421	0.00121	0.00263	0.00539	0.00452	0.00523
27	0.00549	0.00396	0.00518	0.00488	0.00579	0.00366	0.00366	0.00732	0.01097	0.01555	0.83752	0.02896	0.03658	0.00793	0.00457	0.00122	0.00183	0.00701	0.00427	0.00366
28	0.89114	0.00750	0.00570	0.00510	0.00750	0.00870	0.00420	0.01140	0.00660	0.01739	0.00540	0.00630	0.00420	0.00360	0.00240	0.00120	0.00300	0.00210	0.00240	0.00420
29	0.01052	0.29819	0.24919	0.01003	0.01387	0.15399	0.13847	0.02693	0.00901	0.04621	0.00681	0.00792	0.00533	0.00361	0.00341	0.00107	0.00542	0.00286	0.00193	0.00524
30	0.89114	0.00750	0.00570	0.00510	0.00750	0.00870	0.00420	0.01140	0.00660	0.01739	0.00540	0.00630	0.00420	0.00360	0.00240	0.00120	0.00300	0.00210	0.00240	0.00420
31	0.00897	0.00839	0.01309	0.36512	0.37164	0.02252	0.01059	0.04819	0.08982	0.01234	0.00803	0.01033	0.00630	0.00387	0.00386	0.00122	0.00471	0.00353	0.00213	0.00538
32	0.00945	0.42567	0.35743	0.00918	0.01345	0.05625	0.05678	0.01213	0.00824	0.01062	0.00620	0.00731	0.00500	0.00350	0.00315	0.00103	0.00508	0.00256	0.00168	0.00527
33	0.00888	0.00899	0.03878	0.34933	0.39003	0.03920	0.04326	0.02294	0.03906	0.01174	0.00744	0.00996	0.00589	0.00372	0.00387	0.00122	0.00496	0.00348	0.00194	0.00532
34	0.00559	0.00386	0.00479	0.00480	0.00500	0.00405	0.00306	0.00599	0.00583	0.00797	0.01187	0.03730	0.01308	0.61728	0.24926	0.00441	0.00557	0.00532	0.00230	0.00267
35	0.89114	0.00750	0.00570	0.00510	0.00750	0.00870	0.00420	0.01140	0.00660	0.01739	0.00540	0.00630	0.00420	0.00360	0.00240	0.00120	0.00300	0.00210	0.00240	0.00420
36	0.01074	0.00748	0.01039	0.00903	0.03453	0.00911	0.00723	0.01203	0.01815	0.24808	0.08482	0.01228	0.02309	0.00625	0.00895	0.00148	0.48459	0.00396	0.00288	0.00493
37	0.00848	0.00425	0.00491	0.00451	0.00542	0.00408	0.00312	0.00944	0.00761	0.16984	0.01297	0.01897	0.01168	0.37908	0.01036	0.00220	0.00294	0.00455	0.33195	0.00363
38	0.00517	0.00382	0.00413	0.00416	0.00472	0.00354	0.00266	0.00563	0.00709	0.00895	0.03833	0.06174	0.34775	0.47135	0.01278	0.00264	0.00294	0.00689	0.00294	0.00278
39	0.01185	0.00930	0.00997	0.00833	0.01088	0.01047	0.00672	0.39961	0.40170	0.01982	0.01300	0.01371	0.00997	0.00529	0.00399	0.00127	0.00366	0.05035	0.00389	0.00620
40	0.00714	0.00372	0.00524	0.00515	0.00542	0.00370	0.00353	0.00629	0.00579	0.05868	0.00899	0.01554	0.00892	0.14930	0.05879	0.59263	0.00378	0.03596	0.01912	0.00230
41	0.01036	0.86609	0.02032	0.00663	0.00995	0.01534	0.00663	0.01161	0.00788	0.00912	0.00539	0.00622	0.00498	0.00332	0.00249	0.00083	0.00415	0.00207	0.00166	0.00498
42	0.01323	0.01011	0.01079	0.00862	0.01145	0.01132	0.00701	0.58882	0.25850	0.02201	0.01122	0.01083	0.00814	0.00483	0.00390	0.00121	0.00391	0.00375	0.00390	0.00646
43	0.89114	0.00750	0.00570	0.00510	0.00750	0.00870	0.00420	0.01140	0.00660	0.01739	0.00540	0.00630	0.00420	0.00360	0.00240	0.00120	0.00300	0.00210	0.00240	0.00420
44	0.01448	0.01848	0.01099	0.00999	0.01199	0.84819	0.00749	0.01548	0.01099	0.00949	0.00599	0.00699	0.00499	0.00400	0.00350	0.00100	0.00699	0.00250	0.00200	0.00449
45	0.01366	0.01034	0.01118	0.00905	0.03000	0.01151	0.00724	0.65599	0.17218	0.02262	0.01049	0.01029	0.00758	0.00474	0.00389	0.00119	0.00405	0.00366	0.00385	0.00650
46	0.00496	0.00372	0.00460	0.00486	0.00559	0.00336	0.00346	0.00611	0.00902	0.01203	0.31306	0.36873	0.22616	0.01010	0.00473	0.00139	0.00203	0.00892	0.00383	0.00336
47	0.89114	0.00750	0.00570	0.00510	0.00750	0.00870	0.00420	0.01140	0.00660	0.01739	0.00540	0.00630	0.00420	0.00360	0.00240	0.00120	0.00300	0.00210	0.00240	0.00420
48	0.00800	0.09207	0.77358	0.01067	0.01620	0.00954	0.01367	0.01222	0.00816	0.01201	0.00682	0.00802	0.00492	0.00365	0.00358	0.00119	0.00559	0.00280	0.00164	0.00567
49	0.00479	0.00388	0.00425	0.00427	0.00539	0.00334	0.00316	0.00591	0.00914	0.01148	0.20457	0.11878	0.58818	0.00966	0.00462	0.00132	0.00196	0.00822	0.00374	0.00334
50	0.02634	0.01001	0.01313	0.00999	0.01305	0.01066	0.17127	0.52588	0.06407	0.05338	0.01063	0.03756	0.02588	0.00475	0.00405	0.00122	0.00448	0.00410	0.00350	0.00607
51	0.87521	0.00748	0.00576	0.00513	0.00754	0.00864	0.00423	0.01153	0.00668	0.03243	0.00558	0.00642	0.00430	0.00362	0.00243	0.00120	0.00300	0.00213	0.00244	0.00424
52	0.00845	0.00838	0.01162	0.00989	0.01011	0.01144	0.00823	0.00936	0.00607	0.00955	0.00521	0.00845	0.00513	0.00653	0.01208	0.00162	0.80105	0.00332	0.00174	0.06176
53	0.03766	0.01017	0.01099	0.00847	0.01153	0.01104	0.00697	0.67624	0.04591	0.07707	0.00969	0.00959	0.00687	0.00455	0.00378	0.00114	0.00405	0.00344	0.00381	0.05702
54	0.04845	0.03144	0.05730	0.01162	0.11346	0.02115	0.18441	0.21503	0.01163	0.22416	0.01020	0.03659	0.00748	0.00434	0.00395	0.00121	0.00455	0.00392	0.00319	0.00592
55	0.00851	0.00847	0.05948	0.26014	0.06731	0.03384	0.12963	0.02027	0.11775	0.04546	0.06260	0.01430	0.05747	0.00471	0.00402	0.00123	0.00445	0.02844	0.00258	0.06933
56	0.00494	0.00394	0.00443	0.00431	0.00546	0.00343	0.00323	0.00626	0.00969	0.01249	0.35718	0.03398	0.51883	0.00906	0.00458	0.00127	0.00191	0.00772	0.00387	0.00343
57	0.01388	0.01746	0.01067	0.00973	0.01166	0.78397	0.00731	0.01509	0.02626	0.00959	0.00643	0.00761	0.00539	0.00546	0.05195	0.00130	0.00711	0.00263	0.00204	0.00447
58	0.06667	0.00699	0.00889	0.00693	0.00981	0.00649	0.00570	0.08140	0.04741	0.67408	0.02483	0.01277	0.00950	0.00478	0.00381	0.00120	0.00331	0.00382	0.01526	0.00637
59	0.00643	0.00390	0.00471	0.00447	0.00543	0.00370	0.00337	0.00824	0.00994	0.03679	0.51538	0.02326	0.02616	0.00660	0.00388	0.00110	0.00186	0.00569	0.32535	0.00372
60	0.01161	0.19358	0.01269	0.00827	0.01005	0.01085	0.00710	0.08591	0.01919	0.21512	0.00840	0.00948	0.00654	0.00527	0.00714	0.00131	0.34983	0.00326	0.02922	0.00519
61	0.00483	0.00386	0.00409	0.00419	0.00515	0.00338	0.00297	0.00562	0.00811	0.00989	0.03214	0.10966	0.59107	0.17049	0.00748	0.00180	0.00236	0.02645	0.00336	0.00309
62	0.00904	0.00877	0.01432	0.28128	0.56232	0.03423	0.01141	0.01139	0.00856	0.01171	0.00713	0.00975	0.00580	0.00360	0.00384	0.00119	0.00485	0.00342	0.00186	0.00552

[dist]
# distance from previous block
# <min> <max>
0	1

[block]
# block no. 5 follows, 70 sequences, length 30
# corresponding to MSA columns:
# 219-248
name=unknown_F
#
# <colnr> <probs for GDERKNQSTAVLIFYWHMCP>
#	G	D	E	R	K	N	Q	S	T	A	V	L	I	F	Y	W	H	M	C	P
0	0.00907	0.00880	0.01313	0.00988	0.02593	0.06099	0.27129	0.03454	0.02992	0.02660	0.00827	0.04951	0.00693	0.00366	0.00365	0.00094	0.00437	0.00359	0.00235	0.42655
1	0.06750	0.00866	0.01117	0.00873	0.01128	0.03060	0.14699	0.32760	0.05138	0.05438	0.17981	0.01398	0.01300	0.00503	0.00398	0.00119	0.00391	0.00435	0.05108	0.00536
2	0.00732	0.00689	0.01163	0.85444	0.02670	0.00861	0.01077	0.00991	0.00775	0.00991	0.00689	0.01034	0.00517	0.00388	0.00388	0.00129	0.00517	0.00345	0.00172	0.00431
3	0.00804	0.00689	0.00804	0.00574	0.00919	0.00517	0.00459	0.00976	0.00804	0.01263	0.00689	0.00804	0.00574	0.00287	0.00287	0.00057	0.00287	0.00230	0.00230	0.88745
4	0.00592	0.00432	0.00602	0.00624	0.00702	0.00456	0.00497	0.00725	0.00719	0.00988	0.01417	0.02674	0.01474	0.14574	0.38376	0.00401	0.00661	0.29694	0.00267	0.04125
5	0.00775	0.00716	0.01177	0.78543	0.05494	0.00879	0.01065	0.04808	0.00828	0.01068	0.00702	0.01026	0.00527	0.00390	0.00387	0.00128	0.00511	0.00345	0.00183	0.00448
6	0.01518	0.00639	0.00818	0.00643	0.00903	0.00584	0.00526	0.08739	0.01114	0.60971	0.01426	0.01310	0.00940	0.00473	0.00367	0.00114	0.00309	0.00381	0.17623	0.00602
7	0.01015	0.00498	0.00640	0.00560	0.00714	0.00451	0.00427	0.01130	0.00929	0.33553	0.15949	0.02399	0.09877	0.22280	0.00820	0.00191	0.00305	0.07433	0.00387	0.00443
8	0.00984	0.00842	0.00888	0.00793	0.01016	0.00973	0.00618	0.05138	0.80147	0.01653	0.01553	0.01427	0.01163	0.00524	0.00394	0.00131	0.00311	0.00435	0.00394	0.00615
9	0.00650	0.00414	0.00537	0.00495	0.00602	0.00381	0.00375	0.00830	0.01080	0.07781	0.72266	0.02684	0.03284	0.00747	0.00440	0.00120	0.00194	0.00656	0.06077	0.00388
10	0.44876	0.06351	0.00894	0.00665	0.00940	0.00985	0.00556	0.27660	0.01097	0.11523	0.00782	0.00807	0.00565	0.00406	0.00306	0.00116	0.00352	0.00276	0.00311	0.00530
11	0.01056	0.66305	0.06379	0.00732	0.01047	0.12891	0.00709	0.01196	0.00825	0.00934	0.00579	0.00685	0.00519	0.00462	0.04189	0.00112	0.00491	0.00227	0.00172	0.00488
12	0.01044	0.77464	0.07264	0.00700	0.01044	0.03450	0.00713	0.01189	0.00803	0.02593	0.00570	0.00650	0.00506	0.00339	0.00262	0.00087	0.00430	0.00217	0.00173	0.00504
13	0.44411	0.00832	0.00870	0.00834	0.09560	0.00930	0.00604	0.20368	0.00986	0.08400	0.00753	0.00867	0.00578	0.03346	0.00417	0.00130	0.05027	0.00290	0.00285	0.00510
14	0.08871	0.00853	0.00976	0.00825	0.04878	0.04727	0.00639	0.21778	0.07231	0.43337	0.01222	0.01129	0.00819	0.00460	0.00375	0.00119	0.00373	0.00360	0.00404	0.00624
15	0.00602	0.00388	0.00509	0.00537	0.00610	0.00364	0.00397	0.00732	0.00899	0.05663	0.28319	0.38698	0.02670	0.00963	0.00464	0.00141	0.00229	0.10185	0.07272	0.00358
16	0.00546	0.00396	0.00515	0.00485	0.00578	0.00365	0.00364	0.00727	0.01092	0.01542	0.81804	0.02916	0.05614	0.00797	0.00457	0.00122	0.00183	0.00704	0.00425	0.00365
17	0.00566	0.00376	0.00431	0.00429	0.00434	0.00374	0.00245	0.00572	0.00592	0.00795	0.05867	0.02519	0.01515	0.79118	0.01875	0.02880	0.00364	0.00565	0.00244	0.00240
18	0.00541	0.00393	0.00548	0.00567	0.00614	0.00429	0.00412	0.00638	0.00639	0.00892	0.01308	0.18177	0.01393	0.19781	0.49787	0.00473	0.00731	0.02114	0.00246	0.00317
19	0.01042	0.01162	0.07121	0.01350	0.12634	0.14064	0.26727	0.05997	0.14445	0.02633	0.00868	0.01011	0.00672	0.00418	0.00482	0.00126	0.08090	0.00378	0.00239	0.00543
20	0.84179	0.00745	0.00588	0.00520	0.00763	0.00853	0.00428	0.01182	0.00685	0.06398	0.00596	0.00669	0.00450	0.00367	0.00248	0.00120	0.00302	0.00220	0.00253	0.00433
21	0.00828	0.00669	0.00790	0.00574	0.00900	0.00509	0.00458	0.01000	0.00836	0.04840	0.06048	0.00960	0.00788	0.00328	0.00302	0.00064	0.00282	0.00267	0.00253	0.79303
22	0.00804	0.00689	0.00804	0.00574	0.00919	0.00517	0.00459	0.00976	0.00804	0.01263	0.00689	0.00804	0.00574	0.00287	0.00287	0.00057	0.00287	0.00230	0.00230	0.88745
23	0.00563	0.00380	0.00443	0.00443	0.00450	0.00387	0.00260	0.00577	0.00570	0.00766	0.01203	0.02436	0.01366	0.78082	0.10207	0.00400	0.00442	0.00549	0.00232	0.00246
24	0.00945	0.00885	0.01529	0.14738	0.65405	0.00905	0.05189	0.01182	0.00875	0.03538	0.00748	0.00985	0.00608	0.00355	0.00388	0.00118	0.00475	0.00352	0.00197	0.00583
25	0.00564	0.00376	0.00423	0.00423	0.00423	0.00376	0.00235	0.00564	0.00564	0.00752	0.01222	0.02537	0.01409	0.86375	0.01973	0.00376	0.00376	0.00564	0.00235	0.00235
26	0.01236	0.18018	0.06489	0.00978	0.08192	0.09644	0.06673	0.10999	0.08156	0.20660	0.04492	0.01068	0.00834	0.00428	0.00364	0.00112	0.00438	0.00347	0.00304	0.00570
27	0.04733	0.00914	0.01239	0.01271	0.23309	0.02818	0.07131	0.28070	0.01216	0.16682	0.00976	0.01102	0.00731	0.02826	0.00442	0.00126	0.01730	0.01395	0.02695	0.00595
28	0.01443	0.01043	0.01126	0.00873	0.01175	0.01151	0.00718	0.71735	0.08846	0.06364	0.01016	0.00994	0.00719	0.00471	0.00388	0.00118	0.00412	0.00359	0.00393	0.00655
29	0.00844	0.37186	0.01205	0.00604	0.00809	0.04832	0.00522	0.04073	0.00942	0.02573	0.26410	0.10453	0.05544	0.00608	0.00361	0.00108	0.00322	0.00493	0.01676	0.00435

[dist]
# distance from previous block
# <min> <max>
4	7

[block]
# block no. 6 follows, 70 sequences, length 11
# corresponding to MSA columns:
# 256-266
name=unknown_G
#
# <colnr> <probs for GDERKNQSTAVLIFYWHMCP>
#	G	D	E	R	K	N	Q	S	T	A	V	L	I	F	Y	W	H	M	C	P
0	0.05881	0.01382	0.01237	0.01465	0.31387	0.43673	0.00889	0.05407	0.01028	0.01186	0.00693	0.00886	0.00584	0.00396	0.00362	0.00109	0.00570	0.02137	0.00212	0.00516
1	0.00711	0.00484	0.00548	0.00509	0.00568	0.00502	0.00332	0.08486	0.06241	0.03519	0.05405	0.02265	0.01411	0.63199	0.03984	0.00322	0.00384	0.00533	0.00276	0.00323
2	0.00643	0.00422	0.00495	0.00461	0.00593	0.00370	0.00351	0.00783	0.00988	0.10336	0.34308	0.03059	0.40727	0.00834	0.00443	0.00125	0.00205	0.00709	0.03769	0.00380
3	0.00801	0.00762	0.01133	0.61966	0.07365	0.05215	0.00987	0.01072	0.06028	0.01026	0.00734	0.01037	0.00572	0.00459	0.00488	0.04806	0.04574	0.00345	0.00189	0.00441
4	0.01063	0.64100	0.01900	0.00793	0.01118	0.01328	0.11192	0.01218	0.00837	0.08223	0.00727	0.00912	0.00630	0.00378	0.00301	0.00097	0.00435	0.04032	0.00206	0.00508
5	0.00564	0.00392	0.00489	0.00464	0.00559	0.00362	0.00348	0.00740	0.01045	0.01502	0.67101	0.02772	0.09374	0.00763	0.00433	0.00119	0.00184	0.00666	0.11760	0.00362
6	0.01124	0.00965	0.07788	0.11393	0.38562	0.00900	0.04351	0.13634	0.01047	0.15105	0.00887	0.01016	0.00656	0.00392	0.00388	0.00119	0.00457	0.00353	0.00265	0.00600
7	0.00570	0.00393	0.00489	0.00500	0.00526	0.00407	0.00335	0.00620	0.00618	0.00834	0.01292	0.02571	0.01427	0.58749	0.18315	0.00400	0.00506	0.10931	0.00245	0.00273
8	0.01493	0.01148	0.01133	0.00888	0.01184	0.11910	0.00724	0.65317	0.01669	0.09245	0.00939	0.00934	0.00664	0.00458	0.00383	0.00115	0.00453	0.00340	0.00371	0.00632
9	0.00835	0.14450	0.01032	0.00700	0.06304	0.00696	0.00534	0.01004	0.00825	0.01226	0.05957	0.00918	0.00761	0.00330	0.00298	0.00069	0.00312	0.00264	0.00230	0.63254
10	0.18912	0.50453	0.01530	0.00692	0.00986	0.11937	0.00628	0.06923	0.00882	0.03202	0.00598	0.00672	0.00505	0.00359	0.00273	0.00096	0.00426	0.00228	0.00208	0.00491

[dist]
# distance from previous block
# <min> <max>
0	1

[block]
# block no. 7 follows, 70 sequences, length 19
# corresponding to MSA columns:
# 268-286
name=unknown_H
#
# <colnr> <probs for GDERKNQSTAVLIFYWHMCP>
#	G	D	E	R	K	N	Q	S	T	A	V	L	I	F	Y	W	H	M	C	P
0	0.89114	0.00750	0.00570	0.00510	0.00750	0.00870	0.00420	0.01140	0.00660	0.01739	0.00540	0.00630	0.00420	0.00360	0.00240	0.00120	0.00300	0.00210	0.00240	0.00420
1	0.02393	0.04488	0.22952	0.01366	0.25759	0.07877	0.03667	0.06761	0.08984	0.07599	0.02049	0.01965	0.01586	0.00413	0.00377	0.00118	0.00475	0.00349	0.00246	0.00576
2	0.00631	0.00477	0.00647	0.00650	0.02751	0.00543	0.00464	0.00760	0.06283	0.00912	0.01148	0.06815	0.03127	0.20032	0.33549	0.11039	0.09129	0.00482	0.00230	0.00331
3	0.00872	0.00457	0.00581	0.00546	0.00684	0.00406	0.00411	0.00984	0.00910	0.26263	0.08453	0.28495	0.19827	0.04238	0.00507	0.00145	0.00257	0.03310	0.02226	0.00425
4	0.00599	0.00419	0.00523	0.00489	0.00596	0.00387	0.00369	0.02861	0.01072	0.03897	0.64402	0.04651	0.13879	0.00798	0.00449	0.00123	0.00196	0.00696	0.03219	0.00376
5	0.01407	0.01053	0.01126	0.00878	0.01177	0.01171	0.00721	0.72029	0.12567	0.02335	0.01016	0.00999	0.00728	0.00473	0.00389	0.00118	0.00411	0.00361	0.00389	0.00653
6	0.00576	0.00403	0.00523	0.00489	0.00588	0.00369	0.00368	0.00755	0.01088	0.03731	0.77971	0.02892	0.07195	0.00793	0.00455	0.00122	0.00187	0.00698	0.00425	0.00372
7	0.85864	0.00762	0.00592	0.00524	0.00767	0.00882	0.00432	0.04162	0.00703	0.01765	0.00554	0.00641	0.00429	0.00364	0.00245	0.00120	0.00305	0.00215	0.00245	0.00429
8	0.01401	0.00914	0.01032	0.00810	0.01086	0.00977	0.00665	0.56397	0.01558	0.17672	0.05529	0.01246	0.00941	0.01882	0.03838	0.00143	0.00418	0.02475	0.00397	0.00617
9	0.01036	0.86609	0.02032	0.00663	0.00995	0.01534	0.00663	0.01161	0.00788	0.00912	0.00539	0.00622	0.00498	0.00332	0.00249	0.00083	0.00415	0.00207	0.00166	0.00498
10	0.00761	0.00710	0.01184	0.79212	0.06772	0.00872	0.01074	0.02937	0.00806	0.01039	0.00697	0.01027	0.00525	0.00387	0.00387	0.00128	0.00512	0.00345	0.00178	0.00445
11	0.00953	0.00819	0.01262	0.08699	0.41625	0.02733	0.05017	0.06350	0.03974	0.07106	0.07060	0.05307	0.05446	0.00488	0.00404	0.00122	0.00417	0.01404	0.00266	0.00546
12	0.00520	0.00404	0.00424	0.00413	0.00548	0.00341	0.00312	0.00627	0.00910	0.04606	0.10091	0.03563	0.74005	0.00946	0.00455	0.00130	0.00201	0.00791	0.00370	0.00344
13	0.00804	0.00572	0.00621	0.00557	0.00694	0.06576	0.00427	0.05709	0.02499	0.09650	0.51843	0.02350	0.06682	0.00688	0.00421	0.00118	0.00252	0.00587	0.08532	0.00420
14	0.00623	0.00407	0.00470	0.00474	0.00564	0.00388	0.00345	0.04753	0.00909	0.02456	0.17981	0.26106	0.15558	0.02454	0.00441	0.00129	0.00214	0.00716	0.24651	0.00360
15	0.00557	0.00402	0.00557	0.00557	0.00603	0.00449	0.00402	0.00650	0.00603	0.00851	0.01099	0.01859	0.01115	0.30557	0.57389	0.00541	0.00819	0.00465	0.00217	0.00309
16	0.01054	0.63890	0.06107	0.00826	0.01166	0.08089	0.09815	0.03274	0.00855	0.01006	0.00589	0.00693	0.00512	0.00342	0.00290	0.00092	0.00472	0.00246	0.00177	0.00504
17	0.80229	0.00769	0.00666	0.00569	0.00821	0.00872	0.03904	0.03274	0.00706	0.01721	0.00565	0.00661	0.00438	0.00359	0.00255	0.00118	0.00318	0.00225	0.00242	0.03289
18	0.00981	0.06080	0.01468	0.09601	0.59598	0.05439	0.01066	0.01236	0.04562	0.03332	0.02489	0.01003	0.00689	0.00372	0.00376	0.00115	0.00460	0.00345	0.00210	0.00578

[dist]
# distance from previous block
# <min> <max>
0	1

[block]
# block no. 8 follows, 70 sequences, length 8
# corresponding to MSA columns:
# 288-295
name=unknown_I
#
# <colnr> <probs for GDERKNQSTAVLIFYWHMCP>
#	G	D	E	R	K	N	Q	S	T	A	V	L	I	F	Y	W	H	M	C	P
0	0.80689	0.00741	0.00602	0.00527	0.00773	0.00841	0.00434	0.01212	0.00703	0.09693	0.00635	0.00696	0.00472	0.00371	0.00254	0.00120	0.00303	0.00227	0.00263	0.00443
1	0.00854	0.23928	0.57677	0.01024	0.01523	0.01070	0.06464	0.01211	0.00817	0.01147	0.00661	0.00782	0.00499	0.00356	0.00343	0.00113	0.00537	0.00277	0.00166	0.00550
2	0.00561	0.00390	0.00472	0.00468	0.00500	0.00387	0.00296	0.00609	0.00650	0.00892	0.10029	0.09368	0.01664	0.57395	0.11444	0.00349	0.00418	0.00594	0.00262	0.03249
3	0.00611	0.02903	0.03949	0.00815	0.09438	0.00524	0.09785	0.00777	0.00909	0.01197	0.20103	0.14263	0.31630	0.00792	0.00446	0.00129	0.00297	0.00706	0.00326	0.00400
4	0.01029	0.01074	0.06542	0.05625	0.57050	0.11006	0.01087	0.01307	0.05849	0.04549	0.00793	0.00966	0.00636	0.00371	0.00380	0.00116	0.00484	0.00338	0.00214	0.00585
5	0.02089	0.00768	0.04207	0.02514	0.27742	0.00769	0.03904	0.07036	0.10231	0.01281	0.05038	0.06204	0.01047	0.05565	0.18167	0.00242	0.02000	0.00443	0.00255	0.00498
6	0.00488	0.00385	0.00428	0.00434	0.00531	0.00338	0.00312	0.00591	0.00879	0.01116	0.19717	0.14069	0.49383	0.08862	0.00603	0.00155	0.00214	0.00807	0.00362	0.00325
7	0.08279	0.13288	0.41709	0.01038	0.08102	0.04527	0.02696	0.04328	0.00875	0.04315	0.02319	0.00896	0.01955	0.00384	0.00345	0.00113	0.00487	0.00296	0.00206	0.03841

[dist]
# distance from previous block
# <min> <max>
1	9

[block]
# block no. 9 follows, 70 sequences, length 13
# corresponding to MSA columns:
# 305-317
name=unknown_J
#
# <colnr> <probs for GDERKNQSTAVLIFYWHMCP>
#	G	D	E	R	K	N	Q	S	T	A	V	L	I	F	Y	W	H	M	C	P
0	0.03633	0.00724	0.03685	0.00784	0.00863	0.00857	0.00657	0.03227	0.00776	0.01126	0.12890	0.01786	0.19972	0.00737	0.00883	0.00149	0.46098	0.00493	0.00257	0.00406
1	0.04196	0.11623	0.18048	0.01081	0.07503	0.07430	0.13970	0.09990	0.11327	0.01381	0.00856	0.00965	0.00658	0.00400	0.00380	0.00116	0.02234	0.00336	0.06967	0.00539
2	0.74355	0.00776	0.00651	0.00560	0.00811	0.00881	0.00462	0.09205	0.00806	0.07610	0.00648	0.00708	0.00481	0.00379	0.00265	0.00120	0.00314	0.00236	0.00271	0.00460
3	0.77781	0.00784	0.00636	0.00556	0.00801	0.00904	0.00456	0.08834	0.03670	0.01801	0.00613	0.00687	0.00469	0.00376	0.00259	0.00120	0.00312	0.00231	0.00259	0.00449
4	0.00506	0.00426	0.00457	0.00466	0.00562	0.02144	0.00339	0.00594	0.00815	0.01001	0.03062	0.18197	0.53917	0.07131	0.06114	0.00186	0.02625	0.00800	0.00333	0.00325
5	0.00590	0.00400	0.00490	0.00485	0.00504	0.00418	0.00308	0.00622	0.00596	0.02538	0.01232	0.07281	0.01371	0.63596	0.15031	0.00391	0.03073	0.00562	0.00241	0.00272
6	0.24769	0.00742	0.00849	0.00670	0.00956	0.00736	0.00553	0.12833	0.01089	0.51169	0.01186	0.01084	0.00776	0.00446	0.00350	0.00119	0.00335	0.00337	0.00404	0.00596
7	0.00530	0.00378	0.00476	0.00482	0.00560	0.00348	0.00350	0.00673	0.00961	0.01341	0.47843	0.24700	0.12363	0.00902	0.00455	0.00130	0.00195	0.00797	0.06167	0.00348
8	0.02766	0.19572	0.01213	0.00747	0.01036	0.02575	0.00637	0.35688	0.01302	0.21688	0.00994	0.00987	0.00712	0.00453	0.00369	0.01843	0.00386	0.00325	0.06120	0.00587
9	0.00730	0.00358	0.00524	0.00511	0.00529	0.00353	0.00344	0.00591	0.00545	0.05658	0.00758	0.01270	0.00735	0.06492	0.01476	0.78040	0.00339	0.00354	0.00191	0.00202
10	0.05925	0.00502	0.00581	0.00601	0.03707	0.02248	0.00412	0.05316	0.02514	0.03446	0.19023	0.25113	0.10858	0.14746	0.03106	0.00187	0.00300	0.00707	0.00338	0.00369
11	0.04907	0.35339	0.01480	0.00939	0.10879	0.13294	0.04271	0.04628	0.00900	0.03110	0.00796	0.02743	0.03562	0.00391	0.00315	0.00095	0.00438	0.00296	0.00214	0.11403
12	0.04162	0.38859	0.24250	0.00940	0.07031	0.06102	0.00909	0.06292	0.02071	0.02344	0.00654	0.00752	0.00529	0.00366	0.00327	0.00103	0.01926	0.00259	0.00194	0.01930

[dist]
# distance from previous block
# <min> <max>
0	5

[block]
# block no. 10 follows, 70 sequences, length 7
# corresponding to MSA columns:
# 323-329
name=unknown_K
#
