[name]
unknown

[dist]
# distance from previous block
# <min> <max>
0	31

[block]
# block no. 0 follows, 74 sequences, length 88
# corresponding to MSA columns:
# 31-118
name=unknown_A
#
# <colnr> <probs for GDERKNQSTAVLIFYWHMCP>
#	G	D	E	R	K	N	Q	S	T	A	V	L	I	F	Y	W	H	M	C	P
0	0.37551	0.08221	0.02153	0.00596	0.00875	0.03514	0.02842	0.01134	0.00757	0.10339	0.00701	0.00813	0.00551	0.00348	0.00276	0.00095	0.00323	0.01918	0.00244	0.26747
1	0.00491	0.00373	0.00434	0.00448	0.00543	0.00325	0.00324	0.00590	0.00831	0.02783	0.14361	0.31684	0.40671	0.00959	0.00444	0.00130	0.00201	0.00834	0.00352	0.03222
2	0.00909	0.46889	0.33171	0.00858	0.01261	0.04658	0.05442	0.01155	0.00784	0.01006	0.00588	0.00691	0.00479	0.00333	0.00296	0.00097	0.00478	0.00242	0.00161	0.00503
3	0.00531	0.00395	0.00585	0.00585	0.00647	0.00458	0.00449	0.00655	0.00593	0.00853	0.01005	0.01518	0.00954	0.07952	0.80351	0.00582	0.00955	0.00406	0.00200	0.00325
4	0.00461	0.00335	0.00434	0.00498	0.00537	0.00309	0.00340	0.00542	0.00766	0.01022	0.12877	0.68643	0.09683	0.01091	0.00466	0.00144	0.00208	0.00982	0.00353	0.00309
5	0.00452	0.00323	0.00431	0.00517	0.00538	0.00301	0.00345	0.00517	0.00711	0.00948	0.02046	0.86713	0.02455	0.01163	0.00474	0.00151	0.00215	0.01055	0.00345	0.00301
6	0.00538	0.00366	0.00437	0.00437	0.00448	0.00377	0.00265	0.00560	0.00549	0.00743	0.01140	0.02267	0.01279	0.72921	0.15828	0.00399	0.00466	0.00516	0.00221	0.00243
7	0.00744	0.01920	0.85032	0.01058	0.01607	0.00862	0.01371	0.01176	0.00784	0.01176	0.00666	0.00784	0.00470	0.00353	0.00353	0.00118	0.00549	0.00274	0.00157	0.00549
8	0.00752	0.04554	0.82465	0.01045	0.01586	0.00881	0.01349	0.01174	0.00783	0.01166	0.00661	0.00778	0.00470	0.00352	0.00349	0.00116	0.00544	0.00272	0.00157	0.00546
9	0.01228	0.00658	0.00826	0.00614	0.00922	0.00541	0.00500	0.04052	0.00944	0.42079	0.01060	0.01015	0.00733	0.00370	0.00326	0.00086	0.00299	0.00298	0.00342	0.43108
10	0.00996	0.00782	0.00844	0.00748	0.00965	0.00886	0.00587	0.04255	0.72558	0.08944	0.01498	0.01418	0.01121	0.00509	0.00380	0.00125	0.00300	0.02111	0.00384	0.00588
11	0.89577	0.00718	0.00546	0.00488	0.00718	0.00833	0.00402	0.01091	0.00632	0.01665	0.00517	0.00603	0.00402	0.00345	0.00230	0.00115	0.00287	0.00201	0.00230	0.00402
12	0.00530	0.00397	0.00593	0.00593	0.00659	0.00462	0.00460	0.00661	0.00596	0.00859	0.00997	0.01474	0.00935	0.04188	0.84089	0.00593	0.00984	0.00400	0.00199	0.00330
13	0.21136	0.00651	0.00791	0.00622	0.00897	0.00609	0.00514	0.01650	0.00967	0.66462	0.01255	0.01117	0.00804	0.00434	0.00341	0.00115	0.00309	0.00335	0.00409	0.00581
14	0.00460	0.00369	0.00410	0.00417	0.00518	0.00320	0.00306	0.00567	0.00871	0.01102	0.21290	0.15463	0.54738	0.00932	0.00444	0.00127	0.00189	0.00798	0.00359	0.00320
15	0.00540	0.00360	0.00405	0.00405	0.00405	0.00360	0.00225	0.00540	0.00540	0.00720	0.01170	0.02429	0.01349	0.86955	0.01889	0.00360	0.00360	0.00540	0.00225	0.00225
16	0.00906	0.00953	0.06881	0.02176	0.76495	0.00883	0.03960	0.01143	0.00842	0.01209	0.00698	0.00913	0.00580	0.00332	0.00369	0.00111	0.00454	0.00331	0.00182	0.00582
17	0.00518	0.00379	0.00486	0.00459	0.00550	0.00347	0.00344	0.00686	0.01033	0.01446	0.77469	0.02842	0.10504	0.00775	0.00438	0.00117	0.00176	0.00681	0.00403	0.00347
18	0.02686	0.02376	0.01141	0.01560	0.48973	0.03484	0.00840	0.01062	0.03650	0.06512	0.01144	0.21007	0.02866	0.00554	0.00388	0.00120	0.00373	0.00507	0.00250	0.00507
19	0.00531	0.00463	0.00472	0.00518	0.00582	0.07668	0.00361	0.00608	0.00782	0.00969	0.03916	0.56227	0.23481	0.01030	0.00452	0.00139	0.00247	0.00907	0.00333	0.00317
20	0.00880	0.00943	0.01948	0.01440	0.03463	0.01865	0.69058	0.03829	0.00895	0.02942	0.00879	0.08407	0.00736	0.00395	0.00435	0.00126	0.00573	0.00482	0.00213	0.00491
21	0.00856	0.00954	0.03224	0.01393	0.03258	0.00865	0.65682	0.01142	0.00853	0.01189	0.00730	0.00955	0.00559	0.00312	0.00418	0.00114	0.01614	0.00396	0.00192	0.15295
22	0.00963	0.75567	0.10582	0.00709	0.01052	0.01389	0.03356	0.01121	0.00761	0.00915	0.00539	0.00628	0.00478	0.00321	0.00256	0.00085	0.00420	0.00214	0.00159	0.00485
23	0.00998	0.49011	0.03911	0.00694	0.00964	0.14942	0.00631	0.03897	0.10145	0.01036	0.02670	0.01013	0.07881	0.00417	0.00299	0.00094	0.00412	0.00297	0.00217	0.00472
24	0.00455	0.00377	0.00398	0.00393	0.00511	0.00320	0.00295	0.00564	0.00884	0.01092	0.18612	0.03425	0.69581	0.00907	0.00439	0.00124	0.00186	0.00763	0.00356	0.00320
25	0.60910	0.00822	0.00678	0.00582	0.00821	0.09433	0.00473	0.04586	0.00798	0.16861	0.00711	0.00742	0.00514	0.00374	0.00272	0.00113	0.00336	0.00242	0.00274	0.00456
26	0.01420	0.01003	0.01057	0.00821	0.01105	0.05631	0.00673	0.65054	0.01591	0.13868	0.03374	0.00986	0.00747	0.00453	0.00372	0.00111	0.00403	0.00344	0.00375	0.00612
27	0.00819	0.00753	0.01170	0.62689	0.14371	0.02417	0.01005	0.09403	0.00864	0.01128	0.00686	0.00962	0.00522	0.00376	0.00379	0.00120	0.01357	0.00329	0.00189	0.00461
28	0.00663	0.00491	0.00629	0.00622	0.00713	0.00495	0.02985	0.16820	0.00935	0.01251	0.04126	0.60854	0.02053	0.00978	0.00453	0.00142	0.00271	0.04795	0.00347	0.00376
29	0.03482	0.00946	0.03288	0.01891	0.60579	0.05761	0.05992	0.04487	0.00896	0.05246	0.00731	0.00908	0.00589	0.00342	0.00363	0.00109	0.00451	0.00326	0.00207	0.03407
30	0.00752	0.04604	0.82417	0.01045	0.01586	0.00881	0.01348	0.01173	0.00783	0.01166	0.00661	0.00778	0.00470	0.00352	0.00349	0.00116	0.00544	0.00272	0.00157	0.00546
31	0.00525	0.00379	0.00496	0.00467	0.00555	0.00350	0.00350	0.00700	0.01051	0.01488	0.84444	0.02773	0.03502	0.00759	0.00438	0.00117	0.00175	0.00671	0.00409	0.00350
32	0.00876	0.01001	0.02190	0.01564	0.01940	0.00939	0.83292	0.01189	0.00876	0.01189	0.00751	0.01001	0.00563	0.00313	0.00438	0.00125	0.00626	0.00438	0.00188	0.00501
33	0.00900	0.07817	0.35749	0.01382	0.20485	0.00911	0.18419	0.02160	0.00845	0.06767	0.00736	0.00879	0.00549	0.00345	0.00367	0.00114	0.00512	0.00323	0.00192	0.00549
34	0.01270	0.00851	0.02696	0.01097	0.01429	0.00776	0.38653	0.07630	0.01024	0.38985	0.01082	0.01108	0.00727	0.00389	0.00403	0.00119	0.00469	0.00399	0.00323	0.00570
35	0.02885	0.00554	0.00631	0.00534	0.00733	0.00518	0.00425	0.11057	0.03584	0.26972	0.02454	0.02309	0.40539	0.00684	0.00396	0.00118	0.00259	0.00560	0.04327	0.00462
36	0.02407	0.01496	0.01048	0.00991	0.05989	0.60116	0.00719	0.08962	0.09468	0.01132	0.00727	0.02214	0.00597	0.00415	0.00363	0.00103	0.02267	0.00286	0.00229	0.00471
37	0.00998	0.78790	0.06218	0.00669	0.00996	0.03244	0.00677	0.03147	0.00787	0.00926	0.00534	0.00614	0.00480	0.00324	0.00249	0.00083	0.00411	0.00207	0.00165	0.00483
38	0.00515	0.00359	0.00434	0.00469	0.00491	0.00349	0.00297	0.02567	0.00662	0.00879	0.01672	0.43416	0.04529	0.40354	0.01117	0.00245	0.00285	0.00793	0.00291	0.00275
39	0.42517	0.00827	0.00796	0.00647	0.00908	0.03284	0.00532	0.26073	0.01067	0.18846	0.00825	0.00827	0.00579	0.00400	0.00305	0.00113	0.00340	0.00277	0.00318	0.00519
40	0.02159	0.00906	0.01200	0.05141	0.33973	0.02988	0.00855	0.31848	0.05224	0.06597	0.00911	0.04909	0.00728	0.00431	0.00372	0.00114	0.00410	0.00369	0.00287	0.00580
41	0.00540	0.00360	0.00405	0.00405	0.00405	0.00360	0.00225	0.00540	0.00540	0.00720	0.01170	0.02429	0.01349	0.86955	0.01889	0.00360	0.00360	0.00540	0.00225	0.00225
42	0.07803	0.00895	0.00981	0.03594	0.05866	0.01008	0.00670	0.36614	0.35144	0.01858	0.01097	0.01076	0.00812	0.00453	0.00363	0.00118	0.00357	0.00359	0.00346	0.00587
43	0.00918	0.00884	0.01520	0.02265	0.83079	0.00883	0.02689	0.01140	0.00846	0.01212	0.00699	0.00920	0.00587	0.00330	0.00369	0.00111	0.00444	0.00333	0.00184	0.00586
44	0.00518	0.00372	0.00499	0.00565	0.00622	0.00357	0.00435	0.00635	0.00805	0.01068	0.11808	0.39780	0.05417	0.03902	0.00530	0.00160	0.00262	0.31598	0.00347	0.00320
45	0.00507	0.00374	0.00473	0.00458	0.00546	0.00341	0.00340	0.00661	0.00992	0.01373	0.65825	0.10038	0.15056	0.00819	0.00441	0.00121	0.00180	0.00720	0.00394	0.00341
46	0.00766	0.02919	0.74430	0.01170	0.08525	0.00874	0.03873	0.01172	0.00791	0.01175	0.00669	0.00799	0.00483	0.00349	0.00355	0.00117	0.00540	0.00283	0.00160	0.00549
47	0.00460	0.00335	0.00463	0.00536	0.00564	0.00313	0.01861	0.00529	0.00714	0.00952	0.02022	0.85145	0.02420	0.01147	0.00473	0.00150	0.00223	0.01044	0.00342	0.00305
48	0.00585	0.00461	0.01858	0.00573	0.00698	0.00412	0.07538	0.00773	0.01027	0.03475	0.72181	0.02572	0.04960	0.00711	0.00435	0.00118	0.00223	0.00641	0.00386	0.00372
49	0.01395	0.01032	0.01105	0.00851	0.01145	0.01144	0.00702	0.80797	0.04376	0.02314	0.00911	0.00907	0.00647	0.00447	0.00372	0.00112	0.00405	0.00337	0.00372	0.00630
50	0.00540	0.00360	0.00405	0.00405	0.00405	0.00360	0.00225	0.00540	0.00540	0.00720	0.01170	0.02429	0.01349	0.86955	0.01889	0.00360	0.00360	0.00540	0.00225	0.00225
51	0.01563	0.00655	0.00859	0.00672	0.00948	0.00597	0.00551	0.03630	0.09949	0.72895	0.02692	0.01291	0.00974	0.00468	0.00375	0.00116	0.00313	0.00382	0.00448	0.00623
52	0.00770	0.00660	0.00770	0.00550	0.00880	0.00495	0.00440	0.00935	0.00770	0.01210	0.00660	0.00770	0.00550	0.00275	0.00275	0.00055	0.00275	0.00220	0.00220	0.89224
53	0.00540	0.00360	0.00405	0.00405	0.00405	0.00360	0.00225	0.00540	0.00540	0.00720	0.01170	0.02429	0.01349	0.86955	0.01889	0.00360	0.00360	0.00540	0.00225	0.00225
54	0.00918	0.00884	0.01518	0.02267	0.83319	0.00883	0.02451	0.01140	0.00846	0.01212	0.00699	0.00920	0.00588	0.00330	0.00369	0.00110	0.00444	0.00332	0.00184	0.00587
55	0.81953	0.00809	0.00589	0.00529	0.00755	0.08149	0.00429	0.01125	0.00668	0.01600	0.00522	0.00609	0.00409	0.00348	0.00239	0.00113	0.00320	0.00204	0.00226	0.00404
56	0.01665	0.00632	0.00861	0.00660	0.00948	0.00546	0.00546	0.01809	0.01062	0.84897	0.01464	0.01263	0.00919	0.00459	0.00373	0.00115	0.00316	0.00373	0.00459	0.00632
57	0.01562	0.00618	0.00835	0.00648	0.00918	0.00541	0.00532	0.03408	0.01076	0.75971	0.08626	0.01386	0.01136	0.00485	0.00379	0.00115	0.00306	0.00398	0.00453	0.00607
58	0.00838	0.02203	0.20074	0.01347	0.01698	0.00961	0.50977	0.01137	0.00804	0.01134	0.00687	0.00918	0.00529	0.00377	0.00544	0.00129	0.14590	0.00381	0.00176	0.00495
59	0.01665	0.00632	0.00861	0.00660	0.00948	0.00546	0.00546	0.01809	0.01062	0.84897	0.01464	0.01263	0.00919	0.00459	0.00373	0.00115	0.00316	0.00373	0.00459	0.00632
60	0.00452	0.00323	0.00431	0.00517	0.00538	0.00301	0.00345	0.00517	0.00711	0.00948	0.02046	0.86713	0.02455	0.01163	0.00474	0.00151	0.00215	0.01055	0.00345	0.00301
61	0.00719	0.01782	0.77718	0.01011	0.01514	0.00814	0.01283	0.01119	0.00777	0.01156	0.00785	0.08212	0.00642	0.00423	0.00363	0.00120	0.00520	0.00342	0.00173	0.00527
62	0.01387	0.01769	0.01052	0.00956	0.01148	0.85465	0.00717	0.01482	0.01052	0.00908	0.00574	0.00669	0.00478	0.00383	0.00335	0.00096	0.00669	0.00239	0.00191	0.00430
63	0.01542	0.00610	0.00814	0.00633	0.00903	0.00529	0.00520	0.02537	0.01047	0.75538	0.01653	0.01461	0.08141	0.00500	0.00377	0.00115	0.00304	0.00408	0.01767	0.00600
64	0.01371	0.01737	0.01045	0.00950	0.01142	0.82706	0.00713	0.01498	0.03758	0.00929	0.00604	0.00693	0.00499	0.00386	0.00336	0.00097	0.00657	0.00245	0.00197	0.00435
65	0.00963	0.77069	0.11797	0.00685	0.01030	0.01397	0.00722	0.01119	0.00758	0.00909	0.00534	0.00618	0.00476	0.00322	0.00252	0.00084	0.00415	0.00207	0.00159	0.00485
66	0.00444	0.00376	0.00384	0.00382	0.00505	0.00316	0.00287	0.00544	0.00860	0.01035	0.09141	0.03519	0.79088	0.00928	0.00439	0.00125	0.00187	0.00776	0.00349	0.00316
67	0.01419	0.01026	0.01106	0.00848	0.01144	0.01131	0.00700	0.80695	0.01723	0.05079	0.00910	0.00904	0.00641	0.00446	0.00371	0.00112	0.00405	0.00335	0.00374	0.00631
68	0.00744	0.01920	0.85032	0.01058	0.01607	0.00862	0.01371	0.01176	0.00784	0.01176	0.00666	0.00784	0.00470	0.00353	0.00353	0.00118	0.00549	0.00274	0.00157	0.00549
69	0.89577	0.00718	0.00546	0.00488	0.00718	0.00833	0.00402	0.01091	0.00632	0.01665	0.00517	0.00603	0.00402	0.00345	0.00230	0.00115	0.00287	0.00201	0.00230	0.00402
70	0.00465	0.00352	0.00431	0.00491	0.00544	0.00325	0.00338	0.00569	0.03506	0.00981	0.02441	0.63863	0.22163	0.01087	0.00462	0.00144	0.00211	0.00969	0.00346	0.00314
71	0.00532	0.00379	0.00497	0.00485	0.00569	0.00354	0.00369	0.00701	0.01007	0.01423	0.70397	0.07483	0.03254	0.00795	0.00441	0.00122	0.00192	0.07726	0.02927	0.00347
72	0.01406	0.01201	0.01100	0.00877	0.01150	0.19801	0.00708	0.65282	0.01592	0.02023	0.00821	0.00842	0.00597	0.00432	0.00363	0.00108	0.00466	0.00313	0.00331	0.00587
73	0.00892	0.52211	0.33292	0.00792	0.01197	0.01208	0.00907	0.01130	0.00766	0.00998	0.00577	0.00672	0.00476	0.00329	0.00283	0.00093	0.00450	0.00228	0.00160	0.03337
74	0.00716	0.00578	0.00743	0.00680	0.00763	0.02567	0.00533	0.12012	0.00753	0.01054	0.00909	0.01364	0.00852	0.11095	0.49516	0.00424	0.14458	0.00389	0.00219	0.00375
75	0.00452	0.00323	0.00431	0.00517	0.00538	0.00301	0.00345	0.00517	0.00711	0.00948	0.02046	0.86713	0.02455	0.01163	0.00474	0.00151	0.00215	0.01055	0.00345	0.00301
76	0.00917	0.00888	0.01539	0.02244	0.80706	0.00885	0.05047	0.01142	0.00847	0.01212	0.00701	0.00923	0.00587	0.00330	0.00371	0.00111	0.00450	0.00336	0.00184	0.00584
77	0.01442	0.01041	0.04410	0.00815	0.01102	0.12018	0.00682	0.42324	0.03950	0.26859	0.01032	0.00985	0.00706	0.00439	0.00367	0.00111	0.00417	0.00334	0.00366	0.00600
78	0.00502	0.00370	0.00452	0.00446	0.00521	0.00339	0.00319	0.00624	0.00901	0.01224	0.47538	0.12149	0.19482	0.12726	0.00642	0.00156	0.00208	0.00718	0.00363	0.00320
79	0.00451	0.00327	0.00427	0.00506	0.00536	0.00302	0.00340	0.00518	0.00721	0.00952	0.02177	0.80328	0.08755	0.01146	0.00471	0.00149	0.00213	0.01034	0.00345	0.00302
80	0.00811	0.23913	0.61867	0.00959	0.01445	0.01020	0.02876	0.01159	0.00778	0.01098	0.00629	0.00740	0.00474	0.00343	0.00325	0.00108	0.00511	0.00258	0.00158	0.00529
81	0.00492	0.00368	0.00523	0.00581	0.00622	0.00355	0.03040	0.00578	0.00731	0.00975	0.01962	0.71685	0.02313	0.01108	0.00493	0.00153	0.02025	0.11346	0.00335	0.00315
82	0.01387	0.01769	0.01052	0.00956	0.01148	0.85465	0.00717	0.01482	0.01052	0.00908	0.00574	0.00669	0.00478	0.00383	0.00335	0.00096	0.00669	0.00239	0.00191	0.00430
83	0.00457	0.00335	0.00429	0.00493	0.00535	0.00307	0.00337	0.00535	0.00758	0.01002	0.09402	0.68156	0.13696	0.01098	0.00466	0.00144	0.00208	0.00985	0.00350	0.00307
84	0.00770	0.00660	0.00770	0.00550	0.00880	0.00495	0.00440	0.00935	0.00770	0.01210	0.00660	0.00770	0.00550	0.00275	0.00275	0.00055	0.00275	0.00220	0.00220	0.89224
85	0.01004	0.00946	0.03796	0.03065	0.65446	0.03661	0.01056	0.10317	0.02120	0.03913	0.00749	0.00922	0.00602	0.00353	0.00367	0.00111	0.00443	0.00329	0.00215	0.00586
86	0.40603	0.00778	0.00780	0.03479	0.02109	0.00845	0.00534	0.18386	0.08804	0.11231	0.00817	0.00845	0.00597	0.00388	0.00300	0.00110	0.00324	0.00277	0.00296	0.08497
87	0.01288	0.02437	0.05182	0.01082	0.14152	0.05022	0.00800	0.58981	0.03205	0.02911	0.00849	0.00890	0.00621	0.00420	0.00366	0.00111	0.00429	0.00326	0.00321	0.00608

[dist]
# distance from previous block
# <min> <max>
0	9

[block]
# block no. 1 follows, 74 sequences, length 47
# corresponding to MSA columns:
# 128-174
name=unknown_B
#
# <colnr> <probs for GDERKNQSTAVLIFYWHMCP>
#	G	D	E	R	K	N	Q	S	T	A	V	L	I	F	Y	W	H	M	C	P
0	0.00556	0.00403	0.00469	0.00447	0.00564	0.00361	0.00337	0.00717	0.03729	0.05609	0.37299	0.06237	0.40243	0.00833	0.00434	0.00122	0.00194	0.00713	0.00379	0.00354
1	0.03530	0.00745	0.00818	0.03985	0.01876	0.08498	0.03787	0.07685	0.23452	0.08844	0.27058	0.01736	0.05285	0.00563	0.00392	0.00118	0.00320	0.00476	0.00353	0.00479
2	0.00455	0.00332	0.00429	0.00503	0.00539	0.00306	0.00343	0.00527	0.00735	0.00967	0.03755	0.73970	0.11889	0.01127	0.00470	0.00148	0.00214	0.02641	0.00346	0.00305
3	0.72925	0.00702	0.00605	0.00521	0.00761	0.00778	0.00429	0.01227	0.00713	0.17431	0.00696	0.00728	0.00500	0.00366	0.00257	0.00115	0.00293	0.00234	0.00273	0.00445
4	0.00461	0.00377	0.00407	0.00400	0.00515	0.00323	0.00300	0.00576	0.00899	0.01128	0.24595	0.03366	0.63576	0.00893	0.00438	0.00123	0.00185	0.00754	0.00361	0.00323
5	0.01411	0.01040	0.01114	0.00854	0.01151	0.01151	0.00706	0.83402	0.01745	0.02339	0.00891	0.00891	0.00631	0.00446	0.00371	0.00111	0.00408	0.00334	0.00371	0.00631
6	0.00992	0.87178	0.01945	0.00635	0.00953	0.01469	0.00635	0.01111	0.00754	0.00873	0.00516	0.00595	0.00476	0.00318	0.00238	0.00079	0.00397	0.00198	0.00159	0.00476
7	0.00918	0.00891	0.01370	0.11385	0.63440	0.06148	0.01048	0.03871	0.00870	0.01189	0.00757	0.05032	0.00662	0.00382	0.00371	0.00113	0.00449	0.00360	0.00196	0.00546
8	0.01284	0.01540	0.01127	0.01142	0.13184	0.65600	0.03220	0.01406	0.01010	0.03442	0.01602	0.02462	0.00583	0.00395	0.00348	0.00101	0.00610	0.00283	0.00203	0.00458
9	0.00452	0.00323	0.00431	0.00517	0.00538	0.00301	0.00345	0.00517	0.00711	0.00948	0.02046	0.86713	0.02455	0.01163	0.00474	0.00151	0.00215	0.01055	0.00345	0.00301
10	0.80758	0.00709	0.00577	0.00505	0.00741	0.00804	0.00416	0.01163	0.00675	0.10015	0.00612	0.00669	0.00454	0.00356	0.00244	0.00115	0.00290	0.00218	0.00253	0.00425
11	0.00801	0.00705	0.00947	0.00685	0.01006	0.00573	0.10659	0.04916	0.00844	0.01276	0.05062	0.00909	0.00710	0.00313	0.00308	0.00070	0.00319	0.00276	0.00233	0.69387
12	0.10256	0.01007	0.01057	0.00817	0.01108	0.01119	0.00675	0.75144	0.01633	0.02272	0.00854	0.00862	0.00608	0.00435	0.00357	0.00112	0.00396	0.00321	0.00357	0.00608
13	0.00441	0.00376	0.00379	0.00378	0.00503	0.00314	0.00283	0.00536	0.00850	0.01013	0.05493	0.03555	0.82749	0.00936	0.00439	0.00125	0.00188	0.00781	0.00346	0.00314
14	0.00919	0.00882	0.01507	0.02278	0.84640	0.00882	0.01139	0.01139	0.00845	0.01213	0.00698	0.00919	0.00588	0.00331	0.00367	0.00110	0.00441	0.00331	0.00184	0.00588
15	0.00759	0.06985	0.80096	0.01033	0.01568	0.00898	0.01328	0.01172	0.00782	0.01158	0.00657	0.00772	0.00471	0.00351	0.00346	0.00115	0.00540	0.00270	0.00157	0.00544
16	0.00881	0.02095	0.05523	0.00628	0.00814	0.02613	0.02023	0.10140	0.05987	0.14963	0.26188	0.02811	0.13809	0.04454	0.00496	0.00129	0.03488	0.00521	0.01988	0.00450
17	0.00532	0.00360	0.00421	0.00433	0.00443	0.00356	0.00261	0.00554	0.00594	0.00793	0.04504	0.11906	0.01593	0.69969	0.01610	0.00318	0.00336	0.04523	0.00251	0.00244
18	0.03853	0.00672	0.00797	0.00631	0.04898	0.00525	0.00472	0.00950	0.00769	0.01225	0.00657	0.00771	0.00546	0.00280	0.00278	0.00060	0.00283	0.00225	0.00219	0.81889
19	0.09669	0.04053	0.00755	0.00688	0.02112	0.17445	0.00525	0.00892	0.00695	0.00949	0.00824	0.01181	0.00759	0.04727	0.48279	0.02241	0.03307	0.00339	0.00198	0.00363
20	0.00491	0.00373	0.00452	0.00443	0.00536	0.00334	0.00328	0.00630	0.00953	0.01283	0.51013	0.11184	0.28917	0.00855	0.00442	0.00123	0.00183	0.00744	0.00382	0.00334
21	0.00943	0.58600	0.21614	0.00751	0.01116	0.01280	0.00810	0.03943	0.06001	0.01037	0.00627	0.00700	0.00521	0.00342	0.00279	0.00092	0.00427	0.00235	0.00179	0.00506
22	0.00737	0.00409	0.00429	0.00400	0.00514	0.00406	0.00305	0.04419	0.02986	0.02578	0.05627	0.01403	0.01057	0.00444	0.00279	0.00089	0.00194	0.00359	0.72349	0.05015
23	0.00579	0.04613	0.00619	0.00536	0.00646	0.00488	0.02042	0.04971	0.00868	0.01129	0.15909	0.16762	0.32091	0.03885	0.02714	0.00151	0.05042	0.06279	0.00326	0.00350
24	0.01376	0.00960	0.01048	0.00818	0.01101	0.01049	0.00671	0.64991	0.09903	0.11343	0.01034	0.02271	0.00741	0.00464	0.00374	0.00114	0.00384	0.00358	0.00381	0.00622
25	0.02705	0.01606	0.01057	0.00929	0.01142	0.67221	0.00710	0.17977	0.01185	0.01208	0.00637	0.00713	0.00508	0.00395	0.00341	0.00099	0.00611	0.00258	0.00228	0.00470
26	0.00771	0.10965	0.76217	0.01013	0.01537	0.00926	0.01293	0.01169	0.00781	0.01143	0.00650	0.00764	0.00471	0.00349	0.00341	0.00114	0.00532	0.00266	0.00157	0.00541
27	0.02840	0.00391	0.00469	0.00482	0.00566	0.00365	0.00349	0.00681	0.03274	0.04428	0.21102	0.31229	0.22308	0.06311	0.00534	0.00148	0.00221	0.03611	0.00354	0.00336
28	0.00884	0.00465	0.00613	0.00529	0.00681	0.00420	0.00413	0.02113	0.01058	0.27026	0.55863	0.02307	0.04766	0.00668	0.00417	0.00116	0.00222	0.00579	0.00422	0.00439
29	0.00872	0.00990	0.02128	0.01530	0.01883	0.00950	0.78426	0.01172	0.00858	0.01172	0.00735	0.00990	0.00559	0.00333	0.00484	0.00127	0.05679	0.00431	0.00186	0.00495
30	0.00992	0.87178	0.01945	0.00635	0.00953	0.01469	0.00635	0.01111	0.00754	0.00873	0.00516	0.00595	0.00476	0.00318	0.00238	0.00079	0.00397	0.00198	0.00159	0.00476
31	0.00472	0.00333	0.00427	0.00493	0.00513	0.00316	0.00322	0.00525	0.00679	0.00903	0.01891	0.66257	0.03728	0.19274	0.00773	0.00195	0.00247	0.02048	0.00319	0.00286
32	0.00465	0.00364	0.00485	0.00520	0.00584	0.00330	0.03604	0.00548	0.00754	0.00972	0.02463	0.60627	0.24778	0.01068	0.00463	0.00143	0.00224	0.00957	0.00338	0.00313
33	0.00701	0.00660	0.01113	0.86063	0.02556	0.00825	0.01031	0.00948	0.00742	0.00948	0.00660	0.00990	0.00495	0.00371	0.00371	0.00124	0.00495	0.00330	0.00165	0.00412
34	0.87750	0.00716	0.00552	0.00492	0.00723	0.00827	0.00405	0.01106	0.00641	0.03395	0.00537	0.00617	0.00413	0.00347	0.00233	0.00115	0.00288	0.00205	0.00234	0.00407
35	0.00469	0.00375	0.00420	0.00412	0.00521	0.00326	0.00308	0.00590	0.00912	0.01169	0.31687	0.06176	0.53556	0.00885	0.00440	0.00123	0.00184	0.00754	0.00367	0.00326
36	0.00701	0.00660	0.01113	0.86063	0.02556	0.00825	0.01031	0.00948	0.00742	0.00948	0.00660	0.00990	0.00495	0.00371	0.00371	0.00124	0.00495	0.00330	0.00165	0.00412
37	0.00573	0.00479	0.00573	0.00588	0.00656	0.05317	0.02948	0.00730	0.05872	0.01094	0.17972	0.52582	0.02347	0.02573	0.00491	0.00143	0.01630	0.02747	0.00340	0.00343
38	0.00761	0.00730	0.01010	0.00878	0.00882	0.00997	0.00715	0.00834	0.00566	0.00868	0.00605	0.01063	0.00626	0.12340	0.05714	0.00212	0.70291	0.00357	0.00173	0.00378
39	0.69078	0.00770	0.00664	0.00563	0.00808	0.00874	0.00464	0.15798	0.00854	0.06319	0.00635	0.00690	0.00471	0.00369	0.00263	0.00114	0.00310	0.00234	0.00267	0.00455
40	0.01015	0.19238	0.13223	0.00718	0.00989	0.06162	0.00669	0.07151	0.10900	0.14910	0.06010	0.01245	0.04115	0.05980	0.03011	0.00138	0.01693	0.00357	0.00280	0.02196
41	0.00920	0.00897	0.01465	0.05504	0.76036	0.03383	0.01111	0.01133	0.00838	0.01182	0.00686	0.00910	0.00578	0.00345	0.00396	0.00112	0.03424	0.00328	0.00182	0.00570
42	0.00462	0.00330	0.00429	0.00505	0.00529	0.00310	0.00336	0.00524	0.00703	0.00932	0.02026	0.74457	0.05312	0.09027	0.00603	0.00169	0.00230	0.02488	0.00334	0.00296
43	0.00470	0.00333	0.00423	0.00488	0.00508	0.00314	0.00317	0.00522	0.00679	0.00901	0.01925	0.65558	0.05371	0.19437	0.00774	0.00194	0.00245	0.00935	0.00319	0.00286
44	0.00926	0.00958	0.04817	0.02157	0.75290	0.03814	0.04290	0.01154	0.00851	0.01200	0.00695	0.00908	0.00579	0.00333	0.00368	0.00111	0.00460	0.00329	0.00183	0.00578
45	0.18566	0.27749	0.12663	0.00889	0.01221	0.06537	0.17128	0.09066	0.00873	0.01277	0.00623	0.00736	0.00493	0.00343	0.00311	0.00105	0.00460	0.00272	0.00201	0.00488
46	0.00461	0.00327	0.00428	0.00506	0.00526	0.00307	0.00333	0.00519	0.00694	0.00926	0.01962	0.78610	0.02349	0.09411	0.00610	0.00171	0.00229	0.01006	0.00333	0.00294

[dist]
# distance from previous block
# <min> <max>
1	4

[block]
# block no. 2 follows, 74 sequences, length 99
# corresponding to MSA columns:
# 179-277
name=unknown_C
#
# <colnr> <probs for GDERKNQSTAVLIFYWHMCP>
#	G	D	E	R	K	N	Q	S	T	A	V	L	I	F	Y	W	H	M	C	P
0	0.01017	0.15699	0.31694	0.00953	0.03403	0.00959	0.08877	0.14415	0.01948	0.10746	0.00785	0.00854	0.00572	0.00366	0.00343	0.00106	0.00459	0.00298	0.00236	0.06270
1	0.78843	0.00743	0.00585	0.00524	0.00751	0.02222	0.00427	0.01190	0.09378	0.01641	0.00622	0.00686	0.00480	0.00362	0.00247	0.00116	0.00294	0.00225	0.00245	0.00422
2	0.00958	0.80582	0.01828	0.00618	0.00911	0.01384	0.00604	0.01068	0.00738	0.00862	0.00566	0.00735	0.00543	0.06901	0.00364	0.00101	0.00394	0.00224	0.00164	0.00457
3	0.00450	0.00375	0.01750	0.00454	0.00537	0.00316	0.00329	0.00535	0.00780	0.00979	0.02888	0.43435	0.43776	0.01038	0.00454	0.00137	0.00207	0.00906	0.00342	0.00311
4	0.00761	0.07507	0.79588	0.01030	0.01564	0.00902	0.01323	0.01171	0.00782	0.01156	0.00656	0.00771	0.00471	0.00350	0.00345	0.00115	0.00539	0.00269	0.00157	0.00544
5	0.00731	0.00690	0.01167	0.74678	0.13711	0.00832	0.01046	0.00974	0.00756	0.00984	0.00665	0.00980	0.00507	0.00366	0.00371	0.00122	0.00487	0.00330	0.00167	0.00436
6	0.01660	0.00641	0.00867	0.00665	0.00952	0.00559	0.00549	0.03571	0.01077	0.83114	0.01452	0.01255	0.00913	0.00459	0.00373	0.00115	0.00318	0.00372	0.00458	0.00632
7	0.00875	0.00998	0.02173	0.01555	0.01924	0.00942	0.81933	0.01184	0.00871	0.01184	0.00747	0.00998	0.00562	0.00318	0.00451	0.00126	0.02036	0.00436	0.00187	0.00499
8	0.00452	0.00323	0.00431	0.00517	0.00538	0.00301	0.00345	0.00517	0.00711	0.00948	0.02046	0.86713	0.02455	0.01163	0.00474	0.00151	0.00215	0.01055	0.00345	0.00301
9	0.89577	0.00718	0.00546	0.00488	0.00718	0.00833	0.00402	0.01091	0.00632	0.01665	0.00517	0.00603	0.00402	0.00345	0.00230	0.00115	0.00287	0.00201	0.00230	0.00402
10	0.00452	0.00323	0.00431	0.00517	0.00538	0.00301	0.00345	0.00517	0.00711	0.00948	0.02046	0.86713	0.02455	0.01163	0.00474	0.00151	0.00215	0.01055	0.00345	0.00301
11	0.88086	0.00723	0.00555	0.00494	0.00725	0.00838	0.00407	0.02483	0.00651	0.01677	0.00523	0.00608	0.00406	0.00346	0.00232	0.00115	0.00289	0.00203	0.00232	0.00406
12	0.00812	0.00812	0.01137	0.00975	0.00975	0.01137	0.00812	0.00893	0.00568	0.00893	0.00487	0.00812	0.00487	0.00650	0.01218	0.00162	0.86276	0.00325	0.00162	0.00406
13	0.01665	0.00632	0.00861	0.00660	0.00948	0.00546	0.00546	0.01809	0.01062	0.84897	0.01464	0.01263	0.00919	0.00459	0.00373	0.00115	0.00316	0.00373	0.00459	0.00632
14	0.00532	0.00390	0.00557	0.00557	0.00609	0.00442	0.00414	0.00637	0.00585	0.00832	0.01031	0.01659	0.01015	0.20234	0.68153	0.00547	0.00863	0.00427	0.00204	0.00309
15	0.01411	0.01040	0.01114	0.00854	0.01151	0.01151	0.00706	0.83402	0.01745	0.02339	0.00891	0.00891	0.00631	0.00446	0.00371	0.00111	0.00408	0.00334	0.00371	0.00631
16	0.00701	0.00660	0.01113	0.86063	0.02556	0.00825	0.01031	0.00948	0.00742	0.00948	0.00660	0.00990	0.00495	0.00371	0.00371	0.00124	0.00495	0.00330	0.00165	0.00412
17	0.01560	0.00703	0.00893	0.00696	0.00977	0.00664	0.00571	0.12862	0.09075	0.65767	0.01391	0.01225	0.00900	0.00462	0.00373	0.00115	0.00326	0.00372	0.00440	0.00627
18	0.00919	0.00882	0.01507	0.02278	0.84640	0.00882	0.01139	0.01139	0.00845	0.01213	0.00698	0.00919	0.00588	0.00331	0.00367	0.00110	0.00441	0.00331	0.00184	0.00588
19	0.00525	0.00379	0.00496	0.00467	0.00555	0.00350	0.00350	0.00700	0.01051	0.01488	0.84444	0.02773	0.03502	0.00759	0.00438	0.00117	0.00175	0.00671	0.00409	0.00350
20	0.00917	0.00886	0.01528	0.02256	0.82101	0.00884	0.03661	0.01141	0.00846	0.01212	0.00700	0.00921	0.00587	0.00330	0.00370	0.00111	0.00447	0.00334	0.00184	0.00585
21	0.00540	0.00360	0.00405	0.00405	0.00405	0.00360	0.00225	0.00540	0.00540	0.00720	0.01170	0.02429	0.01349	0.86955	0.01889	0.00360	0.00360	0.00540	0.00225	0.00225
22	0.01408	0.01127	0.01107	0.00866	0.01151	0.11218	0.00707	0.73621	0.01662	0.02168	0.00853	0.00865	0.00613	0.00438	0.00367	0.00110	0.00440	0.00323	0.00350	0.00607
23	0.00525	0.00379	0.00496	0.00467	0.00555	0.00350	0.00350	0.00700	0.01051	0.01488	0.84444	0.02773	0.03502	0.00759	0.00438	0.00117	0.00175	0.00671	0.00409	0.00350
24	0.00945	0.01023	0.01995	0.01444	0.01799	0.03952	0.69369	0.08674	0.04499	0.01299	0.00790	0.00996	0.00591	0.00335	0.00426	0.00123	0.00594	0.00421	0.00213	0.00514
25	0.00919	0.00882	0.01507	0.02278	0.84640	0.00882	0.01139	0.01139	0.00845	0.01213	0.00698	0.00919	0.00588	0.00331	0.00367	0.00110	0.00441	0.00331	0.00184	0.00588
26	0.01387	0.01769	0.01052	0.00956	0.01148	0.85465	0.00717	0.01482	0.01052	0.00908	0.00574	0.00669	0.00478	0.00383	0.00335	0.00096	0.00669	0.00239	0.00191	0.00430
27	0.00992	0.87178	0.01945	0.00635	0.00953	0.01469	0.00635	0.01111	0.00754	0.00873	0.00516	0.00595	0.00476	0.00318	0.00238	0.00079	0.00397	0.00198	0.00159	0.00476
28	0.01387	0.01769	0.01052	0.00956	0.01148	0.85465	0.00717	0.01482	0.01052	0.00908	0.00574	0.00669	0.00478	0.00383	0.00335	0.00096	0.00669	0.00239	0.00191	0.00430
29	0.00812	0.00812	0.01137	0.00975	0.00975	0.01137	0.00812	0.00893	0.00568	0.00893	0.00487	0.00812	0.00487	0.00650	0.01218	0.00162	0.86276	0.00325	0.00162	0.00406
30	0.00439	0.00376	0.00376	0.00376	0.00501	0.00313	0.00282	0.00533	0.00846	0.01003	0.03760	0.03572	0.84489	0.00940	0.00439	0.00125	0.00188	0.00783	0.00345	0.00313
31	0.00439	0.00376	0.00376	0.00376	0.00501	0.00313	0.00282	0.00533	0.00846	0.01003	0.03760	0.03572	0.84489	0.00940	0.00439	0.00125	0.00188	0.00783	0.00345	0.00313
32	0.00876	0.01001	0.02190	0.01564	0.01940	0.00939	0.83292	0.01189	0.00876	0.01189	0.00751	0.01001	0.00563	0.00313	0.00438	0.00125	0.00626	0.00438	0.00188	0.00501
33	0.01659	0.00641	0.00867	0.00665	0.00952	0.00560	0.00549	0.03765	0.01079	0.82918	0.01451	0.01254	0.00912	0.00459	0.00373	0.00115	0.00318	0.00372	0.00457	0.00632
34	0.00439	0.00376	0.00376	0.00376	0.00501	0.00313	0.00282	0.00533	0.00846	0.01003	0.03760	0.03572	0.84489	0.00940	0.00439	0.00125	0.00188	0.00783	0.00345	0.00313
35	0.01665	0.00632	0.00861	0.00660	0.00948	0.00546	0.00546	0.01809	0.01062	0.84897	0.01464	0.01263	0.00919	0.00459	0.00373	0.00115	0.00316	0.00373	0.00459	0.00632
36	0.00452	0.00323	0.00431	0.00517	0.00538	0.00301	0.00345	0.00517	0.00711	0.00948	0.02046	0.86713	0.02455	0.01163	0.00474	0.00151	0.00215	0.01055	0.00345	0.00301
37	0.00457	0.00326	0.00435	0.00514	0.00539	0.00304	0.00345	0.00528	0.00731	0.00979	0.06891	0.81777	0.02517	0.01139	0.00472	0.00149	0.00213	0.01033	0.00348	0.00304
38	0.00992	0.87178	0.01945	0.00635	0.00953	0.01469	0.00635	0.01111	0.00754	0.00873	0.00516	0.00595	0.00476	0.00318	0.00238	0.00079	0.00397	0.00198	0.00159	0.00476
39	0.00925	0.01005	0.02093	0.01500	0.01869	0.00958	0.75816	0.08630	0.00955	0.01293	0.00764	0.00991	0.00569	0.00325	0.00432	0.00124	0.00606	0.00429	0.00204	0.00512
40	0.00452	0.00323	0.00431	0.00517	0.00538	0.00301	0.00345	0.00517	0.00711	0.00948	0.02046	0.86713	0.02455	0.01163	0.00474	0.00151	0.00215	0.01055	0.00345	0.00301
41	0.00992	0.87178	0.01945	0.00635	0.00953	0.01469	0.00635	0.01111	0.00754	0.00873	0.00516	0.00595	0.00476	0.00318	0.00238	0.00079	0.00397	0.00198	0.00159	0.00476
42	0.00919	0.00882	0.01507	0.02278	0.84640	0.00882	0.01139	0.01139	0.00845	0.01213	0.00698	0.00919	0.00588	0.00331	0.00367	0.00110	0.00441	0.00331	0.00184	0.00588
43	0.00992	0.87178	0.01945	0.00635	0.00953	0.01469	0.00635	0.01111	0.00754	0.00873	0.00516	0.00595	0.00476	0.00318	0.00238	0.00079	0.00397	0.00198	0.00159	0.00476
44	0.00442	0.00376	0.00381	0.00380	0.00504	0.00315	0.00285	0.00540	0.00855	0.01023	0.07184	0.03538	0.81053	0.00932	0.00439	0.00125	0.00187	0.00779	0.00347	0.00315
45	0.01387	0.01769	0.01052	0.00956	0.01148	0.85465	0.00717	0.01482	0.01052	0.00908	0.00574	0.00669	0.00478	0.00383	0.00335	0.00096	0.00669	0.00239	0.00191	0.00430
46	0.00903	0.00779	0.00820	0.00739	0.00945	0.00897	0.00575	0.01911	0.80430	0.01529	0.01607	0.01478	0.04682	0.00522	0.00380	0.00126	0.00289	0.00435	0.00376	0.00576
47	0.00538	0.00366	0.00434	0.00434	0.00444	0.00376	0.00261	0.00558	0.00548	0.00741	0.01143	0.02282	0.01285	0.74175	0.14582	0.00396	0.00456	0.00518	0.00221	0.00241
48	0.01566	0.00792	0.00961	0.00736	0.01027	0.00783	0.00608	0.33843	0.01330	0.52484	0.01239	0.01117	0.00806	0.00454	0.00373	0.00113	0.00352	0.00358	0.00425	0.00632
49	0.00598	0.00427	0.00598	0.00684	0.00769	0.00427	0.00598	0.00769	0.00854	0.01111	0.01965	0.04187	0.02136	0.01025	0.00513	0.00171	0.00342	0.82141	0.00342	0.00342
50	0.00701	0.00660	0.01113	0.86063	0.02556	0.00825	0.01031	0.00948	0.00742	0.00948	0.00660	0.00990	0.00495	0.00371	0.00371	0.00124	0.00495	0.00330	0.00165	0.00412
51	0.00608	0.00398	0.00519	0.00478	0.00582	0.00364	0.00362	0.00778	0.01043	0.07805	0.74704	0.02692	0.06754	0.00744	0.00433	0.00117	0.00186	0.00653	0.00410	0.00370
52	0.00906	0.00869	0.01483	0.07270	0.79749	0.00879	0.01133	0.01128	0.00839	0.01197	0.00696	0.00923	0.00582	0.00333	0.00368	0.00111	0.00444	0.00331	0.00183	0.00577
53	0.00744	0.01920	0.85032	0.01058	0.01607	0.00862	0.01371	0.01176	0.00784	0.01176	0.00666	0.00784	0.00470	0.00353	0.00353	0.00118	0.00549	0.00274	0.00157	0.00549
54	0.00645	0.00322	0.00484	0.00484	0.00484	0.00322	0.00322	0.00484	0.00484	0.00645	0.00645	0.01128	0.00645	0.01289	0.01451	0.89201	0.00322	0.00322	0.00161	0.00161
55	0.00530	0.00398	0.00597	0.00597	0.00663	0.00464	0.00464	0.00663	0.00597	0.00862	0.00994	0.01458	0.00928	0.02784	0.85484	0.00597	0.00994	0.00398	0.00199	0.00331
56	0.84324	0.00737	0.00579	0.00510	0.00744	0.00852	0.00420	0.05995	0.00698	0.01706	0.00539	0.00620	0.00416	0.00351	0.00238	0.00115	0.00294	0.00209	0.00238	0.00416
57	0.00645	0.00322	0.00484	0.00484	0.00484	0.00322	0.00322	0.00484	0.00484	0.00645	0.00645	0.01128	0.00645	0.01289	0.01451	0.89201	0.00322	0.00322	0.00161	0.00161
58	0.00812	0.00812	0.01137	0.00975	0.00975	0.01137	0.00812	0.00893	0.00568	0.00893	0.00487	0.00812	0.00487	0.00650	0.01218	0.00162	0.86276	0.00325	0.00162	0.00406
59	0.00540	0.00360	0.00405	0.00405	0.00405	0.00360	0.00225	0.00540	0.00540	0.00720	0.01170	0.02429	0.01349	0.86955	0.01889	0.00360	0.00360	0.00540	0.00225	0.00225
60	0.00770	0.00660	0.00770	0.00550	0.00880	0.00495	0.00440	0.00935	0.00770	0.01210	0.00660	0.00770	0.00550	0.00275	0.00275	0.00055	0.00275	0.00220	0.00220	0.89224
61	0.00744	0.01920	0.85032	0.01058	0.01607	0.00862	0.01371	0.01176	0.00784	0.01176	0.00666	0.00784	0.00470	0.00353	0.00353	0.00118	0.00549	0.00274	0.00157	0.00549
62	0.00452	0.00323	0.00431	0.00517	0.00538	0.00301	0.00345	0.00517	0.00711	0.00948	0.02046	0.86713	0.02455	0.01163	0.00474	0.00151	0.00215	0.01055	0.00345	0.00301
63	0.01552	0.00630	0.00864	0.00718	0.04483	0.00556	0.00556	0.01713	0.02657	0.74712	0.03820	0.01330	0.00997	0.03119	0.00422	0.00122	0.00318	0.00386	0.00437	0.00608
64	0.00932	0.00881	0.01476	0.05264	0.78100	0.00891	0.01117	0.04634	0.00880	0.01251	0.00705	0.00920	0.00586	0.00337	0.00368	0.00111	0.00442	0.00331	0.00191	0.00583
65	0.00447	0.00354	0.00399	0.00433	0.00513	0.00310	0.00305	0.00527	0.00783	0.00972	0.02997	0.36932	0.49139	0.03514	0.00495	0.00142	0.00204	0.00886	0.00341	0.00306
66	0.00596	0.00406	0.00521	0.00490	0.00588	0.00383	0.00368	0.00803	0.04985	0.05300	0.68184	0.08978	0.03123	0.00755	0.00430	0.00119	0.00190	0.00666	0.02746	0.00371
67	0.00881	0.00761	0.00803	0.00605	0.00901	0.07657	0.00481	0.07696	0.00902	0.03714	0.07061	0.00938	0.00785	0.00340	0.00303	0.00069	0.00312	0.00270	0.00251	0.65268
68	0.00992	0.87178	0.01945	0.00635	0.00953	0.01469	0.00635	0.01111	0.00754	0.00873	0.00516	0.00595	0.00476	0.00318	0.00238	0.00079	0.00397	0.00198	0.00159	0.00476
69	0.01387	0.01769	0.01052	0.00956	0.01148	0.85465	0.00717	0.01482	0.01052	0.00908	0.00574	0.00669	0.00478	0.00383	0.00335	0.00096	0.00669	0.00239	0.00191	0.00430
70	0.00562	0.00446	0.00670	0.00646	0.00710	0.00535	0.01646	0.00691	0.00599	0.00871	0.00956	0.02667	0.00902	0.02514	0.74685	0.00540	0.09421	0.00401	0.00197	0.00341
71	0.01016	0.04597	0.03448	0.01167	0.21132	0.04723	0.04644	0.17145	0.28366	0.02913	0.02587	0.01196	0.04499	0.00447	0.00372	0.00115	0.00389	0.00381	0.00298	0.00564
72	0.00537	0.00372	0.00464	0.00464	0.00485	0.00392	0.00299	0.00578	0.00557	0.00764	0.01115	0.02128	0.01219	0.60893	0.27773	0.00433	0.00556	0.00496	0.00217	0.00258
73	0.01634	0.00637	0.00857	0.00659	0.00941	0.00559	0.00544	0.04291	0.01077	0.80360	0.01441	0.01255	0.00911	0.00458	0.00370	0.00114	0.00315	0.00371	0.02579	0.00625
74	0.00925	0.00856	0.01494	0.15421	0.54688	0.00874	0.11785	0.03645	0.00869	0.04764	0.00737	0.00955	0.00585	0.00344	0.00378	0.00115	0.00467	0.00346	0.00199	0.00552
75	0.00544	0.00346	0.00463	0.00528	0.00569	0.00320	0.00360	0.00615	0.00737	0.07326	0.02002	0.80220	0.02338	0.01109	0.00466	0.00148	0.00223	0.01003	0.00353	0.00327
76	0.00834	0.00471	0.00599	0.00524	0.00675	0.00432	0.00408	0.02016	0.04964	0.22531	0.49936	0.02388	0.11343	0.00687	0.00418	0.00118	0.00220	0.00592	0.00413	0.00432
77	0.00462	0.00324	0.00427	0.00510	0.00534	0.00303	0.00341	0.00532	0.00714	0.00966	0.02010	0.83080	0.02391	0.01132	0.00465	0.00148	0.00214	0.01025	0.04120	0.00303
78	0.00617	0.00425	0.00549	0.00541	0.02193	0.00432	0.02599	0.02358	0.01789	0.04070	0.01241	0.10728	0.01356	0.56165	0.10188	0.00327	0.01369	0.02512	0.00249	0.00292
79	0.00442	0.00377	0.00380	0.00381	0.00506	0.00315	0.00287	0.00538	0.00849	0.01010	0.04758	0.03570	0.82368	0.00939	0.00440	0.00126	0.00190	0.01864	0.00345	0.00314
80	0.03187	0.00865	0.01473	0.16829	0.58539	0.02255	0.09208	0.01115	0.00828	0.01171	0.00690	0.00927	0.00563	0.00337	0.00371	0.00114	0.00468	0.00336	0.00182	0.00541
81	0.01025	0.80213	0.01872	0.00661	0.00969	0.08319	0.00642	0.01142	0.00778	0.00876	0.00521	0.00601	0.00476	0.00323	0.00246	0.00081	0.00419	0.00202	0.00161	0.00473
82	0.00919	0.00882	0.01507	0.02278	0.84640	0.00882	0.01139	0.01139	0.00845	0.01213	0.00698	0.00919	0.00588	0.00331	0.00367	0.00110	0.00441	0.00331	0.00184	0.00588
83	0.01556	0.00743	0.00909	0.00709	0.00990	0.02518	0.00581	0.16470	0.07675	0.61730	0.01346	0.01193	0.00874	0.00459	0.00372	0.00115	0.00338	0.00367	0.00431	0.00624
84	0.01322	0.01087	0.02249	0.00865	0.01144	0.09117	0.02088	0.61691	0.13176	0.02058	0.00942	0.00940	0.00684	0.00444	0.00370	0.00112	0.00423	0.00338	0.00349	0.00603
85	0.00451	0.00330	0.00424	0.00499	0.00534	0.00303	0.00337	0.00519	0.00728	0.00954	0.02261	0.76288	0.12741	0.01135	0.00469	0.00148	0.00212	0.01021	0.00345	0.00303
86	0.01199	0.10816	0.01091	0.00843	0.01068	0.37835	0.00665	0.12655	0.27545	0.01303	0.00909	0.00919	0.00707	0.00422	0.00343	0.00106	0.00484	0.00305	0.00271	0.00513
87	0.00959	0.45587	0.33686	0.00808	0.01208	0.03462	0.00913	0.01199	0.00797	0.07374	0.00647	0.00720	0.00508	0.00344	0.00295	0.00097	0.00456	0.00242	0.00182	0.00515
88	0.00911	0.45439	0.37570	0.00830	0.01245	0.01189	0.00955	0.06042	0.00826	0.01090	0.00603	0.00694	0.00483	0.00340	0.00295	0.00098	0.00463	0.00239	0.00171	0.00517
89	0.01333	0.03978	0.01161	0.05228	0.05718	0.04238	0.00743	0.68976	0.01587	0.02106	0.00845	0.00879	0.00611	0.00429	0.00365	0.00110	0.00424	0.00326	0.00337	0.00605
90	0.00478	0.00351	0.00482	0.00588	0.04120	0.00330	0.00379	0.00558	0.00743	0.01001	0.08430	0.76498	0.02457	0.01096	0.00466	0.00146	0.00222	0.00994	0.00343	0.00317
91	0.00856	0.00885	0.01130	0.00973	0.00988	0.07544	0.00805	0.00938	0.00605	0.00894	0.00494	0.00801	0.00487	0.00629	0.01151	0.00157	0.79771	0.00318	0.00165	0.00408
92	0.02294	0.73504	0.13978	0.00694	0.01044	0.01371	0.00738	0.01120	0.00757	0.00929	0.00538	0.00623	0.00474	0.00323	0.00255	0.00085	0.00417	0.00210	0.00160	0.00486
93	0.00465	0.00349	0.00431	0.00470	0.00533	0.00315	0.00330	0.00561	0.00820	0.01080	0.20547	0.47158	0.23556	0.01018	0.00457	0.00137	0.00200	0.00902	0.00359	0.00315
94	0.01472	0.00647	0.00839	0.00663	0.00924	0.00598	0.00540	0.05913	0.09728	0.64433	0.08951	0.01394	0.01160	0.00490	0.00379	0.00116	0.00306	0.00403	0.00442	0.00602
95	0.05005	0.00744	0.07357	0.00709	0.01016	0.00592	0.02866	0.01715	0.01019	0.72921	0.01346	0.01194	0.00854	0.00443	0.00368	0.00115	0.00341	0.00361	0.00420	0.00613
96	0.00466	0.00360	0.00426	0.00454	0.00525	0.00327	0.00321	0.00554	0.00800	0.01029	0.13573	0.36743	0.35640	0.05211	0.00534	0.00146	0.01377	0.00859	0.00345	0.00310
97	0.00483	0.00347	0.00457	0.00495	0.00543	0.00322	0.00345	0.00592	0.00846	0.01163	0.35497	0.51162	0.02861	0.02483	0.00484	0.00141	0.00202	0.00890	0.00369	0.00320
98	0.04018	0.15488	0.01189	0.00909	0.02433	0.66146	0.00701	0.03179	0.01003	0.00962	0.00572	0.00664	0.00481	0.00371	0.00317	0.00094	0.00604	0.00235	0.00191	0.00444

[dist]
# distance from previous block
# <min> <max>
0	1

[block]
# block no. 3 follows, 74 sequences, length 199
# corresponding to MSA columns:
# 279-477
name=unknown_D
#
# <colnr> <probs for GDERKNQSTAVLIFYWHMCP>
#	G	D	E	R	K	N	Q	S	T	A	V	L	I	F	Y	W	H	M	C	P
0	0.01011	0.50375	0.18489	0.00785	0.01121	0.16696	0.00796	0.01232	0.04642	0.00972	0.00603	0.00683	0.00506	0.00345	0.00285	0.00092	0.00473	0.00231	0.00174	0.00488
1	0.00989	0.86064	0.03032	0.00641	0.00961	0.01461	0.00645	0.01112	0.00755	0.00877	0.00518	0.00598	0.00476	0.00318	0.00240	0.00080	0.00399	0.00199	0.00159	0.00477
2	0.01515	0.00835	0.04198	0.00749	0.01046	0.00789	0.00637	0.33372	0.01311	0.48555	0.01219	0.02257	0.00811	0.00459	0.00373	0.00114	0.00359	0.00364	0.00412	0.00624
3	0.65237	0.00767	0.04511	0.00561	0.00815	0.00794	0.00484	0.02371	0.04560	0.15829	0.00736	0.00764	0.00530	0.00373	0.00269	0.00115	0.00306	0.00246	0.00274	0.00460
4	0.00460	0.00367	0.00412	0.00421	0.00520	0.00319	0.00308	0.00566	0.00865	0.01097	0.20728	0.18584	0.52162	0.00942	0.00445	0.00128	0.00190	0.00809	0.00358	0.00319
