[name]
unknown

[dist]
# distance from previous block
# <min> <max>
0	53

[block]
# block no. 0 follows, 69 sequences, length 24
# corresponding to MSA columns:
# 53-76
name=unknown_A
#
# <colnr> <probs for GDERKNQSTAVLIFYWHMCP>
#	G	D	E	R	K	N	Q	S	T	A	V	L	I	F	Y	W	H	M	C	P
0	0.00673	0.00472	0.00648	0.00715	0.00809	0.00478	0.00616	0.04428	0.00917	0.01197	0.01927	0.04041	0.02075	0.01075	0.00604	0.06373	0.00363	0.71878	0.00349	0.00361
1	0.01426	0.01048	0.01124	0.00869	0.01161	0.01157	0.00710	0.76730	0.01754	0.02351	0.00962	0.01055	0.00720	0.06480	0.00505	0.00136	0.00428	0.00368	0.00381	0.00637
2	0.00744	0.00790	0.06993	0.79382	0.02630	0.00874	0.01114	0.01018	0.00787	0.01018	0.00697	0.01030	0.00521	0.00391	0.00391	0.00130	0.00527	0.00344	0.00174	0.00446
3	0.00529	0.00401	0.00467	0.00477	0.00577	0.00360	0.00347	0.00671	0.03268	0.02766	0.23013	0.24943	0.38790	0.00984	0.00470	0.00137	0.00209	0.00854	0.00384	0.00352
4	0.00463	0.00397	0.00397	0.00397	0.00530	0.00331	0.00298	0.00563	0.00894	0.01059	0.03971	0.03773	0.83618	0.00993	0.00463	0.00132	0.00199	0.00827	0.00364	0.00331
5	0.00551	0.00401	0.00519	0.00489	0.00583	0.00368	0.00367	0.00733	0.01101	0.01551	0.80305	0.02963	0.06977	0.00809	0.00462	0.00124	0.00186	0.00714	0.00429	0.00368
6	0.00970	0.00931	0.01591	0.02406	0.83777	0.00931	0.01203	0.01203	0.00893	0.01281	0.00737	0.00970	0.00621	0.00349	0.00388	0.00116	0.00466	0.00349	0.00194	0.00621
7	0.58354	0.01147	0.00763	0.00689	0.00917	0.30201	0.00541	0.01297	0.00823	0.01479	0.00567	0.00661	0.00453	0.00378	0.00281	0.00114	0.00445	0.00226	0.00228	0.00435
8	0.00482	0.00347	0.00457	0.00537	0.00568	0.00322	0.00362	0.00558	0.00776	0.01036	0.06869	0.78174	0.05671	0.01195	0.00497	0.00156	0.00224	0.01081	0.00368	0.00322
9	0.00813	0.00697	0.00813	0.00581	0.00929	0.00523	0.00465	0.00987	0.00813	0.01277	0.00697	0.00813	0.00581	0.00290	0.00290	0.00058	0.00290	0.00232	0.00232	0.88619
10	0.07030	0.00768	0.01105	0.01356	0.33891	0.00765	0.04217	0.04994	0.09373	0.01390	0.07818	0.05568	0.10867	0.00523	0.00394	0.00118	0.00363	0.00466	0.00279	0.08716
11	0.00621	0.00499	0.00699	0.03225	0.04468	0.02579	0.00537	0.00794	0.03543	0.00948	0.01044	0.01531	0.00970	0.07014	0.69034	0.00549	0.00939	0.00419	0.00216	0.00371
12	0.00592	0.00388	0.00517	0.00549	0.00607	0.00379	0.00387	0.00684	0.00762	0.06332	0.06573	0.46557	0.05535	0.09262	0.17363	0.00266	0.00408	0.00833	0.01662	0.00344
13	0.01069	0.17677	0.06789	0.00888	0.05034	0.04967	0.00731	0.11073	0.41839	0.03138	0.02113	0.01153	0.00918	0.00463	0.00366	0.00118	0.00388	0.00366	0.00321	0.00591
14	0.00848	0.22024	0.64738	0.01012	0.01533	0.01062	0.01264	0.01226	0.00820	0.01166	0.00666	0.00781	0.00498	0.00364	0.00344	0.00115	0.00541	0.00271	0.00166	0.00561
15	0.04009	0.45743	0.15202	0.00816	0.03395	0.01193	0.02533	0.01339	0.06126	0.12361	0.00790	0.00835	0.00615	0.00374	0.00309	0.00101	0.00425	0.00273	0.00231	0.03328
16	0.03809	0.02260	0.03001	0.27800	0.37376	0.10744	0.03396	0.04802	0.00918	0.01218	0.00710	0.00945	0.00568	0.00375	0.00381	0.00119	0.00512	0.00333	0.00198	0.00534
17	0.00480	0.00347	0.00450	0.00531	0.00561	0.00322	0.00355	0.00548	0.00755	0.00997	0.02265	0.76859	0.08650	0.04188	0.00550	0.00165	0.00231	0.01074	0.00360	0.00317
18	0.00861	0.00829	0.01434	0.40804	0.42121	0.00906	0.05176	0.01112	0.00844	0.01150	0.00721	0.01009	0.00574	0.00368	0.00394	0.00124	0.00502	0.00355	0.00185	0.00530
19	0.00942	0.14097	0.37711	0.01320	0.18559	0.02784	0.07639	0.03407	0.03923	0.03923	0.00795	0.00919	0.01505	0.00379	0.00368	0.00117	0.00515	0.00320	0.00202	0.00574
20	0.00823	0.00806	0.01141	0.04473	0.03200	0.01100	0.00828	0.00918	0.00622	0.00952	0.00638	0.04987	0.00652	0.03098	0.03002	0.00183	0.71583	0.00388	0.00184	0.00422
21	0.00563	0.00380	0.00427	0.00429	0.00435	0.00376	0.00243	0.00569	0.00589	0.00780	0.01386	0.04426	0.05368	0.80322	0.01890	0.00363	0.00368	0.00594	0.00246	0.00244
22	0.09545	0.02063	0.06752	0.00826	0.03501	0.06986	0.01744	0.25335	0.07195	0.15454	0.05961	0.04169	0.05150	0.01793	0.01670	0.00133	0.00404	0.00415	0.00348	0.00557
23	0.00986	0.01114	0.13548	0.02026	0.59199	0.02147	0.05701	0.05385	0.02481	0.02529	0.00772	0.00964	0.00618	0.00364	0.00390	0.00119	0.00490	0.00348	0.00208	0.00610

[dist]
# distance from previous block
# <min> <max>
0	15

[block]
# block no. 1 follows, 69 sequences, length 58
# corresponding to MSA columns:
# 92-102,104-150
name=unknown_B
#
# <colnr> <probs for GDERKNQSTAVLIFYWHMCP>
#	G	D	E	R	K	N	Q	S	T	A	V	L	I	F	Y	W	H	M	C	P
0	0.08890	0.11354	0.06530	0.01327	0.19272	0.05620	0.20219	0.06706	0.04836	0.01331	0.00765	0.00956	0.00620	0.03000	0.00431	0.00123	0.01727	0.00343	0.00221	0.05729
1	0.47824	0.05978	0.11069	0.00728	0.01021	0.09749	0.02541	0.12546	0.00909	0.01630	0.00647	0.00761	0.00506	0.02233	0.00334	0.00123	0.00414	0.00259	0.00244	0.00483
2	0.02028	0.21251	0.04265	0.00703	0.00906	0.06118	0.03831	0.04278	0.00883	0.10037	0.04967	0.26951	0.01396	0.02830	0.05676	0.00159	0.00410	0.00571	0.00293	0.02447
3	0.00502	0.00395	0.00454	0.00448	0.00556	0.00346	0.00333	0.00635	0.00973	0.01268	0.36889	0.09416	0.44527	0.00931	0.00466	0.00131	0.00195	0.00799	0.00392	0.00346
4	0.01027	0.00868	0.00916	0.00808	0.01039	0.00999	0.00633	0.10139	0.74928	0.01723	0.01530	0.01410	0.01144	0.00526	0.00398	0.00131	0.00322	0.00434	0.00398	0.00625
5	0.01048	0.86458	0.02054	0.00671	0.01006	0.01551	0.00671	0.01174	0.00797	0.00922	0.00545	0.00629	0.00503	0.00335	0.00252	0.00084	0.00419	0.00210	0.00168	0.00503
6	0.00579	0.00400	0.00507	0.00483	0.00579	0.00368	0.00361	0.00751	0.01057	0.03023	0.66552	0.06450	0.09771	0.00806	0.00450	0.00123	0.00190	0.00706	0.06473	0.00370
7	0.00965	0.00926	0.01582	0.04215	0.82007	0.00930	0.01201	0.01199	0.00890	0.01275	0.00737	0.00972	0.00619	0.00350	0.00388	0.00117	0.00467	0.00349	0.00194	0.00617
8	0.00478	0.00364	0.00440	0.00492	0.00556	0.00326	0.00342	0.00565	0.00823	0.01059	0.08219	0.52390	0.30294	0.01119	0.00485	0.00148	0.00215	0.00989	0.00368	0.00326
9	0.00593	0.00445	0.00619	0.04642	0.03263	0.00435	0.00543	0.00748	0.00888	0.01186	0.14936	0.24853	0.05392	0.00998	0.00497	0.00157	0.00302	0.36493	0.00356	0.02654
10	0.00916	0.00874	0.01479	0.22011	0.62972	0.00918	0.01165	0.01172	0.02450	0.01222	0.00744	0.00998	0.00609	0.00363	0.00389	0.00120	0.00476	0.00351	0.00193	0.00577
11	0.01170	0.22024	0.01460	0.01334	0.27618	0.25737	0.00851	0.04141	0.04097	0.04243	0.00737	0.00890	0.00619	0.03011	0.00395	0.00113	0.00511	0.00299	0.00217	0.00535
12	0.00826	0.00799	0.01241	0.66104	0.15982	0.04993	0.01086	0.02385	0.00835	0.01069	0.00703	0.01015	0.00540	0.00387	0.00389	0.00127	0.00521	0.00344	0.00182	0.00471
13	0.01281	0.20211	0.05441	0.00938	0.04070	0.41576	0.01854	0.02404	0.01949	0.09431	0.00755	0.01935	0.00625	0.03371	0.00421	0.00114	0.02608	0.00293	0.00228	0.00495
14	0.86960	0.00784	0.00589	0.00527	0.00769	0.02824	0.00432	0.01162	0.00677	0.01740	0.00547	0.00638	0.00426	0.00365	0.00245	0.00121	0.00313	0.00213	0.00242	0.00425
15	0.00912	0.03744	0.54875	0.03769	0.06520	0.05462	0.08138	0.03229	0.04167	0.04415	0.00777	0.00898	0.00564	0.00382	0.00380	0.00122	0.00557	0.00317	0.00199	0.00572
16	0.01455	0.01081	0.01157	0.00895	0.01202	0.01199	0.00737	0.76989	0.07381	0.02414	0.00986	0.00977	0.00703	0.00475	0.00393	0.00119	0.00423	0.00359	0.00393	0.00664
17	0.00740	0.00697	0.01176	0.85280	0.02700	0.00871	0.01089	0.01002	0.00784	0.01002	0.00697	0.01045	0.00523	0.00392	0.00392	0.00131	0.00523	0.00348	0.00174	0.00436
18	0.05606	0.00742	0.01241	0.67827	0.11215	0.00884	0.04921	0.01043	0.00796	0.01085	0.00697	0.01015	0.00531	0.00383	0.00387	0.00129	0.00511	0.00346	0.00181	0.00459
19	0.00570	0.00380	0.00428	0.00428	0.00428	0.00380	0.00238	0.00570	0.00570	0.00760	0.01235	0.02566	0.01425	0.86222	0.01995	0.00380	0.00380	0.00570	0.00238	0.00238
20	0.14779	0.00681	0.00860	0.00670	0.00965	0.00621	0.00554	0.01797	0.01054	0.71766	0.01397	0.01230	0.00889	0.00467	0.00372	0.00121	0.00329	0.00367	0.00449	0.00631
21	0.00570	0.00380	0.00428	0.00428	0.00428	0.00380	0.00238	0.00570	0.00570	0.00760	0.01235	0.02566	0.01425	0.86222	0.01995	0.00380	0.00380	0.00570	0.00238	0.00238
22	0.00481	0.00394	0.00424	0.00424	0.00542	0.00337	0.00315	0.00593	0.00923	0.01147	0.18114	0.09209	0.63787	0.00975	0.00466	0.00133	0.00198	0.00826	0.00376	0.00337
23	0.88991	0.00758	0.00576	0.00516	0.00758	0.00879	0.00425	0.01152	0.00667	0.01759	0.00546	0.00637	0.00425	0.00364	0.00243	0.00121	0.00303	0.00212	0.00243	0.00425
24	0.00564	0.00406	0.00559	0.00559	0.00605	0.00452	0.00402	0.00655	0.00609	0.00858	0.01115	0.01898	0.01135	0.31969	0.55852	0.00543	0.00817	0.00472	0.00220	0.00311
25	0.00836	0.00791	0.01333	0.41077	0.40376	0.00876	0.01102	0.01072	0.00830	0.01131	0.00788	0.05330	0.00674	0.00419	0.00409	0.00126	0.01735	0.00388	0.00193	0.00516
26	0.01335	0.09402	0.02584	0.04242	0.02484	0.21222	0.00765	0.41874	0.05228	0.01750	0.00825	0.00898	0.00631	0.01443	0.00421	0.00117	0.03585	0.00320	0.00300	0.00573
27	0.02809	0.12894	0.41002	0.02011	0.01355	0.02065	0.05162	0.05514	0.01726	0.07274	0.02820	0.01133	0.04329	0.04450	0.02423	0.00142	0.00501	0.00347	0.00228	0.01816
28	0.02542	0.14882	0.38695	0.01113	0.03998	0.01040	0.14641	0.10934	0.00977	0.06454	0.00772	0.00880	0.00566	0.00377	0.00370	0.00118	0.00527	0.00320	0.00220	0.00573
29	0.01072	0.73241	0.03760	0.00686	0.01017	0.01433	0.00676	0.03116	0.03926	0.05120	0.00721	0.00775	0.02348	0.00368	0.00275	0.00090	0.00410	0.00246	0.00202	0.00517
30	0.01759	0.00667	0.00910	0.00698	0.01001	0.00576	0.00576	0.01911	0.01122	0.84048	0.01547	0.01334	0.00970	0.00485	0.00394	0.00121	0.00334	0.00394	0.00485	0.00667
31	0.00714	0.01121	0.36066	0.03938	0.02907	0.00650	0.01775	0.00950	0.00764	0.04229	0.03350	0.15103	0.01187	0.22369	0.02017	0.00203	0.01466	0.00517	0.00237	0.00438
32	0.01110	0.42501	0.05805	0.04488	0.16423	0.08024	0.03417	0.07093	0.00939	0.05852	0.00693	0.00801	0.00567	0.00366	0.00322	0.00101	0.00467	0.00277	0.00211	0.00544
33	0.01656	0.00649	0.00866	0.00672	0.00957	0.00570	0.00553	0.03500	0.01111	0.74837	0.01549	0.01372	0.02185	0.00490	0.00386	0.00119	0.00322	0.00398	0.07168	0.00639
34	0.00724	0.00447	0.00576	0.00521	0.00648	0.00409	0.00399	0.00918	0.02864	0.12926	0.64965	0.02735	0.08802	0.00765	0.00452	0.00124	0.00209	0.00668	0.00434	0.00414
35	0.02257	0.03323	0.07806	0.12263	0.34622	0.13563	0.07656	0.08766	0.02183	0.01299	0.00734	0.00926	0.00584	0.00383	0.00399	0.00118	0.02012	0.00335	0.00212	0.00557
36	0.00563	0.00410	0.00579	0.00579	0.00632	0.00462	0.00427	0.00667	0.00615	0.00872	0.01097	0.01797	0.01092	0.23820	0.63941	0.00567	0.00882	0.00458	0.00217	0.00322
37	0.00570	0.00382	0.00437	0.00437	0.00440	0.00385	0.00249	0.00576	0.00573	0.00767	0.01227	0.02520	0.01406	0.82526	0.05665	0.00391	0.00410	0.00563	0.00236	0.00243
38	0.01287	0.33441	0.01467	0.00884	0.01129	0.50637	0.00729	0.01397	0.00975	0.00945	0.00580	0.00683	0.00505	0.00388	0.00349	0.00097	0.03608	0.00240	0.00188	0.00472
39	0.35785	0.03144	0.03931	0.12141	0.17491	0.05418	0.10075	0.02333	0.03896	0.01433	0.00685	0.00848	0.00536	0.00370	0.00334	0.00121	0.00440	0.00301	0.00220	0.00496
40	0.01399	0.01043	0.01118	0.00879	0.01175	0.01160	0.00719	0.66110	0.16996	0.03683	0.01074	0.01045	0.00771	0.00482	0.00393	0.00121	0.00407	0.00371	0.00395	0.00658
41	0.00569	0.00385	0.00452	0.00452	0.00460	0.00393	0.00268	0.00586	0.00577	0.00778	0.01213	0.02443	0.01372	0.76302	0.11843	0.00410	0.00460	0.00552	0.00234	0.00251
42	0.00485	0.00399	0.00429	0.00437	0.00557	0.00343	0.00332	0.00597	0.00909	0.01115	0.11457	0.07222	0.66446	0.00991	0.00471	0.00136	0.00210	0.06756	0.00370	0.00336
43	0.04447	0.63601	0.01764	0.00729	0.01021	0.15601	0.00674	0.01216	0.00834	0.00961	0.00574	0.00682	0.00519	0.00455	0.03499	0.00111	0.02422	0.00228	0.00178	0.00484
44	0.00998	0.00833	0.00888	0.00797	0.01019	0.00956	0.00625	0.05047	0.75141	0.03412	0.01588	0.01553	0.01212	0.00550	0.00404	0.00134	0.00317	0.03514	0.00399	0.00613
45	0.01507	0.00783	0.00935	0.00734	0.01010	0.00783	0.00599	0.27833	0.06139	0.43571	0.01323	0.01255	0.00899	0.02508	0.00421	0.00124	0.00352	0.00385	0.08210	0.00627
46	0.00885	0.00845	0.01438	0.33009	0.53838	0.00909	0.01161	0.01129	0.00853	0.01178	0.00722	0.00998	0.00585	0.00365	0.00390	0.00122	0.00487	0.00349	0.00187	0.00552
47	0.00468	0.00386	0.00411	0.00428	0.00538	0.00329	0.00312	0.00562	0.00869	0.01056	0.04904	0.20175	0.66136	0.01037	0.00471	0.00138	0.00204	0.00883	0.00365	0.00329
48	0.01000	0.22770	0.40316	0.00939	0.01369	0.02285	0.02530	0.14015	0.02330	0.03881	0.00793	0.00895	0.01686	0.01898	0.00390	0.00118	0.01699	0.00301	0.00220	0.00563
49	0.00581	0.00407	0.00530	0.00496	0.00594	0.00374	0.00373	0.00763	0.01104	0.03546	0.79521	0.02912	0.05714	0.00799	0.00461	0.00123	0.00189	0.00704	0.00431	0.00376
50	0.01167	0.07306	0.24684	0.01022	0.01415	0.01038	0.12343	0.27740	0.07985	0.10033	0.00941	0.00986	0.00672	0.00420	0.00387	0.00121	0.00484	0.00352	0.00295	0.00608
51	0.00556	0.00455	0.03408	0.00603	0.00691	0.00396	0.00486	0.00691	0.00853	0.01131	0.10704	0.34182	0.10631	0.03582	0.00544	0.00164	0.00284	0.28739	0.00358	0.01544
52	0.01759	0.00667	0.00910	0.00698	0.01001	0.00576	0.00576	0.01911	0.01122	0.84048	0.01547	0.01334	0.00970	0.00485	0.00394	0.00121	0.00334	0.00394	0.00485	0.00667
53	0.00932	0.00882	0.01485	0.04777	0.73255	0.00889	0.01133	0.01177	0.02397	0.01278	0.02966	0.02446	0.00799	0.00406	0.00398	0.00120	0.00450	0.03403	0.00212	0.00594
54	0.04634	0.00990	0.01046	0.00849	0.01125	0.01114	0.00687	0.49552	0.31928	0.02135	0.01169	0.01123	0.00854	0.00489	0.00389	0.00123	0.00382	0.00381	0.00389	0.00640
55	0.00566	0.00379	0.00428	0.00430	0.00436	0.00376	0.00244	0.00568	0.00586	0.00776	0.01353	0.04563	0.04574	0.79692	0.01895	0.01688	0.00369	0.00589	0.00244	0.00242
56	0.01560	0.00872	0.01008	0.00830	0.03598	0.06507	0.00654	0.22671	0.04363	0.47286	0.03649	0.01218	0.00926	0.00487	0.00414	0.00121	0.02397	0.00382	0.00421	0.00635
57	0.01048	0.86458	0.02054	0.00671	0.01006	0.01551	0.00671	0.01174	0.00797	0.00922	0.00545	0.00629	0.00503	0.00335	0.00252	0.00084	0.00419	0.00210	0.00168	0.00503

[dist]
# distance from previous block
# <min> <max>
0	1

[block]
# block no. 2 follows, 69 sequences, length 11
# corresponding to MSA columns:
# 152-162
name=unknown_C
#
# <colnr> <probs for GDERKNQSTAVLIFYWHMCP>
#	G	D	E	R	K	N	Q	S	T	A	V	L	I	F	Y	W	H	M	C	P
0	0.00863	0.00732	0.00838	0.00620	0.00953	0.00605	0.00495	0.04981	0.09845	0.01374	0.00807	0.00890	0.00652	0.00325	0.00307	0.00069	0.00299	0.00261	0.00258	0.74826
1	0.16143	0.03627	0.00938	0.10047	0.01175	0.18800	0.00655	0.11446	0.18621	0.03700	0.01053	0.10249	0.00902	0.00522	0.00367	0.00123	0.00427	0.00406	0.00296	0.00502
2	0.00632	0.00419	0.00560	0.03000	0.00674	0.00391	0.00404	0.00800	0.01047	0.07199	0.63293	0.15157	0.03251	0.00831	0.00461	0.00129	0.00212	0.00737	0.00418	0.00385
3	0.00904	0.00794	0.01077	0.00776	0.01128	0.00668	0.12718	0.09926	0.00942	0.01405	0.00738	0.00863	0.00592	0.00316	0.00327	0.00076	0.00361	0.00280	0.00245	0.65865
4	0.00908	0.00841	0.01436	0.02649	0.21016	0.00837	0.25990	0.13210	0.03061	0.01407	0.03823	0.15968	0.03375	0.00574	0.00441	0.00132	0.00457	0.03079	0.00277	0.00520
5	0.01103	0.01046	0.13426	0.00833	0.01151	0.00905	0.00760	0.31080	0.01186	0.06217	0.00870	0.04087	0.00689	0.00458	0.00463	0.00110	0.09692	0.00339	0.00293	0.25291
6	0.00640	0.00629	0.09778	0.06550	0.00932	0.00513	0.03648	0.02062	0.00791	0.01067	0.07371	0.14992	0.03021	0.18259	0.02163	0.07157	0.00386	0.19402	0.00284	0.00355
7	0.00989	0.00791	0.01310	0.37878	0.36470	0.00852	0.01060	0.01222	0.00880	0.13515	0.00841	0.01057	0.00631	0.00388	0.00391	0.00123	0.00471	0.00356	0.00229	0.00548
8	0.00923	0.07257	0.44188	0.13600	0.01672	0.00939	0.05319	0.10082	0.00958	0.05985	0.03058	0.02779	0.00683	0.00418	0.00380	0.00123	0.00516	0.00344	0.00223	0.00553
9	0.07034	0.00887	0.01437	0.23400	0.51614	0.02818	0.04871	0.01159	0.00856	0.01234	0.00713	0.00964	0.00578	0.00362	0.00382	0.00121	0.00484	0.00343	0.00193	0.00552
10	0.00992	0.00875	0.03918	0.38926	0.22443	0.00925	0.05568	0.13297	0.01002	0.07080	0.00808	0.01025	0.00603	0.00396	0.00395	0.00124	0.00491	0.00357	0.00234	0.00542

[dist]
# distance from previous block
# <min> <max>
20	46

[block]
# block no. 3 follows, 69 sequences, length 22
# corresponding to MSA columns:
# 213-234
name=unknown_D
#
# <colnr> <probs for GDERKNQSTAVLIFYWHMCP>
#	G	D	E	R	K	N	Q	S	T	A	V	L	I	F	Y	W	H	M	C	P
0	0.04531	0.14233	0.17529	0.00876	0.03873	0.01771	0.04710	0.08344	0.06353	0.22482	0.01199	0.07610	0.03799	0.00499	0.00375	0.00120	0.00412	0.00409	0.00310	0.00563
1	0.07583	0.07243	0.47078	0.01245	0.12720	0.00930	0.10374	0.01188	0.00829	0.01253	0.00777	0.05624	0.00637	0.00409	0.00374	0.00123	0.00522	0.00352	0.00190	0.00548
2	0.00634	0.08481	0.04091	0.03797	0.00780	0.06956	0.00472	0.00767	0.00906	0.01078	0.07057	0.03027	0.53248	0.00836	0.00434	0.00128	0.00297	0.06317	0.00321	0.00374
3	0.01162	0.02771	0.26874	0.02857	0.10101	0.00815	0.04833	0.08714	0.01025	0.25999	0.04374	0.01101	0.00808	0.00427	0.00394	0.00118	0.01427	0.00355	0.00301	0.05542
4	0.01211	0.01116	0.01435	0.07185	0.27265	0.14962	0.12091	0.21995	0.01182	0.06527	0.00821	0.00958	0.00624	0.00398	0.00394	0.00118	0.00520	0.00352	0.00263	0.00582
5	0.01261	0.43136	0.01571	0.00845	0.01112	0.44109	0.00715	0.01374	0.00958	0.00941	0.00576	0.00669	0.00504	0.00371	0.00304	0.00093	0.00567	0.00232	0.00185	0.00478
6	0.00918	0.03838	0.01117	0.03583	0.20575	0.00761	0.01961	0.07276	0.00897	0.02242	0.00732	0.00909	0.00611	0.02158	0.00418	0.00094	0.05101	0.00290	0.00230	0.46287
7	0.00970	0.00988	0.03517	0.08421	0.48519	0.02742	0.22373	0.02808	0.00915	0.02726	0.00761	0.00994	0.00607	0.00358	0.00418	0.00122	0.01603	0.00376	0.00202	0.00577
8	0.00486	0.00345	0.00452	0.00535	0.00556	0.00324	0.00353	0.00548	0.00735	0.00980	0.02079	0.78603	0.02490	0.08733	0.00632	0.00179	0.00241	0.01066	0.00353	0.00311
9	0.00981	0.00989	0.04596	0.18636	0.23603	0.05601	0.29389	0.01246	0.00907	0.07531	0.00826	0.02435	0.00641	0.00380	0.00415	0.00125	0.00549	0.00397	0.00216	0.00539
10	0.00821	0.13189	0.73333	0.01058	0.01605	0.00995	0.01346	0.01233	0.00824	0.01199	0.00683	0.00801	0.00497	0.00368	0.00356	0.00119	0.00558	0.00279	0.00166	0.00569
11	0.00567	0.00391	0.00484	0.00484	0.00503	0.00411	0.00308	0.00606	0.00587	0.00802	0.01184	0.02281	0.01302	0.63143	0.24906	0.00449	0.00566	0.00529	0.00230	0.00269
12	0.00528	0.00399	0.00498	0.00553	0.00637	0.00369	0.00431	0.00650	0.00867	0.01108	0.07123	0.27885	0.28843	0.01081	0.00500	0.00156	0.00260	0.27408	0.00367	0.00339
13	0.00913	0.20705	0.48004	0.01020	0.01470	0.09894	0.06738	0.01233	0.00854	0.01132	0.00724	0.04276	0.00592	0.00400	0.00355	0.00115	0.00548	0.00314	0.00180	0.00535
14	0.01173	0.00683	0.00818	0.00693	0.00916	0.00696	0.00549	0.04241	0.31695	0.31200	0.20986	0.01748	0.01692	0.00577	0.00412	0.00126	0.00293	0.00486	0.00437	0.00579
15	0.00658	0.00479	0.00643	0.00709	0.00807	0.00486	0.00605	0.02962	0.05354	0.01235	0.05194	0.10003	0.02239	0.01037	0.00524	0.00173	0.00344	0.65803	0.00367	0.00380
16	0.00994	0.01007	0.01577	0.07868	0.64817	0.08214	0.07372	0.01225	0.00907	0.01232	0.00727	0.00959	0.00602	0.00356	0.00391	0.00117	0.00506	0.00350	0.00194	0.00587
17	0.00774	0.00654	0.00771	0.00572	0.00883	0.00499	0.00452	0.00943	0.00832	0.01285	0.07126	0.05754	0.00932	0.00382	0.00315	0.00069	0.00279	0.00318	0.00255	0.76904
18	0.07365	0.00985	0.01168	0.16340	0.05356	0.03899	0.03693	0.45222	0.03919	0.06872	0.00899	0.00976	0.00648	0.00439	0.00383	0.00121	0.00449	0.00348	0.00325	0.00592
19	0.06775	0.00972	0.01109	0.02607	0.10629	0.06162	0.00761	0.35648	0.04183	0.09104	0.03056	0.01121	0.00791	0.00546	0.02060	0.00136	0.10717	0.02723	0.00323	0.00576
20	0.05975	0.01211	0.08721	0.01423	0.04980	0.12098	0.50343	0.04432	0.00963	0.03716	0.00769	0.00966	0.00579	0.00361	0.00432	0.00126	0.01769	0.00394	0.00214	0.00529
21	0.00960	0.00707	0.04236	0.01924	0.00937	0.02351	0.04378	0.07731	0.14411	0.16419	0.37208	0.02836	0.02965	0.00627	0.00428	0.00125	0.00306	0.00543	0.00401	0.00505

[dist]
# distance from previous block
# <min> <max>
19	70

[block]
# block no. 4 follows, 69 sequences, length 14
# corresponding to MSA columns:
# 316-329
name=unknown_E
#
# <colnr> <probs for GDERKNQSTAVLIFYWHMCP>
#	G	D	E	R	K	N	Q	S	T	A	V	L	I	F	Y	W	H	M	C	P
0	0.06718	0.08662	0.04262	0.02125	0.02183	0.27638	0.04022	0.10785	0.02954	0.10610	0.02177	0.00895	0.00654	0.00424	0.00409	0.00109	0.05867	0.00302	0.00263	0.08941
1	0.03775	0.09763	0.30514	0.00885	0.03282	0.03302	0.02444	0.01341	0.00933	0.22713	0.09783	0.01163	0.00972	0.00444	0.00383	0.00115	0.01835	0.00353	0.00286	0.05713
2	0.01327	0.01190	0.12784	0.00902	0.01256	0.01107	0.00817	0.63292	0.01602	0.02184	0.00885	0.00913	0.00635	0.00440	0.00380	0.00113	0.00439	0.00333	0.00345	0.09059
3	0.01002	0.71490	0.16616	0.00750	0.01129	0.01438	0.00809	0.01186	0.00802	0.00979	0.00573	0.00664	0.00502	0.00342	0.00273	0.00091	0.00448	0.00224	0.00167	0.00517
4	0.01020	0.56883	0.12078	0.00728	0.01069	0.03328	0.00739	0.07792	0.00909	0.02779	0.00946	0.00996	0.08468	0.00419	0.00304	0.00097	0.00425	0.00295	0.00212	0.00512
5	0.00858	0.25138	0.61709	0.00995	0.01508	0.01086	0.01236	0.01223	0.00819	0.01154	0.00660	0.00773	0.00498	0.00362	0.00339	0.00113	0.00536	0.00268	0.00166	0.00559
6	0.00585	0.00444	0.00645	0.00631	0.00725	0.00490	0.00496	0.00730	0.00661	0.00956	0.01081	0.01649	0.01022	0.02615	0.72850	0.00557	0.00948	0.05128	0.00221	0.07564
7	0.00946	0.18109	0.25928	0.00979	0.09070	0.05233	0.00900	0.03418	0.09617	0.06142	0.10523	0.01301	0.03896	0.00474	0.00370	0.00116	0.00434	0.01746	0.00261	0.00537
8	0.01068	0.48659	0.13901	0.00781	0.01127	0.03752	0.00779	0.05270	0.14522	0.05532	0.00816	0.00851	0.00650	0.00390	0.00311	0.00102	0.00429	0.00278	0.00234	0.00549
9	0.00657	0.00477	0.00522	0.00512	0.00557	0.02435	0.00329	0.08419	0.00762	0.01004	0.03369	0.19682	0.03635	0.54321	0.01421	0.00291	0.00352	0.00664	0.00285	0.00306
10	0.06566	0.08356	0.02665	0.10119	0.08405	0.19398	0.07725	0.07851	0.02107	0.04009	0.02163	0.04502	0.00704	0.00462	0.00470	0.00120	0.10061	0.00353	0.00233	0.03732
11	0.15656	0.00878	0.03629	0.03963	0.20930	0.05221	0.06043	0.06334	0.03344	0.14225	0.09628	0.01210	0.02078	0.00443	0.00372	0.00118	0.00401	0.00375	0.00294	0.04858
12	0.02885	0.02632	0.02468	0.03187	0.14445	0.11137	0.02062	0.07457	0.07292	0.04360	0.16469	0.06038	0.03315	0.08407	0.00559	0.00143	0.01794	0.00475	0.00299	0.04577
13	0.09649	0.08951	0.04830	0.05326	0.12587	0.07177	0.05226	0.20197	0.04040	0.08232	0.02594	0.01142	0.02783	0.00486	0.00417	0.00131	0.02058	0.00369	0.00310	0.03495

[dist]
# distance from previous block
# <min> <max>
5	21

[block]
# block no. 5 follows, 69 sequences, length 8
# corresponding to MSA columns:
# 353-360
name=unknown_F
#
# <colnr> <probs for GDERKNQSTAVLIFYWHMCP>
#	G	D	E	R	K	N	Q	S	T	A	V	L	I	F	Y	W	H	M	C	P
0	0.00759	0.00515	0.00666	0.00694	0.00814	0.00517	0.00587	0.07056	0.03130	0.06301	0.02017	0.03720	0.07550	0.06844	0.00612	0.00181	0.00353	0.56921	0.00364	0.00399
1	0.00652	0.00599	0.06917	0.00638	0.00789	0.00508	0.00557	0.05046	0.05628	0.01342	0.23240	0.05380	0.16878	0.02514	0.00505	0.00150	0.00301	0.27588	0.00366	0.00401
2	0.14141	0.02432	0.04919	0.00887	0.07233	0.07233	0.00689	0.24783	0.07197	0.06351	0.00962	0.03907	0.00781	0.00465	0.00360	0.00114	0.00398	0.03815	0.00307	0.13025
3	0.05604	0.00535	0.00696	0.00767	0.06990	0.04438	0.05446	0.00736	0.00776	0.01063	0.01747	0.51897	0.03689	0.09521	0.00619	0.00172	0.00319	0.04310	0.00314	0.00361
4	0.07236	0.26986	0.06493	0.01024	0.11305	0.06952	0.05385	0.15095	0.03985	0.04244	0.00807	0.00990	0.00664	0.00412	0.00342	0.00109	0.00449	0.03774	0.00248	0.03500
5	0.01114	0.33780	0.15351	0.03663	0.01222	0.08569	0.03195	0.09666	0.03116	0.10243	0.00865	0.06030	0.00719	0.00439	0.00341	0.00109	0.00460	0.00335	0.00247	0.00537
6	0.05243	0.12291	0.04957	0.00579	0.00722	0.00632	0.00467	0.04382	0.02397	0.02493	0.11358	0.21779	0.05357	0.19992	0.02216	0.00193	0.00333	0.02067	0.00299	0.02244
7	0.06200	0.27230	0.13012	0.00942	0.09680	0.09106	0.00796	0.02695	0.00906	0.12824	0.04014	0.00915	0.00710	0.00399	0.00354	0.00105	0.02782	0.00293	0.00241	0.06796

[dist]
# distance from previous block
# <min> <max>
1	34

[block]
# block no. 6 follows, 69 sequences, length 35
# corresponding to MSA columns:
# 395-429
name=unknown_G
#
# <colnr> <probs for GDERKNQSTAVLIFYWHMCP>
#	G	D	E	R	K	N	Q	S	T	A	V	L	I	F	Y	W	H	M	C	P
0	0.03219	0.00953	0.01517	0.04927	0.17369	0.05869	0.27624	0.03832	0.10415	0.13191	0.02629	0.01120	0.00773	0.00406	0.00423	0.00123	0.01912	0.00399	0.00273	0.03026
1	0.02462	0.61536	0.03378	0.00739	0.01052	0.15250	0.00689	0.02900	0.02413	0.03316	0.00618	0.00692	0.00533	0.00357	0.00281	0.00090	0.00461	0.00231	0.00194	0.02807
2	0.01956	0.07894	0.57133	0.01102	0.03715	0.00942	0.08052	0.01301	0.05846	0.04109	0.00782	0.00889	0.00570	0.00376	0.00369	0.00120	0.00533	0.00310	0.00198	0.03803
3	0.12188	0.06031	0.13907	0.01048	0.09254	0.18717	0.05121	0.07575	0.11160	0.10024	0.00879	0.00933	0.00656	0.00410	0.00359	0.00117	0.00486	0.00317	0.00267	0.00551
4	0.00549	0.00409	0.00516	0.00513	0.00613	0.00376	0.00401	0.00715	0.01027	0.01393	0.52369	0.03370	0.20423	0.00891	0.00476	0.00135	0.00219	0.14839	0.00405	0.00360
5	0.01381	0.08433	0.01212	0.00868	0.01171	0.01212	0.00722	0.64380	0.12938	0.02223	0.00997	0.00986	0.00726	0.00467	0.00381	0.00117	0.00414	0.00353	0.00374	0.00646
6	0.01048	0.86458	0.02054	0.00671	0.01006	0.01551	0.00671	0.01174	0.00797	0.00922	0.00545	0.00629	0.00503	0.00335	0.00252	0.00084	0.00419	0.00210	0.00168	0.00503
7	0.00546	0.02813	0.03350	0.00573	0.00631	0.00391	0.00419	0.00632	0.00757	0.02646	0.01977	0.67662	0.02320	0.07813	0.00607	0.00174	0.00267	0.05745	0.00344	0.00336
8	0.00983	0.60005	0.23542	0.00827	0.01226	0.02807	0.03639	0.01201	0.00815	0.01018	0.00596	0.00697	0.00505	0.00346	0.00292	0.00096	0.00474	0.00240	0.00169	0.00523
9	0.00681	0.00340	0.00511	0.00511	0.00511	0.00340	0.00340	0.00511	0.00511	0.00681	0.00681	0.01192	0.00681	0.01362	0.01532	0.88594	0.00340	0.00340	0.00170	0.00170
10	0.00496	0.00350	0.00448	0.00519	0.00540	0.00331	0.00337	0.00551	0.00718	0.00954	0.02017	0.67442	0.04211	0.18188	0.00798	0.00203	0.00257	0.00999	0.00339	0.00303
11	0.00905	0.00868	0.01471	0.10992	0.66746	0.00880	0.03060	0.01133	0.00882	0.01233	0.00987	0.01199	0.07097	0.00404	0.00396	0.00120	0.00456	0.00389	0.00205	0.00577
12	0.01055	0.01049	0.01715	0.02974	0.04063	0.07795	0.43923	0.19696	0.01136	0.01486	0.00957	0.05282	0.00806	0.00462	0.00441	0.00130	0.00564	0.05672	0.00261	0.00534
13	0.00756	0.00712	0.01203	0.79783	0.08078	0.00875	0.01096	0.01015	0.00791	0.01020	0.00699	0.01040	0.00529	0.00389	0.00392	0.00130	0.00519	0.00348	0.00176	0.00448
14	0.00824	0.00768	0.01290	0.69522	0.02505	0.00913	0.09240	0.08113	0.00890	0.01155	0.00728	0.01037	0.00542	0.00393	0.00399	0.00130	0.00529	0.00360	0.00196	0.00465
15	0.00693	0.00589	0.00759	0.03519	0.14556	0.00590	0.00565	0.02580	0.15285	0.01359	0.23577	0.02559	0.28506	0.00729	0.00438	0.00128	0.00277	0.02488	0.00354	0.00450
16	0.00740	0.00697	0.01176	0.85280	0.02700	0.00871	0.01089	0.01002	0.00784	0.01002	0.00697	0.01045	0.00523	0.00392	0.00392	0.00131	0.00523	0.00348	0.00174	0.00436
17	0.00505	0.00411	0.00455	0.00478	0.00600	0.00361	0.00381	0.00625	0.00896	0.01087	0.03500	0.03934	0.63403	0.01015	0.00483	0.00144	0.00239	0.20781	0.00363	0.00338
18	0.00900	0.00822	0.01298	0.19814	0.46037	0.00860	0.01007	0.07157	0.02926	0.01302	0.02682	0.03577	0.06054	0.00445	0.00396	0.00120	0.00436	0.00407	0.00231	0.03529
19	0.00892	0.31503	0.53754	0.00959	0.01445	0.02908	0.01162	0.01225	0.00823	0.01124	0.00646	0.00756	0.00499	0.00360	0.00330	0.00110	0.00526	0.00261	0.00167	0.00550
20	0.28779	0.03232	0.01007	0.07373	0.03097	0.32086	0.04088	0.05056	0.05616	0.01357	0.02984	0.00848	0.00623	0.00411	0.00348	0.00115	0.01986	0.00287	0.00237	0.00468
21	0.15947	0.05924	0.35279	0.02965	0.03031	0.04794	0.06161	0.02549	0.03750	0.06792	0.00760	0.00858	0.00561	0.00375	0.00345	0.00115	0.00476	0.00292	0.00222	0.08803
22	0.04691	0.16829	0.32662	0.00895	0.01286	0.08262	0.02586	0.07859	0.04627	0.06018	0.04634	0.00952	0.00730	0.00442	0.01571	0.00119	0.00488	0.00309	0.00236	0.04805
23	0.05775	0.04728	0.23615	0.01024	0.08900	0.08694	0.06468	0.01240	0.07290	0.06173	0.11018	0.04340	0.03883	0.01556	0.00425	0.00125	0.02159	0.00416	0.00263	0.01909
24	0.02388	0.05903	0.16303	0.00867	0.03755	0.03652	0.05553	0.06776	0.09166	0.10721	0.07873	0.04008	0.00998	0.00450	0.00369	0.00108	0.00398	0.00376	0.00289	0.20048
25	0.05565	0.07602	0.23644	0.03006	0.02106	0.05474	0.00817	0.07403	0.07181	0.11036	0.13603	0.01395	0.05550	0.00507	0.00396	0.00120	0.01997	0.00401	0.00296	0.01900
26	0.03602	0.02373	0.17406	0.04287	0.13725	0.09163	0.06573	0.12036	0.09335	0.05938	0.01034	0.02198	0.04477	0.00439	0.00382	0.00118	0.00469	0.00367	0.00265	0.05812
27	0.00998	0.06659	0.22681	0.04015	0.12649	0.05422	0.06244	0.04118	0.05255	0.10246	0.04643	0.02775	0.00835	0.00434	0.00394	0.00116	0.01950	0.01454	0.00254	0.08859
28	0.08156	0.06039	0.11487	0.01831	0.10629	0.04947	0.04509	0.12130	0.02582	0.06669	0.04538	0.07593	0.03058	0.02449	0.00410	0.00121	0.00409	0.01304	0.00277	0.10863
29	0.02813	0.04145	0.11908	0.07398	0.05522	0.02872	0.13818	0.09214	0.07796	0.11112	0.03844	0.04006	0.01690	0.00441	0.00386	0.00116	0.00442	0.00391	0.00281	0.11804
30	0.03585	0.05192	0.16302	0.02074	0.09338	0.07603	0.08927	0.09376	0.06167	0.10376	0.02064	0.06523	0.03841	0.02474	0.00441	0.00127	0.01888	0.00414	0.00276	0.03011
31	0.03710	0.07560	0.19202	0.03059	0.13060	0.06137	0.04931	0.08509	0.08969	0.06139	0.03980	0.02129	0.00790	0.00447	0.01379	0.00119	0.00459	0.00347	0.00257	0.08815
32	0.02359	0.02916	0.21023	0.02096	0.12769	0.02842	0.07414	0.06627	0.08529	0.10861	0.07427	0.03225	0.04240	0.00473	0.00392	0.00120	0.00432	0.00408	0.00284	0.05563
33	0.01951	0.08321	0.18544	0.00979	0.08010	0.06065	0.04195	0.11108	0.09484	0.05365	0.13270	0.02249	0.04406	0.00505	0.00410	0.00120	0.02456	0.00413	0.00290	0.01863
34	0.02475	0.07277	0.22306	0.01110	0.11941	0.07414	0.06156	0.02895	0.08201	0.04377	0.06703	0.02000	0.00862	0.00437	0.00424	0.00116	0.05350	0.00354	0.00241	0.09362

[dist]
# distance from previous block
# <min> <max>
2	38

[block]
# block no. 7 follows, 69 sequences, length 48
# corresponding to MSA columns:
# 471-518
name=unknown_H
#
# <colnr> <probs for GDERKNQSTAVLIFYWHMCP>
#	G	D	E	R	K	N	Q	S	T	A	V	L	I	F	Y	W	H	M	C	P
0	0.02065	0.05233	0.20842	0.03078	0.05791	0.02009	0.14151	0.06977	0.04585	0.02039	0.05130	0.01254	0.05975	0.00463	0.01322	0.00118	0.00456	0.01598	0.00245	0.16667
1	0.01807	0.02181	0.21695	0.03073	0.09149	0.01740	0.10466	0.05264	0.05157	0.09372	0.06695	0.03242	0.01868	0.00475	0.01582	0.00122	0.01482	0.00386	0.00264	0.13979
2	0.02900	0.08673	0.28005	0.04393	0.01302	0.03702	0.04966	0.05584	0.06157	0.10452	0.11726	0.01209	0.01039	0.00484	0.01409	0.00123	0.01748	0.00370	0.00272	0.05488
3	0.00874	0.06385	0.30458	0.00986	0.05630	0.00829	0.07873	0.05541	0.02445	0.04635	0.03555	0.03225	0.06776	0.00453	0.00403	0.00113	0.03110	0.00377	0.00239	0.16094
4	0.00840	0.02134	0.23274	0.04069	0.05259	0.03075	0.11598	0.03103	0.03076	0.04579	0.12770	0.03399	0.05972	0.00483	0.00394	0.00114	0.00430	0.00427	0.00262	0.14743
5	0.02559	0.03328	0.35783	0.00926	0.02476	0.03762	0.05529	0.05934	0.02512	0.06750	0.12115	0.01167	0.01008	0.00432	0.00374	0.00112	0.00450	0.00357	0.00256	0.14170
6	0.00843	0.05023	0.12284	0.01823	0.02297	0.00732	0.06264	0.04614	0.07569	0.03426	0.03520	0.07125	0.04378	0.01759	0.00432	0.00111	0.03881	0.03513	0.00266	0.30138
7	0.02213	0.09519	0.35094	0.01108	0.05830	0.02183	0.13093	0.07405	0.03476	0.02987	0.02411	0.01021	0.03117	0.00439	0.01441	0.00125	0.02872	0.00345	0.00220	0.05103
8	0.02412	0.01004	0.21924	0.02254	0.17129	0.00726	0.03752	0.01118	0.10304	0.01295	0.11190	0.11427	0.05192	0.00656	0.03076	0.00143	0.00417	0.01775	0.00273	0.03936
9	0.01184	0.07435	0.06440	0.00864	0.02745	0.03921	0.00726	0.36924	0.21545	0.01856	0.03035	0.01067	0.00833	0.00455	0.00372	0.00113	0.00400	0.00354	0.00337	0.09394
10	0.00905	0.11003	0.35906	0.00964	0.01385	0.03539	0.09721	0.02734	0.02808	0.04728	0.00805	0.04101	0.00644	0.00395	0.00370	0.00109	0.01513	0.00328	0.00214	0.17827
11	0.00827	0.03048	0.63009	0.01046	0.01532	0.00877	0.04800	0.02487	0.03474	0.04216	0.06410	0.01081	0.02584	0.00430	0.00406	0.00125	0.02531	0.00347	0.00212	0.00559
12	0.00888	0.20684	0.53803	0.01060	0.05445	0.02881	0.02612	0.01254	0.02780	0.02724	0.00758	0.00863	0.01847	0.00379	0.00350	0.00115	0.00525	0.00291	0.00183	0.00559
13	0.00968	0.00878	0.02247	0.04151	0.26841	0.06935	0.11249	0.04801	0.08434	0.07299	0.09773	0.06713	0.05285	0.00518	0.00413	0.00123	0.00426	0.00475	0.00287	0.02183
14	0.01060	0.02672	0.02844	0.00682	0.00890	0.08177	0.00549	0.08245	0.15059	0.18738	0.04188	0.01871	0.18721	0.06708	0.00547	0.00141	0.03566	0.00488	0.02637	0.02218
15	0.00700	0.00603	0.08242	0.03509	0.02074	0.00464	0.00516	0.02425	0.00923	0.10987	0.09476	0.17440	0.36531	0.00864	0.00451	0.00135	0.00279	0.03614	0.00357	0.00410
16	0.02767	0.11135	0.31089	0.05341	0.07036	0.03135	0.13221	0.03523	0.02517	0.12328	0.02380	0.00976	0.00662	0.00396	0.00391	0.00120	0.01851	0.00338	0.00234	0.00561
17	0.03836	0.00845	0.01373	0.05085	0.61664	0.00854	0.02219	0.04411	0.00911	0.01305	0.02181	0.08352	0.04319	0.00464	0.00398	0.00122	0.00428	0.00437	0.00228	0.00566
18	0.00464	0.00394	0.00400	0.00404	0.00531	0.00330	0.00301	0.00562	0.00887	0.01056	0.03883	0.07803	0.79645	0.01004	0.00465	0.00134	0.00200	0.00841	0.00364	0.00330
19	0.02779	0.00920	0.06957	0.20579	0.09181	0.05515	0.09145	0.13452	0.03411	0.07307	0.01052	0.10840	0.00913	0.00561	0.01707	0.00137	0.00472	0.02999	0.01561	0.00512
20	0.01925	0.03724	0.32566	0.03346	0.12489	0.01912	0.14328	0.09983	0.06124	0.04348	0.03681	0.01063	0.01898	0.00410	0.00394	0.00123	0.00510	0.00366	0.00238	0.00572
21	0.01020	0.00860	0.00909	0.00804	0.01032	0.00989	0.00629	0.10338	0.73330	0.01715	0.01538	0.02816	0.01165	0.00537	0.00400	0.00132	0.00321	0.00445	0.00398	0.00620
22	0.79536	0.00774	0.00657	0.03610	0.04197	0.00892	0.00490	0.03722	0.00718	0.01735	0.00571	0.00674	0.00444	0.00368	0.00259	0.00121	0.00322	0.00227	0.00243	0.00441
23	0.00740	0.00697	0.01176	0.85280	0.02700	0.00871	0.01089	0.01002	0.00784	0.01002	0.00697	0.01045	0.00523	0.00392	0.00392	0.00131	0.00523	0.00348	0.00174	0.00436
24	0.00478	0.00341	0.00455	0.00546	0.00569	0.00318	0.00364	0.00546	0.00751	0.01001	0.02161	0.85966	0.02593	0.01228	0.00500	0.00159	0.00227	0.01114	0.00364	0.00318
25	0.00570	0.00380	0.00428	0.00428	0.00428	0.00380	0.00238	0.00570	0.00570	0.00760	0.01235	0.02566	0.01425	0.86222	0.01995	0.00380	0.00380	0.00570	0.00238	0.00238
26	0.00487	0.00368	0.00451	0.00493	0.00560	0.00331	0.00346	0.00585	0.00856	0.01120	0.17223	0.47379	0.26211	0.01084	0.00483	0.00145	0.00212	0.00959	0.00376	0.00331
27	0.00740	0.00697	0.01176	0.85280	0.02700	0.00871	0.01089	0.01002	0.00784	0.01002	0.00697	0.01045	0.00523	0.00392	0.00392	0.00131	0.00523	0.00348	0.00174	0.00436
28	0.01464	0.01868	0.01111	0.01010	0.01212	0.84648	0.00757	0.01565	0.01111	0.00959	0.00606	0.00707	0.00505	0.00404	0.00353	0.00101	0.00707	0.00252	0.00202	0.00454
29	0.00466	0.00387	0.00407	0.00424	0.00536	0.00329	0.00310	0.00560	0.00868	0.01049	0.03649	0.18394	0.69205	0.01035	0.00470	0.00137	0.00204	0.00878	0.00364	0.00329
30	0.00802	0.00564	0.00679	0.00656	0.00766	0.00584	0.00484	0.21915	0.01046	0.04738	0.01779	0.58358	0.01976	0.00988	0.00487	0.00147	0.02366	0.00869	0.00371	0.00426
31	0.00560	0.00420	0.00630	0.00630	0.00700	0.00490	0.00490	0.00700	0.00630	0.00910	0.01050	0.01540	0.00980	0.02940	0.84669	0.00630	0.01050	0.00420	0.00210	0.00350
32	0.02077	0.11756	0.08520	0.00830	0.01118	0.03220	0.00725	0.17727	0.43476	0.04584	0.01217	0.01166	0.00908	0.00474	0.00374	0.00122	0.00383	0.00373	0.00344	0.00606
33	0.01516	0.00833	0.00983	0.00767	0.01054	0.00847	0.00629	0.34846	0.06395	0.39344	0.04608	0.01250	0.00971	0.00494	0.00392	0.00120	0.00361	0.00392	0.03557	0.00641
34	0.01052	0.00854	0.00985	0.02040	0.10109	0.00957	0.00695	0.06595	0.63097	0.06928	0.01450	0.01365	0.01080	0.00504	0.00397	0.00129	0.00338	0.00423	0.00379	0.00624
35	0.00786	0.02028	0.84191	0.01117	0.01697	0.00910	0.01448	0.01242	0.00828	0.01242	0.00704	0.00828	0.00497	0.00372	0.00372	0.00124	0.00579	0.00290	0.00166	0.00579
36	0.00998	0.35115	0.30738	0.01002	0.04513	0.04119	0.08492	0.03703	0.00885	0.05049	0.01642	0.00823	0.00577	0.00367	0.00336	0.00108	0.00503	0.00287	0.00197	0.00546
37	0.01015	0.64350	0.19386	0.00777	0.01163	0.01399	0.00839	0.05234	0.00855	0.01067	0.00598	0.00686	0.00510	0.00350	0.00284	0.00094	0.00454	0.00234	0.00178	0.00527
38	0.00558	0.00375	0.00431	0.00442	0.00445	0.00372	0.00253	0.00567	0.00593	0.00790	0.01352	0.13044	0.01572	0.75544	0.01808	0.00352	0.00361	0.00639	0.00253	0.00248
39	0.05187	0.00774	0.02432	0.60044	0.17384	0.00889	0.02350	0.01096	0.03991	0.01123	0.00733	0.01024	0.00563	0.00387	0.00385	0.00128	0.00496	0.00346	0.00190	0.00480
40	0.03682	0.09700	0.25972	0.03767	0.17606	0.06606	0.14138	0.02578	0.05382	0.03411	0.00767	0.00916	0.00590	0.00382	0.00401	0.00120	0.02886	0.00332	0.00207	0.00556
41	0.00500	0.00372	0.00529	0.00585	0.00621	0.00349	0.03672	0.00576	0.00749	0.00999	0.02059	0.78384	0.02454	0.05421	0.00573	0.00169	0.00253	0.01061	0.00351	0.00323
42	0.00568	0.00379	0.00428	0.00430	0.00430	0.00379	0.00240	0.00570	0.00574	0.00765	0.01254	0.04220	0.01448	0.84536	0.01966	0.00376	0.00377	0.00581	0.00240	0.00239
43	0.07571	0.01103	0.11402	0.00936	0.01279	0.01015	0.08777	0.44566	0.01412	0.15012	0.00987	0.02496	0.00704	0.00453	0.00388	0.00121	0.00444	0.00366	0.00349	0.00619
44	0.02176	0.02938	0.04113	0.07974	0.17795	0.00779	0.06524	0.06360	0.05601	0.04539	0.00829	0.02307	0.00666	0.00366	0.00352	0.00097	0.00395	0.00323	0.00245	0.35621
45	0.00564	0.00403	0.00543	0.00543	0.00583	0.00443	0.00382	0.00644	0.00604	0.00846	0.01129	0.01979	0.01171	0.38593	0.49277	0.00523	0.00763	0.00484	0.00222	0.00302
46	0.84636	0.00813	0.00603	0.00540	0.00781	0.05048	0.00441	0.01173	0.00689	0.01719	0.00549	0.00640	0.00429	0.00366	0.00248	0.00120	0.00323	0.00214	0.00241	0.00426
47	0.00998	0.04070	0.39083	0.02417	0.03429	0.02785	0.02027	0.03923	0.03330	0.13850	0.00858	0.00925	0.00618	0.00378	0.00357	0.00108	0.00461	0.00301	0.00245	0.19837

[dist]
# distance from previous block
# <min> <max>
0	1

[block]
# block no. 8 follows, 69 sequences, length 55
# corresponding to MSA columns:
# 520-574
name=unknown_I
#
# <colnr> <probs for GDERKNQSTAVLIFYWHMCP>
#	G	D	E	R	K	N	Q	S	T	A	V	L	I	F	Y	W	H	M	C	P
0	0.00837	0.10082	0.58604	0.01244	0.13680	0.01909	0.02217	0.01207	0.00840	0.01210	0.01750	0.03318	0.00617	0.00395	0.00369	0.00120	0.00534	0.00321	0.00180	0.00566
1	0.00800	0.02010	0.82573	0.01113	0.01687	0.00916	0.01435	0.02824	0.00847	0.01265	0.00708	0.00830	0.00500	0.00374	0.00373	0.00124	0.00577	0.00291	0.00170	0.00581
2	0.00608	0.00413	0.00539	0.00500	0.00603	0.00378	0.00378	0.00789	0.01106	0.05336	0.78053	0.02874	0.05344	0.00791	0.00459	0.00123	0.00192	0.00697	0.00433	0.00383
3	0.00858	0.00858	0.01201	0.01029	0.01029	0.01201	0.00858	0.00943	0.00600	0.00943	0.00515	0.00858	0.00515	0.00686	0.01287	0.00172	0.85505	0.00343	0.00172	0.00429
4	0.00499	0.00394	0.00450	0.00446	0.00554	0.00344	0.00331	0.00628	0.00962	0.01247	0.33748	0.10749	0.46370	0.00942	0.00466	0.00131	0.00196	0.00808	0.00389	0.00344
5	0.01592	0.00672	0.00893	0.00677	0.00988	0.00567	0.00557	0.01748	0.01068	0.69477	0.01397	0.01243	0.00902	0.00451	0.00376	0.00110	0.00326	0.00366	0.00441	0.16151
6	0.00500	0.00385	0.00458	0.00469	0.00560	0.00342	0.00341	0.00623	0.00937	0.01232	0.32619	0.23806	0.34353	0.00981	0.00472	0.00136	0.00201	0.00855	0.00389	0.00342
7	0.01066	0.82824	0.02014	0.00685	0.01015	0.05121	0.00675	0.01191	0.00810	0.00924	0.00548	0.00632	0.00503	0.00338	0.00256	0.00085	0.00432	0.00211	0.00169	0.00501
8	0.06374	0.00874	0.00894	0.00838	0.03786	0.04162	0.00629	0.01958	0.71101	0.01602	0.01494	0.01396	0.02133	0.00516	0.00388	0.00130	0.00329	0.00423	0.00374	0.00599
9	0.00775	0.04060	0.05046	0.70787	0.09832	0.00904	0.01099	0.01037	0.00796	0.01035	0.00695	0.01013	0.00529	0.00385	0.00385	0.00127	0.00516	0.00340	0.00175	0.00461
10	0.01025	0.00881	0.00913	0.00810	0.01038	0.02476	0.00633	0.08455	0.75169	0.01694	0.01526	0.01408	0.01142	0.00525	0.00398	0.00131	0.00327	0.00433	0.00395	0.00621
