[name]
unknown

[dist]
# distance from previous block
# <min> <max>
0	74

[block]
# block no. 0 follows, 75 sequences, length 18
# corresponding to MSA columns:
# 80-97
name=unknown_A
#
# <colnr> <probs for GDERKNQSTAVLIFYWHMCP>
#	G	D	E	R	K	N	Q	S	T	A	V	L	I	F	Y	W	H	M	C	P
0	0.04293	0.02912	0.07175	0.02414	0.12312	0.00775	0.09134	0.11614	0.10711	0.07775	0.03340	0.02551	0.01862	0.00436	0.00361	0.00108	0.00377	0.05363	0.00274	0.16214
1	0.67462	0.04830	0.00718	0.05193	0.00882	0.02376	0.02355	0.03503	0.00699	0.03464	0.00566	0.00660	0.00438	0.00343	0.00252	0.00109	0.00318	0.00221	0.00228	0.05384
2	0.01167	0.08189	0.01256	0.05891	0.22308	0.48080	0.02712	0.02803	0.00950	0.01006	0.00607	0.00750	0.00506	0.00364	0.00352	0.00101	0.02032	0.00269	0.00186	0.00473
3	0.00500	0.00372	0.00466	0.00448	0.00538	0.00337	0.00334	0.00653	0.00986	0.01357	0.65543	0.06867	0.18634	0.00803	0.00435	0.00119	0.00178	0.00703	0.00389	0.00337
4	0.00457	0.00350	0.00416	0.00457	0.00525	0.00314	0.00325	0.00543	0.00780	0.00996	0.08454	0.41211	0.34700	0.04227	0.00507	0.00146	0.00211	0.04735	0.00341	0.00305
5	0.00520	0.00375	0.00491	0.00462	0.00549	0.00347	0.00347	0.00693	0.01040	0.01473	0.84608	0.02743	0.03465	0.00751	0.00433	0.00116	0.00173	0.00664	0.00404	0.00347
6	0.00505	0.00375	0.00470	0.00446	0.00539	0.00340	0.00335	0.00664	0.01004	0.01387	0.70212	0.02884	0.17915	0.00783	0.00433	0.00117	0.00176	0.00684	0.00393	0.00340
7	0.01396	0.01029	0.01102	0.00845	0.01139	0.01139	0.00698	0.83577	0.01727	0.02315	0.00882	0.00882	0.00625	0.00441	0.00367	0.00110	0.00404	0.00331	0.00367	0.00625
8	0.01372	0.01750	0.01041	0.00946	0.01135	0.85618	0.00710	0.01467	0.01041	0.00899	0.00568	0.00662	0.00473	0.00378	0.00331	0.00095	0.00662	0.00237	0.00189	0.00426
9	0.00694	0.00653	0.01102	0.86210	0.02530	0.00816	0.01020	0.00938	0.00734	0.00938	0.00653	0.00979	0.00490	0.00367	0.00367	0.00122	0.00490	0.00326	0.00163	0.00408
10	0.00449	0.00333	0.00419	0.00480	0.00526	0.00303	0.00329	0.00525	0.00749	0.00978	0.06946	0.65158	0.19297	0.01083	0.00460	0.00142	0.00205	0.00968	0.00344	0.00303
11	0.00762	0.00653	0.00762	0.00544	0.00870	0.00490	0.00435	0.00925	0.00762	0.01197	0.00653	0.00762	0.00544	0.00272	0.00272	0.00054	0.00272	0.00218	0.00218	0.89338
12	0.00516	0.00375	0.00486	0.00459	0.00547	0.00345	0.00344	0.00687	0.01032	0.01454	0.81425	0.02775	0.06660	0.00758	0.00433	0.00116	0.00174	0.00669	0.00402	0.00345
13	0.00914	0.00789	0.00830	0.00747	0.00955	0.00914	0.00581	0.01952	0.84138	0.01536	0.01495	0.01370	0.01121	0.00498	0.00374	0.00125	0.00291	0.00415	0.00374	0.00581
14	0.00461	0.00392	0.00400	0.00400	0.00523	0.00342	0.00299	0.00604	0.05351	0.01019	0.03506	0.08037	0.75559	0.00919	0.00433	0.00125	0.00193	0.00771	0.00343	0.00324
15	0.00998	0.00925	0.01282	0.01695	0.52400	0.05654	0.00938	0.11844	0.17888	0.01394	0.00872	0.00985	0.00691	0.00379	0.00364	0.00112	0.00415	0.00340	0.00245	0.00578
16	0.00799	0.00801	0.04708	0.30160	0.47253	0.00810	0.01034	0.01026	0.00798	0.01104	0.00853	0.01081	0.05118	0.00377	0.00365	0.00114	0.00439	0.00349	0.02309	0.00502
17	0.04513	0.14890	0.02897	0.02154	0.09777	0.27838	0.01806	0.19140	0.07698	0.02724	0.00765	0.02814	0.00620	0.00402	0.00333	0.00103	0.00475	0.00298	0.00245	0.00507

[dist]
# distance from previous block
# <min> <max>
1	22

[block]
# block no. 1 follows, 75 sequences, length 22
# corresponding to MSA columns:
# 120-141
name=unknown_B
#
# <colnr> <probs for GDERKNQSTAVLIFYWHMCP>
#	G	D	E	R	K	N	Q	S	T	A	V	L	I	F	Y	W	H	M	C	P
0	0.08224	0.21650	0.01176	0.00806	0.04076	0.14682	0.02821	0.07663	0.27680	0.02332	0.00926	0.00994	0.00739	0.00413	0.00324	0.00106	0.00398	0.02267	0.00265	0.02458
1	0.71369	0.00832	0.00678	0.00625	0.03560	0.09804	0.02286	0.01116	0.00684	0.01516	0.00531	0.00631	0.00421	0.00348	0.00268	0.00111	0.02101	0.00215	0.00219	0.02684
2	0.00952	0.12824	0.19536	0.03415	0.17370	0.03075	0.14950	0.10078	0.07995	0.04035	0.00795	0.01961	0.00617	0.00371	0.00357	0.00111	0.00469	0.00331	0.00220	0.00538
3	0.00525	0.00392	0.00584	0.00584	0.00647	0.00455	0.00451	0.00652	0.00588	0.00848	0.00990	0.01477	0.00933	0.05749	0.82663	0.00582	0.00961	0.00398	0.00198	0.00324
4	0.02431	0.26137	0.30062	0.00978	0.03815	0.06979	0.11106	0.09307	0.03772	0.01196	0.00670	0.00773	0.00520	0.00350	0.00327	0.00104	0.00488	0.00279	0.00192	0.00516
5	0.00525	0.00392	0.00582	0.00582	0.00645	0.00455	0.00449	0.00651	0.00588	0.00847	0.00991	0.01483	0.00936	0.06317	0.82098	0.00580	0.00957	0.00399	0.00198	0.00323
6	0.01205	0.01038	0.09225	0.01009	0.11591	0.08037	0.02366	0.31135	0.11772	0.13907	0.00995	0.01047	0.00730	0.00430	0.00365	0.00113	0.00414	0.01909	0.02137	0.00575
7	0.00589	0.00419	0.00582	0.00662	0.00743	0.00419	0.00573	0.00749	0.00830	0.01080	0.01905	0.04055	0.02074	0.05360	0.00576	0.00179	0.00339	0.78200	0.00332	0.00332
8	0.01396	0.01029	0.01102	0.00845	0.01139	0.01139	0.00698	0.83577	0.01727	0.02315	0.00882	0.00882	0.00625	0.00441	0.00367	0.00110	0.00404	0.00331	0.00367	0.00625
9	0.01396	0.01029	0.01102	0.00845	0.01139	0.01139	0.00698	0.83577	0.01727	0.02315	0.00882	0.00882	0.00625	0.00441	0.00367	0.00110	0.00404	0.00331	0.00367	0.00625
10	0.89687	0.00710	0.00540	0.00483	0.00710	0.00824	0.00398	0.01080	0.00625	0.01648	0.00511	0.00597	0.00398	0.00341	0.00227	0.00114	0.00284	0.00199	0.00227	0.00398
11	0.89687	0.00710	0.00540	0.00483	0.00710	0.00824	0.00398	0.01080	0.00625	0.01648	0.00511	0.00597	0.00398	0.00341	0.00227	0.00114	0.00284	0.00199	0.00227	0.00398
12	0.00447	0.00320	0.00426	0.00511	0.00533	0.00298	0.00341	0.00511	0.00703	0.00938	0.02024	0.86853	0.02429	0.01151	0.00469	0.00149	0.00213	0.01044	0.00341	0.00298
13	0.00520	0.00375	0.00491	0.00462	0.00549	0.00347	0.00347	0.00693	0.01040	0.01473	0.84608	0.02743	0.03465	0.00751	0.00433	0.00116	0.00173	0.00664	0.00404	0.00347
14	0.00966	0.00822	0.00904	0.00784	0.01007	0.00939	0.03269	0.11070	0.72219	0.01612	0.01402	0.01303	0.01047	0.00486	0.00375	0.00123	0.00314	0.00406	0.00367	0.00583
15	0.07235	0.00630	0.00832	0.00643	0.00923	0.00558	0.00531	0.01745	0.01024	0.79762	0.01389	0.01209	0.00877	0.00447	0.00360	0.00114	0.00311	0.00359	0.00440	0.00611
16	0.00447	0.00320	0.00426	0.00511	0.00533	0.00298	0.00341	0.00511	0.00703	0.00938	0.02024	0.86853	0.02429	0.01151	0.00469	0.00149	0.00213	0.01044	0.00341	0.00298
17	0.00955	0.01027	0.04684	0.01409	0.01773	0.00963	0.66383	0.15524	0.01014	0.01374	0.00764	0.00965	0.00566	0.00334	0.00419	0.00121	0.00579	0.00410	0.00216	0.00519
18	0.83526	0.00732	0.00579	0.00508	0.00740	0.00846	0.00419	0.06836	0.00702	0.01694	0.00537	0.00617	0.00414	0.00348	0.00237	0.00113	0.00292	0.00208	0.00237	0.00414
19	0.00447	0.00320	0.00426	0.00511	0.00533	0.00298	0.00341	0.00511	0.00703	0.00938	0.02024	0.86853	0.02429	0.01151	0.00469	0.00149	0.00213	0.01044	0.00341	0.00298
20	0.01000	0.00835	0.01380	0.01952	0.67816	0.00846	0.01027	0.01198	0.00846	0.12312	0.00777	0.00947	0.00618	0.00366	0.00423	0.00113	0.06419	0.00332	0.00217	0.00575
21	0.07132	0.00939	0.03054	0.01918	0.63545	0.05779	0.05766	0.02449	0.03684	0.01240	0.00704	0.00890	0.00578	0.00338	0.00356	0.00110	0.00446	0.00321	0.00195	0.00555

[dist]
# distance from previous block
# <min> <max>
0	2

[block]
# block no. 2 follows, 75 sequences, length 15
# corresponding to MSA columns:
# 144-158
name=unknown_C
#
# <colnr> <probs for GDERKNQSTAVLIFYWHMCP>
#	G	D	E	R	K	N	Q	S	T	A	V	L	I	F	Y	W	H	M	C	P
0	0.00968	0.01124	0.17234	0.00949	0.08132	0.09431	0.02265	0.12666	0.27886	0.01423	0.00954	0.00984	0.00723	0.00399	0.00349	0.00107	0.00408	0.00322	0.00270	0.13407
1	0.00537	0.00359	0.00410	0.00414	0.00418	0.00359	0.00240	0.00545	0.00549	0.00731	0.01195	0.02487	0.01373	0.82936	0.01804	0.00347	0.00355	0.04484	0.00228	0.00228
2	0.00825	0.00895	0.01839	0.04315	0.12766	0.00854	0.59896	0.01110	0.02380	0.01157	0.00949	0.06103	0.04274	0.00393	0.00423	0.00123	0.00542	0.00466	0.00204	0.00486
3	0.00638	0.00319	0.00478	0.00478	0.00478	0.00319	0.00319	0.00478	0.00478	0.00638	0.00638	0.01116	0.00638	0.01276	0.01435	0.89314	0.00319	0.00319	0.00159	0.00159
4	0.00513	0.00359	0.00463	0.00481	0.00506	0.00375	0.00319	0.00566	0.00587	0.00803	0.01292	0.20296	0.01445	0.43241	0.26745	0.00382	0.00514	0.00602	0.00240	0.00271
5	0.89687	0.00710	0.00540	0.00483	0.00710	0.00824	0.00398	0.01080	0.00625	0.01648	0.00511	0.00597	0.00398	0.00341	0.00227	0.00114	0.00284	0.00199	0.00227	0.00398
6	0.00638	0.00319	0.00478	0.00478	0.00478	0.00319	0.00319	0.00478	0.00478	0.00638	0.00638	0.01116	0.00638	0.01276	0.01435	0.89314	0.00319	0.00319	0.00159	0.00159
7	0.00770	0.00661	0.00766	0.00556	0.00875	0.00514	0.00444	0.00985	0.05625	0.01217	0.00702	0.00797	0.00578	0.00285	0.00278	0.00058	0.00273	0.00229	0.00227	0.84161
8	0.89687	0.00710	0.00540	0.00483	0.00710	0.00824	0.00398	0.01080	0.00625	0.01648	0.00511	0.00597	0.00398	0.00341	0.00227	0.00114	0.00284	0.00199	0.00227	0.00398
9	0.00521	0.00361	0.00497	0.00539	0.00588	0.00337	0.02691	0.00590	0.00720	0.03773	0.01979	0.61911	0.08109	0.05547	0.00580	0.04137	0.00246	0.06238	0.00326	0.00308
10	0.04680	0.01680	0.62189	0.00979	0.01444	0.05300	0.01162	0.14038	0.02814	0.01358	0.00702	0.00792	0.00502	0.00368	0.00346	0.00114	0.00511	0.00279	0.00198	0.00544
11	0.00471	0.00368	0.00424	0.00421	0.00517	0.00324	0.00309	0.00589	0.00890	0.01160	0.34225	0.11609	0.42661	0.03792	0.00486	0.00131	0.00190	0.00752	0.00361	0.00320
12	0.00833	0.06492	0.03189	0.00587	0.00913	0.03096	0.00492	0.03646	0.00806	0.02976	0.00665	0.00762	0.00545	0.00289	0.00279	0.00062	0.00304	0.00225	0.00221	0.73616
13	0.02233	0.33336	0.23929	0.00816	0.01175	0.03767	0.06820	0.06309	0.00868	0.07295	0.04012	0.00880	0.02052	0.00369	0.00314	0.00099	0.00433	0.00285	0.00211	0.04794
14	0.03623	0.31251	0.31843	0.00850	0.03870	0.02209	0.00890	0.03415	0.00786	0.03602	0.00743	0.03673	0.02666	0.00401	0.00369	0.00105	0.06281	0.00289	0.00187	0.02944

[dist]
# distance from previous block
# <min> <max>
0	1

[block]
# block no. 3 follows, 75 sequences, length 99
# corresponding to MSA columns:
# 160-258
name=unknown_D
#
# <colnr> <probs for GDERKNQSTAVLIFYWHMCP>
#	G	D	E	R	K	N	Q	S	T	A	V	L	I	F	Y	W	H	M	C	P
0	0.02221	0.32669	0.50311	0.00915	0.03368	0.02560	0.01062	0.01143	0.00769	0.01059	0.00602	0.00707	0.00469	0.00336	0.00306	0.00102	0.00484	0.00244	0.00158	0.00514
1	0.00852	0.00871	0.01659	0.16991	0.38180	0.00877	0.31753	0.01108	0.00829	0.01146	0.00710	0.00958	0.00561	0.00329	0.00389	0.00117	0.00511	0.00367	0.01280	0.00516
2	0.00959	0.10569	0.30339	0.02697	0.08302	0.03128	0.04500	0.03527	0.02967	0.13624	0.01748	0.00886	0.00614	0.00357	0.00335	0.00101	0.00432	0.00291	0.00228	0.14394
3	0.00841	0.00808	0.02446	0.15745	0.35010	0.00826	0.13166	0.04931	0.09652	0.01252	0.07019	0.01242	0.02968	0.00414	0.00385	0.00117	0.00430	0.02003	0.00231	0.00512
4	0.00512	0.00374	0.00481	0.00459	0.00547	0.00343	0.00344	0.00676	0.01012	0.01416	0.74926	0.05046	0.09910	0.00779	0.00435	0.00118	0.00177	0.01707	0.00397	0.00342
5	0.01019	0.01204	0.13430	0.08670	0.22800	0.22950	0.02603	0.08460	0.05031	0.03058	0.02470	0.00977	0.02851	0.00395	0.00356	0.00109	0.00489	0.00322	0.02300	0.00506
6	0.03843	0.03219	0.03252	0.17503	0.32538	0.07653	0.08189	0.09427	0.03284	0.06466	0.00756	0.00920	0.00582	0.00362	0.00361	0.00112	0.00462	0.00326	0.00220	0.00526
7	0.00938	0.70397	0.11818	0.02370	0.01045	0.03043	0.00719	0.01095	0.00750	0.00902	0.00550	0.00652	0.00488	0.00412	0.03432	0.00103	0.00440	0.00216	0.00159	0.00472
8	0.00447	0.00320	0.00426	0.00511	0.00533	0.00298	0.00341	0.00511	0.00703	0.00938	0.02024	0.86853	0.02429	0.01151	0.00469	0.00149	0.00213	0.01044	0.00341	0.00298
9	0.00738	0.04862	0.05109	0.02899	0.28616	0.03187	0.04953	0.00908	0.00802	0.02655	0.01309	0.26180	0.02452	0.00682	0.00413	0.00130	0.00372	0.13039	0.00256	0.00441
10	0.00899	0.15042	0.50429	0.00953	0.02509	0.03167	0.02415	0.09757	0.06219	0.03300	0.00729	0.00810	0.00539	0.00368	0.00345	0.00110	0.01388	0.00280	0.00201	0.00540
11	0.00878	0.00880	0.03133	0.02016	0.67165	0.01998	0.09773	0.01100	0.00835	0.01178	0.00789	0.04953	0.00701	0.00383	0.00379	0.00114	0.00448	0.02535	0.00193	0.00550
12	0.00534	0.00356	0.00401	0.00401	0.00401	0.00356	0.00223	0.00534	0.00534	0.00712	0.01157	0.02403	0.01335	0.87092	0.01869	0.00356	0.00356	0.00534	0.00223	0.00223
13	0.01235	0.02950	0.01172	0.01246	0.21128	0.53842	0.00811	0.08056	0.01025	0.01085	0.00619	0.00743	0.00512	0.00380	0.00373	0.00102	0.03774	0.00268	0.00200	0.00479
14	0.01132	0.00496	0.00597	0.00499	0.00680	0.00464	0.00399	0.05065	0.00935	0.37407	0.01291	0.01296	0.00913	0.00440	0.00310	0.00099	0.00243	0.00353	0.46905	0.00477
15	0.00608	0.00489	0.00551	0.00521	0.00645	0.00504	0.00394	0.02966	0.20436	0.01203	0.16461	0.02423	0.30592	0.06370	0.12846	0.00204	0.00340	0.00585	0.01478	0.00386
16	0.00960	0.00647	0.00782	0.00569	0.00885	0.00501	0.00459	0.01119	0.00826	0.19979	0.00831	0.00871	0.00626	0.00313	0.00294	0.00068	0.00281	0.00252	0.00271	0.69468
17	0.00463	0.00373	0.00412	0.00402	0.00514	0.00322	0.00302	0.00583	0.00905	0.01153	0.30869	0.03269	0.57404	0.00870	0.00434	0.00121	0.00182	0.00738	0.00362	0.00322
18	0.00544	0.00359	0.00444	0.00444	0.00456	0.00371	0.00276	0.00550	0.00538	0.00730	0.01069	0.02088	0.01183	0.62324	0.17137	0.10091	0.00467	0.00485	0.00211	0.00235
19	0.00463	0.00332	0.00443	0.00525	0.00557	0.00312	0.00367	0.00539	0.00723	0.00957	0.02065	0.75376	0.04780	0.01129	0.00472	0.00151	0.00226	0.09939	0.00341	0.00303
20	0.02992	0.03306	0.01075	0.00823	0.01098	0.05552	0.00674	0.67475	0.07897	0.02100	0.00920	0.02789	0.00686	0.00452	0.00362	0.00111	0.00402	0.00342	0.00350	0.00595
21	0.00967	0.82170	0.06938	0.00654	0.00982	0.01417	0.00672	0.01104	0.00748	0.00882	0.00520	0.00600	0.00471	0.00316	0.00242	0.00081	0.00402	0.00201	0.00157	0.00476
22	0.00808	0.09395	0.55605	0.00953	0.01389	0.00902	0.04169	0.02935	0.11987	0.02558	0.03478	0.00954	0.00681	0.00391	0.00360	0.00115	0.01421	0.01162	0.00205	0.00533
23	0.00453	0.00360	0.00407	0.00423	0.00515	0.00314	0.00307	0.00554	0.00842	0.01067	0.18194	0.23720	0.49646	0.00951	0.00442	0.00129	0.00190	0.00820	0.00353	0.00314
24	0.01636	0.00644	0.00864	0.00662	0.00947	0.00567	0.00547	0.05555	0.01082	0.81247	0.01423	0.01233	0.00896	0.00454	0.00369	0.00113	0.00317	0.00368	0.00451	0.00625
25	0.00938	0.74612	0.11095	0.00666	0.00994	0.01346	0.00694	0.01086	0.00742	0.00892	0.00551	0.00677	0.00503	0.03547	0.00309	0.00093	0.00408	0.00217	0.00159	0.00470
26	0.00451	0.00321	0.00425	0.00507	0.00528	0.00300	0.00337	0.00512	0.00697	0.00929	0.01992	0.83710	0.02388	0.04349	0.00521	0.00157	0.00218	0.01025	0.00337	0.00295
27	0.00791	0.00785	0.01100	0.00947	0.00950	0.01094	0.00788	0.00873	0.00564	0.00882	0.00505	0.00833	0.00502	0.00740	0.05092	0.00180	0.82488	0.00325	0.00162	0.00398
28	0.00525	0.00394	0.00590	0.00590	0.00656	0.00459	0.00459	0.00656	0.00590	0.00853	0.00984	0.01443	0.00918	0.02755	0.85637	0.00590	0.00984	0.00394	0.00197	0.00328
29	0.01372	0.01750	0.01041	0.00946	0.01135	0.85618	0.00710	0.01467	0.01041	0.00899	0.00568	0.00662	0.00473	0.00378	0.00331	0.00095	0.00662	0.00237	0.00189	0.00426
30	0.89687	0.00710	0.00540	0.00483	0.00710	0.00824	0.00398	0.01080	0.00625	0.01648	0.00511	0.00597	0.00398	0.00341	0.00227	0.00114	0.00284	0.00199	0.00227	0.00398
31	0.00534	0.00356	0.00401	0.00401	0.00401	0.00356	0.00223	0.00534	0.00534	0.00712	0.01157	0.02403	0.01335	0.87092	0.01869	0.00356	0.00356	0.00534	0.00223	0.00223
32	0.01373	0.01011	0.01086	0.00837	0.01124	0.01118	0.00689	0.81547	0.01702	0.02281	0.00910	0.02983	0.00669	0.00458	0.00370	0.00111	0.00399	0.00348	0.00367	0.00617
33	0.01372	0.01750	0.01041	0.00946	0.01135	0.85618	0.00710	0.01467	0.01041	0.00899	0.00568	0.00662	0.00473	0.00378	0.00331	0.00095	0.00662	0.00237	0.00189	0.00426
34	0.01396	0.01029	0.01102	0.00845	0.01139	0.01139	0.00698	0.83577	0.01727	0.02315	0.00882	0.00882	0.00625	0.00441	0.00367	0.00110	0.00404	0.00331	0.00367	0.00625
35	0.00434	0.00372	0.00372	0.00372	0.00496	0.00310	0.00279	0.00527	0.00837	0.00992	0.03721	0.03535	0.84652	0.00930	0.00434	0.00124	0.00186	0.00775	0.00341	0.00310
36	0.00447	0.00322	0.00424	0.00505	0.00531	0.00299	0.00338	0.00512	0.00709	0.00940	0.02102	0.83018	0.06214	0.01141	0.00467	0.00148	0.00212	0.01032	0.00341	0.00299
37	0.00638	0.00319	0.00478	0.00478	0.00478	0.00319	0.00319	0.00478	0.00478	0.00638	0.00638	0.01116	0.00638	0.01276	0.01435	0.89314	0.00319	0.00319	0.00159	0.00159
38	0.00762	0.00653	0.00762	0.00544	0.00870	0.00490	0.00435	0.00925	0.00762	0.01197	0.00653	0.00762	0.00544	0.00272	0.00272	0.00054	0.00272	0.00218	0.00218	0.89338
39	0.00447	0.00320	0.00426	0.00511	0.00533	0.00298	0.00341	0.00511	0.00703	0.00938	0.02024	0.86853	0.02429	0.01151	0.00469	0.00149	0.00213	0.01044	0.00341	0.00298
40	0.00534	0.00356	0.00401	0.00401	0.00401	0.00356	0.00223	0.00534	0.00534	0.00712	0.01157	0.02403	0.01335	0.87092	0.01869	0.00356	0.00356	0.00534	0.00223	0.00223
41	0.00804	0.00804	0.01125	0.00964	0.00964	0.01125	0.00804	0.00884	0.00562	0.00884	0.00482	0.00804	0.00482	0.00643	0.01205	0.00161	0.86420	0.00321	0.00161	0.00402
42	0.00525	0.00394	0.00590	0.00590	0.00656	0.00459	0.00459	0.00656	0.00590	0.00853	0.00984	0.01443	0.00918	0.02755	0.85637	0.00590	0.00984	0.00394	0.00197	0.00328
43	0.00801	0.00800	0.01124	0.03047	0.01002	0.01117	0.00809	0.00885	0.00567	0.00885	0.00486	0.00808	0.00482	0.00636	0.01185	0.00160	0.84320	0.00322	0.00161	0.00402
44	0.00762	0.00653	0.00762	0.00544	0.00870	0.00490	0.00435	0.00925	0.00762	0.01197	0.00653	0.00762	0.00544	0.00272	0.00272	0.00054	0.00272	0.00218	0.00218	0.89338
45	0.89687	0.00710	0.00540	0.00483	0.00710	0.00824	0.00398	0.01080	0.00625	0.01648	0.00511	0.00597	0.00398	0.00341	0.00227	0.00114	0.00284	0.00199	0.00227	0.00398
46	0.00737	0.01900	0.85189	0.01047	0.01590	0.00853	0.01357	0.01163	0.00775	0.01163	0.00659	0.00775	0.00465	0.00349	0.00349	0.00116	0.00543	0.00271	0.00155	0.00543
47	0.00519	0.00399	0.00490	0.00536	0.00639	0.00371	0.00447	0.00653	0.00842	0.01050	0.02766	0.03862	0.40266	0.00976	0.00473	0.00148	0.00268	0.44632	0.00340	0.00325
48	0.01353	0.01698	0.01033	0.00936	0.01128	0.80636	0.00704	0.02801	0.04613	0.00949	0.00612	0.00696	0.00503	0.00385	0.00334	0.00096	0.00642	0.00246	0.00200	0.00436
49	0.00534	0.00356	0.00401	0.00401	0.00401	0.00356	0.00223	0.00534	0.00534	0.00712	0.01157	0.02403	0.01335	0.87092	0.01869	0.00356	0.00356	0.00534	0.00223	0.00223
50	0.00982	0.87313	0.01925	0.00628	0.00943	0.01453	0.00628	0.01100	0.00746	0.00864	0.00511	0.00589	0.00471	0.00314	0.00236	0.00079	0.00393	0.00196	0.00157	0.00471
51	0.00755	0.06982	0.78019	0.01035	0.01560	0.00891	0.03482	0.01160	0.00776	0.01146	0.00652	0.00770	0.00468	0.00346	0.00344	0.00114	0.00536	0.00271	0.00156	0.00537
52	0.01130	0.01348	0.06242	0.00864	0.01074	0.48952	0.04523	0.04900	0.08099	0.03035	0.06424	0.01116	0.06442	0.00483	0.00398	0.03424	0.00525	0.00338	0.00240	0.00440
53	0.01624	0.00663	0.00876	0.00672	0.00957	0.00597	0.00555	0.09574	0.01116	0.77181	0.01395	0.01215	0.00882	0.00453	0.00369	0.00113	0.00321	0.00366	0.00446	0.00625
54	0.00638	0.00319	0.00478	0.00478	0.00478	0.00319	0.00319	0.00478	0.00478	0.00638	0.00638	0.01116	0.00638	0.01276	0.01435	0.89314	0.00319	0.00319	0.00159	0.00159
55	0.00984	0.00672	0.11479	0.00671	0.00882	0.00491	0.03642	0.01139	0.00871	0.34826	0.03826	0.33910	0.03576	0.00721	0.00410	0.00128	0.00309	0.00634	0.00359	0.00470
56	0.01648	0.00625	0.00852	0.00653	0.00938	0.00540	0.00540	0.01790	0.01051	0.85056	0.01449	0.01250	0.00909	0.00455	0.00369	0.00114	0.00313	0.00369	0.00455	0.00625
57	0.00525	0.00394	0.00590	0.00590	0.00656	0.00459	0.00459	0.00656	0.00590	0.00853	0.00984	0.01443	0.00918	0.02755	0.85637	0.00590	0.00984	0.00394	0.00197	0.00328
58	0.00918	0.01045	0.00769	0.02426	0.04000	0.38220	0.00546	0.01107	0.08532	0.01014	0.03263	0.03195	0.32293	0.00613	0.00380	0.00111	0.00422	0.00480	0.00268	0.00399
59	0.00737	0.03374	0.74033	0.01057	0.02554	0.00843	0.05915	0.01132	0.00777	0.01148	0.00724	0.04748	0.00562	0.00383	0.00357	0.00117	0.00528	0.00315	0.00166	0.00528
60	0.01648	0.00625	0.00852	0.00653	0.00938	0.00540	0.00540	0.01790	0.01051	0.85056	0.01449	0.01250	0.00909	0.00455	0.00369	0.00114	0.00313	0.00369	0.00455	0.00625
61	0.01372	0.01750	0.01041	0.00946	0.01135	0.85618	0.00710	0.01467	0.01041	0.00899	0.00568	0.00662	0.00473	0.00378	0.00331	0.00095	0.00662	0.00237	0.00189	0.00426
62	0.00745	0.00687	0.02274	0.35357	0.18083	0.00733	0.10436	0.00955	0.00779	0.03780	0.00989	0.14604	0.00934	0.00525	0.00417	0.00128	0.02330	0.05590	0.00218	0.00439
63	0.00924	0.00670	0.01018	0.04238	0.17857	0.00673	0.09199	0.04287	0.12534	0.16797	0.01328	0.23944	0.01229	0.00613	0.00415	0.00126	0.01461	0.01882	0.00311	0.00494
64	0.00534	0.00356	0.00401	0.00401	0.00401	0.00356	0.00223	0.00534	0.00534	0.00712	0.01157	0.02403	0.01335	0.87092	0.01869	0.00356	0.00356	0.00534	0.00223	0.00223
65	0.01424	0.00612	0.00793	0.00637	0.00885	0.00564	0.00522	0.03576	0.08978	0.62709	0.01439	0.01405	0.00984	0.00483	0.00365	0.00114	0.00300	0.04343	0.09289	0.00579
66	0.00916	0.14507	0.17315	0.07725	0.13162	0.08214	0.10290	0.05131	0.01969	0.05135	0.05953	0.02811	0.03318	0.00414	0.00367	0.00110	0.01597	0.00353	0.00218	0.00494
67	0.02492	0.01205	0.37565	0.01002	0.11416	0.00744	0.00945	0.04433	0.06797	0.16482	0.09164	0.01215	0.04036	0.00440	0.00366	0.00115	0.00411	0.00364	0.00269	0.00538
68	0.00449	0.00371	0.00394	0.00393	0.00506	0.00316	0.00293	0.00554	0.00866	0.01071	0.17204	0.06702	0.67795	0.00909	0.00435	0.00124	0.00185	0.00767	0.00352	0.00316
69	0.00966	0.00687	0.10383	0.00653	0.00880	0.00523	0.05337	0.03894	0.00941	0.29469	0.14335	0.05885	0.14382	0.04907	0.00467	0.00130	0.00311	0.01576	0.03809	0.00466
70	0.06293	0.07324	0.15507	0.01366	0.30888	0.06947	0.04863	0.11666	0.02084	0.07332	0.00762	0.00903	0.00591	0.00369	0.00348	0.00110	0.00451	0.01424	0.00227	0.00546
71	0.00953	0.02063	0.04210	0.02913	0.11189	0.26038	0.23713	0.01177	0.04325	0.01069	0.03438	0.01201	0.08802	0.01644	0.01574	0.00123	0.04513	0.00387	0.00213	0.00455
72	0.00506	0.00382	0.00479	0.00476	0.00565	0.00359	0.00359	0.00665	0.02633	0.01241	0.44946	0.11126	0.21205	0.01007	0.07532	0.00164	0.00259	0.05397	0.00362	0.00336
73	0.01040	0.09257	0.07600	0.10401	0.22559	0.12273	0.10362	0.07419	0.01945	0.09491	0.01885	0.00912	0.00614	0.00372	0.00374	0.00110	0.02323	0.00321	0.00223	0.00519
74	0.00933	0.63457	0.13783	0.00700	0.01036	0.01277	0.00728	0.02882	0.00766	0.00964	0.00549	0.00643	0.00479	0.00332	0.00296	0.00086	0.03787	0.00217	0.00166	0.06920
75	0.21902	0.18524	0.01100	0.00775	0.00998	0.49093	0.00621	0.01303	0.00885	0.01067	0.00543	0.00632	0.00455	0.00357	0.00288	0.00096	0.00520	0.00220	0.00192	0.00428
76	0.00982	0.87313	0.01925	0.00628	0.00943	0.01453	0.00628	0.01100	0.00746	0.00864	0.00511	0.00589	0.00471	0.00314	0.00236	0.00079	0.00393	0.00196	0.00157	0.00471
77	0.00496	0.00371	0.00468	0.00511	0.00588	0.00344	0.00394	0.00615	0.00835	0.01087	0.16489	0.27789	0.24360	0.00987	0.00464	0.00142	0.00233	0.23155	0.00351	0.00321
78	0.00497	0.00375	0.00459	0.00438	0.00534	0.00337	0.00328	0.00648	0.00985	0.01343	0.62725	0.02958	0.25430	0.00799	0.00433	0.00118	0.00177	0.00694	0.00387	0.00337
79	0.00638	0.00319	0.00478	0.00478	0.00478	0.00319	0.00319	0.00478	0.00478	0.00638	0.00638	0.01116	0.00638	0.01276	0.01435	0.89314	0.00319	0.00319	0.00159	0.00159
80	0.00507	0.00375	0.00473	0.00448	0.00541	0.00341	0.00336	0.00668	0.01009	0.01400	0.72314	0.02864	0.15804	0.00778	0.00433	0.00117	0.00175	0.00681	0.00395	0.00341
81	0.00804	0.00804	0.01125	0.00964	0.00964	0.01125	0.00804	0.00884	0.00562	0.00884	0.00482	0.00804	0.00482	0.00643	0.01205	0.00161	0.86420	0.00321	0.00161	0.00402
82	0.00982	0.87313	0.01925	0.00628	0.00943	0.01453	0.00628	0.01100	0.00746	0.00864	0.00511	0.00589	0.00471	0.00314	0.00236	0.00079	0.00393	0.00196	0.00157	0.00471
83	0.00525	0.00394	0.00590	0.00590	0.00656	0.00459	0.00459	0.00656	0.00590	0.00853	0.00984	0.01443	0.00918	0.02755	0.85637	0.00590	0.00984	0.00394	0.00197	0.00328
84	0.00804	0.00804	0.01125	0.00964	0.00964	0.01125	0.00804	0.00884	0.00562	0.00884	0.00482	0.00804	0.00482	0.00643	0.01205	0.00161	0.86420	0.00321	0.00161	0.00402
85	0.00447	0.00320	0.00426	0.00511	0.00533	0.00298	0.00341	0.00511	0.00703	0.00938	0.02024	0.86853	0.02429	0.01151	0.00469	0.00149	0.00213	0.01044	0.00341	0.00298
86	0.00592	0.00423	0.00592	0.00676	0.00761	0.00423	0.00592	0.00761	0.00845	0.01099	0.01945	0.04143	0.02114	0.01015	0.00507	0.00169	0.00338	0.82329	0.00338	0.00338
87	0.00447	0.00322	0.00424	0.00505	0.00531	0.00299	0.00338	0.00512	0.00709	0.00940	0.02102	0.83018	0.06214	0.01141	0.00467	0.00148	0.00212	0.01032	0.00341	0.00299
88	0.00460	0.00329	0.00438	0.00513	0.00543	0.00307	0.00351	0.00538	0.00740	0.00994	0.09729	0.75925	0.02514	0.01108	0.00467	0.00147	0.00214	0.04033	0.00347	0.00304
89	0.00762	0.00653	0.00762	0.00544	0.00870	0.00490	0.00435	0.00925	0.00762	0.01197	0.00653	0.00762	0.00544	0.00272	0.00272	0.00054	0.00272	0.00218	0.00218	0.89338
90	0.00931	0.01388	0.40797	0.01175	0.03421	0.00885	0.26917	0.10707	0.00937	0.08138	0.00776	0.00897	0.00551	0.00355	0.00380	0.00118	0.00530	0.00338	0.00214	0.00545
91	0.00559	0.00402	0.00552	0.00633	0.00708	0.00395	0.00532	0.00705	0.00819	0.01065	0.02035	0.19354	0.05669	0.01036	0.00497	0.00164	0.00309	0.63899	0.00339	0.00330
92	0.00446	0.00332	0.00416	0.00481	0.00525	0.00302	0.00328	0.00519	0.00740	0.00963	0.04470	0.67094	0.19857	0.01094	0.00461	0.00143	0.00206	0.00978	0.00343	0.00302
93	0.00717	0.00675	0.01138	0.79111	0.07328	0.00825	0.02090	0.01998	0.00755	0.00974	0.00659	0.00974	0.00498	0.00365	0.00368	0.00121	0.00487	0.00328	0.00167	0.00422
94	0.00998	0.13721	0.28099	0.03028	0.06111	0.09475	0.12137	0.11456	0.00952	0.06561	0.02674	0.00868	0.00605	0.00371	0.00358	0.00109	0.01430	0.00307	0.00216	0.00523
95	0.06688	0.01156	0.33632	0.05964	0.11596	0.01690	0.08335	0.01034	0.01630	0.01983	0.00878	0.04486	0.02869	0.00671	0.08593	0.01617	0.03393	0.03117	0.00195	0.00472
96	0.00457	0.00361	0.00402	0.00428	0.00519	0.00316	0.00314	0.00551	0.00805	0.01008	0.05962	0.24896	0.52698	0.02078	0.00461	0.00135	0.00203	0.05411	0.02687	0.00310
97	0.22085	0.07729	0.11873	0.00935	0.10981	0.10851	0.04739	0.03198	0.05864	0.10679	0.00798	0.00869	0.01728	0.00404	0.01368	0.00114	0.01457	0.00287	0.00238	0.03801
98	0.01931	0.01161	0.18077	0.06679	0.14331	0.13764	0.11582	0.07199	0.04759	0.08220	0.04671	0.02733	0.00755	0.00402	0.00368	0.00112	0.00479	0.00350	0.00236	0.02190

[dist]
# distance from previous block
# <min> <max>
1	9

[block]
# block no. 4 follows, 75 sequences, length 56
# corresponding to MSA columns:
# 268-323
name=unknown_E
#
# <colnr> <probs for GDERKNQSTAVLIFYWHMCP>
#	G	D	E	R	K	N	Q	S	T	A	V	L	I	F	Y	W	H	M	C	P
0	0.03143	0.04763	0.01098	0.02670	0.06425	0.66497	0.00734	0.06822	0.01038	0.01026	0.00593	0.00697	0.00489	0.00381	0.00348	0.00098	0.02279	0.00250	0.00199	0.00449
1	0.00508	0.00389	0.00470	0.00445	0.00550	0.00350	0.00334	0.00672	0.02583	0.01315	0.55328	0.04639	0.26899	0.00792	0.00428	0.00117	0.00183	0.00686	0.00379	0.02932
2	0.00829	0.00868	0.06885	0.23562	0.55846	0.00840	0.01092	0.01063	0.00802	0.01123	0.00718	0.03421	0.00604	0.00363	0.00367	0.00114	0.00450	0.00344	0.00180	0.00527
3	0.00446	0.00348	0.00405	0.00443	0.00517	0.00307	0.00312	0.00531	0.00788	0.00999	0.08278	0.42168	0.41110	0.01021	0.00450	0.00135	0.00198	0.00893	0.00345	0.00307
4	0.83875	0.00705	0.00560	0.00494	0.00725	0.00805	0.00407	0.01127	0.00653	0.07154	0.00573	0.00640	0.00432	0.00348	0.00237	0.00114	0.00286	0.00210	0.00242	0.00413
5	0.00571	0.00343	0.00428	0.00428	0.00428	0.00343	0.00257	0.00514	0.00514	0.00686	0.00972	0.01943	0.01086	0.56401	0.01714	0.32171	0.00343	0.00457	0.00200	0.00200
6	0.00534	0.00356	0.00401	0.00401	0.00401	0.00356	0.00223	0.00534	0.00534	0.00712	0.01157	0.02403	0.01335	0.87092	0.01869	0.00356	0.00356	0.00534	0.00223	0.00223
7	0.00447	0.00320	0.00426	0.00511	0.00533	0.00298	0.00341	0.00511	0.00703	0.00938	0.02024	0.86853	0.02429	0.01151	0.00469	0.00149	0.00213	0.01044	0.00341	0.00298
8	0.00804	0.00804	0.01125	0.00964	0.00964	0.01125	0.00804	0.00884	0.00562	0.00884	0.00482	0.00804	0.00482	0.00643	0.01205	0.00161	0.86420	0.00321	0.00161	0.00402
9	0.00882	0.00761	0.00800	0.00723	0.00925	0.00874	0.00561	0.01858	0.78639	0.01500	0.01642	0.01513	0.06635	0.00527	0.00378	0.00125	0.00284	0.00439	0.00372	0.00563
10	0.00762	0.00653	0.00762	0.00544	0.00870	0.00490	0.00435	0.00925	0.00762	0.01197	0.00653	0.00762	0.00544	0.00272	0.00272	0.00054	0.00272	0.00218	0.00218	0.89338
11	0.00534	0.00356	0.00401	0.00401	0.00401	0.00356	0.00223	0.00534	0.00534	0.00712	0.01157	0.02403	0.01335	0.87092	0.01869	0.00356	0.00356	0.00534	0.00223	0.00223
12	0.00762	0.00653	0.00762	0.00544	0.00870	0.00490	0.00435	0.00925	0.00762	0.01197	0.00653	0.00762	0.00544	0.00272	0.00272	0.00054	0.00272	0.00218	0.00218	0.89338
13	0.01364	0.01013	0.01084	0.00839	0.01127	0.01124	0.00690	0.78189	0.07167	0.02263	0.00922	0.00914	0.00657	0.00445	0.00368	0.00111	0.00397	0.00336	0.00368	0.00622
14	0.01396	0.01029	0.01102	0.00845	0.01139	0.01139	0.00698	0.83577	0.01727	0.02315	0.00882	0.00882	0.00625	0.00441	0.00367	0.00110	0.00404	0.00331	0.00367	0.00625
15	0.00737	0.01900	0.85189	0.01047	0.01590	0.00853	0.01357	0.01163	0.00775	0.01163	0.00659	0.00775	0.00465	0.00349	0.00349	0.00116	0.00543	0.00271	0.00155	0.00543
16	0.00434	0.00372	0.00372	0.00372	0.00496	0.00310	0.00279	0.00527	0.00837	0.00992	0.03721	0.03535	0.84652	0.00930	0.00434	0.00124	0.00186	0.00775	0.00341	0.00310
17	0.00525	0.00392	0.00584	0.00584	0.00648	0.00456	0.00452	0.00652	0.00588	0.00848	0.00989	0.01474	0.00932	0.05452	0.82958	0.00583	0.00964	0.00398	0.00198	0.00325
18	0.00694	0.00653	0.01102	0.86210	0.02530	0.00816	0.01020	0.00938	0.00734	0.00938	0.00653	0.00979	0.00490	0.00367	0.00367	0.00122	0.00490	0.00326	0.00163	0.00408
19	0.00441	0.00372	0.00382	0.00379	0.00500	0.00313	0.00285	0.00541	0.00854	0.01031	0.10271	0.03471	0.78078	0.00916	0.00434	0.00123	0.00185	0.00766	0.00346	0.00313
20	0.00447	0.00320	0.00426	0.00511	0.00533	0.00298	0.00341	0.00511	0.00703	0.00938	0.02024	0.86853	0.02429	0.01151	0.00469	0.00149	0.00213	0.01044	0.00341	0.00298
21	0.00762	0.00653	0.00762	0.00544	0.00870	0.00490	0.00435	0.00925	0.00762	0.01197	0.00653	0.00762	0.00544	0.00272	0.00272	0.00054	0.00272	0.00218	0.00218	0.89338
22	0.00520	0.00375	0.00491	0.00462	0.00549	0.00347	0.00347	0.00693	0.01040	0.01473	0.84608	0.02743	0.03465	0.00751	0.00433	0.00116	0.00173	0.00664	0.00404	0.00347
23	0.00694	0.00653	0.01102	0.86210	0.02530	0.00816	0.01020	0.00938	0.00734	0.00938	0.00653	0.00979	0.00490	0.00367	0.00367	0.00122	0.00490	0.00326	0.00163	0.00408
24	0.00872	0.00903	0.03668	0.16336	0.26932	0.00878	0.38543	0.01152	0.02208	0.03765	0.00744	0.00973	0.00571	0.00333	0.00396	0.00119	0.00525	0.00377	0.00191	0.00513
25	0.00766	0.01859	0.82492	0.01034	0.01569	0.00843	0.01331	0.01183	0.00784	0.03846	0.00684	0.00791	0.00479	0.00352	0.00350	0.00116	0.00535	0.00275	0.00165	0.00545
26	0.00442	0.00372	0.00383	0.00381	0.00501	0.00313	0.00285	0.00543	0.00856	0.01038	0.11358	0.03460	0.76987	0.00913	0.00434	0.00123	0.00185	0.00765	0.00347	0.00313
27	0.00449	0.00321	0.00427	0.00510	0.00533	0.00299	0.00341	0.00515	0.00710	0.00948	0.03659	0.85188	0.02450	0.01143	0.00468	0.00148	0.00212	0.01037	0.00342	0.00299
28	0.00761	0.01062	0.24386	0.15780	0.17759	0.03970	0.07673	0.01072	0.05458	0.01151	0.08406	0.07861	0.02141	0.00461	0.00381	0.00119	0.00446	0.00415	0.00217	0.00481
29	0.89687	0.00710	0.00540	0.00483	0.00710	0.00824	0.00398	0.01080	0.00625	0.01648	0.00511	0.00597	0.00398	0.00341	0.00227	0.00114	0.00284	0.00199	0.00227	0.00398
30	0.00516	0.00373	0.00488	0.00464	0.00548	0.00344	0.00346	0.00684	0.01024	0.01447	0.80658	0.06766	0.03416	0.00770	0.00435	0.00117	0.00175	0.00682	0.00401	0.00344
31	0.00447	0.00321	0.00425	0.00508	0.00532	0.00299	0.00340	0.00512	0.00706	0.00939	0.02060	0.85118	0.04141	0.01146	0.00468	0.00149	0.00213	0.01039	0.00341	0.00299
32	0.05803	0.01031	0.03594	0.00881	0.01178	0.01101	0.06168	0.69939	0.01564	0.02144	0.00840	0.00870	0.00601	0.00428	0.00381	0.00112	0.02100	0.00329	0.00338	0.00598
33	0.00732	0.00388	0.00392	0.00376	0.00475	0.00395	0.00286	0.06316	0.00833	0.01432	0.01177	0.01337	0.00920	0.00429	0.00264	0.00087	0.00187	0.00342	0.83272	0.00361
34	0.01001	0.83040	0.01880	0.00644	0.00952	0.05657	0.00632	0.01118	0.00761	0.00866	0.00513	0.00593	0.00471	0.00317	0.00240	0.00079	0.00406	0.00198	0.00159	0.00469
35	0.00447	0.00320	0.00426	0.00511	0.00533	0.00298	0.00341	0.00511	0.00703	0.00938	0.02024	0.86853	0.02429	0.01151	0.00469	0.00149	0.00213	0.01044	0.00341	0.00298
36	0.00451	0.00367	0.00400	0.00404	0.00510	0.00315	0.00298	0.00555	0.00858	0.01073	0.18173	0.12941	0.60526	0.00923	0.00438	0.00125	0.00187	0.00786	0.00352	0.00315
37	0.89687	0.00710	0.00540	0.00483	0.00710	0.00824	0.00398	0.01080	0.00625	0.01648	0.00511	0.00597	0.00398	0.00341	0.00227	0.00114	0.00284	0.00199	0.00227	0.00398
38	0.00534	0.00356	0.00401	0.00401	0.00401	0.00356	0.00223	0.00534	0.00534	0.00712	0.01157	0.02403	0.01335	0.87092	0.01869	0.00356	0.00356	0.00534	0.00223	0.00223
39	0.00804	0.00804	0.01125	0.00964	0.00964	0.01125	0.00804	0.00884	0.00562	0.00884	0.00482	0.00804	0.00482	0.00643	0.01205	0.00161	0.86420	0.00321	0.00161	0.00402
40	0.00914	0.00789	0.00830	0.00747	0.00955	0.00914	0.00581	0.01952	0.84138	0.01536	0.01495	0.01370	0.01121	0.00498	0.00374	0.00125	0.00291	0.00415	0.00374	0.00581
41	0.00525	0.00394	0.00590	0.00590	0.00656	0.00459	0.00459	0.00656	0.00590	0.00853	0.00984	0.01443	0.00918	0.02755	0.85637	0.00590	0.00984	0.00394	0.00197	0.00328
42	0.00982	0.87313	0.01925	0.00628	0.00943	0.01453	0.00628	0.01100	0.00746	0.00864	0.00511	0.00589	0.00471	0.00314	0.00236	0.00079	0.00393	0.00196	0.00157	0.00471
43	0.00525	0.00394	0.00590	0.00590	0.00656	0.00459	0.00459	0.00656	0.00590	0.00853	0.00984	0.01443	0.00918	0.02755	0.85637	0.00590	0.00984	0.00394	0.00197	0.00328
44	0.01476	0.00586	0.00794	0.00622	0.00875	0.00510	0.00508	0.01623	0.01045	0.72129	0.12964	0.01459	0.01264	0.00495	0.00376	0.00113	0.00291	0.00410	0.01876	0.00582
45	0.00694	0.00653	0.01102	0.86210	0.02530	0.00816	0.01020	0.00938	0.00734	0.00938	0.00653	0.00979	0.00490	0.00367	0.00367	0.00122	0.00490	0.00326	0.00163	0.00408
46	0.00804	0.00804	0.01125	0.00964	0.00964	0.01125	0.00804	0.00884	0.00562	0.00884	0.00482	0.00804	0.00482	0.00643	0.01205	0.00161	0.86420	0.00321	0.00161	0.00402
47	0.00534	0.00356	0.00401	0.00401	0.00401	0.00356	0.00223	0.00534	0.00534	0.00712	0.01157	0.02403	0.01335	0.87092	0.01869	0.00356	0.00356	0.00534	0.00223	0.00223
48	0.00460	0.00337	0.00433	0.00507	0.00542	0.00317	0.00343	0.00554	0.03093	0.00959	0.02145	0.77765	0.08955	0.01114	0.00463	0.00146	0.00213	0.01005	0.00342	0.00307
49	0.01396	0.01029	0.01102	0.00845	0.01139	0.01139	0.00698	0.83577	0.01727	0.02315	0.00882	0.00882	0.00625	0.00441	0.00367	0.00110	0.00404	0.00331	0.00367	0.00625
50	0.01430	0.00975	0.01069	0.00820	0.01112	0.01059	0.00677	0.72697	0.01637	0.13321	0.00957	0.00931	0.00662	0.00443	0.00368	0.00111	0.00392	0.00336	0.00379	0.00625
51	0.00528	0.00373	0.00475	0.00449	0.00537	0.00345	0.00337	0.00697	0.01011	0.01443	0.74781	0.02680	0.07062	0.00736	0.00420	0.00114	0.00174	0.00646	0.06848	0.00345
52	0.03921	0.01119	0.13922	0.01113	0.02993	0.02739	0.27870	0.32669	0.01174	0.04480	0.00808	0.02105	0.00600	0.00393	0.00401	0.00117	0.02405	0.00360	0.00263	0.00548
53	0.00755	0.00694	0.01127	0.73893	0.07702	0.00846	0.01002	0.06405	0.00804	0.01045	0.00668	0.00966	0.00504	0.00374	0.00380	0.00121	0.01777	0.00327	0.00178	0.00433
54	0.00466	0.00373	0.00409	0.00400	0.00511	0.00322	0.00300	0.00585	0.00900	0.01150	0.29149	0.03246	0.57545	0.00864	0.00431	0.00121	0.00182	0.00732	0.01992	0.00322
55	0.00466	0.00334	0.00443	0.00499	0.00537	0.00311	0.00342	0.00559	0.00791	0.01077	0.23490	0.64990	0.02699	0.01047	0.00460	0.00140	0.00203	0.00945	0.00357	0.00311

[dist]
# distance from previous block
# <min> <max>
0	3

[block]
# block no. 5 follows, 75 sequences, length 12
# corresponding to MSA columns:
# 327-338
name=unknown_F
#
# <colnr> <probs for GDERKNQSTAVLIFYWHMCP>
#	G	D	E	R	K	N	Q	S	T	A	V	L	I	F	Y	W	H	M	C	P
0	0.22894	0.11524	0.01106	0.01052	0.18106	0.33404	0.00703	0.01281	0.04767	0.01170	0.00616	0.00721	0.00507	0.00357	0.00303	0.00102	0.00473	0.00249	0.00202	0.00464
1	0.00535	0.00366	0.00453	0.00454	0.00537	0.00334	0.00332	0.00666	0.00902	0.03759	0.41139	0.22734	0.17487	0.00843	0.00425	0.00123	0.00189	0.00739	0.07647	0.00337
2	0.01033	0.01156	0.07903	0.09885	0.10743	0.26185	0.02760	0.06783	0.10654	0.02979	0.00765	0.00867	0.00596	0.00369	0.00340	0.00100	0.00472	0.00290	0.00227	0.15891
3	0.00888	0.00767	0.00806	0.00728	0.00931	0.00882	0.00565	0.01877	0.79751	0.01508	0.01612	0.01484	0.05520	0.00521	0.00377	0.00125	0.00285	0.00434	0.00372	0.00567
4	0.00699	0.00530	0.00622	0.00611	0.00723	0.00555	0.00459	0.14691	0.14724	0.01314	0.06542	0.43054	0.05439	0.00880	0.00436	0.00137	0.00265	0.07559	0.00354	0.00406
5	0.00762	0.00653	0.00762	0.00544	0.00870	0.00490	0.00435	0.00925	0.00762	0.01197	0.00653	0.00762	0.00544	0.00272	0.00272	0.00054	0.00272	0.00218	0.00218	0.89338
6	0.01224	0.01469	0.01186	0.01004	0.01224	0.58460	0.13881	0.04922	0.07848	0.01077	0.03765	0.00858	0.00656	0.00394	0.00356	0.00103	0.00596	0.00302	0.00219	0.00455
7	0.81672	0.00720	0.00579	0.00507	0.00740	0.00824	0.00418	0.04684	0.00693	0.05650	0.00572	0.00640	0.00432	0.00351	0.00240	0.00113	0.00291	0.00213	0.00244	0.00418
8	0.00498	0.00387	0.00455	0.00445	0.00545	0.00354	0.00331	0.00669	0.04651	0.01243	0.42392	0.10969	0.34028	0.00845	0.00434	0.00122	0.00187	0.00731	0.00373	0.00339
9	0.00785	0.01340	0.41248	0.06275	0.05004	0.06001	0.06822	0.01149	0.07606	0.01129	0.02658	0.02746	0.00713	0.00540	0.04259	0.00144	0.07893	0.03001	0.00196	0.00491
10	0.00535	0.00406	0.00578	0.00573	0.00625	0.00469	0.00432	0.00640	0.00592	0.00841	0.01097	0.05616	0.03034	0.15211	0.62387	0.00500	0.05491	0.00450	0.00209	0.00314
11	0.08943	0.12537	0.09769	0.09708	0.14248	0.17015	0.16574	0.01163	0.00830	0.01097	0.00665	0.00896	0.00549	0.00364	0.00357	0.00110	0.01769	0.02747	0.00185	0.00473

[dist]
# distance from previous block
# <min> <max>
0	2

[block]
# block no. 6 follows, 75 sequences, length 38
# corresponding to MSA columns:
# 341-378
name=unknown_G
#
# <colnr> <probs for GDERKNQSTAVLIFYWHMCP>
#	G	D	E	R	K	N	Q	S	T	A	V	L	I	F	Y	W	H	M	C	P
0	0.00730	0.00701	0.01127	0.71237	0.07562	0.02407	0.01001	0.00955	0.00730	0.00949	0.00637	0.00952	0.00494	0.00391	0.00446	0.00125	0.08648	0.00324	0.00165	0.00419
1	0.00806	0.03254	0.00855	0.00715	0.01819	0.04399	0.08802	0.15108	0.06384	0.01161	0.01141	0.01916	0.02394	0.35521	0.03585	0.00232	0.02318	0.08943	0.00262	0.00384
2	0.00525	0.00379	0.00470	0.00448	0.00546	0.00341	0.00335	0.00674	0.00979	0.03437	0.60275	0.06420	0.22205	0.00802	0.00433	0.00119	0.00181	0.00699	0.00388	0.00343
3	0.04189	0.01268	0.01016	0.00866	0.01087	0.39118	0.02635	0.23652	0.11705	0.04530	0.02667	0.00900	0.00685	0.00462	0.01735	0.00114	0.02285	0.00307	0.00276	0.00503
4	0.00496	0.00375	0.00458	0.00437	0.00534	0.00337	0.00328	0.00648	0.00984	0.01341	0.62507	0.02960	0.25648	0.00800	0.00433	0.00118	0.00177	0.00695	0.00387	0.00337
5	0.77640	0.00710	0.00590	0.00512	0.00747	0.00802	0.00422	0.03541	0.00703	0.10662	0.00623	0.00675	0.00459	0.00356	0.00247	0.00114	0.00291	0.00221	0.00256	0.00429
6	0.01520	0.00607	0.00818	0.00639	0.00902	0.00534	0.00523	0.01694	0.03754	0.74631	0.09118	0.01392	0.01152	0.00483	0.00375	0.00114	0.00299	0.00398	0.00447	0.00598
7	0.00532	0.00363	0.00435	0.00435	0.00446	0.00375	0.00265	0.00556	0.00544	0.00737	0.01126	0.02231	0.01260	0.71931	0.16929	0.00398	0.00469	0.00509	0.00218	0.00241
8	0.00762	0.00653	0.00762	0.00544	0.00870	0.00490	0.00435	0.00925	0.00762	0.01197	0.00653	0.00762	0.00544	0.00272	0.00272	0.00054	0.00272	0.00218	0.00218	0.89338
9	0.00434	0.00372	0.00372	0.00372	0.00496	0.00310	0.00279	0.00527	0.00837	0.00992	0.03721	0.03535	0.84652	0.00930	0.00434	0.00124	0.00186	0.00775	0.00341	0.00310
10	0.89687	0.00710	0.00540	0.00483	0.00710	0.00824	0.00398	0.01080	0.00625	0.01648	0.00511	0.00597	0.00398	0.00341	0.00227	0.00114	0.00284	0.00199	0.00227	0.00398
11	0.00434	0.00372	0.00372	0.00372	0.00496	0.00310	0.00279	0.00527	0.00837	0.00992	0.03721	0.03535	0.84652	0.00930	0.00434	0.00124	0.00186	0.00775	0.00341	0.00310
