[name]
unknown

[dist]
# distance from previous block
# <min> <max>
0	81

[block]
# block no. 0 follows, 72 sequences, length 23
# corresponding to MSA columns:
# 83-105
name=unknown_A
#
# <colnr> <probs for GDERKNQSTAVLIFYWHMCP>
#	G	D	E	R	K	N	Q	S	T	A	V	L	I	F	Y	W	H	M	C	P
0	0.00490	0.00370	0.00447	0.00473	0.00553	0.00333	0.00345	0.00603	0.00873	0.01149	0.24170	0.30560	0.30258	0.00982	0.00461	0.00136	0.00206	0.05320	0.01945	0.00328
1	0.00716	0.00674	0.01138	0.85760	0.02612	0.00843	0.01053	0.00969	0.00758	0.00969	0.00674	0.01011	0.00506	0.00379	0.00379	0.00126	0.00506	0.00337	0.00169	0.00421
2	0.00518	0.00363	0.00442	0.00467	0.00496	0.00358	0.00302	0.00567	0.00650	0.00871	0.02963	0.27080	0.09028	0.41380	0.10948	0.00303	0.00377	0.00710	0.01902	0.00278
3	0.00506	0.00370	0.00473	0.00488	0.00558	0.00340	0.00352	0.00635	0.00919	0.01256	0.44380	0.29742	0.11805	0.03387	0.00504	0.00140	0.00204	0.03225	0.00382	0.00334
4	0.01104	0.00895	0.00948	0.00804	0.01047	0.01018	0.00639	0.28164	0.57210	0.01846	0.01339	0.01252	0.00992	0.00495	0.00384	0.00124	0.00338	0.00401	0.00384	0.00615
5	0.00552	0.00368	0.00414	0.00414	0.00414	0.00368	0.00230	0.00552	0.00552	0.00735	0.01195	0.02482	0.01379	0.86672	0.01930	0.00368	0.00368	0.00552	0.00230	0.00230
6	0.01417	0.01808	0.01075	0.00977	0.01172	0.85149	0.00733	0.01514	0.01075	0.00928	0.00586	0.00684	0.00489	0.00391	0.00342	0.00098	0.00684	0.00244	0.00195	0.00440
7	0.00518	0.00387	0.00481	0.00458	0.00555	0.00350	0.00343	0.00680	0.01030	0.01417	0.67343	0.03004	0.20406	0.00814	0.00447	0.00121	0.00182	0.00710	0.00404	0.00350
8	0.01334	0.01637	0.00990	0.00904	0.01087	0.75230	0.00678	0.01441	0.01042	0.00985	0.00662	0.00769	0.00545	0.00397	0.00333	0.00097	0.00625	0.00257	0.10557	0.00430
9	0.78447	0.00757	0.00619	0.00537	0.00780	0.00866	0.00443	0.07983	0.00758	0.05130	0.00599	0.00668	0.00452	0.00365	0.00253	0.00117	0.00305	0.00224	0.00256	0.00440
10	0.03237	0.00429	0.00496	0.00478	0.00596	0.00399	0.00358	0.02235	0.03092	0.06885	0.23064	0.14864	0.34133	0.02083	0.03598	0.00148	0.00244	0.00718	0.02575	0.00366
11	0.03001	0.00811	0.01240	0.44880	0.29644	0.04737	0.01023	0.03095	0.00850	0.06070	0.00734	0.00977	0.00563	0.00372	0.00373	0.00119	0.00477	0.00333	0.00201	0.00500
12	0.01026	0.00944	0.00898	0.00801	0.01018	0.10806	0.00622	0.06384	0.69494	0.01553	0.01397	0.01302	0.01051	0.00497	0.00380	0.00124	0.00351	0.00402	0.00363	0.00584
13	0.00497	0.00356	0.00450	0.00485	0.00529	0.00333	0.00328	0.00586	0.00803	0.01086	0.24967	0.43128	0.08111	0.15693	0.00719	0.00179	0.00232	0.00860	0.00349	0.00309
14	0.02150	0.00429	0.00532	0.01976	0.05248	0.00434	0.00364	0.02801	0.00663	0.00905	0.01330	0.12912	0.01496	0.56491	0.01407	0.00289	0.00352	0.08382	0.01547	0.00291
15	0.03624	0.01243	0.01321	0.01146	0.05800	0.32263	0.15278	0.06422	0.00913	0.01106	0.00617	0.00815	0.00521	0.00462	0.00638	0.00126	0.26725	0.00317	0.00198	0.00466
16	0.00567	0.00439	0.00639	0.00625	0.00681	0.00523	0.00483	0.00686	0.00602	0.00870	0.00988	0.01522	0.00948	0.10117	0.70633	0.00550	0.08176	0.00413	0.00202	0.00335
17	0.00795	0.06200	0.01165	0.00964	0.04371	0.00956	0.08073	0.02201	0.00664	0.02062	0.00699	0.01058	0.00653	0.04041	0.21007	0.00266	0.43860	0.00360	0.00187	0.00418
18	0.00786	0.00674	0.00786	0.00562	0.00899	0.00506	0.00449	0.00955	0.00786	0.01236	0.00674	0.00786	0.00562	0.00281	0.00281	0.00056	0.00281	0.00225	0.00225	0.88990
19	0.00613	0.00353	0.00473	0.00480	0.00487	0.00353	0.00314	0.00541	0.00548	0.00728	0.00980	0.01930	0.01066	0.34459	0.01576	0.47130	0.00346	0.07212	0.00205	0.00205
20	0.01283	0.02444	0.01058	0.02447	0.01144	0.35312	0.00704	0.28849	0.15030	0.01526	0.00869	0.00919	0.00670	0.00528	0.03491	0.00129	0.02463	0.00317	0.00287	0.00531
21	0.03701	0.05494	0.11800	0.18845	0.16300	0.03192	0.11742	0.08187	0.04255	0.03515	0.03365	0.03307	0.03783	0.00427	0.00380	0.00119	0.00464	0.00383	0.00230	0.00510
22	0.00628	0.00476	0.00657	0.00696	0.03785	0.00477	0.04075	0.02831	0.04890	0.01116	0.03190	0.22940	0.07212	0.09287	0.00645	0.02178	0.01460	0.28583	0.04517	0.00359

[dist]
# distance from previous block
# <min> <max>
3	7

[block]
# block no. 1 follows, 72 sequences, length 24
# corresponding to MSA columns:
# 120-143
name=unknown_B
#
# <colnr> <probs for GDERKNQSTAVLIFYWHMCP>
#	G	D	E	R	K	N	Q	S	T	A	V	L	I	F	Y	W	H	M	C	P
0	0.03445	0.17118	0.06544	0.03913	0.05242	0.21630	0.04429	0.17102	0.03182	0.07447	0.01761	0.02800	0.01900	0.00450	0.01342	0.00113	0.00488	0.00322	0.00255	0.00518
1	0.06543	0.07756	0.03670	0.03640	0.14794	0.08755	0.06970	0.05087	0.11723	0.12664	0.01001	0.06340	0.00825	0.02204	0.03471	0.00141	0.03239	0.00387	0.00272	0.00519
2	0.00639	0.00429	0.00545	0.00549	0.00638	0.00413	0.00420	0.03225	0.02190	0.05977	0.26749	0.15576	0.07966	0.13105	0.00675	0.00173	0.00270	0.19742	0.00362	0.00356
3	0.00580	0.00375	0.00449	0.00454	0.00472	0.00374	0.00277	0.00605	0.00600	0.03865	0.01320	0.14286	0.01492	0.65313	0.07672	0.00346	0.00392	0.00610	0.00254	0.00264
4	0.04718	0.24297	0.10962	0.05514	0.05863	0.18711	0.06297	0.06317	0.04917	0.03097	0.00773	0.05494	0.00660	0.00415	0.00337	0.00107	0.00484	0.00323	0.00218	0.00496
5	0.00875	0.00580	0.00773	0.00763	0.06625	0.00620	0.00547	0.14092	0.00899	0.11142	0.04168	0.09434	0.01148	0.07497	0.23098	0.07076	0.04880	0.03475	0.01883	0.00424
6	0.00508	0.00356	0.00456	0.00516	0.00542	0.00343	0.00350	0.00572	0.00703	0.00936	0.03753	0.50096	0.02170	0.25529	0.00901	0.00217	0.00278	0.11166	0.00318	0.00292
7	0.00967	0.15606	0.11701	0.02552	0.21455	0.13783	0.17549	0.01186	0.00849	0.01083	0.00675	0.00888	0.00564	0.02503	0.02172	0.00129	0.05329	0.00322	0.00182	0.00507
8	0.10561	0.00714	0.00875	0.00682	0.00966	0.00682	0.00562	0.13942	0.02629	0.60426	0.01362	0.01219	0.02689	0.00467	0.00368	0.00117	0.00331	0.00368	0.00428	0.00613
9	0.01014	0.86900	0.01987	0.00649	0.00973	0.01501	0.00649	0.01136	0.00771	0.00892	0.00527	0.00608	0.00487	0.00324	0.00243	0.00081	0.00406	0.00203	0.00162	0.00487
10	0.00470	0.00385	0.00414	0.00407	0.00525	0.00329	0.00305	0.00586	0.00915	0.01145	0.23293	0.03452	0.64626	0.00916	0.00448	0.00126	0.00189	0.00773	0.00368	0.00329
11	0.00466	0.00383	0.00410	0.00408	0.00524	0.00327	0.00304	0.00577	0.00900	0.01119	0.19356	0.06538	0.65508	0.00933	0.00449	0.00127	0.00191	0.00788	0.00365	0.00327
12	0.00994	0.00780	0.00822	0.00718	0.00927	0.00884	0.00564	0.16784	0.54134	0.01705	0.01374	0.01322	0.01031	0.00491	0.00364	0.00119	0.00300	0.00400	0.15723	0.00566
13	0.00505	0.00348	0.00427	0.00473	0.00485	0.00337	0.00293	0.00539	0.00642	0.00856	0.01660	0.46123	0.01966	0.42229	0.01178	0.00257	0.00291	0.00825	0.00293	0.00270
14	0.00895	0.01023	0.02238	0.01598	0.01982	0.00959	0.82928	0.01215	0.00895	0.01215	0.00767	0.01023	0.00575	0.00320	0.00448	0.00128	0.00639	0.00448	0.00192	0.00512
15	0.00761	0.01962	0.84707	0.01081	0.01641	0.00881	0.01401	0.01201	0.00801	0.01201	0.00681	0.00801	0.00480	0.00360	0.00360	0.00120	0.00560	0.00280	0.00160	0.00560
16	0.00499	0.00368	0.00471	0.00540	0.00582	0.00354	0.00371	0.00637	0.06015	0.01038	0.05796	0.72431	0.05444	0.01115	0.00476	0.00150	0.00225	0.02798	0.00357	0.00330
17	0.00929	0.00891	0.01521	0.06070	0.80642	0.00898	0.01159	0.01155	0.00859	0.01227	0.00712	0.00942	0.00596	0.00340	0.00376	0.00113	0.00453	0.00338	0.00187	0.00593
18	0.00575	0.00466	0.00522	0.00519	0.00634	0.00460	0.00384	0.00891	0.18927	0.01218	0.16588	0.23064	0.32548	0.00887	0.00443	0.00133	0.00220	0.00767	0.00371	0.00385
19	0.02580	0.19294	0.11262	0.01024	0.01365	0.04155	0.23704	0.12622	0.13320	0.05720	0.00869	0.00947	0.00655	0.00384	0.00365	0.00113	0.00479	0.00344	0.00252	0.00546
20	0.02496	0.00931	0.08701	0.17274	0.17472	0.07250	0.05024	0.03208	0.05515	0.10032	0.00919	0.06979	0.00756	0.00431	0.00371	0.00113	0.00436	0.00376	0.00245	0.11472
21	0.04576	0.12043	0.05085	0.02875	0.13225	0.02173	0.05100	0.12792	0.05544	0.02561	0.00974	0.13042	0.00902	0.00542	0.01728	0.00120	0.03231	0.01700	0.00258	0.11529
22	0.06334	0.22312	0.01178	0.00736	0.00995	0.13663	0.00616	0.19090	0.08709	0.13569	0.01074	0.04631	0.04595	0.00469	0.00340	0.00108	0.00404	0.00351	0.00301	0.00528
23	0.00482	0.00366	0.00435	0.00467	0.00547	0.00328	0.00338	0.00587	0.00847	0.01102	0.16463	0.34076	0.34482	0.01005	0.00460	0.00137	0.00207	0.04746	0.02599	0.00324

[dist]
# distance from previous block
# <min> <max>
5	19

[block]
# block no. 2 follows, 72 sequences, length 12
# corresponding to MSA columns:
# 164-175
name=unknown_C
#
# <colnr> <probs for GDERKNQSTAVLIFYWHMCP>
#	G	D	E	R	K	N	Q	S	T	A	V	L	I	F	Y	W	H	M	C	P
0	0.00574	0.00471	0.00525	0.00528	0.00621	0.04358	0.00382	0.00753	0.06176	0.01214	0.30399	0.32985	0.14356	0.00898	0.00445	0.00130	0.00231	0.00789	0.00364	0.03800
1	0.01028	0.22242	0.07670	0.04772	0.09338	0.04450	0.04739	0.07557	0.02775	0.09448	0.00769	0.00858	0.00598	0.00354	0.00322	0.00094	0.00408	0.00282	0.01403	0.20894
2	0.37698	0.24583	0.05718	0.00797	0.07436	0.11512	0.00649	0.03419	0.00788	0.01318	0.00568	0.00671	0.00469	0.00360	0.00299	0.00106	0.02709	0.00231	0.00204	0.00465
3	0.00584	0.00402	0.00554	0.00547	0.00600	0.00442	0.00396	0.00675	0.00606	0.03634	0.01091	0.01812	0.01090	0.30535	0.54755	0.00513	0.00778	0.00454	0.00221	0.00313
4	0.00811	0.05079	0.03918	0.21425	0.14371	0.07601	0.05259	0.01056	0.06030	0.01044	0.00881	0.04410	0.02087	0.00895	0.16069	0.00213	0.07812	0.00382	0.00204	0.00453
5	0.04665	0.00938	0.01003	0.00790	0.01059	0.01032	0.00646	0.62693	0.06463	0.05353	0.01011	0.02794	0.00747	0.00470	0.00366	0.00113	0.00376	0.00360	0.08522	0.00599
6	0.00547	0.00371	0.00437	0.00440	0.00449	0.00378	0.00262	0.00565	0.00564	0.00760	0.01205	0.05242	0.01367	0.73962	0.11592	0.00389	0.00438	0.00553	0.00231	0.00245
7	0.00537	0.00404	0.00455	0.00444	0.00549	0.00367	0.00328	0.00621	0.00835	0.04246	0.10621	0.08811	0.55694	0.06066	0.00618	0.04536	0.03466	0.00737	0.00339	0.00326
8	0.01265	0.00963	0.01032	0.00830	0.01097	0.01075	0.00672	0.57991	0.23123	0.02113	0.01131	0.05057	0.00866	0.00505	0.00386	0.00120	0.00377	0.00399	0.00380	0.00617
9	0.00481	0.00369	0.00422	0.00439	0.00516	0.00330	0.00307	0.00568	0.00816	0.01045	0.15501	0.24212	0.38865	0.13594	0.00675	0.00168	0.00223	0.00816	0.00344	0.00310
10	0.00917	0.00714	0.00830	0.00602	0.00933	0.00581	0.00486	0.09791	0.00913	0.06851	0.00754	0.00833	0.00595	0.00312	0.00298	0.00066	0.00298	0.00248	0.00257	0.73722
11	0.00927	0.03002	0.01241	0.08205	0.27436	0.05031	0.08202	0.07300	0.11737	0.03258	0.09393	0.03908	0.02514	0.00479	0.00444	0.00121	0.05600	0.00419	0.00263	0.00522

[dist]
# distance from previous block
# <min> <max>
0	1

[block]
# block no. 3 follows, 72 sequences, length 14
# corresponding to MSA columns:
# 177-190
name=unknown_D
#
# <colnr> <probs for GDERKNQSTAVLIFYWHMCP>
#	G	D	E	R	K	N	Q	S	T	A	V	L	I	F	Y	W	H	M	C	P
0	0.00894	0.00855	0.01458	0.19139	0.67845	0.00889	0.01142	0.01125	0.00842	0.01185	0.00705	0.00953	0.00582	0.00346	0.00376	0.00115	0.00462	0.00338	0.00184	0.00565
1	0.00892	0.00850	0.01446	0.13171	0.70486	0.00871	0.01119	0.01115	0.00845	0.01194	0.00760	0.04150	0.00660	0.00375	0.00380	0.00116	0.00449	0.00366	0.00191	0.00566
2	0.75109	0.00820	0.00649	0.00564	0.00805	0.04632	0.00461	0.10766	0.00798	0.01748	0.00576	0.00654	0.00442	0.00366	0.00256	0.00116	0.00325	0.00223	0.00250	0.00440
3	0.00542	0.00406	0.00610	0.00610	0.00677	0.00474	0.00474	0.00677	0.00610	0.00880	0.01016	0.01490	0.00948	0.02844	0.85169	0.00610	0.01016	0.00406	0.00203	0.00339
4	0.01462	0.01030	0.01118	0.00857	0.01160	0.01128	0.00708	0.76664	0.01728	0.08845	0.00957	0.00940	0.00668	0.00456	0.00380	0.00114	0.00410	0.00345	0.00386	0.00645
5	0.89350	0.00733	0.00557	0.00499	0.00733	0.00851	0.00411	0.01115	0.00645	0.01702	0.00528	0.00616	0.00411	0.00352	0.00235	0.00117	0.00293	0.00205	0.00235	0.00411
6	0.00533	0.00388	0.00502	0.00473	0.00564	0.00356	0.00355	0.00708	0.01064	0.01499	0.80600	0.02869	0.07098	0.00783	0.00447	0.00120	0.00179	0.00691	0.00415	0.00356
7	0.75576	0.00720	0.00608	0.00526	0.00770	0.00805	0.00434	0.01230	0.00715	0.14724	0.00680	0.00722	0.00494	0.00370	0.00258	0.00117	0.00298	0.00233	0.00272	0.00448
8	0.00580	0.00364	0.00434	0.00454	0.00529	0.00347	0.00336	0.00724	0.00858	0.01284	0.22404	0.22987	0.07847	0.00788	0.00396	0.00121	0.00201	0.06479	0.32526	0.00341
9	0.00588	0.00368	0.00521	0.00521	0.00548	0.00395	0.00364	0.00579	0.00552	0.00763	0.00921	0.01587	0.00936	0.21305	0.34428	0.34164	0.00607	0.00410	0.00195	0.00248
10	0.00544	0.00412	0.00506	0.00484	0.00588	0.00385	0.00368	0.00753	0.05344	0.01410	0.60426	0.02983	0.19149	0.00810	0.00448	0.00124	0.00195	0.04309	0.00400	0.00363
11	0.00765	0.00724	0.01227	0.67282	0.20705	0.00856	0.01078	0.01012	0.00782	0.01029	0.00683	0.00995	0.00527	0.00370	0.00378	0.00123	0.00493	0.00337	0.00173	0.00461
12	0.00762	0.02552	0.00951	0.01173	0.29791	0.08043	0.01767	0.02052	0.02133	0.01137	0.04578	0.03320	0.33905	0.00643	0.00427	0.00120	0.02546	0.02130	0.01520	0.00447
13	0.04968	0.02889	0.00798	0.01945	0.00894	0.00639	0.00487	0.09483	0.09243	0.01373	0.05325	0.04708	0.04020	0.02199	0.03301	0.00109	0.00320	0.00352	0.00274	0.46673

[dist]
# distance from previous block
# <min> <max>
1	12

[block]
# block no. 4 follows, 72 sequences, length 16
# corresponding to MSA columns:
# 203-218
name=unknown_E
#
# <colnr> <probs for GDERKNQSTAVLIFYWHMCP>
#	G	D	E	R	K	N	Q	S	T	A	V	L	I	F	Y	W	H	M	C	P
0	0.00960	0.00991	0.05357	0.10628	0.19988	0.09266	0.12730	0.04071	0.23302	0.02717	0.02174	0.01126	0.00789	0.02587	0.00437	0.00127	0.01580	0.00377	0.00254	0.00537
1	0.00541	0.00400	0.00511	0.00474	0.00577	0.00362	0.00357	0.00714	0.01047	0.01474	0.75003	0.02801	0.08986	0.00767	0.00440	0.00117	0.00184	0.00674	0.00405	0.04166
2	0.00612	0.00469	0.00597	0.04887	0.04698	0.00463	0.00441	0.00856	0.09770	0.03063	0.36617	0.12301	0.17169	0.04470	0.00498	0.00136	0.00240	0.00673	0.01653	0.00387
3	0.02772	0.00849	0.01408	0.15457	0.60811	0.00903	0.01089	0.01129	0.00825	0.03280	0.00706	0.00944	0.00582	0.00374	0.00442	0.00119	0.07228	0.00336	0.00191	0.00555
4	0.01519	0.00602	0.00809	0.00634	0.00896	0.00524	0.00519	0.01668	0.01065	0.71100	0.08881	0.01494	0.03292	0.00508	0.00383	0.00116	0.00300	0.00418	0.04674	0.00598
5	0.00761	0.01962	0.84707	0.01081	0.01641	0.00881	0.01401	0.01201	0.00801	0.01201	0.00681	0.00801	0.00480	0.00360	0.00360	0.00120	0.00560	0.00280	0.00160	0.00560
6	0.00762	0.06186	0.77330	0.01033	0.01565	0.00891	0.01321	0.01173	0.00802	0.01179	0.00793	0.00899	0.03660	0.00381	0.00358	0.00118	0.00539	0.00296	0.00168	0.00548
7	0.89350	0.00733	0.00557	0.00499	0.00733	0.00851	0.00411	0.01115	0.00645	0.01702	0.00528	0.00616	0.00411	0.00352	0.00235	0.00117	0.00293	0.00205	0.00235	0.00411
8	0.00459	0.00377	0.00405	0.00421	0.00528	0.00323	0.00311	0.00556	0.00852	0.01043	0.07452	0.17130	0.64702	0.00991	0.00456	0.00133	0.00200	0.02984	0.00355	0.00321
9	0.00989	0.00837	0.00883	0.00781	0.01004	0.00965	0.00611	0.09469	0.76092	0.01660	0.01485	0.01369	0.01111	0.00509	0.00385	0.00127	0.00311	0.00421	0.00385	0.00604
10	0.89350	0.00733	0.00557	0.00499	0.00733	0.00851	0.00411	0.01115	0.00645	0.01702	0.00528	0.00616	0.00411	0.00352	0.00235	0.00117	0.00293	0.00205	0.00235	0.00411
11	0.00638	0.00503	0.02696	0.07335	0.01779	0.00523	0.01862	0.01846	0.03799	0.01924	0.03563	0.14705	0.05102	0.06708	0.22458	0.13374	0.05508	0.00519	0.04816	0.00341
12	0.00462	0.00330	0.00440	0.00528	0.00550	0.00308	0.00352	0.00528	0.00726	0.00968	0.02090	0.86424	0.02508	0.01188	0.00484	0.00154	0.00220	0.01078	0.00352	0.00308
13	0.03765	0.03712	0.06583	0.04266	0.16215	0.05693	0.03804	0.10379	0.06261	0.02445	0.02353	0.04488	0.03941	0.02263	0.00385	0.00109	0.00387	0.00366	0.04012	0.18574
14	0.00898	0.04556	0.00815	0.02385	0.00855	0.00738	0.00524	0.27954	0.02301	0.03381	0.18145	0.08455	0.14995	0.00694	0.01619	0.00127	0.04832	0.00538	0.04569	0.01617
15	0.03088	0.00792	0.01154	0.07337	0.31728	0.02530	0.03645	0.04863	0.04058	0.07845	0.00832	0.01048	0.00680	0.04234	0.05658	0.00149	0.04008	0.00337	0.00235	0.15778

[dist]
# distance from previous block
# <min> <max>
9	37

[block]
# block no. 5 follows, 72 sequences, length 8
# corresponding to MSA columns:
# 269-276
name=unknown_F
#
# <colnr> <probs for GDERKNQSTAVLIFYWHMCP>
#	G	D	E	R	K	N	Q	S	T	A	V	L	I	F	Y	W	H	M	C	P
0	0.00868	0.15520	0.10552	0.03024	0.03528	0.07267	0.12741	0.07146	0.02250	0.03247	0.05991	0.11629	0.11593	0.00569	0.00406	0.00119	0.02341	0.00488	0.00259	0.00463
1	0.28983	0.00816	0.00767	0.00682	0.02619	0.09024	0.02309	0.11523	0.11678	0.08987	0.00974	0.03375	0.00754	0.00438	0.00316	0.00113	0.00339	0.00329	0.15494	0.00482
2	0.00454	0.00381	0.00394	0.00397	0.00517	0.00322	0.00295	0.00553	0.00869	0.01049	0.08160	0.08032	0.75356	0.00962	0.00450	0.00129	0.00193	0.00809	0.00356	0.00322
3	0.89350	0.00733	0.00557	0.00499	0.00733	0.00851	0.00411	0.01115	0.00645	0.01702	0.00528	0.00616	0.00411	0.00352	0.00235	0.00117	0.00293	0.00205	0.00235	0.00411
4	0.78498	0.00727	0.00586	0.00515	0.00749	0.00831	0.00423	0.04470	0.00716	0.05110	0.00613	0.00689	0.00465	0.00365	0.00248	0.00116	0.00295	0.00224	0.03932	0.00427
5	0.00543	0.00403	0.00595	0.00595	0.00658	0.00466	0.00456	0.00668	0.00605	0.00870	0.01029	0.01564	0.00980	0.09119	0.78938	0.00591	0.00967	0.00417	0.00205	0.00330
6	0.00821	0.14812	0.21290	0.00743	0.01083	0.02207	0.02649	0.01116	0.07471	0.02791	0.05705	0.04585	0.03022	0.00429	0.00336	0.00097	0.00377	0.01784	0.00237	0.28447
7	0.10955	0.21370	0.15791	0.02961	0.02510	0.14517	0.00772	0.09910	0.06588	0.02637	0.00772	0.02991	0.00639	0.00455	0.01921	0.00116	0.00463	0.01620	0.00229	0.02784

[dist]
# distance from previous block
# <min> <max>
5	13

[block]
# block no. 6 follows, 72 sequences, length 17
# corresponding to MSA columns:
# 291-307
name=unknown_G
#
# <colnr> <probs for GDERKNQSTAVLIFYWHMCP>
#	G	D	E	R	K	N	Q	S	T	A	V	L	I	F	Y	W	H	M	C	P
0	0.23561	0.00602	0.00694	0.00595	0.00808	0.00594	0.00479	0.03516	0.00909	0.38361	0.03516	0.11458	0.01131	0.01995	0.01886	0.00136	0.00310	0.04880	0.04072	0.00498
1	0.00726	0.00766	0.09287	0.03433	0.05546	0.03734	0.09329	0.07900	0.02224	0.01160	0.01417	0.39378	0.02568	0.03618	0.00523	0.00145	0.04430	0.01547	0.00283	0.01985
2	0.00988	0.05750	0.19007	0.07384	0.13404	0.07232	0.12081	0.04725	0.01701	0.10879	0.02050	0.03320	0.02707	0.01441	0.00450	0.00123	0.05632	0.00370	0.00234	0.00522
3	0.00461	0.00355	0.00421	0.00467	0.00536	0.00316	0.00327	0.00545	0.00801	0.01022	0.07380	0.48484	0.35380	0.01074	0.00468	0.00142	0.00207	0.00945	0.00356	0.00316
4	0.01014	0.86900	0.01987	0.00649	0.00973	0.01501	0.00649	0.01136	0.00771	0.00892	0.00527	0.00608	0.00487	0.00324	0.00243	0.00081	0.00406	0.00203	0.00162	0.00487
5	0.02596	0.01035	0.01071	0.02393	0.01138	0.06361	0.00692	0.64405	0.03684	0.04067	0.00917	0.00982	0.00679	0.03625	0.00453	0.00124	0.02707	0.00344	0.02131	0.00596
6	0.00810	0.03816	0.63973	0.01173	0.01683	0.02938	0.17904	0.01210	0.00826	0.01190	0.00692	0.00838	0.00500	0.00352	0.00375	0.00120	0.00576	0.00311	0.00167	0.00546
7	0.89350	0.00733	0.00557	0.00499	0.00733	0.00851	0.00411	0.01115	0.00645	0.01702	0.00528	0.00616	0.00411	0.00352	0.00235	0.00117	0.00293	0.00205	0.00235	0.00411
8	0.00716	0.00674	0.01138	0.85760	0.02612	0.00843	0.01053	0.00969	0.00758	0.00969	0.00674	0.01011	0.00506	0.00379	0.00379	0.00126	0.00506	0.00337	0.00169	0.00421
9	0.00838	0.00447	0.00470	0.00432	0.00556	0.00456	0.00334	0.07462	0.04368	0.06777	0.01241	0.01367	0.00952	0.00448	0.00287	0.00094	0.00210	0.00357	0.72501	0.00405
10	0.00543	0.00387	0.00485	0.00471	0.00565	0.00350	0.00349	0.00690	0.00988	0.03753	0.55310	0.13575	0.19411	0.00856	0.00450	0.00125	0.00191	0.00750	0.00398	0.00352
11	0.00628	0.00443	0.00538	0.00527	0.00641	0.00421	0.00412	0.04215	0.03940	0.04607	0.32020	0.09452	0.21733	0.00849	0.00448	0.00132	0.00234	0.14460	0.03924	0.00376
12	0.00531	0.00389	0.00478	0.00477	0.00568	0.00355	0.00349	0.00685	0.02875	0.02938	0.42506	0.21898	0.22744	0.00901	0.00453	0.00129	0.00197	0.00790	0.00387	0.00349
13	0.00799	0.12729	0.70732	0.01048	0.01571	0.00963	0.04716	0.01193	0.00801	0.01162	0.00665	0.00786	0.00485	0.00354	0.00349	0.00115	0.00544	0.00277	0.00162	0.00549
14	0.00487	0.00350	0.00452	0.00524	0.00555	0.00333	0.00354	0.00573	0.02426	0.00967	0.02050	0.69788	0.05279	0.09596	0.00625	0.00175	0.00241	0.04574	0.00341	0.00309
15	0.16870	0.02482	0.04258	0.04369	0.05926	0.08267	0.01593	0.05163	0.02182	0.41514	0.02066	0.01080	0.01714	0.00431	0.00350	0.00115	0.00380	0.00334	0.00346	0.00558
16	0.02994	0.05666	0.00778	0.00647	0.00797	0.23981	0.00496	0.10514	0.02888	0.01245	0.01049	0.02729	0.02267	0.11968	0.02711	0.00151	0.00418	0.03775	0.24519	0.00407

[dist]
# distance from previous block
# <min> <max>
0	1

[block]
# block no. 7 follows, 72 sequences, length 15
# corresponding to MSA columns:
# 309-323
name=unknown_H
#
# <colnr> <probs for GDERKNQSTAVLIFYWHMCP>
#	G	D	E	R	K	N	Q	S	T	A	V	L	I	F	Y	W	H	M	C	P
0	0.00636	0.00446	0.00515	0.00523	0.00624	0.00447	0.00396	0.00913	0.13851	0.02602	0.12124	0.18910	0.14232	0.03836	0.00469	0.00138	0.00237	0.10636	0.18086	0.00379
1	0.00522	0.00387	0.00486	0.00461	0.00557	0.00351	0.00346	0.00687	0.01038	0.01436	0.70454	0.02972	0.17282	0.00807	0.00447	0.00121	0.00181	0.00705	0.00406	0.00351
2	0.00542	0.00391	0.00480	0.00460	0.00562	0.00351	0.00344	0.00691	0.00997	0.03793	0.55048	0.07421	0.25839	0.00840	0.00448	0.00123	0.00189	0.00729	0.00397	0.00353
3	0.00495	0.00375	0.00404	0.00407	0.00476	0.00341	0.00270	0.00554	0.00740	0.00926	0.06178	0.06805	0.43233	0.35955	0.01055	0.00227	0.00264	0.00706	0.00305	0.00284
4	0.24394	0.00902	0.00873	0.00706	0.00960	0.05661	0.00575	0.40541	0.01273	0.09592	0.00882	0.00911	0.00638	0.00424	0.00327	0.00111	0.00365	0.00305	0.10019	0.00540
5	0.00581	0.00422	0.00518	0.00522	0.00605	0.00418	0.00380	0.00841	0.11814	0.01340	0.39205	0.29737	0.02681	0.00846	0.00435	0.00129	0.00208	0.00750	0.08195	0.00373
6	0.00542	0.00406	0.00610	0.00610	0.00677	0.00474	0.00474	0.00677	0.00610	0.00880	0.01016	0.01490	0.00948	0.02844	0.85169	0.00610	0.01016	0.00406	0.00203	0.00339
7	0.00713	0.00381	0.00384	0.00374	0.00473	0.00380	0.00283	0.03767	0.00836	0.01418	0.01431	0.01572	0.07510	0.00483	0.00284	0.00092	0.00186	0.00388	0.78684	0.00361
8	0.00775	0.00660	0.00769	0.00555	0.00876	0.00499	0.00439	0.00936	0.00775	0.01212	0.00698	0.00866	0.00600	0.04318	0.00358	0.00071	0.00285	0.00240	0.00225	0.84843
9	0.01669	0.00697	0.00912	0.00699	0.00994	0.00634	0.00578	0.11958	0.01172	0.74336	0.01423	0.01244	0.00902	0.00468	0.00381	0.00117	0.00334	0.00376	0.00458	0.00645
10	0.01358	0.01684	0.01048	0.00951	0.01149	0.74665	0.00716	0.01577	0.11352	0.01010	0.00705	0.00775	0.00572	0.00406	0.00347	0.00102	0.00636	0.00267	0.00219	0.00460
11	0.01474	0.01010	0.01106	0.00848	0.01150	0.01099	0.00700	0.72932	0.01696	0.12622	0.00983	0.00958	0.00682	0.00457	0.00380	0.00114	0.00406	0.00346	0.00391	0.00645
12	0.08869	0.00749	0.00909	0.00796	0.00990	0.03815	0.09548	0.12579	0.21905	0.01453	0.02630	0.06465	0.04445	0.04026	0.00477	0.00145	0.00371	0.19031	0.00326	0.00472
13	0.31859	0.02183	0.11349	0.02533	0.02259	0.04255	0.13593	0.02232	0.00763	0.02369	0.00918	0.14332	0.00870	0.05785	0.00442	0.00138	0.00398	0.00426	0.02870	0.00428
14	0.12060	0.03943	0.02555	0.00765	0.01009	0.03515	0.00621	0.17477	0.50489	0.01704	0.01214	0.01156	0.00909	0.00469	0.00359	0.00122	0.00342	0.00368	0.00348	0.00576

[dist]
# distance from previous block
# <min> <max>
0	2

[block]
# block no. 8 follows, 72 sequences, length 21
# corresponding to MSA columns:
# 326-346
name=unknown_I
#
# <colnr> <probs for GDERKNQSTAVLIFYWHMCP>
#	G	D	E	R	K	N	Q	S	T	A	V	L	I	F	Y	W	H	M	C	P
0	0.74147	0.00808	0.02783	0.07053	0.03481	0.04234	0.00521	0.01123	0.00682	0.01588	0.00551	0.00663	0.00429	0.00355	0.00257	0.00117	0.00337	0.00223	0.00225	0.00422
1	0.02738	0.07640	0.57035	0.00986	0.01438	0.00874	0.05598	0.05098	0.00852	0.04570	0.00851	0.09077	0.00706	0.00444	0.00368	0.00121	0.00499	0.00366	0.00205	0.00533
2	0.00858	0.02814	0.20687	0.03879	0.01125	0.04643	0.06365	0.06479	0.00894	0.10591	0.05639	0.22801	0.02535	0.03793	0.00503	0.00139	0.04191	0.01320	0.00284	0.00461
3	0.02258	0.02651	0.00647	0.00569	0.00626	0.00525	0.03973	0.03310	0.00638	0.00886	0.01116	0.04048	0.02004	0.49444	0.19588	0.00368	0.05481	0.01339	0.00227	0.00304
4	0.00743	0.00701	0.01186	0.75686	0.12477	0.00850	0.01067	0.00993	0.00771	0.01002	0.00679	0.01002	0.00517	0.00374	0.00379	0.00125	0.00499	0.00337	0.00171	0.00443
5	0.00612	0.04201	0.06806	0.00610	0.00724	0.05105	0.00507	0.00742	0.00812	0.01069	0.08499	0.34618	0.07951	0.00988	0.02888	0.02707	0.00322	0.16250	0.04235	0.00353
6	0.00929	0.05541	0.04058	0.07799	0.19329	0.10183	0.12402	0.05129	0.08040	0.03945	0.01061	0.15390	0.01842	0.00526	0.00412	0.00123	0.02073	0.00473	0.00250	0.00497
7	0.00550	0.00375	0.00452	0.00452	0.00466	0.00389	0.00278	0.00576	0.00563	0.00764	0.01160	0.02286	0.01294	0.70140	0.18346	0.00415	0.00496	0.00523	0.00225	0.00251
8	0.00486	0.00347	0.00445	0.00514	0.00544	0.00328	0.00349	0.00552	0.00720	0.00949	0.02067	0.61897	0.07845	0.14169	0.00705	0.00186	0.00250	0.07015	0.00333	0.00300
9	0.04623	0.04491	0.13284	0.16233	0.37164	0.04324	0.03164	0.04269	0.05354	0.01238	0.00778	0.00958	0.01727	0.00373	0.00365	0.00116	0.00469	0.00329	0.00202	0.00540
10	0.00674	0.00487	0.00632	0.00584	0.00700	0.01689	0.04899	0.00898	0.07861	0.06029	0.28694	0.20128	0.09735	0.00773	0.00440	0.00127	0.01994	0.02214	0.11053	0.00391
11	0.00468	0.00337	0.00444	0.00523	0.00554	0.00313	0.00355	0.00542	0.00750	0.00996	0.05434	0.77472	0.06359	0.01158	0.00482	0.00152	0.00220	0.02776	0.00355	0.00311
12	0.00614	0.03165	0.04064	0.00519	0.00585	0.03839	0.00369	0.03423	0.00694	0.00901	0.01477	0.21863	0.05892	0.47182	0.02333	0.00267	0.00356	0.01892	0.00265	0.00300
13	0.02375	0.02630	0.23394	0.15243	0.26464	0.05060	0.10275	0.02930	0.00864	0.04309	0.00754	0.02657	0.00593	0.00376	0.00376	0.00118	0.00508	0.00343	0.00197	0.00535
14	0.00716	0.00674	0.01138	0.85760	0.02612	0.00843	0.01053	0.00969	0.00758	0.00969	0.00674	0.01011	0.00506	0.00379	0.00379	0.00126	0.00506	0.00337	0.00169	0.00421
15	0.00699	0.00427	0.00479	0.00442	0.00578	0.00387	0.00340	0.03178	0.00940	0.10863	0.18314	0.02619	0.37219	0.00733	0.00396	0.00115	0.00207	0.00612	0.21069	0.00382
16	0.00828	0.03343	0.10190	0.43392	0.08894	0.04413	0.04658	0.02093	0.00795	0.04094	0.00747	0.01007	0.01525	0.00529	0.04734	0.00149	0.07616	0.00338	0.00189	0.00463
17	0.01212	0.01432	0.01052	0.04873	0.05739	0.58244	0.03493	0.02836	0.01006	0.02782	0.00859	0.07895	0.03073	0.00552	0.03204	0.00124	0.00608	0.00355	0.00220	0.00441
18	0.00467	0.00335	0.00436	0.00514	0.00540	0.00312	0.00342	0.00530	0.00722	0.00957	0.02117	0.77447	0.06225	0.06411	0.00571	0.00166	0.00228	0.01033	0.00345	0.00304
19	0.00807	0.05723	0.12776	0.02535	0.24448	0.00847	0.11352	0.02244	0.04697	0.01205	0.09323	0.01393	0.09080	0.00554	0.02811	0.00136	0.08916	0.00422	0.00232	0.00498
20	0.01874	0.01066	0.17159	0.06351	0.23756	0.05749	0.07064	0.03016	0.03096	0.14335	0.01626	0.01946	0.00722	0.03409	0.01712	0.00136	0.04861	0.01340	0.00243	0.00538

[dist]
# distance from previous block
# <min> <max>
1	3

[block]
# block no. 9 follows, 72 sequences, length 29
# corresponding to MSA columns:
# 351-379
name=unknown_J
#
# <colnr> <probs for GDERKNQSTAVLIFYWHMCP>
#	G	D	E	R	K	N	Q	S	T	A	V	L	I	F	Y	W	H	M	C	P
0	0.79398	0.00750	0.00607	0.00584	0.03598	0.02952	0.00455	0.01109	0.00676	0.01636	0.00615	0.00824	0.00513	0.00390	0.00258	0.00120	0.00312	0.04552	0.00238	0.00415
1	0.00919	0.00890	0.01476	0.13442	0.71643	0.02669	0.01140	0.01145	0.00854	0.01196	0.00705	0.00943	0.00586	0.00345	0.00375	0.00114	0.00463	0.00336	0.00185	0.00573
2	0.00950	0.04791	0.23170	0.08786	0.17713	0.09116	0.07524	0.08730	0.07495	0.01274	0.00817	0.00982	0.01696	0.00405	0.00408	0.00119	0.03997	0.01275	0.00215	0.00537
3	0.00535	0.00400	0.00500	0.00470	0.00572	0.00365	0.00353	0.00717	0.02487	0.01441	0.68911	0.02893	0.15690	0.00789	0.00443	0.00120	0.00185	0.00690	0.00403	0.02034
4	0.00661	0.00479	0.00569	0.00552	0.00660	0.00424	0.00404	0.00772	0.01054	0.03445	0.49798	0.11243	0.24953	0.00935	0.00501	0.00148	0.00238	0.02321	0.00431	0.00414
5	0.00475	0.00357	0.00437	0.00476	0.00540	0.00323	0.00333	0.00570	0.00828	0.01086	0.18614	0.45466	0.24932	0.03114	0.00502	0.00145	0.00208	0.00913	0.00362	0.00319
6	0.00594	0.00425	0.00585	0.00661	0.00743	0.00421	0.00564	0.00755	0.00865	0.01131	0.06398	0.08024	0.04246	0.04115	0.00567	0.00176	0.00331	0.68709	0.00349	0.00343
7	0.89350	0.00733	0.00557	0.00499	0.00733	0.00851	0.00411	0.01115	0.00645	0.01702	0.00528	0.00616	0.00411	0.00352	0.00235	0.00117	0.00293	0.00205	0.00235	0.00411
8	0.01014	0.86900	0.01987	0.00649	0.00973	0.01501	0.00649	0.01136	0.00771	0.00892	0.00527	0.00608	0.00487	0.00324	0.00243	0.00081	0.00406	0.00203	0.00162	0.00487
9	0.00456	0.00372	0.00403	0.00422	0.00524	0.00319	0.00306	0.00549	0.00842	0.01035	0.07268	0.22987	0.61190	0.01005	0.00457	0.00134	0.00198	0.00860	0.00355	0.00319
10	0.01417	0.01808	0.01075	0.00977	0.01172	0.85149	0.00733	0.01514	0.01075	0.00928	0.00586	0.00684	0.00489	0.00391	0.00342	0.00098	0.00684	0.00244	0.00195	0.00440
11	0.00524	0.00401	0.00476	0.00452	0.00560	0.00361	0.00340	0.02372	0.01014	0.01361	0.53654	0.03085	0.32343	0.00835	0.00446	0.00122	0.00189	0.00720	0.00393	0.00350
12	0.01044	0.00632	0.00671	0.00565	0.00747	0.02608	0.00450	0.24547	0.01137	0.12545	0.04279	0.01406	0.05385	0.00488	0.00331	0.00103	0.00278	0.00387	0.41923	0.00476
13	0.00685	0.00614	0.00979	0.49998	0.10683	0.00703	0.00849	0.00899	0.02206	0.01025	0.02899	0.14851	0.03829	0.03645	0.00455	0.00137	0.00419	0.01945	0.00222	0.02956
14	0.01012	0.77272	0.08102	0.00690	0.01031	0.01442	0.00708	0.04304	0.00812	0.00973	0.00553	0.00634	0.00492	0.00332	0.00257	0.00085	0.00418	0.00214	0.00170	0.00498
15	0.00487	0.00360	0.00485	0.05058	0.00665	0.00346	0.00393	0.00576	0.00764	0.01016	0.08391	0.66728	0.06998	0.02445	0.00498	0.00153	0.00237	0.03736	0.00345	0.00319
16	0.00486	0.00421	0.00485	0.00483	0.02501	0.00373	0.02506	0.00591	0.00845	0.01028	0.04905	0.03332	0.71429	0.03162	0.04257	0.00156	0.01628	0.00747	0.00333	0.00332
17	0.01014	0.86900	0.01987	0.00649	0.00973	0.01501	0.00649	0.01136	0.00771	0.00892	0.00527	0.00608	0.00487	0.00324	0.00243	0.00081	0.00406	0.00203	0.00162	0.00487
18	0.01101	0.01050	0.01257	0.06938	0.02524	0.13163	0.10788	0.24950	0.06499	0.01433	0.00747	0.00908	0.00594	0.00488	0.00638	0.00130	0.25685	0.00343	0.00250	0.00512
19	0.03213	0.08182	0.07603	0.00696	0.01007	0.00674	0.00624	0.02975	0.01031	0.65670	0.01313	0.01178	0.00850	0.00445	0.00362	0.00114	0.00346	0.00353	0.02751	0.00613
20	0.02080	0.27035	0.45091	0.00919	0.02910	0.01032	0.02455	0.02434	0.02746	0.03941	0.05456	0.00896	0.00696	0.00381	0.00332	0.00108	0.00472	0.00291	0.00196	0.00530
21	0.21166	0.00693	0.00756	0.00632	0.00857	0.00730	0.00509	0.12319	0.11282	0.21030	0.02826	0.01231	0.04140	0.01892	0.07215	0.00158	0.01963	0.00358	0.05022	0.05221
22	0.05228	0.00398	0.00461	0.00505	0.00587	0.00378	0.00370	0.00652	0.03761	0.01073	0.02512	0.42461	0.27882	0.01019	0.00456	0.00144	0.00231	0.09596	0.01952	0.00333
23	0.00952	0.05428	0.30677	0.09156	0.10036	0.14008	0.10707	0.04733	0.02152	0.03249	0.00740	0.00925	0.00574	0.03254	0.00418	0.00123	0.00537	0.00320	0.01495	0.00516
24	0.00815	0.12780	0.24994	0.05362	0.03335	0.01917	0.10037	0.03403	0.00855	0.04412	0.07796	0.11696	0.01067	0.00554	0.02010	0.00127	0.01950	0.00439	0.05977	0.00474
25	0.16168	0.02317	0.02134	0.08451	0.03042	0.08457	0.01779	0.07101	0.01615	0.15634	0.05494	0.10037	0.01076	0.03980	0.03553	0.01083	0.00391	0.02951	0.04284	0.00453
26	0.08751	0.00711	0.00807	0.04556	0.08854	0.07750	0.01929	0.09970	0.02094	0.02837	0.15726	0.12535	0.10027	0.04336	0.00512	0.00137	0.04759	0.02981	0.00304	0.00425
27	0.03093	0.05283	0.02521	0.06703	0.28429	0.03259	0.01847	0.01922	0.00864	0.02129	0.04871	0.07485	0.25855	0.00620	0.00399	0.00120	0.00350	0.02489	0.00265	0.01497
28	0.06421	0.05056	0.09732	0.05298	0.07989	0.12590	0.08626	0.05732	0.05349	0.06220	0.06024	0.01319	0.04200	0.05432	0.01578	0.00135	0.00451	0.02764	0.00255	0.04831

[dist]
# distance from previous block
# <min> <max>
6	34

[block]
# block no. 10 follows, 72 sequences, length 12
# corresponding to MSA columns:
# 418-429
name=unknown_K
#
# <colnr> <probs for GDERKNQSTAVLIFYWHMCP>
#	G	D	E	R	K	N	Q	S	T	A	V	L	I	F	Y	W	H	M	C	P
0	0.01180	0.07040	0.16408	0.03259	0.01242	0.04211	0.03925	0.36085	0.04484	0.10299	0.02288	0.06117	0.00801	0.00472	0.00376	0.00116	0.00434	0.00378	0.00313	0.00573
1	0.00962	0.02465	0.01070	0.23741	0.09983	0.00894	0.02466	0.12931	0.27592	0.05694	0.05212	0.01302	0.00964	0.00469	0.00387	0.00124	0.00393	0.02511	0.00303	0.00538
2	0.00689	0.05184	0.05684	0.05813	0.00963	0.00558	0.04276	0.00854	0.00800	0.01136	0.07396	0.11427	0.10832	0.05202	0.00442	0.00110	0.00313	0.00463	0.00257	0.37601
3	0.09766	0.00812	0.05591	0.00782	0.01032	0.00776	0.06644	0.09546	0.04549	0.21215	0.04125	0.01105	0.00810	0.03626	0.01749	0.00132	0.12650	0.00348	0.00300	0.14444
4	0.00725	0.00669	0.01119	0.78740	0.05731	0.00823	0.01023	0.00973	0.00764	0.00999	0.00700	0.01026	0.00530	0.00380	0.00374	0.00124	0.00489	0.00338	0.04047	0.00425
5	0.00896	0.00817	0.07980	0.29827	0.06662	0.03320	0.06411	0.06051	0.02578	0.11269	0.01140	0.05229	0.05291	0.05258	0.00492	0.00140	0.01378	0.04536	0.00256	0.00470
6	0.00517	0.00385	0.00499	0.00554	0.00597	0.00382	0.00396	0.00634	0.03460	0.01029	0.07394	0.56602	0.06412	0.06486	0.00600	0.00166	0.03387	0.09832	0.00343	0.00325
7	0.00492	0.00348	0.00455	0.00525	0.00553	0.00330	0.00359	0.00565	0.00735	0.00982	0.06554	0.63058	0.02386	0.12797	0.00683	0.00183	0.00249	0.08105	0.00339	0.00304
8	0.01316	0.08531	0.01205	0.00968	0.01173	0.61734	0.03888	0.07530	0.01054	0.01045	0.00605	0.00720	0.00504	0.00411	0.00417	0.00105	0.07867	0.00263	0.00204	0.00460
9	0.07831	0.03515	0.19692	0.03559	0.14493	0.02980	0.19315	0.10932	0.04340	0.04308	0.00785	0.00933	0.00594	0.00451	0.03002	0.00134	0.02027	0.00341	0.00226	0.00541
10	0.00574	0.00458	0.00656	0.00639	0.00731	0.01761	0.06173	0.00698	0.00749	0.00993	0.04442	0.14102	0.12875	0.07254	0.26485	0.03012	0.00534	0.17246	0.00281	0.00336
11	0.00508	0.00381	0.00474	0.00505	0.00572	0.00358	0.00358	0.00665	0.05158	0.01178	0.27572	0.44541	0.14327	0.00994	0.00463	0.00138	0.00208	0.00884	0.00374	0.00340

[dist]
# distance from previous block
# <min> <max>
0	49

[block]
# block no. 11 follows, 72 sequences, length 14
# corresponding to MSA columns:
# 479-492
name=unknown_L
#
# <colnr> <probs for GDERKNQSTAVLIFYWHMCP>
#	G	D	E	R	K	N	Q	S	T	A	V	L	I	F	Y	W	H	M	C	P
0	0.05011	0.12588	0.14324	0.03238	0.11341	0.05123	0.03089	0.17365	0.11244	0.01447	0.02580	0.01940	0.00707	0.00415	0.00376	0.00111	0.03070	0.00325	0.00253	0.05453
1	0.41391	0.05317	0.03034	0.06387	0.15909	0.00900	0.11417	0.02865	0.00769	0.03510	0.00649	0.00812	0.00514	0.01573	0.00350	0.00120	0.01935	0.00285	0.00219	0.02044
2	0.00612	0.00474	0.01757	0.00498	0.00601	0.00455	0.00368	0.03904	0.08098	0.02491	0.10679	0.09394	0.28195	0.20492	0.04401	0.00202	0.01670	0.00643	0.04714	0.00352
3	0.00483	0.00344	0.00458	0.00542	0.00571	0.00325	0.00376	0.00558	0.00735	0.00977	0.02043	0.73602	0.02423	0.04824	0.00550	0.00165	0.00241	0.10127	0.00347	0.00309
4	0.00548	0.00437	0.00595	0.00566	0.00644	0.00457	0.03170	0.00662	0.00754	0.01025	0.14220	0.11413	0.20386	0.10851	0.24508	0.00293	0.06814	0.00621	0.01703	0.00334
5	0.01014	0.86900	0.01987	0.00649	0.00973	0.01501	0.00649	0.01136	0.00771	0.00892	0.00527	0.00608	0.00487	0.00324	0.00243	0.00081	0.00406	0.00203	0.00162	0.00487
6	0.00891	0.00705	0.00768	0.00684	0.00866	0.00779	0.00531	0.15108	0.42070	0.01631	0.14915	0.09131	0.03713	0.00614	0.00398	0.00124	0.00283	0.00518	0.05751	0.00520
7	0.05114	0.00673	0.00713	0.00646	0.00829	0.00744	0.00499	0.01573	0.51177	0.05564	0.08594	0.01735	0.09210	0.03240	0.00427	0.00131	0.00272	0.00470	0.07876	0.00514
8	0.00716	0.00674	0.01138	0.85760	0.02612	0.00843	0.01053	0.00969	0.00758	0.00969	0.00674	0.01011	0.00506	0.00379	0.00379	0.00126	0.00506	0.00337	0.00169	0.00421
9	0.00721	0.03767	0.18161	0.02061	0.10661	0.00699	0.04960	0.04836	0.00820	0.01156	0.09354	0.10531	0.02961	0.05944	0.13622	0.01383	0.04997	0.01661	0.01267	0.00438
10	0.00647	0.00499	0.00661	0.04806	0.10356	0.00494	0.00493	0.02314	0.03328	0.04732	0.13398	0.16387	0.25752	0.07850	0.01596	0.00155	0.02944	0.01546	0.01657	0.00386
11	0.00903	0.01004	0.01830	0.03140	0.03429	0.06543	0.53194	0.01142	0.00823	0.01110	0.00702	0.00993	0.00572	0.02663	0.00658	0.00140	0.20083	0.00406	0.00187	0.00477
12	0.53324	0.00752	0.00752	0.04795	0.08254	0.00809	0.00537	0.04564	0.04522	0.01564	0.00641	0.00744	0.00504	0.00351	0.00275	0.00107	0.00321	0.00243	0.00239	0.16705
13	0.03335	0.02567	0.06377	0.54206	0.14082	0.07686	0.02915	0.01064	0.00799	0.01043	0.00674	0.00950	0.00522	0.00410	0.01764	0.00129	0.00519	0.00323	0.00176	0.00459

[dist]
# distance from previous block
# <min> <max>
0	1

[block]
# block no. 12 follows, 72 sequences, length 30
# corresponding to MSA columns:
# 494-523
name=unknown_M
#
# <colnr> <probs for GDERKNQSTAVLIFYWHMCP>
#	G	D	E	R	K	N	Q	S	T	A	V	L	I	F	Y	W	H	M	C	P
0	0.00737	0.00722	0.03326	0.70887	0.09998	0.00835	0.01038	0.01009	0.02764	0.01034	0.03583	0.01072	0.00636	0.00392	0.00381	0.00125	0.00486	0.00350	0.00184	0.00444
1	0.00583	0.00503	0.03478	0.08335	0.03007	0.00470	0.02283	0.00738	0.01969	0.01055	0.02707	0.41459	0.01933	0.00997	0.02763	0.00162	0.01403	0.21820	0.00311	0.04024
2	0.13053	0.02916	0.08172	0.05612	0.50233	0.01905	0.04625	0.01203	0.00841	0.06875	0.00733	0.00903	0.00578	0.00352	0.00355	0.00115	0.00442	0.00319	0.00210	0.00558
3	0.00629	0.00447	0.00601	0.00667	0.00760	0.00443	0.00567	0.03602	0.00892	0.02294	0.02091	0.12221	0.07505	0.01028	0.00508	0.00167	0.00328	0.64539	0.00352	0.00358
4	0.00542	0.00404	0.00598	0.00598	0.00662	0.00468	0.00460	0.00670	0.00606	0.00872	0.01026	0.01548	0.00974	0.07785	0.80262	0.00595	0.00978	0.00415	0.00205	0.00332
5	0.00957	0.00822	0.00866	0.00775	0.00992	0.00950	0.00604	0.04319	0.81294	0.01609	0.01526	0.01401	0.01143	0.00513	0.00386	0.00128	0.00303	0.00426	0.00386	0.00602
6	0.00591	0.00377	0.00458	0.00438	0.00527	0.00356	0.00328	0.00769	0.00985	0.01487	0.57866	0.02384	0.02753	0.00670	0.00390	0.00109	0.00178	0.00581	0.28395	0.00356
7	0.00659	0.00329	0.00494	0.00494	0.00494	0.00329	0.00329	0.00494	0.00494	0.00659	0.00659	0.01153	0.00659	0.01318	0.01482	0.88966	0.00329	0.00329	0.00165	0.00165
8	0.01383	0.09150	0.01156	0.00945	0.01155	0.74594	0.00725	0.04694	0.01076	0.00983	0.00594	0.00686	0.00495	0.00388	0.00335	0.00097	0.00649	0.00244	0.00200	0.00452
9	0.00899	0.00773	0.00863	0.00770	0.00974	0.00875	0.03341	0.03952	0.68507	0.01536	0.03486	0.06434	0.03515	0.00572	0.00399	0.00130	0.00305	0.01729	0.00377	0.00565
10	0.00535	0.00415	0.00610	0.06838	0.03587	0.00411	0.03084	0.00642	0.00750	0.00996	0.01857	0.56778	0.03681	0.04411	0.02978	0.00173	0.00307	0.11293	0.00319	0.00336
11	0.00895	0.00814	0.01117	0.06252	0.36258	0.03919	0.00841	0.06004	0.21447	0.01326	0.01224	0.09976	0.03800	0.00530	0.00397	0.00124	0.00387	0.03876	0.00276	0.00537
12	0.07241	0.01636	0.01071	0.01017	0.05944	0.69309	0.00735	0.06678	0.01079	0.01091	0.00610	0.00709	0.00500	0.00389	0.00339	0.00101	0.00627	0.00253	0.00209	0.00460
13	0.01312	0.00807	0.00928	0.02927	0.01040	0.03997	0.00621	0.25133	0.13754	0.30946	0.01268	0.05579	0.00948	0.00658	0.05509	0.00151	0.02012	0.01448	0.00383	0.00581
14	0.00716	0.00674	0.01138	0.85760	0.02612	0.00843	0.01053	0.00969	0.00758	0.00969	0.00674	0.01011	0.00506	0.00379	0.00379	0.00126	0.00506	0.00337	0.00169	0.00421
15	0.00890	0.00839	0.06783	0.00816	0.01168	0.00650	0.16222	0.04994	0.00874	0.06639	0.00779	0.02212	0.00618	0.00328	0.00332	0.00082	0.00376	0.00300	0.00239	0.54859
16	0.12527	0.00636	0.00733	0.00700	0.05602	0.01896	0.01834	0.14077	0.03778	0.08290	0.19814	0.07343	0.15704	0.00668	0.00402	0.00124	0.00292	0.04778	0.00351	0.00450
17	0.01417	0.01808	0.01075	0.00977	0.01172	0.85149	0.00733	0.01514	0.01075	0.00928	0.00586	0.00684	0.00489	0.00391	0.00342	0.00098	0.00684	0.00244	0.00195	0.00440
18	0.00626	0.00463	0.00690	0.00662	0.02838	0.00494	0.05198	0.00743	0.00671	0.04544	0.03552	0.01852	0.05695	0.21120	0.45700	0.00437	0.02352	0.01780	0.00236	0.00345
19	0.89350	0.00733	0.00557	0.00499	0.00733	0.00851	0.00411	0.01115	0.00645	0.01702	0.00528	0.00616	0.00411	0.00352	0.00235	0.00117	0.00293	0.00205	0.00235	0.00411
