[name]
unknown

[dist]
# distance from previous block
# <min> <max>
0	81

[block]
# block no. 0 follows, 58 sequences, length 8
# corresponding to MSA columns:
# 81-88
name=unknown_A
#
# <colnr> <probs for GDERKNQSTAVLIFYWHMCP>
#	G	D	E	R	K	N	Q	S	T	A	V	L	I	F	Y	W	H	M	C	P
0	0.13817	0.00981	0.02614	0.03441	0.19643	0.06812	0.00840	0.08898	0.05710	0.03785	0.01242	0.09534	0.02524	0.00623	0.00464	0.00141	0.02825	0.06994	0.00315	0.08797
1	0.03234	0.02614	0.12758	0.03327	0.10972	0.00915	0.13098	0.10585	0.03485	0.04826	0.09069	0.06069	0.02506	0.00539	0.00447	0.00131	0.00481	0.00486	0.00313	0.14145
2	0.00733	0.00797	0.11132	0.03088	0.01101	0.00622	0.08278	0.00958	0.02936	0.02636	0.06292	0.27619	0.10750	0.04825	0.08235	0.00222	0.01884	0.03233	0.00337	0.04321
3	0.01918	0.00878	0.01051	0.00818	0.01158	0.07506	0.00668	0.02088	0.01259	0.70539	0.01621	0.01429	0.01038	0.00533	0.00439	0.00132	0.00414	0.00426	0.00510	0.05574
4	0.01032	0.08630	0.11660	0.10767	0.34791	0.01073	0.03264	0.01384	0.06802	0.01400	0.00871	0.01078	0.00704	0.00425	0.00451	0.00128	0.03371	0.00370	0.00234	0.11565
5	0.01022	0.01636	0.39043	0.01703	0.26504	0.01071	0.04967	0.05687	0.06293	0.01516	0.00906	0.01086	0.00695	0.00526	0.02782	0.00158	0.03119	0.00382	0.00234	0.00669
6	0.00737	0.00619	0.00868	0.00817	0.00856	0.00774	0.00634	0.00847	0.00711	0.01035	0.01158	0.09375	0.01200	0.14202	0.38007	0.00465	0.26492	0.00551	0.00247	0.00405
7	0.01276	0.05339	0.04836	0.00927	0.01226	0.04624	0.00771	0.30514	0.27689	0.02040	0.03788	0.08239	0.01217	0.00617	0.00446	0.00138	0.00431	0.00498	0.00406	0.04978

[dist]
# distance from previous block
# <min> <max>
0	1

[block]
# block no. 1 follows, 58 sequences, length 17
# corresponding to MSA columns:
# 90-106
name=unknown_B
#
# <colnr> <probs for GDERKNQSTAVLIFYWHMCP>
#	G	D	E	R	K	N	Q	S	T	A	V	L	I	F	Y	W	H	M	C	P
0	0.00621	0.00462	0.00651	0.00810	0.06189	0.00444	0.00546	0.00740	0.00905	0.01206	0.02334	0.61277	0.02723	0.01298	0.00572	0.00184	0.00311	0.17929	0.00401	0.00397
1	0.01242	0.76586	0.02240	0.00803	0.01171	0.09568	0.00775	0.01383	0.00944	0.01057	0.00629	0.00726	0.00574	0.00390	0.00298	0.00098	0.00510	0.00244	0.00195	0.00569
2	0.00552	0.00437	0.00497	0.00518	0.00628	0.00382	0.00375	0.00674	0.01022	0.01298	0.17983	0.25062	0.46664	0.01164	0.00540	0.00157	0.00232	0.01005	0.00429	0.00382
3	0.00991	0.00852	0.01067	0.05041	0.01255	0.00706	0.04558	0.07363	0.01025	0.01547	0.00823	0.00967	0.00668	0.00356	0.00356	0.00080	0.00379	0.00296	0.00274	0.71397
4	0.00962	0.00892	0.01337	0.36366	0.06469	0.01138	0.01075	0.07255	0.00906	0.01260	0.00770	0.01138	0.00647	0.00773	0.06387	0.00203	0.31280	0.00401	0.00221	0.00520
5	0.00590	0.00453	0.00553	0.00573	0.00680	0.00416	0.00435	0.00737	0.01039	0.01358	0.24163	0.17078	0.32997	0.01282	0.06102	0.00198	0.00316	0.10215	0.00424	0.00393
6	0.03133	0.00903	0.01126	0.00881	0.01209	0.00871	0.06018	0.19095	0.10779	0.16914	0.01328	0.07733	0.01067	0.00558	0.00431	0.00124	0.00404	0.02014	0.00395	0.25017
7	0.01758	0.01077	0.01218	0.00937	0.01282	0.01136	0.00773	0.54135	0.01817	0.25997	0.01292	0.01228	0.00877	0.00541	0.00443	0.00134	0.00449	0.00417	0.03739	0.00748
8	0.00586	0.00447	0.00539	0.00533	0.00644	0.00400	0.00393	0.00747	0.01131	0.01512	0.45194	0.13749	0.30400	0.01050	0.00533	0.00149	0.00222	0.00913	0.00456	0.00400
9	0.00920	0.08657	0.75820	0.01236	0.01875	0.01095	0.01584	0.01411	0.00942	0.01389	0.00789	0.00927	0.00567	0.00422	0.00414	0.00138	0.00647	0.00323	0.00189	0.00654
10	0.00587	0.00411	0.00527	0.00588	0.00612	0.00401	0.00383	0.00650	0.00793	0.01066	0.03965	0.50977	0.02441	0.26728	0.07476	0.00299	0.00384	0.01010	0.00360	0.00340
11	0.00928	0.00795	0.00928	0.00663	0.01060	0.00596	0.00530	0.01126	0.00928	0.01458	0.00795	0.00928	0.00663	0.00331	0.00331	0.00066	0.00331	0.00265	0.00265	0.87014
12	0.00550	0.00391	0.00518	0.00617	0.00642	0.00366	0.00409	0.00624	0.00847	0.01130	0.02419	0.80406	0.02900	0.05063	0.00646	0.00193	0.00267	0.01244	0.00409	0.00359
13	0.01194	0.02680	0.02512	0.07608	0.25542	0.27710	0.00979	0.01386	0.01100	0.03009	0.10646	0.01443	0.05331	0.00554	0.00514	0.00134	0.06389	0.00437	0.00270	0.00561
14	0.00635	0.00451	0.00572	0.00548	0.00653	0.00416	0.00409	0.00833	0.01207	0.01714	0.66792	0.07145	0.09268	0.00926	0.00515	0.00141	0.00214	0.00814	0.06331	0.00416
15	0.01279	0.01140	0.01565	0.06982	0.37049	0.05581	0.05185	0.26437	0.02792	0.01847	0.01110	0.01261	0.04750	0.00488	0.00451	0.00136	0.00531	0.00430	0.00307	0.00679
16	0.06488	0.05373	0.01252	0.01013	0.01295	0.44475	0.02776	0.07781	0.04789	0.06289	0.00848	0.00931	0.00667	0.00459	0.00413	0.00116	0.02197	0.00317	0.00282	0.12240

[dist]
# distance from previous block
# <min> <max>
0	7

[block]
# block no. 2 follows, 58 sequences, length 19
# corresponding to MSA columns:
# 114-132
name=unknown_C
#
# <colnr> <probs for GDERKNQSTAVLIFYWHMCP>
#	G	D	E	R	K	N	Q	S	T	A	V	L	I	F	Y	W	H	M	C	P
0	0.00764	0.00708	0.06116	0.00718	0.03099	0.00604	0.00576	0.05228	0.09470	0.01678	0.40353	0.02941	0.19119	0.00839	0.00499	0.00141	0.00292	0.01960	0.00431	0.04466
1	0.03265	0.26131	0.10284	0.04770	0.04144	0.04299	0.07113	0.05097	0.04922	0.17595	0.06211	0.01217	0.00975	0.00486	0.00417	0.00128	0.01620	0.00388	0.00315	0.00624
2	0.01048	0.01023	0.01607	0.29331	0.49063	0.05018	0.01284	0.01348	0.03444	0.01350	0.00849	0.01138	0.00685	0.00424	0.00443	0.00138	0.00561	0.00396	0.00222	0.00629
3	0.01832	0.00725	0.00987	0.00778	0.01093	0.00631	0.00641	0.02010	0.01267	0.71366	0.08256	0.01842	0.01432	0.00616	0.00464	0.00142	0.00368	0.04290	0.00542	0.00717
4	0.00580	0.00469	0.00510	0.00508	0.00637	0.00418	0.00373	0.00751	0.04365	0.01322	0.18239	0.10336	0.53501	0.05238	0.00616	0.00166	0.00242	0.00912	0.00424	0.00393
5	0.07309	0.11251	0.14235	0.06064	0.08260	0.22391	0.03088	0.09803	0.02389	0.08653	0.00873	0.00979	0.00662	0.00458	0.00419	0.00129	0.01812	0.00339	0.00274	0.00612
6	0.00805	0.00527	0.00735	0.00813	0.00930	0.00519	0.00704	0.01003	0.01040	0.07028	0.02330	0.08098	0.02487	0.01194	0.00604	0.00200	0.00403	0.69724	0.00422	0.00435
7	0.00686	0.00421	0.00481	0.00502	0.00591	0.00399	0.00363	0.00849	0.00985	0.01498	0.16365	0.23992	0.11584	0.00896	0.00445	0.00137	0.00225	0.00774	0.38410	0.00399
8	0.87439	0.00865	0.00657	0.00588	0.00865	0.01003	0.00484	0.01315	0.00761	0.02007	0.00623	0.00727	0.00484	0.00415	0.00277	0.00138	0.00346	0.00242	0.00277	0.00484
9	0.87439	0.00865	0.00657	0.00588	0.00865	0.01003	0.00484	0.01315	0.00761	0.02007	0.00623	0.00727	0.00484	0.00415	0.00277	0.00138	0.00346	0.00242	0.00277	0.00484
10	0.00845	0.00780	0.03989	0.06700	0.25252	0.00721	0.05174	0.03159	0.01010	0.03617	0.03597	0.22961	0.18695	0.00833	0.00500	0.00152	0.00406	0.00752	0.00331	0.00526
11	0.02351	0.21154	0.24279	0.07622	0.03407	0.06348	0.09355	0.05930	0.04407	0.01399	0.01852	0.00999	0.00684	0.00437	0.00426	0.00127	0.02662	0.00348	0.00234	0.05980
12	0.01187	0.02514	0.04593	0.14227	0.40942	0.11873	0.01177	0.07669	0.01102	0.03277	0.00853	0.01106	0.00695	0.02221	0.00502	0.00140	0.02934	0.00383	0.00244	0.02361
13	0.00560	0.00450	0.00500	0.00497	0.00626	0.00389	0.00369	0.00699	0.01079	0.01373	0.26590	0.09850	0.53266	0.01089	0.00531	0.00150	0.00224	0.00929	0.00438	0.00389
14	0.01225	0.01009	0.01511	0.13413	0.39502	0.03519	0.03380	0.11276	0.01165	0.10797	0.01154	0.01326	0.04765	0.00539	0.01966	0.00149	0.01919	0.00434	0.00295	0.00657
15	0.01120	0.08978	0.19458	0.12063	0.21205	0.07685	0.10002	0.05511	0.02500	0.03648	0.00900	0.01164	0.00714	0.00450	0.00437	0.00137	0.00598	0.02561	0.00240	0.00628
16	0.01545	0.00803	0.00958	0.00777	0.01051	0.02955	0.00628	0.14702	0.05256	0.40592	0.14994	0.01814	0.01601	0.00620	0.00452	0.00136	0.00366	0.01802	0.08290	0.00658
17	0.00595	0.00438	0.00506	0.00540	0.00614	0.00408	0.00369	0.00716	0.03127	0.01195	0.07264	0.33386	0.26800	0.16663	0.00857	0.00212	0.00279	0.00965	0.04700	0.00366
18	0.02626	0.04538	0.01365	0.06702	0.10518	0.23797	0.10811	0.07146	0.01145	0.03955	0.03194	0.11073	0.08283	0.00635	0.00480	0.00139	0.02218	0.00538	0.00296	0.00543

[dist]
# distance from previous block
# <min> <max>
3	32

[block]
# block no. 3 follows, 58 sequences, length 7
# corresponding to MSA columns:
# 166-172
name=unknown_D
#
# <colnr> <probs for GDERKNQSTAVLIFYWHMCP>
#	G	D	E	R	K	N	Q	S	T	A	V	L	I	F	Y	W	H	M	C	P
0	0.21249	0.05340	0.01199	0.03360	0.08313	0.05299	0.11585	0.01252	0.04901	0.01517	0.03910	0.01590	0.13611	0.00593	0.01955	0.00140	0.00449	0.00452	0.00291	0.12995
1	0.00708	0.00651	0.00622	0.00683	0.00752	0.12408	0.00473	0.00795	0.00934	0.01142	0.02418	0.63591	0.10670	0.01236	0.00542	0.00169	0.00336	0.01094	0.00388	0.00388
2	0.00978	0.14127	0.53704	0.01261	0.01825	0.01164	0.12444	0.01472	0.06314	0.01396	0.00859	0.00997	0.00637	0.00424	0.00421	0.00137	0.00627	0.00357	0.00212	0.00643
3	0.00726	0.00525	0.00654	0.00696	0.00776	0.00524	0.00500	0.12284	0.01051	0.01401	0.02255	0.66423	0.02610	0.01263	0.00556	0.00176	0.00304	0.06431	0.00420	0.00425
4	0.01035	0.01034	0.01203	0.27593	0.12267	0.18312	0.00957	0.01236	0.00942	0.03216	0.00915	0.01302	0.00782	0.04637	0.19361	0.00284	0.03785	0.00405	0.00230	0.00504
5	0.00579	0.00410	0.00543	0.00636	0.00670	0.00390	0.00441	0.00666	0.00859	0.01141	0.02348	0.65542	0.02776	0.09567	0.00746	0.00210	0.00297	0.11419	0.00401	0.00361
6	0.01288	0.01494	0.01281	0.35272	0.02074	0.42909	0.01011	0.01560	0.06648	0.01169	0.00813	0.01027	0.00640	0.00465	0.00425	0.00132	0.00688	0.00349	0.00233	0.00523

[dist]
# distance from previous block
# <min> <max>
3	26

[block]
# block no. 4 follows, 58 sequences, length 8
# corresponding to MSA columns:
# 199-206
name=unknown_E
#
# <colnr> <probs for GDERKNQSTAVLIFYWHMCP>
#	G	D	E	R	K	N	Q	S	T	A	V	L	I	F	Y	W	H	M	C	P
0	0.01147	0.01151	0.00910	0.00846	0.00976	0.32834	0.00618	0.01241	0.00958	0.06317	0.01125	0.05239	0.01101	0.23523	0.16701	0.00324	0.03803	0.00479	0.00271	0.00437
1	0.01044	0.06363	0.33191	0.01131	0.01473	0.01199	0.01175	0.13580	0.01034	0.01487	0.00874	0.06408	0.00761	0.00620	0.00769	0.00158	0.27471	0.00418	0.00247	0.00596
2	0.00979	0.00979	0.01370	0.01174	0.01174	0.01370	0.00979	0.01077	0.00685	0.01077	0.00587	0.00979	0.00587	0.00783	0.01468	0.00196	0.83461	0.00391	0.00196	0.00489
3	0.04363	0.00818	0.00945	0.00687	0.01074	0.00655	0.00553	0.05056	0.01003	0.07038	0.00868	0.00968	0.00691	0.00360	0.00343	0.00077	0.00343	0.00284	0.00294	0.73582
4	0.00550	0.00447	0.00488	0.00493	0.00621	0.00385	0.00364	0.00678	0.01048	0.01313	0.18959	0.13049	0.57800	0.01121	0.00533	0.00153	0.00227	0.00955	0.00430	0.00385
5	0.01037	0.01094	0.01518	0.02917	0.01504	0.13631	0.27900	0.04859	0.07745	0.01427	0.07929	0.06576	0.12566	0.00656	0.00567	0.00149	0.06482	0.00595	0.00312	0.00535
6	0.37945	0.01010	0.01004	0.00806	0.01127	0.01108	0.00665	0.34287	0.01405	0.15157	0.00994	0.00999	0.00700	0.00488	0.00376	0.00137	0.00413	0.00343	0.00392	0.00644
7	0.01117	0.01017	0.05041	0.09985	0.27354	0.01012	0.06195	0.15755	0.08661	0.03898	0.01233	0.07978	0.02772	0.00717	0.05100	0.00176	0.00539	0.00503	0.00312	0.00636

[dist]
# distance from previous block
# <min> <max>
3	5

[block]
# block no. 5 follows, 58 sequences, length 19
# corresponding to MSA columns:
# 212-230
name=unknown_F
#
# <colnr> <probs for GDERKNQSTAVLIFYWHMCP>
#	G	D	E	R	K	N	Q	S	T	A	V	L	I	F	Y	W	H	M	C	P
0	0.01310	0.35282	0.01765	0.09459	0.05066	0.17000	0.03044	0.10995	0.06608	0.02882	0.00828	0.00942	0.00673	0.00449	0.00394	0.00119	0.02004	0.00325	0.00258	0.00596
1	0.03654	0.11359	0.60102	0.01252	0.01840	0.01139	0.09525	0.03603	0.00979	0.01435	0.00795	0.00943	0.00582	0.00418	0.00416	0.00137	0.00636	0.00340	0.00203	0.00643
2	0.01398	0.01301	0.01398	0.17778	0.15231	0.19537	0.01020	0.27500	0.01402	0.04025	0.00890	0.01051	0.00679	0.00490	0.00483	0.00136	0.04369	0.00376	0.00302	0.00632
3	0.00572	0.00447	0.00519	0.00527	0.00643	0.00395	0.00391	0.00714	0.01075	0.01392	0.28981	0.15983	0.41877	0.01106	0.00538	0.00154	0.00233	0.03622	0.00440	0.00391
4	0.00561	0.00415	0.00524	0.00580	0.00645	0.00378	0.00403	0.00673	0.00971	0.01291	0.19395	0.52956	0.17065	0.01252	0.00554	0.00168	0.00244	0.01117	0.00431	0.00378
5	0.00630	0.00438	0.00566	0.00625	0.00701	0.00405	0.00457	0.00751	0.00971	0.04107	0.12798	0.48429	0.14068	0.01248	0.00562	0.00174	0.00274	0.11971	0.00430	0.00394
6	0.01079	0.01084	0.04517	0.09083	0.72546	0.01057	0.01372	0.01356	0.01006	0.01435	0.00836	0.01108	0.00695	0.00403	0.00443	0.00134	0.00541	0.00396	0.00219	0.00690
7	0.00615	0.00456	0.00546	0.00536	0.00653	0.00408	0.00399	0.00771	0.01116	0.02922	0.40213	0.10360	0.32526	0.03624	0.00587	0.00159	0.00236	0.03022	0.00449	0.00402
8	0.01395	0.01132	0.02496	0.11027	0.10342	0.01229	0.03777	0.46077	0.11672	0.02253	0.03341	0.01233	0.00903	0.00523	0.00453	0.00139	0.00495	0.00430	0.00384	0.00700
9	0.00592	0.00452	0.00547	0.00576	0.00681	0.00410	0.00438	0.00735	0.01041	0.01350	0.21872	0.19301	0.32985	0.02916	0.00589	0.00170	0.00265	0.14262	0.00430	0.00389
10	0.00961	0.00824	0.00991	0.00794	0.05712	0.00647	0.00588	0.03500	0.00968	0.01499	0.00806	0.00942	0.00668	0.00341	0.00341	0.00072	0.00348	0.00277	0.00268	0.79451
11	0.01062	0.01043	0.03261	0.18657	0.59772	0.01058	0.04163	0.03059	0.01018	0.01426	0.00839	0.01124	0.00684	0.00411	0.00447	0.00137	0.00554	0.00402	0.00221	0.00663
12	0.34096	0.02494	0.01239	0.06411	0.30353	0.04697	0.00907	0.06843	0.01006	0.05326	0.00832	0.02480	0.00671	0.00445	0.00378	0.00136	0.00462	0.00350	0.00275	0.00599
13	0.01155	0.01000	0.06520	0.01054	0.07268	0.00974	0.04338	0.14197	0.31406	0.07861	0.14754	0.01822	0.04408	0.00623	0.00468	0.00144	0.00402	0.00532	0.00420	0.00654
14	0.00642	0.00460	0.00592	0.00654	0.00723	0.00451	0.00473	0.00814	0.05497	0.02878	0.04038	0.50377	0.08685	0.05340	0.06200	0.00227	0.00355	0.10793	0.00403	0.00398
15	0.01214	0.07085	0.11253	0.09720	0.11183	0.02787	0.07926	0.03081	0.04629	0.17095	0.01044	0.01152	0.00770	0.00483	0.01761	0.00133	0.00510	0.00378	0.00302	0.17494
16	0.01194	0.01083	0.09113	0.12377	0.37279	0.00964	0.04403	0.02724	0.04631	0.14473	0.01029	0.01187	0.00771	0.00439	0.00439	0.00134	0.00515	0.00401	0.00286	0.06557
17	0.01190	0.17065	0.04989	0.03047	0.04814	0.26352	0.00832	0.03458	0.01016	0.01201	0.01006	0.01214	0.05341	0.02542	0.05121	0.00169	0.13459	0.00373	0.06291	0.00518
18	0.14823	0.03545	0.05798	0.02228	0.01254	0.29743	0.05314	0.01493	0.04607	0.06991	0.01008	0.01346	0.00856	0.03187	0.11240	0.00219	0.00679	0.04867	0.00279	0.00524

[dist]
# distance from previous block
# <min> <max>
0	7

[block]
# block no. 6 follows, 58 sequences, length 10
# corresponding to MSA columns:
# 239-248
name=unknown_G
#
# <colnr> <probs for GDERKNQSTAVLIFYWHMCP>
#	G	D	E	R	K	N	Q	S	T	A	V	L	I	F	Y	W	H	M	C	P
0	0.01348	0.18742	0.03569	0.05507	0.07696	0.27107	0.00879	0.13157	0.08898	0.01471	0.00923	0.03609	0.00770	0.00488	0.00399	0.00122	0.00575	0.00362	0.00280	0.04098
1	0.00649	0.00502	0.00573	0.00564	0.00691	0.00464	0.00417	0.06939	0.01123	0.01455	0.21577	0.22771	0.38438	0.01099	0.00532	0.00155	0.00252	0.00948	0.00436	0.00415
2	0.01147	0.01013	0.01763	0.25691	0.16738	0.01049	0.23910	0.10449	0.01135	0.07845	0.00944	0.01183	0.00703	0.00432	0.00465	0.00141	0.00591	0.00435	0.00270	0.04096
3	0.01140	0.11547	0.27071	0.03756	0.28364	0.03162	0.07130	0.04292	0.01046	0.07077	0.00876	0.01039	0.00669	0.00422	0.00425	0.00133	0.00579	0.00368	0.00239	0.00665
4	0.01251	0.00714	0.00878	0.00779	0.00994	0.00707	0.00616	0.13955	0.08877	0.26108	0.06242	0.22447	0.04727	0.00877	0.00504	0.00157	0.00355	0.08752	0.00470	0.00590
5	0.00551	0.00421	0.00506	0.00554	0.00635	0.00376	0.00389	0.00658	0.00968	0.01250	0.13409	0.44990	0.31197	0.01242	0.00550	0.00165	0.00241	0.01094	0.00425	0.00376
6	0.07316	0.10733	0.12162	0.06893	0.12339	0.03298	0.05372	0.08036	0.02731	0.20906	0.01070	0.02403	0.00790	0.00488	0.00456	0.00137	0.03506	0.00393	0.00322	0.00649
7	0.01313	0.02652	0.08334	0.08002	0.08910	0.09554	0.03139	0.23875	0.01348	0.10524	0.01350	0.04073	0.06292	0.00606	0.00500	0.00143	0.03940	0.04475	0.00346	0.00625
8	0.03298	0.00944	0.00756	0.00730	0.00861	0.23709	0.00532	0.03080	0.01063	0.03105	0.10960	0.22654	0.06096	0.07405	0.00601	0.00162	0.00425	0.00685	0.12498	0.00437
9	0.04271	0.13403	0.07962	0.02492	0.12353	0.08272	0.14224	0.07685	0.05868	0.03660	0.00933	0.01150	0.00753	0.00462	0.00457	0.00129	0.03736	0.02452	0.01465	0.08273

[dist]
# distance from previous block
# <min> <max>
0	5

[block]
# block no. 7 follows, 58 sequences, length 29
# corresponding to MSA columns:
# 278-306
name=unknown_H
#
# <colnr> <probs for GDERKNQSTAVLIFYWHMCP>
#	G	D	E	R	K	N	Q	S	T	A	V	L	I	F	Y	W	H	M	C	P
0	0.01066	0.02965	0.01161	0.11856	0.15741	0.10214	0.00825	0.06658	0.02779	0.05489	0.04867	0.01777	0.14774	0.03128	0.00540	0.00140	0.04045	0.00489	0.00307	0.11183
1	0.02637	0.06083	0.06359	0.08580	0.23862	0.05405	0.09926	0.12657	0.06556	0.02731	0.00946	0.01145	0.00748	0.00640	0.05729	0.00173	0.02870	0.00402	0.00272	0.02279
2	0.00863	0.00682	0.02506	0.00809	0.00945	0.00741	0.02030	0.03996	0.08132	0.06349	0.12670	0.05002	0.03196	0.03780	0.32508	0.00382	0.11866	0.01488	0.00328	0.01725
3	0.05259	0.01044	0.05835	0.15308	0.42059	0.02739	0.01164	0.03251	0.05589	0.03247	0.01025	0.04398	0.02162	0.00495	0.00475	0.00141	0.03401	0.00435	0.01346	0.00629
4	0.00820	0.00530	0.00622	0.00565	0.00718	0.00483	0.00424	0.04763	0.01146	0.11558	0.29489	0.03319	0.32391	0.10336	0.00712	0.00177	0.00277	0.00777	0.00444	0.00447
5	0.03295	0.01206	0.15661	0.01133	0.06021	0.06831	0.10553	0.05340	0.20435	0.01652	0.16984	0.06060	0.01637	0.00618	0.00470	0.00144	0.00474	0.00544	0.00350	0.00595
6	0.00861	0.00729	0.00851	0.00634	0.00979	0.00559	0.00502	0.01054	0.00971	0.01471	0.09600	0.01479	0.08143	0.00463	0.00369	0.00082	0.00309	0.00382	0.00302	0.70258
7	0.00680	0.00551	0.04536	0.00586	0.00724	0.00459	0.00472	0.00877	0.01131	0.03709	0.50096	0.04731	0.14146	0.04271	0.05377	0.00186	0.00307	0.00754	0.05977	0.00428
8	0.28249	0.00848	0.00949	0.00756	0.01077	0.00850	0.00623	0.11655	0.01223	0.45522	0.03100	0.01262	0.00941	0.00517	0.00398	0.00138	0.00380	0.00388	0.00454	0.00668
9	0.00549	0.00450	0.00483	0.00483	0.00619	0.00385	0.00359	0.00678	0.01055	0.01312	0.18435	0.08796	0.62628	0.01109	0.00531	0.00151	0.00226	0.00939	0.00429	0.00385
10	0.00567	0.00438	0.00517	0.00532	0.00636	0.00389	0.00386	0.00703	0.01059	0.01383	0.29153	0.24080	0.36290	0.01129	0.00539	0.00155	0.00230	0.00982	0.00441	0.00389
11	0.01466	0.28238	0.03254	0.01089	0.04420	0.46707	0.00871	0.04740	0.01156	0.01171	0.00690	0.00808	0.00588	0.00444	0.00397	0.00113	0.02782	0.00285	0.00225	0.00555
12	0.01251	0.01342	0.01597	0.12078	0.40772	0.24167	0.04221	0.04171	0.02501	0.01365	0.00817	0.01043	0.00668	0.00435	0.00450	0.00132	0.01759	0.00374	0.00233	0.00623
13	0.01247	0.01241	0.01058	0.00949	0.01195	0.21777	0.00731	0.06054	0.51385	0.01679	0.01669	0.01589	0.06261	0.00600	0.00446	0.00142	0.00468	0.00473	0.00395	0.00641
14	0.00615	0.00477	0.00584	0.00573	0.00659	0.00485	0.00417	0.00720	0.00850	0.01115	0.08165	0.03052	0.30794	0.21664	0.24155	0.00380	0.03889	0.00711	0.00328	0.00366
15	0.01098	0.01002	0.01498	0.32395	0.30730	0.03475	0.02697	0.13408	0.03744	0.01543	0.00940	0.03781	0.00763	0.00478	0.00450	0.00141	0.00548	0.00429	0.00262	0.00619
16	0.00650	0.00436	0.00498	0.00498	0.00501	0.00439	0.00283	0.00657	0.00653	0.00874	0.01401	0.02878	0.01605	0.80899	0.05628	0.00446	0.00466	0.00643	0.00270	0.00276
17	0.00893	0.00845	0.01430	0.68265	0.17640	0.01007	0.01267	0.01186	0.00917	0.01202	0.00804	0.01177	0.00617	0.00438	0.00446	0.00146	0.00584	0.00398	0.00203	0.00536
18	0.01186	0.01714	0.46114	0.01325	0.09477	0.01001	0.05146	0.06136	0.05907	0.16080	0.01063	0.01129	0.00743	0.00461	0.00439	0.00141	0.00574	0.00383	0.00291	0.00690
19	0.00639	0.00467	0.00621	0.00709	0.00795	0.00449	0.00572	0.00793	0.00975	0.01259	0.02706	0.29277	0.13891	0.01272	0.00591	0.00191	0.00339	0.43649	0.00413	0.00392
20	0.01801	0.01017	0.01187	0.00918	0.01265	0.01047	0.00756	0.40742	0.06490	0.37839	0.01426	0.01309	0.00951	0.00549	0.00449	0.00137	0.00434	0.00430	0.00495	0.00758
21	0.01196	0.84548	0.02344	0.00765	0.01148	0.01770	0.00765	0.01339	0.00909	0.01052	0.00622	0.00718	0.00574	0.00383	0.00287	0.00096	0.00478	0.00239	0.00191	0.00574
22	0.00672	0.00469	0.00544	0.00532	0.00532	0.00494	0.00316	0.00678	0.00653	0.00881	0.01357	0.02802	0.01560	0.78924	0.02225	0.00418	0.05759	0.00634	0.00266	0.00285
23	0.01056	0.01207	0.02640	0.01885	0.02338	0.01131	0.79864	0.01433	0.01056	0.01433	0.00905	0.01207	0.00679	0.00377	0.00528	0.00151	0.00754	0.00528	0.00226	0.00603
24	0.00718	0.00524	0.00694	0.00721	0.03889	0.00519	0.00530	0.00945	0.04911	0.04646	0.27840	0.07829	0.15784	0.01491	0.18186	0.00277	0.00477	0.09175	0.00402	0.00444
25	0.00910	0.00776	0.01022	0.22755	0.03900	0.02786	0.03516	0.13198	0.05881	0.01557	0.10961	0.11239	0.16231	0.00762	0.00487	0.00149	0.00419	0.01518	0.01421	0.00513
26	0.00915	0.00750	0.00851	0.00809	0.00968	0.00839	0.00610	0.06584	0.39181	0.01619	0.04751	0.31242	0.03113	0.00914	0.00549	0.00163	0.04364	0.00785	0.00428	0.00562
27	0.01132	0.30184	0.01900	0.08166	0.40234	0.01315	0.01095	0.03317	0.06106	0.01353	0.00830	0.01013	0.00696	0.00414	0.00390	0.00122	0.00506	0.00350	0.00230	0.00646
28	0.01525	0.02027	0.11160	0.01151	0.01432	0.63022	0.00955	0.04118	0.05671	0.01229	0.00777	0.00885	0.00625	0.00477	0.00443	0.00124	0.03270	0.00312	0.00243	0.00553

[dist]
# distance from previous block
# <min> <max>
0	3

[block]
# block no. 8 follows, 58 sequences, length 11
# corresponding to MSA columns:
# 310-320
name=unknown_I
#
# <colnr> <probs for GDERKNQSTAVLIFYWHMCP>
#	G	D	E	R	K	N	Q	S	T	A	V	L	I	F	Y	W	H	M	C	P
0	0.01409	0.04757	0.01181	0.01017	0.04330	0.34245	0.00764	0.20765	0.01433	0.04338	0.16126	0.02950	0.01393	0.00582	0.00437	0.00126	0.00553	0.00444	0.02578	0.00572
1	0.01162	0.02455	0.08780	0.06443	0.09468	0.00814	0.04521	0.05510	0.04238	0.15692	0.01139	0.06553	0.00915	0.00489	0.00415	0.00117	0.00436	0.00421	0.00324	0.30110
2	0.01068	0.04877	0.00919	0.02516	0.00966	0.00830	0.00577	0.18711	0.12106	0.07666	0.02823	0.10748	0.04533	0.23781	0.03033	0.00241	0.00426	0.03277	0.00380	0.00521
3	0.01355	0.00728	0.00883	0.00735	0.00977	0.02853	0.00584	0.06706	0.08282	0.35975	0.30047	0.02240	0.05269	0.00705	0.00480	0.00140	0.00331	0.00594	0.00502	0.00615
4	0.04127	0.03629	0.02026	0.04615	0.12470	0.15825	0.41238	0.03902	0.02739	0.01432	0.00876	0.01109	0.00681	0.00413	0.00466	0.00138	0.00676	0.00438	0.02605	0.00595
5	0.01022	0.15285	0.39631	0.04931	0.12318	0.03808	0.14123	0.01401	0.00975	0.01344	0.00791	0.00977	0.00606	0.00409	0.00422	0.00134	0.00631	0.00358	0.00201	0.00632
6	0.00635	0.00444	0.00528	0.00525	0.00561	0.00445	0.00334	0.00688	0.00751	0.01006	0.08343	0.02933	0.10144	0.56614	0.13838	0.00422	0.00507	0.00669	0.00300	0.00314
7	0.01330	0.04161	0.03592	0.08388	0.11735	0.40865	0.03603	0.05542	0.05108	0.01309	0.02505	0.07945	0.00916	0.00544	0.00435	0.00131	0.00642	0.00428	0.00267	0.00556
8	0.03061	0.11416	0.19751	0.01558	0.20726	0.11207	0.10262	0.10584	0.01155	0.04907	0.00857	0.01004	0.00659	0.00431	0.00423	0.00131	0.00599	0.00365	0.00254	0.00650
9	0.07110	0.04722	0.01242	0.00955	0.01260	0.11640	0.02442	0.44085	0.04843	0.06773	0.03703	0.04450	0.00965	0.00559	0.00429	0.00133	0.00489	0.00428	0.03111	0.00661
10	0.00627	0.00460	0.00545	0.00550	0.00625	0.00438	0.00379	0.00776	0.04124	0.01289	0.24684	0.16143	0.17472	0.26495	0.01069	0.00241	0.00301	0.03020	0.00394	0.00369

[dist]
# distance from previous block
# <min> <max>
0	1

[block]
# block no. 9 follows, 58 sequences, length 12
# corresponding to MSA columns:
# 322-333
name=unknown_J
#
# <colnr> <probs for GDERKNQSTAVLIFYWHMCP>
#	G	D	E	R	K	N	Q	S	T	A	V	L	I	F	Y	W	H	M	C	P
0	0.25213	0.05814	0.02242	0.04894	0.03261	0.18581	0.00741	0.04037	0.00954	0.05607	0.00875	0.05718	0.00789	0.05622	0.00661	0.00161	0.13660	0.00388	0.00270	0.00511
1	0.04101	0.02997	0.01214	0.04038	0.06712	0.03889	0.03166	0.32211	0.08101	0.09567	0.09980	0.02848	0.01254	0.02215	0.03068	0.00159	0.00472	0.00468	0.00397	0.03142
2	0.19516	0.00890	0.04630	0.05957	0.11190	0.05245	0.08453	0.01174	0.03870	0.03030	0.01406	0.28625	0.01447	0.00765	0.00459	0.00154	0.00436	0.01931	0.00314	0.00507
3	0.01353	0.23465	0.07866	0.01184	0.09247	0.28632	0.03114	0.08915	0.01158	0.03814	0.00808	0.00949	0.00663	0.00644	0.06201	0.00160	0.00665	0.00325	0.00247	0.00587
4	0.00672	0.00424	0.00579	0.00592	0.00621	0.00433	0.00402	0.00671	0.00727	0.00994	0.08238	0.14488	0.01675	0.21436	0.17865	0.28436	0.00527	0.00639	0.00281	0.00299
5	0.05194	0.20589	0.23281	0.01158	0.05346	0.05136	0.11729	0.05972	0.01046	0.03560	0.03233	0.01012	0.00733	0.00423	0.00395	0.00122	0.00551	0.00348	0.00244	0.09927
6	0.04260	0.12136	0.05262	0.02427	0.13655	0.27837	0.03294	0.10740	0.05956	0.05013	0.00884	0.00996	0.00698	0.00506	0.01729	0.00134	0.01895	0.00346	0.00276	0.01956
7	0.00613	0.00467	0.00540	0.00555	0.00650	0.00437	0.00399	0.00772	0.04473	0.01260	0.14863	0.16679	0.31242	0.17413	0.00882	0.00214	0.00291	0.07471	0.00400	0.00379
8	0.01101	0.05520	0.03698	0.11186	0.53122	0.01076	0.07553	0.03790	0.01041	0.03755	0.00973	0.01206	0.03107	0.00433	0.00444	0.00135	0.00542	0.00417	0.00239	0.00662
9	0.06290	0.06317	0.08379	0.01517	0.17704	0.16731	0.16386	0.06446	0.06259	0.06328	0.00938	0.01084	0.00724	0.00509	0.02338	0.00147	0.00617	0.00390	0.00272	0.00626
10	0.00629	0.00455	0.00604	0.00618	0.00672	0.00484	0.00440	0.00727	0.00744	0.01016	0.01678	0.10501	0.07207	0.29863	0.38515	0.00510	0.00750	0.03948	0.00287	0.00352
11	0.00912	0.00625	0.00762	0.02313	0.02761	0.03055	0.00528	0.05980	0.03533	0.10532	0.33429	0.05134	0.04973	0.12836	0.10401	0.00250	0.00435	0.00659	0.00409	0.00474

[dist]
# distance from previous block
# <min> <max>
8	30

[block]
# block no. 10 follows, 58 sequences, length 33
# corresponding to MSA columns:
# 366-398
name=unknown_K
#
# <colnr> <probs for GDERKNQSTAVLIFYWHMCP>
#	G	D	E	R	K	N	Q	S	T	A	V	L	I	F	Y	W	H	M	C	P
0	0.01124	0.02126	0.01355	0.02341	0.19639	0.18305	0.09372	0.05027	0.01091	0.03683	0.06206	0.06754	0.03157	0.00893	0.10277	0.00202	0.01818	0.00487	0.00283	0.05860
1	0.00797	0.00625	0.00777	0.00771	0.04914	0.03388	0.04099	0.04898	0.02512	0.02691	0.01961	0.08007	0.16553	0.21899	0.16422	0.00323	0.00540	0.00646	0.07754	0.00423
2	0.00989	0.05214	0.25385	0.01260	0.15043	0.02892	0.02931	0.02276	0.04467	0.01443	0.00894	0.03420	0.00735	0.00423	0.00396	0.00113	0.00493	0.00355	0.00245	0.31026
3	0.02628	0.04420	0.01363	0.01216	0.07813	0.45233	0.02759	0.19469	0.01410	0.05772	0.02004	0.00973	0.00711	0.00477	0.00417	0.00122	0.00657	0.00342	0.00299	0.01913
4	0.01145	0.03090	0.04048	0.04458	0.30213	0.05028	0.03132	0.08023	0.20109	0.04354	0.02415	0.02332	0.03383	0.04705	0.00538	0.00153	0.00481	0.00462	0.01282	0.00647
5	0.01172	0.60145	0.06082	0.00814	0.01162	0.09396	0.00782	0.03915	0.00996	0.01163	0.03029	0.05204	0.03572	0.00490	0.00340	0.00109	0.00493	0.00346	0.00231	0.00558
6	0.00713	0.00569	0.00750	0.00722	0.00741	0.00669	0.00523	0.00765	0.00724	0.01009	0.01514	0.20361	0.05054	0.28816	0.08617	0.04911	0.22193	0.00705	0.00283	0.00361
7	0.07052	0.25944	0.04965	0.01360	0.02867	0.04688	0.37370	0.04840	0.01028	0.01392	0.00783	0.00987	0.00627	0.00410	0.00463	0.00133	0.03880	0.00393	0.00227	0.00589
8	0.00554	0.00398	0.00517	0.00609	0.00642	0.00371	0.00408	0.00631	0.00856	0.01133	0.02515	0.73264	0.07198	0.06342	0.00672	0.00196	0.00271	0.02657	0.00407	0.00360
9	0.00874	0.00709	0.00826	0.00628	0.00950	0.00550	0.00490	0.01048	0.00944	0.03736	0.04325	0.04386	0.10334	0.04956	0.00477	0.00104	0.00319	0.00425	0.00305	0.63616
10	0.00999	0.00823	0.00956	0.00688	0.01082	0.00647	0.00553	0.06054	0.01008	0.03293	0.00834	0.00950	0.00678	0.00349	0.00341	0.00072	0.00342	0.00278	0.00283	0.79771
11	0.00811	0.00683	0.00795	0.00625	0.00930	0.00529	0.00484	0.00979	0.00931	0.01373	0.01611	0.13596	0.13333	0.00610	0.00397	0.00096	0.00305	0.00516	0.00310	0.61086
12	0.00858	0.00707	0.00834	0.00639	0.00959	0.00549	0.00499	0.01046	0.00952	0.01466	0.08321	0.09549	0.01239	0.00501	0.00372	0.00086	0.00308	0.00423	0.04092	0.66600
13	0.00879	0.00832	0.01291	0.46630	0.17092	0.03006	0.01093	0.01131	0.00959	0.01264	0.08770	0.01596	0.07124	0.00557	0.00525	0.00148	0.05860	0.00476	0.00248	0.00520
14	0.00630	0.00433	0.00527	0.00545	0.00562	0.00440	0.00339	0.00667	0.00697	0.00941	0.01564	0.16987	0.01786	0.57890	0.13715	0.00431	0.00515	0.00735	0.00292	0.00306
15	0.01689	0.01191	0.01254	0.00975	0.01312	0.04943	0.00800	0.63114	0.01907	0.11936	0.01158	0.01146	0.00813	0.00535	0.00439	0.00132	0.00478	0.00404	0.05042	0.00731
16	0.11831	0.00778	0.01029	0.14841	0.01428	0.02048	0.04983	0.05185	0.02522	0.03010	0.01395	0.02498	0.01350	0.00736	0.00521	0.00158	0.04091	0.28866	0.00322	0.12410
17	0.00681	0.00650	0.05758	0.00675	0.00857	0.00539	0.04725	0.00974	0.07277	0.01599	0.45162	0.03210	0.24387	0.00891	0.00516	0.00145	0.00283	0.00777	0.00436	0.00457
18	0.13188	0.16286	0.01399	0.18639	0.06845	0.19579	0.00872	0.06881	0.01059	0.01407	0.00739	0.00913	0.00598	0.00425	0.00372	0.00120	0.00549	0.00309	0.00241	0.09577
19	0.00589	0.00434	0.00518	0.00540	0.00606	0.00409	0.00367	0.00679	0.00888	0.01165	0.13573	0.23607	0.22889	0.24632	0.06850	0.00277	0.00360	0.00892	0.00373	0.00352
20	0.00976	0.00824	0.00953	0.00685	0.01080	0.00645	0.00550	0.06031	0.01001	0.01542	0.00812	0.00937	0.00669	0.00344	0.00339	0.00070	0.00341	0.00274	0.00276	0.81651
21	0.00685	0.00511	0.00645	0.00626	0.00641	0.00574	0.00422	0.00729	0.00681	0.00943	0.01346	0.08617	0.01509	0.54216	0.14499	0.00427	0.11700	0.00636	0.00267	0.00327
22	0.01132	0.21657	0.01396	0.00889	0.01145	0.14860	0.06756	0.14078	0.01215	0.01481	0.09461	0.13738	0.09014	0.00696	0.00441	0.00132	0.00474	0.00573	0.00327	0.00532
23	0.00640	0.00474	0.00690	0.00690	0.00760	0.00544	0.00523	0.00780	0.00710	0.01017	0.01224	0.01903	0.01181	0.13396	0.72551	0.00684	0.01103	0.00501	0.00244	0.00383
24	0.05063	0.05760	0.01749	0.12693	0.43421	0.10091	0.09869	0.01383	0.01007	0.01368	0.00797	0.01054	0.00655	0.00420	0.00460	0.00135	0.02846	0.00384	0.00220	0.00625
25	0.00641	0.00472	0.00684	0.00684	0.00752	0.00540	0.00516	0.00777	0.00709	0.01013	0.01230	0.01932	0.01194	0.15436	0.70529	0.00676	0.01084	0.00505	0.00244	0.00380
26	0.01017	0.01042	0.04670	0.12102	0.35313	0.02206	0.17181	0.02245	0.06182	0.01419	0.03321	0.01472	0.00945	0.05676	0.00583	0.00161	0.00562	0.03038	0.00253	0.00611
27	0.28641	0.05382	0.01296	0.11234	0.27418	0.01082	0.00932	0.08642	0.04314	0.04157	0.00875	0.01088	0.00698	0.00452	0.00387	0.00137	0.00459	0.01923	0.00279	0.00605
28	0.01673	0.02070	0.01273	0.01144	0.01383	0.76735	0.00863	0.07330	0.01327	0.01217	0.00719	0.00826	0.00589	0.00466	0.00406	0.00117	0.00784	0.00296	0.00246	0.00536
29	0.01002	0.00789	0.00934	0.02358	0.01091	0.00643	0.00564	0.06829	0.01023	0.05633	0.01017	0.08540	0.00900	0.00457	0.00370	0.00087	0.00344	0.00379	0.00305	0.66733
30	0.00836	0.00532	0.00694	0.00667	0.00772	0.00547	0.00490	0.06027	0.00918	0.10057	0.04357	0.18789	0.05475	0.17523	0.29784	0.00408	0.00649	0.00697	0.00346	0.00431
31	0.01387	0.00839	0.00988	0.00829	0.01091	0.00875	0.00661	0.13364	0.25143	0.28313	0.06113	0.06909	0.07231	0.00689	0.00503	0.00147	0.03214	0.00564	0.00474	0.00665
32	0.01045	0.11355	0.01238	0.01024	0.08704	0.01022	0.04186	0.10879	0.27212	0.01733	0.15101	0.03248	0.07422	0.00664	0.00460	0.00141	0.00388	0.03183	0.00390	0.00605

[dist]
# distance from previous block
# <min> <max>
5	15

[block]
# block no. 11 follows, 58 sequences, length 12
# corresponding to MSA columns:
# 415-426
name=unknown_L
#
# <colnr> <probs for GDERKNQSTAVLIFYWHMCP>
#	G	D	E	R	K	N	Q	S	T	A	V	L	I	F	Y	W	H	M	C	P
0	0.01038	0.00961	0.01425	0.14857	0.42385	0.03502	0.01097	0.06602	0.06791	0.01506	0.04763	0.02799	0.08109	0.00547	0.00459	0.00140	0.00488	0.01623	0.00285	0.00621
1	0.19127	0.01117	0.01296	0.12849	0.21631	0.08276	0.00953	0.21853	0.03422	0.04069	0.00889	0.01032	0.00677	0.00460	0.00407	0.00136	0.00507	0.00362	0.00305	0.00631
2	0.03189	0.09210	0.01396	0.03536	0.16648	0.11357	0.04011	0.10201	0.20450	0.03795	0.01223	0.08532	0.01042	0.00575	0.00466	0.00139	0.02800	0.00476	0.00328	0.00627
3	0.01002	0.04884	0.01176	0.17528	0.01492	0.00972	0.03015	0.10958	0.08078	0.04960	0.01063	0.01359	0.00876	0.01432	0.26657	0.00328	0.10262	0.00427	0.00283	0.03248
4	0.00836	0.00662	0.00903	0.04883	0.06725	0.00649	0.05749	0.07994	0.04585	0.04688	0.14834	0.12941	0.25894	0.03509	0.00568	0.00160	0.00350	0.03186	0.00396	0.00488
5	0.01036	0.00982	0.01655	0.04912	0.70149	0.00983	0.01260	0.01283	0.01002	0.01418	0.01086	0.07801	0.03441	0.00503	0.00456	0.00138	0.00502	0.00485	0.00242	0.00664
6	0.00914	0.00899	0.00746	0.00771	0.00872	0.23641	0.00547	0.01008	0.00996	0.03934	0.02039	0.53667	0.06042	0.01092	0.00517	0.00160	0.00417	0.00948	0.00368	0.00422
7	0.00862	0.00801	0.00925	0.00856	0.00915	0.10183	0.00661	0.00959	0.00756	0.01018	0.00983	0.01596	0.00972	0.15028	0.34109	0.03883	0.24398	0.00456	0.00229	0.00410
8	0.01231	0.01186	0.01601	0.01260	0.01590	0.08388	0.25920	0.13557	0.36625	0.01804	0.01318	0.01357	0.00987	0.00510	0.00473	0.00146	0.00542	0.00478	0.00361	0.00666
9	0.00810	0.00795	0.01082	0.01055	0.09673	0.06471	0.13994	0.01070	0.07351	0.01307	0.02698	0.15937	0.34183	0.00880	0.00511	0.00152	0.00405	0.00787	0.00353	0.00485
10	0.00779	0.00619	0.00820	0.08038	0.01032	0.00638	0.05366	0.07192	0.06625	0.01290	0.02073	0.15046	0.14534	0.25976	0.01049	0.00244	0.00405	0.07503	0.00346	0.00425
11	0.00652	0.00501	0.00573	0.00556	0.00693	0.00463	0.00415	0.00900	0.08172	0.03317	0.30642	0.11118	0.38306	0.01022	0.00524	0.00150	0.00239	0.00878	0.00449	0.00430

[dist]
# distance from previous block
# <min> <max>
5	8

[block]
# block no. 12 follows, 58 sequences, length 19
# corresponding to MSA columns:
# 435-453
name=unknown_M
#
# <colnr> <probs for GDERKNQSTAVLIFYWHMCP>
#	G	D	E	R	K	N	Q	S	T	A	V	L	I	F	Y	W	H	M	C	P
0	0.00766	0.00590	0.00658	0.00586	0.00778	0.00542	0.00451	0.05121	0.08254	0.03781	0.22986	0.03104	0.36352	0.00871	0.00486	0.00136	0.00264	0.00733	0.02786	0.10755
1	0.00928	0.00795	0.00928	0.00663	0.01060	0.00596	0.00530	0.01126	0.00928	0.01458	0.00795	0.00928	0.00663	0.00331	0.00331	0.00066	0.00331	0.00265	0.00265	0.87014
2	0.01057	0.04111	0.02026	0.02965	0.08323	0.05816	0.07673	0.09596	0.21665	0.02919	0.11665	0.11345	0.02528	0.02509	0.00524	0.00151	0.01577	0.00593	0.02375	0.00583
3	0.06226	0.04501	0.17012	0.04430	0.09177	0.02343	0.19970	0.05188	0.08464	0.05789	0.01185	0.02452	0.04993	0.00553	0.01801	0.00154	0.04415	0.00454	0.00280	0.00613
4	0.01125	0.00756	0.00913	0.00685	0.01029	0.00614	0.00547	0.03405	0.01005	0.16789	0.01057	0.01190	0.00828	0.03504	0.05000	0.00133	0.00392	0.00335	0.03681	0.57010
5	0.01184	0.08918	0.02457	0.00955	0.01158	0.06533	0.02210	0.07362	0.05188	0.11428	0.02617	0.08903	0.01008	0.00664	0.00763	0.00148	0.27441	0.00462	0.00310	0.10292
6	0.01071	0.10387	0.11974	0.01035	0.08442	0.03548	0.04217	0.07520	0.01055	0.03108	0.00928	0.01048	0.02898	0.00405	0.00377	0.00100	0.00453	0.00328	0.00265	0.40840
7	0.01143	0.05773	0.33034	0.01305	0.09303	0.03729	0.08740	0.12447	0.01159	0.08028	0.02425	0.05521	0.00903	0.00583	0.02245	0.00153	0.00585	0.01998	0.00285	0.00643
8	0.00605	0.00446	0.00554	0.00617	0.00681	0.00421	0.00427	0.04794	0.00957	0.01257	0.04710	0.65333	0.14930	0.01302	0.00557	0.00173	0.00265	0.01164	0.00419	0.00388
9	0.00803	0.03030	0.01275	0.03110	0.12493	0.00729	0.18271	0.01056	0.03941	0.01416	0.17858	0.23089	0.07983	0.00832	0.00517	0.00154	0.00416	0.02174	0.00352	0.00501
10	0.01187	0.06245	0.10354	0.04106	0.29695	0.09565	0.08045	0.08832	0.02684	0.04577	0.04549	0.01181	0.00866	0.00526	0.02518	0.00145	0.00575	0.00402	0.00270	0.03678
11	0.01237	0.21617	0.07357	0.01351	0.14518	0.19715	0.11383	0.03524	0.01078	0.04753	0.01022	0.06260	0.03289	0.00504	0.00417	0.00127	0.00586	0.00421	0.00253	0.00587
12	0.00647	0.00476	0.00681	0.03454	0.03906	0.00507	0.00522	0.00751	0.00767	0.01056	0.01581	0.25585	0.01719	0.15545	0.34146	0.04491	0.00700	0.02797	0.00296	0.00374
13	0.01101	0.11145	0.32397	0.03453	0.09653	0.14208	0.06101	0.01436	0.02680	0.04481	0.01094	0.04373	0.04956	0.00505	0.00427	0.00134	0.00599	0.00411	0.00242	0.00604
14	0.01010	0.02376	0.07216	0.05897	0.19391	0.00879	0.06812	0.06234	0.10508	0.05426	0.10139	0.03810	0.04181	0.00810	0.04859	0.05967	0.00498	0.03086	0.00323	0.00576
15	0.03683	0.00598	0.00784	0.00702	0.00902	0.00541	0.00544	0.01439	0.01070	0.40604	0.02047	0.26389	0.04423	0.05439	0.00591	0.00172	0.00339	0.06265	0.02906	0.00562
16	0.00952	0.01122	0.12706	0.08488	0.27604	0.02084	0.16030	0.02363	0.02855	0.01436	0.07607	0.07567	0.04884	0.00571	0.00479	0.00145	0.00535	0.01703	0.00272	0.00595
17	0.03571	0.03793	0.15966	0.02879	0.28629	0.07643	0.09961	0.10431	0.03440	0.05165	0.01863	0.02916	0.00789	0.00463	0.00442	0.00136	0.00570	0.00413	0.00272	0.00657
18	0.01100	0.06223	0.20284	0.02744	0.03368	0.04003	0.10141	0.07254	0.33225	0.01659	0.01295	0.01435	0.01002	0.00533	0.00451	0.00145	0.00516	0.03634	0.00330	0.00658

[dist]
# distance from previous block
# <min> <max>
1	69

[block]
# block no. 13 follows, 58 sequences, length 37
# corresponding to MSA columns:
# 524-554,556,557,566-569
name=unknown_N
#
# <colnr> <probs for GDERKNQSTAVLIFYWHMCP>
#	G	D	E	R	K	N	Q	S	T	A	V	L	I	F	Y	W	H	M	C	P
0	0.00967	0.24143	0.17830	0.04815	0.01438	0.01103	0.10365	0.04368	0.01032	0.01398	0.13930	0.04128	0.01336	0.00610	0.02081	0.00142	0.02509	0.02741	0.00273	0.04792
1	0.01378	0.05007	0.16403	0.01034	0.01374	0.21442	0.00942	0.27856	0.01418	0.04712	0.02449	0.04631	0.04396	0.01715	0.00494	0.00138	0.03241	0.00425	0.00325	0.00619
2	0.03429	0.01124	0.03185	0.02749	0.21173	0.07840	0.02600	0.25370	0.03759	0.04405	0.03919	0.01211	0.00887	0.00714	0.06077	0.02265	0.03000	0.00405	0.00322	0.05566
3	0.00946	0.00675	0.00780	0.00721	0.03397	0.02971	0.00497	0.09559	0.00963	0.07157	0.02909	0.05456	0.01384	0.37895	0.07376	0.00304	0.00480	0.02778	0.00319	0.13433
4	0.01071	0.19312	0.03911	0.00812	0.02244	0.05843	0.00671	0.11631	0.01044	0.06579	0.01189	0.09171	0.01106	0.07647	0.21702	0.00302	0.00650	0.00481	0.04116	0.00518
5	0.01870	0.02559	0.23128	0.03298	0.19898	0.03257	0.07746	0.03545	0.00959	0.02676	0.02243	0.03990	0.00922	0.05999	0.15687	0.00264	0.00692	0.00449	0.00242	0.00576
6	0.01096	0.08326	0.04388	0.02704	0.22946	0.04480	0.04935	0.11313	0.06632	0.02312	0.02434	0.06472	0.01047	0.03172	0.06074	0.00189	0.05859	0.02768	0.02258	0.00597
7	0.00576	0.00424	0.00545	0.00633	0.00676	0.00406	0.00429	0.00722	0.05355	0.01185	0.02497	0.76735	0.05445	0.01348	0.00563	0.00179	0.00264	0.01218	0.00417	0.00383
8	0.00701	0.03102	0.24643	0.00849	0.02585	0.00640	0.01880	0.00922	0.00896	0.01233	0.05153	0.32376	0.08830	0.10353	0.02679	0.00204	0.00435	0.01739	0.00319	0.00461
9	0.01009	0.12014	0.34823	0.07234	0.08850	0.02389	0.13218	0.05316	0.02030	0.01410	0.00964	0.03813	0.02645	0.00475	0.00452	0.00139	0.01961	0.00412	0.00229	0.00618
10	0.00900	0.00535	0.00565	0.03548	0.00735	0.00569	0.00421	0.03518	0.12746	0.01712	0.01477	0.01633	0.01148	0.00532	0.00343	0.00114	0.00252	0.00429	0.68352	0.00473
11	0.00540	0.00433	0.00483	0.00519	0.00626	0.00376	0.00374	0.00645	0.00971	0.01201	0.05453	0.30913	0.52021	0.01220	0.00544	0.00162	0.00241	0.02485	0.00417	0.00374
12	0.01150	0.14525	0.26600	0.01379	0.12657	0.05331	0.10215	0.06834	0.01789	0.05958	0.00881	0.02175	0.00690	0.00454	0.00466	0.00133	0.04355	0.00373	0.00247	0.03786
13	0.00676	0.03602	0.00685	0.00609	0.00718	0.02360	0.02222	0.00753	0.00895	0.01144	0.06658	0.12808	0.34217	0.04964	0.06982	0.12795	0.03966	0.00760	0.02816	0.00370
14	0.00560	0.00396	0.00516	0.00605	0.00643	0.00369	0.00408	0.00650	0.00886	0.01196	0.06204	0.73542	0.06332	0.01333	0.00557	0.00175	0.00254	0.01202	0.03804	0.00369
15	0.03014	0.04131	0.06017	0.10816	0.26637	0.10884	0.07628	0.03951	0.09165	0.01415	0.01024	0.01220	0.03376	0.00539	0.01864	0.00150	0.06892	0.00413	0.00255	0.00610
16	0.02368	0.11707	0.16194	0.15580	0.23473	0.01091	0.01986	0.05000	0.04345	0.02419	0.06997	0.01336	0.00991	0.00495	0.00450	0.00137	0.02105	0.02456	0.00258	0.00611
17	0.00727	0.00467	0.00637	0.00733	0.04282	0.00433	0.00493	0.00833	0.00932	0.09318	0.04048	0.62303	0.06857	0.01239	0.00552	0.00174	0.00288	0.04838	0.00422	0.00423
18	0.00647	0.00432	0.00489	0.00492	0.00493	0.00432	0.00275	0.00650	0.00657	0.00876	0.01442	0.05396	0.01667	0.81755	0.02225	0.00426	0.00428	0.00669	0.00275	0.00274
