[name]
unknown

[dist]
# distance from previous block
# <min> <max>
0	1131

[block]
# block no. 0 follows, 70 sequences, length 30
# corresponding to MSA columns:
# 1194-1223
name=unknown_A
#
# <colnr> <probs for GDERKNQSTAVLIFYWHMCP>
#	G	D	E	R	K	N	Q	S	T	A	V	L	I	F	Y	W	H	M	C	P
0	0.02373	0.06888	0.02375	0.01194	0.16535	0.04878	0.13013	0.12479	0.10613	0.14782	0.05111	0.02766	0.00911	0.00486	0.01558	0.00127	0.02643	0.00397	0.00302	0.00568
1	0.04361	0.03342	0.07452	0.03317	0.05654	0.04141	0.04362	0.03632	0.04610	0.06555	0.13104	0.06090	0.05072	0.11948	0.02841	0.02821	0.04274	0.00476	0.00282	0.05665
2	0.02235	0.10915	0.09173	0.03323	0.14502	0.09569	0.01945	0.06004	0.05680	0.08739	0.01749	0.05069	0.02128	0.00444	0.00385	0.00108	0.03210	0.00355	0.01826	0.12641
3	0.03215	0.03563	0.51015	0.01005	0.01457	0.00860	0.07919	0.06354	0.03274	0.01309	0.00846	0.07434	0.00696	0.00432	0.00373	0.00119	0.00497	0.00363	0.00211	0.09058
4	0.04585	0.06658	0.22370	0.01269	0.20630	0.02612	0.07969	0.07013	0.02327	0.07648	0.01837	0.05564	0.00762	0.00568	0.05139	0.00147	0.00500	0.00376	0.00238	0.01785
5	0.00800	0.00682	0.00866	0.03269	0.06375	0.00574	0.02744	0.05542	0.00888	0.01313	0.06255	0.06163	0.04896	0.00426	0.00338	0.00082	0.00308	0.00364	0.00260	0.57854
6	0.00789	0.00758	0.01133	0.62646	0.09766	0.05359	0.00994	0.01074	0.05801	0.01052	0.00836	0.06588	0.00699	0.00447	0.00393	0.00128	0.00490	0.00395	0.00201	0.00452
7	0.00526	0.00437	0.00533	0.02955	0.00669	0.00398	0.03212	0.00688	0.03913	0.01182	0.22416	0.08442	0.49082	0.03207	0.00497	0.00137	0.00229	0.00761	0.00363	0.00353
8	0.01449	0.01825	0.01101	0.00996	0.01199	0.82346	0.00749	0.03947	0.01120	0.00993	0.00609	0.00706	0.00504	0.00401	0.00351	0.00100	0.00691	0.00253	0.00205	0.00456
9	0.00986	0.00846	0.06369	0.00825	0.01184	0.00658	0.15091	0.04353	0.00909	0.13504	0.00839	0.00928	0.00631	0.00335	0.00341	0.00086	0.00382	0.00302	0.00263	0.51168
10	0.00553	0.00390	0.00509	0.00500	0.00579	0.00371	0.00371	0.00714	0.00989	0.01406	0.59906	0.11612	0.03102	0.03945	0.06014	0.00167	0.00255	0.03122	0.05142	0.00354
11	0.89114	0.00750	0.00570	0.00510	0.00750	0.00870	0.00420	0.01140	0.00660	0.01739	0.00540	0.00630	0.00420	0.00360	0.00240	0.00120	0.00300	0.00210	0.00240	0.00420
12	0.00461	0.00393	0.00397	0.00396	0.00525	0.00329	0.00297	0.00562	0.00891	0.01064	0.06487	0.03704	0.81230	0.00976	0.00458	0.00131	0.00196	0.00814	0.00362	0.00329
13	0.00895	0.01010	0.02194	0.01577	0.01951	0.00952	0.77922	0.01211	0.00899	0.01223	0.00799	0.01073	0.00610	0.00472	0.05216	0.00158	0.00675	0.00455	0.00197	0.00513
14	0.00687	0.00595	0.00900	0.02473	0.00906	0.00738	0.05729	0.00826	0.00655	0.00977	0.00892	0.01349	0.00829	0.01771	0.43237	0.00390	0.27879	0.02817	0.05963	0.00385
15	0.00475	0.00342	0.00450	0.00536	0.00565	0.00318	0.00362	0.00546	0.00753	0.00996	0.02230	0.80125	0.06848	0.01199	0.00494	0.00156	0.00226	0.02703	0.00360	0.00316
16	0.04268	0.01080	0.05879	0.00916	0.01244	0.01092	0.06086	0.61527	0.01587	0.09213	0.00941	0.00953	0.00661	0.00445	0.00385	0.00117	0.00434	0.00349	0.00362	0.02461
17	0.00999	0.04494	0.11288	0.06159	0.16053	0.12917	0.03616	0.04555	0.00899	0.06958	0.00814	0.04592	0.00684	0.00538	0.03623	0.01964	0.05601	0.00343	0.00227	0.13675
18	0.15017	0.14622	0.14464	0.00870	0.01168	0.06274	0.04457	0.23066	0.01048	0.01524	0.00704	0.00826	0.00555	0.00535	0.04267	0.00141	0.09401	0.00296	0.00243	0.00524
19	0.00507	0.00379	0.00520	0.00644	0.05274	0.00356	0.00416	0.00592	0.00768	0.01024	0.03355	0.72793	0.05958	0.01143	0.00488	0.00154	0.00242	0.04699	0.00351	0.00335
20	0.00847	0.03070	0.01376	0.05973	0.09543	0.01070	0.13448	0.00999	0.00689	0.01014	0.00621	0.00942	0.00564	0.00722	0.06845	0.00185	0.51096	0.00360	0.00179	0.00455
21	0.02311	0.07833	0.14236	0.11690	0.26048	0.15656	0.05583	0.06609	0.00959	0.04445	0.00726	0.00887	0.00566	0.00375	0.00368	0.00114	0.00524	0.00315	0.00209	0.00544
22	0.00914	0.00981	0.01990	0.03233	0.28371	0.00941	0.52791	0.01202	0.00898	0.01239	0.00802	0.03314	0.00649	0.00358	0.00434	0.00126	0.00578	0.00437	0.00199	0.00545
23	0.00503	0.00369	0.00472	0.00499	0.00565	0.00338	0.00354	0.00623	0.00911	0.01237	0.36999	0.40589	0.13094	0.01007	0.00474	0.00139	0.00204	0.00897	0.00388	0.00338
24	0.00564	0.00376	0.00423	0.00423	0.00423	0.00376	0.00235	0.00564	0.00564	0.00752	0.01222	0.02537	0.01409	0.86375	0.01973	0.00376	0.00376	0.00564	0.00235	0.00235
25	0.38114	0.00719	0.00721	0.00613	0.03722	0.00694	0.00469	0.01089	0.04591	0.01474	0.00782	0.00868	0.03436	0.00355	0.00281	0.00092	0.00296	0.00256	0.00245	0.41183
26	0.11530	0.07014	0.02291	0.07012	0.16350	0.12238	0.02370	0.15567	0.06462	0.07151	0.02908	0.02887	0.00745	0.00431	0.00366	0.00115	0.01166	0.00341	0.00273	0.02784
27	0.04383	0.00988	0.04900	0.04776	0.26454	0.09841	0.03514	0.09309	0.12546	0.06050	0.02521	0.01136	0.02953	0.00528	0.03726	0.00137	0.01406	0.00365	0.01350	0.03117
28	0.03048	0.03661	0.08975	0.06787	0.12863	0.07828	0.00787	0.18090	0.08775	0.01474	0.02047	0.01084	0.03367	0.02502	0.01543	0.00120	0.00431	0.00340	0.00265	0.16013
29	0.04877	0.03320	0.03310	0.02366	0.07260	0.03699	0.04067	0.18509	0.09122	0.03046	0.06349	0.11588	0.05894	0.01555	0.00436	0.00122	0.03190	0.00476	0.00308	0.10506

[dist]
# distance from previous block
# <min> <max>
1	25

[block]
# block no. 1 follows, 70 sequences, length 21
# corresponding to MSA columns:
# 1249-1269
name=unknown_B
#
# <colnr> <probs for GDERKNQSTAVLIFYWHMCP>
#	G	D	E	R	K	N	Q	S	T	A	V	L	I	F	Y	W	H	M	C	P
0	0.00921	0.03890	0.23495	0.03516	0.16367	0.03317	0.08841	0.05994	0.03945	0.05672	0.01044	0.04995	0.05620	0.00456	0.00412	0.00118	0.03117	0.00392	0.00238	0.07648
1	0.02330	0.17849	0.03119	0.10975	0.13707	0.08748	0.03177	0.06486	0.03651	0.04865	0.00828	0.05040	0.00727	0.00554	0.03100	0.00137	0.11766	0.02215	0.00227	0.00499
2	0.04112	0.09359	0.09601	0.03034	0.11745	0.04054	0.11940	0.02804	0.03127	0.03758	0.04687	0.02322	0.02324	0.00396	0.00373	0.00103	0.02154	0.00343	0.00233	0.23531
3	0.04008	0.06171	0.17600	0.05445	0.12736	0.03901	0.09675	0.02865	0.04007	0.10807	0.03998	0.05575	0.04372	0.02861	0.00443	0.00129	0.01438	0.01984	0.00260	0.01727
4	0.00504	0.00379	0.00524	0.04596	0.03747	0.00365	0.00422	0.00590	0.00762	0.01014	0.03746	0.74120	0.05526	0.01126	0.00484	0.00153	0.00245	0.01019	0.00346	0.00333
5	0.00607	0.00583	0.06520	0.00677	0.06051	0.00487	0.00506	0.03072	0.07336	0.01258	0.20443	0.22608	0.25351	0.00863	0.00450	0.00134	0.00261	0.02039	0.00353	0.00401
6	0.00999	0.11161	0.18014	0.07636	0.25055	0.06716	0.01967	0.07989	0.03351	0.05894	0.00956	0.03364	0.04370	0.00430	0.00371	0.00116	0.00468	0.00359	0.00233	0.00551
7	0.00511	0.00369	0.00460	0.00516	0.00575	0.00339	0.00362	0.00600	0.01988	0.02251	0.04363	0.55545	0.21723	0.01127	0.00521	0.03365	0.00230	0.04474	0.00357	0.00325
8	0.01474	0.00832	0.00970	0.00757	0.01036	0.00852	0.00620	0.40123	0.02820	0.34562	0.03640	0.02914	0.00934	0.00496	0.00385	0.00117	0.00359	0.00393	0.06090	0.00624
9	0.00880	0.09680	0.04942	0.12938	0.44169	0.00937	0.07526	0.01104	0.00848	0.01170	0.03124	0.04341	0.02649	0.00422	0.00417	0.00119	0.03607	0.00387	0.00202	0.00537
10	0.00961	0.02416	0.09609	0.07596	0.21591	0.03429	0.18818	0.08792	0.02554	0.05630	0.00956	0.08721	0.00827	0.00502	0.01350	0.00132	0.03209	0.02130	0.00244	0.00535
11	0.05013	0.00721	0.00932	0.00815	0.00882	0.00916	0.00654	0.11857	0.00771	0.01150	0.00818	0.05019	0.00805	0.11305	0.15661	0.00263	0.41369	0.00409	0.00225	0.00414
12	0.00472	0.00337	0.00450	0.00540	0.00562	0.00315	0.00360	0.00540	0.00742	0.00990	0.02137	0.86122	0.02564	0.01215	0.00495	0.00157	0.00225	0.01102	0.00360	0.00315
13	0.00992	0.06245	0.11479	0.07953	0.44191	0.03773	0.05890	0.05855	0.02225	0.04580	0.00797	0.01023	0.00642	0.00383	0.00381	0.00118	0.00483	0.02200	0.00216	0.00576
14	0.01069	0.06678	0.02782	0.05664	0.07906	0.21032	0.04690	0.08633	0.05966	0.03627	0.02222	0.04142	0.00778	0.00548	0.01496	0.00133	0.18767	0.03136	0.00240	0.00490
15	0.01074	0.01163	0.01077	0.00946	0.01034	0.31336	0.00749	0.02483	0.00810	0.03379	0.00643	0.00949	0.00598	0.06915	0.02920	0.00168	0.42802	0.00327	0.00199	0.00428
16	0.37683	0.19838	0.11694	0.00826	0.04119	0.09152	0.06039	0.02550	0.00793	0.01360	0.00594	0.00708	0.00478	0.00365	0.00315	0.00112	0.02442	0.00249	0.00206	0.00477
17	0.00472	0.00337	0.00450	0.00540	0.00562	0.00315	0.00360	0.00540	0.00742	0.00990	0.02137	0.86122	0.02564	0.01215	0.00495	0.00157	0.00225	0.01102	0.00360	0.00315
18	0.00518	0.00381	0.00532	0.00656	0.05923	0.00365	0.00415	0.00589	0.00734	0.00986	0.01945	0.69356	0.03924	0.02780	0.04831	0.04151	0.00288	0.00969	0.00331	0.00328
19	0.74544	0.06959	0.00742	0.00620	0.03976	0.05609	0.00485	0.01166	0.00702	0.01618	0.00550	0.00646	0.00437	0.00360	0.00252	0.00116	0.00337	0.00217	0.00231	0.00434
20	0.00969	0.00911	0.01491	0.05594	0.71634	0.00932	0.01127	0.04169	0.06913	0.01323	0.00797	0.00997	0.00653	0.00365	0.00385	0.00117	0.00450	0.00352	0.00213	0.00608

[dist]
# distance from previous block
# <min> <max>
0	1

[block]
# block no. 2 follows, 70 sequences, length 10
# corresponding to MSA columns:
# 1271-1280
name=unknown_C
#
# <colnr> <probs for GDERKNQSTAVLIFYWHMCP>
#	G	D	E	R	K	N	Q	S	T	A	V	L	I	F	Y	W	H	M	C	P
0	0.00994	0.00786	0.00841	0.00740	0.00962	0.00879	0.00579	0.05030	0.64720	0.05801	0.01479	0.01388	0.01105	0.00503	0.00378	0.00123	0.00301	0.00415	0.08041	0.04933
1	0.02998	0.07846	0.02439	0.01053	0.09047	0.04817	0.11564	0.32280	0.05152	0.10050	0.02204	0.04431	0.02273	0.01584	0.00408	0.00121	0.00439	0.00398	0.00318	0.00577
2	0.00578	0.00489	0.00613	0.06915	0.06960	0.00463	0.00465	0.00771	0.05989	0.01166	0.13612	0.13942	0.40596	0.00834	0.00440	0.00128	0.00253	0.00718	0.00338	0.04729
3	0.05215	0.01053	0.05820	0.02757	0.01969	0.16106	0.05740	0.18204	0.15484	0.02456	0.08096	0.03331	0.02208	0.04811	0.01658	0.00137	0.00445	0.00406	0.00303	0.03802
4	0.01019	0.24289	0.19368	0.00908	0.06000	0.09582	0.00833	0.03315	0.13436	0.05020	0.00823	0.00881	0.00643	0.00381	0.00330	0.00102	0.00444	0.00287	0.00233	0.12106
5	0.00859	0.00751	0.04241	0.00610	0.00952	0.00562	0.00511	0.05139	0.00870	0.04406	0.00853	0.00939	0.03687	0.00333	0.00306	0.00068	0.00304	0.00266	0.00249	0.74093
6	0.00476	0.00393	0.00420	0.00429	0.00548	0.00337	0.00325	0.00584	0.00891	0.01088	0.09615	0.09092	0.67490	0.00989	0.00465	0.00135	0.00207	0.05821	0.00365	0.00331
7	0.01199	0.12854	0.12088	0.00976	0.04539	0.19239	0.03664	0.21807	0.10194	0.04572	0.02169	0.00930	0.00689	0.00429	0.00388	0.00113	0.03000	0.00321	0.00272	0.00558
8	0.00532	0.00383	0.00442	0.00464	0.00511	0.00364	0.00311	0.00586	0.00707	0.00905	0.02129	0.13811	0.22770	0.43664	0.01228	0.00262	0.00308	0.10042	0.00297	0.00283
9	0.00980	0.21554	0.18764	0.04641	0.15397	0.06902	0.08332	0.04650	0.02240	0.02685	0.00704	0.00839	0.00560	0.00355	0.00343	0.00104	0.00485	0.00294	0.00201	0.09970

[dist]
# distance from previous block
# <min> <max>
0	1

[block]
# block no. 3 follows, 70 sequences, length 7
# corresponding to MSA columns:
# 1282-1288
name=unknown_D
#
# <colnr> <probs for GDERKNQSTAVLIFYWHMCP>
#	G	D	E	R	K	N	Q	S	T	A	V	L	I	F	Y	W	H	M	C	P
0	0.00509	0.00361	0.00451	0.00502	0.00534	0.00342	0.00334	0.00573	0.00735	0.00976	0.07690	0.47573	0.08092	0.24627	0.00899	0.00214	0.00268	0.04691	0.00330	0.00299
1	0.00804	0.00689	0.00804	0.00574	0.00919	0.00517	0.00459	0.00976	0.00804	0.01263	0.00689	0.00804	0.00574	0.00287	0.00287	0.00057	0.00287	0.00230	0.00230	0.88745
2	0.00993	0.14686	0.12980	0.01309	0.25745	0.03434	0.05830	0.05623	0.05798	0.05300	0.00816	0.02600	0.00660	0.00380	0.00354	0.00106	0.00442	0.00327	0.00229	0.12389
3	0.00486	0.00348	0.00465	0.00548	0.00579	0.00326	0.00377	0.00567	0.00771	0.01031	0.06468	0.76394	0.02601	0.01183	0.00495	0.00157	0.00231	0.06290	0.00363	0.00320
4	0.00801	0.00990	0.14833	0.01181	0.01491	0.00785	0.40511	0.01081	0.00906	0.03425	0.14826	0.09257	0.01324	0.00533	0.00478	0.00133	0.03762	0.02947	0.00256	0.00480
5	0.80517	0.00741	0.00602	0.00528	0.00773	0.00840	0.00435	0.01213	0.00704	0.09856	0.00637	0.00698	0.00473	0.00372	0.00255	0.00120	0.00303	0.00228	0.00264	0.00443
6	0.01121	0.08217	0.03353	0.06418	0.17716	0.17533	0.05731	0.13557	0.04066	0.04346	0.00778	0.00921	0.00619	0.01885	0.00406	0.00111	0.02160	0.00316	0.00242	0.10505

[dist]
# distance from previous block
# <min> <max>
0	1

[block]
# block no. 4 follows, 70 sequences, length 28
# corresponding to MSA columns:
# 1290-1303,1311-1324
name=unknown_E
#
# <colnr> <probs for GDERKNQSTAVLIFYWHMCP>
#	G	D	E	R	K	N	Q	S	T	A	V	L	I	F	Y	W	H	M	C	P
0	0.01312	0.13180	0.01216	0.00859	0.01131	0.18566	0.00703	0.40626	0.13827	0.01777	0.02498	0.00955	0.00740	0.00448	0.00363	0.00111	0.00459	0.00329	0.00319	0.00580
1	0.00480	0.00350	0.00453	0.00530	0.00570	0.00324	0.00365	0.00558	0.00773	0.01016	0.04065	0.70934	0.11981	0.01172	0.00492	0.00155	0.00227	0.04875	0.00361	0.00319
2	0.01106	0.63358	0.08256	0.00746	0.01083	0.08248	0.00735	0.08606	0.00917	0.02995	0.00614	0.00688	0.00522	0.00356	0.00282	0.00091	0.00449	0.00234	0.00196	0.00518
3	0.00840	0.04042	0.67269	0.01125	0.01641	0.00951	0.08554	0.05994	0.00878	0.01282	0.00707	0.00841	0.00510	0.00380	0.00404	0.00124	0.03406	0.00305	0.00180	0.00567
4	0.00848	0.00848	0.01187	0.01018	0.01018	0.01187	0.00848	0.00933	0.00594	0.00933	0.00509	0.00848	0.00509	0.00679	0.01272	0.00170	0.85666	0.00339	0.00170	0.00424
5	0.00564	0.00376	0.00423	0.00423	0.00423	0.00376	0.00235	0.00564	0.00564	0.00752	0.01222	0.02537	0.01409	0.86375	0.01973	0.00376	0.00376	0.00564	0.00235	0.00235
6	0.00805	0.00839	0.04684	0.04884	0.04985	0.02706	0.25699	0.03751	0.03343	0.01122	0.00938	0.08963	0.00866	0.03704	0.16260	0.00237	0.15073	0.00467	0.00220	0.00453
7	0.00975	0.00934	0.01348	0.30382	0.42942	0.10370	0.01071	0.01196	0.00882	0.05158	0.00740	0.00973	0.00585	0.00372	0.00382	0.00118	0.00500	0.00336	0.00200	0.00535
8	0.00473	0.00362	0.00435	0.00492	0.00557	0.00325	0.00346	0.00556	0.00801	0.01018	0.02802	0.52124	0.32872	0.01122	0.00483	0.00148	0.00220	0.04182	0.00360	0.00321
9	0.73792	0.00734	0.00628	0.00541	0.00792	0.00817	0.00446	0.01271	0.00739	0.16204	0.00713	0.00751	0.00515	0.00381	0.00266	0.00120	0.00305	0.00241	0.00282	0.00462
10	0.01938	0.00775	0.01156	0.02169	0.13957	0.03836	0.14430	0.07902	0.04270	0.01247	0.04844	0.17303	0.04078	0.02334	0.04439	0.00164	0.11871	0.02553	0.00269	0.00464
11	0.00821	0.00731	0.03262	0.06086	0.13376	0.07852	0.00647	0.02498	0.00770	0.05623	0.04252	0.03144	0.01037	0.23528	0.16463	0.00284	0.08547	0.00436	0.00235	0.00409
12	0.01242	0.06498	0.00972	0.00756	0.02523	0.02769	0.00607	0.29106	0.01251	0.23311	0.05807	0.08013	0.02483	0.00677	0.03768	0.00142	0.00386	0.05742	0.03394	0.00552
13	0.06503	0.00873	0.00972	0.00774	0.01042	0.00925	0.00631	0.49169	0.01458	0.19298	0.01278	0.08496	0.04252	0.00558	0.00394	0.00123	0.00371	0.01891	0.00394	0.00597
14	0.00904	0.16773	0.38876	0.05264	0.05839	0.02107	0.17283	0.04495	0.00879	0.02184	0.00708	0.00862	0.00536	0.00384	0.01187	0.00121	0.00549	0.00317	0.00186	0.00545
15	0.00925	0.02766	0.00942	0.00777	0.07395	0.09009	0.00566	0.05873	0.00899	0.01294	0.00694	0.00809	0.00573	0.00314	0.00306	0.00070	0.00353	0.00247	0.00232	0.65957
16	0.00569	0.00434	0.00641	0.00633	0.00695	0.00514	0.00490	0.00698	0.00619	0.00895	0.01021	0.01538	0.00968	0.06726	0.76890	0.00589	0.05109	0.00419	0.00207	0.00345
17	0.00657	0.00622	0.04164	0.06501	0.11047	0.02740	0.04574	0.00874	0.07100	0.01116	0.03811	0.40754	0.06678	0.02266	0.00479	0.00147	0.00334	0.05417	0.00309	0.00409
18	0.08260	0.22058	0.06288	0.02473	0.06023	0.03053	0.04805	0.23762	0.08894	0.04927	0.00829	0.00886	0.00634	0.00402	0.00347	0.00109	0.01219	0.00307	0.00274	0.04448
19	0.02944	0.00527	0.00658	0.00762	0.07840	0.03703	0.00543	0.00764	0.00831	0.01094	0.03860	0.19607	0.17138	0.03011	0.03383	0.01767	0.03780	0.27103	0.00318	0.00367
20	0.01247	0.00563	0.00711	0.00584	0.00803	0.00507	0.00469	0.03432	0.03126	0.46664	0.11543	0.01844	0.12462	0.00581	0.00389	0.00117	0.00274	0.00480	0.13669	0.00534
21	0.02586	0.12362	0.26938	0.07093	0.12970	0.09904	0.06078	0.03081	0.04559	0.01188	0.01628	0.05275	0.02273	0.00443	0.00371	0.00118	0.00499	0.01903	0.00211	0.00520
22	0.04608	0.10338	0.17291	0.02680	0.06458	0.22217	0.06752	0.10769	0.05778	0.02521	0.00763	0.00913	0.00606	0.00419	0.00406	0.00116	0.04811	0.01798	0.00228	0.00526
23	0.00661	0.00527	0.00763	0.01003	0.22586	0.00523	0.00558	0.02506	0.00746	0.01019	0.01408	0.28874	0.01577	0.29651	0.02480	0.00228	0.00362	0.03878	0.00271	0.00377
24	0.00737	0.00441	0.00542	0.00534	0.00614	0.00423	0.00376	0.04537	0.00809	0.12065	0.03546	0.27522	0.06617	0.29249	0.01870	0.00225	0.00311	0.05950	0.03277	0.00356
25	0.01094	0.03638	0.02708	0.07292	0.18034	0.09798	0.03860	0.10168	0.21368	0.09046	0.01082	0.03747	0.01641	0.00464	0.00408	0.00121	0.02661	0.00387	0.00295	0.02187
26	0.03296	0.03947	0.05498	0.04122	0.13402	0.04702	0.07885	0.09934	0.05354	0.05051	0.03059	0.10884	0.15415	0.00631	0.01747	0.00130	0.00399	0.00516	0.00290	0.03739
27	0.20200	0.04355	0.17474	0.00848	0.06101	0.08616	0.02457	0.05309	0.04354	0.02814	0.03522	0.08419	0.10302	0.00554	0.00368	0.00124	0.00401	0.03045	0.00265	0.00472

[dist]
# distance from previous block
# <min> <max>
3	36

[block]
# block no. 5 follows, 70 sequences, length 9
# corresponding to MSA columns:
# 1362-1370
name=unknown_F
#
# <colnr> <probs for GDERKNQSTAVLIFYWHMCP>
#	G	D	E	R	K	N	Q	S	T	A	V	L	I	F	Y	W	H	M	C	P
0	0.00803	0.00754	0.03629	0.08989	0.04246	0.00619	0.07740	0.02695	0.00834	0.01241	0.00817	0.05557	0.00720	0.00379	0.00338	0.00085	0.00358	0.02387	0.00231	0.57578
1	0.01014	0.21767	0.09624	0.03214	0.22616	0.04673	0.05595	0.07603	0.05070	0.05620	0.00892	0.03356	0.02035	0.04779	0.00439	0.00124	0.00451	0.00355	0.00233	0.00539
2	0.00986	0.02462	0.18314	0.05454	0.17765	0.12809	0.07905	0.07711	0.05467	0.03643	0.08903	0.01217	0.02077	0.00451	0.00405	0.00120	0.01765	0.01765	0.00248	0.00533
3	0.00680	0.00397	0.00598	0.00681	0.08594	0.00396	0.00411	0.00579	0.00560	0.00755	0.00809	0.05874	0.00839	0.09228	0.01393	0.67046	0.00346	0.00400	0.00187	0.00226
4	0.00675	0.00609	0.05756	0.00773	0.05996	0.00523	0.06740	0.00919	0.08860	0.05418	0.13024	0.32422	0.15034	0.00844	0.00452	0.00137	0.00296	0.00757	0.00344	0.00420
5	0.00645	0.08833	0.00803	0.20439	0.04040	0.00613	0.00546	0.00753	0.00717	0.00920	0.01459	0.10233	0.10841	0.32366	0.00986	0.00221	0.00379	0.04616	0.00245	0.00344
6	0.00867	0.01037	0.13635	0.03499	0.26516	0.00857	0.27783	0.01192	0.05253	0.02868	0.03705	0.01331	0.08785	0.00431	0.00416	0.00124	0.00497	0.00436	0.00229	0.00539
7	0.01320	0.00999	0.04887	0.00895	0.04324	0.00975	0.02684	0.49771	0.01453	0.11687	0.00936	0.00952	0.00668	0.00423	0.00371	0.00107	0.00404	0.00332	0.00348	0.16465
8	0.89114	0.00750	0.00570	0.00510	0.00750	0.00870	0.00420	0.01140	0.00660	0.01739	0.00540	0.00630	0.00420	0.00360	0.00240	0.00120	0.00300	0.00210	0.00240	0.00420

[dist]
# distance from previous block
# <min> <max>
0	1

[block]
# block no. 6 follows, 70 sequences, length 6
# corresponding to MSA columns:
# 1372-1377
name=unknown_G
#
# <colnr> <probs for GDERKNQSTAVLIFYWHMCP>
#	G	D	E	R	K	N	Q	S	T	A	V	L	I	F	Y	W	H	M	C	P
0	0.00673	0.00337	0.00505	0.00505	0.00505	0.00337	0.00337	0.00505	0.00505	0.00673	0.00673	0.01178	0.00673	0.01347	0.01515	0.88721	0.00337	0.00337	0.00168	0.00168
1	0.00733	0.00604	0.00709	0.00672	0.00811	0.00674	0.00524	0.01285	0.36371	0.01340	0.13380	0.05981	0.08429	0.01141	0.16945	0.00232	0.03243	0.06114	0.00348	0.00465
2	0.00799	0.00834	0.07281	0.51743	0.25363	0.00856	0.01095	0.01060	0.00810	0.01108	0.00729	0.01017	0.00566	0.00377	0.00379	0.00123	0.00488	0.00341	0.04541	0.00489
3	0.00554	0.00415	0.00623	0.00623	0.00692	0.00485	0.00485	0.00692	0.00623	0.00900	0.01038	0.01523	0.00969	0.02908	0.84839	0.00623	0.01038	0.00415	0.00208	0.00346
4	0.01021	0.03437	0.23243	0.06966	0.01272	0.00817	0.00835	0.07692	0.19050	0.15863	0.06691	0.03637	0.01018	0.00478	0.00382	0.00120	0.00397	0.00392	0.00315	0.06376
5	0.00934	0.08292	0.05383	0.04787	0.07158	0.04060	0.04149	0.08198	0.03259	0.04868	0.00929	0.06744	0.02489	0.00419	0.00343	0.00094	0.00377	0.00350	0.00254	0.36914

[dist]
# distance from previous block
# <min> <max>
2	5

[block]
# block no. 7 follows, 70 sequences, length 10
# corresponding to MSA columns:
# 1384-1393
name=unknown_H
#
# <colnr> <probs for GDERKNQSTAVLIFYWHMCP>
#	G	D	E	R	K	N	Q	S	T	A	V	L	I	F	Y	W	H	M	C	P
0	0.00824	0.00682	0.00802	0.00598	0.00902	0.00560	0.00478	0.03018	0.03655	0.03273	0.06072	0.01055	0.03090	0.00369	0.00347	0.00073	0.03361	0.00293	0.00259	0.70289
1	0.00788	0.01185	0.33091	0.02335	0.11528	0.00754	0.09698	0.01122	0.04074	0.04119	0.17164	0.03351	0.05011	0.00508	0.00420	0.00124	0.01942	0.00448	0.01828	0.00511
2	0.01019	0.00991	0.09885	0.05494	0.22782	0.03010	0.05086	0.11893	0.00972	0.08026	0.00826	0.03454	0.00666	0.00429	0.00470	0.00115	0.09630	0.00350	0.00246	0.14657
3	0.00549	0.00396	0.00518	0.00488	0.00579	0.00366	0.00366	0.00732	0.01097	0.01555	0.83752	0.02896	0.03658	0.00793	0.00457	0.00122	0.00183	0.00701	0.00427	0.00366
4	0.01053	0.26327	0.05992	0.00745	0.03417	0.01347	0.02261	0.07396	0.00924	0.12479	0.00808	0.02502	0.00645	0.00366	0.00312	0.00087	0.00371	0.00282	0.00254	0.32434
5	0.00619	0.00457	0.00617	0.02231	0.00675	0.00520	0.00442	0.03507	0.00668	0.00947	0.04386	0.01790	0.01150	0.26985	0.42632	0.02871	0.06405	0.00458	0.02311	0.00327
6	0.00804	0.00689	0.00804	0.00574	0.00919	0.00517	0.00459	0.00976	0.00804	0.01263	0.00689	0.00804	0.00574	0.00287	0.00287	0.00057	0.00287	0.00230	0.00230	0.88745
7	0.00764	0.15097	0.09120	0.02346	0.03289	0.04463	0.04185	0.04000	0.02757	0.02747	0.01477	0.38457	0.04063	0.00766	0.00408	0.00129	0.00351	0.00669	0.04486	0.00426
8	0.04075	0.04668	0.70934	0.01037	0.01565	0.00910	0.01296	0.03802	0.00861	0.06297	0.00743	0.00839	0.00522	0.00377	0.00362	0.00121	0.00538	0.00289	0.00193	0.00573
9	0.01085	0.39770	0.10580	0.00969	0.08483	0.11977	0.03756	0.06352	0.03515	0.03788	0.00682	0.00779	0.00560	0.00375	0.00347	0.00101	0.03345	0.00270	0.00206	0.03061

[dist]
# distance from previous block
# <min> <max>
0	1

[block]
# block no. 8 follows, 70 sequences, length 38
# corresponding to MSA columns:
# 1395-1432
name=unknown_I
#
# <colnr> <probs for GDERKNQSTAVLIFYWHMCP>
#	G	D	E	R	K	N	Q	S	T	A	V	L	I	F	Y	W	H	M	C	P
0	0.04987	0.01072	0.24509	0.00826	0.02216	0.01938	0.02661	0.03634	0.23777	0.09864	0.01266	0.05022	0.03568	0.08457	0.00527	0.00148	0.00397	0.00423	0.04183	0.00527
1	0.00482	0.00358	0.00457	0.00518	0.00570	0.00333	0.00362	0.00568	0.00784	0.01027	0.06249	0.59050	0.18368	0.01241	0.05234	0.00177	0.00267	0.03277	0.00354	0.00323
2	0.00626	0.00470	0.00575	0.00532	0.00645	0.00463	0.00402	0.03709	0.10583	0.01556	0.66690	0.02680	0.05906	0.02866	0.00485	0.00129	0.00211	0.00659	0.00415	0.00400
3	0.00564	0.00377	0.00428	0.00428	0.00430	0.00379	0.00242	0.00567	0.00565	0.00756	0.01216	0.02509	0.01397	0.84056	0.04276	0.00383	0.00394	0.00560	0.00234	0.00238
4	0.01036	0.86609	0.02032	0.00663	0.00995	0.01534	0.00663	0.01161	0.00788	0.00912	0.00539	0.00622	0.00498	0.00332	0.00249	0.00083	0.00415	0.00207	0.00166	0.00498
5	0.00586	0.00428	0.00536	0.00503	0.00605	0.00411	0.00379	0.00837	0.07436	0.01541	0.71616	0.02743	0.05532	0.00762	0.00444	0.00122	0.00193	0.00669	0.04273	0.00384
6	0.00778	0.02005	0.84367	0.01105	0.01678	0.00900	0.01432	0.01228	0.00818	0.01228	0.00696	0.00818	0.00491	0.00368	0.00368	0.00123	0.00573	0.00286	0.00164	0.00573
7	0.00752	0.00597	0.00676	0.00620	0.00771	0.00644	0.00475	0.01360	0.39297	0.01579	0.40589	0.02135	0.02347	0.00648	0.00417	0.00124	0.00240	0.00559	0.05688	0.00481
8	0.00526	0.00386	0.00537	0.00609	0.00662	0.00368	0.02110	0.00633	0.00795	0.01047	0.02144	0.57386	0.05134	0.01146	0.00505	0.00162	0.00272	0.24890	0.00356	0.00332
9	0.00586	0.00452	0.00649	0.00622	0.00717	0.00500	0.00485	0.00724	0.00640	0.00936	0.00995	0.01453	0.00927	0.04082	0.72943	0.00551	0.02606	0.00397	0.00210	0.09525
10	0.00982	0.01010	0.02814	0.02135	0.65473	0.07051	0.09689	0.01212	0.00896	0.01232	0.00737	0.00988	0.00620	0.00363	0.00408	0.00118	0.02125	0.01368	0.00194	0.00585
11	0.00564	0.00539	0.04312	0.08234	0.05132	0.00463	0.03363	0.00724	0.00901	0.01165	0.16588	0.06398	0.44929	0.00810	0.00441	0.00129	0.00272	0.01879	0.02781	0.00376
12	0.02681	0.01039	0.01132	0.00913	0.03379	0.01158	0.00730	0.69990	0.07377	0.02285	0.00959	0.00970	0.00693	0.00470	0.00408	0.00118	0.02749	0.00353	0.01955	0.00640
13	0.03426	0.11598	0.03496	0.02552	0.08564	0.17752	0.04219	0.05783	0.00906	0.01197	0.00652	0.00796	0.00545	0.00377	0.00418	0.00097	0.08952	0.00272	0.00211	0.28188
14	0.00556	0.00408	0.00585	0.00585	0.00642	0.00464	0.00438	0.00668	0.00612	0.00872	0.01073	0.01714	0.01052	0.18588	0.69272	0.00577	0.00914	0.00443	0.00213	0.00325
15	0.01068	0.00695	0.00841	0.00615	0.00946	0.00553	0.00497	0.03899	0.00917	0.22770	0.00914	0.00942	0.00677	0.00343	0.00317	0.00076	0.00303	0.00275	0.00300	0.63055
16	0.00712	0.00540	0.00627	0.00581	0.00720	0.00556	0.00442	0.01170	0.27041	0.04261	0.42883	0.05701	0.10080	0.00725	0.00433	0.00127	0.00230	0.00628	0.02095	0.00448
17	0.00538	0.00392	0.00520	0.00600	0.00664	0.00374	0.00469	0.00658	0.00825	0.01071	0.02304	0.40677	0.11671	0.01125	0.00509	0.00164	0.00280	0.36467	0.00359	0.00335
18	0.01672	0.00640	0.00864	0.00668	0.00954	0.00556	0.00550	0.01824	0.01090	0.78739	0.01512	0.01328	0.00962	0.00478	0.00382	0.00118	0.00320	0.00388	0.06316	0.00640
19	0.00902	0.00705	0.00780	0.00698	0.00889	0.00776	0.00542	0.03862	0.52876	0.06410	0.22702	0.01861	0.04113	0.00603	0.00412	0.00128	0.00277	0.00511	0.00407	0.00546
20	0.01536	0.00600	0.00792	0.00624	0.00882	0.00528	0.00510	0.01692	0.01050	0.67689	0.01477	0.01345	0.00966	0.00474	0.00366	0.00114	0.00300	0.00384	0.18069	0.00600
21	0.00765	0.00477	0.00668	0.00727	0.08383	0.00449	0.00491	0.00911	0.00954	0.14522	0.32532	0.26990	0.02471	0.00832	0.00462	0.00134	0.01369	0.04695	0.01746	0.00421
22	0.01426	0.01062	0.01136	0.00882	0.01184	0.01180	0.00725	0.75060	0.09505	0.02366	0.00992	0.00979	0.00709	0.00471	0.00388	0.00118	0.00415	0.00357	0.00388	0.00655
23	0.01109	0.15415	0.10834	0.00987	0.10314	0.04665	0.01635	0.21052	0.10686	0.05245	0.00866	0.00919	0.00662	0.00395	0.00347	0.00104	0.00420	0.00309	0.00274	0.13761
24	0.01925	0.05631	0.10752	0.02635	0.42462	0.10495	0.04741	0.03554	0.10219	0.01276	0.00825	0.02308	0.00673	0.00391	0.00376	0.00116	0.00484	0.00347	0.00220	0.00573
25	0.01688	0.00706	0.00906	0.00705	0.00995	0.03500	0.00579	0.04229	0.01116	0.76549	0.01466	0.01292	0.00935	0.00546	0.02801	0.00134	0.00366	0.00385	0.00460	0.00644
26	0.00657	0.00342	0.00499	0.00498	0.00509	0.00337	0.00335	0.00516	0.00548	0.00726	0.03736	0.01386	0.05606	0.01306	0.01417	0.80509	0.00323	0.00377	0.00188	0.00184
27	0.00554	0.00415	0.00623	0.00623	0.00692	0.00485	0.00485	0.00692	0.00623	0.00900	0.01038	0.01523	0.00969	0.02908	0.84839	0.00623	0.01038	0.00415	0.00208	0.00346
28	0.33012	0.00589	0.00566	0.00516	0.00684	0.00635	0.00404	0.09174	0.00888	0.05321	0.08182	0.11400	0.01168	0.00542	0.00320	0.00116	0.00261	0.00425	0.25379	0.00421
29	0.00673	0.00337	0.00505	0.00505	0.00505	0.00337	0.00337	0.00505	0.00505	0.00673	0.00673	0.01178	0.00673	0.01347	0.01515	0.88721	0.00337	0.00337	0.00168	0.00168
30	0.00597	0.00387	0.00460	0.00456	0.00543	0.00368	0.00337	0.00778	0.02772	0.01413	0.39962	0.14067	0.07262	0.00749	0.00403	0.00118	0.00192	0.00651	0.28124	0.00361
31	0.01474	0.01086	0.01163	0.00892	0.01202	0.01202	0.00737	0.82664	0.01823	0.02443	0.00931	0.00931	0.00659	0.00465	0.00388	0.00116	0.00427	0.00349	0.00388	0.00659
32	0.00804	0.00689	0.00804	0.00574	0.00919	0.00517	0.00459	0.00976	0.00804	0.01263	0.00689	0.00804	0.00574	0.00287	0.00287	0.00057	0.00287	0.00230	0.00230	0.88745
33	0.00727	0.00437	0.00600	0.00601	0.03355	0.00439	0.00415	0.00797	0.00727	0.11335	0.10485	0.05706	0.03261	0.22466	0.25355	0.11638	0.00527	0.00508	0.00278	0.00344
34	0.00475	0.00353	0.00444	0.00512	0.00560	0.00322	0.00352	0.00554	0.00783	0.01018	0.04384	0.65352	0.19360	0.01154	0.00487	0.00152	0.00221	0.02837	0.00361	0.00320
35	0.00755	0.00565	0.00608	0.00580	0.00722	0.00604	0.00441	0.03801	0.31591	0.01423	0.05606	0.13477	0.13027	0.00688	0.00392	0.00125	0.00248	0.02435	0.22457	0.00454
36	0.29107	0.13437	0.11978	0.01051	0.15065	0.12082	0.03115	0.05112	0.00861	0.02429	0.00637	0.00757	0.00508	0.00371	0.00331	0.00113	0.02060	0.00266	0.00214	0.00505
37	0.02916	0.09973	0.32136	0.00876	0.02407	0.02382	0.00908	0.08911	0.01753	0.11918	0.00940	0.01080	0.02984	0.03338	0.07756	0.02091	0.04798	0.00335	0.00244	0.02255

[dist]
# distance from previous block
# <min> <max>
4	226

[block]
# block no. 9 follows, 70 sequences, length 9
# corresponding to MSA columns:
# 1660-1668
name=unknown_J
#
# <colnr> <probs for GDERKNQSTAVLIFYWHMCP>
#	G	D	E	R	K	N	Q	S	T	A	V	L	I	F	Y	W	H	M	C	P
0	0.00925	0.00909	0.01174	0.00995	0.01060	0.07702	0.05372	0.01100	0.06705	0.03570	0.00675	0.00962	0.00609	0.02846	0.01060	0.00161	0.61344	0.00354	0.02030	0.00446
1	0.00478	0.00340	0.00448	0.00532	0.00554	0.00319	0.00352	0.00541	0.00731	0.00975	0.02079	0.80869	0.02492	0.06567	0.00588	0.00171	0.00234	0.01068	0.00352	0.00310
2	0.00498	0.00393	0.00410	0.00414	0.00537	0.00340	0.00316	0.00614	0.00889	0.01119	0.07856	0.03507	0.66691	0.00926	0.00445	0.00129	0.00204	0.05607	0.08770	0.00334
3	0.00853	0.00718	0.00830	0.00598	0.00940	0.00567	0.00480	0.06969	0.00879	0.01350	0.00707	0.00813	0.00580	0.00300	0.00294	0.00062	0.00297	0.00238	0.00241	0.82283
4	0.00538	0.00381	0.00504	0.00568	0.00614	0.00367	0.00420	0.00641	0.00799	0.01067	0.10884	0.41369	0.02422	0.13250	0.00713	0.00191	0.00280	0.24321	0.00349	0.00321
5	0.25005	0.18336	0.03656	0.00791	0.01043	0.39573	0.00656	0.01366	0.00910	0.04645	0.00613	0.00695	0.00497	0.00378	0.00302	0.00103	0.00516	0.00238	0.00214	0.00464
6	0.03238	0.09253	0.02858	0.00710	0.00959	0.03299	0.00583	0.05732	0.43140	0.01494	0.01196	0.01182	0.00919	0.00447	0.00344	0.00109	0.00324	0.00356	0.09499	0.14360
7	0.04319	0.04335	0.00960	0.00875	0.06948	0.07990	0.05416	0.01040	0.06226	0.05137	0.03411	0.22035	0.01274	0.05265	0.00615	0.00144	0.12795	0.02827	0.00275	0.08114
8	0.02888	0.07813	0.14502	0.03845	0.13932	0.18846	0.03744	0.04756	0.12301	0.12291	0.00910	0.00968	0.00679	0.00408	0.00366	0.00115	0.00491	0.00325	0.00262	0.00558

[dist]
# distance from previous block
# <min> <max>
0	4

[block]
# block no. 10 follows, 70 sequences, length 62
# corresponding to MSA columns:
# 1673-1734
name=unknown_K
#
# <colnr> <probs for GDERKNQSTAVLIFYWHMCP>
#	G	D	E	R	K	N	Q	S	T	A	V	L	I	F	Y	W	H	M	C	P
0	0.03611	0.00855	0.01491	0.18794	0.48372	0.00882	0.12744	0.01132	0.00856	0.01224	0.00810	0.01053	0.02322	0.00369	0.00388	0.00120	0.00478	0.00368	0.03589	0.00542
1	0.00507	0.00373	0.00471	0.00507	0.00566	0.00347	0.00354	0.00631	0.02597	0.01166	0.26233	0.46583	0.12755	0.04380	0.00535	0.00152	0.00217	0.00915	0.00375	0.00335
2	0.00542	0.00400	0.00455	0.00451	0.00567	0.00348	0.00336	0.00660	0.00927	0.04975	0.22219	0.13413	0.50299	0.00944	0.00460	0.00132	0.00205	0.01935	0.00381	0.00350
3	0.00498	0.00394	0.00447	0.00434	0.00548	0.00344	0.00326	0.00633	0.00977	0.01268	0.38619	0.03368	0.48970	0.00900	0.00458	0.00127	0.00191	0.00767	0.00389	0.00344
4	0.89114	0.00750	0.00570	0.00510	0.00750	0.00870	0.00420	0.01140	0.00660	0.01739	0.00540	0.00630	0.00420	0.00360	0.00240	0.00120	0.00300	0.00210	0.00240	0.00420
5	0.00780	0.00745	0.01047	0.00917	0.00930	0.01018	0.00752	0.00871	0.00598	0.00919	0.00641	0.01049	0.00635	0.04771	0.17264	0.00265	0.65852	0.00363	0.00180	0.00401
6	0.01448	0.01848	0.01099	0.00999	0.01199	0.84819	0.00749	0.01548	0.01099	0.00949	0.00599	0.00699	0.00499	0.00400	0.00350	0.00100	0.00699	0.00250	0.00200	0.00449
7	0.00543	0.00396	0.00511	0.00482	0.00576	0.00364	0.00362	0.00721	0.01085	0.01525	0.79126	0.02944	0.08302	0.00804	0.00457	0.00122	0.00184	0.00708	0.00423	0.00364
8	0.38667	0.00904	0.00885	0.00709	0.00989	0.01001	0.00585	0.40468	0.01257	0.08509	0.00808	0.00831	0.00580	0.00419	0.00324	0.00117	0.00363	0.00291	0.00330	0.01963
9	0.00554	0.00413	0.00610	0.00610	0.00675	0.00478	0.00469	0.00684	0.00619	0.00891	0.01050	0.01587	0.00997	0.08215	0.79570	0.00607	0.00996	0.00425	0.00209	0.00339
10	0.01036	0.86609	0.02032	0.00663	0.00995	0.01534	0.00663	0.01161	0.00788	0.00912	0.00539	0.00622	0.00498	0.00332	0.00249	0.00083	0.00415	0.00207	0.00166	0.00498
11	0.00732	0.00689	0.01163	0.85444	0.02670	0.00861	0.01077	0.00991	0.00775	0.00991	0.00689	0.01034	0.00517	0.00388	0.00388	0.00129	0.00517	0.00345	0.00172	0.00431
12	0.02729	0.00764	0.01013	0.00850	0.06273	0.00723	0.02440	0.17220	0.01221	0.59342	0.02490	0.01230	0.00903	0.00468	0.00390	0.00119	0.00361	0.00383	0.00434	0.00647
13	0.00783	0.00718	0.01207	0.72436	0.12364	0.00867	0.01076	0.01033	0.00793	0.02854	0.00710	0.01028	0.00538	0.00389	0.00400	0.00128	0.01692	0.00346	0.00181	0.00458
14	0.00547	0.00409	0.00487	0.00463	0.00575	0.00367	0.00349	0.00717	0.02615	0.03002	0.51589	0.03140	0.32619	0.00850	0.00455	0.00125	0.00193	0.00732	0.00403	0.00362
15	0.00639	0.00491	0.00718	0.03212	0.14007	0.00481	0.01756	0.04176	0.00823	0.03259	0.01785	0.63093	0.02044	0.00989	0.00466	0.00147	0.00288	0.00900	0.00330	0.00393
16	0.00796	0.07999	0.78534	0.01074	0.01630	0.00945	0.01378	0.01223	0.00816	0.01205	0.00685	0.00805	0.00492	0.00366	0.00360	0.00120	0.00562	0.00281	0.00164	0.00568
17	0.00778	0.02005	0.84367	0.01105	0.01678	0.00900	0.01432	0.01228	0.00818	0.01228	0.00696	0.00818	0.00491	0.00368	0.00368	0.00123	0.00573	0.00286	0.00164	0.00573
18	0.00554	0.00415	0.00623	0.00623	0.00692	0.00485	0.00485	0.00692	0.00623	0.00900	0.01038	0.01523	0.00969	0.02908	0.84839	0.00623	0.01038	0.00415	0.00208	0.00346
19	0.01415	0.04399	0.01146	0.00989	0.02136	0.66707	0.00753	0.13062	0.01174	0.01164	0.00643	0.00737	0.00524	0.00415	0.00381	0.00104	0.03281	0.00266	0.00224	0.00482
20	0.00519	0.00376	0.00438	0.00462	0.00528	0.00350	0.00322	0.00605	0.00780	0.01032	0.07965	0.24357	0.27949	0.18884	0.04180	0.00207	0.00279	0.03794	0.06659	0.00312
21	0.00996	0.00982	0.04992	0.06364	0.40290	0.06587	0.10665	0.02988	0.06249	0.06254	0.03781	0.02683	0.00791	0.00419	0.00435	0.00122	0.04221	0.00385	0.00236	0.00561
22	0.02190	0.04861	0.13927	0.03559	0.02643	0.00838	0.29811	0.02896	0.02625	0.07701	0.00856	0.02503	0.00673	0.00382	0.00397	0.00112	0.01752	0.02073	0.00233	0.19969
23	0.01340	0.01018	0.01089	0.00861	0.01151	0.01132	0.00702	0.62121	0.20692	0.02226	0.01075	0.01048	0.00779	0.00475	0.00387	0.00119	0.00396	0.00367	0.00386	0.02637
24	0.01003	0.02947	0.01560	0.03750	0.68867	0.09185	0.04644	0.01223	0.00901	0.01221	0.00714	0.00931	0.00597	0.00350	0.00381	0.00114	0.00492	0.00338	0.00192	0.00588
25	0.02624	0.00791	0.00928	0.04770	0.01084	0.07505	0.00613	0.07835	0.05640	0.58881	0.03032	0.01275	0.00946	0.01753	0.00410	0.00123	0.00372	0.00383	0.00423	0.00614
26	0.00568	0.00382	0.00442	0.00450	0.00458	0.00383	0.00270	0.00585	0.00591	0.00787	0.01284	0.02665	0.01467	0.78093	0.03337	0.00365	0.00386	0.06994	0.00244	0.00247
27	0.00566	0.00382	0.00463	0.00463	0.00475	0.00394	0.00285	0.00585	0.00572	0.00776	0.01167	0.02298	0.01300	0.67775	0.17119	0.03878	0.00496	0.00528	0.00227	0.00253
28	0.00504	0.00368	0.00479	0.00554	0.00604	0.00345	0.00403	0.00599	0.00794	0.01039	0.03990	0.56966	0.12328	0.02309	0.00518	0.00161	0.00249	0.17106	0.00359	0.00325
29	0.01036	0.86609	0.02032	0.00663	0.00995	0.01534	0.00663	0.01161	0.00788	0.00912	0.00539	0.00622	0.00498	0.00332	0.00249	0.00083	0.00415	0.00207	0.00166	0.00498
30	0.14093	0.00810	0.00839	0.00741	0.00972	0.00921	0.00583	0.03426	0.62452	0.08736	0.01408	0.01305	0.01041	0.00496	0.00371	0.00129	0.00310	0.00399	0.00379	0.00590
31	0.00646	0.00520	0.00847	0.00826	0.00951	0.00507	0.12717	0.00831	0.00875	0.01149	0.01877	0.15279	0.02034	0.00981	0.00518	0.00168	0.00382	0.58182	0.00334	0.00376
32	0.01534	0.00990	0.01104	0.00846	0.01154	0.01060	0.00699	0.64453	0.01662	0.20881	0.01066	0.01018	0.00727	0.00469	0.00388	0.00117	0.00405	0.00358	0.00409	0.00659
33	0.00481	0.00342	0.00454	0.00539	0.00562	0.00322	0.00361	0.00549	0.00738	0.00983	0.02089	0.79655	0.02498	0.05417	0.00569	0.00169	0.00236	0.03372	0.00354	0.00312
34	0.00848	0.00848	0.01187	0.01018	0.01018	0.01187	0.00848	0.00933	0.00594	0.00933	0.00509	0.00848	0.00509	0.00679	0.01272	0.00170	0.85666	0.00339	0.00170	0.00424
35	0.00511	0.00393	0.00467	0.00452	0.00557	0.00349	0.00338	0.00658	0.01005	0.01341	0.50381	0.05250	0.35140	0.00877	0.00459	0.00126	0.00189	0.00757	0.00399	0.00349
36	0.03823	0.00732	0.00935	0.00719	0.01019	0.00682	0.00594	0.15222	0.01217	0.68700	0.01406	0.01238	0.00897	0.00475	0.00386	0.00119	0.00345	0.00379	0.00459	0.00654
37	0.00959	0.00722	0.00801	0.00684	0.00882	0.00771	0.00539	0.27119	0.20467	0.03936	0.24463	0.05384	0.10311	0.00655	0.00420	0.00125	0.00296	0.00548	0.00399	0.00519
38	0.01438	0.01117	0.01103	0.00871	0.01154	0.10868	0.00706	0.63876	0.03350	0.06383	0.00950	0.00983	0.00691	0.02512	0.00419	0.00121	0.00445	0.00347	0.02049	0.00618
39	0.89114	0.00750	0.00570	0.00510	0.00750	0.00870	0.00420	0.01140	0.00660	0.01739	0.00540	0.00630	0.00420	0.00360	0.00240	0.00120	0.00300	0.00210	0.00240	0.00420
40	0.00561	0.00409	0.00536	0.00606	0.00681	0.00394	0.00489	0.00691	0.00837	0.01079	0.02320	0.21884	0.15423	0.06569	0.00607	0.00179	0.00304	0.45746	0.00350	0.00335
41	0.00766	0.00390	0.00397	0.00385	0.00486	0.00392	0.00292	0.03543	0.00851	0.03057	0.01259	0.01426	0.00982	0.00453	0.00277	0.00092	0.00191	0.00361	0.84022	0.00377
42	0.01447	0.01064	0.01142	0.00883	0.01187	0.01179	0.00727	0.76630	0.06717	0.03588	0.00978	0.00968	0.00695	0.00469	0.00388	0.00117	0.00418	0.00355	0.00390	0.00657
43	0.00803	0.00787	0.01357	0.65038	0.05785	0.02471	0.14031	0.03103	0.00834	0.01077	0.00710	0.01024	0.00535	0.00378	0.00398	0.00128	0.00537	0.00361	0.00183	0.00459
44	0.00915	0.01046	0.02288	0.01634	0.02026	0.00980	0.82549	0.01242	0.00915	0.01242	0.00784	0.01046	0.00588	0.00327	0.00458	0.00131	0.00654	0.00458	0.00196	0.00523
45	0.00741	0.00699	0.01180	0.82028	0.06013	0.00864	0.01081	0.00999	0.00780	0.01002	0.00691	0.01031	0.00521	0.00386	0.00387	0.00129	0.00514	0.00345	0.00173	0.00438
46	0.13348	0.00751	0.00784	0.00602	0.00904	0.04426	0.00479	0.04482	0.02400	0.04091	0.00820	0.04292	0.01753	0.00367	0.00304	0.00079	0.00312	0.00285	0.00255	0.59267
47	0.00834	0.02559	0.01044	0.06267	0.16301	0.00775	0.06698	0.02624	0.26239	0.02441	0.02650	0.10682	0.03338	0.02473	0.00462	0.00142	0.00374	0.13279	0.00312	0.00504
48	0.00633	0.00357	0.00510	0.00510	0.00522	0.00369	0.00343	0.00548	0.00536	0.00726	0.00836	0.01486	0.00858	0.17182	0.15749	0.57583	0.00463	0.00392	0.00187	0.00211
49	0.02425	0.00650	0.00906	0.00813	0.00964	0.05935	0.13908	0.02954	0.00907	0.03642	0.06739	0.12272	0.10136	0.04283	0.00560	0.00158	0.02963	0.29070	0.00317	0.00398
50	0.03154	0.00980	0.05369	0.03728	0.52613	0.03471	0.12945	0.02825	0.00882	0.01253	0.00779	0.04190	0.00669	0.00428	0.01502	0.00128	0.03936	0.00382	0.00202	0.00564
51	0.00873	0.00797	0.00937	0.02832	0.09114	0.11347	0.00684	0.03391	0.03756	0.04895	0.01057	0.05004	0.04364	0.04992	0.21363	0.00268	0.21268	0.02389	0.00237	0.00433
52	0.00999	0.01069	0.01435	0.16380	0.33723	0.18714	0.12535	0.01234	0.02913	0.01143	0.00778	0.02545	0.00657	0.00405	0.00407	0.00120	0.01827	0.02393	0.00202	0.00519
53	0.00987	0.00947	0.01537	0.04020	0.77027	0.03205	0.01159	0.04141	0.00920	0.01295	0.00732	0.00953	0.00611	0.00352	0.00383	0.00115	0.00467	0.00343	0.00199	0.00607
54	0.03008	0.00905	0.05629	0.07758	0.11942	0.10746	0.02879	0.07795	0.03673	0.16915	0.05969	0.12655	0.02820	0.00575	0.00439	0.00126	0.03901	0.01444	0.00308	0.00512
55	0.02253	0.03565	0.04515	0.06194	0.33066	0.00768	0.09948	0.01087	0.02192	0.06580	0.06407	0.13022	0.04183	0.00556	0.00422	0.00127	0.01260	0.03085	0.00261	0.00511
56	0.01860	0.03391	0.11393	0.11950	0.24629	0.07156	0.12160	0.07139	0.03718	0.08192	0.01796	0.02234	0.00683	0.00403	0.00400	0.00120	0.01620	0.00364	0.00237	0.00554
57	0.00965	0.05129	0.22180	0.05873	0.11737	0.06725	0.08156	0.05919	0.04521	0.08837	0.01119	0.06975	0.04691	0.00504	0.00410	0.00125	0.01813	0.03537	0.00255	0.00529
58	0.02787	0.04543	0.09574	0.03816	0.06997	0.08691	0.03858	0.10269	0.02303	0.11887	0.05295	0.15494	0.05936	0.00626	0.00407	0.00126	0.00400	0.04799	0.00309	0.01883
59	0.10225	0.09660	0.29039	0.01042	0.07866	0.11690	0.06194	0.04044	0.04319	0.06518	0.01879	0.02955	0.02099	0.00416	0.00357	0.00117	0.00490	0.00330	0.00229	0.00531
