[name]
unknown

[dist]
# distance from previous block
# <min> <max>
0	118

[block]
# block no. 0 follows, 61 sequences, length 42
# corresponding to MSA columns:
# 121-162
name=unknown_A
#
# <colnr> <probs for GDERKNQSTAVLIFYWHMCP>
#	G	D	E	R	K	N	Q	S	T	A	V	L	I	F	Y	W	H	M	C	P
0	0.11106	0.08404	0.08368	0.02387	0.05964	0.01868	0.04506	0.11417	0.01058	0.06670	0.00928	0.02664	0.00764	0.00446	0.00373	0.00111	0.00426	0.03772	0.00287	0.28482
1	0.01071	0.05289	0.09771	0.00879	0.02584	0.02056	0.00755	0.20734	0.04346	0.05750	0.06943	0.01608	0.05068	0.09860	0.08416	0.00220	0.11034	0.00462	0.02614	0.00541
2	0.00713	0.00787	0.10978	0.00698	0.00901	0.02649	0.03087	0.00993	0.07462	0.02562	0.26601	0.04103	0.29156	0.03502	0.00575	0.00151	0.03549	0.00702	0.00377	0.00452
3	0.00944	0.00839	0.00967	0.00748	0.03633	0.03675	0.01818	0.02622	0.02342	0.01422	0.00787	0.00914	0.00650	0.00335	0.00332	0.00072	0.00352	0.00271	0.00259	0.77019
4	0.00549	0.00393	0.00521	0.00584	0.00630	0.00366	0.00402	0.00659	0.00935	0.01275	0.24665	0.61789	0.03189	0.01218	0.00538	0.00164	0.00237	0.01100	0.00421	0.00366
5	0.00601	0.00445	0.00522	0.00502	0.00628	0.00392	0.00377	0.00755	0.01098	0.03890	0.41193	0.06173	0.39901	0.00982	0.00508	0.00141	0.00217	0.00843	0.00439	0.00395
6	0.04319	0.00675	0.00896	0.00714	0.00997	0.00597	0.00580	0.01822	0.01186	0.64286	0.10717	0.05272	0.01465	0.00603	0.00437	0.00134	0.00336	0.00499	0.03809	0.00659
7	0.01509	0.01093	0.01183	0.00942	0.01259	0.01208	0.00767	0.53307	0.23306	0.08894	0.01281	0.01223	0.00916	0.00536	0.00433	0.00134	0.00430	0.00418	0.00441	0.00719
8	0.00517	0.00437	0.00447	0.00444	0.00587	0.00367	0.00333	0.00633	0.01000	0.01207	0.10325	0.04074	0.76012	0.01075	0.00509	0.00145	0.00217	0.00899	0.00406	0.00367
9	0.01152	0.85121	0.02257	0.00737	0.01106	0.01704	0.00737	0.01290	0.00875	0.01013	0.00599	0.00691	0.00553	0.00369	0.00276	0.00092	0.00461	0.00230	0.00184	0.00553
10	0.00566	0.00437	0.00516	0.00499	0.00617	0.00387	0.00373	0.00726	0.01110	0.01476	0.47535	0.05639	0.36604	0.00980	0.00510	0.00141	0.00211	0.00845	0.00441	0.00387
11	0.87904	0.00833	0.00633	0.00566	0.00833	0.00966	0.00467	0.01266	0.00733	0.01933	0.00600	0.00700	0.00467	0.00400	0.00267	0.00133	0.00333	0.00233	0.00267	0.00467
12	0.01071	0.00925	0.00974	0.00877	0.01120	0.01071	0.00682	0.02289	0.81396	0.01802	0.01753	0.01607	0.01315	0.00584	0.00438	0.00146	0.00341	0.00487	0.00438	0.00682
13	0.01101	0.00940	0.00991	0.00883	0.01131	0.01085	0.00689	0.06416	0.77220	0.01850	0.01715	0.01577	0.01284	0.00581	0.00438	0.00145	0.00348	0.00482	0.00438	0.00684
14	0.01637	0.01207	0.01293	0.00991	0.01336	0.01336	0.00819	0.80738	0.02025	0.02715	0.01034	0.01034	0.00733	0.00517	0.00431	0.00129	0.00474	0.00388	0.00431	0.00733
15	0.01508	0.01000	0.01115	0.00900	0.01207	0.01083	0.00729	0.35409	0.29433	0.20714	0.01437	0.01333	0.01012	0.00544	0.00434	0.00136	0.00403	0.00433	0.00457	0.00715
16	0.00813	0.00766	0.01292	0.83826	0.02967	0.00957	0.01196	0.01101	0.00861	0.01101	0.00766	0.01148	0.00574	0.00431	0.00431	0.00144	0.00574	0.00383	0.00191	0.00479
17	0.01317	0.00590	0.00783	0.00648	0.00870	0.00525	0.00516	0.01501	0.01200	0.43931	0.33314	0.02168	0.02252	0.00668	0.00452	0.00131	0.00288	0.00567	0.07702	0.00577
18	0.00510	0.00434	0.00438	0.00442	0.00583	0.00363	0.00330	0.00618	0.00977	0.01162	0.04298	0.06815	0.79373	0.01100	0.00510	0.00146	0.00219	0.00920	0.00400	0.00363
19	0.00540	0.00390	0.00502	0.00584	0.00623	0.00364	0.00398	0.00619	0.00834	0.01097	0.02490	0.66546	0.10484	0.07411	0.00668	0.00191	0.00267	0.05256	0.00390	0.00347
20	0.00626	0.00418	0.00470	0.00470	0.00470	0.00418	0.00261	0.00626	0.00626	0.00835	0.01357	0.02819	0.01566	0.84862	0.02192	0.00418	0.00418	0.00626	0.00261	0.00261
21	0.01514	0.13312	0.01350	0.04063	0.01333	0.45663	0.00808	0.13944	0.05629	0.07208	0.00851	0.00913	0.00661	0.00458	0.00387	0.00116	0.00625	0.00314	0.00282	0.00569
22	0.00974	0.02000	0.05137	0.26561	0.36652	0.00953	0.08158	0.01245	0.00944	0.04618	0.00973	0.02272	0.02504	0.00528	0.02766	0.00153	0.00554	0.02193	0.00229	0.00585
23	0.02224	0.13388	0.11979	0.01055	0.06410	0.05699	0.11274	0.02725	0.02325	0.01217	0.01274	0.20577	0.02325	0.03669	0.06156	0.01417	0.02879	0.02646	0.00267	0.00495
24	0.82211	0.00837	0.00664	0.00585	0.00856	0.00960	0.00482	0.03091	0.00784	0.05465	0.00658	0.00741	0.00499	0.00408	0.00278	0.00133	0.00338	0.00245	0.00282	0.00484
25	0.01072	0.01337	0.14172	0.03511	0.07129	0.07598	0.41921	0.07950	0.04373	0.01473	0.02226	0.01212	0.03054	0.00430	0.00467	0.00139	0.00640	0.00455	0.00248	0.00595
26	0.00890	0.08967	0.73041	0.01184	0.01775	0.01070	0.01498	0.01346	0.00897	0.01323	0.00751	0.00893	0.00547	0.00419	0.00436	0.00135	0.03710	0.00313	0.00182	0.00624
27	0.00571	0.00437	0.00523	0.00506	0.00621	0.00389	0.00378	0.00736	0.01121	0.01504	0.51378	0.06115	0.32217	0.00971	0.00510	0.00140	0.00210	0.00840	0.00445	0.00389
28	0.01743	0.00894	0.03169	0.00835	0.01167	0.00841	0.00700	0.20256	0.08593	0.53544	0.01522	0.01367	0.00999	0.00530	0.00431	0.00133	0.00394	0.00424	0.01736	0.00721
29	0.01121	0.01072	0.01679	0.05157	0.70463	0.04626	0.01262	0.06789	0.01059	0.01472	0.00818	0.01054	0.00677	0.00397	0.00425	0.00128	0.00523	0.00379	0.00228	0.00671
30	0.00903	0.00884	0.01248	0.03050	0.01134	0.01223	0.00903	0.01008	0.00668	0.01034	0.00636	0.01032	0.00623	0.01025	0.10592	0.00244	0.72752	0.00387	0.00193	0.00462
31	0.01017	0.01162	0.02542	0.01816	0.02251	0.01089	0.80610	0.01380	0.01017	0.01380	0.00871	0.01162	0.00654	0.00363	0.00508	0.00145	0.00726	0.00508	0.00218	0.00581
32	0.00517	0.00437	0.00447	0.00445	0.00587	0.00367	0.00333	0.00633	0.01000	0.01207	0.10385	0.04074	0.75951	0.01075	0.00509	0.00145	0.00217	0.00899	0.00406	0.00367
33	0.00864	0.02228	0.82630	0.01228	0.01864	0.01000	0.01592	0.01364	0.00909	0.01364	0.00773	0.00909	0.00546	0.00409	0.00409	0.00136	0.00637	0.00318	0.00182	0.00637
34	0.00615	0.00462	0.00692	0.00692	0.00769	0.00538	0.00538	0.00769	0.00692	0.01000	0.01154	0.01692	0.01077	0.03231	0.83154	0.00692	0.01154	0.00462	0.00231	0.00385
35	0.01620	0.01198	0.01283	0.00988	0.01329	0.01328	0.00815	0.78365	0.04426	0.02687	0.01056	0.01052	0.00750	0.00519	0.00431	0.00130	0.00470	0.00391	0.00431	0.00731
36	0.01071	0.00925	0.00974	0.00877	0.01120	0.01071	0.00682	0.02289	0.81396	0.01802	0.01753	0.01607	0.01315	0.00584	0.00438	0.00146	0.00341	0.00487	0.00438	0.00682
37	0.01423	0.01096	0.01173	0.00937	0.01252	0.01214	0.00760	0.52199	0.26600	0.02362	0.01243	0.01205	0.00908	0.00528	0.00427	0.00131	0.00425	0.00412	0.00424	0.05282
38	0.01868	0.00765	0.01029	0.00795	0.01112	0.00700	0.00657	0.05475	0.01237	0.74708	0.01611	0.01420	0.01025	0.00544	0.00485	0.00136	0.04775	0.00428	0.00511	0.00719
39	0.01471	0.01251	0.01413	0.08545	0.03221	0.11657	0.09380	0.50087	0.03850	0.03398	0.00971	0.01048	0.00707	0.00483	0.00434	0.00130	0.00544	0.00390	0.00357	0.00662
40	0.00970	0.03685	0.27462	0.03231	0.20394	0.00982	0.03384	0.05823	0.13043	0.01513	0.05505	0.04242	0.01010	0.00506	0.00449	0.00136	0.02553	0.00430	0.04067	0.00615
41	0.14165	0.09882	0.14247	0.00939	0.01293	0.01006	0.08027	0.05781	0.08760	0.24340	0.01105	0.01139	0.00791	0.01729	0.00473	0.00139	0.04855	0.00374	0.00336	0.00620

[dist]
# distance from previous block
# <min> <max>
3	85

[block]
# block no. 1 follows, 61 sequences, length 17
# corresponding to MSA columns:
# 248-264
name=unknown_B
#
# <colnr> <probs for GDERKNQSTAVLIFYWHMCP>
#	G	D	E	R	K	N	Q	S	T	A	V	L	I	F	Y	W	H	M	C	P
0	0.03701	0.09769	0.08474	0.07188	0.09648	0.12165	0.05137	0.15538	0.01126	0.02342	0.00876	0.03635	0.00747	0.05360	0.00539	0.00139	0.03740	0.00378	0.00263	0.09235
1	0.04344	0.04874	0.19762	0.01234	0.10621	0.05093	0.10616	0.10037	0.07986	0.07384	0.00948	0.01045	0.00709	0.00423	0.00405	0.00123	0.00513	0.00361	0.00280	0.13243
2	0.01056	0.05118	0.03833	0.00982	0.05491	0.02998	0.10586	0.05944	0.08317	0.06484	0.02189	0.01226	0.02577	0.00438	0.00409	0.00106	0.01978	0.02169	0.00294	0.37805
3	0.00547	0.00467	0.00499	0.00486	0.00612	0.00428	0.00365	0.00653	0.00951	0.01160	0.07166	0.03832	0.69073	0.05922	0.00663	0.00163	0.05412	0.00854	0.00382	0.00366
4	0.00611	0.00424	0.00506	0.00512	0.00535	0.00430	0.00319	0.00648	0.00673	0.00900	0.01584	0.07467	0.06949	0.61017	0.15261	0.00430	0.00515	0.00653	0.00273	0.00293
5	0.01455	0.01116	0.01190	0.00954	0.01266	0.01250	0.00775	0.55403	0.27658	0.02420	0.01266	0.01219	0.00921	0.00539	0.00433	0.00135	0.00431	0.00420	0.00433	0.00716
6	0.06060	0.00910	0.01101	0.00850	0.01182	0.04687	0.03463	0.17593	0.01347	0.53410	0.01406	0.01281	0.00918	0.00506	0.00421	0.00130	0.00417	0.00404	0.00465	0.03450
7	0.00837	0.02040	0.74006	0.01156	0.01736	0.00938	0.01467	0.01306	0.00942	0.01402	0.09304	0.01152	0.00915	0.00459	0.00420	0.00136	0.00591	0.00367	0.00213	0.00612
8	0.87904	0.00833	0.00633	0.00566	0.00833	0.00966	0.00467	0.01266	0.00733	0.01933	0.00600	0.00700	0.00467	0.00400	0.00267	0.00133	0.00333	0.00233	0.00267	0.00467
9	0.00567	0.00452	0.00511	0.00514	0.00635	0.00409	0.00387	0.00731	0.03484	0.01283	0.19290	0.08778	0.48302	0.04343	0.03000	0.00175	0.00268	0.06085	0.00405	0.00380
10	0.01600	0.00948	0.08326	0.00974	0.06813	0.00811	0.00793	0.09752	0.10978	0.49050	0.01517	0.01484	0.01041	0.00540	0.00437	0.00137	0.00409	0.03235	0.00453	0.00703
11	0.00520	0.00429	0.00456	0.00465	0.00592	0.00366	0.00343	0.00632	0.00983	0.01204	0.10697	0.13773	0.65845	0.01104	0.00514	0.00148	0.00221	0.00936	0.00406	0.00366
12	0.01097	0.05533	0.24819	0.08043	0.15478	0.01100	0.03460	0.18312	0.12270	0.01673	0.01011	0.03533	0.00789	0.00478	0.00423	0.00135	0.00517	0.00401	0.00284	0.00644
13	0.01020	0.01094	0.24044	0.00912	0.01264	0.00691	0.09125	0.01285	0.01022	0.20459	0.07233	0.10065	0.15546	0.00676	0.00460	0.00139	0.00430	0.00588	0.00351	0.03598
14	0.04582	0.01385	0.02416	0.01022	0.01308	0.26591	0.04741	0.26161	0.22076	0.03757	0.01093	0.01105	0.00819	0.00499	0.00417	0.00129	0.00541	0.00380	0.00350	0.00629
15	0.01142	0.30369	0.23775	0.01072	0.07410	0.05310	0.02219	0.10856	0.01057	0.04220	0.00787	0.00901	0.00623	0.00494	0.02921	0.00131	0.00544	0.00307	0.00235	0.05627
16	0.01001	0.19747	0.02577	0.00819	0.00992	0.18526	0.00669	0.03622	0.00900	0.01078	0.01028	0.11192	0.01035	0.07399	0.20412	0.00283	0.07559	0.00462	0.00243	0.00456

[dist]
# distance from previous block
# <min> <max>
6	44

[block]
# block no. 2 follows, 61 sequences, length 39
# corresponding to MSA columns:
# 309-347
name=unknown_C
#
# <colnr> <probs for GDERKNQSTAVLIFYWHMCP>
#	G	D	E	R	K	N	Q	S	T	A	V	L	I	F	Y	W	H	M	C	P
0	0.39772	0.08812	0.11923	0.04443	0.07159	0.02845	0.02929	0.03185	0.02000	0.04802	0.05674	0.00997	0.00776	0.00447	0.00372	0.00131	0.02610	0.00322	0.00266	0.00534
1	0.00941	0.00776	0.00907	0.00651	0.01031	0.00596	0.00522	0.03202	0.00932	0.03660	0.00798	0.00913	0.00652	0.00330	0.00325	0.00067	0.00324	0.00264	0.00267	0.82840
2	0.01098	0.00938	0.00989	0.00882	0.01130	0.01084	0.00688	0.05942	0.77701	0.01844	0.01720	0.01580	0.01288	0.00581	0.00438	0.00145	0.00347	0.00482	0.00438	0.00684
3	0.00524	0.00376	0.00498	0.00596	0.00624	0.00350	0.00398	0.00600	0.00829	0.01101	0.02425	0.82514	0.04882	0.01343	0.00549	0.00174	0.00249	0.01216	0.00400	0.00350
4	0.00953	0.00886	0.02954	0.36432	0.12254	0.03334	0.02872	0.10048	0.09192	0.01436	0.04302	0.05307	0.05838	0.00549	0.00442	0.00140	0.00486	0.00479	0.01554	0.00543
5	0.00625	0.00424	0.00500	0.00500	0.00510	0.00434	0.00298	0.00646	0.00635	0.00857	0.01330	0.02667	0.01500	0.73891	0.13073	0.00455	0.00517	0.00604	0.00257	0.00278
6	0.00893	0.00766	0.00893	0.00638	0.01021	0.00574	0.00510	0.01085	0.00893	0.01404	0.00766	0.00893	0.00638	0.00319	0.00319	0.00064	0.00319	0.00255	0.00255	0.87495
7	0.07030	0.01146	0.01767	0.13060	0.23428	0.11623	0.26833	0.01337	0.00966	0.01319	0.00773	0.01037	0.00618	0.00420	0.00511	0.00138	0.06813	0.00399	0.00215	0.00568
8	0.01001	0.06561	0.01057	0.00700	0.01079	0.00676	0.03543	0.01193	0.00924	0.08012	0.00835	0.00936	0.00668	0.00342	0.00333	0.00074	0.00348	0.00278	0.00272	0.71169
9	0.87904	0.00833	0.00633	0.00566	0.00833	0.00966	0.00467	0.01266	0.00733	0.01933	0.00600	0.00700	0.00467	0.00400	0.00267	0.00133	0.00333	0.00233	0.00267	0.00467
10	0.00770	0.00419	0.00643	0.00704	0.06156	0.00419	0.00439	0.00613	0.00590	0.00793	0.00752	0.01293	0.00744	0.01420	0.01597	0.81479	0.00384	0.00375	0.00189	0.00221
11	0.00615	0.00449	0.00557	0.00526	0.00638	0.00412	0.00395	0.01895	0.01180	0.01645	0.65187	0.03278	0.16579	0.00896	0.00499	0.00136	0.00209	0.00781	0.03720	0.00404
12	0.00880	0.03552	0.75481	0.01262	0.01880	0.01019	0.07290	0.01364	0.00917	0.01359	0.00777	0.00924	0.00554	0.00405	0.00414	0.00136	0.00640	0.00331	0.00185	0.00631
13	0.00758	0.00408	0.00418	0.00415	0.00521	0.00398	0.00311	0.00949	0.00934	0.01567	0.07435	0.01994	0.10032	0.00592	0.00338	0.00108	0.00203	0.00483	0.71740	0.00398
14	0.01087	0.13659	0.01280	0.07719	0.14331	0.24542	0.00838	0.01259	0.01028	0.01199	0.04995	0.01850	0.06640	0.00612	0.00450	0.00132	0.02535	0.12731	0.02608	0.00502
15	0.00885	0.00756	0.00884	0.00635	0.01010	0.00569	0.00507	0.01077	0.00903	0.01413	0.03141	0.00961	0.00738	0.00335	0.00325	0.00066	0.00316	0.00271	0.00262	0.84947
16	0.00845	0.00688	0.03146	0.00719	0.00894	0.02860	0.02490	0.06711	0.11905	0.05072	0.16374	0.09954	0.16362	0.01843	0.00514	0.00154	0.00333	0.14782	0.03876	0.00478
17	0.06109	0.01283	0.01279	0.01164	0.06354	0.25060	0.03902	0.10120	0.04992	0.03997	0.00808	0.02720	0.00687	0.00577	0.00748	0.00147	0.28880	0.00372	0.00260	0.00542
18	0.00526	0.00431	0.00463	0.00468	0.00595	0.00369	0.00346	0.00646	0.01003	0.01243	0.15898	0.11602	0.62749	0.01084	0.00513	0.00147	0.00219	0.00919	0.00411	0.00369
19	0.00524	0.00379	0.00495	0.00589	0.00622	0.00351	0.00395	0.00601	0.00835	0.01104	0.02511	0.79066	0.08275	0.01332	0.00547	0.00173	0.00248	0.01203	0.00400	0.00351
20	0.04789	0.03125	0.09353	0.00801	0.01129	0.00799	0.00717	0.13628	0.04910	0.40658	0.08084	0.01643	0.07269	0.00581	0.00432	0.00134	0.00386	0.00468	0.00443	0.00652
21	0.01458	0.05707	0.01260	0.01078	0.01271	0.65026	0.00830	0.01570	0.01108	0.01048	0.00670	0.00833	0.00578	0.00598	0.03977	0.00145	0.11839	0.00296	0.00216	0.00493
22	0.04780	0.00532	0.00678	0.00594	0.00765	0.00486	0.00462	0.01150	0.01186	0.22378	0.52789	0.02719	0.08192	0.00784	0.00478	0.00135	0.00252	0.00675	0.00475	0.00490
23	0.00621	0.00536	0.04305	0.00584	0.00712	0.00453	0.00464	0.00859	0.04863	0.01575	0.56137	0.13224	0.12183	0.00927	0.00506	0.00142	0.00237	0.00814	0.00442	0.00418
24	0.01059	0.01291	0.14939	0.01702	0.07003	0.01040	0.57890	0.01423	0.01013	0.06939	0.00909	0.01137	0.00667	0.00383	0.00483	0.00142	0.00674	0.00466	0.00234	0.00606
25	0.00803	0.00401	0.00401	0.00401	0.00502	0.00401	0.00301	0.01004	0.00903	0.01606	0.01405	0.01606	0.01104	0.00502	0.00301	0.00100	0.00201	0.00401	0.87253	0.00401
26	0.00563	0.00392	0.00492	0.00553	0.00572	0.00375	0.00352	0.00617	0.00772	0.01033	0.05144	0.53280	0.02456	0.30043	0.01113	0.00257	0.00306	0.01001	0.00355	0.00322
27	0.16681	0.00717	0.00862	0.00695	0.00976	0.00680	0.00566	0.04793	0.02014	0.49580	0.12080	0.01687	0.05640	0.00585	0.00418	0.00134	0.00335	0.00467	0.00467	0.00624
28	0.01509	0.00838	0.04118	0.04193	0.06972	0.00783	0.00749	0.08794	0.03848	0.45595	0.05246	0.03299	0.03326	0.00578	0.00504	0.00138	0.06125	0.00463	0.02267	0.00656
29	0.01025	0.00771	0.00707	0.00647	0.00814	0.10453	0.00496	0.05063	0.19639	0.04564	0.07633	0.01601	0.01298	0.00545	0.00370	0.00117	0.00320	0.00436	0.42993	0.00505
30	0.00581	0.00416	0.00518	0.00575	0.00634	0.00396	0.00404	0.00707	0.02775	0.01186	0.07842	0.47651	0.12500	0.08530	0.02179	0.00196	0.00284	0.06781	0.05483	0.00363
31	0.04865	0.00858	0.07656	0.00798	0.06156	0.08680	0.01983	0.04590	0.01065	0.03480	0.11592	0.04764	0.38745	0.00823	0.00469	0.00139	0.00359	0.02158	0.00356	0.00461
32	0.01262	0.01036	0.01168	0.02601	0.06771	0.05040	0.03800	0.36601	0.19712	0.01987	0.01343	0.06173	0.03218	0.06615	0.00568	0.00157	0.00449	0.00488	0.00380	0.00630
33	0.00564	0.00414	0.00534	0.00610	0.00667	0.00391	0.00435	0.00696	0.02990	0.01191	0.08148	0.59082	0.10828	0.01251	0.00545	0.00171	0.00263	0.10443	0.00406	0.00369
34	0.01140	0.15287	0.22697	0.12584	0.01614	0.16999	0.02950	0.05220	0.01000	0.05693	0.00789	0.00964	0.00617	0.00560	0.02648	0.04117	0.04016	0.00328	0.00225	0.00549
35	0.01104	0.02928	0.08842	0.07914	0.30196	0.08302	0.01033	0.08031	0.08238	0.05216	0.01218	0.04426	0.06262	0.00529	0.00470	0.00135	0.03825	0.00443	0.00281	0.00608
36	0.00631	0.00503	0.00621	0.00677	0.05793	0.00473	0.00458	0.02321	0.05496	0.01404	0.27404	0.20121	0.30497	0.00996	0.00507	0.00147	0.00250	0.00868	0.00414	0.00419
37	0.01581	0.02060	0.04330	0.01114	0.01352	0.79996	0.00861	0.01706	0.01209	0.01066	0.00670	0.00782	0.00555	0.00443	0.00389	0.00112	0.00771	0.00279	0.00220	0.00505
38	0.09386	0.09155	0.08592	0.01318	0.16590	0.02564	0.11486	0.10107	0.04501	0.05885	0.03253	0.03206	0.04564	0.00513	0.00492	0.00136	0.06954	0.00425	0.00283	0.00590

[dist]
# distance from previous block
# <min> <max>
1	24

[block]
# block no. 3 follows, 61 sequences, length 29
# corresponding to MSA columns:
# 372-400
name=unknown_D
#
# <colnr> <probs for GDERKNQSTAVLIFYWHMCP>
#	G	D	E	R	K	N	Q	S	T	A	V	L	I	F	Y	W	H	M	C	P
0	0.00998	0.00754	0.00940	0.00938	0.12040	0.03622	0.00632	0.01206	0.03778	0.13017	0.09083	0.08315	0.10883	0.00614	0.00454	0.00117	0.03307	0.00516	0.00341	0.28443
1	0.00909	0.00789	0.01120	0.01218	0.23364	0.00681	0.03263	0.01109	0.00933	0.03106	0.03049	0.09545	0.03934	0.00488	0.00392	0.00101	0.00373	0.00436	0.00273	0.44917
2	0.00614	0.00456	0.00672	0.00675	0.00745	0.00525	0.00516	0.00755	0.00691	0.00992	0.01200	0.03991	0.01157	0.08604	0.75559	0.00660	0.01081	0.00493	0.00237	0.00375
3	0.00959	0.00980	0.05303	0.23758	0.40688	0.00977	0.07714	0.03272	0.00978	0.01351	0.04238	0.01282	0.03661	0.00453	0.00464	0.00136	0.02540	0.00425	0.00229	0.00592
4	0.00571	0.00436	0.00525	0.00509	0.00622	0.00389	0.00379	0.00736	0.01120	0.01506	0.51765	0.07520	0.30406	0.00975	0.00510	0.00141	0.00211	0.00845	0.00445	0.00389
5	0.02430	0.02220	0.01392	0.06395	0.34496	0.00984	0.04488	0.05678	0.14427	0.08164	0.01222	0.04197	0.03835	0.00585	0.02393	0.00152	0.05560	0.00456	0.00300	0.00625
6	0.04304	0.00684	0.00751	0.00630	0.00847	0.02533	0.00503	0.13163	0.03022	0.25782	0.01401	0.01430	0.01008	0.00510	0.00363	0.00117	0.00311	0.00402	0.41680	0.00560
7	0.00537	0.00441	0.00477	0.00489	0.00622	0.00381	0.00376	0.00662	0.00994	0.01215	0.09592	0.07150	0.64695	0.01097	0.00520	0.00152	0.00238	0.09587	0.00405	0.00370
8	0.87904	0.00833	0.00633	0.00566	0.00833	0.00966	0.00467	0.01266	0.00733	0.01933	0.00600	0.00700	0.00467	0.00400	0.00267	0.00133	0.00333	0.00233	0.00267	0.00467
9	0.00534	0.00437	0.00471	0.00463	0.00597	0.00374	0.00347	0.00666	0.01041	0.01303	0.23594	0.03916	0.62682	0.01039	0.00509	0.00143	0.00214	0.00877	0.00418	0.00374
10	0.01774	0.00769	0.00995	0.00787	0.01103	0.00714	0.00642	0.02134	0.16020	0.67592	0.01709	0.01492	0.01112	0.00543	0.00434	0.00136	0.00362	0.00443	0.00516	0.00724
11	0.01610	0.02016	0.01224	0.01105	0.01332	0.79595	0.00832	0.05137	0.01255	0.01126	0.00682	0.00788	0.00563	0.00447	0.00390	0.00112	0.00764	0.00282	0.00231	0.00509
12	0.00694	0.00496	0.00694	0.00793	0.00892	0.00496	0.00694	0.00892	0.00992	0.01289	0.02281	0.04859	0.02479	0.01190	0.00595	0.00198	0.00397	0.79275	0.00397	0.00397
13	0.00813	0.00766	0.01292	0.83826	0.02967	0.00957	0.01196	0.01101	0.00861	0.01101	0.00766	0.01148	0.00574	0.00431	0.00431	0.00144	0.00574	0.00383	0.00191	0.00479
14	0.00864	0.02228	0.82630	0.01228	0.01864	0.01000	0.01592	0.01364	0.00909	0.01364	0.00773	0.00909	0.00546	0.00409	0.00409	0.00136	0.00637	0.00318	0.00182	0.00637
15	0.01071	0.00925	0.00974	0.00877	0.01120	0.01071	0.00682	0.02289	0.81396	0.01802	0.01753	0.01607	0.01315	0.00584	0.00438	0.00146	0.00341	0.00487	0.00438	0.00682
16	0.01037	0.00893	0.00944	0.00856	0.01091	0.01025	0.00668	0.02179	0.75733	0.01761	0.01875	0.01807	0.04645	0.00623	0.00446	0.00148	0.00338	0.02835	0.00436	0.00660
17	0.00532	0.00421	0.00477	0.00505	0.00608	0.00369	0.00366	0.00642	0.00956	0.01202	0.11836	0.27099	0.47286	0.02685	0.00554	0.00159	0.00235	0.03299	0.00405	0.00363
18	0.00594	0.00435	0.00557	0.00536	0.00636	0.00398	0.00398	0.00779	0.01168	0.01628	0.68823	0.09235	0.11334	0.00935	0.00511	0.00139	0.00208	0.00824	0.00462	0.00398
19	0.00748	0.00374	0.00561	0.00561	0.00561	0.00374	0.00374	0.00561	0.00561	0.00748	0.00748	0.01309	0.00748	0.01496	0.01684	0.87467	0.00374	0.00374	0.00187	0.00187
20	0.01551	0.09488	0.01375	0.00966	0.01296	0.02651	0.00808	0.67987	0.01839	0.02445	0.00993	0.02336	0.00741	0.00522	0.00446	0.00128	0.02954	0.00384	0.00396	0.00697
21	0.01007	0.00955	0.01594	0.25519	0.50548	0.01034	0.02863	0.04057	0.00966	0.01345	0.00793	0.01083	0.00646	0.00423	0.00486	0.00136	0.05333	0.00386	0.00213	0.00612
22	0.01111	0.01138	0.08765	0.12783	0.50251	0.03875	0.01231	0.08452	0.03148	0.03848	0.00867	0.01076	0.00684	0.00416	0.00425	0.00131	0.00528	0.00379	0.00243	0.00651
23	0.01102	0.00941	0.00991	0.00883	0.01132	0.01086	0.00689	0.06582	0.77052	0.01852	0.01714	0.01576	0.01283	0.00581	0.00438	0.00145	0.00348	0.00482	0.00438	0.00685
24	0.87904	0.00833	0.00633	0.00566	0.00833	0.00966	0.00467	0.01266	0.00733	0.01933	0.00600	0.00700	0.00467	0.00400	0.00267	0.00133	0.00333	0.00233	0.00267	0.00467
25	0.00906	0.00848	0.05276	0.11688	0.40029	0.00801	0.01018	0.01130	0.00934	0.04016	0.01297	0.16075	0.02428	0.02443	0.00495	0.00149	0.00449	0.06179	0.03285	0.00555
26	0.01011	0.00781	0.00915	0.00673	0.01034	0.00627	0.00538	0.07156	0.01001	0.07452	0.00920	0.04364	0.00767	0.00392	0.00345	0.00078	0.00331	0.00318	0.00295	0.71002
27	0.00544	0.00407	0.00514	0.00558	0.00629	0.00377	0.00395	0.00656	0.00925	0.01226	0.17781	0.45044	0.20886	0.01337	0.06442	0.00198	0.00299	0.01014	0.00402	0.00366
28	0.00979	0.00773	0.00852	0.00748	0.00909	0.06948	0.00590	0.17520	0.01211	0.04938	0.24895	0.02034	0.07397	0.01223	0.17224	0.00248	0.06676	0.00546	0.03799	0.00492

[dist]
# distance from previous block
# <min> <max>
0	1

[block]
# block no. 4 follows, 61 sequences, length 19
# corresponding to MSA columns:
# 402-420
name=unknown_E
#
# <colnr> <probs for GDERKNQSTAVLIFYWHMCP>
#	G	D	E	R	K	N	Q	S	T	A	V	L	I	F	Y	W	H	M	C	P
0	0.07424	0.05355	0.00956	0.02231	0.01008	0.21364	0.00649	0.03949	0.00898	0.02361	0.00938	0.01270	0.00833	0.01881	0.43020	0.00414	0.02879	0.00377	0.00239	0.01955
1	0.81309	0.00825	0.00661	0.00582	0.00853	0.00941	0.00479	0.01330	0.00771	0.08111	0.00684	0.00759	0.00513	0.00410	0.00279	0.00133	0.00336	0.00249	0.00287	0.00487
2	0.00510	0.00432	0.00441	0.00449	0.00585	0.00363	0.00333	0.00617	0.00970	0.01159	0.04211	0.10311	0.75932	0.01111	0.00512	0.00148	0.00221	0.00933	0.00400	0.00363
3	0.00708	0.00525	0.00634	0.00595	0.00720	0.00528	0.00449	0.01095	0.16042	0.01714	0.58698	0.05055	0.03294	0.00810	0.00480	0.00136	0.00230	0.00708	0.07123	0.00456
4	0.00748	0.00374	0.00561	0.00561	0.00561	0.00374	0.00374	0.00561	0.00561	0.00748	0.00748	0.01309	0.00748	0.01496	0.01684	0.87467	0.00374	0.00374	0.00187	0.00187
5	0.01498	0.01724	0.01176	0.01048	0.01287	0.57009	0.00799	0.10272	0.18302	0.01390	0.00936	0.00980	0.00735	0.00481	0.00404	0.00120	0.00652	0.00334	0.00290	0.00563
6	0.01152	0.85121	0.02257	0.00737	0.01106	0.01704	0.00737	0.01290	0.00875	0.01013	0.00599	0.00691	0.00553	0.00369	0.00276	0.00092	0.00461	0.00230	0.00184	0.00553
7	0.01109	0.00898	0.00964	0.00856	0.01100	0.01021	0.00669	0.04651	0.70370	0.06034	0.06094	0.01670	0.01433	0.00596	0.00442	0.00144	0.00339	0.00497	0.00445	0.00671
8	0.00813	0.00766	0.01292	0.83826	0.02967	0.00957	0.01196	0.01101	0.00861	0.01101	0.00766	0.01148	0.00574	0.00431	0.00431	0.00144	0.00574	0.00383	0.00191	0.00479
9	0.01269	0.01341	0.01065	0.00962	0.01198	0.31286	0.00737	0.02079	0.51876	0.01527	0.01353	0.01301	0.01035	0.00533	0.00420	0.00133	0.00501	0.00410	0.00359	0.00615
10	0.03550	0.00818	0.00924	0.00795	0.01029	0.03905	0.00631	0.21253	0.08314	0.24734	0.02875	0.19250	0.03419	0.00761	0.00465	0.00146	0.00377	0.05719	0.00440	0.00596
11	0.07887	0.13961	0.24620	0.01151	0.09917	0.08811	0.02778	0.05788	0.00998	0.06415	0.00790	0.00912	0.00611	0.00425	0.00426	0.00121	0.04797	0.00314	0.00240	0.09040
12	0.00513	0.00421	0.00453	0.00478	0.00593	0.00360	0.00346	0.00613	0.00941	0.01147	0.03851	0.24860	0.61616	0.01158	0.00520	0.00153	0.00226	0.00990	0.00400	0.00360
13	0.00592	0.00439	0.00555	0.00546	0.00649	0.00401	0.00413	0.00769	0.01133	0.01553	0.57159	0.09731	0.17001	0.00974	0.00518	0.00145	0.00223	0.06355	0.00451	0.00394
14	0.01227	0.07493	0.04849	0.07160	0.09074	0.21424	0.21776	0.03072	0.09016	0.06144	0.00912	0.01064	0.00703	0.00442	0.00467	0.00132	0.03820	0.00389	0.00256	0.00581
15	0.03141	0.10570	0.17188	0.06571	0.14110	0.05443	0.04571	0.04158	0.04406	0.04405	0.00791	0.00988	0.00638	0.00500	0.00642	0.00142	0.20572	0.00355	0.00228	0.00580
16	0.00768	0.00712	0.03568	0.03460	0.26959	0.00698	0.00814	0.00933	0.00876	0.01207	0.01673	0.29585	0.06506	0.03950	0.03761	0.00187	0.06834	0.06729	0.00300	0.00481
17	0.00957	0.01276	0.20686	0.10876	0.24526	0.08249	0.06473	0.01266	0.03980	0.01264	0.01041	0.01340	0.04599	0.07011	0.02431	0.02257	0.00570	0.00416	0.00225	0.00559
18	0.01320	0.06051	0.10615	0.10975	0.16990	0.18706	0.04694	0.06581	0.01110	0.15634	0.00926	0.01045	0.00687	0.00446	0.00435	0.00128	0.02411	0.00359	0.00277	0.00610

[dist]
# distance from previous block
# <min> <max>
0	1

[block]
# block no. 5 follows, 61 sequences, length 18
# corresponding to MSA columns:
# 422-439
name=unknown_F
#
# <colnr> <probs for GDERKNQSTAVLIFYWHMCP>
#	G	D	E	R	K	N	Q	S	T	A	V	L	I	F	Y	W	H	M	C	P
0	0.01169	0.03274	0.09734	0.01064	0.05535	0.12169	0.04687	0.17271	0.13811	0.04163	0.03708	0.01870	0.02131	0.00621	0.00453	0.00141	0.00493	0.14516	0.00343	0.02845
1	0.00903	0.00857	0.06838	0.00787	0.01012	0.00848	0.00655	0.01715	0.48309	0.01649	0.14149	0.01974	0.06866	0.00839	0.06479	0.00181	0.00386	0.00541	0.04429	0.00581
2	0.01149	0.17241	0.04102	0.04632	0.01240	0.03153	0.00708	0.19402	0.02985	0.03005	0.00831	0.00922	0.00658	0.00395	0.00351	0.00095	0.00418	0.00298	0.00284	0.38131
3	0.01098	0.07448	0.16860	0.01289	0.17345	0.05297	0.07010	0.01402	0.04828	0.12315	0.03938	0.06206	0.02754	0.00503	0.00418	0.00125	0.00481	0.00437	0.00289	0.09956
4	0.01018	0.18463	0.48283	0.01155	0.05836	0.01107	0.03318	0.01403	0.02678	0.07647	0.03090	0.01004	0.00713	0.00432	0.00410	0.00128	0.02133	0.00336	0.00226	0.00620
5	0.00819	0.00934	0.12623	0.15862	0.16732	0.00810	0.02926	0.01152	0.07849	0.01320	0.09148	0.07727	0.07101	0.03084	0.04671	0.00180	0.03146	0.03111	0.00284	0.00521
6	0.00898	0.00854	0.01578	0.11152	0.17283	0.00842	0.28733	0.02931	0.00981	0.03408	0.03382	0.19602	0.05102	0.00646	0.00489	0.00147	0.00510	0.00648	0.00282	0.00531
7	0.00989	0.18472	0.35190	0.03027	0.08942	0.02827	0.02393	0.01331	0.04083	0.05992	0.01023	0.11030	0.00901	0.00530	0.00416	0.00132	0.01457	0.00433	0.00244	0.00587
8	0.00956	0.05094	0.22595	0.22082	0.16376	0.00974	0.02355	0.03611	0.00947	0.05179	0.00974	0.03505	0.00824	0.00563	0.01802	0.00152	0.04890	0.06314	0.00238	0.00570
9	0.00553	0.00402	0.00523	0.00604	0.00654	0.00376	0.00430	0.00653	0.00876	0.01154	0.06316	0.59718	0.10497	0.03577	0.00595	0.00180	0.00269	0.11864	0.00399	0.00358
10	0.00952	0.00886	0.01510	0.42201	0.22803	0.00987	0.10269	0.01301	0.06948	0.03528	0.00912	0.01234	0.00714	0.00445	0.00460	0.00141	0.02108	0.01805	0.00232	0.00563
11	0.01167	0.07371	0.26079	0.06211	0.06014	0.07815	0.14973	0.03798	0.05267	0.12801	0.00953	0.01070	0.00695	0.00443	0.00458	0.00134	0.03493	0.00378	0.00264	0.00616
12	0.00911	0.00846	0.01385	0.06088	0.56001	0.00844	0.01067	0.01128	0.00958	0.01324	0.01474	0.10820	0.10914	0.00612	0.00457	0.00139	0.00445	0.03739	0.00263	0.00585
13	0.05235	0.00921	0.00904	0.00805	0.01035	0.05495	0.00628	0.09379	0.51843	0.01806	0.01603	0.01543	0.03652	0.00566	0.00410	0.00136	0.00354	0.00455	0.12615	0.00617
14	0.87904	0.00833	0.00633	0.00566	0.00833	0.00966	0.00467	0.01266	0.00733	0.01933	0.00600	0.00700	0.00467	0.00400	0.00267	0.00133	0.00333	0.00233	0.00267	0.00467
15	0.00586	0.00385	0.00486	0.00556	0.00602	0.00364	0.00381	0.00695	0.00868	0.01244	0.07782	0.62432	0.02589	0.01149	0.00498	0.00157	0.00237	0.01030	0.17596	0.00364
16	0.00927	0.00803	0.00902	0.00660	0.01023	0.03005	0.00526	0.03842	0.00957	0.01454	0.04533	0.01002	0.00798	0.00356	0.00334	0.00071	0.00332	0.00285	0.00270	0.77921
17	0.00561	0.00433	0.00524	0.00555	0.00652	0.00381	0.00397	0.00671	0.00920	0.01207	0.10320	0.43663	0.26706	0.01146	0.00518	0.00155	0.00246	0.03738	0.00396	0.06810

[dist]
# distance from previous block
# <min> <max>
0	1

[block]
# block no. 6 follows, 61 sequences, length 25
# corresponding to MSA columns:
# 441-465
name=unknown_G
#
# <colnr> <probs for GDERKNQSTAVLIFYWHMCP>
#	G	D	E	R	K	N	Q	S	T	A	V	L	I	F	Y	W	H	M	C	P
0	0.01604	0.01181	0.01269	0.00979	0.01314	0.01306	0.00806	0.78316	0.01989	0.02666	0.01075	0.03559	0.00797	0.00542	0.00435	0.00131	0.00467	0.00413	0.00430	0.00721
1	0.01071	0.00925	0.00974	0.00877	0.01120	0.01071	0.00682	0.02289	0.81396	0.01802	0.01753	0.01607	0.01315	0.00584	0.00438	0.00146	0.00341	0.00487	0.00438	0.00682
2	0.00615	0.00462	0.00692	0.00692	0.00769	0.00538	0.00538	0.00769	0.00692	0.01000	0.01154	0.01692	0.01077	0.03231	0.83154	0.00692	0.01154	0.00462	0.00231	0.00385
3	0.00626	0.00418	0.00470	0.00470	0.00470	0.00418	0.00261	0.00626	0.00626	0.00835	0.01357	0.02819	0.01566	0.84862	0.02192	0.00418	0.00418	0.00626	0.00261	0.00261
4	0.01605	0.01183	0.01270	0.00980	0.01315	0.01307	0.00807	0.78427	0.01991	0.02668	0.01073	0.03443	0.00794	0.00541	0.00434	0.00131	0.00468	0.00412	0.00430	0.00722
5	0.01439	0.00633	0.00774	0.00632	0.00869	0.00592	0.00510	0.07886	0.01159	0.42471	0.01524	0.01490	0.01056	0.00519	0.00378	0.00119	0.00306	0.00416	0.36632	0.00595
6	0.03524	0.00976	0.01099	0.00878	0.01177	0.01038	0.00712	0.44515	0.09692	0.21395	0.01385	0.09326	0.01071	0.00606	0.00440	0.00136	0.00410	0.00487	0.00449	0.00684
7	0.01066	0.01023	0.01748	0.02644	0.82174	0.01023	0.01322	0.01322	0.00981	0.01407	0.00810	0.01066	0.00682	0.00384	0.00426	0.00128	0.00512	0.00384	0.00213	0.00682
8	0.00560	0.00383	0.00503	0.00576	0.00603	0.00360	0.00382	0.00602	0.00793	0.01052	0.03684	0.62607	0.06525	0.07987	0.00812	0.10553	0.00276	0.01052	0.00365	0.00325
9	0.00819	0.00763	0.01275	0.66697	0.08274	0.00915	0.02894	0.01113	0.03018	0.01158	0.02354	0.07101	0.00826	0.00503	0.00442	0.00145	0.00537	0.00455	0.00220	0.00490
10	0.00748	0.00374	0.00561	0.00561	0.00561	0.00374	0.00374	0.00561	0.00561	0.00748	0.00748	0.01309	0.00748	0.01496	0.01684	0.87467	0.00374	0.00374	0.00187	0.00187
11	0.00542	0.00383	0.00500	0.00588	0.00611	0.00362	0.00389	0.00610	0.00803	0.01070	0.02243	0.72362	0.02677	0.11967	0.00760	0.00206	0.00275	0.02930	0.00382	0.00340
12	0.00533	0.00395	0.00512	0.00584	0.00635	0.00374	0.00405	0.00623	0.00834	0.01098	0.02550	0.61784	0.15389	0.01531	0.10348	0.00232	0.00352	0.01083	0.00380	0.00356
13	0.01161	0.63267	0.10680	0.00935	0.05847	0.09648	0.00871	0.01342	0.00919	0.01077	0.00636	0.00744	0.00560	0.00381	0.00310	0.00101	0.00514	0.00253	0.00189	0.00564
14	0.01571	0.01989	0.01226	0.01111	0.01320	0.78452	0.00839	0.01681	0.01189	0.01053	0.00660	0.00786	0.00555	0.00462	0.00447	0.00115	0.05542	0.00283	0.00220	0.00498
15	0.00914	0.28496	0.24226	0.00805	0.01156	0.01015	0.00855	0.02356	0.01016	0.03872	0.24072	0.01665	0.04958	0.00566	0.00397	0.00121	0.00419	0.00452	0.02108	0.00532
16	0.00999	0.27316	0.05155	0.00745	0.02387	0.00990	0.00658	0.03036	0.03619	0.01323	0.00754	0.00860	0.00633	0.00353	0.00318	0.00081	0.00386	0.00263	0.00239	0.49885
17	0.01039	0.04727	0.25541	0.02377	0.07737	0.04223	0.04909	0.01396	0.06952	0.13423	0.13462	0.06740	0.02645	0.00585	0.00462	0.00137	0.02245	0.00496	0.00321	0.00583
18	0.00594	0.00454	0.00535	0.00512	0.00634	0.00413	0.00385	0.00798	0.03820	0.01526	0.49721	0.03456	0.31667	0.00937	0.00501	0.00139	0.00213	0.00807	0.02486	0.00400
19	0.00956	0.00888	0.01518	0.31931	0.30719	0.00955	0.10291	0.03158	0.03979	0.02813	0.00987	0.06815	0.00846	0.00490	0.00449	0.00141	0.00530	0.01722	0.00241	0.00571
20	0.01099	0.15312	0.31959	0.02548	0.17829	0.03373	0.07639	0.04844	0.01002	0.07366	0.00832	0.00972	0.00631	0.00416	0.00424	0.00128	0.02422	0.00345	0.00230	0.00629
21	0.01469	0.01091	0.18918	0.00897	0.02479	0.00791	0.00848	0.11256	0.02566	0.41858	0.01483	0.04659	0.03471	0.00554	0.00442	0.00135	0.01558	0.00446	0.04414	0.00665
22	0.00615	0.00462	0.00692	0.00692	0.00769	0.00538	0.00538	0.00769	0.00692	0.01000	0.01154	0.01692	0.01077	0.03231	0.83154	0.00692	0.01154	0.00462	0.00231	0.00385
23	0.03259	0.21037	0.50240	0.01096	0.01605	0.08243	0.04263	0.01359	0.00926	0.01267	0.00759	0.02714	0.00601	0.00422	0.00380	0.00125	0.00595	0.00320	0.00194	0.00593
24	0.01286	0.02863	0.11967	0.05513	0.29241	0.10863	0.04969	0.18011	0.01234	0.08576	0.00908	0.01041	0.00684	0.00436	0.00423	0.00129	0.00552	0.00371	0.00282	0.00653

[dist]
# distance from previous block
# <min> <max>
0	12

[block]
# block no. 7 follows, 61 sequences, length 83
# corresponding to MSA columns:
# 478-497,504-538,545-555,558-574
name=unknown_H
#
# <colnr> <probs for GDERKNQSTAVLIFYWHMCP>
#	G	D	E	R	K	N	Q	S	T	A	V	L	I	F	Y	W	H	M	C	P
0	0.54309	0.06401	0.02949	0.04269	0.04037	0.06848	0.02795	0.09004	0.00933	0.01796	0.00694	0.00811	0.00540	0.00415	0.00315	0.00128	0.00418	0.00277	0.02546	0.00514
1	0.01227	0.59930	0.05267	0.00948	0.06108	0.18033	0.00826	0.01381	0.00953	0.01060	0.00632	0.00740	0.00561	0.00386	0.00313	0.00100	0.00535	0.00253	0.00194	0.00553
2	0.00524	0.00378	0.00496	0.00590	0.00622	0.00351	0.00396	0.00601	0.00834	0.01103	0.02489	0.79946	0.07409	0.01335	0.00547	0.00173	0.00248	0.01206	0.00400	0.00351
3	0.00689	0.00489	0.00677	0.00762	0.00861	0.00486	0.00659	0.00888	0.01010	0.01336	0.09391	0.04635	0.02588	0.01146	0.00580	0.00190	0.00375	0.70385	0.02457	0.00398
4	0.00626	0.00418	0.00470	0.00470	0.00470	0.00418	0.00261	0.00626	0.00626	0.00835	0.01357	0.02819	0.01566	0.84862	0.02192	0.00418	0.00418	0.00626	0.00261	0.00261
5	0.87904	0.00833	0.00633	0.00566	0.00833	0.00966	0.00467	0.01266	0.00733	0.01933	0.00600	0.00700	0.00467	0.00400	0.00267	0.00133	0.00333	0.00233	0.00267	0.00467
6	0.01071	0.00925	0.00974	0.00877	0.01120	0.01071	0.00682	0.02289	0.81396	0.01802	0.01753	0.01607	0.01315	0.00584	0.00438	0.00146	0.00341	0.00487	0.00438	0.00682
7	0.00580	0.00437	0.00536	0.00516	0.00626	0.00393	0.00385	0.00753	0.01141	0.01553	0.58168	0.06627	0.24798	0.00955	0.00510	0.00140	0.00209	0.00831	0.00452	0.00393
8	0.01152	0.85121	0.02257	0.00737	0.01106	0.01704	0.00737	0.01290	0.00875	0.01013	0.00599	0.00691	0.00553	0.00369	0.00276	0.00092	0.00461	0.00230	0.00184	0.00553
9	0.01111	0.00941	0.00994	0.00881	0.01130	0.01083	0.00689	0.08663	0.73698	0.01875	0.02922	0.01585	0.01310	0.00583	0.00439	0.00145	0.00350	0.00483	0.00438	0.00682
10	0.00748	0.00374	0.00561	0.00561	0.00561	0.00374	0.00374	0.00561	0.00561	0.00748	0.00748	0.01309	0.00748	0.01496	0.01684	0.87467	0.00374	0.00374	0.00187	0.00187
11	0.00524	0.00379	0.00496	0.00589	0.00622	0.00351	0.00395	0.00601	0.00835	0.01104	0.02509	0.79149	0.08194	0.01332	0.00547	0.00173	0.00248	0.01203	0.00400	0.00351
12	0.00512	0.00427	0.00446	0.00461	0.00588	0.00362	0.00338	0.00615	0.00958	0.01154	0.04058	0.16505	0.69837	0.01131	0.00515	0.00150	0.00223	0.00958	0.00400	0.00362
13	0.00668	0.00496	0.00721	0.00705	0.00782	0.00579	0.00546	0.02095	0.00718	0.02336	0.01147	0.01708	0.01077	0.07521	0.72600	0.00638	0.04567	0.00465	0.00239	0.00393
14	0.01164	0.01283	0.01309	0.01126	0.01223	0.26461	0.04078	0.03261	0.00888	0.01115	0.00646	0.00923	0.00587	0.00629	0.01003	0.00159	0.50415	0.00353	0.02889	0.00489
15	0.00539	0.00387	0.00505	0.00591	0.00624	0.00362	0.00400	0.00619	0.00836	0.01109	0.04395	0.70489	0.06393	0.06588	0.00652	0.00189	0.00264	0.04317	0.00393	0.00348
16	0.01080	0.00930	0.00979	0.00878	0.01124	0.01076	0.00684	0.03528	0.80143	0.01816	0.01742	0.01598	0.01306	0.00583	0.00438	0.00146	0.00343	0.00485	0.00438	0.00683
17	0.03168	0.04567	0.03977	0.04189	0.40365	0.03884	0.01061	0.08850	0.03713	0.05268	0.02527	0.03346	0.00816	0.00492	0.00533	0.00135	0.10127	0.00402	0.00263	0.02317
18	0.04568	0.05161	0.35350	0.02450	0.01624	0.21289	0.08921	0.06529	0.07512	0.01414	0.00837	0.00952	0.00630	0.00432	0.00407	0.00130	0.00626	0.00339	0.00235	0.00595
19	0.01151	0.01228	0.01427	0.15231	0.27540	0.21806	0.01075	0.03768	0.00980	0.01222	0.00717	0.00977	0.00607	0.00496	0.00645	0.00140	0.19866	0.00355	0.00213	0.00555
20	0.01538	0.01046	0.03034	0.00874	0.01171	0.09750	0.00716	0.23691	0.13904	0.29952	0.08573	0.01438	0.01214	0.00555	0.00435	0.00132	0.00428	0.00440	0.00443	0.00668
21	0.00648	0.00472	0.00587	0.00577	0.00589	0.00518	0.00378	0.00684	0.00656	0.00901	0.01342	0.09802	0.01517	0.58302	0.12506	0.00409	0.08912	0.00633	0.00262	0.00306
22	0.00686	0.00456	0.00596	0.00565	0.00678	0.00418	0.00428	0.00874	0.01175	0.06697	0.65351	0.08607	0.07063	0.00911	0.00509	0.00141	0.00224	0.03733	0.00467	0.00421
23	0.01397	0.01087	0.01157	0.00942	0.01244	0.01223	0.00760	0.47369	0.35786	0.02326	0.01340	0.01278	0.00980	0.00546	0.00434	0.00136	0.00417	0.00430	0.00434	0.00711
24	0.01152	0.85121	0.02257	0.00737	0.01106	0.01704	0.00737	0.01290	0.00875	0.01013	0.00599	0.00691	0.00553	0.00369	0.00276	0.00092	0.00461	0.00230	0.00184	0.00553
25	0.00608	0.00445	0.00547	0.00518	0.00636	0.00399	0.00390	0.00785	0.01157	0.03093	0.59885	0.03431	0.24658	0.00930	0.00507	0.00138	0.00210	0.00807	0.00456	0.00401
26	0.01091	0.00935	0.00985	0.00881	0.01128	0.01080	0.00687	0.04983	0.78671	0.01833	0.01729	0.01587	0.01295	0.00582	0.00438	0.00146	0.00345	0.00484	0.00438	0.00684
27	0.01609	0.02053	0.01221	0.01110	0.01332	0.83132	0.00832	0.01720	0.01221	0.01054	0.00666	0.00777	0.00555	0.00444	0.00388	0.00111	0.00777	0.00277	0.00222	0.00499
28	0.01933	0.00733	0.01000	0.00766	0.01100	0.00633	0.00633	0.02099	0.01233	0.82473	0.01699	0.01466	0.01066	0.00533	0.00433	0.00133	0.00367	0.00433	0.00533	0.00733
29	0.01604	0.01158	0.01244	0.00958	0.01291	0.01277	0.00790	0.75302	0.01955	0.04328	0.01066	0.01070	0.00757	0.00517	0.00425	0.00128	0.00459	0.00389	0.04563	0.00717
30	0.00813	0.00766	0.01292	0.83826	0.02967	0.00957	0.01196	0.01101	0.00861	0.01101	0.00766	0.01148	0.00574	0.00431	0.00431	0.00144	0.00574	0.00383	0.00191	0.00479
31	0.01071	0.00925	0.00974	0.00877	0.01120	0.01071	0.00682	0.02289	0.81396	0.01802	0.01753	0.01607	0.01315	0.00584	0.00438	0.00146	0.00341	0.00487	0.00438	0.00682
32	0.42289	0.00791	0.00751	0.00687	0.00903	0.03672	0.00563	0.10415	0.00952	0.04308	0.01043	0.01542	0.00924	0.01002	0.14088	0.00233	0.00506	0.11287	0.03563	0.00481
33	0.00623	0.00417	0.00475	0.00478	0.00480	0.00418	0.00271	0.00628	0.00634	0.00847	0.01385	0.05317	0.01596	0.80705	0.03712	0.00415	0.00427	0.00642	0.00265	0.00266
34	0.00694	0.00496	0.00694	0.00793	0.00892	0.00496	0.00694	0.00892	0.00992	0.01289	0.02281	0.04859	0.02479	0.01190	0.00595	0.00198	0.00397	0.79275	0.00397	0.00397
35	0.01484	0.24832	0.01505	0.01008	0.01270	0.60803	0.00806	0.01602	0.01126	0.01043	0.00647	0.00753	0.00554	0.00423	0.00358	0.00106	0.00690	0.00265	0.00212	0.00514
36	0.00521	0.00388	0.00486	0.00564	0.00615	0.00353	0.00384	0.00604	0.00859	0.01114	0.02809	0.66988	0.20160	0.01293	0.00541	0.00168	0.00243	0.01156	0.00400	0.00353
37	0.01056	0.27131	0.41287	0.01079	0.01554	0.07256	0.04567	0.05520	0.00975	0.01293	0.00722	0.00852	0.00564	0.00418	0.00415	0.00123	0.04088	0.00303	0.00200	0.00597
38	0.01115	0.00970	0.03198	0.00889	0.01150	0.01072	0.00712	0.06141	0.73357	0.03783	0.01690	0.01557	0.01259	0.00575	0.00437	0.00145	0.00356	0.00476	0.00433	0.00684
39	0.02241	0.00712	0.00935	0.08983	0.12456	0.06787	0.03756	0.00912	0.00866	0.01141	0.01657	0.35025	0.05273	0.09398	0.00721	0.00183	0.05549	0.02669	0.00304	0.00431
40	0.01123	0.55004	0.04855	0.03576	0.07369	0.07995	0.07423	0.01307	0.00933	0.01114	0.02003	0.00994	0.00704	0.00420	0.00342	0.00109	0.00515	0.03457	0.00205	0.00553
41	0.00618	0.00459	0.00682	0.00682	0.00754	0.00531	0.00525	0.00761	0.00688	0.00990	0.01156	0.01732	0.01092	0.06483	0.78769	0.01891	0.01113	0.00467	0.00231	0.00377
42	0.01152	0.85121	0.02257	0.00737	0.01106	0.01704	0.00737	0.01290	0.00875	0.01013	0.00599	0.00691	0.00553	0.00369	0.00276	0.00092	0.00461	0.00230	0.00184	0.00553
43	0.01145	0.53977	0.10849	0.02526	0.06579	0.08949	0.02164	0.02966	0.00944	0.01144	0.00663	0.00781	0.00571	0.00383	0.00323	0.00102	0.00512	0.00266	0.00199	0.04957
