[name]
unknown

[dist]
# distance from previous block
# <min> <max>
6	76

[block]
# block no. 0 follows, 55 sequences, length 9
# corresponding to MSA columns:
# 88-96
name=unknown_A
#
# <colnr> <probs for GDERKNQSTAVLIFYWHMCP>
#	G	D	E	R	K	N	Q	S	T	A	V	L	I	F	Y	W	H	M	C	P
0	0.00693	0.00581	0.04268	0.00667	0.00768	0.00515	0.00504	0.05088	0.00975	0.01308	0.09393	0.33524	0.10847	0.16919	0.09138	0.00284	0.00432	0.03303	0.00384	0.00409
1	0.01114	0.20080	0.35463	0.01129	0.01606	0.06129	0.07869	0.03590	0.01081	0.05831	0.06950	0.03667	0.02491	0.00523	0.00434	0.00137	0.00586	0.00425	0.00266	0.00628
2	0.01210	0.04259	0.04221	0.10458	0.28806	0.06250	0.14626	0.05275	0.06044	0.03576	0.01292	0.06323	0.04290	0.00587	0.00510	0.00159	0.00596	0.00531	0.00307	0.00678
3	0.00661	0.00439	0.00577	0.00649	0.00705	0.00408	0.00449	0.00758	0.00939	0.05189	0.06520	0.63763	0.06207	0.05777	0.00681	0.00198	0.00290	0.04956	0.00435	0.00399
4	0.05089	0.07864	0.16620	0.04955	0.03276	0.13483	0.14745	0.14422	0.02555	0.02876	0.00994	0.06191	0.00825	0.00537	0.00494	0.00145	0.03570	0.00447	0.00286	0.00626
5	0.03652	0.03338	0.15949	0.05031	0.08524	0.03403	0.04986	0.09413	0.14839	0.10104	0.08235	0.01594	0.04868	0.00587	0.00504	0.00148	0.03323	0.00485	0.00359	0.00657
6	0.00673	0.00567	0.00627	0.00625	0.00735	0.02770	0.00459	0.00857	0.05390	0.01343	0.15160	0.22116	0.35383	0.05189	0.00702	0.00179	0.05439	0.00944	0.00420	0.00421
7	0.00645	0.00512	0.00710	0.00692	0.00803	0.00477	0.05418	0.00837	0.03889	0.01442	0.25360	0.38137	0.16979	0.01164	0.00566	0.00168	0.00285	0.01045	0.00444	0.00427
8	0.01322	0.05028	0.07693	0.01346	0.14191	0.08983	0.05957	0.23861	0.06162	0.04941	0.02876	0.03114	0.08832	0.00600	0.00500	0.00143	0.02944	0.00491	0.00352	0.00665

[dist]
# distance from previous block
# <min> <max>
2	22

[block]
# block no. 1 follows, 55 sequences, length 13
# corresponding to MSA columns:
# 119-131
name=unknown_B
#
# <colnr> <probs for GDERKNQSTAVLIFYWHMCP>
#	G	D	E	R	K	N	Q	S	T	A	V	L	I	F	Y	W	H	M	C	P
0	0.01373	0.45475	0.08091	0.00955	0.01324	0.21583	0.00887	0.09747	0.01177	0.01336	0.00877	0.00962	0.03515	0.00467	0.00367	0.00115	0.00589	0.00313	0.00246	0.00603
1	0.00807	0.03511	0.02667	0.00771	0.04007	0.05199	0.00551	0.03126	0.02993	0.01186	0.04494	0.10812	0.12730	0.17131	0.18239	0.09801	0.00590	0.00660	0.00312	0.00412
2	0.03816	0.05311	0.05382	0.09565	0.05514	0.05991	0.18397	0.11751	0.10790	0.03544	0.03903	0.03702	0.03273	0.00534	0.00468	0.00142	0.00552	0.00483	0.00321	0.06564
3	0.03390	0.07451	0.10786	0.00863	0.01221	0.00827	0.05376	0.01225	0.00982	0.06758	0.01427	0.07588	0.09631	0.00586	0.00487	0.00120	0.05593	0.00475	0.00303	0.34911
4	0.00586	0.00435	0.00533	0.00583	0.00651	0.00397	0.00400	0.00689	0.00975	0.01278	0.14504	0.45264	0.21698	0.08873	0.00740	0.00199	0.00271	0.01110	0.00430	0.00382
5	0.00929	0.00837	0.06678	0.00967	0.09717	0.00739	0.00713	0.06736	0.13161	0.06378	0.04788	0.08991	0.30884	0.00961	0.02781	0.00173	0.00389	0.03212	0.00407	0.00558
6	0.01332	0.04899	0.13537	0.06730	0.04259	0.08766	0.11516	0.18290	0.03678	0.09533	0.02067	0.04861	0.00918	0.00567	0.00541	0.00149	0.06062	0.01312	0.00329	0.00654
7	0.00693	0.00661	0.09365	0.00612	0.00690	0.00513	0.00455	0.00761	0.00732	0.00994	0.01509	0.11040	0.01712	0.66109	0.01975	0.00391	0.00458	0.00706	0.00288	0.00336
8	0.00648	0.00489	0.00568	0.00565	0.00664	0.00452	0.02118	0.02747	0.00951	0.01227	0.03057	0.20858	0.35229	0.22302	0.01010	0.00236	0.00317	0.00922	0.05263	0.00379
9	0.01222	0.03585	0.20356	0.04216	0.05233	0.02451	0.21138	0.14467	0.03098	0.07109	0.01067	0.01224	0.00785	0.00479	0.00481	0.00143	0.02130	0.00435	0.09722	0.00658
10	0.05658	0.01126	0.01689	0.12060	0.38801	0.03097	0.07644	0.14905	0.03809	0.01738	0.00923	0.01150	0.00731	0.00471	0.00506	0.00145	0.04165	0.00418	0.00279	0.00683
11	0.48306	0.01096	0.02354	0.06104	0.11449	0.07279	0.00785	0.09517	0.03548	0.01928	0.00784	0.00924	0.00612	0.00467	0.00398	0.00144	0.03116	0.00319	0.00292	0.00578
12	0.00886	0.09858	0.00970	0.00728	0.00865	0.03708	0.03043	0.08667	0.00961	0.01243	0.01663	0.07245	0.10032	0.31656	0.14082	0.00352	0.02679	0.00624	0.00306	0.00433

[dist]
# distance from previous block
# <min> <max>
1	3

[block]
# block no. 2 follows, 55 sequences, length 33
# corresponding to MSA columns:
# 135-147,149-168
name=unknown_C
#
# <colnr> <probs for GDERKNQSTAVLIFYWHMCP>
#	G	D	E	R	K	N	Q	S	T	A	V	L	I	F	Y	W	H	M	C	P
0	0.01138	0.01154	0.02098	0.06692	0.12659	0.04234	0.43879	0.06182	0.03827	0.03673	0.04548	0.01506	0.05145	0.00491	0.00517	0.00151	0.00651	0.00538	0.00286	0.00629
1	0.00780	0.00511	0.00627	0.00631	0.00743	0.00481	0.00455	0.03010	0.04099	0.08094	0.17867	0.36527	0.15481	0.04357	0.00618	0.00176	0.00280	0.00987	0.03826	0.00450
2	0.00633	0.00484	0.00585	0.00606	0.00707	0.00454	0.00437	0.00852	0.06456	0.01476	0.28395	0.33276	0.21572	0.01171	0.00561	0.00165	0.00252	0.01032	0.00461	0.00426
3	0.01238	0.01293	0.02285	0.01667	0.02097	0.06483	0.54779	0.13495	0.04052	0.01707	0.00981	0.01207	0.00736	0.00429	0.00514	0.00147	0.00707	0.00497	0.00282	0.05404
4	0.09317	0.01093	0.01076	0.00881	0.01181	0.09988	0.00705	0.29049	0.04877	0.14726	0.05110	0.05094	0.08184	0.00642	0.00454	0.00139	0.00451	0.00502	0.00428	0.06105
5	0.00788	0.00414	0.00606	0.00606	0.00611	0.00419	0.00404	0.00626	0.00621	0.00833	0.00894	0.01586	0.00909	0.09106	0.06726	0.73524	0.00459	0.00434	0.00212	0.00222
6	0.01788	0.01325	0.01371	0.01062	0.01426	0.06273	0.00872	0.69444	0.02078	0.07958	0.01140	0.01131	0.00803	0.00555	0.00463	0.00139	0.00524	0.00415	0.00459	0.00776
7	0.00668	0.00496	0.00729	0.00744	0.00823	0.00563	0.00578	0.00828	0.00781	0.01106	0.01424	0.05897	0.01407	0.06257	0.67776	0.00663	0.01098	0.07477	0.00275	0.00410
8	0.00683	0.00512	0.00730	0.00721	0.00784	0.00593	0.00541	0.00813	0.00732	0.01046	0.01262	0.02035	0.01244	0.19395	0.62351	0.00664	0.04720	0.00530	0.00254	0.00393
9	0.01984	0.00885	0.01130	0.00872	0.01226	0.00829	0.00718	0.17757	0.01493	0.63226	0.01709	0.03607	0.01129	0.00595	0.00471	0.00144	0.00416	0.00480	0.00550	0.00781
10	0.01214	0.01215	0.05784	0.01464	0.01848	0.01182	0.38038	0.19974	0.11218	0.01846	0.01146	0.03240	0.00893	0.00697	0.05699	0.00192	0.02849	0.00517	0.00323	0.00660
11	0.00731	0.00569	0.00675	0.00632	0.00777	0.00561	0.00479	0.01131	0.15447	0.01781	0.54043	0.03324	0.16201	0.00930	0.00535	0.00150	0.00249	0.00807	0.00492	0.00485
12	0.01684	0.02052	0.01330	0.06533	0.01555	0.70005	0.00924	0.08044	0.01363	0.01286	0.00758	0.00888	0.00616	0.00485	0.00426	0.00124	0.00798	0.00317	0.00256	0.00558
13	0.01461	0.29358	0.09346	0.01060	0.01390	0.45015	0.00930	0.01630	0.01149	0.01158	0.00761	0.03281	0.00671	0.00478	0.00387	0.00118	0.00694	0.00317	0.00228	0.00568
14	0.00992	0.06401	0.01455	0.01154	0.01228	0.01290	0.05930	0.02670	0.00813	0.01202	0.03187	0.06320	0.00921	0.00962	0.06150	0.00223	0.57870	0.00482	0.00237	0.00512
15	0.03379	0.01231	0.01403	0.04710	0.17404	0.15247	0.04516	0.17583	0.05258	0.14443	0.02460	0.01242	0.00888	0.00612	0.03437	0.00158	0.00580	0.00416	0.00355	0.04675
16	0.06395	0.03133	0.11317	0.03277	0.34119	0.12841	0.08846	0.03465	0.01092	0.01493	0.00953	0.01367	0.00820	0.00506	0.00488	0.00146	0.02678	0.06169	0.00251	0.00643
17	0.00674	0.00450	0.00540	0.00560	0.00577	0.00445	0.00343	0.00711	0.02441	0.01023	0.05259	0.20524	0.02033	0.52679	0.01805	0.08107	0.00395	0.00798	0.00322	0.00313
18	0.08572	0.00940	0.00950	0.00825	0.01085	0.04117	0.00651	0.14287	0.32036	0.07517	0.06519	0.02143	0.16975	0.00718	0.00473	0.00150	0.00377	0.00580	0.00448	0.00637
19	0.01191	0.28679	0.13546	0.01213	0.06765	0.05378	0.10352	0.11385	0.02678	0.01490	0.00983	0.07955	0.00878	0.00584	0.01614	0.00144	0.03835	0.00440	0.00267	0.00623
20	0.01124	0.00798	0.00879	0.00774	0.00986	0.00852	0.00601	0.17354	0.21445	0.07516	0.04102	0.10634	0.13193	0.04021	0.00573	0.00162	0.01999	0.00650	0.11746	0.00593
21	0.01250	0.01012	0.01075	0.00926	0.01200	0.01134	0.00730	0.24139	0.47020	0.02131	0.01956	0.05525	0.08432	0.00697	0.00483	0.00154	0.00393	0.00573	0.00465	0.00705
22	0.02155	0.01155	0.06323	0.01981	0.07083	0.15497	0.03301	0.12923	0.05678	0.02695	0.08749	0.04256	0.23233	0.00762	0.00493	0.00146	0.00476	0.02159	0.00372	0.00563
23	0.00990	0.00919	0.01365	0.16735	0.35807	0.04067	0.01070	0.02795	0.05982	0.01451	0.05427	0.14911	0.03738	0.00679	0.00493	0.00152	0.00489	0.02027	0.00303	0.00600
24	0.00571	0.00426	0.00533	0.00616	0.00677	0.00389	0.00428	0.00667	0.00939	0.01213	0.03063	0.61309	0.21212	0.01384	0.00586	0.00183	0.00269	0.04720	0.00432	0.00384
25	0.02591	0.10046	0.01239	0.02026	0.02281	0.11772	0.00748	0.17108	0.13946	0.16239	0.04134	0.06381	0.01229	0.02120	0.03016	0.00164	0.00499	0.01588	0.02221	0.00650
26	0.01210	0.01108	0.01717	0.17479	0.46647	0.05709	0.05074	0.04488	0.01100	0.06550	0.00921	0.01177	0.00729	0.00457	0.00504	0.00144	0.03635	0.00418	0.00257	0.00676
27	0.00902	0.00597	0.00712	0.00686	0.00841	0.00585	0.00511	0.02077	0.14820	0.12391	0.09476	0.27806	0.19804	0.02656	0.03743	0.00193	0.00336	0.00895	0.00456	0.00510
28	0.00685	0.00532	0.00622	0.00656	0.00761	0.00522	0.00468	0.03667	0.11295	0.01384	0.05126	0.48104	0.21951	0.01235	0.00561	0.00174	0.00281	0.01089	0.00441	0.00445
29	0.02870	0.01097	0.03337	0.15348	0.13675	0.09101	0.06999	0.07580	0.10049	0.07343	0.05547	0.02959	0.01094	0.04862	0.00613	0.00163	0.04116	0.00476	0.00321	0.02451
30	0.00787	0.00625	0.00893	0.09605	0.04742	0.00630	0.05210	0.01042	0.05145	0.03630	0.25970	0.12833	0.16014	0.02500	0.00583	0.00160	0.02521	0.00776	0.05854	0.00479
31	0.00609	0.00434	0.00525	0.00580	0.00655	0.00398	0.00407	0.00727	0.00981	0.01326	0.10924	0.45344	0.20936	0.03059	0.00592	0.00175	0.00259	0.02602	0.09077	0.00392
32	0.16873	0.13228	0.02653	0.03307	0.01447	0.25379	0.09651	0.13505	0.01255	0.05453	0.00881	0.02770	0.00705	0.00487	0.00408	0.00133	0.00606	0.00365	0.00296	0.00600

[dist]
# distance from previous block
# <min> <max>
4	24

[block]
# block no. 3 follows, 55 sequences, length 13
# corresponding to MSA columns:
# 195-207
name=unknown_D
#
# <colnr> <probs for GDERKNQSTAVLIFYWHMCP>
#	G	D	E	R	K	N	Q	S	T	A	V	L	I	F	Y	W	H	M	C	P
0	0.01125	0.14691	0.19878	0.01199	0.05465	0.03113	0.13997	0.01469	0.04722	0.08636	0.01334	0.01424	0.08527	0.00517	0.00465	0.00134	0.02384	0.00441	0.00285	0.10192
1	0.00899	0.09924	0.01052	0.00799	0.00961	0.03947	0.04584	0.07655	0.02261	0.01320	0.01634	0.09433	0.09348	0.11143	0.25176	0.00361	0.03648	0.00598	0.04784	0.00472
2	0.44224	0.00736	0.00683	0.00623	0.00855	0.00783	0.00492	0.03421	0.00961	0.11068	0.01773	0.12990	0.14042	0.00722	0.00401	0.00150	0.00328	0.00559	0.04683	0.00506
3	0.04504	0.06385	0.01135	0.00912	0.02372	0.12339	0.00716	0.25434	0.06180	0.03047	0.10186	0.06136	0.10189	0.00880	0.05480	0.00180	0.02388	0.00553	0.00389	0.00594
4	0.03612	0.15362	0.12933	0.06010	0.03095	0.06652	0.03691	0.09534	0.09714	0.06312	0.06592	0.03444	0.03756	0.02666	0.00510	0.00146	0.02378	0.00457	0.00325	0.02810
5	0.00646	0.00477	0.00588	0.00639	0.00706	0.00463	0.00447	0.00831	0.06599	0.01296	0.11039	0.43940	0.10778	0.13082	0.00833	0.00218	0.00305	0.06289	0.00422	0.00401
6	0.00659	0.00491	0.00555	0.00538	0.00686	0.00439	0.00406	0.00794	0.01050	0.05398	0.12273	0.03838	0.55613	0.04043	0.10893	0.00239	0.00377	0.00869	0.00420	0.00418
7	0.01195	0.11045	0.01744	0.19436	0.33313	0.03771	0.05333	0.01496	0.04716	0.08295	0.00954	0.01176	0.00751	0.00467	0.00496	0.00142	0.04346	0.00407	0.00262	0.00654
8	0.01149	0.17423	0.11559	0.01096	0.07037	0.02513	0.02575	0.20326	0.02995	0.01691	0.02405	0.19892	0.01332	0.00733	0.00504	0.00148	0.03588	0.02088	0.00336	0.00610
9	0.00598	0.00494	0.00550	0.00550	0.00663	0.00462	0.00403	0.00704	0.00994	0.01237	0.07683	0.14819	0.54136	0.08656	0.00780	0.00190	0.05323	0.00958	0.00408	0.00390
10	0.00575	0.00423	0.00538	0.00615	0.00668	0.00392	0.00420	0.00669	0.00929	0.01221	0.06753	0.61733	0.15651	0.03769	0.03132	0.00206	0.00297	0.01199	0.00426	0.00382
11	0.01224	0.03154	0.05518	0.01079	0.05085	0.11791	0.04947	0.10652	0.25203	0.05691	0.03838	0.03610	0.11996	0.00669	0.00514	0.00149	0.03314	0.00544	0.00386	0.00637
12	0.07967	0.10460	0.08818	0.01256	0.08116	0.37819	0.02774	0.12509	0.03419	0.01549	0.00822	0.00935	0.00654	0.00471	0.00413	0.00128	0.00669	0.00333	0.00272	0.00615

[dist]
# distance from previous block
# <min> <max>
0	2

[block]
# block no. 4 follows, 55 sequences, length 14
# corresponding to MSA columns:
# 210-223
name=unknown_E
#
# <colnr> <probs for GDERKNQSTAVLIFYWHMCP>
#	G	D	E	R	K	N	Q	S	T	A	V	L	I	F	Y	W	H	M	C	P
0	0.01066	0.04899	0.05216	0.00957	0.01137	0.13874	0.00798	0.11182	0.01041	0.01354	0.01011	0.01376	0.00895	0.01971	0.39568	0.00435	0.12013	0.00425	0.00264	0.00519
1	0.00910	0.00665	0.00768	0.00743	0.00911	0.00683	0.00586	0.09622	0.15056	0.04236	0.07401	0.15948	0.17089	0.01004	0.00535	0.00168	0.00337	0.16532	0.06287	0.00520
2	0.01211	0.01243	0.01835	0.06316	0.62988	0.11493	0.05250	0.01475	0.01089	0.01454	0.00856	0.01121	0.00712	0.00424	0.00460	0.00138	0.00604	0.00406	0.00231	0.00696
3	0.00829	0.00616	0.00788	0.00715	0.00843	0.00653	0.00557	0.01127	0.08825	0.06383	0.48303	0.02881	0.09265	0.01015	0.04417	0.00183	0.10925	0.00728	0.00454	0.00493
4	0.00602	0.00461	0.00551	0.00596	0.00685	0.00424	0.00424	0.00753	0.03532	0.01308	0.11953	0.39759	0.28323	0.04436	0.00641	0.00184	0.00270	0.04263	0.00436	0.00399
5	0.00666	0.00494	0.00723	0.00723	0.00798	0.00568	0.00551	0.00815	0.00740	0.01062	0.01268	0.01952	0.01217	0.11655	0.73715	0.00717	0.01165	0.00517	0.00253	0.00402
6	0.00919	0.00859	0.01379	0.61143	0.08692	0.01009	0.01191	0.01200	0.00932	0.01252	0.00818	0.01185	0.00637	0.00466	0.00512	0.00146	0.05445	0.00395	0.00217	0.11602
7	0.44955	0.00833	0.00795	0.00673	0.00958	0.00885	0.00549	0.08564	0.01081	0.19314	0.01519	0.01500	0.11015	0.00577	0.00379	0.00143	0.00358	0.00418	0.04906	0.00575
8	0.00582	0.00417	0.00533	0.00616	0.00650	0.00390	0.00407	0.00658	0.00885	0.01172	0.04439	0.65510	0.08419	0.12008	0.00818	0.00219	0.00290	0.01204	0.00414	0.00368
9	0.01585	0.01961	0.11701	0.01226	0.01565	0.47738	0.05624	0.17683	0.03768	0.01595	0.00864	0.00966	0.00668	0.00490	0.00441	0.00131	0.00735	0.00351	0.00287	0.00621
10	0.01655	0.01737	0.01251	0.01091	0.01361	0.48453	0.00841	0.16553	0.11588	0.06132	0.01040	0.01084	0.00796	0.00522	0.00434	0.00129	0.00667	0.00366	0.03678	0.00622
11	0.04777	0.00658	0.00827	0.00808	0.00957	0.02253	0.04666	0.03645	0.09675	0.01462	0.03238	0.34493	0.05781	0.01121	0.01760	0.00183	0.00380	0.16988	0.01541	0.04789
12	0.01077	0.01063	0.01588	0.37448	0.36864	0.07190	0.01294	0.01408	0.04980	0.01368	0.00893	0.01196	0.00710	0.00452	0.00460	0.00145	0.00595	0.00411	0.00233	0.00626
13	0.07743	0.00952	0.01002	0.04243	0.01207	0.06906	0.00644	0.07525	0.05803	0.12108	0.01340	0.01376	0.07282	0.00499	0.00401	0.00110	0.00407	0.00390	0.00350	0.39711

[dist]
# distance from previous block
# <min> <max>
0	3

[block]
# block no. 5 follows, 55 sequences, length 19
# corresponding to MSA columns:
# 227-245
name=unknown_F
#
# <colnr> <probs for GDERKNQSTAVLIFYWHMCP>
#	G	D	E	R	K	N	Q	S	T	A	V	L	I	F	Y	W	H	M	C	P
0	0.03907	0.01122	0.01338	0.04147	0.05152	0.04447	0.05882	0.38018	0.05746	0.13929	0.01298	0.07332	0.01014	0.00596	0.00469	0.00143	0.00495	0.00492	0.00423	0.04051
1	0.00751	0.00605	0.00670	0.00678	0.00801	0.02794	0.00495	0.05643	0.10373	0.01483	0.12375	0.36832	0.21143	0.01149	0.00552	0.00168	0.00300	0.02285	0.00443	0.00461
2	0.01169	0.00980	0.00992	0.00892	0.01143	0.04821	0.00693	0.02235	0.62949	0.05403	0.02004	0.01871	0.06681	0.00653	0.00467	0.00153	0.00374	0.00538	0.05293	0.00689
3	0.01459	0.03213	0.01290	0.01160	0.04295	0.55003	0.05219	0.04677	0.01278	0.01264	0.01470	0.01537	0.14992	0.00599	0.00451	0.00130	0.00698	0.00444	0.00282	0.00536
4	0.06033	0.00911	0.01031	0.00766	0.01157	0.00799	0.00619	0.14127	0.03406	0.08170	0.00975	0.01049	0.00753	0.00411	0.00375	0.00093	0.00378	0.00320	0.00337	0.58289
5	0.00914	0.00809	0.00783	0.00755	0.00931	0.10578	0.00594	0.01299	0.16211	0.03867	0.16245	0.03395	0.25230	0.00951	0.00534	0.00161	0.00374	0.15431	0.00434	0.00503
6	0.00569	0.00422	0.00523	0.00602	0.00656	0.00385	0.00407	0.00654	0.00917	0.01188	0.02980	0.61920	0.20029	0.05591	0.00675	0.00195	0.00272	0.01215	0.00424	0.00376
7	0.02695	0.01097	0.04417	0.47257	0.09752	0.09182	0.04391	0.06915	0.01062	0.01370	0.00856	0.01200	0.00671	0.01910	0.02400	0.00169	0.03448	0.00408	0.00235	0.00563
8	0.00571	0.00421	0.00536	0.00626	0.00678	0.00386	0.00431	0.00663	0.00926	0.01207	0.02919	0.67297	0.15986	0.01405	0.00588	0.00185	0.00270	0.04093	0.00432	0.00382
9	0.00650	0.00469	0.00633	0.00735	0.00806	0.00451	0.00574	0.00795	0.00983	0.01286	0.02632	0.43117	0.07016	0.01363	0.00614	0.00199	0.00341	0.36504	0.00430	0.00402
10	0.01222	0.06190	0.01543	0.11857	0.26215	0.15254	0.04593	0.05118	0.15436	0.01518	0.01195	0.01339	0.04103	0.00509	0.00452	0.00140	0.00565	0.00434	0.01672	0.00645
11	0.02587	0.01874	0.32099	0.01370	0.03951	0.19437	0.13166	0.06420	0.08487	0.01531	0.00930	0.01072	0.00703	0.00482	0.00499	0.00145	0.03955	0.00390	0.00257	0.00647
12	0.00606	0.00479	0.00551	0.00589	0.00715	0.00429	0.00460	0.00743	0.01041	0.01289	0.05644	0.13301	0.49298	0.03135	0.00619	0.00181	0.00291	0.19800	0.00430	0.00398
13	0.00673	0.00484	0.00578	0.00554	0.00689	0.00428	0.00415	0.00842	0.01192	0.05054	0.42598	0.08287	0.34396	0.01053	0.00548	0.00153	0.00236	0.00908	0.00479	0.00433
14	0.03090	0.02452	0.05745	0.03055	0.06467	0.14967	0.07209	0.10782	0.06772	0.07412	0.04773	0.13523	0.04805	0.00697	0.00507	0.00148	0.02784	0.00585	0.03638	0.00591
15	0.00670	0.00462	0.00570	0.00573	0.00595	0.00482	0.00363	0.00715	0.00701	0.00956	0.01444	0.05214	0.01599	0.60626	0.22614	0.00519	0.00649	0.00651	0.00278	0.00319
16	0.04947	0.21368	0.03486	0.04815	0.06345	0.43365	0.03346	0.01621	0.01136	0.01210	0.00719	0.00874	0.00608	0.00464	0.00439	0.00124	0.04027	0.00311	0.00227	0.00568
17	0.07248	0.10902	0.09290	0.01184	0.08037	0.30882	0.01818	0.07540	0.03176	0.02763	0.00860	0.01044	0.00711	0.03644	0.02782	0.00155	0.01727	0.00345	0.00266	0.05627
18	0.51295	0.00984	0.00848	0.03034	0.01058	0.06885	0.00617	0.11079	0.01043	0.01941	0.01187	0.03430	0.07557	0.00591	0.00416	0.00149	0.03478	0.03557	0.00323	0.00527

[dist]
# distance from previous block
# <min> <max>
0	1

[block]
# block no. 6 follows, 55 sequences, length 11
# corresponding to MSA columns:
# 247-257
name=unknown_G
#
# <colnr> <probs for GDERKNQSTAVLIFYWHMCP>
#	G	D	E	R	K	N	Q	S	T	A	V	L	I	F	Y	W	H	M	C	P
0	0.00751	0.00641	0.00853	0.00811	0.00856	0.00772	0.00623	0.00853	0.00821	0.01156	0.01909	0.23506	0.13086	0.08443	0.11447	0.00280	0.28626	0.00768	0.03373	0.00423
1	0.03597	0.00553	0.00665	0.00625	0.00779	0.00521	0.00472	0.01095	0.06854	0.10834	0.36943	0.13870	0.19440	0.00983	0.00532	0.00155	0.00265	0.00850	0.00482	0.00486
2	0.01143	0.37515	0.20313	0.01062	0.01482	0.05772	0.07749	0.03056	0.06519	0.01342	0.02442	0.01189	0.02601	0.00498	0.00438	0.00130	0.03494	0.02392	0.00246	0.00616
3	0.01038	0.25283	0.41340	0.01144	0.01670	0.01257	0.07407	0.03021	0.03009	0.01396	0.00966	0.03819	0.02465	0.00479	0.00415	0.00133	0.00592	0.00384	0.00229	0.03952
4	0.00666	0.00450	0.00507	0.00511	0.00520	0.00445	0.00291	0.00675	0.00702	0.00929	0.01656	0.06366	0.05275	0.76628	0.02215	0.00427	0.00434	0.00716	0.00295	0.00291
5	0.00667	0.00497	0.00600	0.00643	0.00734	0.00479	0.00460	0.03549	0.05975	0.01395	0.09862	0.48545	0.16855	0.01241	0.00562	0.00174	0.00277	0.03625	0.03432	0.00427
6	0.01578	0.07301	0.10047	0.01082	0.01450	0.17302	0.02632	0.30182	0.11475	0.10656	0.01147	0.01153	0.00834	0.00526	0.00445	0.00137	0.00570	0.00397	0.00381	0.00706
7	0.03764	0.00796	0.01026	0.00975	0.05359	0.05425	0.05745	0.04561	0.07188	0.08200	0.01561	0.06725	0.06573	0.03088	0.31484	0.00383	0.03220	0.00555	0.02846	0.00527
8	0.00677	0.00451	0.00507	0.00507	0.00507	0.00451	0.00282	0.00677	0.00677	0.00902	0.01466	0.03044	0.01691	0.83650	0.02368	0.00451	0.00451	0.00677	0.00282	0.00282
9	0.01281	0.65766	0.02135	0.00838	0.01185	0.13958	0.00777	0.01415	0.00984	0.01088	0.00714	0.00917	0.00672	0.06077	0.00458	0.00127	0.00547	0.00286	0.00211	0.00567
10	0.00664	0.00494	0.00701	0.00707	0.00763	0.00477	0.05762	0.00751	0.00844	0.01123	0.02029	0.38942	0.02350	0.32321	0.01264	0.00288	0.00391	0.09402	0.00362	0.00364

[dist]
# distance from previous block
# <min> <max>
0	32

[block]
# block no. 7 follows, 55 sequences, length 16
# corresponding to MSA columns:
# 290-305
name=unknown_H
#
# <colnr> <probs for GDERKNQSTAVLIFYWHMCP>
#	G	D	E	R	K	N	Q	S	T	A	V	L	I	F	Y	W	H	M	C	P
0	0.04075	0.01135	0.01265	0.01189	0.09995	0.05100	0.00860	0.29729	0.25167	0.08747	0.01345	0.01353	0.01000	0.00702	0.04331	0.00175	0.02241	0.00447	0.00419	0.00724
1	0.00807	0.00685	0.00707	0.00737	0.00832	0.08500	0.00523	0.07531	0.03646	0.01390	0.05930	0.58429	0.06037	0.01222	0.00558	0.00174	0.00346	0.01082	0.00421	0.00444
2	0.02120	0.01109	0.08964	0.02914	0.05670	0.06282	0.00804	0.07284	0.06636	0.06894	0.06678	0.02961	0.01072	0.00501	0.00446	0.00115	0.02701	0.00401	0.00327	0.36121
3	0.05791	0.01079	0.01090	0.00906	0.01150	0.08797	0.00728	0.33179	0.04058	0.03993	0.13197	0.01786	0.08797	0.00688	0.00570	0.00146	0.08534	0.00518	0.04376	0.00616
4	0.00575	0.00421	0.00533	0.00612	0.00661	0.00387	0.00414	0.00665	0.00930	0.01223	0.07379	0.63399	0.14269	0.05374	0.00671	0.00195	0.00271	0.01214	0.00429	0.00379
5	0.02990	0.00792	0.01010	0.00820	0.01102	0.01848	0.06741	0.02680	0.11454	0.02929	0.13140	0.11702	0.01662	0.00775	0.04298	0.00151	0.00408	0.00560	0.00360	0.34575
6	0.01077	0.01222	0.09542	0.28053	0.38870	0.06159	0.05672	0.01386	0.01029	0.01384	0.00850	0.01149	0.00675	0.00436	0.00463	0.00144	0.00618	0.00407	0.00220	0.00643
7	0.00575	0.00441	0.00527	0.00571	0.00661	0.00393	0.00404	0.00692	0.01022	0.01322	0.15786	0.40982	0.32407	0.01272	0.00570	0.00170	0.00249	0.01118	0.00445	0.00393
8	0.00579	0.00416	0.00551	0.00650	0.00688	0.00389	0.00445	0.00673	0.00922	0.01227	0.05691	0.73820	0.05561	0.01420	0.00593	0.00188	0.00275	0.05095	0.00435	0.00383
9	0.03255	0.01141	0.09902	0.00981	0.03797	0.07153	0.00816	0.08619	0.32041	0.03851	0.09944	0.03623	0.08578	0.00701	0.00483	0.00152	0.00432	0.03482	0.00412	0.00636
10	0.00943	0.00802	0.00940	0.00682	0.01074	0.00607	0.00543	0.01151	0.00990	0.01541	0.06452	0.01142	0.00950	0.00387	0.00359	0.00074	0.00336	0.00316	0.00292	0.80419
11	0.06196	0.01242	0.01242	0.06128	0.03770	0.12624	0.00847	0.29668	0.16224	0.04565	0.01201	0.01245	0.02338	0.00554	0.00495	0.00140	0.04443	0.00414	0.00380	0.06283
12	0.01132	0.01075	0.01771	0.08376	0.67374	0.01105	0.01350	0.01513	0.08801	0.01538	0.00972	0.01215	0.00796	0.00439	0.00462	0.00141	0.00539	0.00425	0.00252	0.00721
13	0.03656	0.01018	0.03952	0.01054	0.08953	0.07453	0.00771	0.13748	0.13104	0.15934	0.05695	0.09093	0.10681	0.00766	0.01861	0.00159	0.00447	0.00595	0.00422	0.00639
14	0.01029	0.21261	0.48255	0.09152	0.01864	0.05050	0.01376	0.01423	0.00996	0.01355	0.03653	0.01035	0.00731	0.00454	0.00413	0.00136	0.00627	0.00344	0.00211	0.00634
15	0.00821	0.00796	0.03729	0.00964	0.08737	0.08561	0.02029	0.04617	0.01050	0.01331	0.02406	0.43746	0.15032	0.01110	0.00545	0.00168	0.00388	0.03117	0.00383	0.00468

[dist]
# distance from previous block
# <min> <max>
4	24

[block]
# block no. 8 follows, 55 sequences, length 31
# corresponding to MSA columns:
# 330-360
name=unknown_I
#
# <colnr> <probs for GDERKNQSTAVLIFYWHMCP>
#	G	D	E	R	K	N	Q	S	T	A	V	L	I	F	Y	W	H	M	C	P
0	0.01154	0.07907	0.08866	0.10122	0.11487	0.05806	0.07032	0.03485	0.00978	0.07771	0.00901	0.01212	0.00751	0.04192	0.04566	0.00197	0.22313	0.00416	0.00254	0.00589
1	0.00894	0.02914	0.00943	0.03059	0.06273	0.06734	0.02111	0.06616	0.02179	0.02511	0.02929	0.32532	0.05471	0.03035	0.09466	0.00235	0.02089	0.06261	0.00362	0.03384
2	0.01563	0.01177	0.01325	0.01067	0.02638	0.01293	0.02685	0.54367	0.13873	0.04802	0.01266	0.03213	0.00951	0.00646	0.02220	0.00156	0.02150	0.00458	0.00443	0.03710
3	0.00668	0.00521	0.00627	0.00667	0.00796	0.00497	0.00534	0.00897	0.06028	0.01361	0.06718	0.12237	0.34933	0.01276	0.03324	0.00200	0.00348	0.27511	0.00431	0.00428
4	0.00879	0.00827	0.01395	0.82532	0.03204	0.01034	0.01292	0.01189	0.00930	0.01189	0.00827	0.01240	0.00620	0.00465	0.00465	0.00155	0.00620	0.00413	0.00207	0.00517
5	0.01009	0.00799	0.05766	0.02368	0.01018	0.02185	0.00661	0.09866	0.06070	0.09075	0.01449	0.03185	0.03560	0.15324	0.29595	0.00409	0.02261	0.00526	0.04358	0.00514
6	0.01479	0.01739	0.06861	0.01061	0.01326	0.47769	0.00856	0.06928	0.09724	0.03455	0.01101	0.01222	0.02880	0.02537	0.03220	0.00157	0.00692	0.00381	0.06039	0.00573
7	0.00680	0.00457	0.00530	0.00543	0.00554	0.00457	0.00329	0.00702	0.00718	0.00955	0.01587	0.05449	0.01820	0.73859	0.02161	0.00422	0.00444	0.07735	0.00299	0.00298
8	0.00572	0.00461	0.00511	0.00537	0.00661	0.00400	0.00397	0.00694	0.01044	0.01293	0.09633	0.20981	0.54699	0.01226	0.00564	0.00166	0.00252	0.05076	0.00438	0.00395
9	0.01184	0.08711	0.08611	0.17778	0.26954	0.06328	0.08487	0.08044	0.03771	0.03158	0.02069	0.01167	0.00766	0.00458	0.00453	0.00140	0.00595	0.00410	0.00260	0.00655
10	0.00665	0.00447	0.00514	0.00524	0.00531	0.00443	0.00302	0.00680	0.00719	0.00962	0.04072	0.11323	0.01919	0.72582	0.02128	0.00414	0.00425	0.00748	0.00305	0.00297
11	0.00761	0.00417	0.00606	0.00616	0.00627	0.00422	0.00415	0.00637	0.00653	0.00878	0.01071	0.09576	0.01130	0.07950	0.09462	0.63298	0.00476	0.00523	0.00235	0.00246
12	0.00621	0.00484	0.00564	0.00602	0.00703	0.00452	0.00431	0.01886	0.05180	0.01305	0.06698	0.38811	0.32835	0.03157	0.02112	0.00189	0.00289	0.02839	0.00431	0.00411
13	0.01428	0.11170	0.05900	0.01028	0.01357	0.15157	0.06559	0.12573	0.16638	0.13640	0.01423	0.03630	0.04337	0.00574	0.00448	0.00139	0.00526	0.00460	0.02353	0.00659
14	0.00569	0.00415	0.00537	0.00633	0.00677	0.00383	0.00431	0.00658	0.00914	0.01200	0.02802	0.72661	0.11720	0.01422	0.00590	0.00186	0.00270	0.03119	0.00432	0.00381
15	0.00706	0.00544	0.00550	0.00554	0.00686	0.04128	0.00407	0.00840	0.01059	0.03901	0.09843	0.18770	0.43162	0.01079	0.00521	0.00154	0.00271	0.00917	0.11489	0.00418
16	0.01481	0.01347	0.08753	0.03859	0.18954	0.05280	0.06956	0.36241	0.01576	0.07165	0.01029	0.01139	0.00758	0.00505	0.00495	0.00143	0.02817	0.00418	0.00354	0.00730
17	0.04889	0.01342	0.01319	0.01371	0.14736	0.27791	0.02785	0.06355	0.01094	0.01355	0.00927	0.03376	0.00846	0.03422	0.10699	0.00231	0.14588	0.02057	0.00260	0.00555
18	0.01487	0.00842	0.00990	0.00809	0.01084	0.00855	0.00651	0.20260	0.12145	0.28062	0.14669	0.01826	0.01644	0.00637	0.00463	0.00140	0.00367	0.00521	0.11869	0.00678
19	0.01353	0.01013	0.01110	0.00857	0.01215	0.04622	0.00690	0.20758	0.08247	0.12168	0.01155	0.03113	0.00890	0.00495	0.00435	0.00112	0.02099	0.00387	0.00379	0.38903
20	0.01301	0.00892	0.01064	0.00829	0.01150	0.00856	0.00669	0.17939	0.03922	0.15830	0.02532	0.01348	0.02140	0.02626	0.07228	0.00175	0.05068	0.00403	0.00376	0.33651
21	0.00663	0.00516	0.00681	0.00685	0.00764	0.00519	0.02510	0.02884	0.00954	0.01272	0.09193	0.38712	0.16099	0.09391	0.08125	0.00254	0.04992	0.00990	0.00391	0.00405
22	0.00730	0.00563	0.00729	0.00739	0.00811	0.00599	0.00542	0.00879	0.04086	0.04096	0.04409	0.50621	0.11089	0.01212	0.00721	0.00180	0.13560	0.01031	0.00399	0.03002
23	0.00879	0.00827	0.01395	0.82532	0.03204	0.01034	0.01292	0.01189	0.00930	0.01189	0.00827	0.01240	0.00620	0.00465	0.00465	0.00155	0.00620	0.00413	0.00207	0.00517
24	0.01088	0.01045	0.01694	0.07683	0.55396	0.03596	0.05894	0.03171	0.01085	0.01497	0.03402	0.06662	0.03067	0.00542	0.00482	0.00145	0.00541	0.02081	0.00265	0.00664
25	0.03098	0.62312	0.06062	0.00875	0.01282	0.01634	0.03168	0.07064	0.01073	0.08522	0.00806	0.00876	0.00662	0.00428	0.00340	0.00111	0.00504	0.00294	0.00255	0.00632
26	0.00582	0.00426	0.00536	0.00604	0.00658	0.00392	0.00410	0.00678	0.00946	0.01250	0.11178	0.57097	0.14700	0.07378	0.00712	0.00199	0.00273	0.01173	0.00430	0.00380
27	0.00585	0.00421	0.00552	0.00643	0.00685	0.00394	0.00442	0.00681	0.00926	0.01229	0.06662	0.67708	0.07255	0.04033	0.00649	0.00195	0.00281	0.05846	0.00431	0.00382
28	0.01149	0.00954	0.03034	0.00903	0.01139	0.02469	0.00708	0.11165	0.35171	0.04404	0.03858	0.14317	0.14233	0.00907	0.00546	0.00177	0.00399	0.03327	0.00479	0.00661
29	0.01318	0.24645	0.20843	0.01111	0.01515	0.27385	0.04275	0.04396	0.05536	0.01334	0.00925	0.01024	0.02837	0.00475	0.00405	0.00126	0.00652	0.00342	0.00244	0.00611
30	0.01635	0.02047	0.01334	0.01202	0.01407	0.70350	0.00916	0.01753	0.01232	0.01136	0.00704	0.00864	0.00601	0.00527	0.00577	0.00132	0.12500	0.00315	0.00235	0.00535

[dist]
# distance from previous block
# <min> <max>
0	25

[block]
# block no. 9 follows, 55 sequences, length 12
# corresponding to MSA columns:
# 386-397
name=unknown_J
#
# <colnr> <probs for GDERKNQSTAVLIFYWHMCP>
#	G	D	E	R	K	N	Q	S	T	A	V	L	I	F	Y	W	H	M	C	P
0	0.01169	0.01100	0.01393	0.03199	0.11172	0.10046	0.10183	0.13708	0.03140	0.01567	0.02334	0.01384	0.00912	0.09144	0.07069	0.00216	0.09514	0.00442	0.00290	0.12015
1	0.01119	0.01045	0.01740	0.09544	0.64695	0.01075	0.01330	0.04749	0.01074	0.01520	0.00909	0.01207	0.00760	0.00651	0.06431	0.00184	0.00608	0.00421	0.00240	0.00697
2	0.00575	0.00481	0.00497	0.00503	0.00646	0.00418	0.00369	0.00723	0.03490	0.01258	0.04313	0.11058	0.68371	0.04443	0.00623	0.00171	0.00251	0.00985	0.00427	0.00398
3	0.00753	0.00533	0.00700	0.00759	0.00868	0.00526	0.00624	0.00980	0.04489	0.03276	0.10256	0.11241	0.08942	0.07257	0.00737	0.00214	0.00377	0.46603	0.00432	0.00434
4	0.06415	0.01314	0.01253	0.03208	0.07568	0.17371	0.00853	0.33008	0.12378	0.02118	0.07215	0.01380	0.02721	0.00574	0.00455	0.00140	0.00527	0.00443	0.00389	0.00670
5	0.04370	0.01454	0.01236	0.07034	0.01478	0.32637	0.00848	0.07537	0.08355	0.23122	0.05955	0.01444	0.01141	0.00607	0.00485	0.00152	0.00610	0.00442	0.00413	0.00679
6	0.00724	0.00413	0.00575	0.00598	0.00623	0.00397	0.00403	0.00623	0.00724	0.00945	0.01674	0.19039	0.11435	0.01527	0.01399	0.57331	0.00354	0.00671	0.00280	0.00263
7	0.00749	0.00494	0.00622	0.00624	0.00673	0.00499	0.00426	0.05166	0.00860	0.01154	0.06539	0.14610	0.03825	0.31810	0.07163	0.17959	0.00452	0.05711	0.00324	0.00340
8	0.01134	0.01087	0.01856	0.08037	0.75705	0.01101	0.01419	0.01412	0.01051	0.01498	0.00872	0.01157	0.00729	0.00418	0.00461	0.00139	0.00557	0.00414	0.00229	0.00723
9	0.00960	0.00920	0.01042	0.00943	0.01038	0.12623	0.02758	0.03906	0.00877	0.01157	0.01049	0.03081	0.01018	0.12123	0.33452	0.00436	0.21425	0.00482	0.00251	0.00459
10	0.00647	0.00479	0.00622	0.00706	0.00798	0.00454	0.00561	0.00798	0.01010	0.01297	0.02979	0.30430	0.19526	0.01318	0.00607	0.00194	0.00336	0.36403	0.00430	0.00404
11	0.02951	0.14142	0.07219	0.00939	0.01257	0.07713	0.06027	0.12231	0.07784	0.11094	0.08935	0.02813	0.02375	0.04104	0.02183	0.00159	0.00499	0.00469	0.03781	0.03326

[dist]
# distance from previous block
# <min> <max>
0	1

[block]
# block no. 10 follows, 55 sequences, length 49
# corresponding to MSA columns:
# 399-447
name=unknown_K
#
# <colnr> <probs for GDERKNQSTAVLIFYWHMCP>
#	G	D	E	R	K	N	Q	S	T	A	V	L	I	F	Y	W	H	M	C	P
0	0.00865	0.00622	0.00720	0.00688	0.00827	0.04111	0.00528	0.02960	0.01128	0.09861	0.21253	0.16917	0.21968	0.01189	0.05358	0.00197	0.03955	0.05947	0.00438	0.00469
1	0.01244	0.83930	0.02438	0.00796	0.01194	0.01841	0.00796	0.01393	0.00945	0.01095	0.00647	0.00746	0.00597	0.00398	0.00299	0.00100	0.00498	0.00249	0.00199	0.00597
2	0.01573	0.08010	0.01396	0.02497	0.01390	0.02886	0.00837	0.54869	0.11046	0.02494	0.01147	0.01159	0.00844	0.00538	0.00442	0.00134	0.00487	0.00407	0.02100	0.05744
3	0.02148	0.19464	0.03452	0.00705	0.00935	0.02459	0.00603	0.03595	0.02468	0.06218	0.18279	0.07756	0.19892	0.01002	0.06092	0.00182	0.01831	0.00656	0.00375	0.01889
4	0.02495	0.04609	0.39977	0.01472	0.15592	0.07194	0.03064	0.05740	0.01097	0.04622	0.00880	0.01024	0.00660	0.00439	0.00431	0.00134	0.00610	0.00355	0.00245	0.09359
5	0.00754	0.00559	0.00661	0.00672	0.00783	0.00561	0.00487	0.06371	0.10717	0.01550	0.14957	0.41922	0.10565	0.01128	0.00542	0.00167	0.00284	0.00996	0.05858	0.00465
6	0.00709	0.00532	0.00632	0.00645	0.00774	0.00505	0.00494	0.03914	0.05249	0.02899	0.15809	0.22456	0.29391	0.01159	0.00566	0.00171	0.00292	0.12910	0.00450	0.00443
7	0.05103	0.05514	0.20649	0.02497	0.14207	0.02716	0.03308	0.06650	0.03928	0.01533	0.03332	0.11144	0.12322	0.00710	0.00500	0.00152	0.02313	0.02522	0.00310	0.00591
8	0.02956	0.06442	0.07764	0.09327	0.05707	0.09416	0.05245	0.09062	0.03080	0.02456	0.01318	0.12659	0.02758	0.03162	0.02096	0.01279	0.08078	0.06340	0.00305	0.00551
9	0.01043	0.00759	0.00843	0.00768	0.00965	0.00811	0.00585	0.07733	0.32666	0.07533	0.09532	0.13057	0.09314	0.05143	0.00591	0.00170	0.00335	0.00693	0.06870	0.00590
10	0.00589	0.00450	0.00538	0.00573	0.00666	0.00404	0.00411	0.00714	0.01040	0.01351	0.19522	0.32844	0.31481	0.03905	0.00627	0.00178	0.00258	0.03611	0.00444	0.00395
11	0.01253	0.12873	0.23413	0.03433	0.03305	0.09895	0.08271	0.13546	0.09083	0.03710	0.02208	0.01182	0.02231	0.00508	0.00475	0.00140	0.03121	0.00402	0.00294	0.00659
12	0.00757	0.00562	0.00643	0.00632	0.00730	0.00577	0.00443	0.01103	0.16916	0.01427	0.17565	0.14986	0.07678	0.26417	0.01089	0.00249	0.00333	0.02119	0.05337	0.00438
13	0.00639	0.00438	0.00542	0.00590	0.00623	0.00420	0.00389	0.00680	0.00817	0.01072	0.02215	0.33359	0.09931	0.32037	0.01354	0.07323	0.00356	0.06524	0.00357	0.00333
14	0.01072	0.25983	0.02836	0.01072	0.10285	0.06097	0.04855	0.02366	0.09137	0.03131	0.03057	0.02979	0.18733	0.00662	0.00463	0.00136	0.02307	0.02069	0.02189	0.00574
15	0.01201	0.25269	0.28383	0.01199	0.08266	0.06590	0.01147	0.09010	0.05753	0.03305	0.00953	0.03368	0.00770	0.00486	0.00408	0.00131	0.00567	0.00371	0.02166	0.00657
16	0.01106	0.03001	0.03235	0.01826	0.39612	0.02235	0.02345	0.10752	0.01109	0.01572	0.01026	0.01388	0.00886	0.06254	0.12408	0.00246	0.03495	0.00440	0.06434	0.00629
17	0.00598	0.00469	0.00537	0.00527	0.00655	0.00412	0.00391	0.00753	0.01149	0.01494	0.35504	0.07844	0.43977	0.02899	0.00591	0.00161	0.00235	0.00934	0.00461	0.00408
18	0.00577	0.00421	0.00538	0.00616	0.00666	0.00388	0.00418	0.00673	0.00947	0.01253	0.10276	0.63447	0.12929	0.03729	0.00635	0.00188	0.00266	0.01215	0.00435	0.00383
19	0.04736	0.09814	0.11457	0.07213	0.28701	0.06415	0.13525	0.03161	0.01055	0.01453	0.00921	0.02636	0.00784	0.00486	0.00484	0.00144	0.02825	0.03310	0.00241	0.00639
20	0.00933	0.02406	0.81240	0.01326	0.02014	0.01080	0.01719	0.01473	0.00982	0.01473	0.00835	0.00982	0.00589	0.00442	0.00442	0.00147	0.00688	0.00344	0.00196	0.00688
21	0.03352	0.01061	0.03580	0.04349	0.27189	0.03075	0.05379	0.12745	0.05263	0.04675	0.07899	0.01421	0.02867	0.00507	0.00452	0.00131	0.00483	0.00448	0.00326	0.14798
22	0.01600	0.01323	0.01220	0.01007	0.01304	0.18263	0.00798	0.41513	0.06551	0.08945	0.01380	0.07607	0.03703	0.02007	0.00500	0.00146	0.00534	0.00497	0.00421	0.00681
23	0.00669	0.00455	0.00544	0.00556	0.00571	0.00462	0.00342	0.00701	0.00715	0.00961	0.01567	0.09487	0.01783	0.65679	0.10516	0.00453	0.00519	0.03417	0.00296	0.00309
24	0.01116	0.01075	0.01851	0.12842	0.68760	0.01098	0.03635	0.01399	0.01044	0.01477	0.00871	0.01166	0.00721	0.00420	0.00464	0.00141	0.00568	0.00418	0.00227	0.00706
25	0.01066	0.01018	0.01734	0.27735	0.56534	0.01083	0.01385	0.01353	0.01019	0.01416	0.00860	0.01179	0.00700	0.00430	0.00462	0.00143	0.00574	0.00414	0.00223	0.00668
26	0.01404	0.00885	0.01081	0.00919	0.01190	0.00911	0.02504	0.25573	0.08853	0.20162	0.07615	0.02565	0.03860	0.00790	0.00521	0.00162	0.00428	0.19443	0.00480	0.00657
27	0.01152	0.01040	0.03242	0.01010	0.01297	0.01127	0.06266	0.07862	0.61462	0.01927	0.01882	0.03466	0.04867	0.00646	0.00483	0.00157	0.00408	0.00552	0.00446	0.00709
28	0.01151	0.01105	0.01888	0.02855	0.80748	0.01105	0.01428	0.01428	0.01059	0.01520	0.00875	0.01151	0.00737	0.00415	0.00461	0.00138	0.00553	0.00415	0.00230	0.00737
29	0.00873	0.00542	0.00564	0.00551	0.00687	0.00560	0.00414	0.02609	0.13866	0.01695	0.01981	0.09014	0.09318	0.00699	0.00397	0.00129	0.00253	0.00580	0.54787	0.00480
30	0.01132	0.01107	0.01945	0.06024	0.67812	0.01117	0.09305	0.01417	0.01050	0.01494	0.00874	0.01163	0.00726	0.00423	0.00493	0.00142	0.02406	0.00428	0.00229	0.00712
31	0.00576	0.00481	0.00503	0.00500	0.00649	0.00413	0.00374	0.00729	0.02668	0.01343	0.13874	0.06476	0.67511	0.01147	0.00549	0.00157	0.00237	0.00965	0.00443	0.00405
32	0.00591	0.00422	0.00528	0.00600	0.00635	0.00396	0.00393	0.00661	0.00869	0.01147	0.04221	0.57174	0.09790	0.19152	0.00972	0.00242	0.00305	0.01142	0.00401	0.00360
33	0.05403	0.02061	0.01299	0.01171	0.01401	0.71119	0.00889	0.03798	0.01280	0.01225	0.00719	0.00854	0.00601	0.00500	0.00485	0.00127	0.05974	0.00307	0.00245	0.00542
34	0.00983	0.15553	0.68532	0.01241	0.01881	0.01203	0.01570	0.01460	0.00976	0.01412	0.00805	0.00944	0.00591	0.00435	0.00419	0.00140	0.00657	0.00328	0.00197	0.00673
35	0.02882	0.00864	0.00861	0.00786	0.00938	0.10901	0.00577	0.14774	0.01129	0.05447	0.01490	0.21931	0.01543	0.15954	0.02744	0.08361	0.01512	0.01992	0.00354	0.04962
36	0.01022	0.00674	0.00731	0.00678	0.00808	0.06155	0.00483	0.03300	0.03888	0.15598	0.13800	0.16498	0.06300	0.26701	0.01095	0.00247	0.00389	0.00753	0.00412	0.00468
37	0.00654	0.00460	0.00576	0.00634	0.00720	0.00422	0.00464	0.00769	0.00981	0.04221	0.05417	0.43060	0.22187	0.04767	0.00659	0.00193	0.00296	0.12686	0.00433	0.00402
38	0.04284	0.02164	0.01187	0.01099	0.07663	0.06313	0.00813	0.30402	0.08705	0.03746	0.01291	0.05301	0.01118	0.03730	0.11783	0.00243	0.04047	0.05103	0.00375	0.00632
39	0.01149	0.01138	0.01709	0.10158	0.60749	0.07908	0.01304	0.01435	0.02759	0.01483	0.05038	0.01267	0.00919	0.00457	0.00462	0.00139	0.00562	0.00429	0.00249	0.00684
40	0.00629	0.00469	0.00545	0.00575	0.00681	0.00423	0.00412	0.00769	0.02992	0.03345	0.09191	0.32906	0.37615	0.04827	0.00643	0.00182	0.00268	0.02687	0.00436	0.00406
41	0.00992	0.00870	0.01326	0.01106	0.01236	0.01030	0.11934	0.04989	0.00980	0.05542	0.11290	0.11323	0.03045	0.00991	0.05849	0.00213	0.35835	0.00612	0.00314	0.00522
42	0.01133	0.01189	0.13714	0.01269	0.14748	0.04175	0.00964	0.12019	0.06138	0.05386	0.03280	0.05387	0.03109	0.05282	0.04405	0.00185	0.05946	0.00480	0.00319	0.10872
43	0.00648	0.00479	0.00621	0.00723	0.05668	0.00461	0.00444	0.00730	0.00869	0.01161	0.07297	0.35842	0.09964	0.28463	0.04265	0.00288	0.00378	0.00957	0.00368	0.00376
44	0.00660	0.00480	0.00673	0.00681	0.00739	0.00534	0.00496	0.00779	0.00741	0.01044	0.01399	0.08198	0.01436	0.23161	0.56116	0.00633	0.00977	0.00604	0.00271	0.00380
45	0.03345	0.05389	0.01277	0.05652	0.02893	0.14544	0.07473	0.07125	0.08387	0.02808	0.01082	0.01375	0.00911	0.01575	0.29460	0.00358	0.05083	0.00435	0.00282	0.00547
46	0.01431	0.01145	0.01415	0.09630	0.20091	0.04524	0.01002	0.36882	0.05386	0.05303	0.04547	0.01302	0.00969	0.00587	0.01957	0.00152	0.00530	0.00440	0.02000	0.00709
47	0.10309	0.05360	0.01246	0.01107	0.09590	0.06861	0.05416	0.14927	0.11333	0.02766	0.05109	0.07915	0.05022	0.02352	0.00487	0.00145	0.00456	0.00515	0.00356	0.08730
48	0.01337	0.32228	0.15967	0.03198	0.03260	0.22762	0.01028	0.07513	0.03126	0.01349	0.00775	0.00898	0.00636	0.00463	0.00428	0.00124	0.03742	0.00313	0.00238	0.00614

[dist]
# distance from previous block
# <min> <max>
0	11

[block]
# block no. 11 follows, 55 sequences, length 10
# corresponding to MSA columns:
# 468-477
name=unknown_L
#
# <colnr> <probs for GDERKNQSTAVLIFYWHMCP>
#	G	D	E	R	K	N	Q	S	T	A	V	L	I	F	Y	W	H	M	C	P
0	0.01126	0.01010	0.05991	0.04213	0.26535	0.04076	0.03311	0.08591	0.04033	0.07044	0.02838	0.09123	0.02660	0.07115	0.00740	0.05894	0.01985	0.02801	0.00318	0.00596
1	0.00754	0.00529	0.00637	0.00619	0.00718	0.00525	0.00437	0.00994	0.09271	0.04792	0.23946	0.13583	0.10648	0.23816	0.06427	0.00277	0.00382	0.00802	0.00411	0.00428
2	0.01126	0.21992	0.01383	0.00911	0.01142	0.23386	0.04175	0.01296	0.02928	0.01196	0.01680	0.10571	0.13532	0.00887	0.04791	0.00172	0.03286	0.04742	0.00295	0.00509
3	0.06711	0.16606	0.25714	0.04786	0.11080	0.05222	0.03937	0.04352	0.04887	0.04023	0.00967	0.04734	0.00799	0.00564	0.02116	0.00152	0.02056	0.00401	0.00258	0.00635
4	0.00664	0.00446	0.00511	0.00523	0.00527	0.00443	0.00299	0.00673	0.00701	0.00935	0.01592	0.12248	0.01850	0.74230	0.02165	0.00421	0.00430	0.00751	0.00299	0.00293
5	0.00649	0.00458	0.00549	0.00580	0.00627	0.00441	0.00391	0.00722	0.00860	0.01129	0.07457	0.18109	0.12464	0.41563	0.01459	0.00314	0.00372	0.11149	0.00363	0.00344
6	0.03037	0.03022	0.10770	0.05572	0.02530	0.08749	0.08839	0.01347	0.13864	0.01415	0.04166	0.20984	0.06541	0.00976	0.05888	0.00197	0.00537	0.00689	0.00337	0.00542
