[name]
unknown

[dist]
# distance from previous block
# <min> <max>
0	584

[block]
# block no. 0 follows, 72 sequences, length 35
# corresponding to MSA columns:
# 627-661
name=unknown_A
#
# <colnr> <probs for GDERKNQSTAVLIFYWHMCP>
#	G	D	E	R	K	N	Q	S	T	A	V	L	I	F	Y	W	H	M	C	P
0	0.00764	0.16694	0.11890	0.04541	0.05994	0.02502	0.05754	0.01920	0.00829	0.04917	0.05987	0.28949	0.04862	0.00688	0.00398	0.00125	0.00366	0.02114	0.00270	0.00435
1	0.00488	0.00358	0.00443	0.00481	0.00535	0.00330	0.00332	0.00575	0.00798	0.01056	0.17525	0.42605	0.17919	0.11932	0.00655	0.00170	0.00229	0.02907	0.00349	0.00311
2	0.00892	0.00717	0.01909	0.02584	0.18864	0.00650	0.06548	0.03666	0.04014	0.09502	0.01952	0.07965	0.02076	0.00555	0.04075	0.00124	0.00384	0.02600	0.01922	0.29003
3	0.00800	0.06867	0.23914	0.00812	0.01051	0.02004	0.03323	0.08107	0.00790	0.03262	0.00853	0.01254	0.00767	0.15574	0.19305	0.00271	0.10027	0.00367	0.00211	0.00441
4	0.00478	0.00349	0.00436	0.00493	0.00545	0.00319	0.00343	0.00566	0.00789	0.01047	0.09749	0.58379	0.18234	0.01079	0.00467	0.00144	0.00212	0.02621	0.03434	0.00317
5	0.01014	0.86900	0.01987	0.00649	0.00973	0.01501	0.00649	0.01136	0.00771	0.00892	0.00527	0.00608	0.00487	0.00324	0.00243	0.00081	0.00406	0.00203	0.00162	0.00487
6	0.00917	0.00812	0.01294	0.15170	0.29332	0.00862	0.10740	0.09838	0.08270	0.03772	0.05621	0.03311	0.00878	0.00549	0.04450	0.00145	0.02862	0.00402	0.00249	0.00528
7	0.05047	0.12563	0.38993	0.01085	0.03034	0.06584	0.03451	0.09191	0.02767	0.04762	0.00902	0.01078	0.00716	0.00566	0.02392	0.00160	0.05465	0.00350	0.00270	0.00625
8	0.00870	0.00505	0.00592	0.00520	0.00693	0.00457	0.00406	0.07849	0.01012	0.22765	0.11583	0.08144	0.40304	0.00779	0.00425	0.00124	0.00245	0.00653	0.01640	0.00435
9	0.00463	0.00335	0.00438	0.00518	0.00548	0.00310	0.00348	0.00534	0.00744	0.00986	0.04344	0.79198	0.07506	0.01164	0.00481	0.00152	0.00217	0.01051	0.00354	0.00310
10	0.00861	0.02124	0.05886	0.07802	0.41671	0.02315	0.04862	0.02604	0.05919	0.03670	0.05006	0.04360	0.10313	0.00479	0.00392	0.00119	0.00410	0.00437	0.00243	0.00525
11	0.00845	0.07941	0.61204	0.00965	0.01430	0.00843	0.02481	0.01198	0.00825	0.09192	0.02047	0.07769	0.00734	0.00440	0.00366	0.00120	0.00495	0.00357	0.00210	0.00539
12	0.00491	0.00374	0.00456	0.00503	0.00575	0.00344	0.00366	0.00609	0.02549	0.01068	0.10221	0.42831	0.27378	0.01051	0.00472	0.00145	0.00223	0.09660	0.00359	0.00327
13	0.84389	0.00736	0.00601	0.03048	0.03022	0.00852	0.00450	0.01112	0.00655	0.01668	0.00537	0.00636	0.00419	0.00352	0.00243	0.00117	0.00304	0.00213	0.00232	0.00416
14	0.00493	0.00385	0.00443	0.00429	0.00535	0.00339	0.00320	0.00626	0.00955	0.01251	0.41748	0.03231	0.43765	0.03215	0.00488	0.00130	0.00191	0.00739	0.00380	0.00336
15	0.02260	0.08254	0.06537	0.04706	0.21643	0.08509	0.01686	0.09485	0.16907	0.04371	0.04198	0.02087	0.00829	0.00451	0.00412	0.01939	0.02917	0.00353	0.00263	0.02194
16	0.00997	0.00949	0.02739	0.03768	0.68649	0.03937	0.01097	0.06937	0.00930	0.03055	0.00732	0.00932	0.00601	0.00360	0.00397	0.00114	0.02675	0.00335	0.00206	0.00590
17	0.00477	0.00372	0.00434	0.00446	0.00537	0.00328	0.00324	0.00591	0.00893	0.01157	0.26947	0.23170	0.41048	0.00961	0.00457	0.00132	0.00195	0.00833	0.00371	0.00328
18	0.86985	0.00742	0.00573	0.00509	0.00745	0.00860	0.00419	0.03319	0.00676	0.01720	0.00538	0.00624	0.00417	0.00355	0.00239	0.00117	0.00297	0.00209	0.00239	0.00417
19	0.00998	0.80237	0.03150	0.00669	0.00983	0.01458	0.00664	0.01123	0.00763	0.00904	0.00531	0.00624	0.00489	0.00339	0.00290	0.00085	0.04177	0.00210	0.00164	0.02142
20	0.00720	0.00678	0.01137	0.78893	0.06863	0.00831	0.01037	0.00967	0.00767	0.00985	0.00768	0.01083	0.02924	0.00394	0.00381	0.00126	0.00494	0.00350	0.00175	0.00428
21	0.00470	0.00364	0.00429	0.00464	0.00543	0.00323	0.00333	0.00566	0.00834	0.01066	0.12979	0.37659	0.38172	0.01034	0.00465	0.00139	0.00207	0.03275	0.00360	0.00321
22	0.00758	0.00717	0.01218	0.60058	0.19717	0.00836	0.03274	0.00996	0.00785	0.01041	0.02059	0.04122	0.00649	0.00409	0.00399	0.00125	0.01826	0.00373	0.00184	0.00456
23	0.00470	0.00374	0.00418	0.00448	0.00535	0.00332	0.00320	0.00570	0.02230	0.01005	0.03054	0.31428	0.49724	0.04867	0.00527	0.00149	0.00215	0.02674	0.00347	0.00318
24	0.00630	0.02049	0.22299	0.00788	0.00993	0.02173	0.08138	0.02332	0.00781	0.01068	0.01487	0.48710	0.01649	0.03085	0.00491	0.00146	0.01753	0.00749	0.00277	0.00402
25	0.00812	0.02132	0.00975	0.09790	0.12886	0.16259	0.06472	0.01948	0.03152	0.01104	0.08627	0.15524	0.14844	0.00646	0.00436	0.00124	0.03022	0.00556	0.00268	0.00424
26	0.04635	0.00816	0.06756	0.08438	0.22443	0.00754	0.01934	0.07028	0.00948	0.27731	0.01081	0.08501	0.00856	0.00533	0.02190	0.00133	0.03957	0.00410	0.00303	0.00552
27	0.00881	0.00610	0.00664	0.00596	0.00768	0.00575	0.00454	0.15914	0.02405	0.09325	0.07849	0.09587	0.42909	0.00854	0.00465	0.00142	0.00285	0.00691	0.04556	0.00472
28	0.04010	0.04788	0.03516	0.15752	0.33028	0.07659	0.08781	0.07313	0.02664	0.03908	0.00734	0.00924	0.00580	0.00379	0.00409	0.00117	0.04359	0.00332	0.00212	0.00533
29	0.01028	0.08061	0.05486	0.07639	0.12209	0.12248	0.06940	0.11083	0.12911	0.06262	0.01029	0.10604	0.00885	0.00518	0.01315	0.00124	0.00449	0.00420	0.00271	0.00519
30	0.00542	0.00382	0.00486	0.00541	0.00594	0.00366	0.00382	0.02816	0.02614	0.02586	0.02111	0.60537	0.09308	0.05864	0.00571	0.01296	0.00248	0.08084	0.00346	0.00328
31	0.03288	0.05674	0.01302	0.30038	0.27205	0.07295	0.04724	0.06284	0.02377	0.01176	0.00795	0.03260	0.02163	0.00407	0.00391	0.00118	0.02446	0.00355	0.00204	0.00498
32	0.08030	0.05964	0.06133	0.08074	0.04822	0.04936	0.06253	0.13178	0.04682	0.12895	0.06365	0.06386	0.04536	0.00504	0.00374	0.00117	0.00391	0.01933	0.00299	0.04127
33	0.04118	0.08545	0.25680	0.03088	0.14435	0.04015	0.05577	0.12137	0.02283	0.07837	0.04804	0.03193	0.00774	0.00417	0.00364	0.00114	0.00456	0.00347	0.00245	0.01571
34	0.03360	0.00950	0.06810	0.18848	0.23304	0.09406	0.05664	0.03560	0.02768	0.06074	0.00873	0.02671	0.02759	0.00496	0.02877	0.00135	0.06048	0.00360	0.02536	0.00499

[dist]
# distance from previous block
# <min> <max>
6	22

[block]
# block no. 1 follows, 72 sequences, length 7
# corresponding to MSA columns:
# 684-690
name=unknown_B
#
# <colnr> <probs for GDERKNQSTAVLIFYWHMCP>
#	G	D	E	R	K	N	Q	S	T	A	V	L	I	F	Y	W	H	M	C	P
0	0.00613	0.00451	0.00530	0.00527	0.00633	0.00427	0.00388	0.07257	0.03340	0.03302	0.08519	0.33748	0.24936	0.05279	0.00525	0.00147	0.00246	0.04934	0.00352	0.03845
1	0.00673	0.02794	0.00717	0.06121	0.05148	0.02752	0.01957	0.03988	0.06771	0.02850	0.04394	0.22082	0.15293	0.07453	0.10463	0.00207	0.00396	0.05254	0.00301	0.00387
2	0.03548	0.05453	0.18735	0.08737	0.17991	0.07588	0.09322	0.07729	0.03169	0.06000	0.05079	0.01004	0.00733	0.00402	0.00396	0.00117	0.02895	0.00342	0.00229	0.00532
3	0.03261	0.00800	0.03248	0.05159	0.18628	0.06084	0.10937	0.05348	0.03166	0.06360	0.04439	0.09559	0.05248	0.04096	0.04464	0.00159	0.02596	0.05712	0.00266	0.00471
4	0.00561	0.00484	0.02781	0.00613	0.03979	0.00433	0.03654	0.02161	0.02980	0.01073	0.09158	0.20177	0.30260	0.09637	0.04910	0.02255	0.00310	0.03909	0.00317	0.00348
5	0.02775	0.13441	0.05924	0.00875	0.03416	0.24468	0.06203	0.12020	0.03255	0.03722	0.06146	0.07585	0.03050	0.00481	0.00359	0.00107	0.00463	0.00383	0.00258	0.05067
6	0.04695	0.04607	0.06992	0.00918	0.06817	0.07012	0.06875	0.20073	0.01087	0.13204	0.06032	0.09913	0.01019	0.00632	0.04684	0.00142	0.01718	0.00429	0.00304	0.02846

[dist]
# distance from previous block
# <min> <max>
4	99

[block]
# block no. 2 follows, 72 sequences, length 31
# corresponding to MSA columns:
# 797-827
name=unknown_C
#
# <colnr> <probs for GDERKNQSTAVLIFYWHMCP>
#	G	D	E	R	K	N	Q	S	T	A	V	L	I	F	Y	W	H	M	C	P
0	0.03421	0.17600	0.12064	0.00903	0.08591	0.04764	0.01881	0.13104	0.10165	0.05262	0.02032	0.03626	0.03421	0.00428	0.00341	0.00104	0.00398	0.00339	0.00262	0.11293
1	0.07293	0.07553	0.12864	0.00796	0.02996	0.02189	0.01526	0.19559	0.07941	0.03276	0.05135	0.04677	0.01005	0.00693	0.07003	0.00155	0.00434	0.07316	0.00287	0.07301
2	0.07873	0.09394	0.13067	0.00804	0.01747	0.06873	0.04049	0.09711	0.03108	0.02404	0.02532	0.14754	0.02437	0.01501	0.00468	0.00128	0.07537	0.07396	0.00262	0.03953
3	0.03764	0.00950	0.05500	0.05090	0.21643	0.17881	0.03271	0.01098	0.01457	0.05069	0.14407	0.10598	0.03871	0.00540	0.00389	0.00116	0.00418	0.00465	0.00264	0.03208
4	0.00960	0.11775	0.09155	0.00761	0.02063	0.06059	0.00659	0.09278	0.27055	0.04905	0.09570	0.03519	0.03045	0.00502	0.00366	0.00112	0.00359	0.01739	0.00312	0.07807
5	0.06129	0.21975	0.10324	0.03689	0.18023	0.01023	0.02690	0.13852	0.04115	0.04104	0.03321	0.00968	0.00707	0.02775	0.03019	0.00129	0.00437	0.00315	0.00237	0.02169
6	0.02706	0.00926	0.01279	0.04170	0.33237	0.08971	0.09468	0.07876	0.05381	0.03082	0.05639	0.01102	0.00818	0.00396	0.00373	0.00109	0.00439	0.01856	0.00242	0.11930
7	0.03726	0.00988	0.01158	0.06441	0.15368	0.15345	0.05645	0.13942	0.03671	0.01347	0.11345	0.01127	0.00954	0.00491	0.00545	0.00124	0.16672	0.00371	0.00251	0.00492
8	0.00957	0.00817	0.00866	0.01921	0.00946	0.06964	0.00602	0.19169	0.26061	0.01496	0.04442	0.06639	0.04988	0.00764	0.07280	0.00165	0.10126	0.00446	0.04848	0.00501
9	0.00611	0.00419	0.00506	0.00473	0.00595	0.00376	0.00362	0.02102	0.01007	0.07631	0.46077	0.03013	0.31287	0.00820	0.00444	0.00124	0.00204	0.03183	0.00396	0.00371
10	0.00923	0.00811	0.00850	0.05432	0.05193	0.07391	0.00605	0.16021	0.30013	0.01500	0.07062	0.01819	0.18481	0.00595	0.00399	0.00123	0.00340	0.01591	0.00342	0.00508
11	0.00608	0.00384	0.00453	0.00443	0.00477	0.00372	0.00274	0.00645	0.00665	0.05812	0.10938	0.08327	0.04263	0.63031	0.01521	0.00302	0.00327	0.00601	0.00278	0.00277
12	0.00452	0.00384	0.00389	0.00388	0.00514	0.00322	0.00291	0.00551	0.00873	0.01045	0.07135	0.03616	0.80846	0.00953	0.00448	0.00128	0.00192	0.00796	0.00355	0.00322
13	0.03385	0.00500	0.00599	0.00608	0.00693	0.02432	0.02151	0.05654	0.10369	0.01144	0.02854	0.52035	0.03799	0.04000	0.07735	0.00191	0.00334	0.00813	0.00331	0.00373
14	0.03858	0.01148	0.01401	0.01082	0.01371	0.25493	0.30455	0.06369	0.03521	0.02142	0.02682	0.02886	0.00682	0.00382	0.00377	0.00106	0.00535	0.00356	0.00229	0.14926
15	0.00995	0.69072	0.01818	0.00716	0.01015	0.04656	0.04867	0.03314	0.00810	0.00957	0.00627	0.00806	0.00575	0.00502	0.05295	0.00119	0.00463	0.02737	0.00179	0.00477
16	0.89350	0.00733	0.00557	0.00499	0.00733	0.00851	0.00411	0.01115	0.00645	0.01702	0.00528	0.00616	0.00411	0.00352	0.00235	0.00117	0.00293	0.00205	0.00235	0.00411
17	0.01280	0.01053	0.06055	0.01020	0.06995	0.01087	0.05205	0.55423	0.03194	0.05685	0.00906	0.00956	0.01336	0.00458	0.00454	0.00120	0.07488	0.00350	0.00330	0.00607
18	0.01068	0.00670	0.00820	0.00763	0.05391	0.00687	0.00567	0.10141	0.23907	0.23125	0.14890	0.07966	0.02618	0.00607	0.00406	0.00125	0.00300	0.04003	0.01406	0.00539
19	0.00892	0.00848	0.01226	0.01677	0.50871	0.07343	0.00915	0.01067	0.00858	0.03393	0.04336	0.08297	0.06966	0.00516	0.00470	0.00122	0.08091	0.01365	0.00230	0.00516
20	0.07058	0.00882	0.03860	0.12965	0.38524	0.02266	0.04940	0.03836	0.12359	0.01309	0.00844	0.01055	0.00681	0.00386	0.00368	0.00116	0.00429	0.02211	0.00227	0.05682
21	0.00513	0.00380	0.00479	0.00469	0.00556	0.00345	0.00346	0.00664	0.00995	0.01370	0.60647	0.13724	0.16392	0.00858	0.00452	0.00125	0.00186	0.00755	0.00399	0.00345
22	0.04088	0.20265	0.01245	0.00875	0.01100	0.58977	0.00696	0.03893	0.01002	0.00988	0.00595	0.00698	0.00505	0.00455	0.03005	0.00111	0.00613	0.00242	0.00195	0.00452
23	0.00531	0.00391	0.00479	0.00454	0.00558	0.00351	0.00342	0.00687	0.01015	0.02772	0.60198	0.03036	0.26146	0.00822	0.00446	0.00122	0.00185	0.00713	0.00400	0.00352
24	0.07505	0.03677	0.11659	0.02863	0.01247	0.14731	0.07194	0.23844	0.16139	0.06051	0.00920	0.00953	0.00677	0.00421	0.00363	0.00116	0.00463	0.00330	0.00292	0.00556
25	0.70225	0.00845	0.00681	0.00667	0.05642	0.08379	0.00496	0.01216	0.06467	0.01598	0.00615	0.00696	0.00481	0.00366	0.00263	0.00116	0.00338	0.00232	0.00239	0.00438
26	0.00713	0.00397	0.00426	0.05331	0.00596	0.00406	0.00327	0.03469	0.00829	0.01392	0.01375	0.01530	0.06720	0.00475	0.00288	0.00094	0.00205	0.00383	0.74681	0.00364
27	0.00641	0.06445	0.00622	0.05428	0.00646	0.00528	0.00356	0.05126	0.00651	0.00863	0.01086	0.02090	0.01187	0.63338	0.09201	0.00342	0.00440	0.00490	0.00227	0.00291
28	0.07500	0.01535	0.01032	0.00911	0.01128	0.59136	0.00698	0.14692	0.07618	0.01270	0.00709	0.00773	0.00561	0.00408	0.00344	0.00104	0.00584	0.00272	0.00243	0.00483
29	0.09438	0.00681	0.00842	0.00661	0.00937	0.00637	0.00543	0.09890	0.02711	0.61409	0.01514	0.01358	0.06654	0.00492	0.00373	0.00118	0.00320	0.00392	0.00429	0.00601
30	0.00946	0.25230	0.09458	0.01046	0.07033	0.02007	0.19908	0.05921	0.04476	0.05264	0.00949	0.06178	0.01875	0.01681	0.00407	0.00119	0.02017	0.04747	0.00233	0.00504

[dist]
# distance from previous block
# <min> <max>
0	7

[block]
# block no. 3 follows, 72 sequences, length 8
# corresponding to MSA columns:
# 835-842
name=unknown_D
#
# <colnr> <probs for GDERKNQSTAVLIFYWHMCP>
#	G	D	E	R	K	N	Q	S	T	A	V	L	I	F	Y	W	H	M	C	P
0	0.00858	0.00827	0.01402	0.16749	0.52332	0.00853	0.07811	0.01130	0.05107	0.01191	0.00995	0.01192	0.07063	0.00401	0.00388	0.00118	0.00448	0.00387	0.00208	0.00540
1	0.04379	0.00444	0.00555	0.00526	0.00655	0.00402	0.00394	0.00911	0.00905	0.21255	0.19051	0.30592	0.16734	0.00856	0.00435	0.00132	0.00234	0.00745	0.00389	0.00406
2	0.00539	0.00364	0.00434	0.00468	0.00541	0.00330	0.00329	0.00631	0.00796	0.04383	0.05943	0.43861	0.25942	0.03926	0.00495	0.00144	0.00215	0.00860	0.09469	0.00329
3	0.00929	0.00992	0.10025	0.13459	0.58231	0.00912	0.01139	0.07464	0.00914	0.01287	0.00720	0.00932	0.00579	0.00355	0.00375	0.00115	0.00467	0.00332	0.00197	0.00576
4	0.02708	0.00772	0.01120	0.17273	0.37703	0.06103	0.00874	0.01034	0.03477	0.01151	0.07332	0.09976	0.01057	0.03329	0.04341	0.00151	0.00446	0.00445	0.00229	0.00480
5	0.00487	0.00352	0.00449	0.00506	0.00547	0.00329	0.00348	0.00567	0.00765	0.01015	0.10614	0.55376	0.10600	0.10581	0.00639	0.00173	0.00237	0.05763	0.00345	0.00308
6	0.31980	0.12643	0.04782	0.00652	0.00930	0.14004	0.00561	0.02663	0.02589	0.05616	0.00720	0.00788	0.02249	0.00364	0.00285	0.00098	0.00381	0.00247	0.00234	0.18212
7	0.01832	0.00654	0.00796	0.02527	0.04695	0.03862	0.05771	0.10287	0.09110	0.02617	0.08796	0.09032	0.22892	0.08191	0.00570	0.00146	0.02523	0.01963	0.00317	0.03416

[dist]
# distance from previous block
# <min> <max>
3	28

[block]
# block no. 4 follows, 72 sequences, length 6
# corresponding to MSA columns:
# 871-876
name=unknown_E
#
# <colnr> <probs for GDERKNQSTAVLIFYWHMCP>
#	G	D	E	R	K	N	Q	S	T	A	V	L	I	F	Y	W	H	M	C	P
0	0.03856	0.09787	0.08128	0.00964	0.05807	0.19404	0.08445	0.10933	0.04289	0.07413	0.03901	0.06721	0.02486	0.00478	0.00406	0.00114	0.04342	0.00382	0.00260	0.01885
1	0.00904	0.16525	0.13574	0.00931	0.04865	0.11500	0.11184	0.07687	0.00900	0.01142	0.01052	0.12935	0.05144	0.04684	0.00464	0.00126	0.02231	0.00441	0.00230	0.03482
2	0.00583	0.00377	0.00527	0.00527	0.00567	0.00411	0.00379	0.00622	0.00583	0.00834	0.00976	0.01588	0.00959	0.18014	0.43338	0.22248	0.00670	0.00411	0.06109	0.00276
3	0.01077	0.43300	0.01422	0.00738	0.03818	0.11307	0.00625	0.03955	0.05516	0.09475	0.00974	0.01014	0.06217	0.00423	0.00334	0.00098	0.03153	0.00301	0.05762	0.00491
4	0.00875	0.06375	0.00780	0.00618	0.00799	0.00672	0.00491	0.04223	0.26203	0.12685	0.27790	0.01978	0.09186	0.00736	0.04759	0.00145	0.00303	0.00517	0.00380	0.00485
5	0.00572	0.00437	0.00611	0.00595	0.00639	0.00512	0.00444	0.00667	0.00592	0.00846	0.01013	0.01685	0.01017	0.24484	0.55445	0.00504	0.08976	0.00437	0.00207	0.00318

[dist]
# distance from previous block
# <min> <max>
4	42

[block]
# block no. 5 follows, 72 sequences, length 14
# corresponding to MSA columns:
# 920-933
name=unknown_F
#
# <colnr> <probs for GDERKNQSTAVLIFYWHMCP>
#	G	D	E	R	K	N	Q	S	T	A	V	L	I	F	Y	W	H	M	C	P
0	0.18150	0.06893	0.03021	0.07636	0.01025	0.11112	0.02154	0.03600	0.06748	0.07442	0.01243	0.02747	0.11075	0.04021	0.01697	0.00131	0.00388	0.03116	0.00268	0.07534
1	0.02479	0.02462	0.03105	0.04527	0.11133	0.06181	0.04346	0.10632	0.17098	0.03669	0.18845	0.01728	0.11074	0.00559	0.00398	0.00119	0.00352	0.00477	0.00323	0.00494
2	0.00634	0.09622	0.00737	0.00582	0.00697	0.00601	0.00452	0.00855	0.10017	0.01163	0.20303	0.26369	0.11563	0.00879	0.03282	0.00145	0.07297	0.00677	0.00325	0.03801
3	0.00892	0.00895	0.07914	0.23509	0.01459	0.04750	0.00857	0.08236	0.02768	0.05398	0.03768	0.02713	0.02366	0.01846	0.00712	0.00141	0.30724	0.00370	0.00224	0.00457
4	0.00667	0.00655	0.08025	0.04685	0.03600	0.03866	0.00559	0.06456	0.00873	0.02460	0.01982	0.31112	0.18939	0.00894	0.02429	0.00146	0.00329	0.07263	0.02369	0.02693
5	0.00533	0.00407	0.00559	0.00672	0.07447	0.00384	0.00445	0.00651	0.00840	0.01127	0.18484	0.43751	0.11165	0.00995	0.00469	0.00144	0.00244	0.10983	0.00351	0.00348
6	0.00857	0.00802	0.04110	0.00712	0.00849	0.11663	0.00564	0.14028	0.07659	0.01171	0.00982	0.01421	0.00901	0.18300	0.29570	0.00335	0.05018	0.00397	0.00247	0.00413
7	0.08794	0.79311	0.01861	0.00636	0.00952	0.01443	0.00628	0.01134	0.00760	0.00964	0.00527	0.00609	0.00480	0.00327	0.00243	0.00084	0.00396	0.00203	0.00169	0.00480
8	0.08470	0.00514	0.00617	0.00571	0.00679	0.02392	0.00446	0.02716	0.00939	0.04811	0.45826	0.04434	0.05133	0.00947	0.09458	0.00178	0.07344	0.03794	0.00348	0.00383
9	0.00787	0.10952	0.75952	0.01035	0.01571	0.00946	0.01322	0.01194	0.00798	0.01168	0.00664	0.00780	0.00481	0.00357	0.00348	0.00116	0.00544	0.00272	0.00160	0.00553
10	0.00476	0.00336	0.00436	0.00510	0.00529	0.00317	0.00333	0.00532	0.00699	0.00931	0.01949	0.73156	0.02330	0.14700	0.00713	0.00188	0.00243	0.00995	0.00333	0.00296
11	0.00691	0.08055	0.00679	0.00522	0.00660	0.00508	0.00413	0.00908	0.06022	0.08218	0.54541	0.02545	0.11438	0.00721	0.00422	0.00119	0.00223	0.02523	0.00389	0.00403
12	0.00965	0.00905	0.07906	0.08362	0.01287	0.00900	0.09416	0.01758	0.54081	0.08192	0.01310	0.01277	0.00965	0.00466	0.00389	0.00127	0.00377	0.00407	0.00334	0.00576
13	0.00481	0.00398	0.00425	0.00433	0.00546	0.00352	0.00319	0.00628	0.05088	0.01076	0.08599	0.16923	0.61472	0.00963	0.00451	0.00132	0.00201	0.00819	0.00358	0.00335

[dist]
# distance from previous block
# <min> <max>
0	1

[block]
# block no. 6 follows, 72 sequences, length 10
# corresponding to MSA columns:
# 935-944
name=unknown_G
#
# <colnr> <probs for GDERKNQSTAVLIFYWHMCP>
#	G	D	E	R	K	N	Q	S	T	A	V	L	I	F	Y	W	H	M	C	P
0	0.00826	0.00833	0.00962	0.00851	0.00890	0.12178	0.00678	0.00913	0.00677	0.00927	0.05766	0.01200	0.00838	0.11090	0.10185	0.00226	0.50003	0.00376	0.00197	0.00384
1	0.01489	0.00940	0.01057	0.00815	0.01112	0.01001	0.00672	0.57809	0.05252	0.24230	0.01095	0.01034	0.00746	0.00462	0.00380	0.00115	0.00387	0.00356	0.00404	0.00643
2	0.01041	0.12423	0.07322	0.00839	0.07031	0.06252	0.02071	0.13650	0.02905	0.10524	0.02562	0.05440	0.01760	0.02875	0.00387	0.00105	0.00385	0.00348	0.00273	0.21807
3	0.06384	0.43412	0.12292	0.00788	0.03733	0.01211	0.00739	0.04299	0.21371	0.01219	0.00819	0.00855	0.00657	0.00383	0.00302	0.00102	0.00394	0.00278	0.00231	0.00529
4	0.00780	0.12206	0.01208	0.49167	0.12095	0.00881	0.00905	0.04425	0.00812	0.01052	0.00858	0.12339	0.00788	0.00478	0.00375	0.00122	0.00444	0.00418	0.00203	0.00446
5	0.00747	0.00623	0.00780	0.13487	0.01061	0.06646	0.04278	0.03913	0.02475	0.05093	0.09710	0.17347	0.06115	0.07601	0.07883	0.00184	0.00414	0.03333	0.00286	0.08022
6	0.00824	0.03386	0.61484	0.00977	0.01438	0.00867	0.01172	0.12073	0.00931	0.01332	0.00935	0.06082	0.03374	0.00462	0.00376	0.00122	0.00499	0.02910	0.00213	0.00541
7	0.00938	0.00956	0.01360	0.26441	0.49398	0.12153	0.01074	0.01154	0.00861	0.01119	0.00685	0.00926	0.00558	0.00357	0.00372	0.00115	0.00498	0.00325	0.00183	0.00527
8	0.00950	0.10043	0.10911	0.04078	0.11949	0.21277	0.00817	0.02736	0.03209	0.01055	0.01075	0.01199	0.11727	0.00555	0.02419	0.00130	0.14834	0.00360	0.00211	0.00465
9	0.00770	0.00729	0.01235	0.65562	0.22389	0.00857	0.01080	0.01016	0.00784	0.01034	0.00684	0.00994	0.00529	0.00369	0.00378	0.00123	0.00492	0.00337	0.00173	0.00465

[dist]
# distance from previous block
# <min> <max>
0	1

[block]
# block no. 7 follows, 72 sequences, length 26
# corresponding to MSA columns:
# 946-971
name=unknown_H
#
# <colnr> <probs for GDERKNQSTAVLIFYWHMCP>
#	G	D	E	R	K	N	Q	S	T	A	V	L	I	F	Y	W	H	M	C	P
0	0.00473	0.00372	0.00453	0.04438	0.00629	0.00341	0.00357	0.00565	0.00798	0.01014	0.06678	0.43251	0.35873	0.02341	0.00485	0.00144	0.00222	0.00903	0.00345	0.00319
1	0.00491	0.00390	0.00447	0.00471	0.00577	0.00346	0.00367	0.00608	0.00871	0.01087	0.10689	0.12197	0.51674	0.00985	0.00467	0.00139	0.00226	0.17282	0.00358	0.00328
2	0.00489	0.00351	0.00431	0.00477	0.00510	0.00331	0.00312	0.00545	0.00705	0.00926	0.04483	0.47466	0.13630	0.24708	0.02668	0.00218	0.00272	0.00869	0.00317	0.00290
3	0.00650	0.00411	0.00466	0.00445	0.00547	0.00409	0.00336	0.00907	0.08526	0.01465	0.36666	0.02076	0.04225	0.00604	0.00359	0.00106	0.00189	0.00514	0.40721	0.00377
4	0.01012	0.00834	0.04261	0.08807	0.03962	0.00782	0.03333	0.23281	0.01069	0.07231	0.00872	0.05750	0.00711	0.00425	0.00388	0.00100	0.04028	0.00344	0.00278	0.32534
5	0.01042	0.00929	0.02656	0.08579	0.52830	0.08641	0.02181	0.01246	0.00904	0.12261	0.00938	0.01084	0.04227	0.00391	0.00377	0.00114	0.00453	0.00356	0.00231	0.00563
6	0.13578	0.31976	0.01287	0.00741	0.00979	0.23331	0.02902	0.04696	0.03626	0.01121	0.02974	0.00882	0.00654	0.00487	0.01569	0.05757	0.00463	0.02323	0.00211	0.00445
7	0.00882	0.07803	0.43109	0.01141	0.01578	0.00938	0.23079	0.03617	0.03104	0.05103	0.00793	0.00989	0.00600	0.00387	0.00407	0.00122	0.02958	0.02650	0.00201	0.00539
8	0.00954	0.04791	0.01021	0.03234	0.06492	0.02459	0.06035	0.10445	0.31953	0.05613	0.04728	0.01343	0.01027	0.06216	0.08057	0.00177	0.00427	0.00404	0.00312	0.04312
9	0.00759	0.00644	0.00757	0.00556	0.00866	0.00489	0.00440	0.00923	0.00798	0.01237	0.04798	0.04877	0.00799	0.00347	0.00298	0.00064	0.00273	0.00287	0.00240	0.80546
10	0.01290	0.01026	0.01050	0.00847	0.01118	0.05433	0.00685	0.54315	0.26517	0.02072	0.01085	0.01052	0.00792	0.00470	0.00379	0.00117	0.00396	0.00363	0.00372	0.00621
11	0.00907	0.14600	0.23557	0.00947	0.08245	0.00883	0.04329	0.05123	0.11269	0.06780	0.04883	0.05515	0.03141	0.00454	0.00359	0.00111	0.00406	0.00378	0.00256	0.07857
12	0.01055	0.12426	0.07146	0.04866	0.20171	0.00854	0.03630	0.03571	0.11411	0.19447	0.04033	0.03406	0.04329	0.00465	0.00372	0.00116	0.00386	0.01469	0.00294	0.00552
13	0.01518	0.00805	0.04671	0.00820	0.01133	0.00711	0.09272	0.13061	0.03582	0.58333	0.01304	0.01192	0.00846	0.00448	0.00387	0.00118	0.00379	0.00380	0.00412	0.00626
14	0.00562	0.00422	0.00482	0.02616	0.00626	0.00390	0.00359	0.00714	0.04901	0.05139	0.09033	0.10119	0.50627	0.05925	0.04182	0.00165	0.00263	0.02777	0.00346	0.00350
15	0.01028	0.03639	0.27544	0.00932	0.03854	0.12787	0.04995	0.07082	0.03863	0.13394	0.00974	0.08865	0.00811	0.02357	0.00481	0.05773	0.00470	0.00390	0.00256	0.00504
16	0.00876	0.00749	0.00989	0.06417	0.14746	0.00813	0.04697	0.02587	0.41819	0.03937	0.08540	0.02806	0.06031	0.00538	0.00401	0.00126	0.00340	0.02718	0.00332	0.00539
17	0.01337	0.00975	0.01054	0.00823	0.01097	0.01079	0.00676	0.72521	0.01645	0.02231	0.00938	0.00980	0.00685	0.00608	0.05824	0.00144	0.00441	0.00346	0.05989	0.00607
18	0.00951	0.00989	0.02485	0.06853	0.37769	0.14752	0.10513	0.01175	0.03632	0.02839	0.00975	0.07685	0.04344	0.00458	0.00415	0.00119	0.02899	0.00416	0.00219	0.00513
19	0.00899	0.00838	0.03811	0.20913	0.41069	0.00838	0.07893	0.05160	0.00885	0.05151	0.00874	0.08353	0.00756	0.00432	0.00392	0.00121	0.00455	0.00411	0.00220	0.00530
20	0.00519	0.00400	0.00485	0.00482	0.00592	0.00354	0.02425	0.00626	0.00847	0.03828	0.08984	0.21820	0.49418	0.01045	0.03910	0.00154	0.00251	0.03174	0.00351	0.00337
21	0.00663	0.00510	0.00745	0.02275	0.00828	0.00543	0.05813	0.02522	0.00799	0.04662	0.06775	0.11642	0.09609	0.05062	0.18269	0.00255	0.08777	0.19584	0.00293	0.00372
22	0.00915	0.02635	0.03122	0.10435	0.07562	0.06907	0.07676	0.10382	0.02496	0.09587	0.03044	0.21950	0.03783	0.01373	0.00444	0.00132	0.01951	0.04846	0.00297	0.00463
23	0.00890	0.05691	0.07239	0.19440	0.36759	0.00844	0.00973	0.05224	0.00874	0.05212	0.00896	0.09334	0.00796	0.00454	0.00379	0.00118	0.00432	0.01787	0.00223	0.02436
24	0.06902	0.00820	0.04279	0.03126	0.01010	0.06193	0.04152	0.12716	0.19544	0.04155	0.01308	0.02758	0.07299	0.02146	0.13817	0.00204	0.01838	0.04447	0.00298	0.02987
25	0.06415	0.04199	0.08188	0.03630	0.06084	0.07311	0.02167	0.10116	0.03184	0.06167	0.06776	0.21162	0.04357	0.00690	0.02226	0.00133	0.00379	0.02454	0.00296	0.04065

[dist]
# distance from previous block
# <min> <max>
0	69

[block]
# block no. 8 follows, 72 sequences, length 7
# corresponding to MSA columns:
# 1048-1054
name=unknown_I
#
# <colnr> <probs for GDERKNQSTAVLIFYWHMCP>
#	G	D	E	R	K	N	Q	S	T	A	V	L	I	F	Y	W	H	M	C	P
0	0.01077	0.07493	0.04060	0.06143	0.09367	0.21276	0.00723	0.08091	0.05211	0.06426	0.02300	0.00941	0.02127	0.00401	0.00378	0.00100	0.04136	0.00301	0.00243	0.19205
1	0.07498	0.08928	0.03534	0.06100	0.06413	0.03976	0.09877	0.08971	0.03473	0.06146	0.01174	0.04345	0.07755	0.05724	0.00539	0.00138	0.07086	0.05741	0.00260	0.02320
2	0.04561	0.11211	0.02563	0.16400	0.20668	0.08525	0.04569	0.07731	0.00922	0.03294	0.02980	0.01196	0.09041	0.00439	0.00378	0.00112	0.02042	0.00365	0.00229	0.02775
3	0.07096	0.10173	0.04079	0.15863	0.08599	0.08555	0.04822	0.07596	0.03037	0.01224	0.00744	0.04753	0.00635	0.00412	0.00394	0.00108	0.05589	0.00325	0.00218	0.15779
4	0.09745	0.05333	0.04259	0.06732	0.08978	0.08064	0.07916	0.15605	0.10882	0.01463	0.06860	0.05048	0.03561	0.00474	0.00369	0.00116	0.00410	0.00398	0.00277	0.03510
5	0.00560	0.06518	0.00612	0.03622	0.00699	0.00453	0.00419	0.00664	0.00781	0.01009	0.02193	0.32408	0.22978	0.06097	0.00529	0.00149	0.00268	0.11882	0.00313	0.07846
6	0.00815	0.00766	0.01112	0.51066	0.14970	0.06078	0.00942	0.06778	0.00863	0.01109	0.00863	0.11323	0.00772	0.00477	0.00389	0.00125	0.00467	0.00422	0.00210	0.00453

[dist]
# distance from previous block
# <min> <max>
0	1

[block]
# block no. 9 follows, 72 sequences, length 40
# corresponding to MSA columns:
# 1056-1095
name=unknown_J
#
# <colnr> <probs for GDERKNQSTAVLIFYWHMCP>
#	G	D	E	R	K	N	Q	S	T	A	V	L	I	F	Y	W	H	M	C	P
0	0.00577	0.06882	0.00566	0.01908	0.00571	0.03049	0.00328	0.00645	0.00738	0.00921	0.08008	0.02669	0.30784	0.36787	0.03812	0.00239	0.00328	0.00606	0.00279	0.00303
1	0.00597	0.00439	0.03222	0.00501	0.00549	0.00403	0.00355	0.00659	0.00654	0.03434	0.05424	0.05792	0.01564	0.56997	0.07033	0.00322	0.00398	0.11109	0.00263	0.00285
2	0.48268	0.07255	0.00858	0.00691	0.00918	0.30410	0.00551	0.02380	0.03482	0.01379	0.00586	0.00669	0.00470	0.00370	0.00280	0.00108	0.00440	0.00228	0.00223	0.00435
3	0.07598	0.00970	0.02006	0.01454	0.01799	0.00938	0.70487	0.01172	0.00857	0.01231	0.00781	0.03769	0.00623	0.00365	0.00466	0.00130	0.04216	0.00445	0.00199	0.00493
4	0.00716	0.00674	0.01138	0.85760	0.02612	0.00843	0.01053	0.00969	0.00758	0.00969	0.00674	0.01011	0.00506	0.00379	0.00379	0.00126	0.00506	0.00337	0.00169	0.00421
5	0.00786	0.00674	0.00786	0.00562	0.00899	0.00506	0.00449	0.00955	0.00786	0.01236	0.00674	0.00786	0.00562	0.00281	0.00281	0.00056	0.00281	0.00225	0.00225	0.88990
6	0.00908	0.00696	0.00814	0.00599	0.00922	0.00566	0.00480	0.04292	0.06534	0.09037	0.00819	0.00881	0.00641	0.00321	0.00301	0.00069	0.00291	0.00258	0.00264	0.71306
7	0.02968	0.01038	0.01192	0.00914	0.01216	0.01139	0.06841	0.70359	0.06834	0.02239	0.00933	0.00945	0.00668	0.00447	0.00382	0.00116	0.00424	0.00352	0.00363	0.00628
8	0.00865	0.01778	0.61067	0.01149	0.01637	0.09774	0.14362	0.02839	0.00864	0.01198	0.00689	0.00826	0.00500	0.00359	0.00373	0.00119	0.00583	0.00304	0.00173	0.00542
9	0.00483	0.00343	0.00452	0.00523	0.00548	0.00328	0.00352	0.00552	0.00718	0.00962	0.04495	0.67809	0.02341	0.11169	0.03729	0.00195	0.00270	0.04093	0.00334	0.00303
10	0.00448	0.00384	0.00384	0.00384	0.00512	0.00320	0.00288	0.00544	0.00864	0.01025	0.03842	0.03650	0.84152	0.00960	0.00448	0.00128	0.00192	0.00800	0.00352	0.00320
11	0.01417	0.01044	0.01121	0.00864	0.01160	0.01154	0.00712	0.80954	0.01756	0.02354	0.00940	0.03073	0.00692	0.00474	0.00382	0.00115	0.00412	0.00360	0.00379	0.00636
12	0.01102	0.00970	0.00947	0.00814	0.01040	0.09859	0.00643	0.22611	0.48706	0.01683	0.01318	0.01259	0.03516	0.00505	0.00410	0.00123	0.03162	0.00395	0.00356	0.00580
13	0.01417	0.01808	0.01075	0.00977	0.01172	0.85149	0.00733	0.01514	0.01075	0.00928	0.00586	0.00684	0.00489	0.00391	0.00342	0.00098	0.00684	0.00244	0.00195	0.00440
14	0.00461	0.00333	0.00437	0.00521	0.00548	0.00309	0.00349	0.00529	0.00733	0.00971	0.02177	0.82344	0.06532	0.01177	0.00482	0.00153	0.00219	0.01064	0.00352	0.00309
15	0.12134	0.00754	0.01049	0.09654	0.14090	0.00748	0.04873	0.08477	0.01939	0.34130	0.02156	0.01068	0.00747	0.00409	0.00360	0.00114	0.00377	0.00343	0.00327	0.06250
16	0.14957	0.04769	0.51600	0.00991	0.01444	0.02104	0.07724	0.09810	0.00890	0.01392	0.00681	0.00792	0.00495	0.00365	0.00345	0.00118	0.00505	0.00285	0.00198	0.00537
17	0.00542	0.00405	0.00605	0.00605	0.00671	0.00472	0.00468	0.00674	0.00608	0.00877	0.01020	0.01513	0.00958	0.04771	0.83255	0.00604	0.01001	0.00410	0.00204	0.00336
18	0.00552	0.00368	0.00414	0.00414	0.00414	0.00368	0.00230	0.00552	0.00552	0.00735	0.01195	0.02482	0.01379	0.86672	0.01930	0.00368	0.00368	0.00552	0.00230	0.00230
19	0.00786	0.00674	0.00786	0.00562	0.00899	0.00506	0.00449	0.00955	0.00786	0.01236	0.00674	0.00786	0.00562	0.00281	0.00281	0.00056	0.00281	0.00225	0.00225	0.88990
20	0.05345	0.16036	0.23298	0.03082	0.10993	0.04765	0.07013	0.03030	0.03564	0.01144	0.00666	0.01702	0.00551	0.00424	0.00512	0.00121	0.16756	0.00306	0.00187	0.00506
21	0.01175	0.00704	0.00831	0.00712	0.00934	0.00739	0.00563	0.02829	0.41509	0.32015	0.04513	0.07862	0.01249	0.00560	0.00409	0.00127	0.01809	0.00467	0.00411	0.00583
22	0.13425	0.27795	0.07182	0.09217	0.05292	0.12876	0.02644	0.09790	0.00904	0.01233	0.00619	0.00743	0.00505	0.00370	0.00339	0.00104	0.03463	0.00260	0.00204	0.03035
23	0.00905	0.00731	0.01168	0.03717	0.02784	0.00736	0.21047	0.08649	0.02582	0.09844	0.05089	0.03652	0.04674	0.04525	0.00567	0.00141	0.08069	0.12872	0.00288	0.07960
24	0.04457	0.03304	0.07383	0.04951	0.35779	0.16923	0.05866	0.03527	0.06918	0.04222	0.00766	0.00911	0.00607	0.00378	0.00384	0.00114	0.02426	0.00322	0.00217	0.00543
25	0.00898	0.15138	0.13130	0.14017	0.21850	0.01721	0.05959	0.07944	0.00908	0.02251	0.06358	0.04082	0.00822	0.00425	0.00390	0.00115	0.02895	0.00364	0.00217	0.00514
26	0.00461	0.00334	0.00436	0.00517	0.00547	0.00309	0.00347	0.00529	0.00737	0.00972	0.02223	0.80136	0.08711	0.01171	0.00481	0.00152	0.00218	0.01057	0.00352	0.00309
27	0.00832	0.01306	0.33591	0.08287	0.23755	0.00888	0.20847	0.01163	0.00839	0.01194	0.00750	0.01013	0.00589	0.00367	0.00392	0.00122	0.00539	0.02803	0.00181	0.00542
28	0.01033	0.07643	0.16175	0.02315	0.29121	0.02118	0.12180	0.11304	0.05346	0.07872	0.00828	0.00947	0.00626	0.00373	0.00374	0.00115	0.00474	0.00340	0.00237	0.00578
29	0.00900	0.00753	0.00802	0.00722	0.00924	0.00852	0.00561	0.02906	0.69037	0.03199	0.07262	0.01671	0.07614	0.00564	0.00395	0.00128	0.00286	0.00472	0.00387	0.00564
30	0.00525	0.00404	0.00529	0.06991	0.00749	0.00389	0.00444	0.00660	0.00870	0.01139	0.20622	0.24143	0.22733	0.00950	0.00467	0.00142	0.00252	0.17301	0.00352	0.00339
31	0.02553	0.00685	0.01117	0.60242	0.16815	0.00798	0.00979	0.00962	0.00786	0.01038	0.01012	0.01268	0.09330	0.00433	0.00383	0.00124	0.00458	0.00383	0.00193	0.00442
32	0.01226	0.06910	0.10386	0.04164	0.04454	0.51533	0.00816	0.05173	0.09731	0.01105	0.00717	0.00801	0.00570	0.00397	0.00347	0.00105	0.00585	0.00277	0.00217	0.00488
33	0.01448	0.01051	0.01131	0.00867	0.01171	0.01160	0.00717	0.80917	0.01765	0.04540	0.00926	0.00920	0.00653	0.00456	0.00379	0.00114	0.00415	0.00342	0.00382	0.00645
34	0.00562	0.00393	0.00505	0.00502	0.00583	0.00373	0.00374	0.00693	0.00892	0.03731	0.38821	0.11652	0.12689	0.10559	0.08620	0.00203	0.00304	0.07847	0.00357	0.00340
35	0.00737	0.00728	0.03687	0.71351	0.11121	0.00835	0.01060	0.00990	0.00775	0.01010	0.00726	0.01115	0.00575	0.00398	0.00383	0.00126	0.00496	0.03266	0.00177	0.00442
36	0.00728	0.00726	0.02142	0.02569	0.03793	0.01585	0.31441	0.00918	0.00757	0.01043	0.01052	0.12955	0.01037	0.06421	0.16119	0.00241	0.10692	0.05142	0.00223	0.00415
37	0.01412	0.01051	0.01146	0.00923	0.04164	0.01161	0.00734	0.78239	0.03624	0.02330	0.00918	0.00923	0.00655	0.00452	0.00379	0.00114	0.00416	0.00343	0.00373	0.00642
38	0.00707	0.00536	0.00679	0.05399	0.04809	0.04669	0.01648	0.00861	0.00900	0.08344	0.20888	0.06465	0.17419	0.01033	0.10906	0.00191	0.00389	0.13437	0.00330	0.00391
39	0.00776	0.00729	0.01141	0.53691	0.02058	0.05862	0.09539	0.01002	0.00790	0.03518	0.00844	0.03801	0.00710	0.00693	0.09369	0.00179	0.00563	0.04114	0.00199	0.00423

[dist]
# distance from previous block
# <min> <max>
9	114

[block]
# block no. 10 follows, 72 sequences, length 11
# corresponding to MSA columns:
# 1217-1227
name=unknown_K
#
# <colnr> <probs for GDERKNQSTAVLIFYWHMCP>
#	G	D	E	R	K	N	Q	S	T	A	V	L	I	F	Y	W	H	M	C	P
0	0.05459	0.06190	0.13178	0.04391	0.02270	0.08021	0.03697	0.19030	0.04944	0.12802	0.03402	0.03291	0.01717	0.02508	0.00396	0.00117	0.00421	0.00353	0.00291	0.07522
1	0.09587	0.00763	0.00972	0.06521	0.06118	0.02816	0.06364	0.20856	0.02596	0.13064	0.12120	0.09475	0.01258	0.00555	0.00406	0.00123	0.01839	0.02662	0.00331	0.01572
2	0.00990	0.01023	0.01130	0.22363	0.11085	0.21178	0.04584	0.05865	0.05354	0.01172	0.00718	0.00888	0.00570	0.00371	0.00371	0.00103	0.02310	0.00301	0.00214	0.19411
3	0.01088	0.01163	0.06185	0.02413	0.05721	0.23526	0.00724	0.10777	0.37394	0.01421	0.01204	0.01191	0.04570	0.00473	0.00374	0.00117	0.00440	0.00370	0.00304	0.00544
4	0.00524	0.00419	0.00520	0.00555	0.05877	0.00376	0.00379	0.00671	0.00970	0.01289	0.44266	0.03064	0.38050	0.00827	0.00443	0.00123	0.00202	0.00713	0.00375	0.00357
5	0.64747	0.04203	0.00711	0.10512	0.00983	0.00835	0.00500	0.01079	0.00681	0.01527	0.00563	0.00683	0.00443	0.00346	0.00258	0.00110	0.00321	0.00223	0.00223	0.11054
6	0.03204	0.43623	0.12340	0.00885	0.04351	0.09795	0.05540	0.12564	0.00959	0.02629	0.00644	0.00731	0.00523	0.00357	0.00306	0.00098	0.00467	0.00259	0.00205	0.00520
7	0.00658	0.05864	0.00647	0.00537	0.00672	0.00544	0.00417	0.08885	0.07467	0.01310	0.23552	0.11625	0.26427	0.04699	0.00499	0.00138	0.00252	0.05060	0.00357	0.00390
8	0.00523	0.00369	0.00484	0.00536	0.00589	0.00353	0.00396	0.00600	0.00758	0.00995	0.06469	0.36844	0.13116	0.05971	0.04470	0.08528	0.00296	0.18076	0.00324	0.00305
9	0.00654	0.00468	0.00621	0.00638	0.04425	0.00454	0.00454	0.05860	0.00922	0.04464	0.28977	0.25449	0.02271	0.02427	0.10402	0.00189	0.00339	0.05131	0.00346	0.05510
10	0.09453	0.06890	0.01097	0.01003	0.10114	0.38927	0.00720	0.09864	0.02450	0.01227	0.00731	0.00972	0.00631	0.00431	0.00377	0.00107	0.03840	0.05335	0.00229	0.05602

[dist]
# distance from previous block
# <min> <max>
41	337

[block]
# block no. 11 follows, 72 sequences, length 48
# corresponding to MSA columns:
# 1567-1614
name=unknown_L
#
# <colnr> <probs for GDERKNQSTAVLIFYWHMCP>
#	G	D	E	R	K	N	Q	S	T	A	V	L	I	F	Y	W	H	M	C	P
0	0.03155	0.02199	0.04383	0.02985	0.04926	0.07791	0.00609	0.12932	0.02756	0.04873	0.08355	0.07697	0.02754	0.03085	0.00456	0.00112	0.05396	0.00399	0.00278	0.24860
1	0.04426	0.02062	0.15185	0.03517	0.01056	0.07821	0.01771	0.04264	0.23675	0.04280	0.05798	0.06927	0.06450	0.05366	0.00489	0.00138	0.02049	0.02547	0.00296	0.01884
2	0.00969	0.15506	0.15426	0.02156	0.24040	0.07932	0.03011	0.06429	0.02833	0.04955	0.05475	0.04397	0.02682	0.00432	0.00359	0.00110	0.00442	0.00361	0.00232	0.02252
3	0.00866	0.02887	0.13427	0.00765	0.03500	0.15129	0.01948	0.05256	0.03360	0.05510	0.14467	0.01882	0.12434	0.12450	0.00618	0.00153	0.01527	0.03109	0.00284	0.00430
4	0.10244	0.19321	0.10491	0.02480	0.01023	0.06374	0.00675	0.14282	0.00999	0.09697	0.09151	0.06473	0.01026	0.00497	0.00367	0.00113	0.02557	0.02032	0.01704	0.00493
5	0.31550	0.00737	0.04434	0.00603	0.00845	0.00727	0.00506	0.02940	0.18544	0.12252	0.05582	0.01341	0.09519	0.00485	0.00332	0.00116	0.00294	0.00372	0.01445	0.07377
6	0.07202	0.00811	0.05342	0.04855	0.01033	0.04375	0.00549	0.03618	0.00820	0.01277	0.00668	0.00785	0.00543	0.00306	0.00293	0.00071	0.00330	0.00236	0.00223	0.66662
7	0.10145	0.02266	0.10491	0.04619	0.41329	0.00928	0.03619	0.12927	0.04933	0.01443	0.00796	0.02307	0.00647	0.00391	0.00365	0.00117	0.00437	0.01448	0.00230	0.00564
8	0.01176	0.01204	0.01088	0.05330	0.15404	0.35083	0.00770	0.12918	0.03639	0.05066	0.08546	0.02880	0.00904	0.00462	0.00407	0.00112	0.03902	0.00353	0.00260	0.00498
9	0.00659	0.00329	0.00494	0.00494	0.00494	0.00329	0.00329	0.00494	0.00494	0.00659	0.00659	0.01153	0.00659	0.01318	0.01482	0.88966	0.00329	0.00329	0.00165	0.00165
10	0.00510	0.00409	0.00522	0.00552	0.00599	0.00421	0.00398	0.00591	0.00758	0.01005	0.06864	0.52305	0.20700	0.01048	0.00570	0.00148	0.11042	0.00899	0.00332	0.00327
11	0.00924	0.00907	0.01611	0.05705	0.70529	0.00906	0.11469	0.01162	0.00863	0.01225	0.00719	0.00952	0.00594	0.00337	0.00385	0.00115	0.00477	0.00352	0.00187	0.00582
12	0.89350	0.00733	0.00557	0.00499	0.00733	0.00851	0.00411	0.01115	0.00645	0.01702	0.00528	0.00616	0.00411	0.00352	0.00235	0.00117	0.00293	0.00205	0.00235	0.00411
13	0.01568	0.00710	0.00906	0.00700	0.00992	0.00658	0.00575	0.11984	0.06600	0.64183	0.01380	0.01223	0.00896	0.00460	0.00376	0.00114	0.00331	0.00371	0.00439	0.05535
14	0.00746	0.00683	0.01121	0.46760	0.24338	0.00774	0.00953	0.00965	0.00795	0.01073	0.02278	0.06388	0.04485	0.00465	0.00399	0.00124	0.01790	0.01470	0.03938	0.00454
15	0.00450	0.00379	0.00390	0.00399	0.00516	0.00319	0.00295	0.00543	0.00850	0.01019	0.03660	0.12238	0.75681	0.00984	0.00452	0.00131	0.00195	0.00829	0.00352	0.00319
16	0.89350	0.00733	0.00557	0.00499	0.00733	0.00851	0.00411	0.01115	0.00645	0.01702	0.00528	0.00616	0.00411	0.00352	0.00235	0.00117	0.00293	0.00205	0.00235	0.00411
17	0.01438	0.00948	0.01198	0.00910	0.01214	0.04694	0.12221	0.40963	0.01392	0.28404	0.01067	0.01044	0.00726	0.00438	0.00387	0.00116	0.00427	0.00365	0.01434	0.00614
18	0.89350	0.00733	0.00557	0.00499	0.00733	0.00851	0.00411	0.01115	0.00645	0.01702	0.00528	0.00616	0.00411	0.00352	0.00235	0.00117	0.00293	0.00205	0.00235	0.00411
19	0.01442	0.01062	0.01138	0.00873	0.01176	0.01176	0.00721	0.83041	0.01783	0.02390	0.00911	0.00911	0.00645	0.00455	0.00379	0.00114	0.00417	0.00341	0.00379	0.00645
20	0.00546	0.00373	0.00438	0.00438	0.00452	0.00379	0.00264	0.00567	0.00573	0.00767	0.01290	0.02406	0.05026	0.72013	0.12613	0.00388	0.00444	0.00544	0.00232	0.00248
21	0.89350	0.00733	0.00557	0.00499	0.00733	0.00851	0.00411	0.01115	0.00645	0.01702	0.00528	0.00616	0.00411	0.00352	0.00235	0.00117	0.00293	0.00205	0.00235	0.00411
22	0.01116	0.03531	0.00954	0.00794	0.01017	0.16360	0.00625	0.20387	0.38235	0.02424	0.05826	0.01260	0.02533	0.00493	0.00374	0.00116	0.00389	0.00387	0.02625	0.00553
23	0.00537	0.00388	0.00507	0.00477	0.00567	0.00358	0.00358	0.00716	0.01074	0.01521	0.84106	0.02833	0.03578	0.00775	0.00447	0.00119	0.00179	0.00686	0.00417	0.00358
24	0.00549	0.00409	0.00587	0.00583	0.00639	0.00468	0.00439	0.00663	0.00621	0.00887	0.04324	0.03567	0.01139	0.15240	0.65300	0.00532	0.03059	0.00452	0.00218	0.00324
25	0.00462	0.00331	0.00439	0.00524	0.00549	0.00308	0.00350	0.00528	0.00730	0.00970	0.02135	0.84324	0.04580	0.01182	0.00483	0.00153	0.00219	0.01071	0.00352	0.00308
26	0.89350	0.00733	0.00557	0.00499	0.00733	0.00851	0.00411	0.01115	0.00645	0.01702	0.00528	0.00616	0.00411	0.00352	0.00235	0.00117	0.00293	0.00205	0.00235	0.00411
27	0.00563	0.00404	0.00556	0.00641	0.00710	0.00396	0.00528	0.00704	0.00829	0.01083	0.02070	0.28668	0.03973	0.01088	0.00510	0.00168	0.00308	0.56115	0.00350	0.00336
28	0.01383	0.08943	0.01153	0.00948	0.01156	0.76602	0.00726	0.02958	0.01062	0.00952	0.00587	0.00682	0.00491	0.00386	0.00334	0.00097	0.00656	0.00243	0.00196	0.00447
29	0.11457	0.00778	0.00890	0.00682	0.00981	0.00752	0.00559	0.23577	0.02352	0.31029	0.01024	0.00988	0.00709	0.00406	0.00339	0.00101	0.00334	0.00312	0.00357	0.22372
30	0.00680	0.00645	0.05452	0.03492	0.07602	0.01583	0.12184	0.00846	0.02520	0.03242	0.02574	0.23552	0.06401	0.16351	0.01986	0.00188	0.03030	0.07010	0.00273	0.00388
