[name]
unknown

[dist]
# distance from previous block
# <min> <max>
0	41

[block]
# block no. 0 follows, 74 sequences, length 51
# corresponding to MSA columns:
# 584-634
name=unknown_A
#
# <colnr> <probs for GDERKNQSTAVLIFYWHMCP>
#	G	D	E	R	K	N	Q	S	T	A	V	L	I	F	Y	W	H	M	C	P
0	0.00616	0.00475	0.01963	0.00758	0.03974	0.00457	0.01766	0.00792	0.00849	0.01111	0.01869	0.03941	0.02019	0.02214	0.00523	0.00170	0.00353	0.75467	0.00329	0.00355
1	0.01394	0.01024	0.01096	0.00842	0.01134	0.01132	0.00695	0.81484	0.01723	0.02317	0.00899	0.00903	0.00639	0.00445	0.00369	0.00111	0.00403	0.00334	0.02431	0.00625
2	0.00522	0.00381	0.00492	0.00469	0.00559	0.00351	0.00355	0.00691	0.01029	0.01440	0.75566	0.02884	0.09173	0.00782	0.00441	0.00119	0.00182	0.03816	0.00402	0.00347
3	0.01024	0.01207	0.01698	0.01276	0.01590	0.27176	0.49536	0.01255	0.00920	0.01104	0.00687	0.00875	0.00535	0.00331	0.00390	0.00109	0.00605	0.00355	0.00192	0.09133
4	0.00449	0.00376	0.00390	0.00387	0.00508	0.00318	0.00290	0.00552	0.00870	0.01060	0.13267	0.03478	0.74947	0.00919	0.00439	0.00124	0.00186	0.00770	0.00352	0.00318
5	0.00531	0.00359	0.00420	0.00427	0.00433	0.00362	0.00251	0.00546	0.00559	0.00749	0.01235	0.09775	0.01419	0.73934	0.07207	0.00357	0.00388	0.00576	0.00234	0.00239
6	0.71426	0.00819	0.00695	0.02081	0.08768	0.07413	0.00512	0.02468	0.00705	0.01563	0.00547	0.00649	0.00431	0.00348	0.00256	0.00113	0.00337	0.00221	0.00224	0.00426
7	0.00984	0.84307	0.04744	0.00649	0.00975	0.01448	0.00660	0.01114	0.00755	0.00883	0.00521	0.00602	0.00476	0.00319	0.00242	0.00081	0.00402	0.00201	0.00159	0.00479
8	0.00877	0.00999	0.02177	0.01579	0.03595	0.00938	0.81647	0.01188	0.00875	0.01189	0.00750	0.01000	0.00564	0.00313	0.00437	0.00125	0.00622	0.00436	0.00188	0.00502
9	0.00807	0.00442	0.00586	0.00515	0.00652	0.00398	0.00398	0.00974	0.01054	0.22068	0.63970	0.02400	0.02865	0.00685	0.00422	0.00116	0.00210	0.00598	0.00421	0.00420
10	0.00903	0.00822	0.05171	0.00740	0.00960	0.00864	0.00606	0.08785	0.61713	0.01585	0.11042	0.01505	0.02603	0.00527	0.00384	0.00123	0.00301	0.00439	0.00369	0.00558
11	0.00744	0.01920	0.85032	0.01058	0.01607	0.00862	0.01371	0.01176	0.00784	0.01176	0.00666	0.00784	0.00470	0.00353	0.00353	0.00118	0.00549	0.00274	0.00157	0.00549
12	0.00757	0.06330	0.80735	0.01036	0.01573	0.00893	0.01333	0.01172	0.00782	0.01160	0.00658	0.00774	0.00471	0.00351	0.00347	0.00116	0.00541	0.00270	0.00157	0.00545
13	0.00722	0.00681	0.01151	0.78064	0.10393	0.00830	0.01041	0.00967	0.00752	0.00974	0.00663	0.00983	0.00504	0.00367	0.00371	0.00122	0.00490	0.00330	0.00167	0.00429
14	0.14387	0.00644	0.00816	0.00635	0.00914	0.00587	0.00525	0.01705	0.01000	0.72853	0.01327	0.01168	0.00844	0.00443	0.00352	0.00115	0.00312	0.00348	0.00426	0.00598
15	0.00744	0.01920	0.85032	0.01058	0.01607	0.00862	0.01371	0.01176	0.00784	0.01176	0.00666	0.00784	0.00470	0.00353	0.00353	0.00118	0.00549	0.00274	0.00157	0.00549
16	0.01373	0.01741	0.01046	0.00951	0.01142	0.83051	0.00713	0.01496	0.03419	0.00927	0.00601	0.00690	0.00497	0.00386	0.00336	0.00096	0.00659	0.00244	0.00197	0.00435
17	0.01665	0.00632	0.00861	0.00660	0.00948	0.00546	0.00546	0.01809	0.01062	0.84897	0.01464	0.01263	0.00919	0.00459	0.00373	0.00115	0.00316	0.00373	0.00459	0.00632
18	0.00701	0.00660	0.01113	0.86063	0.02556	0.00825	0.01031	0.00948	0.00742	0.00948	0.00660	0.00990	0.00495	0.00371	0.00371	0.00124	0.00495	0.00330	0.00165	0.00412
19	0.00546	0.00390	0.00538	0.00624	0.00687	0.00382	0.00508	0.00679	0.00803	0.01053	0.01994	0.33596	0.02250	0.01074	0.00499	0.00164	0.00297	0.53246	0.00343	0.00327
20	0.01420	0.01025	0.01105	0.00847	0.01144	0.01129	0.00700	0.80469	0.01721	0.05307	0.00912	0.00905	0.00642	0.00446	0.00371	0.00112	0.00405	0.00336	0.00374	0.00631
21	0.01624	0.00699	0.00903	0.00692	0.00981	0.00645	0.00572	0.15189	0.01174	0.71358	0.01370	0.01202	0.00872	0.00457	0.00373	0.00114	0.00331	0.00367	0.00445	0.00632
22	0.00540	0.00360	0.00405	0.00405	0.00405	0.00360	0.00225	0.00540	0.00540	0.00720	0.01170	0.02429	0.01349	0.86955	0.01889	0.00360	0.00360	0.00540	0.00225	0.00225
23	0.00515	0.00379	0.00482	0.00456	0.00548	0.00346	0.00342	0.00681	0.01027	0.01432	0.75013	0.02866	0.12969	0.00780	0.00438	0.00118	0.00177	0.00684	0.00401	0.00346
24	0.89577	0.00718	0.00546	0.00488	0.00718	0.00833	0.00402	0.01091	0.00632	0.01665	0.00517	0.00603	0.00402	0.00345	0.00230	0.00115	0.00287	0.00201	0.00230	0.00402
25	0.01660	0.00640	0.00866	0.00664	0.00952	0.00557	0.00549	0.03409	0.01076	0.83278	0.01453	0.01256	0.00913	0.00459	0.00373	0.00115	0.00318	0.00373	0.00458	0.00632
26	0.00439	0.00376	0.00376	0.00376	0.00501	0.00313	0.00282	0.00533	0.00846	0.01003	0.03760	0.03572	0.84489	0.00940	0.00439	0.00125	0.00188	0.00783	0.00345	0.00313
27	0.01665	0.00632	0.00861	0.00660	0.00948	0.00546	0.00546	0.01809	0.01062	0.84897	0.01464	0.01263	0.00919	0.00459	0.00373	0.00115	0.00316	0.00373	0.00459	0.00632
28	0.00525	0.00379	0.00496	0.00467	0.00555	0.00350	0.00350	0.00700	0.01051	0.01488	0.84444	0.02773	0.03502	0.00759	0.00438	0.00117	0.00175	0.00671	0.00409	0.00350
29	0.87715	0.00716	0.00552	0.00492	0.00723	0.00827	0.00405	0.01106	0.00641	0.03428	0.00537	0.00617	0.00413	0.00347	0.00233	0.00115	0.00288	0.00205	0.00235	0.00407
30	0.00992	0.87178	0.01945	0.00635	0.00953	0.01469	0.00635	0.01111	0.00754	0.00873	0.00516	0.00595	0.00476	0.00318	0.00238	0.00079	0.00397	0.00198	0.00159	0.00476
31	0.00452	0.00323	0.00431	0.00517	0.00538	0.00301	0.00345	0.00517	0.00711	0.00948	0.02046	0.86713	0.02455	0.01163	0.00474	0.00151	0.00215	0.01055	0.00345	0.00301
32	0.00523	0.00379	0.00493	0.00465	0.00553	0.00349	0.00349	0.00696	0.01046	0.01477	0.82533	0.02792	0.05421	0.00763	0.00438	0.00117	0.00175	0.00674	0.00407	0.00349
33	0.00919	0.00882	0.01507	0.02278	0.84640	0.00882	0.01139	0.01139	0.00845	0.01213	0.00698	0.00919	0.00588	0.00331	0.00367	0.00110	0.00441	0.00331	0.00184	0.00588
34	0.01166	0.00918	0.00976	0.00804	0.01058	0.01037	0.00646	0.42496	0.43051	0.01944	0.01202	0.01139	0.00883	0.00475	0.00375	0.00119	0.00351	0.00377	0.00375	0.00609
35	0.00923	0.00797	0.00839	0.00755	0.00965	0.00923	0.00588	0.01972	0.83969	0.01553	0.01511	0.01385	0.01133	0.00504	0.00378	0.00126	0.00294	0.00420	0.00378	0.00588
36	0.00452	0.00323	0.00431	0.00517	0.00538	0.00301	0.00345	0.00517	0.00711	0.00948	0.02046	0.86713	0.02455	0.01163	0.00474	0.00151	0.00215	0.01055	0.00345	0.00301
37	0.89577	0.00718	0.00546	0.00488	0.00718	0.00833	0.00402	0.01091	0.00632	0.01665	0.00517	0.00603	0.00402	0.00345	0.00230	0.00115	0.00287	0.00201	0.00230	0.00402
38	0.00770	0.00660	0.00770	0.00550	0.00880	0.00495	0.00440	0.00935	0.00770	0.01210	0.00660	0.00770	0.00550	0.00275	0.00275	0.00055	0.00275	0.00220	0.00220	0.89224
39	0.00919	0.00882	0.01507	0.02278	0.84640	0.00882	0.01139	0.01139	0.00845	0.01213	0.00698	0.00919	0.00588	0.00331	0.00367	0.00110	0.00441	0.00331	0.00184	0.00588
40	0.89577	0.00718	0.00546	0.00488	0.00718	0.00833	0.00402	0.01091	0.00632	0.01665	0.00517	0.00603	0.00402	0.00345	0.00230	0.00115	0.00287	0.00201	0.00230	0.00402
41	0.00598	0.00427	0.00598	0.00684	0.00769	0.00427	0.00598	0.00769	0.00854	0.01111	0.01965	0.04187	0.02136	0.01025	0.00513	0.00171	0.00342	0.82141	0.00342	0.00342
42	0.00992	0.87178	0.01945	0.00635	0.00953	0.01469	0.00635	0.01111	0.00754	0.00873	0.00516	0.00595	0.00476	0.00318	0.00238	0.00079	0.00397	0.00198	0.00159	0.00476
43	0.00919	0.00882	0.01507	0.02278	0.84640	0.00882	0.01139	0.01139	0.00845	0.01213	0.00698	0.00919	0.00588	0.00331	0.00367	0.00110	0.00441	0.00331	0.00184	0.00588
44	0.00452	0.00323	0.00431	0.00517	0.00538	0.00301	0.00345	0.00517	0.00711	0.00948	0.02046	0.86713	0.02455	0.01163	0.00474	0.00151	0.00215	0.01055	0.00345	0.00301
45	0.00452	0.00323	0.00431	0.00517	0.00538	0.00301	0.00345	0.00517	0.00711	0.00948	0.02046	0.86713	0.02455	0.01163	0.00474	0.00151	0.00215	0.01055	0.00345	0.00301
46	0.00884	0.00967	0.01962	0.01428	0.01775	0.00936	0.69312	0.01321	0.14921	0.01250	0.00879	0.01066	0.00660	0.00345	0.00428	0.00125	0.00570	0.00435	0.00220	0.00515
47	0.01411	0.01040	0.01114	0.00854	0.01151	0.01151	0.00706	0.83402	0.01745	0.02339	0.00891	0.00891	0.00631	0.00446	0.00371	0.00111	0.00408	0.00334	0.00371	0.00631
48	0.01544	0.00678	0.00868	0.00672	0.00949	0.00625	0.00553	0.14463	0.01155	0.66393	0.01529	0.01360	0.06466	0.00489	0.00377	0.00115	0.00322	0.00395	0.00438	0.00610
49	0.01374	0.01028	0.01090	0.00846	0.01133	0.02372	0.00695	0.77327	0.05290	0.02262	0.00932	0.02285	0.00680	0.00459	0.00373	0.00112	0.00404	0.00348	0.00369	0.00621
50	0.01251	0.11245	0.01147	0.02174	0.01113	0.15919	0.00681	0.42084	0.17623	0.01740	0.00909	0.00916	0.00682	0.00430	0.00350	0.00108	0.00432	0.00318	0.00313	0.00566

[dist]
# distance from previous block
# <min> <max>
0	1

[block]
# block no. 1 follows, 74 sequences, length 61
# corresponding to MSA columns:
# 636-696
name=unknown_B
#
# <colnr> <probs for GDERKNQSTAVLIFYWHMCP>
#	G	D	E	R	K	N	Q	S	T	A	V	L	I	F	Y	W	H	M	C	P
0	0.31080	0.39675	0.07376	0.00644	0.00938	0.07903	0.00611	0.03060	0.00762	0.01213	0.00546	0.00631	0.00457	0.00336	0.00256	0.00095	0.00388	0.00212	0.00192	0.03623
1	0.01055	0.02553	0.14777	0.09337	0.08654	0.10148	0.13184	0.19660	0.05059	0.05410	0.00787	0.00910	0.00588	0.00401	0.00425	0.00117	0.05827	0.00332	0.00242	0.00533
2	0.01419	0.00893	0.00999	0.00772	0.01051	0.00950	0.00635	0.58135	0.01514	0.21818	0.01050	0.01015	0.00722	0.00448	0.00364	0.00110	0.00370	0.00344	0.06780	0.00611
3	0.00503	0.00365	0.00485	0.00560	0.00615	0.00347	0.00426	0.00609	0.00781	0.01021	0.03947	0.48369	0.10325	0.01085	0.00483	0.00155	0.00255	0.29007	0.00345	0.00318
4	0.00513	0.00380	0.00479	0.00457	0.00551	0.00346	0.00345	0.00675	0.01014	0.01403	0.69815	0.02930	0.16386	0.00793	0.00440	0.00119	0.00181	0.02432	0.00397	0.00344
5	0.00923	0.00797	0.00839	0.00755	0.00965	0.00923	0.00588	0.01972	0.83969	0.01553	0.01511	0.01385	0.01133	0.00504	0.00378	0.00126	0.00294	0.00420	0.00378	0.00588
6	0.01387	0.01769	0.01052	0.00956	0.01148	0.85465	0.00717	0.01482	0.01052	0.00908	0.00574	0.00669	0.00478	0.00383	0.00335	0.00096	0.00669	0.00239	0.00191	0.00430
7	0.00992	0.87178	0.01945	0.00635	0.00953	0.01469	0.00635	0.01111	0.00754	0.00873	0.00516	0.00595	0.00476	0.00318	0.00238	0.00079	0.00397	0.00198	0.00159	0.00476
8	0.89577	0.00718	0.00546	0.00488	0.00718	0.00833	0.00402	0.01091	0.00632	0.01665	0.00517	0.00603	0.00402	0.00345	0.00230	0.00115	0.00287	0.00201	0.00230	0.00402
9	0.01665	0.00632	0.00861	0.00660	0.00948	0.00546	0.00546	0.01809	0.01062	0.84897	0.01464	0.01263	0.00919	0.00459	0.00373	0.00115	0.00316	0.00373	0.00459	0.00632
10	0.00923	0.00797	0.00839	0.00755	0.00965	0.00923	0.00588	0.01972	0.83969	0.01553	0.01511	0.01385	0.01133	0.00504	0.00378	0.00126	0.00294	0.00420	0.00378	0.00588
11	0.00439	0.00376	0.00376	0.00376	0.00501	0.00313	0.00282	0.00533	0.00846	0.01003	0.03760	0.03572	0.84489	0.00940	0.00439	0.00125	0.00188	0.00783	0.00345	0.00313
12	0.00452	0.00323	0.00431	0.00517	0.00538	0.00301	0.00345	0.00517	0.00711	0.00948	0.02046	0.86713	0.02455	0.01163	0.00474	0.00151	0.00215	0.01055	0.00345	0.00301
13	0.00924	0.00891	0.01539	0.02215	0.78650	0.00889	0.05744	0.02469	0.00861	0.01230	0.00704	0.00923	0.00587	0.00332	0.00371	0.00111	0.00451	0.00337	0.00187	0.00584
14	0.01461	0.00940	0.01075	0.00822	0.01118	0.01001	0.02356	0.62019	0.01563	0.22250	0.01027	0.00983	0.00699	0.00446	0.00373	0.00113	0.00391	0.00346	0.00389	0.00629
15	0.00439	0.00376	0.00376	0.00376	0.00501	0.00313	0.00282	0.00533	0.00846	0.01003	0.03760	0.03572	0.84489	0.00940	0.00439	0.00125	0.00188	0.00783	0.00345	0.00313
16	0.00808	0.00659	0.00774	0.00554	0.00883	0.00497	0.00444	0.00972	0.00782	0.04762	0.00694	0.00791	0.00565	0.00283	0.00279	0.00058	0.00277	0.00226	0.00230	0.85463
17	0.00477	0.00334	0.00423	0.00485	0.00500	0.00318	0.00310	0.00523	0.00662	0.00882	0.01794	0.62467	0.02137	0.25843	0.00881	0.00211	0.00257	0.00907	0.00310	0.00279
18	0.00996	0.80639	0.05316	0.00664	0.00986	0.04441	0.00668	0.01127	0.00766	0.00887	0.00524	0.00606	0.00476	0.00321	0.00246	0.00082	0.00413	0.00203	0.00160	0.00478
19	0.01387	0.01769	0.01052	0.00956	0.01148	0.85465	0.00717	0.01482	0.01052	0.00908	0.00574	0.00669	0.00478	0.00383	0.00335	0.00096	0.00669	0.00239	0.00191	0.00430
20	0.00808	0.00659	0.00774	0.00554	0.00883	0.00497	0.00444	0.00972	0.00782	0.04762	0.00694	0.00791	0.00565	0.00283	0.00279	0.00058	0.00277	0.00226	0.00230	0.85463
21	0.01665	0.00632	0.00861	0.00660	0.00948	0.00546	0.00546	0.01809	0.01062	0.84897	0.01464	0.01263	0.00919	0.00459	0.00373	0.00115	0.00316	0.00373	0.00459	0.00632
22	0.01665	0.00632	0.00861	0.00660	0.00948	0.00546	0.00546	0.01809	0.01062	0.84897	0.01464	0.01263	0.00919	0.00459	0.00373	0.00115	0.00316	0.00373	0.00459	0.00632
23	0.00919	0.00882	0.01507	0.02278	0.84640	0.00882	0.01139	0.01139	0.00845	0.01213	0.00698	0.00919	0.00588	0.00331	0.00367	0.00110	0.00441	0.00331	0.00184	0.00588
24	0.00525	0.00379	0.00496	0.00467	0.00555	0.00350	0.00350	0.00700	0.01051	0.01488	0.84444	0.02773	0.03502	0.00759	0.00438	0.00117	0.00175	0.00671	0.00409	0.00350
25	0.00452	0.00323	0.00431	0.00517	0.00538	0.00301	0.00345	0.00517	0.00711	0.00948	0.02046	0.86713	0.02455	0.01163	0.00474	0.00151	0.00215	0.01055	0.00345	0.00301
26	0.00525	0.00379	0.00496	0.00467	0.00555	0.00350	0.00350	0.00700	0.01051	0.01488	0.84444	0.02773	0.03502	0.00759	0.00438	0.00117	0.00175	0.00671	0.00409	0.00350
27	0.01387	0.01769	0.01052	0.00956	0.01148	0.85465	0.00717	0.01482	0.01052	0.00908	0.00574	0.00669	0.00478	0.00383	0.00335	0.00096	0.00669	0.00239	0.00191	0.00430
28	0.00441	0.00368	0.00384	0.00396	0.00507	0.00312	0.00291	0.00530	0.00826	0.00995	0.03513	0.15582	0.72639	0.00972	0.00444	0.00129	0.00192	0.00823	0.00345	0.00312
29	0.01453	0.00973	0.01073	0.00822	0.01118	0.01052	0.00679	0.70082	0.01634	0.15817	0.00985	0.00952	0.00678	0.00448	0.00372	0.00112	0.00393	0.00341	0.00386	0.00631
30	0.00919	0.00882	0.01507	0.02278	0.84640	0.00882	0.01139	0.01139	0.00845	0.01213	0.00698	0.00919	0.00588	0.00331	0.00367	0.00110	0.00441	0.00331	0.00184	0.00588
31	0.00525	0.00379	0.00496	0.00467	0.00555	0.00350	0.00350	0.00700	0.01051	0.01488	0.84444	0.02773	0.03502	0.00759	0.00438	0.00117	0.00175	0.00671	0.00409	0.00350
32	0.00876	0.01001	0.02190	0.01564	0.01940	0.00939	0.83292	0.01189	0.00876	0.01189	0.00751	0.01001	0.00563	0.00313	0.00438	0.00125	0.00626	0.00438	0.00188	0.00501
33	0.00992	0.87178	0.01945	0.00635	0.00953	0.01469	0.00635	0.01111	0.00754	0.00873	0.00516	0.00595	0.00476	0.00318	0.00238	0.00079	0.00397	0.00198	0.00159	0.00476
34	0.00991	0.82486	0.04893	0.00656	0.00980	0.03070	0.00663	0.01121	0.00761	0.00885	0.00523	0.00604	0.00476	0.00320	0.00244	0.00081	0.00408	0.00202	0.00159	0.00478
35	0.00744	0.01876	0.81964	0.01059	0.01596	0.00855	0.03023	0.01168	0.00790	0.01181	0.02036	0.00821	0.00522	0.00358	0.00356	0.00118	0.00544	0.00284	0.00161	0.00544
36	0.00520	0.00379	0.00489	0.00461	0.00551	0.00348	0.00346	0.00690	0.01038	0.01458	0.79327	0.02823	0.08638	0.00770	0.00438	0.00117	0.00176	0.00678	0.00405	0.00348
37	0.89577	0.00718	0.00546	0.00488	0.00718	0.00833	0.00402	0.01091	0.00632	0.01665	0.00517	0.00603	0.00402	0.00345	0.00230	0.00115	0.00287	0.00201	0.00230	0.00402
38	0.00992	0.87178	0.01945	0.00635	0.00953	0.01469	0.00635	0.01111	0.00754	0.00873	0.00516	0.00595	0.00476	0.00318	0.00238	0.00079	0.00397	0.00198	0.00159	0.00476
39	0.89577	0.00718	0.00546	0.00488	0.00718	0.00833	0.00402	0.01091	0.00632	0.01665	0.00517	0.00603	0.00402	0.00345	0.00230	0.00115	0.00287	0.00201	0.00230	0.00402
40	0.00923	0.00797	0.00839	0.00755	0.00965	0.00923	0.00588	0.01972	0.83969	0.01553	0.01511	0.01385	0.01133	0.00504	0.00378	0.00126	0.00294	0.00420	0.00378	0.00588
41	0.00923	0.00797	0.00839	0.00755	0.00965	0.00923	0.00588	0.01972	0.83969	0.01553	0.01511	0.01385	0.01133	0.00504	0.00378	0.00126	0.00294	0.00420	0.00378	0.00588
42	0.01394	0.01031	0.01104	0.00851	0.01144	0.01143	0.00701	0.80496	0.04679	0.02311	0.00913	0.00909	0.00649	0.00448	0.00372	0.00112	0.00404	0.00337	0.00372	0.00630
43	0.00525	0.00379	0.00496	0.00467	0.00555	0.00350	0.00350	0.00700	0.01051	0.01488	0.84444	0.02773	0.03502	0.00759	0.00438	0.00117	0.00175	0.00671	0.00409	0.00350
44	0.00955	0.00790	0.00840	0.00751	0.00964	0.00907	0.00586	0.01965	0.80450	0.05091	0.01509	0.01380	0.01124	0.00502	0.00378	0.00125	0.00295	0.00418	0.00381	0.00589
45	0.00521	0.00379	0.00490	0.00462	0.00552	0.00348	0.00347	0.00692	0.01040	0.01463	0.80288	0.02814	0.07674	0.00768	0.00438	0.00117	0.00176	0.00677	0.00405	0.00348
46	0.00459	0.00326	0.00429	0.00509	0.00529	0.00306	0.00336	0.00519	0.00698	0.00931	0.01982	0.80586	0.02375	0.07399	0.00577	0.00166	0.00226	0.01018	0.00336	0.00296
47	0.15753	0.00844	0.00914	0.00718	0.00989	0.00899	0.00591	0.43655	0.02503	0.23468	0.01003	0.00972	0.00692	0.00433	0.00343	0.00112	0.00351	0.00324	0.04857	0.00579
48	0.03282	0.00689	0.00890	0.00684	0.00971	0.00634	0.00565	0.12958	0.01148	0.72039	0.01368	0.01200	0.00870	0.00455	0.00370	0.00114	0.00328	0.00365	0.00443	0.00627
49	0.00749	0.01886	0.82001	0.01076	0.01619	0.00865	0.04368	0.01176	0.00787	0.01176	0.00669	0.00792	0.00474	0.00351	0.00356	0.00118	0.00551	0.00280	0.00158	0.00547
50	0.00452	0.00323	0.00431	0.00517	0.00538	0.00301	0.00345	0.00517	0.00711	0.00948	0.02046	0.86713	0.02455	0.01163	0.00474	0.00151	0.00215	0.01055	0.00345	0.00301
51	0.00452	0.00323	0.00431	0.00517	0.00538	0.00301	0.00345	0.00517	0.00711	0.00948	0.02046	0.86713	0.02455	0.01163	0.00474	0.00151	0.00215	0.01055	0.00345	0.00301
52	0.00718	0.00678	0.01145	0.79323	0.09160	0.00829	0.01040	0.00964	0.00750	0.00970	0.00663	0.00984	0.00502	0.00368	0.00371	0.00123	0.00490	0.00330	0.00166	0.00426
53	0.00744	0.01920	0.85032	0.01058	0.01607	0.00862	0.01371	0.01176	0.00784	0.01176	0.00666	0.00784	0.00470	0.00353	0.00353	0.00118	0.00549	0.00274	0.00157	0.00549
54	0.01600	0.00643	0.00851	0.00657	0.00934	0.00574	0.00541	0.06944	0.01091	0.75426	0.01415	0.01246	0.00902	0.00457	0.00367	0.00113	0.00314	0.00369	0.04935	0.00617
55	0.00744	0.01920	0.85032	0.01058	0.01607	0.00862	0.01371	0.01176	0.00784	0.01176	0.00666	0.00784	0.00470	0.00353	0.00353	0.00118	0.00549	0.00274	0.00157	0.00549
56	0.00915	0.00900	0.01558	0.02146	0.72652	0.02193	0.10323	0.01140	0.00847	0.01197	0.00710	0.00950	0.00596	0.01794	0.00401	0.00116	0.00464	0.00345	0.00185	0.00570
57	0.00455	0.00325	0.00434	0.00520	0.00543	0.00304	0.00349	0.00522	0.00713	0.00951	0.02044	0.85177	0.02449	0.01160	0.00474	0.00151	0.00218	0.02565	0.00345	0.00302
58	0.00472	0.00377	0.00423	0.00411	0.00522	0.00328	0.00309	0.00598	0.00926	0.01192	0.35157	0.03261	0.52974	0.00870	0.00438	0.00122	0.00183	0.00740	0.00370	0.00328
59	0.00945	0.53366	0.28189	0.00795	0.01175	0.07973	0.00875	0.01161	0.00787	0.00972	0.00568	0.00661	0.00475	0.00334	0.00282	0.00093	0.00467	0.00226	0.00161	0.00496
60	0.00915	0.00963	0.01771	0.07286	0.16559	0.05192	0.47821	0.04644	0.00892	0.02252	0.00772	0.02754	0.00622	0.00373	0.00449	0.00123	0.04425	0.01481	0.00201	0.00503

[dist]
# distance from previous block
# <min> <max>
0	1

[block]
# block no. 2 follows, 74 sequences, length 28
# corresponding to MSA columns:
# 698-725
name=unknown_C
#
# <colnr> <probs for GDERKNQSTAVLIFYWHMCP>
#	G	D	E	R	K	N	Q	S	T	A	V	L	I	F	Y	W	H	M	C	P
0	0.00903	0.00875	0.01449	0.12294	0.72908	0.02789	0.01117	0.01124	0.00838	0.01174	0.00691	0.00922	0.00574	0.00337	0.00367	0.00112	0.00453	0.00329	0.00182	0.00563
1	0.00439	0.00376	0.00376	0.00376	0.00501	0.00313	0.00282	0.00533	0.00846	0.01003	0.03760	0.03572	0.84489	0.00940	0.00439	0.00125	0.00188	0.00783	0.00345	0.00313
2	0.00812	0.00812	0.01137	0.00975	0.00975	0.01137	0.00812	0.00893	0.00568	0.00893	0.00487	0.00812	0.00487	0.00650	0.01218	0.00162	0.86276	0.00325	0.00162	0.00406
3	0.00770	0.00660	0.00770	0.00550	0.00880	0.00495	0.00440	0.00935	0.00770	0.01210	0.00660	0.00770	0.00550	0.00275	0.00275	0.00055	0.00275	0.00220	0.00220	0.89224
4	0.00876	0.01001	0.02190	0.01564	0.01940	0.00939	0.83292	0.01189	0.00876	0.01189	0.00751	0.01001	0.00563	0.00313	0.00438	0.00125	0.00626	0.00438	0.00188	0.00501
5	0.00891	0.00768	0.00810	0.00731	0.00934	0.00882	0.00568	0.01876	0.78177	0.01525	0.03468	0.01520	0.05139	0.00530	0.00382	0.00126	0.00286	0.00443	0.00377	0.00569
6	0.00444	0.00376	0.00383	0.00382	0.00505	0.00316	0.00286	0.00543	0.00859	0.01033	0.08774	0.03523	0.79457	0.00929	0.00439	0.00125	0.00187	0.00776	0.00349	0.00316
7	0.00439	0.00376	0.00376	0.00376	0.00501	0.00313	0.00282	0.00533	0.00846	0.01003	0.03760	0.03572	0.84489	0.00940	0.00439	0.00125	0.00188	0.00783	0.00345	0.00313
8	0.00771	0.03282	0.77417	0.01071	0.01601	0.00883	0.05478	0.03174	0.00811	0.01199	0.00673	0.00794	0.00479	0.00352	0.00355	0.00117	0.00547	0.00283	0.00164	0.00547
9	0.89577	0.00718	0.00546	0.00488	0.00718	0.00833	0.00402	0.01091	0.00632	0.01665	0.00517	0.00603	0.00402	0.00345	0.00230	0.00115	0.00287	0.00201	0.00230	0.00402
10	0.00533	0.00385	0.00533	0.00533	0.00578	0.00430	0.00385	0.00622	0.00578	0.00815	0.01052	0.01778	0.01067	0.30538	0.57921	0.00518	0.00785	0.00445	0.00207	0.00296
11	0.00701	0.00660	0.01113	0.86063	0.02556	0.00825	0.01031	0.00948	0.00742	0.00948	0.00660	0.00990	0.00495	0.00371	0.00371	0.00124	0.00495	0.00330	0.00165	0.00412
12	0.00453	0.00405	0.02156	0.00415	0.00537	0.00328	0.00322	0.00555	0.00835	0.01013	0.04861	0.11832	0.70593	0.00950	0.00443	0.00129	0.00203	0.03312	0.00342	0.00319
13	0.04576	0.00643	0.00856	0.00659	0.00944	0.00567	0.00544	0.03445	0.01062	0.80457	0.01421	0.01234	0.00896	0.00455	0.00368	0.00115	0.00317	0.00367	0.00450	0.00624
14	0.01107	0.00842	0.00979	0.17784	0.03599	0.02439	0.00701	0.44863	0.05764	0.01801	0.00922	0.01018	0.00681	0.00427	0.00352	0.00110	0.00385	0.00338	0.15356	0.00532
15	0.01061	0.05154	0.01347	0.05427	0.40153	0.12848	0.06354	0.02965	0.05365	0.10668	0.02117	0.00966	0.00672	0.00380	0.00388	0.00111	0.02916	0.00333	0.00231	0.00543
16	0.01367	0.00633	0.00839	0.00701	0.03185	0.00599	0.00551	0.03302	0.08569	0.57444	0.11865	0.01472	0.02872	0.00515	0.00421	0.00118	0.04132	0.00419	0.00421	0.00575
17	0.01646	0.00663	0.00881	0.00675	0.00963	0.00592	0.00558	0.08079	0.01115	0.78553	0.01420	0.01235	0.00897	0.00458	0.00373	0.00115	0.00323	0.00370	0.00453	0.00632
18	0.00454	0.00338	0.00423	0.00483	0.00531	0.00307	0.00331	0.00531	0.00760	0.00992	0.07426	0.63703	0.20186	0.01090	0.00464	0.00143	0.00207	0.00973	0.00348	0.00307
19	0.05367	0.14460	0.35267	0.04280	0.08769	0.02726	0.05473	0.08636	0.01933	0.06857	0.00729	0.00831	0.00543	0.00365	0.00346	0.00111	0.01332	0.00289	0.01149	0.00533
20	0.03705	0.00773	0.07175	0.00728	0.01029	0.00644	0.03843	0.08896	0.02500	0.61410	0.01325	0.01201	0.01863	0.00448	0.00368	0.00115	0.00347	0.00366	0.02662	0.00603
21	0.00452	0.00323	0.00431	0.00517	0.00538	0.00301	0.00345	0.00517	0.00711	0.00948	0.02046	0.86713	0.02455	0.01163	0.00474	0.00151	0.00215	0.01055	0.00345	0.00301
22	0.00908	0.19209	0.45866	0.00981	0.03534	0.07369	0.04930	0.04822	0.02551	0.03603	0.00713	0.02634	0.00556	0.00373	0.00337	0.00109	0.00502	0.00291	0.00189	0.00525
23	0.00918	0.00904	0.04543	0.13929	0.59878	0.02870	0.01071	0.04594	0.02991	0.02411	0.01926	0.00960	0.00630	0.00356	0.00368	0.00113	0.00447	0.00334	0.00200	0.00557
24	0.01095	0.00724	0.00774	0.00663	0.00851	0.09718	0.00520	0.09113	0.10767	0.26880	0.21538	0.08105	0.04184	0.00601	0.00417	0.00119	0.02559	0.00496	0.00380	0.00496
25	0.01638	0.00675	0.00888	0.00681	0.00969	0.00610	0.00563	0.10455	0.01135	0.76148	0.01404	0.01224	0.00888	0.00458	0.00373	0.00114	0.00326	0.00369	0.00450	0.00632
26	0.00523	0.00391	0.00493	0.02813	0.00599	0.00367	0.00354	0.00689	0.02314	0.01342	0.61737	0.04389	0.15532	0.06201	0.00527	0.00134	0.00200	0.00674	0.00379	0.00341
27	0.01093	0.56838	0.06913	0.00752	0.01051	0.23367	0.00705	0.03755	0.00864	0.00947	0.00552	0.00636	0.00481	0.00341	0.00275	0.00087	0.00478	0.00218	0.00174	0.00474

[dist]
# distance from previous block
# <min> <max>
0	9

[block]
# block no. 3 follows, 74 sequences, length 43
# corresponding to MSA columns:
# 735-777
name=unknown_D
#
# <colnr> <probs for GDERKNQSTAVLIFYWHMCP>
#	G	D	E	R	K	N	Q	S	T	A	V	L	I	F	Y	W	H	M	C	P
0	0.01154	0.47958	0.01580	0.00804	0.01073	0.35351	0.03871	0.02606	0.00895	0.00924	0.00555	0.00646	0.00483	0.00346	0.00287	0.00088	0.00516	0.00226	0.00176	0.00461
1	0.00938	0.07315	0.09410	0.01196	0.24528	0.02848	0.05731	0.09614	0.01849	0.04760	0.01683	0.00959	0.00650	0.04754	0.00426	0.00110	0.01303	0.00311	0.00226	0.21389
2	0.00982	0.12194	0.35641	0.00899	0.02443	0.02873	0.05796	0.02234	0.07936	0.17096	0.07517	0.01073	0.00862	0.00413	0.00356	0.00113	0.00438	0.00338	0.00259	0.00539
3	0.02781	0.00861	0.10148	0.04525	0.31515	0.02742	0.06495	0.04043	0.02810	0.06413	0.02349	0.16738	0.04976	0.00545	0.00393	0.00122	0.00399	0.01397	0.00252	0.00496
4	0.00536	0.00358	0.00406	0.00409	0.00410	0.00357	0.00230	0.00539	0.00547	0.00729	0.01206	0.05904	0.01395	0.83418	0.01831	0.00351	0.00354	0.00561	0.00230	0.00228
5	0.00708	0.00669	0.02294	0.41753	0.16762	0.00760	0.03688	0.00918	0.00721	0.00981	0.00750	0.01099	0.00629	0.02179	0.20693	0.00239	0.04202	0.00352	0.00178	0.00427
6	0.02406	0.07328	0.10049	0.04860	0.33039	0.12553	0.12327	0.03551	0.00895	0.06765	0.00749	0.02474	0.00601	0.00366	0.00362	0.00111	0.00492	0.00332	0.00207	0.00531
7	0.01027	0.74392	0.05064	0.00687	0.01000	0.10772	0.00673	0.01155	0.00788	0.00889	0.00528	0.00611	0.00476	0.00326	0.00253	0.00083	0.00433	0.00206	0.00162	0.00474
8	0.00452	0.00323	0.00431	0.00517	0.00538	0.00301	0.00345	0.00517	0.00711	0.00948	0.02046	0.86713	0.02455	0.01163	0.00474	0.00151	0.00215	0.01055	0.00345	0.00301
9	0.00532	0.00469	0.02853	0.00665	0.09902	0.00406	0.00442	0.00676	0.01947	0.01151	0.23733	0.21271	0.32862	0.00853	0.00435	0.00127	0.00230	0.00745	0.00339	0.00361
10	0.01204	0.05552	0.01205	0.01131	0.14780	0.29474	0.01959	0.18502	0.01063	0.05720	0.00693	0.00814	0.00554	0.00433	0.00498	0.00113	0.15264	0.00297	0.00235	0.00508
11	0.00439	0.00376	0.00376	0.00376	0.00501	0.00313	0.00282	0.00533	0.00846	0.01003	0.03760	0.03572	0.84489	0.00940	0.00439	0.00125	0.00188	0.00783	0.00345	0.00313
12	0.01649	0.00657	0.00877	0.00673	0.00960	0.00584	0.00556	0.06941	0.01105	0.79704	0.01428	0.01240	0.00901	0.00459	0.00373	0.00115	0.00322	0.00371	0.00454	0.00632
13	0.00882	0.00878	0.02662	0.11807	0.57495	0.05916	0.02912	0.01098	0.00846	0.01151	0.00828	0.01275	0.00740	0.00416	0.00383	0.00118	0.00456	0.09411	0.00199	0.00528
14	0.00923	0.00797	0.00839	0.00755	0.00965	0.00923	0.00588	0.01972	0.83969	0.01553	0.01511	0.01385	0.01133	0.00504	0.00378	0.00126	0.00294	0.00420	0.00378	0.00588
15	0.00923	0.00797	0.00839	0.00755	0.00965	0.00923	0.00588	0.01972	0.83969	0.01553	0.01511	0.01385	0.01133	0.00504	0.00378	0.00126	0.00294	0.00420	0.00378	0.00588
16	0.00452	0.00323	0.00431	0.00517	0.00538	0.00301	0.00345	0.00517	0.00711	0.00948	0.02046	0.86713	0.02455	0.01163	0.00474	0.00151	0.00215	0.01055	0.00345	0.00301
17	0.01411	0.01040	0.01114	0.00854	0.01151	0.01151	0.00706	0.83402	0.01745	0.02339	0.00891	0.00891	0.00631	0.00446	0.00371	0.00111	0.00408	0.00334	0.00371	0.00631
18	0.01390	0.01024	0.01099	0.00847	0.01138	0.01133	0.00698	0.81600	0.01723	0.02309	0.00916	0.02757	0.00671	0.00461	0.00374	0.00112	0.00404	0.00350	0.00371	0.00624
19	0.00919	0.00882	0.01507	0.02278	0.84640	0.00882	0.01139	0.01139	0.00845	0.01213	0.00698	0.00919	0.00588	0.00331	0.00367	0.00110	0.00441	0.00331	0.00184	0.00588
20	0.00447	0.00376	0.00387	0.00385	0.00506	0.00317	0.00288	0.00548	0.00865	0.01048	0.11358	0.03497	0.76863	0.00923	0.00439	0.00125	0.00187	0.00773	0.00351	0.00317
21	0.00452	0.00323	0.00431	0.00517	0.00538	0.00301	0.00345	0.00517	0.00711	0.00948	0.02046	0.86713	0.02455	0.01163	0.00474	0.00151	0.00215	0.01055	0.00345	0.00301
22	0.01438	0.01010	0.01086	0.00835	0.01129	0.02720	0.00689	0.73046	0.01658	0.11183	0.00947	0.00927	0.00659	0.00446	0.00371	0.00111	0.00404	0.00337	0.00377	0.00627
23	0.03289	0.00994	0.02145	0.01535	0.01907	0.00936	0.81037	0.01186	0.00869	0.01202	0.00745	0.00990	0.00559	0.00314	0.00432	0.00125	0.00617	0.00432	0.00189	0.00498
24	0.00992	0.87178	0.01945	0.00635	0.00953	0.01469	0.00635	0.01111	0.00754	0.00873	0.00516	0.00595	0.00476	0.00318	0.00238	0.00079	0.00397	0.00198	0.00159	0.00476
25	0.00910	0.00873	0.01491	0.05624	0.81362	0.00880	0.01135	0.01132	0.00841	0.01202	0.00697	0.00922	0.00584	0.00332	0.00368	0.00111	0.00443	0.00331	0.00183	0.00581
26	0.00915	0.38177	0.34073	0.00859	0.01248	0.05002	0.04120	0.04536	0.00829	0.02080	0.01657	0.02694	0.00571	0.00369	0.00321	0.00102	0.01489	0.00273	0.00180	0.00505
27	0.00671	0.00626	0.01031	0.00902	0.02786	0.00728	0.15377	0.00809	0.00663	0.00951	0.00980	0.16148	0.00997	0.02395	0.27400	0.00291	0.26151	0.00499	0.00212	0.00383
28	0.00540	0.00360	0.00405	0.00405	0.00405	0.00360	0.00225	0.00540	0.00540	0.00720	0.01170	0.02429	0.01349	0.86955	0.01889	0.00360	0.00360	0.00540	0.00225	0.00225
29	0.01554	0.00810	0.00972	0.00745	0.01037	0.00810	0.00616	0.37489	0.01361	0.48795	0.01214	0.01101	0.00793	0.00453	0.00372	0.00113	0.00356	0.00356	0.00421	0.00631
30	0.00966	0.10864	0.21199	0.02692	0.34526	0.16164	0.02058	0.01244	0.04781	0.01123	0.00686	0.00830	0.00552	0.00352	0.00345	0.00107	0.00499	0.00292	0.00185	0.00534
31	0.00452	0.00335	0.00423	0.00493	0.00535	0.00306	0.00337	0.00524	0.00739	0.00961	0.02370	0.69470	0.18011	0.01118	0.00468	0.00146	0.00212	0.02449	0.00345	0.00304
32	0.01651	0.00635	0.00861	0.00662	0.00948	0.00553	0.00546	0.01812	0.02707	0.83243	0.01465	0.01266	0.00923	0.00460	0.00373	0.00115	0.00315	0.00374	0.00458	0.00631
33	0.00803	0.00510	0.00630	0.00560	0.00708	0.00504	0.00433	0.01156	0.18461	0.15691	0.52917	0.02225	0.02565	0.00654	0.00414	0.00118	0.00224	0.00568	0.00411	0.00448
34	0.01019	0.63085	0.12194	0.00728	0.01063	0.07482	0.00738	0.06982	0.01926	0.01026	0.00578	0.00655	0.00495	0.00338	0.00271	0.00088	0.00435	0.00223	0.00179	0.00494
35	0.01634	0.00681	0.00892	0.00684	0.00972	0.00619	0.00565	0.11740	0.01146	0.74848	0.01395	0.01218	0.00884	0.00458	0.00373	0.00114	0.00327	0.00369	0.00449	0.00632
36	0.00451	0.00377	0.00393	0.00389	0.00509	0.00319	0.00292	0.00556	0.00875	0.01072	0.15189	0.03459	0.73017	0.00914	0.00439	0.00124	0.00186	0.00768	0.00354	0.00319
37	0.00488	0.00356	0.00466	0.00541	0.00581	0.00342	0.00381	0.00608	0.04167	0.01000	0.03333	0.70892	0.04338	0.01109	0.00473	0.00151	0.00231	0.09879	0.00347	0.00319
38	0.00706	0.00665	0.01123	0.84054	0.04525	0.00826	0.01033	0.00953	0.00745	0.00955	0.00661	0.00988	0.00497	0.00370	0.00371	0.00123	0.00494	0.00330	0.00165	0.00417
39	0.00451	0.00329	0.00425	0.00501	0.00534	0.00303	0.00338	0.00519	0.00726	0.00954	0.02236	0.77481	0.11564	0.01138	0.00470	0.00148	0.00212	0.01025	0.00345	0.00303
40	0.11433	0.00947	0.01255	0.06268	0.50961	0.09782	0.00939	0.05884	0.06691	0.01307	0.00729	0.00890	0.00590	0.00359	0.00349	0.00111	0.00438	0.00312	0.00213	0.00542
41	0.72324	0.00876	0.00634	0.00567	0.00789	0.13505	0.00455	0.03104	0.00730	0.01564	0.02365	0.00667	0.00486	0.00362	0.00253	0.00112	0.00345	0.00220	0.00231	0.00411
42	0.04734	0.00996	0.01112	0.06483	0.07051	0.02272	0.00743	0.66185	0.03358	0.02107	0.00857	0.00896	0.00619	0.00429	0.00365	0.00112	0.00413	0.00329	0.00337	0.00601

[dist]
# distance from previous block
# <min> <max>
0	11

[block]
# block no. 4 follows, 74 sequences, length 41
# corresponding to MSA columns:
# 789-829
name=unknown_E
#
# <colnr> <probs for GDERKNQSTAVLIFYWHMCP>
#	G	D	E	R	K	N	Q	S	T	A	V	L	I	F	Y	W	H	M	C	P
0	0.00902	0.00742	0.00800	0.00716	0.00914	0.00841	0.00557	0.03566	0.68743	0.03922	0.12590	0.01556	0.01433	0.00535	0.00385	0.00124	0.00281	0.00450	0.00384	0.00558
1	0.01359	0.08044	0.01121	0.00927	0.01133	0.75085	0.00711	0.05510	0.01064	0.00977	0.00585	0.00675	0.00486	0.00381	0.00329	0.00095	0.00636	0.00241	0.00198	0.00444
2	0.00452	0.00323	0.00431	0.00517	0.00538	0.00301	0.00345	0.00517	0.00711	0.00948	0.02046	0.86713	0.02455	0.01163	0.00474	0.00151	0.00215	0.01055	0.00345	0.00301
3	0.00944	0.16222	0.46240	0.00991	0.01412	0.16471	0.06415	0.05118	0.00879	0.01131	0.00640	0.00750	0.00486	0.00354	0.00336	0.00107	0.00543	0.00268	0.00176	0.00515
4	0.00947	0.01042	0.01130	0.08131	0.01166	0.22206	0.02108	0.01050	0.00709	0.00906	0.00528	0.00794	0.00487	0.00554	0.00914	0.00142	0.56297	0.00306	0.00170	0.00414
5	0.00440	0.00376	0.00378	0.00378	0.00502	0.00314	0.00283	0.00536	0.00850	0.01012	0.05355	0.03556	0.82889	0.00936	0.00439	0.00125	0.00188	0.00781	0.00346	0.00314
6	0.00879	0.00992	0.02138	0.01619	0.08277	0.00934	0.76996	0.01185	0.00874	0.01191	0.00747	0.00995	0.00565	0.00314	0.00433	0.00124	0.00612	0.00430	0.00187	0.00507
7	0.00453	0.00374	0.00398	0.00397	0.00512	0.00319	0.00296	0.00558	0.00871	0.01076	0.16327	0.07562	0.67729	0.00923	0.00440	0.00125	0.00187	0.00779	0.00355	0.00319
8	0.00444	0.00366	0.00391	0.00409	0.00513	0.00313	0.00300	0.00534	0.00819	0.00994	0.03390	0.20088	0.66823	0.00986	0.00447	0.00131	0.00196	0.02201	0.00345	0.00311
9	0.00919	0.00882	0.01507	0.02278	0.84640	0.00882	0.01139	0.01139	0.00845	0.01213	0.00698	0.00919	0.00588	0.00331	0.00367	0.00110	0.00441	0.00331	0.00184	0.00588
10	0.00652	0.00607	0.00916	0.02592	0.33323	0.00573	0.04563	0.00810	0.00850	0.01103	0.04128	0.02358	0.44737	0.00660	0.00410	0.00119	0.00312	0.00581	0.00273	0.00431
11	0.00688	0.00440	0.00532	0.00496	0.00626	0.00395	0.00374	0.03683	0.00910	0.12086	0.20650	0.18684	0.25223	0.03374	0.00465	0.00129	0.00229	0.02809	0.02476	0.05730
12	0.89577	0.00718	0.00546	0.00488	0.00718	0.00833	0.00402	0.01091	0.00632	0.01665	0.00517	0.00603	0.00402	0.00345	0.00230	0.00115	0.00287	0.00201	0.00230	0.00402
13	0.87080	0.00727	0.00562	0.00498	0.00730	0.00842	0.00411	0.03422	0.00663	0.01684	0.00527	0.00611	0.00408	0.00347	0.00234	0.00115	0.00291	0.00205	0.00234	0.00408
14	0.00926	0.00961	0.01488	0.17358	0.47418	0.10515	0.13670	0.01151	0.00855	0.01126	0.00685	0.00916	0.00555	0.00341	0.00375	0.00113	0.00505	0.00337	0.00182	0.00524
15	0.00458	0.00332	0.00434	0.00513	0.00546	0.00308	0.00351	0.00530	0.00729	0.00960	0.02186	0.75823	0.09327	0.01138	0.00473	0.00150	0.00219	0.04875	0.00344	0.00304
16	0.01394	0.01026	0.02598	0.03328	0.01159	0.07836	0.00703	0.55742	0.02561	0.15890	0.00946	0.00940	0.00662	0.00446	0.00394	0.00113	0.02975	0.00333	0.00355	0.00600
17	0.01011	0.79094	0.04361	0.00669	0.00985	0.06905	0.00662	0.01137	0.00774	0.00885	0.00524	0.00606	0.00476	0.00323	0.00248	0.00082	0.00419	0.00203	0.00161	0.00476
18	0.01411	0.01040	0.01114	0.00854	0.01151	0.01151	0.00706	0.83402	0.01745	0.02339	0.00891	0.00891	0.00631	0.00446	0.00371	0.00111	0.00408	0.00334	0.00371	0.00631
19	0.00536	0.00373	0.00474	0.00474	0.00497	0.00397	0.00311	0.00584	0.00560	0.00771	0.01107	0.02081	0.01198	0.56790	0.31848	0.00445	0.00587	0.00489	0.00216	0.00263
20	0.00452	0.00323	0.00431	0.00517	0.00538	0.00301	0.00345	0.00517	0.00711	0.00948	0.02046	0.86713	0.02455	0.01163	0.00474	0.00151	0.00215	0.01055	0.00345	0.00301
21	0.00992	0.87178	0.01945	0.00635	0.00953	0.01469	0.00635	0.01111	0.00754	0.00873	0.00516	0.00595	0.00476	0.00318	0.00238	0.00079	0.00397	0.00198	0.00159	0.00476
22	0.03382	0.07631	0.73859	0.01021	0.01537	0.00908	0.03139	0.02329	0.00793	0.01186	0.00657	0.00772	0.00473	0.00350	0.00343	0.00115	0.00530	0.00272	0.00163	0.00539
23	0.89577	0.00718	0.00546	0.00488	0.00718	0.00833	0.00402	0.01091	0.00632	0.01665	0.00517	0.00603	0.00402	0.00345	0.00230	0.00115	0.00287	0.00201	0.00230	0.00402
24	0.00539	0.00362	0.00414	0.00414	0.00417	0.00365	0.00236	0.00546	0.00542	0.00726	0.01161	0.02383	0.01329	0.82967	0.05850	0.00371	0.00390	0.00533	0.00224	0.00230
25	0.00441	0.00374	0.00380	0.00382	0.00503	0.00314	0.00285	0.00535	0.00845	0.01009	0.05065	0.06100	0.80619	0.00944	0.00440	0.00126	0.00189	0.00790	0.00346	0.00314
26	0.00452	0.00323	0.00431	0.00517	0.00538	0.00301	0.00345	0.00517	0.00711	0.00948	0.02046	0.86713	0.02455	0.01163	0.00474	0.00151	0.00215	0.01055	0.00345	0.00301
27	0.01051	0.11152	0.17335	0.00951	0.06617	0.18673	0.07475	0.01260	0.00880	0.11583	0.00737	0.00821	0.00561	0.00347	0.00330	0.00095	0.00469	0.00276	0.00220	0.19164
28	0.00919	0.00882	0.01507	0.02278	0.84640	0.00882	0.01139	0.01139	0.00845	0.01213	0.00698	0.00919	0.00588	0.00331	0.00367	0.00110	0.00441	0.00331	0.00184	0.00588
29	0.00849	0.00804	0.01354	0.33438	0.48451	0.00869	0.03035	0.03146	0.02340	0.01148	0.00705	0.00955	0.00564	0.00351	0.00371	0.00116	0.00462	0.00335	0.00185	0.00521
30	0.00540	0.00359	0.00406	0.00406	0.00409	0.00358	0.00229	0.00538	0.00546	0.00725	0.01218	0.02424	0.03305	0.82767	0.01844	0.02581	0.00355	0.00540	0.00226	0.00225
31	0.89577	0.00718	0.00546	0.00488	0.00718	0.00833	0.00402	0.01091	0.00632	0.01665	0.00517	0.00603	0.00402	0.00345	0.00230	0.00115	0.00287	0.00201	0.00230	0.00402
32	0.00900	0.00988	0.00728	0.00676	0.00824	0.35324	0.00507	0.02849	0.06484	0.01129	0.19119	0.06126	0.21595	0.00645	0.00392	0.00112	0.00396	0.00516	0.00298	0.00394
33	0.13289	0.06677	0.01053	0.00886	0.02595	0.57529	0.00676	0.11003	0.01055	0.01182	0.00602	0.00686	0.00488	0.00380	0.00320	0.00099	0.00566	0.00244	0.00215	0.00456
34	0.00876	0.01001	0.02190	0.01564	0.01940	0.00939	0.83292	0.01189	0.00876	0.01189	0.00751	0.01001	0.00563	0.00313	0.00438	0.00125	0.00626	0.00438	0.00188	0.00501
35	0.00796	0.00659	0.00772	0.00553	0.00882	0.00496	0.00443	0.00960	0.00778	0.03666	0.00683	0.00784	0.00561	0.00280	0.00278	0.00057	0.00276	0.00224	0.00227	0.86623
36	0.00922	0.00877	0.01486	0.06413	0.76813	0.00888	0.02351	0.03580	0.00867	0.01233	0.00703	0.00923	0.00584	0.00336	0.00369	0.00111	0.00445	0.00332	0.00188	0.00579
37	0.00832	0.00778	0.01292	0.31076	0.44950	0.00839	0.02570	0.03481	0.02823	0.01179	0.05975	0.01072	0.00753	0.00379	0.00375	0.00116	0.00442	0.00356	0.00202	0.00512
38	0.00468	0.00370	0.00421	0.00423	0.00523	0.00324	0.00312	0.00584	0.00894	0.01150	0.29186	0.14003	0.48204	0.00911	0.00443	0.00126	0.00187	0.00783	0.00365	0.00324
39	0.00820	0.01374	0.43843	0.01257	0.21487	0.01867	0.01103	0.01290	0.15457	0.01262	0.01983	0.00976	0.00679	0.00384	0.00357	0.00116	0.00456	0.00322	0.04417	0.00551
40	0.03389	0.16098	0.01222	0.00982	0.06840	0.63461	0.00725	0.01387	0.00977	0.00941	0.00571	0.00672	0.00484	0.00367	0.00318	0.00094	0.00599	0.00238	0.00186	0.00448

[dist]
# distance from previous block
# <min> <max>
0	1

[block]
# block no. 5 follows, 74 sequences, length 50
# corresponding to MSA columns:
# 831-880
name=unknown_F
#
# <colnr> <probs for GDERKNQSTAVLIFYWHMCP>
#	G	D	E	R	K	N	Q	S	T	A	V	L	I	F	Y	W	H	M	C	P
0	0.01420	0.00565	0.00747	0.00592	0.00831	0.00498	0.00482	0.01571	0.01011	0.64775	0.06695	0.01381	0.01089	0.00474	0.00357	0.00110	0.00282	0.00387	0.16170	0.00563
1	0.00930	0.00910	0.01440	0.10052	0.71333	0.05372	0.01101	0.02291	0.00859	0.01187	0.00691	0.00912	0.00574	0.00339	0.00366	0.00111	0.00458	0.00326	0.00185	0.00564
2	0.00441	0.00375	0.00380	0.00381	0.00503	0.00314	0.00285	0.00536	0.00848	0.01012	0.05551	0.05460	0.80772	0.00941	0.00439	0.00126	0.00188	0.00787	0.00346	0.00314
3	0.00456	0.00326	0.00435	0.00521	0.00544	0.00305	0.00351	0.00523	0.00714	0.00952	0.02044	0.84544	0.02447	0.01159	0.00475	0.00151	0.00219	0.03186	0.00344	0.00303
4	0.00446	0.00375	0.00387	0.00386	0.00506	0.00316	0.00289	0.00546	0.00859	0.01040	0.10150	0.05317	0.76253	0.00930	0.00439	0.00125	0.00188	0.00780	0.00350	0.00316
5	0.01659	0.00641	0.00867	0.00665	0.00952	0.00560	0.00549	0.03759	0.01079	0.82923	0.01451	0.01254	0.00912	0.00459	0.00373	0.00115	0.00318	0.00372	0.00457	0.00632
6	0.01387	0.01769	0.01052	0.00956	0.01148	0.85465	0.00717	0.01482	0.01052	0.00908	0.00574	0.00669	0.00478	0.00383	0.00335	0.00096	0.00669	0.00239	0.00191	0.00430
7	0.00933	0.00802	0.00845	0.00757	0.00969	0.00928	0.00590	0.03589	0.82337	0.01568	0.01498	0.01375	0.01123	0.00502	0.00378	0.00126	0.00296	0.00418	0.00378	0.00588
8	0.06213	0.00918	0.00982	0.00768	0.01053	0.00986	0.00627	0.51997	0.14149	0.03806	0.00943	0.00940	0.00689	0.00423	0.00350	0.00105	0.00362	0.00323	0.00343	0.14023
9	0.00519	0.00371	0.00508	0.00594	0.00645	0.00359	0.00461	0.00633	0.00777	0.01023	0.02009	0.48734	0.02308	0.01100	0.00492	0.00160	0.00274	0.38371	0.00343	0.00320
10	0.00992	0.87178	0.01945	0.00635	0.00953	0.01469	0.00635	0.01111	0.00754	0.00873	0.00516	0.00595	0.00476	0.00318	0.00238	0.00079	0.00397	0.00198	0.00159	0.00476
11	0.00951	0.00811	0.00855	0.00761	0.00976	0.00936	0.00594	0.06561	0.79336	0.01597	0.01476	0.01357	0.01105	0.00500	0.00377	0.00125	0.00300	0.00415	0.00377	0.00590
