[name]
unknown

[dist]
# distance from previous block
# <min> <max>
0	462

[block]
# block no. 0 follows, 67 sequences, length 24
# corresponding to MSA columns:
# 488-511
name=unknown_A
#
# <colnr> <probs for GDERKNQSTAVLIFYWHMCP>
#	G	D	E	R	K	N	Q	S	T	A	V	L	I	F	Y	W	H	M	C	P
0	0.00492	0.00375	0.00461	0.00513	0.00578	0.00344	0.00359	0.00582	0.00820	0.01058	0.05616	0.50473	0.28742	0.01281	0.06163	0.00185	0.00278	0.00982	0.00364	0.00334
1	0.00892	0.00876	0.01203	0.06438	0.08383	0.03138	0.00881	0.01102	0.08160	0.01063	0.00687	0.00985	0.00622	0.00739	0.04960	0.00185	0.58649	0.00363	0.00202	0.00471
2	0.88738	0.00776	0.00589	0.00527	0.00776	0.00900	0.00434	0.01179	0.00683	0.01799	0.00558	0.00651	0.00434	0.00372	0.00248	0.00124	0.00310	0.00217	0.00248	0.00434
3	0.00781	0.00737	0.01245	0.76684	0.10835	0.00897	0.01126	0.01045	0.00813	0.01053	0.00717	0.01062	0.00545	0.00397	0.00401	0.00132	0.00529	0.00357	0.00180	0.00465
4	0.00583	0.00389	0.00437	0.00437	0.00437	0.00389	0.00243	0.00583	0.00583	0.00778	0.01264	0.02624	0.01458	0.85906	0.02041	0.00389	0.00389	0.00583	0.00243	0.00243
5	0.00491	0.00355	0.00465	0.00547	0.00580	0.00329	0.00369	0.00568	0.00793	0.01054	0.05987	0.77302	0.07230	0.01223	0.00508	0.00160	0.00229	0.01105	0.00375	0.00329
6	0.00881	0.00887	0.01282	0.01083	0.01102	0.01218	0.04665	0.00980	0.00630	0.00980	0.00540	0.00887	0.00530	0.00685	0.01277	0.00174	0.81224	0.00357	0.00177	0.00443
7	0.00480	0.00405	0.00416	0.00417	0.00546	0.00340	0.00311	0.00586	0.00922	0.01112	0.08598	0.06604	0.75870	0.01013	0.00475	0.00136	0.00203	0.00849	0.00376	0.00340
8	0.00998	0.00862	0.00907	0.00816	0.01043	0.00998	0.00635	0.02131	0.82679	0.01678	0.01632	0.01496	0.01224	0.00544	0.00408	0.00136	0.00317	0.00453	0.00408	0.00635
9	0.01072	0.86147	0.02102	0.00686	0.01029	0.01587	0.00686	0.01201	0.00815	0.00944	0.00558	0.00643	0.00515	0.00343	0.00257	0.00086	0.00429	0.00214	0.00172	0.00515
10	0.00561	0.00434	0.00512	0.00528	0.00637	0.00388	0.00402	0.00671	0.00845	0.01082	0.02682	0.16429	0.34358	0.11655	0.00680	0.00177	0.00278	0.19488	0.00344	0.07851
11	0.00877	0.00877	0.01228	0.01053	0.01053	0.01228	0.00877	0.00965	0.00614	0.00965	0.00526	0.00877	0.00526	0.00702	0.01316	0.00175	0.85172	0.00351	0.00175	0.00439
12	0.00803	0.00688	0.00797	0.00579	0.00917	0.00519	0.00461	0.00975	0.00838	0.01289	0.00984	0.01077	0.07295	0.00355	0.00311	0.00066	0.00289	0.00287	0.00249	0.81221
13	0.01072	0.86147	0.02102	0.00686	0.01029	0.01587	0.00686	0.01201	0.00815	0.00944	0.00558	0.00643	0.00515	0.00343	0.00257	0.00086	0.00429	0.00214	0.00172	0.00515
14	0.03084	0.00941	0.13678	0.04794	0.03235	0.00705	0.02087	0.04828	0.00871	0.03049	0.00828	0.06373	0.00717	0.00420	0.00404	0.00096	0.05715	0.00334	0.00241	0.47600
15	0.00618	0.00497	0.00690	0.00675	0.00718	0.00589	0.00514	0.00718	0.00670	0.00946	0.01324	0.15659	0.04190	0.13735	0.37144	0.00405	0.16972	0.03335	0.00248	0.00352
16	0.00662	0.00538	0.00672	0.00656	0.00736	0.05539	0.00500	0.03559	0.00710	0.00973	0.01063	0.01613	0.01010	0.11466	0.67755	0.00567	0.00959	0.00433	0.00224	0.00364
17	0.02974	0.00894	0.07098	0.09084	0.39431	0.00834	0.07154	0.02076	0.01941	0.01330	0.13770	0.02861	0.04924	0.00495	0.00447	0.00127	0.03319	0.00452	0.00249	0.00538
18	0.00854	0.02833	0.36573	0.00978	0.07146	0.02336	0.00969	0.03841	0.08216	0.05059	0.12840	0.01554	0.09726	0.00526	0.00402	0.00123	0.00431	0.00435	0.00279	0.04881
19	0.76200	0.00920	0.03945	0.00605	0.00857	0.07585	0.00514	0.01211	0.00724	0.01693	0.00569	0.00670	0.00446	0.00384	0.00288	0.00124	0.02355	0.00227	0.00240	0.00443
20	0.11515	0.00980	0.01034	0.00827	0.01118	0.03048	0.00677	0.45291	0.12313	0.15379	0.01125	0.01143	0.00811	0.00493	0.00388	0.00125	0.00399	0.02305	0.00394	0.00635
21	0.01241	0.13168	0.01177	0.02553	0.03099	0.03586	0.00677	0.42811	0.01401	0.06765	0.03006	0.10777	0.04241	0.01833	0.00419	0.00124	0.00403	0.00457	0.00350	0.01912
22	0.00669	0.00484	0.00598	0.00552	0.00687	0.00447	0.02543	0.00821	0.03378	0.07538	0.13150	0.08245	0.34659	0.10130	0.03589	0.00180	0.02139	0.05008	0.00357	0.04826
23	0.07656	0.33337	0.22722	0.06535	0.01371	0.01200	0.03435	0.12430	0.00983	0.05846	0.00730	0.00822	0.00560	0.00386	0.00333	0.00111	0.00474	0.00284	0.00228	0.00557

[dist]
# distance from previous block
# <min> <max>
7	49

[block]
# block no. 1 follows, 67 sequences, length 31
# corresponding to MSA columns:
# 562-592
name=unknown_B
#
# <colnr> <probs for GDERKNQSTAVLIFYWHMCP>
#	G	D	E	R	K	N	Q	S	T	A	V	L	I	F	Y	W	H	M	C	P
0	0.18780	0.36066	0.04437	0.00817	0.01118	0.04303	0.01938	0.02821	0.04241	0.03129	0.04485	0.03525	0.00917	0.00535	0.00408	0.00136	0.02963	0.00354	0.00293	0.08735
1	0.07148	0.06948	0.06575	0.08587	0.21371	0.04256	0.02863	0.03702	0.05791	0.01286	0.07525	0.08025	0.05365	0.04382	0.04345	0.00161	0.00447	0.00467	0.00260	0.00495
2	0.08130	0.00739	0.00926	0.00727	0.01025	0.00698	0.00599	0.09908	0.05694	0.63469	0.01457	0.01337	0.00957	0.00499	0.00395	0.00125	0.00348	0.01848	0.00461	0.00656
3	0.22891	0.00880	0.01003	0.00803	0.01052	0.00973	0.03798	0.22448	0.05630	0.08019	0.01931	0.00945	0.00675	0.00469	0.00505	0.00124	0.14416	0.00324	0.00304	0.12812
4	0.00870	0.00824	0.01399	0.28352	0.45903	0.00880	0.03485	0.01109	0.00857	0.01185	0.00844	0.01128	0.02546	0.00589	0.06853	0.00164	0.00538	0.00376	0.00198	0.01903
5	0.00578	0.00408	0.00537	0.00537	0.00571	0.00443	0.00367	0.00647	0.00613	0.00851	0.01173	0.02121	0.01240	0.46134	0.41514	0.00512	0.00718	0.00510	0.00229	0.00298
6	0.88738	0.00776	0.00589	0.00527	0.00776	0.00900	0.00434	0.01179	0.00683	0.01799	0.00558	0.00651	0.00434	0.00372	0.00248	0.00124	0.00310	0.00217	0.00248	0.00434
7	0.01081	0.51244	0.01719	0.00922	0.09156	0.08049	0.02106	0.01255	0.03496	0.05107	0.05436	0.02150	0.00794	0.00426	0.00375	0.00104	0.05536	0.00304	0.00220	0.00520
8	0.01559	0.00700	0.00913	0.00689	0.01011	0.00591	0.00566	0.03516	0.01088	0.61894	0.01358	0.01227	0.00889	0.00448	0.00377	0.00108	0.00333	0.00362	0.00432	0.21942
9	0.00631	0.00498	0.00608	0.00671	0.02125	0.02385	0.00534	0.00839	0.05877	0.01199	0.06857	0.14837	0.19720	0.01030	0.00511	0.00162	0.00312	0.40455	0.00370	0.00380
10	0.03282	0.00856	0.00986	0.00879	0.04235	0.05361	0.03906	0.34736	0.01307	0.09307	0.01390	0.24802	0.01331	0.00717	0.00438	0.00136	0.00393	0.05029	0.00370	0.00540
11	0.82662	0.00786	0.00620	0.00544	0.00799	0.00901	0.00448	0.04177	0.00732	0.01811	0.00578	0.00669	0.00449	0.00374	0.00255	0.00122	0.00315	0.00223	0.00254	0.03282
12	0.00748	0.00374	0.00374	0.00374	0.00467	0.00374	0.00280	0.00934	0.00841	0.01495	0.01308	0.01495	0.01028	0.00467	0.00280	0.00093	0.00187	0.00374	0.88132	0.00374
13	0.01072	0.86147	0.02102	0.00686	0.01029	0.01587	0.00686	0.01201	0.00815	0.00944	0.00558	0.00643	0.00515	0.00343	0.00257	0.00086	0.00429	0.00214	0.00172	0.00515
14	0.07499	0.01025	0.01112	0.00861	0.01173	0.01113	0.00710	0.62241	0.03563	0.15079	0.01047	0.01017	0.00726	0.00478	0.00391	0.00122	0.00414	0.00360	0.00406	0.00664
15	0.00949	0.00782	0.00895	0.00650	0.01000	0.00655	0.00524	0.14740	0.01010	0.01514	0.00755	0.00854	0.00609	0.00328	0.00315	0.00070	0.00321	0.00259	0.00265	0.73506
16	0.00624	0.00527	0.04024	0.00659	0.00791	0.00455	0.00567	0.00811	0.02164	0.01226	0.10593	0.12352	0.13012	0.00986	0.00503	0.00158	0.00318	0.43351	0.00361	0.06518
17	0.00887	0.31109	0.17095	0.00721	0.01035	0.00994	0.00726	0.07306	0.03583	0.03133	0.03809	0.06340	0.19050	0.00584	0.00369	0.00115	0.00386	0.00460	0.00268	0.02029
18	0.00524	0.00358	0.00478	0.00563	0.00594	0.00333	0.00378	0.00596	0.00778	0.03278	0.02193	0.83346	0.02607	0.01236	0.00509	0.00162	0.00236	0.01120	0.00376	0.00335
19	0.00641	0.00448	0.00601	0.00639	0.00739	0.00437	0.00530	0.00808	0.00938	0.03895	0.18141	0.03744	0.11265	0.03682	0.07648	0.00211	0.00375	0.44515	0.00371	0.00373
20	0.01062	0.18894	0.22294	0.00997	0.02761	0.24047	0.06742	0.03440	0.03678	0.01182	0.06812	0.01005	0.00813	0.00532	0.03967	0.00135	0.00577	0.00327	0.00219	0.00516
21	0.01947	0.11248	0.28393	0.03407	0.03000	0.03370	0.03584	0.06745	0.00892	0.07673	0.00875	0.01108	0.00706	0.02230	0.18392	0.00238	0.04188	0.01252	0.00229	0.00522
22	0.01019	0.00872	0.00919	0.00820	0.01051	0.01007	0.00640	0.05345	0.79431	0.01712	0.01605	0.01475	0.01202	0.00542	0.00408	0.00135	0.00322	0.00450	0.00408	0.00637
23	0.00526	0.00375	0.00461	0.00512	0.00546	0.00355	0.00339	0.00586	0.00743	0.00974	0.03421	0.44609	0.11927	0.27294	0.00980	0.00230	0.00284	0.05201	0.00333	0.00305
24	0.01104	0.14130	0.10738	0.05334	0.30638	0.12576	0.08079	0.04114	0.02413	0.06036	0.00776	0.00927	0.00612	0.00382	0.00377	0.00115	0.00524	0.00330	0.00220	0.00576
25	0.00693	0.00372	0.00555	0.00549	0.00554	0.00389	0.00377	0.00551	0.00535	0.00723	0.00719	0.01234	0.00714	0.01490	0.07673	0.78933	0.03211	0.00354	0.00177	0.00197
26	0.00496	0.00404	0.00440	0.00445	0.00563	0.00348	0.00332	0.00611	0.00938	0.01168	0.16939	0.10730	0.60882	0.01007	0.00479	0.00138	0.00208	0.03143	0.00384	0.00345
27	0.03615	0.09361	0.16704	0.10008	0.17340	0.03585	0.02280	0.12172	0.02592	0.12611	0.02073	0.01243	0.00849	0.00566	0.01575	0.00159	0.01878	0.00397	0.00323	0.00672
28	0.00965	0.19990	0.28266	0.07447	0.13659	0.07121	0.08441	0.01319	0.06873	0.01197	0.00757	0.00900	0.00592	0.00381	0.00367	0.00117	0.00532	0.00317	0.00198	0.00560
29	0.01394	0.01785	0.07197	0.01031	0.01251	0.67467	0.00828	0.01543	0.02581	0.03173	0.00663	0.00776	0.00542	0.00440	0.00445	0.00112	0.07802	0.00276	0.00213	0.00481
30	0.00504	0.00359	0.00461	0.00534	0.00559	0.00337	0.00351	0.00568	0.00756	0.01005	0.04270	0.68213	0.05498	0.13697	0.00735	0.00194	0.00253	0.01036	0.00355	0.00315

[dist]
# distance from previous block
# <min> <max>
1	2

[block]
# block no. 2 follows, 67 sequences, length 44
# corresponding to MSA columns:
# 595-638
name=unknown_C
#
# <colnr> <probs for GDERKNQSTAVLIFYWHMCP>
#	G	D	E	R	K	N	Q	S	T	A	V	L	I	F	Y	W	H	M	C	P
0	0.08642	0.68426	0.01860	0.00705	0.01034	0.03962	0.00674	0.08716	0.00913	0.01165	0.00597	0.00676	0.00523	0.00361	0.00273	0.00093	0.00429	0.00230	0.00200	0.00522
1	0.00945	0.03485	0.19694	0.02012	0.55170	0.00984	0.04577	0.01226	0.00880	0.01271	0.00731	0.00948	0.00597	0.00381	0.00446	0.00124	0.05388	0.00345	0.00190	0.00607
2	0.00481	0.00407	0.00416	0.00413	0.00546	0.00341	0.00310	0.00589	0.00930	0.01121	0.09746	0.03798	0.77534	0.01002	0.00474	0.00135	0.00202	0.00838	0.00377	0.00341
3	0.01072	0.86147	0.02102	0.00686	0.01029	0.01587	0.00686	0.01201	0.00815	0.00944	0.00558	0.00643	0.00515	0.00343	0.00257	0.00086	0.00429	0.00214	0.00172	0.00515
4	0.00583	0.00389	0.00437	0.00437	0.00437	0.00389	0.00243	0.00583	0.00583	0.00778	0.01264	0.02624	0.01458	0.85906	0.02041	0.00389	0.00389	0.00583	0.00243	0.00243
5	0.00524	0.00408	0.00475	0.00458	0.00572	0.00360	0.00344	0.00672	0.01031	0.01362	0.46027	0.03401	0.41103	0.00912	0.00473	0.00130	0.00196	0.00782	0.00409	0.00360
6	0.00527	0.00406	0.00483	0.00474	0.00580	0.00361	0.00354	0.00674	0.01021	0.01356	0.45126	0.08365	0.35284	0.00930	0.00477	0.00133	0.00201	0.02480	0.00408	0.00359
7	0.00678	0.00356	0.00532	0.00535	0.00543	0.00362	0.00364	0.00542	0.00542	0.00730	0.00784	0.04090	0.00792	0.01543	0.09451	0.76977	0.00414	0.00383	0.00185	0.00197
8	0.00998	0.00862	0.00907	0.00816	0.01043	0.00998	0.00635	0.02131	0.82679	0.01678	0.01632	0.01496	0.01224	0.00544	0.00408	0.00136	0.00317	0.00453	0.00408	0.00635
9	0.88738	0.00776	0.00589	0.00527	0.00776	0.00900	0.00434	0.01179	0.00683	0.01799	0.00558	0.00651	0.00434	0.00372	0.00248	0.00124	0.00310	0.00217	0.00248	0.00434
10	0.01072	0.86147	0.02102	0.00686	0.01029	0.01587	0.00686	0.01201	0.00815	0.00944	0.00558	0.00643	0.00515	0.00343	0.00257	0.00086	0.00429	0.00214	0.00172	0.00515
11	0.01501	0.01836	0.01143	0.01023	0.01240	0.76348	0.00774	0.09302	0.01208	0.01129	0.00653	0.00746	0.00532	0.00420	0.00365	0.00105	0.00696	0.00268	0.00225	0.00486
12	0.00791	0.00525	0.00607	0.00542	0.00714	0.00480	0.00427	0.08655	0.01084	0.12309	0.20169	0.03011	0.40278	0.00837	0.00457	0.00131	0.00254	0.05238	0.00402	0.03088
13	0.00757	0.00713	0.01203	0.84942	0.02762	0.00891	0.01114	0.01025	0.00802	0.01025	0.00713	0.01069	0.00535	0.00401	0.00401	0.00134	0.00535	0.00356	0.00178	0.00446
14	0.00877	0.00877	0.01228	0.01053	0.01053	0.01228	0.00877	0.00965	0.00614	0.00965	0.00526	0.00877	0.00526	0.00702	0.01316	0.00175	0.85172	0.00351	0.00175	0.00439
15	0.01072	0.86147	0.02102	0.00686	0.01029	0.01587	0.00686	0.01201	0.00815	0.00944	0.00558	0.00643	0.00515	0.00343	0.00257	0.00086	0.00429	0.00214	0.00172	0.00515
16	0.01505	0.01882	0.01132	0.01025	0.01235	0.82276	0.00770	0.01610	0.01137	0.02976	0.00643	0.00739	0.00528	0.00415	0.00363	0.00104	0.00714	0.00262	0.00214	0.00470
17	0.01072	0.86147	0.02102	0.00686	0.01029	0.01587	0.00686	0.01201	0.00815	0.00944	0.00558	0.00643	0.00515	0.00343	0.00257	0.00086	0.00429	0.00214	0.00172	0.00515
18	0.00790	0.00764	0.01201	0.78670	0.02641	0.04053	0.01092	0.01044	0.00808	0.01021	0.00702	0.01049	0.00534	0.00413	0.00433	0.00134	0.03673	0.00353	0.00179	0.00446
19	0.01037	0.05188	0.05667	0.22962	0.25643	0.16666	0.04912	0.04232	0.02451	0.02650	0.00789	0.01056	0.00641	0.00454	0.01845	0.00131	0.00552	0.02379	0.00213	0.00533
20	0.00713	0.00682	0.00755	0.00699	0.00796	0.10735	0.02975	0.00825	0.00787	0.00995	0.03078	0.05166	0.22421	0.08291	0.26526	0.00315	0.13057	0.00550	0.00260	0.00373
21	0.00832	0.00713	0.00832	0.00594	0.00950	0.00535	0.00475	0.01010	0.00832	0.01307	0.00713	0.00832	0.00594	0.00297	0.00297	0.00059	0.00297	0.00238	0.00238	0.88357
22	0.00757	0.00713	0.01203	0.84942	0.02762	0.00891	0.01114	0.01025	0.00802	0.01025	0.00713	0.01069	0.00535	0.00401	0.00401	0.00134	0.00535	0.00356	0.00178	0.00446
23	0.00958	0.00820	0.00863	0.00787	0.00989	0.02359	0.00605	0.04863	0.66865	0.01600	0.01636	0.10418	0.01344	0.02100	0.01802	0.00150	0.00333	0.00521	0.00395	0.00590
24	0.00931	0.01798	0.63586	0.04789	0.01716	0.00946	0.05677	0.09059	0.00966	0.05669	0.00793	0.00907	0.00557	0.00395	0.00390	0.00127	0.00567	0.00320	0.00211	0.00597
25	0.02405	0.06034	0.05432	0.02821	0.07890	0.00795	0.10655	0.11568	0.04888	0.10786	0.01313	0.10205	0.03139	0.12339	0.01778	0.00175	0.00432	0.06535	0.00308	0.00502
26	0.00969	0.11775	0.23107	0.02241	0.05854	0.06622	0.26069	0.03540	0.00917	0.02280	0.03773	0.00989	0.00682	0.00417	0.00492	0.00127	0.09036	0.00367	0.00206	0.00539
27	0.00474	0.00406	0.00406	0.00406	0.00542	0.00339	0.00305	0.00576	0.00914	0.01083	0.04063	0.03860	0.83241	0.01016	0.00474	0.00135	0.00203	0.00846	0.00372	0.00339
28	0.00637	0.00419	0.00497	0.00505	0.00540	0.00416	0.00328	0.00710	0.03158	0.03965	0.03439	0.10590	0.02839	0.59656	0.01564	0.00318	0.00361	0.09471	0.00290	0.00297
29	0.10846	0.37060	0.26207	0.02383	0.01261	0.05083	0.00913	0.03806	0.02028	0.03570	0.00668	0.00767	0.00534	0.00384	0.00344	0.00110	0.03040	0.00261	0.00201	0.00535
30	0.00725	0.00600	0.00679	0.00735	0.00834	0.08518	0.00607	0.03344	0.00941	0.01187	0.03214	0.17396	0.02119	0.01112	0.03611	0.00187	0.00406	0.53055	0.00351	0.00381
31	0.01498	0.01911	0.01137	0.01033	0.01240	0.84295	0.00775	0.01601	0.01137	0.00982	0.00620	0.00723	0.00517	0.00413	0.00362	0.00103	0.00723	0.00258	0.00207	0.00465
32	0.02450	0.03253	0.27125	0.06298	0.09575	0.01774	0.17592	0.03539	0.01886	0.11120	0.01019	0.03120	0.00830	0.00477	0.00420	0.00133	0.00521	0.08057	0.00253	0.00558
33	0.00820	0.11667	0.09125	0.07385	0.16753	0.02836	0.11848	0.01027	0.00854	0.01140	0.03369	0.14741	0.08253	0.00653	0.02312	0.00142	0.05826	0.00525	0.00240	0.00485
34	0.00565	0.00416	0.00519	0.00518	0.00611	0.00387	0.00392	0.00734	0.02256	0.01380	0.46764	0.09443	0.17131	0.05460	0.00565	0.00151	0.00229	0.10247	0.01868	0.00363
35	0.01572	0.00894	0.01045	0.00810	0.01111	0.00917	0.00666	0.42102	0.03717	0.36253	0.05732	0.01256	0.00996	0.00508	0.00406	0.00123	0.00383	0.00401	0.00443	0.00664
36	0.09109	0.26113	0.09844	0.04683	0.07416	0.10473	0.09292	0.05966	0.07458	0.02736	0.00755	0.00869	0.00601	0.00397	0.00371	0.00114	0.02734	0.00306	0.00226	0.00538
37	0.00796	0.03414	0.03154	0.17151	0.29404	0.02777	0.03333	0.01936	0.00874	0.01171	0.03018	0.20628	0.05033	0.00679	0.01547	0.00142	0.00430	0.03775	0.00256	0.00484
38	0.00584	0.00405	0.00501	0.00538	0.00575	0.00399	0.00379	0.00654	0.00731	0.00963	0.03850	0.13920	0.05516	0.45241	0.01317	0.00284	0.00350	0.23190	0.00306	0.00297
39	0.00821	0.02117	0.13067	0.01953	0.02575	0.00841	0.03579	0.09889	0.07664	0.01310	0.06955	0.06838	0.08123	0.01048	0.14717	0.00226	0.17036	0.00487	0.00274	0.00479
40	0.01030	0.22729	0.27016	0.03554	0.13685	0.03109	0.04021	0.07801	0.04524	0.05341	0.00801	0.00940	0.00628	0.02682	0.00404	0.00122	0.00497	0.00317	0.00224	0.00574
41	0.00662	0.00530	0.00674	0.01929	0.05415	0.00551	0.00518	0.00956	0.15116	0.02216	0.09232	0.35072	0.12931	0.00951	0.00519	0.00150	0.04408	0.07389	0.00364	0.00418
42	0.00638	0.00419	0.00487	0.00478	0.00502	0.00425	0.00290	0.00697	0.04192	0.03335	0.01287	0.04267	0.01418	0.71318	0.06275	0.02449	0.00417	0.00571	0.00258	0.00280
43	0.15156	0.04161	0.04011	0.13563	0.14757	0.00879	0.05712	0.09674	0.00952	0.05414	0.00960	0.03453	0.01848	0.00483	0.00403	0.00125	0.02482	0.07161	0.00262	0.08544

[dist]
# distance from previous block
# <min> <max>
1	23

[block]
# block no. 3 follows, 67 sequences, length 16
# corresponding to MSA columns:
# 663-678
name=unknown_D
#
# <colnr> <probs for GDERKNQSTAVLIFYWHMCP>
#	G	D	E	R	K	N	Q	S	T	A	V	L	I	F	Y	W	H	M	C	P
0	0.00918	0.08064	0.02761	0.01112	0.21766	0.03041	0.00712	0.04813	0.03230	0.02177	0.00867	0.03809	0.01882	0.00582	0.00571	0.14999	0.01378	0.01494	0.00232	0.25594
1	0.00619	0.00485	0.00555	0.00540	0.00650	0.00473	0.00388	0.00896	0.14688	0.01251	0.20074	0.18680	0.20125	0.13826	0.00700	0.00174	0.00258	0.00741	0.00368	0.04510
2	0.00555	0.00402	0.00449	0.00437	0.00550	0.00359	0.00328	0.00703	0.00983	0.01346	0.32718	0.03142	0.40118	0.00851	0.00441	0.00125	0.00195	0.00722	0.15217	0.00359
3	0.00813	0.00711	0.00879	0.00677	0.00944	0.00648	0.00546	0.00972	0.00776	0.01210	0.00719	0.00916	0.00625	0.00645	0.09125	0.00139	0.14709	0.00277	0.00225	0.64445
4	0.01263	0.01068	0.01029	0.00830	0.01095	0.13654	0.00664	0.44063	0.05252	0.01972	0.14801	0.01281	0.01197	0.00512	0.00397	0.00113	0.00421	0.00398	0.00362	0.09628
5	0.00724	0.00551	0.00648	0.00599	0.00747	0.00521	0.00446	0.14420	0.01034	0.01406	0.12818	0.37024	0.12384	0.00891	0.00450	0.00132	0.00268	0.00779	0.00366	0.13793
6	0.79754	0.00811	0.00653	0.00568	0.00824	0.00935	0.00468	0.09512	0.00806	0.01874	0.00600	0.00684	0.00460	0.00384	0.00264	0.00124	0.00324	0.00232	0.00264	0.00460
7	0.01498	0.01911	0.01137	0.01033	0.01240	0.84295	0.00775	0.01601	0.01137	0.00982	0.00620	0.00723	0.00517	0.00413	0.00362	0.00103	0.00723	0.00258	0.00207	0.00465
8	0.01498	0.01911	0.01137	0.01033	0.01240	0.84295	0.00775	0.01601	0.01137	0.00982	0.00620	0.00723	0.00517	0.00413	0.00362	0.00103	0.00723	0.00258	0.00207	0.00465
9	0.01017	0.71663	0.01810	0.00633	0.00934	0.01382	0.00618	0.01156	0.00819	0.01037	0.00684	0.00787	0.00601	0.00364	0.00261	0.00087	0.00388	0.00241	0.15025	0.00491
10	0.00555	0.00406	0.00500	0.00479	0.00565	0.00374	0.00346	0.00701	0.01016	0.01398	0.58042	0.03078	0.16163	0.13801	0.00712	0.00168	0.00222	0.00723	0.00400	0.00351
11	0.00606	0.00400	0.00528	0.00538	0.00566	0.00419	0.00371	0.00634	0.00624	0.00848	0.01206	0.02305	0.01296	0.40945	0.23597	0.15286	0.00561	0.08757	0.00237	0.00275
12	0.14211	0.00722	0.00795	0.00584	0.00924	0.00590	0.00469	0.01036	0.00809	0.01382	0.00689	0.00804	0.00570	0.00308	0.00290	0.00069	0.00299	0.00234	0.00239	0.74975
13	0.00895	0.00889	0.01289	0.01267	0.13587	0.01186	0.00931	0.01006	0.00660	0.01018	0.00561	0.00895	0.00543	0.00649	0.01176	0.00167	0.72281	0.00352	0.00179	0.00469
14	0.01251	0.01534	0.01242	0.01072	0.01284	0.57452	0.14421	0.01389	0.01048	0.01039	0.00894	0.13709	0.00857	0.00529	0.00403	0.00118	0.00641	0.00429	0.00231	0.00457
15	0.00606	0.00459	0.00572	0.00613	0.00691	0.00463	0.00449	0.00888	0.14679	0.01252	0.15616	0.48426	0.02561	0.01046	0.00493	0.00155	0.00255	0.09996	0.00390	0.00392

[dist]
# distance from previous block
# <min> <max>
0	1

[block]
# block no. 4 follows, 67 sequences, length 154
# corresponding to MSA columns:
# 680-833
name=unknown_E
#
# <colnr> <probs for GDERKNQSTAVLIFYWHMCP>
#	G	D	E	R	K	N	Q	S	T	A	V	L	I	F	Y	W	H	M	C	P
0	0.05653	0.16926	0.01216	0.00770	0.01075	0.01036	0.00655	0.33326	0.01337	0.27727	0.01174	0.03563	0.02798	0.00491	0.00372	0.00117	0.00389	0.00374	0.00379	0.00620
1	0.00747	0.00575	0.01809	0.04655	0.01720	0.00495	0.00496	0.00915	0.03135	0.07479	0.02856	0.26394	0.13187	0.00751	0.00430	0.00120	0.01582	0.03289	0.00323	0.29043
2	0.86601	0.00768	0.00591	0.00533	0.00777	0.00889	0.00439	0.01170	0.00688	0.01785	0.00596	0.00745	0.00480	0.00390	0.00256	0.00126	0.00312	0.02170	0.00251	0.00433
3	0.00881	0.00746	0.00847	0.00612	0.00963	0.02464	0.00489	0.02283	0.00862	0.03317	0.00736	0.00844	0.00603	0.00307	0.00303	0.00063	0.00310	0.00244	0.00246	0.82880
4	0.03981	0.00964	0.00970	0.00839	0.01086	0.05041	0.00662	0.18799	0.59202	0.01826	0.01409	0.01320	0.01051	0.00519	0.00399	0.00131	0.00363	0.00417	0.00392	0.00630
5	0.00608	0.02524	0.02517	0.00634	0.00712	0.00422	0.03090	0.00713	0.00810	0.05019	0.02939	0.62865	0.02347	0.03605	0.00545	0.00166	0.00284	0.09478	0.00360	0.00363
6	0.00872	0.00954	0.01979	0.03368	0.01827	0.00901	0.64230	0.01187	0.02911	0.01248	0.01231	0.01545	0.09486	0.03219	0.00524	0.00145	0.00595	0.03042	0.00232	0.00504
7	0.00976	0.00834	0.00882	0.00796	0.01017	0.00955	0.00623	0.04351	0.73609	0.01658	0.01749	0.01696	0.05308	0.00584	0.00416	0.00137	0.00317	0.03076	0.00405	0.00613
8	0.00769	0.00724	0.01223	0.80986	0.06630	0.00894	0.01119	0.01035	0.00807	0.01038	0.00715	0.01066	0.00539	0.00399	0.00401	0.00133	0.00532	0.00356	0.00179	0.00455
9	0.00822	0.01755	0.61619	0.07663	0.01812	0.00929	0.12487	0.01265	0.03508	0.01255	0.00774	0.00958	0.00569	0.02340	0.00434	0.00135	0.00586	0.00337	0.00184	0.00568
10	0.00534	0.00380	0.00498	0.00563	0.00598	0.00370	0.00393	0.00614	0.00752	0.01003	0.03003	0.50124	0.04101	0.16906	0.07570	0.00245	0.00346	0.11345	0.00336	0.00320
11	0.07767	0.00553	0.00670	0.02784	0.00759	0.05131	0.03013	0.00791	0.01518	0.00973	0.01059	0.04149	0.01062	0.24756	0.37860	0.05421	0.00708	0.00461	0.00228	0.00338
12	0.01048	0.03670	0.03643	0.16676	0.27148	0.13789	0.10863	0.07288	0.07471	0.01305	0.00845	0.02937	0.00685	0.00416	0.00401	0.00123	0.00530	0.00376	0.00231	0.00555
13	0.00609	0.00461	0.00561	0.00523	0.00676	0.00399	0.04271	0.00732	0.00930	0.07190	0.04485	0.06973	0.62752	0.00959	0.00476	0.00139	0.00250	0.06862	0.00374	0.00376
14	0.00683	0.00357	0.00535	0.00535	0.00543	0.00365	0.00365	0.00543	0.00535	0.00722	0.00737	0.01257	0.00729	0.01565	0.10363	0.79011	0.00425	0.00357	0.00178	0.00194
15	0.03410	0.05949	0.03734	0.25507	0.08976	0.05165	0.16677	0.13920	0.01058	0.09662	0.00843	0.01017	0.00621	0.00406	0.00409	0.00125	0.01350	0.00366	0.00254	0.00550
16	0.03514	0.11229	0.06755	0.02626	0.06615	0.28732	0.04478	0.14722	0.02772	0.01364	0.01842	0.00862	0.00620	0.00412	0.00389	0.00108	0.03249	0.00301	0.00242	0.09168
17	0.00590	0.00402	0.00483	0.00498	0.00518	0.00405	0.00324	0.00631	0.00651	0.00868	0.02566	0.04542	0.01622	0.65428	0.06207	0.00363	0.00417	0.12948	0.00266	0.00272
18	0.00505	0.00407	0.00449	0.00438	0.00561	0.00352	0.00329	0.00635	0.00987	0.01255	0.29972	0.03577	0.57224	0.00952	0.00474	0.00132	0.00199	0.00807	0.00395	0.00352
19	0.00850	0.00724	0.00841	0.00603	0.00958	0.00553	0.00483	0.03130	0.00859	0.01339	0.00719	0.00835	0.00596	0.00302	0.00300	0.00061	0.00301	0.00241	0.00242	0.86064
20	0.00984	0.01383	0.30932	0.01282	0.01733	0.00946	0.34621	0.07531	0.03492	0.06187	0.00854	0.01002	0.00619	0.00377	0.00417	0.00126	0.00573	0.00382	0.00232	0.06327
21	0.00957	0.08615	0.55051	0.01021	0.01505	0.01863	0.02891	0.07829	0.00958	0.07709	0.03007	0.02013	0.00689	0.00480	0.02416	0.00135	0.00543	0.00331	0.00226	0.01761
22	0.00947	0.01082	0.02366	0.01690	0.02096	0.01014	0.81947	0.01285	0.00947	0.01285	0.00811	0.01082	0.00609	0.00338	0.00473	0.00135	0.00676	0.00473	0.00203	0.00541
23	0.00720	0.00672	0.01236	0.13747	0.02439	0.00670	0.26524	0.00936	0.00881	0.01176	0.06612	0.21267	0.01628	0.03055	0.00529	0.00157	0.00451	0.16588	0.00287	0.00426
24	0.02241	0.00902	0.01239	0.29878	0.01682	0.07218	0.03500	0.01046	0.00729	0.01010	0.00607	0.00935	0.00530	0.00561	0.00888	0.00154	0.45907	0.00348	0.00181	0.00446
25	0.00849	0.00600	0.00687	0.00628	0.00793	0.00615	0.00481	0.05690	0.24670	0.10006	0.18304	0.11226	0.18117	0.02577	0.00496	0.01339	0.00272	0.01764	0.00405	0.00482
26	0.00581	0.00396	0.00475	0.00475	0.00488	0.00409	0.00289	0.00607	0.00594	0.00805	0.01230	0.02436	0.01376	0.70987	0.16847	0.00435	0.00512	0.00556	0.00238	0.00264
27	0.05030	0.30125	0.15405	0.00847	0.01164	0.14843	0.01911	0.06544	0.00955	0.08083	0.00839	0.07061	0.00727	0.00501	0.01563	0.00120	0.03183	0.00340	0.00238	0.00523
28	0.00814	0.00787	0.01262	0.68144	0.06505	0.03795	0.04896	0.02069	0.00837	0.01071	0.00751	0.01138	0.00591	0.00426	0.00436	0.00134	0.03207	0.02488	0.00189	0.00461
29	0.59894	0.06312	0.00702	0.00554	0.00766	0.00858	0.00448	0.04766	0.00747	0.01593	0.03310	0.01027	0.00713	0.10111	0.06654	0.00189	0.00385	0.00296	0.00253	0.00422
30	0.10603	0.00671	0.00807	0.00673	0.00910	0.00660	0.00543	0.05037	0.13128	0.38718	0.19392	0.01752	0.01610	0.00580	0.00408	0.00128	0.00306	0.03067	0.00437	0.00572
31	0.01026	0.00751	0.00889	0.00758	0.00948	0.00841	0.00610	0.38098	0.02340	0.01708	0.01045	0.01288	0.00860	0.01663	0.39636	0.00364	0.00720	0.00395	0.05548	0.00512
32	0.00588	0.00406	0.00488	0.00484	0.00495	0.00426	0.00298	0.00613	0.00594	0.00806	0.01217	0.02420	0.01365	0.70985	0.14898	0.00424	0.02437	0.00554	0.00237	0.00265
33	0.00577	0.00391	0.00457	0.00466	0.00480	0.00386	0.00283	0.00605	0.00654	0.00877	0.07200	0.09514	0.01761	0.68892	0.01734	0.00342	0.00361	0.04482	0.00274	0.00265
34	0.00919	0.00840	0.01331	0.07185	0.17293	0.01889	0.18869	0.10273	0.11027	0.01541	0.22845	0.01606	0.01536	0.00517	0.00436	0.00128	0.00428	0.00492	0.00311	0.00536
35	0.00804	0.02074	0.83828	0.01143	0.01736	0.00931	0.01482	0.01270	0.00847	0.01270	0.00720	0.00847	0.00508	0.00381	0.00381	0.00127	0.00593	0.00296	0.00169	0.00593
36	0.00636	0.00427	0.00547	0.00507	0.00620	0.00387	0.00384	0.00813	0.01111	0.06785	0.69041	0.02989	0.12587	0.00821	0.00469	0.00127	0.00200	0.00718	0.00437	0.00393
37	0.00484	0.00407	0.00420	0.00416	0.00548	0.00343	0.00312	0.00594	0.00937	0.01138	0.12256	0.03770	0.75014	0.00995	0.00474	0.00134	0.00202	0.00834	0.00380	0.00343
38	0.00841	0.00723	0.00854	0.00648	0.03038	0.00559	0.00499	0.01048	0.03229	0.01318	0.00741	0.00855	0.00614	0.00306	0.00303	0.00063	0.00302	0.00247	0.00242	0.83572
39	0.63003	0.02535	0.00767	0.00671	0.00909	0.24095	0.00533	0.01297	0.00811	0.01558	0.00576	0.00671	0.00459	0.00383	0.00280	0.00118	0.00427	0.00229	0.00235	0.00444
40	0.00974	0.00997	0.03283	0.06964	0.61116	0.02234	0.15288	0.01233	0.00912	0.01281	0.00757	0.01005	0.00620	0.00361	0.00418	0.00123	0.01260	0.00375	0.00197	0.00603
41	0.00491	0.00351	0.00468	0.00561	0.00586	0.00328	0.00377	0.00563	0.00770	0.01027	0.02209	0.84326	0.02647	0.01254	0.00513	0.00163	0.00235	0.02432	0.00372	0.00326
42	0.01645	0.00648	0.00881	0.00687	0.00971	0.00563	0.00563	0.01804	0.01146	0.73386	0.11819	0.01570	0.01343	0.00537	0.00412	0.00124	0.00322	0.00444	0.00489	0.00644
43	0.00550	0.00409	0.00512	0.00486	0.00588	0.00371	0.00364	0.00723	0.01093	0.01509	0.68237	0.03159	0.18801	0.00857	0.00473	0.00128	0.00192	0.00748	0.00428	0.00371
44	0.00495	0.00370	0.00461	0.00528	0.00584	0.00337	0.00369	0.00581	0.00820	0.01062	0.04755	0.59721	0.22326	0.01179	0.00504	0.00156	0.00231	0.04815	0.00374	0.00332
45	0.01525	0.01123	0.01204	0.00923	0.01244	0.01244	0.00762	0.82067	0.01886	0.02528	0.00963	0.00963	0.00682	0.00481	0.00401	0.00120	0.00441	0.00361	0.00401	0.00682
46	0.00490	0.00386	0.00431	0.00461	0.00547	0.00339	0.00323	0.00574	0.00841	0.01046	0.04498	0.30842	0.48145	0.08454	0.00622	0.00166	0.00229	0.00919	0.00362	0.00327
47	0.01463	0.01898	0.03886	0.01052	0.01276	0.79659	0.02643	0.01583	0.01123	0.00998	0.00628	0.00735	0.00518	0.00411	0.00365	0.00105	0.00718	0.00264	0.00205	0.00471
48	0.01064	0.00895	0.00944	0.00830	0.01068	0.01029	0.00651	0.12209	0.72493	0.01785	0.01548	0.01429	0.01156	0.00536	0.00407	0.00134	0.00333	0.00442	0.00407	0.00641
49	0.00513	0.00367	0.00494	0.00586	0.00620	0.00347	0.00415	0.00601	0.00792	0.01051	0.02197	0.73014	0.02599	0.01233	0.00518	0.00166	0.00254	0.13528	0.00372	0.00333
50	0.00579	0.00436	0.00633	0.00632	0.00692	0.00504	0.00481	0.00703	0.00644	0.00921	0.01135	0.06015	0.01119	0.11268	0.68917	0.00578	0.03692	0.00480	0.00225	0.00347
51	0.00554	0.00362	0.00475	0.00529	0.00545	0.00349	0.00346	0.00566	0.00684	0.00911	0.01706	0.48055	0.02001	0.21037	0.01066	0.16535	0.00295	0.03398	0.00305	0.00280
52	0.00580	0.00400	0.00495	0.00495	0.00515	0.00420	0.00314	0.00620	0.00600	0.00820	0.01211	0.02334	0.01332	0.62976	0.24798	0.00460	0.00578	0.00541	0.00235	0.00275
53	0.00980	0.03212	0.01689	0.05986	0.55072	0.00976	0.15864	0.03226	0.04879	0.01335	0.02388	0.01065	0.00712	0.00376	0.00410	0.00123	0.00500	0.00386	0.00217	0.00602
54	0.05578	0.01020	0.01106	0.02544	0.05438	0.07552	0.00726	0.42923	0.01480	0.24795	0.01090	0.02161	0.00765	0.00477	0.00393	0.00121	0.00431	0.00368	0.00390	0.00642
55	0.01498	0.01911	0.01137	0.01033	0.01240	0.84295	0.00775	0.01601	0.01137	0.00982	0.00620	0.00723	0.00517	0.00413	0.00362	0.00103	0.00723	0.00258	0.00207	0.00465
56	0.00864	0.00770	0.00846	0.00615	0.00964	0.04552	0.00490	0.01038	0.00846	0.01291	0.00708	0.00826	0.00590	0.00303	0.00300	0.00062	0.00317	0.00239	0.00236	0.84142
57	0.00504	0.00360	0.00482	0.00571	0.00602	0.00338	0.00394	0.00588	0.00794	0.01060	0.05337	0.76065	0.02669	0.01228	0.00514	0.00163	0.00242	0.07383	0.00375	0.00331
58	0.00659	0.00512	0.00594	0.00547	0.00658	0.04157	0.00414	0.04838	0.01168	0.01624	0.74209	0.02771	0.03443	0.00780	0.00462	0.00124	0.00225	0.00681	0.01737	0.00397
59	0.01068	0.84781	0.03429	0.00694	0.01041	0.01576	0.00699	0.01202	0.00815	0.00949	0.00560	0.00647	0.00515	0.00344	0.00259	0.00086	0.00432	0.00216	0.00172	0.00516
60	0.08152	0.07778	0.01151	0.00926	0.01167	0.48387	0.00724	0.15166	0.10379	0.01381	0.00782	0.00839	0.00618	0.00431	0.00357	0.00110	0.00576	0.00291	0.00263	0.00522
61	0.00748	0.00374	0.00374	0.00374	0.00467	0.00374	0.00280	0.00934	0.00841	0.01495	0.01308	0.01495	0.01028	0.00467	0.00280	0.00093	0.00187	0.00374	0.88132	0.00374
62	0.01122	0.51831	0.01645	0.00778	0.01056	0.19284	0.00699	0.03721	0.03961	0.01054	0.00797	0.01128	0.00744	0.00491	0.01575	0.00111	0.00492	0.08796	0.00217	0.00496
63	0.06046	0.10673	0.03722	0.08830	0.12056	0.11100	0.00846	0.34835	0.05164	0.01752	0.00829	0.00917	0.00631	0.00428	0.00371	0.00117	0.00478	0.00326	0.00290	0.00591
64	0.00911	0.00896	0.03662	0.21887	0.48976	0.00898	0.01104	0.01178	0.03086	0.01244	0.00758	0.01001	0.00617	0.00373	0.00404	0.00118	0.02096	0.00345	0.00202	0.10244
65	0.05898	0.03736	0.01446	0.01935	0.57473	0.03941	0.01045	0.05538	0.11031	0.02815	0.00865	0.01020	0.00697	0.00391	0.00385	0.00120	0.00451	0.00354	0.00242	0.00617
66	0.00973	0.35177	0.16545	0.01176	0.01586	0.01228	0.33749	0.01266	0.02536	0.01154	0.00711	0.00874	0.00566	0.00352	0.00370	0.00114	0.00556	0.00339	0.00189	0.00541
67	0.00963	0.00743	0.00869	0.00629	0.00979	0.00595	0.00507	0.07482	0.00940	0.07962	0.00802	0.00884	0.00633	0.00327	0.00314	0.00069	0.00312	0.00261	0.00271	0.74457
68	0.88738	0.00776	0.00589	0.00527	0.00776	0.00900	0.00434	0.01179	0.00683	0.01799	0.00558	0.00651	0.00434	0.00372	0.00248	0.00124	0.00310	0.00217	0.00248	0.00434
69	0.00609	0.00480	0.00701	0.00681	0.00740	0.00581	0.00531	0.00738	0.00637	0.00926	0.01021	0.01555	0.00973	0.07616	0.69667	0.00574	0.10968	0.00429	0.00212	0.00361
70	0.00948	0.00958	0.03064	0.03008	0.35604	0.00910	0.35750	0.01217	0.00922	0.03868	0.00942	0.07130	0.00818	0.00437	0.00442	0.00131	0.00540	0.02522	0.00226	0.00564
71	0.00608	0.00508	0.00768	0.00746	0.00814	0.00533	0.08177	0.01685	0.00794	0.01074	0.01876	0.57055	0.03974	0.01069	0.00616	0.00163	0.11537	0.07303	0.00330	0.00369
72	0.00534	0.00369	0.00455	0.00502	0.00517	0.00356	0.00314	0.00575	0.00694	0.00928	0.03975	0.45661	0.02140	0.39729	0.01206	0.00265	0.00302	0.00876	0.00315	0.00290
73	0.00646	0.00844	0.19456	0.06998	0.04089	0.00576	0.05859	0.00850	0.00834	0.02300	0.04158	0.40716	0.09338	0.00860	0.00462	0.00145	0.00370	0.00772	0.00299	0.00427
74	0.00697	0.00348	0.00522	0.00522	0.00522	0.00348	0.00348	0.00522	0.00522	0.00697	0.00697	0.01219	0.00697	0.01393	0.01567	0.88332	0.00348	0.00348	0.00174	0.00174
75	0.00502	0.00357	0.00469	0.00552	0.00579	0.00336	0.00371	0.00572	0.00767	0.01022	0.03451	0.74396	0.03864	0.07411	0.00623	0.00179	0.00247	0.03615	0.00364	0.00322
76	0.83400	0.00770	0.00610	0.00539	0.00791	0.00881	0.00444	0.01227	0.00711	0.06827	0.00621	0.00695	0.00469	0.00380	0.00258	0.00124	0.00312	0.00229	0.00263	0.00450
77	0.00777	0.00580	0.00739	0.00669	0.00805	0.01643	0.02218	0.13173	0.03575	0.03904	0.15534	0.04641	0.08046	0.04335	0.37077	0.00362	0.00648	0.00530	0.00315	0.00429
78	0.00670	0.00502	0.00609	0.00566	0.00690	0.00499	0.00429	0.02248	0.15312	0.02862	0.60470	0.05399	0.06606	0.00784	0.00461	0.00129	0.00220	0.00686	0.00431	0.00429
79	0.00494	0.00353	0.00471	0.00564	0.00590	0.00330	0.00381	0.00567	0.00773	0.01030	0.02208	0.83010	0.02641	0.01252	0.00513	0.00164	0.00237	0.03723	0.00372	0.00327
80	0.00984	0.07231	0.24252	0.05659	0.31745	0.09854	0.10330	0.01294	0.02632	0.01230	0.00740	0.00924	0.00584	0.00373	0.00388	0.00120	0.00553	0.00335	0.00193	0.00577
81	0.00820	0.01969	0.75169	0.01201	0.01774	0.00940	0.10035	0.01272	0.00857	0.01272	0.00729	0.00872	0.00519	0.00376	0.00391	0.00128	0.00602	0.00315	0.00173	0.00587
82	0.00560	0.00394	0.00513	0.00585	0.00633	0.00380	0.00433	0.00660	0.00796	0.01058	0.02078	0.41610	0.05315	0.14229	0.00752	0.00201	0.00297	0.26096	0.03078	0.00329
83	0.00757	0.00713	0.01203	0.84942	0.02762	0.00891	0.01114	0.01025	0.00802	0.01025	0.00713	0.01069	0.00535	0.00401	0.00401	0.00134	0.00535	0.00356	0.00178	0.00446
84	0.01285	0.06136	0.06238	0.10064	0.12405	0.02257	0.10484	0.11838	0.04098	0.27451	0.01056	0.01107	0.00743	0.00436	0.00422	0.00125	0.02552	0.00376	0.00321	0.00607
85	0.00778	0.00697	0.01168	0.73434	0.03786	0.00846	0.02284	0.01033	0.00826	0.03316	0.02928	0.03436	0.00737	0.00454	0.00411	0.00135	0.00509	0.02567	0.00205	0.00449
86	0.40884	0.04763	0.00956	0.00871	0.05681	0.38518	0.00643	0.01373	0.00906	0.01368	0.00597	0.00703	0.00486	0.00389	0.00308	0.00113	0.00511	0.00244	0.00224	0.00463
87	0.00623	0.00452	0.00615	0.00692	0.00788	0.00444	0.00596	0.00798	0.00930	0.01205	0.06032	0.05664	0.10376	0.01088	0.00542	0.00177	0.00342	0.67899	0.00373	0.00366
88	0.00993	0.00953	0.01628	0.02462	0.83404	0.00953	0.01231	0.01231	0.00913	0.01310	0.00754	0.00993	0.00635	0.00357	0.00397	0.00119	0.00476	0.00357	0.00199	0.00635
89	0.00608	0.00411	0.00523	0.00492	0.00592	0.00381	0.00370	0.00794	0.01099	0.03159	0.70920	0.02827	0.05447	0.00781	0.00451	0.00123	0.00192	0.00685	0.09762	0.00383
90	0.00692	0.00349	0.00520	0.00520	0.00523	0.00348	0.00347	0.00524	0.00530	0.00704	0.00765	0.01273	0.02373	0.01386	0.01545	0.86541	0.00345	0.00358	0.00178	0.00177
91	0.00487	0.00360	0.00454	0.00529	0.00572	0.00329	0.00358	0.00562	0.00792	0.01031	0.02540	0.69369	0.17551	0.02373	0.00526	0.00161	0.00229	0.01078	0.00371	0.00327
92	0.01189	0.00918	0.00974	0.00799	0.01058	0.01011	0.00643	0.43915	0.25725	0.02031	0.01637	0.01571	0.13257	0.00580	0.00411	0.00127	0.00362	0.00462	0.02724	0.00608
93	0.77352	0.00821	0.00670	0.00579	0.00837	0.00945	0.00477	0.11740	0.00840	0.01894	0.00611	0.00692	0.00467	0.00387	0.00268	0.00124	0.00327	0.00236	0.00268	0.00467
94	0.00877	0.00877	0.01228	0.01053	0.01053	0.01228	0.00877	0.00965	0.00614	0.00965	0.00526	0.00877	0.00526	0.00702	0.01316	0.00175	0.85172	0.00351	0.00175	0.00439
95	0.00568	0.00410	0.00536	0.00505	0.00599	0.00378	0.00378	0.00757	0.01135	0.01608	0.83192	0.02996	0.03784	0.00820	0.00473	0.00126	0.00189	0.00725	0.00441	0.00378
96	0.00832	0.00713	0.00832	0.00594	0.00950	0.00535	0.00475	0.01010	0.00832	0.01307	0.00713	0.00832	0.00594	0.00297	0.00297	0.00059	0.00297	0.00238	0.00238	0.88357
97	0.00813	0.00675	0.00793	0.00588	0.00912	0.00514	0.00465	0.00980	0.00835	0.02861	0.00939	0.07618	0.03027	0.00396	0.00321	0.00071	0.00290	0.00329	0.00257	0.77316
98	0.00795	0.00801	0.00654	0.00617	0.00770	0.19196	0.00464	0.04824	0.06043	0.01208	0.09870	0.08932	0.42660	0.00827	0.00444	0.00129	0.00339	0.00679	0.00345	0.00404
99	0.00916	0.01165	0.26425	0.00958	0.03071	0.00725	0.11720	0.01198	0.00880	0.08825	0.00873	0.04572	0.00696	0.00389	0.00367	0.00102	0.00443	0.00344	0.00241	0.36090
100	0.00993	0.00953	0.01628	0.02462	0.83404	0.00953	0.01231	0.01231	0.00913	0.01310	0.00754	0.00993	0.00635	0.00357	0.00397	0.00119	0.00476	0.00357	0.00199	0.00635
101	0.01453	0.01839	0.01108	0.01008	0.01209	0.80271	0.00756	0.01561	0.01136	0.01012	0.04580	0.00832	0.00673	0.00433	0.00367	0.00104	0.00698	0.00281	0.00218	0.00461
102	0.00580	0.00408	0.00548	0.00564	0.00612	0.00432	0.00402	0.00667	0.00674	0.02108	0.01470	0.16358	0.04033	0.27897	0.37493	0.00441	0.00654	0.04071	0.00266	0.00322
103	0.00985	0.51398	0.26262	0.00873	0.01263	0.01338	0.02647	0.01215	0.00816	0.02222	0.00623	0.00742	0.00522	0.00385	0.00385	0.00107	0.07249	0.00258	0.00176	0.00535
104	0.09143	0.06851	0.14076	0.00893	0.04889	0.04562	0.06811	0.09564	0.04703	0.01387	0.03291	0.05080	0.14893	0.00627	0.02797	0.00137	0.03063	0.00453	0.00273	0.06508
105	0.02865	0.01125	0.01143	0.00906	0.01205	0.06245	0.00738	0.63462	0.14349	0.02290	0.01039	0.01026	0.00752	0.00485	0.00397	0.00122	0.00437	0.00367	0.00388	0.00657
106	0.00748	0.00374	0.00374	0.00374	0.00467	0.00374	0.00280	0.00934	0.00841	0.01495	0.01308	0.01495	0.01028	0.00467	0.00280	0.00093	0.00187	0.00374	0.88132	0.00374
107	0.00606	0.00448	0.00604	0.00613	0.00665	0.00491	0.00445	0.04416	0.00729	0.01009	0.01440	0.29138	0.01572	0.15089	0.35326	0.01741	0.04368	0.00678	0.00277	0.00345
108	0.00941	0.20964	0.01326	0.28056	0.01579	0.05724	0.03440	0.01129	0.02501	0.07207	0.00939	0.12422	0.00866	0.00548	0.00492	0.00129	0.10601	0.00432	0.00234	0.00471
109	0.00981	0.00941	0.01607	0.06418	0.79536	0.00950	0.01225	0.01221	0.00908	0.01297	0.00752	0.00996	0.00630	0.00359	0.00397	0.00120	0.00479	0.00357	0.00198	0.00626
110	0.00566	0.00416	0.00548	0.00562	0.00610	0.00442	0.00402	0.00654	0.00693	0.00944	0.03696	0.15158	0.08453	0.26974	0.31482	0.00403	0.02862	0.04542	0.00273	0.00321
111	0.01119	0.00899	0.00842	0.00729	0.00949	0.14020	0.00571	0.12998	0.20506	0.14094	0.06204	0.01959	0.22124	0.00642	0.00419	0.00126	0.00367	0.00516	0.00381	0.00533
112	0.00688	0.00416	0.00552	0.00564	0.00651	0.00384	0.00411	0.00798	0.00907	0.11670	0.21472	0.42220	0.07371	0.01091	0.02974	0.02942	0.00268	0.03847	0.00394	0.00382
113	0.00697	0.00348	0.00522	0.00522	0.00522	0.00348	0.00348	0.00522	0.00522	0.00697	0.00697	0.01219	0.00697	0.01393	0.01567	0.88332	0.00348	0.00348	0.00174	0.00174
114	0.00808	0.00650	0.00764	0.00731	0.02444	0.00695	0.02831	0.05298	0.34687	0.02208	0.05308	0.20349	0.11377	0.00777	0.00442	0.00140	0.00295	0.04460	0.05243	0.00495
115	0.00866	0.00859	0.01055	0.00935	0.00977	0.09077	0.00758	0.00990	0.03070	0.00971	0.00697	0.01049	0.00659	0.01212	0.19940	0.03136	0.52770	0.00363	0.00194	0.00420
116	0.00852	0.02008	0.79852	0.01122	0.01702	0.00915	0.01439	0.01303	0.00861	0.05223	0.00761	0.00872	0.00531	0.00387	0.00382	0.00127	0.00581	0.00301	0.00185	0.00597
117	0.00574	0.00427	0.00631	0.00631	0.00698	0.00494	0.00484	0.00707	0.00641	0.00921	0.01087	0.01644	0.01033	0.08448	0.78917	0.00628	0.01029	0.00440	0.00217	0.00351
118	0.00809	0.00752	0.01202	0.79287	0.02660	0.02111	0.01090	0.05322	0.00864	0.01104	0.00725	0.01059	0.00542	0.00405	0.00400	0.00133	0.00532	0.00355	0.00190	0.00458
119	0.01072	0.86147	0.02102	0.00686	0.01029	0.01587	0.00686	0.01201	0.00815	0.00944	0.00558	0.00643	0.00515	0.00343	0.00257	0.00086	0.00429	0.00214	0.00172	0.00515
120	0.00517	0.00404	0.00469	0.00460	0.00570	0.00356	0.00342	0.00656	0.01004	0.01316	0.39588	0.08667	0.42330	0.00943	0.00476	0.00133	0.00199	0.00811	0.00404	0.00356
121	0.00475	0.00406	0.00408	0.00408	0.00542	0.00339	0.00306	0.00578	0.00917	0.01091	0.05139	0.03848	0.82160	0.01013	0.00474	0.00135	0.00203	0.00845	0.00373	0.00339
