[name]
unknown

[dist]
# distance from previous block
# <min> <max>
0	0

[block]
# block no. 0 follows, 51 sequences, length 120
# corresponding to MSA columns:
# 280-297,302-382,386-406
name=unknown_A
#
# <colnr> <probs for GDERKNQSTAVLIFYWHMCP>
#	G	D	E	R	K	N	Q	S	T	A	V	L	I	F	Y	W	H	M	C	P
0	0.00792	0.00566	0.00792	0.00905	0.01018	0.00566	0.00792	0.01018	0.01131	0.01471	0.02602	0.05543	0.02828	0.01358	0.00679	0.00226	0.00453	0.76356	0.00453	0.00453
1	0.84024	0.00947	0.00733	0.00652	0.00958	0.01093	0.00537	0.01469	0.00851	0.04220	0.00717	0.00821	0.00550	0.00460	0.00309	0.00152	0.00381	0.00272	0.00312	0.00540
2	0.01224	0.01109	0.01132	0.01011	0.01279	0.06800	0.02313	0.02414	0.65732	0.01979	0.07896	0.01899	0.01667	0.00677	0.00504	0.00163	0.00421	0.00565	0.00481	0.00736
3	0.31686	0.01023	0.01461	0.01122	0.01480	0.02556	0.22772	0.01700	0.01086	0.22950	0.01172	0.01350	0.00865	0.06026	0.00585	0.00177	0.00535	0.00449	0.00369	0.00637
4	0.01216	0.01168	0.01995	0.03016	0.79664	0.01168	0.01508	0.01508	0.01119	0.01605	0.00924	0.01216	0.00778	0.00438	0.00487	0.00146	0.00584	0.00438	0.00243	0.00778
5	0.01231	0.01169	0.01960	0.02923	0.75932	0.01177	0.01477	0.03202	0.03157	0.01650	0.00958	0.01231	0.00798	0.00447	0.00487	0.00147	0.00578	0.00441	0.00255	0.00780
6	0.00986	0.02542	0.80183	0.01401	0.02127	0.01141	0.01816	0.01556	0.01038	0.01556	0.00882	0.01038	0.00623	0.00467	0.00467	0.00156	0.00726	0.00363	0.00208	0.00726
7	0.01207	0.01169	0.02025	0.04669	0.74475	0.01169	0.05014	0.01506	0.01118	0.01596	0.00926	0.01223	0.00774	0.00438	0.00491	0.00147	0.00597	0.00444	0.00243	0.00768
8	0.01370	0.01417	0.03835	0.01711	0.02152	0.07610	0.48084	0.19769	0.04028	0.01916	0.01082	0.02716	0.00826	0.00493	0.00544	0.00159	0.00738	0.00536	0.00318	0.00697
9	0.00928	0.00873	0.01474	0.81548	0.03385	0.01092	0.01365	0.01256	0.00983	0.01256	0.00873	0.01310	0.00655	0.00491	0.00491	0.00164	0.00655	0.00437	0.00218	0.00546
10	0.00916	0.00854	0.01432	0.77373	0.03248	0.01059	0.01318	0.01239	0.01004	0.01292	0.04925	0.01432	0.00861	0.00518	0.00496	0.00163	0.00633	0.00460	0.00235	0.00542
11	0.03614	0.00596	0.00686	0.00627	0.00817	0.00547	0.00483	0.01157	0.06171	0.12435	0.29434	0.03642	0.35908	0.01014	0.00555	0.00160	0.00279	0.00857	0.00504	0.00516
12	0.00945	0.00891	0.01505	0.76844	0.07954	0.01096	0.01373	0.01271	0.00991	0.01277	0.00877	0.01305	0.00662	0.00488	0.00491	0.00163	0.00651	0.00437	0.00220	0.00560
13	0.01053	0.02073	0.50408	0.01659	0.02297	0.01180	0.31121	0.01563	0.01085	0.01563	0.00925	0.01149	0.00670	0.00447	0.00510	0.00160	0.00766	0.00447	0.00223	0.00702
14	0.52568	0.01505	0.00990	0.00893	0.01177	0.32857	0.00699	0.01651	0.01058	0.01805	0.00714	0.00833	0.00572	0.00476	0.00360	0.00142	0.00582	0.00286	0.00284	0.00547
15	0.01335	0.52197	0.02125	0.05147	0.02962	0.15163	0.02874	0.01573	0.05054	0.01284	0.05501	0.01080	0.00922	0.00486	0.00382	0.00120	0.00578	0.00345	0.00254	0.00617
16	0.01139	0.05212	0.01176	0.01087	0.07279	0.02322	0.00784	0.02150	0.53791	0.01923	0.13135	0.04554	0.01899	0.00711	0.00504	0.00161	0.00392	0.00603	0.00466	0.00709
17	0.01071	0.01011	0.01708	0.34059	0.44645	0.01095	0.01389	0.01373	0.01081	0.01488	0.05605	0.01401	0.00961	0.00493	0.00494	0.00154	0.00591	0.00464	0.00251	0.00667
18	0.01332	0.73896	0.02429	0.00852	0.01272	0.01853	0.00833	0.06045	0.01078	0.01295	0.00723	0.00824	0.00648	0.00428	0.00328	0.00106	0.00518	0.00275	0.00231	0.05034
19	0.86201	0.00950	0.00722	0.00646	0.00950	0.01102	0.00532	0.01445	0.00836	0.02205	0.00684	0.00798	0.00532	0.00456	0.00304	0.00152	0.00380	0.00266	0.00304	0.00532
20	0.01838	0.02284	0.01398	0.01258	0.01520	0.76010	0.00949	0.06518	0.01448	0.01316	0.00785	0.00904	0.00645	0.00511	0.00446	0.00128	0.00866	0.00324	0.00267	0.00586
21	0.00598	0.00431	0.00567	0.00676	0.00711	0.00400	0.00452	0.00685	0.00949	0.01258	0.02810	0.78947	0.06647	0.01526	0.00625	0.00198	0.00283	0.01381	0.00456	0.00400
22	0.00960	0.00906	0.01532	0.72792	0.11889	0.01100	0.01381	0.01284	0.00998	0.01295	0.00879	0.01300	0.00669	0.00485	0.00491	0.00162	0.00647	0.00437	0.00221	0.00572
23	0.00721	0.00504	0.00661	0.00629	0.00744	0.00464	0.00469	0.00940	0.01356	0.03600	0.71783	0.09735	0.04455	0.01038	0.00581	0.00158	0.00240	0.00920	0.00536	0.00467
24	0.01216	0.01168	0.01995	0.03016	0.79664	0.01168	0.01508	0.01508	0.01119	0.01605	0.00924	0.01216	0.00778	0.00438	0.00487	0.00146	0.00584	0.00438	0.00243	0.00778
25	0.86201	0.00950	0.00722	0.00646	0.00950	0.01102	0.00532	0.01445	0.00836	0.02205	0.00684	0.00798	0.00532	0.00456	0.00304	0.00152	0.00380	0.00266	0.00304	0.00532
26	0.00986	0.02542	0.80183	0.01401	0.02127	0.01141	0.01816	0.01556	0.01038	0.01556	0.00882	0.01038	0.00623	0.00467	0.00467	0.00156	0.00726	0.00363	0.00208	0.00726
27	0.01836	0.02342	0.01393	0.01266	0.01519	0.80756	0.00950	0.01962	0.01393	0.01203	0.00760	0.00886	0.00633	0.00506	0.00443	0.00127	0.00886	0.00317	0.00253	0.00570
28	0.00715	0.00476	0.00536	0.00536	0.00536	0.00476	0.00298	0.00715	0.00715	0.00953	0.01548	0.03216	0.01787	0.82729	0.02501	0.00476	0.00476	0.00715	0.00298	0.00298
29	0.00702	0.00527	0.00790	0.00790	0.00878	0.00614	0.00614	0.00878	0.00790	0.01141	0.01316	0.01931	0.01229	0.03686	0.80782	0.00790	0.01316	0.00527	0.00263	0.00439
30	0.00943	0.00889	0.01495	0.76724	0.06328	0.01104	0.01364	0.01264	0.00983	0.01268	0.00870	0.01301	0.00660	0.00497	0.00516	0.00164	0.02419	0.00437	0.00219	0.00555
31	0.01341	0.78930	0.02517	0.00860	0.01274	0.04591	0.00846	0.02780	0.01034	0.01191	0.00694	0.00798	0.00634	0.00426	0.00323	0.00107	0.00538	0.00268	0.00216	0.00632
32	0.20083	0.00975	0.01097	0.00883	0.01234	0.00999	0.00722	0.13804	0.12605	0.40222	0.01562	0.01432	0.01052	0.00581	0.00454	0.00153	0.00425	0.00446	0.00509	0.00762
33	0.01267	0.01151	0.01951	0.02906	0.75618	0.01145	0.01468	0.01554	0.01134	0.05650	0.00977	0.01240	0.00801	0.00447	0.00487	0.00146	0.00575	0.00441	0.00262	0.00781
34	0.01095	0.01044	0.01776	0.36061	0.47567	0.01136	0.01448	0.01402	0.01062	0.01458	0.00903	0.01256	0.00727	0.00460	0.00489	0.00153	0.00614	0.00437	0.00233	0.00681
35	0.00690	0.00498	0.00652	0.00622	0.00733	0.00460	0.00463	0.00913	0.01364	0.01928	0.74810	0.08387	0.04554	0.01037	0.00582	0.00157	0.00235	0.00919	0.00536	0.00460
36	0.01197	0.01235	0.02286	0.05722	0.47614	0.02730	0.28782	0.01531	0.01134	0.01573	0.00944	0.01253	0.00759	0.00433	0.00519	0.00153	0.00680	0.00486	0.00244	0.00724
37	0.00889	0.00755	0.01063	0.11618	0.09761	0.00893	0.00766	0.00991	0.00804	0.01122	0.01164	0.02207	0.01240	0.42270	0.01793	0.00333	0.21053	0.00576	0.00261	0.00443
38	0.00599	0.00428	0.00570	0.00684	0.00713	0.00399	0.00456	0.00684	0.00941	0.01254	0.02709	0.82409	0.03250	0.01540	0.00627	0.00200	0.00285	0.01397	0.00456	0.00399
39	0.01768	0.02121	0.01567	0.01340	0.01635	0.63928	0.09762	0.07826	0.01437	0.02936	0.00842	0.00975	0.00673	0.00504	0.00464	0.00133	0.00844	0.00360	0.00278	0.00606
40	0.00792	0.00566	0.00792	0.00905	0.01018	0.00566	0.00792	0.01018	0.01131	0.01471	0.02602	0.05543	0.02828	0.01358	0.00679	0.00226	0.00453	0.76356	0.00453	0.00453
41	0.00702	0.00527	0.00790	0.00790	0.00878	0.00614	0.00614	0.00878	0.00790	0.01141	0.01316	0.01931	0.01229	0.03686	0.80782	0.00790	0.01316	0.00527	0.00263	0.00439
42	0.01204	0.01129	0.01777	0.06305	0.58880	0.01176	0.01341	0.01738	0.18114	0.01687	0.01157	0.01356	0.00931	0.00491	0.00490	0.00151	0.00545	0.00464	0.00298	0.00767
43	0.27613	0.13374	0.11740	0.01219	0.07035	0.02668	0.11182	0.07398	0.10189	0.01873	0.00960	0.01079	0.00742	0.00481	0.00416	0.00148	0.00542	0.00380	0.00302	0.00659
44	0.83361	0.00965	0.00748	0.00663	0.00970	0.01117	0.00546	0.04023	0.00886	0.02235	0.00701	0.00811	0.00542	0.00461	0.00310	0.00152	0.00386	0.00272	0.00310	0.00542
45	0.02833	0.01143	0.01648	0.38441	0.31694	0.08599	0.01343	0.03769	0.01104	0.01455	0.00882	0.01215	0.00702	0.00484	0.00510	0.00154	0.02715	0.00423	0.00241	0.00644
46	0.01943	0.03851	0.05539	0.00965	0.01373	0.01009	0.00837	0.23639	0.01605	0.46671	0.01561	0.01430	0.01028	0.00574	0.00478	0.00145	0.00470	0.00453	0.00521	0.05909
47	0.00725	0.00630	0.00883	0.03324	0.01018	0.00583	0.09223	0.00982	0.04664	0.01607	0.29943	0.03741	0.38764	0.01018	0.00574	0.00162	0.00328	0.00894	0.00456	0.00480
48	0.00954	0.00902	0.01514	0.73108	0.09030	0.01111	0.01366	0.01272	0.00986	0.01279	0.00870	0.01296	0.00664	0.00499	0.00527	0.00164	0.03238	0.00437	0.00220	0.00563
49	0.01836	0.02342	0.01393	0.01266	0.01519	0.80756	0.00950	0.01962	0.01393	0.01203	0.00760	0.00886	0.00633	0.00506	0.00443	0.00127	0.00886	0.00317	0.00253	0.00570
50	0.01720	0.01002	0.01515	0.01812	0.35135	0.00958	0.01069	0.03656	0.05294	0.40452	0.01487	0.01473	0.01034	0.00537	0.00491	0.00150	0.00491	0.00472	0.00442	0.00808
51	0.01248	0.06080	0.01937	0.08963	0.59417	0.04145	0.02711	0.01521	0.01108	0.04020	0.00924	0.01197	0.00763	0.00463	0.00516	0.00147	0.03428	0.00427	0.00250	0.00735
52	0.86201	0.00950	0.00722	0.00646	0.00950	0.01102	0.00532	0.01445	0.00836	0.02205	0.00684	0.00798	0.00532	0.00456	0.00304	0.00152	0.00380	0.00266	0.00304	0.00532
53	0.01153	0.36488	0.41305	0.01258	0.06395	0.02875	0.01370	0.01525	0.01032	0.01384	0.00798	0.00940	0.00635	0.00446	0.00404	0.00133	0.00636	0.00324	0.00212	0.00686
54	0.00594	0.00477	0.00531	0.00563	0.00683	0.00413	0.00405	0.00714	0.01083	0.01348	0.09249	0.28365	0.51215	0.01319	0.00595	0.00175	0.00259	0.01137	0.00462	0.00413
55	0.00659	0.00548	0.00582	0.00573	0.00735	0.00499	0.00429	0.00918	0.08686	0.01476	0.14073	0.09029	0.57692	0.01176	0.00576	0.00167	0.00263	0.00993	0.00471	0.00455
56	0.01085	0.01056	0.01861	0.37132	0.38483	0.01142	0.09321	0.01405	0.01064	0.01450	0.00909	0.01268	0.00721	0.00459	0.00498	0.00156	0.00640	0.00452	0.00233	0.00665
57	0.04987	0.00910	0.02445	0.00895	0.01279	0.00804	0.00750	0.08184	0.01451	0.70168	0.01821	0.01595	0.01154	0.00599	0.00487	0.00152	0.00431	0.00480	0.00582	0.00824
58	0.02199	0.00846	0.01146	0.00879	0.01259	0.00736	0.00726	0.03699	0.01422	0.78679	0.01926	0.01664	0.01210	0.00608	0.00494	0.00152	0.00420	0.00493	0.00606	0.00836
59	0.01471	0.18530	0.01417	0.00838	0.01232	0.01052	0.00713	0.08469	0.05744	0.22415	0.04109	0.01302	0.01035	0.00502	0.00415	0.00116	0.00425	0.00390	0.00397	0.29428
60	0.00628	0.00442	0.00571	0.00656	0.00681	0.00424	0.00428	0.00698	0.00886	0.01184	0.02401	0.61996	0.02852	0.19326	0.04169	0.00283	0.00367	0.01214	0.00414	0.00379
61	0.01160	0.01326	0.02900	0.02071	0.02568	0.01243	0.77879	0.01574	0.01160	0.01574	0.00994	0.01326	0.00746	0.00414	0.00580	0.00166	0.00829	0.00580	0.00249	0.00663
62	0.12172	0.26807	0.01723	0.00983	0.01371	0.03131	0.00855	0.43169	0.01701	0.02344	0.00955	0.01005	0.00730	0.00519	0.00412	0.00134	0.00523	0.00362	0.00376	0.00729
63	0.01411	0.01020	0.01158	0.03727	0.02857	0.01129	0.00804	0.08027	0.53291	0.15431	0.04351	0.01787	0.01461	0.00652	0.00500	0.00162	0.00413	0.00541	0.00505	0.00774
64	0.01295	0.40290	0.18722	0.01126	0.06346	0.01504	0.01070	0.01759	0.14116	0.07838	0.01064	0.01116	0.00832	0.00488	0.00404	0.00133	0.00540	0.00363	0.00293	0.00702
65	0.00931	0.00567	0.00673	0.00623	0.00808	0.00497	0.00475	0.01109	0.02562	0.16678	0.19513	0.11589	0.39925	0.01091	0.00567	0.00164	0.00284	0.00929	0.00504	0.00511
66	0.01019	0.00873	0.01019	0.00728	0.01165	0.00655	0.00582	0.01237	0.01019	0.01601	0.00873	0.01019	0.00728	0.00364	0.00364	0.00073	0.00364	0.00291	0.00291	0.85734
67	0.01271	0.09142	0.01302	0.01098	0.05951	0.10460	0.00818	0.05433	0.46202	0.01854	0.06896	0.01787	0.04372	0.00651	0.00483	0.00153	0.00462	0.00528	0.00429	0.00707
68	0.03913	0.00839	0.01132	0.00870	0.01248	0.00730	0.00718	0.02376	0.01395	0.78422	0.01913	0.01655	0.01203	0.00605	0.00490	0.00152	0.00417	0.00490	0.00602	0.00830
69	0.00934	0.00879	0.01485	0.79948	0.04939	0.01093	0.01368	0.01261	0.00985	0.01263	0.00874	0.01308	0.00658	0.00490	0.00491	0.00163	0.00654	0.00437	0.00219	0.00551
70	0.00686	0.00502	0.00644	0.00608	0.00728	0.00460	0.00456	0.00909	0.01369	0.01918	0.73264	0.03758	0.10811	0.01024	0.00580	0.00156	0.00233	0.00901	0.00534	0.00460
71	0.01353	0.32527	0.11133	0.01351	0.01827	0.01422	0.28665	0.01654	0.01121	0.12973	0.01002	0.01140	0.00757	0.00451	0.00454	0.00139	0.00641	0.00422	0.00282	0.00683
72	0.01019	0.00873	0.01019	0.00728	0.01165	0.00655	0.00582	0.01237	0.01019	0.01601	0.00873	0.01019	0.00728	0.00364	0.00364	0.00073	0.00364	0.00291	0.00291	0.85734
73	0.01571	0.43279	0.01993	0.01050	0.01388	0.40769	0.00894	0.01713	0.01193	0.01179	0.00721	0.00837	0.00632	0.00463	0.00378	0.00116	0.00703	0.00289	0.00231	0.00601
74	0.00957	0.00903	0.01526	0.73767	0.10943	0.01099	0.01379	0.01281	0.00996	0.01290	0.00879	0.01301	0.00667	0.00486	0.00491	0.00162	0.00648	0.00437	0.00221	0.00569
75	0.01030	0.00977	0.01658	0.53825	0.30313	0.01119	0.01415	0.01345	0.01031	0.01379	0.00891	0.01277	0.00699	0.00472	0.00490	0.00157	0.00630	0.00437	0.00227	0.00628
76	0.00854	0.00427	0.00640	0.00640	0.00640	0.00427	0.00427	0.00640	0.00640	0.00854	0.00854	0.01494	0.00854	0.01707	0.01921	0.85702	0.00427	0.00427	0.00213	0.00213
77	0.00715	0.00476	0.00536	0.00536	0.00536	0.00476	0.00298	0.00715	0.00715	0.00953	0.01548	0.03216	0.01787	0.82729	0.02501	0.00476	0.00476	0.00715	0.00298	0.00298
78	0.81175	0.00986	0.00743	0.00666	0.00964	0.03768	0.00545	0.01449	0.00869	0.02165	0.02698	0.00875	0.00640	0.00472	0.00316	0.00151	0.00393	0.00284	0.00308	0.00532
79	0.01837	0.02310	0.01395	0.01261	0.01519	0.78088	0.00949	0.04524	0.01424	0.01267	0.00774	0.00896	0.00640	0.00509	0.00445	0.00127	0.00875	0.00321	0.00261	0.00579
80	0.01247	0.01068	0.01125	0.01005	0.01287	0.01234	0.00784	0.05442	0.75905	0.02095	0.01969	0.01809	0.01475	0.00664	0.00500	0.00166	0.00395	0.00551	0.00500	0.00780
81	0.00928	0.00873	0.01474	0.81548	0.03385	0.01092	0.01365	0.01256	0.00983	0.01256	0.00873	0.01310	0.00655	0.00491	0.00491	0.00164	0.00655	0.00437	0.00218	0.00546
82	0.00696	0.00502	0.00657	0.00618	0.00734	0.00464	0.00464	0.00927	0.01391	0.01971	0.79405	0.03671	0.04637	0.01005	0.00580	0.00155	0.00232	0.00889	0.00541	0.00464
83	0.00581	0.00498	0.00498	0.00498	0.00664	0.00415	0.00373	0.00705	0.01120	0.01328	0.04978	0.04729	0.79464	0.01245	0.00581	0.00166	0.00249	0.01037	0.00456	0.00415
84	0.04529	0.01147	0.01308	0.01014	0.01393	0.01200	0.00835	0.43517	0.06515	0.31126	0.01491	0.01388	0.01005	0.00597	0.00487	0.00150	0.00482	0.00463	0.00529	0.00823
85	0.01160	0.01326	0.02900	0.02071	0.02568	0.01243	0.77879	0.01574	0.01160	0.01574	0.00994	0.01326	0.00746	0.00414	0.00580	0.00166	0.00829	0.00580	0.00249	0.00663
86	0.01282	0.73976	0.07169	0.00898	0.01315	0.01874	0.00911	0.01462	0.00988	0.01182	0.00693	0.00818	0.00631	0.00446	0.00391	0.00114	0.04732	0.00277	0.00210	0.00632
87	0.02111	0.00916	0.01182	0.00913	0.01290	0.00850	0.00752	0.12037	0.05514	0.66189	0.01845	0.01618	0.01183	0.00609	0.00494	0.00152	0.00432	0.00491	0.00588	0.00833
88	0.00598	0.00429	0.00569	0.00680	0.00712	0.00400	0.00454	0.00685	0.00945	0.01256	0.02761	0.80608	0.05017	0.01533	0.00626	0.00199	0.00284	0.01389	0.00456	0.00400
89	0.01368	0.01364	0.07917	0.01374	0.04331	0.05363	0.17920	0.17438	0.32114	0.03414	0.01423	0.01454	0.01056	0.00563	0.00510	0.00159	0.00576	0.00505	0.00400	0.00750
90	0.01095	0.01114	0.01575	0.01330	0.01361	0.03082	0.05035	0.01219	0.00786	0.01203	0.00665	0.01084	0.00650	0.00830	0.01536	0.00211	0.76026	0.00436	0.00218	0.00545
91	0.00715	0.00476	0.00536	0.00536	0.00536	0.00476	0.00298	0.00715	0.00715	0.00953	0.01548	0.03216	0.01787	0.82729	0.02501	0.00476	0.00476	0.00715	0.00298	0.00298
92	0.00928	0.00873	0.01474	0.81548	0.03385	0.01092	0.01365	0.01256	0.00983	0.01256	0.00873	0.01310	0.00655	0.00491	0.00491	0.00164	0.00655	0.00437	0.00218	0.00546
93	0.04510	0.24067	0.43718	0.01185	0.01744	0.08177	0.01360	0.04496	0.03782	0.01519	0.00860	0.00981	0.00660	0.00469	0.00420	0.00139	0.00654	0.00338	0.00237	0.00685
94	0.02154	0.00874	0.01160	0.00891	0.01268	0.00783	0.00735	0.08440	0.01479	0.72598	0.03105	0.01665	0.01240	0.00613	0.00495	0.00152	0.00425	0.00496	0.00598	0.00830
95	0.00665	0.00475	0.00647	0.00760	0.00818	0.00457	0.00572	0.00799	0.01007	0.01329	0.02672	0.55908	0.03105	0.01477	0.00645	0.00209	0.00343	0.27240	0.00455	0.00418
96	0.79023	0.00941	0.00758	0.00666	0.00976	0.01070	0.00548	0.01526	0.00885	0.08853	0.00791	0.00873	0.00591	0.00469	0.00320	0.00152	0.00383	0.00286	0.00330	0.00558
97	0.01269	0.34257	0.37598	0.01113	0.01661	0.03486	0.01273	0.01641	0.02590	0.09542	0.00931	0.01016	0.00705	0.00468	0.00410	0.00135	0.00612	0.00339	0.00257	0.00697
98	0.01231	0.01157	0.01426	0.03153	0.29120	0.06701	0.01043	0.02069	0.40935	0.01802	0.03082	0.01650	0.03254	0.00593	0.00495	0.00156	0.00491	0.00514	0.00386	0.00744
99	0.01268	0.01394	0.12125	0.04333	0.37181	0.01216	0.20453	0.11041	0.01269	0.03474	0.00989	0.01228	0.00764	0.00460	0.00508	0.00153	0.00656	0.00465	0.00278	0.00745
100	0.01280	0.06053	0.03244	0.03661	0.51117	0.12086	0.02822	0.01527	0.01103	0.01467	0.00855	0.01130	0.00729	0.00497	0.00607	0.00150	0.10318	0.00412	0.00238	0.00706
101	0.01430	0.65045	0.02312	0.00936	0.01319	0.19507	0.00865	0.01581	0.01086	0.01167	0.00700	0.00810	0.00631	0.00440	0.00344	0.00110	0.00606	0.00275	0.00220	0.00617
102	0.01623	0.01338	0.01318	0.01076	0.01419	0.09886	0.00862	0.39845	0.26562	0.04448	0.01400	0.01361	0.01030	0.00594	0.00483	0.00148	0.00517	0.00459	0.00461	0.05169
103	0.00702	0.00527	0.00790	0.00790	0.00878	0.00614	0.00614	0.00878	0.00790	0.01141	0.01316	0.01931	0.01229	0.03686	0.80782	0.00790	0.01316	0.00527	0.00263	0.00439
104	0.01251	0.01321	0.02666	0.03337	0.04232	0.01276	0.64628	0.11666	0.01308	0.01771	0.01015	0.01304	0.00757	0.00439	0.00565	0.00163	0.00782	0.00556	0.00280	0.00686
105	0.00697	0.00501	0.00651	0.00614	0.00724	0.00464	0.00455	0.00916	0.01356	0.01917	0.75332	0.03647	0.04488	0.05279	0.00680	0.00171	0.00245	0.00880	0.00528	0.00455
106	0.00599	0.00428	0.00570	0.00684	0.00713	0.00399	0.00456	0.00684	0.00941	0.01254	0.02709	0.82409	0.03250	0.01540	0.00627	0.00200	0.00285	0.01397	0.00456	0.00399
107	0.00605	0.00432	0.00577	0.00691	0.00723	0.00404	0.00467	0.00695	0.00947	0.01261	0.02705	0.79958	0.03237	0.01534	0.00629	0.00200	0.00290	0.03787	0.00456	0.00401
108	0.00989	0.00938	0.01569	0.62626	0.16969	0.01130	0.01373	0.01297	0.00993	0.01314	0.00869	0.01279	0.00677	0.00504	0.00558	0.00164	0.05505	0.00437	0.00223	0.00587
109	0.00946	0.00909	0.01585	0.75384	0.03321	0.01104	0.07300	0.01280	0.00996	0.01280	0.00883	0.01311	0.00662	0.00485	0.00498	0.00164	0.00669	0.00448	0.00221	0.00555
110	0.01836	0.02342	0.01393	0.01266	0.01519	0.80756	0.00950	0.01962	0.01393	0.01203	0.00760	0.00886	0.00633	0.00506	0.00443	0.00127	0.00886	0.00317	0.00253	0.00570
111	0.01209	0.01160	0.01981	0.05051	0.77688	0.01166	0.01504	0.01502	0.01115	0.01596	0.00923	0.01219	0.00775	0.00439	0.00487	0.00146	0.00586	0.00438	0.00243	0.00772
112	0.00599	0.00428	0.00570	0.00684	0.00713	0.00399	0.00456	0.00684	0.00941	0.01254	0.02709	0.82409	0.03250	0.01540	0.00627	0.00200	0.00285	0.01397	0.00456	0.00399
113	0.01019	0.00873	0.01019	0.00728	0.01165	0.00655	0.00582	0.01237	0.01019	0.01601	0.00873	0.01019	0.00728	0.00364	0.00364	0.00073	0.00364	0.00291	0.00291	0.85734
114	0.00786	0.00561	0.00785	0.00898	0.01008	0.00560	0.00781	0.01007	0.01125	0.01464	0.02605	0.08006	0.02842	0.01363	0.00677	0.00225	0.00447	0.73954	0.00453	0.00451
115	0.01868	0.01376	0.01475	0.01131	0.01524	0.01524	0.00934	0.78025	0.02311	0.03097	0.01180	0.01180	0.00836	0.00590	0.00492	0.00147	0.00541	0.00442	0.00492	0.00836
116	0.00601	0.00429	0.00569	0.00681	0.00709	0.00401	0.00453	0.00685	0.00936	0.01247	0.02682	0.80573	0.03216	0.03422	0.00671	0.00206	0.00290	0.01381	0.00453	0.00397
117	0.00599	0.00428	0.00570	0.00684	0.00713	0.00399	0.00456	0.00684	0.00941	0.01254	0.02709	0.82409	0.03250	0.01540	0.00627	0.00200	0.00285	0.01397	0.00456	0.00399
118	0.01191	0.43510	0.33444	0.01151	0.01692	0.04112	0.05847	0.01527	0.01036	0.01342	0.00783	0.00923	0.00634	0.00441	0.00396	0.00130	0.00635	0.00323	0.00213	0.00669
119	0.00991	0.02503	0.77707	0.01422	0.02141	0.01145	0.04253	0.01557	0.01041	0.01557	0.00886	0.01047	0.00626	0.00465	0.00471	0.00156	0.00730	0.00370	0.00209	0.00724

[dist]
# distance from previous block
# <min> <max>
2	4

[block]
# block no. 1 follows, 51 sequences, length 29
# corresponding to MSA columns:
# 411-413,419-440,448-451
name=unknown_B
#
# <colnr> <probs for GDERKNQSTAVLIFYWHMCP>
#	G	D	E	R	K	N	Q	S	T	A	V	L	I	F	Y	W	H	M	C	P
0	0.01105	0.11319	0.52144	0.01510	0.11345	0.01216	0.03837	0.01553	0.01062	0.04914	0.02649	0.01127	0.00761	0.00486	0.00492	0.00151	0.02991	0.00387	0.00238	0.00713
1	0.01681	0.01245	0.01335	0.01054	0.01412	0.01369	0.00860	0.58958	0.13016	0.04937	0.01626	0.01575	0.07340	0.00655	0.00500	0.00152	0.00492	0.00508	0.00493	0.00793
2	0.01187	0.00868	0.01036	0.00749	0.01177	0.00665	0.00602	0.01401	0.01074	0.12703	0.01024	0.01112	0.00797	0.00399	0.00382	0.00084	0.00372	0.00320	0.00336	0.73712
3	0.01213	0.01103	0.01501	0.05195	0.16587	0.03143	0.10370	0.03807	0.40902	0.03260	0.04748	0.01724	0.02998	0.00603	0.00510	0.00160	0.00499	0.00545	0.00403	0.00730
4	0.01914	0.00877	0.01102	0.00869	0.01207	0.02973	0.00707	0.09090	0.01469	0.57622	0.11493	0.03719	0.01629	0.00670	0.00504	0.00151	0.00415	0.00551	0.00569	0.02468
5	0.01223	0.03702	0.01976	0.17573	0.43452	0.09785	0.12215	0.01517	0.01125	0.01478	0.00900	0.01201	0.00730	0.00452	0.00491	0.00149	0.00663	0.00439	0.00239	0.00691
6	0.00644	0.00553	0.00558	0.00547	0.00724	0.00494	0.00413	0.00893	0.08752	0.01399	0.04686	0.04445	0.71802	0.01188	0.00573	0.00166	0.00263	0.00990	0.00461	0.00451
7	0.00668	0.00504	0.00624	0.00679	0.00760	0.00484	0.00476	0.00897	0.07854	0.01455	0.15968	0.52928	0.12183	0.01338	0.00603	0.00185	0.00281	0.01195	0.00474	0.00445
8	0.01061	0.21131	0.62258	0.01271	0.01927	0.01327	0.01591	0.01537	0.01029	0.01464	0.00836	0.00980	0.00624	0.00456	0.00432	0.00144	0.00680	0.00340	0.00208	0.00704
9	0.01185	0.01020	0.01077	0.00971	0.01241	0.01172	0.00755	0.02496	0.73809	0.02028	0.04354	0.01988	0.04320	0.00697	0.00505	0.00166	0.00379	0.00582	0.00500	0.00756
10	0.00986	0.02542	0.80183	0.01401	0.02127	0.01141	0.01816	0.01556	0.01038	0.01556	0.00882	0.01038	0.00623	0.00467	0.00467	0.00156	0.00726	0.00363	0.00208	0.00726
11	0.01695	0.01281	0.01380	0.01068	0.01454	0.01386	0.00874	0.60559	0.10411	0.02803	0.01231	0.01231	0.00894	0.00571	0.00477	0.00140	0.00503	0.00436	0.00468	0.11137
12	0.00707	0.00506	0.00684	0.00684	0.00736	0.00557	0.00483	0.00810	0.00759	0.01063	0.01413	0.02464	0.01460	0.36488	0.48296	0.00660	0.00968	0.00605	0.00278	0.00380
13	0.13319	0.04015	0.29078	0.02643	0.05977	0.03732	0.03916	0.17677	0.03596	0.09947	0.01053	0.01134	0.00755	0.00508	0.00453	0.00151	0.00591	0.00394	0.00335	0.00724
14	0.01360	0.12349	0.02072	0.01510	0.06515	0.01419	0.24905	0.21517	0.01362	0.03448	0.01003	0.03527	0.00820	0.00580	0.00701	0.00161	0.15267	0.00487	0.00314	0.00684
15	0.01353	0.00931	0.01053	0.00920	0.01196	0.01010	0.00722	0.02327	0.51605	0.18362	0.12964	0.02060	0.01886	0.00702	0.00510	0.00162	0.00373	0.00590	0.00528	0.00746
16	0.00715	0.00476	0.00536	0.00536	0.00536	0.00476	0.00298	0.00715	0.00715	0.00953	0.01548	0.03216	0.01787	0.82729	0.02501	0.00476	0.00476	0.00715	0.00298	0.00298
17	0.86201	0.00950	0.00722	0.00646	0.00950	0.01102	0.00532	0.01445	0.00836	0.02205	0.00684	0.00798	0.00532	0.00456	0.00304	0.00152	0.00380	0.00266	0.00304	0.00532
18	0.01019	0.00873	0.01019	0.00728	0.01165	0.00655	0.00582	0.01237	0.01019	0.01601	0.00873	0.01019	0.00728	0.00364	0.00364	0.00073	0.00364	0.00291	0.00291	0.85734
19	0.01228	0.04055	0.01988	0.04770	0.73150	0.03179	0.01467	0.01512	0.01118	0.01571	0.00911	0.01195	0.00767	0.00440	0.00480	0.00144	0.00591	0.00429	0.00242	0.00762
20	0.01823	0.01063	0.01718	0.01274	0.01690	0.01000	0.24100	0.12590	0.03006	0.44095	0.01549	0.01503	0.01027	0.00548	0.00520	0.00156	0.00559	0.00514	0.00481	0.00783
21	0.01137	0.01281	0.02760	0.09883	0.02649	0.01228	0.70359	0.01543	0.01142	0.01543	0.00982	0.01324	0.00737	0.00422	0.00571	0.00166	0.00811	0.00566	0.00246	0.00651
22	0.00928	0.00873	0.01474	0.81548	0.03385	0.01092	0.01365	0.01256	0.00983	0.01256	0.00873	0.01310	0.00655	0.00491	0.00491	0.00164	0.00655	0.00437	0.00218	0.00546
23	0.01216	0.01168	0.01995	0.03016	0.79664	0.01168	0.01508	0.01508	0.01119	0.01605	0.00924	0.01216	0.00778	0.00438	0.00487	0.00146	0.00584	0.00438	0.00243	0.00778
24	0.01157	0.01107	0.01887	0.19291	0.63856	0.01152	0.01478	0.01456	0.01091	0.01533	0.00914	0.01236	0.00753	0.00449	0.00488	0.00150	0.00599	0.00438	0.00238	0.00730
25	0.01043	0.00904	0.01080	0.00792	0.01215	0.00727	0.02746	0.01382	0.08665	0.01645	0.00988	0.01108	0.00804	0.00395	0.00383	0.00085	0.00379	0.00325	0.00311	0.75023
26	0.00997	0.08979	0.01638	0.65188	0.11362	0.01184	0.01329	0.01304	0.00999	0.01283	0.00860	0.01249	0.00666	0.00479	0.00474	0.00156	0.00635	0.00420	0.00220	0.00579
27	0.00807	0.00648	0.00738	0.00705	0.00850	0.03651	0.00541	0.03437	0.07691	0.01791	0.44970	0.06580	0.14276	0.01143	0.04065	0.00191	0.00348	0.06585	0.00491	0.00494
28	0.01891	0.00909	0.01247	0.00973	0.01326	0.00851	0.05979	0.11788	0.04825	0.53676	0.04531	0.06920	0.01400	0.00670	0.00512	0.00156	0.00445	0.00569	0.00552	0.00780

[dist]
# distance from previous block
# <min> <max>
0	1

[block]
# block no. 2 follows, 51 sequences, length 24
# corresponding to MSA columns:
# 453-476
name=unknown_C
#
# <colnr> <probs for GDERKNQSTAVLIFYWHMCP>
#	G	D	E	R	K	N	Q	S	T	A	V	L	I	F	Y	W	H	M	C	P
0	0.01853	0.00835	0.01084	0.00850	0.01186	0.00758	0.00693	0.10111	0.01485	0.54867	0.15753	0.01955	0.01773	0.00668	0.00504	0.00149	0.00396	0.00552	0.00572	0.03954
1	0.08073	0.01365	0.01406	0.01092	0.01473	0.04441	0.00899	0.67246	0.02140	0.05298	0.01151	0.01156	0.00817	0.00578	0.00476	0.00147	0.00538	0.00426	0.00472	0.00803
2	0.01778	0.01488	0.01414	0.01135	0.01491	0.14081	0.00916	0.56033	0.12202	0.02659	0.01221	0.01219	0.00891	0.00587	0.00485	0.00147	0.00576	0.00437	0.00455	0.00786
3	0.00619	0.00442	0.00594	0.00708	0.00745	0.00417	0.00492	0.00720	0.00961	0.01277	0.02697	0.74254	0.03205	0.01520	0.00633	0.00202	0.00303	0.09349	0.00456	0.00405
4	0.01069	0.14252	0.60453	0.01278	0.01908	0.03900	0.01563	0.01601	0.05138	0.01520	0.02427	0.01089	0.00748	0.00482	0.00448	0.00148	0.00675	0.00367	0.00231	0.00705
5	0.01188	0.36936	0.41297	0.01149	0.01713	0.05678	0.01336	0.03043	0.01065	0.01397	0.00796	0.00926	0.00631	0.00452	0.00401	0.00132	0.00645	0.00319	0.00217	0.00679
6	0.00613	0.00442	0.00563	0.00650	0.00690	0.00411	0.00432	0.00697	0.00948	0.01253	0.05337	0.64508	0.09892	0.10109	0.00820	0.00224	0.00300	0.01276	0.00442	0.00392
7	0.01676	0.00723	0.00965	0.00789	0.01082	0.00633	0.00641	0.01871	0.01364	0.52873	0.18376	0.02552	0.08936	0.00784	0.00529	0.00158	0.00366	0.04404	0.00573	0.00702
8	0.01314	0.14903	0.13851	0.01732	0.15728	0.05408	0.24255	0.08276	0.03295	0.05134	0.00987	0.01169	0.00757	0.00463	0.00483	0.00147	0.00668	0.00441	0.00279	0.00709
9	0.02625	0.02452	0.09673	0.01140	0.04625	0.05470	0.06189	0.15472	0.11285	0.19616	0.01795	0.06703	0.07373	0.00694	0.00509	0.00158	0.00511	0.02565	0.00436	0.00711
10	0.01513	0.00973	0.01107	0.00938	0.01244	0.01038	0.00746	0.08989	0.43150	0.24576	0.06080	0.01923	0.04118	0.00680	0.00504	0.00160	0.00398	0.00562	0.00531	0.00771
11	0.04092	0.17182	0.33981	0.01126	0.01635	0.04141	0.03755	0.05577	0.01195	0.15214	0.06641	0.01292	0.01026	0.00527	0.00450	0.00144	0.00588	0.00411	0.00322	0.00700
12	0.01260	0.06814	0.21928	0.14339	0.16130	0.06571	0.07150	0.07119	0.06267	0.06237	0.01032	0.01208	0.00774	0.00491	0.00477	0.00151	0.00641	0.00421	0.00285	0.00703
13	0.01299	0.50259	0.09805	0.00933	0.01319	0.05438	0.00914	0.05593	0.01140	0.04908	0.09139	0.01198	0.01093	0.00531	0.00447	0.00126	0.04575	0.00370	0.00280	0.00635
14	0.01433	0.01419	0.04378	0.01189	0.01468	0.17671	0.07068	0.19259	0.14281	0.04021	0.04776	0.01508	0.04753	0.00660	0.00679	0.00160	0.13746	0.00490	0.00373	0.00669
15	0.01199	0.09971	0.14105	0.01668	0.22483	0.01152	0.10416	0.03282	0.11458	0.06841	0.09281	0.01630	0.01311	0.00564	0.00493	0.00152	0.00552	0.02403	0.00334	0.00705
16	0.01271	0.05082	0.21385	0.01536	0.15541	0.01119	0.09853	0.06833	0.12113	0.11160	0.05483	0.04076	0.01175	0.00571	0.00497	0.00155	0.00566	0.00506	0.00353	0.00727
17	0.00706	0.00510	0.00708	0.00708	0.00767	0.00570	0.00512	0.00825	0.00766	0.01080	0.01391	0.02345	0.01408	0.29157	0.55557	0.00689	0.01046	0.00587	0.00274	0.00393
18	0.01058	0.06622	0.42972	0.01594	0.06715	0.01183	0.22514	0.01554	0.03620	0.01580	0.05166	0.01280	0.00911	0.00483	0.00497	0.00155	0.00697	0.00456	0.00249	0.00694
19	0.01085	0.07696	0.59307	0.01341	0.01965	0.05394	0.04710	0.01685	0.09306	0.01565	0.00985	0.01109	0.00722	0.00485	0.00464	0.00152	0.00690	0.00383	0.00243	0.00715
20	0.01186	0.01133	0.01916	0.11294	0.69504	0.01161	0.01474	0.01510	0.03153	0.01580	0.00947	0.01243	0.00784	0.00450	0.00487	0.00148	0.00586	0.00441	0.00247	0.00754
21	0.01051	0.01108	0.08835	0.02929	0.07424	0.02598	0.30251	0.01343	0.01126	0.07649	0.03453	0.16680	0.11781	0.00768	0.00560	0.00167	0.00578	0.00752	0.00344	0.00601
22	0.00986	0.04672	0.68453	0.01370	0.02031	0.01123	0.05096	0.01512	0.01055	0.01550	0.02708	0.01344	0.00836	0.00523	0.00481	0.00158	0.00699	0.04471	0.00230	0.00700
23	0.00776	0.05225	0.08549	0.00850	0.00974	0.03963	0.00695	0.00917	0.00952	0.01269	0.02123	0.58140	0.02470	0.01261	0.00692	0.00189	0.09016	0.01089	0.00385	0.00465

[dist]
# distance from previous block
# <min> <max>
0	13

[block]
# block no. 3 follows, 51 sequences, length 234
# corresponding to MSA columns:
# 490-574,622-770
name=unknown_D
#
# <colnr> <probs for GDERKNQSTAVLIFYWHMCP>
#	G	D	E	R	K	N	Q	S	T	A	V	L	I	F	Y	W	H	M	C	P
0	0.01322	0.38406	0.19205	0.01189	0.05957	0.11194	0.03472	0.05225	0.03756	0.02877	0.00870	0.01021	0.00717	0.02326	0.00449	0.00136	0.00619	0.00344	0.00250	0.00664
1	0.02628	0.05034	0.29260	0.01739	0.24686	0.02574	0.04419	0.04797	0.03803	0.05816	0.02409	0.01270	0.00858	0.00491	0.00469	0.00145	0.00601	0.01643	0.00282	0.07075
2	0.01306	0.57810	0.11499	0.00959	0.01382	0.09408	0.00957	0.01602	0.06840	0.01275	0.00826	0.00930	0.00707	0.00522	0.02067	0.00132	0.00591	0.00307	0.00237	0.00643
3	0.45692	0.33040	0.06631	0.00785	0.01161	0.03237	0.00745	0.01474	0.00925	0.01732	0.00698	0.00812	0.00579	0.00444	0.00322	0.00133	0.00471	0.00272	0.00260	0.00584
4	0.00795	0.00450	0.00612	0.00612	0.00619	0.00453	0.00394	0.00678	0.00682	0.00911	0.01184	0.02141	0.02691	0.28222	0.06324	0.51702	0.00487	0.00538	0.00248	0.00257
5	0.01355	0.01104	0.01167	0.00999	0.01301	0.01246	0.00791	0.23531	0.51626	0.02292	0.01993	0.01867	0.07132	0.00688	0.00504	0.00161	0.00421	0.00560	0.00494	0.00767
6	0.01286	0.01264	0.02544	0.01838	0.02296	0.02856	0.61989	0.02801	0.01202	0.10191	0.02564	0.01385	0.00867	0.00459	0.00583	0.00162	0.02433	0.00560	0.00297	0.02421
7	0.01231	0.01697	0.41106	0.01129	0.01636	0.00986	0.01255	0.02994	0.12664	0.17015	0.07593	0.01708	0.04365	0.00613	0.00494	0.00158	0.00551	0.01711	0.00374	0.00720
8	0.02152	0.00848	0.01139	0.00881	0.01256	0.00749	0.00725	0.02407	0.05581	0.75798	0.01942	0.01681	0.01232	0.00611	0.00495	0.00153	0.00417	0.00498	0.00602	0.00833
9	0.01189	0.01140	0.01946	0.10341	0.72549	0.01161	0.01495	0.01485	0.01106	0.01573	0.00920	0.01225	0.00767	0.00443	0.00487	0.00148	0.00590	0.00438	0.00241	0.00757
10	0.00986	0.02542	0.80183	0.01401	0.02127	0.01141	0.01816	0.01556	0.01038	0.01556	0.00882	0.01038	0.00623	0.00467	0.00467	0.00156	0.00726	0.00363	0.00208	0.00726
11	0.02058	0.00875	0.01191	0.00930	0.01263	0.00833	0.00770	0.03421	0.01339	0.68946	0.01765	0.01590	0.01139	0.00639	0.00634	0.00160	0.10604	0.00485	0.00557	0.00799
12	0.00585	0.00498	0.00504	0.00503	0.00667	0.00417	0.00377	0.00714	0.01131	0.01354	0.08019	0.04686	0.76407	0.01235	0.00581	0.00165	0.00248	0.01031	0.00460	0.00417
13	0.00715	0.00476	0.00536	0.00536	0.00536	0.00476	0.00298	0.00715	0.00715	0.00953	0.01548	0.03216	0.01787	0.82729	0.02501	0.00476	0.00476	0.00715	0.00298	0.00298
14	0.01447	0.01233	0.01490	0.01218	0.01400	0.02848	0.01009	0.35949	0.01468	0.02049	0.00889	0.01119	0.00731	0.00732	0.01086	0.00183	0.43703	0.00434	0.00341	0.00673
15	0.01216	0.01168	0.01995	0.03016	0.79664	0.01168	0.01508	0.01508	0.01119	0.01605	0.00924	0.01216	0.00778	0.00438	0.00487	0.00146	0.00584	0.00438	0.00243	0.00778
16	0.86201	0.00950	0.00722	0.00646	0.00950	0.01102	0.00532	0.01445	0.00836	0.02205	0.00684	0.00798	0.00532	0.00456	0.00304	0.00152	0.00380	0.00266	0.00304	0.00532
17	0.01160	0.01326	0.02900	0.02071	0.02568	0.01243	0.77879	0.01574	0.01160	0.01574	0.00994	0.01326	0.00746	0.00414	0.00580	0.00166	0.00829	0.00580	0.00249	0.00663
18	0.01868	0.01376	0.01475	0.01131	0.01524	0.01524	0.00934	0.78025	0.02311	0.03097	0.01180	0.01180	0.00836	0.00590	0.00492	0.00147	0.00541	0.00442	0.00492	0.00836
19	0.01216	0.01168	0.01995	0.03016	0.79664	0.01168	0.01508	0.01508	0.01119	0.01605	0.00924	0.01216	0.00778	0.00438	0.00487	0.00146	0.00584	0.00438	0.00243	0.00778
20	0.00928	0.00873	0.01474	0.81548	0.03385	0.01092	0.01365	0.01256	0.00983	0.01256	0.00873	0.01310	0.00655	0.00491	0.00491	0.00164	0.00655	0.00437	0.00218	0.00546
21	0.00581	0.00498	0.00498	0.00498	0.00664	0.00415	0.00373	0.00705	0.01120	0.01328	0.04978	0.04729	0.79464	0.01245	0.00581	0.00166	0.00249	0.01037	0.00456	0.00415
22	0.00854	0.00427	0.00640	0.00640	0.00640	0.00427	0.00427	0.00640	0.00640	0.00854	0.00854	0.01494	0.00854	0.01707	0.01921	0.85702	0.00427	0.00427	0.00213	0.00213
23	0.01811	0.02290	0.01381	0.01255	0.01509	0.77507	0.00943	0.01989	0.04554	0.01238	0.00810	0.00925	0.00668	0.00513	0.00445	0.00128	0.00866	0.00326	0.00263	0.00578
24	0.00986	0.02542	0.80183	0.01401	0.02127	0.01141	0.01816	0.01556	0.01038	0.01556	0.00882	0.01038	0.00623	0.00467	0.00467	0.00156	0.00726	0.00363	0.00208	0.00726
25	0.00599	0.00428	0.00570	0.00684	0.00713	0.00399	0.00456	0.00684	0.00941	0.01254	0.02709	0.82409	0.03250	0.01540	0.00627	0.00200	0.00285	0.01397	0.00456	0.00399
26	0.00702	0.00527	0.00790	0.00790	0.00878	0.00614	0.00614	0.00878	0.00790	0.01141	0.01316	0.01931	0.01229	0.03686	0.80782	0.00790	0.01316	0.00527	0.00263	0.00439
27	0.01216	0.01168	0.01995	0.03016	0.79664	0.01168	0.01508	0.01508	0.01119	0.01605	0.00924	0.01216	0.00778	0.00438	0.00487	0.00146	0.00584	0.00438	0.00243	0.00778
28	0.00696	0.00502	0.00657	0.00618	0.00734	0.00464	0.00464	0.00927	0.01391	0.01971	0.79405	0.03671	0.04637	0.01005	0.00580	0.00155	0.00232	0.00889	0.00541	0.00464
29	0.00581	0.00498	0.00498	0.00498	0.00664	0.00415	0.00373	0.00705	0.01120	0.01328	0.04978	0.04729	0.79464	0.01245	0.00581	0.00166	0.00249	0.01037	0.00456	0.00415
30	0.01314	0.83025	0.02575	0.00841	0.01261	0.01945	0.00841	0.01472	0.00999	0.01156	0.00683	0.00788	0.00631	0.00420	0.00315	0.00105	0.00526	0.00263	0.00210	0.00631
31	0.01868	0.01376	0.01475	0.01131	0.01524	0.01524	0.00934	0.78025	0.02311	0.03097	0.01180	0.01180	0.00836	0.00590	0.00492	0.00147	0.00541	0.00442	0.00492	0.00836
32	0.01868	0.01376	0.01475	0.01131	0.01524	0.01524	0.00934	0.78025	0.02311	0.03097	0.01180	0.01180	0.00836	0.00590	0.00492	0.00147	0.00541	0.00442	0.00492	0.00836
33	0.01314	0.83025	0.02575	0.00841	0.01261	0.01945	0.00841	0.01472	0.00999	0.01156	0.00683	0.00788	0.00631	0.00420	0.00315	0.00105	0.00526	0.00263	0.00210	0.00631
34	0.00696	0.00502	0.00657	0.00618	0.00734	0.00464	0.00464	0.00927	0.01391	0.01971	0.79405	0.03671	0.04637	0.01005	0.00580	0.00155	0.00232	0.00889	0.00541	0.00464
35	0.00678	0.00502	0.00632	0.00600	0.00723	0.00456	0.00450	0.00893	0.01349	0.01871	0.67898	0.03835	0.16205	0.01042	0.00580	0.00156	0.00234	0.00912	0.00528	0.00456
36	0.00591	0.00490	0.00518	0.00528	0.00675	0.00417	0.00390	0.00719	0.01120	0.01367	0.10274	0.13486	0.65212	0.01260	0.00586	0.00169	0.00252	0.01067	0.00463	0.00417
37	0.01085	0.01104	0.01664	0.01379	0.01436	0.01475	0.09811	0.01227	0.00799	0.01227	0.00685	0.01104	0.00657	0.00809	0.01495	0.00209	0.72616	0.00447	0.00219	0.00552
38	0.00696	0.00502	0.00657	0.00618	0.00734	0.00464	0.00464	0.00927	0.01391	0.01971	0.79405	0.03671	0.04637	0.01005	0.00580	0.00155	0.00232	0.00889	0.00541	0.00464
39	0.00598	0.00429	0.00569	0.00681	0.00712	0.00399	0.00455	0.00685	0.00944	0.01256	0.02748	0.81056	0.04577	0.01534	0.00626	0.00199	0.00284	0.01391	0.00456	0.00399
40	0.01314	0.83025	0.02575	0.00841	0.01261	0.01945	0.00841	0.01472	0.00999	0.01156	0.00683	0.00788	0.00631	0.00420	0.00315	0.00105	0.00526	0.00263	0.00210	0.00631
41	0.02205	0.00836	0.01140	0.00874	0.01254	0.00722	0.00722	0.02395	0.01407	0.80004	0.01939	0.01673	0.01216	0.00608	0.00494	0.00152	0.00418	0.00494	0.00608	0.00836
42	0.00928	0.00873	0.01474	0.81548	0.03385	0.01092	0.01365	0.01256	0.00983	0.01256	0.00873	0.01310	0.00655	0.00491	0.00491	0.00164	0.00655	0.00437	0.00218	0.00546
43	0.01411	0.67938	0.02354	0.00920	0.01310	0.16681	0.00861	0.01563	0.01072	0.01165	0.00697	0.00807	0.00631	0.00437	0.00339	0.00109	0.00593	0.00273	0.00218	0.00619
44	0.01019	0.00873	0.01019	0.00728	0.01165	0.00655	0.00582	0.01237	0.01019	0.01601	0.00873	0.01019	0.00728	0.00364	0.00364	0.00073	0.00364	0.00291	0.00291	0.85734
45	0.00694	0.00500	0.02067	0.00725	0.00794	0.00445	0.00527	0.00811	0.00992	0.04513	0.03843	0.66798	0.04266	0.01449	0.00623	0.00199	0.00316	0.09549	0.00459	0.00430
46	0.86201	0.00950	0.00722	0.00646	0.00950	0.01102	0.00532	0.01445	0.00836	0.02205	0.00684	0.00798	0.00532	0.00456	0.00304	0.00152	0.00380	0.00266	0.00304	0.00532
47	0.01222	0.01056	0.01111	0.01000	0.01278	0.01222	0.00778	0.02611	0.78776	0.02056	0.02000	0.01833	0.01500	0.00667	0.00500	0.00167	0.00389	0.00556	0.00500	0.00778
48	0.00948	0.00884	0.01474	0.79842	0.03345	0.01101	0.01356	0.02885	0.01011	0.01295	0.00880	0.01307	0.00659	0.00493	0.00491	0.00163	0.00653	0.00437	0.00224	0.00552
49	0.00916	0.00465	0.00476	0.01894	0.00622	0.00469	0.00362	0.01147	0.01030	0.01822	0.01590	0.01823	0.01249	0.00571	0.00346	0.00115	0.00237	0.00458	0.83948	0.00460
50	0.01201	0.01637	0.27900	0.02231	0.41304	0.02626	0.07267	0.01602	0.02293	0.05832	0.00984	0.01193	0.00756	0.00460	0.00487	0.00151	0.00643	0.00426	0.00256	0.00752
51	0.01769	0.01307	0.01467	0.10272	0.01730	0.01457	0.00978	0.67580	0.02139	0.04630	0.01162	0.01206	0.00824	0.00579	0.00492	0.00149	0.00551	0.00443	0.00463	0.00803
52	0.00682	0.00502	0.00639	0.00605	0.00726	0.00458	0.00453	0.00902	0.01360	0.01898	0.70939	0.03791	0.13148	0.01032	0.00580	0.00156	0.00234	0.00906	0.00531	0.00458
53	0.00990	0.02516	0.78789	0.01394	0.02112	0.01143	0.01797	0.01575	0.02408	0.01565	0.00902	0.01052	0.00638	0.00470	0.00467	0.00156	0.00720	0.00367	0.00213	0.00727
54	0.01114	0.04974	0.35800	0.05276	0.27723	0.02828	0.12262	0.01536	0.01085	0.01540	0.00901	0.01135	0.00693	0.00450	0.00484	0.00152	0.00686	0.00416	0.00226	0.00720
55	0.00702	0.00525	0.00785	0.00785	0.00870	0.00611	0.00608	0.00874	0.00788	0.01137	0.01321	0.01957	0.01240	0.05319	0.79165	0.00783	0.01299	0.00530	0.00264	0.00436
56	0.00688	0.00532	0.00647	0.00704	0.00843	0.00491	0.00585	0.00864	0.01126	0.01400	0.03775	0.05141	0.40665	0.01302	0.00630	0.00196	0.00352	0.39169	0.00454	0.00434
57	0.01125	0.01068	0.01757	0.27180	0.42770	0.01154	0.04490	0.01573	0.10972	0.01553	0.01048	0.01329	0.00831	0.00483	0.00494	0.00155	0.00591	0.00458	0.00268	0.00701
58	0.01223	0.10577	0.11814	0.02338	0.47067	0.05154	0.10116	0.01562	0.02706	0.01535	0.00914	0.01155	0.00746	0.00445	0.00474	0.00144	0.00634	0.00422	0.00241	0.00732
59	0.01004	0.06998	0.75886	0.01370	0.02079	0.01186	0.01762	0.01552	0.01035	0.01534	0.00871	0.01024	0.00623	0.00464	0.00458	0.00153	0.00715	0.00358	0.00208	0.00721
60	0.01313	0.00774	0.00865	0.00763	0.00999	0.00812	0.00598	0.01983	0.31228	0.19105	0.03593	0.01839	0.01420	0.00627	0.00443	0.00144	0.00333	0.00514	0.31983	0.00665
61	0.01240	0.00885	0.01055	0.00766	0.01192	0.00696	0.00617	0.04115	0.01127	0.14316	0.01056	0.01130	0.00811	0.00411	0.00389	0.00088	0.00379	0.00329	0.00349	0.69047
62	0.01075	0.01075	0.01505	0.01290	0.01290	0.01505	0.01075	0.01183	0.00753	0.01183	0.00645	0.01075	0.00645	0.00860	0.01613	0.00215	0.81830	0.00430	0.00215	0.00538
63	0.01216	0.01168	0.01995	0.03016	0.79664	0.01168	0.01508	0.01508	0.01119	0.01605	0.00924	0.01216	0.00778	0.00438	0.00487	0.00146	0.00584	0.00438	0.00243	0.00778
64	0.01075	0.01075	0.01505	0.01290	0.01290	0.01505	0.01075	0.01183	0.00753	0.01183	0.00645	0.01075	0.00645	0.00860	0.01613	0.00215	0.81830	0.00430	0.00215	0.00538
