[name]
unknown

[dist]
# distance from previous block
# <min> <max>
0	212

[block]
# block no. 0 follows, 57 sequences, length 11
# corresponding to MSA columns:
# 212-222
name=unknown_A
#
# <colnr> <probs for GDERKNQSTAVLIFYWHMCP>
#	G	D	E	R	K	N	Q	S	T	A	V	L	I	F	Y	W	H	M	C	P
0	0.00730	0.00522	0.00730	0.00835	0.00939	0.00522	0.00730	0.00939	0.01043	0.01356	0.02399	0.05111	0.02608	0.01252	0.00626	0.00209	0.00417	0.78199	0.00417	0.00417
1	0.01723	0.01269	0.01360	0.01043	0.01405	0.01405	0.00861	0.79738	0.02131	0.02856	0.01088	0.01088	0.00771	0.00544	0.00453	0.00136	0.00499	0.00408	0.00453	0.00771
2	0.01657	0.01192	0.01292	0.01007	0.01348	0.01309	0.00825	0.69064	0.05302	0.06490	0.01220	0.05049	0.00918	0.00589	0.00460	0.00139	0.00476	0.00456	0.00457	0.00749
3	0.00876	0.00827	0.01397	0.76727	0.09217	0.01012	0.01269	0.01176	0.00916	0.01183	0.00809	0.01201	0.00613	0.00449	0.00453	0.00150	0.00599	0.00403	0.00203	0.00520
4	0.06894	0.00818	0.01174	0.00905	0.01228	0.00765	0.07610	0.01960	0.01206	0.61235	0.04913	0.01509	0.01145	0.00567	0.00522	0.00145	0.05741	0.00462	0.00489	0.00708
5	0.00564	0.00407	0.00536	0.00628	0.00668	0.00379	0.00430	0.00659	0.00908	0.01210	0.07633	0.72098	0.06334	0.01370	0.00576	0.00181	0.00265	0.04354	0.00426	0.00374
6	0.00907	0.00858	0.01451	0.67566	0.18141	0.01020	0.01284	0.01203	0.00930	0.01220	0.00814	0.01191	0.00626	0.00444	0.00452	0.00148	0.00591	0.00403	0.00206	0.00545
7	0.00972	0.00924	0.01569	0.47861	0.37337	0.01037	0.01316	0.01260	0.00961	0.01299	0.00826	0.01170	0.00654	0.00431	0.00451	0.00144	0.00575	0.00403	0.00211	0.00597
8	0.00591	0.00452	0.00647	0.00705	0.00747	0.00440	0.03625	0.00682	0.00869	0.01166	0.02358	0.77136	0.02808	0.01353	0.00613	0.00183	0.03617	0.01222	0.00404	0.00383
9	0.13993	0.01575	0.28813	0.01360	0.03701	0.07376	0.25736	0.01529	0.01025	0.09352	0.00906	0.01057	0.00655	0.00429	0.00442	0.00143	0.00632	0.00394	0.00257	0.00625
10	0.07596	0.04519	0.04469	0.18492	0.28401	0.20736	0.03313	0.03224	0.01072	0.02902	0.00804	0.01026	0.00643	0.00436	0.00423	0.00134	0.00611	0.00361	0.00235	0.00603

[dist]
# distance from previous block
# <min> <max>
0	1

[block]
# block no. 1 follows, 57 sequences, length 9
# corresponding to MSA columns:
# 224-232
name=unknown_B
#
# <colnr> <probs for GDERKNQSTAVLIFYWHMCP>
#	G	D	E	R	K	N	Q	S	T	A	V	L	I	F	Y	W	H	M	C	P
0	0.02882	0.10445	0.08039	0.04566	0.08415	0.11180	0.34195	0.01406	0.01042	0.03581	0.01016	0.09237	0.00890	0.00510	0.00471	0.00142	0.00640	0.00508	0.00251	0.00584
1	0.03334	0.08937	0.08154	0.30390	0.15576	0.02583	0.09436	0.10867	0.01115	0.04111	0.00869	0.01107	0.00661	0.00443	0.00439	0.00140	0.00581	0.00393	0.00252	0.00613
2	0.03068	0.04998	0.15153	0.00842	0.01054	0.05603	0.03947	0.00999	0.00940	0.04604	0.01915	0.48776	0.04268	0.01024	0.00512	0.00163	0.00406	0.00905	0.00352	0.00472
3	0.00935	0.01441	0.32880	0.01249	0.04767	0.00931	0.15371	0.07954	0.04887	0.01515	0.01421	0.18733	0.04541	0.00679	0.00489	0.00154	0.00547	0.00616	0.00293	0.00596
4	0.05483	0.14584	0.16116	0.01120	0.05721	0.06010	0.05574	0.11846	0.09219	0.11520	0.01112	0.05075	0.00879	0.00530	0.00458	0.00138	0.03229	0.00419	0.00321	0.00648
5	0.01232	0.04763	0.21251	0.01055	0.04062	0.01071	0.00976	0.26187	0.12098	0.07166	0.01365	0.14285	0.01172	0.00654	0.00462	0.00146	0.00478	0.00540	0.00372	0.00665
6	0.04536	0.00646	0.00763	0.00710	0.00880	0.00633	0.00533	0.15115	0.01178	0.12433	0.04222	0.41377	0.09960	0.01026	0.00513	0.00159	0.00324	0.00892	0.00436	0.03664
7	0.01147	0.01177	0.15265	0.02759	0.05357	0.09223	0.07965	0.05235	0.03699	0.14497	0.01530	0.22158	0.03143	0.00725	0.00481	0.00148	0.00494	0.00635	0.00349	0.04011
8	0.09435	0.01065	0.07097	0.08875	0.11845	0.05972	0.03525	0.11374	0.09856	0.05190	0.08979	0.05054	0.05813	0.00597	0.00449	0.00141	0.00462	0.00500	0.00343	0.03426

[dist]
# distance from previous block
# <min> <max>
6	54

[block]
# block no. 2 follows, 57 sequences, length 10
# corresponding to MSA columns:
# 287-296
name=unknown_C
#
# <colnr> <probs for GDERKNQSTAVLIFYWHMCP>
#	G	D	E	R	K	N	Q	S	T	A	V	L	I	F	Y	W	H	M	C	P
0	0.04702	0.06610	0.12668	0.03457	0.06290	0.05626	0.04388	0.06080	0.05758	0.14346	0.08601	0.03110	0.03960	0.00602	0.01803	0.00143	0.02047	0.00455	0.00341	0.09014
1	0.04054	0.02479	0.05721	0.04016	0.09814	0.08588	0.11184	0.10969	0.04629	0.05083	0.06099	0.08274	0.02710	0.02593	0.00497	0.00141	0.00499	0.00505	0.00322	0.11824
2	0.03719	0.01073	0.03449	0.04374	0.15224	0.07638	0.11489	0.08228	0.07199	0.08927	0.05966	0.01414	0.03910	0.00550	0.01822	0.00140	0.00511	0.00445	0.00325	0.13599
3	0.01186	0.00987	0.01288	0.04960	0.21271	0.06242	0.04210	0.11925	0.07065	0.08265	0.06879	0.03444	0.03894	0.00645	0.02556	0.00150	0.00488	0.03681	0.00344	0.10520
4	0.01214	0.01042	0.03362	0.01396	0.18532	0.04399	0.10328	0.11414	0.08139	0.09240	0.05675	0.01556	0.01122	0.00528	0.00456	0.00132	0.00485	0.05433	0.00341	0.15205
5	0.04408	0.00972	0.01309	0.05561	0.21652	0.03300	0.04524	0.11216	0.06381	0.08780	0.08080	0.01338	0.01088	0.00484	0.00431	0.00124	0.00451	0.00420	0.00333	0.19147
6	0.06020	0.01148	0.01493	0.06626	0.25864	0.11800	0.08606	0.06348	0.05108	0.12725	0.01010	0.01143	0.00765	0.00457	0.00455	0.00133	0.02077	0.00395	0.00303	0.07523
7	0.04567	0.00771	0.03686	0.00851	0.03285	0.00722	0.07180	0.09147	0.05802	0.11468	0.20384	0.02428	0.08149	0.16708	0.00838	0.00202	0.00398	0.02493	0.00399	0.00523
8	0.06075	0.02053	0.01256	0.01132	0.01374	0.74394	0.00855	0.05354	0.01297	0.01236	0.00715	0.00825	0.00587	0.00468	0.00404	0.00119	0.00779	0.00295	0.00246	0.00535
9	0.01191	0.00660	0.00826	0.00716	0.00931	0.02196	0.01929	0.04051	0.01146	0.29158	0.10572	0.09178	0.14522	0.07958	0.00656	0.00174	0.00357	0.08483	0.00451	0.04844

[dist]
# distance from previous block
# <min> <max>
0	1

[block]
# block no. 3 follows, 57 sequences, length 20
# corresponding to MSA columns:
# 298-317
name=unknown_D
#
# <colnr> <probs for GDERKNQSTAVLIFYWHMCP>
#	G	D	E	R	K	N	Q	S	T	A	V	L	I	F	Y	W	H	M	C	P
0	0.00690	0.00464	0.00525	0.00519	0.00532	0.00468	0.00304	0.02775	0.00710	0.00946	0.01449	0.02982	0.01654	0.79258	0.02204	0.00424	0.00440	0.03079	0.00284	0.00292
1	0.01894	0.02533	0.01129	0.00857	0.01200	0.00839	0.00712	0.18591	0.01455	0.59761	0.01643	0.01585	0.01101	0.00584	0.00459	0.00141	0.00413	0.03826	0.00524	0.00752
2	0.00599	0.00436	0.00597	0.00652	0.00690	0.00415	0.02995	0.00676	0.00837	0.01115	0.02214	0.60731	0.02618	0.19018	0.00948	0.00238	0.00323	0.04158	0.00383	0.00358
3	0.00644	0.00460	0.00619	0.00712	0.00778	0.00447	0.00555	0.00780	0.00940	0.01233	0.02433	0.37950	0.05025	0.07526	0.00729	0.00214	0.00349	0.37814	0.00408	0.00385
4	0.27606	0.19441	0.04822	0.00916	0.02381	0.27587	0.02242	0.01507	0.01008	0.03008	0.00702	0.00812	0.00574	0.00426	0.00345	0.00119	0.00556	0.00277	0.00246	0.05426
5	0.12206	0.38392	0.07710	0.00885	0.01246	0.12376	0.02917	0.05601	0.02877	0.07945	0.00937	0.00998	0.03281	0.00458	0.00356	0.00119	0.00516	0.00320	0.00268	0.00592
6	0.11951	0.23196	0.26235	0.01029	0.01450	0.07789	0.06873	0.02893	0.02542	0.03182	0.03982	0.02447	0.00807	0.00533	0.02237	0.00144	0.01516	0.00358	0.00245	0.00591
7	0.01226	0.36783	0.20253	0.04251	0.01514	0.08783	0.03402	0.11643	0.03534	0.01429	0.00790	0.00905	0.00633	0.00445	0.00404	0.00123	0.02705	0.00317	0.00240	0.00621
8	0.06565	0.29177	0.29481	0.01008	0.01464	0.04909	0.01084	0.11533	0.02649	0.05107	0.00830	0.00919	0.00638	0.00450	0.00403	0.00127	0.02446	0.00316	0.00255	0.00637
9	0.04785	0.20332	0.31455	0.01052	0.01518	0.04226	0.02272	0.20796	0.03875	0.01725	0.00978	0.01054	0.03077	0.00477	0.00403	0.00131	0.00556	0.00354	0.00278	0.00654
10	0.06496	0.33314	0.26194	0.00990	0.01436	0.02541	0.03780	0.07374	0.06308	0.01467	0.02453	0.00983	0.00731	0.00490	0.01733	0.00134	0.00544	0.00328	0.00246	0.02458
11	0.04168	0.29098	0.25136	0.01064	0.03944	0.10389	0.01988	0.08441	0.01098	0.01442	0.06068	0.01039	0.00844	0.00473	0.00419	0.00126	0.03070	0.00341	0.00246	0.00607
12	0.02760	0.16464	0.32769	0.01098	0.02574	0.02663	0.03628	0.15912	0.03623	0.10947	0.00983	0.01053	0.00716	0.00529	0.02234	0.00146	0.00573	0.00359	0.00296	0.00673
13	0.03051	0.21872	0.26599	0.01049	0.01495	0.05005	0.02797	0.22664	0.05692	0.01765	0.03312	0.01045	0.00787	0.00476	0.00406	0.00130	0.00549	0.00357	0.00292	0.00659
14	0.04908	0.17547	0.35963	0.02383	0.01629	0.04322	0.06655	0.08954	0.03491	0.03141	0.02639	0.01023	0.00719	0.00467	0.00458	0.00136	0.04329	0.00355	0.00248	0.00633
15	0.03711	0.09235	0.33784	0.03794	0.03368	0.05050	0.04119	0.09279	0.02894	0.07336	0.06345	0.02758	0.01853	0.00515	0.00448	0.00137	0.01930	0.00409	0.00287	0.02748
16	0.07217	0.18587	0.23395	0.04657	0.03516	0.06441	0.02730	0.06119	0.02447	0.05858	0.08162	0.01204	0.00991	0.00571	0.02890	0.00147	0.00545	0.00376	0.00276	0.03870
17	0.02681	0.12303	0.26671	0.01193	0.06669	0.06932	0.05910	0.09360	0.01117	0.04699	0.06045	0.01296	0.04409	0.00584	0.02040	0.00150	0.06640	0.00412	0.00273	0.00613
18	0.02612	0.14327	0.17929	0.03893	0.07013	0.05376	0.05308	0.10838	0.03346	0.06537	0.03603	0.01262	0.04787	0.00507	0.00461	0.00131	0.03832	0.00399	0.00290	0.07550
19	0.02562	0.12656	0.19878	0.01133	0.08677	0.05401	0.02529	0.13720	0.03532	0.06669	0.01285	0.05073	0.06629	0.00560	0.00451	0.00134	0.02462	0.00444	0.02927	0.03278

[dist]
# distance from previous block
# <min> <max>
29	82

[block]
# block no. 4 follows, 57 sequences, length 23
# corresponding to MSA columns:
# 412-434
name=unknown_E
#
# <colnr> <probs for GDERKNQSTAVLIFYWHMCP>
#	G	D	E	R	K	N	Q	S	T	A	V	L	I	F	Y	W	H	M	C	P
0	0.02366	0.16533	0.14563	0.05001	0.06499	0.11054	0.07789	0.04833	0.05285	0.05592	0.06112	0.03667	0.03477	0.00530	0.00448	0.00132	0.02192	0.00432	0.00285	0.03212
1	0.03273	0.13894	0.20186	0.01075	0.07000	0.05895	0.02247	0.09104	0.02467	0.09828	0.07921	0.03638	0.05235	0.00561	0.00450	0.00133	0.02259	0.00445	0.00315	0.04074
2	0.09741	0.30200	0.06955	0.03001	0.03963	0.08561	0.02045	0.03224	0.05192	0.02404	0.06044	0.01173	0.03555	0.00474	0.00368	0.00115	0.00470	0.00352	0.00269	0.11893
3	0.06766	0.18144	0.20775	0.03038	0.04523	0.06916	0.02502	0.06358	0.04297	0.02486	0.06735	0.04526	0.06100	0.00586	0.00442	0.00137	0.02020	0.02784	0.00287	0.00579
4	0.05103	0.22584	0.24812	0.01000	0.02653	0.10889	0.01003	0.11359	0.01115	0.01465	0.01073	0.02682	0.05600	0.02415	0.04264	0.00162	0.00588	0.00382	0.00257	0.00592
5	0.05176	0.28896	0.10650	0.00986	0.01373	0.07697	0.02921	0.28962	0.03184	0.01820	0.00855	0.00930	0.00666	0.00466	0.00403	0.00123	0.01887	0.00332	0.00300	0.02374
6	0.03223	0.69347	0.09490	0.00866	0.01272	0.04859	0.03101	0.01384	0.00939	0.01135	0.00658	0.00766	0.00582	0.00395	0.00315	0.00105	0.00519	0.00261	0.00198	0.00586
7	0.05805	0.24854	0.46632	0.02818	0.01637	0.01247	0.01270	0.04346	0.00983	0.03423	0.00796	0.00925	0.00606	0.00494	0.02259	0.00144	0.00598	0.00315	0.00217	0.00632
8	0.01003	0.27832	0.57063	0.01131	0.01713	0.01283	0.01395	0.01411	0.00946	0.01320	0.00756	0.00885	0.00576	0.00417	0.00387	0.00129	0.00612	0.00306	0.00192	0.00642
9	0.00585	0.00413	0.00511	0.00576	0.00602	0.00392	0.00369	0.00641	0.00811	0.01072	0.02292	0.52628	0.07688	0.27931	0.01130	0.00264	0.00317	0.01064	0.00374	0.00339
10	0.01211	0.68596	0.10127	0.00842	0.01246	0.03615	0.00862	0.03314	0.00967	0.02860	0.00698	0.00801	0.00609	0.00466	0.02074	0.00117	0.00525	0.00267	0.00210	0.00594
11	0.01080	0.02776	0.04568	0.24192	0.29020	0.04689	0.12705	0.01377	0.02317	0.06046	0.02721	0.03308	0.02214	0.00479	0.00464	0.00143	0.00575	0.00457	0.00255	0.00613
12	0.00571	0.00449	0.00509	0.00538	0.00643	0.00401	0.00392	0.00680	0.00966	0.01206	0.06226	0.21344	0.46726	0.08502	0.02693	0.00203	0.00293	0.06877	0.00406	0.00375
13	0.00548	0.00410	0.00509	0.00588	0.00646	0.00372	0.00402	0.00636	0.00909	0.01174	0.03020	0.63949	0.22490	0.01352	0.00568	0.00176	0.00255	0.01205	0.00421	0.00372
14	0.01144	0.01265	0.16923	0.09648	0.17209	0.02723	0.22531	0.01489	0.02740	0.12653	0.01163	0.04677	0.02719	0.00495	0.00477	0.00146	0.00593	0.00483	0.00282	0.00640
15	0.00998	0.03192	0.34590	0.01659	0.08319	0.01104	0.36554	0.01413	0.01001	0.01421	0.00866	0.01108	0.00652	0.00494	0.02719	0.00163	0.02467	0.00434	0.00212	0.00635
16	0.00711	0.00468	0.00587	0.00581	0.00644	0.00461	0.00399	0.00805	0.00876	0.05081	0.17954	0.09351	0.05399	0.38662	0.12127	0.00360	0.00470	0.04346	0.00354	0.00366
17	0.04026	0.01126	0.04240	0.19754	0.22471	0.03172	0.30961	0.02965	0.01035	0.03038	0.00873	0.01158	0.00673	0.00422	0.00494	0.00146	0.02154	0.00444	0.00233	0.00614
18	0.00956	0.02766	0.01460	0.06253	0.40381	0.00879	0.07471	0.01179	0.01008	0.03510	0.03209	0.13357	0.11095	0.00679	0.00507	0.00148	0.02074	0.02184	0.00293	0.00588
19	0.01094	0.03147	0.10969	0.13824	0.45137	0.04695	0.06342	0.03213	0.03015	0.01436	0.00859	0.01110	0.00689	0.00431	0.00467	0.00139	0.02146	0.00398	0.00228	0.00660
20	0.01204	0.58158	0.10544	0.00904	0.01298	0.10314	0.03242	0.01414	0.02242	0.01148	0.00705	0.00823	0.00613	0.00472	0.02224	0.00120	0.00558	0.00277	0.00207	0.03533
21	0.04163	0.03438	0.08372	0.04839	0.11304	0.02075	0.06562	0.02840	0.01078	0.12743	0.12221	0.11459	0.13453	0.02792	0.00528	0.00154	0.00421	0.00646	0.00363	0.00550
22	0.01121	0.02583	0.15520	0.05985	0.16687	0.07892	0.12990	0.05050	0.04218	0.07709	0.01268	0.11619	0.02615	0.00598	0.00476	0.00147	0.00558	0.02054	0.00297	0.00613

[dist]
# distance from previous block
# <min> <max>
13	48

[block]
# block no. 5 follows, 57 sequences, length 18
# corresponding to MSA columns:
# 486-503
name=unknown_F
#
# <colnr> <probs for GDERKNQSTAVLIFYWHMCP>
#	G	D	E	R	K	N	Q	S	T	A	V	L	I	F	Y	W	H	M	C	P
0	0.04478	0.11430	0.05274	0.06239	0.09665	0.00906	0.02202	0.04323	0.12462	0.02706	0.03053	0.05502	0.18753	0.02395	0.00514	0.02438	0.00397	0.00564	0.06161	0.00540
1	0.04963	0.06857	0.08774	0.07319	0.06718	0.05209	0.03733	0.08944	0.05982	0.01520	0.06370	0.11528	0.11586	0.02995	0.00507	0.00149	0.00445	0.00585	0.00327	0.05491
2	0.08886	0.04993	0.13974	0.03953	0.04593	0.05505	0.01952	0.01350	0.10625	0.03728	0.03506	0.04816	0.03601	0.07405	0.03876	0.00184	0.01601	0.03888	0.00301	0.11263
3	0.04151	0.00933	0.01036	0.02391	0.03449	0.08645	0.03299	0.09711	0.04880	0.05233	0.08923	0.03320	0.04774	0.00814	0.08056	0.00174	0.02126	0.00450	0.00333	0.27302
4	0.01104	0.28162	0.09703	0.00957	0.03787	0.06241	0.02725	0.07030	0.03968	0.03335	0.05717	0.04658	0.05197	0.02586	0.00591	0.03535	0.06805	0.03060	0.00284	0.00554
5	0.05268	0.10284	0.03198	0.00801	0.04346	0.00747	0.02490	0.05152	0.02383	0.04180	0.08596	0.24111	0.08580	0.04058	0.00586	0.03218	0.00361	0.02621	0.00354	0.08666
6	0.00939	0.02827	0.05625	0.09199	0.06264	0.07137	0.00783	0.07580	0.08386	0.01450	0.08361	0.04137	0.10351	0.06629	0.08373	0.00226	0.01573	0.09308	0.00336	0.00514
7	0.03465	0.05107	0.02245	0.00786	0.02318	0.06408	0.00600	0.03280	0.13562	0.03167	0.03721	0.04588	0.06123	0.13191	0.21534	0.04460	0.00627	0.04022	0.00321	0.00473
8	0.03167	0.70551	0.02110	0.00768	0.01121	0.01627	0.00739	0.01383	0.06321	0.01178	0.04002	0.03699	0.00863	0.00460	0.00322	0.00107	0.00455	0.00319	0.00234	0.00575
9	0.01294	0.00974	0.01062	0.00816	0.01168	0.03806	0.00656	0.23830	0.06863	0.09280	0.01103	0.02772	0.00852	0.00469	0.00396	0.00105	0.00400	0.00369	0.03432	0.40353
10	0.41898	0.01208	0.00927	0.00810	0.01082	0.22079	0.00642	0.07264	0.03898	0.10728	0.00892	0.00957	0.00671	0.00533	0.02153	0.00146	0.00502	0.00313	0.02743	0.00556
11	0.09461	0.00511	0.00568	0.00553	0.00594	0.00546	0.00354	0.00758	0.00689	0.01031	0.01387	0.02591	0.03790	0.62313	0.09423	0.00418	0.03820	0.00599	0.00273	0.00321
12	0.01172	0.01080	0.04199	0.04659	0.28312	0.03420	0.01000	0.15527	0.23714	0.01786	0.01331	0.09457	0.01128	0.00594	0.00464	0.00146	0.00468	0.00517	0.00350	0.00677
13	0.03454	0.00937	0.03593	0.08356	0.26635	0.05758	0.03730	0.02148	0.03141	0.03162	0.03341	0.07129	0.01112	0.09031	0.11697	0.00253	0.05198	0.00507	0.00268	0.00549
14	0.00649	0.00437	0.00504	0.00514	0.00519	0.00437	0.00297	0.00661	0.00680	0.00909	0.01519	0.10290	0.01755	0.74100	0.04574	0.00425	0.00447	0.00711	0.00287	0.00287
15	0.01123	0.02507	0.01137	0.03092	0.09569	0.06087	0.00766	0.04489	0.41806	0.01684	0.01361	0.01400	0.01063	0.02819	0.00477	0.00137	0.00416	0.00428	0.00364	0.19276
16	0.01084	0.06048	0.01020	0.00797	0.01035	0.02420	0.00639	0.14817	0.16730	0.06155	0.08571	0.07517	0.12947	0.00813	0.02939	0.00158	0.04850	0.01723	0.00398	0.09339
17	0.01153	0.00978	0.03601	0.02782	0.14134	0.06714	0.02017	0.18443	0.01158	0.06069	0.01164	0.04296	0.01084	0.24053	0.05530	0.00258	0.05203	0.00503	0.00313	0.00547

[dist]
# distance from previous block
# <min> <max>
0	1

[block]
# block no. 6 follows, 57 sequences, length 11
# corresponding to MSA columns:
# 505-513,521,522
name=unknown_G
#
# <colnr> <probs for GDERKNQSTAVLIFYWHMCP>
#	G	D	E	R	K	N	Q	S	T	A	V	L	I	F	Y	W	H	M	C	P
0	0.00932	0.00766	0.00930	0.00969	0.08260	0.05467	0.03940	0.10252	0.08060	0.03532	0.01870	0.36377	0.04431	0.11171	0.00737	0.00195	0.00401	0.00836	0.00377	0.00497
1	0.03622	0.01307	0.18744	0.03341	0.31780	0.03147	0.08792	0.03689	0.01046	0.06491	0.02524	0.01169	0.00786	0.00514	0.02287	0.00150	0.03029	0.00402	0.02833	0.04348
2	0.00885	0.01715	0.04372	0.10520	0.11904	0.03260	0.08185	0.03166	0.00944	0.02681	0.01539	0.18265	0.06941	0.08889	0.04302	0.00210	0.08322	0.01634	0.01768	0.00497
3	0.01249	0.08332	0.06327	0.00887	0.03202	0.04461	0.00741	0.21035	0.06244	0.09557	0.01305	0.03603	0.02610	0.00846	0.08594	0.00190	0.02914	0.00440	0.16862	0.00602
4	0.01137	0.05704	0.05083	0.08461	0.09945	0.00862	0.00809	0.09891	0.06081	0.14907	0.06476	0.19282	0.01574	0.00747	0.00498	0.00150	0.02310	0.02381	0.03114	0.00588
5	0.05974	0.00788	0.00980	0.08117	0.10751	0.03767	0.00706	0.06637	0.01068	0.08198	0.08029	0.07270	0.11029	0.02837	0.00602	0.05270	0.02271	0.02539	0.00340	0.12827
6	0.00699	0.00444	0.00537	0.00559	0.00593	0.00426	0.00350	0.00741	0.00780	0.05757	0.01917	0.30856	0.04551	0.47991	0.01545	0.00324	0.00369	0.00874	0.00347	0.00340
7	0.23070	0.00728	0.04552	0.00656	0.00792	0.04127	0.00497	0.03403	0.00853	0.01379	0.01546	0.32045	0.01723	0.21620	0.00913	0.00230	0.00380	0.00746	0.00330	0.00411
8	0.06397	0.04974	0.04573	0.04078	0.08880	0.21323	0.05977	0.22883	0.01355	0.03548	0.00999	0.06450	0.00837	0.00543	0.00459	0.00135	0.02663	0.00426	0.02888	0.00613
9	0.00780	0.04105	0.00733	0.00633	0.00788	0.08016	0.01973	0.00987	0.07341	0.02687	0.10165	0.08234	0.38377	0.12300	0.00751	0.00187	0.00346	0.00782	0.00384	0.00430
10	0.08195	0.49451	0.10103	0.00978	0.04652	0.09887	0.02134	0.03187	0.00976	0.01258	0.00682	0.00807	0.00587	0.00422	0.00379	0.00114	0.03820	0.00279	0.00214	0.01877

[dist]
# distance from previous block
# <min> <max>
0	1

[block]
# block no. 7 follows, 57 sequences, length 16
# corresponding to MSA columns:
# 524-539
name=unknown_H
#
# <colnr> <probs for GDERKNQSTAVLIFYWHMCP>
#	G	D	E	R	K	N	Q	S	T	A	V	L	I	F	Y	W	H	M	C	P
0	0.00861	0.00570	0.00685	0.00630	0.00772	0.00536	0.00465	0.02533	0.05585	0.08919	0.13254	0.04412	0.10363	0.26827	0.01095	0.02430	0.00358	0.09667	0.00380	0.09658
1	0.05607	0.01026	0.01582	0.17475	0.49988	0.03677	0.01219	0.03387	0.01056	0.09317	0.00925	0.01149	0.00721	0.00435	0.00440	0.00138	0.00534	0.00397	0.00262	0.00666
2	0.01341	0.23370	0.01725	0.04077	0.18155	0.29866	0.04469	0.04570	0.03315	0.01283	0.00829	0.03479	0.00720	0.00465	0.00401	0.00122	0.00620	0.00358	0.00240	0.00594
3	0.00552	0.00394	0.00526	0.00631	0.00657	0.00368	0.00421	0.00631	0.00868	0.01157	0.02498	0.83779	0.02997	0.01420	0.00578	0.00184	0.00263	0.01288	0.00421	0.00368
4	0.01281	0.57366	0.01961	0.00839	0.01180	0.15703	0.00766	0.07180	0.01082	0.01218	0.00982	0.01050	0.06819	0.00472	0.00342	0.00108	0.00524	0.00318	0.00238	0.00570
5	0.00984	0.00868	0.01141	0.00818	0.01225	0.00694	0.08979	0.04283	0.01001	0.01528	0.00828	0.00976	0.00677	0.00349	0.00361	0.00079	0.00388	0.00302	0.00272	0.74247
6	0.01152	0.63774	0.06970	0.00884	0.01216	0.01672	0.00870	0.01312	0.00880	0.01093	0.00634	0.00790	0.00584	0.00466	0.00524	0.00119	0.16018	0.00277	0.00195	0.00571
7	0.01250	0.01364	0.03142	0.10766	0.06413	0.26800	0.09332	0.06339	0.15966	0.01422	0.01035	0.01238	0.00832	0.03098	0.05818	0.00186	0.03718	0.00414	0.00284	0.00581
8	0.00909	0.02344	0.81727	0.01292	0.01961	0.01052	0.01674	0.01435	0.00957	0.01435	0.00813	0.00957	0.00574	0.00431	0.00431	0.00144	0.00670	0.00335	0.00191	0.00670
9	0.00644	0.00447	0.00563	0.00575	0.00600	0.00467	0.00372	0.00698	0.00701	0.00958	0.01486	0.11575	0.01653	0.52348	0.24500	0.00492	0.00637	0.00680	0.00282	0.00321
10	0.01066	0.01131	0.07798	0.21281	0.45874	0.01080	0.08773	0.04915	0.01050	0.01461	0.00855	0.01137	0.00680	0.00422	0.00457	0.00141	0.00583	0.00411	0.00227	0.00656
11	0.04374	0.01246	0.01008	0.00967	0.02723	0.33984	0.02742	0.05962	0.01130	0.04094	0.01474	0.33577	0.01567	0.00851	0.00500	0.00149	0.02122	0.00706	0.00333	0.00491
12	0.00552	0.00394	0.00526	0.00631	0.00657	0.00368	0.00421	0.00631	0.00868	0.01157	0.02498	0.83779	0.02997	0.01420	0.00578	0.00184	0.00263	0.01288	0.00421	0.00368
13	0.00659	0.00439	0.00494	0.00494	0.00494	0.00439	0.00275	0.00659	0.00659	0.00879	0.01428	0.02965	0.01647	0.84075	0.02306	0.00439	0.00439	0.00659	0.00275	0.00275
14	0.58697	0.28594	0.01233	0.00655	0.00972	0.01274	0.00585	0.01340	0.00821	0.01712	0.00631	0.00733	0.00521	0.00410	0.00284	0.00126	0.00395	0.00244	0.00252	0.00521
15	0.01329	0.39297	0.01898	0.01346	0.19275	0.25106	0.00942	0.01526	0.03240	0.01195	0.00734	0.00869	0.00635	0.00421	0.00365	0.00113	0.00590	0.00301	0.00220	0.00600

[dist]
# distance from previous block
# <min> <max>
0	1

[block]
# block no. 8 follows, 57 sequences, length 44
# corresponding to MSA columns:
# 541-576,578-585
name=unknown_I
#
# <colnr> <probs for GDERKNQSTAVLIFYWHMCP>
#	G	D	E	R	K	N	Q	S	T	A	V	L	I	F	Y	W	H	M	C	P
0	0.00547	0.00413	0.00506	0.00581	0.00644	0.00372	0.00398	0.00637	0.00916	0.01176	0.03108	0.60604	0.25778	0.01340	0.00566	0.00175	0.00253	0.01191	0.00421	0.00372
1	0.01680	0.01241	0.01332	0.01030	0.01382	0.01374	0.00847	0.75777	0.04352	0.02791	0.01141	0.02924	0.00837	0.00565	0.00456	0.00138	0.00489	0.00430	0.00453	0.00760
2	0.01230	0.05120	0.01103	0.00863	0.02982	0.00800	0.03968	0.10424	0.06074	0.18782	0.01525	0.06289	0.04042	0.04838	0.00540	0.00145	0.00403	0.08138	0.00387	0.22348
3	0.01094	0.09662	0.59349	0.01219	0.03107	0.04155	0.01438	0.07885	0.01081	0.05675	0.00866	0.00974	0.00622	0.00444	0.00420	0.00137	0.00627	0.00338	0.00234	0.00671
4	0.01586	0.01012	0.01145	0.00925	0.01238	0.01079	0.00747	0.35492	0.21051	0.23214	0.01544	0.06453	0.01151	0.00620	0.00464	0.00144	0.00420	0.00500	0.00481	0.00733
5	0.00547	0.00426	0.00497	0.00550	0.00637	0.00376	0.00385	0.00646	0.00955	0.01206	0.05610	0.44814	0.39176	0.01280	0.00557	0.00169	0.00246	0.01122	0.00423	0.00376
6	0.01165	0.15268	0.46859	0.01218	0.04132	0.02819	0.06733	0.01549	0.01020	0.13725	0.00940	0.01030	0.00672	0.00440	0.00419	0.00135	0.00601	0.00353	0.00253	0.00665
7	0.01211	0.84348	0.02374	0.00775	0.01163	0.01793	0.00775	0.01357	0.00921	0.01066	0.00630	0.00727	0.00582	0.00388	0.00291	0.00097	0.00485	0.00242	0.00194	0.00582
8	0.01344	0.00624	0.00799	0.00663	0.00911	0.00540	0.00530	0.01510	0.01220	0.43619	0.17805	0.02690	0.24231	0.00796	0.00493	0.00144	0.00309	0.00667	0.00509	0.00596
9	0.01355	0.56896	0.03739	0.00909	0.01255	0.26928	0.00826	0.01500	0.01035	0.01087	0.00656	0.00760	0.00582	0.00413	0.00331	0.00104	0.00593	0.00260	0.00206	0.00566
10	0.01656	0.01239	0.02539	0.01078	0.02767	0.01339	0.02699	0.66810	0.07559	0.05930	0.01158	0.01151	0.00822	0.00542	0.00455	0.00138	0.00493	0.00419	0.00445	0.00761
11	0.00924	0.00743	0.00862	0.00846	0.01027	0.00815	0.00685	0.03218	0.39202	0.01673	0.08462	0.06137	0.03386	0.00910	0.00533	0.00174	0.00366	0.29024	0.00446	0.00567
12	0.01324	0.01045	0.01117	0.00946	0.01239	0.01176	0.00752	0.23959	0.53914	0.05196	0.01610	0.01501	0.01188	0.00587	0.00456	0.00146	0.00398	0.00476	0.00459	0.02511
13	0.01719	0.01239	0.01337	0.01029	0.01388	0.01365	0.00849	0.74138	0.04343	0.06257	0.01140	0.01125	0.00804	0.00547	0.00454	0.00137	0.00490	0.00413	0.00458	0.00769
14	0.03658	0.00824	0.00904	0.00835	0.01039	0.00914	0.00642	0.10188	0.42879	0.03556	0.04449	0.20698	0.01799	0.01953	0.00515	0.00164	0.00351	0.03577	0.00445	0.00610
15	0.04576	0.00933	0.01139	0.00935	0.01123	0.02315	0.00755	0.18213	0.01161	0.20610	0.01106	0.01394	0.00897	0.11822	0.01032	0.00196	0.27679	0.00437	0.00355	0.03323
16	0.00663	0.00501	0.00578	0.00551	0.00695	0.00456	0.00419	0.00892	0.05733	0.03894	0.37028	0.03721	0.39584	0.01007	0.00530	0.00149	0.00239	0.02466	0.00461	0.00433
17	0.01631	0.01220	0.01309	0.01013	0.01369	0.01341	0.00832	0.68923	0.09109	0.02702	0.01142	0.01135	0.00821	0.00540	0.00448	0.00134	0.00478	0.00410	0.00445	0.04999
18	0.00940	0.00805	0.00940	0.00671	0.01074	0.00604	0.00537	0.01141	0.00940	0.01477	0.00805	0.00940	0.00671	0.00336	0.00336	0.00067	0.00336	0.00268	0.00268	0.86845
19	0.00991	0.04254	0.43199	0.01559	0.02124	0.01117	0.37316	0.01440	0.01007	0.01432	0.00855	0.01071	0.00626	0.00407	0.00474	0.00146	0.00707	0.00424	0.00209	0.00640
20	0.00835	0.03305	0.01189	0.00931	0.01148	0.00662	0.20101	0.01068	0.01151	0.06181	0.36795	0.07242	0.10527	0.00854	0.01645	0.00158	0.00398	0.04915	0.00406	0.00489
21	0.00579	0.00414	0.00557	0.00662	0.00700	0.00391	0.00468	0.00678	0.00894	0.01187	0.02483	0.71837	0.02938	0.01394	0.00586	0.00188	0.00286	0.12964	0.00420	0.00376
22	0.03005	0.01104	0.04878	0.07490	0.44091	0.01043	0.20028	0.01477	0.01052	0.09975	0.00958	0.01182	0.00736	0.00420	0.00466	0.00141	0.00581	0.00435	0.00260	0.00677
23	0.01071	0.01218	0.02648	0.01937	0.04847	0.01144	0.77145	0.01450	0.01068	0.01452	0.00915	0.01219	0.00688	0.00383	0.00532	0.00152	0.00757	0.00531	0.00229	0.00615
24	0.00573	0.00452	0.00480	0.00483	0.00589	0.00402	0.00336	0.00660	0.00928	0.01141	0.05258	0.06988	0.54062	0.22779	0.02710	0.00241	0.00306	0.00879	0.00381	0.00355
25	0.01063	0.06380	0.12870	0.07704	0.34598	0.01135	0.26841	0.01398	0.01018	0.01417	0.00851	0.01114	0.00672	0.00403	0.00465	0.00141	0.00631	0.00427	0.00218	0.00653
26	0.00997	0.00945	0.01599	0.41143	0.36546	0.01041	0.04407	0.03581	0.01005	0.01360	0.00918	0.01234	0.02357	0.00446	0.00456	0.00144	0.00571	0.00420	0.00224	0.00605
27	0.00605	0.00434	0.00585	0.00688	0.00740	0.00414	0.00511	0.00723	0.00924	0.01218	0.02519	0.58382	0.04760	0.01363	0.00592	0.00191	0.00308	0.24241	0.00420	0.00383
28	0.04978	0.00973	0.01451	0.06692	0.38227	0.00971	0.01050	0.10203	0.01221	0.27944	0.01174	0.01246	0.00840	0.00474	0.00445	0.00138	0.00480	0.00415	0.00361	0.00719
29	0.00968	0.00920	0.01541	0.49393	0.27687	0.01062	0.02928	0.02658	0.00959	0.01293	0.00815	0.01166	0.00644	0.00458	0.00517	0.00148	0.05646	0.00406	0.00214	0.00578
30	0.00650	0.00504	0.00707	0.07165	0.04135	0.00509	0.00603	0.00789	0.00932	0.01230	0.03779	0.46912	0.08419	0.01221	0.00594	0.00182	0.02471	0.18399	0.00391	0.00409
31	0.00761	0.00601	0.00702	0.00653	0.00805	0.00612	0.00496	0.01252	0.22688	0.01770	0.50711	0.03039	0.12395	0.00868	0.00515	0.00147	0.00255	0.00752	0.00480	0.00501
32	0.03119	0.00843	0.01404	0.70316	0.13336	0.01016	0.01256	0.01193	0.00919	0.01223	0.00807	0.01185	0.00616	0.00446	0.00448	0.00149	0.00589	0.00399	0.00206	0.00531
33	0.39251	0.01596	0.01013	0.00917	0.01171	0.46604	0.00707	0.01600	0.01059	0.01515	0.00670	0.00782	0.00543	0.00447	0.00352	0.00127	0.00612	0.00271	0.00254	0.00510
34	0.00787	0.00394	0.00590	0.00590	0.00590	0.00394	0.00394	0.00590	0.00590	0.00787	0.00787	0.01377	0.00787	0.01574	0.01771	0.86816	0.00394	0.00394	0.00197	0.00197
35	0.63906	0.03985	0.00833	0.00667	0.00958	0.01058	0.00554	0.12797	0.01005	0.05270	0.00786	0.00867	0.00594	0.00448	0.00315	0.00136	0.00372	0.00286	0.04621	0.00543
36	0.87276	0.00876	0.00666	0.00596	0.00876	0.01017	0.00491	0.01332	0.00771	0.02033	0.00631	0.00736	0.00491	0.00421	0.00280	0.00140	0.00351	0.00245	0.00280	0.00491
37	0.01072	0.01006	0.01681	0.27640	0.50592	0.01075	0.03046	0.05817	0.01057	0.01458	0.00853	0.01149	0.00685	0.00427	0.00452	0.00140	0.00561	0.00407	0.00230	0.00652
38	0.01222	0.82553	0.02351	0.00784	0.01168	0.03550	0.00778	0.01367	0.00929	0.01067	0.00632	0.00729	0.00582	0.00389	0.00293	0.00097	0.00492	0.00243	0.00195	0.00580
39	0.00924	0.00893	0.01386	0.42309	0.06546	0.01164	0.01139	0.01135	0.00820	0.01145	0.00726	0.01122	0.00616	0.00650	0.02416	0.00181	0.35713	0.00402	0.00202	0.00510
40	0.00910	0.00861	0.01458	0.66539	0.19142	0.01021	0.01286	0.01206	0.00932	0.01224	0.00815	0.01190	0.00627	0.00443	0.00452	0.00148	0.00591	0.00403	0.00206	0.00547
41	0.11385	0.01254	0.01167	0.00969	0.01268	0.12857	0.00777	0.41035	0.16327	0.02247	0.01192	0.03821	0.00934	0.00574	0.00436	0.00140	0.00492	0.02048	0.00402	0.00673
42	0.00691	0.00479	0.00586	0.00550	0.00682	0.00428	0.00414	0.00869	0.01197	0.06203	0.52399	0.03556	0.26514	0.02740	0.00568	0.00152	0.00233	0.00835	0.00475	0.00431
43	0.00940	0.00805	0.00940	0.00671	0.01074	0.00604	0.00537	0.01141	0.00940	0.01477	0.00805	0.00940	0.00671	0.00336	0.00336	0.00067	0.00336	0.00268	0.00268	0.86845

[dist]
# distance from previous block
# <min> <max>
0	4

[block]
# block no. 9 follows, 57 sequences, length 38
# corresponding to MSA columns:
# 590-611,613-624,626-629
name=unknown_J
#
# <colnr> <probs for GDERKNQSTAVLIFYWHMCP>
#	G	D	E	R	K	N	Q	S	T	A	V	L	I	F	Y	W	H	M	C	P
0	0.63607	0.00959	0.00817	0.00707	0.00994	0.02985	0.00581	0.14790	0.02708	0.03650	0.00831	0.01013	0.00658	0.00484	0.00334	0.00142	0.00391	0.03479	0.00324	0.00547
1	0.01283	0.01009	0.01099	0.00940	0.01208	0.01148	0.00746	0.19686	0.52204	0.06213	0.04844	0.01588	0.01317	0.00616	0.00504	0.00150	0.03783	0.00494	0.00455	0.00711
2	0.01124	0.00852	0.00964	0.00849	0.02709	0.00899	0.00651	0.13671	0.33133	0.07325	0.18086	0.03256	0.05954	0.00677	0.00470	0.00141	0.00346	0.00568	0.00451	0.07875
3	0.00892	0.00858	0.01398	0.62557	0.02667	0.01096	0.03116	0.01150	0.00862	0.01150	0.00761	0.01160	0.00604	0.00528	0.00688	0.00162	0.19242	0.00405	0.00201	0.00504
4	0.01023	0.00980	0.01654	0.30524	0.48159	0.01067	0.02606	0.01316	0.02339	0.01359	0.00844	0.01158	0.00684	0.00440	0.00494	0.00144	0.03952	0.00407	0.00219	0.00632
5	0.00552	0.00394	0.00526	0.00631	0.00657	0.00368	0.00421	0.00631	0.00868	0.01157	0.02498	0.83779	0.02997	0.01420	0.00578	0.00184	0.00263	0.01288	0.00421	0.00368
6	0.00993	0.00782	0.01357	0.05018	0.11130	0.00748	0.20564	0.01243	0.03307	0.12369	0.09133	0.24988	0.04774	0.00793	0.00520	0.00157	0.00452	0.00757	0.00366	0.00549
7	0.00622	0.00427	0.00519	0.00564	0.00579	0.00417	0.00354	0.00663	0.00758	0.01009	0.01882	0.33580	0.02207	0.48532	0.01566	0.00331	0.00372	0.04965	0.00337	0.00317
8	0.01244	0.01031	0.01090	0.00946	0.01223	0.01182	0.00746	0.17587	0.65061	0.02084	0.01696	0.01572	0.01263	0.00601	0.00460	0.00150	0.00386	0.00492	0.00460	0.00728
9	0.01090	0.01041	0.01755	0.12373	0.69216	0.01070	0.01353	0.01396	0.03624	0.01455	0.00879	0.01151	0.00726	0.00417	0.00450	0.00137	0.00540	0.00407	0.00229	0.00692
10	0.00549	0.00460	0.00477	0.00473	0.00620	0.00388	0.00355	0.00676	0.01064	0.01298	0.14146	0.04239	0.71463	0.01120	0.00535	0.00152	0.00228	0.00939	0.00431	0.00388
11	0.00928	0.00886	0.01525	0.60665	0.21758	0.01029	0.04342	0.01225	0.00942	0.01246	0.00821	0.01188	0.00634	0.00438	0.00455	0.00147	0.00595	0.00408	0.00208	0.00559
12	0.01186	0.62443	0.15289	0.00907	0.01333	0.06962	0.02540	0.01398	0.00954	0.01144	0.00673	0.00784	0.00584	0.00399	0.00327	0.00107	0.00540	0.00267	0.00198	0.01963
13	0.01211	0.84348	0.02374	0.00775	0.01163	0.01793	0.00775	0.01357	0.00921	0.01066	0.00630	0.00727	0.00582	0.00388	0.00291	0.00097	0.00485	0.00242	0.00194	0.00582
14	0.00774	0.00402	0.00603	0.00603	0.00610	0.00409	0.00409	0.00610	0.00603	0.00811	0.00826	0.01414	0.00818	0.01739	0.09047	0.79036	0.00468	0.00402	0.00201	0.00216
15	0.00550	0.00422	0.00501	0.00560	0.00636	0.00376	0.00388	0.00643	0.00934	0.01188	0.04649	0.49875	0.33105	0.03213	0.00601	0.00177	0.00253	0.01137	0.00419	0.00373
16	0.00940	0.00805	0.00940	0.00671	0.01074	0.00604	0.00537	0.01141	0.00940	0.01477	0.00805	0.00940	0.00671	0.00336	0.00336	0.00067	0.00336	0.00268	0.00268	0.86845
17	0.01101	0.00938	0.00993	0.00890	0.01138	0.01072	0.00693	0.05172	0.70207	0.01902	0.06184	0.01860	0.04535	0.00649	0.00468	0.00152	0.00351	0.00542	0.00461	0.00691
18	0.01164	0.00962	0.01429	0.01082	0.01433	0.02727	0.21437	0.04145	0.14537	0.11686	0.07285	0.01408	0.01129	0.00487	0.00465	0.00125	0.01915	0.00453	0.00349	0.25782
19	0.00903	0.00846	0.01479	0.45349	0.07808	0.00951	0.14421	0.01198	0.02752	0.03089	0.01167	0.11040	0.03088	0.00588	0.00518	0.00156	0.03317	0.00548	0.00253	0.00528
20	0.44695	0.00966	0.01230	0.04346	0.37990	0.01044	0.00931	0.01353	0.00896	0.01749	0.00739	0.00929	0.00599	0.00414	0.00364	0.00138	0.00446	0.00324	0.00252	0.00596
21	0.01032	0.06702	0.41671	0.01078	0.01599	0.03172	0.03756	0.08870	0.01073	0.01546	0.00863	0.02732	0.00675	0.00435	0.00406	0.00121	0.00553	0.00345	0.00244	0.23129
22	0.00602	0.00428	0.00550	0.00611	0.00657	0.00408	0.00423	0.00698	0.00902	0.01206	0.12020	0.45857	0.06481	0.17049	0.02126	0.00236	0.00318	0.08667	0.00400	0.00364
23	0.05797	0.02854	0.01095	0.00935	0.03046	0.11291	0.02007	0.25173	0.12108	0.07419	0.05662	0.08362	0.05788	0.01858	0.00485	0.00147	0.00451	0.02741	0.02169	0.00613
24	0.00733	0.00514	0.00702	0.00786	0.00894	0.00504	0.00673	0.00925	0.01038	0.03059	0.04159	0.08539	0.08267	0.02610	0.00640	0.00204	0.00392	0.64523	0.00420	0.00418
25	0.01094	0.08667	0.28781	0.05454	0.22337	0.01115	0.04315	0.03181	0.12615	0.05267	0.01023	0.01150	0.00775	0.00456	0.00433	0.00138	0.00551	0.00390	0.01584	0.00674
26	0.01078	0.01612	0.39694	0.01264	0.05452	0.00999	0.09653	0.13888	0.01168	0.05852	0.01158	0.11625	0.00992	0.00585	0.00468	0.00148	0.00571	0.01635	0.00292	0.01866
27	0.00571	0.00410	0.00530	0.00614	0.00662	0.00381	0.00423	0.00670	0.00918	0.01226	0.07486	0.66186	0.10245	0.01334	0.00567	0.00177	0.00261	0.04236	0.02728	0.00376
28	0.05622	0.07353	0.03514	0.05452	0.11640	0.09153	0.00907	0.26167	0.19064	0.03603	0.01120	0.01166	0.00846	0.00506	0.00427	0.00135	0.00500	0.00396	0.00356	0.02074
29	0.01193	0.06925	0.06485	0.05491	0.08162	0.04989	0.08407	0.11862	0.09485	0.09376	0.01326	0.09012	0.02754	0.02519	0.00527	0.00148	0.02708	0.02286	0.00338	0.06005
30	0.01192	0.27066	0.23985	0.04249	0.05721	0.05737	0.06923	0.11087	0.02968	0.02875	0.00830	0.00960	0.00648	0.00442	0.00420	0.00128	0.02289	0.00341	0.00246	0.01893
31	0.01087	0.26738	0.48571	0.01131	0.01680	0.03059	0.04363	0.01464	0.00977	0.05842	0.00815	0.00928	0.00612	0.00424	0.00394	0.00129	0.00605	0.00321	0.00215	0.00644
32	0.00582	0.00433	0.00540	0.00582	0.00662	0.00399	0.00416	0.00709	0.00999	0.01329	0.20409	0.39732	0.21819	0.01317	0.04383	0.00192	0.00291	0.02826	0.01994	0.00389
33	0.00736	0.00639	0.04433	0.08396	0.04853	0.00577	0.02870	0.00965	0.03929	0.03239	0.21725	0.23592	0.10349	0.03902	0.00585	0.00168	0.00343	0.04847	0.03395	0.00457
34	0.01267	0.28151	0.17053	0.01279	0.11659	0.14958	0.05065	0.05019	0.01076	0.05204	0.00798	0.00929	0.00640	0.00439	0.00426	0.00124	0.03346	0.00327	0.00237	0.02004
35	0.00758	0.01906	0.00659	0.00642	0.00695	0.02348	0.00452	0.00800	0.05918	0.01014	0.01430	0.17350	0.04576	0.05518	0.12349	0.40560	0.00482	0.00615	0.01607	0.00320
36	0.00893	0.00966	0.07203	0.04022	0.08742	0.04036	0.25487	0.02332	0.00962	0.01290	0.01364	0.20337	0.01382	0.07769	0.05237	0.03059	0.00588	0.03543	0.00283	0.00505
37	0.00990	0.11387	0.05082	0.07725	0.03724	0.00830	0.00718	0.04747	0.08807	0.10093	0.06119	0.26192	0.01772	0.00924	0.03351	0.00172	0.00417	0.03483	0.02928	0.00537

[dist]
# distance from previous block
# <min> <max>
3	7

[block]
# block no. 10 follows, 57 sequences, length 11
# corresponding to MSA columns:
# 637-647
name=unknown_K
#
# <colnr> <probs for GDERKNQSTAVLIFYWHMCP>
#	G	D	E	R	K	N	Q	S	T	A	V	L	I	F	Y	W	H	M	C	P
0	0.01084	0.09928	0.12489	0.01052	0.01382	0.06914	0.13081	0.08163	0.14718	0.04096	0.03458	0.09604	0.08971	0.00662	0.00470	0.00145	0.00500	0.02351	0.00338	0.00592
1	0.01198	0.44785	0.10114	0.00831	0.01173	0.04355	0.00809	0.01380	0.00991	0.11347	0.05258	0.01322	0.06247	0.03091	0.00491	0.00130	0.05246	0.00380	0.00275	0.00577
2	0.01018	0.09745	0.13264	0.00785	0.00992	0.00782	0.00701	0.07394	0.05393	0.05806	0.00917	0.01248	0.00785	0.01077	0.01152	0.47439	0.00451	0.00380	0.00252	0.00419
3	0.00943	0.05844	0.07891	0.07817	0.22552	0.00841	0.00913	0.01226	0.05571	0.06141	0.04990	0.04938	0.12348	0.05513	0.05568	0.00198	0.00494	0.05339	0.00313	0.00559
4	0.01245	0.39105	0.19801	0.01037	0.05970	0.01365	0.00999	0.08199	0.04114	0.09775	0.00912	0.00992	0.00711	0.00546	0.03307	0.00142	0.00541	0.00328	0.00268	0.00644
5	0.00890	0.09938	0.26953	0.00927	0.04196	0.00836	0.00920	0.01226	0.04369	0.05494	0.26325	0.02171	0.07773	0.03765	0.00533	0.00151	0.00429	0.02208	0.00343	0.00552
6	0.00553	0.00431	0.00502	0.00544	0.00638	0.00381	0.00385	0.00661	0.00985	0.01251	0.10947	0.38848	0.39770	0.01245	0.00554	0.00166	0.00243	0.01088	0.00428	0.00381
7	0.01063	0.06012	0.35683	0.07780	0.11581	0.06201	0.10201	0.06000	0.03526	0.01464	0.00931	0.01142	0.01868	0.00469	0.00477	0.00143	0.03182	0.01409	0.00233	0.00637
8	0.03357	0.05417	0.20488	0.03234	0.06314	0.04457	0.06226	0.05349	0.05837	0.04587	0.08303	0.11150	0.03869	0.05205	0.02002	0.00173	0.00506	0.02648	0.00317	0.00563
9	0.01202	0.23106	0.05137	0.03600	0.34655	0.06727	0.01084	0.05781	0.11705	0.01467	0.00926	0.01067	0.00756	0.00442	0.00406	0.00127	0.00524	0.00366	0.00259	0.00665
10	0.00679	0.00477	0.00580	0.00570	0.00691	0.00434	0.00424	0.00866	0.03000	0.05174	0.37603	0.17113	0.24995	0.01044	0.00533	0.00153	0.00242	0.02433	0.02562	0.00427

[dist]
# distance from previous block
# <min> <max>
0	1

[block]
# block no. 11 follows, 57 sequences, length 16
# corresponding to MSA columns:
# 649,652,654-667
name=unknown_L
#
# <colnr> <probs for GDERKNQSTAVLIFYWHMCP>
#	G	D	E	R	K	N	Q	S	T	A	V	L	I	F	Y	W	H	M	C	P
0	0.03931	0.01093	0.03389	0.07609	0.47265	0.05982	0.01159	0.05406	0.05233	0.05896	0.00991	0.01270	0.00814	0.02849	0.02538	0.00162	0.01889	0.01595	0.00271	0.00660
1	0.00962	0.05099	0.38738	0.03483	0.14251	0.03009	0.03242	0.04697	0.00983	0.01378	0.01036	0.08754	0.02125	0.00652	0.00586	0.09165	0.00564	0.00455	0.00236	0.00587
2	0.00914	0.02748	0.06359	0.04374	0.10893	0.00689	0.00722	0.03976	0.05015	0.05996	0.03751	0.12309	0.05176	0.01250	0.09106	0.23926	0.00495	0.01539	0.00301	0.00459
3	0.01256	0.04665	0.05876	0.09622	0.31053	0.13278	0.06860	0.12710	0.01200	0.03081	0.00903	0.03111	0.00739	0.00478	0.00479	0.00137	0.03232	0.00410	0.00264	0.00645
4	0.01049	0.00777	0.01180	0.05288	0.23466	0.01871	0.04672	0.04473	0.01034	0.13124	0.02789	0.18131	0.04844	0.04778	0.10209	0.00231	0.00534	0.00645	0.00339	0.00564
5	0.54093	0.05029	0.02319	0.00800	0.03964	0.04663	0.00630	0.02542	0.02070	0.01718	0.00737	0.00975	0.00631	0.05389	0.03819	0.00184	0.09361	0.00311	0.00265	0.00501
6	0.00590	0.00457	0.00524	0.00519	0.00634	0.00407	0.00380	0.00730	0.01078	0.01400	0.31067	0.07498	0.40967	0.08997	0.00708	0.00179	0.00250	0.02793	0.00434	0.00388
7	0.01202	0.02945	0.04759	0.20809	0.23901	0.07498	0.02717	0.16324	0.09725	0.01675	0.00994	0.01176	0.00766	0.00473	0.00442	0.00138	0.00548	0.00404	0.02856	0.00646
8	0.00667	0.00496	0.00713	0.00685	0.00749	0.00540	0.03409	0.00777	0.00715	0.01002	0.01283	0.02204	0.01309	0.33547	0.49229	0.00598	0.00906	0.00552	0.00254	0.00364
9	0.00653	0.00464	0.00621	0.00621	0.00665	0.00508	0.00433	0.00740	0.00697	0.00973	0.01312	0.02322	0.01368	0.40292	0.45708	0.00596	0.00860	0.00565	0.00257	0.00345
10	0.01130	0.01157	0.04039	0.14197	0.53497	0.07597	0.04759	0.03502	0.01061	0.01443	0.00856	0.01122	0.00697	0.00423	0.00446	0.00136	0.00575	0.00399	0.02305	0.00659
11	0.00657	0.00446	0.00510	0.00514	0.00531	0.00441	0.00309	0.00683	0.00726	0.00965	0.05562	0.03156	0.05207	0.72138	0.02056	0.00400	0.00418	0.04688	0.00299	0.00294
12	0.01160	0.10706	0.35816	0.03439	0.07431	0.12306	0.01215	0.08179	0.06405	0.03401	0.05041	0.01131	0.00862	0.00480	0.00424	0.00134	0.00593	0.00372	0.00265	0.00641
13	0.01119	0.00989	0.06890	0.07715	0.20916	0.00830	0.04258	0.03846	0.01032	0.10737	0.00975	0.01192	0.00774	0.04499	0.00501	0.00128	0.00464	0.00373	0.00285	0.32477
14	0.15571	0.00809	0.00753	0.00711	0.00877	0.10192	0.00535	0.09833	0.01141	0.03797	0.15420	0.26624	0.10211	0.00905	0.00479	0.00152	0.00361	0.00760	0.00396	0.00475
