[name]
unknown

[dist]
# distance from previous block
# <min> <max>
0	47

[block]
# block no. 0 follows, 51 sequences, length 19
# corresponding to MSA columns:
# 58-76
name=unknown_A
#
# <colnr> <probs for GDERKNQSTAVLIFYWHMCP>
#	G	D	E	R	K	N	Q	S	T	A	V	L	I	F	Y	W	H	M	C	P
0	0.04298	0.13475	0.26441	0.01316	0.07791	0.03745	0.09139	0.01488	0.03249	0.06444	0.01300	0.11553	0.01187	0.00663	0.00488	0.00158	0.00586	0.05731	0.00301	0.00646
1	0.00948	0.13537	0.06319	0.00902	0.05230	0.06857	0.03353	0.01061	0.00880	0.01120	0.01285	0.04900	0.01374	0.44375	0.05620	0.00350	0.00586	0.00585	0.00274	0.00447
2	0.01484	0.10644	0.05781	0.08173	0.01477	0.02876	0.02857	0.04037	0.07712	0.29650	0.03975	0.03784	0.04654	0.00661	0.00514	0.00153	0.02522	0.04364	0.00430	0.04254
3	0.01372	0.36360	0.21664	0.01124	0.01594	0.12493	0.05017	0.05743	0.03419	0.05708	0.00892	0.00991	0.00703	0.00470	0.00409	0.00130	0.00632	0.00342	0.00263	0.00674
4	0.01846	0.10707	0.01439	0.01008	0.01369	0.10696	0.00834	0.28424	0.06356	0.28305	0.03212	0.01363	0.01045	0.00581	0.00469	0.00143	0.00523	0.00441	0.00471	0.00768
5	0.01092	0.01205	0.02549	0.01854	0.02276	0.01149	0.64968	0.01458	0.01134	0.01549	0.05348	0.05329	0.01101	0.02820	0.00674	0.00177	0.03781	0.00634	0.00274	0.00625
6	0.01172	0.01134	0.01966	0.14177	0.64854	0.01161	0.05374	0.01475	0.01102	0.01554	0.00921	0.01235	0.00759	0.00444	0.00492	0.00150	0.00606	0.00445	0.00240	0.00739
7	0.06443	0.03477	0.01244	0.01018	0.01331	0.01212	0.05155	0.09525	0.53551	0.02065	0.01771	0.01688	0.03529	0.00625	0.00481	0.00157	0.00427	0.00520	0.00452	0.05330
8	0.01119	0.00957	0.01266	0.01091	0.01178	0.01226	0.00892	0.08294	0.03194	0.05433	0.03099	0.03421	0.06431	0.02875	0.06574	0.00241	0.49243	0.00527	0.02379	0.00560
9	0.00783	0.00628	0.00857	0.00873	0.03238	0.03258	0.00648	0.02289	0.00841	0.01181	0.01284	0.01919	0.01209	0.07883	0.68333	0.00708	0.02823	0.00524	0.00267	0.00454
10	0.00979	0.00833	0.04316	0.00829	0.02189	0.00820	0.00642	0.09155	0.22323	0.01765	0.18665	0.02599	0.09330	0.14169	0.04711	0.04585	0.00435	0.00668	0.00429	0.00558
11	0.00670	0.00501	0.00594	0.00609	0.00727	0.00458	0.00442	0.00834	0.02862	0.03278	0.17811	0.25267	0.34945	0.03257	0.05254	0.00216	0.00329	0.01047	0.00462	0.00437
12	0.01166	0.09740	0.01412	0.07241	0.18250	0.05130	0.01822	0.06097	0.14349	0.03850	0.02725	0.01732	0.04864	0.07283	0.08411	0.00235	0.01408	0.00504	0.03149	0.00633
13	0.01024	0.03778	0.01197	0.10349	0.09523	0.00814	0.00776	0.02780	0.03004	0.01559	0.01142	0.05644	0.03483	0.00494	0.00417	0.00106	0.00422	0.00417	0.00299	0.52774
14	0.01300	0.04922	0.06677	0.18061	0.22462	0.05040	0.01189	0.17506	0.09433	0.01849	0.01055	0.01234	0.00814	0.00504	0.00471	0.00145	0.00576	0.00423	0.00316	0.06022
15	0.01057	0.00926	0.03108	0.01247	0.15994	0.05161	0.03017	0.07842	0.06763	0.04393	0.12842	0.11959	0.07924	0.11059	0.02665	0.00212	0.00475	0.00705	0.00388	0.02261
16	0.01288	0.10512	0.05307	0.14970	0.23265	0.10410	0.02913	0.07470	0.05974	0.03789	0.01027	0.03561	0.00845	0.00526	0.00498	0.00145	0.02956	0.00435	0.00288	0.03819
17	0.02622	0.01115	0.05837	0.24484	0.18985	0.05592	0.08749	0.04997	0.01148	0.04304	0.05866	0.07410	0.01167	0.00681	0.02889	0.00175	0.00615	0.00538	0.00297	0.02529
18	0.01172	0.06616	0.02956	0.29590	0.09902	0.03388	0.04748	0.08121	0.04840	0.07312	0.01306	0.07801	0.03331	0.00696	0.02819	0.00172	0.00582	0.00528	0.00318	0.03801

[dist]
# distance from previous block
# <min> <max>
3	54

[block]
# block no. 1 follows, 51 sequences, length 9
# corresponding to MSA columns:
# 134-142
name=unknown_B
#
# <colnr> <probs for GDERKNQSTAVLIFYWHMCP>
#	G	D	E	R	K	N	Q	S	T	A	V	L	I	F	Y	W	H	M	C	P
0	0.07259	0.03019	0.06900	0.05001	0.11082	0.08490	0.00932	0.15122	0.06206	0.10153	0.03946	0.06372	0.04011	0.02439	0.00553	0.00158	0.02889	0.00516	0.02034	0.02916
1	0.01053	0.07334	0.01040	0.00896	0.05814	0.03414	0.00656	0.11546	0.14926	0.01825	0.12513	0.06242	0.20148	0.00829	0.00500	0.00151	0.00372	0.00688	0.09464	0.00589
2	0.01036	0.00865	0.01012	0.00747	0.01145	0.00693	0.00597	0.05917	0.01116	0.01702	0.06520	0.01253	0.01033	0.00551	0.03467	0.00111	0.00402	0.00352	0.00320	0.71160
3	0.00715	0.00476	0.00536	0.00536	0.00536	0.00476	0.00298	0.00715	0.00715	0.00953	0.01548	0.03216	0.01787	0.82729	0.02501	0.00476	0.00476	0.00715	0.00298	0.00298
4	0.03981	0.00617	0.02229	0.00651	0.00806	0.02348	0.02234	0.00979	0.01193	0.04132	0.33128	0.11894	0.21941	0.02961	0.00590	0.00166	0.00297	0.00869	0.08519	0.00467
5	0.01257	0.01187	0.03596	0.13897	0.33038	0.02853	0.06722	0.14438	0.01281	0.01778	0.00944	0.01190	0.00749	0.00479	0.00520	0.00143	0.03639	0.00425	0.00287	0.11576
6	0.00649	0.00496	0.00669	0.00749	0.00774	0.00517	0.00522	0.00737	0.00921	0.01247	0.02490	0.73774	0.02974	0.01467	0.00732	0.00201	0.08942	0.01294	0.00431	0.00414
7	0.00700	0.00698	0.09049	0.00726	0.00855	0.00517	0.00573	0.00832	0.00921	0.01267	0.04932	0.46590	0.02501	0.20258	0.01027	0.00249	0.00380	0.01030	0.00384	0.06510
8	0.26382	0.18917	0.07015	0.00979	0.03146	0.10169	0.03108	0.07136	0.01097	0.06640	0.00902	0.01113	0.00744	0.05605	0.02182	0.00174	0.03431	0.00357	0.00297	0.00607

[dist]
# distance from previous block
# <min> <max>
0	2

[block]
# block no. 2 follows, 51 sequences, length 47
# corresponding to MSA columns:
# 145,147-192
name=unknown_C
#
# <colnr> <probs for GDERKNQSTAVLIFYWHMCP>
#	G	D	E	R	K	N	Q	S	T	A	V	L	I	F	Y	W	H	M	C	P
0	0.00986	0.02542	0.80183	0.01401	0.02127	0.01141	0.01816	0.01556	0.01038	0.01556	0.00882	0.01038	0.00623	0.00467	0.00467	0.00156	0.00726	0.00363	0.00208	0.00726
1	0.01397	0.01068	0.01205	0.00965	0.02928	0.01054	0.00758	0.29847	0.11916	0.05671	0.01271	0.05021	0.01012	0.00555	0.00450	0.00124	0.00436	0.00446	0.00414	0.33462
2	0.02911	0.13927	0.08039	0.02274	0.05451	0.02610	0.02810	0.08134	0.05793	0.08428	0.03891	0.14402	0.09520	0.00846	0.02324	0.00166	0.00478	0.02584	0.00377	0.05036
3	0.01174	0.14141	0.39817	0.03374	0.05127	0.04647	0.06857	0.08625	0.04261	0.01645	0.03505	0.01161	0.00827	0.00502	0.00484	0.00148	0.02342	0.00400	0.00263	0.00698
4	0.03767	0.01308	0.04434	0.02222	0.01301	0.23426	0.00863	0.07041	0.04093	0.11375	0.02687	0.03874	0.05266	0.00945	0.04916	0.00200	0.07363	0.13955	0.00374	0.00592
5	0.00806	0.00572	0.00725	0.00686	0.00825	0.00554	0.00525	0.01148	0.09215	0.04769	0.61103	0.06589	0.04031	0.00998	0.00576	0.00162	0.00270	0.05410	0.00531	0.00506
6	0.01243	0.01353	0.14476	0.08297	0.11960	0.10348	0.05605	0.03993	0.02214	0.10279	0.01266	0.09375	0.01120	0.02147	0.02313	0.00184	0.09315	0.03560	0.00317	0.00636
7	0.01055	0.01020	0.03097	0.10302	0.27077	0.03916	0.05740	0.04710	0.02758	0.01494	0.01501	0.13883	0.05215	0.02637	0.00691	0.00177	0.08963	0.04842	0.00310	0.00611
8	0.00928	0.00873	0.01474	0.81548	0.03385	0.01092	0.01365	0.01256	0.00983	0.01256	0.00873	0.01310	0.00655	0.00491	0.00491	0.00164	0.00655	0.00437	0.00218	0.00546
9	0.00809	0.00495	0.00722	0.00711	0.00739	0.00542	0.00509	0.00744	0.00703	0.00969	0.01094	0.01753	0.02547	0.06544	0.24735	0.50227	0.05132	0.00483	0.00237	0.00305
10	0.01217	0.05797	0.32649	0.01318	0.03819	0.09566	0.09233	0.07270	0.04237	0.05711	0.03303	0.06597	0.02014	0.00608	0.00529	0.00157	0.03248	0.01750	0.00304	0.00673
11	0.00661	0.00487	0.00628	0.00724	0.00778	0.00476	0.00504	0.00861	0.07209	0.01333	0.02645	0.70970	0.03082	0.01458	0.00620	0.00199	0.00304	0.06169	0.00459	0.00433
12	0.00704	0.00518	0.00746	0.00746	0.00818	0.00590	0.00560	0.00849	0.00777	0.01108	0.01356	0.02153	0.01325	0.17362	0.67238	0.00736	0.01171	0.00559	0.00269	0.00414
13	0.01317	0.03865	0.10784	0.02806	0.01759	0.26106	0.18148	0.01591	0.02982	0.01365	0.03275	0.01163	0.00806	0.00587	0.00774	0.00163	0.21223	0.00433	0.00250	0.00603
14	0.01245	0.06171	0.09600	0.03580	0.18287	0.03820	0.35010	0.09559	0.03023	0.01700	0.01018	0.02855	0.00806	0.00476	0.00518	0.00155	0.00698	0.00502	0.00276	0.00701
15	0.00857	0.00647	0.00752	0.05058	0.00977	0.04568	0.00567	0.03477	0.03550	0.06533	0.13950	0.39184	0.13200	0.01257	0.02895	0.00194	0.00372	0.01027	0.00452	0.00482
16	0.00948	0.00723	0.01038	0.01012	0.05152	0.00879	0.00736	0.02998	0.00782	0.01115	0.00985	0.01487	0.03348	0.01550	0.11197	0.37189	0.27761	0.00461	0.00237	0.00403
17	0.07502	0.02992	0.05353	0.01224	0.05871	0.08894	0.07522	0.26911	0.06668	0.14264	0.01273	0.03502	0.00964	0.02064	0.02635	0.00173	0.00582	0.00470	0.00409	0.00726
18	0.01242	0.04905	0.05962	0.05421	0.03961	0.06813	0.17222	0.02650	0.03869	0.08220	0.00973	0.01241	0.00785	0.00773	0.05161	0.00204	0.26587	0.00454	0.00279	0.03275
19	0.00945	0.00917	0.01766	0.01337	0.01597	0.00877	0.40458	0.01164	0.00947	0.01279	0.01256	0.02204	0.01233	0.38085	0.03530	0.00324	0.00680	0.00640	0.00271	0.00490
20	0.00993	0.07951	0.01493	0.03609	0.05145	0.01182	0.07995	0.02434	0.00920	0.01298	0.01244	0.17174	0.01309	0.01048	0.05135	0.00222	0.35592	0.04432	0.00285	0.00538
21	0.06964	0.12273	0.05330	0.01189	0.07876	0.02804	0.05889	0.12199	0.12676	0.12683	0.01313	0.04846	0.01056	0.03546	0.01960	0.00174	0.04308	0.00484	0.01742	0.00688
22	0.01299	0.01273	0.08825	0.04302	0.21322	0.01120	0.31490	0.03835	0.04727	0.12328	0.01271	0.01449	0.03369	0.00496	0.00527	0.00158	0.00651	0.00520	0.00317	0.00719
23	0.00699	0.00509	0.00612	0.00593	0.00732	0.00453	0.00447	0.00881	0.01258	0.04181	0.42583	0.08285	0.32504	0.01121	0.00583	0.00163	0.00254	0.03184	0.00504	0.00454
24	0.02919	0.36360	0.13869	0.03339	0.10514	0.06395	0.13813	0.02664	0.02026	0.01413	0.02004	0.01043	0.00737	0.00450	0.00422	0.00133	0.00629	0.00373	0.00237	0.00661
25	0.04258	0.19253	0.15455	0.02872	0.08111	0.07113	0.01048	0.11341	0.09419	0.06638	0.01195	0.04363	0.02263	0.01997	0.00509	0.00151	0.02563	0.00440	0.00326	0.00684
26	0.00635	0.00587	0.03025	0.00571	0.00749	0.00482	0.00450	0.00844	0.05287	0.01401	0.08278	0.09422	0.64150	0.01196	0.00576	0.00167	0.00273	0.01006	0.00455	0.00445
27	0.00620	0.00452	0.00584	0.00650	0.00713	0.00416	0.00450	0.00745	0.01067	0.01435	0.21465	0.55935	0.10886	0.01382	0.00611	0.00185	0.00269	0.01240	0.00477	0.00416
28	0.01441	0.16879	0.10177	0.03243	0.01570	0.18032	0.07297	0.13347	0.01315	0.07303	0.03263	0.03204	0.00918	0.00679	0.03467	0.00168	0.06306	0.00428	0.00312	0.00651
29	0.04022	0.03404	0.07452	0.09072	0.09771	0.27737	0.03473	0.17943	0.03497	0.01751	0.01012	0.02890	0.00832	0.00564	0.00499	0.00148	0.02418	0.02542	0.00312	0.00659
30	0.02914	0.00807	0.04151	0.00759	0.01021	0.00726	0.00624	0.05795	0.13999	0.19613	0.06812	0.07238	0.31700	0.00923	0.00535	0.00162	0.00351	0.00769	0.00491	0.00611
31	0.05020	0.09801	0.28305	0.01245	0.01691	0.29121	0.04543	0.05172	0.05377	0.01507	0.00903	0.01039	0.00703	0.00585	0.02813	0.00160	0.00744	0.00361	0.00260	0.00650
32	0.03477	0.12275	0.01321	0.15005	0.02827	0.08162	0.02075	0.03125	0.14446	0.02511	0.07064	0.10874	0.08161	0.00756	0.00561	0.00159	0.05657	0.00612	0.00353	0.00581
33	0.03749	0.33188	0.14613	0.01234	0.06502	0.07499	0.10681	0.03069	0.01081	0.03826	0.00977	0.05469	0.00872	0.04634	0.00529	0.00153	0.00605	0.00429	0.00259	0.00633
34	0.00781	0.00568	0.00736	0.00820	0.04758	0.00548	0.00560	0.05023	0.02803	0.03608	0.13588	0.44076	0.10919	0.02955	0.00637	0.00190	0.00324	0.06168	0.00461	0.00474
35	0.00908	0.02963	0.01095	0.05466	0.17948	0.00807	0.00774	0.05133	0.01005	0.01383	0.06741	0.16702	0.01775	0.22333	0.08134	0.00302	0.04977	0.00717	0.00328	0.00508
36	0.13290	0.07158	0.10216	0.12978	0.08258	0.06645	0.05720	0.10648	0.08262	0.09551	0.01103	0.01257	0.00828	0.00521	0.00455	0.00151	0.00572	0.01374	0.00334	0.00681
37	0.03208	0.16823	0.26999	0.03259	0.06161	0.19047	0.04046	0.11974	0.01285	0.01624	0.00861	0.01000	0.00667	0.00481	0.00440	0.00139	0.00687	0.00357	0.00262	0.00681
38	0.00597	0.00478	0.00536	0.00574	0.00693	0.00416	0.00415	0.00717	0.01075	0.01336	0.07387	0.29247	0.49963	0.01331	0.00598	0.00178	0.00265	0.03320	0.00460	0.00413
39	0.03439	0.01082	0.07720	0.07253	0.05805	0.01017	0.00892	0.26265	0.04830	0.04889	0.05366	0.14239	0.04010	0.02039	0.02119	0.00174	0.00490	0.02149	0.00408	0.05814
40	0.02840	0.14343	0.07356	0.12937	0.07883	0.15421	0.11833	0.09351	0.02577	0.05772	0.00952	0.01135	0.00736	0.00497	0.00495	0.00145	0.03187	0.00406	0.01477	0.00658
41	0.00786	0.00536	0.00641	0.00623	0.00733	0.00520	0.00443	0.00960	0.04483	0.06100	0.13429	0.09060	0.21547	0.23509	0.12114	0.00334	0.00473	0.00817	0.02454	0.00435
42	0.00614	0.00471	0.00563	0.00600	0.00699	0.00420	0.00427	0.00747	0.01109	0.01442	0.20755	0.35693	0.32074	0.01309	0.00599	0.00177	0.00260	0.01148	0.00475	0.00420
43	0.06068	0.08548	0.08950	0.01142	0.06357	0.09102	0.06884	0.09921	0.04531	0.09945	0.02254	0.05373	0.01151	0.14700	0.02799	0.00220	0.00581	0.00516	0.00342	0.00616
44	0.01415	0.14422	0.12792	0.04682	0.11203	0.21863	0.02434	0.09840	0.03282	0.04830	0.01044	0.06319	0.00890	0.00568	0.00482	0.00143	0.02395	0.00439	0.00296	0.00661
45	0.05964	0.10545	0.11542	0.06712	0.03636	0.02295	0.02045	0.07431	0.03145	0.06456	0.01123	0.08224	0.00967	0.00547	0.00430	0.00127	0.00483	0.00443	0.00319	0.27567
46	0.05385	0.08368	0.03848	0.02077	0.03376	0.05425	0.01806	0.05477	0.08380	0.01502	0.05409	0.18871	0.09506	0.07917	0.00761	0.05589	0.00432	0.00715	0.00365	0.04791

[dist]
# distance from previous block
# <min> <max>
5	21

[block]
# block no. 3 follows, 51 sequences, length 19
# corresponding to MSA columns:
# 217-235
name=unknown_D
#
# <colnr> <probs for GDERKNQSTAVLIFYWHMCP>
#	G	D	E	R	K	N	Q	S	T	A	V	L	I	F	Y	W	H	M	C	P
0	0.01341	0.01265	0.01328	0.01478	0.20599	0.17377	0.00938	0.11110	0.15999	0.04132	0.11720	0.01827	0.05565	0.02497	0.00544	0.00156	0.00532	0.00535	0.00387	0.00673
1	0.11324	0.01002	0.01008	0.00859	0.01138	0.07095	0.00682	0.11289	0.19679	0.19383	0.08193	0.01681	0.01411	0.00623	0.00455	0.00148	0.00415	0.00491	0.12442	0.00682
2	0.00638	0.00463	0.00596	0.00649	0.00707	0.00444	0.00447	0.00748	0.00980	0.01317	0.14083	0.44086	0.10377	0.12018	0.09811	0.00291	0.00413	0.01102	0.00427	0.00402
3	0.00708	0.00477	0.00568	0.00588	0.00641	0.00452	0.00380	0.00783	0.00926	0.03233	0.10928	0.24956	0.11827	0.37531	0.01440	0.00310	0.00362	0.00947	0.02568	0.00376
4	0.05145	0.00682	0.00874	0.00835	0.00967	0.03640	0.07182	0.05717	0.01071	0.03437	0.02386	0.51125	0.08399	0.05303	0.00678	0.00198	0.00386	0.01084	0.00421	0.00470
5	0.00788	0.00580	0.00723	0.00742	0.00855	0.00555	0.00535	0.09059	0.01139	0.01548	0.08295	0.56835	0.02861	0.01286	0.00589	0.00181	0.00323	0.04865	0.00452	0.07788
6	0.61693	0.01085	0.00898	0.00779	0.01090	0.04936	0.00633	0.12005	0.09369	0.02263	0.00895	0.00965	0.00681	0.00499	0.00357	0.00152	0.00427	0.00323	0.00348	0.00601
7	0.01858	0.01271	0.01394	0.01082	0.01463	0.01383	0.00890	0.60439	0.09097	0.13950	0.01362	0.01309	0.00950	0.00599	0.00493	0.00150	0.00510	0.00460	0.00509	0.00831
8	0.01563	0.44977	0.02028	0.01026	0.01383	0.30514	0.00890	0.09857	0.01282	0.01381	0.00764	0.00866	0.00653	0.00470	0.00381	0.00117	0.00658	0.00302	0.00256	0.00631
9	0.07973	0.01104	0.01077	0.00910	0.01191	0.07229	0.00718	0.27445	0.18393	0.04994	0.03768	0.02074	0.14555	0.05638	0.00613	0.00174	0.00457	0.00574	0.00448	0.00666
10	0.01759	0.03077	0.04173	0.01033	0.01402	0.03829	0.00866	0.30802	0.20827	0.24613	0.01563	0.01458	0.01089	0.00603	0.00488	0.00152	0.00486	0.00474	0.00502	0.00804
11	0.01420	0.01456	0.01153	0.01039	0.01284	0.29999	0.00787	0.06625	0.33788	0.02964	0.01603	0.03567	0.04395	0.06975	0.00639	0.00175	0.00578	0.00513	0.00393	0.00646
12	0.01489	0.03294	0.01663	0.02829	0.19157	0.25972	0.06824	0.11866	0.04404	0.03470	0.00937	0.01121	0.00754	0.00541	0.00613	0.00148	0.10737	0.00408	0.00296	0.03478
13	0.00731	0.03680	0.00704	0.00648	0.00788	0.00572	0.00481	0.05466	0.04246	0.01507	0.12482	0.31365	0.33074	0.01226	0.00578	0.00173	0.00293	0.01062	0.00461	0.00463
14	0.01051	0.07552	0.28015	0.30341	0.02312	0.02440	0.01328	0.06005	0.03061	0.01540	0.04617	0.01267	0.00868	0.00503	0.00464	0.00148	0.00617	0.00411	0.00259	0.07201
15	0.00902	0.00590	0.00699	0.00679	0.00810	0.00565	0.00487	0.06908	0.03543	0.09522	0.07468	0.30663	0.19002	0.14777	0.00899	0.00226	0.00343	0.00982	0.00455	0.00480
16	0.00817	0.03338	0.00828	0.00724	0.01992	0.00582	0.00529	0.00933	0.00952	0.01333	0.01927	0.25966	0.08851	0.08036	0.00800	0.06768	0.01531	0.04581	0.00353	0.29158
17	0.03899	0.21287	0.14987	0.01298	0.06541	0.11641	0.09999	0.13426	0.01307	0.04089	0.03495	0.01123	0.00835	0.00490	0.00442	0.00136	0.00624	0.00391	0.00294	0.03697
18	0.01232	0.21094	0.18761	0.01367	0.01817	0.06296	0.21191	0.05286	0.07710	0.01532	0.00947	0.01121	0.00745	0.00496	0.00549	0.00148	0.06925	0.00417	0.00262	0.02104

[dist]
# distance from previous block
# <min> <max>
4	49

[block]
# block no. 4 follows, 51 sequences, length 12
# corresponding to MSA columns:
# 286-297
name=unknown_E
#
# <colnr> <probs for GDERKNQSTAVLIFYWHMCP>
#	G	D	E	R	K	N	Q	S	T	A	V	L	I	F	Y	W	H	M	C	P
0	0.01182	0.02242	0.01079	0.00966	0.02257	0.21676	0.02432	0.09291	0.09074	0.01660	0.16950	0.06619	0.12294	0.01031	0.06667	0.00201	0.02774	0.00646	0.00396	0.00562
1	0.01065	0.00811	0.01184	0.13370	0.17090	0.00874	0.00902	0.01394	0.07190	0.09012	0.20179	0.02078	0.03937	0.00826	0.04106	0.00185	0.07185	0.00582	0.07432	0.00602
2	0.00693	0.00478	0.00618	0.00662	0.00744	0.00441	0.00473	0.00832	0.01103	0.04169	0.23951	0.43539	0.11195	0.03657	0.00662	0.00192	0.00286	0.05390	0.00480	0.00434
3	0.00635	0.00496	0.00576	0.00565	0.00699	0.00437	0.00420	0.00807	0.01235	0.01622	0.39433	0.08860	0.40153	0.01151	0.00583	0.00163	0.00243	0.00990	0.00496	0.00437
4	0.01231	0.25093	0.08057	0.12979	0.08148	0.06244	0.01035	0.06332	0.17488	0.01590	0.04040	0.01416	0.01054	0.00552	0.00445	0.00143	0.00547	0.02626	0.00314	0.00666
5	0.00613	0.00452	0.00578	0.00672	0.00732	0.00417	0.00472	0.00718	0.00989	0.01287	0.03087	0.62185	0.16245	0.01473	0.00624	0.00196	0.00294	0.08104	0.00456	0.00407
6	0.05465	0.06935	0.06667	0.01127	0.02519	0.27860	0.00929	0.09860	0.17170	0.05125	0.03667	0.01392	0.01049	0.00603	0.00527	0.00149	0.05189	0.02753	0.00354	0.00659
7	0.01537	0.01131	0.01288	0.01027	0.04196	0.01120	0.00804	0.38527	0.04567	0.08493	0.01149	0.01186	0.00849	0.00506	0.00445	0.00121	0.00463	0.00395	0.00419	0.31775
8	0.01253	0.01290	0.01970	0.10570	0.54873	0.10300	0.09548	0.01542	0.01141	0.01521	0.00908	0.01199	0.00746	0.00449	0.00492	0.00148	0.00652	0.00439	0.00242	0.00719
9	0.01146	0.13047	0.32820	0.01209	0.01654	0.12862	0.05787	0.01573	0.07051	0.01489	0.07509	0.05086	0.01156	0.00594	0.00530	0.00151	0.04947	0.00466	0.00279	0.00643
10	0.01299	0.04830	0.00919	0.00712	0.00937	0.00871	0.00569	0.24376	0.01423	0.07407	0.01450	0.01647	0.01126	0.04934	0.00511	0.00146	0.00363	0.00460	0.45423	0.00597
11	0.05047	0.00857	0.00956	0.02614	0.01119	0.02890	0.00595	0.04642	0.05205	0.05093	0.05960	0.01644	0.03451	0.10166	0.03131	0.00169	0.00428	0.00438	0.00343	0.45255

[dist]
# distance from previous block
# <min> <max>
0	1

[block]
# block no. 5 follows, 51 sequences, length 20
# corresponding to MSA columns:
# 299-318
name=unknown_F
#
# <colnr> <probs for GDERKNQSTAVLIFYWHMCP>
#	G	D	E	R	K	N	Q	S	T	A	V	L	I	F	Y	W	H	M	C	P
0	0.01691	0.02035	0.01385	0.01240	0.01471	0.60857	0.00949	0.05153	0.08094	0.01355	0.00872	0.01004	0.00719	0.00567	0.00592	0.00142	0.10642	0.00356	0.00280	0.00595
1	0.00694	0.00504	0.00595	0.00594	0.00724	0.00449	0.00440	0.00847	0.01169	0.04440	0.26622	0.14783	0.36647	0.04999	0.00678	0.00184	0.00275	0.04439	0.00480	0.00439
2	0.01084	0.01052	0.01843	0.37549	0.39419	0.01141	0.08007	0.01403	0.01062	0.01449	0.00908	0.01267	0.00721	0.00459	0.00497	0.00156	0.00636	0.00450	0.00233	0.00666
3	0.05308	0.00793	0.01051	0.07916	0.05279	0.00804	0.00825	0.10696	0.01313	0.20633	0.05193	0.07301	0.03542	0.00913	0.00559	0.00180	0.00453	0.26163	0.00461	0.00616
4	0.01270	0.00715	0.00896	0.00821	0.01050	0.00693	0.00665	0.01668	0.14828	0.26532	0.09809	0.07505	0.12101	0.00961	0.00564	0.00176	0.00375	0.18228	0.00519	0.00625
5	0.00626	0.00462	0.00586	0.00669	0.00728	0.00432	0.00462	0.00758	0.02818	0.01322	0.07021	0.61685	0.13016	0.03356	0.00662	0.00200	0.00291	0.04037	0.00458	0.00413
6	0.01143	0.01051	0.01649	0.44205	0.31857	0.04821	0.01367	0.01441	0.01074	0.05368	0.00941	0.01273	0.00729	0.00478	0.00487	0.00155	0.00627	0.00434	0.00249	0.00649
7	0.01140	0.01546	0.25743	0.35920	0.05733	0.07251	0.01413	0.05345	0.01112	0.05037	0.00923	0.01189	0.00683	0.00510	0.00532	0.00159	0.04466	0.00407	0.00250	0.00641
8	0.01020	0.00757	0.00835	0.00735	0.00948	0.00758	0.00573	0.21151	0.04364	0.04169	0.15778	0.07324	0.32516	0.04000	0.00627	0.00174	0.00348	0.02888	0.00480	0.00555
9	0.00810	0.00827	0.07554	0.00794	0.00980	0.06305	0.00694	0.01042	0.01237	0.01620	0.31379	0.03979	0.16836	0.01068	0.00589	0.00176	0.00389	0.22789	0.00451	0.00482
10	0.01143	0.07940	0.01387	0.10492	0.24139	0.01012	0.00919	0.10301	0.01110	0.05183	0.01186	0.01870	0.01115	0.27221	0.02757	0.00265	0.00554	0.00517	0.00302	0.00586
11	0.05145	0.04688	0.03401	0.05600	0.22033	0.01257	0.26611	0.08674	0.07882	0.04434	0.01061	0.01275	0.00818	0.00492	0.00556	0.00157	0.04426	0.00481	0.00301	0.00707
12	0.00639	0.00467	0.00569	0.00616	0.00682	0.00433	0.00422	0.00741	0.01004	0.01320	0.13801	0.36862	0.18865	0.17304	0.00980	0.00242	0.00314	0.03909	0.00437	0.00394
13	0.00893	0.00731	0.04637	0.00864	0.01025	0.00674	0.05529	0.01165	0.08192	0.08156	0.07655	0.34335	0.07562	0.06213	0.05434	0.00235	0.04829	0.00936	0.00420	0.00513
14	0.05180	0.14065	0.22579	0.01082	0.01500	0.06112	0.01998	0.18224	0.05278	0.03766	0.02106	0.01216	0.00861	0.00790	0.07113	0.00197	0.02731	0.00400	0.04125	0.00678
15	0.07685	0.10926	0.01422	0.01237	0.13755	0.01088	0.04024	0.11072	0.09590	0.14540	0.01689	0.08704	0.07749	0.00669	0.00475	0.00149	0.00456	0.00562	0.00400	0.03806
16	0.02511	0.01052	0.07191	0.01176	0.11052	0.06455	0.00876	0.02811	0.06263	0.17144	0.10071	0.06993	0.04790	0.00749	0.00587	0.00158	0.06389	0.05363	0.03577	0.04791
17	0.05230	0.21927	0.17285	0.03846	0.01528	0.07968	0.03730	0.08050	0.06888	0.01598	0.06060	0.04595	0.01080	0.00595	0.00541	0.00148	0.07552	0.00443	0.00297	0.00638
18	0.05323	0.04946	0.13689	0.08045	0.13222	0.05743	0.01055	0.10423	0.04551	0.11852	0.05887	0.05548	0.02826	0.01947	0.00511	0.00155	0.00533	0.00504	0.00359	0.02880
19	0.01124	0.07599	0.10264	0.05045	0.11822	0.06563	0.04558	0.06074	0.01191	0.06340	0.08512	0.09280	0.10808	0.00803	0.02427	0.00168	0.03320	0.00615	0.00346	0.03142

[dist]
# distance from previous block
# <min> <max>
0	109

[block]
# block no. 6 follows, 51 sequences, length 13
# corresponding to MSA columns:
# 428-440
name=unknown_G
#
# <colnr> <probs for GDERKNQSTAVLIFYWHMCP>
#	G	D	E	R	K	N	Q	S	T	A	V	L	I	F	Y	W	H	M	C	P
0	0.06826	0.15191	0.10280	0.03724	0.05082	0.03856	0.03495	0.04365	0.07939	0.05140	0.10247	0.11495	0.07658	0.00749	0.00484	0.00153	0.00469	0.01881	0.00364	0.00602
1	0.06283	0.09820	0.08862	0.01089	0.05553	0.01040	0.05960	0.09414	0.03049	0.07818	0.04661	0.05407	0.04158	0.06976	0.07579	0.00234	0.04927	0.04200	0.00347	0.02624
2	0.07933	0.13971	0.08287	0.09219	0.05587	0.08239	0.06466	0.05547	0.02665	0.03477	0.05815	0.03639	0.03409	0.02192	0.00550	0.00156	0.04133	0.03768	0.01730	0.03218
3	0.18321	0.10013	0.05564	0.09393	0.08615	0.02914	0.00887	0.11783	0.04765	0.02931	0.03875	0.10759	0.03304	0.00731	0.02225	0.00169	0.02270	0.00529	0.00339	0.00612
4	0.16206	0.13209	0.06686	0.28607	0.08298	0.01168	0.01040	0.03734	0.03804	0.01544	0.01080	0.10559	0.00975	0.00600	0.00446	0.00155	0.00530	0.00492	0.00280	0.00587
5	0.00753	0.00574	0.00759	0.10066	0.01070	0.00585	0.00586	0.00949	0.02870	0.03940	0.25844	0.23145	0.17996	0.04035	0.00694	0.00184	0.04097	0.00946	0.00443	0.00464
6	0.01391	0.01177	0.03128	0.07780	0.03101	0.09569	0.00852	0.30939	0.03268	0.05381	0.01533	0.16787	0.03796	0.00751	0.00503	0.00151	0.00510	0.00619	0.00410	0.08355
7	0.00793	0.00651	0.00838	0.00821	0.00907	0.05393	0.00631	0.00937	0.00814	0.01125	0.01243	0.01869	0.01176	0.06767	0.65540	0.04647	0.04642	0.00514	0.00260	0.00434
8	0.01314	0.83025	0.02575	0.00841	0.01261	0.01945	0.00841	0.01472	0.00999	0.01156	0.00683	0.00788	0.00631	0.00420	0.00315	0.00105	0.00526	0.00263	0.00210	0.00631
9	0.00649	0.00458	0.00585	0.00667	0.00703	0.00438	0.00453	0.00731	0.00913	0.01207	0.02483	0.51376	0.05314	0.21576	0.01095	0.00270	0.00351	0.09932	0.00417	0.00381
10	0.02874	0.26229	0.07740	0.00984	0.01355	0.01416	0.02580	0.25744	0.09525	0.03473	0.01312	0.04303	0.03979	0.04077	0.02198	0.00167	0.00529	0.00465	0.00363	0.00687
11	0.00767	0.00545	0.00651	0.00667	0.00787	0.00513	0.00489	0.04275	0.03231	0.04874	0.10595	0.32247	0.25305	0.06226	0.00712	0.00199	0.00313	0.06681	0.00464	0.00456
12	0.00790	0.00512	0.00638	0.00623	0.00740	0.00465	0.00449	0.00941	0.01168	0.08521	0.33467	0.20381	0.17465	0.10629	0.00806	0.00203	0.00291	0.00969	0.00485	0.00455

[dist]
# distance from previous block
# <min> <max>
0	2

[block]
# block no. 7 follows, 51 sequences, length 7
# corresponding to MSA columns:
# 443-449
name=unknown_H
#
# <colnr> <probs for GDERKNQSTAVLIFYWHMCP>
#	G	D	E	R	K	N	Q	S	T	A	V	L	I	F	Y	W	H	M	C	P
0	0.01161	0.25342	0.40149	0.01439	0.09078	0.01370	0.09142	0.01558	0.01059	0.04138	0.00876	0.01033	0.00672	0.00450	0.00438	0.00141	0.00655	0.00368	0.00229	0.00701
1	0.01152	0.00996	0.00931	0.04693	0.01079	0.20383	0.00659	0.04369	0.00993	0.03336	0.01226	0.05174	0.04913	0.01300	0.04471	0.39036	0.02094	0.02517	0.00278	0.00401
2	0.00920	0.00638	0.04617	0.00638	0.00762	0.00564	0.00484	0.03559	0.00974	0.07282	0.04833	0.05077	0.03785	0.34899	0.05912	0.00318	0.00452	0.02911	0.20932	0.00442
3	0.01154	0.13737	0.05357	0.10932	0.22016	0.05371	0.08774	0.07491	0.01163	0.01519	0.01298	0.06249	0.06106	0.00789	0.05779	0.00190	0.00635	0.00518	0.00283	0.00639
4	0.04123	0.13380	0.05912	0.03211	0.21996	0.06087	0.02596	0.13898	0.04015	0.04915	0.01250	0.04918	0.04489	0.00563	0.00457	0.00140	0.00536	0.00465	0.00325	0.06726
5	0.00941	0.00960	0.04694	0.04612	0.12822	0.07741	0.05010	0.01233	0.06566	0.01430	0.08069	0.13555	0.11261	0.02857	0.13482	0.00270	0.02899	0.00706	0.00344	0.00548
6	0.02814	0.00568	0.00734	0.10160	0.01013	0.00610	0.00542	0.00910	0.03390	0.01204	0.07062	0.02814	0.08038	0.36044	0.16849	0.02978	0.00616	0.02935	0.00320	0.00398

[dist]
# distance from previous block
# <min> <max>
0	18

[block]
# block no. 8 follows, 51 sequences, length 33
# corresponding to MSA columns:
# 468-499,501
name=unknown_I
#
# <colnr> <probs for GDERKNQSTAVLIFYWHMCP>
#	G	D	E	R	K	N	Q	S	T	A	V	L	I	F	Y	W	H	M	C	P
0	0.15530	0.09576	0.03763	0.03026	0.16870	0.11245	0.03550	0.03706	0.09011	0.01625	0.01243	0.10000	0.03094	0.00634	0.00500	0.00152	0.03937	0.00508	0.00311	0.01720
1	0.01258	0.03623	0.07884	0.15930	0.27405	0.02834	0.01221	0.06570	0.15435	0.07033	0.01185	0.01352	0.00909	0.00595	0.02222	0.00168	0.02884	0.00451	0.00323	0.00718
2	0.11790	0.10062	0.01617	0.05235	0.12521	0.24926	0.05379	0.15307	0.01351	0.01749	0.00860	0.01018	0.00688	0.00495	0.00465	0.00139	0.02669	0.00367	0.00294	0.03068
3	0.00762	0.03313	0.00788	0.00753	0.00855	0.00590	0.02656	0.06170	0.03184	0.01456	0.07834	0.52509	0.07367	0.05500	0.00695	0.00201	0.00339	0.04126	0.00443	0.00457
4	0.01280	0.01381	0.01529	0.40499	0.15104	0.25781	0.01241	0.01532	0.01132	0.02562	0.00858	0.01163	0.00677	0.00499	0.00505	0.00151	0.02870	0.00400	0.00239	0.00595
5	0.00619	0.00472	0.00575	0.00643	0.00733	0.00427	0.00468	0.00741	0.01044	0.01334	0.06525	0.43005	0.29810	0.01394	0.00615	0.00189	0.00290	0.10241	0.00459	0.00414
6	0.00724	0.00514	0.00632	0.00612	0.00748	0.00462	0.00464	0.00914	0.01275	0.04926	0.46611	0.08390	0.26003	0.01105	0.00584	0.00164	0.00258	0.04644	0.00510	0.00461
7	0.00655	0.00481	0.00567	0.00576	0.00657	0.00444	0.00392	0.00768	0.01052	0.01394	0.25010	0.17564	0.22720	0.24225	0.01131	0.00256	0.00315	0.00966	0.00436	0.00393
8	0.01237	0.01342	0.00993	0.00933	0.01120	0.34918	0.00703	0.06376	0.01305	0.01441	0.09749	0.11807	0.15424	0.04252	0.00607	0.00168	0.00568	0.06172	0.00373	0.00510
9	0.00650	0.00474	0.00553	0.00577	0.00641	0.00445	0.00381	0.00729	0.00938	0.01220	0.09674	0.22478	0.22746	0.32117	0.03948	0.00311	0.00377	0.00971	0.00398	0.00372
10	0.01142	0.04800	0.22292	0.03481	0.35080	0.01210	0.21788	0.01533	0.01102	0.01561	0.00922	0.01184	0.00722	0.00439	0.00500	0.00152	0.00684	0.00449	0.00234	0.00725
11	0.01300	0.61032	0.16698	0.00982	0.01443	0.08866	0.01029	0.01531	0.01041	0.01234	0.00726	0.00843	0.00629	0.00437	0.00355	0.00116	0.00595	0.00286	0.00214	0.00643
12	0.01245	0.00781	0.00925	0.00809	0.01046	0.00795	0.00635	0.05676	0.24006	0.19329	0.25935	0.04136	0.06838	0.00815	0.00529	0.00159	0.00342	0.02304	0.03043	0.00653
13	0.01334	0.56226	0.16382	0.01007	0.01457	0.13808	0.01033	0.01562	0.01066	0.01235	0.00731	0.00848	0.00630	0.00442	0.00362	0.00117	0.00617	0.00289	0.00216	0.00639
14	0.06089	0.01132	0.01254	0.01002	0.01341	0.01214	0.00813	0.47028	0.06746	0.16941	0.01511	0.10092	0.01194	0.00694	0.00498	0.00155	0.00473	0.00553	0.00500	0.00769
15	0.00709	0.00514	0.00579	0.00597	0.00649	0.01492	0.00397	0.00773	0.00879	0.01131	0.04106	0.07542	0.16093	0.50322	0.01751	0.00362	0.00423	0.10971	0.00360	0.00352
16	0.03126	0.11217	0.04699	0.01117	0.01415	0.37267	0.00916	0.19407	0.01448	0.01658	0.00921	0.01109	0.00763	0.02985	0.07847	0.00202	0.02600	0.00373	0.00304	0.00624
17	0.01183	0.01045	0.00964	0.00869	0.01058	0.15164	0.00655	0.13947	0.09528	0.03096	0.10118	0.05897	0.05913	0.18054	0.03569	0.00243	0.00527	0.05402	0.00399	0.02369
18	0.03556	0.03232	0.10069	0.01440	0.03942	0.08335	0.27057	0.13700	0.01315	0.03505	0.02361	0.01661	0.10950	0.00606	0.00592	0.00159	0.06009	0.00543	0.00320	0.00649
19	0.00784	0.02430	0.00731	0.00666	0.00811	0.00581	0.00501	0.03616	0.07754	0.03178	0.41007	0.16672	0.17252	0.01074	0.00571	0.00164	0.00277	0.00936	0.00500	0.00493
20	0.00613	0.00440	0.00579	0.00682	0.00722	0.00411	0.00465	0.00708	0.00961	0.01275	0.04408	0.71700	0.06320	0.03654	0.00676	0.00206	0.00296	0.05029	0.00454	0.00401
21	0.01593	0.25234	0.06189	0.01193	0.01575	0.28240	0.08936	0.14561	0.01391	0.05429	0.00897	0.01000	0.00706	0.00489	0.00432	0.00131	0.00687	0.00361	0.00295	0.00663
22	0.02559	0.18885	0.07277	0.01514	0.01947	0.13094	0.35029	0.06942	0.01223	0.03402	0.00908	0.01113	0.00709	0.00462	0.00512	0.00146	0.02918	0.00440	0.00264	0.00657
23	0.00713	0.00508	0.00608	0.00643	0.00689	0.00508	0.00418	0.00877	0.07841	0.01217	0.04743	0.35437	0.04701	0.34431	0.01417	0.03112	0.00374	0.00985	0.00391	0.00388
24	0.00599	0.00478	0.00537	0.00566	0.00686	0.00416	0.00408	0.00725	0.01099	0.01381	0.12935	0.27380	0.48452	0.01303	0.00594	0.00174	0.00258	0.01125	0.00466	0.00416
25	0.01125	0.06308	0.05022	0.08148	0.13939	0.09718	0.11344	0.05079	0.01184	0.02662	0.09675	0.04181	0.08300	0.00736	0.00620	0.04822	0.02587	0.03645	0.00319	0.00586
26	0.00625	0.00459	0.00591	0.00681	0.00745	0.00425	0.00487	0.00740	0.01012	0.01324	0.06405	0.57500	0.14730	0.01449	0.00625	0.00196	0.00299	0.10836	0.00459	0.00411
27	0.00634	0.00454	0.00587	0.00674	0.00719	0.00428	0.00465	0.00733	0.00967	0.01284	0.06966	0.57821	0.07246	0.10719	0.00840	0.00229	0.00317	0.08079	0.00443	0.00397
28	0.01259	0.01164	0.01696	0.03599	0.25090	0.04692	0.10238	0.12469	0.02612	0.01716	0.00979	0.01249	0.00802	0.00585	0.00765	0.00163	0.20966	0.00452	0.08837	0.00666
29	0.01541	0.01199	0.01281	0.11870	0.01606	0.09308	0.00886	0.39014	0.01757	0.08769	0.09518	0.04909	0.03624	0.00668	0.00502	0.00150	0.00527	0.00534	0.00440	0.01895
30	0.01162	0.00720	0.00987	0.00875	0.01071	0.00754	0.03811	0.04285	0.11692	0.18860	0.01655	0.08086	0.01427	0.08186	0.33602	0.00444	0.00798	0.00604	0.00398	0.00584
31	0.00999	0.00777	0.00932	0.03617	0.07055	0.03998	0.00684	0.06877	0.11000	0.05526	0.05353	0.34575	0.05217	0.03217	0.00636	0.00181	0.03108	0.00891	0.04807	0.00550
32	0.07431	0.07781	0.08652	0.05185	0.23284	0.12542	0.04258	0.07037	0.11801	0.04917	0.01065	0.01198	0.00827	0.00505	0.00471	0.00147	0.01474	0.00412	0.00309	0.00704

[dist]
# distance from previous block
# <min> <max>
1	5

[block]
# block no. 9 follows, 51 sequences, length 12
# corresponding to MSA columns:
# 507-518
name=unknown_J
#
# <colnr> <probs for GDERKNQSTAVLIFYWHMCP>
#	G	D	E	R	K	N	Q	S	T	A	V	L	I	F	Y	W	H	M	C	P
0	0.00841	0.00601	0.00727	0.00695	0.00837	0.00591	0.00522	0.06766	0.06694	0.04112	0.26514	0.17192	0.18265	0.01261	0.04420	0.05972	0.00354	0.02683	0.00467	0.00486
1	0.01147	0.08006	0.10301	0.03493	0.09634	0.03561	0.08893	0.05523	0.01110	0.01593	0.00877	0.01070	0.00712	0.00440	0.00487	0.00118	0.04933	0.00362	0.00269	0.37471
2	0.00662	0.00517	0.00593	0.00600	0.00722	0.00477	0.00436	0.00868	0.05373	0.01482	0.21818	0.17959	0.35779	0.07656	0.00739	0.00195	0.00282	0.02941	0.00466	0.00435
3	0.01172	0.00995	0.01343	0.08987	0.27311	0.04123	0.01008	0.09405	0.09634	0.01750	0.01215	0.01455	0.00976	0.00809	0.07409	0.00201	0.03765	0.00458	0.17334	0.00652
4	0.00752	0.00570	0.00645	0.00690	0.00762	0.03659	0.00481	0.04156	0.01020	0.01353	0.04856	0.45698	0.07825	0.13740	0.03072	0.00245	0.00378	0.04602	0.05077	0.00419
5	0.00654	0.00494	0.00597	0.00583	0.00703	0.00445	0.00429	0.00833	0.01247	0.01680	0.47894	0.09677	0.27180	0.04593	0.00665	0.00175	0.00251	0.00963	0.00499	0.00437
6	0.00691	0.00490	0.00611	0.00672	0.00727	0.00474	0.00482	0.00788	0.00928	0.01211	0.02483	0.25338	0.10092	0.30822	0.01314	0.00304	0.00396	0.21401	0.00398	0.00378
7	0.25601	0.01537	0.01201	0.01026	0.01330	0.33865	0.03819	0.07523	0.01287	0.14517	0.00996	0.01057	0.00738	0.00513	0.00418	0.00141	0.00620	0.00355	0.02832	0.00623
8	0.00609	0.00469	0.00557	0.00599	0.00697	0.00417	0.00425	0.00735	0.01091	0.01409	0.17068	0.37868	0.33635	0.01329	0.00601	0.00178	0.00261	0.01165	0.00471	0.00417
9	0.08867	0.01560	0.01343	0.01102	0.01440	0.24438	0.00880	0.39517	0.05404	0.09055	0.01120	0.01136	0.00815	0.00560	0.00463	0.00143	0.00610	0.00401	0.00417	0.00731
10	0.01336	0.01058	0.01117	0.00965	0.01250	0.01200	0.00762	0.20078	0.51427	0.02272	0.01760	0.01680	0.01315	0.00637	0.00479	0.00156	0.00405	0.00517	0.10833	0.00752
11	0.01564	0.06258	0.08437	0.05081	0.08048	0.38192	0.01047	0.14357	0.01414	0.01620	0.00866	0.01003	0.00688	0.00492	0.00444	0.00130	0.00708	0.00352	0.00288	0.09012

[dist]
# distance from previous block
# <min> <max>
0	2

[block]
# block no. 10 follows, 51 sequences, length 29
# corresponding to MSA columns:
# 521-549
name=unknown_K
#
# <colnr> <probs for GDERKNQSTAVLIFYWHMCP>
#	G	D	E	R	K	N	Q	S	T	A	V	L	I	F	Y	W	H	M	C	P
0	0.06962	0.00694	0.00796	0.03854	0.00984	0.00720	0.00577	0.13969	0.04361	0.01760	0.13289	0.28231	0.12075	0.06915	0.00694	0.00194	0.00359	0.02613	0.00445	0.00508
1	0.01445	0.11392	0.20144	0.01274	0.08571	0.06484	0.01128	0.28645	0.01538	0.05834	0.01304	0.01359	0.06382	0.00566	0.00466	0.00143	0.00580	0.00436	0.00353	0.01957
2	0.01166	0.01164	0.00975	0.00988	0.05875	0.27298	0.00679	0.01270	0.05523	0.01215	0.04266	0.01998	0.16313	0.01055	0.00952	0.27435	0.00546	0.00533	0.00303	0.00447
3	0.00658	0.00492	0.00538	0.00543	0.00629	0.00453	0.00367	0.00737	0.00951	0.01196	0.06624	0.04048	0.36990	0.37833	0.01449	0.00308	0.00362	0.05068	0.00389	0.00367
4	0.01337	0.05124	0.32422	0.01430	0.01949	0.13939	0.16665	0.15599	0.03708	0.01784	0.00965	0.01112	0.00715	0.00489	0.00485	0.00150	0.00720	0.00416	0.00284	0.00706
5	0.06974	0.01537	0.15285	0.04265	0.29038	0.11578	0.05680	0.06234	0.06133	0.04053	0.00986	0.01169	0.00768	0.00498	0.00515	0.00151	0.03731	0.00415	0.00283	0.00708
6	0.01638	0.01937	0.01558	0.04906	0.22178	0.53572	0.01113	0.04752	0.01340	0.01384	0.00824	0.01001	0.00680	0.00491	0.00458	0.00134	0.00784	0.00358	0.00258	0.00634
7	0.00624	0.00456	0.00573	0.00646	0.00703	0.00422	0.00444	0.00725	0.00988	0.01299	0.08654	0.52634	0.15043	0.09766	0.00811	0.00221	0.00303	0.04844	0.00446	0.00399
8	0.01331	0.09024	0.01517	0.07242	0.16289	0.03239	0.00971	0.18433	0.19355	0.01956	0.01190	0.01276	0.00923	0.00516	0.00453	0.00136	0.00500	0.00422	0.00360	0.14868
9	0.01348	0.01385	0.01905	0.07497	0.12776	0.16675	0.25122	0.07836	0.04262	0.04613	0.01189	0.01392	0.04596	0.00546	0.00596	0.00157	0.06657	0.00494	0.00298	0.00656
10	0.01414	0.08430	0.12635	0.04458	0.12422	0.02945	0.01094	0.32253	0.09576	0.02186	0.04051	0.01414	0.03790	0.00578	0.00478	0.00148	0.00546	0.00461	0.00379	0.00744
11	0.00984	0.00766	0.00867	0.00835	0.01010	0.00826	0.00634	0.09200	0.29086	0.01815	0.06726	0.28572	0.05231	0.01028	0.00553	0.00176	0.00352	0.06033	0.04715	0.00590
12	0.00729	0.00629	0.00880	0.26432	0.01579	0.00675	0.00748	0.00925	0.01063	0.01356	0.10486	0.15609	0.29911	0.01017	0.00598	0.00173	0.03183	0.03162	0.00380	0.00464
13	0.07056	0.00845	0.01189	0.42621	0.02233	0.01005	0.01008	0.01395	0.12263	0.03679	0.01573	0.04908	0.09335	0.03476	0.00627	0.00178	0.05184	0.00554	0.00314	0.00558
14	0.06227	0.00640	0.00825	0.00915	0.06501	0.00648	0.00630	0.04651	0.02333	0.06373	0.06078	0.41628	0.06926	0.02181	0.00641	0.00189	0.03460	0.08217	0.00436	0.00502
15	0.00607	0.00461	0.00562	0.00634	0.00715	0.00416	0.00449	0.00718	0.01025	0.01314	0.05924	0.50243	0.27999	0.01416	0.00614	0.00189	0.00281	0.05565	0.00459	0.00409
16	0.01350	0.10023	0.06187	0.09759	0.30058	0.15865	0.05499	0.07995	0.05696	0.01596	0.00948	0.01149	0.00760	0.00480	0.00466	0.00143	0.00647	0.00408	0.00273	0.00697
17	0.34334	0.00949	0.01101	0.09112	0.13360	0.01054	0.00814	0.07048	0.06600	0.07308	0.01060	0.01344	0.00864	0.08160	0.03674	0.00208	0.01660	0.00412	0.00332	0.00607
18	0.01239	0.05619	0.03320	0.07160	0.04744	0.21241	0.07166	0.02552	0.09501	0.01426	0.04165	0.01495	0.02986	0.04045	0.04421	0.00197	0.12996	0.00468	0.04678	0.00581
19	0.05164	0.00886	0.01344	0.08609	0.29395	0.00924	0.03602	0.07316	0.01120	0.01604	0.08619	0.07890	0.01481	0.11229	0.08468	0.00257	0.00586	0.00593	0.00317	0.00595
20	0.00938	0.00787	0.00897	0.02813	0.04917	0.05280	0.00603	0.05512	0.05462	0.01263	0.01550	0.08949	0.04079	0.42445	0.01670	0.00328	0.11062	0.00675	0.00321	0.00446
21	0.01320	0.10110	0.08309	0.03001	0.18026	0.11525	0.05024	0.05362	0.08779	0.08136	0.06431	0.01552	0.05142	0.00590	0.00534	0.00149	0.04517	0.00481	0.00334	0.00677
22	0.04583	0.00771	0.00904	0.00787	0.01006	0.00777	0.00617	0.16486	0.01383	0.16786	0.11653	0.16612	0.19714	0.00966	0.00594	0.00166	0.04315	0.00801	0.00485	0.00593
23	0.01219	0.34262	0.14602	0.03642	0.08596	0.10962	0.06947	0.01481	0.01100	0.01370	0.04805	0.01268	0.04027	0.00508	0.00420	0.00131	0.00599	0.00399	0.03032	0.00630
24	0.01100	0.19152	0.06884	0.00981	0.01253	0.12241	0.07817	0.01332	0.03414	0.04393	0.11017	0.22672	0.04121	0.00836	0.00501	0.00153	0.00504	0.00718	0.00355	0.00557
25	0.01685	0.01589	0.01393	0.01236	0.05264	0.26114	0.00936	0.35528	0.14921	0.02210	0.01218	0.01330	0.00941	0.00592	0.00483	0.00146	0.00622	0.02658	0.00406	0.00729
26	0.04231	0.11054	0.04719	0.03873	0.21592	0.08867	0.01056	0.17493	0.01334	0.01778	0.03469	0.01459	0.07220	0.00644	0.01714	0.00158	0.07893	0.00459	0.00316	0.00671
27	0.01406	0.16125	0.07253	0.01162	0.01485	0.28732	0.08296	0.08928	0.06088	0.01493	0.01141	0.07338	0.01040	0.03867	0.00548	0.00156	0.00664	0.03360	0.00304	0.00611
28	0.00962	0.04731	0.01135	0.03644	0.23304	0.00765	0.00794	0.02347	0.01066	0.06995	0.02337	0.21495	0.18219	0.09117	0.00734	0.00195	0.00417	0.00817	0.00372	0.00554

[dist]
# distance from previous block
# <min> <max>
0	4

[block]
# block no. 11 follows, 51 sequences, length 7
# corresponding to MSA columns:
# 554-560
name=unknown_L
#
# <colnr> <probs for GDERKNQSTAVLIFYWHMCP>
#	G	D	E	R	K	N	Q	S	T	A	V	L	I	F	Y	W	H	M	C	P
0	0.00990	0.00938	0.01105	0.00968	0.01102	0.11654	0.09027	0.01225	0.07824	0.01216	0.01288	0.02088	0.01263	0.30013	0.19616	0.00416	0.07944	0.00564	0.00289	0.00471
1	0.01205	0.04747	0.04793	0.08669	0.35271	0.01210	0.15347	0.07968	0.08889	0.01707	0.01226	0.01431	0.04268	0.00509	0.00502	0.00153	0.00600	0.00492	0.00295	0.00719
2	0.00645	0.00493	0.00632	0.00650	0.00750	0.00487	0.00480	0.00788	0.00994	0.01320	0.12735	0.19143	0.25601	0.04925	0.27619	0.00392	0.00621	0.00907	0.00397	0.00422
3	0.10987	0.00701	0.03583	0.00711	0.00898	0.00640	0.00565	0.05307	0.01139	0.11777	0.11266	0.20725	0.12392	0.07828	0.00693	0.00194	0.00355	0.05131	0.04593	0.00514
4	0.01555	0.18769	0.14807	0.01288	0.06044	0.38890	0.01102	0.09321	0.01328	0.01463	0.00815	0.00939	0.00659	0.00487	0.00428	0.00130	0.00734	0.00333	0.00260	0.00647
5	0.01302	0.15289	0.09070	0.12449	0.09715	0.14432	0.11627	0.10205	0.01244	0.01550	0.00994	0.04567	0.00850	0.00547	0.00496	0.00148	0.02297	0.02299	0.00275	0.00644
6	0.00830	0.00631	0.00750	0.00724	0.00863	0.00646	0.00545	0.01149	0.12595	0.06006	0.13396	0.23754	0.27109	0.01134	0.00662	0.00177	0.07104	0.00957	0.00463	0.00506

