[name]
unknown

[dist]
# distance from previous block
# <min> <max>
0	398

[block]
# block no. 0 follows, 57 sequences, length 10
# corresponding to MSA columns:
# 516-525
name=unknown_A
#
# <colnr> <probs for GDERKNQSTAVLIFYWHMCP>
#	G	D	E	R	K	N	Q	S	T	A	V	L	I	F	Y	W	H	M	C	P
0	0.00915	0.02526	0.00935	0.02598	0.04347	0.00781	0.02197	0.11489	0.11966	0.02718	0.03429	0.25033	0.07261	0.05908	0.04979	0.00207	0.04121	0.05157	0.00380	0.03051
1	0.00587	0.00464	0.00525	0.00543	0.00656	0.00418	0.00395	0.00745	0.03723	0.01306	0.14837	0.21488	0.43962	0.04931	0.00626	0.00173	0.00255	0.03546	0.00427	0.00394
2	0.03209	0.03188	0.07350	0.03947	0.06716	0.06021	0.00897	0.37441	0.15465	0.02119	0.01138	0.01246	0.00873	0.04660	0.00530	0.00151	0.00500	0.00414	0.00373	0.03763
3	0.04973	0.00832	0.00978	0.03347	0.01102	0.05373	0.03498	0.07754	0.02766	0.11265	0.06890	0.11086	0.06559	0.04490	0.03601	0.00170	0.06715	0.00557	0.00356	0.17688
4	0.09608	0.15520	0.18337	0.03827	0.04674	0.07914	0.07469	0.04680	0.04436	0.04612	0.00918	0.04412	0.00757	0.00490	0.00453	0.00133	0.04443	0.00381	0.00261	0.06677
5	0.01027	0.10143	0.30974	0.06073	0.05148	0.01144	0.24957	0.05121	0.01040	0.01453	0.00906	0.01198	0.00710	0.00455	0.00479	0.00143	0.02605	0.02908	0.02896	0.00620
6	0.00924	0.00520	0.00683	0.00682	0.00804	0.00487	0.00508	0.01082	0.03339	0.18635	0.08219	0.38237	0.05692	0.06463	0.03075	0.00204	0.00343	0.09189	0.00443	0.00471
7	0.02691	0.04360	0.07435	0.02895	0.08312	0.00864	0.08219	0.09884	0.04365	0.05098	0.01352	0.08572	0.04701	0.03526	0.12279	0.05471	0.02106	0.00525	0.04599	0.02745
8	0.03379	0.06084	0.13889	0.04145	0.11409	0.01982	0.07212	0.04126	0.04758	0.03815	0.07993	0.08320	0.04117	0.04471	0.02457	0.00169	0.04790	0.00527	0.00299	0.06059
9	0.00673	0.00471	0.00619	0.00640	0.00723	0.00449	0.01787	0.00815	0.03776	0.04055	0.13373	0.39474	0.12743	0.06151	0.04441	0.05042	0.00334	0.03631	0.00405	0.00397

[dist]
# distance from previous block
# <min> <max>
0	1

[block]
# block no. 1 follows, 57 sequences, length 28
# corresponding to MSA columns:
# 527-554
name=unknown_B
#
# <colnr> <probs for GDERKNQSTAVLIFYWHMCP>
#	G	D	E	R	K	N	Q	S	T	A	V	L	I	F	Y	W	H	M	C	P
0	0.00707	0.00547	0.03437	0.00742	0.04107	0.00493	0.00529	0.00830	0.00886	0.04591	0.06789	0.30286	0.06322	0.18722	0.10941	0.00297	0.00458	0.08549	0.00363	0.00404
1	0.01197	0.04764	0.12623	0.03785	0.11951	0.15148	0.14265	0.06046	0.03830	0.06505	0.02846	0.08958	0.01030	0.00574	0.00498	0.00144	0.03192	0.01751	0.00290	0.00603
2	0.01003	0.01059	0.10820	0.10392	0.05223	0.09695	0.07978	0.06004	0.01002	0.03223	0.03664	0.07904	0.03428	0.03706	0.01965	0.17210	0.01558	0.03415	0.00274	0.00480
3	0.01032	0.03384	0.02909	0.01116	0.01265	0.12987	0.11700	0.03448	0.00888	0.01171	0.00858	0.01277	0.00787	0.05447	0.18815	0.03283	0.28487	0.00428	0.00228	0.00488
4	0.00933	0.02028	0.04282	0.06892	0.03974	0.04111	0.10708	0.02440	0.02296	0.07896	0.02632	0.09910	0.06905	0.15757	0.09242	0.04605	0.00558	0.04049	0.00312	0.00472
5	0.03836	0.03935	0.05478	0.05253	0.05201	0.26802	0.08613	0.22688	0.04107	0.06922	0.00947	0.01045	0.00711	0.00487	0.00455	0.00134	0.02057	0.00377	0.00317	0.00637
6	0.01252	0.01008	0.01350	0.05485	0.08638	0.04252	0.11113	0.18809	0.13777	0.09690	0.03176	0.05627	0.05505	0.00645	0.00517	0.00151	0.03060	0.04926	0.00381	0.00637
7	0.01111	0.01327	0.21760	0.06822	0.09710	0.05733	0.03813	0.03804	0.03778	0.08631	0.00989	0.03367	0.00774	0.00451	0.00416	0.00120	0.00512	0.00377	0.00279	0.26225
8	0.00569	0.00401	0.00531	0.00625	0.00658	0.00374	0.00423	0.00637	0.00864	0.01144	0.02502	0.73297	0.06732	0.01411	0.00645	0.05066	0.00272	0.03081	0.00408	0.00360
9	0.00926	0.00791	0.00925	0.00670	0.01059	0.00596	0.00533	0.01123	0.00937	0.01465	0.00866	0.03920	0.00755	0.00375	0.00344	0.00071	0.00333	0.00305	0.00274	0.83734
10	0.01086	0.13569	0.33887	0.01035	0.01502	0.03985	0.02214	0.08873	0.02666	0.03256	0.00906	0.01032	0.01783	0.00533	0.02744	0.00140	0.03918	0.00339	0.00251	0.16279
11	0.02914	0.00717	0.00811	0.00716	0.00891	0.00793	0.00565	0.10415	0.16794	0.07340	0.09144	0.01699	0.01396	0.00737	0.04171	0.00161	0.07382	0.00476	0.32322	0.00552
12	0.04625	0.29594	0.14658	0.02357	0.08872	0.11701	0.04448	0.11315	0.02182	0.05098	0.00830	0.00936	0.00653	0.00438	0.00386	0.00123	0.00566	0.00328	0.00259	0.00632
13	0.01006	0.11175	0.16386	0.04207	0.18507	0.01006	0.05214	0.02893	0.06811	0.04699	0.13203	0.03011	0.06657	0.00586	0.00480	0.00140	0.02606	0.00502	0.00306	0.00605
14	0.00717	0.00500	0.00678	0.00742	0.00848	0.00484	0.00618	0.00906	0.01072	0.03508	0.16474	0.13410	0.07471	0.01189	0.00595	0.00189	0.00352	0.49390	0.00436	0.00421
15	0.00659	0.00439	0.00494	0.00494	0.00494	0.00439	0.00275	0.00659	0.00659	0.00879	0.01428	0.02965	0.01647	0.84075	0.02306	0.00439	0.00439	0.00659	0.00275	0.00275
16	0.00940	0.00805	0.00940	0.00671	0.01074	0.00604	0.00537	0.01141	0.00940	0.01477	0.00805	0.00940	0.00671	0.00336	0.00336	0.00067	0.00336	0.00268	0.00268	0.86845
17	0.00787	0.00394	0.00590	0.00590	0.00590	0.00394	0.00394	0.00590	0.00590	0.00787	0.00787	0.01377	0.00787	0.01574	0.01771	0.86816	0.00394	0.00394	0.00197	0.00197
18	0.00690	0.00430	0.00573	0.00643	0.00698	0.00397	0.00439	0.00775	0.00900	0.08447	0.02401	0.73928	0.02787	0.03782	0.00618	0.00188	0.00279	0.01194	0.00429	0.00402
19	0.00977	0.00970	0.01360	0.01170	0.01174	0.01354	0.00974	0.01079	0.00695	0.01089	0.00621	0.01024	0.00617	0.00902	0.04868	0.00220	0.79813	0.00400	0.00200	0.00492
20	0.54391	0.05818	0.10482	0.00778	0.01120	0.01126	0.00721	0.14149	0.01035	0.04054	0.00756	0.00845	0.00569	0.00451	0.00355	0.00139	0.02050	0.00291	0.00299	0.00570
21	0.00685	0.04727	0.00734	0.00666	0.00769	0.02655	0.00507	0.00836	0.02569	0.01155	0.05179	0.16663	0.17532	0.08308	0.29389	0.00382	0.02340	0.04170	0.00330	0.00406
22	0.06843	0.01180	0.07961	0.01028	0.01280	0.04466	0.00895	0.29311	0.03775	0.06890	0.02746	0.01232	0.00856	0.00775	0.05317	0.00188	0.22391	0.01902	0.00339	0.00625
23	0.09256	0.03530	0.06054	0.13130	0.13094	0.06832	0.09640	0.04726	0.11620	0.01519	0.03734	0.01309	0.00914	0.05194	0.00574	0.00157	0.03381	0.00423	0.00279	0.04633
24	0.08688	0.15840	0.10528	0.01016	0.04360	0.16924	0.00874	0.13330	0.05190	0.06304	0.00958	0.01121	0.00767	0.01751	0.03141	0.00152	0.02230	0.01874	0.02085	0.02864
25	0.03654	0.08391	0.01374	0.07111	0.02634	0.31353	0.05266	0.13039	0.05729	0.04936	0.04768	0.03527	0.00935	0.00527	0.00445	0.00129	0.02017	0.00402	0.00306	0.03455
26	0.00882	0.00811	0.06466	0.05994	0.01113	0.02804	0.03629	0.02687	0.02542	0.04724	0.07127	0.12781	0.03810	0.17545	0.00880	0.00195	0.04746	0.00594	0.02575	0.18095
27	0.02647	0.06787	0.08197	0.04728	0.01345	0.02470	0.04054	0.05741	0.06064	0.18080	0.02466	0.01167	0.00855	0.00444	0.00398	0.00111	0.00434	0.00361	0.00338	0.33313

[dist]
# distance from previous block
# <min> <max>
5	74

[block]
# block no. 2 follows, 57 sequences, length 7
# corresponding to MSA columns:
# 633-639
name=unknown_C
#
# <colnr> <probs for GDERKNQSTAVLIFYWHMCP>
#	G	D	E	R	K	N	Q	S	T	A	V	L	I	F	Y	W	H	M	C	P
0	0.00679	0.00489	0.00616	0.00655	0.00743	0.00480	0.00472	0.00909	0.08782	0.03951	0.11613	0.47501	0.10309	0.01368	0.06515	0.00212	0.00342	0.03511	0.00425	0.00428
1	0.00975	0.00653	0.00800	0.00781	0.00958	0.00654	0.00645	0.09864	0.08378	0.10605	0.02521	0.10127	0.15729	0.01033	0.00553	0.00176	0.00373	0.34219	0.00442	0.00514
2	0.00723	0.00490	0.00540	0.00520	0.00645	0.00463	0.00385	0.00941	0.05062	0.01497	0.18110	0.02900	0.20744	0.10848	0.00671	0.00169	0.00264	0.03388	0.27458	0.04183
3	0.00670	0.00462	0.00555	0.00557	0.00675	0.00416	0.00416	0.00824	0.01089	0.04946	0.28569	0.18468	0.28620	0.01060	0.00528	0.00154	0.00245	0.04591	0.06738	0.00416
4	0.01095	0.04649	0.05601	0.41958	0.10483	0.10769	0.03497	0.07381	0.07566	0.01394	0.00901	0.01150	0.00690	0.00464	0.00442	0.00142	0.00598	0.00393	0.00248	0.00581
5	0.01600	0.07200	0.01342	0.00963	0.01310	0.01294	0.00797	0.57374	0.06796	0.08265	0.01152	0.01190	0.00846	0.03362	0.00500	0.00142	0.00471	0.00408	0.00428	0.04560
6	0.06996	0.03942	0.07878	0.04368	0.08946	0.05273	0.14609	0.08565	0.05967	0.09538	0.04634	0.01349	0.00979	0.03201	0.00493	0.00144	0.00507	0.00434	0.07809	0.04368

[dist]
# distance from previous block
# <min> <max>
1	29

[block]
# block no. 3 follows, 57 sequences, length 25
# corresponding to MSA columns:
# 680-704
name=unknown_D
#
# <colnr> <probs for GDERKNQSTAVLIFYWHMCP>
#	G	D	E	R	K	N	Q	S	T	A	V	L	I	F	Y	W	H	M	C	P
0	0.08347	0.08105	0.06944	0.03165	0.02364	0.44445	0.00870	0.07942	0.01204	0.01363	0.00951	0.06018	0.02254	0.00553	0.00430	0.00130	0.01908	0.02199	0.00267	0.00544
1	0.04088	0.03053	0.04384	0.01045	0.04846	0.01171	0.02942	0.49075	0.02865	0.03605	0.03290	0.05019	0.03581	0.00584	0.00449	0.00135	0.00465	0.01429	0.00401	0.07575
2	0.48104	0.00885	0.02817	0.00892	0.07865	0.00905	0.04120	0.01397	0.02312	0.10769	0.07352	0.01157	0.00942	0.00547	0.02415	0.00151	0.00406	0.00356	0.00322	0.06287
3	0.02879	0.00648	0.03511	0.03378	0.00920	0.03096	0.03329	0.02739	0.03107	0.01433	0.20671	0.22639	0.20066	0.01102	0.03228	0.00178	0.00356	0.05877	0.00403	0.00439
4	0.00556	0.00405	0.00515	0.00600	0.00642	0.00374	0.00402	0.00635	0.00878	0.01150	0.02719	0.68669	0.13384	0.05954	0.00668	0.00194	0.00268	0.01209	0.00413	0.00365
5	0.00993	0.00939	0.01558	0.23261	0.46614	0.01023	0.01233	0.01244	0.00973	0.01362	0.04451	0.05187	0.00944	0.00522	0.00550	0.00147	0.07686	0.00464	0.00238	0.00613
6	0.22652	0.01514	0.01094	0.00948	0.01218	0.38130	0.00741	0.17522	0.01314	0.05272	0.00850	0.00929	0.00652	0.00479	0.00384	0.00127	0.00588	0.00318	0.04697	0.00572
7	0.01615	0.01215	0.01276	0.01012	0.01348	0.03821	0.00824	0.58221	0.17935	0.06090	0.01260	0.01222	0.00905	0.00557	0.00454	0.00139	0.00475	0.00428	0.00453	0.00752
8	0.00633	0.00477	0.00591	0.00606	0.00709	0.00450	0.00452	0.00850	0.05361	0.01503	0.35797	0.24088	0.17965	0.01104	0.00550	0.00161	0.00254	0.07573	0.00455	0.00419
9	0.04638	0.34599	0.10282	0.03894	0.07884	0.09756	0.00927	0.08107	0.02554	0.03456	0.03481	0.03551	0.00832	0.00493	0.00421	0.00124	0.03786	0.00358	0.00258	0.00598
10	0.00884	0.00603	0.00748	0.00658	0.00870	0.00510	0.00498	0.02482	0.01031	0.10563	0.12381	0.29165	0.06424	0.00867	0.00475	0.00133	0.00300	0.02302	0.00398	0.28707
11	0.03675	0.08968	0.05982	0.04981	0.10538	0.17074	0.03112	0.09506	0.04505	0.04044	0.02338	0.01140	0.00787	0.04077	0.00693	0.00154	0.15683	0.00384	0.00270	0.02092
12	0.01007	0.27078	0.50526	0.01081	0.01626	0.01252	0.01301	0.03952	0.00989	0.01358	0.00975	0.01079	0.05020	0.00461	0.00395	0.00130	0.00584	0.00343	0.00213	0.00630
13	0.00582	0.00448	0.00510	0.00518	0.00617	0.00404	0.00366	0.00693	0.00987	0.01267	0.18348	0.15123	0.39971	0.14831	0.03130	0.00219	0.00293	0.00915	0.00407	0.00372
14	0.00585	0.00410	0.00525	0.00605	0.00627	0.00391	0.00396	0.00649	0.00823	0.01096	0.02232	0.61220	0.02653	0.21648	0.01003	0.00247	0.00312	0.03848	0.00385	0.00347
15	0.00813	0.00710	0.01068	0.03383	0.03963	0.00735	0.12702	0.01154	0.11746	0.01426	0.08349	0.16138	0.14156	0.00887	0.00592	0.00163	0.06400	0.09385	0.05734	0.00494
16	0.02616	0.01045	0.03079	0.08097	0.11370	0.05492	0.07207	0.13003	0.05036	0.07940	0.01006	0.01138	0.00767	0.00449	0.00439	0.00120	0.02320	0.00377	0.04129	0.24372
17	0.00698	0.00523	0.04149	0.00602	0.00706	0.00435	0.00461	0.00735	0.00859	0.03944	0.04188	0.18053	0.27468	0.03079	0.03943	0.26617	0.00355	0.02493	0.00339	0.00350
18	0.03932	0.30423	0.15616	0.01067	0.04385	0.10128	0.04377	0.07096	0.05554	0.02903	0.00896	0.01118	0.00749	0.00482	0.00424	0.00126	0.03278	0.03770	0.00256	0.03418
19	0.08878	0.14507	0.04260	0.00865	0.04419	0.08128	0.02403	0.04030	0.05236	0.01480	0.17556	0.03563	0.07853	0.04785	0.04404	0.00176	0.03097	0.00517	0.00324	0.03518
20	0.06475	0.03908	0.04718	0.04840	0.02221	0.02270	0.09607	0.29670	0.03133	0.04039	0.08234	0.04253	0.03194	0.00661	0.02189	0.00155	0.03180	0.02194	0.03409	0.01651
21	0.04018	0.05511	0.05123	0.17138	0.19121	0.06047	0.01014	0.09445	0.13548	0.03375	0.01181	0.01323	0.04168	0.00519	0.00474	0.00141	0.03670	0.00422	0.03139	0.00622
22	0.01259	0.08979	0.04250	0.02995	0.05571	0.07182	0.09259	0.16727	0.02340	0.10973	0.01327	0.08581	0.04855	0.03030	0.03755	0.00175	0.07293	0.00514	0.00335	0.00600
23	0.02863	0.11458	0.29794	0.00946	0.01299	0.03625	0.02356	0.05512	0.01005	0.01390	0.04040	0.09227	0.06348	0.07667	0.00637	0.00171	0.03190	0.05350	0.02583	0.00540
24	0.00900	0.09877	0.08989	0.06282	0.05012	0.03136	0.03299	0.03643	0.01055	0.05250	0.15156	0.15512	0.09551	0.00924	0.04131	0.00175	0.02565	0.03686	0.00346	0.00509

[dist]
# distance from previous block
# <min> <max>
12	40

[block]
# block no. 4 follows, 57 sequences, length 25
# corresponding to MSA columns:
# 759-783
name=unknown_E
#
# <colnr> <probs for GDERKNQSTAVLIFYWHMCP>
#	G	D	E	R	K	N	Q	S	T	A	V	L	I	F	Y	W	H	M	C	P
0	0.05664	0.23937	0.12500	0.00981	0.02657	0.05256	0.05327	0.12861	0.03955	0.08043	0.01227	0.06307	0.05463	0.00559	0.00431	0.00132	0.02134	0.00437	0.00308	0.01821
1	0.03170	0.16065	0.11963	0.00978	0.02898	0.02783	0.05540	0.09609	0.08715	0.08117	0.03325	0.04174	0.09054	0.02118	0.03292	0.00166	0.05293	0.01821	0.00326	0.00594
2	0.00938	0.13195	0.18911	0.02450	0.01232	0.06091	0.03663	0.06928	0.01057	0.01388	0.08199	0.16273	0.05419	0.07431	0.00610	0.00167	0.00477	0.03156	0.00309	0.02106
3	0.00818	0.00601	0.00764	0.03672	0.04758	0.00607	0.00579	0.02715	0.09879	0.07366	0.08490	0.26453	0.20807	0.01067	0.01968	0.00174	0.03022	0.05363	0.00415	0.00483
4	0.01166	0.19094	0.32769	0.02961	0.12157	0.08311	0.01209	0.06685	0.01087	0.05479	0.02556	0.02909	0.00770	0.00469	0.00410	0.00131	0.00580	0.00365	0.00248	0.00641
5	0.00990	0.05495	0.08144	0.03315	0.03532	0.06020	0.09856	0.05285	0.07632	0.06018	0.08829	0.17296	0.09210	0.00771	0.00486	0.00149	0.00441	0.02101	0.03891	0.00540
6	0.00666	0.00450	0.00554	0.00587	0.00673	0.00409	0.00414	0.00769	0.00958	0.06194	0.09954	0.39947	0.22424	0.09847	0.00738	0.00197	0.00282	0.04121	0.00421	0.00394
7	0.00812	0.00584	0.00658	0.00645	0.02046	0.02942	0.00465	0.01058	0.08648	0.07734	0.18815	0.11903	0.23127	0.09439	0.04393	0.00204	0.00342	0.00775	0.04956	0.00455
8	0.03903	0.08088	0.09395	0.11699	0.10179	0.06603	0.04694	0.11709	0.03766	0.15003	0.01110	0.05796	0.00879	0.00543	0.00491	0.00142	0.04603	0.00440	0.00322	0.00634
9	0.01212	0.37774	0.01494	0.00734	0.01019	0.01116	0.00645	0.01404	0.04365	0.19236	0.04427	0.09275	0.07408	0.02598	0.05263	0.00168	0.00448	0.00500	0.00342	0.00572
10	0.00869	0.00433	0.00442	0.00434	0.00549	0.00428	0.00328	0.01076	0.00963	0.03966	0.01583	0.01768	0.03632	0.00548	0.00328	0.00108	0.00217	0.00440	0.81458	0.00431
11	0.02500	0.00751	0.04282	0.03765	0.14146	0.00709	0.04372	0.04398	0.00999	0.03738	0.07273	0.16179	0.14419	0.09155	0.05018	0.00215	0.04162	0.03093	0.00338	0.00491
12	0.01012	0.01100	0.10635	0.11131	0.17791	0.05802	0.04311	0.03529	0.06967	0.03897	0.04424	0.07388	0.05589	0.03559	0.02303	0.00173	0.09001	0.00525	0.00289	0.00574
13	0.00848	0.00733	0.00777	0.00758	0.00859	0.09219	0.00560	0.01100	0.10970	0.03083	0.01730	0.18741	0.06145	0.14561	0.21271	0.00347	0.05351	0.02175	0.00329	0.00442
14	0.23935	0.01334	0.06105	0.10398	0.20942	0.19673	0.04987	0.04967	0.01054	0.01563	0.00766	0.00954	0.00607	0.00435	0.00399	0.00135	0.00577	0.00339	0.00247	0.00585
15	0.00684	0.00505	0.00629	0.00621	0.00711	0.00509	0.00456	0.00858	0.03883	0.03212	0.24451	0.22574	0.16985	0.07737	0.04774	0.00210	0.06008	0.00864	0.03915	0.00415
16	0.00600	0.00438	0.00593	0.00708	0.02986	0.00415	0.00484	0.00708	0.00916	0.01221	0.06757	0.61843	0.04708	0.04090	0.00635	0.00191	0.00294	0.11614	0.00414	0.00385
17	0.00940	0.00805	0.00940	0.00671	0.01074	0.00604	0.00537	0.01141	0.00940	0.01477	0.00805	0.00940	0.00671	0.00336	0.00336	0.00067	0.00336	0.00268	0.00268	0.86845
18	0.00674	0.00546	0.02263	0.00583	0.00645	0.02384	0.00402	0.00762	0.02135	0.01095	0.08189	0.13686	0.14149	0.44005	0.01481	0.00306	0.02836	0.03172	0.00336	0.00348
19	0.00596	0.00414	0.00519	0.00585	0.00603	0.00398	0.00374	0.00649	0.00794	0.01058	0.02096	0.51742	0.02484	0.32258	0.01224	0.00280	0.00332	0.02894	0.00366	0.00334
20	0.00919	0.00821	0.01235	0.05446	0.30603	0.03711	0.05007	0.02682	0.02544	0.02886	0.09095	0.23161	0.06100	0.00796	0.00504	0.00153	0.00434	0.03018	0.00332	0.00551
21	0.01241	0.14929	0.04592	0.00961	0.02616	0.11989	0.00791	0.12318	0.34248	0.01750	0.08762	0.01454	0.01289	0.00566	0.00430	0.00135	0.00461	0.00444	0.00374	0.00647
22	0.00979	0.47586	0.01647	0.03567	0.02672	0.01235	0.00691	0.02930	0.00939	0.01161	0.01321	0.27382	0.01445	0.00759	0.00409	0.00133	0.00417	0.03933	0.00283	0.00511
23	0.04333	0.36138	0.01612	0.00852	0.03507	0.02440	0.03541	0.01490	0.03905	0.17527	0.02964	0.04793	0.00962	0.02130	0.00409	0.00121	0.00433	0.00386	0.01965	0.10493
24	0.02699	0.02038	0.03776	0.06465	0.04176	0.04227	0.00681	0.01168	0.03736	0.04406	0.02863	0.10855	0.03769	0.03882	0.03427	0.00151	0.05154	0.00483	0.00298	0.35747

[dist]
# distance from previous block
# <min> <max>
2	37

[block]
# block no. 5 follows, 57 sequences, length 18
# corresponding to MSA columns:
# 823-840
name=unknown_F
#
# <colnr> <probs for GDERKNQSTAVLIFYWHMCP>
#	G	D	E	R	K	N	Q	S	T	A	V	L	I	F	Y	W	H	M	C	P
0	0.30835	0.00878	0.00886	0.04156	0.01112	0.02286	0.00587	0.04722	0.08024	0.04857	0.00984	0.01064	0.02768	0.00436	0.00349	0.00112	0.00369	0.00319	0.00310	0.34946
1	0.25427	0.00853	0.00867	0.05905	0.01079	0.07334	0.03916	0.07130	0.01084	0.01668	0.15053	0.02160	0.20906	0.00712	0.00481	0.00145	0.03884	0.00560	0.00350	0.00484
2	0.01345	0.01031	0.01104	0.00932	0.01203	0.03899	0.00753	0.42272	0.13222	0.03666	0.01583	0.10636	0.03158	0.00741	0.00486	0.00151	0.00441	0.10056	0.00435	0.02884
3	0.00612	0.00424	0.00528	0.00573	0.00592	0.00420	0.00363	0.00660	0.00754	0.01012	0.01864	0.37270	0.02176	0.41714	0.08675	0.00356	0.00433	0.00911	0.00334	0.00326
4	0.00856	0.00805	0.01359	0.82986	0.03121	0.01007	0.01258	0.01158	0.00906	0.01158	0.00805	0.01208	0.00604	0.00453	0.00453	0.00151	0.00604	0.00403	0.00201	0.00503
5	0.01214	0.01371	0.01372	0.43138	0.09374	0.33508	0.01117	0.01439	0.01068	0.01167	0.00768	0.01044	0.00606	0.00454	0.00435	0.00136	0.00683	0.00358	0.00216	0.00531
6	0.00657	0.00444	0.00515	0.00513	0.00524	0.00447	0.00302	0.00679	0.00698	0.00941	0.05771	0.02912	0.01758	0.74364	0.07324	0.00442	0.00476	0.00657	0.00285	0.00291
7	0.05869	0.51047	0.02040	0.00965	0.01254	0.03379	0.07031	0.01308	0.00877	0.01156	0.00646	0.00833	0.00588	0.00490	0.00604	0.00129	0.20720	0.00304	0.00203	0.00557
8	0.00555	0.00430	0.00497	0.00541	0.00627	0.00382	0.00377	0.00651	0.00948	0.01198	0.06707	0.39086	0.38682	0.06352	0.00663	0.00184	0.00256	0.01078	0.00415	0.00371
9	0.01070	0.01222	0.02674	0.01910	0.02368	0.01146	0.79603	0.01451	0.01070	0.01451	0.00917	0.01222	0.00688	0.00382	0.00535	0.00153	0.00764	0.00535	0.00229	0.00611
10	0.00911	0.00613	0.00707	0.00604	0.00797	0.00578	0.00470	0.10440	0.01225	0.03385	0.32085	0.02141	0.02234	0.00651	0.00423	0.00118	0.00271	0.00548	0.26380	0.15419
11	0.05424	0.00942	0.01053	0.00834	0.01151	0.06423	0.00679	0.18635	0.01417	0.47635	0.01482	0.01376	0.00987	0.00541	0.00430	0.00134	0.00420	0.00422	0.09308	0.00707
12	0.01060	0.01006	0.01705	0.06872	0.70429	0.01014	0.01303	0.01315	0.01012	0.01436	0.00986	0.07958	0.00900	0.00490	0.00460	0.00140	0.00519	0.00477	0.00239	0.00677
13	0.00825	0.00632	0.00872	0.00828	0.00960	0.00650	0.05577	0.07422	0.01066	0.03447	0.05657	0.15942	0.12067	0.07784	0.00779	0.00202	0.06558	0.27893	0.00389	0.00450
14	0.02585	0.00676	0.00796	0.00702	0.00882	0.00671	0.00531	0.17824	0.01262	0.15217	0.14278	0.19316	0.10309	0.11953	0.00744	0.00190	0.00348	0.00751	0.00442	0.00523
15	0.00949	0.01433	0.32391	0.02554	0.02743	0.01007	0.09837	0.02580	0.04634	0.04373	0.01253	0.11750	0.04542	0.00671	0.00680	0.00161	0.17057	0.00534	0.00268	0.00583
16	0.00684	0.00449	0.00550	0.00600	0.00692	0.00423	0.00455	0.00831	0.00978	0.03147	0.06012	0.31138	0.16348	0.01110	0.00521	0.00164	0.00278	0.16787	0.18429	0.00404
17	0.01729	0.01141	0.01268	0.00980	0.01329	0.01227	0.00807	0.59906	0.04901	0.17764	0.03444	0.01260	0.00957	0.00560	0.00456	0.00138	0.00464	0.00432	0.00475	0.00759

[dist]
# distance from previous block
# <min> <max>
0	1

[block]
# block no. 6 follows, 57 sequences, length 8
# corresponding to MSA columns:
# 842-849
name=unknown_G
#
# <colnr> <probs for GDERKNQSTAVLIFYWHMCP>
#	G	D	E	R	K	N	Q	S	T	A	V	L	I	F	Y	W	H	M	C	P
0	0.01152	0.40476	0.01821	0.07012	0.10082	0.07798	0.02885	0.01381	0.04922	0.03124	0.03690	0.02933	0.02749	0.00518	0.00456	0.00126	0.06165	0.01885	0.00249	0.00575
1	0.00772	0.00485	0.00552	0.00532	0.00632	0.00458	0.00373	0.02699	0.00965	0.06600	0.12249	0.06772	0.19801	0.27981	0.01073	0.00239	0.00315	0.02508	0.14602	0.00394
2	0.00668	0.00465	0.00573	0.00559	0.00669	0.00420	0.00408	0.00823	0.01123	0.05208	0.42531	0.15473	0.22066	0.06183	0.00647	0.00169	0.00247	0.00895	0.00458	0.00414
3	0.00620	0.00457	0.00551	0.00543	0.00657	0.00413	0.00407	0.00796	0.01152	0.01575	0.45707	0.09452	0.25926	0.01012	0.00528	0.00149	0.00229	0.03621	0.05797	0.00410
4	0.00647	0.00485	0.00728	0.00728	0.00809	0.00566	0.00566	0.00809	0.00728	0.01052	0.01214	0.01780	0.01133	0.03398	0.82279	0.00728	0.01214	0.00485	0.00243	0.00405
5	0.13300	0.00534	0.00509	0.00481	0.00626	0.00562	0.00372	0.05421	0.00989	0.01803	0.01335	0.01519	0.01044	0.00513	0.00319	0.00112	0.00247	0.00396	0.69465	0.00451
6	0.00812	0.00665	0.00750	0.00712	0.00823	0.05515	0.03203	0.08127	0.04087	0.01321	0.05532	0.31607	0.07445	0.21841	0.02870	0.00242	0.00403	0.00842	0.00366	0.02837
7	0.01422	0.13948	0.04386	0.04154	0.05228	0.23465	0.00903	0.13793	0.03443	0.08629	0.00904	0.01023	0.00710	0.00525	0.00564	0.00135	0.12774	0.00354	0.03036	0.00606

[dist]
# distance from previous block
# <min> <max>
8	31

[block]
# block no. 7 follows, 57 sequences, length 13
# corresponding to MSA columns:
# 884-896
name=unknown_H
#
# <colnr> <probs for GDERKNQSTAVLIFYWHMCP>
#	G	D	E	R	K	N	Q	S	T	A	V	L	I	F	Y	W	H	M	C	P
0	0.00898	0.03166	0.01118	0.30500	0.05964	0.06685	0.02679	0.04407	0.05837	0.01332	0.06585	0.14425	0.08861	0.03627	0.00547	0.00161	0.00476	0.01922	0.00311	0.00499
1	0.00582	0.00429	0.00541	0.00595	0.00664	0.00395	0.00421	0.00698	0.00979	0.01296	0.17883	0.45298	0.17446	0.04876	0.00641	0.00183	0.00265	0.05997	0.00429	0.00381
2	0.00577	0.00425	0.00538	0.00594	0.00660	0.00390	0.00417	0.00693	0.00984	0.01308	0.19409	0.49012	0.16179	0.03089	0.00602	0.00177	0.00256	0.03872	0.00434	0.00383
3	0.00996	0.03973	0.01306	0.09314	0.16194	0.07153	0.07351	0.04817	0.03392	0.01251	0.00959	0.03016	0.00849	0.01269	0.17363	0.14641	0.04976	0.00437	0.00242	0.00502
4	0.00658	0.00458	0.00595	0.00614	0.00677	0.00449	0.00437	0.00735	0.00922	0.02674	0.17961	0.30913	0.13581	0.07494	0.03139	0.11393	0.03914	0.02633	0.00384	0.00368
5	0.01874	0.00884	0.01051	0.00836	0.01159	0.06505	0.00681	0.05270	0.05909	0.63517	0.01689	0.01567	0.01119	0.00571	0.00452	0.00140	0.00414	0.02203	0.03428	0.00731
6	0.00918	0.00883	0.01612	0.14682	0.01832	0.00894	0.33057	0.04310	0.06669	0.01426	0.01475	0.19559	0.03146	0.00697	0.00517	0.00159	0.00543	0.03378	0.03707	0.00535
7	0.00852	0.00801	0.01038	0.22678	0.11877	0.06941	0.00854	0.01081	0.03740	0.01248	0.01990	0.10379	0.17915	0.03148	0.00596	0.00167	0.04076	0.09822	0.00310	0.00485
8	0.00977	0.02527	0.00903	0.02483	0.06661	0.02749	0.00613	0.11660	0.01044	0.06790	0.04100	0.13308	0.03664	0.18087	0.12923	0.00292	0.04457	0.00618	0.05660	0.00484
9	0.00863	0.03715	0.09553	0.00981	0.08705	0.00736	0.02295	0.05628	0.03587	0.04276	0.19094	0.15213	0.08424	0.02546	0.06206	0.00198	0.03014	0.04083	0.00369	0.00515
10	0.01182	0.15491	0.07693	0.07366	0.09859	0.04218	0.11815	0.04129	0.01039	0.12637	0.01139	0.09388	0.01000	0.01899	0.00561	0.00149	0.07168	0.02375	0.00294	0.00595
11	0.01035	0.00816	0.02603	0.13294	0.16092	0.00804	0.04600	0.05979	0.02179	0.10942	0.02706	0.13418	0.06990	0.01942	0.05272	0.00183	0.02016	0.01710	0.00332	0.07089
12	0.05360	0.06787	0.04220	0.05892	0.09858	0.18323	0.02876	0.11082	0.06094	0.01533	0.02456	0.04622	0.08613	0.00583	0.00467	0.00134	0.03413	0.00457	0.02299	0.04931

[dist]
# distance from previous block
# <min> <max>
30	119

[block]
# block no. 8 follows, 57 sequences, length 36
# corresponding to MSA columns:
# 1034-1069
name=unknown_I
#
# <colnr> <probs for GDERKNQSTAVLIFYWHMCP>
#	G	D	E	R	K	N	Q	S	T	A	V	L	I	F	Y	W	H	M	C	P
0	0.05839	0.02127	0.02614	0.04013	0.06590	0.04945	0.26259	0.11941	0.05952	0.01619	0.03083	0.08911	0.02944	0.01993	0.00573	0.00154	0.05760	0.00542	0.01767	0.02376
1	0.08058	0.00728	0.04610	0.02702	0.03490	0.04346	0.00573	0.04920	0.02832	0.01444	0.03691	0.34905	0.12034	0.00948	0.00480	0.00152	0.00339	0.00817	0.09172	0.03761
2	0.00976	0.00638	0.00747	0.00705	0.00855	0.02459	0.00538	0.10105	0.04868	0.11132	0.16040	0.23638	0.05313	0.04975	0.00599	0.00171	0.00331	0.08383	0.07029	0.00498
3	0.04388	0.03925	0.02947	0.02871	0.01350	0.06175	0.00820	0.54710	0.05423	0.02408	0.04903	0.01236	0.00955	0.02921	0.00493	0.00142	0.00492	0.00416	0.00407	0.03016
4	0.05102	0.07825	0.07825	0.02737	0.12137	0.02859	0.08551	0.06347	0.02883	0.04063	0.02409	0.01256	0.00849	0.00855	0.11000	0.00207	0.07036	0.01969	0.00269	0.13819
5	0.00812	0.00630	0.00869	0.00958	0.11677	0.00645	0.03193	0.08202	0.00917	0.01246	0.01548	0.15062	0.04310	0.34272	0.13340	0.00353	0.00549	0.00680	0.00306	0.00430
6	0.01168	0.46912	0.07980	0.01105	0.11868	0.05206	0.00899	0.06274	0.02855	0.01302	0.00889	0.07564	0.00827	0.00494	0.00367	0.00116	0.00497	0.00375	0.00242	0.03059
7	0.00872	0.00735	0.02658	0.00825	0.06467	0.03746	0.00590	0.08495	0.05291	0.04505	0.13584	0.17722	0.24295	0.00959	0.02000	0.00158	0.00350	0.00778	0.00404	0.05565
8	0.01208	0.13212	0.07265	0.01016	0.07921	0.10927	0.00801	0.02657	0.04813	0.15912	0.06463	0.07192	0.07014	0.00844	0.06084	0.00179	0.03276	0.02291	0.00344	0.00579
9	0.01135	0.02792	0.01086	0.03953	0.01187	0.03314	0.05908	0.21683	0.11493	0.04889	0.07012	0.07340	0.09446	0.05502	0.00569	0.00155	0.00415	0.00572	0.05021	0.06530
10	0.00688	0.03369	0.00592	0.00545	0.00584	0.00487	0.00346	0.00728	0.00747	0.02826	0.03502	0.14086	0.05427	0.57096	0.06776	0.00383	0.00448	0.00734	0.00308	0.00326
11	0.01352	0.04776	0.03166	0.01100	0.03920	0.41507	0.05252	0.07315	0.03079	0.03237	0.01223	0.14186	0.03829	0.00638	0.00448	0.00132	0.00619	0.00506	0.00297	0.03417
12	0.01290	0.04450	0.01065	0.00932	0.01123	0.42430	0.00707	0.08055	0.01231	0.01348	0.08682	0.10539	0.03958	0.03946	0.02723	0.00160	0.00605	0.03100	0.03158	0.00497
13	0.00840	0.00515	0.00634	0.00626	0.00644	0.05860	0.00423	0.00681	0.00657	0.00839	0.02959	0.01437	0.00890	0.03691	0.01661	0.76384	0.00418	0.00405	0.00209	0.00227
14	0.01157	0.62119	0.21075	0.00911	0.01360	0.04422	0.00991	0.01391	0.00942	0.01155	0.00676	0.00784	0.00580	0.00401	0.00328	0.00109	0.00540	0.00266	0.00195	0.00600
15	0.01293	0.03394	0.01340	0.21508	0.11974	0.14000	0.00980	0.19362	0.07310	0.05694	0.02370	0.01223	0.00836	0.00690	0.05905	0.00177	0.00607	0.00406	0.00312	0.00619
16	0.04547	0.47240	0.06513	0.00929	0.01277	0.28310	0.00847	0.01531	0.01047	0.03153	0.00693	0.00791	0.00592	0.00422	0.00342	0.00109	0.00598	0.00270	0.00219	0.00569
17	0.00675	0.00473	0.00628	0.00663	0.00728	0.00485	0.00480	0.02878	0.00858	0.02874	0.01974	0.33031	0.05190	0.15245	0.24550	0.00382	0.00588	0.07559	0.00349	0.00388
18	0.00809	0.00736	0.01246	0.01106	0.06213	0.00706	0.21072	0.02381	0.02729	0.01348	0.07848	0.27154	0.05669	0.07676	0.03382	0.00198	0.02365	0.00786	0.00333	0.06242
19	0.00615	0.00459	0.00624	0.00648	0.00725	0.00478	0.00482	0.00747	0.00846	0.01151	0.07402	0.20223	0.13019	0.07571	0.39335	0.00452	0.00722	0.03782	0.00332	0.00387
20	0.00969	0.00899	0.01431	0.26995	0.30112	0.01044	0.01142	0.01240	0.03519	0.01306	0.00881	0.01218	0.00734	0.00704	0.06095	0.00190	0.15676	0.00412	0.04858	0.00574
21	0.00909	0.02344	0.81727	0.01292	0.01961	0.01052	0.01674	0.01435	0.00957	0.01435	0.00813	0.00957	0.00574	0.00431	0.00431	0.00144	0.00670	0.00335	0.00191	0.00670
22	0.01088	0.01056	0.01705	0.23971	0.52402	0.04130	0.03986	0.03671	0.01042	0.01420	0.00843	0.01136	0.00683	0.00423	0.00451	0.00139	0.00573	0.00404	0.00226	0.00651
23	0.00561	0.00421	0.00521	0.00589	0.00657	0.00382	0.00413	0.00664	0.00947	0.01229	0.08625	0.54071	0.23748	0.01306	0.00566	0.00174	0.00256	0.04066	0.00426	0.00378
24	0.00909	0.02344	0.81727	0.01292	0.01961	0.01052	0.01674	0.01435	0.00957	0.01435	0.00813	0.00957	0.00574	0.00431	0.00431	0.00144	0.00670	0.00335	0.00191	0.00670
25	0.00796	0.00653	0.00730	0.00716	0.00882	0.00683	0.00555	0.01365	0.30801	0.01534	0.09160	0.13002	0.24318	0.00978	0.00526	0.00164	0.00308	0.11872	0.00442	0.00515
26	0.01479	0.01102	0.01178	0.00964	0.01270	0.05493	0.02563	0.31837	0.30049	0.12518	0.01523	0.01449	0.03009	0.00578	0.00454	0.00142	0.00442	0.00462	0.02771	0.00716
27	0.00974	0.00913	0.01525	0.25862	0.47374	0.00966	0.01223	0.01238	0.01005	0.01384	0.05390	0.03438	0.04002	0.00517	0.00465	0.00143	0.00519	0.02201	0.00249	0.00612
28	0.00732	0.00515	0.00694	0.00773	0.00876	0.00508	0.00648	0.00935	0.02724	0.03100	0.04071	0.13588	0.07115	0.04351	0.00670	0.00207	0.00384	0.57272	0.00418	0.00419
29	0.01642	0.01204	0.01296	0.01015	0.01360	0.01334	0.00831	0.64712	0.14308	0.05718	0.01233	0.01199	0.00880	0.00556	0.00455	0.00139	0.00472	0.00426	0.00459	0.00762
30	0.02728	0.01141	0.01266	0.02930	0.01375	0.01241	0.00819	0.56229	0.10065	0.15577	0.01269	0.01223	0.00884	0.00550	0.00452	0.00139	0.00466	0.00424	0.00464	0.00755
31	0.01786	0.00817	0.01024	0.02871	0.01176	0.04391	0.00681	0.03669	0.03647	0.62051	0.05189	0.01837	0.03461	0.00623	0.00468	0.00144	0.00402	0.04537	0.00518	0.00708
32	0.01307	0.01064	0.01140	0.00991	0.02668	0.01210	0.00773	0.25714	0.55404	0.02178	0.01599	0.01499	0.01187	0.00590	0.00459	0.00148	0.00404	0.00479	0.00455	0.00733
33	0.01007	0.00933	0.03623	0.13844	0.23784	0.05181	0.02753	0.05535	0.01039	0.01472	0.03121	0.03313	0.00986	0.02498	0.04627	0.00167	0.01570	0.02606	0.12279	0.09662
34	0.00591	0.00450	0.00527	0.00543	0.00653	0.00399	0.00397	0.00724	0.01056	0.02241	0.23739	0.22454	0.38663	0.02512	0.00576	0.00164	0.00244	0.03233	0.00440	0.00394
35	0.03299	0.18401	0.09182	0.00997	0.03605	0.12371	0.00862	0.13793	0.03913	0.04452	0.01014	0.03074	0.02262	0.02084	0.04118	0.00164	0.10105	0.00388	0.04252	0.01662

[dist]
# distance from previous block
# <min> <max>
0	3

[block]
# block no. 9 follows, 57 sequences, length 21
# corresponding to MSA columns:
# 1077-1097
name=unknown_J
#
# <colnr> <probs for GDERKNQSTAVLIFYWHMCP>
#	G	D	E	R	K	N	Q	S	T	A	V	L	I	F	Y	W	H	M	C	P
0	0.08927	0.04333	0.01251	0.04220	0.04582	0.36924	0.00835	0.15412	0.04946	0.06200	0.00913	0.01006	0.00706	0.00499	0.00450	0.00129	0.03948	0.00344	0.03783	0.00592
1	0.00644	0.00476	0.00588	0.00587	0.00686	0.00451	0.00427	0.00873	0.05916	0.01570	0.44824	0.22073	0.12224	0.03536	0.00588	0.00162	0.00242	0.00910	0.02804	0.00421
2	0.00781	0.00417	0.00595	0.00594	0.00615	0.00419	0.00407	0.01794	0.00664	0.00899	0.01048	0.02959	0.03912	0.03005	0.04708	0.70937	0.00412	0.01900	0.03696	0.00238
3	0.00890	0.00518	0.00589	0.00553	0.00683	0.00504	0.00412	0.06584	0.01095	0.07727	0.15936	0.10975	0.08725	0.07333	0.00579	0.00156	0.00270	0.00650	0.35369	0.00454
4	0.87276	0.00876	0.00666	0.00596	0.00876	0.01017	0.00491	0.01332	0.00771	0.02033	0.00631	0.00736	0.00491	0.00421	0.00280	0.00140	0.00351	0.00245	0.00280	0.00491
5	0.01693	0.02160	0.01284	0.01167	0.01401	0.82256	0.00876	0.01809	0.01284	0.01109	0.00700	0.00817	0.00584	0.00467	0.00409	0.00117	0.00817	0.00292	0.00233	0.00525
6	0.01140	0.00858	0.00964	0.00836	0.01046	0.00942	0.00658	0.27055	0.16202	0.04597	0.01916	0.12912	0.11445	0.04575	0.03083	0.00184	0.05655	0.02534	0.02808	0.00589
7	0.00979	0.00760	0.00915	0.00823	0.01008	0.00828	0.04204	0.01658	0.43711	0.03506	0.01849	0.05178	0.09468	0.00927	0.00800	0.21538	0.00369	0.00560	0.00382	0.00537
8	0.01233	0.80594	0.02325	0.00793	0.01174	0.05468	0.00780	0.01378	0.00937	0.01068	0.00633	0.00731	0.00582	0.00391	0.00296	0.00098	0.00500	0.00245	0.00196	0.00579
9	0.00815	0.00616	0.00748	0.00706	0.00757	0.04362	0.00511	0.00880	0.00750	0.04075	0.02813	0.02063	0.01265	0.32792	0.24619	0.07176	0.11947	0.00527	0.02205	0.00372
10	0.00972	0.05067	0.36492	0.03895	0.01962	0.01121	0.28321	0.01366	0.00979	0.01398	0.04496	0.01161	0.00786	0.00474	0.00579	0.00151	0.09518	0.00431	0.00220	0.00611
11	0.00910	0.00782	0.00700	0.00645	0.00818	0.12387	0.00489	0.06494	0.02552	0.05159	0.14630	0.04694	0.37263	0.02847	0.00531	0.00148	0.00345	0.00727	0.07421	0.00461
12	0.00759	0.00570	0.00764	0.00789	0.02443	0.00621	0.00597	0.05393	0.04116	0.01259	0.01745	0.15421	0.04119	0.09067	0.26888	0.03684	0.04430	0.16578	0.00331	0.00426
13	0.00923	0.00869	0.01490	0.21256	0.24311	0.00919	0.12796	0.02729	0.01005	0.01364	0.04212	0.09037	0.04873	0.00698	0.02156	0.00167	0.03993	0.06371	0.00274	0.00556
14	0.00812	0.02805	0.00937	0.00891	0.04615	0.04843	0.06055	0.02212	0.05911	0.01309	0.05093	0.22743	0.13209	0.06163	0.03709	0.00201	0.06054	0.08142	0.03837	0.00458
15	0.09509	0.04197	0.02867	0.03704	0.08110	0.04013	0.08043	0.01143	0.04505	0.03302	0.01315	0.09855	0.04149	0.13395	0.13133	0.00280	0.05814	0.00551	0.00284	0.01832
16	0.09211	0.00866	0.02285	0.06731	0.11463	0.07017	0.04220	0.07201	0.04236	0.03526	0.01547	0.26723	0.03235	0.04656	0.00604	0.02673	0.00441	0.02519	0.00335	0.00510
17	0.07071	0.02877	0.01180	0.05818	0.10550	0.07016	0.06352	0.09903	0.02672	0.07761	0.04611	0.07480	0.02868	0.07386	0.06145	0.01708	0.01953	0.03986	0.00327	0.02336
18	0.02507	0.10319	0.09502	0.04211	0.02883	0.15165	0.03376	0.09301	0.04528	0.02784	0.01200	0.15908	0.01148	0.02826	0.03866	0.00175	0.06410	0.00535	0.02812	0.00545
19	0.10793	0.07179	0.06607	0.09205	0.04495	0.20003	0.03147	0.09034	0.06214	0.04475	0.00890	0.01021	0.00695	0.00523	0.02257	0.00139	0.01867	0.00343	0.00281	0.10831
20	0.03761	0.02459	0.07186	0.02574	0.14381	0.20310	0.04629	0.07975	0.01182	0.07099	0.06255	0.06462	0.05262	0.00645	0.01597	0.00146	0.01701	0.02393	0.02021	0.01964

[dist]
# distance from previous block
# <min> <max>
1	42

[block]
# block no. 10 follows, 57 sequences, length 17
# corresponding to MSA columns:
# 1140-1156
name=unknown_K
#
# <colnr> <probs for GDERKNQSTAVLIFYWHMCP>
#	G	D	E	R	K	N	Q	S	T	A	V	L	I	F	Y	W	H	M	C	P
0	0.03079	0.03018	0.05385	0.09028	0.14983	0.02188	0.00844	0.05806	0.06665	0.05626	0.10026	0.05069	0.09617	0.02263	0.04388	0.00176	0.03483	0.02554	0.00334	0.05470
1	0.04106	0.11743	0.03375	0.07129	0.05792	0.11507	0.02797	0.04043	0.03129	0.02808	0.05099	0.03643	0.01986	0.00588	0.02276	0.00134	0.04692	0.02760	0.00279	0.22113
2	0.05245	0.02557	0.04141	0.02985	0.09012	0.11535	0.00728	0.05811	0.06042	0.08280	0.01554	0.18087	0.05510	0.05309	0.03347	0.00180	0.02223	0.00606	0.03022	0.03826
3	0.05249	0.02890	0.00858	0.02506	0.00944	0.04771	0.00614	0.03816	0.05083	0.03700	0.03275	0.03736	0.01171	0.03721	0.51456	0.00512	0.03080	0.00482	0.01673	0.00463
4	0.00833	0.00674	0.05663	0.00668	0.00811	0.00634	0.00546	0.06110	0.00937	0.01434	0.06869	0.01876	0.01333	0.15540	0.17952	0.00305	0.06118	0.00488	0.26193	0.05015
5	0.01230	0.20565	0.12115	0.01120	0.03558	0.03531	0.09996	0.21542	0.07233	0.01711	0.01077	0.03009	0.02978	0.00575	0.01992	0.00146	0.04836	0.00415	0.01735	0.00637
6	0.01030	0.07630	0.07995	0.03678	0.01278	0.03493	0.03563	0.06138	0.05256	0.02765	0.03402	0.04526	0.00917	0.00505	0.01795	0.00112	0.00437	0.00374	0.00290	0.44815
7	0.03391	0.13411	0.07713	0.06830	0.05735	0.06868	0.05891	0.09706	0.08033	0.06278	0.03314	0.14433	0.01209	0.00636	0.00460	0.00141	0.01788	0.00534	0.01436	0.02192
8	0.01463	0.08349	0.01348	0.05685	0.05702	0.50293	0.00874	0.07035	0.04273	0.01270	0.00856	0.03165	0.00746	0.04230	0.00527	0.00139	0.02879	0.00362	0.00258	0.00547
9	0.01438	0.01128	0.01200	0.00985	0.01297	0.01273	0.00793	0.42842	0.39489	0.02398	0.01449	0.01375	0.01063	0.00578	0.00457	0.00144	0.00432	0.00458	0.00457	0.00745
10	0.00634	0.00508	0.00548	0.00542	0.00684	0.00471	0.00404	0.00892	0.09729	0.01404	0.15520	0.11606	0.48960	0.01051	0.00520	0.00152	0.00244	0.00893	0.04812	0.00427
11	0.00722	0.00502	0.00618	0.00600	0.00722	0.00481	0.00457	0.00990	0.06765	0.03753	0.46653	0.09443	0.10564	0.00937	0.00516	0.00149	0.00248	0.06399	0.09035	0.00447
12	0.07965	0.01030	0.01023	0.05666	0.04499	0.10858	0.00733	0.09345	0.33995	0.01722	0.04589	0.09395	0.01378	0.04144	0.00532	0.00161	0.00438	0.01543	0.00383	0.00602
13	0.00774	0.00657	0.01996	0.07049	0.07868	0.02932	0.04194	0.03225	0.00989	0.03418	0.07402	0.46556	0.06953	0.01060	0.00559	0.00167	0.02420	0.00950	0.00375	0.00458
14	0.03399	0.14750	0.03997	0.07043	0.06103	0.10699	0.00799	0.04785	0.13692	0.03450	0.01068	0.05451	0.00899	0.00507	0.00414	0.00121	0.01892	0.00396	0.02547	0.17991
15	0.03056	0.12330	0.06268	0.05770	0.12523	0.12819	0.01949	0.11729	0.06907	0.04782	0.02263	0.02655	0.02196	0.00510	0.00426	0.01160	0.00508	0.00394	0.05420	0.06334
16	0.00769	0.02362	0.02709	0.00758	0.02287	0.03609	0.02447	0.02127	0.07792	0.03556	0.04548	0.42800	0.14426	0.03101	0.00595	0.00171	0.02335	0.00948	0.00393	0.02269

[dist]
# distance from previous block
# <min> <max>
0	23

[block]
# block no. 11 follows, 57 sequences, length 10
# corresponding to MSA columns:
# 1181-1190
name=unknown_L
#
# <colnr> <probs for GDERKNQSTAVLIFYWHMCP>
#	G	D	E	R	K	N	Q	S	T	A	V	L	I	F	Y	W	H	M	C	P
0	0.01030	0.43329	0.09573	0.00805	0.01117	0.01295	0.00776	0.06470	0.00985	0.01242	0.01335	0.07273	0.10324	0.03786	0.04530	0.00166	0.04706	0.00456	0.00260	0.00540
1	0.01092	0.06024	0.09640	0.03009	0.03758	0.05724	0.04855	0.17758	0.07587	0.03549	0.01682	0.06849	0.11843	0.08176	0.04795	0.00200	0.00517	0.02032	0.00342	0.00568
2	0.02432	0.04706	0.02551	0.01334	0.16695	0.05857	0.10288	0.09155	0.03840	0.04839	0.09471	0.15181	0.03193	0.00719	0.00539	0.00151	0.04692	0.03444	0.00339	0.00574
3	0.00652	0.00475	0.00601	0.00651	0.00720	0.00465	0.00461	0.05921	0.00971	0.01290	0.05475	0.54766	0.09514	0.05592	0.06182	0.00227	0.00355	0.04878	0.00406	0.00399
4	0.00678	0.00491	0.00601	0.04602	0.00749	0.00497	0.00421	0.04710	0.00851	0.01122	0.02013	0.26629	0.10251	0.37656	0.06447	0.00323	0.00425	0.00839	0.00336	0.00358
5	0.03606	0.01452	0.01130	0.00962	0.01250	0.35921	0.00744	0.09861	0.13159	0.01525	0.00957	0.01042	0.00764	0.00574	0.03493	0.00136	0.00597	0.00337	0.00301	0.22191
6	0.00740	0.04694	0.00887	0.06593	0.03962	0.00641	0.02924	0.00884	0.00910	0.01216	0.03540	0.15127	0.21630	0.10167	0.05441	0.00208	0.03999	0.02198	0.00323	0.13917
7	0.01020	0.00852	0.03737	0.00706	0.01102	0.00636	0.00587	0.01264	0.03592	0.07790	0.01020	0.01105	0.02904	0.00388	0.00358	0.00081	0.00349	0.00312	0.00299	0.71898
8	0.02403	0.01141	0.03106	0.16911	0.20945	0.12063	0.07229	0.08617	0.02033	0.03857	0.00994	0.04052	0.01762	0.02582	0.00544	0.00146	0.04654	0.00435	0.01370	0.05157
9	0.01222	0.00856	0.05170	0.00959	0.06458	0.00738	0.06244	0.05105	0.07351	0.22901	0.04420	0.06038	0.06316	0.05778	0.00563	0.00151	0.00403	0.00525	0.05363	0.13438

[dist]
# distance from previous block
# <min> <max>
0	8

[block]
# block no. 12 follows, 57 sequences, length 14
# corresponding to MSA columns:
# 1200-1213
name=unknown_M
#
# <colnr> <probs for GDERKNQSTAVLIFYWHMCP>
#	G	D	E	R	K	N	Q	S	T	A	V	L	I	F	Y	W	H	M	C	P
0	0.01168	0.10461	0.08616	0.03508	0.07828	0.22062	0.00855	0.01397	0.03589	0.03040	0.02695	0.04463	0.02601	0.02833	0.00498	0.00127	0.03890	0.00388	0.00263	0.19720
1	0.00750	0.00415	0.00593	0.02223	0.00656	0.00414	0.00414	0.00652	0.00696	0.00945	0.05136	0.05398	0.06586	0.01515	0.04980	0.63243	0.00399	0.00499	0.04232	0.00254
2	0.08732	0.06690	0.02670	0.19120	0.23529	0.04017	0.06032	0.09083	0.03516	0.03563	0.00989	0.01216	0.02121	0.02054	0.00459	0.00142	0.00522	0.00402	0.04535	0.00605
3	0.00573	0.00413	0.00539	0.00620	0.00663	0.00390	0.00425	0.00664	0.00886	0.01178	0.06034	0.63331	0.08099	0.06643	0.03805	0.00218	0.00312	0.04429	0.00408	0.00369
4	0.00693	0.00475	0.00551	0.00547	0.00586	0.00481	0.00352	0.03199	0.00771	0.01034	0.01691	0.03012	0.07320	0.61254	0.08325	0.00407	0.00480	0.05634	0.02865	0.00322
5	0.00566	0.00460	0.00502	0.00501	0.00639	0.00397	0.00378	0.00704	0.01083	0.01356	0.21086	0.06269	0.59622	0.01110	0.00540	0.00153	0.00233	0.03571	0.00438	0.00393
6	0.01099	0.02763	0.01486	0.11854	0.15818	0.08427	0.04412	0.06008	0.00946	0.01299	0.00761	0.01096	0.00668	0.02130	0.02090	0.00176	0.36236	0.00399	0.01775	0.00556
