[name]
unknown

[dist]
# distance from previous block
# <min> <max>
0	37

[block]
# block no. 0 follows, 72 sequences, length 18
# corresponding to MSA columns:
# 37-54
name=unknown_A
#
# <colnr> <probs for GDERKNQSTAVLIFYWHMCP>
#	G	D	E	R	K	N	Q	S	T	A	V	L	I	F	Y	W	H	M	C	P
0	0.02885	0.12133	0.14070	0.00825	0.01140	0.01059	0.00766	0.37557	0.14050	0.05141	0.00977	0.01079	0.00749	0.03391	0.00414	0.00123	0.00410	0.02339	0.00314	0.00579
1	0.06337	0.14217	0.14741	0.02340	0.01205	0.01899	0.06810	0.28297	0.02459	0.05302	0.03395	0.02585	0.02560	0.00427	0.00351	0.00109	0.00422	0.00339	0.00277	0.05925
2	0.01025	0.00816	0.00874	0.00770	0.00995	0.00928	0.00604	0.06311	0.73259	0.07673	0.01506	0.01379	0.01115	0.00508	0.00385	0.00127	0.00308	0.00421	0.00392	0.00606
3	0.00521	0.00363	0.00420	0.00441	0.00464	0.00350	0.00272	0.00551	0.00635	0.00830	0.01731	0.21048	0.11718	0.55664	0.01403	0.00288	0.00314	0.02454	0.00274	0.00261
4	0.01020	0.00871	0.04233	0.03891	0.05678	0.00876	0.15977	0.22209	0.16121	0.06727	0.03450	0.02853	0.02638	0.08117	0.02207	0.00154	0.01710	0.00429	0.00306	0.00532
5	0.00743	0.06233	0.00822	0.05712	0.02397	0.04867	0.01629	0.03122	0.08429	0.03793	0.04237	0.09278	0.01121	0.06886	0.34572	0.00332	0.02193	0.00455	0.00252	0.02929
6	0.06790	0.81266	0.01894	0.00639	0.00958	0.01458	0.00633	0.01134	0.00762	0.00945	0.00527	0.00609	0.00482	0.00326	0.00243	0.00083	0.00398	0.00203	0.00167	0.00482
7	0.04545	0.00880	0.09453	0.07331	0.07364	0.00804	0.02527	0.20684	0.08383	0.17341	0.04765	0.02692	0.06866	0.01676	0.02867	0.00137	0.00400	0.00411	0.00327	0.00545
8	0.00902	0.00854	0.01428	0.13765	0.62497	0.00888	0.02899	0.03041	0.03275	0.01233	0.02338	0.02225	0.00686	0.00377	0.00396	0.00117	0.01954	0.00360	0.00202	0.00563
9	0.01004	0.00829	0.00914	0.07608	0.01139	0.00954	0.00650	0.11700	0.65079	0.03660	0.01396	0.01319	0.01038	0.00495	0.00384	0.00126	0.00331	0.00410	0.00370	0.00592
10	0.01001	0.03478	0.23749	0.03788	0.09656	0.05929	0.08194	0.05471	0.07840	0.14177	0.08298	0.03646	0.00993	0.00461	0.00386	0.00119	0.00446	0.01552	0.00277	0.00539
11	0.16069	0.04635	0.17824	0.07646	0.11207	0.03400	0.10182	0.06581	0.02070	0.07499	0.03404	0.04276	0.00728	0.00412	0.00355	0.00117	0.00441	0.00350	0.00239	0.02565
12	0.06717	0.01071	0.11726	0.00998	0.09118	0.16953	0.04432	0.03080	0.05604	0.03795	0.00871	0.06719	0.00787	0.06514	0.07511	0.00181	0.12855	0.00384	0.00226	0.00458
13	0.00952	0.00786	0.02469	0.02173	0.08009	0.00784	0.18124	0.09154	0.21164	0.10504	0.01469	0.09762	0.08278	0.00612	0.02382	0.00139	0.00406	0.01988	0.00319	0.00524
14	0.00794	0.00655	0.00770	0.00563	0.00882	0.00496	0.00447	0.00957	0.00791	0.03529	0.00773	0.05399	0.00677	0.00335	0.00295	0.00063	0.00279	0.00275	0.00238	0.81782
15	0.02803	0.00587	0.06798	0.01683	0.05815	0.00490	0.04873	0.01894	0.02268	0.02311	0.09147	0.40152	0.03389	0.08966	0.00577	0.00157	0.00307	0.02345	0.00305	0.05134
16	0.00607	0.00439	0.00562	0.00544	0.00596	0.00481	0.00386	0.06006	0.00669	0.00923	0.01161	0.04803	0.02614	0.38592	0.37625	0.00439	0.02515	0.00493	0.00233	0.00312
17	0.00835	0.05760	0.56723	0.00996	0.01437	0.02687	0.05586	0.01194	0.02282	0.06600	0.00814	0.03688	0.00635	0.01697	0.05677	0.00154	0.02177	0.00332	0.00197	0.00529

[dist]
# distance from previous block
# <min> <max>
3	10

[block]
# block no. 1 follows, 72 sequences, length 54
# corresponding to MSA columns:
# 65-118
name=unknown_B
#
# <colnr> <probs for GDERKNQSTAVLIFYWHMCP>
#	G	D	E	R	K	N	Q	S	T	A	V	L	I	F	Y	W	H	M	C	P
0	0.01981	0.00735	0.03244	0.05243	0.03804	0.11058	0.02464	0.03765	0.03011	0.04454	0.00908	0.01247	0.00797	0.03202	0.44638	0.03365	0.05096	0.00368	0.00218	0.00402
1	0.02972	0.00976	0.03693	0.05600	0.25294	0.11664	0.08675	0.12247	0.06728	0.03466	0.00942	0.08599	0.00809	0.00456	0.00379	0.00116	0.00447	0.00404	0.03821	0.02712
2	0.00823	0.00693	0.00860	0.06229	0.06856	0.00618	0.00562	0.03918	0.10374	0.02567	0.02236	0.04818	0.00784	0.00431	0.02153	0.00093	0.00326	0.00320	0.00255	0.55083
3	0.01031	0.02487	0.01199	0.35007	0.07737	0.31540	0.03869	0.03880	0.00905	0.01023	0.00640	0.00863	0.00512	0.00403	0.00435	0.00117	0.07406	0.00305	0.00187	0.00452
4	0.00537	0.00388	0.00507	0.00477	0.00567	0.00358	0.00358	0.00716	0.01074	0.01521	0.84106	0.02833	0.03578	0.00775	0.00447	0.00119	0.00179	0.00686	0.00417	0.00358
5	0.01416	0.01043	0.01120	0.00864	0.01160	0.01154	0.00711	0.80900	0.01756	0.02353	0.00941	0.03129	0.00693	0.00474	0.00382	0.00115	0.00412	0.00361	0.00379	0.00636
6	0.00542	0.00406	0.00610	0.00610	0.00677	0.00474	0.00474	0.00677	0.00610	0.00880	0.01016	0.01490	0.00948	0.02844	0.85169	0.00610	0.01016	0.00406	0.00203	0.00339
7	0.00830	0.00830	0.01162	0.00996	0.00996	0.01162	0.00830	0.00913	0.00581	0.00913	0.00498	0.00830	0.00498	0.00664	0.01245	0.00166	0.85977	0.00332	0.00166	0.00415
8	0.00582	0.00448	0.00586	0.09177	0.00769	0.02342	0.00431	0.00670	0.00613	0.00830	0.01087	0.01879	0.02193	0.38610	0.37700	0.00439	0.00667	0.00464	0.00213	0.00302
9	0.01417	0.01808	0.01075	0.00977	0.01172	0.85149	0.00733	0.01514	0.01075	0.00928	0.00586	0.00684	0.00489	0.00391	0.00342	0.00098	0.00684	0.00244	0.00195	0.00440
10	0.03698	0.03400	0.10504	0.00683	0.01027	0.05153	0.00613	0.08133	0.00915	0.10113	0.00768	0.00836	0.00589	0.00334	0.00310	0.00080	0.00354	0.00257	0.00253	0.51980
11	0.01917	0.25535	0.19008	0.03159	0.23260	0.06371	0.06848	0.01183	0.00833	0.03649	0.00707	0.03278	0.00594	0.00375	0.00353	0.00108	0.01795	0.00311	0.00189	0.00527
12	0.00761	0.00481	0.00608	0.00545	0.00680	0.00463	0.00419	0.01052	0.11831	0.13742	0.61200	0.02421	0.02875	0.00696	0.00430	0.00120	0.00216	0.00608	0.00421	0.00432
13	0.03044	0.00969	0.01046	0.00817	0.01104	0.02619	0.00672	0.61752	0.03595	0.12782	0.01091	0.01123	0.02921	0.00482	0.00380	0.00115	0.00395	0.02572	0.00381	0.02140
14	0.02313	0.01203	0.06655	0.11929	0.08193	0.23620	0.22669	0.03092	0.00890	0.02021	0.00665	0.00875	0.00531	0.00407	0.00512	0.00123	0.13294	0.00336	0.00192	0.00480
15	0.00544	0.00398	0.00565	0.00565	0.00618	0.00450	0.00419	0.00649	0.00596	0.00848	0.01056	0.01713	0.01045	0.21687	0.66458	0.00555	0.00870	0.00439	0.00209	0.00314
16	0.00830	0.00830	0.01162	0.00996	0.00996	0.01162	0.00830	0.00913	0.00581	0.00913	0.00498	0.00830	0.00498	0.00664	0.01245	0.00166	0.85977	0.00332	0.00166	0.00415
17	0.00543	0.00401	0.00584	0.00584	0.00643	0.00460	0.00442	0.00661	0.00602	0.00861	0.01039	0.01620	0.01004	0.13810	0.74280	0.00578	0.00931	0.00425	0.00207	0.00324
18	0.89350	0.00733	0.00557	0.00499	0.00733	0.00851	0.00411	0.01115	0.00645	0.01702	0.00528	0.00616	0.00411	0.00352	0.00235	0.00117	0.00293	0.00205	0.00235	0.00411
19	0.00761	0.00499	0.00631	0.00536	0.00710	0.00437	0.00417	0.00963	0.03775	0.12489	0.50674	0.02170	0.02468	0.00625	0.00402	0.00107	0.00228	0.02230	0.00380	0.19498
20	0.03421	0.00679	0.01050	0.33649	0.21291	0.01661	0.00861	0.00924	0.00743	0.01029	0.00895	0.09259	0.00860	0.09309	0.02573	0.00166	0.08223	0.02772	0.00205	0.00429
21	0.00830	0.00830	0.01162	0.00996	0.00996	0.01162	0.00830	0.00913	0.00581	0.00913	0.00498	0.00830	0.00498	0.00664	0.01245	0.00166	0.85977	0.00332	0.00166	0.00415
22	0.00786	0.00674	0.00786	0.00562	0.00899	0.00506	0.00449	0.00955	0.00786	0.01236	0.00674	0.00786	0.00562	0.00281	0.00281	0.00056	0.00281	0.00225	0.00225	0.88990
23	0.00611	0.00437	0.00611	0.00698	0.00786	0.00437	0.00611	0.00786	0.00873	0.01135	0.02008	0.04278	0.02183	0.01048	0.00524	0.00175	0.00349	0.81753	0.00349	0.00349
24	0.00939	0.00901	0.01539	0.02328	0.84306	0.00901	0.01164	0.01164	0.00864	0.01239	0.00713	0.00939	0.00601	0.00338	0.00375	0.00113	0.00451	0.00338	0.00188	0.00601
25	0.00786	0.00674	0.00786	0.00562	0.00899	0.00506	0.00449	0.00955	0.00786	0.01236	0.00674	0.00786	0.00562	0.00281	0.00281	0.00056	0.00281	0.00225	0.00225	0.88990
26	0.00550	0.00368	0.00413	0.00413	0.00415	0.00367	0.00231	0.00551	0.00557	0.00741	0.01244	0.02504	0.02923	0.85073	0.01903	0.00363	0.00364	0.00556	0.00232	0.00231
27	0.00716	0.00674	0.01138	0.85760	0.02612	0.00843	0.01053	0.00969	0.00758	0.00969	0.00674	0.01011	0.00506	0.00379	0.00379	0.00126	0.00506	0.00337	0.00169	0.00421
28	0.00464	0.00331	0.00440	0.00526	0.00548	0.00309	0.00350	0.00528	0.00723	0.00964	0.02074	0.84913	0.02488	0.02727	0.00510	0.00158	0.00223	0.01069	0.00350	0.00307
29	0.00622	0.00468	0.00682	0.09374	0.03483	0.00484	0.00656	0.00799	0.00852	0.01111	0.01839	0.09124	0.01985	0.00967	0.00502	0.00167	0.00360	0.65838	0.00326	0.00362
30	0.00462	0.00330	0.00440	0.00528	0.00550	0.00308	0.00352	0.00528	0.00726	0.00968	0.02090	0.86424	0.02508	0.01188	0.00484	0.00154	0.00220	0.01078	0.00352	0.00308
31	0.00943	0.00815	0.00858	0.00772	0.00986	0.00943	0.00600	0.02015	0.83621	0.01586	0.01544	0.01415	0.01158	0.00515	0.00386	0.00129	0.00300	0.00429	0.00386	0.00600
32	0.01014	0.86900	0.01987	0.00649	0.00973	0.01501	0.00649	0.01136	0.00771	0.00892	0.00527	0.00608	0.00487	0.00324	0.00243	0.00081	0.00406	0.00203	0.00162	0.00487
33	0.00859	0.00880	0.01176	0.01005	0.01021	0.05194	0.02211	0.00947	0.00610	0.00919	0.00507	0.00826	0.00499	0.00645	0.01188	0.00162	0.80439	0.00330	0.00168	0.00418
34	0.00462	0.00330	0.00440	0.00528	0.00550	0.00308	0.00352	0.00528	0.00726	0.00968	0.02090	0.86424	0.02508	0.01188	0.00484	0.00154	0.00220	0.01078	0.00352	0.00308
35	0.00530	0.00387	0.00498	0.00470	0.00562	0.00355	0.00353	0.00703	0.01058	0.01483	0.78052	0.02895	0.09655	0.00789	0.00447	0.00120	0.00180	0.00695	0.00413	0.00355
36	0.00878	0.00680	0.00730	0.00633	0.00821	0.00711	0.00496	0.30997	0.11562	0.01597	0.03627	0.13364	0.30859	0.00746	0.00420	0.00126	0.00292	0.00620	0.00367	0.00473
37	0.29169	0.00861	0.00887	0.02590	0.01009	0.00946	0.00590	0.41019	0.01259	0.12418	0.00890	0.03096	0.00657	0.00452	0.00348	0.01153	0.00359	0.00323	0.01426	0.00548
38	0.00542	0.00406	0.00610	0.00610	0.00677	0.00474	0.00474	0.00677	0.00610	0.00880	0.01016	0.01490	0.00948	0.02844	0.85169	0.00610	0.01016	0.00406	0.00203	0.00339
39	0.45940	0.00819	0.01061	0.01375	0.39276	0.00877	0.03254	0.01140	0.00753	0.01474	0.00621	0.00777	0.00503	0.00345	0.00306	0.00115	0.00376	0.00274	0.00212	0.00501
40	0.00477	0.00341	0.00457	0.00545	0.00574	0.00321	0.00378	0.00554	0.00741	0.00985	0.02082	0.78176	0.02476	0.01174	0.00488	0.00156	0.00233	0.09179	0.00352	0.00312
41	0.00752	0.00719	0.00985	0.00873	0.00899	0.02945	0.00715	0.00852	0.00602	0.00903	0.00664	0.01035	0.00640	0.01348	0.27811	0.00305	0.57029	0.00353	0.00178	0.00391
42	0.00948	0.03612	0.39764	0.01449	0.27520	0.16828	0.02200	0.01247	0.00873	0.01154	0.00670	0.00820	0.00521	0.00358	0.00360	0.00113	0.00547	0.00292	0.00176	0.00548
43	0.00719	0.00677	0.01109	0.04993	0.32912	0.00659	0.10476	0.00909	0.00883	0.01189	0.12703	0.02007	0.25542	0.00622	0.01750	0.00129	0.01458	0.00534	0.00266	0.00461
44	0.00603	0.00431	0.00602	0.00690	0.00774	0.00430	0.00598	0.00773	0.00866	0.01126	0.02012	0.08493	0.02199	0.01055	0.00522	0.00174	0.00343	0.77613	0.00349	0.00347
45	0.01014	0.86900	0.01987	0.00649	0.00973	0.01501	0.00649	0.01136	0.00771	0.00892	0.00527	0.00608	0.00487	0.00324	0.00243	0.00081	0.00406	0.00203	0.00162	0.00487
46	0.00482	0.00335	0.00438	0.00511	0.00540	0.00313	0.00343	0.00542	0.00726	0.00974	0.03586	0.72352	0.06151	0.03050	0.00557	0.04570	0.00225	0.00987	0.03016	0.00302
47	0.00542	0.00405	0.00603	0.00603	0.00668	0.00471	0.00466	0.00673	0.00608	0.00876	0.01022	0.01523	0.00962	0.05640	0.82392	0.00601	0.00994	0.00411	0.00204	0.00335
48	0.00791	0.01329	0.41230	0.08553	0.09647	0.00846	0.04598	0.01280	0.16965	0.01241	0.01026	0.03713	0.03359	0.00486	0.01813	0.00132	0.00480	0.01753	0.00225	0.00535
49	0.00839	0.00710	0.00795	0.00645	0.00906	0.00682	0.00507	0.03202	0.34135	0.01432	0.09501	0.01250	0.01110	0.00429	0.00342	0.00093	0.00281	0.00356	0.00313	0.42473
50	0.00757	0.09440	0.01242	0.73275	0.06208	0.00912	0.01017	0.00995	0.00764	0.00974	0.00661	0.00967	0.00508	0.00372	0.00365	0.00121	0.00493	0.00323	0.00169	0.00436
51	0.00932	0.00789	0.07795	0.24273	0.06482	0.00712	0.02327	0.09591	0.00932	0.13225	0.02796	0.11008	0.00898	0.00481	0.00375	0.00113	0.00394	0.00416	0.00271	0.16190
52	0.01625	0.00755	0.07116	0.00710	0.01024	0.00598	0.00625	0.04012	0.01083	0.76135	0.01420	0.01244	0.00897	0.00461	0.00380	0.00117	0.00343	0.00373	0.00444	0.00639
53	0.00994	0.00857	0.00991	0.00844	0.01081	0.00970	0.06731	0.10858	0.68483	0.01647	0.01416	0.01330	0.01058	0.00494	0.00390	0.00127	0.00338	0.00421	0.00371	0.00599

[dist]
# distance from previous block
# <min> <max>
0	7

[block]
# block no. 2 follows, 72 sequences, length 25
# corresponding to MSA columns:
# 126-150
name=unknown_C
#
# <colnr> <probs for GDERKNQSTAVLIFYWHMCP>
#	G	D	E	R	K	N	Q	S	T	A	V	L	I	F	Y	W	H	M	C	P
0	0.00885	0.02381	0.25360	0.16136	0.33430	0.03504	0.02420	0.04569	0.00864	0.02212	0.00707	0.00906	0.00551	0.00381	0.00394	0.02189	0.00493	0.00317	0.00188	0.02114
1	0.00916	0.27063	0.46482	0.00934	0.01371	0.07684	0.02315	0.03484	0.04375	0.01137	0.00672	0.00767	0.00518	0.00361	0.00327	0.00107	0.00510	0.00265	0.00180	0.00532
2	0.00786	0.01812	0.72981	0.01257	0.13296	0.00884	0.01368	0.01196	0.00810	0.01206	0.00685	0.00820	0.00497	0.00357	0.00362	0.00119	0.00545	0.00288	0.00164	0.00566
3	0.00489	0.00364	0.00460	0.00520	0.00581	0.00335	0.00381	0.00587	0.00805	0.01045	0.08002	0.48758	0.20801	0.01086	0.00480	0.00149	0.00232	0.14248	0.00356	0.00321
4	0.03019	0.00532	0.04587	0.04836	0.02664	0.00489	0.00508	0.04137	0.07011	0.04087	0.02894	0.53136	0.02914	0.00932	0.00445	0.00143	0.00280	0.04880	0.02121	0.00386
5	0.01021	0.04739	0.35143	0.01271	0.14766	0.03477	0.14597	0.04166	0.00915	0.15035	0.00834	0.00933	0.00598	0.00371	0.00376	0.00117	0.00509	0.00332	0.00230	0.00569
6	0.00552	0.00368	0.00414	0.00414	0.00414	0.00368	0.00230	0.00552	0.00552	0.00735	0.01195	0.02482	0.01379	0.86672	0.01930	0.00368	0.00368	0.00552	0.00230	0.00230
7	0.00830	0.00830	0.01162	0.00996	0.00996	0.01162	0.00830	0.00913	0.00581	0.00913	0.00498	0.00830	0.00498	0.00664	0.01245	0.00166	0.85977	0.00332	0.00166	0.00415
8	0.03717	0.05855	0.01091	0.00800	0.01089	0.01041	0.00663	0.54016	0.07574	0.16967	0.01054	0.02683	0.00757	0.00466	0.00371	0.00115	0.00384	0.00358	0.00379	0.00620
9	0.00867	0.15971	0.44949	0.01153	0.12195	0.00967	0.06710	0.03859	0.00852	0.03130	0.00826	0.00937	0.04074	0.00379	0.00352	0.00112	0.00496	0.00312	0.00190	0.01671
10	0.00940	0.61955	0.26280	0.00776	0.01170	0.01319	0.00870	0.01155	0.00779	0.00983	0.00572	0.00665	0.00485	0.00335	0.00278	0.00093	0.00451	0.00226	0.00162	0.00508
11	0.00542	0.00405	0.00604	0.00604	0.00669	0.00471	0.00467	0.00673	0.00608	0.00876	0.01021	0.01520	0.00961	0.05387	0.82643	0.00602	0.00996	0.00411	0.00204	0.00335
12	0.00494	0.00379	0.00453	0.00454	0.00548	0.00338	0.00336	0.00624	0.00938	0.01242	0.39802	0.15815	0.33726	0.00913	0.00455	0.00129	0.00194	0.02442	0.00382	0.00336
13	0.01106	0.27884	0.15860	0.00982	0.07371	0.30980	0.00849	0.02472	0.05732	0.01046	0.00653	0.00748	0.00536	0.00374	0.00336	0.00101	0.02021	0.00258	0.00192	0.00499
14	0.00552	0.00368	0.00414	0.00414	0.00414	0.00368	0.00230	0.00552	0.00552	0.00735	0.01195	0.02482	0.01379	0.86672	0.01930	0.00368	0.00368	0.00552	0.00230	0.00230
15	0.00469	0.00335	0.00449	0.00537	0.00562	0.00314	0.00365	0.00541	0.00733	0.00976	0.02086	0.82349	0.02492	0.01181	0.00486	0.00155	0.00226	0.05080	0.00352	0.00310
16	0.01065	0.00992	0.07221	0.03019	0.28507	0.00918	0.24161	0.14837	0.01036	0.10235	0.00862	0.02505	0.00659	0.00389	0.00412	0.00120	0.01854	0.00383	0.00251	0.00574
17	0.01033	0.01018	0.01199	0.18198	0.22944	0.16310	0.02318	0.12141	0.12043	0.01304	0.00836	0.02654	0.00673	0.00430	0.00424	0.00119	0.05245	0.00349	0.00239	0.00524
18	0.00505	0.00381	0.00467	0.00457	0.00550	0.00343	0.00338	0.00651	0.00983	0.01332	0.54341	0.11289	0.25241	0.00866	0.00451	0.00125	0.00187	0.00755	0.00393	0.00343
19	0.01116	0.01000	0.00934	0.00815	0.01043	0.14010	0.00637	0.14014	0.55947	0.04302	0.01299	0.01222	0.00970	0.00485	0.00378	0.00121	0.00378	0.00386	0.00358	0.00584
20	0.00808	0.09224	0.04468	0.00592	0.00938	0.00620	0.00509	0.00983	0.00785	0.01200	0.00660	0.00769	0.00551	0.00289	0.00281	0.00061	0.00305	0.00225	0.00216	0.76515
21	0.00949	0.27482	0.40847	0.00937	0.01341	0.12969	0.02542	0.02921	0.00842	0.01081	0.00619	0.00734	0.00489	0.00369	0.00365	0.00107	0.04458	0.00259	0.00171	0.00515
22	0.01294	0.01412	0.01092	0.01045	0.08518	0.49578	0.02084	0.13785	0.09098	0.03737	0.00829	0.04293	0.00683	0.00441	0.00363	0.00108	0.00556	0.00326	0.00255	0.00502
23	0.00821	0.12719	0.00839	0.00626	0.01720	0.00687	0.00487	0.12753	0.07619	0.06565	0.11642	0.28840	0.06745	0.00810	0.02680	0.00138	0.00304	0.00640	0.02926	0.00439
24	0.05705	0.04546	0.01262	0.01104	0.11176	0.21488	0.12310	0.15992	0.05126	0.14501	0.00900	0.02652	0.00682	0.00416	0.00369	0.00113	0.00486	0.00345	0.00283	0.00544

[dist]
# distance from previous block
# <min> <max>
2	4

[block]
# block no. 3 follows, 72 sequences, length 10
# corresponding to MSA columns:
# 155-164
name=unknown_D
#
# <colnr> <probs for GDERKNQSTAVLIFYWHMCP>
#	G	D	E	R	K	N	Q	S	T	A	V	L	I	F	Y	W	H	M	C	P
0	0.02516	0.03952	0.09777	0.22685	0.19284	0.04517	0.03592	0.10171	0.02861	0.07259	0.00898	0.03385	0.02728	0.00415	0.00370	0.00116	0.00451	0.00357	0.00237	0.04428
1	0.21328	0.11513	0.05349	0.03947	0.20194	0.06136	0.11411	0.05884	0.00880	0.07564	0.00735	0.02162	0.00581	0.00373	0.00336	0.00113	0.00440	0.00311	0.00229	0.00515
2	0.00870	0.04416	0.03607	0.00804	0.05792	0.00749	0.01856	0.07952	0.24797	0.07339	0.09598	0.08031	0.01325	0.01021	0.16784	0.00219	0.01898	0.02127	0.00321	0.00494
3	0.00490	0.00348	0.00455	0.00520	0.00553	0.00322	0.00346	0.00547	0.00708	0.00952	0.01912	0.73483	0.02275	0.07492	0.00617	0.03224	0.00237	0.00976	0.00331	0.04211
4	0.00956	0.04109	0.20892	0.06892	0.13443	0.00758	0.00848	0.09033	0.02482	0.14660	0.06817	0.01450	0.12171	0.00493	0.00380	0.00116	0.00394	0.00410	0.00285	0.03410
5	0.00927	0.02988	0.05274	0.04787	0.60846	0.02829	0.12360	0.01167	0.00857	0.01202	0.00706	0.00930	0.00581	0.00347	0.00402	0.00116	0.02581	0.00345	0.00185	0.00570
6	0.00686	0.00587	0.00581	0.00621	0.06092	0.11152	0.00366	0.00720	0.00641	0.00800	0.01078	0.02108	0.01196	0.66348	0.05257	0.00327	0.00442	0.00492	0.00221	0.00286
7	0.01339	0.18242	0.01251	0.00914	0.01134	0.68994	0.00717	0.01441	0.01016	0.00921	0.00575	0.00669	0.00488	0.00378	0.00323	0.00095	0.00630	0.00236	0.00189	0.00449
8	0.00453	0.00384	0.00391	0.00390	0.00515	0.00322	0.00292	0.00554	0.00877	0.01054	0.08529	0.03602	0.79447	0.00950	0.00448	0.00128	0.00191	0.00794	0.00356	0.00322
9	0.72290	0.17375	0.00834	0.00528	0.00780	0.00976	0.00457	0.01119	0.00670	0.01545	0.00528	0.00615	0.00425	0.00347	0.00236	0.00110	0.00315	0.00205	0.00221	0.00425

[dist]
# distance from previous block
# <min> <max>
0	1

[block]
# block no. 4 follows, 72 sequences, length 106
# corresponding to MSA columns:
# 166-271
name=unknown_E
#
# <colnr> <probs for GDERKNQSTAVLIFYWHMCP>
#	G	D	E	R	K	N	Q	S	T	A	V	L	I	F	Y	W	H	M	C	P
0	0.02814	0.73556	0.02994	0.00691	0.01002	0.10660	0.00665	0.02240	0.00815	0.00936	0.00541	0.00623	0.00487	0.00334	0.00257	0.00085	0.00436	0.00210	0.00170	0.00483
1	0.01014	0.86900	0.01987	0.00649	0.00973	0.01501	0.00649	0.01136	0.00771	0.00892	0.00527	0.00608	0.00487	0.00324	0.00243	0.00081	0.00406	0.00203	0.00162	0.00487
2	0.00707	0.00353	0.00353	0.00353	0.00442	0.00353	0.00265	0.00884	0.00795	0.01414	0.01237	0.01414	0.00972	0.00442	0.00265	0.00088	0.00177	0.00353	0.88777	0.00353
3	0.00786	0.00674	0.00786	0.00562	0.00899	0.00506	0.00449	0.00955	0.00786	0.01236	0.00674	0.00786	0.00562	0.00281	0.00281	0.00056	0.00281	0.00225	0.00225	0.88990
4	0.00473	0.00385	0.00418	0.00410	0.00527	0.00331	0.00308	0.00592	0.00923	0.01163	0.26212	0.03422	0.61695	0.00909	0.00448	0.00126	0.00188	0.00768	0.00370	0.00331
5	0.00552	0.00368	0.00414	0.00414	0.00414	0.00368	0.00230	0.00552	0.00552	0.00735	0.01195	0.02482	0.01379	0.86672	0.01930	0.00368	0.00368	0.00552	0.00230	0.00230
6	0.00925	0.39302	0.07631	0.01013	0.01325	0.01207	0.25546	0.01125	0.00783	0.01027	0.00612	0.00786	0.00517	0.00373	0.00461	0.00109	0.12976	0.00302	0.00174	0.03807
7	0.74467	0.00915	0.00645	0.00580	0.00808	0.15119	0.00465	0.01182	0.00718	0.01571	0.00538	0.00628	0.00424	0.00359	0.00253	0.00114	0.00359	0.00212	0.00228	0.00416
8	0.00516	0.00380	0.00491	0.00556	0.00622	0.00358	0.00427	0.00628	0.00812	0.01053	0.05675	0.37571	0.17131	0.03215	0.00526	0.00160	0.00262	0.28940	0.00351	0.00325
9	0.00544	0.00399	0.00572	0.00572	0.00627	0.00454	0.00427	0.00653	0.00598	0.00853	0.01050	0.01679	0.01030	0.18832	0.69293	0.00563	0.00892	0.00434	0.00208	0.00318
10	0.00990	0.59554	0.07272	0.04172	0.13439	0.02392	0.03603	0.01160	0.00801	0.02708	0.00599	0.00714	0.00516	0.00335	0.00287	0.00093	0.00436	0.00246	0.00174	0.00509
11	0.00547	0.00415	0.00620	0.00617	0.00683	0.00487	0.00481	0.00682	0.00609	0.00881	0.01006	0.01477	0.00939	0.02802	0.83548	0.00601	0.02657	0.00405	0.00202	0.00340
12	0.01271	0.00826	0.00904	0.00719	0.00964	0.00885	0.00585	0.50322	0.03397	0.12351	0.01102	0.03177	0.00814	0.00473	0.00356	0.00110	0.00343	0.00369	0.20461	0.00570
13	0.02235	0.00769	0.00969	0.02542	0.05708	0.00801	0.04619	0.27125	0.11934	0.17625	0.02430	0.13516	0.03794	0.00597	0.00405	0.00126	0.00356	0.03531	0.00366	0.00550
14	0.00574	0.00518	0.00509	0.00542	0.00622	0.09642	0.00390	0.00663	0.00814	0.00994	0.04105	0.41881	0.27676	0.01107	0.05094	0.00165	0.00310	0.03736	0.00328	0.00330
15	0.00553	0.00413	0.00609	0.00607	0.00678	0.00481	0.00472	0.00708	0.02261	0.00905	0.01031	0.01487	0.00953	0.02748	0.81730	0.00589	0.00984	0.00406	0.02039	0.00344
16	0.01492	0.00700	0.00879	0.00705	0.00977	0.00674	0.00572	0.03572	0.23340	0.60509	0.01497	0.01316	0.00992	0.00481	0.00383	0.00120	0.00319	0.00393	0.00445	0.00633
17	0.79698	0.00770	0.00621	0.00540	0.00782	0.00887	0.00445	0.10111	0.00770	0.01777	0.00570	0.00648	0.00436	0.00363	0.00251	0.00117	0.00307	0.00220	0.00251	0.00436
18	0.06550	0.00731	0.00918	0.00732	0.01017	0.00672	0.00590	0.03279	0.10182	0.68525	0.01505	0.01361	0.00997	0.00518	0.00407	0.00133	0.00347	0.00401	0.00469	0.00665
19	0.01333	0.01003	0.01074	0.00848	0.01130	0.01117	0.00692	0.66976	0.16281	0.02218	0.01047	0.02751	0.00774	0.00481	0.00383	0.00117	0.00393	0.00372	0.00380	0.00630
20	0.00463	0.00334	0.00439	0.00521	0.00549	0.00310	0.00349	0.00533	0.00739	0.00982	0.03864	0.81029	0.06147	0.01170	0.00482	0.00152	0.00218	0.01058	0.00353	0.00310
21	0.01061	0.77475	0.01894	0.00673	0.00996	0.01465	0.00657	0.10129	0.00882	0.01057	0.00569	0.00642	0.00504	0.00339	0.00258	0.00085	0.00407	0.00218	0.00186	0.00504
22	0.01702	0.00645	0.00880	0.00675	0.00968	0.00557	0.00557	0.01848	0.01085	0.84568	0.01496	0.01291	0.00939	0.00469	0.00381	0.00117	0.00323	0.00381	0.00469	0.00645
23	0.01177	0.00889	0.00961	0.00785	0.01034	0.00984	0.00632	0.45065	0.27640	0.04283	0.08104	0.02321	0.03341	0.00523	0.00390	0.00120	0.00349	0.00420	0.00386	0.00594
24	0.00762	0.00819	0.08601	0.70800	0.03609	0.00866	0.03286	0.04830	0.00815	0.01066	0.00689	0.00987	0.00513	0.00379	0.00379	0.00125	0.00509	0.00335	0.00179	0.00449
25	0.00966	0.00870	0.01448	0.02136	0.75135	0.00870	0.01087	0.03390	0.00892	0.04053	0.00771	0.00973	0.00632	0.00351	0.00370	0.00112	0.00432	0.00340	0.04582	0.00591
26	0.00461	0.00336	0.00434	0.00512	0.00546	0.00309	0.00345	0.00530	0.00741	0.00974	0.02283	0.77335	0.11473	0.01163	0.00480	0.00151	0.00217	0.01048	0.00352	0.00309
27	0.00524	0.00508	0.03305	0.00585	0.06983	0.02447	0.00412	0.00642	0.00861	0.01049	0.04372	0.08681	0.65434	0.00893	0.00440	0.00128	0.00240	0.01812	0.00330	0.00353
28	0.01379	0.01389	0.01219	0.01009	0.02251	0.41342	0.09749	0.29373	0.01295	0.06245	0.00771	0.00836	0.00579	0.00409	0.00369	0.00108	0.00564	0.00309	0.00273	0.00531
29	0.56452	0.10185	0.02988	0.00749	0.05834	0.12852	0.03877	0.01183	0.00746	0.01446	0.00561	0.00665	0.00449	0.00353	0.00271	0.00111	0.00390	0.00230	0.00215	0.00442
30	0.00859	0.00823	0.01586	0.01346	0.10596	0.00792	0.43571	0.02345	0.03915	0.04411	0.02796	0.01919	0.01092	0.00535	0.00454	0.00138	0.00506	0.21573	0.00257	0.00486
31	0.01442	0.01062	0.01138	0.00873	0.01176	0.01176	0.00721	0.83041	0.01783	0.02390	0.00911	0.00911	0.00645	0.00455	0.00379	0.00114	0.00417	0.00341	0.00379	0.00645
32	0.00975	0.73743	0.14801	0.00716	0.01077	0.01405	0.00765	0.01146	0.00775	0.00940	0.00551	0.00638	0.00486	0.00330	0.00261	0.00087	0.00430	0.00215	0.00162	0.00498
33	0.00448	0.00384	0.00384	0.00384	0.00512	0.00320	0.00288	0.00544	0.00864	0.01025	0.03842	0.03650	0.84152	0.00960	0.00448	0.00128	0.00192	0.00800	0.00352	0.00320
34	0.01702	0.00645	0.00880	0.00675	0.00968	0.00557	0.00557	0.01848	0.01085	0.84568	0.01496	0.01291	0.00939	0.00469	0.00381	0.00117	0.00323	0.00381	0.00469	0.00645
35	0.00450	0.00384	0.00386	0.00386	0.00513	0.00321	0.00289	0.00547	0.00868	0.01032	0.05126	0.03637	0.82863	0.00958	0.00448	0.00128	0.00192	0.00799	0.00353	0.00321
36	0.01417	0.01808	0.01075	0.00977	0.01172	0.85149	0.00733	0.01514	0.01075	0.00928	0.00586	0.00684	0.00489	0.00391	0.00342	0.00098	0.00684	0.00244	0.00195	0.00440
37	0.00659	0.00329	0.00494	0.00494	0.00494	0.00329	0.00329	0.00494	0.00494	0.00659	0.00659	0.01153	0.00659	0.01318	0.01482	0.88966	0.00329	0.00329	0.00165	0.00165
38	0.01442	0.01062	0.01138	0.00873	0.01176	0.01176	0.00721	0.83041	0.01783	0.02390	0.00911	0.00911	0.00645	0.00455	0.00379	0.00114	0.00417	0.00341	0.00379	0.00645
39	0.89350	0.00733	0.00557	0.00499	0.00733	0.00851	0.00411	0.01115	0.00645	0.01702	0.00528	0.00616	0.00411	0.00352	0.00235	0.00117	0.00293	0.00205	0.00235	0.00411
40	0.89350	0.00733	0.00557	0.00499	0.00733	0.00851	0.00411	0.01115	0.00645	0.01702	0.00528	0.00616	0.00411	0.00352	0.00235	0.00117	0.00293	0.00205	0.00235	0.00411
41	0.00462	0.00330	0.00440	0.00528	0.00550	0.00308	0.00352	0.00528	0.00726	0.00968	0.02090	0.86424	0.02508	0.01188	0.00484	0.00154	0.00220	0.01078	0.00352	0.00308
42	0.00830	0.00830	0.01162	0.00996	0.00996	0.01162	0.00830	0.00913	0.00581	0.00913	0.00498	0.00830	0.00498	0.00664	0.01245	0.00166	0.85977	0.00332	0.00166	0.00415
43	0.00830	0.00830	0.01162	0.00996	0.00996	0.01162	0.00830	0.00913	0.00581	0.00913	0.00498	0.00830	0.00498	0.00664	0.01245	0.00166	0.85977	0.00332	0.00166	0.00415
44	0.03314	0.00647	0.00874	0.00672	0.00964	0.00563	0.00555	0.01835	0.01077	0.83044	0.01478	0.01278	0.00929	0.00467	0.00379	0.00117	0.00322	0.00378	0.00465	0.00641
45	0.00939	0.00901	0.01539	0.02328	0.84306	0.00901	0.01164	0.01164	0.00864	0.01239	0.00713	0.00939	0.00601	0.00338	0.00375	0.00113	0.00451	0.00338	0.00188	0.00601
46	0.00934	0.00896	0.01531	0.04036	0.82633	0.00900	0.01162	0.01160	0.00861	0.01233	0.00713	0.00940	0.00599	0.00339	0.00376	0.00113	0.00452	0.00338	0.00187	0.00597
47	0.03198	0.01934	0.00810	0.02245	0.00863	0.11685	0.00520	0.23807	0.04561	0.05075	0.01001	0.01501	0.00925	0.30694	0.07465	0.00240	0.02359	0.00407	0.00279	0.00431
48	0.01036	0.01636	0.41381	0.01153	0.10519	0.20263	0.01097	0.14262	0.01028	0.01330	0.00726	0.00878	0.00556	0.00394	0.00364	0.00114	0.00550	0.01956	0.00210	0.00546
49	0.00856	0.00672	0.00794	0.00570	0.00904	0.00510	0.00458	0.01023	0.00809	0.07595	0.00737	0.00825	0.00591	0.00295	0.00289	0.00061	0.00284	0.00237	0.00243	0.82248
50	0.01442	0.01062	0.01138	0.00873	0.01176	0.01176	0.00721	0.83041	0.01783	0.02390	0.00911	0.00911	0.00645	0.00455	0.00379	0.00114	0.00417	0.00341	0.00379	0.00645
51	0.89350	0.00733	0.00557	0.00499	0.00733	0.00851	0.00411	0.01115	0.00645	0.01702	0.00528	0.00616	0.00411	0.00352	0.00235	0.00117	0.00293	0.00205	0.00235	0.00411
52	0.00552	0.00368	0.00414	0.00414	0.00414	0.00368	0.00230	0.00552	0.00552	0.00735	0.01195	0.02482	0.01379	0.86672	0.01930	0.00368	0.00368	0.00552	0.00230	0.00230
53	0.00707	0.00353	0.00353	0.00353	0.00442	0.00353	0.00265	0.00884	0.00795	0.01414	0.01237	0.01414	0.00972	0.00442	0.00265	0.00088	0.00177	0.00353	0.88777	0.00353
54	0.00542	0.00406	0.00610	0.00610	0.00677	0.00474	0.00474	0.00677	0.00610	0.00880	0.01016	0.01490	0.00948	0.02844	0.85169	0.00610	0.01016	0.00406	0.00203	0.00339
55	0.00550	0.00392	0.00501	0.00483	0.00574	0.00361	0.00358	0.00721	0.02135	0.03134	0.65164	0.12033	0.10511	0.00827	0.00449	0.00124	0.00189	0.00729	0.00405	0.00358
56	0.01417	0.01808	0.01075	0.00977	0.01172	0.85149	0.00733	0.01514	0.01075	0.00928	0.00586	0.00684	0.00489	0.00391	0.00342	0.00098	0.00684	0.00244	0.00195	0.00440
57	0.01014	0.86900	0.01987	0.00649	0.00973	0.01501	0.00649	0.01136	0.00771	0.00892	0.00527	0.00608	0.00487	0.00324	0.00243	0.00081	0.00406	0.00203	0.00162	0.00487
58	0.00448	0.00384	0.00384	0.00384	0.00512	0.00320	0.00288	0.00544	0.00864	0.01025	0.03842	0.03650	0.84152	0.00960	0.00448	0.00128	0.00192	0.00800	0.00352	0.00320
59	0.00537	0.00388	0.00507	0.00477	0.00567	0.00358	0.00358	0.00716	0.01074	0.01521	0.84106	0.02833	0.03578	0.00775	0.00447	0.00119	0.00179	0.00686	0.00417	0.00358
60	0.00467	0.00339	0.00442	0.00519	0.00554	0.00314	0.00354	0.00541	0.00751	0.00992	0.04352	0.75137	0.09385	0.01155	0.00481	0.00151	0.00220	0.03183	0.00354	0.00311
61	0.16262	0.00874	0.00959	0.00747	0.01036	0.00924	0.00617	0.43422	0.01370	0.28473	0.01033	0.00982	0.00699	0.00442	0.00356	0.00116	0.00366	0.00331	0.00384	0.00606
62	0.00501	0.00407	0.00420	0.00410	0.00543	0.00351	0.00310	0.00638	0.03915	0.03101	0.07577	0.03471	0.75193	0.00923	0.00444	0.00127	0.00199	0.00771	0.00359	0.00340
63	0.00468	0.00344	0.00440	0.00507	0.00551	0.00316	0.00349	0.00548	0.00771	0.01012	0.07029	0.66952	0.15044	0.01126	0.00477	0.00149	0.00217	0.03030	0.00356	0.00314
64	0.01342	0.17572	0.01245	0.00915	0.01136	0.68405	0.00717	0.02644	0.01029	0.00943	0.00580	0.00673	0.00490	0.00379	0.00324	0.00095	0.00628	0.00238	0.00192	0.00451
65	0.00462	0.00330	0.00440	0.00528	0.00550	0.00308	0.00352	0.00528	0.00726	0.00968	0.02090	0.86424	0.02508	0.01188	0.00484	0.00154	0.00220	0.01078	0.00352	0.00308
66	0.00462	0.00330	0.00440	0.00528	0.00550	0.00308	0.00352	0.00528	0.00726	0.00968	0.02090	0.86424	0.02508	0.01188	0.00484	0.00154	0.00220	0.01078	0.00352	0.00308
67	0.00744	0.00702	0.01187	0.75406	0.12750	0.00850	0.01067	0.00993	0.00771	0.01003	0.00679	0.01002	0.00517	0.00374	0.00379	0.00125	0.00499	0.00337	0.00171	0.00444
68	0.00596	0.00455	0.00608	0.00599	0.01762	0.00492	0.00450	0.00855	0.10879	0.01183	0.28976	0.02023	0.01895	0.06042	0.39634	0.00360	0.00596	0.01920	0.00301	0.00375
69	0.00806	0.00794	0.01116	0.00964	0.00969	0.01104	0.00800	0.00893	0.00583	0.00910	0.00541	0.00885	0.00535	0.00845	0.08235	0.00203	0.78901	0.00338	0.00169	0.00409
70	0.00936	0.00688	0.00815	0.00591	0.00920	0.00543	0.00476	0.04801	0.00871	0.12161	0.00792	0.00858	0.00615	0.00313	0.00298	0.00067	0.00293	0.00250	0.00264	0.73449
71	0.00716	0.00674	0.01138	0.85760	0.02612	0.00843	0.01053	0.00969	0.00758	0.00969	0.00674	0.01011	0.00506	0.00379	0.00379	0.00126	0.00506	0.00337	0.00169	0.00421
72	0.00529	0.00386	0.00497	0.00472	0.00563	0.00354	0.00353	0.00700	0.01051	0.01475	0.76882	0.04919	0.08802	0.00797	0.00448	0.00121	0.00181	0.00703	0.00412	0.00354
73	0.00489	0.00349	0.00471	0.00559	0.00593	0.00331	0.00399	0.00575	0.00753	0.00999	0.02075	0.71439	0.02449	0.01163	0.00491	0.00158	0.00244	0.15795	0.00352	0.00316
74	0.00542	0.00406	0.00610	0.00610	0.00677	0.00474	0.00474	0.00677	0.00610	0.00880	0.01016	0.01490	0.00948	0.02844	0.85169	0.00610	0.01016	0.00406	0.00203	0.00339
75	0.00450	0.00384	0.00387	0.00386	0.00513	0.00321	0.00289	0.00548	0.00868	0.01034	0.05392	0.03634	0.82596	0.00957	0.00448	0.00128	0.00192	0.00798	0.00353	0.00321
76	0.01014	0.86900	0.01987	0.00649	0.00973	0.01501	0.00649	0.01136	0.00771	0.00892	0.00527	0.00608	0.00487	0.00324	0.00243	0.00081	0.00406	0.00203	0.00162	0.00487
77	0.00448	0.00384	0.00384	0.00384	0.00512	0.00320	0.00288	0.00544	0.00864	0.01025	0.03842	0.03650	0.84152	0.00960	0.00448	0.00128	0.00192	0.00800	0.00352	0.00320
78	0.01014	0.86900	0.01987	0.00649	0.00973	0.01501	0.00649	0.01136	0.00771	0.00892	0.00527	0.00608	0.00487	0.00324	0.00243	0.00081	0.00406	0.00203	0.00162	0.00487
79	0.00463	0.00345	0.00432	0.00494	0.00543	0.00313	0.00339	0.00542	0.00775	0.01010	0.06869	0.63996	0.20265	0.01117	0.00474	0.00147	0.00212	0.00997	0.00356	0.00313
80	0.00830	0.00830	0.01162	0.00996	0.00996	0.01162	0.00830	0.00913	0.00581	0.00913	0.00498	0.00830	0.00498	0.00664	0.01245	0.00166	0.85977	0.00332	0.00166	0.00415
81	0.00830	0.00830	0.01162	0.00996	0.00996	0.01162	0.00830	0.00913	0.00581	0.00913	0.00498	0.00830	0.00498	0.00664	0.01245	0.00166	0.85977	0.00332	0.00166	0.00415
82	0.89350	0.00733	0.00557	0.00499	0.00733	0.00851	0.00411	0.01115	0.00645	0.01702	0.00528	0.00616	0.00411	0.00352	0.00235	0.00117	0.00293	0.00205	0.00235	0.00411
83	0.01014	0.86900	0.01987	0.00649	0.00973	0.01501	0.00649	0.01136	0.00771	0.00892	0.00527	0.00608	0.00487	0.00324	0.00243	0.00081	0.00406	0.00203	0.00162	0.00487
84	0.86432	0.00731	0.00568	0.00505	0.00741	0.00841	0.00416	0.01139	0.00660	0.04461	0.00560	0.00639	0.00428	0.00356	0.00240	0.00117	0.00294	0.00211	0.00243	0.00419
85	0.00537	0.00388	0.00507	0.00477	0.00567	0.00358	0.00358	0.00716	0.01074	0.01521	0.84106	0.02833	0.03578	0.00775	0.00447	0.00119	0.00179	0.00686	0.00417	0.00358
86	0.00895	0.01023	0.02238	0.01598	0.01982	0.00959	0.82928	0.01215	0.00895	0.01215	0.00767	0.01023	0.00575	0.00320	0.00448	0.00128	0.00639	0.00448	0.00192	0.00512
87	0.00765	0.03309	0.83395	0.01074	0.01631	0.00891	0.01389	0.01200	0.00800	0.01196	0.00678	0.00798	0.00481	0.00360	0.00358	0.00119	0.00558	0.00279	0.00160	0.00559
88	0.01702	0.00645	0.00880	0.00675	0.00968	0.00557	0.00557	0.01848	0.01085	0.84568	0.01496	0.01291	0.00939	0.00469	0.00381	0.00117	0.00323	0.00381	0.00469	0.00645
89	0.00552	0.00368	0.00414	0.00414	0.00414	0.00368	0.00230	0.00552	0.00552	0.00735	0.01195	0.02482	0.01379	0.86672	0.01930	0.00368	0.00368	0.00552	0.00230	0.00230
90	0.00605	0.00508	0.00643	0.00636	0.00713	0.06605	0.00493	0.00738	0.00643	0.00884	0.00985	0.01432	0.00915	0.02667	0.79027	0.00572	0.00992	0.00395	0.00203	0.00346
91	0.00895	0.00735	0.00765	0.00716	0.00883	0.05769	0.00546	0.03989	0.47428	0.06079	0.02565	0.22438	0.01485	0.00690	0.00412	0.00133	0.00308	0.03283	0.00370	0.00511
92	0.00977	0.00832	0.00877	0.00779	0.00999	0.00959	0.00609	0.07541	0.78040	0.01641	0.01500	0.01381	0.01123	0.00510	0.00385	0.00128	0.00308	0.00423	0.00385	0.00603
93	0.01014	0.86900	0.01987	0.00649	0.00973	0.01501	0.00649	0.01136	0.00771	0.00892	0.00527	0.00608	0.00487	0.00324	0.00243	0.00081	0.00406	0.00203	0.00162	0.00487
94	0.00716	0.00674	0.01138	0.85760	0.02612	0.00843	0.01053	0.00969	0.00758	0.00969	0.00674	0.01011	0.00506	0.00379	0.00379	0.00126	0.00506	0.00337	0.00169	0.00421
95	0.00537	0.00388	0.00507	0.00477	0.00567	0.00358	0.00358	0.00716	0.01074	0.01521	0.84106	0.02833	0.03578	0.00775	0.00447	0.00119	0.00179	0.00686	0.00417	0.00358
96	0.00578	0.00404	0.00527	0.00570	0.00618	0.00410	0.00437	0.00675	0.00712	0.00943	0.01576	0.04447	0.01735	0.36574	0.09384	0.00297	0.00420	0.39110	0.00286	0.00298
97	0.00943	0.00815	0.00858	0.00772	0.00986	0.00943	0.00600	0.02015	0.83621	0.01586	0.01544	0.01415	0.01158	0.00515	0.00386	0.00129	0.00300	0.00429	0.00386	0.00600
98	0.00546	0.00385	0.00481	0.00467	0.00561	0.00350	0.00346	0.00695	0.00985	0.03382	0.55137	0.12926	0.17756	0.00840	0.00444	0.00124	0.00190	0.00735	0.03298	0.00352
99	0.01442	0.01062	0.01138	0.00873	0.01176	0.01176	0.00721	0.83041	0.01783	0.02390	0.00911	0.00911	0.00645	0.00455	0.00379	0.00114	0.00417	0.00341	0.00379	0.00645
100	0.00552	0.00368	0.00414	0.00414	0.00414	0.00368	0.00230	0.00552	0.00552	0.00735	0.01195	0.02482	0.01379	0.86672	0.01930	0.00368	0.00368	0.00552	0.00230	0.00230
101	0.00830	0.00830	0.01162	0.00996	0.00996	0.01162	0.00830	0.00913	0.00581	0.00913	0.00498	0.00830	0.00498	0.00664	0.01245	0.00166	0.85977	0.00332	0.00166	0.00415
102	0.00937	0.00905	0.01559	0.02307	0.81981	0.00903	0.03473	0.01165	0.00864	0.01238	0.00715	0.00941	0.00600	0.00337	0.00377	0.00113	0.00456	0.00341	0.00188	0.00598
103	0.00543	0.00402	0.00587	0.00587	0.00647	0.00462	0.00446	0.00663	0.00603	0.00864	0.01036	0.01602	0.00997	0.12344	0.75736	0.00582	0.00942	0.00423	0.00206	0.00326
104	0.11024	0.08200	0.01071	0.00884	0.01091	0.67396	0.00680	0.01426	0.00997	0.01022	0.00591	0.00688	0.00492	0.00383	0.00321	0.00098	0.00607	0.00239	0.02351	0.00438
105	0.89350	0.00733	0.00557	0.00499	0.00733	0.00851	0.00411	0.01115	0.00645	0.01702	0.00528	0.00616	0.00411	0.00352	0.00235	0.00117	0.00293	0.00205	0.00235	0.00411

[dist]
# distance from previous block
# <min> <max>
1	2

[block]
# block no. 5 follows, 72 sequences, length 123
# corresponding to MSA columns:
# 274-396
name=unknown_F
#
# <colnr> <probs for GDERKNQSTAVLIFYWHMCP>
#	G	D	E	R	K	N	Q	S	T	A	V	L	I	F	Y	W	H	M	C	P
0	0.00550	0.00372	0.00437	0.00437	0.00445	0.00380	0.00259	0.00566	0.00558	0.00752	0.01174	0.02365	0.01328	0.76803	0.11730	0.00396	0.00444	0.00534	0.00227	0.00243
1	0.00552	0.00368	0.00414	0.00414	0.00414	0.00368	0.00230	0.00552	0.00552	0.00735	0.01195	0.02482	0.01379	0.86672	0.01930	0.00368	0.00368	0.00552	0.00230	0.00230
2	0.00786	0.00674	0.00786	0.00562	0.00899	0.00506	0.00449	0.00955	0.00786	0.01236	0.00674	0.00786	0.00562	0.00281	0.00281	0.00056	0.00281	0.00225	0.00225	0.88990
3	0.74385	0.00699	0.00587	0.00531	0.00756	0.00790	0.00441	0.01139	0.00700	0.07898	0.00740	0.01012	0.00617	0.00426	0.00273	0.00123	0.00301	0.07897	0.00263	0.00423
4	0.00943	0.00815	0.00858	0.00772	0.00986	0.00943	0.00600	0.02015	0.83621	0.01586	0.01544	0.01415	0.01158	0.00515	0.00386	0.00129	0.00300	0.00429	0.00386	0.00600
5	0.89350	0.00733	0.00557	0.00499	0.00733	0.00851	0.00411	0.01115	0.00645	0.01702	0.00528	0.00616	0.00411	0.00352	0.00235	0.00117	0.00293	0.00205	0.00235	0.00411
6	0.01336	0.17028	0.01250	0.01985	0.06003	0.37715	0.00719	0.15372	0.01119	0.11839	0.00760	0.00815	0.00585	0.00426	0.01358	0.00107	0.00530	0.00279	0.00255	0.00518
7	0.00540	0.00416	0.00525	0.00542	0.00594	0.01552	0.00390	0.00645	0.01748	0.01023	0.15051	0.31129	0.09412	0.13026	0.15152	0.00253	0.04743	0.02627	0.00309	0.00323
8	0.01001	0.72185	0.06337	0.00749	0.01085	0.03564	0.06429	0.01175	0.02752	0.00949	0.00578	0.00669	0.00509	0.00332	0.00270	0.00088	0.00435	0.00230	0.00170	0.00494
9	0.00761	0.01962	0.84707	0.01081	0.01641	0.00881	0.01401	0.01201	0.00801	0.01201	0.00681	0.00801	0.00480	0.00360	0.00360	0.00120	0.00560	0.00280	0.00160	0.00560
10	0.00677	0.02495	0.00652	0.03981	0.00794	0.01615	0.00458	0.01140	0.29953	0.01323	0.20285	0.03695	0.30007	0.00723	0.00418	0.00125	0.00251	0.00610	0.00365	0.00436
11	0.89350	0.00733	0.00557	0.00499	0.00733	0.00851	0.00411	0.01115	0.00645	0.01702	0.00528	0.00616	0.00411	0.00352	0.00235	0.00117	0.00293	0.00205	0.00235	0.00411
12	0.00632	0.00404	0.00458	0.00449	0.00552	0.00388	0.00336	0.00840	0.06123	0.03559	0.24500	0.10048	0.16684	0.00708	0.00382	0.00114	0.00198	0.01728	0.31528	0.00368
13	0.36250	0.11390	0.05077	0.00703	0.02223	0.00986	0.00607	0.24546	0.01054	0.12755	0.00776	0.00802	0.00563	0.00394	0.00305	0.00112	0.00362	0.00273	0.00294	0.00528
14	0.02058	0.04486	0.03807	0.23367	0.38904	0.05290	0.01876	0.02743	0.00865	0.03351	0.03080	0.04061	0.00772	0.00424	0.00379	0.00118	0.00455	0.03240	0.00211	0.00513
15	0.89350	0.00733	0.00557	0.00499	0.00733	0.00851	0.00411	0.01115	0.00645	0.01702	0.00528	0.00616	0.00411	0.00352	0.00235	0.00117	0.00293	0.00205	0.00235	0.00411
16	0.00908	0.00906	0.04408	0.02132	0.74095	0.00870	0.01109	0.01162	0.03371	0.01252	0.03716	0.02848	0.00760	0.00378	0.00380	0.00115	0.00435	0.00367	0.00204	0.00584
17	0.02917	0.01142	0.01126	0.02147	0.02241	0.28215	0.00797	0.01115	0.00748	0.00940	0.00532	0.00782	0.00495	0.00561	0.00908	0.00142	0.54290	0.00301	0.00177	0.00425
18	0.00562	0.00408	0.00532	0.00524	0.00551	0.00453	0.00360	0.00621	0.00577	0.00803	0.01086	0.01993	0.01158	0.48224	0.35552	0.00455	0.05160	0.00481	0.00216	0.00284
19	0.01549	0.00744	0.00915	0.00709	0.00990	0.00721	0.00583	0.24492	0.02360	0.54677	0.01315	0.01195	0.00862	0.00464	0.00373	0.00114	0.00339	0.00369	0.06603	0.00624
20	0.00483	0.00356	0.00456	0.00519	0.00572	0.00329	0.00371	0.00576	0.00795	0.01043	0.09247	0.56071	0.16434	0.01099	0.00479	0.00149	0.00226	0.10120	0.00357	0.00319
21	0.01417	0.01808	0.01075	0.00977	0.01172	0.85149	0.00733	0.01514	0.01075	0.00928	0.00586	0.00684	0.00489	0.00391	0.00342	0.00098	0.00684	0.00244	0.00195	0.00440
22	0.00537	0.00388	0.00507	0.00477	0.00567	0.00358	0.00358	0.00716	0.01074	0.01521	0.84106	0.02833	0.03578	0.00775	0.00447	0.00119	0.00179	0.00686	0.00417	0.00358
