[name]
unknown

[dist]
# distance from previous block
# <min> <max>
0	51

[block]
# block no. 0 follows, 74 sequences, length 23
# corresponding to MSA columns:
# 54-76
name=unknown_A
#
# <colnr> <probs for GDERKNQSTAVLIFYWHMCP>
#	G	D	E	R	K	N	Q	S	T	A	V	L	I	F	Y	W	H	M	C	P
0	0.00475	0.00335	0.00434	0.00502	0.00523	0.00318	0.00332	0.00535	0.00693	0.00925	0.03879	0.66249	0.02267	0.16745	0.00732	0.00189	0.00245	0.04006	0.00324	0.00290
1	0.00875	0.00825	0.01365	0.04963	0.69677	0.00834	0.01037	0.01134	0.05238	0.01230	0.05322	0.01156	0.02469	0.00389	0.00376	0.00113	0.00414	0.01812	0.00211	0.00559
2	0.00663	0.00351	0.00361	0.00358	0.00447	0.00344	0.00269	0.00831	0.00807	0.01372	0.08793	0.01632	0.05908	0.00490	0.00286	0.00091	0.00174	0.00400	0.76078	0.00344
3	0.89577	0.00718	0.00546	0.00488	0.00718	0.00833	0.00402	0.01091	0.00632	0.01665	0.00517	0.00603	0.00402	0.00345	0.00230	0.00115	0.00287	0.00201	0.00230	0.00402
4	0.00457	0.00332	0.00432	0.00502	0.00537	0.00306	0.00340	0.00533	0.00748	0.00995	0.08811	0.73582	0.08828	0.01113	0.00468	0.00146	0.00210	0.01003	0.00350	0.00306
5	0.00744	0.01920	0.85032	0.01058	0.01607	0.00862	0.01371	0.01176	0.00784	0.01176	0.00666	0.00784	0.00470	0.00353	0.00353	0.00118	0.00549	0.00274	0.00157	0.00549
6	0.00446	0.00374	0.00387	0.00388	0.00507	0.00316	0.00289	0.00545	0.00857	0.01038	0.09857	0.06338	0.75522	0.00934	0.00440	0.00126	0.00188	0.00784	0.00350	0.00316
7	0.00812	0.00812	0.01137	0.00975	0.00975	0.01137	0.00812	0.00893	0.00568	0.00893	0.00487	0.00812	0.00487	0.00650	0.01218	0.00162	0.86276	0.00325	0.00162	0.00406
8	0.01028	0.00792	0.00857	0.00749	0.00970	0.00892	0.00588	0.09647	0.66048	0.09599	0.01461	0.03553	0.01099	0.00511	0.00379	0.00124	0.00305	0.00424	0.00384	0.00588
9	0.00876	0.01001	0.02190	0.01564	0.01940	0.00939	0.83292	0.01189	0.00876	0.01189	0.00751	0.01001	0.00563	0.00313	0.00438	0.00125	0.00626	0.00438	0.00188	0.00501
10	0.00452	0.00323	0.00431	0.00517	0.00538	0.00301	0.00345	0.00517	0.00711	0.00948	0.02046	0.86713	0.02455	0.01163	0.00474	0.00151	0.00215	0.01055	0.00345	0.00301
11	0.01036	0.09499	0.01332	0.02688	0.29737	0.24276	0.08492	0.06312	0.00939	0.01149	0.00778	0.06763	0.00690	0.00412	0.00355	0.00107	0.00488	0.00353	0.04099	0.00495
12	0.00962	0.00816	0.00861	0.00763	0.00980	0.00941	0.00597	0.08366	0.77513	0.01614	0.01462	0.01346	0.01094	0.00499	0.00377	0.00125	0.00303	0.00413	0.00377	0.00591
13	0.03909	0.03215	0.02867	0.11857	0.39847	0.03854	0.03330	0.05126	0.05484	0.04364	0.00875	0.06080	0.01678	0.00411	0.00363	0.00112	0.00417	0.00370	0.00226	0.05617
14	0.00919	0.00963	0.02620	0.07611	0.04764	0.21677	0.05924	0.04402	0.02978	0.02594	0.00782	0.03110	0.00697	0.04305	0.18105	0.00230	0.17335	0.00355	0.00206	0.00422
15	0.00919	0.00882	0.01507	0.02278	0.84640	0.00882	0.01139	0.01139	0.00845	0.01213	0.00698	0.00919	0.00588	0.00331	0.00367	0.00110	0.00441	0.00331	0.00184	0.00588
16	0.00452	0.00323	0.00431	0.00517	0.00538	0.00301	0.00345	0.00517	0.00711	0.00948	0.02046	0.86713	0.02455	0.01163	0.00474	0.00151	0.00215	0.01055	0.00345	0.00301
17	0.00540	0.00360	0.00405	0.00405	0.00405	0.00360	0.00225	0.00540	0.00540	0.00720	0.01170	0.02429	0.01349	0.86955	0.01889	0.00360	0.00360	0.00540	0.00225	0.00225
18	0.01421	0.01023	0.01104	0.00846	0.01143	0.01127	0.00699	0.80090	0.01717	0.05690	0.00914	0.00906	0.00643	0.00446	0.00371	0.00112	0.00405	0.00336	0.00375	0.00631
19	0.00748	0.00629	0.00725	0.05210	0.02465	0.08606	0.02901	0.10483	0.02452	0.03238	0.01519	0.44438	0.01662	0.02955	0.03152	0.00157	0.02096	0.05869	0.00308	0.00387
20	0.01380	0.01011	0.01087	0.00842	0.01132	0.01119	0.00693	0.75156	0.08064	0.04275	0.00953	0.00938	0.00677	0.00450	0.00372	0.00113	0.00397	0.00342	0.00374	0.00628
21	0.00906	0.00901	0.07773	0.08323	0.12626	0.04124	0.01927	0.11459	0.23537	0.01391	0.02269	0.04399	0.01879	0.01450	0.00378	0.00111	0.00377	0.00371	0.00274	0.15523
22	0.01206	0.01395	0.00971	0.00877	0.01070	0.53631	0.00667	0.02941	0.27046	0.01151	0.03360	0.00962	0.00776	0.00437	0.00367	0.00107	0.01985	0.00312	0.00259	0.00480

[dist]
# distance from previous block
# <min> <max>
3	8

[block]
# block no. 1 follows, 74 sequences, length 37
# corresponding to MSA columns:
# 85-121
name=unknown_B
#
# <colnr> <probs for GDERKNQSTAVLIFYWHMCP>
#	G	D	E	R	K	N	Q	S	T	A	V	L	I	F	Y	W	H	M	C	P
0	0.01163	0.01948	0.08662	0.05240	0.16238	0.04947	0.06659	0.07355	0.10503	0.09582	0.04034	0.04918	0.02036	0.00562	0.00453	0.00145	0.00466	0.00440	0.00336	0.14313
1	0.00809	0.00655	0.00788	0.00568	0.00889	0.00501	0.02111	0.00976	0.00785	0.04919	0.00716	0.00817	0.00580	0.00289	0.00282	0.00060	0.00280	0.00235	0.03204	0.80536
2	0.01387	0.01769	0.01052	0.00956	0.01148	0.85465	0.00717	0.01482	0.01052	0.00908	0.00574	0.00669	0.00478	0.00383	0.00335	0.00096	0.00669	0.00239	0.00191	0.00430
3	0.01006	0.02132	0.00931	0.00773	0.00967	0.00919	0.01756	0.26573	0.31199	0.03527	0.03468	0.03701	0.00985	0.03424	0.08457	0.00176	0.08737	0.00407	0.00329	0.00531
4	0.00929	0.00956	0.01133	0.07991	0.15552	0.16617	0.04632	0.03787	0.08198	0.01087	0.00811	0.07992	0.00740	0.00526	0.00624	0.00129	0.25746	0.00385	0.01706	0.00461
5	0.00748	0.00556	0.00636	0.00581	0.00733	0.00577	0.00446	0.01240	0.32742	0.07633	0.32626	0.04954	0.13659	0.00677	0.00411	0.00122	0.00234	0.00581	0.00390	0.00455
6	0.01403	0.01074	0.01094	0.00853	0.01139	0.07249	0.00698	0.72709	0.04050	0.04633	0.00903	0.00900	0.00643	0.00443	0.00369	0.00111	0.00421	0.00331	0.00361	0.00615
7	0.00609	0.00505	0.00575	0.00564	0.00616	0.07466	0.00406	0.00691	0.00613	0.00815	0.01013	0.01728	0.01034	0.32590	0.47149	0.00463	0.02218	0.00434	0.00207	0.00303
8	0.00538	0.00368	0.00444	0.00444	0.00457	0.00381	0.00274	0.00565	0.00551	0.00749	0.01134	0.02232	0.01264	0.69845	0.18882	0.00408	0.00489	0.00511	0.00220	0.00247
9	0.00992	0.87178	0.01945	0.00635	0.00953	0.01469	0.00635	0.01111	0.00754	0.00873	0.00516	0.00595	0.00476	0.00318	0.00238	0.00079	0.00397	0.00198	0.00159	0.00476
10	0.00682	0.00404	0.00505	0.00482	0.00591	0.00365	0.00358	0.00808	0.00905	0.14208	0.30199	0.19827	0.18162	0.03397	0.01619	0.00137	0.00224	0.00697	0.06056	0.00373
11	0.27332	0.00785	0.00848	0.00671	0.00944	0.00819	0.00554	0.27159	0.01150	0.34659	0.01007	0.00953	0.00677	0.00421	0.00331	0.00114	0.00336	0.00311	0.00365	0.00564
12	0.00455	0.00330	0.00426	0.00499	0.00531	0.00305	0.00335	0.00523	0.00725	0.00956	0.03793	0.74516	0.10257	0.03815	0.00514	0.00154	0.00216	0.01006	0.00342	0.00301
13	0.00770	0.00660	0.00770	0.00550	0.00880	0.00495	0.00440	0.00935	0.00770	0.01210	0.00660	0.00770	0.00550	0.00275	0.00275	0.00055	0.00275	0.00220	0.00220	0.89224
14	0.89577	0.00718	0.00546	0.00488	0.00718	0.00833	0.00402	0.01091	0.00632	0.01665	0.00517	0.00603	0.00402	0.00345	0.00230	0.00115	0.00287	0.00201	0.00230	0.00402
15	0.00984	0.00919	0.07836	0.00792	0.01042	0.00942	0.00667	0.12557	0.65080	0.02886	0.01359	0.01269	0.01009	0.00483	0.00375	0.00123	0.00330	0.00396	0.00360	0.00591
16	0.00838	0.00931	0.01987	0.03083	0.03431	0.00878	0.72113	0.01123	0.00855	0.01157	0.00869	0.03551	0.02077	0.03537	0.00491	0.00135	0.00587	0.01680	0.00198	0.00479
17	0.00770	0.00660	0.00770	0.00550	0.00880	0.00495	0.00440	0.00935	0.00770	0.01210	0.00660	0.00770	0.00550	0.00275	0.00275	0.00055	0.00275	0.00220	0.00220	0.89224
18	0.00723	0.00657	0.00960	0.12670	0.30840	0.02537	0.00759	0.00966	0.07534	0.01132	0.04483	0.12125	0.15110	0.00626	0.00407	0.00126	0.00354	0.07275	0.00264	0.00451
19	0.00462	0.00327	0.00428	0.00504	0.00523	0.00308	0.00331	0.00520	0.00691	0.00921	0.01943	0.76835	0.02325	0.11217	0.00640	0.00175	0.00232	0.00995	0.00331	0.00293
20	0.01387	0.01769	0.01052	0.00956	0.01148	0.85465	0.00717	0.01482	0.01052	0.00908	0.00574	0.00669	0.00478	0.00383	0.00335	0.00096	0.00669	0.00239	0.00191	0.00430
21	0.00669	0.00564	0.00776	0.00712	0.05453	0.00531	0.03307	0.00835	0.02499	0.01057	0.00950	0.10948	0.00911	0.01250	0.29217	0.00260	0.03622	0.00398	0.00225	0.35814
22	0.00799	0.05938	0.72144	0.01062	0.03339	0.00900	0.03208	0.03447	0.00814	0.02693	0.00679	0.00795	0.00488	0.00359	0.00364	0.00116	0.01859	0.00280	0.00170	0.00546
23	0.01292	0.00585	0.00738	0.00592	0.00820	0.02326	0.00477	0.02713	0.01020	0.52729	0.15645	0.01493	0.01334	0.00496	0.00364	0.00108	0.00281	0.00410	0.11324	0.05252
24	0.00474	0.00349	0.00444	0.00480	0.00538	0.00319	0.00337	0.00578	0.00839	0.01128	0.28620	0.47819	0.14705	0.01001	0.00457	0.00136	0.00199	0.00893	0.00365	0.00319
25	0.00527	0.00414	0.00599	0.03941	0.09389	0.00416	0.00473	0.00626	0.00725	0.00983	0.04144	0.59655	0.04225	0.01182	0.09042	0.00189	0.01970	0.00854	0.00305	0.00342
26	0.00586	0.01743	0.00699	0.00662	0.02164	0.02951	0.08386	0.00711	0.03510	0.00928	0.01427	0.36008	0.01583	0.20003	0.16624	0.00273	0.00454	0.00690	0.00267	0.00331
27	0.01626	0.00657	0.00872	0.00673	0.00958	0.00588	0.00555	0.05633	0.04204	0.77907	0.01439	0.01251	0.00913	0.00460	0.00373	0.00115	0.00319	0.00373	0.00452	0.00630
28	0.00573	0.00415	0.00516	0.00558	0.00624	0.00413	0.00395	0.01979	0.12407	0.03505	0.05246	0.63611	0.04239	0.01015	0.00455	0.00144	0.00233	0.02957	0.00355	0.00359
29	0.00879	0.00837	0.01413	0.14964	0.68725	0.00865	0.01096	0.01121	0.02731	0.01185	0.02214	0.00973	0.00639	0.00349	0.00370	0.00113	0.00441	0.00339	0.00189	0.00557
30	0.00924	0.00468	0.00613	0.00581	0.00713	0.00434	0.00432	0.01089	0.06697	0.30994	0.02853	0.47609	0.01801	0.00847	0.00427	0.00135	0.00256	0.00750	0.01938	0.00441
31	0.03008	0.00699	0.00874	0.00677	0.00951	0.00663	0.00557	0.18762	0.01179	0.60634	0.01312	0.01183	0.00852	0.00453	0.00363	0.00112	0.00325	0.00360	0.06427	0.00608
32	0.00734	0.00515	0.00633	0.00623	0.03860	0.00514	0.00447	0.11852	0.06903	0.06409	0.29098	0.24883	0.07895	0.00776	0.00423	0.00125	0.00245	0.00679	0.02972	0.00415
33	0.01448	0.00671	0.00862	0.00678	0.00936	0.00638	0.00556	0.16815	0.01150	0.57026	0.06859	0.01311	0.01039	0.00669	0.07414	0.00154	0.00380	0.00388	0.00418	0.00588
34	0.00461	0.00328	0.00435	0.00517	0.00540	0.00308	0.00347	0.00526	0.00707	0.00942	0.02003	0.80163	0.02394	0.05120	0.00540	0.00161	0.00226	0.03643	0.00339	0.00299
35	0.06184	0.11913	0.03637	0.03048	0.10298	0.54801	0.02785	0.01349	0.00950	0.00995	0.00586	0.00703	0.00488	0.00364	0.00325	0.00098	0.00581	0.00250	0.00187	0.00456
36	0.01033	0.00697	0.00744	0.00617	0.00800	0.00752	0.00490	0.42059	0.01241	0.01788	0.01072	0.01332	0.00869	0.08762	0.00480	0.00128	0.00314	0.03098	0.33245	0.00477

[dist]
# distance from previous block
# <min> <max>
0	1

[block]
# block no. 2 follows, 74 sequences, length 42
# corresponding to MSA columns:
# 123-164
name=unknown_C
#
# <colnr> <probs for GDERKNQSTAVLIFYWHMCP>
#	G	D	E	R	K	N	Q	S	T	A	V	L	I	F	Y	W	H	M	C	P
0	0.00971	0.25975	0.13919	0.07535	0.14746	0.11771	0.07691	0.04121	0.07798	0.01117	0.00701	0.00824	0.00562	0.00357	0.00331	0.00104	0.00479	0.00289	0.00195	0.00511
1	0.00472	0.00377	0.00423	0.00411	0.00522	0.00328	0.00309	0.00598	0.00926	0.01192	0.35146	0.03261	0.52986	0.00870	0.00438	0.00122	0.00183	0.00740	0.00370	0.00328
2	0.01219	0.01396	0.01292	0.03363	0.06265	0.47805	0.16091	0.09969	0.01050	0.02240	0.00661	0.00792	0.00525	0.00380	0.00388	0.00106	0.03322	0.00298	0.00212	0.02628
3	0.00792	0.04363	0.06138	0.07358	0.05646	0.00676	0.03266	0.14455	0.03592	0.02274	0.01241	0.29271	0.01265	0.00678	0.01328	0.00124	0.00348	0.03514	0.00284	0.13386
4	0.00932	0.03318	0.02072	0.06296	0.03071	0.27901	0.01676	0.08933	0.00964	0.01141	0.10480	0.05896	0.08007	0.06661	0.04459	0.00152	0.02327	0.02290	0.03015	0.00407
5	0.01326	0.00975	0.01045	0.00812	0.01083	0.01077	0.00662	0.73940	0.04184	0.02192	0.00934	0.01016	0.00700	0.06091	0.00468	0.00128	0.00397	0.00350	0.02021	0.00598
6	0.01034	0.00886	0.01341	0.05248	0.07922	0.00948	0.22770	0.19923	0.19698	0.06282	0.01006	0.01159	0.00770	0.00443	0.00451	0.00124	0.06174	0.02982	0.00289	0.00548
7	0.00540	0.00360	0.00405	0.00405	0.00405	0.00360	0.00225	0.00540	0.00540	0.00720	0.01170	0.02429	0.01349	0.86955	0.01889	0.00360	0.00360	0.00540	0.00225	0.00225
8	0.00987	0.85479	0.03601	0.00644	0.00966	0.01457	0.00650	0.01113	0.00755	0.00879	0.00519	0.00599	0.00476	0.00318	0.00240	0.00080	0.00400	0.00200	0.00159	0.00478
9	0.00701	0.00660	0.01113	0.86063	0.02556	0.00825	0.01031	0.00948	0.00742	0.00948	0.00660	0.00990	0.00495	0.00371	0.00371	0.00124	0.00495	0.00330	0.00165	0.00412
10	0.00919	0.00882	0.01507	0.02278	0.84640	0.00882	0.01139	0.01139	0.00845	0.01213	0.00698	0.00919	0.00588	0.00331	0.00367	0.00110	0.00441	0.00331	0.00184	0.00588
11	0.00812	0.00812	0.01137	0.00975	0.00975	0.01137	0.00812	0.00893	0.00568	0.00893	0.00487	0.00812	0.00487	0.00650	0.01218	0.00162	0.86276	0.00325	0.00162	0.00406
12	0.00530	0.00398	0.00597	0.00597	0.00663	0.00464	0.00464	0.00663	0.00597	0.00862	0.00994	0.01458	0.00928	0.02784	0.85484	0.00597	0.00994	0.00398	0.00199	0.00331
13	0.00545	0.00365	0.00421	0.00428	0.00435	0.00365	0.00256	0.00559	0.00566	0.00752	0.01236	0.02576	0.01415	0.79768	0.01774	0.00344	0.00358	0.07364	0.00235	0.00235
14	0.00530	0.00398	0.00597	0.00597	0.00663	0.00464	0.00464	0.00663	0.00597	0.00862	0.00994	0.01458	0.00928	0.02784	0.85484	0.00597	0.00994	0.00398	0.00199	0.00331
15	0.44425	0.00660	0.00645	0.00531	0.00783	0.00653	0.00429	0.01066	0.00726	0.09485	0.00769	0.05621	0.00648	0.00419	0.01340	0.00104	0.00291	0.01497	0.00256	0.29651
16	0.00992	0.87178	0.01945	0.00635	0.00953	0.01469	0.00635	0.01111	0.00754	0.00873	0.00516	0.00595	0.00476	0.00318	0.00238	0.00079	0.00397	0.00198	0.00159	0.00476
17	0.00896	0.01030	0.02093	0.01511	0.01869	0.05594	0.77124	0.01192	0.00883	0.01169	0.00766	0.02645	0.00595	0.00333	0.00433	0.00124	0.00620	0.00439	0.00191	0.00493
18	0.00770	0.00660	0.00770	0.00550	0.00880	0.00495	0.00440	0.00935	0.00770	0.01210	0.00660	0.00770	0.00550	0.00275	0.00275	0.00055	0.00275	0.00220	0.00220	0.89224
19	0.00748	0.00547	0.00854	0.00760	0.00895	0.02551	0.15408	0.00892	0.02024	0.12982	0.01657	0.48118	0.01774	0.00862	0.00462	0.00141	0.01562	0.07040	0.00327	0.00396
20	0.89577	0.00718	0.00546	0.00488	0.00718	0.00833	0.00402	0.01091	0.00632	0.01665	0.00517	0.00603	0.00402	0.00345	0.00230	0.00115	0.00287	0.00201	0.00230	0.00402
21	0.00531	0.00395	0.00584	0.00584	0.00646	0.00457	0.00449	0.00655	0.00593	0.00852	0.01006	0.01521	0.00955	0.08224	0.80082	0.00581	0.00953	0.00407	0.00201	0.00325
22	0.00876	0.01001	0.02190	0.01564	0.01940	0.00939	0.83292	0.01189	0.00876	0.01189	0.00751	0.01001	0.00563	0.00313	0.00438	0.00125	0.00626	0.00438	0.00188	0.00501
23	0.00444	0.00374	0.00384	0.00386	0.00506	0.00315	0.00288	0.00541	0.00852	0.01027	0.08085	0.06401	0.77254	0.00938	0.00440	0.00126	0.00188	0.00787	0.00348	0.00315
24	0.00923	0.00797	0.00839	0.00755	0.00965	0.00923	0.00588	0.01972	0.83969	0.01553	0.01511	0.01385	0.01133	0.00504	0.00378	0.00126	0.00294	0.00420	0.00378	0.00588
25	0.00876	0.01001	0.02190	0.01564	0.01940	0.00939	0.83292	0.01189	0.00876	0.01189	0.00751	0.01001	0.00563	0.00313	0.00438	0.00125	0.00626	0.00438	0.00188	0.00501
26	0.00802	0.00794	0.01101	0.04285	0.05624	0.02967	0.00798	0.00898	0.00602	0.00906	0.00558	0.00909	0.00545	0.03478	0.05864	0.00187	0.68771	0.00334	0.00168	0.00407
27	0.00544	0.00406	0.00580	0.03197	0.00669	0.00465	0.00435	0.00649	0.00588	0.00833	0.01013	0.01650	0.01001	0.21725	0.62185	0.00519	0.02601	0.00426	0.00203	0.00311
28	0.01041	0.02772	0.08493	0.09724	0.07788	0.14026	0.05635	0.19586	0.01000	0.03539	0.00717	0.00913	0.00577	0.02789	0.03197	0.00142	0.17017	0.00324	0.00227	0.00493
29	0.00798	0.00659	0.00773	0.00553	0.00882	0.00496	0.00443	0.00962	0.00779	0.03869	0.00685	0.00785	0.00562	0.00281	0.00278	0.00057	0.00276	0.00225	0.00228	0.86409
30	0.00483	0.00356	0.00417	0.00442	0.00490	0.00336	0.00293	0.00539	0.00685	0.00880	0.02181	0.27923	0.26064	0.30498	0.06530	0.00244	0.00308	0.00756	0.00294	0.00281
31	0.03950	0.00680	0.00881	0.00678	0.00964	0.00621	0.00560	0.10914	0.01127	0.73476	0.01375	0.01204	0.00873	0.00455	0.00369	0.00114	0.00325	0.00364	0.00444	0.00626
32	0.00953	0.00883	0.01297	0.12056	0.44967	0.04903	0.04199	0.13194	0.04678	0.01331	0.00907	0.02560	0.03264	0.00415	0.00378	0.00116	0.00440	0.02686	0.00230	0.00541
33	0.32709	0.13396	0.03212	0.01955	0.02012	0.28983	0.00620	0.01243	0.01881	0.03755	0.00583	0.00684	0.00475	0.00382	0.00352	0.00107	0.06770	0.00236	0.00207	0.00438
34	0.89577	0.00718	0.00546	0.00488	0.00718	0.00833	0.00402	0.01091	0.00632	0.01665	0.00517	0.00603	0.00402	0.00345	0.00230	0.00115	0.00287	0.00201	0.00230	0.00402
35	0.00784	0.00689	0.04216	0.03459	0.12289	0.00714	0.03298	0.14000	0.00859	0.01201	0.06627	0.01458	0.02324	0.16282	0.17720	0.01436	0.09913	0.00413	0.01900	0.00419
36	0.00468	0.00339	0.00439	0.00502	0.00541	0.00315	0.00345	0.00548	0.00756	0.01006	0.10754	0.64330	0.09305	0.04614	0.00527	0.00154	0.00220	0.04184	0.00346	0.00306
37	0.00880	0.04680	0.20004	0.08348	0.17347	0.07233	0.04318	0.04222	0.12728	0.02254	0.03172	0.01127	0.02661	0.00444	0.00397	0.02944	0.00439	0.01873	0.03170	0.01760
38	0.00460	0.00328	0.00436	0.00517	0.00541	0.00307	0.00348	0.00529	0.00720	0.00962	0.04365	0.80435	0.02452	0.03100	0.00506	0.00155	0.00221	0.02973	0.00344	0.00302
39	0.00961	0.01814	0.00893	0.01687	0.00956	0.18067	0.04111	0.15550	0.17059	0.01288	0.02338	0.09050	0.01034	0.08510	0.09302	0.01355	0.02540	0.02754	0.00282	0.00451
40	0.09896	0.00887	0.06092	0.08284	0.37582	0.02056	0.04911	0.07279	0.00867	0.03671	0.00703	0.00881	0.00561	0.00375	0.00388	0.02855	0.01372	0.00306	0.00211	0.10822
41	0.00848	0.12437	0.05851	0.18975	0.13484	0.03598	0.01835	0.04601	0.00790	0.05220	0.01888	0.01215	0.02833	0.13353	0.02431	0.02906	0.05014	0.00356	0.00209	0.02158

[dist]
# distance from previous block
# <min> <max>
3	29

[block]
# block no. 3 follows, 74 sequences, length 20
# corresponding to MSA columns:
# 198-217
name=unknown_D
#
# <colnr> <probs for GDERKNQSTAVLIFYWHMCP>
#	G	D	E	R	K	N	Q	S	T	A	V	L	I	F	Y	W	H	M	C	P
0	0.00967	0.17159	0.21054	0.03063	0.05322	0.05460	0.05040	0.14899	0.05668	0.03100	0.01714	0.01936	0.00675	0.03825	0.00426	0.00118	0.02806	0.01444	0.00231	0.05091
1	0.05486	0.03758	0.01259	0.03066	0.58227	0.00811	0.00924	0.01049	0.02422	0.01195	0.02181	0.07601	0.05439	0.00448	0.00388	0.00115	0.02546	0.00406	0.02156	0.00521
2	0.01867	0.09556	0.04143	0.12575	0.10749	0.01757	0.05651	0.02161	0.15700	0.02496	0.06466	0.08778	0.12920	0.01883	0.00417	0.00123	0.01544	0.00485	0.00270	0.00457
3	0.00449	0.00376	0.00390	0.00387	0.00508	0.00318	0.00290	0.00553	0.00870	0.01061	0.13381	0.03477	0.74832	0.00918	0.00439	0.00124	0.00186	0.00770	0.00352	0.00318
4	0.09376	0.06810	0.09630	0.28590	0.01584	0.18157	0.02015	0.05681	0.04049	0.02263	0.00665	0.00838	0.00518	0.00392	0.00397	0.00114	0.06372	0.00288	0.00200	0.02059
5	0.00445	0.00367	0.00392	0.00405	0.00510	0.00313	0.00296	0.00539	0.00833	0.01018	0.07580	0.17786	0.66295	0.00969	0.00445	0.00129	0.00192	0.00824	0.00348	0.00313
6	0.00830	0.04339	0.33308	0.01006	0.06663	0.00829	0.06211	0.05485	0.09741	0.01296	0.04563	0.07089	0.09367	0.00576	0.00445	0.00135	0.03735	0.03590	0.00266	0.00525
7	0.00880	0.00968	0.01984	0.01481	0.04657	0.00943	0.68594	0.01258	0.09599	0.01217	0.00819	0.01031	0.00621	0.00346	0.00459	0.00126	0.03871	0.00428	0.00207	0.00509
8	0.00454	0.00351	0.00414	0.00451	0.00524	0.00311	0.00318	0.00542	0.00802	0.01025	0.10920	0.42694	0.37812	0.01027	0.00455	0.00136	0.00200	0.00900	0.00351	0.00311
9	0.00876	0.01001	0.02190	0.01564	0.01940	0.00939	0.83292	0.01189	0.00876	0.01189	0.00751	0.01001	0.00563	0.00313	0.00438	0.00125	0.00626	0.00438	0.00188	0.00501
10	0.00443	0.00357	0.00395	0.00426	0.00514	0.00309	0.00304	0.00527	0.00798	0.00983	0.03154	0.32965	0.55487	0.01019	0.00451	0.00134	0.00198	0.00879	0.00345	0.00309
11	0.00744	0.01920	0.85032	0.01058	0.01607	0.00862	0.01371	0.01176	0.00784	0.01176	0.00666	0.00784	0.00470	0.00353	0.00353	0.00118	0.00549	0.00274	0.00157	0.00549
12	0.00876	0.01001	0.02190	0.01564	0.01940	0.00939	0.83292	0.01189	0.00876	0.01189	0.00751	0.01001	0.00563	0.00313	0.00438	0.00125	0.00626	0.00438	0.00188	0.00501
13	0.00992	0.87178	0.01945	0.00635	0.00953	0.01469	0.00635	0.01111	0.00754	0.00873	0.00516	0.00595	0.00476	0.00318	0.00238	0.00079	0.00397	0.00198	0.00159	0.00476
14	0.00923	0.00797	0.00839	0.00755	0.00965	0.00923	0.00588	0.01972	0.83969	0.01553	0.01511	0.01385	0.01133	0.00504	0.00378	0.00126	0.00294	0.00420	0.00378	0.00588
15	0.75761	0.00716	0.00602	0.00521	0.00760	0.00804	0.00429	0.03474	0.00718	0.12442	0.00650	0.00696	0.00475	0.00362	0.00252	0.00115	0.00294	0.00227	0.00263	0.00438
16	0.00882	0.00841	0.01431	0.13192	0.71634	0.00862	0.01110	0.01104	0.00832	0.01175	0.00727	0.01016	0.00618	0.00355	0.00372	0.00114	0.00445	0.02546	0.00186	0.00558
17	0.01168	0.00905	0.01021	0.00921	0.08308	0.00997	0.00682	0.50069	0.20167	0.01934	0.01154	0.07554	0.02386	0.00512	0.00381	0.00118	0.00367	0.00416	0.00354	0.00587
18	0.00645	0.00581	0.00589	0.00569	0.00672	0.09127	0.00427	0.02057	0.08320	0.01146	0.21017	0.16085	0.22253	0.03309	0.05546	0.00161	0.04442	0.02363	0.00326	0.00365
19	0.08332	0.00525	0.00626	0.00616	0.00701	0.06380	0.00477	0.00754	0.00637	0.00940	0.00968	0.05813	0.00922	0.02274	0.65892	0.00487	0.02699	0.00403	0.00208	0.00344

[dist]
# distance from previous block
# <min> <max>
1	15

[block]
# block no. 4 follows, 74 sequences, length 61
# corresponding to MSA columns:
# 233-293
name=unknown_E
#
# <colnr> <probs for GDERKNQSTAVLIFYWHMCP>
#	G	D	E	R	K	N	Q	S	T	A	V	L	I	F	Y	W	H	M	C	P
0	0.00794	0.02477	0.01003	0.03756	0.21220	0.10740	0.05872	0.02373	0.02809	0.02373	0.01285	0.27789	0.04545	0.00758	0.03820	0.00146	0.05211	0.02341	0.00255	0.00432
1	0.00462	0.00375	0.00409	0.00404	0.00517	0.00323	0.00302	0.00577	0.00896	0.01130	0.25042	0.05784	0.60685	0.00899	0.00439	0.00124	0.00185	0.00762	0.00362	0.00323
2	0.01002	0.84986	0.01922	0.00643	0.00958	0.03625	0.00637	0.01121	0.00762	0.00874	0.00518	0.00597	0.00476	0.00319	0.00241	0.00080	0.00404	0.00200	0.00160	0.00475
3	0.00507	0.00359	0.00465	0.00509	0.00534	0.00366	0.00345	0.00573	0.00661	0.00915	0.01638	0.51327	0.01891	0.19190	0.10240	0.00241	0.03534	0.00805	0.05605	0.00295
4	0.01387	0.01769	0.01052	0.00956	0.01148	0.85465	0.00717	0.01482	0.01052	0.00908	0.00574	0.00669	0.00478	0.00383	0.00335	0.00096	0.00669	0.00239	0.00191	0.00430
5	0.00701	0.00660	0.01113	0.86063	0.02556	0.00825	0.01031	0.00948	0.00742	0.00948	0.00660	0.00990	0.00495	0.00371	0.00371	0.00124	0.00495	0.00330	0.00165	0.00412
6	0.01408	0.00902	0.00976	0.00777	0.01049	0.05953	0.00631	0.36289	0.16267	0.29995	0.01177	0.01092	0.00809	0.00457	0.00371	0.00114	0.00372	0.00357	0.00391	0.00611
7	0.04876	0.05339	0.01070	0.00924	0.01122	0.78548	0.00701	0.01451	0.01023	0.00937	0.00569	0.00664	0.00475	0.00378	0.00326	0.00096	0.00643	0.00236	0.00191	0.00431
8	0.00598	0.00472	0.00570	0.00541	0.00652	0.00481	0.00420	0.00906	0.15266	0.01363	0.46306	0.02713	0.16074	0.00764	0.00465	0.00126	0.03619	0.07899	0.00377	0.00387
9	0.03047	0.00654	0.00754	0.00543	0.00865	0.00500	0.00435	0.00937	0.00766	0.01225	0.00669	0.00780	0.00556	0.00280	0.00273	0.00057	0.00273	0.00222	0.02334	0.84829
10	0.00452	0.00323	0.00431	0.00517	0.00538	0.00301	0.00345	0.00517	0.00711	0.00948	0.02046	0.86713	0.02455	0.01163	0.00474	0.00151	0.00215	0.01055	0.00345	0.00301
11	0.00446	0.00376	0.00386	0.00383	0.00506	0.00316	0.00288	0.00546	0.00863	0.01042	0.10336	0.03507	0.77888	0.00925	0.00439	0.00125	0.00187	0.00774	0.00350	0.00316
12	0.00744	0.01920	0.85032	0.01058	0.01607	0.00862	0.01371	0.01176	0.00784	0.01176	0.00666	0.00784	0.00470	0.00353	0.00353	0.00118	0.00549	0.00274	0.00157	0.00549
13	0.00505	0.00366	0.00485	0.00547	0.00606	0.00347	0.00415	0.00619	0.00812	0.01075	0.13498	0.43382	0.09615	0.01047	0.00477	0.00150	0.00245	0.25135	0.00353	0.00321
14	0.00524	0.00379	0.00494	0.00465	0.00554	0.00350	0.00349	0.00697	0.01047	0.01479	0.82940	0.02788	0.05012	0.00762	0.00438	0.00117	0.00175	0.00673	0.00407	0.00350
15	0.00923	0.00797	0.00839	0.00755	0.00965	0.00923	0.00588	0.01972	0.83969	0.01553	0.01511	0.01385	0.01133	0.00504	0.00378	0.00126	0.00294	0.00420	0.00378	0.00588
16	0.01789	0.02737	0.23786	0.02994	0.36950	0.03705	0.04426	0.01958	0.00844	0.07589	0.00837	0.05171	0.00700	0.00440	0.01424	0.00122	0.01621	0.02159	0.00211	0.00540
17	0.00770	0.00660	0.00770	0.00550	0.00880	0.00495	0.00440	0.00935	0.00770	0.01210	0.00660	0.00770	0.00550	0.00275	0.00275	0.00055	0.00275	0.00220	0.00220	0.89224
18	0.00990	0.76126	0.03260	0.00672	0.00981	0.04884	0.02550	0.01923	0.00788	0.00923	0.02882	0.00682	0.00569	0.00335	0.00256	0.00083	0.00408	0.00223	0.00992	0.00473
19	0.00533	0.00362	0.00416	0.00426	0.00439	0.00358	0.00256	0.00551	0.00584	0.00770	0.01402	0.07631	0.05763	0.72440	0.01651	0.00324	0.00341	0.05267	0.00245	0.00241
20	0.00948	0.04123	0.25731	0.01851	0.05596	0.07562	0.06332	0.11987	0.20198	0.01368	0.00885	0.00958	0.00671	0.00450	0.01974	0.00123	0.03740	0.00326	0.00246	0.04931
21	0.01108	0.36904	0.02350	0.00790	0.01034	0.22674	0.00681	0.09815	0.11455	0.01125	0.00695	0.00766	0.00577	0.00401	0.00383	0.00101	0.08172	0.00263	0.00217	0.00489
22	0.00605	0.00425	0.00510	0.00489	0.00616	0.00371	0.00363	0.00733	0.02609	0.07192	0.12242	0.27984	0.27085	0.00855	0.00435	0.01320	0.00223	0.02633	0.01428	0.11883
23	0.01933	0.11818	0.19828	0.01435	0.33270	0.02935	0.06233	0.08416	0.00906	0.02811	0.02368	0.04938	0.00696	0.00394	0.00357	0.00111	0.00454	0.00347	0.00209	0.00541
24	0.00861	0.01261	0.26446	0.01359	0.03087	0.00930	0.49887	0.04882	0.02857	0.01237	0.00742	0.00935	0.00551	0.00345	0.00429	0.00123	0.02976	0.00380	0.00191	0.00521
25	0.00659	0.00412	0.00517	0.00473	0.00595	0.00367	0.00361	0.00809	0.00998	0.12722	0.52888	0.04424	0.21817	0.00768	0.00430	0.00119	0.00198	0.00664	0.00399	0.00379
26	0.05196	0.00683	0.01091	0.39374	0.19061	0.00757	0.04276	0.02589	0.00810	0.06759	0.02923	0.05838	0.04419	0.00504	0.02398	0.00132	0.01254	0.00401	0.01080	0.00457
27	0.02310	0.00664	0.00865	0.00676	0.00942	0.00616	0.02308	0.10801	0.04433	0.60318	0.05690	0.01412	0.05352	0.00495	0.00379	0.00115	0.00317	0.00407	0.01310	0.00591
28	0.00540	0.00360	0.00405	0.00405	0.00405	0.00360	0.00225	0.00540	0.00540	0.00720	0.01170	0.02429	0.01349	0.86955	0.01889	0.00360	0.00360	0.00540	0.00225	0.00225
29	0.00474	0.00368	0.00432	0.00436	0.00528	0.00325	0.00319	0.00594	0.00900	0.01178	0.34261	0.18303	0.38727	0.00911	0.00445	0.00127	0.00188	0.00790	0.00369	0.00325
30	0.00905	0.00878	0.01452	0.12024	0.62942	0.02579	0.04743	0.02853	0.00841	0.01180	0.00685	0.00919	0.00569	0.00357	0.00420	0.00115	0.05471	0.00333	0.00185	0.00550
31	0.00928	0.00902	0.01497	0.02199	0.79049	0.02752	0.02979	0.01167	0.02711	0.01213	0.00715	0.00925	0.00597	0.00335	0.00369	0.00111	0.00447	0.00333	0.00188	0.00582
32	0.00521	0.00383	0.00552	0.00564	0.00616	0.00430	0.00420	0.00629	0.00606	0.00857	0.01157	0.13177	0.01184	0.12181	0.64357	0.00509	0.00816	0.00503	0.00222	0.00315
33	0.00813	0.00903	0.01904	0.01383	0.01714	0.00846	0.69715	0.01104	0.02224	0.01165	0.01121	0.05538	0.08838	0.00420	0.00439	0.00126	0.00557	0.00502	0.00214	0.00474
34	0.02393	0.04252	0.01056	0.00916	0.04770	0.24814	0.09717	0.08770	0.15153	0.02345	0.01155	0.10771	0.04245	0.00643	0.04435	0.00140	0.00480	0.03207	0.00271	0.00467
35	0.00480	0.00361	0.00449	0.00511	0.00561	0.00343	0.00353	0.00611	0.05763	0.00995	0.02284	0.67351	0.15343	0.01086	0.00463	0.00145	0.00217	0.02016	0.00347	0.00321
36	0.00516	0.00373	0.00490	0.00505	0.00577	0.00349	0.00380	0.00659	0.00930	0.01281	0.49419	0.22365	0.06307	0.01952	0.00475	0.00136	0.00211	0.12363	0.00379	0.00335
37	0.00834	0.00775	0.01271	0.45271	0.25169	0.00870	0.06422	0.07040	0.05259	0.01178	0.01914	0.01009	0.00611	0.00374	0.00376	0.00119	0.00467	0.00347	0.00201	0.00491
38	0.00820	0.02691	0.01034	0.04252	0.00985	0.04234	0.03653	0.02033	0.02186	0.04037	0.00800	0.03015	0.02754	0.10014	0.03149	0.00183	0.51375	0.02185	0.00202	0.00400
39	0.00482	0.00348	0.00447	0.00515	0.00551	0.00328	0.00351	0.02405	0.00739	0.00977	0.02085	0.72571	0.07678	0.05381	0.00541	0.00159	0.00229	0.03567	0.00339	0.00307
40	0.34840	0.24855	0.03980	0.01715	0.09728	0.07047	0.06102	0.01126	0.00736	0.01247	0.00560	0.00686	0.00466	0.00354	0.00329	0.00107	0.05231	0.00243	0.00193	0.00456
41	0.00475	0.00377	0.00427	0.00415	0.00524	0.00329	0.00311	0.00604	0.00933	0.01209	0.37986	0.03233	0.50135	0.00863	0.00438	0.00122	0.00183	0.00736	0.00372	0.00329
42	0.00997	0.00641	0.00672	0.00562	0.00738	0.00688	0.00449	0.35908	0.01189	0.01790	0.01075	0.01175	0.00815	0.00438	0.00307	0.00097	0.00273	0.00341	0.51379	0.00467
43	0.01048	0.00884	0.00948	0.00875	0.06023	0.03143	0.00651	0.20784	0.57807	0.01698	0.01294	0.01224	0.00967	0.00477	0.00374	0.00121	0.00339	0.00390	0.00360	0.00594
44	0.87321	0.00716	0.00554	0.00493	0.00724	0.00825	0.00406	0.01110	0.00643	0.03802	0.00541	0.00620	0.00415	0.00348	0.00233	0.00115	0.00288	0.00205	0.00236	0.00408
45	0.00942	0.62113	0.20973	0.00775	0.01144	0.03677	0.03796	0.01139	0.00774	0.00955	0.00561	0.00655	0.00478	0.00327	0.00274	0.00090	0.00448	0.00226	0.00160	0.00492
46	0.00484	0.00344	0.00458	0.00538	0.00570	0.00327	0.00381	0.00562	0.00724	0.00961	0.01973	0.66626	0.02325	0.06930	0.00576	0.00168	0.00247	0.15166	0.00336	0.00303
47	0.00750	0.01884	0.81755	0.01078	0.01620	0.00865	0.04612	0.01176	0.00787	0.01176	0.00669	0.00792	0.00474	0.00351	0.00356	0.00118	0.00552	0.00281	0.00158	0.00547
48	0.01033	0.02391	0.05944	0.00804	0.02178	0.05390	0.00656	0.10849	0.56152	0.07020	0.01320	0.02624	0.00992	0.00484	0.00372	0.00121	0.00346	0.00394	0.00352	0.00578
49	0.89577	0.00718	0.00546	0.00488	0.00718	0.00833	0.00402	0.01091	0.00632	0.01665	0.00517	0.00603	0.00402	0.00345	0.00230	0.00115	0.00287	0.00201	0.00230	0.00402
50	0.01621	0.00723	0.00884	0.00689	0.00970	0.05667	0.00564	0.05681	0.02868	0.74151	0.01385	0.01213	0.00883	0.00455	0.00371	0.00114	0.00341	0.00364	0.00437	0.00619
51	0.00533	0.00399	0.00511	0.00570	0.00660	0.00378	0.00471	0.00669	0.00839	0.01066	0.03814	0.13424	0.26673	0.01012	0.00485	0.00154	0.00279	0.47391	0.00344	0.00329
52	0.00701	0.00660	0.01113	0.86063	0.02556	0.00825	0.01031	0.00948	0.00742	0.00948	0.00660	0.00990	0.00495	0.00371	0.00371	0.00124	0.00495	0.00330	0.00165	0.00412
53	0.00556	0.00381	0.00479	0.00452	0.00542	0.00352	0.00335	0.00713	0.00985	0.03285	0.65218	0.02693	0.09981	0.05906	0.00511	0.00130	0.00190	0.00644	0.06300	0.00346
54	0.00992	0.87178	0.01945	0.00635	0.00953	0.01469	0.00635	0.01111	0.00754	0.00873	0.00516	0.00595	0.00476	0.00318	0.00238	0.00079	0.00397	0.00198	0.00159	0.00476
55	0.00601	0.00395	0.00519	0.00481	0.00581	0.00362	0.00363	0.00771	0.01044	0.07137	0.76884	0.04634	0.03302	0.00748	0.00434	0.00117	0.00186	0.00660	0.00411	0.00368
56	0.01387	0.01769	0.01052	0.00956	0.01148	0.85465	0.00717	0.01482	0.01052	0.00908	0.00574	0.00669	0.00478	0.00383	0.00335	0.00096	0.00669	0.00239	0.00191	0.00430
57	0.00484	0.00372	0.00445	0.00449	0.00541	0.00332	0.00334	0.00612	0.00913	0.01205	0.37502	0.15469	0.34530	0.00900	0.00447	0.00127	0.00194	0.04443	0.00372	0.00328
58	0.01407	0.01160	0.01104	0.00871	0.01150	0.15101	0.00707	0.69848	0.01630	0.02103	0.00839	0.00854	0.00606	0.00435	0.00365	0.00109	0.00452	0.00318	0.00342	0.00598
59	0.00518	0.00395	0.00478	0.00454	0.00557	0.00363	0.00342	0.00707	0.04277	0.01363	0.59892	0.02929	0.24760	0.00797	0.00436	0.00119	0.00183	0.00691	0.00391	0.00350
60	0.03765	0.12047	0.03025	0.02013	0.01113	0.60548	0.00697	0.02366	0.02858	0.05418	0.02492	0.00762	0.00582	0.00388	0.00327	0.00097	0.00579	0.00257	0.00212	0.00452

[dist]
# distance from previous block
# <min> <max>
0	1

[block]
# block no. 5 follows, 74 sequences, length 34
# corresponding to MSA columns:
# 295-328
name=unknown_F
#
# <colnr> <probs for GDERKNQSTAVLIFYWHMCP>
#	G	D	E	R	K	N	Q	S	T	A	V	L	I	F	Y	W	H	M	C	P
0	0.30738	0.41153	0.08549	0.00649	0.00943	0.06735	0.00624	0.03315	0.00759	0.01206	0.00552	0.00644	0.00464	0.00385	0.01911	0.00107	0.00403	0.00216	0.00191	0.00456
1	0.35366	0.00899	0.00787	0.00704	0.00844	0.17605	0.00558	0.02957	0.00719	0.01217	0.00633	0.01964	0.00575	0.06159	0.08095	0.00180	0.19848	0.00289	0.00209	0.00395
2	0.01041	0.03037	0.14652	0.00874	0.06341	0.08430	0.03595	0.03975	0.03095	0.17634	0.00855	0.00923	0.00635	0.00385	0.00395	0.00100	0.06490	0.00297	0.04122	0.23124
3	0.00688	0.00645	0.01076	0.81737	0.02453	0.00799	0.00993	0.00927	0.00747	0.00951	0.00816	0.01120	0.04735	0.00400	0.00375	0.00124	0.00479	0.00353	0.00174	0.00407
4	0.00595	0.00388	0.00489	0.00456	0.00557	0.00357	0.00345	0.00762	0.01005	0.05650	0.64783	0.02605	0.09387	0.00722	0.00415	0.00114	0.00183	0.00629	0.10198	0.00361
5	0.00744	0.01920	0.85032	0.01058	0.01607	0.00862	0.01371	0.01176	0.00784	0.01176	0.00666	0.00784	0.00470	0.00353	0.00353	0.00118	0.00549	0.00274	0.00157	0.00549
6	0.00459	0.00355	0.00420	0.00459	0.00533	0.00316	0.00329	0.00551	0.00805	0.01028	0.10370	0.40268	0.37421	0.01025	0.00457	0.00138	0.00205	0.04197	0.00350	0.00313
7	0.00919	0.00882	0.01507	0.02278	0.84640	0.00882	0.01139	0.01139	0.00845	0.01213	0.00698	0.00919	0.00588	0.00331	0.00367	0.00110	0.00441	0.00331	0.00184	0.00588
8	0.01387	0.01769	0.01052	0.00956	0.01148	0.85465	0.00717	0.01482	0.01052	0.00908	0.00574	0.00669	0.00478	0.00383	0.00335	0.00096	0.00669	0.00239	0.00191	0.00430
9	0.00460	0.00330	0.00438	0.00519	0.00547	0.00308	0.00353	0.00532	0.00729	0.00970	0.04410	0.79230	0.04379	0.01141	0.00473	0.00150	0.00218	0.04162	0.00346	0.00305
10	0.23707	0.00710	0.00742	0.00574	0.00855	0.00669	0.00461	0.10394	0.04051	0.04449	0.00732	0.00850	0.00589	0.03875	0.00348	0.00094	0.00299	0.00254	0.00254	0.46091
11	0.01264	0.01217	0.01015	0.00860	0.01097	0.29485	0.00676	0.32717	0.24830	0.01634	0.00960	0.00956	0.00722	0.00441	0.00361	0.00110	0.00464	0.00326	0.00312	0.00551
12	0.00934	0.00799	0.00840	0.00736	0.00950	0.02118	0.00577	0.09746	0.63084	0.01551	0.01529	0.01436	0.06819	0.00518	0.00392	0.00121	0.02027	0.00422	0.00360	0.05042
13	0.12075	0.01011	0.01029	0.00806	0.01088	0.04116	0.00662	0.66278	0.03975	0.04045	0.00866	0.00871	0.00619	0.00433	0.00353	0.00112	0.00398	0.00318	0.00350	0.00595
14	0.03788	0.10063	0.19853	0.00806	0.01157	0.00923	0.00789	0.28836	0.01184	0.27517	0.00969	0.00944	0.00662	0.00413	0.00350	0.00111	0.00406	0.00315	0.00325	0.00590
15	0.00454	0.00374	0.00399	0.00398	0.00512	0.00319	0.00296	0.00560	0.00874	0.01081	0.17155	0.07267	0.67187	0.00920	0.00440	0.00125	0.00187	0.00777	0.00355	0.00319
16	0.00753	0.00609	0.06143	0.02068	0.00837	0.01244	0.04580	0.04070	0.06031	0.11562	0.23334	0.07314	0.17799	0.02091	0.00450	0.00131	0.00291	0.09921	0.00352	0.00419
17	0.03599	0.08740	0.02640	0.01998	0.06100	0.37367	0.01710	0.11940	0.01026	0.10007	0.00722	0.00818	0.00567	0.00496	0.03463	0.00124	0.07675	0.00283	0.00237	0.00487
18	0.01652	0.00652	0.00874	0.00670	0.00958	0.00576	0.00554	0.05953	0.01097	0.80704	0.01435	0.01244	0.00904	0.00459	0.00373	0.00115	0.00321	0.00371	0.00455	0.00632
19	0.00512	0.00384	0.00434	0.00444	0.00547	0.00340	0.00324	0.00634	0.03161	0.04326	0.10570	0.25699	0.49388	0.00952	0.00444	0.00131	0.00202	0.00820	0.00356	0.00334
20	0.02444	0.00853	0.03619	0.15236	0.59127	0.00849	0.04676	0.01099	0.02314	0.01174	0.00842	0.01051	0.04333	0.00368	0.00372	0.00114	0.00444	0.00353	0.00192	0.00540
21	0.00704	0.00452	0.00623	0.00587	0.00678	0.00496	0.00449	0.04587	0.00695	0.10204	0.01065	0.01549	0.00972	0.15225	0.56814	0.00470	0.01922	0.00412	0.01732	0.00363
22	0.00744	0.01920	0.85032	0.01058	0.01607	0.00862	0.01371	0.01176	0.00784	0.01176	0.00666	0.00784	0.00470	0.00353	0.00353	0.00118	0.00549	0.00274	0.00157	0.00549
23	0.00567	0.00401	0.00579	0.00572	0.00640	0.00451	0.00436	0.00684	0.00613	0.03671	0.01106	0.01615	0.03309	0.11723	0.71243	0.00542	0.00881	0.00423	0.00214	0.00330
24	0.00986	0.02748	0.07671	0.04841	0.17728	0.16207	0.14135	0.07202	0.08261	0.03245	0.00893	0.03068	0.00754	0.00508	0.02881	0.00132	0.02564	0.05442	0.00233	0.00503
25	0.00707	0.00708	0.03694	0.81010	0.02510	0.00829	0.03447	0.00962	0.00747	0.00962	0.00663	0.00984	0.00496	0.00369	0.00373	0.00124	0.00500	0.00331	0.00165	0.00419
26	0.00874	0.00995	0.02153	0.01544	0.01906	0.00946	0.80383	0.01179	0.00865	0.01179	0.00742	0.00995	0.00561	0.00325	0.00466	0.00126	0.03646	0.00434	0.00187	0.00497
27	0.00594	0.00447	0.00546	0.00549	0.03907	0.00430	0.00391	0.04947	0.05106	0.01385	0.45990	0.07873	0.19296	0.00755	0.00420	0.00119	0.00208	0.00654	0.06008	0.00375
28	0.03752	0.15254	0.17560	0.09357	0.16706	0.11067	0.08585	0.04704	0.05018	0.01157	0.00686	0.00834	0.00543	0.00364	0.00367	0.00110	0.02937	0.00298	0.00192	0.00509
29	0.00708	0.03548	0.03197	0.03257	0.00877	0.04840	0.08090	0.05238	0.05241	0.04343	0.04905	0.21912	0.25023	0.00767	0.00431	0.00128	0.01463	0.03734	0.01901	0.00397
30	0.00493	0.00379	0.00445	0.00470	0.00549	0.00349	0.00335	0.02416	0.02817	0.01077	0.13047	0.38164	0.32777	0.03395	0.00492	0.00142	0.00212	0.01764	0.00351	0.00324
31	0.02133	0.11325	0.13597	0.14426	0.26349	0.00938	0.11856	0.05540	0.02781	0.01181	0.00761	0.04962	0.00640	0.00390	0.00374	0.00115	0.01564	0.00355	0.00197	0.00514
32	0.01074	0.07368	0.14066	0.04821	0.15531	0.20379	0.04999	0.13499	0.05783	0.03227	0.01562	0.00879	0.00609	0.00390	0.00375	0.00109	0.02780	0.00307	0.01720	0.00522
33	0.60795	0.00867	0.00716	0.02332	0.00879	0.11876	0.02905	0.04961	0.04279	0.03997	0.00664	0.03129	0.00533	0.00387	0.00276	0.00114	0.00356	0.00260	0.00245	0.00431

[dist]
# distance from previous block
# <min> <max>
3	8

[block]
# block no. 6 follows, 74 sequences, length 10
# corresponding to MSA columns:
# 337-346
name=unknown_G
#
# <colnr> <probs for GDERKNQSTAVLIFYWHMCP>
#	G	D	E	R	K	N	Q	S	T	A	V	L	I	F	Y	W	H	M	C	P
0	0.04724	0.04322	0.32075	0.00878	0.02385	0.03253	0.05502	0.12304	0.02714	0.01314	0.07206	0.03676	0.06158	0.04292	0.01576	0.00136	0.04619	0.02143	0.00241	0.00481
1	0.05350	0.00838	0.01318	0.02440	0.17516	0.02171	0.23206	0.13185	0.04142	0.05095	0.06458	0.01301	0.03379	0.00433	0.00387	0.00115	0.00429	0.04391	0.00264	0.07583
2	0.05216	0.01626	0.62398	0.01007	0.01477	0.00865	0.06309	0.09373	0.00894	0.01335	0.05517	0.00914	0.00664	0.00382	0.00359	0.00117	0.00505	0.00310	0.00198	0.00535
3	0.00923	0.00797	0.00839	0.00755	0.00965	0.00923	0.00588	0.01972	0.83969	0.01553	0.01511	0.01385	0.01133	0.00504	0.00378	0.00126	0.00294	0.00420	0.00378	0.00588
4	0.00694	0.00635	0.01055	0.65648	0.09060	0.00759	0.00957	0.00921	0.00760	0.00986	0.00873	0.06246	0.00780	0.00479	0.00391	0.00129	0.00459	0.08558	0.00195	0.00413
5	0.61623	0.00820	0.00714	0.02916	0.00886	0.03856	0.00501	0.19029	0.00908	0.04865	0.00639	0.00703	0.00476	0.00373	0.00273	0.00114	0.00334	0.00241	0.00266	0.00462
6	0.00634	0.00326	0.00476	0.00476	0.00476	0.00326	0.00313	0.00489	0.00489	0.00652	0.00697	0.01258	0.00715	0.09861	0.01495	0.80311	0.00326	0.00344	0.00168	0.00168
7	0.01062	0.55048	0.01575	0.00721	0.00995	0.18669	0.00644	0.01333	0.14829	0.00995	0.00695	0.00744	0.00587	0.00362	0.00282	0.00091	0.00436	0.00244	0.00202	0.00486
8	0.80741	0.00730	0.00590	0.00515	0.00751	0.00835	0.00425	0.05356	0.00710	0.05776	0.00582	0.00650	0.00439	0.00355	0.00244	0.00115	0.00295	0.00216	0.00248	0.00425
9	0.00986	0.01001	0.10065	0.02839	0.24414	0.06750	0.04950	0.18010	0.04354	0.04051	0.03397	0.01135	0.04512	0.01783	0.05044	0.00146	0.05420	0.00366	0.00250	0.00527

[dist]
# distance from previous block
# <min> <max>
0	2

[block]
# block no. 7 follows, 74 sequences, length 29
# corresponding to MSA columns:
# 349-377
name=unknown_H
#
# <colnr> <probs for GDERKNQSTAVLIFYWHMCP>
#	G	D	E	R	K	N	Q	S	T	A	V	L	I	F	Y	W	H	M	C	P
0	0.02867	0.01127	0.15521	0.07159	0.29260	0.09726	0.03133	0.11878	0.06349	0.06854	0.02089	0.00948	0.00653	0.00383	0.00363	0.00113	0.00462	0.00326	0.00238	0.00551
1	0.00897	0.00782	0.00842	0.00756	0.00948	0.00914	0.00591	0.01843	0.75085	0.01487	0.01528	0.01430	0.04297	0.00530	0.00437	0.00128	0.06151	0.00427	0.00362	0.00565
2	0.00700	0.00598	0.04804	0.00634	0.03003	0.01886	0.01445	0.09602	0.04336	0.02581	0.32203	0.02935	0.09067	0.10042	0.08133	0.04059	0.02734	0.00533	0.00318	0.00388
3	0.00917	0.00769	0.01152	0.18338	0.33900	0.00817	0.00876	0.14996	0.00981	0.04564	0.06566	0.06973	0.01821	0.00463	0.00403	0.00117	0.02747	0.00407	0.00251	0.02943
4	0.00659	0.00479	0.00635	0.02837	0.00755	0.00482	0.03617	0.11058	0.04479	0.04153	0.01771	0.63668	0.01990	0.00966	0.00449	0.00142	0.00270	0.00870	0.00343	0.00378
5	0.00721	0.06557	0.01170	0.80240	0.02447	0.00869	0.01004	0.00959	0.00743	0.00943	0.00650	0.00963	0.00494	0.00367	0.00362	0.00121	0.00488	0.00321	0.00165	0.00417
