[name]
unknown

[dist]
# distance from previous block
# <min> <max>
3	73

[block]
# block no. 0 follows, 72 sequences, length 69
# corresponding to MSA columns:
# 81-149
name=unknown_A
#
# <colnr> <probs for GDERKNQSTAVLIFYWHMCP>
#	G	D	E	R	K	N	Q	S	T	A	V	L	I	F	Y	W	H	M	C	P
0	0.16708	0.02996	0.03927	0.01626	0.04989	0.13124	0.05077	0.28513	0.02198	0.03107	0.02442	0.10603	0.00840	0.00501	0.00374	0.00118	0.01660	0.00395	0.00290	0.00509
1	0.11896	0.00463	0.00543	0.00552	0.00646	0.00463	0.00401	0.05094	0.00807	0.08905	0.04115	0.43849	0.02864	0.11079	0.00610	0.00169	0.00274	0.06566	0.00337	0.00365
2	0.00589	0.00456	0.04523	0.00503	0.00575	0.00390	0.00367	0.00667	0.00713	0.05198	0.08555	0.21751	0.09680	0.37141	0.05685	0.00260	0.00343	0.01996	0.00295	0.00312
3	0.03116	0.12008	0.11948	0.04241	0.04612	0.26326	0.09896	0.10845	0.01750	0.04776	0.00701	0.00816	0.00546	0.00389	0.00391	0.00109	0.04470	0.00295	0.00220	0.02545
4	0.03532	0.09494	0.22949	0.01219	0.06403	0.11021	0.26611	0.11896	0.00987	0.01315	0.00709	0.00855	0.00538	0.00359	0.00374	0.00115	0.00552	0.00330	0.00207	0.00533
5	0.05055	0.00477	0.00578	0.00518	0.00660	0.00446	0.00398	0.04206	0.00998	0.17004	0.37073	0.05420	0.16913	0.05991	0.00516	0.00138	0.00240	0.02569	0.00390	0.00409
6	0.00561	0.00399	0.00511	0.00526	0.00611	0.00375	0.00409	0.00701	0.00914	0.02636	0.34552	0.08938	0.14525	0.09178	0.00613	0.00162	0.00252	0.23428	0.00367	0.00339
7	0.03713	0.04259	0.12452	0.01078	0.14308	0.02958	0.09214	0.11227	0.05135	0.09500	0.10495	0.09449	0.01972	0.00527	0.00394	0.00121	0.00403	0.01983	0.00292	0.00518
8	0.25279	0.01283	0.06134	0.00914	0.06391	0.30936	0.00711	0.21463	0.01102	0.01536	0.00664	0.00745	0.00513	0.00391	0.00325	0.00109	0.00489	0.00266	0.00249	0.00500
9	0.01417	0.01808	0.01075	0.00977	0.01172	0.85149	0.00733	0.01514	0.01075	0.00928	0.00586	0.00684	0.00489	0.00391	0.00342	0.00098	0.00684	0.00244	0.00195	0.00440
10	0.00786	0.00674	0.00786	0.00562	0.00899	0.00506	0.00449	0.00955	0.00786	0.01236	0.00674	0.00786	0.00562	0.00281	0.00281	0.00056	0.00281	0.00225	0.00225	0.88990
11	0.00536	0.00400	0.00584	0.00588	0.00652	0.00456	0.00449	0.00659	0.00620	0.00881	0.01161	0.05699	0.03509	0.07271	0.74052	0.00560	0.00918	0.00458	0.00216	0.00331
12	0.00552	0.00368	0.00414	0.00414	0.00414	0.00368	0.00230	0.00552	0.00552	0.00735	0.01195	0.02482	0.01379	0.86672	0.01930	0.00368	0.00368	0.00552	0.00230	0.00230
13	0.01605	0.00679	0.00886	0.00693	0.00977	0.00624	0.00568	0.04687	0.10667	0.72106	0.01481	0.01292	0.00954	0.00474	0.00382	0.00119	0.00323	0.00385	0.00457	0.00640
14	0.05924	0.00650	0.00865	0.00666	0.00957	0.00572	0.00550	0.01813	0.01064	0.80577	0.01450	0.01258	0.00913	0.00464	0.00374	0.00117	0.00321	0.00373	0.00458	0.00634
15	0.89350	0.00733	0.00557	0.00499	0.00733	0.00851	0.00411	0.01115	0.00645	0.01702	0.00528	0.00616	0.00411	0.00352	0.00235	0.00117	0.00293	0.00205	0.00235	0.00411
16	0.76733	0.00685	0.00546	0.00500	0.00706	0.00785	0.00403	0.01046	0.00648	0.01584	0.00662	0.00968	0.00587	0.08495	0.00408	0.00144	0.00303	0.04166	0.00240	0.00391
17	0.87728	0.00740	0.00568	0.00506	0.00742	0.00857	0.00416	0.02627	0.00666	0.01714	0.00535	0.00622	0.00415	0.00354	0.00237	0.00117	0.00296	0.00208	0.00237	0.00415
18	0.00462	0.00330	0.00440	0.00528	0.00550	0.00308	0.00352	0.00528	0.00726	0.00968	0.02090	0.86424	0.02508	0.01188	0.00484	0.00154	0.00220	0.01078	0.00352	0.00308
19	0.00611	0.00437	0.00611	0.00698	0.00786	0.00437	0.00611	0.00786	0.00873	0.01135	0.02008	0.04278	0.02183	0.01048	0.00524	0.00175	0.00349	0.81753	0.00349	0.00349
20	0.08889	0.00411	0.00475	0.00481	0.00578	0.00388	0.00350	0.00697	0.00853	0.05000	0.23651	0.30745	0.21695	0.03461	0.00481	0.00140	0.00219	0.00781	0.00360	0.00347
21	0.00462	0.00330	0.00440	0.00528	0.00550	0.00308	0.00352	0.00528	0.00726	0.00968	0.02090	0.86424	0.02508	0.01188	0.00484	0.00154	0.00220	0.01078	0.00352	0.00308
22	0.89350	0.00733	0.00557	0.00499	0.00733	0.00851	0.00411	0.01115	0.00645	0.01702	0.00528	0.00616	0.00411	0.00352	0.00235	0.00117	0.00293	0.00205	0.00235	0.00411
23	0.05866	0.00821	0.00902	0.00749	0.00996	0.00894	0.00601	0.24083	0.36228	0.17504	0.06262	0.01296	0.01081	0.00497	0.00379	0.00121	0.00329	0.00399	0.00394	0.00597
24	0.54043	0.00741	0.00690	0.00583	0.00823	0.00816	0.00477	0.12639	0.03646	0.14101	0.06409	0.00943	0.00767	0.00419	0.00296	0.00117	0.00306	0.00292	0.01411	0.00480
25	0.00472	0.00337	0.00440	0.00514	0.00540	0.00315	0.00342	0.00539	0.00734	0.00980	0.06020	0.74605	0.04397	0.07120	0.00582	0.00167	0.00228	0.01016	0.00347	0.00305
26	0.04168	0.00656	0.00870	0.00674	0.00962	0.00583	0.00555	0.01835	0.04837	0.78419	0.01471	0.01277	0.00934	0.00468	0.00377	0.00118	0.00321	0.00379	0.00459	0.00637
27	0.00557	0.00372	0.00481	0.00520	0.00587	0.00341	0.00372	0.00658	0.00836	0.06101	0.17018	0.51311	0.12746	0.01034	0.00469	0.00144	0.00223	0.05519	0.00371	0.00341
28	0.07250	0.00582	0.00746	0.00635	0.00849	0.00539	0.00504	0.01467	0.05717	0.51869	0.01576	0.19425	0.01306	0.01854	0.00421	0.00132	0.00299	0.03876	0.00416	0.00537
29	0.00743	0.00701	0.01185	0.75878	0.12288	0.00850	0.01066	0.00992	0.00771	0.01001	0.00679	0.01003	0.00517	0.00374	0.00379	0.00125	0.00499	0.00337	0.00171	0.00443
30	0.03047	0.00947	0.01351	0.06834	0.11927	0.01009	0.18002	0.36597	0.10016	0.01750	0.00942	0.04170	0.00734	0.00438	0.00395	0.00121	0.00452	0.00397	0.00298	0.00574
31	0.63737	0.00731	0.00635	0.00550	0.00784	0.00819	0.00449	0.08920	0.03916	0.07729	0.03017	0.00962	0.05606	0.00424	0.00283	0.00118	0.00298	0.00287	0.00283	0.00450
32	0.00568	0.00426	0.00487	0.00477	0.00594	0.00390	0.00362	0.03539	0.03054	0.03665	0.21082	0.10528	0.43581	0.03022	0.00487	0.00137	0.00222	0.06656	0.00369	0.00355
33	0.06723	0.00530	0.00622	0.03588	0.06390	0.01478	0.00465	0.02845	0.07957	0.02781	0.25944	0.03979	0.30159	0.00745	0.00421	0.00125	0.00254	0.04244	0.00349	0.00400
34	0.00973	0.00831	0.01291	0.33170	0.27626	0.00910	0.04932	0.17500	0.01020	0.04492	0.01640	0.01056	0.00643	0.00398	0.00385	0.00120	0.00464	0.01783	0.00235	0.00533
35	0.27574	0.00607	0.00636	0.00580	0.00749	0.00643	0.00445	0.08340	0.07920	0.12954	0.05962	0.23952	0.02254	0.05187	0.00451	0.00141	0.00286	0.00545	0.00335	0.00439
36	0.01458	0.00995	0.01092	0.00841	0.01138	0.01081	0.00693	0.71064	0.01674	0.13024	0.01007	0.02458	0.00716	0.00470	0.00381	0.00115	0.00402	0.00360	0.00391	0.00639
37	0.32400	0.00897	0.00984	0.18431	0.03485	0.08285	0.05659	0.16899	0.02473	0.06081	0.00727	0.00845	0.00539	0.00388	0.00329	0.00118	0.00422	0.00294	0.00257	0.00488
38	0.00510	0.00354	0.00440	0.00484	0.00504	0.00341	0.00312	0.00560	0.00682	0.00914	0.07068	0.42719	0.02095	0.36767	0.01086	0.00242	0.00284	0.04053	0.00305	0.00280
39	0.00845	0.00440	0.00580	0.00564	0.00683	0.00396	0.00421	0.00949	0.00869	0.25873	0.06539	0.41658	0.09470	0.03116	0.00488	0.00146	0.00258	0.05906	0.00387	0.00413
40	0.00563	0.00443	0.00686	0.00654	0.00741	0.00502	0.04443	0.00724	0.02135	0.00913	0.01094	0.01528	0.03309	0.02627	0.77133	0.00564	0.00961	0.00420	0.00210	0.00351
41	0.00771	0.00747	0.01200	0.66383	0.09952	0.03039	0.03287	0.01021	0.02120	0.01006	0.00680	0.00991	0.00526	0.00396	0.00439	0.00127	0.06358	0.00339	0.00175	0.00443
42	0.00883	0.00995	0.02084	0.11791	0.02044	0.02428	0.71554	0.01190	0.00882	0.01180	0.00753	0.01016	0.00565	0.00328	0.00437	0.00127	0.00624	0.00431	0.00189	0.00499
43	0.00528	0.00377	0.00516	0.00604	0.00655	0.00365	0.00467	0.00642	0.00791	0.01042	0.02054	0.50009	0.02364	0.01126	0.00502	0.00163	0.00277	0.36841	0.00351	0.00326
44	0.00460	0.00349	0.00424	0.00481	0.00538	0.00313	0.00332	0.00538	0.00779	0.01000	0.04700	0.57827	0.28682	0.01105	0.00472	0.00145	0.00210	0.00979	0.00354	0.00313
45	0.00528	0.00387	0.00495	0.00468	0.00561	0.00354	0.00351	0.00699	0.01054	0.01473	0.76419	0.02911	0.11295	0.00793	0.00447	0.00120	0.00180	0.00697	0.00411	0.00354
46	0.01014	0.86900	0.01987	0.00649	0.00973	0.01501	0.00649	0.01136	0.00771	0.00892	0.00527	0.00608	0.00487	0.00324	0.00243	0.00081	0.00406	0.00203	0.00162	0.00487
47	0.00469	0.00335	0.00449	0.00537	0.00562	0.00314	0.00365	0.00541	0.00733	0.00976	0.02086	0.82352	0.02492	0.01181	0.00486	0.00155	0.00226	0.05077	0.00352	0.00310
48	0.00761	0.01962	0.84707	0.01081	0.01641	0.00881	0.01401	0.01201	0.00801	0.01201	0.00681	0.00801	0.00480	0.00360	0.00360	0.00120	0.00560	0.00280	0.00160	0.00560
49	0.00449	0.00380	0.00388	0.00394	0.00515	0.00319	0.00293	0.00543	0.00855	0.01021	0.03722	0.09330	0.78549	0.00976	0.00451	0.00130	0.00194	0.00819	0.00352	0.00319
50	0.00865	0.00731	0.01048	0.11060	0.01266	0.00646	0.12282	0.03503	0.02447	0.06465	0.00842	0.00969	0.02739	0.00342	0.00344	0.00085	0.01401	0.00303	0.00239	0.52425
51	0.01422	0.01123	0.01120	0.00877	0.01165	0.09409	0.00716	0.73588	0.01695	0.02222	0.00899	0.02386	0.00662	0.00462	0.00378	0.00113	0.00440	0.00345	0.00361	0.00619
52	0.00981	0.00943	0.01471	0.04254	0.72166	0.04757	0.01105	0.05503	0.02824	0.01287	0.00736	0.00938	0.00608	0.00352	0.00374	0.00113	0.00457	0.00336	0.00202	0.00591
53	0.01014	0.86900	0.01987	0.00649	0.00973	0.01501	0.00649	0.01136	0.00771	0.00892	0.00527	0.00608	0.00487	0.00324	0.00243	0.00081	0.00406	0.00203	0.00162	0.00487
54	0.00915	0.00877	0.01496	0.11359	0.75463	0.00895	0.01152	0.01143	0.00852	0.01210	0.00709	0.00946	0.00590	0.00342	0.00376	0.00114	0.00457	0.00338	0.00186	0.00581
55	0.01430	0.01009	0.01097	0.00847	0.01141	0.01103	0.00697	0.74466	0.01699	0.08425	0.00991	0.03602	0.00725	0.00479	0.00383	0.00115	0.00404	0.00367	0.00385	0.00635
56	0.00542	0.00406	0.00610	0.00610	0.00677	0.00474	0.00474	0.00677	0.00610	0.00880	0.01016	0.01490	0.00948	0.02844	0.85169	0.00610	0.01016	0.00406	0.00203	0.00339
57	0.00907	0.12706	0.00858	0.00642	0.00798	0.03177	0.00506	0.13237	0.00961	0.13527	0.01543	0.40887	0.01616	0.00840	0.01465	0.00137	0.00322	0.05091	0.00340	0.00440
58	0.00659	0.00329	0.00494	0.00494	0.00494	0.00329	0.00329	0.00494	0.00494	0.00659	0.00659	0.01153	0.00659	0.01318	0.01482	0.88966	0.00329	0.00329	0.00165	0.00165
59	0.00548	0.00368	0.00413	0.00413	0.00417	0.00366	0.00232	0.00551	0.00561	0.00744	0.01273	0.02516	0.03828	0.84135	0.01886	0.00361	0.00362	0.00559	0.00233	0.00232
60	0.00462	0.00330	0.00440	0.00528	0.00550	0.00308	0.00352	0.00528	0.00726	0.00968	0.02090	0.86424	0.02508	0.01188	0.00484	0.00154	0.00220	0.01078	0.00352	0.00308
61	0.00899	0.05676	0.40833	0.01070	0.01469	0.05381	0.14319	0.02438	0.13397	0.03710	0.00828	0.00932	0.00616	0.00402	0.00433	0.00123	0.06385	0.00332	0.00214	0.00542
62	0.00659	0.00329	0.00494	0.00494	0.00494	0.00329	0.00329	0.00494	0.00494	0.00659	0.00659	0.01153	0.00659	0.01318	0.01482	0.88966	0.00329	0.00329	0.00165	0.00165
63	0.00602	0.00432	0.00599	0.00677	0.00766	0.00429	0.00588	0.00775	0.00884	0.01153	0.06531	0.04181	0.04684	0.01030	0.00517	0.00170	0.00335	0.74945	0.00353	0.00349
64	0.08919	0.00917	0.01016	0.00785	0.01080	0.00974	0.00648	0.53168	0.01490	0.25585	0.01044	0.00993	0.00708	0.00451	0.00368	0.00115	0.00380	0.00341	0.00393	0.00625
65	0.00939	0.01000	0.01658	0.11182	0.32284	0.09029	0.29613	0.01203	0.02994	0.01164	0.00726	0.00959	0.00580	0.00361	0.00440	0.00121	0.04661	0.00369	0.00192	0.00525
66	0.00671	0.00633	0.03029	0.00815	0.00889	0.00754	0.05918	0.00804	0.00621	0.00917	0.00815	0.01240	0.00767	0.04349	0.45642	0.00403	0.30780	0.00384	0.00189	0.00379
67	0.00876	0.00839	0.03560	0.01202	0.29375	0.03607	0.00738	0.03129	0.00848	0.01254	0.00691	0.00838	0.00572	0.00311	0.00320	0.00080	0.00364	0.00269	0.00213	0.50913
68	0.03605	0.00963	0.01407	0.01238	0.10989	0.08900	0.22507	0.09215	0.00904	0.02854	0.05690	0.01023	0.00743	0.00522	0.02215	0.00141	0.25997	0.00376	0.00223	0.00487

[dist]
# distance from previous block
# <min> <max>
0	25

[block]
# block no. 1 follows, 72 sequences, length 54
# corresponding to MSA columns:
# 175-228
name=unknown_B
#
# <colnr> <probs for GDERKNQSTAVLIFYWHMCP>
#	G	D	E	R	K	N	Q	S	T	A	V	L	I	F	Y	W	H	M	C	P
0	0.00740	0.00680	0.01114	0.79581	0.02483	0.00841	0.01013	0.04253	0.00793	0.01019	0.00700	0.01055	0.00539	0.03181	0.00429	0.00134	0.00498	0.00344	0.00179	0.00424
1	0.03962	0.00825	0.00900	0.02895	0.01001	0.00900	0.00599	0.46852	0.09457	0.01923	0.12603	0.01596	0.08505	0.03724	0.00451	0.00129	0.00348	0.02426	0.00367	0.00537
2	0.01405	0.01040	0.01129	0.03621	0.01214	0.01153	0.00727	0.79246	0.01735	0.02325	0.00919	0.02088	0.00666	0.00463	0.00381	0.00115	0.00417	0.00351	0.00372	0.00633
3	0.00756	0.00716	0.01202	0.69175	0.15452	0.00865	0.01062	0.00998	0.00768	0.01009	0.00673	0.00992	0.00520	0.00384	0.00413	0.00126	0.03931	0.00337	0.00171	0.00449
4	0.00861	0.00894	0.01305	0.01077	0.01137	0.04393	0.11986	0.00977	0.00643	0.00954	0.00538	0.00850	0.00508	0.00606	0.01101	0.00158	0.71067	0.00344	0.00171	0.00429
5	0.00466	0.00332	0.00439	0.00524	0.00545	0.00310	0.00347	0.00529	0.00719	0.00959	0.02056	0.83167	0.02465	0.04505	0.00540	0.00162	0.00226	0.01058	0.00347	0.00305
6	0.01479	0.01003	0.01101	0.00844	0.01146	0.01088	0.00697	0.71413	0.01683	0.14159	0.00994	0.00965	0.00687	0.00457	0.00380	0.00114	0.00404	0.00347	0.00392	0.00645
7	0.00538	0.00389	0.00509	0.00482	0.00571	0.00359	0.00363	0.00717	0.01069	0.01513	0.82443	0.02862	0.03550	0.00781	0.00449	0.00120	0.00182	0.02327	0.00416	0.00358
8	0.00820	0.01534	0.48522	0.13422	0.05528	0.04876	0.17600	0.01184	0.00829	0.01159	0.00694	0.00876	0.00509	0.00355	0.00380	0.00121	0.00569	0.00323	0.00171	0.00527
9	0.00943	0.00815	0.00858	0.00772	0.00986	0.00943	0.00600	0.02015	0.83621	0.01586	0.01544	0.01415	0.01158	0.00515	0.00386	0.00129	0.00300	0.00429	0.00386	0.00600
10	0.01281	0.01441	0.01152	0.01087	0.08666	0.50081	0.04969	0.12904	0.11117	0.01258	0.00789	0.00898	0.00631	0.00416	0.00364	0.00108	0.00572	0.01515	0.00246	0.00505
11	0.00545	0.00391	0.00534	0.00531	0.00578	0.00427	0.00380	0.00638	0.00634	0.00892	0.08908	0.01952	0.01342	0.31041	0.48990	0.00481	0.00717	0.00482	0.00232	0.00304
12	0.00628	0.00513	0.00670	0.03458	0.08141	0.00507	0.01891	0.00860	0.08870	0.03248	0.21121	0.08386	0.31798	0.00788	0.00465	0.00130	0.03158	0.04625	0.00343	0.00399
13	0.00895	0.01041	0.05321	0.01551	0.04926	0.00953	0.71331	0.01265	0.06348	0.01240	0.00813	0.01037	0.00611	0.00335	0.00437	0.00127	0.00607	0.00436	0.00203	0.00523
14	0.00821	0.00817	0.01160	0.07700	0.01124	0.01136	0.00847	0.00917	0.00595	0.00917	0.00512	0.00844	0.00498	0.00641	0.01176	0.00163	0.79217	0.00332	0.00166	0.00415
15	0.01085	0.59365	0.01746	0.00796	0.03089	0.15158	0.04882	0.01249	0.03638	0.03321	0.00618	0.00700	0.00531	0.00345	0.00283	0.00089	0.00456	0.00239	0.00187	0.02223
16	0.01417	0.01786	0.01077	0.00974	0.01173	0.82773	0.00732	0.03821	0.01095	0.00970	0.00595	0.00690	0.00493	0.00393	0.00343	0.00098	0.00676	0.00247	0.00201	0.00445
17	0.89350	0.00733	0.00557	0.00499	0.00733	0.00851	0.00411	0.01115	0.00645	0.01702	0.00528	0.00616	0.00411	0.00352	0.00235	0.00117	0.00293	0.00205	0.00235	0.00411
18	0.01507	0.00939	0.01059	0.00814	0.01113	0.00995	0.00672	0.58374	0.03055	0.25868	0.01089	0.01028	0.00738	0.00460	0.00380	0.00115	0.00388	0.00354	0.00405	0.00644
19	0.00544	0.00397	0.00479	0.00455	0.00560	0.00357	0.00340	0.00699	0.01921	0.03533	0.52213	0.04270	0.28704	0.03259	0.00488	0.00130	0.00194	0.00713	0.00392	0.00352
20	0.01175	0.00974	0.03112	0.00874	0.01147	0.02566	0.05780	0.36183	0.38231	0.04031	0.01188	0.01146	0.00870	0.00470	0.00385	0.00121	0.00385	0.00385	0.00364	0.00611
21	0.01003	0.00801	0.00859	0.00764	0.00985	0.00913	0.00597	0.02002	0.77101	0.08141	0.01540	0.01405	0.01140	0.00511	0.00386	0.00128	0.00302	0.00425	0.00392	0.00604
22	0.10289	0.03175	0.02947	0.04641	0.38964	0.16710	0.05953	0.05646	0.05811	0.01291	0.00726	0.00881	0.00585	0.00366	0.00356	0.00112	0.00482	0.00314	0.00214	0.00537
23	0.00547	0.00371	0.00420	0.00422	0.00435	0.00367	0.00249	0.00562	0.00592	0.00782	0.03007	0.02623	0.06774	0.76652	0.01760	0.00341	0.00352	0.03256	0.00245	0.00242
24	0.01376	0.08503	0.01263	0.00904	0.01201	0.10669	0.05649	0.59797	0.01545	0.04131	0.00847	0.00875	0.00617	0.00429	0.00368	0.00110	0.00457	0.00326	0.00331	0.00600
25	0.00488	0.00342	0.00436	0.00502	0.00519	0.00326	0.00325	0.00539	0.00684	0.00911	0.01858	0.63313	0.02212	0.23196	0.00857	0.00209	0.00260	0.02413	0.00321	0.00289
26	0.00535	0.00388	0.00504	0.00475	0.00565	0.00357	0.00356	0.00712	0.01069	0.01509	0.82200	0.02852	0.05492	0.00780	0.00447	0.00119	0.00179	0.00689	0.00416	0.00357
27	0.00786	0.00674	0.00786	0.00562	0.00899	0.00506	0.00449	0.00955	0.00786	0.01236	0.00674	0.00786	0.00562	0.00281	0.00281	0.00056	0.00281	0.00225	0.00225	0.88990
28	0.89350	0.00733	0.00557	0.00499	0.00733	0.00851	0.00411	0.01115	0.00645	0.01702	0.00528	0.00616	0.00411	0.00352	0.00235	0.00117	0.00293	0.00205	0.00235	0.00411
29	0.00761	0.00646	0.00759	0.00556	0.00869	0.00491	0.00441	0.00927	0.00799	0.01241	0.05111	0.04039	0.00792	0.00340	0.00297	0.00063	0.00273	0.00280	0.00240	0.81075
30	0.89350	0.00733	0.00557	0.00499	0.00733	0.00851	0.00411	0.01115	0.00645	0.01702	0.00528	0.00616	0.00411	0.00352	0.00235	0.00117	0.00293	0.00205	0.00235	0.00411
31	0.01154	0.01285	0.01196	0.12852	0.23971	0.39307	0.00882	0.05862	0.07724	0.01152	0.00728	0.00870	0.00584	0.00388	0.00362	0.00109	0.00550	0.00303	0.00215	0.00505
32	0.00830	0.00830	0.01162	0.00996	0.00996	0.01162	0.00830	0.00913	0.00581	0.00913	0.00498	0.00830	0.00498	0.00664	0.01245	0.00166	0.85977	0.00332	0.00166	0.00415
33	0.00524	0.00335	0.00452	0.00504	0.00527	0.00317	0.00338	0.00519	0.00661	0.00871	0.01767	0.51420	0.08557	0.02669	0.00820	0.28100	0.00255	0.00811	0.00291	0.00263
34	0.00456	0.00374	0.00396	0.00411	0.00514	0.00320	0.00296	0.00542	0.00824	0.01000	0.03398	0.18166	0.65535	0.05391	0.00530	0.00145	0.00206	0.00837	0.00346	0.00313
35	0.00798	0.00756	0.01250	0.47909	0.33829	0.01782	0.01049	0.01025	0.00801	0.01068	0.00804	0.01079	0.03617	0.00404	0.00402	0.01938	0.00471	0.00353	0.00183	0.00481
36	0.00542	0.00406	0.00610	0.00610	0.00677	0.00474	0.00474	0.00677	0.00610	0.00880	0.01016	0.01490	0.00948	0.02844	0.85169	0.00610	0.01016	0.00406	0.00203	0.00339
37	0.00952	0.02630	0.03291	0.07187	0.64978	0.03057	0.06763	0.04342	0.00897	0.01250	0.00715	0.00932	0.00587	0.00345	0.00377	0.00114	0.00473	0.00339	0.00193	0.00578
38	0.79828	0.00785	0.00646	0.00646	0.06643	0.04007	0.00476	0.01133	0.00677	0.01640	0.00543	0.00641	0.00427	0.00353	0.00249	0.00116	0.00319	0.00216	0.00230	0.00425
39	0.01671	0.00652	0.00879	0.00679	0.00969	0.00573	0.00559	0.01855	0.04402	0.81234	0.01498	0.01296	0.00948	0.00471	0.00382	0.00118	0.00322	0.00383	0.00466	0.00644
40	0.00552	0.00378	0.00491	0.00493	0.00522	0.00399	0.00331	0.00591	0.00582	0.00796	0.01197	0.03763	0.04220	0.43774	0.31761	0.08574	0.00588	0.00499	0.00221	0.00268
41	0.00548	0.00410	0.00511	0.00560	0.00651	0.00388	0.00459	0.00676	0.00834	0.01053	0.02540	0.05236	0.29616	0.09975	0.00645	0.00179	0.00296	0.44759	0.00338	0.00326
42	0.00588	0.00468	0.00666	0.03719	0.01890	0.02573	0.06421	0.00690	0.00747	0.02687	0.01718	0.52761	0.01963	0.08964	0.03875	0.00188	0.01749	0.07684	0.00310	0.00340
43	0.00499	0.00386	0.00455	0.00437	0.00543	0.00342	0.00328	0.00643	0.00984	0.01309	0.49848	0.03182	0.37969	0.00854	0.00448	0.00123	0.00185	0.00735	0.00390	0.00342
44	0.01075	0.01121	0.01335	0.07439	0.48453	0.22270	0.00992	0.06223	0.05199	0.01229	0.00733	0.00902	0.00597	0.00370	0.00368	0.00111	0.00504	0.00319	0.00210	0.00550
45	0.00716	0.00674	0.01138	0.85760	0.02612	0.00843	0.01053	0.00969	0.00758	0.00969	0.00674	0.01011	0.00506	0.00379	0.00379	0.00126	0.00506	0.00337	0.00169	0.00421
46	0.00761	0.01962	0.84707	0.01081	0.01641	0.00881	0.01401	0.01201	0.00801	0.01201	0.00681	0.00801	0.00480	0.00360	0.00360	0.00120	0.00560	0.00280	0.00160	0.00560
47	0.00716	0.00674	0.01138	0.85760	0.02612	0.00843	0.01053	0.00969	0.00758	0.00969	0.00674	0.01011	0.00506	0.00379	0.00379	0.00126	0.00506	0.00337	0.00169	0.00421
48	0.01442	0.01062	0.01138	0.00873	0.01176	0.01176	0.00721	0.83041	0.01783	0.02390	0.00911	0.00911	0.00645	0.00455	0.00379	0.00114	0.00417	0.00341	0.00379	0.00645
49	0.68490	0.00911	0.09413	0.00601	0.00872	0.04534	0.00545	0.02741	0.01780	0.06322	0.00622	0.00692	0.00465	0.00365	0.00265	0.00117	0.00342	0.00230	0.00243	0.00448
50	0.00848	0.00828	0.01467	0.34247	0.43345	0.00885	0.10679	0.01095	0.00827	0.01133	0.00705	0.00976	0.00561	0.00352	0.00385	0.00120	0.00494	0.00350	0.00181	0.00521
51	0.00514	0.00380	0.00492	0.00562	0.00629	0.00358	0.00435	0.00626	0.00808	0.01041	0.02414	0.39403	0.18872	0.01090	0.00492	0.00156	0.00262	0.30788	0.00351	0.00326
52	0.00670	0.00451	0.00584	0.00579	0.00670	0.00451	0.00446	0.00780	0.00841	0.10829	0.11070	0.29205	0.20430	0.00935	0.00545	0.00144	0.09206	0.11437	0.00353	0.00372
53	0.01090	0.70930	0.01816	0.00711	0.01011	0.17200	0.00665	0.01207	0.00828	0.00899	0.00538	0.00623	0.00487	0.00337	0.00262	0.00084	0.00458	0.00211	0.00168	0.00478

[dist]
# distance from previous block
# <min> <max>
0	2

[block]
# block no. 2 follows, 72 sequences, length 167
# corresponding to MSA columns:
# 231-397
name=unknown_C
#
# <colnr> <probs for GDERKNQSTAVLIFYWHMCP>
#	G	D	E	R	K	N	Q	S	T	A	V	L	I	F	Y	W	H	M	C	P
0	0.01401	0.01422	0.01088	0.00920	0.01161	0.44067	0.00723	0.38648	0.01391	0.01601	0.00781	0.00906	0.00616	0.00442	0.00365	0.00108	0.00551	0.02992	0.00284	0.00530
1	0.82662	0.00772	0.00600	0.00529	0.00767	0.02400	0.00435	0.05868	0.00719	0.01727	0.00551	0.00634	0.00426	0.00359	0.00245	0.00117	0.00308	0.00214	0.00242	0.00425
2	0.01186	0.00875	0.01023	0.03486	0.01138	0.00962	0.04559	0.29238	0.37939	0.11855	0.02824	0.01225	0.00956	0.00481	0.00387	0.00122	0.00363	0.00396	0.00378	0.00606
3	0.00786	0.00674	0.00786	0.00562	0.00899	0.00506	0.00449	0.00955	0.00786	0.01236	0.00674	0.00786	0.00562	0.00281	0.00281	0.00056	0.00281	0.00225	0.00225	0.88990
4	0.00563	0.00385	0.00457	0.00462	0.00480	0.00395	0.00291	0.00610	0.02156	0.00797	0.01248	0.02504	0.01395	0.69903	0.10119	0.00372	0.00430	0.06935	0.00240	0.00257
5	0.00761	0.01962	0.84707	0.01081	0.01641	0.00881	0.01401	0.01201	0.00801	0.01201	0.00681	0.00801	0.00480	0.00360	0.00360	0.00120	0.00560	0.00280	0.00160	0.00560
6	0.00929	0.00802	0.00844	0.00761	0.00972	0.00925	0.00591	0.01972	0.81211	0.01570	0.01611	0.01480	0.03574	0.00528	0.00388	0.00129	0.00297	0.00440	0.00385	0.00592
7	0.00524	0.00387	0.00490	0.00464	0.00559	0.00353	0.00348	0.00692	0.01044	0.01452	0.72906	0.02947	0.14821	0.00801	0.00447	0.00121	0.00181	0.00702	0.00408	0.00353
8	0.00937	0.00817	0.00946	0.02640	0.11526	0.00927	0.00677	0.03029	0.68638	0.01541	0.03139	0.01369	0.01118	0.00494	0.00386	0.00126	0.00322	0.00420	0.00357	0.00592
9	0.00461	0.00333	0.00437	0.00521	0.00548	0.00309	0.00349	0.00529	0.00733	0.00971	0.02174	0.82458	0.06421	0.01177	0.00482	0.00153	0.00219	0.01065	0.00352	0.00309
10	0.00936	0.00815	0.00908	0.00895	0.07838	0.00930	0.00643	0.01923	0.75407	0.01557	0.02876	0.01400	0.01153	0.00504	0.00386	0.00127	0.00310	0.00426	0.00370	0.00596
11	0.00943	0.00815	0.00858	0.00772	0.00986	0.00943	0.00600	0.02015	0.83621	0.01586	0.01544	0.01415	0.01158	0.00515	0.00386	0.00129	0.00300	0.00429	0.00386	0.00600
12	0.00462	0.00330	0.00440	0.00528	0.00550	0.00308	0.00352	0.00528	0.00726	0.00968	0.02090	0.86424	0.02508	0.01188	0.00484	0.00154	0.00220	0.01078	0.00352	0.00308
13	0.00544	0.00405	0.00608	0.00608	0.00674	0.00472	0.00472	0.00674	0.00608	0.00877	0.01010	0.01484	0.00943	0.02818	0.83740	0.02117	0.01004	0.00405	0.00203	0.00336
14	0.00787	0.00724	0.01181	0.71214	0.11410	0.00870	0.01044	0.06275	0.00836	0.01090	0.00694	0.00997	0.00525	0.00380	0.00379	0.00124	0.00494	0.00337	0.00184	0.00455
15	0.01014	0.86900	0.01987	0.00649	0.00973	0.01501	0.00649	0.01136	0.00771	0.00892	0.00527	0.00608	0.00487	0.00324	0.00243	0.00081	0.00406	0.00203	0.00162	0.00487
16	0.00730	0.00688	0.01163	0.80485	0.07778	0.00846	0.01060	0.00981	0.00765	0.00986	0.00677	0.01007	0.00512	0.00377	0.00379	0.00126	0.00502	0.00337	0.00170	0.00433
17	0.09216	0.02030	0.00981	0.00924	0.07240	0.11704	0.03391	0.03693	0.00751	0.02875	0.00811	0.05534	0.00780	0.07256	0.12554	0.00220	0.27332	0.02075	0.00216	0.00417
18	0.00481	0.00352	0.00475	0.00573	0.02867	0.00330	0.00377	0.00560	0.00755	0.01009	0.06347	0.75632	0.05213	0.01133	0.00479	0.00151	0.00225	0.02370	0.00351	0.00320
19	0.00546	0.00365	0.00415	0.00421	0.00423	0.00364	0.00238	0.00550	0.00563	0.00751	0.01254	0.08062	0.01454	0.80989	0.01834	0.00353	0.00358	0.00587	0.00238	0.00235
20	0.04043	0.07781	0.02949	0.09763	0.09020	0.16525	0.06267	0.11151	0.04734	0.11840	0.00844	0.02334	0.00653	0.00440	0.01308	0.00116	0.03740	0.00328	0.00258	0.05907
21	0.00982	0.40934	0.27063	0.02261	0.05382	0.02205	0.00922	0.11272	0.02498	0.01204	0.00653	0.00746	0.00523	0.00362	0.00322	0.00102	0.01582	0.00259	0.00194	0.00534
22	0.00466	0.00354	0.00432	0.00491	0.00552	0.00320	0.00346	0.00549	0.00780	0.00997	0.02660	0.54375	0.29279	0.01105	0.00475	0.00147	0.00219	0.05788	0.00352	0.00314
23	0.00462	0.00330	0.00440	0.00528	0.00550	0.00308	0.00352	0.00528	0.00726	0.00968	0.02090	0.86424	0.02508	0.01188	0.00484	0.00154	0.00220	0.01078	0.00352	0.00308
24	0.08762	0.16938	0.04864	0.04796	0.01122	0.12487	0.04490	0.13720	0.07497	0.06044	0.00947	0.06161	0.00822	0.00545	0.02360	0.00128	0.02268	0.05291	0.00266	0.00493
25	0.00790	0.11725	0.75198	0.01031	0.01565	0.00952	0.01315	0.01194	0.00797	0.01166	0.00663	0.00779	0.00481	0.00356	0.00347	0.00116	0.00543	0.00271	0.00160	0.00552
26	0.01693	0.00658	0.00888	0.00681	0.00975	0.00577	0.00563	0.04390	0.01107	0.81996	0.01478	0.01279	0.00930	0.00469	0.00381	0.00117	0.00326	0.00380	0.00467	0.00645
27	0.00918	0.00901	0.01534	0.12149	0.66942	0.02513	0.07177	0.01151	0.00857	0.01199	0.00710	0.00949	0.00585	0.00342	0.00381	0.00115	0.00475	0.00344	0.00186	0.00570
28	0.02554	0.12023	0.13795	0.10201	0.07347	0.15029	0.09664	0.12246	0.06585	0.02870	0.02270	0.00913	0.00636	0.00395	0.00374	0.00113	0.01916	0.00320	0.00229	0.00521
29	0.00533	0.00404	0.00548	0.05076	0.02515	0.00393	0.00483	0.00653	0.00801	0.01038	0.02227	0.40186	0.14714	0.01046	0.00484	0.00155	0.00279	0.27793	0.00338	0.00336
30	0.01702	0.00645	0.00880	0.00675	0.00968	0.00557	0.00557	0.01848	0.01085	0.84568	0.01496	0.01291	0.00939	0.00469	0.00381	0.00117	0.00323	0.00381	0.00469	0.00645
31	0.00551	0.00424	0.00598	0.00610	0.00689	0.00409	0.04741	0.00730	0.05514	0.01167	0.20614	0.44596	0.03631	0.00986	0.00474	0.00146	0.00256	0.13149	0.00360	0.00353
32	0.00941	0.00931	0.02892	0.03203	0.74690	0.02432	0.02841	0.01211	0.04859	0.01246	0.00751	0.00957	0.00622	0.00348	0.00377	0.00114	0.00454	0.00342	0.00197	0.00593
33	0.01246	0.02186	0.01011	0.00862	0.05533	0.00726	0.07010	0.12037	0.12262	0.35415	0.03337	0.03934	0.02757	0.00552	0.00405	0.00126	0.00359	0.09288	0.00385	0.00569
34	0.01022	0.00996	0.01484	0.16472	0.09473	0.11043	0.28548	0.08435	0.11024	0.05474	0.00872	0.01028	0.00654	0.00385	0.00397	0.00120	0.00522	0.00377	0.01152	0.00523
35	0.00840	0.09723	0.60641	0.01047	0.03012	0.00940	0.05283	0.01294	0.08903	0.03686	0.00780	0.00871	0.00568	0.00373	0.00357	0.00117	0.00515	0.00300	0.00194	0.00558
36	0.89350	0.00733	0.00557	0.00499	0.00733	0.00851	0.00411	0.01115	0.00645	0.01702	0.00528	0.00616	0.00411	0.00352	0.00235	0.00117	0.00293	0.00205	0.00235	0.00411
37	0.00939	0.00901	0.01539	0.02328	0.84306	0.00901	0.01164	0.01164	0.00864	0.01239	0.00713	0.00939	0.00601	0.00338	0.00375	0.00113	0.00451	0.00338	0.00188	0.00601
38	0.00943	0.00815	0.00858	0.00772	0.00986	0.00943	0.00600	0.02015	0.83621	0.01586	0.01544	0.01415	0.01158	0.00515	0.00386	0.00129	0.00300	0.00429	0.00386	0.00600
39	0.00537	0.00388	0.00507	0.00477	0.00567	0.00358	0.00358	0.00716	0.01074	0.01521	0.84106	0.02833	0.03578	0.00775	0.00447	0.00119	0.00179	0.00686	0.00417	0.00358
40	0.00464	0.00370	0.00417	0.00441	0.00534	0.00323	0.00320	0.00562	0.00846	0.01060	0.11390	0.27351	0.51018	0.01009	0.00460	0.00136	0.00202	0.02420	0.00359	0.00321
41	0.00545	0.00393	0.00543	0.00543	0.00588	0.00438	0.00391	0.00635	0.00590	0.00831	0.01077	0.01826	0.01094	0.31248	0.56965	0.00528	0.00796	0.00456	0.00212	0.00302
42	0.00943	0.00819	0.00922	0.00920	0.09127	0.00932	0.00653	0.03247	0.72595	0.01565	0.03034	0.01387	0.01141	0.00501	0.00386	0.00127	0.00314	0.00423	0.00367	0.00596
43	0.01421	0.01050	0.01127	0.00863	0.01167	0.01155	0.00712	0.80471	0.01752	0.02354	0.00903	0.00907	0.00642	0.00450	0.00376	0.00112	0.00413	0.00338	0.00375	0.03411
44	0.00627	0.00343	0.00486	0.00486	0.00491	0.00348	0.00319	0.00520	0.00515	0.00692	0.00800	0.01461	0.00834	0.19581	0.07885	0.63468	0.00389	0.00382	0.00181	0.00192
45	0.78035	0.00758	0.00605	0.00531	0.00770	0.03461	0.00435	0.01199	0.00702	0.09772	0.00624	0.00684	0.00465	0.00365	0.00252	0.00117	0.00308	0.00224	0.00256	0.00435
46	0.00877	0.00837	0.01067	0.00819	0.03707	0.07357	0.13202	0.03431	0.00858	0.01242	0.00690	0.00823	0.00562	0.00302	0.00317	0.00074	0.00377	0.00268	0.00221	0.62971
47	0.00804	0.16357	0.70687	0.01008	0.01528	0.00986	0.01274	0.01190	0.00796	0.01149	0.00655	0.00768	0.00481	0.00354	0.00340	0.00113	0.00534	0.00267	0.00160	0.00548
48	0.00659	0.00329	0.00494	0.00494	0.00494	0.00329	0.00329	0.00494	0.00494	0.00659	0.00659	0.01153	0.00659	0.01318	0.01482	0.88966	0.00329	0.00329	0.00165	0.00165
49	0.00708	0.00663	0.01116	0.83092	0.02548	0.00826	0.01031	0.00955	0.00757	0.00969	0.00718	0.03685	0.00568	0.00404	0.00382	0.00127	0.00497	0.00360	0.00174	0.00418
50	0.00795	0.00694	0.00895	0.03448	0.13281	0.00567	0.00569	0.00975	0.00811	0.01242	0.04646	0.00913	0.00709	0.00316	0.00306	0.00070	0.00308	0.00267	0.00227	0.68962
51	0.00552	0.00368	0.00414	0.00414	0.00414	0.00368	0.00230	0.00552	0.00552	0.00735	0.01195	0.02482	0.01379	0.86672	0.01930	0.00368	0.00368	0.00552	0.00230	0.00230
52	0.89350	0.00733	0.00557	0.00499	0.00733	0.00851	0.00411	0.01115	0.00645	0.01702	0.00528	0.00616	0.00411	0.00352	0.00235	0.00117	0.00293	0.00205	0.00235	0.00411
53	0.00910	0.01034	0.02086	0.01566	0.05806	0.05241	0.72099	0.01205	0.00897	0.01193	0.00799	0.03834	0.00636	0.00353	0.00440	0.00126	0.00619	0.00453	0.00197	0.00505
54	0.00786	0.00674	0.00786	0.00562	0.00899	0.00506	0.00449	0.00955	0.00786	0.01236	0.00674	0.00786	0.00562	0.00281	0.00281	0.00056	0.00281	0.00225	0.00225	0.88990
55	0.00824	0.00784	0.01332	0.45408	0.42123	0.00871	0.01107	0.01063	0.00809	0.01100	0.00693	0.00976	0.00552	0.00359	0.00377	0.00120	0.00479	0.00337	0.00178	0.00508
56	0.02764	0.00774	0.01095	0.16853	0.18450	0.00795	0.00802	0.15667	0.02074	0.32855	0.01079	0.01173	0.00766	0.00438	0.00381	0.00119	0.00399	0.02602	0.00332	0.00582
57	0.00929	0.00892	0.01522	0.05849	0.80858	0.00899	0.01159	0.01156	0.00859	0.01228	0.00712	0.00942	0.00597	0.00340	0.00376	0.00113	0.00453	0.00338	0.00187	0.00593
58	0.00716	0.00674	0.01138	0.85760	0.02612	0.00843	0.01053	0.00969	0.00758	0.00969	0.00674	0.01011	0.00506	0.00379	0.00379	0.00126	0.00506	0.00337	0.00169	0.00421
59	0.00775	0.00604	0.04061	0.00655	0.00791	0.03674	0.00531	0.08735	0.04197	0.08352	0.10617	0.32238	0.01990	0.00873	0.00452	0.00141	0.00307	0.18389	0.00356	0.02264
60	0.00471	0.00352	0.00442	0.00504	0.00557	0.00322	0.00354	0.00555	0.00777	0.01010	0.05541	0.58586	0.21137	0.01138	0.01758	0.00155	0.00231	0.05444	0.00352	0.00315
61	0.23925	0.13433	0.10476	0.00820	0.04203	0.04681	0.07937	0.07362	0.00860	0.04050	0.00666	0.00766	0.00520	0.00344	0.00304	0.00099	0.00401	0.00261	0.00225	0.18667
62	0.01442	0.01062	0.01138	0.00873	0.01176	0.01176	0.00721	0.83041	0.01783	0.02390	0.00911	0.00911	0.00645	0.00455	0.00379	0.00114	0.00417	0.00341	0.00379	0.00645
63	0.00537	0.00388	0.00507	0.00477	0.00567	0.00358	0.00358	0.00716	0.01074	0.01521	0.84106	0.02833	0.03578	0.00775	0.00447	0.00119	0.00179	0.00686	0.00417	0.00358
64	0.00469	0.00385	0.00413	0.00406	0.00525	0.00329	0.00304	0.00584	0.00913	0.01141	0.22663	0.03458	0.65258	0.00917	0.00448	0.00126	0.00189	0.00774	0.00367	0.00329
65	0.00466	0.00332	0.00439	0.00523	0.00544	0.00311	0.00347	0.00529	0.00718	0.00958	0.02050	0.82633	0.02457	0.05049	0.00549	0.00164	0.00227	0.01054	0.00347	0.00305
66	0.01037	0.84039	0.01951	0.00650	0.00973	0.01469	0.00646	0.01159	0.00781	0.03667	0.00559	0.00631	0.00502	0.00329	0.00248	0.00082	0.00403	0.00209	0.00172	0.00492
67	0.00916	0.04851	0.17224	0.08380	0.41487	0.04839	0.05554	0.04671	0.00879	0.01215	0.01671	0.00925	0.00599	0.00414	0.02004	0.00125	0.03176	0.00328	0.00191	0.00550
68	0.76926	0.03084	0.00656	0.00568	0.01756	0.06878	0.00456	0.02056	0.02429	0.01625	0.00560	0.00644	0.00439	0.00358	0.00249	0.00115	0.00327	0.00216	0.00234	0.00424
69	0.00477	0.00382	0.00419	0.00416	0.00528	0.00330	0.00310	0.00594	0.00910	0.01158	0.24770	0.08129	0.56957	0.00916	0.00447	0.00127	0.00190	0.00779	0.01832	0.00330
70	0.03195	0.02567	0.01339	0.01724	0.52674	0.00886	0.00955	0.12615	0.01919	0.17074	0.00889	0.00992	0.00670	0.00381	0.00371	0.00113	0.00416	0.00342	0.00270	0.00609
71	0.02325	0.08847	0.65778	0.01118	0.05071	0.02880	0.06459	0.01201	0.00811	0.01180	0.00670	0.00799	0.00491	0.00354	0.00354	0.00116	0.00546	0.00285	0.00166	0.00548
72	0.19220	0.05157	0.05661	0.02475	0.03174	0.12578	0.04251	0.22588	0.05521	0.07632	0.00874	0.03148	0.00695	0.00450	0.00367	0.00117	0.02350	0.02937	0.00285	0.00520
73	0.00451	0.00380	0.00391	0.00397	0.00516	0.00320	0.00295	0.00547	0.00859	0.01032	0.05591	0.09869	0.76110	0.00973	0.00451	0.00130	0.00194	0.00819	0.00354	0.00320
74	0.00482	0.00355	0.00444	0.00488	0.00547	0.00324	0.00342	0.00581	0.00830	0.01106	0.19605	0.49601	0.19013	0.01040	0.00466	0.00141	0.00207	0.02047	0.02060	0.00322
75	0.03448	0.17506	0.17433	0.02241	0.18208	0.10855	0.03147	0.05953	0.00909	0.07938	0.02330	0.01893	0.00639	0.00402	0.00397	0.00111	0.05534	0.00308	0.00219	0.00530
76	0.01014	0.86900	0.01987	0.00649	0.00973	0.01501	0.00649	0.01136	0.00771	0.00892	0.00527	0.00608	0.00487	0.00324	0.00243	0.00081	0.00406	0.00203	0.00162	0.00487
77	0.00532	0.00388	0.00501	0.00480	0.00570	0.00357	0.00362	0.00703	0.01045	0.01464	0.74392	0.05206	0.08279	0.00807	0.00451	0.00123	0.00186	0.03392	0.00410	0.00354
78	0.00897	0.01007	0.08488	0.13123	0.40034	0.06837	0.09970	0.01160	0.03582	0.01153	0.00754	0.02856	0.00629	0.00445	0.02232	0.00131	0.05621	0.00359	0.00193	0.00529
79	0.00954	0.51279	0.29971	0.00824	0.01228	0.01261	0.02153	0.06440	0.00848	0.01098	0.00608	0.00699	0.00496	0.00345	0.00295	0.00097	0.00462	0.00242	0.00176	0.00522
80	0.00552	0.00368	0.00414	0.00414	0.00414	0.00368	0.00230	0.00552	0.00552	0.00735	0.01195	0.02482	0.01379	0.86672	0.01930	0.00368	0.00368	0.00552	0.00230	0.00230
81	0.00503	0.00364	0.00500	0.03342	0.00669	0.00353	0.00431	0.00599	0.00759	0.01005	0.02026	0.65745	0.02372	0.01131	0.00489	0.00158	0.00257	0.18630	0.00345	0.00321
82	0.07301	0.05999	0.04030	0.06055	0.27121	0.05041	0.15846	0.07947	0.08442	0.03664	0.01674	0.00966	0.00653	0.00385	0.00399	0.00118	0.03238	0.00347	0.00232	0.00542
83	0.01428	0.01457	0.01105	0.00928	0.01174	0.45632	0.00727	0.39880	0.01408	0.01616	0.00739	0.00791	0.00562	0.00421	0.00360	0.00105	0.00558	0.00290	0.00282	0.00536
84	0.84743	0.00737	0.00579	0.00512	0.00750	0.00847	0.00422	0.02724	0.00682	0.04463	0.00568	0.00644	0.00433	0.00358	0.00242	0.00117	0.00297	0.00214	0.00245	0.00423
85	0.00966	0.07013	0.16911	0.04957	0.38373	0.05144	0.12332	0.05265	0.00908	0.03506	0.00725	0.00901	0.00569	0.00352	0.00372	0.00114	0.00502	0.00330	0.00198	0.00562
86	0.00659	0.00329	0.00494	0.00494	0.00494	0.00329	0.00329	0.00494	0.00494	0.00659	0.00659	0.01153	0.00659	0.01318	0.01482	0.88966	0.00329	0.00329	0.00165	0.00165
87	0.00542	0.00406	0.00610	0.00610	0.00677	0.00474	0.00474	0.00677	0.00610	0.00880	0.01016	0.01490	0.00948	0.02844	0.85169	0.00610	0.01016	0.00406	0.00203	0.00339
88	0.00883	0.00742	0.00942	0.00810	0.00894	0.02599	0.01876	0.14000	0.03563	0.04054	0.00876	0.04948	0.00839	0.15232	0.09371	0.00230	0.37061	0.00415	0.00241	0.00425
89	0.00958	0.46711	0.19994	0.02107	0.14290	0.05172	0.03774	0.01173	0.00810	0.01028	0.00603	0.00725	0.00507	0.00338	0.00303	0.00098	0.00469	0.00253	0.00168	0.00519
90	0.00716	0.00674	0.01138	0.85760	0.02612	0.00843	0.01053	0.00969	0.00758	0.00969	0.00674	0.01011	0.00506	0.00379	0.00379	0.00126	0.00506	0.00337	0.00169	0.00421
91	0.89350	0.00733	0.00557	0.00499	0.00733	0.00851	0.00411	0.01115	0.00645	0.01702	0.00528	0.00616	0.00411	0.00352	0.00235	0.00117	0.00293	0.00205	0.00235	0.00411
92	0.00448	0.00384	0.00384	0.00384	0.00512	0.00320	0.00288	0.00544	0.00864	0.01025	0.03842	0.03650	0.84152	0.00960	0.00448	0.00128	0.00192	0.00800	0.00352	0.00320
93	0.00786	0.00674	0.00786	0.00562	0.00899	0.00506	0.00449	0.00955	0.00786	0.01236	0.00674	0.00786	0.00562	0.00281	0.00281	0.00056	0.00281	0.00225	0.00225	0.88990
94	0.00542	0.00406	0.00610	0.00610	0.00677	0.00474	0.00474	0.00677	0.00610	0.00880	0.01016	0.01490	0.00948	0.02844	0.85169	0.00610	0.01016	0.00406	0.00203	0.00339
95	0.00716	0.00674	0.01138	0.85760	0.02612	0.00843	0.01053	0.00969	0.00758	0.00969	0.00674	0.01011	0.00506	0.00379	0.00379	0.00126	0.00506	0.00337	0.00169	0.00421
96	0.00716	0.00674	0.01138	0.85760	0.02612	0.00843	0.01053	0.00969	0.00758	0.00969	0.00674	0.01011	0.00506	0.00379	0.00379	0.00126	0.00506	0.00337	0.00169	0.00421
97	0.89350	0.00733	0.00557	0.00499	0.00733	0.00851	0.00411	0.01115	0.00645	0.01702	0.00528	0.00616	0.00411	0.00352	0.00235	0.00117	0.00293	0.00205	0.00235	0.00411
98	0.00542	0.00406	0.00610	0.00610	0.00677	0.00474	0.00474	0.00677	0.00610	0.00880	0.01016	0.01490	0.00948	0.02844	0.85169	0.00610	0.01016	0.00406	0.00203	0.00339
99	0.00462	0.00330	0.00440	0.00528	0.00550	0.00308	0.00352	0.00528	0.00726	0.00968	0.02090	0.86424	0.02508	0.01188	0.00484	0.00154	0.00220	0.01078	0.00352	0.00308
100	0.00462	0.00330	0.00440	0.00528	0.00550	0.00308	0.00352	0.00528	0.00726	0.00968	0.02090	0.86424	0.02508	0.01188	0.00484	0.00154	0.00220	0.01078	0.00352	0.00308
101	0.00558	0.00430	0.00638	0.00629	0.00692	0.00512	0.00491	0.00689	0.00607	0.00880	0.00989	0.01465	0.00928	0.03762	0.79401	0.00581	0.05800	0.00404	0.00201	0.00342
102	0.89350	0.00733	0.00557	0.00499	0.00733	0.00851	0.00411	0.01115	0.00645	0.01702	0.00528	0.00616	0.00411	0.00352	0.00235	0.00117	0.00293	0.00205	0.00235	0.00411
103	0.00786	0.00674	0.00786	0.00562	0.00899	0.00506	0.00449	0.00955	0.00786	0.01236	0.00674	0.00786	0.00562	0.00281	0.00281	0.00056	0.00281	0.00225	0.00225	0.88990
104	0.00786	0.00674	0.00786	0.00562	0.00899	0.00506	0.00449	0.00955	0.00786	0.01236	0.00674	0.00786	0.00562	0.00281	0.00281	0.00056	0.00281	0.00225	0.00225	0.88990
105	0.89350	0.00733	0.00557	0.00499	0.00733	0.00851	0.00411	0.01115	0.00645	0.01702	0.00528	0.00616	0.00411	0.00352	0.00235	0.00117	0.00293	0.00205	0.00235	0.00411
106	0.01442	0.01062	0.01138	0.00873	0.01176	0.01176	0.00721	0.83041	0.01783	0.02390	0.00911	0.00911	0.00645	0.00455	0.00379	0.00114	0.00417	0.00341	0.00379	0.00645
107	0.89350	0.00733	0.00557	0.00499	0.00733	0.00851	0.00411	0.01115	0.00645	0.01702	0.00528	0.00616	0.00411	0.00352	0.00235	0.00117	0.00293	0.00205	0.00235	0.00411
108	0.00939	0.00901	0.01539	0.02328	0.84306	0.00901	0.01164	0.01164	0.00864	0.01239	0.00713	0.00939	0.00601	0.00338	0.00375	0.00113	0.00451	0.00338	0.00188	0.00601
109	0.00990	0.00838	0.00884	0.00781	0.01004	0.00965	0.00612	0.09653	0.75906	0.01662	0.01484	0.01367	0.01109	0.00509	0.00385	0.00127	0.00311	0.00421	0.00385	0.00605
110	0.01442	0.01062	0.01138	0.00873	0.01176	0.01176	0.00721	0.83041	0.01783	0.02390	0.00911	0.00911	0.00645	0.00455	0.00379	0.00114	0.00417	0.00341	0.00379	0.00645
111	0.00550	0.00371	0.00431	0.00430	0.00439	0.00374	0.00252	0.00569	0.00584	0.00787	0.05699	0.02437	0.01471	0.76602	0.07203	0.00370	0.00399	0.00550	0.00238	0.00244
112	0.00448	0.00384	0.00384	0.00384	0.00512	0.00320	0.00288	0.00544	0.00864	0.01025	0.03842	0.03650	0.84152	0.00960	0.00448	0.00128	0.00192	0.00800	0.00352	0.00320
113	0.00895	0.01023	0.02238	0.01598	0.01982	0.00959	0.82928	0.01215	0.00895	0.01215	0.00767	0.01023	0.00575	0.00320	0.00448	0.00128	0.00639	0.00448	0.00192	0.00512
114	0.01694	0.00657	0.00887	0.00680	0.00974	0.00575	0.00562	0.04091	0.01105	0.82299	0.01480	0.01280	0.00931	0.00469	0.00381	0.00117	0.00325	0.00380	0.00467	0.00645
115	0.00466	0.00334	0.00443	0.00526	0.00553	0.00311	0.00355	0.00536	0.00738	0.00983	0.03747	0.81582	0.04410	0.01173	0.00483	0.00153	0.00221	0.02323	0.00353	0.00310
116	0.01702	0.00645	0.00880	0.00675	0.00968	0.00557	0.00557	0.01848	0.01085	0.84568	0.01496	0.01291	0.00939	0.00469	0.00381	0.00117	0.00323	0.00381	0.00469	0.00645
