[name]
unknown

[dist]
# distance from previous block
# <min> <max>
0	279

[block]
# block no. 0 follows, 74 sequences, length 17
# corresponding to MSA columns:
# 306-322
name=unknown_A
#
# <colnr> <probs for GDERKNQSTAVLIFYWHMCP>
#	G	D	E	R	K	N	Q	S	T	A	V	L	I	F	Y	W	H	M	C	P
0	0.00637	0.08777	0.00740	0.00606	0.00709	0.01493	0.00483	0.00789	0.03114	0.03058	0.01056	0.05454	0.01011	0.05428	0.56281	0.00440	0.02228	0.04041	0.01181	0.02474
1	0.03250	0.00932	0.05275	0.00944	0.07412	0.00941	0.05895	0.34124	0.21741	0.08027	0.01121	0.03348	0.02327	0.00461	0.00374	0.00116	0.00381	0.00383	0.00335	0.02614
2	0.01064	0.05866	0.11525	0.02468	0.06941	0.07044	0.09574	0.19567	0.02686	0.11531	0.00930	0.06320	0.00752	0.00615	0.06422	0.00149	0.03282	0.00376	0.00270	0.02618
3	0.00744	0.04747	0.03974	0.06401	0.24144	0.02674	0.04699	0.02332	0.00800	0.03265	0.01268	0.30887	0.03175	0.00724	0.02882	0.00138	0.01511	0.01541	0.00254	0.03842
4	0.00824	0.00788	0.01094	0.00942	0.00957	0.01083	0.00781	0.00935	0.03053	0.03110	0.00603	0.04132	0.00593	0.00660	0.01143	0.00160	0.78189	0.00357	0.00184	0.00413
5	0.02276	0.00978	0.06996	0.03730	0.24529	0.04467	0.12635	0.18789	0.02695	0.13812	0.02120	0.01014	0.01527	0.00396	0.00386	0.00114	0.01461	0.00354	0.00272	0.01446
6	0.09469	0.04525	0.04106	0.04952	0.26518	0.05257	0.00813	0.23258	0.06520	0.06755	0.02857	0.00978	0.01564	0.00403	0.00352	0.00111	0.00407	0.00329	0.00273	0.00554
7	0.00456	0.00330	0.00432	0.00505	0.00537	0.00305	0.00341	0.00530	0.00741	0.00987	0.07628	0.76220	0.07368	0.01123	0.00469	0.00147	0.00211	0.01014	0.00349	0.00305
8	0.01140	0.00711	0.00834	0.00626	0.00931	0.02966	0.00506	0.06658	0.03646	0.29912	0.00975	0.00964	0.00698	0.00360	0.00320	0.00083	0.00309	0.00287	0.00316	0.47759
9	0.02791	0.06679	0.02215	0.02959	0.04707	0.02021	0.02108	0.28617	0.02299	0.05674	0.00778	0.00843	0.00594	0.00357	0.00321	0.00087	0.00359	0.00279	0.00276	0.36034
10	0.00918	0.05258	0.01167	0.00949	0.01003	0.10644	0.00787	0.05472	0.00696	0.00973	0.00520	0.00789	0.00494	0.00592	0.01023	0.00148	0.67656	0.00309	0.00177	0.00425
11	0.00539	0.00361	0.00412	0.00412	0.00414	0.00364	0.00234	0.00544	0.00542	0.00725	0.01163	0.02393	0.01334	0.83857	0.04966	0.00369	0.00383	0.00535	0.00224	0.00229
12	0.00504	0.00409	0.00529	0.03666	0.07844	0.00380	0.00408	0.00604	0.00790	0.01014	0.07213	0.34584	0.35212	0.04487	0.00503	0.00143	0.00237	0.00814	0.00323	0.00335
13	0.89577	0.00718	0.00546	0.00488	0.00718	0.00833	0.00402	0.01091	0.00632	0.01665	0.00517	0.00603	0.00402	0.00345	0.00230	0.00115	0.00287	0.00201	0.00230	0.00402
14	0.03786	0.00368	0.00492	0.02502	0.02749	0.00365	0.00389	0.00578	0.00695	0.00965	0.01796	0.68614	0.02108	0.04295	0.08256	0.00196	0.00306	0.00910	0.00315	0.00315
15	0.01313	0.01611	0.01083	0.05352	0.05396	0.71095	0.00756	0.04797	0.01041	0.00984	0.00595	0.00711	0.00491	0.00389	0.00364	0.00100	0.03024	0.00255	0.00196	0.00445
16	0.01132	0.00939	0.00945	0.00791	0.01030	0.06545	0.00630	0.35648	0.39885	0.01818	0.03238	0.01233	0.03488	0.00491	0.00376	0.00118	0.00360	0.00389	0.00363	0.00581

[dist]
# distance from previous block
# <min> <max>
4	15

[block]
# block no. 1 follows, 74 sequences, length 124
# corresponding to MSA columns:
# 338-461
name=unknown_B
#
# <colnr> <probs for GDERKNQSTAVLIFYWHMCP>
#	G	D	E	R	K	N	Q	S	T	A	V	L	I	F	Y	W	H	M	C	P
0	0.00802	0.04501	0.68721	0.01014	0.03894	0.00832	0.01219	0.01178	0.00801	0.05815	0.00788	0.00881	0.02735	0.00368	0.00349	0.00113	0.00504	0.00290	0.00183	0.05011
1	0.00927	0.21760	0.18859	0.00703	0.01067	0.03868	0.00704	0.01133	0.00808	0.09242	0.00702	0.00775	0.00549	0.00323	0.00294	0.00081	0.00380	0.00242	0.00214	0.37370
2	0.12156	0.00995	0.01068	0.00826	0.01116	0.01102	0.02860	0.69690	0.03076	0.02212	0.00853	0.00868	0.00611	0.00431	0.00356	0.00112	0.00397	0.00322	0.00349	0.00599
3	0.00923	0.02000	0.02258	0.00963	0.19537	0.00606	0.00626	0.02646	0.00847	0.13362	0.01996	0.06661	0.00778	0.00385	0.00328	0.00086	0.00321	0.00332	0.00258	0.45086
4	0.00484	0.00351	0.00458	0.00488	0.00544	0.00324	0.00344	0.00600	0.00870	0.01193	0.39151	0.45249	0.06619	0.00971	0.00456	0.00134	0.00196	0.00870	0.00373	0.00324
5	0.00926	0.00828	0.01307	0.13744	0.54409	0.00870	0.01001	0.02332	0.14900	0.04700	0.00864	0.01021	0.00681	0.00372	0.00370	0.00115	0.00418	0.00347	0.00228	0.00565
6	0.00939	0.54786	0.24479	0.00795	0.01165	0.04405	0.02822	0.02347	0.01809	0.00994	0.00582	0.00677	0.00487	0.00340	0.00300	0.00094	0.02081	0.00233	0.00166	0.00497
7	0.00537	0.00360	0.00413	0.00415	0.00418	0.00362	0.00237	0.00544	0.00546	0.00730	0.01183	0.04359	0.01359	0.81774	0.05013	0.00364	0.00380	0.00546	0.00227	0.00231
8	0.00523	0.00379	0.00493	0.00465	0.00553	0.00349	0.00349	0.00697	0.01046	0.01478	0.82633	0.02791	0.05320	0.00763	0.00438	0.00117	0.00175	0.00674	0.00407	0.00349
9	0.00858	0.00763	0.01273	0.18543	0.42131	0.01812	0.07652	0.01071	0.00859	0.06418	0.08252	0.02877	0.04997	0.00429	0.00386	0.00116	0.00422	0.00407	0.00228	0.00507
10	0.01257	0.04288	0.04998	0.01005	0.10808	0.07684	0.02695	0.46017	0.02401	0.08642	0.00921	0.04157	0.00705	0.00444	0.00365	0.00111	0.00423	0.00353	0.02148	0.00579
11	0.00848	0.00852	0.01133	0.02819	0.01020	0.04378	0.00810	0.03152	0.00623	0.00934	0.00505	0.00813	0.00491	0.00628	0.01143	0.00158	0.78790	0.00322	0.00169	0.00413
12	0.57758	0.02585	0.10357	0.00777	0.01070	0.04109	0.16248	0.01134	0.00713	0.01476	0.00580	0.00701	0.00445	0.00340	0.00287	0.00116	0.00397	0.00256	0.00211	0.00440
13	0.89577	0.00718	0.00546	0.00488	0.00718	0.00833	0.00402	0.01091	0.00632	0.01665	0.00517	0.00603	0.00402	0.00345	0.00230	0.00115	0.00287	0.00201	0.00230	0.00402
14	0.00812	0.00812	0.01137	0.00975	0.00975	0.01137	0.00812	0.00893	0.00568	0.00893	0.00487	0.00812	0.00487	0.00650	0.01218	0.00162	0.86276	0.00325	0.00162	0.00406
15	0.00993	0.00832	0.00878	0.00769	0.00992	0.00956	0.00604	0.13561	0.72267	0.01665	0.01423	0.01315	0.01062	0.00495	0.00377	0.00124	0.00310	0.00407	0.00377	0.00594
16	0.00514	0.00379	0.00481	0.00455	0.00548	0.00346	0.00342	0.00679	0.01025	0.01427	0.74252	0.02874	0.13733	0.00782	0.00438	0.00118	0.00177	0.00685	0.00401	0.00346
17	0.00439	0.00376	0.00376	0.00376	0.00501	0.00313	0.00282	0.00533	0.00846	0.01003	0.03760	0.03572	0.84489	0.00940	0.00439	0.00125	0.00188	0.00783	0.00345	0.00313
18	0.01220	0.00997	0.01214	0.01087	0.11919	0.03470	0.08122	0.49864	0.14942	0.01923	0.00946	0.00979	0.00697	0.00427	0.00377	0.00114	0.00421	0.00354	0.00327	0.00601
19	0.00959	0.00880	0.01418	0.10441	0.66035	0.00910	0.01074	0.11400	0.00947	0.01327	0.00718	0.00922	0.00584	0.00349	0.00368	0.00112	0.00442	0.00331	0.00205	0.00576
20	0.00496	0.00378	0.00456	0.00437	0.00537	0.00338	0.00327	0.00644	0.00982	0.01326	0.57520	0.03039	0.30527	0.00819	0.00438	0.00120	0.00179	0.00709	0.00387	0.00338
21	0.00452	0.00323	0.00431	0.00517	0.00538	0.00301	0.00345	0.00517	0.00711	0.00948	0.02046	0.86713	0.02455	0.01163	0.00474	0.00151	0.00215	0.01055	0.00345	0.00301
22	0.00441	0.00375	0.00379	0.00380	0.00503	0.00314	0.00284	0.00536	0.00848	0.01011	0.05263	0.04912	0.81617	0.00940	0.00439	0.00126	0.00188	0.00786	0.00346	0.00314
23	0.01659	0.00642	0.00868	0.00665	0.00953	0.00560	0.00549	0.03797	0.01079	0.82885	0.01450	0.01254	0.00912	0.00459	0.00373	0.00115	0.00318	0.00372	0.00457	0.00632
24	0.01387	0.01769	0.01052	0.00956	0.01148	0.85465	0.00717	0.01482	0.01052	0.00908	0.00574	0.00669	0.00478	0.00383	0.00335	0.00096	0.00669	0.00239	0.00191	0.00430
25	0.01387	0.01769	0.01052	0.00956	0.01148	0.85465	0.00717	0.01482	0.01052	0.00908	0.00574	0.00669	0.00478	0.00383	0.00335	0.00096	0.00669	0.00239	0.00191	0.00430
26	0.89577	0.00718	0.00546	0.00488	0.00718	0.00833	0.00402	0.01091	0.00632	0.01665	0.00517	0.00603	0.00402	0.00345	0.00230	0.00115	0.00287	0.00201	0.00230	0.00402
27	0.00439	0.00376	0.00376	0.00376	0.00501	0.00313	0.00282	0.00533	0.00846	0.01003	0.03760	0.03572	0.84489	0.00940	0.00439	0.00125	0.00188	0.00783	0.00345	0.00313
28	0.03809	0.00640	0.00858	0.00659	0.00945	0.00562	0.00544	0.03040	0.01062	0.81601	0.01432	0.01242	0.00902	0.00456	0.00370	0.00115	0.00317	0.00368	0.00452	0.00626
29	0.01665	0.00632	0.00861	0.00660	0.00948	0.00546	0.00546	0.01809	0.01062	0.84897	0.01464	0.01263	0.00919	0.00459	0.00373	0.00115	0.00316	0.00373	0.00459	0.00632
30	0.00525	0.00379	0.00496	0.00467	0.00555	0.00350	0.00350	0.00700	0.01051	0.01488	0.84444	0.02773	0.03502	0.00759	0.00438	0.00117	0.00175	0.00671	0.00409	0.00350
31	0.00919	0.00882	0.01507	0.02278	0.84640	0.00882	0.01139	0.01139	0.00845	0.01213	0.00698	0.00919	0.00588	0.00331	0.00367	0.00110	0.00441	0.00331	0.00184	0.00588
32	0.00762	0.01916	0.82801	0.01055	0.01594	0.03110	0.01354	0.01184	0.00791	0.01168	0.00664	0.00781	0.00470	0.00353	0.00352	0.00117	0.00552	0.00273	0.00158	0.00545
33	0.00439	0.00376	0.00376	0.00376	0.00501	0.00313	0.00282	0.00533	0.00846	0.01003	0.03760	0.03572	0.84489	0.00940	0.00439	0.00125	0.00188	0.00783	0.00345	0.00313
34	0.00701	0.00660	0.01113	0.86063	0.02556	0.00825	0.01031	0.00948	0.00742	0.00948	0.00660	0.00990	0.00495	0.00371	0.00371	0.00124	0.00495	0.00330	0.00165	0.00412
35	0.01411	0.01040	0.01114	0.00854	0.01151	0.01151	0.00706	0.83402	0.01745	0.02339	0.00891	0.00891	0.00631	0.00446	0.00371	0.00111	0.00408	0.00334	0.00371	0.00631
36	0.00518	0.00379	0.00487	0.00460	0.00550	0.00347	0.00345	0.00687	0.01034	0.01449	0.77964	0.02837	0.10007	0.00773	0.00438	0.00117	0.00176	0.00680	0.00403	0.00347
37	0.00701	0.00660	0.01113	0.86063	0.02556	0.00825	0.01031	0.00948	0.00742	0.00948	0.00660	0.00990	0.00495	0.00371	0.00371	0.00124	0.00495	0.00330	0.00165	0.00412
38	0.00919	0.00882	0.01507	0.02278	0.84640	0.00882	0.01139	0.01139	0.00845	0.01213	0.00698	0.00919	0.00588	0.00331	0.00367	0.00110	0.00441	0.00331	0.00184	0.00588
39	0.00645	0.00322	0.00484	0.00484	0.00484	0.00322	0.00322	0.00484	0.00484	0.00645	0.00645	0.01128	0.00645	0.01289	0.01451	0.89201	0.00322	0.00322	0.00161	0.00161
40	0.01629	0.00689	0.00897	0.00688	0.00976	0.00631	0.00568	0.13325	0.01159	0.73245	0.01383	0.01211	0.00878	0.00457	0.00373	0.00114	0.00329	0.00368	0.00447	0.00632
41	0.00530	0.00398	0.00597	0.00597	0.00663	0.00464	0.00464	0.00663	0.00597	0.00862	0.00994	0.01458	0.00928	0.02784	0.85484	0.00597	0.00994	0.00398	0.00199	0.00331
42	0.00747	0.01900	0.83233	0.01069	0.01614	0.00864	0.03151	0.01176	0.00786	0.01176	0.00668	0.00788	0.00472	0.00352	0.00355	0.00118	0.00550	0.00278	0.00157	0.00548
43	0.00924	0.00784	0.00827	0.00744	0.00952	0.00903	0.00579	0.01937	0.80744	0.02597	0.01533	0.01410	0.02134	0.00507	0.00377	0.00125	0.00291	0.00422	0.01629	0.00581
44	0.00538	0.00359	0.00405	0.00407	0.00407	0.00359	0.00227	0.00539	0.00543	0.00724	0.01185	0.03956	0.01370	0.85401	0.01864	0.00356	0.00357	0.00549	0.00227	0.00226
45	0.83618	0.00747	0.00622	0.00540	0.00775	0.01909	0.03381	0.02659	0.00667	0.01652	0.00533	0.00624	0.00413	0.00346	0.00241	0.00115	0.00306	0.00212	0.00230	0.00410
46	0.01102	0.63470	0.01697	0.00724	0.01007	0.24785	0.00658	0.01214	0.00837	0.00883	0.00532	0.00616	0.00477	0.00336	0.00265	0.00084	0.00473	0.00210	0.00168	0.00464
47	0.04147	0.17007	0.63034	0.05010	0.01502	0.00967	0.01187	0.01150	0.00771	0.01129	0.00633	0.00753	0.00470	0.00347	0.00328	0.00111	0.00509	0.00261	0.00160	0.00524
48	0.00761	0.00716	0.01154	0.65195	0.16433	0.02359	0.01007	0.02868	0.00781	0.01016	0.00688	0.01021	0.00544	0.03468	0.00424	0.00129	0.00482	0.00336	0.00176	0.00441
49	0.01303	0.00643	0.01822	0.00658	0.00901	0.00599	0.00539	0.01643	0.18900	0.52170	0.03807	0.02692	0.07664	0.00549	0.00389	0.00121	0.00300	0.04309	0.00421	0.00571
50	0.00468	0.00377	0.00417	0.00407	0.00520	0.00326	0.00305	0.00590	0.00916	0.01169	0.31433	0.03298	0.56712	0.00878	0.00438	0.00122	0.00184	0.00745	0.00367	0.00326
51	0.00940	0.01000	0.02029	0.01490	0.04032	0.00962	0.70420	0.10711	0.02115	0.01328	0.00776	0.00992	0.00580	0.00331	0.00428	0.00123	0.00591	0.00423	0.00211	0.00519
52	0.00540	0.00360	0.00405	0.00405	0.00405	0.00360	0.00225	0.00540	0.00540	0.00720	0.01170	0.02429	0.01349	0.86955	0.01889	0.00360	0.00360	0.00540	0.00225	0.00225
53	0.00639	0.00502	0.00592	0.00548	0.00673	0.00517	0.00417	0.01067	0.25372	0.01489	0.57069	0.02396	0.05860	0.00691	0.00420	0.00120	0.00210	0.00602	0.00397	0.00418
54	0.01105	0.00508	0.00682	0.00565	0.00754	0.00450	0.00450	0.01264	0.01057	0.43915	0.42236	0.02005	0.02188	0.00607	0.00405	0.00116	0.00247	0.00520	0.00434	0.00493
55	0.00598	0.00427	0.00598	0.00684	0.00769	0.00427	0.00598	0.00769	0.00854	0.01111	0.01965	0.04187	0.02136	0.01025	0.00513	0.00171	0.00342	0.82141	0.00342	0.00342
56	0.01665	0.00632	0.00861	0.00660	0.00948	0.00546	0.00546	0.01809	0.01062	0.84897	0.01464	0.01263	0.00919	0.00459	0.00373	0.00115	0.00316	0.00373	0.00459	0.00632
57	0.00923	0.00797	0.00839	0.00755	0.00965	0.00923	0.00588	0.01972	0.83969	0.01553	0.01511	0.01385	0.01133	0.00504	0.00378	0.00126	0.00294	0.00420	0.00378	0.00588
58	0.00764	0.00653	0.00763	0.00549	0.00873	0.00491	0.00438	0.00927	0.00769	0.01205	0.00686	0.02398	0.00586	0.00292	0.00279	0.00057	0.00274	0.00236	0.00222	0.87539
59	0.00750	0.03834	0.83167	0.01048	0.01592	0.00876	0.01355	0.01174	0.00783	0.01169	0.00663	0.00779	0.00470	0.00352	0.00350	0.00117	0.00545	0.00273	0.00157	0.00547
60	0.00992	0.87178	0.01945	0.00635	0.00953	0.01469	0.00635	0.01111	0.00754	0.00873	0.00516	0.00595	0.00476	0.00318	0.00238	0.00079	0.00397	0.00198	0.00159	0.00476
61	0.00466	0.00334	0.00445	0.00530	0.00559	0.00313	0.00367	0.00541	0.00727	0.00964	0.02071	0.77413	0.03981	0.01146	0.00477	0.00152	0.00227	0.08638	0.00344	0.00305
62	0.00912	0.06553	0.60997	0.01037	0.04823	0.00865	0.03416	0.03441	0.00850	0.12545	0.00775	0.00852	0.00543	0.00366	0.00352	0.00115	0.00502	0.00292	0.00206	0.00558
63	0.02921	0.00628	0.00831	0.00644	0.00920	0.00552	0.00530	0.04103	0.01061	0.75590	0.01587	0.01397	0.06496	0.00489	0.00375	0.00115	0.00310	0.00397	0.00446	0.00607
64	0.01370	0.01734	0.01044	0.00949	0.01141	0.82437	0.00713	0.01500	0.04022	0.00932	0.00607	0.00695	0.00502	0.00387	0.00336	0.00097	0.00656	0.00246	0.00198	0.00436
65	0.01617	0.00681	0.00889	0.00684	0.00970	0.00622	0.00564	0.10820	0.03351	0.73558	0.01402	0.01226	0.00893	0.00459	0.00373	0.00115	0.00325	0.00370	0.00448	0.00630
66	0.00773	0.11691	0.75510	0.01009	0.01532	0.00932	0.01287	0.01168	0.00780	0.01141	0.00649	0.00762	0.00471	0.00349	0.00340	0.00113	0.00531	0.00266	0.00157	0.00540
67	0.00531	0.00396	0.00590	0.00590	0.00654	0.00460	0.00455	0.00658	0.00595	0.00857	0.01001	0.01493	0.00943	0.05799	0.82490	0.00588	0.00972	0.00403	0.00200	0.00328
68	0.00444	0.00372	0.00386	0.00391	0.00507	0.00314	0.00290	0.00540	0.00846	0.01024	0.07779	0.09803	0.74137	0.00948	0.00441	0.00127	0.00189	0.00798	0.00348	0.00314
69	0.00709	0.00668	0.01127	0.83062	0.05497	0.00827	0.01035	0.00955	0.00746	0.00958	0.00661	0.00987	0.00498	0.00370	0.00371	0.00123	0.00493	0.00330	0.00166	0.00419
70	0.00593	0.00424	0.00592	0.00678	0.00761	0.00423	0.00589	0.00760	0.00849	0.01105	0.01968	0.07143	0.02148	0.01030	0.00511	0.00170	0.00337	0.79237	0.00342	0.00340
71	0.01665	0.00632	0.00861	0.00660	0.00948	0.00546	0.00546	0.01809	0.01062	0.84897	0.01464	0.01263	0.00919	0.00459	0.00373	0.00115	0.00316	0.00373	0.00459	0.00632
72	0.00986	0.85001	0.04067	0.00646	0.00969	0.01453	0.00654	0.01113	0.00755	0.00881	0.00520	0.00600	0.00476	0.00318	0.00241	0.00080	0.00401	0.00200	0.00159	0.00478
73	0.00869	0.00990	0.02161	0.01547	0.01917	0.00928	0.81932	0.01178	0.00873	0.01185	0.00772	0.02406	0.00594	0.00327	0.00439	0.00126	0.00619	0.00448	0.00190	0.00497
74	0.00540	0.00388	0.00544	0.00543	0.00601	0.00431	0.00406	0.00657	0.00637	0.00919	0.08064	0.01758	0.01230	0.16439	0.59323	0.00487	0.00772	0.01393	0.04551	0.00316
75	0.00505	0.00379	0.00468	0.00445	0.00542	0.00341	0.00334	0.00661	0.01002	0.01373	0.65258	0.02963	0.22760	0.00802	0.00438	0.00119	0.00178	0.00698	0.00393	0.00341
76	0.00746	0.01815	0.77475	0.01071	0.01593	0.00850	0.05668	0.01161	0.00791	0.01174	0.00720	0.00923	0.00538	0.00376	0.00363	0.00120	0.00545	0.03369	0.00165	0.00538
77	0.00525	0.00379	0.00496	0.00467	0.00555	0.00350	0.00350	0.00700	0.01051	0.01488	0.84444	0.02773	0.03502	0.00759	0.00438	0.00117	0.00175	0.00671	0.00409	0.00350
78	0.00770	0.00660	0.00770	0.00550	0.00880	0.00495	0.00440	0.00935	0.00770	0.01210	0.00660	0.00770	0.00550	0.00275	0.00275	0.00055	0.00275	0.00220	0.00220	0.89224
79	0.89577	0.00718	0.00546	0.00488	0.00718	0.00833	0.00402	0.01091	0.00632	0.01665	0.00517	0.00603	0.00402	0.00345	0.00230	0.00115	0.00287	0.00201	0.00230	0.00402
80	0.89577	0.00718	0.00546	0.00488	0.00718	0.00833	0.00402	0.01091	0.00632	0.01665	0.00517	0.00603	0.00402	0.00345	0.00230	0.00115	0.00287	0.00201	0.00230	0.00402
81	0.00923	0.00797	0.00839	0.00755	0.00965	0.00923	0.00588	0.01972	0.83969	0.01553	0.01511	0.01385	0.01133	0.00504	0.00378	0.00126	0.00294	0.00420	0.00378	0.00588
82	0.01397	0.01726	0.01045	0.00945	0.01140	0.82264	0.00711	0.01495	0.01052	0.04074	0.00607	0.00692	0.00495	0.00385	0.00336	0.00096	0.00656	0.00244	0.00201	0.00438
83	0.01387	0.01769	0.01052	0.00956	0.01148	0.85465	0.00717	0.01482	0.01052	0.00908	0.00574	0.00669	0.00478	0.00383	0.00335	0.00096	0.00669	0.00239	0.00191	0.00430
84	0.01380	0.01756	0.01059	0.00976	0.02383	0.84214	0.00723	0.01477	0.01049	0.00913	0.00576	0.00673	0.00480	0.00382	0.00335	0.00096	0.00666	0.00240	0.00191	0.00433
85	0.01387	0.01769	0.01052	0.00956	0.01148	0.85465	0.00717	0.01482	0.01052	0.00908	0.00574	0.00669	0.00478	0.00383	0.00335	0.00096	0.00669	0.00239	0.00191	0.00430
86	0.00551	0.00427	0.00633	0.00621	0.00681	0.00511	0.00485	0.00678	0.00593	0.00861	0.00960	0.01428	0.00903	0.04131	0.77818	0.00561	0.07231	0.00395	0.00197	0.00335
87	0.01665	0.00632	0.00861	0.00660	0.00948	0.00546	0.00546	0.01809	0.01062	0.84897	0.01464	0.01263	0.00919	0.00459	0.00373	0.00115	0.00316	0.00373	0.00459	0.00632
88	0.01387	0.01769	0.01052	0.00956	0.01148	0.85465	0.00717	0.01482	0.01052	0.00908	0.00574	0.00669	0.00478	0.00383	0.00335	0.00096	0.00669	0.00239	0.00191	0.00430
89	0.00525	0.00379	0.00496	0.00467	0.00555	0.00350	0.00350	0.00700	0.01051	0.01488	0.84444	0.02773	0.03502	0.00759	0.00438	0.00117	0.00175	0.00671	0.00409	0.00350
90	0.00942	0.69924	0.18760	0.00721	0.01085	0.01346	0.00784	0.01124	0.00760	0.00934	0.00546	0.00634	0.00475	0.00325	0.00261	0.00087	0.00428	0.00214	0.00158	0.00491
91	0.00452	0.00323	0.00431	0.00517	0.00538	0.00301	0.00345	0.00517	0.00711	0.00948	0.02046	0.86713	0.02455	0.01163	0.00474	0.00151	0.00215	0.01055	0.00345	0.00301
92	0.00439	0.00376	0.00376	0.00376	0.00501	0.00313	0.00282	0.00533	0.00846	0.01003	0.03760	0.03572	0.84489	0.00940	0.00439	0.00125	0.00188	0.00783	0.00345	0.00313
93	0.00521	0.00377	0.00492	0.00468	0.00553	0.00348	0.00349	0.00691	0.01035	0.01461	0.80220	0.05926	0.04607	0.00777	0.00439	0.00118	0.00177	0.00687	0.00405	0.00348
94	0.00847	0.37053	0.50794	0.00884	0.01337	0.01112	0.01068	0.01149	0.00772	0.01051	0.00604	0.00706	0.00473	0.00338	0.00305	0.00102	0.00486	0.00243	0.00158	0.00519
95	0.00457	0.00375	0.00402	0.00403	0.00516	0.00321	0.00301	0.00564	0.00875	0.01085	0.17473	0.07163	0.65716	0.00920	0.00441	0.00126	0.00189	0.01997	0.00356	0.00320
96	0.01665	0.00632	0.00861	0.00660	0.00948	0.00546	0.00546	0.01809	0.01062	0.84897	0.01464	0.01263	0.00919	0.00459	0.00373	0.00115	0.00316	0.00373	0.00459	0.00632
97	0.00744	0.01920	0.85032	0.01058	0.01607	0.00862	0.01371	0.01176	0.00784	0.01176	0.00666	0.00784	0.00470	0.00353	0.00353	0.00118	0.00549	0.00274	0.00157	0.00549
98	0.00780	0.00757	0.02930	0.73924	0.02364	0.03966	0.00998	0.06843	0.01905	0.01058	0.00684	0.00971	0.00512	0.00378	0.00369	0.00122	0.00494	0.00327	0.00183	0.00434
99	0.01187	0.00716	0.00830	0.00701	0.00931	0.00753	0.00558	0.07721	0.40792	0.30886	0.04398	0.01423	0.01122	0.01909	0.00402	0.00124	0.00304	0.01865	0.02797	0.00581
100	0.02320	0.49863	0.02632	0.00952	0.12571	0.22735	0.00734	0.01207	0.00838	0.00944	0.00557	0.00665	0.00491	0.00342	0.00298	0.00090	0.01880	0.00230	0.00172	0.00479
101	0.00609	0.00397	0.00520	0.00479	0.00581	0.00364	0.00363	0.00782	0.01048	0.07415	0.77323	0.02645	0.03281	0.00733	0.00431	0.00116	0.00185	0.00645	0.01714	0.00370
102	0.00937	0.59460	0.01724	0.00765	0.00995	0.01355	0.03682	0.01052	0.00706	0.00890	0.00516	0.00672	0.00483	0.00412	0.00524	0.00105	0.24861	0.00243	0.00161	0.00457
103	0.01665	0.00632	0.00861	0.00660	0.00948	0.00546	0.00546	0.01809	0.01062	0.84897	0.01464	0.01263	0.00919	0.00459	0.00373	0.00115	0.00316	0.00373	0.00459	0.00632
104	0.00525	0.00379	0.00496	0.00467	0.00555	0.00350	0.00350	0.00700	0.01051	0.01488	0.84444	0.02773	0.03502	0.00759	0.00438	0.00117	0.00175	0.00671	0.00409	0.00350
105	0.00645	0.00322	0.00484	0.00484	0.00484	0.00322	0.00322	0.00484	0.00484	0.00645	0.00645	0.01128	0.00645	0.01289	0.01451	0.89201	0.00322	0.00322	0.00161	0.00161
106	0.01665	0.00632	0.00861	0.00660	0.00948	0.00546	0.00546	0.01809	0.01062	0.84897	0.01464	0.01263	0.00919	0.00459	0.00373	0.00115	0.00316	0.00373	0.00459	0.00632
107	0.89577	0.00718	0.00546	0.00488	0.00718	0.00833	0.00402	0.01091	0.00632	0.01665	0.00517	0.00603	0.00402	0.00345	0.00230	0.00115	0.00287	0.00201	0.00230	0.00402
108	0.00645	0.00322	0.00484	0.00484	0.00484	0.00322	0.00322	0.00484	0.00484	0.00645	0.00645	0.01128	0.00645	0.01289	0.01451	0.89201	0.00322	0.00322	0.00161	0.00161
109	0.89577	0.00718	0.00546	0.00488	0.00718	0.00833	0.00402	0.01091	0.00632	0.01665	0.00517	0.00603	0.00402	0.00345	0.00230	0.00115	0.00287	0.00201	0.00230	0.00402
110	0.00802	0.00795	0.01109	0.00953	0.00953	0.01108	0.00790	0.00880	0.00567	0.00887	0.00513	0.00873	0.00520	0.03903	0.01243	0.00170	0.83037	0.00333	0.00165	0.00399
111	0.01665	0.00632	0.00861	0.00660	0.00948	0.00546	0.00546	0.01809	0.01062	0.84897	0.01464	0.01263	0.00919	0.00459	0.00373	0.00115	0.00316	0.00373	0.00459	0.00632
112	0.01411	0.01040	0.01114	0.00854	0.01151	0.01151	0.00706	0.83402	0.01745	0.02339	0.00891	0.00891	0.00631	0.00446	0.00371	0.00111	0.00408	0.00334	0.00371	0.00631
113	0.00744	0.01920	0.85032	0.01058	0.01607	0.00862	0.01371	0.01176	0.00784	0.01176	0.00666	0.00784	0.00470	0.00353	0.00353	0.00118	0.00549	0.00274	0.00157	0.00549
114	0.01387	0.01769	0.01052	0.00956	0.01148	0.85465	0.00717	0.01482	0.01052	0.00908	0.00574	0.00669	0.00478	0.00383	0.00335	0.00096	0.00669	0.00239	0.00191	0.00430
115	0.00770	0.00660	0.00770	0.00550	0.00880	0.00495	0.00440	0.00935	0.00770	0.01210	0.00660	0.00770	0.00550	0.00275	0.00275	0.00055	0.00275	0.00220	0.00220	0.89224
116	0.00582	0.07536	0.02039	0.00657	0.02191	0.00571	0.01725	0.00683	0.01814	0.00959	0.01660	0.55640	0.04846	0.00951	0.00568	0.00144	0.14047	0.02743	0.00292	0.00350
117	0.00452	0.00323	0.00431	0.00517	0.00538	0.00301	0.00345	0.00517	0.00711	0.00948	0.02046	0.86713	0.02455	0.01163	0.00474	0.00151	0.00215	0.01055	0.00345	0.00301
118	0.00770	0.00660	0.00770	0.00550	0.00880	0.00495	0.00440	0.00935	0.00770	0.01210	0.00660	0.00770	0.00550	0.00275	0.00275	0.00055	0.00275	0.00220	0.00220	0.89224
119	0.00744	0.01920	0.85032	0.01058	0.01607	0.00862	0.01371	0.01176	0.00784	0.01176	0.00666	0.00784	0.00470	0.00353	0.00353	0.00118	0.00549	0.00274	0.00157	0.00549
120	0.02169	0.00799	0.01249	0.16248	0.40099	0.01846	0.04546	0.09556	0.02009	0.04272	0.00927	0.01405	0.00809	0.00455	0.00390	0.00122	0.00435	0.11907	0.00235	0.00520
121	0.00452	0.00323	0.00431	0.00517	0.00538	0.00301	0.00345	0.00517	0.00711	0.00948	0.02046	0.86713	0.02455	0.01163	0.00474	0.00151	0.00215	0.01055	0.00345	0.00301
122	0.01651	0.00639	0.00864	0.00664	0.00950	0.00559	0.00548	0.02841	0.02311	0.82608	0.01458	0.01261	0.00918	0.00460	0.00373	0.00115	0.00317	0.00373	0.00457	0.00631
123	0.01381	0.01791	0.01096	0.06700	0.07204	0.03395	0.09748	0.07695	0.01041	0.50967	0.01213	0.03062	0.00838	0.00447	0.00381	0.00117	0.00389	0.01590	0.00367	0.00579

[dist]
# distance from previous block
# <min> <max>
0	2

[block]
# block no. 2 follows, 74 sequences, length 48
# corresponding to MSA columns:
# 464-511
name=unknown_C
#
# <colnr> <probs for GDERKNQSTAVLIFYWHMCP>
#	G	D	E	R	K	N	Q	S	T	A	V	L	I	F	Y	W	H	M	C	P
0	0.00793	0.00775	0.02629	0.55379	0.28435	0.02228	0.01060	0.02384	0.00797	0.01058	0.00674	0.00957	0.00526	0.00359	0.00369	0.00119	0.00480	0.00328	0.00175	0.00474
1	0.00906	0.00869	0.01484	0.06997	0.80017	0.00879	0.01133	0.01128	0.00839	0.01198	0.00696	0.00923	0.00583	0.00333	0.00368	0.00111	0.00444	0.00331	0.00183	0.00578
2	0.00464	0.00377	0.00411	0.00403	0.00517	0.00324	0.00302	0.00582	0.00906	0.01146	0.27557	0.03336	0.60603	0.00887	0.00438	0.00123	0.00184	0.00750	0.00364	0.00324
3	0.00467	0.00367	0.00422	0.00430	0.00524	0.00322	0.00314	0.00579	0.00881	0.01136	0.27366	0.19210	0.44803	0.00929	0.00445	0.00128	0.00189	0.00802	0.00364	0.00322
4	0.00540	0.00360	0.00405	0.00405	0.00405	0.00360	0.00225	0.00540	0.00540	0.00720	0.01170	0.02429	0.01349	0.86955	0.01889	0.00360	0.00360	0.00540	0.00225	0.00225
5	0.00439	0.00376	0.00376	0.00376	0.00501	0.00313	0.00282	0.00533	0.00846	0.01003	0.03760	0.03572	0.84489	0.00940	0.00439	0.00125	0.00188	0.00783	0.00345	0.00313
6	0.89577	0.00718	0.00546	0.00488	0.00718	0.00833	0.00402	0.01091	0.00632	0.01665	0.00517	0.00603	0.00402	0.00345	0.00230	0.00115	0.00287	0.00201	0.00230	0.00402
7	0.00770	0.00660	0.00770	0.00550	0.00880	0.00495	0.00440	0.00935	0.00770	0.01210	0.00660	0.00770	0.00550	0.00275	0.00275	0.00055	0.00275	0.00220	0.00220	0.89224
8	0.00770	0.00660	0.00770	0.00550	0.00880	0.00495	0.00440	0.00935	0.00770	0.01210	0.00660	0.00770	0.00550	0.00275	0.00275	0.00055	0.00275	0.00220	0.00220	0.89224
9	0.89577	0.00718	0.00546	0.00488	0.00718	0.00833	0.00402	0.01091	0.00632	0.01665	0.00517	0.00603	0.00402	0.00345	0.00230	0.00115	0.00287	0.00201	0.00230	0.00402
10	0.01396	0.01251	0.01084	0.00880	0.01142	0.26969	0.00704	0.54998	0.03510	0.03233	0.00818	0.00841	0.00601	0.00428	0.00360	0.00107	0.00484	0.00308	0.00318	0.00569
11	0.01665	0.00632	0.00861	0.00660	0.00948	0.00546	0.00546	0.01809	0.01062	0.84897	0.01464	0.01263	0.00919	0.00459	0.00373	0.00115	0.00316	0.00373	0.00459	0.00632
12	0.00598	0.00427	0.00598	0.00684	0.00769	0.00427	0.00598	0.00769	0.00854	0.01111	0.01965	0.04187	0.02136	0.01025	0.00513	0.00171	0.00342	0.82141	0.00342	0.00342
13	0.00701	0.00660	0.01113	0.86063	0.02556	0.00825	0.01031	0.00948	0.00742	0.00948	0.00660	0.00990	0.00495	0.00371	0.00371	0.00124	0.00495	0.00330	0.00165	0.00412
14	0.01418	0.01028	0.01107	0.00848	0.01145	0.01134	0.00701	0.81036	0.01725	0.04734	0.00908	0.00902	0.00640	0.00446	0.00371	0.00111	0.00406	0.00335	0.00374	0.00631
15	0.00452	0.00323	0.00431	0.00517	0.00538	0.00301	0.00345	0.00517	0.00711	0.00948	0.02046	0.86713	0.02455	0.01163	0.00474	0.00151	0.00215	0.01055	0.00345	0.00301
16	0.89577	0.00718	0.00546	0.00488	0.00718	0.00833	0.00402	0.01091	0.00632	0.01665	0.00517	0.00603	0.00402	0.00345	0.00230	0.00115	0.00287	0.00201	0.00230	0.00402
17	0.00992	0.87178	0.01945	0.00635	0.00953	0.01469	0.00635	0.01111	0.00754	0.00873	0.00516	0.00595	0.00476	0.00318	0.00238	0.00079	0.00397	0.00198	0.00159	0.00476
18	0.00919	0.00882	0.01507	0.02278	0.84640	0.00882	0.01139	0.01139	0.00845	0.01213	0.00698	0.00919	0.00588	0.00331	0.00367	0.00110	0.00441	0.00331	0.00184	0.00588
19	0.00439	0.00376	0.00376	0.00376	0.00501	0.00313	0.00282	0.00533	0.00846	0.01003	0.03760	0.03572	0.84489	0.00940	0.00439	0.00125	0.00188	0.00783	0.00345	0.00313
20	0.01411	0.01040	0.01114	0.00854	0.01151	0.01151	0.00706	0.83402	0.01745	0.02339	0.00891	0.00891	0.00631	0.00446	0.00371	0.00111	0.00408	0.00334	0.00371	0.00631
21	0.01411	0.01040	0.01114	0.00854	0.01151	0.01151	0.00706	0.83402	0.01745	0.02339	0.00891	0.00891	0.00631	0.00446	0.00371	0.00111	0.00408	0.00334	0.00371	0.00631
22	0.00923	0.00797	0.00839	0.00755	0.00965	0.00923	0.00588	0.01972	0.83969	0.01553	0.01511	0.01385	0.01133	0.00504	0.00378	0.00126	0.00294	0.00420	0.00378	0.00588
23	0.00439	0.00376	0.00376	0.00376	0.00501	0.00313	0.00282	0.00533	0.00846	0.01003	0.03760	0.03572	0.84489	0.00940	0.00439	0.00125	0.00188	0.00783	0.00345	0.00313
24	0.00525	0.00379	0.00496	0.00467	0.00555	0.00350	0.00350	0.00700	0.01051	0.01488	0.84444	0.02773	0.03502	0.00759	0.00438	0.00117	0.00175	0.00671	0.00409	0.00350
25	0.01665	0.00632	0.00861	0.00660	0.00948	0.00546	0.00546	0.01809	0.01062	0.84897	0.01464	0.01263	0.00919	0.00459	0.00373	0.00115	0.00316	0.00373	0.00459	0.00632
26	0.00876	0.01001	0.02190	0.01564	0.01940	0.00939	0.83292	0.01189	0.00876	0.01189	0.00751	0.01001	0.00563	0.00313	0.00438	0.00125	0.00626	0.00438	0.00188	0.00501
27	0.00865	0.00854	0.01133	0.00967	0.00990	0.03583	0.00803	0.05915	0.00654	0.00981	0.00514	0.00813	0.00496	0.00630	0.01141	0.00157	0.78585	0.00323	0.00176	0.00420
28	0.01665	0.00632	0.00861	0.00660	0.00948	0.00546	0.00546	0.01809	0.01062	0.84897	0.01464	0.01263	0.00919	0.00459	0.00373	0.00115	0.00316	0.00373	0.00459	0.00632
29	0.00952	0.08981	0.05919	0.04198	0.55207	0.08069	0.06447	0.02330	0.00858	0.01155	0.00671	0.00866	0.00557	0.00342	0.00371	0.00109	0.01921	0.00315	0.00183	0.00549
30	0.00525	0.00379	0.00496	0.00467	0.00555	0.00350	0.00350	0.00700	0.01051	0.01488	0.84444	0.02773	0.03502	0.00759	0.00438	0.00117	0.00175	0.00671	0.00409	0.00350
31	0.00770	0.00660	0.00770	0.00550	0.00880	0.00495	0.00440	0.00935	0.00770	0.01210	0.00660	0.00770	0.00550	0.00275	0.00275	0.00055	0.00275	0.00220	0.00220	0.89224
32	0.00692	0.00346	0.00346	0.00346	0.00432	0.00346	0.00259	0.00865	0.00778	0.01384	0.01211	0.01384	0.00951	0.00432	0.00259	0.00086	0.00173	0.00346	0.89016	0.00346
33	0.00439	0.00376	0.00376	0.00376	0.00501	0.00313	0.00282	0.00533	0.00846	0.01003	0.03760	0.03572	0.84489	0.00940	0.00439	0.00125	0.00188	0.00783	0.00345	0.00313
34	0.00770	0.00660	0.00770	0.00550	0.00880	0.00495	0.00440	0.00935	0.00770	0.01210	0.00660	0.00770	0.00550	0.00275	0.00275	0.00055	0.00275	0.00220	0.00220	0.89224
35	0.00645	0.00322	0.00484	0.00484	0.00484	0.00322	0.00322	0.00484	0.00484	0.00645	0.00645	0.01128	0.00645	0.01289	0.01451	0.89201	0.00322	0.00322	0.00161	0.00161
36	0.01411	0.01040	0.01114	0.00854	0.01151	0.01151	0.00706	0.83402	0.01745	0.02339	0.00891	0.00891	0.00631	0.00446	0.00371	0.00111	0.00408	0.00334	0.00371	0.00631
37	0.89577	0.00718	0.00546	0.00488	0.00718	0.00833	0.00402	0.01091	0.00632	0.01665	0.00517	0.00603	0.00402	0.00345	0.00230	0.00115	0.00287	0.00201	0.00230	0.00402
38	0.00945	0.00808	0.00852	0.00760	0.00974	0.00934	0.00593	0.05643	0.80263	0.01588	0.01483	0.01363	0.01110	0.00501	0.00377	0.00125	0.00299	0.00416	0.00377	0.00589
39	0.89577	0.00718	0.00546	0.00488	0.00718	0.00833	0.00402	0.01091	0.00632	0.01665	0.00517	0.00603	0.00402	0.00345	0.00230	0.00115	0.00287	0.00201	0.00230	0.00402
40	0.00514	0.00379	0.00481	0.00456	0.00548	0.00346	0.00342	0.00679	0.01025	0.01427	0.74308	0.02873	0.13677	0.00782	0.00438	0.00118	0.00177	0.00685	0.00401	0.00346
41	0.00982	0.69027	0.08825	0.03135	0.05566	0.03906	0.00736	0.01136	0.00775	0.02240	0.00559	0.00652	0.00489	0.00327	0.00263	0.00087	0.00422	0.00220	0.00166	0.00488
42	0.00869	0.09404	0.31089	0.01361	0.20113	0.00953	0.18017	0.03420	0.08895	0.01225	0.00764	0.00902	0.00585	0.00353	0.00366	0.00115	0.00498	0.00329	0.00196	0.00547
43	0.00525	0.00379	0.00496	0.00467	0.00555	0.00350	0.00350	0.00700	0.01051	0.01488	0.84444	0.02773	0.03502	0.00759	0.00438	0.00117	0.00175	0.00671	0.00409	0.00350
44	0.00765	0.00881	0.10180	0.03251	0.05702	0.03032	0.17783	0.00977	0.03096	0.01075	0.08517	0.02452	0.03879	0.06207	0.03974	0.00166	0.25854	0.00419	0.01359	0.00431
45	0.00490	0.00382	0.00446	0.00448	0.00545	0.00345	0.00331	0.00639	0.03378	0.01192	0.33256	0.16169	0.38015	0.00896	0.00443	0.00127	0.00193	0.02004	0.00369	0.00334
46	0.00994	0.82821	0.01901	0.02906	0.01000	0.03483	0.00648	0.01116	0.00761	0.00876	0.00521	0.00608	0.00477	0.00321	0.00244	0.00081	0.00406	0.00203	0.00160	0.00474
47	0.00860	0.03458	0.25449	0.01118	0.18776	0.00771	0.02944	0.05313	0.01940	0.03907	0.01976	0.00877	0.00605	0.00378	0.01541	0.00103	0.02016	0.00288	0.00210	0.27471

[dist]
# distance from previous block
# <min> <max>
0	1

[block]
# block no. 3 follows, 74 sequences, length 460
# corresponding to MSA columns:
# 513-972
name=unknown_D
#
# <colnr> <probs for GDERKNQSTAVLIFYWHMCP>
#	G	D	E	R	K	N	Q	S	T	A	V	L	I	F	Y	W	H	M	C	P
0	0.01072	0.03762	0.00960	0.00797	0.01022	0.09706	0.00631	0.18730	0.54067	0.01614	0.01234	0.01172	0.00928	0.00476	0.00384	0.00119	0.02032	0.00374	0.00346	0.00573
1	0.42093	0.01193	0.00874	0.02257	0.05958	0.37806	0.02652	0.01265	0.00836	0.01284	0.00561	0.00667	0.00452	0.00360	0.00291	0.00107	0.00475	0.00233	0.00208	0.00428
2	0.00451	0.00326	0.00427	0.00508	0.00536	0.00302	0.00341	0.00518	0.00719	0.00951	0.02155	0.81425	0.07673	0.01149	0.00472	0.00149	0.00214	0.01038	0.00345	0.00302
3	0.00525	0.00379	0.00496	0.00467	0.00555	0.00350	0.00350	0.00700	0.01051	0.01488	0.84444	0.02773	0.03502	0.00759	0.00438	0.00117	0.00175	0.00671	0.00409	0.00350
4	0.01382	0.01016	0.01087	0.00838	0.01127	0.01124	0.00691	0.79550	0.03239	0.02298	0.00912	0.00914	0.00650	0.00446	0.00368	0.00111	0.00400	0.00336	0.02889	0.00622
5	0.00524	0.00379	0.00494	0.00465	0.00553	0.00349	0.00349	0.00697	0.01047	0.01479	0.82803	0.02789	0.05149	0.00763	0.00438	0.00117	0.00175	0.00674	0.00407	0.00349
6	0.01224	0.34308	0.06467	0.00838	0.01152	0.04550	0.05038	0.20441	0.09022	0.10740	0.00907	0.00958	0.00702	0.00436	0.00353	0.00114	0.00437	0.00316	0.00292	0.01705
7	0.00966	0.71608	0.13379	0.00692	0.01041	0.01343	0.00730	0.01130	0.00765	0.02558	0.00559	0.00639	0.00486	0.00324	0.00258	0.00085	0.00413	0.00213	0.00166	0.02647
8	0.00878	0.35071	0.42169	0.01974	0.04427	0.01084	0.01010	0.01167	0.01800	0.03930	0.01982	0.00774	0.00549	0.00354	0.00321	0.00103	0.01453	0.00260	0.00176	0.00519
9	0.00580	0.00464	0.00530	0.00498	0.00622	0.00456	0.00378	0.00910	0.17936	0.01355	0.43125	0.02731	0.27479	0.00761	0.00426	0.00121	0.00203	0.00654	0.00383	0.00388
10	0.00530	0.00398	0.00597	0.00597	0.00663	0.00464	0.00464	0.00663	0.00597	0.00862	0.00994	0.01458	0.00928	0.02784	0.85484	0.00597	0.00994	0.00398	0.00199	0.00331
11	0.01223	0.02002	0.03315	0.01042	0.02590	0.01913	0.30814	0.10015	0.02413	0.33735	0.01172	0.01259	0.03163	0.00430	0.00400	0.00120	0.00449	0.03062	0.00324	0.00557
12	0.00893	0.00921	0.04612	0.03196	0.67094	0.01736	0.10750	0.01126	0.00843	0.01193	0.00747	0.03818	0.00641	0.00359	0.00379	0.00114	0.00462	0.00365	0.00188	0.00563
13	0.85844	0.00702	0.00537	0.00482	0.00706	0.00812	0.00396	0.01082	0.00638	0.01654	0.00546	0.00636	0.00425	0.00348	0.00231	0.00114	0.00282	0.00207	0.03959	0.00400
14	0.00689	0.00346	0.00347	0.00348	0.00434	0.00345	0.00260	0.00861	0.00778	0.01379	0.01221	0.02409	0.00969	0.00441	0.00262	0.00087	0.00173	0.00354	0.87951	0.00345
15	0.00737	0.00405	0.00416	0.00396	0.00499	0.00415	0.00302	0.05867	0.03767	0.01452	0.04599	0.01411	0.01043	0.00449	0.00278	0.00091	0.00191	0.00361	0.76952	0.00372
16	0.01065	0.05377	0.03594	0.00783	0.01025	0.06403	0.01881	0.30086	0.30742	0.01667	0.03248	0.02263	0.06525	0.00543	0.01863	0.00125	0.01525	0.00399	0.00335	0.00550
17	0.14652	0.06187	0.01073	0.00785	0.01070	0.02184	0.00654	0.63507	0.03031	0.02117	0.00820	0.00836	0.00595	0.00423	0.00342	0.00110	0.00391	0.00306	0.00335	0.00584
18	0.00864	0.00657	0.00779	0.00561	0.00887	0.00500	0.00451	0.01026	0.00800	0.09993	0.00744	0.00822	0.00589	0.00294	0.00285	0.00061	0.00279	0.00236	0.00245	0.79926
19	0.00775	0.02891	0.68347	0.01117	0.04005	0.00858	0.10223	0.01170	0.00808	0.02521	0.03416	0.00881	0.00590	0.00362	0.00364	0.00118	0.00536	0.00307	0.00174	0.00538
20	0.00943	0.68772	0.17175	0.00743	0.01104	0.01340	0.03443	0.01126	0.00764	0.00939	0.00551	0.00643	0.00478	0.00324	0.00266	0.00088	0.00432	0.00220	0.00159	0.00490
21	0.85086	0.00713	0.00562	0.00497	0.00730	0.00818	0.00409	0.01128	0.00654	0.05917	0.00565	0.00637	0.00428	0.00350	0.00237	0.00115	0.00289	0.00210	0.00241	0.00414
22	0.00452	0.00323	0.00431	0.00517	0.00538	0.00301	0.00345	0.00517	0.00711	0.00948	0.02046	0.86713	0.02455	0.01163	0.00474	0.00151	0.00215	0.01055	0.00345	0.00301
23	0.00907	0.01184	0.36375	0.02650	0.10492	0.02648	0.01883	0.02133	0.00898	0.16649	0.12127	0.02738	0.04203	0.00481	0.00381	0.00118	0.00420	0.02926	0.00269	0.00518
24	0.00891	0.00821	0.01375	0.04446	0.72314	0.00820	0.01042	0.01100	0.00850	0.03277	0.02241	0.01137	0.06089	0.00383	0.00372	0.00112	0.00415	0.00367	0.01391	0.00559
25	0.01665	0.00632	0.00861	0.00660	0.00948	0.00546	0.00546	0.01809	0.01062	0.84897	0.01464	0.01263	0.00919	0.00459	0.00373	0.00115	0.00316	0.00373	0.00459	0.00632
26	0.00889	0.00857	0.01476	0.13175	0.71455	0.00876	0.03597	0.01116	0.00833	0.01178	0.00695	0.00930	0.00575	0.00335	0.00370	0.00112	0.00454	0.00334	0.00181	0.00562
27	0.00905	0.01057	0.18894	0.03635	0.42417	0.00823	0.11936	0.01169	0.00850	0.07913	0.00893	0.02185	0.03066	0.00388	0.00381	0.00117	0.00467	0.02145	0.00211	0.00551
28	0.00440	0.00376	0.00378	0.00378	0.00502	0.00314	0.00283	0.00536	0.00850	0.01013	0.05401	0.03556	0.82842	0.00936	0.00439	0.00125	0.00188	0.00781	0.00346	0.00314
29	0.89577	0.00718	0.00546	0.00488	0.00718	0.00833	0.00402	0.01091	0.00632	0.01665	0.00517	0.00603	0.00402	0.00345	0.00230	0.00115	0.00287	0.00201	0.00230	0.00402
30	0.00537	0.00360	0.00412	0.00415	0.00418	0.00361	0.00237	0.00543	0.00547	0.00732	0.01193	0.05230	0.01373	0.81383	0.04513	0.00360	0.00375	0.00553	0.00228	0.00231
31	0.00770	0.00660	0.00770	0.00550	0.00880	0.00495	0.00440	0.00935	0.00770	0.01210	0.00660	0.00770	0.00550	0.00275	0.00275	0.00055	0.00275	0.00220	0.00220	0.89224
32	0.00521	0.00379	0.00490	0.00463	0.00552	0.00348	0.00347	0.00693	0.01041	0.01465	0.80615	0.02811	0.07345	0.00767	0.00438	0.00117	0.00176	0.00677	0.00406	0.00348
33	0.00598	0.00427	0.00598	0.00684	0.00769	0.00427	0.00598	0.00769	0.00854	0.01111	0.01965	0.04187	0.02136	0.01025	0.00513	0.00171	0.00342	0.82141	0.00342	0.00342
34	0.00462	0.00377	0.00408	0.00400	0.00515	0.00323	0.00300	0.00577	0.00900	0.01131	0.25065	0.03361	0.63104	0.00892	0.00438	0.00123	0.00185	0.00754	0.00362	0.00323
35	0.00919	0.00882	0.01507	0.02278	0.84640	0.00882	0.01139	0.01139	0.00845	0.01213	0.00698	0.00919	0.00588	0.00331	0.00367	0.00110	0.00441	0.00331	0.00184	0.00588
36	0.01665	0.00632	0.00861	0.00660	0.00948	0.00546	0.00546	0.01809	0.01062	0.84897	0.01464	0.01263	0.00919	0.00459	0.00373	0.00115	0.00316	0.00373	0.00459	0.00632
37	0.01411	0.01040	0.01114	0.00854	0.01151	0.01151	0.00706	0.83402	0.01745	0.02339	0.00891	0.00891	0.00631	0.00446	0.00371	0.00111	0.00408	0.00334	0.00371	0.00631
38	0.00744	0.01920	0.85032	0.01058	0.01607	0.00862	0.01371	0.01176	0.00784	0.01176	0.00666	0.00784	0.00470	0.00353	0.00353	0.00118	0.00549	0.00274	0.00157	0.00549
39	0.89577	0.00718	0.00546	0.00488	0.00718	0.00833	0.00402	0.01091	0.00632	0.01665	0.00517	0.00603	0.00402	0.00345	0.00230	0.00115	0.00287	0.00201	0.00230	0.00402
40	0.89577	0.00718	0.00546	0.00488	0.00718	0.00833	0.00402	0.01091	0.00632	0.01665	0.00517	0.00603	0.00402	0.00345	0.00230	0.00115	0.00287	0.00201	0.00230	0.00402
41	0.89577	0.00718	0.00546	0.00488	0.00718	0.00833	0.00402	0.01091	0.00632	0.01665	0.00517	0.00603	0.00402	0.00345	0.00230	0.00115	0.00287	0.00201	0.00230	0.00402
42	0.89577	0.00718	0.00546	0.00488	0.00718	0.00833	0.00402	0.01091	0.00632	0.01665	0.00517	0.00603	0.00402	0.00345	0.00230	0.00115	0.00287	0.00201	0.00230	0.00402
43	0.00919	0.00882	0.01507	0.02278	0.84640	0.00882	0.01139	0.01139	0.00845	0.01213	0.00698	0.00919	0.00588	0.00331	0.00367	0.00110	0.00441	0.00331	0.00184	0.00588
44	0.89577	0.00718	0.00546	0.00488	0.00718	0.00833	0.00402	0.01091	0.00632	0.01665	0.00517	0.00603	0.00402	0.00345	0.00230	0.00115	0.00287	0.00201	0.00230	0.00402
45	0.00439	0.00376	0.00376	0.00376	0.00501	0.00313	0.00282	0.00533	0.00846	0.01003	0.03760	0.03572	0.84489	0.00940	0.00439	0.00125	0.00188	0.00783	0.00345	0.00313
46	0.00701	0.00660	0.01113	0.86063	0.02556	0.00825	0.01031	0.00948	0.00742	0.00948	0.00660	0.00990	0.00495	0.00371	0.00371	0.00124	0.00495	0.00330	0.00165	0.00412
47	0.00908	0.00901	0.01630	0.03302	0.67916	0.00892	0.16623	0.01146	0.00850	0.01205	0.00708	0.00935	0.00582	0.00328	0.00381	0.00113	0.00477	0.00351	0.00184	0.00569
48	0.00581	0.00392	0.00514	0.00476	0.00574	0.00360	0.00360	0.00755	0.01051	0.05568	0.80386	0.02699	0.03376	0.00744	0.00435	0.00117	0.00182	0.00657	0.00411	0.00364
49	0.00811	0.24992	0.52974	0.00913	0.01351	0.01015	0.02145	0.01151	0.03008	0.01109	0.04343	0.00840	0.00625	0.00373	0.00352	0.00109	0.02920	0.00279	0.00175	0.00517
