[name]
unknown

[dist]
# distance from previous block
# <min> <max>
5	12

[block]
# block no. 0 follows, 69 sequences, length 18
# corresponding to MSA columns:
# 12-29
name=unknown_A
#
# <colnr> <probs for GDERKNQSTAVLIFYWHMCP>
#	G	D	E	R	K	N	Q	S	T	A	V	L	I	F	Y	W	H	M	C	P
0	0.00827	0.15006	0.71566	0.01049	0.01591	0.01009	0.01329	0.01231	0.00823	0.01192	0.00679	0.00797	0.00498	0.00367	0.00354	0.00118	0.00555	0.00277	0.00166	0.00568
1	0.00917	0.44119	0.43244	0.00895	0.01353	0.01230	0.01061	0.01208	0.00812	0.01082	0.00625	0.00729	0.00500	0.00354	0.00312	0.00104	0.00500	0.00250	0.00167	0.00541
2	0.00487	0.00348	0.00463	0.00540	0.00571	0.00324	0.00365	0.00568	0.00792	0.01067	0.11634	0.76304	0.02722	0.01179	0.00496	0.00155	0.00223	0.01067	0.00372	0.00324
3	0.00478	0.00341	0.00455	0.00546	0.00569	0.00318	0.00364	0.00546	0.00751	0.01001	0.02161	0.85966	0.02593	0.01228	0.00500	0.00159	0.00227	0.01114	0.00364	0.00318
4	0.00894	0.36908	0.50259	0.00933	0.01411	0.01175	0.01127	0.01214	0.00815	0.01110	0.00638	0.00746	0.00499	0.00357	0.00323	0.00108	0.00513	0.00257	0.00166	0.00548
5	0.00560	0.00420	0.00630	0.00630	0.00700	0.00490	0.00490	0.00700	0.00630	0.00910	0.01050	0.01540	0.00980	0.02940	0.84669	0.00630	0.01050	0.00420	0.00210	0.00350
6	0.01490	0.01098	0.01177	0.00902	0.01216	0.01216	0.00745	0.82470	0.01843	0.02471	0.00941	0.00941	0.00667	0.00471	0.00392	0.00118	0.00431	0.00353	0.00392	0.00667
7	0.01025	0.78999	0.09311	0.00710	0.01067	0.01495	0.00740	0.01180	0.00799	0.00951	0.00559	0.00646	0.00503	0.00339	0.00262	0.00087	0.00433	0.00217	0.00168	0.00510
8	0.01221	0.01235	0.04033	0.00862	0.01109	0.27430	0.00702	0.29570	0.03583	0.01554	0.01148	0.01190	0.10259	0.00507	0.00438	0.00113	0.06077	0.00365	0.00292	0.08311
9	0.00817	0.11853	0.74633	0.01065	0.01616	0.00985	0.01358	0.01234	0.00824	0.01204	0.00685	0.00805	0.00497	0.00368	0.00358	0.00119	0.00561	0.00280	0.00166	0.00571
10	0.00852	0.14359	0.46596	0.01170	0.01647	0.01008	0.23275	0.01211	0.00852	0.01191	0.00822	0.00967	0.03535	0.00378	0.00382	0.00121	0.00564	0.00344	0.00182	0.00545
11	0.00923	0.02783	0.24305	0.00835	0.01149	0.11113	0.07459	0.01157	0.00954	0.13153	0.08590	0.01858	0.22898	0.00589	0.00410	0.00123	0.00429	0.00490	0.00294	0.00488
12	0.01078	0.00797	0.03121	0.00659	0.00869	0.14057	0.01926	0.01261	0.05140	0.26760	0.07713	0.02176	0.28233	0.03859	0.00476	0.00132	0.00353	0.00542	0.00369	0.00479
13	0.00792	0.00756	0.01324	0.10834	0.01440	0.03636	0.31794	0.01029	0.00963	0.03653	0.27602	0.07289	0.01728	0.00554	0.00443	0.00126	0.00437	0.00552	0.00292	0.04757
14	0.00836	0.00708	0.01107	0.00857	0.01087	0.00681	0.18674	0.02942	0.02413	0.06827	0.24794	0.01654	0.04963	0.00543	0.00512	0.00117	0.10261	0.00476	0.00304	0.20244
15	0.02175	0.13199	0.11613	0.01024	0.10778	0.00916	0.08466	0.05085	0.15785	0.06272	0.07818	0.01211	0.02480	0.00437	0.00370	0.00111	0.00403	0.00375	0.00279	0.11204
16	0.01255	0.14116	0.01241	0.00883	0.03475	0.09319	0.05755	0.13569	0.22373	0.17851	0.01109	0.01084	0.00813	0.00440	0.00368	0.00113	0.00414	0.00353	0.00333	0.05137
17	0.03185	0.03794	0.07440	0.00930	0.07956	0.01988	0.01964	0.16729	0.26626	0.09698	0.04567	0.11089	0.01174	0.00565	0.00400	0.00127	0.00369	0.00475	0.00351	0.00573

[dist]
# distance from previous block
# <min> <max>
1	34

[block]
# block no. 1 follows, 69 sequences, length 40
# corresponding to MSA columns:
# 64-103
name=unknown_B
#
# <colnr> <probs for GDERKNQSTAVLIFYWHMCP>
#	G	D	E	R	K	N	Q	S	T	A	V	L	I	F	Y	W	H	M	C	P
0	0.05368	0.13757	0.15621	0.01181	0.20863	0.00943	0.00891	0.01508	0.14232	0.20301	0.01019	0.01042	0.00746	0.00413	0.00361	0.00117	0.00415	0.00337	0.00288	0.00597
1	0.11825	0.23464	0.22589	0.00848	0.01213	0.09779	0.00857	0.16148	0.03164	0.05632	0.00743	0.00803	0.00564	0.00393	0.00329	0.00110	0.00471	0.00277	0.00243	0.00549
2	0.17220	0.09033	0.06918	0.00853	0.01175	0.02485	0.12088	0.08304	0.05321	0.31251	0.01041	0.01030	0.00720	0.00419	0.00361	0.00119	0.00413	0.00343	0.00331	0.00576
3	0.01127	0.56496	0.04001	0.00927	0.09921	0.07915	0.00766	0.12592	0.00979	0.01189	0.00630	0.00721	0.00539	0.00362	0.00297	0.00094	0.00453	0.00250	0.00205	0.00537
4	0.00960	0.00899	0.01476	0.13812	0.61622	0.00928	0.02362	0.05453	0.03719	0.01316	0.00771	0.00993	0.00628	0.00366	0.00388	0.00118	0.00464	0.00351	0.00210	0.03166
5	0.00991	0.03467	0.01624	0.09915	0.55880	0.05325	0.12500	0.01228	0.00901	0.03326	0.00749	0.00975	0.00607	0.00357	0.00393	0.00118	0.00506	0.00357	0.00200	0.00580
6	0.61247	0.03299	0.05212	0.00620	0.00863	0.12581	0.00528	0.01177	0.00783	0.01579	0.08358	0.00872	0.00749	0.00410	0.00286	0.00118	0.00367	0.00269	0.00248	0.00434
7	0.01368	0.01148	0.01160	0.01007	0.07915	0.12803	0.00755	0.54823	0.03629	0.02029	0.00871	0.00912	0.00646	0.00436	0.00377	0.00110	0.00456	0.00330	0.00335	0.08890
8	0.00729	0.00555	0.00731	0.00684	0.00802	0.00637	0.00538	0.12279	0.08540	0.01197	0.01086	0.01449	0.00957	0.02368	0.64956	0.00512	0.00894	0.00413	0.00253	0.00420
9	0.00631	0.12448	0.00733	0.00523	0.00647	0.00532	0.00412	0.00794	0.01025	0.02616	0.60523	0.10407	0.05698	0.00778	0.00435	0.00121	0.00224	0.00676	0.00387	0.00387
10	0.59064	0.00722	0.00659	0.00569	0.00808	0.00794	0.00464	0.03387	0.05129	0.15678	0.08576	0.01021	0.00871	0.00437	0.00301	0.00122	0.00301	0.00305	0.00313	0.00477
11	0.07878	0.00623	0.00785	0.00656	0.00849	0.02697	0.11859	0.08443	0.00997	0.01329	0.11401	0.02703	0.46752	0.00764	0.00436	0.00128	0.00305	0.00654	0.00337	0.00405
12	0.00723	0.00681	0.00933	0.00845	0.00863	0.00891	0.00678	0.00805	0.00667	0.00969	0.01264	0.23092	0.08854	0.00855	0.01006	0.00165	0.55491	0.00588	0.00239	0.00391
13	0.01251	0.00842	0.01089	0.00836	0.01130	0.00837	0.10241	0.30450	0.05805	0.21104	0.01503	0.01460	0.12365	0.00517	0.00402	0.00118	0.00383	0.00436	0.00373	0.08859
14	0.00919	0.00781	0.00843	0.00746	0.00970	0.00856	0.00578	0.03858	0.61728	0.01551	0.01506	0.09293	0.01228	0.00562	0.00393	0.00125	0.00303	0.00474	0.00372	0.12915
15	0.60465	0.08877	0.00847	0.00617	0.00882	0.01014	0.00519	0.17963	0.02989	0.01824	0.00654	0.00720	0.00501	0.00387	0.00278	0.00117	0.00341	0.00247	0.00270	0.00487
16	0.00657	0.00447	0.00498	0.00472	0.00502	0.00459	0.00285	0.08260	0.00690	0.00921	0.01208	0.02413	0.01354	0.78171	0.01845	0.00355	0.00385	0.00550	0.00252	0.00278
17	0.00923	0.00900	0.01479	0.21017	0.58280	0.03621	0.03548	0.01158	0.00870	0.01197	0.00733	0.00996	0.00603	0.00425	0.02504	0.00132	0.00507	0.00351	0.00190	0.00564
18	0.01002	0.78380	0.01921	0.00667	0.00977	0.01452	0.00654	0.01129	0.00781	0.00921	0.00592	0.00714	0.00548	0.00580	0.08178	0.00135	0.00478	0.00229	0.00172	0.00489
19	0.00567	0.00379	0.00429	0.00432	0.00432	0.00378	0.00242	0.00569	0.00576	0.00768	0.01267	0.05401	0.01465	0.83333	0.01945	0.00373	0.00375	0.00589	0.00242	0.00240
20	0.00504	0.00360	0.00485	0.00576	0.00611	0.00341	0.00410	0.00592	0.00777	0.01031	0.02146	0.71907	0.02535	0.01203	0.00507	0.00163	0.00250	0.14912	0.00363	0.00326
21	0.00478	0.00341	0.00455	0.00546	0.00569	0.00318	0.00364	0.00546	0.00751	0.01001	0.02161	0.85966	0.02593	0.01228	0.00500	0.00159	0.00227	0.01114	0.00364	0.00318
22	0.00960	0.00945	0.03157	0.04836	0.79808	0.00929	0.01204	0.01198	0.00888	0.01272	0.00736	0.00970	0.00616	0.00351	0.00388	0.00117	0.00470	0.00348	0.00193	0.00615
23	0.00866	0.03645	0.03009	0.00603	0.00955	0.00570	0.00502	0.01045	0.00828	0.05282	0.00733	0.00832	0.00595	0.00303	0.00296	0.00064	0.00304	0.00241	0.00241	0.79085
24	0.00754	0.01800	0.72476	0.01030	0.01541	0.00835	0.01297	0.01171	0.00867	0.01288	0.12306	0.01122	0.00945	0.00433	0.00385	0.00124	0.00524	0.00348	0.00203	0.00550
25	0.00478	0.00341	0.00455	0.00546	0.00569	0.00318	0.00364	0.00546	0.00751	0.01001	0.02161	0.85966	0.02593	0.01228	0.00500	0.00159	0.00227	0.01114	0.00364	0.00318
26	0.00997	0.00686	0.00779	0.00681	0.00867	0.00707	0.00531	0.31720	0.03669	0.09318	0.03236	0.26545	0.15059	0.00803	0.00441	0.00135	0.00315	0.02630	0.00388	0.00495
27	0.00773	0.00730	0.01234	0.73676	0.14052	0.00879	0.01105	0.01030	0.00799	0.01041	0.00702	0.01035	0.00536	0.00386	0.00391	0.00129	0.00515	0.00349	0.00177	0.00461
28	0.01759	0.00667	0.00910	0.00698	0.01001	0.00576	0.00576	0.01911	0.01122	0.84048	0.01547	0.01334	0.00970	0.00485	0.00394	0.00121	0.00334	0.00394	0.00485	0.00667
29	0.00465	0.00389	0.00405	0.00418	0.00535	0.00329	0.00307	0.00560	0.00874	0.01051	0.03718	0.15281	0.72273	0.01026	0.00469	0.00136	0.00203	0.00868	0.00364	0.00329
30	0.19023	0.00639	0.00626	0.03112	0.02861	0.07388	0.00481	0.00937	0.00904	0.06398	0.12637	0.02554	0.28290	0.00737	0.00411	0.00132	0.00307	0.11830	0.00332	0.00401
31	0.01048	0.86458	0.02054	0.00671	0.01006	0.01551	0.00671	0.01174	0.00797	0.00922	0.00545	0.00629	0.00503	0.00335	0.00252	0.00084	0.00419	0.00210	0.00168	0.00503
32	0.00693	0.00370	0.00370	0.00370	0.00467	0.00361	0.00277	0.00864	0.00832	0.01405	0.01656	0.01785	0.12572	0.00532	0.00301	0.00097	0.00185	0.00430	0.76072	0.00361
33	0.76641	0.00936	0.12284	0.00600	0.00890	0.00884	0.00568	0.01165	0.00690	0.01686	0.00568	0.00664	0.00435	0.00365	0.00261	0.00122	0.00342	0.00223	0.00232	0.00446
34	0.00570	0.00380	0.00428	0.00428	0.00428	0.00380	0.00238	0.00570	0.00570	0.00760	0.01235	0.02566	0.01425	0.86222	0.01995	0.00380	0.00380	0.00570	0.00238	0.00238
35	0.00786	0.02028	0.84191	0.01117	0.01697	0.00910	0.01448	0.01242	0.00828	0.01242	0.00704	0.00828	0.00497	0.00372	0.00372	0.00124	0.00579	0.00290	0.00166	0.00579
36	0.00858	0.00858	0.01201	0.01029	0.01029	0.01201	0.00858	0.00943	0.00600	0.00943	0.00515	0.00858	0.00515	0.00686	0.01287	0.00172	0.85505	0.00343	0.00172	0.00429
37	0.00813	0.00697	0.00813	0.00581	0.00929	0.00523	0.00465	0.00987	0.00813	0.01277	0.00697	0.00813	0.00581	0.00290	0.00290	0.00058	0.00290	0.00232	0.00232	0.88619
38	0.01490	0.01098	0.01177	0.00902	0.01216	0.01216	0.00745	0.82470	0.01843	0.02471	0.00941	0.00941	0.00667	0.00471	0.00392	0.00118	0.00431	0.00353	0.00392	0.00667
39	0.00786	0.02028	0.84191	0.01117	0.01697	0.00910	0.01448	0.01242	0.00828	0.01242	0.00704	0.00828	0.00497	0.00372	0.00372	0.00124	0.00579	0.00290	0.00166	0.00579

[dist]
# distance from previous block
# <min> <max>
0	3

[block]
# block no. 2 follows, 69 sequences, length 132
# corresponding to MSA columns:
# 107-238
name=unknown_C
#
# <colnr> <probs for GDERKNQSTAVLIFYWHMCP>
#	G	D	E	R	K	N	Q	S	T	A	V	L	I	F	Y	W	H	M	C	P
0	0.00861	0.00730	0.04093	0.00861	0.01017	0.00758	0.11603	0.03897	0.00957	0.10257	0.33455	0.01801	0.01858	0.00648	0.00680	0.00138	0.24051	0.01557	0.00321	0.00458
1	0.00980	0.00599	0.00653	0.00586	0.00760	0.00638	0.00456	0.01525	0.33416	0.13819	0.01444	0.01443	0.01076	0.00491	0.00341	0.00112	0.00256	0.00400	0.40494	0.00511
2	0.00465	0.00391	0.00404	0.00414	0.00534	0.00330	0.00305	0.00561	0.00878	0.01053	0.03769	0.12981	0.74541	0.01019	0.00467	0.00135	0.00202	0.00860	0.00364	0.00330
3	0.00813	0.00697	0.00813	0.00581	0.00929	0.00523	0.00465	0.00987	0.00813	0.01277	0.00697	0.00813	0.00581	0.00290	0.00290	0.00058	0.00290	0.00232	0.00232	0.88619
4	0.00925	0.01058	0.02313	0.01652	0.02049	0.00991	0.82353	0.01256	0.00925	0.01256	0.00793	0.01058	0.00595	0.00330	0.00463	0.00132	0.00661	0.00463	0.00198	0.00529
5	0.01520	0.01050	0.01147	0.00879	0.01192	0.01144	0.00726	0.73445	0.01762	0.11610	0.01009	0.00985	0.00701	0.00472	0.00392	0.00118	0.00420	0.00358	0.00403	0.00667
6	0.00502	0.00444	0.00431	0.00440	0.00560	0.03428	0.00324	0.00597	0.00882	0.01048	0.03603	0.14751	0.69630	0.01003	0.00464	0.00135	0.00221	0.00845	0.00358	0.00334
7	0.00660	0.00590	0.00793	0.00754	0.00786	0.00728	0.00589	0.00768	0.02592	0.01003	0.01624	0.34397	0.10712	0.00942	0.00841	0.00162	0.37735	0.03668	0.00280	0.00377
8	0.88991	0.00758	0.00576	0.00516	0.00758	0.00879	0.00425	0.01152	0.00667	0.01759	0.00546	0.00637	0.00425	0.00364	0.00243	0.00121	0.00303	0.00212	0.00243	0.00425
9	0.00971	0.00890	0.00923	0.10267	0.01207	0.07455	0.00674	0.01872	0.64458	0.01513	0.04430	0.01411	0.01159	0.00516	0.00397	0.00130	0.00360	0.00428	0.00360	0.00578
10	0.01048	0.86458	0.02054	0.00671	0.01006	0.01551	0.00671	0.01174	0.00797	0.00922	0.00545	0.00629	0.00503	0.00335	0.00252	0.00084	0.00419	0.00210	0.00168	0.00503
11	0.00544	0.00400	0.00508	0.00481	0.00579	0.00365	0.00361	0.00718	0.01083	0.01508	0.73694	0.03033	0.13615	0.00825	0.00463	0.00124	0.00187	0.00724	0.00423	0.00365
12	0.00479	0.00343	0.00457	0.00545	0.00569	0.00320	0.00364	0.00550	0.00759	0.01014	0.04091	0.83997	0.02619	0.01218	0.00499	0.00158	0.00226	0.01105	0.00366	0.00320
13	0.00731	0.00365	0.00365	0.00365	0.00457	0.00365	0.00274	0.00913	0.00822	0.01462	0.01279	0.01462	0.01005	0.00457	0.00274	0.00091	0.00183	0.00365	0.88399	0.00365
14	0.00925	0.01058	0.02313	0.01652	0.02049	0.00991	0.82353	0.01256	0.00925	0.01256	0.00793	0.01058	0.00595	0.00330	0.00463	0.00132	0.00661	0.00463	0.00198	0.00529
15	0.11531	0.00677	0.00872	0.00677	0.00974	0.00610	0.00559	0.01826	0.01071	0.74830	0.01435	0.01256	0.00909	0.00472	0.00377	0.00121	0.00330	0.00374	0.00458	0.00640
16	0.00970	0.00931	0.01591	0.02406	0.83777	0.00931	0.01203	0.01203	0.00893	0.01281	0.00737	0.00970	0.00621	0.00349	0.00388	0.00116	0.00466	0.00349	0.00194	0.00621
17	0.01498	0.01086	0.01169	0.00896	0.01209	0.01197	0.00740	0.80118	0.01822	0.04852	0.00959	0.00953	0.00676	0.00471	0.00392	0.00118	0.00429	0.00354	0.00395	0.00667
18	0.88991	0.00758	0.00576	0.00516	0.00758	0.00879	0.00425	0.01152	0.00667	0.01759	0.00546	0.00637	0.00425	0.00364	0.00243	0.00121	0.00303	0.00212	0.00243	0.00425
19	0.00593	0.00428	0.00538	0.00584	0.00642	0.00420	0.00407	0.09729	0.00883	0.01182	0.04401	0.74017	0.02409	0.01131	0.00487	0.00154	0.00249	0.01017	0.00369	0.00359
20	0.88991	0.00758	0.00576	0.00516	0.00758	0.00879	0.00425	0.01152	0.00667	0.01759	0.00546	0.00637	0.00425	0.00364	0.00243	0.00121	0.00303	0.00212	0.00243	0.00425
21	0.00970	0.00931	0.01591	0.02406	0.83777	0.00931	0.01203	0.01203	0.00893	0.01281	0.00737	0.00970	0.00621	0.00349	0.00388	0.00116	0.00466	0.00349	0.00194	0.00621
22	0.00975	0.00842	0.00886	0.00798	0.01019	0.00975	0.00621	0.02083	0.83069	0.01640	0.01596	0.01463	0.01197	0.00532	0.00399	0.00133	0.00310	0.00443	0.00399	0.00621
23	0.01759	0.00667	0.00910	0.00698	0.01001	0.00576	0.00576	0.01911	0.01122	0.84048	0.01547	0.01334	0.00970	0.00485	0.00394	0.00121	0.00334	0.00394	0.00485	0.00667
24	0.00545	0.00400	0.00510	0.00482	0.00579	0.00366	0.00362	0.00720	0.01086	0.01515	0.74653	0.03023	0.12652	0.00823	0.00462	0.00124	0.00186	0.00722	0.00424	0.00366
25	0.00570	0.00380	0.00428	0.00428	0.00428	0.00380	0.00238	0.00570	0.00570	0.00760	0.01235	0.02566	0.01425	0.86222	0.01995	0.00380	0.00380	0.00570	0.00238	0.00238
26	0.00545	0.00400	0.00510	0.00482	0.00579	0.00366	0.00362	0.00720	0.01086	0.01515	0.74653	0.03023	0.12652	0.00823	0.00462	0.00124	0.00186	0.00722	0.00424	0.00366
27	0.00478	0.00341	0.00455	0.00546	0.00569	0.00318	0.00364	0.00546	0.00751	0.01001	0.02161	0.85966	0.02593	0.01228	0.00500	0.00159	0.00227	0.01114	0.00364	0.00318
28	0.01497	0.01088	0.01170	0.00897	0.01211	0.01201	0.00741	0.80559	0.01826	0.04405	0.00956	0.00951	0.00674	0.00471	0.00392	0.00118	0.00429	0.00354	0.00394	0.00667
29	0.00987	0.00848	0.00893	0.00800	0.01024	0.00980	0.00623	0.03882	0.81251	0.01659	0.01581	0.01451	0.01185	0.00531	0.00399	0.00133	0.00313	0.00441	0.00399	0.00622
30	0.00478	0.00341	0.00455	0.00546	0.00569	0.00318	0.00364	0.00546	0.00751	0.01001	0.02161	0.85966	0.02593	0.01228	0.00500	0.00159	0.00227	0.01114	0.00364	0.00318
31	0.00957	0.01106	0.02242	0.01614	0.01999	0.05982	0.77485	0.01274	0.00936	0.01238	0.00782	0.01037	0.00589	0.00335	0.00456	0.00130	0.00664	0.00450	0.00199	0.00524
32	0.00981	0.01140	0.02153	0.03496	0.01970	0.10360	0.71350	0.01285	0.00943	0.01217	0.00770	0.01018	0.00583	0.00340	0.00449	0.00129	0.00663	0.00436	0.00198	0.00518
33	0.00475	0.00353	0.00442	0.00513	0.00560	0.00321	0.00350	0.00550	0.00782	0.01013	0.02555	0.68064	0.20240	0.01177	0.00492	0.00153	0.00221	0.01052	0.00364	0.00321
34	0.01041	0.59750	0.18712	0.00800	0.01170	0.10730	0.00839	0.01232	0.00838	0.00992	0.00584	0.00678	0.00502	0.00351	0.00288	0.00094	0.00484	0.00231	0.00171	0.00513
35	0.00817	0.00656	0.00777	0.00582	0.00892	0.00502	0.00458	0.00978	0.00819	0.04857	0.00898	0.10375	0.00823	0.00404	0.00318	0.00072	0.00285	0.00338	0.00258	0.74890
36	0.00618	0.00473	0.00565	0.00525	0.00646	0.00459	0.00398	0.03726	0.09995	0.01527	0.58731	0.02838	0.16415	0.00792	0.00453	0.00126	0.00209	0.00687	0.00416	0.00401
37	0.00864	0.09863	0.01044	0.10122	0.01179	0.00690	0.03566	0.01048	0.00822	0.03858	0.00711	0.00845	0.00579	0.00314	0.00307	0.00074	0.00345	0.00257	0.00226	0.63284
38	0.88991	0.00758	0.00576	0.00516	0.00758	0.00879	0.00425	0.01152	0.00667	0.01759	0.00546	0.00637	0.00425	0.00364	0.00243	0.00121	0.00303	0.00212	0.00243	0.00425
39	0.00790	0.02008	0.82669	0.01141	0.03209	0.00911	0.01444	0.01241	0.00829	0.01242	0.00704	0.00830	0.00499	0.00372	0.00373	0.00124	0.00577	0.00291	0.00166	0.00580
40	0.00532	0.00399	0.00481	0.00460	0.00565	0.00358	0.00345	0.00691	0.01035	0.01412	0.56893	0.03143	0.27993	0.00850	0.00457	0.00125	0.00189	0.00735	0.02979	0.00358
41	0.01517	0.01054	0.01150	0.00881	0.01194	0.01151	0.00728	0.74315	0.01770	0.10729	0.01003	0.00981	0.00697	0.00472	0.00392	0.00118	0.00421	0.00357	0.00402	0.00667
42	0.00707	0.00536	0.00620	0.00575	0.00708	0.00560	0.00438	0.01182	0.26875	0.01581	0.48549	0.02303	0.02610	0.00678	0.00421	0.00123	0.00224	0.00587	0.10276	0.00448
43	0.00672	0.00420	0.00551	0.00537	0.00639	0.00384	0.00404	0.00821	0.01005	0.10629	0.46488	0.21937	0.07329	0.00891	0.00468	0.00135	0.00223	0.05664	0.00414	0.00389
44	0.00555	0.00401	0.00524	0.00493	0.00586	0.00370	0.00370	0.00740	0.01110	0.01572	0.83570	0.02928	0.03699	0.00801	0.00462	0.00123	0.00185	0.00709	0.00432	0.00370
45	0.00473	0.00381	0.00423	0.00452	0.00548	0.00330	0.00326	0.00566	0.00855	0.01057	0.05486	0.29364	0.54838	0.01063	0.00476	0.00141	0.00210	0.02316	0.00366	0.00329
46	0.00731	0.00365	0.00365	0.00365	0.00457	0.00365	0.00274	0.00913	0.00822	0.01462	0.01279	0.01462	0.01005	0.00457	0.00274	0.00091	0.00183	0.00365	0.88399	0.00365
47	0.01037	0.01156	0.01174	0.01024	0.01083	0.25831	0.00828	0.01127	0.00751	0.00948	0.00542	0.00813	0.00512	0.00603	0.01011	0.00151	0.60476	0.00316	0.00181	0.00436
48	0.01251	0.00822	0.00925	0.00782	0.01036	0.00891	0.00622	0.11041	0.51148	0.24682	0.01509	0.01369	0.01074	0.00512	0.00397	0.00128	0.00330	0.00419	0.00422	0.00639
49	0.00740	0.00697	0.01176	0.85280	0.02700	0.00871	0.01089	0.01002	0.00784	0.01002	0.00697	0.01045	0.00523	0.00392	0.00392	0.00131	0.00523	0.00348	0.00174	0.00436
50	0.00786	0.02028	0.84191	0.01117	0.01697	0.00910	0.01448	0.01242	0.00828	0.01242	0.00704	0.00828	0.00497	0.00372	0.00372	0.00124	0.00579	0.00290	0.00166	0.00579
51	0.00478	0.00341	0.00455	0.00546	0.00569	0.00318	0.00364	0.00546	0.00751	0.01001	0.02161	0.85966	0.02593	0.01228	0.00500	0.00159	0.00227	0.01114	0.00364	0.00318
52	0.01759	0.00667	0.00910	0.00698	0.01001	0.00576	0.00576	0.01911	0.01122	0.84048	0.01547	0.01334	0.00970	0.00485	0.00394	0.00121	0.00334	0.00394	0.00485	0.00667
53	0.00561	0.00417	0.00613	0.00613	0.00678	0.00481	0.00469	0.00689	0.00625	0.00898	0.01065	0.01624	0.01017	0.09775	0.77884	0.00610	0.00995	0.00432	0.00212	0.00341
54	0.00925	0.01058	0.02313	0.01652	0.02049	0.00991	0.82353	0.01256	0.00925	0.01256	0.00793	0.01058	0.00595	0.00330	0.00463	0.00132	0.00661	0.00463	0.00198	0.00529
55	0.00474	0.00398	0.00411	0.00408	0.00536	0.00335	0.00306	0.00582	0.00918	0.01117	0.12889	0.03678	0.74665	0.00971	0.00463	0.00131	0.00197	0.00814	0.00372	0.00335
56	0.00889	0.00893	0.01280	0.47948	0.27350	0.10263	0.01073	0.01121	0.00857	0.01088	0.00739	0.01083	0.00601	0.00400	0.00391	0.00124	0.00521	0.02696	0.00189	0.00492
57	0.01395	0.01859	0.10414	0.01015	0.01261	0.73352	0.00831	0.01537	0.01079	0.02884	0.00638	0.00735	0.00515	0.00402	0.00357	0.00104	0.00684	0.00260	0.00204	0.00473
58	0.00786	0.02028	0.84191	0.01117	0.01697	0.00910	0.01448	0.01242	0.00828	0.01242	0.00704	0.00828	0.00497	0.00372	0.00372	0.00124	0.00579	0.00290	0.00166	0.00579
59	0.00560	0.00420	0.00630	0.00630	0.00700	0.00490	0.00490	0.00700	0.00630	0.00910	0.01050	0.01540	0.00980	0.02940	0.84669	0.00630	0.01050	0.00420	0.00210	0.00350
60	0.01076	0.03808	0.00945	0.00897	0.10184	0.00675	0.03492	0.08541	0.08991	0.24957	0.03363	0.28467	0.01478	0.00708	0.00427	0.00133	0.00332	0.00624	0.00374	0.00528
61	0.00766	0.00723	0.01222	0.75996	0.11783	0.00878	0.01102	0.01024	0.00796	0.01033	0.00701	0.01037	0.00534	0.00387	0.00392	0.00129	0.00516	0.00349	0.00176	0.00456
62	0.00570	0.00380	0.00428	0.00428	0.00428	0.00380	0.00238	0.00570	0.00570	0.00760	0.01235	0.02566	0.01425	0.86222	0.01995	0.00380	0.00380	0.00570	0.00238	0.00238
63	0.01496	0.01088	0.01170	0.00897	0.01211	0.01201	0.00741	0.80634	0.01827	0.04330	0.00955	0.00950	0.00674	0.00471	0.00392	0.00118	0.00429	0.00354	0.00394	0.00667
64	0.00970	0.00931	0.01591	0.02406	0.83777	0.00931	0.01203	0.01203	0.00893	0.01281	0.00737	0.00970	0.00621	0.00349	0.00388	0.00116	0.00466	0.00349	0.00194	0.00621
65	0.00560	0.00420	0.00630	0.00630	0.00700	0.00490	0.00490	0.00700	0.00630	0.00910	0.01050	0.01540	0.00980	0.02940	0.84669	0.00630	0.01050	0.00420	0.00210	0.00350
66	0.00613	0.00438	0.00610	0.00700	0.00782	0.00435	0.00599	0.00779	0.00884	0.01152	0.02086	0.14479	0.02298	0.01101	0.00536	0.00178	0.00345	0.71269	0.00361	0.00356
67	0.00784	0.00664	0.00781	0.00571	0.00891	0.00505	0.00454	0.00959	0.00846	0.01310	0.09981	0.01050	0.00930	0.00348	0.00310	0.00065	0.00279	0.00286	0.00255	0.78733
68	0.01017	0.71306	0.14888	0.00748	0.01119	0.03355	0.00795	0.01193	0.00809	0.00973	0.00571	0.00662	0.00502	0.00343	0.00273	0.00091	0.00451	0.00223	0.00168	0.00514
69	0.00590	0.00404	0.00530	0.00507	0.00599	0.00372	0.00377	0.00761	0.01070	0.04539	0.71436	0.12172	0.03475	0.00838	0.00464	0.00127	0.00195	0.00743	0.00426	0.00375
70	0.00853	0.00809	0.01341	0.19861	0.55203	0.00838	0.01057	0.01074	0.00870	0.01191	0.01165	0.01364	0.11799	0.00445	0.00399	0.00122	0.00442	0.00414	0.00213	0.00542
71	0.00975	0.00842	0.00886	0.00798	0.01019	0.00975	0.00621	0.02083	0.83069	0.01640	0.01596	0.01463	0.01197	0.00532	0.00399	0.00133	0.00310	0.00443	0.00399	0.00621
72	0.08561	0.07437	0.20547	0.00774	0.01117	0.00787	0.00768	0.08653	0.01053	0.35016	0.10325	0.01248	0.01057	0.00472	0.00373	0.00119	0.00387	0.00372	0.00352	0.00581
73	0.00690	0.00431	0.00567	0.00516	0.00632	0.00393	0.00393	0.00871	0.01111	0.10812	0.74381	0.02750	0.03393	0.00766	0.00455	0.00123	0.00202	0.00674	0.00438	0.00403
74	0.00673	0.00463	0.00524	0.00493	0.00532	0.00480	0.00310	0.09753	0.00716	0.00961	0.01191	0.02321	0.01313	0.71551	0.06843	0.00366	0.00427	0.00537	0.00253	0.00292
75	0.00549	0.00417	0.00604	0.00604	0.00681	0.00472	0.00469	0.00685	0.00660	0.00927	0.01377	0.01790	0.10238	0.02722	0.75235	0.00574	0.00955	0.00466	0.00227	0.00348
76	0.88991	0.00758	0.00576	0.00516	0.00758	0.00879	0.00425	0.01152	0.00667	0.01759	0.00546	0.00637	0.00425	0.00364	0.00243	0.00121	0.00303	0.00212	0.00243	0.00425
77	0.88991	0.00758	0.00576	0.00516	0.00758	0.00879	0.00425	0.01152	0.00667	0.01759	0.00546	0.00637	0.00425	0.00364	0.00243	0.00121	0.00303	0.00212	0.00243	0.00425
78	0.00900	0.00754	0.00814	0.00731	0.00929	0.00849	0.00568	0.05168	0.61315	0.01645	0.17522	0.01793	0.04114	0.00595	0.00413	0.00130	0.00288	0.00502	0.00404	0.00565
79	0.00995	0.17203	0.03237	0.00746	0.02809	0.04802	0.02772	0.13190	0.00982	0.01371	0.00704	0.00802	0.00574	0.00335	0.00310	0.00079	0.00376	0.00257	0.00239	0.48216
80	0.00528	0.00448	0.00506	0.00482	0.00619	0.00409	0.02213	0.00720	0.07090	0.01148	0.10941	0.03336	0.62397	0.01039	0.05340	0.00161	0.00267	0.01633	0.00360	0.00362
81	0.01153	0.01850	0.01420	0.05200	0.38834	0.06411	0.09553	0.06887	0.08531	0.14799	0.00955	0.01064	0.00718	0.00400	0.00395	0.00120	0.00466	0.00370	0.00273	0.00602
82	0.01061	0.04749	0.01457	0.15582	0.45068	0.14264	0.04638	0.01272	0.00921	0.06200	0.00753	0.00952	0.00601	0.00372	0.00381	0.00116	0.00512	0.00335	0.00209	0.00558
83	0.01092	0.77497	0.01954	0.00707	0.01028	0.10354	0.00680	0.01215	0.00830	0.00926	0.00551	0.00637	0.00503	0.00343	0.00262	0.00086	0.00450	0.00214	0.00171	0.00498
84	0.10801	0.00575	0.02839	0.00617	0.03794	0.00507	0.00473	0.01091	0.00962	0.25304	0.16642	0.07619	0.25800	0.00716	0.00416	0.00127	0.00269	0.00599	0.00386	0.00462
85	0.10726	0.11185	0.57654	0.01101	0.08320	0.00975	0.01215	0.01230	0.00816	0.02419	0.00683	0.00803	0.00506	0.00367	0.00346	0.00119	0.00518	0.00279	0.00181	0.00558
86	0.00637	0.00647	0.07699	0.01043	0.21923	0.00533	0.00661	0.00799	0.00858	0.01174	0.12451	0.35848	0.12484	0.00847	0.00451	0.00137	0.00308	0.00761	0.00313	0.00426
87	0.00492	0.00352	0.00445	0.00513	0.00541	0.00330	0.00337	0.00551	0.00731	0.00964	0.02149	0.64838	0.09009	0.15899	0.00756	0.00195	0.00251	0.00997	0.00342	0.00305
88	0.01055	0.00931	0.01549	0.02162	0.69372	0.00930	0.04540	0.06765	0.00973	0.06730	0.00806	0.00996	0.00646	0.00366	0.00392	0.00117	0.00463	0.00357	0.00227	0.00623
89	0.01377	0.15958	0.01288	0.01002	0.04208	0.65858	0.00759	0.03257	0.01066	0.00998	0.00608	0.00709	0.00512	0.00392	0.00339	0.00099	0.00644	0.00251	0.00200	0.00473
90	0.00951	0.00903	0.01498	0.02188	0.73854	0.00883	0.01115	0.01177	0.00883	0.01280	0.00733	0.00951	0.00616	0.00342	0.00376	0.00109	0.00445	0.00335	0.00199	0.11161
91	0.00941	0.34729	0.34068	0.01189	0.17426	0.01172	0.01081	0.03134	0.00852	0.01154	0.00654	0.00781	0.00527	0.00356	0.00329	0.00107	0.00491	0.00272	0.00177	0.00560
92	0.00977	0.00855	0.00999	0.04123	0.12319	0.00971	0.00720	0.03710	0.67086	0.01586	0.01432	0.01369	0.01082	0.00501	0.00397	0.00130	0.00342	0.00425	0.00363	0.00615
93	0.01063	0.00557	0.00634	0.00549	0.00727	0.00557	0.00433	0.06898	0.11916	0.22427	0.04446	0.01499	0.02933	0.00499	0.00340	0.00108	0.00255	0.00405	0.43255	0.00496
94	0.00813	0.00697	0.00813	0.00581	0.00929	0.00523	0.00465	0.00987	0.00813	0.01277	0.00697	0.00813	0.00581	0.00290	0.00290	0.00058	0.00290	0.00232	0.00232	0.88619
95	0.00978	0.01061	0.01231	0.01052	0.01108	0.17292	0.04326	0.01077	0.00713	0.00960	0.00544	0.00837	0.00516	0.00617	0.01071	0.00156	0.65513	0.00331	0.00179	0.00438
96	0.00466	0.00397	0.00401	0.00400	0.00531	0.00332	0.00300	0.00568	0.00900	0.01074	0.06295	0.03748	0.81285	0.00987	0.00463	0.00132	0.00198	0.00824	0.00366	0.00332
97	0.00538	0.00400	0.00501	0.00476	0.00575	0.00363	0.00357	0.00707	0.01070	0.01478	0.68934	0.03084	0.18394	0.00837	0.00463	0.00125	0.00187	0.00731	0.00419	0.00363
98	0.00555	0.00401	0.00524	0.00493	0.00586	0.00370	0.00370	0.00740	0.01110	0.01572	0.83570	0.02928	0.03699	0.00801	0.00462	0.00123	0.00185	0.00709	0.00432	0.00370
99	0.11748	0.00707	0.00875	0.00692	0.00980	0.00671	0.00567	0.03678	0.10266	0.63446	0.01423	0.01259	0.00926	0.00476	0.00377	0.00123	0.00330	0.00378	0.00445	0.00634
100	0.00975	0.00842	0.00886	0.00798	0.01019	0.00975	0.00621	0.02083	0.83069	0.01640	0.01596	0.01463	0.01197	0.00532	0.00399	0.00133	0.00310	0.00443	0.00399	0.00621
101	0.00813	0.00697	0.00813	0.00581	0.00929	0.00523	0.00465	0.00987	0.00813	0.01277	0.00697	0.00813	0.00581	0.00290	0.00290	0.00058	0.00290	0.00232	0.00232	0.88619
102	0.88991	0.00758	0.00576	0.00516	0.00758	0.00879	0.00425	0.01152	0.00667	0.01759	0.00546	0.00637	0.00425	0.00364	0.00243	0.00121	0.00303	0.00212	0.00243	0.00425
103	0.00740	0.00697	0.01176	0.85280	0.02700	0.00871	0.01089	0.01002	0.00784	0.01002	0.00697	0.01045	0.00523	0.00392	0.00392	0.00131	0.00523	0.00348	0.00174	0.00436
104	0.00561	0.00362	0.00481	0.00551	0.00593	0.00335	0.00375	0.00637	0.00775	0.06061	0.02105	0.79024	0.02460	0.01167	0.00489	0.00155	0.00233	0.01055	0.02242	0.00341
105	0.01027	0.04111	0.01213	0.01332	0.25804	0.15538	0.01869	0.01164	0.00848	0.07951	0.00888	0.10455	0.00830	0.00627	0.02548	0.01863	0.20785	0.00418	0.00232	0.00496
106	0.03546	0.00661	0.00916	0.00812	0.07821	0.00589	0.00602	0.01703	0.01091	0.66062	0.10645	0.01467	0.01235	0.00507	0.00398	0.00121	0.00327	0.00422	0.00450	0.00625
107	0.00478	0.00341	0.00455	0.00546	0.00569	0.00318	0.00364	0.00546	0.00751	0.01001	0.02161	0.85966	0.02593	0.01228	0.00500	0.00159	0.00227	0.01114	0.00364	0.00318
108	0.00549	0.00399	0.00516	0.00490	0.00583	0.00367	0.00366	0.00727	0.01091	0.01534	0.77881	0.04765	0.07621	0.00820	0.00463	0.00125	0.00187	0.00724	0.00427	0.00367
109	0.00832	0.00849	0.05393	0.61018	0.12517	0.03763	0.04222	0.01111	0.02528	0.02989	0.00741	0.01029	0.00560	0.00389	0.00392	0.00127	0.00521	0.00350	0.00190	0.00479
110	0.01009	0.49466	0.28717	0.00854	0.01254	0.10652	0.00934	0.01240	0.00842	0.01031	0.00604	0.00702	0.00501	0.00355	0.00302	0.00099	0.00504	0.00241	0.00171	0.00523
111	0.01016	0.01017	0.01547	0.02278	0.76200	0.08614	0.01162	0.01236	0.00913	0.01251	0.00725	0.00946	0.00610	0.00354	0.00385	0.00115	0.00488	0.00340	0.00195	0.00606
112	0.05622	0.00669	0.00832	0.00831	0.07706	0.05201	0.02440	0.02678	0.00851	0.12748	0.03014	0.14182	0.15049	0.02556	0.10081	0.00198	0.12499	0.02103	0.00302	0.00439
113	0.00506	0.00394	0.00436	0.00446	0.00557	0.00340	0.00329	0.00612	0.00898	0.02872	0.12486	0.18153	0.57242	0.01004	0.00470	0.00137	0.00208	0.02195	0.00374	0.00341
114	0.00988	0.34368	0.01533	0.34317	0.06360	0.12472	0.00880	0.02966	0.00863	0.01013	0.00633	0.00830	0.00521	0.00371	0.00332	0.00107	0.00502	0.00281	0.00181	0.00480
115	0.00516	0.00382	0.00496	0.00549	0.00609	0.00342	0.00375	0.00599	0.00764	0.01041	0.03355	0.75042	0.02386	0.01116	0.00476	0.00147	0.00234	0.01009	0.00350	0.10211
116	0.06920	0.04399	0.01131	0.00964	0.05534	0.26908	0.00731	0.33319	0.10529	0.04498	0.00881	0.00911	0.00663	0.00439	0.00366	0.00113	0.00493	0.00319	0.00309	0.00572
117	0.01152	0.01329	0.03180	0.01150	0.06260	0.36650	0.09955	0.02810	0.02579	0.02680	0.01481	0.01732	0.00619	0.00498	0.00647	0.00129	0.25344	0.01117	0.00210	0.00477
118	0.00523	0.00386	0.00489	0.00491	0.00573	0.00352	0.00358	0.00667	0.00992	0.01360	0.52350	0.22662	0.15484	0.00931	0.00472	0.00133	0.00197	0.00823	0.00405	0.00352
119	0.00958	0.00943	0.03098	0.05428	0.79285	0.00929	0.01203	0.01196	0.00887	0.01270	0.00735	0.00970	0.00615	0.00351	0.00388	0.00117	0.00470	0.00348	0.00193	0.00613
120	0.01253	0.01294	0.01048	0.00913	0.01121	0.35269	0.00714	0.18863	0.20554	0.01468	0.03997	0.01109	0.00859	0.00501	0.00458	0.00120	0.07568	0.02062	0.00298	0.00532
121	0.00558	0.00382	0.00424	0.00424	0.00439	0.00375	0.00244	0.00569	0.00606	0.00794	0.01542	0.02701	0.10633	0.76674	0.01824	0.00352	0.00360	0.00599	0.00252	0.00248
122	0.00553	0.00401	0.00521	0.00491	0.00584	0.00369	0.00368	0.00736	0.01105	0.01561	0.81789	0.02947	0.05487	0.00806	0.00462	0.00124	0.00185	0.00712	0.00430	0.00369
123	0.00474	0.00395	0.00413	0.00413	0.00537	0.00335	0.00308	0.00581	0.00911	0.01112	0.12394	0.06717	0.72104	0.00981	0.00465	0.00132	0.00198	0.00825	0.00371	0.00335
124	0.01048	0.86458	0.02054	0.00671	0.01006	0.01551	0.00671	0.01174	0.00797	0.00922	0.00545	0.00629	0.00503	0.00335	0.00252	0.00084	0.00419	0.00210	0.00168	0.00503
125	0.00786	0.02028	0.84191	0.01117	0.01697	0.00910	0.01448	0.01242	0.00828	0.01242	0.00704	0.00828	0.00497	0.00372	0.00372	0.00124	0.00579	0.00290	0.00166	0.00579
126	0.00731	0.00365	0.00365	0.00365	0.00457	0.00365	0.00274	0.00913	0.00822	0.01462	0.01279	0.01462	0.01005	0.00457	0.00274	0.00091	0.00183	0.00365	0.88399	0.00365
127	0.01048	0.86458	0.02054	0.00671	0.01006	0.01551	0.00671	0.01174	0.00797	0.00922	0.00545	0.00629	0.00503	0.00335	0.00252	0.00084	0.00419	0.00210	0.00168	0.00503
128	0.00987	0.00969	0.01592	0.02337	0.78747	0.03983	0.03194	0.01218	0.00901	0.01268	0.00734	0.00963	0.00616	0.00351	0.00389	0.00116	0.00479	0.00349	0.00194	0.00613
129	0.00555	0.00400	0.00525	0.00498	0.00589	0.00370	0.00374	0.00737	0.01099	0.01554	0.80564	0.04569	0.03652	0.00815	0.00465	0.00125	0.00189	0.02121	0.00429	0.00369
130	0.00478	0.00341	0.00455	0.00546	0.00569	0.00318	0.00364	0.00546	0.00751	0.01001	0.02161	0.85966	0.02593	0.01228	0.00500	0.00159	0.00227	0.01114	0.00364	0.00318
131	0.00876	0.05563	0.71351	0.01074	0.01613	0.00972	0.01336	0.10338	0.00940	0.01365	0.00723	0.00832	0.00516	0.00382	0.00369	0.00122	0.00556	0.00293	0.00191	0.00586

[dist]
# distance from previous block
# <min> <max>
0	1

[block]
# block no. 3 follows, 69 sequences, length 212
# corresponding to MSA columns:
# 240-451
name=unknown_D
#
# <colnr> <probs for GDERKNQSTAVLIFYWHMCP>
#	G	D	E	R	K	N	Q	S	T	A	V	L	I	F	Y	W	H	M	C	P
0	0.00601	0.00611	0.10830	0.00595	0.00740	0.00448	0.00504	0.01984	0.03965	0.04017	0.12059	0.38220	0.20713	0.02242	0.00485	0.00145	0.00271	0.00829	0.00352	0.00387
1	0.07745	0.53578	0.01724	0.00928	0.11241	0.02721	0.02086	0.06223	0.05791	0.01175	0.00660	0.00756	0.00565	0.00371	0.00322	0.00100	0.03025	0.00259	0.00205	0.00526
2	0.00632	0.00451	0.00632	0.00722	0.00812	0.00451	0.00632	0.00812	0.00902	0.01173	0.02076	0.04422	0.02256	0.01083	0.00541	0.00180	0.00361	0.81138	0.00361	0.00361
3	0.00740	0.00697	0.01176	0.85280	0.02700	0.00871	0.01089	0.01002	0.00784	0.01002	0.00697	0.01045	0.00523	0.00392	0.00392	0.00131	0.00523	0.00348	0.00174	0.00436
4	0.00913	0.00893	0.01227	0.59068	0.10525	0.11236	0.02582	0.05555	0.00901	0.02389	0.00718	0.00995	0.00546	0.00394	0.00388	0.00125	0.00534	0.00340	0.00197	0.00474
5	0.01136	0.72543	0.03864	0.00690	0.01025	0.02696	0.00679	0.01272	0.00842	0.11193	0.00673	0.00722	0.00561	0.00356	0.00274	0.00090	0.00417	0.00235	0.00207	0.00524
6	0.00552	0.00398	0.00505	0.00480	0.00563	0.00369	0.00350	0.00709	0.01032	0.01444	0.69146	0.02929	0.07695	0.11357	0.00652	0.00155	0.00210	0.00698	0.00404	0.00351
7	0.00940	0.11600	0.02281	0.01531	0.01920	0.01061	0.72269	0.01246	0.00909	0.01215	0.00762	0.01005	0.00584	0.00331	0.00437	0.00126	0.00631	0.00431	0.00195	0.00526
8	0.00935	0.44318	0.40913	0.00888	0.01338	0.01239	0.01041	0.03275	0.00838	0.01113	0.00630	0.00731	0.00504	0.00356	0.00312	0.00104	0.00495	0.00251	0.00172	0.00543
9	0.00483	0.00398	0.00424	0.00418	0.00541	0.00339	0.00313	0.00600	0.00940	0.01168	0.20893	0.03593	0.66628	0.00952	0.00463	0.00130	0.00196	0.00802	0.00378	0.00339
10	0.00570	0.00380	0.00428	0.00428	0.00428	0.00380	0.00238	0.00570	0.00570	0.00760	0.01235	0.02566	0.01425	0.86222	0.01995	0.00380	0.00380	0.00570	0.00238	0.00238
11	0.00769	0.00726	0.01227	0.75049	0.12709	0.00878	0.01103	0.01027	0.00797	0.01036	0.00702	0.01036	0.00535	0.00387	0.00391	0.00129	0.00516	0.00349	0.00177	0.00458
12	0.01437	0.00793	0.03107	0.00811	0.02060	0.07158	0.07169	0.03620	0.01067	0.53245	0.03693	0.11728	0.01155	0.00562	0.00411	0.00125	0.00382	0.00482	0.00410	0.00585
13	0.00975	0.00842	0.00886	0.00798	0.01019	0.00975	0.00621	0.02083	0.83069	0.01640	0.01596	0.01463	0.01197	0.00532	0.00399	0.00133	0.00310	0.00443	0.00399	0.00621
14	0.00772	0.00653	0.00769	0.00576	0.00885	0.00497	0.00452	0.00933	0.00805	0.01243	0.00878	0.11325	0.00829	0.00406	0.00316	0.00071	0.00283	0.00341	0.00249	0.77718
15	0.00858	0.00872	0.01120	0.37895	0.03664	0.11280	0.00900	0.01019	0.00748	0.00963	0.00674	0.01075	0.00600	0.08061	0.00821	0.00162	0.28329	0.00354	0.00183	0.00423
16	0.00919	0.25859	0.27231	0.01187	0.01618	0.01127	0.32273	0.01247	0.02778	0.01165	0.00713	0.00874	0.00553	0.00349	0.00373	0.00116	0.00558	0.00337	0.00184	0.00539
17	0.00970	0.00931	0.01591	0.02406	0.83777	0.00931	0.01203	0.01203	0.00893	0.01281	0.00737	0.00970	0.00621	0.00349	0.00388	0.00116	0.00466	0.00349	0.00194	0.00621
18	0.00925	0.01058	0.02313	0.01652	0.02049	0.00991	0.82353	0.01256	0.00925	0.01256	0.00793	0.01058	0.00595	0.00330	0.00463	0.00132	0.00661	0.00463	0.00198	0.00529
19	0.00598	0.00442	0.00566	0.00546	0.00649	0.00429	0.00422	0.00857	0.07675	0.01528	0.66917	0.02995	0.03320	0.00815	0.00467	0.00131	0.00217	0.10617	0.00420	0.00389
20	0.00632	0.00451	0.00632	0.00722	0.00812	0.00451	0.00632	0.00812	0.00902	0.01173	0.02076	0.04422	0.02256	0.01083	0.00541	0.00180	0.00361	0.81138	0.00361	0.00361
21	0.00629	0.00448	0.00621	0.00707	0.00792	0.00448	0.00611	0.00800	0.00885	0.01152	0.02032	0.04325	0.02213	0.05518	0.00617	0.00191	0.00362	0.76941	0.00355	0.00355
22	0.00570	0.00380	0.00428	0.00428	0.00428	0.00380	0.00238	0.00570	0.00570	0.00760	0.01235	0.02566	0.01425	0.86222	0.01995	0.00380	0.00380	0.00570	0.00238	0.00238
23	0.01439	0.01073	0.01148	0.00892	0.01196	0.01192	0.00733	0.74473	0.09923	0.02388	0.01006	0.00993	0.00719	0.00477	0.00393	0.00119	0.00419	0.00362	0.00393	0.00662
24	0.01759	0.00667	0.00910	0.00698	0.01001	0.00576	0.00576	0.01911	0.01122	0.84048	0.01547	0.01334	0.00970	0.00485	0.00394	0.00121	0.00334	0.00394	0.00485	0.00667
25	0.00975	0.00842	0.00886	0.00798	0.01019	0.00975	0.00621	0.02083	0.83069	0.01640	0.01596	0.01463	0.01197	0.00532	0.00399	0.00133	0.00310	0.00443	0.00399	0.00621
26	0.00478	0.00341	0.00455	0.00546	0.00569	0.00318	0.00364	0.00546	0.00751	0.01001	0.02161	0.85966	0.02593	0.01228	0.00500	0.00159	0.00227	0.01114	0.00364	0.00318
27	0.01500	0.01154	0.01157	0.00903	0.01205	0.09485	0.00738	0.70611	0.01736	0.06179	0.00937	0.00937	0.00665	0.00465	0.00388	0.00116	0.00454	0.00345	0.00378	0.00646
28	0.01030	0.07908	0.05316	0.01319	0.01679	0.12695	0.49186	0.02293	0.03037	0.03749	0.00781	0.00963	0.00598	0.00351	0.00409	0.00117	0.00594	0.00384	0.00214	0.07375
29	0.00820	0.12785	0.73727	0.01060	0.01609	0.00992	0.01349	0.01233	0.00824	0.01201	0.00683	0.00802	0.00497	0.00368	0.00357	0.00119	0.00559	0.00279	0.00166	0.00570
30	0.00666	0.00451	0.00514	0.00502	0.00650	0.00398	0.00400	0.00810	0.02890	0.11339	0.03273	0.03534	0.56755	0.00935	0.00467	0.00140	0.00247	0.15262	0.00379	0.00385
31	0.00792	0.00749	0.01268	0.66805	0.20775	0.00884	0.01114	0.01047	0.00808	0.01064	0.00706	0.01029	0.00545	0.00382	0.00391	0.00127	0.00510	0.00349	0.00179	0.00477
32	0.00841	0.00878	0.11172	0.00758	0.05136	0.00600	0.01988	0.01055	0.00828	0.03207	0.00721	0.00839	0.00582	0.00309	0.00311	0.00072	0.00342	0.00253	0.00227	0.69883
33	0.00483	0.00398	0.00424	0.00418	0.00541	0.00339	0.00313	0.00600	0.00940	0.01168	0.20902	0.03593	0.66619	0.00952	0.00463	0.00130	0.00196	0.00802	0.00378	0.00339
34	0.00731	0.00365	0.00365	0.00365	0.00457	0.00365	0.00274	0.00913	0.00822	0.01462	0.01279	0.01462	0.01005	0.00457	0.00274	0.00091	0.00183	0.00365	0.88399	0.00365
35	0.00869	0.00849	0.01507	0.36880	0.39871	0.00914	0.11174	0.01126	0.00851	0.01161	0.00727	0.01012	0.00577	0.00365	0.00399	0.00124	0.00514	0.00363	0.00186	0.00532
36	0.00881	0.00841	0.01431	0.34435	0.52443	0.00908	0.01159	0.01125	0.00851	0.01173	0.00722	0.00999	0.00583	0.00366	0.00390	0.00122	0.00488	0.00349	0.00186	0.00549
37	0.00569	0.00385	0.00453	0.00453	0.00461	0.00394	0.00269	0.00586	0.00578	0.00779	0.01212	0.02439	0.01370	0.75941	0.12202	0.00411	0.00463	0.00552	0.00234	0.00251
38	0.00607	0.00451	0.00586	0.00654	0.00731	0.00458	0.00513	0.00852	0.10979	0.01155	0.02054	0.39819	0.02273	0.01079	0.00506	0.00165	0.00296	0.36081	0.00367	0.00374
39	0.00945	0.01047	0.02215	0.01702	0.09659	0.00992	0.72534	0.03480	0.00947	0.01291	0.00792	0.01046	0.00599	0.00336	0.00454	0.00130	0.00636	0.00449	0.00203	0.00541
40	0.01467	0.01787	0.01118	0.00999	0.01212	0.75876	0.00756	0.10072	0.01188	0.01118	0.00641	0.00732	0.00522	0.00411	0.00358	0.00103	0.00678	0.00263	0.00222	0.00477
41	0.00813	0.00697	0.00813	0.00581	0.00929	0.00523	0.00465	0.00987	0.00813	0.01277	0.00697	0.00813	0.00581	0.00290	0.00290	0.00058	0.00290	0.00232	0.00232	0.88619
42	0.00478	0.00341	0.00455	0.00546	0.00569	0.00318	0.00364	0.00546	0.00751	0.01001	0.02161	0.85966	0.02593	0.01228	0.00500	0.00159	0.00227	0.01114	0.00364	0.00318
43	0.00803	0.01908	0.74083	0.01183	0.01740	0.00920	0.11436	0.01243	0.00840	0.01243	0.00715	0.00856	0.00509	0.00367	0.00384	0.00125	0.00589	0.00311	0.00170	0.00573
44	0.00464	0.00395	0.00399	0.00402	0.00531	0.00331	0.00300	0.00562	0.00889	0.01057	0.03916	0.06290	0.81136	0.01000	0.00464	0.00133	0.00199	0.00836	0.00364	0.00331
45	0.00562	0.00401	0.00537	0.00540	0.00578	0.00438	0.00377	0.00639	0.00607	0.00847	0.01161	0.04302	0.01218	0.39038	0.46478	0.00509	0.00737	0.00504	0.00226	0.00300
46	0.00541	0.00400	0.00504	0.00478	0.00577	0.00364	0.00359	0.00713	0.01076	0.01493	0.71306	0.03059	0.16013	0.00831	0.00463	0.00125	0.00187	0.00727	0.00421	0.00364
47	0.01136	0.75867	0.01913	0.00674	0.01006	0.01431	0.00659	0.01265	0.00837	0.11184	0.00669	0.00716	0.00561	0.00354	0.00269	0.00088	0.00409	0.00232	0.00207	0.00523
48	0.01117	0.72454	0.01898	0.00727	0.01040	0.15308	0.00685	0.01239	0.00849	0.00928	0.00555	0.00642	0.00503	0.00347	0.00268	0.00087	0.00467	0.00217	0.00173	0.00495
