[name]
unknown

[dist]
# distance from previous block
# <min> <max>
0	182

[block]
# block no. 0 follows, 70 sequences, length 7
# corresponding to MSA columns:
# 204-210
name=unknown_A
#
# <colnr> <probs for GDERKNQSTAVLIFYWHMCP>
#	G	D	E	R	K	N	Q	S	T	A	V	L	I	F	Y	W	H	M	C	P
0	0.00513	0.00394	0.00469	0.00510	0.00586	0.00367	0.00368	0.00652	0.04764	0.01069	0.06553	0.39182	0.29289	0.05542	0.00557	0.00159	0.00237	0.08096	0.00358	0.00335
1	0.01015	0.19005	0.16145	0.02755	0.09768	0.17560	0.09980	0.04551	0.06091	0.01199	0.06058	0.01030	0.02375	0.00413	0.00362	0.00111	0.00507	0.00338	0.00222	0.00517
2	0.00966	0.00916	0.03695	0.01402	0.15225	0.00873	0.36675	0.10387	0.02856	0.06226	0.05339	0.09820	0.00995	0.00482	0.00451	0.00129	0.02270	0.00494	0.00266	0.00533
3	0.00604	0.00513	0.06215	0.00524	0.00654	0.00403	0.00428	0.00769	0.00983	0.05508	0.49390	0.09168	0.16214	0.06245	0.00547	0.00142	0.00235	0.00698	0.00383	0.00376
4	0.00645	0.00465	0.00560	0.00571	0.00648	0.00464	0.00414	0.11395	0.00896	0.01186	0.05767	0.36983	0.08502	0.18228	0.00779	0.00195	0.00295	0.11312	0.00341	0.00353
5	0.05249	0.03571	0.25566	0.06723	0.07762	0.08749	0.09795	0.14237	0.03599	0.08072	0.00848	0.02628	0.00638	0.00411	0.00378	0.00120	0.00506	0.00343	0.00249	0.00557
6	0.01432	0.04320	0.08539	0.01061	0.05250	0.26291	0.00845	0.27300	0.11735	0.07338	0.01031	0.01104	0.00792	0.00517	0.00425	0.00136	0.00543	0.00364	0.00341	0.00636

[dist]
# distance from previous block
# <min> <max>
1	12

[block]
# block no. 1 follows, 70 sequences, length 17
# corresponding to MSA columns:
# 223-239
name=unknown_B
#
# <colnr> <probs for GDERKNQSTAVLIFYWHMCP>
#	G	D	E	R	K	N	Q	S	T	A	V	L	I	F	Y	W	H	M	C	P
0	0.00595	0.00410	0.00512	0.00487	0.00570	0.00387	0.00350	0.00752	0.03481	0.03862	0.52736	0.05683	0.08931	0.16100	0.00756	0.02759	0.00233	0.00671	0.00378	0.00349
1	0.00541	0.00394	0.00514	0.00580	0.02611	0.00380	0.00392	0.02878	0.00809	0.01086	0.11702	0.51610	0.06304	0.10715	0.03262	0.00190	0.00279	0.05078	0.00346	0.00333
2	0.03710	0.03680	0.06002	0.15079	0.30702	0.12210	0.00933	0.05467	0.05882	0.03628	0.02267	0.02614	0.05289	0.00439	0.00378	0.00118	0.00464	0.00372	0.00235	0.00529
3	0.01054	0.01046	0.10630	0.00982	0.08592	0.09648	0.02415	0.05140	0.38453	0.09383	0.04961	0.03876	0.01078	0.00500	0.00392	0.00124	0.00399	0.00417	0.00333	0.00576
4	0.00581	0.00397	0.00544	0.00549	0.00612	0.00441	0.00411	0.00708	0.00658	0.00989	0.01162	0.06438	0.01112	0.11457	0.55541	0.00472	0.00763	0.00461	0.16370	0.00335
5	0.06418	0.01166	0.11939	0.17942	0.09808	0.19369	0.04066	0.08781	0.00979	0.06801	0.00908	0.01053	0.04310	0.00533	0.04171	0.00140	0.00539	0.00340	0.00235	0.00503
6	0.00997	0.00737	0.01137	0.00932	0.01162	0.02106	0.20943	0.06217	0.12996	0.17055	0.01532	0.13974	0.03242	0.00665	0.00448	0.00139	0.00406	0.14459	0.00345	0.00506
7	0.07294	0.00608	0.00737	0.00622	0.00840	0.00581	0.00494	0.03552	0.11094	0.39397	0.12636	0.08037	0.11180	0.00632	0.00405	0.00126	0.00285	0.00526	0.00420	0.00534
8	0.00708	0.00618	0.01011	0.19147	0.15208	0.00629	0.09139	0.00915	0.00927	0.02876	0.26681	0.06033	0.10320	0.00626	0.00433	0.00128	0.00362	0.03504	0.00297	0.00437
9	0.00932	0.00829	0.00991	0.10999	0.15450	0.13409	0.02330	0.07115	0.02178	0.06271	0.01035	0.04830	0.02327	0.07357	0.20169	0.00256	0.00606	0.02211	0.00247	0.00459
10	0.00516	0.00404	0.00467	0.00476	0.00574	0.00369	0.00350	0.00675	0.04605	0.01185	0.23463	0.19179	0.38632	0.03599	0.00512	0.00143	0.00215	0.03915	0.00374	0.00346
11	0.00864	0.00571	0.00656	0.00585	0.00745	0.00566	0.00451	0.19043	0.02709	0.10318	0.14345	0.19092	0.21208	0.00789	0.00429	0.00128	0.00267	0.00671	0.06118	0.00448
12	0.00889	0.02488	0.04313	0.13251	0.09320	0.04452	0.12222	0.09864	0.02887	0.06288	0.07922	0.19498	0.02627	0.00619	0.00424	0.00130	0.00416	0.01619	0.00292	0.00479
13	0.00903	0.00820	0.05234	0.07370	0.08851	0.04560	0.02084	0.03773	0.02407	0.08816	0.01041	0.08832	0.03170	0.06325	0.01959	0.00157	0.22596	0.02497	0.00251	0.08356
14	0.04715	0.00791	0.00836	0.03370	0.00952	0.09041	0.03061	0.20685	0.05762	0.09044	0.06338	0.08556	0.08529	0.05713	0.05057	0.00163	0.00405	0.00488	0.06017	0.00478
15	0.01109	0.15415	0.05665	0.02550	0.04415	0.13705	0.00706	0.18005	0.11484	0.05209	0.03110	0.03399	0.04427	0.00484	0.00363	0.00110	0.00425	0.02611	0.00290	0.06516
16	0.00885	0.04738	0.02867	0.05914	0.07259	0.11461	0.08210	0.01071	0.03412	0.06901	0.05003	0.06818	0.09015	0.08775	0.02757	0.00154	0.01716	0.02949	0.00267	0.09828

[dist]
# distance from previous block
# <min> <max>
5	57

[block]
# block no. 2 follows, 70 sequences, length 10
# corresponding to MSA columns:
# 298-307
name=unknown_C
#
# <colnr> <probs for GDERKNQSTAVLIFYWHMCP>
#	G	D	E	R	K	N	Q	S	T	A	V	L	I	F	Y	W	H	M	C	P
0	0.02354	0.00923	0.07629	0.10763	0.19828	0.06600	0.05414	0.07801	0.02142	0.03662	0.00973	0.06053	0.02225	0.03966	0.04889	0.00163	0.08106	0.02798	0.03219	0.00492
1	0.05649	0.00650	0.00740	0.00638	0.00835	0.00664	0.00503	0.15583	0.13186	0.18347	0.10188	0.07541	0.15488	0.04046	0.02041	0.00146	0.00313	0.02554	0.00387	0.00501
2	0.00597	0.00428	0.00593	0.02597	0.02350	0.00431	0.00502	0.00722	0.00815	0.03576	0.07275	0.36555	0.04386	0.02665	0.06457	0.00195	0.02862	0.26298	0.00341	0.00355
3	0.00869	0.03405	0.01220	0.32328	0.30065	0.06731	0.00958	0.03330	0.03654	0.01153	0.00975	0.06539	0.04357	0.00459	0.00387	0.00122	0.00458	0.00407	0.02087	0.00496
4	0.00723	0.00361	0.00361	0.00361	0.00452	0.00361	0.00271	0.00903	0.00813	0.01445	0.01265	0.01445	0.00994	0.00452	0.00271	0.00090	0.00181	0.00361	0.88528	0.00361
5	0.11002	0.04312	0.01077	0.06497	0.06461	0.09007	0.00726	0.27801	0.12598	0.05863	0.00932	0.01052	0.00720	0.00508	0.01812	0.00130	0.06321	0.02322	0.00305	0.00553
6	0.00983	0.29339	0.24128	0.00883	0.01248	0.04322	0.04267	0.06247	0.22377	0.01289	0.00888	0.00929	0.00688	0.00403	0.00340	0.00111	0.00451	0.00310	0.00241	0.00557
7	0.00723	0.00361	0.00361	0.00361	0.00452	0.00361	0.00271	0.00903	0.00813	0.01445	0.01265	0.01445	0.00994	0.00452	0.00271	0.00090	0.00181	0.00361	0.88528	0.00361
8	0.08119	0.04717	0.06097	0.05711	0.12185	0.05392	0.08571	0.10248	0.00896	0.02875	0.03041	0.05716	0.00809	0.05819	0.02410	0.00155	0.16125	0.00396	0.00235	0.00482
9	0.02721	0.01309	0.35003	0.01021	0.05593	0.07109	0.07297	0.07464	0.02649	0.04706	0.04417	0.16841	0.01066	0.00556	0.00402	0.00127	0.00470	0.00479	0.00254	0.00513

[dist]
# distance from previous block
# <min> <max>
2	16

[block]
# block no. 3 follows, 70 sequences, length 7
# corresponding to MSA columns:
# 324-330
name=unknown_D
#
# <colnr> <probs for GDERKNQSTAVLIFYWHMCP>
#	G	D	E	R	K	N	Q	S	T	A	V	L	I	F	Y	W	H	M	C	P
0	0.10204	0.03331	0.03069	0.00859	0.03137	0.13891	0.06752	0.11735	0.10687	0.10423	0.00999	0.06288	0.00817	0.00549	0.00492	0.06005	0.05093	0.00383	0.04786	0.00497
1	0.01041	0.00836	0.00822	0.00720	0.00917	0.10041	0.00560	0.17280	0.26033	0.07823	0.09795	0.09065	0.07150	0.00612	0.00400	0.00123	0.00341	0.00504	0.05415	0.00522
2	0.00551	0.00381	0.00459	0.00479	0.00503	0.00380	0.00310	0.00593	0.00640	0.00849	0.01557	0.13559	0.06278	0.55982	0.08079	0.00335	0.00396	0.08130	0.00267	0.00271
3	0.00623	0.00425	0.00533	0.00561	0.00657	0.00399	0.00435	0.00769	0.03192	0.06625	0.08441	0.22966	0.21644	0.06639	0.00583	0.00166	0.00273	0.24345	0.00365	0.00360
4	0.00723	0.00361	0.00361	0.00361	0.00452	0.00361	0.00271	0.00903	0.00813	0.01445	0.01265	0.01445	0.00994	0.00452	0.00271	0.00090	0.00181	0.00361	0.88528	0.00361
5	0.00482	0.00347	0.00458	0.00539	0.00573	0.00324	0.00370	0.00561	0.00771	0.01024	0.05658	0.75089	0.06247	0.01180	0.00493	0.00156	0.00228	0.04819	0.00363	0.00320
6	0.06779	0.05971	0.08234	0.01375	0.01722	0.01028	0.54950	0.03701	0.00877	0.01259	0.00722	0.00952	0.00558	0.00375	0.00510	0.00130	0.09751	0.00398	0.00198	0.00512

[dist]
# distance from previous block
# <min> <max>
0	2

[block]
# block no. 4 follows, 70 sequences, length 7
# corresponding to MSA columns:
# 333-339
name=unknown_E
#
# <colnr> <probs for GDERKNQSTAVLIFYWHMCP>
#	G	D	E	R	K	N	Q	S	T	A	V	L	I	F	Y	W	H	M	C	P
0	0.00723	0.00361	0.00361	0.00361	0.00452	0.00361	0.00271	0.00903	0.00813	0.01445	0.01265	0.01445	0.00994	0.00452	0.00271	0.00090	0.00181	0.00361	0.88528	0.00361
1	0.24452	0.04658	0.03228	0.00779	0.07613	0.00824	0.00591	0.09660	0.10704	0.01539	0.00777	0.00852	0.00612	0.00362	0.00306	0.00097	0.00335	0.00272	0.00261	0.32078
2	0.00853	0.00779	0.00923	0.00792	0.00903	0.10034	0.07186	0.10641	0.00849	0.01125	0.03473	0.01537	0.03434	0.21445	0.15240	0.00274	0.17415	0.00432	0.02265	0.00399
3	0.00626	0.00439	0.00513	0.00483	0.00596	0.00428	0.00368	0.04589	0.04245	0.01430	0.38166	0.02522	0.18667	0.00882	0.06292	0.00152	0.00261	0.00609	0.18354	0.00379
4	0.74972	0.00865	0.00660	0.00580	0.00822	0.07644	0.00472	0.07773	0.00789	0.01733	0.00576	0.00660	0.00446	0.00372	0.00261	0.00118	0.00342	0.00224	0.00249	0.00442
5	0.00723	0.00361	0.00361	0.00361	0.00452	0.00361	0.00271	0.00903	0.00813	0.01445	0.01265	0.01445	0.00994	0.00452	0.00271	0.00090	0.00181	0.00361	0.88528	0.00361
6	0.00815	0.00567	0.00696	0.03016	0.02694	0.06358	0.02824	0.07365	0.00749	0.03663	0.00955	0.06004	0.02428	0.06979	0.05920	0.42822	0.00412	0.00410	0.05016	0.00308

[dist]
# distance from previous block
# <min> <max>
8	54

[block]
# block no. 5 follows, 70 sequences, length 6
# corresponding to MSA columns:
# 394-399
name=unknown_F
#
# <colnr> <probs for GDERKNQSTAVLIFYWHMCP>
#	G	D	E	R	K	N	Q	S	T	A	V	L	I	F	Y	W	H	M	C	P
0	0.04385	0.00885	0.03305	0.02821	0.02528	0.05586	0.03770	0.21850	0.21864	0.05213	0.07705	0.08061	0.03021	0.01892	0.00458	0.00132	0.03385	0.02261	0.00345	0.00534
1	0.43188	0.07256	0.01063	0.00984	0.13996	0.08199	0.06922	0.05058	0.00818	0.01469	0.00670	0.03931	0.00571	0.00407	0.00349	0.00119	0.03998	0.00299	0.00229	0.00474
2	0.00867	0.00860	0.01252	0.01247	0.14974	0.01143	0.00906	0.00976	0.00642	0.00989	0.00546	0.00867	0.00527	0.00622	0.01123	0.00160	0.71328	0.00340	0.00173	0.00456
3	0.00784	0.00595	0.00775	0.05855	0.00950	0.02390	0.05530	0.04358	0.00933	0.08772	0.10032	0.07684	0.18425	0.03322	0.00470	0.00130	0.00322	0.11801	0.00326	0.16546
4	0.00611	0.00489	0.00749	0.00645	0.00723	0.00478	0.14112	0.00684	0.00654	0.00873	0.01333	0.07549	0.05528	0.57046	0.06633	0.00324	0.00445	0.00584	0.00241	0.00300
5	0.40021	0.15217	0.00979	0.00632	0.00912	0.00945	0.00541	0.11840	0.00949	0.23389	0.00850	0.00849	0.00606	0.00400	0.00300	0.00113	0.00343	0.00275	0.00310	0.00527

[dist]
# distance from previous block
# <min> <max>
0	33

[block]
# block no. 6 follows, 70 sequences, length 22
# corresponding to MSA columns:
# 443-464
name=unknown_G
#
# <colnr> <probs for GDERKNQSTAVLIFYWHMCP>
#	G	D	E	R	K	N	Q	S	T	A	V	L	I	F	Y	W	H	M	C	P
0	0.00573	0.00436	0.00521	0.00555	0.05513	0.00384	0.00382	0.00702	0.00943	0.05223	0.23649	0.06438	0.51512	0.00881	0.00452	0.00128	0.00216	0.00751	0.00373	0.00370
1	0.01262	0.29096	0.02777	0.00900	0.01164	0.44288	0.03901	0.06244	0.05017	0.01074	0.00656	0.00740	0.00545	0.00384	0.00326	0.00098	0.00568	0.00260	0.00209	0.00490
2	0.07810	0.00963	0.00993	0.00784	0.01071	0.05933	0.00637	0.42717	0.08419	0.12646	0.01081	0.01062	0.03287	0.00457	0.00366	0.00111	0.00388	0.00347	0.00360	0.10570
3	0.02898	0.03929	0.08316	0.03626	0.03204	0.14611	0.06368	0.22261	0.07977	0.03159	0.02256	0.04975	0.00870	0.00570	0.01351	0.00143	0.07919	0.00405	0.04591	0.00572
4	0.01221	0.01420	0.05024	0.00895	0.01104	0.48176	0.00706	0.10918	0.11451	0.01236	0.00972	0.11606	0.00873	0.00525	0.00377	0.00114	0.00542	0.00396	0.01961	0.00482
5	0.68085	0.00789	0.03736	0.00585	0.00833	0.00838	0.01744	0.06137	0.00773	0.06601	0.00738	0.06361	0.00614	0.00430	0.00283	0.00122	0.00320	0.00295	0.00268	0.00449
6	0.00703	0.03698	0.07942	0.00761	0.06267	0.05418	0.00566	0.00823	0.00781	0.05942	0.01580	0.48322	0.01759	0.06448	0.04510	0.00179	0.02837	0.00769	0.00302	0.00391
7	0.00494	0.00357	0.00465	0.00532	0.00574	0.00333	0.00371	0.00582	0.00798	0.01062	0.11466	0.62203	0.08520	0.03872	0.00538	0.00160	0.00232	0.06755	0.00363	0.00322
8	0.00575	0.00418	0.00535	0.00563	0.03127	0.00437	0.00369	0.00638	0.00634	0.00857	0.01399	0.02404	0.07378	0.48992	0.22825	0.00396	0.02154	0.05763	0.00243	0.00293
9	0.00723	0.00361	0.00361	0.00361	0.00452	0.00361	0.00271	0.00903	0.00813	0.01445	0.01265	0.01445	0.00994	0.00452	0.00271	0.00090	0.00181	0.00361	0.88528	0.00361
10	0.00614	0.00406	0.00464	0.00458	0.00482	0.00411	0.00280	0.04567	0.00653	0.00894	0.01261	0.09078	0.01407	0.65612	0.03258	0.03456	0.00366	0.00574	0.05489	0.00269
11	0.04387	0.00923	0.07511	0.15164	0.33810	0.00890	0.04338	0.06604	0.00902	0.06913	0.00829	0.02294	0.01788	0.00417	0.00451	0.00122	0.07319	0.00356	0.00226	0.04756
12	0.00723	0.00361	0.00361	0.00361	0.00452	0.00361	0.00271	0.00903	0.00813	0.01445	0.01265	0.01445	0.00994	0.00452	0.00271	0.00090	0.00181	0.00361	0.88528	0.00361
13	0.26922	0.04778	0.05040	0.06561	0.06745	0.19439	0.04833	0.01833	0.02943	0.01296	0.03035	0.04439	0.00817	0.01776	0.00381	0.00125	0.01344	0.06231	0.01011	0.00450
14	0.03133	0.66223	0.06032	0.00729	0.01053	0.10189	0.00707	0.04108	0.02942	0.01023	0.00593	0.00672	0.00519	0.00351	0.00274	0.00090	0.00448	0.00227	0.00185	0.00503
15	0.00551	0.00402	0.00569	0.00575	0.00626	0.00451	0.00423	0.00655	0.00617	0.00873	0.01142	0.06606	0.01157	0.21033	0.61901	0.00542	0.00847	0.00487	0.00222	0.00320
16	0.00538	0.00419	0.00492	0.00479	0.00590	0.00386	0.00362	0.00736	0.05698	0.01327	0.42245	0.06583	0.33969	0.00877	0.00458	0.00129	0.00203	0.03749	0.00394	0.00363
17	0.24182	0.00992	0.00838	0.00731	0.00942	0.19668	0.00576	0.18441	0.04347	0.05914	0.05800	0.02812	0.00905	0.03609	0.06140	0.00161	0.00464	0.02706	0.00295	0.00479
18	0.07061	0.37735	0.02493	0.00819	0.01037	0.09096	0.03093	0.04006	0.00808	0.03640	0.01797	0.00787	0.00572	0.00497	0.02128	0.00125	0.23356	0.00277	0.00198	0.00476
19	0.00847	0.00880	0.07662	0.02387	0.03993	0.10523	0.03083	0.05421	0.00872	0.01980	0.03216	0.11245	0.02601	0.07367	0.04616	0.00149	0.03068	0.00426	0.01609	0.28053
20	0.00927	0.10446	0.25474	0.04767	0.04557	0.02600	0.07384	0.05653	0.09937	0.07312	0.04206	0.03392	0.06751	0.00488	0.00424	0.00123	0.04372	0.00400	0.00258	0.00530
21	0.00625	0.00477	0.01739	0.00627	0.02340	0.01996	0.01359	0.02347	0.05544	0.04270	0.01919	0.54731	0.04486	0.09747	0.00628	0.00174	0.00284	0.06003	0.00343	0.00362

[dist]
# distance from previous block
# <min> <max>
12	73

[block]
# block no. 7 follows, 70 sequences, length 42
# corresponding to MSA columns:
# 539-580
name=unknown_H
#
# <colnr> <probs for GDERKNQSTAVLIFYWHMCP>
#	G	D	E	R	K	N	Q	S	T	A	V	L	I	F	Y	W	H	M	C	P
0	0.08925	0.00778	0.03298	0.18116	0.04851	0.02033	0.04511	0.06723	0.07055	0.23957	0.01136	0.01430	0.00880	0.00505	0.00428	0.00130	0.03978	0.08693	0.02045	0.00528
1	0.06501	0.00658	0.00894	0.26611	0.04911	0.00730	0.02294	0.05417	0.12747	0.06616	0.06270	0.03648	0.09651	0.05801	0.04115	0.00164	0.00407	0.01816	0.00289	0.00459
2	0.00963	0.33788	0.04358	0.04227	0.04160	0.05841	0.03681	0.04247	0.14633	0.02783	0.01021	0.09848	0.00940	0.00521	0.00382	0.00116	0.03070	0.04671	0.00253	0.00500
3	0.85148	0.00736	0.00572	0.00514	0.00748	0.00849	0.00421	0.01135	0.00669	0.03061	0.00602	0.03094	0.00490	0.00386	0.00250	0.00121	0.00298	0.00238	0.00247	0.00421
4	0.00476	0.00342	0.00453	0.00541	0.00568	0.00319	0.00366	0.00548	0.00750	0.00996	0.02177	0.81879	0.04474	0.01205	0.00495	0.00157	0.00228	0.03349	0.00360	0.00316
5	0.00832	0.00697	0.01087	0.18326	0.23830	0.00750	0.05223	0.05618	0.00843	0.03506	0.01020	0.05867	0.02819	0.11382	0.03756	0.00174	0.05047	0.00436	0.08327	0.00462
6	0.80039	0.00767	0.00673	0.00702	0.09315	0.00875	0.00499	0.01145	0.00683	0.01691	0.00559	0.00664	0.00440	0.00358	0.00255	0.00119	0.00316	0.00224	0.00235	0.00440
7	0.00512	0.00358	0.00438	0.00485	0.00506	0.00343	0.00308	0.00555	0.00679	0.00897	0.01868	0.45147	0.07114	0.36450	0.01105	0.00247	0.00288	0.02109	0.00308	0.00283
8	0.00636	0.00565	0.00608	0.00570	0.00677	0.09087	0.02021	0.00787	0.01000	0.01319	0.49053	0.08505	0.16033	0.00899	0.04371	0.00148	0.02311	0.00675	0.00367	0.00368
9	0.01448	0.01848	0.01099	0.00999	0.01199	0.84819	0.00749	0.01548	0.01099	0.00949	0.00599	0.00699	0.00499	0.00400	0.00350	0.00100	0.00699	0.00250	0.00200	0.00449
10	0.00572	0.00407	0.00554	0.00632	0.00692	0.00402	0.00505	0.00700	0.00809	0.01063	0.01970	0.28163	0.02216	0.09484	0.02842	0.00203	0.00338	0.47774	0.00342	0.00332
11	0.89114	0.00750	0.00570	0.00510	0.00750	0.00870	0.00420	0.01140	0.00660	0.01739	0.00540	0.00630	0.00420	0.00360	0.00240	0.00120	0.00300	0.00210	0.00240	0.00420
12	0.01554	0.00958	0.01084	0.00831	0.01138	0.01012	0.00687	0.58383	0.01608	0.27027	0.01111	0.01048	0.00750	0.00470	0.00388	0.00117	0.00398	0.00361	0.00415	0.00659
13	0.00982	0.00841	0.00886	0.00792	0.01015	0.00972	0.00618	0.04817	0.80471	0.01650	0.01556	0.01429	0.01166	0.00524	0.00394	0.00131	0.00311	0.00435	0.00394	0.00615
14	0.00723	0.00361	0.00361	0.00361	0.00452	0.00361	0.00271	0.00903	0.00813	0.01445	0.01265	0.01445	0.00994	0.00452	0.00271	0.00090	0.00181	0.00361	0.88528	0.00361
15	0.00562	0.00384	0.00463	0.00463	0.00477	0.00398	0.00285	0.00589	0.00576	0.00781	0.01185	0.02334	0.01321	0.69671	0.18557	0.00425	0.00508	0.00534	0.00229	0.00257
16	0.00610	0.00441	0.00604	0.00684	0.00776	0.00435	0.00593	0.00782	0.00896	0.01160	0.04043	0.04290	0.08628	0.01058	0.00528	0.00174	0.00341	0.73244	0.00359	0.00355
17	0.01471	0.01164	0.01157	0.00903	0.01202	0.09810	0.00738	0.74314	0.01748	0.02289	0.00897	0.00907	0.00643	0.00459	0.00384	0.00115	0.00455	0.00339	0.00368	0.00638
18	0.01279	0.00913	0.00984	0.00777	0.01035	0.00999	0.00634	0.60641	0.04356	0.03266	0.07435	0.01181	0.00962	0.00491	0.00376	0.00114	0.00367	0.00382	0.13217	0.00592
19	0.00513	0.00419	0.00456	0.00442	0.00567	0.00375	0.00333	0.00692	0.05651	0.01223	0.26266	0.03365	0.56517	0.00903	0.00454	0.00128	0.00199	0.00764	0.00381	0.00354
20	0.00493	0.00369	0.00458	0.00511	0.00573	0.00337	0.00366	0.00588	0.00821	0.01067	0.10229	0.46747	0.23548	0.03544	0.00528	0.00156	0.00231	0.08746	0.00362	0.00325
21	0.00915	0.01046	0.02288	0.01634	0.02026	0.00980	0.82549	0.01242	0.00915	0.01242	0.00784	0.01046	0.00588	0.00327	0.00458	0.00131	0.00654	0.00458	0.00196	0.00523
22	0.01033	0.00795	0.00842	0.00729	0.00945	0.00893	0.00575	0.19885	0.47662	0.02832	0.02649	0.01394	0.02632	0.00512	0.00375	0.00121	0.00309	0.00416	0.14825	0.00574
23	0.00492	0.00353	0.00448	0.00515	0.00547	0.00331	0.00345	0.00558	0.00739	0.00974	0.03432	0.61820	0.09600	0.14026	0.00716	0.00188	0.00249	0.04016	0.00342	0.00306
24	0.00511	0.00394	0.00446	0.00451	0.00562	0.00344	0.00338	0.00627	0.00914	0.02763	0.19730	0.13946	0.51964	0.00967	0.00465	0.00134	0.00207	0.04521	0.00376	0.00341
25	0.00842	0.00839	0.01186	0.05745	0.01110	0.01169	0.00861	0.00936	0.00604	0.00936	0.00519	0.00859	0.00509	0.00662	0.01223	0.00167	0.80898	0.00340	0.00170	0.00424
26	0.01376	0.01738	0.01049	0.00959	0.01150	0.78591	0.00718	0.01474	0.01078	0.00954	0.00781	0.03857	0.03746	0.00451	0.00359	0.00103	0.00663	0.00302	0.00212	0.00440
27	0.00808	0.00693	0.00806	0.00580	0.00921	0.00528	0.00463	0.01004	0.02910	0.01272	0.00712	0.00820	0.00590	0.00293	0.00290	0.00059	0.00288	0.00235	0.00234	0.86494
28	0.00576	0.00462	0.00620	0.00606	0.00667	0.00521	0.00460	0.00676	0.00677	0.00933	0.01594	0.13189	0.13951	0.12534	0.35240	0.00371	0.12317	0.02230	0.00253	0.02123
29	0.00519	0.00387	0.00445	0.00445	0.00519	0.00354	0.00309	0.00610	0.00837	0.01093	0.23853	0.08505	0.31037	0.26081	0.00908	0.00204	0.00252	0.02993	0.00341	0.00310
30	0.00802	0.00738	0.00972	0.22078	0.16357	0.09310	0.02832	0.02546	0.00885	0.03099	0.10206	0.16974	0.05298	0.04453	0.00485	0.00138	0.00407	0.00549	0.01437	0.00435
31	0.01008	0.08149	0.04699	0.12383	0.13168	0.21982	0.10112	0.05838	0.02048	0.01122	0.00762	0.01017	0.00641	0.03946	0.11293	0.00188	0.00618	0.00339	0.00206	0.00481
32	0.00736	0.04887	0.05520	0.01901	0.01024	0.03742	0.13035	0.00879	0.00690	0.00955	0.00863	0.02813	0.00816	0.09717	0.30908	0.04692	0.15827	0.00407	0.00198	0.00391
33	0.00922	0.00649	0.00723	0.00668	0.00764	0.00655	0.00463	0.18261	0.00988	0.01354	0.02862	0.07514	0.01480	0.46569	0.07040	0.00322	0.00464	0.04222	0.03643	0.00437
34	0.00524	0.00370	0.00470	0.00531	0.00563	0.00355	0.00368	0.00593	0.00725	0.00955	0.01945	0.44705	0.05814	0.25111	0.00916	0.00221	0.00289	0.14921	0.00324	0.00300
35	0.03058	0.11256	0.04168	0.00930	0.04105	0.26176	0.02322	0.26250	0.05707	0.04619	0.00836	0.01990	0.00653	0.00436	0.00376	0.00110	0.02507	0.00316	0.03646	0.00541
36	0.16865	0.03670	0.02423	0.04103	0.01425	0.22398	0.27895	0.05080	0.06595	0.01306	0.00732	0.00881	0.00570	0.00389	0.00408	0.00120	0.04091	0.00336	0.00224	0.00491
37	0.10774	0.20650	0.07712	0.00839	0.04199	0.05601	0.03919	0.11194	0.10007	0.02325	0.02447	0.09104	0.01751	0.00605	0.04028	0.00139	0.03553	0.00391	0.00261	0.00501
38	0.00786	0.00788	0.02747	0.00923	0.00942	0.02157	0.00761	0.00874	0.00626	0.00940	0.00781	0.13121	0.00843	0.03858	0.02554	0.00181	0.66060	0.00455	0.00200	0.00404
39	0.00863	0.02399	0.03329	0.02082	0.00951	0.02991	0.04811	0.08705	0.00829	0.07583	0.02956	0.05808	0.00993	0.08942	0.21735	0.00282	0.20161	0.02695	0.01454	0.00430
40	0.02054	0.07514	0.02081	0.07352	0.15857	0.14032	0.02843	0.06886	0.00923	0.09444	0.02000	0.03171	0.01585	0.05205	0.15607	0.00217	0.00572	0.00373	0.00247	0.02036
41	0.03367	0.00754	0.04864	0.06225	0.06627	0.06157	0.02183	0.05285	0.10897	0.02672	0.01175	0.02979	0.03893	0.18893	0.03977	0.00194	0.04841	0.01244	0.13345	0.00429

[dist]
# distance from previous block
# <min> <max>
2	65

[block]
# block no. 8 follows, 70 sequences, length 20
# corresponding to MSA columns:
# 647-666
name=unknown_I
#
# <colnr> <probs for GDERKNQSTAVLIFYWHMCP>
#	G	D	E	R	K	N	Q	S	T	A	V	L	I	F	Y	W	H	M	C	P
0	0.01042	0.09872	0.06764	0.03230	0.09301	0.15290	0.00743	0.15050	0.12146	0.02921	0.04749	0.10875	0.02356	0.00558	0.00388	0.00120	0.00430	0.03359	0.00292	0.00516
1	0.04732	0.03797	0.12158	0.03004	0.07356	0.09545	0.02086	0.21298	0.03965	0.24146	0.01137	0.02962	0.00845	0.00521	0.00425	0.00138	0.00481	0.00390	0.00365	0.00649
2	0.00723	0.00361	0.00361	0.00361	0.00452	0.00361	0.00271	0.00903	0.00813	0.01445	0.01265	0.01445	0.00994	0.00452	0.00271	0.00090	0.00181	0.00361	0.88528	0.00361
3	0.00515	0.00401	0.00461	0.00487	0.00576	0.00370	0.00356	0.00652	0.04441	0.01073	0.07734	0.24952	0.39275	0.08550	0.00606	0.00163	0.00239	0.08461	0.00354	0.00334
4	0.03594	0.00955	0.01018	0.00823	0.01093	0.01063	0.00664	0.48234	0.28448	0.03811	0.01150	0.01147	0.00853	0.03102	0.00433	0.00128	0.00378	0.00380	0.00380	0.02347
5	0.00723	0.00361	0.00361	0.00361	0.00452	0.00361	0.00271	0.00903	0.00813	0.01445	0.01265	0.01445	0.00994	0.00452	0.00271	0.00090	0.00181	0.00361	0.88528	0.00361
6	0.01360	0.00686	0.00844	0.02922	0.00962	0.00675	0.00558	0.21416	0.01192	0.40788	0.01391	0.10799	0.01060	0.00553	0.00384	0.00119	0.00326	0.00455	0.12937	0.00572
7	0.00496	0.00374	0.00457	0.00494	0.00565	0.00339	0.00355	0.00599	0.00853	0.01113	0.17616	0.37357	0.26855	0.04397	0.00538	0.00153	0.00224	0.06520	0.00367	0.00328
8	0.04199	0.68392	0.03283	0.00697	0.01011	0.02662	0.03487	0.02691	0.00840	0.02575	0.06504	0.00822	0.00734	0.00372	0.00279	0.00091	0.00408	0.00259	0.00199	0.00493
9	0.01038	0.17480	0.21434	0.03554	0.07504	0.08830	0.05212	0.11608	0.03683	0.06167	0.01985	0.04769	0.02375	0.00447	0.00383	0.00115	0.02280	0.00356	0.00242	0.00538
10	0.00519	0.00400	0.00442	0.00442	0.00563	0.00345	0.00335	0.00632	0.00910	0.03631	0.14442	0.09448	0.60269	0.00962	0.00463	0.00134	0.00209	0.05137	0.00373	0.00343
11	0.00615	0.00434	0.00526	0.00504	0.00565	0.00437	0.00356	0.00693	0.00770	0.04572	0.17092	0.02743	0.17439	0.37761	0.02937	0.00250	0.06392	0.05289	0.00307	0.00318
12	0.01122	0.00851	0.02626	0.02297	0.18366	0.03717	0.11217	0.08749	0.10894	0.18848	0.02150	0.01331	0.02627	0.01982	0.00477	0.02383	0.02666	0.02901	0.04239	0.00556
13	0.03410	0.18910	0.28234	0.00886	0.01232	0.15348	0.03083	0.04761	0.03218	0.05680	0.03234	0.07556	0.00806	0.00490	0.01437	0.00120	0.00497	0.00356	0.00230	0.00511
14	0.00631	0.00417	0.00486	0.00474	0.00518	0.00412	0.00303	0.03496	0.02252	0.03862	0.11253	0.11699	0.04242	0.55367	0.01419	0.00287	0.00327	0.00628	0.01627	0.00300
15	0.00557	0.00403	0.00559	0.00559	0.00607	0.00450	0.00405	0.00651	0.00604	0.00853	0.01097	0.01845	0.01109	0.29425	0.58513	0.00545	0.00828	0.00463	0.00216	0.00311
16	0.41540	0.00818	0.00768	0.00663	0.00905	0.00933	0.00534	0.14394	0.28137	0.03862	0.00989	0.00986	0.00739	0.00437	0.00319	0.00122	0.00320	0.00316	0.02692	0.00526
17	0.08853	0.00980	0.01008	0.01956	0.03441	0.12275	0.03296	0.26150	0.09930	0.06682	0.02178	0.01142	0.01787	0.00574	0.04230	0.00138	0.02618	0.02938	0.00311	0.09514
18	0.05550	0.06850	0.03134	0.00855	0.04231	0.15094	0.01689	0.25171	0.08530	0.02996	0.02946	0.06070	0.00872	0.01736	0.00387	0.00114	0.00424	0.01980	0.00298	0.11071
19	0.06744	0.05345	0.07454	0.00926	0.07805	0.07652	0.02140	0.19476	0.10125	0.06896	0.03811	0.07206	0.00970	0.00598	0.03322	0.00137	0.01932	0.02844	0.00304	0.04315

[dist]
# distance from previous block
# <min> <max>
1	25

[block]
# block no. 9 follows, 70 sequences, length 8
# corresponding to MSA columns:
# 692-699
name=unknown_J
#
# <colnr> <probs for GDERKNQSTAVLIFYWHMCP>
#	G	D	E	R	K	N	Q	S	T	A	V	L	I	F	Y	W	H	M	C	P
0	0.00999	0.10629	0.12728	0.04064	0.07794	0.11635	0.07944	0.10846	0.06898	0.03024	0.04726	0.04387	0.00886	0.00542	0.03313	0.00132	0.00485	0.02240	0.01561	0.05167
1	0.36732	0.11336	0.01150	0.00817	0.01059	0.08501	0.12654	0.04597	0.00797	0.01378	0.00626	0.00786	0.00515	0.00526	0.04868	0.00145	0.09583	0.00281	0.00218	0.03433
2	0.04191	0.05212	0.06350	0.03332	0.14055	0.00745	0.07975	0.06908	0.03123	0.06765	0.00994	0.02814	0.00891	0.18217	0.13639	0.00247	0.00521	0.00413	0.03147	0.00460
3	0.69672	0.00723	0.00606	0.00527	0.00767	0.00804	0.00431	0.03887	0.00750	0.07112	0.00808	0.00866	0.04414	0.00401	0.00268	0.00117	0.00297	0.00261	0.03242	0.04050
4	0.00586	0.00432	0.00518	0.00510	0.00596	0.00394	0.00358	0.00662	0.00713	0.00966	0.01664	0.18016	0.08794	0.36337	0.01077	0.00233	0.00315	0.12790	0.00286	0.14752
5	0.00742	0.00562	0.00617	0.00563	0.00728	0.00564	0.00434	0.05572	0.22685	0.06480	0.16504	0.05211	0.36260	0.00777	0.00434	0.00129	0.00245	0.00655	0.00389	0.00448
6	0.05876	0.19525	0.02687	0.02349	0.04499	0.26515	0.00714	0.18687	0.04875	0.03894	0.00796	0.03280	0.00655	0.00517	0.03410	0.00125	0.00513	0.00309	0.00256	0.00518
7	0.00495	0.00354	0.00451	0.00519	0.00550	0.00334	0.00349	0.00560	0.00731	0.00963	0.02107	0.61408	0.08236	0.15581	0.00744	0.00194	0.00256	0.05525	0.00339	0.00305

[dist]
# distance from previous block
# <min> <max>
0	4

[block]
# block no. 10 follows, 70 sequences, length 38
# corresponding to MSA columns:
# 704-712,714-742
name=unknown_K
#
# <colnr> <probs for GDERKNQSTAVLIFYWHMCP>
#	G	D	E	R	K	N	Q	S	T	A	V	L	I	F	Y	W	H	M	C	P
0	0.00474	0.00340	0.00447	0.00532	0.00558	0.00317	0.00355	0.00541	0.00743	0.00987	0.02178	0.81594	0.05285	0.02984	0.00524	0.00161	0.00227	0.01081	0.00357	0.00314
1	0.01026	0.01017	0.03743	0.00830	0.01042	0.19811	0.04330	0.06344	0.30567	0.04691	0.06731	0.05758	0.05482	0.00591	0.00408	0.00127	0.00414	0.06244	0.00333	0.00512
2	0.01080	0.00697	0.00763	0.00645	0.00857	0.02541	0.00511	0.13335	0.21654	0.15780	0.03133	0.01318	0.01003	0.00557	0.03318	0.00127	0.00324	0.00381	0.24661	0.07318
3	0.01465	0.02997	0.01120	0.00837	0.01134	0.00895	0.06935	0.36459	0.03492	0.34030	0.01194	0.02733	0.00828	0.00472	0.00389	0.00118	0.00391	0.00387	0.03499	0.00627
4	0.00693	0.00376	0.00531	0.00525	0.00543	0.00380	0.00355	0.04690	0.00595	0.00793	0.00831	0.08501	0.00861	0.04278	0.01386	0.73510	0.00333	0.00411	0.00198	0.00208
5	0.09821	0.00788	0.01185	0.10691	0.39730	0.03230	0.02447	0.01045	0.00780	0.01171	0.00768	0.01084	0.00670	0.03703	0.16834	0.00227	0.04783	0.00351	0.00198	0.00494
6	0.00720	0.00573	0.00778	0.00943	0.19552	0.00555	0.00574	0.02375	0.08531	0.05342	0.18257	0.12203	0.25595	0.00753	0.00436	0.00129	0.00280	0.01614	0.00344	0.00447
7	0.01195	0.03191	0.01380	0.03138	0.26864	0.43521	0.08428	0.01359	0.00976	0.01073	0.00652	0.00824	0.00544	0.00389	0.00416	0.00111	0.04935	0.00304	0.00194	0.00506
8	0.00908	0.02395	0.11689	0.16701	0.31140	0.05816	0.10446	0.01186	0.03730	0.01159	0.00718	0.00949	0.00578	0.00402	0.00491	0.00126	0.10498	0.00346	0.00190	0.00532
9	0.01307	0.03433	0.01073	0.00877	0.01102	0.29152	0.00694	0.37195	0.01359	0.03518	0.05106	0.07299	0.00895	0.00523	0.00427	0.00116	0.04694	0.00387	0.00310	0.00532
10	0.00492	0.00345	0.00444	0.00515	0.00533	0.00328	0.00334	0.00545	0.00705	0.00940	0.01944	0.68542	0.02321	0.19126	0.00806	0.00203	0.00257	0.00989	0.00334	0.00298
11	0.01576	0.00771	0.00890	0.00712	0.00981	0.09150	0.00575	0.01777	0.05796	0.64827	0.07613	0.01382	0.01128	0.00498	0.00391	0.00119	0.00355	0.00402	0.00442	0.00614
12	0.89114	0.00750	0.00570	0.00510	0.00750	0.00870	0.00420	0.01140	0.00660	0.01739	0.00540	0.00630	0.00420	0.00360	0.00240	0.00120	0.00300	0.00210	0.00240	0.00420
13	0.00622	0.00457	0.00626	0.00606	0.00680	0.00517	0.00457	0.06587	0.00699	0.00984	0.01064	0.01665	0.01027	0.17930	0.63653	0.00541	0.00874	0.00438	0.00226	0.00348
14	0.01220	0.01059	0.06331	0.00972	0.01280	0.01071	0.12350	0.48388	0.15568	0.01980	0.01033	0.02255	0.00780	0.03343	0.00452	0.00131	0.00443	0.00394	0.00343	0.00608
15	0.00848	0.01512	0.42160	0.01377	0.01857	0.00942	0.43144	0.01235	0.00868	0.01235	0.00741	0.00935	0.00541	0.00347	0.00414	0.00127	0.00614	0.00374	0.00180	0.00547
16	0.00915	0.01046	0.02288	0.01634	0.02026	0.00980	0.82549	0.01242	0.00915	0.01242	0.00784	0.01046	0.00588	0.00327	0.00458	0.00131	0.00654	0.00458	0.00196	0.00523
17	0.01036	0.86609	0.02032	0.00663	0.00995	0.01534	0.00663	0.01161	0.00788	0.00912	0.00539	0.00622	0.00498	0.00332	0.00249	0.00083	0.00415	0.00207	0.00166	0.00498
18	0.01739	0.00660	0.00900	0.00690	0.00990	0.00570	0.00570	0.01889	0.01110	0.84226	0.01529	0.01320	0.00960	0.00480	0.00390	0.00120	0.00330	0.00390	0.00480	0.00660
19	0.00848	0.00848	0.01187	0.01018	0.01018	0.01187	0.00848	0.00933	0.00594	0.00933	0.00509	0.00848	0.00509	0.00679	0.01272	0.00170	0.85666	0.00339	0.00170	0.00424
20	0.00778	0.02005	0.84367	0.01105	0.01678	0.00900	0.01432	0.01228	0.00818	0.01228	0.00696	0.00818	0.00491	0.00368	0.00368	0.00123	0.00573	0.00286	0.00164	0.00573
21	0.00560	0.00383	0.00463	0.00465	0.00479	0.00397	0.00287	0.00589	0.00579	0.00786	0.01201	0.03832	0.01342	0.68144	0.18531	0.00421	0.00506	0.00544	0.00232	0.00259
22	0.00634	0.00338	0.00492	0.00508	0.00512	0.00335	0.00337	0.00513	0.00548	0.00731	0.00948	0.15865	0.01029	0.04810	0.01358	0.69844	0.00319	0.00478	0.00204	0.00196
23	0.00915	0.01046	0.02288	0.01634	0.02026	0.00980	0.82549	0.01242	0.00915	0.01242	0.00784	0.01046	0.00588	0.00327	0.00458	0.00131	0.00654	0.00458	0.00196	0.00523
24	0.00565	0.00379	0.00436	0.00438	0.00443	0.00382	0.00254	0.00575	0.00574	0.00768	0.01236	0.02546	0.01414	0.81021	0.05074	0.00380	0.00400	0.02636	0.00237	0.00242
25	0.00494	0.00362	0.00452	0.00500	0.00551	0.00334	0.00344	0.00580	0.00805	0.01062	0.13868	0.49169	0.17291	0.09267	0.00626	0.00169	0.00232	0.03220	0.00357	0.00318
26	0.00486	0.00354	0.00459	0.00523	0.00567	0.00327	0.00362	0.00576	0.00810	0.01081	0.14060	0.64519	0.10110	0.01129	0.00487	0.00150	0.00220	0.03086	0.00369	0.00324
27	0.02612	0.10016	0.03552	0.00963	0.01172	0.66707	0.00763	0.01448	0.01015	0.00963	0.00588	0.00705	0.00499	0.00413	0.00409	0.00105	0.07167	0.00253	0.00194	0.00455
28	0.00856	0.01340	0.30683	0.07918	0.08240	0.00942	0.40568	0.01209	0.00863	0.01215	0.00738	0.00956	0.00550	0.00353	0.00428	0.00127	0.01916	0.00379	0.00182	0.00539
29	0.00492	0.00362	0.00439	0.00488	0.00535	0.00334	0.00330	0.00562	0.00759	0.00985	0.05246	0.47287	0.20890	0.16404	0.00751	0.00190	0.00247	0.03054	0.00340	0.00306
30	0.00848	0.00848	0.01187	0.01018	0.01018	0.01187	0.00848	0.00933	0.00594	0.00933	0.00509	0.00848	0.00509	0.00679	0.01272	0.00170	0.85666	0.00339	0.00170	0.00424
31	0.01119	0.00967	0.01197	0.04335	0.12499	0.11538	0.10928	0.17730	0.10635	0.08995	0.02596	0.05896	0.03621	0.00511	0.00427	0.00124	0.02729	0.02154	0.01456	0.00544
32	0.01107	0.54242	0.11078	0.00764	0.01101	0.08565	0.00753	0.05586	0.06081	0.06463	0.00712	0.00764	0.00578	0.00371	0.00297	0.00096	0.00446	0.00254	0.00215	0.00528
33	0.00761	0.10466	0.01006	0.02685	0.00901	0.02451	0.00647	0.03889	0.00694	0.00976	0.00839	0.05518	0.00816	0.02693	0.34519	0.00339	0.29796	0.00396	0.00204	0.00402
34	0.00828	0.02492	0.08864	0.01031	0.15327	0.01558	0.04380	0.03482	0.14188	0.05041	0.19827	0.03736	0.05433	0.00701	0.04089	0.00149	0.02248	0.05815	0.00315	0.00497
35	0.01991	0.02953	0.03111	0.41943	0.08018	0.02982	0.05029	0.03165	0.03253	0.04825	0.04908	0.10362	0.03299	0.00520	0.00417	0.00129	0.01939	0.00458	0.00239	0.00457
36	0.00921	0.05057	0.01982	0.03553	0.04845	0.11324	0.02899	0.16073	0.03107	0.03222	0.14190	0.10743	0.13827	0.00646	0.00403	0.00120	0.00360	0.00540	0.05730	0.00459
37	0.04073	0.04257	0.02888	0.04557	0.02869	0.05950	0.02302	0.23193	0.03452	0.05720	0.01269	0.09788	0.07433	0.05477	0.00603	0.00145	0.11482	0.03753	0.00301	0.00488

[dist]
# distance from previous block
# <min> <max>
1	42

[block]
# block no. 11 follows, 70 sequences, length 28
# corresponding to MSA columns:
# 789-816
name=unknown_L
#
# <colnr> <probs for GDERKNQSTAVLIFYWHMCP>
#	G	D	E	R	K	N	Q	S	T	A	V	L	I	F	Y	W	H	M	C	P
0	0.04300	0.10722	0.04890	0.01160	0.18511	0.17306	0.01886	0.10450	0.03961	0.04663	0.05660	0.01044	0.01849	0.01444	0.01518	0.00124	0.07862	0.00338	0.00247	0.02064
1	0.04310	0.07627	0.08875	0.00832	0.03192	0.08578	0.03695	0.10433	0.07171	0.09676	0.05636	0.04708	0.06930	0.00573	0.02278	0.00128	0.06792	0.00407	0.00290	0.07867
2	0.03901	0.08856	0.20657	0.02240	0.08894	0.07878	0.04237	0.21881	0.02532	0.03919	0.02170	0.03037	0.00698	0.01827	0.01309	0.00126	0.03241	0.00342	0.00255	0.01997
3	0.01983	0.09413	0.02975	0.00846	0.02918	0.13216	0.05841	0.11203	0.06127	0.04197	0.06651	0.10787	0.01108	0.02390	0.02988	0.00138	0.06753	0.02001	0.00279	0.08185
4	0.00723	0.00361	0.00361	0.00361	0.00452	0.00361	0.00271	0.00903	0.00813	0.01445	0.01265	0.01445	0.00994	0.00452	0.00271	0.00090	0.00181	0.00361	0.88528	0.00361
5	0.09764	0.15672	0.05696	0.04988	0.15307	0.14065	0.04877	0.13531	0.05554	0.01377	0.00775	0.00886	0.01747	0.00395	0.00355	0.00110	0.01535	0.00305	0.00235	0.02826
6	0.00723	0.00361	0.00361	0.00361	0.00452	0.00361	0.00271	0.00903	0.00813	0.01445	0.01265	0.01445	0.00994	0.00452	0.00271	0.00090	0.00181	0.00361	0.88528	0.00361
7	0.00470	0.00388	0.00413	0.00418	0.00534	0.00331	0.00309	0.00575	0.00895	0.01101	0.13031	0.11663	0.66568	0.00983	0.00462	0.00132	0.00198	0.00832	0.00368	0.00331
8	0.01005	0.00697	0.00798	0.00699	0.00899	0.00737	0.00551	0.15568	0.27915	0.13086	0.10002	0.10542	0.06845	0.00716	0.02465	0.00142	0.00322	0.04412	0.00393	0.02205
9	0.00848	0.00848	0.01187	0.01018	0.01018	0.01187	0.00848	0.00933	0.00594	0.00933	0.00509	0.00848	0.00509	0.00679	0.01272	0.00170	0.85666	0.00339	0.00170	0.00424
10	0.01082	0.02859	0.01145	0.14410	0.14043	0.00972	0.02226	0.31731	0.13443	0.03023	0.03031	0.02627	0.04601	0.00497	0.00396	0.00123	0.00409	0.02497	0.00316	0.00568
11	0.00949	0.00693	0.00767	0.00686	0.00873	0.02098	0.00537	0.04647	0.40045	0.11757	0.11446	0.05372	0.08818	0.00634	0.00428	0.00129	0.02147	0.03072	0.04375	0.00528
12	0.00563	0.00377	0.00430	0.00430	0.00433	0.00380	0.00244	0.00568	0.00566	0.00757	0.01215	0.02500	0.01393	0.83338	0.04989	0.00385	0.00400	0.00558	0.00234	0.00239
13	0.08316	0.00972	0.05588	0.03070	0.01481	0.00922	0.33875	0.20872	0.01123	0.11832	0.00940	0.01103	0.00690	0.00409	0.00400	0.00124	0.00491	0.02218	0.05022	0.00552
14	0.71817	0.00707	0.00572	0.00513	0.00719	0.00808	0.00405	0.04498	0.00694	0.01618	0.00661	0.00935	0.00582	0.13567	0.00512	0.00159	0.00317	0.00270	0.00245	0.00402
15	0.00832	0.04747	0.26942	0.02429	0.02324	0.00826	0.12768	0.07015	0.10165	0.02464	0.03966	0.03047	0.04023	0.06619	0.07736	0.00184	0.00515	0.01337	0.01558	0.00502
16	0.00472	0.00337	0.00450	0.00540	0.00562	0.00315	0.00360	0.00540	0.00742	0.00990	0.02137	0.86122	0.02564	0.01215	0.00495	0.00157	0.00225	0.01102	0.00360	0.00315
17	0.00878	0.01257	0.26659	0.11030	0.20213	0.02242	0.26140	0.01200	0.00866	0.02809	0.00775	0.02755	0.00604	0.00373	0.00404	0.00125	0.00556	0.00377	0.00192	0.00545
18	0.01471	0.01175	0.01156	0.00904	0.01202	0.10940	0.00738	0.73218	0.01738	0.02269	0.00892	0.00904	0.00641	0.00458	0.00383	0.00114	0.00458	0.00337	0.00366	0.00635
19	0.01246	0.02304	0.00991	0.00793	0.01045	0.06598	0.00639	0.46895	0.16014	0.03720	0.01188	0.03009	0.03514	0.00502	0.00377	0.00116	0.00383	0.00390	0.09691	0.00585
20	0.00486	0.00400	0.00429	0.00428	0.00547	0.00347	0.00318	0.00619	0.02814	0.01139	0.16802	0.09397	0.63008	0.00957	0.00459	0.00131	0.00199	0.00810	0.00372	0.00339
21	0.00776	0.00712	0.05141	0.08315	0.09268	0.00680	0.06761	0.03574	0.16173	0.03979	0.20389	0.05296	0.10029	0.01667	0.03624	0.00149	0.00371	0.02297	0.00324	0.00474
22	0.00723	0.00361	0.00361	0.00361	0.00452	0.00361	0.00271	0.00903	0.00813	0.01445	0.01265	0.01445	0.00994	0.00452	0.00271	0.00090	0.00181	0.00361	0.88528	0.00361
23	0.06598	0.07044	0.07214	0.03878	0.05889	0.03905	0.03447	0.22421	0.06473	0.07600	0.00956	0.06950	0.00782	0.00455	0.00360	0.00110	0.00399	0.00368	0.00294	0.14856
24	0.02311	0.16585	0.21146	0.00968	0.04655	0.10725	0.05801	0.19629	0.02961	0.02906	0.04192	0.00949	0.00718	0.00410	0.00354	0.00110	0.00479	0.00320	0.04235	0.00546
25	0.04714	0.00379	0.00371	0.00368	0.00465	0.00384	0.00278	0.00914	0.00806	0.01459	0.01232	0.01409	0.00968	0.00448	0.00270	0.00092	0.00186	0.00354	0.84541	0.00364
26	0.21269	0.06440	0.09943	0.06790	0.06386	0.12055	0.09849	0.03074	0.00840	0.06124	0.00722	0.03248	0.00589	0.00433	0.00454	0.00124	0.10631	0.00323	0.00222	0.00486
27	0.03449	0.13630	0.07414	0.00941	0.07171	0.14740	0.02880	0.14176	0.04657	0.12435	0.00939	0.03009	0.00768	0.04143	0.03529	0.00144	0.02896	0.02273	0.00277	0.00529

[dist]
# distance from previous block
# <min> <max>
3	4

[block]
# block no. 12 follows, 70 sequences, length 14
# corresponding to MSA columns:
# 821-834
name=unknown_M
#
# <colnr> <probs for GDERKNQSTAVLIFYWHMCP>
#	G	D	E	R	K	N	Q	S	T	A	V	L	I	F	Y	W	H	M	C	P
0	0.00936	0.00864	0.00906	0.00931	0.10300	0.09676	0.00646	0.03253	0.46444	0.01481	0.13087	0.01678	0.05096	0.00562	0.00403	0.00126	0.00347	0.02367	0.00353	0.00543
1	0.00631	0.09736	0.03182	0.00586	0.01654	0.00584	0.00471	0.00831	0.06217	0.01156	0.21676	0.04410	0.19085	0.08235	0.13408	0.00223	0.02205	0.05017	0.00312	0.00383
2	0.00947	0.56258	0.22469	0.00764	0.01157	0.01267	0.00834	0.01158	0.00797	0.01029	0.00594	0.00691	0.00504	0.00336	0.00283	0.00090	0.00440	0.00229	0.00172	0.09981
3	0.00833	0.00897	0.13535	0.00683	0.01042	0.00614	0.00632	0.01042	0.00805	0.03967	0.00708	0.00826	0.00571	0.00327	0.00357	0.00076	0.05023	0.00250	0.00225	0.67590
4	0.00606	0.00446	0.00546	0.00571	0.00647	0.00453	0.00432	0.00814	0.09618	0.01087	0.06399	0.12332	0.10050	0.23018	0.05727	0.00238	0.00352	0.24288	0.02030	0.00345
5	0.00594	0.00475	0.00536	0.00569	0.00644	0.05015	0.00431	0.00710	0.00862	0.01111	0.16735	0.19925	0.13613	0.13135	0.00697	0.00181	0.00299	0.23790	0.00344	0.00334
6	0.01009	0.77535	0.10862	0.00711	0.01068	0.01466	0.00746	0.01168	0.00791	0.00946	0.00556	0.00643	0.00497	0.00336	0.00262	0.00087	0.00432	0.00216	0.00166	0.00506
7	0.00503	0.00375	0.00502	0.00557	0.00609	0.00349	0.02119	0.00594	0.00787	0.01035	0.05805	0.58433	0.12377	0.04689	0.00554	0.00163	0.00249	0.09621	0.00354	0.00324
8	0.01485	0.01067	0.01152	0.00883	0.01193	0.01174	0.00729	0.79084	0.01791	0.06068	0.00957	0.00948	0.00673	0.00466	0.00388	0.00117	0.00422	0.00351	0.00392	0.00659
9	0.00480	0.00346	0.00454	0.00527	0.00562	0.00321	0.00357	0.00561	0.00786	0.01052	0.10822	0.73506	0.06471	0.01159	0.00489	0.00152	0.00219	0.01047	0.00367	0.00321
10	0.06491	0.19223	0.48428	0.00937	0.01380	0.05938	0.01084	0.01315	0.09506	0.01220	0.00741	0.00825	0.00561	0.00379	0.00337	0.00114	0.00502	0.00279	0.00195	0.00545
11	0.00471	0.00382	0.00419	0.00439	0.00542	0.00330	0.00321	0.00570	0.00867	0.01070	0.08573	0.21579	0.59061	0.01023	0.00468	0.00137	0.00206	0.02850	0.00364	0.00328
12	0.03872	0.02871	0.01251	0.03086	0.21019	0.27751	0.06269	0.08537	0.12286	0.02875	0.00853	0.02725	0.00692	0.00426	0.00396	0.00115	0.02661	0.00343	0.00249	0.01722
