[name]
unknown

[dist]
# distance from previous block
# <min> <max>
0	50

[block]
# block no. 0 follows, 62 sequences, length 43
# corresponding to MSA columns:
# 54-75,77-97
name=unknown_A
#
# <colnr> <probs for GDERKNQSTAVLIFYWHMCP>
#	G	D	E	R	K	N	Q	S	T	A	V	L	I	F	Y	W	H	M	C	P
0	0.00614	0.00462	0.00687	0.00693	0.00766	0.00536	0.00541	0.00763	0.00704	0.01007	0.01237	0.05500	0.01200	0.02965	0.74123	0.00628	0.02594	0.04358	0.00243	0.00381
1	0.00591	0.00453	0.00531	0.00537	0.00644	0.00415	0.00394	0.04593	0.01039	0.01356	0.24257	0.26685	0.33669	0.01069	0.00512	0.00149	0.00235	0.02070	0.00416	0.00385
2	0.01175	0.81163	0.02169	0.00729	0.01092	0.01632	0.00723	0.01313	0.00882	0.04999	0.00645	0.00720	0.00571	0.00372	0.00281	0.00093	0.00450	0.00237	0.00199	0.00555
3	0.02938	0.47479	0.21603	0.00950	0.01362	0.07676	0.07107	0.01328	0.00911	0.02326	0.00712	0.02562	0.00606	0.00403	0.00339	0.00110	0.00533	0.00297	0.00198	0.00561
4	0.01460	0.13067	0.05472	0.00935	0.01278	0.02659	0.00813	0.55238	0.06857	0.04679	0.01036	0.02792	0.00778	0.00506	0.00405	0.00125	0.00463	0.00381	0.00378	0.00679
5	0.01035	0.00680	0.00818	0.00760	0.03636	0.00694	0.00565	0.07107	0.22609	0.16251	0.22862	0.10160	0.07844	0.00741	0.00462	0.00139	0.00301	0.00635	0.02145	0.00556
6	0.01224	0.03559	0.01154	0.00995	0.05093	0.03094	0.02309	0.25729	0.45612	0.01963	0.01414	0.03716	0.01086	0.00555	0.00429	0.00137	0.00403	0.00455	0.00402	0.00669
7	0.00649	0.00402	0.00486	0.00486	0.00486	0.00402	0.00286	0.00603	0.00603	0.00804	0.01191	0.02414	0.01346	0.64301	0.02041	0.22061	0.00402	0.00557	0.00240	0.00240
8	0.02437	0.30421	0.47876	0.01058	0.03465	0.01242	0.01220	0.05415	0.00942	0.01308	0.00716	0.00831	0.00553	0.00395	0.00359	0.00119	0.00553	0.00288	0.00195	0.00604
9	0.06764	0.01163	0.01215	0.00945	0.01274	0.03124	0.00777	0.68849	0.05132	0.04950	0.01036	0.01032	0.00737	0.00505	0.00415	0.00128	0.00458	0.00377	0.00415	0.00701
10	0.00594	0.00403	0.00476	0.00504	0.00512	0.00397	0.00302	0.00617	0.00677	0.00901	0.01618	0.23984	0.01892	0.61763	0.01715	0.00346	0.00369	0.02350	0.00296	0.00283
11	0.19598	0.03056	0.01474	0.01342	0.12792	0.23376	0.18140	0.01373	0.00943	0.01341	0.00693	0.00895	0.00570	0.00445	0.00527	0.00134	0.12213	0.00342	0.00221	0.00527
12	0.00518	0.00370	0.00494	0.00592	0.00617	0.00346	0.00395	0.00592	0.00815	0.01086	0.02345	0.84768	0.02814	0.01333	0.00543	0.00173	0.00247	0.01210	0.00395	0.00346
13	0.01138	0.85302	0.02230	0.00728	0.01092	0.01684	0.00728	0.01274	0.00865	0.01001	0.00592	0.00683	0.00546	0.00364	0.00273	0.00091	0.00455	0.00228	0.00182	0.00546
14	0.01140	0.00865	0.01176	0.00871	0.01225	0.00768	0.11958	0.15311	0.01136	0.11850	0.01016	0.05330	0.00815	0.00435	0.00387	0.00100	0.00402	0.00382	0.00319	0.44515
15	0.00804	0.00756	0.01276	0.84023	0.02931	0.00945	0.01182	0.01087	0.00851	0.01087	0.00756	0.01134	0.00567	0.00425	0.00425	0.00142	0.00567	0.00378	0.00189	0.00473
16	0.00517	0.00375	0.00489	0.00579	0.00614	0.00347	0.00389	0.00594	0.00827	0.01091	0.02503	0.78274	0.09207	0.01313	0.00540	0.00170	0.00244	0.01185	0.00395	0.00347
17	0.00617	0.00512	0.00609	0.00639	0.00718	0.04462	0.03126	0.02846	0.00910	0.01165	0.04771	0.59465	0.16204	0.01177	0.00523	0.00161	0.00287	0.01052	0.00383	0.00375
18	0.01004	0.01148	0.02511	0.01793	0.02224	0.01076	0.80846	0.01363	0.01004	0.01363	0.00861	0.01148	0.00646	0.00359	0.00502	0.00143	0.00717	0.00502	0.00215	0.00574
19	0.01868	0.00790	0.01028	0.00788	0.01119	0.00723	0.00651	0.13222	0.01328	0.71382	0.01586	0.01388	0.01007	0.00524	0.00428	0.00131	0.00377	0.00422	0.00512	0.00724
20	0.00520	0.00421	0.00463	0.00475	0.00591	0.00363	0.00347	0.00636	0.00978	0.01222	0.15648	0.17877	0.56790	0.01091	0.00510	0.00147	0.00219	0.00933	0.00406	0.00363
21	0.01151	0.20151	0.01650	0.06394	0.36848	0.13335	0.01021	0.04911	0.04955	0.01295	0.00789	0.00969	0.00660	0.00472	0.02277	0.00131	0.01831	0.00336	0.00225	0.00599
22	0.05451	0.01141	0.09007	0.14273	0.08398	0.06905	0.17701	0.10030	0.01000	0.01392	0.00792	0.01053	0.00633	0.00656	0.06315	0.00180	0.13909	0.00388	0.00230	0.00546
23	0.00923	0.00852	0.00985	0.00875	0.01034	0.13058	0.10611	0.11026	0.02073	0.02704	0.04030	0.39127	0.05036	0.02835	0.00552	0.00156	0.02524	0.00795	0.00346	0.00458
24	0.79924	0.00844	0.00748	0.00645	0.00905	0.00976	0.04416	0.01246	0.00735	0.01843	0.00604	0.00724	0.00474	0.00409	0.00325	0.00135	0.04074	0.00250	0.00258	0.00467
25	0.00614	0.00416	0.00493	0.00497	0.00507	0.00425	0.00298	0.00636	0.00634	0.00855	0.01353	0.05742	0.01534	0.71572	0.12332	0.00438	0.00498	0.00621	0.00259	0.00277
26	0.00969	0.03438	0.25055	0.01343	0.18451	0.02427	0.04180	0.08338	0.02090	0.03082	0.06471	0.03215	0.08084	0.00561	0.00545	0.00139	0.10319	0.00450	0.00264	0.00579
27	0.01211	0.01378	0.01307	0.07140	0.14558	0.35588	0.00949	0.01369	0.02201	0.01106	0.00688	0.00927	0.00599	0.00600	0.02997	0.00154	0.26169	0.00337	0.00209	0.00512
28	0.00882	0.00756	0.00882	0.00630	0.01008	0.00567	0.00504	0.01071	0.00882	0.01387	0.00756	0.00882	0.00630	0.00315	0.00315	0.00063	0.00315	0.00252	0.00252	0.87647
29	0.01058	0.00914	0.00962	0.00866	0.01106	0.01058	0.00673	0.02261	0.81623	0.01780	0.01732	0.01588	0.01299	0.00577	0.00433	0.00144	0.00337	0.00481	0.00433	0.00673
30	0.00523	0.00374	0.00498	0.00589	0.00618	0.00349	0.00395	0.00605	0.00838	0.01123	0.07112	0.79896	0.02886	0.01305	0.00541	0.00170	0.00244	0.01183	0.00399	0.00349
31	0.00532	0.00432	0.00472	0.00462	0.00593	0.00372	0.00347	0.00668	0.01040	0.01315	0.27434	0.03823	0.58992	0.01016	0.00503	0.00141	0.00211	0.00860	0.00417	0.00372
32	0.01004	0.01148	0.02511	0.01793	0.02224	0.01076	0.80846	0.01363	0.01004	0.01363	0.00861	0.01148	0.00646	0.00359	0.00502	0.00143	0.00717	0.00502	0.00215	0.00574
33	0.01671	0.01106	0.01224	0.00938	0.01277	0.01192	0.00775	0.66490	0.01857	0.17367	0.01142	0.01100	0.00784	0.00514	0.00426	0.00128	0.00449	0.00391	0.00444	0.00724
34	0.01345	0.01161	0.01373	0.01364	0.18544	0.07672	0.02737	0.38973	0.07883	0.01954	0.00937	0.01044	0.00721	0.00510	0.00554	0.00136	0.11730	0.00383	0.00327	0.00653
35	0.03174	0.00792	0.01013	0.00782	0.01103	0.00736	0.00644	0.14996	0.01338	0.65122	0.04654	0.01433	0.01104	0.00535	0.00428	0.00131	0.00373	0.00431	0.00504	0.00707
36	0.00503	0.00429	0.00433	0.00436	0.00576	0.00359	0.00325	0.00610	0.00965	0.01148	0.04254	0.06403	0.79948	0.01085	0.00504	0.00145	0.00216	0.00907	0.00395	0.00359
37	0.00923	0.00797	0.00980	0.00737	0.02914	0.00636	0.03564	0.04191	0.02630	0.01444	0.00792	0.00916	0.00649	0.00331	0.00331	0.00072	0.00341	0.00274	0.00260	0.77217
38	0.00525	0.00375	0.00501	0.00600	0.00627	0.00351	0.00406	0.00604	0.00821	0.01093	0.02342	0.81687	0.02800	0.01327	0.00545	0.00174	0.00252	0.04227	0.00395	0.00347
39	0.01885	0.00763	0.01011	0.00775	0.01106	0.00683	0.00641	0.08623	0.01283	0.76046	0.01624	0.01413	0.01026	0.00525	0.00428	0.00131	0.00371	0.00424	0.00518	0.00724
40	0.00522	0.00376	0.00488	0.00577	0.00608	0.00349	0.00384	0.00595	0.00816	0.01079	0.02425	0.76028	0.07779	0.05033	0.00613	0.00182	0.00252	0.01164	0.00389	0.00343
41	0.00948	0.04935	0.46963	0.01405	0.01934	0.04220	0.30818	0.01364	0.00948	0.01328	0.00789	0.00977	0.00579	0.00387	0.00435	0.00135	0.00660	0.00379	0.00194	0.00600
42	0.04804	0.07226	0.41781	0.01395	0.03060	0.01067	0.31949	0.01344	0.00930	0.01356	0.00783	0.00973	0.00579	0.00383	0.00427	0.00135	0.00636	0.00378	0.00198	0.00595

[dist]
# distance from previous block
# <min> <max>
0	1

[block]
# block no. 1 follows, 62 sequences, length 29
# corresponding to MSA columns:
# 99-127
name=unknown_B
#
# <colnr> <probs for GDERKNQSTAVLIFYWHMCP>
#	G	D	E	R	K	N	Q	S	T	A	V	L	I	F	Y	W	H	M	C	P
0	0.00853	0.00806	0.01365	0.68011	0.18559	0.00958	0.01206	0.01130	0.00874	0.01147	0.00765	0.01118	0.00588	0.00416	0.00425	0.00139	0.00555	0.00378	0.00193	0.00512
1	0.01138	0.85302	0.02230	0.00728	0.01092	0.01684	0.00728	0.01274	0.00865	0.01001	0.00592	0.00683	0.00546	0.00364	0.00273	0.00091	0.00455	0.00228	0.00182	0.00546
2	0.00523	0.00432	0.00459	0.00452	0.00587	0.00368	0.00339	0.00649	0.01017	0.01261	0.19935	0.03911	0.66525	0.01036	0.00503	0.00142	0.00213	0.00872	0.00410	0.00368
3	0.00504	0.00427	0.00435	0.00441	0.00577	0.00358	0.00328	0.00610	0.00961	0.01146	0.04194	0.08889	0.77501	0.01093	0.00505	0.00145	0.00217	0.00917	0.00395	0.00358
4	0.01909	0.00724	0.00987	0.00757	0.01086	0.00625	0.00625	0.02074	0.01218	0.82687	0.01679	0.01448	0.01053	0.00527	0.00428	0.00132	0.00362	0.00428	0.00527	0.00724
5	0.01016	0.00973	0.01661	0.14626	0.70665	0.01001	0.01288	0.01274	0.00951	0.01345	0.00794	0.01065	0.00658	0.00386	0.00422	0.00129	0.00515	0.00379	0.00207	0.00644
6	0.01891	0.00754	0.01006	0.00771	0.01101	0.00669	0.00637	0.07070	0.01267	0.77620	0.01637	0.01421	0.01032	0.00526	0.00428	0.00131	0.00369	0.00425	0.00520	0.00724
7	0.01614	0.01041	0.01220	0.03374	0.06117	0.01107	0.00798	0.51355	0.04586	0.22578	0.01191	0.01154	0.00820	0.00507	0.00426	0.00130	0.00442	0.00397	0.00432	0.00712
8	0.01058	0.00914	0.00962	0.00866	0.01106	0.01058	0.00673	0.02261	0.81623	0.01780	0.01732	0.01588	0.01299	0.00577	0.00433	0.00144	0.00337	0.00481	0.00433	0.00673
9	0.88052	0.00823	0.00625	0.00560	0.00823	0.00955	0.00461	0.01251	0.00724	0.01909	0.00592	0.00691	0.00461	0.00395	0.00263	0.00132	0.00329	0.00230	0.00263	0.00461
10	0.01592	0.01179	0.01263	0.00974	0.01310	0.01308	0.00803	0.77414	0.05601	0.02641	0.01054	0.01047	0.00750	0.00514	0.00426	0.00128	0.00462	0.00388	0.00426	0.00721
11	0.88052	0.00823	0.00625	0.00560	0.00823	0.00955	0.00461	0.01251	0.00724	0.01909	0.00592	0.00691	0.00461	0.00395	0.00263	0.00132	0.00329	0.00230	0.00263	0.00461
12	0.01053	0.01011	0.01727	0.02612	0.82392	0.01011	0.01306	0.01306	0.00969	0.01390	0.00800	0.01053	0.00674	0.00379	0.00421	0.00126	0.00505	0.00379	0.00211	0.00674
13	0.01058	0.00914	0.00962	0.00866	0.01106	0.01058	0.00673	0.02261	0.81623	0.01780	0.01732	0.01588	0.01299	0.00577	0.00433	0.00144	0.00337	0.00481	0.00433	0.00673
14	0.07999	0.00562	0.00721	0.00657	0.00836	0.00517	0.00499	0.01294	0.01007	0.36189	0.07266	0.36965	0.01954	0.00882	0.00469	0.00149	0.00300	0.00768	0.00446	0.00521
15	0.01897	0.00744	0.01000	0.00767	0.01096	0.00655	0.00633	0.05475	0.01252	0.79238	0.01650	0.01430	0.01039	0.00526	0.00428	0.00131	0.00367	0.00426	0.00522	0.00724
16	0.00608	0.00456	0.00684	0.00684	0.00760	0.00532	0.00532	0.00760	0.00684	0.00988	0.01140	0.01672	0.01064	0.03191	0.83360	0.00684	0.01140	0.00456	0.00228	0.00380
17	0.00961	0.00530	0.00656	0.00624	0.00762	0.00511	0.00473	0.08318	0.01055	0.17139	0.07677	0.32823	0.01982	0.00881	0.00457	0.00143	0.00284	0.05197	0.19055	0.00471
18	0.00512	0.00427	0.00446	0.00451	0.00583	0.00361	0.00335	0.00624	0.00976	0.01186	0.10003	0.10148	0.70326	0.01081	0.00506	0.00145	0.00217	0.00912	0.00401	0.00361
19	0.00882	0.00756	0.00882	0.00630	0.01008	0.00567	0.00504	0.01071	0.00882	0.01387	0.00756	0.00882	0.00630	0.00315	0.00315	0.00063	0.00315	0.00252	0.00252	0.87647
20	0.00551	0.00431	0.00499	0.00485	0.00605	0.00379	0.00363	0.00703	0.01079	0.01416	0.41793	0.05578	0.42628	0.00984	0.00503	0.00140	0.00209	0.00844	0.00430	0.00379
21	0.00526	0.00418	0.00472	0.00488	0.00596	0.00364	0.00355	0.00644	0.00981	0.01245	0.19189	0.22344	0.48683	0.01095	0.00512	0.00148	0.00220	0.00944	0.00410	0.00364
22	0.01031	0.01343	0.12291	0.01647	0.02074	0.07716	0.62469	0.01379	0.00998	0.01326	0.00824	0.01080	0.00622	0.00381	0.00504	0.00141	0.02933	0.00457	0.00210	0.00571
23	0.01388	0.01307	0.01104	0.00954	0.01214	0.26766	0.00744	0.18044	0.35592	0.06540	0.01249	0.01208	0.00933	0.00517	0.00416	0.00129	0.00499	0.00393	0.00370	0.00630
24	0.00507	0.00417	0.00446	0.00469	0.00585	0.00356	0.00340	0.00606	0.00933	0.01135	0.03848	0.23066	0.63547	0.01138	0.00512	0.00151	0.00223	0.00971	0.00395	0.00356
25	0.00521	0.00378	0.00493	0.00584	0.00620	0.00350	0.00396	0.00601	0.00832	0.01096	0.02507	0.75974	0.09456	0.01308	0.00541	0.00171	0.00248	0.03178	0.00395	0.00348
26	0.01151	0.13450	0.15531	0.05958	0.01472	0.09400	0.10290	0.11385	0.10147	0.07406	0.04375	0.05596	0.00965	0.00508	0.00415	0.00129	0.00514	0.00426	0.00296	0.00587
27	0.00997	0.14920	0.09078	0.02586	0.02810	0.07060	0.06586	0.01225	0.04348	0.08695	0.01007	0.01343	0.00868	0.09249	0.21181	0.00292	0.05465	0.00400	0.01390	0.00500
28	0.05961	0.05526	0.13081	0.02952	0.42916	0.08449	0.03721	0.04296	0.01000	0.03555	0.00853	0.04244	0.00718	0.00434	0.00407	0.00127	0.00527	0.00382	0.00232	0.00617

[dist]
# distance from previous block
# <min> <max>
0	14

[block]
# block no. 2 follows, 62 sequences, length 31
# corresponding to MSA columns:
# 142-172
name=unknown_C
#
# <colnr> <probs for GDERKNQSTAVLIFYWHMCP>
#	G	D	E	R	K	N	Q	S	T	A	V	L	I	F	Y	W	H	M	C	P
0	0.09839	0.06713	0.28548	0.02239	0.03840	0.09918	0.08649	0.10771	0.07099	0.01522	0.00939	0.06352	0.00772	0.00485	0.00403	0.00132	0.00541	0.00395	0.00259	0.00582
1	0.04149	0.01117	0.04221	0.05230	0.10061	0.12866	0.04275	0.13104	0.04063	0.05718	0.02748	0.02680	0.00783	0.00495	0.00536	0.00126	0.12049	0.00372	0.00281	0.15127
2	0.27454	0.02167	0.12160	0.01115	0.12375	0.02177	0.05497	0.16915	0.01098	0.07856	0.00860	0.00964	0.00640	0.00438	0.00395	0.00130	0.02643	0.00334	0.04191	0.00589
3	0.00904	0.00789	0.00785	0.00709	0.00912	0.05059	0.00549	0.08313	0.36020	0.01593	0.08903	0.02499	0.29708	0.00762	0.00460	0.00140	0.00317	0.00631	0.00411	0.00537
4	0.00787	0.00704	0.01149	0.10981	0.25531	0.00709	0.07668	0.03237	0.00929	0.01255	0.01658	0.33511	0.06776	0.00815	0.00484	0.00150	0.00409	0.02453	0.00301	0.00491
5	0.40916	0.00952	0.00936	0.00754	0.01058	0.01047	0.00622	0.32615	0.01300	0.14654	0.00928	0.00937	0.00655	0.00461	0.00352	0.00130	0.00389	0.00321	0.00367	0.00604
6	0.00523	0.00427	0.00462	0.00463	0.00589	0.00366	0.00343	0.00646	0.01004	0.01252	0.19106	0.09655	0.61571	0.01056	0.00506	0.00144	0.00215	0.00896	0.00409	0.00366
7	0.00521	0.00432	0.00455	0.00450	0.00586	0.00367	0.00337	0.00645	0.01011	0.01248	0.18118	0.03932	0.68350	0.01041	0.00503	0.00142	0.00213	0.00875	0.00408	0.00367
8	0.00529	0.00378	0.00506	0.00605	0.00634	0.00355	0.00414	0.00611	0.00825	0.01098	0.02339	0.79668	0.02791	0.01323	0.00546	0.00174	0.00256	0.06205	0.00395	0.00349
9	0.00643	0.00444	0.00582	0.00542	0.00650	0.00409	0.00409	0.00843	0.01205	0.04260	0.79629	0.03124	0.03921	0.00859	0.00500	0.00134	0.00206	0.00759	0.00470	0.00412
10	0.00882	0.00756	0.00882	0.00630	0.01008	0.00567	0.00504	0.01071	0.00882	0.01387	0.00756	0.00882	0.00630	0.00315	0.00315	0.00063	0.00315	0.00252	0.00252	0.87647
11	0.01087	0.00928	0.00978	0.00872	0.01118	0.01072	0.00681	0.06350	0.77487	0.01827	0.01695	0.01558	0.01269	0.00574	0.00433	0.00143	0.00344	0.00476	0.00433	0.00676
12	0.00861	0.00815	0.01381	0.65170	0.21332	0.00961	0.01210	0.01138	0.00878	0.01157	0.00766	0.01116	0.00592	0.00415	0.00424	0.00138	0.00553	0.00378	0.00194	0.00519
13	0.00863	0.04974	0.80151	0.01197	0.01817	0.01011	0.01544	0.01345	0.00897	0.01336	0.00758	0.00891	0.00539	0.00403	0.00400	0.00133	0.00623	0.00312	0.00180	0.00626
14	0.00518	0.00370	0.00494	0.00592	0.00617	0.00346	0.00395	0.00592	0.00815	0.01086	0.02345	0.84768	0.02814	0.01333	0.00543	0.00173	0.00247	0.01210	0.00395	0.00346
15	0.01769	0.00914	0.01101	0.00848	0.01179	0.00912	0.00699	0.33120	0.03971	0.48750	0.01422	0.01285	0.00931	0.00522	0.00427	0.00130	0.00403	0.00412	0.00484	0.00722
16	0.01193	0.07638	0.11111	0.01319	0.03978	0.26380	0.26697	0.05465	0.03380	0.01315	0.03794	0.01039	0.00741	0.00437	0.00463	0.00128	0.03746	0.00385	0.00235	0.00556
17	0.01004	0.01148	0.02511	0.01793	0.02224	0.01076	0.80846	0.01363	0.01004	0.01363	0.00861	0.01148	0.00646	0.00359	0.00502	0.00143	0.00717	0.00502	0.00215	0.00574
18	0.00692	0.00452	0.00591	0.00546	0.00661	0.00416	0.00413	0.00890	0.01196	0.06921	0.74613	0.03020	0.03738	0.00837	0.00491	0.00133	0.00211	0.00737	0.03020	0.00422
19	0.00975	0.09323	0.01121	0.03016	0.01078	0.00907	0.07237	0.10848	0.17898	0.04238	0.01249	0.06386	0.01111	0.12170	0.13503	0.02821	0.03505	0.00489	0.01614	0.00510
20	0.01186	0.03900	0.10547	0.01471	0.12840	0.08932	0.28226	0.09946	0.04231	0.08829	0.03104	0.01224	0.00826	0.00446	0.00446	0.00133	0.00581	0.02241	0.00280	0.00610
21	0.00623	0.00424	0.00525	0.00518	0.00571	0.00406	0.00347	0.00725	0.00911	0.02564	0.36855	0.11243	0.02762	0.37011	0.01220	0.00258	0.00302	0.02025	0.00370	0.00339
22	0.00549	0.00405	0.00510	0.00572	0.00629	0.00379	0.00399	0.00666	0.02570	0.01163	0.09838	0.55088	0.14631	0.05577	0.00618	0.00178	0.00256	0.05218	0.00395	0.00357
23	0.01070	0.05917	0.50699	0.01265	0.08210	0.10391	0.03033	0.08834	0.02087	0.03446	0.00808	0.00925	0.00593	0.00418	0.00402	0.00129	0.00603	0.00326	0.00222	0.00624
24	0.01101	0.01079	0.04130	0.02313	0.62971	0.01049	0.09845	0.09590	0.01078	0.01520	0.00829	0.01056	0.00672	0.00391	0.00430	0.00129	0.00528	0.00391	0.00233	0.00667
25	0.00539	0.00392	0.00512	0.00600	0.00647	0.00366	0.00425	0.00632	0.00853	0.01117	0.02541	0.65833	0.11162	0.01286	0.00545	0.00173	0.00262	0.11368	0.00395	0.00353
26	0.00684	0.00553	0.00625	0.00615	0.00748	0.00562	0.00456	0.01112	0.23680	0.01432	0.19999	0.22601	0.23381	0.00953	0.00493	0.00149	0.00254	0.00828	0.00422	0.00454
27	0.00729	0.00559	0.00696	0.00732	0.05057	0.00563	0.00508	0.05973	0.09173	0.03274	0.18236	0.32193	0.16115	0.00982	0.00526	0.00151	0.02827	0.00856	0.00402	0.00446
28	0.00643	0.00490	0.00682	0.00664	0.00711	0.00573	0.00493	0.00746	0.00662	0.00945	0.01140	0.01915	0.01151	0.26169	0.52319	0.00558	0.09058	0.00494	0.00232	0.00354
29	0.00939	0.00570	0.00551	0.00505	0.00642	0.03645	0.00389	0.12265	0.01060	0.01720	0.01309	0.01476	0.01019	0.00496	0.00319	0.00104	0.00258	0.00390	0.71898	0.00446
30	0.18826	0.01316	0.01113	0.00918	0.01208	0.22450	0.00735	0.40572	0.03728	0.03921	0.00877	0.00915	0.00649	0.00471	0.00383	0.00124	0.00512	0.00328	0.00342	0.00610

[dist]
# distance from previous block
# <min> <max>
0	1

[block]
# block no. 3 follows, 62 sequences, length 9
# corresponding to MSA columns:
# 174-182
name=unknown_D
#
# <colnr> <probs for GDERKNQSTAVLIFYWHMCP>
#	G	D	E	R	K	N	Q	S	T	A	V	L	I	F	Y	W	H	M	C	P
0	0.01122	0.26533	0.07641	0.03822	0.17000	0.05198	0.03247	0.08082	0.04301	0.05387	0.02143	0.04968	0.00818	0.00545	0.02313	0.00136	0.05528	0.00381	0.00254	0.00582
1	0.00546	0.00429	0.00487	0.00479	0.00595	0.00377	0.00353	0.00682	0.01034	0.01339	0.33020	0.07628	0.45844	0.04600	0.00575	0.00153	0.00220	0.00854	0.00416	0.00370
2	0.11273	0.01024	0.01342	0.16538	0.26697	0.07440	0.02863	0.08715	0.07343	0.01475	0.00823	0.01030	0.00659	0.00465	0.00520	0.00138	0.10466	0.00364	0.00248	0.00576
3	0.05148	0.00734	0.00879	0.00745	0.00948	0.03027	0.05304	0.15498	0.06750	0.10077	0.21594	0.07193	0.08220	0.03230	0.02589	0.00157	0.00364	0.01790	0.05237	0.00515
4	0.00610	0.00415	0.00531	0.00562	0.00640	0.00378	0.00399	0.00730	0.00969	0.05349	0.25595	0.45996	0.13986	0.01124	0.00520	0.00156	0.00235	0.01001	0.00423	0.00382
5	0.01589	0.02028	0.01206	0.01096	0.01315	0.83338	0.00822	0.01699	0.01206	0.01041	0.00658	0.00767	0.00548	0.00438	0.00384	0.00110	0.00767	0.00274	0.00219	0.00493
6	0.00617	0.00411	0.00520	0.00568	0.00642	0.00371	0.00397	0.00712	0.00899	0.06758	0.08024	0.57770	0.18330	0.01197	0.00525	0.00162	0.00246	0.01065	0.00409	0.00378
7	0.01664	0.01165	0.01225	0.00949	0.01281	0.06128	0.00779	0.63191	0.01824	0.15789	0.01108	0.01077	0.00768	0.00509	0.00424	0.00127	0.00469	0.00384	0.00430	0.00710
8	0.05255	0.08626	0.01338	0.00979	0.03119	0.05209	0.04557	0.44652	0.04782	0.15663	0.01073	0.01065	0.00761	0.00484	0.00407	0.00126	0.00465	0.00374	0.00389	0.00675

[dist]
# distance from previous block
# <min> <max>
0	2

[block]
# block no. 4 follows, 62 sequences, length 31
# corresponding to MSA columns:
# 185-215
name=unknown_E
#
# <colnr> <probs for GDERKNQSTAVLIFYWHMCP>
#	G	D	E	R	K	N	Q	S	T	A	V	L	I	F	Y	W	H	M	C	P
0	0.04139	0.22113	0.01542	0.01070	0.05066	0.32516	0.08472	0.09356	0.04236	0.01303	0.00904	0.03421	0.03173	0.00467	0.00380	0.00116	0.00581	0.00353	0.00250	0.00543
1	0.00682	0.00503	0.03111	0.00623	0.00739	0.00443	0.00495	0.00843	0.00993	0.07009	0.27159	0.22525	0.11651	0.01244	0.08992	0.00209	0.00360	0.11608	0.00403	0.00409
2	0.05578	0.04635	0.01251	0.00943	0.01266	0.10899	0.00773	0.58382	0.01732	0.06969	0.00973	0.00984	0.00701	0.00487	0.00405	0.00123	0.00487	0.00357	0.00386	0.02670
3	0.05876	0.42349	0.20601	0.00875	0.01272	0.10507	0.00906	0.01359	0.02552	0.02930	0.00695	0.00793	0.00571	0.00394	0.00340	0.00107	0.01654	0.00266	0.00207	0.05746
4	0.01387	0.04056	0.01647	0.01223	0.01562	0.14927	0.27981	0.22328	0.03689	0.13319	0.01038	0.03078	0.00775	0.00466	0.00443	0.00131	0.00578	0.00429	0.00325	0.00618
5	0.00584	0.00428	0.00547	0.00530	0.00628	0.00392	0.00393	0.00762	0.01141	0.01587	0.66183	0.11476	0.11888	0.00938	0.00506	0.00139	0.00207	0.00827	0.00454	0.00392
6	0.00600	0.00499	0.00774	0.00749	0.00836	0.00484	0.10067	0.00719	0.00858	0.01143	0.04480	0.59711	0.09502	0.01150	0.00574	0.00167	0.04210	0.02729	0.00366	0.00382
7	0.07915	0.01173	0.01128	0.05193	0.08653	0.22411	0.03524	0.11624	0.15359	0.05273	0.02663	0.05165	0.05450	0.00554	0.00435	0.00132	0.02024	0.00439	0.00320	0.00564
8	0.01513	0.01130	0.01167	0.00927	0.01238	0.06898	0.00751	0.51956	0.12442	0.10244	0.01177	0.03135	0.00867	0.00528	0.00422	0.00128	0.00450	0.00408	0.00414	0.04204
9	0.00549	0.00414	0.00592	0.00644	0.00694	0.00386	0.04139	0.00642	0.00839	0.01119	0.04744	0.72932	0.04630	0.02971	0.00573	0.00175	0.00273	0.02939	0.00386	0.00358
10	0.00518	0.00370	0.00494	0.00592	0.00617	0.00346	0.00395	0.00592	0.00815	0.01086	0.02345	0.84768	0.02814	0.01333	0.00543	0.00173	0.00247	0.01210	0.00395	0.00346
11	0.01000	0.00673	0.00771	0.00714	0.00885	0.03161	0.00555	0.14548	0.06700	0.13421	0.07900	0.26114	0.11277	0.00917	0.00491	0.00152	0.00332	0.09464	0.00422	0.00502
12	0.01185	0.17441	0.38375	0.01065	0.01515	0.19133	0.03032	0.04361	0.01028	0.07943	0.00795	0.00885	0.00594	0.00417	0.00380	0.00121	0.00601	0.00306	0.00227	0.00594
13	0.06886	0.01178	0.02913	0.07881	0.32321	0.17447	0.05557	0.09087	0.01066	0.01414	0.00863	0.04927	0.00754	0.03313	0.00496	0.00139	0.02540	0.00401	0.00244	0.00573
14	0.00882	0.00756	0.00882	0.00630	0.01008	0.00567	0.00504	0.01071	0.00882	0.01387	0.00756	0.00882	0.00630	0.00315	0.00315	0.00063	0.00315	0.00252	0.00252	0.87647
15	0.00952	0.16759	0.64881	0.01106	0.01675	0.01094	0.01380	0.01368	0.00907	0.05035	0.00775	0.00886	0.00564	0.00403	0.00382	0.00127	0.00586	0.00304	0.00196	0.00619
16	0.00518	0.00432	0.00452	0.00447	0.00584	0.00365	0.00335	0.00639	0.01005	0.01232	0.15877	0.03959	0.70601	0.01047	0.00503	0.00142	0.00213	0.00879	0.00406	0.00365
17	0.00534	0.00414	0.00487	0.00507	0.00604	0.00367	0.00366	0.00657	0.00987	0.01280	0.24653	0.27966	0.37458	0.01098	0.00515	0.00150	0.00221	0.00957	0.00415	0.00367
18	0.00545	0.00433	0.00489	0.00475	0.00600	0.00377	0.00356	0.00692	0.01069	0.01385	0.37202	0.03708	0.49181	0.00990	0.00502	0.00140	0.00209	0.00844	0.00426	0.00377
19	0.12712	0.01033	0.01119	0.00873	0.01198	0.01112	0.00719	0.50804	0.04410	0.20058	0.01135	0.01092	0.00782	0.00502	0.00406	0.00130	0.00423	0.00377	0.00427	0.00688
20	0.01058	0.00914	0.00962	0.00866	0.01106	0.01058	0.00673	0.02261	0.81623	0.01780	0.01732	0.01588	0.01299	0.00577	0.00433	0.00144	0.00337	0.00481	0.00433	0.00673
21	0.00882	0.00756	0.00882	0.00630	0.01008	0.00567	0.00504	0.01071	0.00882	0.01387	0.00756	0.00882	0.00630	0.00315	0.00315	0.00063	0.00315	0.00252	0.00252	0.87647
22	0.12431	0.00978	0.01061	0.00839	0.01154	0.03866	0.00687	0.32667	0.07563	0.32518	0.01256	0.01175	0.00852	0.00505	0.00405	0.00130	0.00412	0.00385	0.00437	0.00679
23	0.00990	0.00955	0.01649	0.22373	0.59832	0.00998	0.04489	0.01255	0.00942	0.01315	0.00792	0.01077	0.00647	0.00390	0.00426	0.00131	0.00529	0.00384	0.00206	0.00621
24	0.00524	0.00379	0.00496	0.00578	0.00616	0.00351	0.00391	0.00610	0.00855	0.01140	0.08832	0.73347	0.07746	0.01281	0.00537	0.00168	0.00241	0.01156	0.00401	0.00351
25	0.00684	0.00581	0.00621	0.00650	0.02656	0.05718	0.00461	0.04541	0.04154	0.01309	0.14765	0.32419	0.25836	0.01037	0.00503	0.00151	0.00287	0.02826	0.00393	0.00407
26	0.03465	0.09024	0.02799	0.01313	0.08182	0.19626	0.23929	0.06863	0.07093	0.10826	0.00943	0.01052	0.00710	0.00432	0.00436	0.00128	0.01923	0.00386	0.00279	0.00592
27	0.00635	0.00487	0.00602	0.00596	0.00692	0.00484	0.00447	0.02231	0.02645	0.02982	0.24489	0.25338	0.25272	0.01035	0.00583	0.00154	0.06941	0.03588	0.00402	0.00397
28	0.00522	0.00381	0.00494	0.00581	0.00622	0.00352	0.00397	0.00604	0.00837	0.01100	0.02557	0.73206	0.11469	0.01300	0.00540	0.00170	0.00248	0.03875	0.00395	0.00349
29	0.00990	0.11383	0.45391	0.01267	0.08118	0.08955	0.07675	0.01414	0.06336	0.01306	0.00847	0.02933	0.00665	0.00431	0.00402	0.00129	0.00591	0.00353	0.00211	0.00602
30	0.05754	0.01136	0.09775	0.02982	0.18148	0.05752	0.03242	0.11710	0.25249	0.06544	0.01200	0.02827	0.00936	0.00507	0.00422	0.00136	0.00460	0.02253	0.00331	0.00637

[dist]
# distance from previous block
# <min> <max>
1	14

[block]
# block no. 5 follows, 62 sequences, length 36
# corresponding to MSA columns:
# 230-265
name=unknown_F
#
# <colnr> <probs for GDERKNQSTAVLIFYWHMCP>
#	G	D	E	R	K	N	Q	S	T	A	V	L	I	F	Y	W	H	M	C	P
0	0.01167	0.11445	0.01124	0.00933	0.09038	0.04681	0.00676	0.11866	0.09075	0.15936	0.04658	0.10791	0.05626	0.03644	0.02794	0.00156	0.00414	0.02757	0.00363	0.02854
1	0.00540	0.00415	0.00484	0.00502	0.00593	0.00370	0.00357	0.00654	0.00963	0.01248	0.23011	0.24793	0.36182	0.07163	0.00633	0.00168	0.00234	0.00927	0.00403	0.00359
2	0.02456	0.22344	0.01394	0.00889	0.02424	0.18039	0.00731	0.27245	0.03092	0.02848	0.03087	0.01109	0.04754	0.00531	0.01875	0.00122	0.00504	0.00351	0.00304	0.05900
3	0.00592	0.00403	0.00523	0.00586	0.00641	0.00373	0.00409	0.00686	0.00873	0.04315	0.08789	0.60203	0.08918	0.05358	0.00615	0.00179	0.00262	0.05513	0.00399	0.00364
4	0.03425	0.17668	0.11708	0.02427	0.19963	0.03486	0.00978	0.24522	0.04318	0.01687	0.00925	0.03728	0.00766	0.00475	0.00394	0.00124	0.00487	0.02007	0.00283	0.00628
5	0.01235	0.17312	0.09925	0.02337	0.07388	0.19574	0.06539	0.08800	0.14490	0.03896	0.00922	0.01005	0.00720	0.00454	0.00427	0.00124	0.03642	0.00347	0.00269	0.00593
6	0.00558	0.00407	0.00527	0.00572	0.00632	0.00381	0.00400	0.00702	0.02684	0.01319	0.30101	0.51543	0.06289	0.01146	0.00525	0.00158	0.00232	0.01029	0.00421	0.00373
7	0.01059	0.00991	0.02824	0.17542	0.47134	0.01036	0.02601	0.09349	0.10413	0.01506	0.00923	0.01127	0.00729	0.00424	0.00425	0.00132	0.00500	0.00392	0.00253	0.00638
8	0.00923	0.00834	0.00786	0.00719	0.00807	0.15400	0.00515	0.09500	0.00895	0.01119	0.02610	0.01931	0.01176	0.40638	0.13169	0.00343	0.07494	0.00491	0.00263	0.00387
9	0.00535	0.00383	0.00491	0.00570	0.00600	0.00359	0.00379	0.00604	0.00802	0.01059	0.02326	0.66758	0.07480	0.12686	0.00762	0.00204	0.00271	0.03018	0.00376	0.00336
10	0.00793	0.00547	0.00670	0.00611	0.00755	0.00543	0.00467	0.01181	0.16484	0.07833	0.58500	0.02700	0.03192	0.00778	0.00477	0.00135	0.00239	0.00678	0.02940	0.00477
11	0.00512	0.00431	0.00444	0.00441	0.00580	0.00363	0.00331	0.00629	0.00992	0.01201	0.11549	0.04010	0.74948	0.01058	0.00503	0.00143	0.00214	0.00886	0.00402	0.00363
12	0.01138	0.85302	0.02230	0.00728	0.01092	0.01684	0.00728	0.01274	0.00865	0.01001	0.00592	0.00683	0.00546	0.00364	0.00273	0.00091	0.00455	0.00228	0.00182	0.00546
13	0.00853	0.02201	0.82841	0.01213	0.01842	0.00988	0.01572	0.01348	0.00898	0.01348	0.00764	0.00898	0.00539	0.00404	0.00404	0.00135	0.00629	0.00314	0.00180	0.00629
14	0.00753	0.00468	0.00617	0.00561	0.00688	0.00427	0.00427	0.00949	0.01206	0.11037	0.72893	0.02979	0.03674	0.00830	0.00493	0.00134	0.00219	0.00730	0.00475	0.00439
15	0.01138	0.85302	0.02230	0.00728	0.01092	0.01684	0.00728	0.01274	0.00865	0.01001	0.00592	0.00683	0.00546	0.00364	0.00273	0.00091	0.00455	0.00228	0.00182	0.00546
16	0.00518	0.00370	0.00494	0.00592	0.00617	0.00346	0.00395	0.00592	0.00815	0.01086	0.02345	0.84768	0.02814	0.01333	0.00543	0.00173	0.00247	0.01210	0.00395	0.00346
17	0.00574	0.00439	0.00529	0.00521	0.00637	0.00394	0.00400	0.00740	0.01096	0.01460	0.45803	0.03672	0.32665	0.00976	0.00511	0.00143	0.00225	0.08397	0.00434	0.00385
18	0.00539	0.00383	0.00501	0.00588	0.00617	0.00362	0.00397	0.00613	0.00807	0.01072	0.02270	0.69964	0.04058	0.10002	0.00713	0.00199	0.00272	0.05924	0.00381	0.00340
19	0.01395	0.01081	0.01152	0.00934	0.01235	0.01216	0.00755	0.49652	0.33684	0.02323	0.01304	0.01247	0.00953	0.00537	0.00429	0.00134	0.00416	0.00422	0.00429	0.00704
20	0.00613	0.00434	0.00572	0.00572	0.00609	0.00471	0.00392	0.00688	0.00651	0.00905	0.01242	0.02238	0.01309	0.44822	0.42065	0.00546	0.00770	0.00539	0.00243	0.00318
21	0.88052	0.00823	0.00625	0.00560	0.00823	0.00955	0.00461	0.01251	0.00724	0.01909	0.00592	0.00691	0.00461	0.00395	0.00263	0.00132	0.00329	0.00230	0.00263	0.00461
22	0.00608	0.00456	0.00684	0.00684	0.00760	0.00532	0.00532	0.00760	0.00684	0.00988	0.01140	0.01672	0.01064	0.03191	0.83360	0.00684	0.01140	0.00456	0.00228	0.00380
23	0.00908	0.09787	0.10856	0.01395	0.10122	0.00966	0.31653	0.01200	0.02304	0.01278	0.01169	0.09550	0.01111	0.01799	0.00520	0.00150	0.02697	0.11747	0.00253	0.00535
24	0.01070	0.40985	0.38020	0.00952	0.01431	0.01300	0.01100	0.03398	0.00930	0.06185	0.00746	0.00834	0.00578	0.00396	0.00345	0.00114	0.00527	0.00282	0.00208	0.00598
25	0.01138	0.85302	0.02230	0.00728	0.01092	0.01684	0.00728	0.01274	0.00865	0.01001	0.00592	0.00683	0.00546	0.00364	0.00273	0.00091	0.00455	0.00228	0.00182	0.00546
26	0.00518	0.00370	0.00494	0.00592	0.00617	0.00346	0.00395	0.00592	0.00815	0.01086	0.02345	0.84768	0.02814	0.01333	0.00543	0.00173	0.00247	0.01210	0.00395	0.00346
27	0.01170	0.09089	0.09895	0.01366	0.16345	0.22878	0.11092	0.02443	0.08625	0.03401	0.00930	0.03160	0.00779	0.00511	0.00472	0.04209	0.00574	0.02252	0.00247	0.00561
28	0.04500	0.01297	0.09245	0.02041	0.47159	0.14232	0.12692	0.01379	0.00996	0.01346	0.00775	0.00992	0.00629	0.00389	0.00419	0.00127	0.00583	0.00368	0.00212	0.00618
29	0.00511	0.00399	0.00464	0.00517	0.00597	0.00352	0.00361	0.00601	0.00887	0.01116	0.03266	0.46980	0.40008	0.01213	0.00524	0.00159	0.00232	0.01064	0.00395	0.00352
30	0.03699	0.03552	0.25881	0.01066	0.04033	0.01013	0.05866	0.20821	0.08446	0.17226	0.01102	0.01157	0.00787	0.02873	0.00466	0.00140	0.00495	0.00385	0.00336	0.00655
31	0.04848	0.03756	0.32035	0.06465	0.09173	0.07126	0.09739	0.12469	0.07555	0.01549	0.00871	0.01002	0.00649	0.00428	0.00412	0.00132	0.00570	0.00359	0.00248	0.00615
32	0.00628	0.00478	0.00676	0.03895	0.00787	0.00547	0.00507	0.00745	0.00709	0.00999	0.04409	0.10508	0.01408	0.19177	0.46921	0.00503	0.05916	0.00571	0.00257	0.00361
33	0.00523	0.00378	0.00501	0.00590	0.00623	0.00356	0.00399	0.00602	0.00815	0.01084	0.02376	0.76269	0.06629	0.01422	0.05053	0.00199	0.00294	0.01153	0.00386	0.00348
34	0.00907	0.00829	0.00897	0.04771	0.01097	0.07302	0.00555	0.01085	0.00902	0.01320	0.00874	0.07499	0.00793	0.00411	0.00344	0.00079	0.00359	0.00336	0.00258	0.69381
35	0.00680	0.00562	0.00651	0.00725	0.05675	0.04970	0.00481	0.04697	0.00993	0.01298	0.17183	0.41973	0.13950	0.03445	0.00554	0.00160	0.00294	0.00924	0.00385	0.00402

[dist]
# distance from previous block
# <min> <max>
1	8

[block]
# block no. 6 follows, 62 sequences, length 23
# corresponding to MSA columns:
# 274-296
name=unknown_G
#
# <colnr> <probs for GDERKNQSTAVLIFYWHMCP>
#	G	D	E	R	K	N	Q	S	T	A	V	L	I	F	Y	W	H	M	C	P
0	0.00617	0.00407	0.00535	0.00595	0.00657	0.00375	0.00418	0.00715	0.00892	0.06079	0.09465	0.63197	0.08258	0.01219	0.00532	0.00166	0.00255	0.04833	0.00409	0.00377
1	0.01004	0.01148	0.02511	0.01793	0.02224	0.01076	0.80846	0.01363	0.01004	0.01363	0.00861	0.01148	0.00646	0.00359	0.00502	0.00143	0.00717	0.00502	0.00215	0.00574
2	0.01087	0.00824	0.00906	0.00794	0.01025	0.00908	0.00622	0.08872	0.51147	0.09054	0.14104	0.01892	0.05618	0.00636	0.00446	0.00140	0.00324	0.00532	0.00444	0.00625
3	0.00626	0.00412	0.00479	0.00479	0.00482	0.00415	0.00277	0.00621	0.00618	0.00827	0.01296	0.02646	0.01477	0.76431	0.05679	0.05687	0.00442	0.00597	0.00252	0.00259
4	0.00526	0.00380	0.00499	0.00592	0.00628	0.00354	0.00405	0.00608	0.00832	0.01099	0.02459	0.75973	0.07588	0.01310	0.00543	0.00172	0.00252	0.05037	0.00395	0.00349
5	0.00686	0.00490	0.00686	0.00784	0.00882	0.00490	0.00686	0.00882	0.00980	0.01273	0.02253	0.04800	0.02449	0.01175	0.00588	0.00196	0.00392	0.79528	0.00392	0.00392
6	0.01568	0.01167	0.01249	0.00969	0.01301	0.01297	0.00797	0.74041	0.09013	0.02602	0.01084	0.01071	0.00774	0.00517	0.00426	0.00129	0.00457	0.00392	0.00426	0.00719
7	0.01909	0.00724	0.00987	0.00757	0.01086	0.00625	0.00625	0.02074	0.01218	0.82687	0.01679	0.01448	0.01053	0.00527	0.00428	0.00132	0.00362	0.00428	0.00527	0.00724
8	0.01058	0.00914	0.00962	0.00866	0.01106	0.01058	0.00673	0.02261	0.81623	0.01780	0.01732	0.01588	0.01299	0.00577	0.00433	0.00144	0.00337	0.00481	0.00433	0.00673
9	0.00534	0.00395	0.00500	0.00566	0.00626	0.00362	0.00398	0.00634	0.00895	0.01175	0.11337	0.56495	0.17809	0.01227	0.00534	0.00164	0.00244	0.05345	0.00403	0.00357
10	0.01565	0.01867	0.01201	0.01070	0.01305	0.68997	0.00813	0.11348	0.05591	0.01280	0.00759	0.00842	0.00609	0.00455	0.00391	0.00114	0.00708	0.00298	0.00256	0.00531
11	0.05687	0.55416	0.26764	0.00867	0.01307	0.01432	0.00972	0.01295	0.00867	0.01155	0.00644	0.00749	0.00539	0.00378	0.00313	0.00107	0.00501	0.00254	0.00186	0.00567
12	0.01084	0.69655	0.17408	0.00819	0.01233	0.01553	0.00887	0.01288	0.00871	0.01066	0.00624	0.00723	0.00545	0.00372	0.00298	0.00099	0.00488	0.00244	0.00182	0.00562
13	0.00528	0.00411	0.00480	0.00508	0.00602	0.00363	0.00364	0.00643	0.00963	0.01239	0.19178	0.32017	0.38934	0.01125	0.00517	0.00152	0.00223	0.00981	0.00410	0.00363
14	0.01157	0.04791	0.25396	0.01358	0.01775	0.27970	0.28762	0.01465	0.01034	0.01240	0.00756	0.00934	0.00579	0.00398	0.00427	0.00128	0.00698	0.00363	0.00205	0.00562
15	0.00998	0.21935	0.36991	0.01056	0.01491	0.06495	0.07864	0.02751	0.03435	0.03055	0.00915	0.08281	0.00789	0.00489	0.00407	0.00127	0.01727	0.00395	0.00225	0.00573
16	0.00515	0.00385	0.00478	0.00553	0.00607	0.00349	0.00377	0.00597	0.00853	0.01102	0.02827	0.64987	0.22285	0.01270	0.00533	0.00166	0.00239	0.01133	0.00395	0.00349
17	0.01053	0.01011	0.01727	0.02612	0.82392	0.01011	0.01306	0.01306	0.00969	0.01390	0.00800	0.01053	0.00674	0.00379	0.00421	0.00126	0.00505	0.00379	0.00211	0.00674
18	0.05909	0.01067	0.06448	0.03193	0.10063	0.01026	0.17295	0.19939	0.12988	0.13504	0.01155	0.01283	0.00855	0.00482	0.00437	0.00137	0.00491	0.02736	0.00345	0.00645
19	0.00883	0.02136	0.04263	0.26464	0.31612	0.00878	0.07963	0.01103	0.00879	0.01200	0.00949	0.10095	0.00869	0.00591	0.00549	0.07842	0.00506	0.00473	0.00221	0.00523
20	0.00617	0.00420	0.00503	0.00503	0.00516	0.00434	0.00306	0.00644	0.00630	0.00854	0.01305	0.02589	0.01462	0.70634	0.16461	0.00460	0.00541	0.00590	0.00253	0.00279
21	0.00817	0.00442	0.00446	0.00438	0.00550	0.00455	0.00331	0.01103	0.08002	0.01603	0.01418	0.01586	0.01109	0.00503	0.00309	0.00103	0.00210	0.00404	0.79749	0.00421
22	0.01077	0.01022	0.01271	0.39827	0.11757	0.10828	0.01022	0.12073	0.14118	0.01444	0.00943	0.01139	0.00717	0.00457	0.00421	0.00135	0.00533	0.00383	0.00266	0.00565

[dist]
# distance from previous block
# <min> <max>
0	1

[block]
# block no. 7 follows, 62 sequences, length 11
# corresponding to MSA columns:
# 300-310
name=unknown_H
#
# <colnr> <probs for GDERKNQSTAVLIFYWHMCP>
#	G	D	E	R	K	N	Q	S	T	A	V	L	I	F	Y	W	H	M	C	P
0	0.01340	0.01207	0.01312	0.12577	0.20905	0.19531	0.00950	0.23556	0.01302	0.07608	0.00934	0.01146	0.00734	0.02849	0.00468	0.00135	0.00547	0.01996	0.00298	0.00606
1	0.00943	0.00735	0.00872	0.00638	0.00996	0.00561	0.00508	0.01124	0.00904	0.07526	0.00902	0.04931	0.00767	0.00380	0.00335	0.00073	0.00315	0.00311	0.00280	0.76899
2	0.01780	0.00696	0.00946	0.00735	0.01042	0.00603	0.00603	0.01948	0.01217	0.74680	0.09637	0.01619	0.01346	0.00561	0.00435	0.00132	0.00346	0.00462	0.00521	0.00692
3	0.00582	0.00480	0.00518	0.00500	0.00642	0.00439	0.00377	0.00821	0.09002	0.01349	0.23285	0.03621	0.54903	0.00977	0.00496	0.00141	0.00224	0.00825	0.00417	0.00401
4	0.00517	0.00376	0.00488	0.00578	0.00613	0.00347	0.00389	0.00594	0.00829	0.01092	0.02521	0.77558	0.09911	0.01310	0.00540	0.00170	0.00244	0.01182	0.00395	0.00347
5	0.01039	0.00992	0.01663	0.07156	0.73732	0.01010	0.01267	0.01342	0.05068	0.01393	0.00845	0.01085	0.00700	0.00392	0.00422	0.00128	0.00500	0.00384	0.00221	0.00663
6	0.00535	0.00380	0.00486	0.00565	0.00590	0.00357	0.00369	0.00598	0.00787	0.01044	0.02249	0.67833	0.05594	0.15510	0.00817	0.00212	0.00274	0.01098	0.00372	0.00331
7	0.01458	0.09348	0.01403	0.01117	0.01350	0.63917	0.06878	0.01587	0.01120	0.01061	0.00660	0.00800	0.00556	0.00448	0.00455	0.00116	0.06716	0.00294	0.00213	0.00502
8	0.01052	0.60387	0.26399	0.00873	0.01317	0.01475	0.00981	0.01296	0.00875	0.01105	0.00643	0.00747	0.00544	0.00376	0.00312	0.00104	0.00507	0.00254	0.00181	0.00571
9	0.01087	0.46025	0.18540	0.00915	0.01304	0.03997	0.05447	0.09136	0.00999	0.01267	0.00820	0.07154	0.00740	0.00462	0.00352	0.00113	0.00501	0.00352	0.00225	0.00565
10	0.01136	0.13698	0.33474	0.01092	0.01508	0.17492	0.07409	0.02821	0.02837	0.06923	0.03200	0.01062	0.00746	0.00454	0.00425	0.00127	0.02866	0.01913	0.00238	0.00579

[dist]
# distance from previous block
# <min> <max>
2	8

[block]
# block no. 8 follows, 62 sequences, length 105
# corresponding to MSA columns:
# 319-423
name=unknown_I
#
# <colnr> <probs for GDERKNQSTAVLIFYWHMCP>
#	G	D	E	R	K	N	Q	S	T	A	V	L	I	F	Y	W	H	M	C	P
0	0.08891	0.03256	0.01874	0.03097	0.18906	0.09015	0.36098	0.09494	0.01081	0.01501	0.00807	0.01022	0.00628	0.00398	0.00454	0.00133	0.02112	0.00406	0.00239	0.00588
1	0.07517	0.03630	0.01260	0.01141	0.08641	0.31178	0.03631	0.20538	0.13982	0.03011	0.00944	0.01000	0.00725	0.00466	0.00398	0.00124	0.00557	0.00348	0.00308	0.00599
2	0.01142	0.01175	0.01580	0.06077	0.54973	0.15210	0.03725	0.02745	0.06694	0.01363	0.00845	0.01048	0.00691	0.00407	0.00418	0.00126	0.00548	0.00372	0.00230	0.00631
3	0.00524	0.00375	0.00499	0.00588	0.00618	0.00350	0.00395	0.00607	0.00842	0.01130	0.07959	0.79030	0.02899	0.01300	0.00540	0.00170	0.00244	0.01179	0.00400	0.00350
4	0.00726	0.00577	0.06352	0.00596	0.00747	0.00449	0.00487	0.00888	0.01022	0.10102	0.29850	0.18832	0.19570	0.05716	0.00591	0.00160	0.00276	0.02222	0.00411	0.00424
5	0.01004	0.01148	0.02511	0.01793	0.02224	0.01076	0.80846	0.01363	0.01004	0.01363	0.00861	0.01148	0.00646	0.00359	0.00502	0.00143	0.00717	0.00502	0.00215	0.00574
6	0.00610	0.00448	0.00644	0.00644	0.00706	0.00510	0.00482	0.00734	0.00672	0.00958	0.01176	0.01872	0.01151	0.17966	0.68705	0.00635	0.01008	0.00485	0.00233	0.00358
7	0.00613	0.00458	0.00684	0.00691	0.00768	0.00529	0.00543	0.00768	0.00705	0.01008	0.01218	0.01892	0.01161	0.03049	0.77539	0.00650	0.01087	0.06017	0.00239	0.00381
8	0.00960	0.00513	0.00659	0.00577	0.00746	0.00458	0.00448	0.01138	0.01163	0.24075	0.45772	0.02749	0.13521	0.00786	0.00472	0.00133	0.00247	0.00675	0.04424	0.00485
9	0.01070	0.01061	0.01572	0.17709	0.56798	0.08729	0.01217	0.03216	0.02102	0.01337	0.00797	0.01048	0.00652	0.00399	0.00419	0.00128	0.00538	0.00371	0.00216	0.00620
10	0.00925	0.00732	0.00803	0.00725	0.00914	0.00807	0.00561	0.06158	0.44597	0.01789	0.25893	0.02035	0.02063	0.00653	0.00439	0.00136	0.00289	0.00554	0.09360	0.00566
11	0.13601	0.01165	0.01072	0.00899	0.01179	0.12591	0.00717	0.32924	0.27806	0.02049	0.01143	0.01125	0.00851	0.00506	0.00399	0.00131	0.00447	0.00379	0.00376	0.00638
12	0.00853	0.02201	0.82841	0.01213	0.01842	0.00988	0.01572	0.01348	0.00898	0.01348	0.00764	0.00898	0.00539	0.00404	0.00404	0.00135	0.00629	0.00314	0.00180	0.00629
13	0.00603	0.00412	0.00470	0.00477	0.00491	0.00407	0.00280	0.00620	0.00660	0.00872	0.01622	0.09213	0.07307	0.70597	0.03953	0.00382	0.00404	0.00680	0.00277	0.00275
14	0.01150	0.76801	0.05834	0.00771	0.01139	0.06286	0.00772	0.01302	0.00885	0.01019	0.00603	0.00697	0.00546	0.00370	0.00285	0.00094	0.00481	0.00234	0.00184	0.00547
15	0.01053	0.01011	0.01727	0.02612	0.82392	0.01011	0.01306	0.01306	0.00969	0.01390	0.00800	0.01053	0.00674	0.00379	0.00421	0.00126	0.00505	0.00379	0.00211	0.00674
16	0.00619	0.00413	0.00469	0.00469	0.00471	0.00415	0.00264	0.00622	0.00620	0.00829	0.01336	0.02760	0.01536	0.83247	0.03950	0.00418	0.00429	0.00615	0.00257	0.00261
17	0.00518	0.00370	0.00494	0.00592	0.00617	0.00346	0.00395	0.00592	0.00815	0.01086	0.02345	0.84768	0.02814	0.01333	0.00543	0.00173	0.00247	0.01210	0.00395	0.00346
