[name]
unknown

[dist]
# distance from previous block
# <min> <max>
0	78

[block]
# block no. 0 follows, 74 sequences, length 28
# corresponding to MSA columns:
# 83-110
name=unknown_A
#
# <colnr> <probs for GDERKNQSTAVLIFYWHMCP>
#	G	D	E	R	K	N	Q	S	T	A	V	L	I	F	Y	W	H	M	C	P
0	0.00595	0.00446	0.00623	0.00598	0.00678	0.00449	0.04625	0.00703	0.00798	0.05424	0.15420	0.35248	0.13953	0.05099	0.00601	0.00151	0.08784	0.05131	0.00329	0.00347
1	0.00467	0.00331	0.00431	0.00501	0.00523	0.00311	0.00331	0.00530	0.00710	0.00952	0.06718	0.71823	0.02384	0.11343	0.00640	0.00174	0.00230	0.00972	0.00334	0.00295
2	0.00798	0.00613	0.00688	0.00620	0.00786	0.00656	0.00479	0.03261	0.41489	0.06303	0.30184	0.02036	0.09280	0.00626	0.00403	0.00122	0.00248	0.00534	0.00390	0.00485
3	0.00525	0.00389	0.00427	0.00412	0.00530	0.00343	0.00311	0.00666	0.02412	0.03443	0.24848	0.03072	0.52136	0.00828	0.00420	0.00119	0.00189	0.00699	0.07890	0.00340
4	0.01354	0.00984	0.02277	0.00873	0.01168	0.01047	0.06222	0.63017	0.05703	0.10638	0.00973	0.00984	0.00690	0.01815	0.00400	0.00117	0.00409	0.00352	0.00363	0.00613
5	0.00960	0.00836	0.00859	0.00766	0.00980	0.03203	0.00597	0.06103	0.77561	0.01575	0.01454	0.01341	0.01090	0.00497	0.00376	0.00124	0.00310	0.00410	0.00372	0.00586
6	0.00856	0.00848	0.01099	0.00942	0.00974	0.04991	0.00777	0.05139	0.00661	0.00978	0.00569	0.03745	0.00563	0.00635	0.01086	0.00154	0.72903	0.00344	0.00182	0.02553
7	0.01325	0.13081	0.01213	0.00871	0.03334	0.16174	0.00701	0.50361	0.04241	0.03945	0.00813	0.00838	0.00606	0.00416	0.00347	0.00105	0.00448	0.00302	0.00307	0.00571
8	0.89577	0.00718	0.00546	0.00488	0.00718	0.00833	0.00402	0.01091	0.00632	0.01665	0.00517	0.00603	0.00402	0.00345	0.00230	0.00115	0.00287	0.00201	0.00230	0.00402
9	0.00875	0.00747	0.00845	0.00624	0.00934	0.04562	0.01915	0.06523	0.00854	0.04122	0.00695	0.00795	0.00563	0.00310	0.00320	0.00067	0.02970	0.00241	0.00235	0.71803
10	0.00893	0.00961	0.01948	0.01418	0.01745	0.00943	0.66964	0.06672	0.02718	0.01244	0.00806	0.04178	0.00645	0.00382	0.00489	0.00128	0.06715	0.00446	0.00208	0.00497
11	0.00515	0.00370	0.00466	0.00486	0.00540	0.00354	0.00338	0.02395	0.00814	0.01105	0.26635	0.34475	0.08437	0.15672	0.04069	0.00191	0.00263	0.02223	0.00338	0.00313
12	0.00616	0.00412	0.00520	0.00483	0.00591	0.00378	0.00365	0.02985	0.01023	0.07443	0.60851	0.07925	0.13433	0.00777	0.00434	0.00120	0.00196	0.00679	0.00399	0.00370
13	0.00537	0.00386	0.00519	0.00518	0.00554	0.00426	0.00364	0.00610	0.00575	0.00804	0.01089	0.04133	0.01142	0.38791	0.45989	0.00476	0.02112	0.00475	0.00213	0.00286
14	0.00967	0.00970	0.01188	0.01156	0.13415	0.11765	0.02362	0.09567	0.03649	0.01120	0.00611	0.00841	0.00539	0.00536	0.00850	0.00139	0.49337	0.00321	0.00199	0.00467
15	0.00544	0.00409	0.00621	0.00606	0.00679	0.00469	0.02349	0.00679	0.00608	0.00884	0.01000	0.01465	0.00929	0.04355	0.78926	0.00564	0.00945	0.00400	0.03236	0.00334
16	0.00805	0.00659	0.00773	0.00554	0.00882	0.00497	0.00444	0.00969	0.00781	0.04526	0.00692	0.00789	0.00564	0.00282	0.00279	0.00057	0.00277	0.00226	0.00229	0.85713
17	0.00809	0.02129	0.00818	0.00595	0.00890	0.02097	0.02449	0.02803	0.05023	0.02135	0.00751	0.00890	0.00625	0.03208	0.00356	0.00076	0.01659	0.00257	0.03750	0.68680
18	0.03021	0.17626	0.08875	0.03031	0.06696	0.08873	0.01801	0.13045	0.09891	0.04981	0.06934	0.03339	0.03711	0.00450	0.00342	0.00106	0.00391	0.00356	0.02513	0.04019
19	0.00849	0.06436	0.00877	0.01786	0.05826	0.05947	0.00553	0.10736	0.03783	0.04407	0.02498	0.25635	0.02354	0.00622	0.00427	0.00111	0.06085	0.00517	0.00281	0.20269
20	0.01077	0.03268	0.03986	0.06352	0.08437	0.10963	0.04831	0.27234	0.10153	0.04688	0.07987	0.02172	0.03034	0.00521	0.02534	0.00125	0.00433	0.00381	0.00298	0.01526
21	0.05639	0.08060	0.12315	0.00820	0.04976	0.20238	0.00684	0.07809	0.00930	0.10454	0.03353	0.08970	0.02524	0.06279	0.00460	0.00125	0.01198	0.00384	0.00257	0.04524
22	0.00811	0.09848	0.07737	0.03499	0.02440	0.05326	0.00624	0.08384	0.03621	0.02896	0.09422	0.03059	0.05375	0.05805	0.13481	0.00202	0.10350	0.00401	0.02760	0.03958
23	0.18713	0.03261	0.04281	0.02482	0.04999	0.11681	0.06514	0.13416	0.03190	0.06928	0.04509	0.05900	0.03976	0.00469	0.00378	0.00113	0.03701	0.00368	0.00269	0.04852
24	0.04269	0.02759	0.04174	0.03203	0.04849	0.08198	0.02083	0.12116	0.10014	0.02866	0.02270	0.11677	0.01913	0.13113	0.10745	0.00212	0.04380	0.00460	0.00267	0.00431
25	0.01709	0.03562	0.08394	0.12153	0.15406	0.08691	0.10973	0.07277	0.02138	0.04862	0.05588	0.02328	0.02755	0.08597	0.01374	0.01082	0.02025	0.00388	0.00231	0.00469
26	0.02222	0.04314	0.07860	0.08653	0.15366	0.10088	0.03822	0.10856	0.01671	0.19985	0.02416	0.03900	0.01940	0.00441	0.00380	0.00113	0.01778	0.01411	0.00280	0.02505
27	0.02757	0.07351	0.06886	0.05121	0.11406	0.07319	0.08376	0.04331	0.19207	0.11233	0.05598	0.01109	0.00870	0.00432	0.00407	0.00116	0.04801	0.00359	0.00275	0.02047

[dist]
# distance from previous block
# <min> <max>
69	350

[block]
# block no. 1 follows, 74 sequences, length 51
# corresponding to MSA columns:
# 599-649
name=unknown_B
#
# <colnr> <probs for GDERKNQSTAVLIFYWHMCP>
#	G	D	E	R	K	N	Q	S	T	A	V	L	I	F	Y	W	H	M	C	P
0	0.08888	0.04483	0.16918	0.01721	0.08591	0.08395	0.03547	0.11789	0.05023	0.07114	0.03010	0.02685	0.04719	0.02867	0.00406	0.00117	0.01904	0.00347	0.00255	0.07221
1	0.03455	0.07605	0.12454	0.04058	0.06243	0.05555	0.01556	0.19124	0.04337	0.03878	0.03573	0.05782	0.12552	0.00526	0.00402	0.00114	0.04037	0.00417	0.00274	0.04057
2	0.08494	0.09369	0.11367	0.01938	0.03531	0.10284	0.02953	0.08245	0.05767	0.05594	0.11898	0.03045	0.05116	0.00545	0.01788	0.00123	0.05976	0.02336	0.00268	0.01365
3	0.00759	0.03506	0.07935	0.04830	0.05353	0.02664	0.07818	0.06382	0.03882	0.03591	0.06583	0.02485	0.02955	0.31093	0.05152	0.00224	0.00429	0.00446	0.00245	0.03671
4	0.02219	0.05101	0.06151	0.02798	0.02984	0.05527	0.24563	0.16962	0.09699	0.01413	0.03227	0.04041	0.02299	0.00459	0.01792	0.00120	0.00460	0.00389	0.01194	0.08601
5	0.02865	0.24507	0.04067	0.02275	0.10390	0.00910	0.03675	0.09433	0.04875	0.12884	0.03881	0.03306	0.09949	0.01591	0.00362	0.00108	0.00360	0.00380	0.00274	0.03908
6	0.00797	0.04962	0.08783	0.00686	0.02139	0.07681	0.03005	0.09931	0.05520	0.03231	0.06139	0.09913	0.19161	0.03164	0.01511	0.09035	0.00355	0.01328	0.00283	0.02376
7	0.08800	0.18793	0.05589	0.03006	0.08745	0.30442	0.00748	0.12853	0.04157	0.01235	0.00654	0.00746	0.00528	0.00377	0.00332	0.00102	0.01923	0.00262	0.00217	0.00491
8	0.01090	0.07326	0.05133	0.01774	0.48892	0.03410	0.05513	0.07505	0.07441	0.01403	0.00935	0.02543	0.00799	0.02549	0.00475	0.00144	0.01780	0.00393	0.00264	0.00628
9	0.00503	0.00398	0.00442	0.00431	0.00542	0.00355	0.00321	0.03757	0.00920	0.01177	0.25455	0.09844	0.51107	0.02510	0.00466	0.00129	0.00198	0.00753	0.00361	0.00333
10	0.00593	0.00392	0.00496	0.00500	0.00539	0.00384	0.01900	0.02551	0.00668	0.04730	0.01484	0.29318	0.01683	0.46836	0.02245	0.00265	0.00325	0.04517	0.00282	0.00290
11	0.67920	0.03924	0.03683	0.05275	0.01776	0.06611	0.00522	0.03591	0.00711	0.01537	0.00547	0.00649	0.00427	0.00354	0.00265	0.00113	0.01233	0.00220	0.00222	0.00421
12	0.00551	0.00396	0.00452	0.00462	0.00490	0.01537	0.00297	0.00616	0.03086	0.00829	0.02541	0.11145	0.06237	0.58132	0.06345	0.00313	0.00371	0.05678	0.00256	0.00266
13	0.00971	0.59906	0.21804	0.00755	0.01120	0.05915	0.00814	0.01164	0.00785	0.03010	0.00578	0.00661	0.00486	0.00333	0.00274	0.00090	0.00446	0.00223	0.00167	0.00495
14	0.01036	0.00742	0.02939	0.01859	0.09543	0.01381	0.02548	0.11003	0.10293	0.19565	0.07013	0.03688	0.05314	0.00468	0.00369	0.00104	0.01033	0.00394	0.00323	0.20386
15	0.03125	0.37051	0.28548	0.02216	0.01235	0.02682	0.05061	0.04302	0.03228	0.06214	0.00717	0.02817	0.00576	0.00370	0.00312	0.00102	0.00450	0.00281	0.00199	0.00512
16	0.00547	0.00399	0.00511	0.00492	0.00524	0.00419	0.02146	0.00594	0.00583	0.00789	0.01277	0.02197	0.06970	0.56565	0.21313	0.00387	0.03281	0.00514	0.00224	0.00268
17	0.00473	0.00348	0.00433	0.00471	0.00524	0.00319	0.00324	0.00561	0.00794	0.01055	0.20117	0.46367	0.17319	0.08407	0.00581	0.00157	0.00214	0.00879	0.00348	0.00308
18	0.10009	0.00669	0.00772	0.00617	0.00856	0.00666	0.00504	0.20128	0.01113	0.38972	0.01243	0.01192	0.02774	0.00451	0.00337	0.00109	0.00302	0.00352	0.18391	0.00544
19	0.00800	0.08768	0.75081	0.01008	0.01528	0.00899	0.01280	0.01195	0.00792	0.04363	0.00685	0.00787	0.00488	0.00354	0.00344	0.00114	0.00527	0.00272	0.00169	0.00546
20	0.00519	0.00388	0.00481	0.00518	0.00589	0.00375	0.00390	0.00646	0.03106	0.01005	0.06152	0.22525	0.21570	0.13279	0.06565	0.00208	0.00315	0.20733	0.00321	0.00316
21	0.00651	0.00408	0.00486	0.00494	0.00576	0.00403	0.00359	0.06972	0.02067	0.03790	0.11734	0.39361	0.01921	0.00806	0.00393	0.00123	0.00218	0.01685	0.27193	0.00360
22	0.01064	0.00704	0.00774	0.00645	0.00846	0.00757	0.00517	0.28501	0.15736	0.11260	0.03332	0.01376	0.06714	0.00501	0.00373	0.00110	0.02657	0.00396	0.23224	0.00515
23	0.00770	0.00660	0.00770	0.00550	0.00880	0.00495	0.00440	0.00935	0.00770	0.01210	0.00660	0.00770	0.00550	0.00275	0.00275	0.00055	0.00275	0.00220	0.00220	0.89224
24	0.00800	0.04918	0.10383	0.06303	0.01088	0.00632	0.00605	0.04496	0.00810	0.01221	0.00664	0.00783	0.00537	0.00299	0.00292	0.00070	0.00332	0.00237	0.00213	0.65316
25	0.00836	0.00774	0.01287	0.37163	0.42504	0.00848	0.01044	0.01075	0.02257	0.02790	0.00705	0.00956	0.00561	0.00360	0.00390	0.00116	0.02814	0.00330	0.00185	0.03005
26	0.03115	0.07383	0.24328	0.01990	0.09188	0.03309	0.15702	0.11134	0.00924	0.07681	0.00789	0.03247	0.00618	0.00462	0.02459	0.00129	0.06449	0.00344	0.00224	0.00525
27	0.00541	0.00388	0.00532	0.00615	0.00678	0.00379	0.00498	0.00671	0.00802	0.01049	0.02044	0.33968	0.04516	0.01073	0.00497	0.00162	0.00292	0.50626	0.00343	0.00326
28	0.00708	0.00377	0.00380	0.00374	0.00469	0.00386	0.00282	0.00942	0.06547	0.01396	0.01232	0.01384	0.00964	0.00437	0.00268	0.00089	0.00181	0.00351	0.82870	0.00363
29	0.01360	0.05029	0.01112	0.00958	0.01158	0.80329	0.02583	0.01461	0.01036	0.00913	0.00576	0.00674	0.00480	0.00378	0.00333	0.00096	0.00658	0.00242	0.00190	0.00434
30	0.01052	0.00890	0.01082	0.04104	0.04613	0.04124	0.09598	0.16515	0.46338	0.05746	0.01214	0.01187	0.00899	0.00454	0.00381	0.00121	0.00379	0.00390	0.00337	0.00576
31	0.00751	0.00712	0.01167	0.71971	0.13917	0.02066	0.01037	0.02162	0.00775	0.01004	0.00667	0.00974	0.00509	0.00367	0.00370	0.00121	0.00489	0.00329	0.00171	0.00440
32	0.00539	0.00362	0.00414	0.00414	0.00417	0.00365	0.00236	0.00545	0.00542	0.00726	0.01161	0.02384	0.01330	0.83064	0.05754	0.00371	0.00389	0.00533	0.00224	0.00230
33	0.00763	0.08210	0.78902	0.01027	0.01558	0.00907	0.01317	0.01171	0.00781	0.01153	0.00655	0.00770	0.00471	0.00350	0.00344	0.00115	0.00537	0.00269	0.00157	0.00543
34	0.00487	0.00350	0.00433	0.00479	0.00518	0.00329	0.00325	0.00554	0.00720	0.00948	0.07759	0.43768	0.13175	0.21947	0.00813	0.00197	0.00253	0.06335	0.00320	0.00291
35	0.00988	0.00790	0.00841	0.00750	0.00956	0.02850	0.00598	0.13551	0.53987	0.05048	0.01445	0.01641	0.01156	0.00554	0.00389	0.00127	0.00323	0.10586	0.02866	0.00555
36	0.00501	0.00372	0.00438	0.00430	0.00526	0.00333	0.00319	0.00639	0.00933	0.01268	0.43864	0.09434	0.31803	0.00831	0.00429	0.00120	0.00183	0.00718	0.06525	0.00333
37	0.04340	0.60548	0.18874	0.00771	0.01134	0.02487	0.05258	0.01133	0.00766	0.00983	0.00560	0.00657	0.00477	0.00326	0.00273	0.00091	0.00440	0.00228	0.00163	0.00489
38	0.05763	0.44668	0.21627	0.02278	0.02011	0.13267	0.01724	0.01196	0.02604	0.01016	0.00589	0.00683	0.00488	0.00342	0.00288	0.00095	0.00469	0.00234	0.00172	0.00486
39	0.00624	0.00478	0.00688	0.01859	0.13450	0.00478	0.00557	0.02565	0.00803	0.02436	0.06180	0.31054	0.03786	0.05961	0.04154	0.00177	0.01653	0.22419	0.00307	0.00371
40	0.00865	0.00528	0.00614	0.00539	0.00696	0.00525	0.00420	0.10088	0.10097	0.14516	0.25561	0.04482	0.10840	0.00617	0.00380	0.00113	0.00238	0.00520	0.17919	0.00445
41	0.00532	0.00357	0.00407	0.00414	0.00416	0.00355	0.00235	0.00538	0.00554	0.00739	0.01245	0.09671	0.01444	0.79583	0.01768	0.00342	0.00347	0.00584	0.00235	0.00231
42	0.00498	0.00362	0.00467	0.00519	0.00565	0.00345	0.00359	0.02532	0.02683	0.01092	0.16896	0.66346	0.03831	0.01055	0.00462	0.00143	0.00214	0.00950	0.00357	0.00325
43	0.89577	0.00718	0.00546	0.00488	0.00718	0.00833	0.00402	0.01091	0.00632	0.01665	0.00517	0.00603	0.00402	0.00345	0.00230	0.00115	0.00287	0.00201	0.00230	0.00402
44	0.00468	0.00334	0.00441	0.00517	0.00539	0.00321	0.00347	0.00533	0.00703	0.00948	0.01962	0.79778	0.02339	0.04472	0.00538	0.00158	0.01842	0.01004	0.02455	0.00302
45	0.00770	0.00660	0.00770	0.00550	0.00880	0.00495	0.00440	0.00935	0.00770	0.01210	0.00660	0.00770	0.00550	0.00275	0.00275	0.00055	0.00275	0.00220	0.00220	0.89224
46	0.00480	0.00389	0.00436	0.01710	0.00564	0.00345	0.00329	0.00616	0.02104	0.01150	0.26188	0.03302	0.56198	0.00878	0.00439	0.00125	0.00196	0.03861	0.00360	0.00330
47	0.00848	0.00820	0.01134	0.05270	0.01067	0.01122	0.00816	0.06617	0.00659	0.00996	0.00524	0.00827	0.00498	0.00621	0.01117	0.00157	0.75983	0.00326	0.00177	0.00422
48	0.00760	0.00583	0.00784	0.10193	0.10501	0.02567	0.02587	0.06732	0.00974	0.06875	0.28984	0.05859	0.12198	0.00614	0.00398	0.00115	0.00296	0.00535	0.05524	0.02923
49	0.00951	0.25638	0.01317	0.04172	0.06867	0.16876	0.07068	0.06557	0.00860	0.01036	0.00792	0.06019	0.00740	0.02241	0.11530	0.00174	0.03868	0.02642	0.00206	0.00445
50	0.01092	0.31481	0.06602	0.00754	0.02218	0.07597	0.03301	0.09935	0.03633	0.14713	0.00968	0.04938	0.03860	0.00431	0.00332	0.00100	0.01250	0.00330	0.00260	0.06204

[dist]
# distance from previous block
# <min> <max>
0	1

[block]
# block no. 2 follows, 74 sequences, length 14
# corresponding to MSA columns:
# 651-664
name=unknown_C
#
# <colnr> <probs for GDERKNQSTAVLIFYWHMCP>
#	G	D	E	R	K	N	Q	S	T	A	V	L	I	F	Y	W	H	M	C	P
0	0.01114	0.40142	0.06465	0.00886	0.04578	0.27753	0.03854	0.06134	0.02457	0.01028	0.00600	0.00695	0.00506	0.00358	0.00317	0.00094	0.02105	0.00245	0.00188	0.00482
1	0.78917	0.00862	0.10684	0.00557	0.00824	0.00836	0.00518	0.01101	0.00650	0.01607	0.00535	0.00625	0.00410	0.00346	0.00244	0.00115	0.00319	0.00210	0.00221	0.00420
2	0.03953	0.01012	0.03321	0.14143	0.08098	0.13884	0.09321	0.20538	0.11975	0.01430	0.00857	0.02380	0.00669	0.00460	0.01820	0.00124	0.02891	0.00348	0.02266	0.00511
3	0.00683	0.00367	0.00516	0.00501	0.00518	0.00373	0.00339	0.05365	0.00561	0.00749	0.00691	0.01194	0.00687	0.06480	0.01414	0.78525	0.00330	0.00336	0.00177	0.00193
4	0.00769	0.00715	0.01175	0.61906	0.19636	0.00838	0.01017	0.03455	0.02864	0.01072	0.02604	0.01022	0.00603	0.00377	0.00372	0.00120	0.00469	0.00340	0.00186	0.00459
5	0.00954	0.02626	0.01193	0.11751	0.36998	0.07036	0.00876	0.09921	0.07188	0.03816	0.03293	0.04812	0.02949	0.00439	0.00391	0.00114	0.02488	0.00380	0.00242	0.02534
6	0.03022	0.02176	0.11184	0.06436	0.12682	0.03358	0.05107	0.26799	0.04404	0.04294	0.02213	0.02560	0.04473	0.02035	0.02951	0.00134	0.03258	0.00369	0.00270	0.02276
7	0.05355	0.06149	0.01258	0.09016	0.40123	0.04975	0.00887	0.05461	0.10356	0.05864	0.00807	0.00939	0.00637	0.00375	0.00370	0.00110	0.02547	0.00320	0.00231	0.04219
8	0.02574	0.01048	0.06184	0.10161	0.21333	0.13636	0.09942	0.12577	0.00961	0.01268	0.03247	0.00973	0.02275	0.00417	0.00464	0.00117	0.10000	0.00340	0.00217	0.02267
9	0.06147	0.03814	0.08193	0.15291	0.26190	0.05077	0.00883	0.10498	0.04122	0.03302	0.02218	0.00998	0.01873	0.01742	0.02388	0.00127	0.02577	0.00327	0.00224	0.04007
10	0.00905	0.02919	0.02894	0.14416	0.28851	0.12012	0.04462	0.03080	0.04177	0.03168	0.12033	0.01171	0.00981	0.00474	0.02275	0.00122	0.02401	0.00368	0.00231	0.03061
11	0.03644	0.08753	0.03817	0.09733	0.10506	0.09877	0.07565	0.15772	0.05076	0.04055	0.03119	0.02511	0.00713	0.01783	0.01319	0.00119	0.05196	0.00338	0.00244	0.05858
12	0.05805	0.03623	0.03041	0.07764	0.10489	0.05454	0.04560	0.18280	0.08130	0.05490	0.02320	0.01156	0.06533	0.01418	0.01730	0.00127	0.09611	0.00364	0.00268	0.03836
13	0.02677	0.04928	0.04499	0.10515	0.09719	0.15947	0.05682	0.17479	0.08833	0.04723	0.00828	0.02820	0.00657	0.00479	0.02101	0.00125	0.06889	0.00338	0.00251	0.00511

[dist]
# distance from previous block
# <min> <max>
2	183

[block]
# block no. 3 follows, 74 sequences, length 68
# corresponding to MSA columns:
# 849-916
name=unknown_D
#
# <colnr> <probs for GDERKNQSTAVLIFYWHMCP>
#	G	D	E	R	K	N	Q	S	T	A	V	L	I	F	Y	W	H	M	C	P
0	0.03057	0.15458	0.23709	0.03821	0.05214	0.10213	0.01939	0.10005	0.04055	0.03700	0.00864	0.07184	0.01611	0.03185	0.02252	0.00129	0.01676	0.00352	0.00225	0.01349
1	0.06153	0.06433	0.12763	0.03368	0.16545	0.07172	0.00773	0.10264	0.03219	0.04977	0.02868	0.02035	0.04976	0.04744	0.08279	0.00167	0.01953	0.00356	0.00239	0.02716
2	0.02043	0.11848	0.20562	0.04596	0.06327	0.08544	0.01465	0.09656	0.04244	0.02132	0.03074	0.05403	0.08631	0.00502	0.01103	0.00114	0.01845	0.01531	0.00238	0.06141
3	0.02099	0.29109	0.14226	0.06594	0.04937	0.08675	0.03084	0.09177	0.08646	0.06368	0.02141	0.00865	0.00637	0.00383	0.00335	0.00104	0.01587	0.00289	0.00228	0.00516
4	0.02103	0.04593	0.09420	0.00725	0.02087	0.12521	0.00604	0.13103	0.05063	0.03876	0.03958	0.24264	0.04221	0.02761	0.02645	0.00136	0.00387	0.01219	0.00289	0.06025
5	0.06862	0.11460	0.19384	0.04221	0.19152	0.09608	0.06977	0.05391	0.05045	0.04940	0.00769	0.03214	0.00616	0.00383	0.00346	0.00111	0.00467	0.00319	0.00214	0.00521
6	0.01790	0.07717	0.01945	0.04615	0.22455	0.11836	0.03597	0.16245	0.05590	0.02201	0.00874	0.03978	0.00717	0.00418	0.00354	0.00107	0.01429	0.00344	0.13283	0.00507
7	0.03873	0.04012	0.01054	0.00815	0.01081	0.18157	0.01686	0.39999	0.05622	0.08873	0.00886	0.00903	0.01504	0.00422	0.00363	0.00105	0.01850	0.00310	0.00312	0.08174
8	0.00559	0.00402	0.00535	0.00594	0.00678	0.00386	0.00491	0.00703	0.00854	0.02027	0.10395	0.16236	0.13846	0.01001	0.00488	0.00156	0.00285	0.49679	0.00351	0.00336
9	0.01071	0.02655	0.01940	0.05522	0.01097	0.36952	0.01510	0.09687	0.10603	0.01176	0.07415	0.01068	0.00867	0.00741	0.10883	0.00170	0.05611	0.00335	0.00245	0.00451
10	0.00675	0.00523	0.00761	0.00762	0.00887	0.00531	0.07228	0.04569	0.06562	0.01198	0.01791	0.05865	0.01883	0.00911	0.00490	0.00161	0.00361	0.64127	0.00333	0.00383
11	0.00540	0.00360	0.00405	0.00405	0.00405	0.00360	0.00225	0.00540	0.00540	0.00720	0.01170	0.02429	0.01349	0.86955	0.01889	0.00360	0.00360	0.00540	0.00225	0.00225
12	0.00917	0.00989	0.01156	0.00991	0.01037	0.16168	0.03507	0.01008	0.00665	0.00906	0.00511	0.00793	0.00488	0.00591	0.01035	0.00149	0.68194	0.00313	0.00168	0.00413
13	0.00494	0.00359	0.00468	0.00498	0.00560	0.00333	0.00361	0.00617	0.00880	0.01202	0.38628	0.38322	0.08170	0.00960	0.00458	0.00135	0.00205	0.06650	0.00373	0.00327
14	0.00623	0.00407	0.00481	0.00455	0.00552	0.00400	0.00343	0.03266	0.05084	0.01466	0.48290	0.04768	0.02439	0.00643	0.00376	0.00108	0.00188	0.00555	0.29189	0.00367
15	0.00535	0.00358	0.00406	0.00410	0.00411	0.00357	0.00231	0.00539	0.00548	0.00731	0.01213	0.06608	0.01404	0.82702	0.01819	0.00349	0.00353	0.00565	0.00231	0.00229
16	0.00554	0.00385	0.00475	0.00463	0.00562	0.00345	0.00345	0.00689	0.00941	0.05875	0.43901	0.15541	0.25652	0.00857	0.00441	0.00125	0.00195	0.01924	0.00383	0.00348
17	0.00583	0.00413	0.00561	0.00632	0.00711	0.00407	0.00524	0.00748	0.02826	0.02349	0.04462	0.22623	0.04473	0.01025	0.00494	0.00162	0.00303	0.56014	0.00347	0.00342
18	0.01295	0.10823	0.01128	0.00916	0.02349	0.69724	0.00696	0.02619	0.01027	0.00959	0.04733	0.00773	0.00632	0.00394	0.00331	0.00095	0.00608	0.00259	0.00201	0.00437
19	0.00770	0.00660	0.00770	0.00550	0.00880	0.00495	0.00440	0.00935	0.00770	0.01210	0.00660	0.00770	0.00550	0.00275	0.00275	0.00055	0.00275	0.00220	0.00220	0.89224
20	0.00840	0.00768	0.02210	0.01849	0.02982	0.01769	0.09702	0.07376	0.00854	0.01273	0.00694	0.01638	0.00572	0.00320	0.00343	0.00076	0.03592	0.00270	0.00224	0.62646
21	0.00588	0.04154	0.04410	0.00566	0.01754	0.00449	0.00439	0.00772	0.05934	0.04053	0.23340	0.35633	0.11938	0.00879	0.00435	0.00132	0.00240	0.03567	0.00349	0.00368
22	0.00595	0.00460	0.00584	0.00531	0.00660	0.00431	0.04473	0.02931	0.06418	0.03737	0.31805	0.06885	0.31726	0.03758	0.00485	0.00132	0.00234	0.03425	0.00362	0.00369
23	0.00739	0.01831	0.79411	0.05262	0.01635	0.00851	0.01337	0.01156	0.00786	0.01170	0.02112	0.00828	0.00524	0.00361	0.00355	0.00118	0.00539	0.00284	0.00161	0.00538
24	0.00689	0.00492	0.00668	0.05101	0.00806	0.01526	0.00505	0.07335	0.01823	0.05183	0.01009	0.01390	0.00891	0.04353	0.61364	0.00465	0.00816	0.00387	0.04820	0.00377
25	0.02140	0.09879	0.01187	0.00996	0.05284	0.65153	0.02999	0.05046	0.02180	0.01007	0.00606	0.00703	0.00501	0.00376	0.00331	0.00097	0.00610	0.00252	0.00199	0.00455
26	0.00711	0.00919	0.18400	0.01086	0.11328	0.01596	0.14838	0.00934	0.00728	0.01040	0.02600	0.05398	0.00830	0.04221	0.25634	0.00273	0.08421	0.00406	0.00196	0.00439
27	0.00715	0.00676	0.01130	0.78637	0.05620	0.00842	0.01024	0.00953	0.00738	0.00956	0.00653	0.00978	0.00498	0.00383	0.00413	0.00125	0.04746	0.00330	0.00166	0.00419
28	0.00546	0.00415	0.00482	0.00458	0.00572	0.00387	0.00346	0.00764	0.07936	0.02410	0.44187	0.03855	0.32242	0.00794	0.00428	0.00120	0.00192	0.00682	0.02824	0.00360
29	0.01005	0.79546	0.04813	0.00667	0.00986	0.06010	0.00665	0.01134	0.00771	0.00886	0.00524	0.00606	0.00476	0.00322	0.00247	0.00082	0.00417	0.00203	0.00160	0.00476
30	0.00868	0.36805	0.43011	0.00922	0.01359	0.01114	0.07936	0.01158	0.00783	0.02028	0.00621	0.00730	0.00486	0.00336	0.00313	0.00103	0.00490	0.00258	0.00164	0.00516
31	0.00574	0.00413	0.00568	0.00644	0.00726	0.00407	0.00549	0.00732	0.00850	0.01109	0.05890	0.11545	0.05993	0.01021	0.00502	0.00164	0.00316	0.67311	0.00345	0.00337
32	0.00534	0.00381	0.00512	0.00512	0.00549	0.00418	0.00359	0.00609	0.00572	0.00799	0.01072	0.01886	0.01114	0.39895	0.48627	0.00492	0.00715	0.00460	0.00210	0.00284
33	0.00815	0.04532	0.05175	0.04756	0.01190	0.01027	0.13481	0.03773	0.00683	0.00996	0.00613	0.00932	0.00558	0.03254	0.06566	0.00182	0.50516	0.00346	0.00177	0.00428
34	0.00648	0.00617	0.03569	0.00659	0.00740	0.08767	0.00523	0.00766	0.00638	0.00863	0.00917	0.01417	0.00879	0.12469	0.56413	0.00463	0.08727	0.00389	0.00196	0.00342
35	0.00523	0.00381	0.00470	0.00450	0.00548	0.00342	0.00336	0.00671	0.00982	0.03027	0.58171	0.06851	0.24240	0.00818	0.00438	0.00120	0.00183	0.00712	0.00390	0.00344
36	0.00672	0.00435	0.00513	0.00469	0.00601	0.00398	0.00360	0.03144	0.03306	0.10710	0.37612	0.02686	0.30155	0.00748	0.00415	0.00117	0.00205	0.00637	0.06435	0.00384
37	0.01332	0.00926	0.01062	0.03233	0.05254	0.01006	0.00702	0.55685	0.08595	0.13539	0.01031	0.01074	0.00746	0.00462	0.00386	0.00116	0.01391	0.02485	0.00366	0.00609
38	0.00758	0.00728	0.01255	0.53987	0.20297	0.00830	0.07532	0.00993	0.00770	0.01029	0.00718	0.03911	0.00589	0.00391	0.00400	0.00121	0.02842	0.00361	0.00178	0.02309
39	0.00479	0.00343	0.00438	0.00503	0.00530	0.00328	0.00334	0.00561	0.02660	0.00940	0.03306	0.67273	0.04508	0.14100	0.00684	0.00181	0.00239	0.01965	0.00328	0.00298
40	0.01423	0.00884	0.01000	0.00776	0.01057	0.00935	0.00638	0.52308	0.06371	0.25616	0.02818	0.01073	0.00807	0.00459	0.00372	0.00113	0.00366	0.00357	0.02008	0.00618
41	0.02371	0.00446	0.02316	0.04847	0.03594	0.00426	0.00461	0.02902	0.00776	0.01051	0.05477	0.56118	0.08812	0.00984	0.00472	0.00143	0.02503	0.05637	0.00322	0.00341
42	0.02721	0.00471	0.03406	0.00512	0.00626	0.00414	0.00399	0.02463	0.03032	0.07040	0.21432	0.18702	0.18850	0.10437	0.00593	0.00155	0.00250	0.05940	0.02198	0.00359
43	0.00452	0.00323	0.00431	0.00517	0.00538	0.00301	0.00345	0.00517	0.00711	0.00948	0.02046	0.86713	0.02455	0.01163	0.00474	0.00151	0.00215	0.01055	0.00345	0.00301
44	0.00714	0.00673	0.01137	0.80994	0.07522	0.00828	0.01037	0.00960	0.00748	0.00964	0.00662	0.00985	0.00500	0.00369	0.00371	0.00123	0.00492	0.00330	0.00166	0.00423
45	0.00648	0.00501	0.00719	0.05725	0.03126	0.00588	0.00543	0.04042	0.00674	0.03429	0.01028	0.03447	0.03080	0.07826	0.52758	0.00434	0.10436	0.00416	0.00216	0.00364
46	0.00852	0.01219	0.42500	0.00837	0.01199	0.00672	0.03742	0.02559	0.01729	0.15727	0.10490	0.07475	0.07187	0.01660	0.00404	0.00123	0.00412	0.00440	0.00272	0.00502
47	0.00876	0.01001	0.02190	0.01564	0.01940	0.00939	0.83292	0.01189	0.00876	0.01189	0.00751	0.01001	0.00563	0.00313	0.00438	0.00125	0.00626	0.00438	0.00188	0.00501
48	0.04147	0.07514	0.03325	0.00854	0.01125	0.07101	0.13040	0.18297	0.01084	0.27098	0.01112	0.07031	0.02810	0.00478	0.00400	0.00116	0.03208	0.00399	0.00322	0.00537
49	0.00883	0.00928	0.07161	0.11411	0.69946	0.00874	0.01143	0.01121	0.00830	0.01181	0.00692	0.00917	0.00570	0.00337	0.00367	0.00112	0.00454	0.00327	0.00180	0.00566
50	0.01140	0.06175	0.01109	0.01994	0.02659	0.09144	0.00709	0.34808	0.17507	0.01619	0.00876	0.00944	0.00679	0.00512	0.01701	0.00128	0.17126	0.00333	0.00293	0.00543
51	0.11344	0.23183	0.04207	0.00788	0.01034	0.35904	0.02376	0.07947	0.00948	0.02802	0.00641	0.00754	0.00531	0.02630	0.00343	0.00103	0.00498	0.00252	0.03259	0.00457
52	0.00535	0.00390	0.00567	0.00567	0.00623	0.00446	0.00428	0.00641	0.00586	0.00836	0.01008	0.01579	0.00976	0.14100	0.71707	0.03194	0.00889	0.00415	0.00201	0.00312
53	0.00510	0.00375	0.00477	0.00459	0.00547	0.00342	0.00341	0.00667	0.01002	0.01391	0.68796	0.08598	0.13496	0.00809	0.00440	0.00120	0.00179	0.00711	0.00396	0.00342
54	0.07867	0.00708	0.00740	0.00647	0.00789	0.06471	0.00492	0.23708	0.10499	0.01354	0.03136	0.01112	0.01678	0.01760	0.01635	0.34930	0.00363	0.00340	0.01381	0.00389
55	0.00953	0.05064	0.15725	0.10201	0.25936	0.18014	0.06400	0.04551	0.00890	0.01127	0.00767	0.04279	0.01988	0.00401	0.00380	0.00112	0.02175	0.00340	0.00194	0.00503
56	0.00796	0.01560	0.52531	0.01257	0.01737	0.00892	0.33511	0.01181	0.00820	0.01181	0.00699	0.00869	0.00507	0.00337	0.00386	0.00121	0.00579	0.00339	0.00169	0.00530
57	0.00789	0.00449	0.00534	0.00488	0.00617	0.00430	0.00376	0.06327	0.01910	0.13295	0.25138	0.09307	0.08947	0.00651	0.00375	0.00112	0.00220	0.02470	0.27163	0.00403
58	0.00905	0.03161	0.07602	0.10837	0.20854	0.03149	0.05585	0.10516	0.01628	0.06771	0.02698	0.05330	0.00872	0.04303	0.06336	0.00164	0.04116	0.04442	0.00243	0.00489
59	0.00800	0.00826	0.07071	0.08134	0.24556	0.07460	0.06697	0.02917	0.00856	0.03894	0.01389	0.17121	0.10588	0.00609	0.00406	0.00125	0.00404	0.05442	0.00252	0.00456
60	0.00445	0.00376	0.00385	0.00390	0.00512	0.00317	0.00295	0.00540	0.00843	0.01005	0.03653	0.05766	0.79487	0.00949	0.00442	0.00128	0.00194	0.03614	0.00345	0.00314
61	0.00744	0.00526	0.00630	0.00618	0.00729	0.04405	0.02400	0.06822	0.03551	0.10629	0.01883	0.44269	0.08626	0.00966	0.02799	0.00152	0.00307	0.09209	0.00345	0.00389
62	0.00925	0.01986	0.04514	0.12667	0.49135	0.04068	0.02708	0.07280	0.01942	0.02610	0.00791	0.03935	0.00675	0.00404	0.00398	0.00116	0.02995	0.02103	0.00210	0.00538
63	0.00636	0.00730	0.16201	0.00622	0.00813	0.00530	0.00567	0.02908	0.13116	0.03148	0.06221	0.27131	0.21438	0.00783	0.00415	0.00129	0.00286	0.00675	0.03237	0.00412
64	0.00843	0.00835	0.01292	0.43326	0.35783	0.06626	0.03024	0.01078	0.01645	0.01065	0.00680	0.00943	0.00540	0.00355	0.00369	0.00116	0.00486	0.00328	0.00177	0.00489
65	0.00819	0.25243	0.58963	0.03281	0.01448	0.02029	0.01153	0.01155	0.00778	0.01083	0.00624	0.00736	0.00473	0.00344	0.00322	0.00107	0.00507	0.00255	0.00158	0.00524
66	0.00967	0.04372	0.23432	0.18328	0.03575	0.08463	0.10960	0.11087	0.00935	0.07569	0.00757	0.00913	0.00561	0.00469	0.03487	0.00134	0.02947	0.00321	0.00216	0.00507
67	0.01991	0.00627	0.02631	0.00586	0.00723	0.06333	0.00452	0.10208	0.04121	0.10097	0.22286	0.08554	0.08073	0.12362	0.02909	0.04574	0.01171	0.00536	0.01366	0.00399

[dist]
# distance from previous block
# <min> <max>
4	24

[block]
# block no. 4 follows, 74 sequences, length 30
# corresponding to MSA columns:
# 941-958,961-972
name=unknown_E
#
# <colnr> <probs for GDERKNQSTAVLIFYWHMCP>
#	G	D	E	R	K	N	Q	S	T	A	V	L	I	F	Y	W	H	M	C	P
0	0.01931	0.05554	0.07438	0.24013	0.16177	0.03726	0.04700	0.03687	0.03806	0.01092	0.00849	0.06463	0.00755	0.05743	0.05211	0.00159	0.03994	0.00385	0.03868	0.00450
1	0.00499	0.00402	0.00451	0.00473	0.00567	0.00376	0.00341	0.00689	0.09776	0.01060	0.05985	0.34379	0.41711	0.00969	0.00445	0.00135	0.00209	0.00841	0.00351	0.00340
2	0.00591	0.02133	0.00549	0.03067	0.01515	0.02146	0.00400	0.00764	0.08062	0.04711	0.06304	0.44530	0.19990	0.02866	0.00472	0.00141	0.00245	0.00818	0.00339	0.00356
3	0.01062	0.03554	0.17790	0.01019	0.08963	0.07260	0.07583	0.16281	0.08687	0.12047	0.03237	0.02217	0.00812	0.00504	0.02821	0.00129	0.00457	0.02932	0.00280	0.02364
4	0.00993	0.01033	0.07902	0.04173	0.41698	0.07820	0.08595	0.09469	0.06729	0.03513	0.02169	0.00965	0.00662	0.00377	0.00391	0.00114	0.02273	0.00342	0.00225	0.00556
5	0.01335	0.00977	0.01050	0.00817	0.01093	0.01077	0.00670	0.76042	0.01656	0.02232	0.00962	0.05244	0.00736	0.00481	0.00372	0.00112	0.00390	0.00371	0.03780	0.00604
6	0.01291	0.02797	0.05477	0.00842	0.01156	0.01051	0.02882	0.63242	0.03208	0.04666	0.00877	0.00892	0.00629	0.00420	0.00360	0.00106	0.00403	0.00323	0.00339	0.09038
7	0.00452	0.00323	0.00431	0.00517	0.00538	0.00301	0.00345	0.00517	0.00711	0.00948	0.02046	0.86713	0.02455	0.01163	0.00474	0.00151	0.00215	0.01055	0.00345	0.00301
8	0.01419	0.00573	0.00742	0.00588	0.00827	0.00513	0.00480	0.03812	0.01011	0.62128	0.01386	0.01283	0.00919	0.00452	0.00345	0.00108	0.00283	0.00365	0.22202	0.00562
9	0.00804	0.00776	0.01176	0.48418	0.21480	0.06401	0.02878	0.01014	0.00781	0.02175	0.00743	0.04685	0.00630	0.02688	0.00446	0.00127	0.03778	0.00364	0.00185	0.00450
10	0.04477	0.00555	0.00693	0.00609	0.00792	0.00530	0.00483	0.08040	0.04294	0.34189	0.08639	0.19039	0.06321	0.00699	0.00408	0.00127	0.00282	0.07627	0.01713	0.00483
11	0.00464	0.00363	0.00424	0.00464	0.00546	0.00323	0.00342	0.00558	0.00803	0.01006	0.04640	0.33386	0.44005	0.01026	0.00460	0.00139	0.00215	0.10179	0.00346	0.00313
12	0.01074	0.00736	0.00918	0.12290	0.04599	0.00812	0.00660	0.11815	0.29059	0.19368	0.03481	0.01273	0.02005	0.01324	0.01556	0.00129	0.04572	0.00388	0.03396	0.00545
13	0.00891	0.21209	0.12975	0.01356	0.21681	0.01023	0.23215	0.02875	0.02953	0.01145	0.02377	0.02715	0.00649	0.00368	0.00383	0.00111	0.03019	0.00346	0.00191	0.00518
14	0.00686	0.00407	0.00424	0.00421	0.00520	0.00419	0.00314	0.00964	0.12201	0.01343	0.01471	0.10176	0.05507	0.00543	0.00307	0.00100	0.00195	0.00451	0.63178	0.00373
15	0.00543	0.00390	0.00508	0.00498	0.00535	0.00418	0.00346	0.00619	0.00644	0.00899	0.14687	0.02102	0.01530	0.41334	0.30305	0.00395	0.03209	0.00506	0.00244	0.00288
16	0.00888	0.22695	0.15827	0.02073	0.07543	0.11584	0.06164	0.01127	0.05610	0.01037	0.00946	0.05631	0.05470	0.00479	0.00431	0.00114	0.08818	0.02887	0.00206	0.00469
17	0.06189	0.00827	0.01051	0.04037	0.10228	0.02532	0.04357	0.27232	0.02568	0.33025	0.01063	0.01045	0.00728	0.00423	0.00363	0.00113	0.00380	0.00346	0.02907	0.00587
18	0.00451	0.00370	0.00398	0.00406	0.00513	0.00316	0.00299	0.00552	0.00854	0.01057	0.13718	0.14199	0.63687	0.00946	0.00443	0.00128	0.00190	0.00804	0.00353	0.00316
19	0.02440	0.00919	0.01196	0.00962	0.03990	0.00995	0.13159	0.44848	0.08635	0.05216	0.05248	0.01131	0.03208	0.00469	0.00438	0.00119	0.05748	0.00386	0.00327	0.00566
20	0.01083	0.04189	0.01218	0.11185	0.17709	0.19406	0.06805	0.10324	0.18025	0.05052	0.00886	0.00975	0.00678	0.00399	0.00364	0.00112	0.00470	0.00334	0.00255	0.00529
21	0.01406	0.01326	0.01068	0.00887	0.01131	0.38271	0.00701	0.39482	0.01364	0.07773	0.00785	0.00819	0.00582	0.00423	0.00374	0.00106	0.02375	0.00295	0.00294	0.00538
22	0.03549	0.08297	0.34666	0.06733	0.12208	0.07471	0.07906	0.08416	0.03887	0.02414	0.00714	0.00841	0.00538	0.00362	0.00351	0.00113	0.00502	0.00300	0.00199	0.00531
23	0.00457	0.00385	0.00398	0.00393	0.00516	0.00329	0.00295	0.00579	0.02485	0.01065	0.12331	0.03444	0.74221	0.00912	0.00437	0.00124	0.00189	0.00764	0.00352	0.00323
24	0.01416	0.00586	0.00786	0.00621	0.00867	0.00515	0.00506	0.03218	0.01070	0.65455	0.17620	0.01592	0.02975	0.00526	0.00387	0.00115	0.00288	0.00438	0.00446	0.00571
25	0.01247	0.03414	0.01013	0.05135	0.03040	0.56211	0.00688	0.10370	0.04379	0.01147	0.00716	0.00814	0.00572	0.00396	0.00333	0.00099	0.00556	0.00273	0.09143	0.00454
26	0.00459	0.00337	0.00430	0.00491	0.00535	0.00309	0.00336	0.00540	0.00768	0.01017	0.11674	0.65450	0.14119	0.01086	0.00465	0.00143	0.00207	0.00973	0.00352	0.00309
27	0.00837	0.05623	0.30685	0.00975	0.05009	0.03452	0.09697	0.09938	0.06874	0.01305	0.09085	0.02897	0.01979	0.04101	0.00455	0.00129	0.01456	0.04762	0.00244	0.00497
28	0.00449	0.00372	0.00394	0.00403	0.00514	0.00317	0.00299	0.00547	0.00846	0.01032	0.08974	0.12044	0.69006	0.00952	0.00444	0.00128	0.00193	0.02421	0.00349	0.00315
29	0.15369	0.21270	0.01201	0.00818	0.01050	0.48479	0.02562	0.02324	0.02000	0.01053	0.00571	0.00661	0.00478	0.00362	0.00299	0.00096	0.00536	0.00232	0.00194	0.00443

[dist]
# distance from previous block
# <min> <max>
0	1

[block]
# block no. 5 follows, 74 sequences, length 20
# corresponding to MSA columns:
# 974-993
name=unknown_F
#
# <colnr> <probs for GDERKNQSTAVLIFYWHMCP>
#	G	D	E	R	K	N	Q	S	T	A	V	L	I	F	Y	W	H	M	C	P
0	0.22812	0.31878	0.07754	0.03653	0.04242	0.12236	0.00691	0.03363	0.00779	0.01153	0.00561	0.00683	0.00474	0.00398	0.01439	0.00110	0.06895	0.00236	0.00188	0.00457
1	0.00944	0.00888	0.01474	0.04533	0.71304	0.00901	0.04034	0.06619	0.03350	0.01289	0.00736	0.00936	0.00603	0.00344	0.00371	0.00112	0.00443	0.00337	0.00201	0.00583
2	0.00570	0.00447	0.00589	0.02024	0.00697	0.00431	0.03982	0.03046	0.05352	0.01154	0.17912	0.25483	0.17243	0.06851	0.00547	0.00150	0.00261	0.10513	0.00338	0.02410
3	0.00612	0.00556	0.00761	0.32605	0.04258	0.03268	0.00641	0.00780	0.00832	0.01061	0.15253	0.06475	0.26465	0.00663	0.00433	0.00125	0.02863	0.01706	0.00272	0.00372
4	0.01357	0.00941	0.01036	0.00806	0.01083	0.01024	0.00662	0.65808	0.04663	0.10996	0.04593	0.01046	0.00813	0.00529	0.02772	0.00126	0.00401	0.00358	0.00378	0.00609
5	0.00501	0.00340	0.00416	0.00460	0.00475	0.00329	0.00288	0.00542	0.00638	0.00866	0.01622	0.45712	0.01901	0.39108	0.01091	0.00241	0.00277	0.00796	0.04128	0.00270
6	0.00876	0.01001	0.02190	0.01564	0.01940	0.00939	0.83292	0.01189	0.00876	0.01189	0.00751	0.01001	0.00563	0.00313	0.00438	0.00125	0.00626	0.00438	0.00188	0.00501
7	0.00443	0.00371	0.00385	0.00393	0.00507	0.00313	0.00290	0.00537	0.00840	0.01014	0.06321	0.11493	0.73912	0.00955	0.00442	0.00127	0.00190	0.00806	0.00347	0.00313
8	0.00770	0.00660	0.00770	0.00550	0.00880	0.00495	0.00440	0.00935	0.00770	0.01210	0.00660	0.00770	0.00550	0.00275	0.00275	0.00055	0.00275	0.00220	0.00220	0.89224
9	0.00515	0.00421	0.00462	0.00464	0.00580	0.00393	0.00349	0.00730	0.10527	0.01122	0.12619	0.13643	0.50931	0.00900	0.00440	0.00130	0.00210	0.04859	0.00356	0.00350
10	0.00895	0.04822	0.06866	0.08041	0.42435	0.05311	0.16628	0.01126	0.00828	0.01130	0.00734	0.00948	0.02168	0.00366	0.00430	0.00116	0.06105	0.00345	0.00182	0.00525
11	0.01021	0.08038	0.01007	0.02387	0.04474	0.29559	0.00663	0.01447	0.28359	0.01140	0.01017	0.02966	0.00862	0.00649	0.06485	0.00149	0.04312	0.04727	0.00260	0.00477
12	0.00765	0.01729	0.68934	0.01113	0.01601	0.00891	0.11244	0.01157	0.00779	0.01157	0.00663	0.00812	0.00483	0.00369	0.00426	0.00122	0.06764	0.00298	0.00161	0.00532
13	0.00570	0.00387	0.00441	0.00435	0.00453	0.00389	0.00263	0.03583	0.00621	0.00831	0.04909	0.04822	0.01474	0.74976	0.01688	0.00328	0.00349	0.02984	0.00245	0.00251
14	0.01103	0.06271	0.04357	0.03661	0.06166	0.03730	0.05431	0.24253	0.02116	0.13648	0.06106	0.01996	0.02008	0.00549	0.01933	0.03435	0.12063	0.00367	0.00291	0.00516
15	0.00994	0.04908	0.03105	0.06540	0.09944	0.01801	0.00682	0.33515	0.07555	0.01623	0.09902	0.01432	0.07028	0.04420	0.02852	0.00139	0.01386	0.01353	0.00309	0.00512
16	0.00461	0.00329	0.00430	0.00510	0.00540	0.00306	0.00346	0.00532	0.00723	0.00964	0.02117	0.78251	0.06791	0.01132	0.00468	0.00149	0.00216	0.03207	0.02222	0.00304
17	0.00749	0.00638	0.00748	0.00548	0.00858	0.00482	0.00434	0.00908	0.00766	0.01193	0.00749	0.06312	0.00673	0.00332	0.00288	0.00061	0.00271	0.00274	0.00228	0.83490
18	0.04173	0.18164	0.09954	0.03265	0.04145	0.19758	0.03784	0.07233	0.00893	0.01140	0.00679	0.04295	0.00588	0.00390	0.00357	0.00097	0.04271	0.00288	0.00205	0.16321
19	0.00711	0.00582	0.02241	0.03230	0.07423	0.02839	0.00494	0.08040	0.03427	0.02918	0.07865	0.13987	0.07541	0.20528	0.07091	0.00210	0.00376	0.03173	0.00282	0.07044

[dist]
# distance from previous block
# <min> <max>
1	4

[block]
# block no. 6 follows, 74 sequences, length 13
# corresponding to MSA columns:
# 998-1010
name=unknown_G
#
# <colnr> <probs for GDERKNQSTAVLIFYWHMCP>
#	G	D	E	R	K	N	Q	S	T	A	V	L	I	F	Y	W	H	M	C	P
0	0.00612	0.00463	0.00569	0.00540	0.00634	0.00485	0.00405	0.00870	0.12926	0.03083	0.30745	0.06933	0.11938	0.09823	0.12885	0.00217	0.04361	0.00589	0.01552	0.00371
1	0.00520	0.00383	0.00464	0.00479	0.00569	0.00335	0.00338	0.00608	0.00774	0.03336	0.06436	0.46066	0.24429	0.04154	0.00493	0.00139	0.00220	0.00842	0.00334	0.09079
2	0.04219	0.00843	0.09070	0.09274	0.07606	0.01669	0.00683	0.08346	0.03972	0.10718	0.00828	0.02677	0.00643	0.00363	0.00326	0.00091	0.00357	0.00296	0.00254	0.37764
3	0.64497	0.00798	0.00681	0.10819	0.00987	0.08578	0.00519	0.01114	0.00693	0.03653	0.00576	0.00699	0.00449	0.00425	0.02539	0.00128	0.01980	0.00232	0.00222	0.00410
4	0.01265	0.00980	0.00974	0.00780	0.01028	0.09053	0.00627	0.56237	0.05376	0.04939	0.01089	0.01147	0.05037	0.04785	0.00442	0.00123	0.00399	0.00365	0.04797	0.00559
5	0.00668	0.00538	0.00784	0.00694	0.00801	0.00599	0.08374	0.05564	0.07458	0.01032	0.01019	0.01503	0.00942	0.16140	0.43948	0.00404	0.05106	0.00418	0.03638	0.00372
6	0.00451	0.00327	0.00427	0.00506	0.00536	0.00302	0.00340	0.00518	0.00721	0.00952	0.02177	0.80369	0.08715	0.01146	0.00471	0.00149	0.00213	0.01034	0.00345	0.00302
7	0.01095	0.00840	0.00918	0.00771	0.00999	0.00943	0.00616	0.36545	0.35581	0.03934	0.01216	0.04457	0.00945	0.00721	0.08512	0.00165	0.00407	0.00404	0.00359	0.00572
8	0.01229	0.00943	0.01013	0.00801	0.01079	0.01032	0.00651	0.55366	0.22003	0.02037	0.01022	0.01002	0.00748	0.00444	0.00364	0.00110	0.00367	0.00344	0.00358	0.09087
9	0.09222	0.00738	0.07867	0.00604	0.00805	0.03764	0.00515	0.06156	0.20802	0.02497	0.11922	0.03208	0.29150	0.00652	0.00388	0.00121	0.00286	0.00534	0.00331	0.00440
10	0.00827	0.04977	0.00778	0.01571	0.01708	0.06376	0.01394	0.12793	0.14328	0.04159	0.14333	0.20949	0.06854	0.00804	0.04799	0.00147	0.00340	0.00585	0.01839	0.00440
11	0.02111	0.01114	0.03676	0.00783	0.02425	0.35977	0.01630	0.01132	0.03941	0.01025	0.00951	0.09182	0.04339	0.03701	0.04669	0.00132	0.02590	0.00368	0.00226	0.20027
12	0.00851	0.09165	0.02919	0.11823	0.02526	0.07759	0.05691	0.13463	0.03506	0.01176	0.01046	0.11928	0.01018	0.14671	0.03062	0.00171	0.01256	0.03888	0.03661	0.00418

[dist]
# distance from previous block
# <min> <max>
0	88

[block]
# block no. 7 follows, 74 sequences, length 11
# corresponding to MSA columns:
# 1100-1110
name=unknown_H
#
# <colnr> <probs for GDERKNQSTAVLIFYWHMCP>
#	G	D	E	R	K	N	Q	S	T	A	V	L	I	F	Y	W	H	M	C	P
0	0.05179	0.16944	0.13083	0.00817	0.01103	0.07030	0.08545	0.13083	0.03662	0.08138	0.02208	0.02062	0.05827	0.03519	0.02552	0.00131	0.02521	0.01852	0.00254	0.01489
1	0.10046	0.16639	0.11075	0.00776	0.02353	0.13118	0.01493	0.10806	0.02762	0.07456	0.00905	0.05443	0.02581	0.03510	0.00436	0.00120	0.05437	0.02025	0.02547	0.00473
2	0.07202	0.25970	0.15184	0.00806	0.01099	0.14037	0.03621	0.07301	0.03427	0.05677	0.00745	0.04359	0.00625	0.00471	0.02572	0.00118	0.04234	0.00299	0.00218	0.02035
3	0.02881	0.33702	0.18754	0.00862	0.04499	0.08095	0.03442	0.05035	0.02141	0.01079	0.00795	0.08032	0.00742	0.00458	0.00365	0.00108	0.04138	0.04193	0.00202	0.00476
4	0.00946	0.35719	0.04341	0.04462	0.02957	0.11499	0.00637	0.05819	0.06226	0.01112	0.04772	0.02171	0.03348	0.01632	0.00331	0.00099	0.00396	0.02056	0.03691	0.07787
5	0.03687	0.00401	0.00502	0.00512	0.00605	0.00374	0.02295	0.00678	0.00812	0.04362	0.11129	0.28570	0.23737	0.04989	0.00509	0.00147	0.00241	0.11547	0.04567	0.00335
6	0.06489	0.00546	0.06808	0.00595	0.02491	0.00452	0.00472	0.00842	0.04010	0.09351	0.09767	0.35990	0.12575	0.00840	0.00420	0.00133	0.00259	0.04397	0.03178	0.00385
7	0.00832	0.13431	0.05001	0.02671	0.00946	0.13102	0.03801	0.04159	0.00753	0.00971	0.00797	0.03248	0.00746	0.08385	0.22831	0.00261	0.14021	0.00353	0.03291	0.00400
8	0.00555	0.00408	0.00540	0.00541	0.00572	0.00453	0.00387	0.00625	0.00597	0.00826	0.01173	0.06727	0.01266	0.39626	0.31112	0.00403	0.06527	0.07147	0.00227	0.00289
