[name]
unknown

[dist]
# distance from previous block
# <min> <max>
0	396

[block]
# block no. 0 follows, 72 sequences, length 89
# corresponding to MSA columns:
# 396-484
name=unknown_A
#
# <colnr> <probs for GDERKNQSTAVLIFYWHMCP>
#	G	D	E	R	K	N	Q	S	T	A	V	L	I	F	Y	W	H	M	C	P
0	0.00611	0.00437	0.00611	0.00698	0.00786	0.00437	0.00611	0.00786	0.00873	0.01135	0.02008	0.04278	0.02183	0.01048	0.00524	0.00175	0.00349	0.81753	0.00349	0.00349
1	0.00909	0.01044	0.02207	0.01582	0.01960	0.03221	0.80720	0.01223	0.00900	0.01207	0.00762	0.01014	0.00573	0.00322	0.00445	0.00127	0.00641	0.00442	0.00192	0.00510
2	0.00542	0.00405	0.00605	0.00605	0.00671	0.00471	0.00468	0.00674	0.00608	0.00877	0.01020	0.01515	0.00959	0.04984	0.83044	0.00603	0.00999	0.00410	0.00204	0.00336
3	0.00539	0.00385	0.00493	0.00468	0.00544	0.00359	0.00339	0.00691	0.00996	0.01403	0.71719	0.02780	0.03250	0.13608	0.00669	0.00156	0.00207	0.00666	0.00389	0.00339
4	0.83806	0.00810	0.05824	0.00535	0.00790	0.00853	0.00473	0.01120	0.00655	0.01670	0.00538	0.00628	0.00415	0.00353	0.00243	0.00118	0.00310	0.00210	0.00230	0.00420
5	0.00790	0.00750	0.01271	0.57952	0.29841	0.00862	0.01090	0.01034	0.00793	0.01059	0.00687	0.00987	0.00537	0.00365	0.00378	0.00122	0.00487	0.00337	0.00175	0.00481
6	0.01402	0.00580	0.00786	0.00628	0.00869	0.00507	0.00511	0.01557	0.01078	0.63097	0.21141	0.01719	0.01592	0.00554	0.00400	0.00119	0.00289	0.02144	0.00455	0.00571
7	0.23436	0.00464	0.00440	0.00439	0.00566	0.00460	0.00324	0.00690	0.00757	0.01164	0.02464	0.15693	0.41993	0.08871	0.00538	0.00152	0.00239	0.00667	0.00310	0.00333
8	0.70800	0.18828	0.00858	0.00530	0.00784	0.00987	0.00461	0.01119	0.00672	0.01532	0.00528	0.00614	0.00427	0.00346	0.00237	0.00110	0.00317	0.00205	0.00219	0.00427
9	0.01175	0.00872	0.00980	0.00794	0.01030	0.00972	0.00646	0.57313	0.04520	0.01955	0.02396	0.01112	0.00793	0.01080	0.22294	0.00243	0.00564	0.00367	0.00335	0.00559
10	0.00537	0.00388	0.00507	0.00477	0.00567	0.00358	0.00358	0.00716	0.01074	0.01521	0.84106	0.02833	0.03578	0.00775	0.00447	0.00119	0.00179	0.00686	0.00417	0.00358
11	0.01134	0.00856	0.00959	0.00790	0.01019	0.00960	0.00639	0.49613	0.13743	0.01880	0.01033	0.01136	0.00800	0.01082	0.22294	0.00244	0.00554	0.00371	0.00335	0.00559
12	0.01063	0.01118	0.01408	0.01948	0.61265	0.20956	0.01042	0.02940	0.02478	0.01195	0.00703	0.00886	0.00585	0.00356	0.00368	0.00109	0.00503	0.00317	0.00197	0.00563
13	0.01021	0.00916	0.01257	0.01001	0.01272	0.02424	0.21895	0.12848	0.48115	0.03138	0.01239	0.01230	0.00922	0.00453	0.00400	0.00126	0.00411	0.00418	0.00333	0.00582
14	0.00652	0.00329	0.00492	0.00495	0.00496	0.00329	0.00330	0.00495	0.00501	0.00669	0.00704	0.03874	0.00718	0.01313	0.01450	0.86132	0.00326	0.00353	0.00171	0.00169
15	0.01431	0.01372	0.01112	0.00916	0.01175	0.36023	0.00726	0.49210	0.01489	0.01783	0.00776	0.00817	0.00580	0.00429	0.00364	0.00107	0.00528	0.00301	0.00303	0.00560
16	0.01439	0.01024	0.01131	0.00867	0.01168	0.01120	0.02082	0.75140	0.01708	0.07986	0.00962	0.01940	0.00686	0.00463	0.00382	0.00115	0.00412	0.00355	0.00382	0.00639
17	0.00452	0.00368	0.00401	0.00426	0.00523	0.00317	0.00307	0.00540	0.00824	0.01008	0.03327	0.27961	0.60172	0.01027	0.00459	0.00136	0.00200	0.00882	0.00352	0.00317
18	0.01417	0.01808	0.01075	0.00977	0.01172	0.85149	0.00733	0.01514	0.01075	0.00928	0.00586	0.00684	0.00489	0.00391	0.00342	0.00098	0.00684	0.00244	0.00195	0.00440
19	0.00786	0.00674	0.00786	0.00562	0.00899	0.00506	0.00449	0.00955	0.00786	0.01236	0.00674	0.00786	0.00562	0.00281	0.00281	0.00056	0.00281	0.00225	0.00225	0.88990
20	0.01673	0.00691	0.00908	0.00696	0.00991	0.00625	0.00575	0.10663	0.01161	0.75647	0.01433	0.01250	0.00907	0.00468	0.00381	0.00117	0.00333	0.00377	0.00460	0.00645
21	0.00943	0.00815	0.00858	0.00772	0.00986	0.00943	0.00600	0.02015	0.83621	0.01586	0.01544	0.01415	0.01158	0.00515	0.00386	0.00129	0.00300	0.00429	0.00386	0.00600
22	0.00462	0.00330	0.00440	0.00528	0.00550	0.00308	0.00352	0.00528	0.00726	0.00968	0.02090	0.86424	0.02508	0.01188	0.00484	0.00154	0.00220	0.01078	0.00352	0.00308
23	0.01412	0.01044	0.01119	0.00864	0.01161	0.01156	0.00712	0.79479	0.04038	0.02345	0.00947	0.02285	0.00689	0.00469	0.00381	0.00115	0.00411	0.00356	0.00379	0.00638
24	0.89350	0.00733	0.00557	0.00499	0.00733	0.00851	0.00411	0.01115	0.00645	0.01702	0.00528	0.00616	0.00411	0.00352	0.00235	0.00117	0.00293	0.00205	0.00235	0.00411
25	0.03013	0.00647	0.00875	0.00672	0.00965	0.00562	0.00555	0.01837	0.01079	0.83328	0.01482	0.01281	0.00931	0.00468	0.00379	0.00117	0.00322	0.00379	0.00466	0.00642
26	0.00456	0.00385	0.00395	0.00393	0.00517	0.00324	0.00294	0.00560	0.00883	0.01069	0.11056	0.03576	0.76910	0.00944	0.00448	0.00127	0.00191	0.00790	0.00358	0.00324
27	0.01014	0.86900	0.01987	0.00649	0.00973	0.01501	0.00649	0.01136	0.00771	0.00892	0.00527	0.00608	0.00487	0.00324	0.00243	0.00081	0.00406	0.00203	0.00162	0.00487
28	0.00510	0.00387	0.00470	0.00449	0.00550	0.00347	0.00337	0.00665	0.01011	0.01373	0.60158	0.03077	0.27619	0.00831	0.00448	0.00122	0.00183	0.00720	0.00398	0.00347
29	0.00464	0.00385	0.00407	0.00406	0.00526	0.00328	0.00305	0.00574	0.00893	0.01099	0.15611	0.04954	0.69425	0.00939	0.00450	0.00128	0.00193	0.02225	0.00362	0.00326
30	0.00537	0.00388	0.00507	0.00477	0.00567	0.00358	0.00358	0.00716	0.01074	0.01521	0.84106	0.02833	0.03578	0.00775	0.00447	0.00119	0.00179	0.00686	0.00417	0.00358
31	0.00518	0.00387	0.00481	0.00458	0.00555	0.00350	0.00343	0.00680	0.01029	0.01416	0.67192	0.03005	0.20557	0.00814	0.00448	0.00121	0.00182	0.00710	0.00404	0.00350
32	0.00766	0.03055	0.82161	0.01084	0.01639	0.00890	0.02839	0.01200	0.00802	0.01197	0.00680	0.00802	0.00482	0.00359	0.00360	0.00120	0.00560	0.00282	0.00161	0.00559
33	0.00894	0.02686	0.01542	0.03479	0.01394	0.06659	0.29444	0.01080	0.01975	0.01030	0.00619	0.00897	0.00534	0.00509	0.00851	0.00145	0.45261	0.00365	0.00180	0.00455
34	0.00856	0.01847	0.19932	0.00728	0.01093	0.00621	0.02901	0.01084	0.00817	0.08699	0.00819	0.03219	0.00669	0.00366	0.00338	0.00086	0.01603	0.02330	0.00236	0.51757
35	0.01092	0.67941	0.01771	0.00706	0.01000	0.14950	0.00658	0.01209	0.00827	0.03706	0.00590	0.01814	0.00530	0.00356	0.00281	0.00087	0.01592	0.00229	0.00181	0.00481
36	0.89350	0.00733	0.00557	0.00499	0.00733	0.00851	0.00411	0.01115	0.00645	0.01702	0.00528	0.00616	0.00411	0.00352	0.00235	0.00117	0.00293	0.00205	0.00235	0.00411
37	0.00963	0.15424	0.26291	0.09471	0.01378	0.02894	0.00916	0.13742	0.22507	0.01400	0.00912	0.00964	0.00685	0.00411	0.00352	0.00115	0.00443	0.00320	0.00254	0.00555
38	0.00485	0.00356	0.00487	0.05897	0.00682	0.00347	0.00399	0.00563	0.00726	0.00965	0.01971	0.76347	0.02339	0.03815	0.00524	0.00160	0.00246	0.03042	0.00337	0.00314
39	0.01280	0.00850	0.01039	0.00840	0.01034	0.05439	0.02691	0.21073	0.01074	0.29062	0.00983	0.01074	0.00725	0.02936	0.04532	0.00158	0.23984	0.00358	0.00324	0.00542
40	0.00736	0.00409	0.00414	0.00404	0.00508	0.00425	0.00306	0.01020	0.10802	0.01435	0.01274	0.01414	0.00995	0.00451	0.00280	0.00093	0.00192	0.00363	0.78098	0.00383
41	0.01442	0.01062	0.01138	0.00873	0.01176	0.01176	0.00721	0.83041	0.01783	0.02390	0.00911	0.00911	0.00645	0.00455	0.00379	0.00114	0.00417	0.00341	0.00379	0.00645
42	0.00786	0.00674	0.00786	0.00562	0.00899	0.00506	0.00449	0.00955	0.00786	0.01236	0.00674	0.00786	0.00562	0.00281	0.00281	0.00056	0.00281	0.00225	0.00225	0.88990
43	0.00579	0.00358	0.00434	0.00434	0.00434	0.00358	0.00256	0.00537	0.00537	0.00716	0.01056	0.02138	0.01193	0.64612	0.01815	0.23265	0.00358	0.00494	0.00213	0.00213
44	0.00830	0.00830	0.01162	0.00996	0.00996	0.01162	0.00830	0.00913	0.00581	0.00913	0.00498	0.00830	0.00498	0.00664	0.01245	0.00166	0.85977	0.00332	0.00166	0.00415
45	0.00525	0.00387	0.00491	0.00465	0.00559	0.00353	0.00349	0.00693	0.01046	0.01455	0.73490	0.02941	0.14235	0.00800	0.00447	0.00120	0.00181	0.00701	0.00409	0.00353
46	0.00716	0.00674	0.01138	0.85760	0.02612	0.00843	0.01053	0.00969	0.00758	0.00969	0.00674	0.01011	0.00506	0.00379	0.00379	0.00126	0.00506	0.00337	0.00169	0.00421
47	0.00552	0.00368	0.00414	0.00414	0.00414	0.00368	0.00230	0.00552	0.00552	0.00735	0.01195	0.02482	0.01379	0.86672	0.01930	0.00368	0.00368	0.00552	0.00230	0.00230
48	0.89350	0.00733	0.00557	0.00499	0.00733	0.00851	0.00411	0.01115	0.00645	0.01702	0.00528	0.00616	0.00411	0.00352	0.00235	0.00117	0.00293	0.00205	0.00235	0.00411
49	0.00874	0.00825	0.01385	0.02067	0.72536	0.00820	0.01047	0.01082	0.00862	0.01223	0.03925	0.06613	0.04195	0.00433	0.00388	0.00116	0.00416	0.00417	0.00213	0.00562
50	0.00544	0.00365	0.00416	0.00423	0.00425	0.00363	0.00240	0.00550	0.00566	0.00754	0.01267	0.09244	0.01470	0.79785	0.01814	0.00350	0.00356	0.00594	0.00240	0.00236
51	0.00948	0.00995	0.02056	0.06331	0.01930	0.00957	0.69887	0.07264	0.00958	0.03602	0.00793	0.01021	0.00587	0.00337	0.00437	0.00126	0.00607	0.00432	0.00212	0.00520
52	0.00459	0.00368	0.00410	0.00435	0.00528	0.00319	0.00313	0.00552	0.00838	0.01045	0.09321	0.28604	0.53446	0.01015	0.00459	0.00135	0.00200	0.00876	0.00357	0.00319
53	0.00504	0.00360	0.00448	0.00503	0.00554	0.00332	0.00343	0.01835	0.00768	0.02701	0.02355	0.63123	0.18228	0.05373	0.00545	0.00158	0.00227	0.00972	0.00349	0.00319
54	0.00872	0.00840	0.01453	0.26512	0.57046	0.00887	0.04657	0.01110	0.00834	0.01160	0.00704	0.00963	0.00572	0.00349	0.00380	0.00117	0.00475	0.00342	0.00182	0.00545
55	0.00786	0.00674	0.00786	0.00562	0.00899	0.00506	0.00449	0.00955	0.00786	0.01236	0.00674	0.00786	0.00562	0.00281	0.00281	0.00056	0.00281	0.00225	0.00225	0.88990
56	0.01399	0.01017	0.01082	0.00845	0.01128	0.03348	0.00691	0.71612	0.01665	0.06782	0.01002	0.05878	0.00765	0.00497	0.00385	0.00116	0.00408	0.00384	0.00378	0.00620
57	0.00895	0.01036	0.03913	0.01628	0.06496	0.00954	0.76744	0.01212	0.00891	0.01216	0.00763	0.01014	0.00575	0.00322	0.00442	0.00127	0.00627	0.00438	0.00191	0.00517
58	0.00939	0.00901	0.01539	0.02328	0.84306	0.00901	0.01164	0.01164	0.00864	0.01239	0.00713	0.00939	0.00601	0.00338	0.00375	0.00113	0.00451	0.00338	0.00188	0.00601
59	0.00930	0.00888	0.01505	0.04960	0.79493	0.00894	0.01142	0.02110	0.00871	0.01241	0.00760	0.00980	0.01810	0.00350	0.00377	0.00113	0.00448	0.00345	0.00192	0.00591
60	0.00512	0.00387	0.00473	0.00451	0.00552	0.00347	0.00339	0.00668	0.01016	0.01383	0.61864	0.03059	0.25906	0.00827	0.00448	0.00122	0.00183	0.00718	0.00399	0.00347
61	0.00891	0.43681	0.25225	0.00846	0.01208	0.03405	0.07403	0.01134	0.02464	0.01039	0.02466	0.07214	0.00722	0.00414	0.00321	0.00104	0.00455	0.00326	0.00189	0.00494
62	0.00517	0.00367	0.00463	0.00473	0.00524	0.00345	0.00324	0.00620	0.00849	0.01169	0.39583	0.25646	0.05353	0.21106	0.00806	0.00188	0.00235	0.00765	0.00353	0.00313
63	0.00615	0.00468	0.00568	0.00566	0.02875	0.00474	0.00412	0.09111	0.00850	0.01127	0.03795	0.07220	0.32087	0.06851	0.25647	0.01861	0.00481	0.00595	0.04037	0.00360
64	0.00524	0.00387	0.00489	0.00463	0.00559	0.00352	0.00348	0.00691	0.01043	0.01448	0.72322	0.02953	0.15408	0.00803	0.00447	0.00121	0.00181	0.00703	0.00408	0.00352
65	0.01417	0.01808	0.01075	0.00977	0.01172	0.85149	0.00733	0.01514	0.01075	0.00928	0.00586	0.00684	0.00489	0.00391	0.00342	0.00098	0.00684	0.00244	0.00195	0.00440
66	0.58984	0.23578	0.06370	0.00583	0.00862	0.02301	0.00542	0.01132	0.00695	0.01444	0.00539	0.00627	0.00436	0.00346	0.00247	0.00108	0.00346	0.00210	0.00210	0.00441
67	0.00809	0.00976	0.13760	0.01380	0.22740	0.00801	0.23847	0.02644	0.06180	0.01260	0.07687	0.01517	0.11625	0.00478	0.00420	0.00123	0.01330	0.01672	0.00242	0.00510
68	0.00918	0.00854	0.05724	0.01384	0.34994	0.01770	0.02242	0.13374	0.02644	0.03033	0.01871	0.11899	0.02779	0.00515	0.00388	0.00116	0.00391	0.04234	0.00263	0.10606
69	0.00954	0.00811	0.00859	0.00765	0.00979	0.00932	0.00597	0.06604	0.75388	0.01630	0.05050	0.01447	0.01232	0.00522	0.00388	0.00127	0.00302	0.00435	0.00387	0.00592
70	0.01228	0.30428	0.03622	0.00852	0.01104	0.47098	0.00712	0.02640	0.07155	0.00995	0.00645	0.00720	0.00540	0.00378	0.00313	0.00095	0.00554	0.00247	0.00200	0.00474
71	0.00463	0.00358	0.00420	0.00466	0.00536	0.00319	0.00328	0.00545	0.00789	0.00997	0.03742	0.45147	0.37858	0.03454	0.00509	0.00149	0.00215	0.03042	0.00349	0.00313
72	0.00812	0.00673	0.00789	0.00565	0.00901	0.00507	0.00452	0.00980	0.00795	0.03549	0.00697	0.00800	0.00572	0.00286	0.00284	0.00058	0.00282	0.00229	0.00231	0.86537
73	0.00611	0.00437	0.00611	0.00698	0.00786	0.00437	0.00611	0.00786	0.00873	0.01135	0.02008	0.04278	0.02183	0.01048	0.00524	0.00175	0.00349	0.81753	0.00349	0.00349
74	0.00939	0.00901	0.01539	0.02328	0.84306	0.00901	0.01164	0.01164	0.00864	0.01239	0.00713	0.00939	0.00601	0.00338	0.00375	0.00113	0.00451	0.00338	0.00188	0.00601
75	0.00464	0.00332	0.00442	0.00527	0.00551	0.00309	0.00352	0.00533	0.00735	0.00983	0.04301	0.84171	0.02537	0.01177	0.00483	0.00153	0.00219	0.01068	0.00354	0.00309
76	0.65520	0.00871	0.00699	0.00601	0.00845	0.08268	0.00489	0.12920	0.00864	0.05072	0.00627	0.00691	0.00472	0.00375	0.00271	0.00115	0.00347	0.00235	0.00261	0.00456
77	0.00930	0.58850	0.29305	0.00792	0.01194	0.01296	0.00897	0.01157	0.00781	0.00994	0.00578	0.00672	0.00485	0.00336	0.00282	0.00094	0.00457	0.00228	0.00162	0.00511
78	0.45399	0.00903	0.03527	0.00676	0.00926	0.05054	0.00568	0.24041	0.04003	0.04001	0.00732	0.00807	0.00555	0.00535	0.04979	0.00144	0.02105	0.00274	0.00279	0.00492
79	0.89350	0.00733	0.00557	0.00499	0.00733	0.00851	0.00411	0.01115	0.00645	0.01702	0.00528	0.00616	0.00411	0.00352	0.00235	0.00117	0.00293	0.00205	0.00235	0.00411
80	0.00761	0.01962	0.84707	0.01081	0.01641	0.00881	0.01401	0.01201	0.00801	0.01201	0.00681	0.00801	0.00480	0.00360	0.00360	0.00120	0.00560	0.00280	0.00160	0.00560
81	0.02977	0.00640	0.00865	0.00667	0.00954	0.00556	0.00550	0.01807	0.01079	0.81094	0.03709	0.01322	0.01002	0.00476	0.00381	0.00117	0.00318	0.00387	0.00465	0.00634
82	0.00610	0.00486	0.00709	0.00641	0.00695	0.00545	0.06580	0.00694	0.00605	0.00854	0.01016	0.01807	0.01054	0.38926	0.31076	0.00406	0.10961	0.00463	0.01558	0.00314
83	0.00552	0.00368	0.00414	0.00414	0.00414	0.00368	0.00230	0.00552	0.00552	0.00735	0.01195	0.02482	0.01379	0.86672	0.01930	0.00368	0.00368	0.00552	0.00230	0.00230
84	0.00533	0.00388	0.00502	0.00473	0.00564	0.00356	0.00355	0.00709	0.01065	0.01501	0.80846	0.02866	0.06850	0.00783	0.00447	0.00120	0.00179	0.00691	0.00415	0.00356
85	0.00552	0.00368	0.00414	0.00414	0.00414	0.00368	0.00230	0.00552	0.00552	0.00735	0.01195	0.02482	0.01379	0.86672	0.01930	0.00368	0.00368	0.00552	0.00230	0.00230
86	0.00797	0.01856	0.75985	0.01124	0.03301	0.00886	0.05682	0.02622	0.00828	0.02468	0.00702	0.00824	0.00498	0.00361	0.00366	0.00120	0.00556	0.00293	0.00171	0.00561
87	0.00916	0.00713	0.00782	0.00708	0.00895	0.00796	0.00548	0.02918	0.58618	0.07221	0.06138	0.03481	0.02730	0.07023	0.00515	0.00148	0.00301	0.04631	0.00379	0.00540
88	0.05709	0.35696	0.13992	0.00786	0.02891	0.04890	0.00742	0.14884	0.03286	0.02544	0.00832	0.09630	0.00751	0.00482	0.01264	0.00111	0.00422	0.00345	0.00235	0.00506

[dist]
# distance from previous block
# <min> <max>
1	4

[block]
# block no. 1 follows, 72 sequences, length 7
# corresponding to MSA columns:
# 489-495
name=unknown_B
#
# <colnr> <probs for GDERKNQSTAVLIFYWHMCP>
#	G	D	E	R	K	N	Q	S	T	A	V	L	I	F	Y	W	H	M	C	P
0	0.16788	0.29824	0.04948	0.00670	0.00915	0.05624	0.00601	0.03630	0.04149	0.09492	0.00884	0.07097	0.00784	0.00689	0.08416	0.00157	0.02191	0.02431	0.00246	0.00467
1	0.00476	0.00366	0.00435	0.00460	0.00540	0.00325	0.00329	0.00582	0.00867	0.01130	0.23532	0.33351	0.34252	0.00996	0.00461	0.00135	0.00199	0.00872	0.00369	0.00325
2	0.00991	0.00750	0.00860	0.00649	0.00951	0.00674	0.00521	0.23056	0.01067	0.06360	0.00895	0.07456	0.00756	0.00409	0.00329	0.00083	0.00315	0.00331	0.00290	0.53257
3	0.01002	0.11363	0.13632	0.00978	0.06543	0.08382	0.08817	0.12403	0.00965	0.07723	0.00958	0.13709	0.00867	0.00516	0.00434	0.00118	0.06339	0.00425	0.00255	0.04570
4	0.01044	0.24774	0.19070	0.00831	0.01146	0.04324	0.00816	0.26871	0.01089	0.01437	0.00817	0.07406	0.00706	0.00537	0.02970	0.00126	0.04916	0.00345	0.00247	0.00528
5	0.00543	0.00371	0.00486	0.00529	0.00592	0.00344	0.00383	0.00651	0.00846	0.04436	0.21001	0.48939	0.08993	0.01033	0.00473	0.00145	0.00226	0.09301	0.00371	0.00338
6	0.00554	0.00460	0.00706	0.00658	0.00763	0.00428	0.11920	0.00679	0.00807	0.01056	0.08405	0.32682	0.18244	0.09134	0.00613	0.00166	0.00302	0.11760	0.00323	0.00341

[dist]
# distance from previous block
# <min> <max>
0	1

[block]
# block no. 2 follows, 72 sequences, length 16
# corresponding to MSA columns:
# 497-512
name=unknown_C
#
# <colnr> <probs for GDERKNQSTAVLIFYWHMCP>
#	G	D	E	R	K	N	Q	S	T	A	V	L	I	F	Y	W	H	M	C	P
0	0.02814	0.02673	0.00925	0.00752	0.01001	0.00892	0.00604	0.17213	0.43437	0.20893	0.03721	0.01299	0.01051	0.00493	0.00380	0.00122	0.00326	0.00400	0.00397	0.00606
1	0.01442	0.01062	0.01138	0.00873	0.01176	0.01176	0.00721	0.83041	0.01783	0.02390	0.00911	0.00911	0.00645	0.00455	0.00379	0.00114	0.00417	0.00341	0.00379	0.00645
2	0.00786	0.00674	0.00786	0.00562	0.00899	0.00506	0.00449	0.00955	0.00786	0.01236	0.00674	0.00786	0.00562	0.00281	0.00281	0.00056	0.00281	0.00225	0.00225	0.88990
3	0.00521	0.00383	0.00488	0.00471	0.00559	0.00350	0.00350	0.00682	0.01023	0.01422	0.68691	0.09669	0.12322	0.00829	0.00450	0.00123	0.00184	0.00730	0.00405	0.00350
4	0.00593	0.00418	0.00503	0.00499	0.00608	0.00386	0.00375	0.00771	0.05655	0.06389	0.26421	0.19880	0.29406	0.00902	0.00452	0.00133	0.00218	0.05645	0.00380	0.00367
5	0.01401	0.01042	0.01116	0.00864	0.01161	0.01157	0.00711	0.76502	0.08388	0.02325	0.00962	0.00951	0.00686	0.00460	0.00380	0.00115	0.00408	0.00348	0.00380	0.00641
6	0.01262	0.00731	0.00834	0.00644	0.00930	0.07351	0.00518	0.01415	0.00976	0.41593	0.07219	0.01173	0.00961	0.00418	0.00347	0.00094	0.00326	0.00336	0.00355	0.32519
7	0.01066	0.00760	0.07072	0.00743	0.04084	0.00681	0.00605	0.15050	0.12340	0.23048	0.17746	0.04778	0.09185	0.00592	0.00403	0.00121	0.00314	0.00496	0.00384	0.00532
8	0.01411	0.01167	0.01130	0.00921	0.03188	0.14244	0.00730	0.65937	0.04090	0.02111	0.00874	0.00891	0.00635	0.00444	0.00374	0.00112	0.00456	0.00329	0.00346	0.00611
9	0.01442	0.01062	0.01138	0.00873	0.01176	0.01176	0.00721	0.83041	0.01783	0.02390	0.00911	0.00911	0.00645	0.00455	0.00379	0.00114	0.00417	0.00341	0.00379	0.00645
10	0.00873	0.00671	0.00795	0.00572	0.00905	0.00510	0.00460	0.01040	0.00815	0.09150	0.00752	0.00834	0.00598	0.00299	0.00290	0.00062	0.00285	0.00240	0.00248	0.80600
11	0.08677	0.04146	0.12292	0.03964	0.01096	0.03752	0.00687	0.22062	0.02184	0.06391	0.07914	0.04047	0.00948	0.00460	0.00352	0.00106	0.00376	0.02591	0.00291	0.17665
12	0.07755	0.03952	0.02124	0.00846	0.01109	0.02070	0.12302	0.32670	0.06861	0.05297	0.01126	0.09888	0.04109	0.00538	0.00414	0.02761	0.00394	0.00435	0.00315	0.05034
13	0.03896	0.01000	0.04268	0.00977	0.09337	0.01040	0.00745	0.55726	0.07349	0.04523	0.02142	0.03676	0.00771	0.00466	0.00377	0.00115	0.00399	0.00368	0.00347	0.02478
14	0.02700	0.03989	0.00895	0.00620	0.00950	0.00618	0.02931	0.06301	0.02890	0.01315	0.00705	0.00807	0.00576	0.00302	0.00292	0.00066	0.00306	0.00243	0.00236	0.73258
15	0.01988	0.09110	0.16757	0.09953	0.03007	0.05470	0.06610	0.09629	0.06337	0.06651	0.03700	0.04753	0.02239	0.00449	0.00397	0.00114	0.03696	0.00366	0.00250	0.08524

[dist]
# distance from previous block
# <min> <max>
2	45

[block]
# block no. 3 follows, 72 sequences, length 13
# corresponding to MSA columns:
# 558-570
name=unknown_D
#
# <colnr> <probs for GDERKNQSTAVLIFYWHMCP>
#	G	D	E	R	K	N	Q	S	T	A	V	L	I	F	Y	W	H	M	C	P
0	0.05912	0.07348	0.00880	0.04615	0.06096	0.10593	0.01505	0.07246	0.03419	0.06214	0.03418	0.32877	0.03733	0.00725	0.00432	0.00128	0.03518	0.00613	0.00297	0.00429
1	0.08085	0.15164	0.30037	0.00957	0.03002	0.08927	0.10040	0.05643	0.00874	0.02739	0.00771	0.06812	0.00653	0.00414	0.00346	0.00111	0.00484	0.00337	0.00208	0.04396
2	0.00827	0.08717	0.63740	0.00978	0.01471	0.00913	0.01196	0.07287	0.00879	0.01277	0.03316	0.00856	0.00596	0.00373	0.00350	0.00112	0.00507	0.00288	0.00189	0.06127
3	0.00764	0.00669	0.00743	0.00569	0.00849	0.04323	0.00445	0.00922	0.00826	0.01232	0.09680	0.07537	0.01029	0.00408	0.00317	0.00072	0.00284	0.00340	0.00254	0.68737
4	0.00919	0.47496	0.37596	0.00842	0.01268	0.01223	0.00975	0.03847	0.00817	0.01074	0.00606	0.00701	0.00489	0.00344	0.00298	0.00099	0.00473	0.00241	0.00168	0.00524
5	0.00671	0.07002	0.04700	0.00637	0.04451	0.00554	0.00465	0.00764	0.00659	0.05206	0.02634	0.07979	0.01202	0.36464	0.22528	0.00346	0.02664	0.00493	0.00236	0.00344
6	0.00469	0.00333	0.00438	0.00520	0.00540	0.00313	0.00343	0.00530	0.00713	0.00951	0.02023	0.80145	0.02424	0.07583	0.00592	0.00170	0.00231	0.01039	0.00343	0.00302
7	0.01044	0.76278	0.05430	0.00685	0.01012	0.05862	0.00683	0.01179	0.00797	0.03344	0.00565	0.00640	0.00500	0.00334	0.00258	0.00085	0.00424	0.00213	0.00173	0.00492
8	0.00454	0.00360	0.00409	0.00449	0.00529	0.00315	0.00317	0.00537	0.00802	0.00999	0.03056	0.40787	0.47522	0.01063	0.00464	0.00140	0.00205	0.00925	0.00352	0.00315
9	0.20336	0.06001	0.03674	0.00846	0.01075	0.51676	0.00674	0.06221	0.04153	0.01213	0.00629	0.00710	0.00506	0.00386	0.00318	0.00104	0.00551	0.00248	0.00219	0.00458
10	0.02348	0.17930	0.26374	0.04747	0.09421	0.02899	0.05122	0.10879	0.00949	0.09390	0.00805	0.02158	0.00627	0.00402	0.00363	0.00112	0.01694	0.01956	0.00231	0.01593
11	0.22286	0.07046	0.11525	0.00841	0.05030	0.11227	0.00718	0.16820	0.02428	0.02992	0.00687	0.00776	0.00533	0.00388	0.00362	0.00107	0.04873	0.00268	0.00243	0.10850
12	0.05944	0.00826	0.07086	0.08745	0.05338	0.00762	0.02905	0.17042	0.06598	0.16096	0.05381	0.03402	0.04275	0.00568	0.03864	0.00134	0.00396	0.00390	0.00314	0.09934

[dist]
# distance from previous block
# <min> <max>
3	142

[block]
# block no. 4 follows, 72 sequences, length 6
# corresponding to MSA columns:
# 716-721
name=unknown_E
#
# <colnr> <probs for GDERKNQSTAVLIFYWHMCP>
#	G	D	E	R	K	N	Q	S	T	A	V	L	I	F	Y	W	H	M	C	P
0	0.00879	0.00860	0.04616	0.14269	0.31420	0.04842	0.02949	0.03506	0.03342	0.02925	0.10045	0.01140	0.00923	0.00408	0.00396	0.00109	0.02949	0.00359	0.00232	0.13831
1	0.00469	0.00363	0.00420	0.00461	0.00534	0.00324	0.00326	0.00549	0.00784	0.00985	0.02832	0.38068	0.40236	0.07357	0.00576	0.00159	0.00224	0.04681	0.00343	0.00310
2	0.01189	0.01192	0.05466	0.01079	0.09453	0.19474	0.06813	0.26982	0.21471	0.01611	0.00953	0.00990	0.00718	0.00429	0.00376	0.00115	0.00474	0.00346	0.00297	0.00570
3	0.00867	0.13190	0.16035	0.14576	0.23371	0.00970	0.13205	0.03183	0.00842	0.01150	0.00757	0.01084	0.00636	0.00399	0.00404	0.00119	0.03379	0.05125	0.00191	0.00516
4	0.00889	0.03723	0.01401	0.14414	0.50891	0.00874	0.04905	0.01166	0.05987	0.01207	0.00751	0.00955	0.00612	0.00347	0.00365	0.00109	0.00438	0.00331	0.00201	0.10433
5	0.00607	0.00368	0.00487	0.00536	0.00586	0.00340	0.00366	0.00677	0.00753	0.10283	0.01955	0.70424	0.02246	0.07723	0.00585	0.00166	0.00243	0.00960	0.00356	0.00340

[dist]
# distance from previous block
# <min> <max>
0	7

[block]
# block no. 5 follows, 72 sequences, length 6
# corresponding to MSA columns:
# 729-734
name=unknown_F
#
# <colnr> <probs for GDERKNQSTAVLIFYWHMCP>
#	G	D	E	R	K	N	Q	S	T	A	V	L	I	F	Y	W	H	M	C	P
0	0.01052	0.01222	0.04780	0.08566	0.08108	0.30299	0.06643	0.01347	0.13260	0.01084	0.00745	0.00904	0.00607	0.00457	0.00560	0.00124	0.19225	0.00323	0.00213	0.00480
1	0.00531	0.00449	0.00467	0.00451	0.00588	0.00417	0.00341	0.00781	0.13278	0.01155	0.10972	0.03239	0.64218	0.00876	0.00439	0.00127	0.00207	0.00734	0.00363	0.00366
2	0.00796	0.00705	0.00913	0.00652	0.00994	0.00545	0.07664	0.00978	0.00796	0.01234	0.00682	0.00807	0.00563	0.00284	0.00295	0.00062	0.00312	0.00244	0.00222	0.81251
3	0.01265	0.13905	0.01193	0.00818	0.01094	0.06973	0.00679	0.50020	0.13637	0.01892	0.00969	0.04172	0.00757	0.00468	0.00361	0.00112	0.00409	0.00355	0.00334	0.00588
4	0.00893	0.00901	0.04731	0.10548	0.51828	0.00937	0.01056	0.01192	0.08972	0.01195	0.00758	0.00971	0.00626	0.00409	0.00506	0.00124	0.13255	0.00344	0.00201	0.00553
5	0.00579	0.00432	0.00506	0.00498	0.00590	0.00411	0.00359	0.08270	0.00937	0.01242	0.24683	0.26170	0.23367	0.09478	0.00599	0.00155	0.00235	0.00779	0.00360	0.00348

[dist]
# distance from previous block
# <min> <max>
0	4

[block]
# block no. 6 follows, 72 sequences, length 14
# corresponding to MSA columns:
# 739-752
name=unknown_G
#
# <colnr> <probs for GDERKNQSTAVLIFYWHMCP>
#	G	D	E	R	K	N	Q	S	T	A	V	L	I	F	Y	W	H	M	C	P
0	0.83441	0.06498	0.00653	0.00509	0.00749	0.00894	0.00427	0.01116	0.00654	0.01647	0.00528	0.00616	0.00416	0.00350	0.00235	0.00115	0.00301	0.00205	0.00230	0.00416
1	0.01097	0.69495	0.01803	0.00713	0.01014	0.16040	0.00666	0.03687	0.00854	0.00944	0.00549	0.00631	0.00492	0.00340	0.00265	0.00085	0.00454	0.00214	0.00175	0.00483
2	0.00494	0.00365	0.00467	0.00523	0.00584	0.00338	0.00384	0.00598	0.00821	0.01079	0.13162	0.46731	0.17505	0.01069	0.00479	0.00148	0.00231	0.14337	0.00360	0.00324
3	0.00514	0.00450	0.05243	0.00537	0.00615	0.00366	0.00413	0.00634	0.00828	0.01129	0.25163	0.43372	0.06421	0.07928	0.00584	0.00159	0.00245	0.04717	0.00350	0.00333
4	0.00466	0.00337	0.00433	0.00508	0.00539	0.00313	0.00339	0.00531	0.00730	0.00960	0.02210	0.73616	0.10380	0.06015	0.00563	0.00164	0.00226	0.01021	0.00345	0.00305
5	0.01014	0.86900	0.01987	0.00649	0.00973	0.01501	0.00649	0.01136	0.00771	0.00892	0.00527	0.00608	0.00487	0.00324	0.00243	0.00081	0.00406	0.00203	0.00162	0.00487
6	0.00561	0.00424	0.00538	0.00592	0.00691	0.00406	0.00493	0.00730	0.03111	0.01112	0.04263	0.08926	0.26695	0.01010	0.00494	0.00157	0.00290	0.48810	0.00353	0.00345
7	0.00879	0.23821	0.32820	0.03562	0.01362	0.04609	0.08028	0.01250	0.10134	0.01133	0.00810	0.01038	0.00665	0.00416	0.00379	0.00115	0.03347	0.04915	0.00202	0.00515
8	0.89350	0.00733	0.00557	0.00499	0.00733	0.00851	0.00411	0.01115	0.00645	0.01702	0.00528	0.00616	0.00411	0.00352	0.00235	0.00117	0.00293	0.00205	0.00235	0.00411
9	0.00542	0.00406	0.00610	0.00610	0.00677	0.00474	0.00474	0.00677	0.00610	0.00880	0.01016	0.01490	0.00948	0.02844	0.85169	0.00610	0.01016	0.00406	0.00203	0.00339
10	0.00927	0.00891	0.01534	0.02255	0.79132	0.00889	0.03773	0.01154	0.00865	0.01235	0.00754	0.01043	0.00648	0.00359	0.00382	0.00115	0.00454	0.02808	0.00193	0.00590
11	0.01115	0.00788	0.00906	0.00690	0.00988	0.00749	0.00560	0.28964	0.03863	0.12348	0.00931	0.02623	0.00713	0.00502	0.04063	0.00112	0.00364	0.00316	0.00316	0.39089
12	0.04078	0.15427	0.01198	0.00872	0.01110	0.51243	0.00693	0.11607	0.02669	0.06736	0.00694	0.00752	0.00548	0.00394	0.00331	0.00100	0.00562	0.00261	0.00236	0.00489
13	0.01076	0.13271	0.15127	0.01311	0.22749	0.03811	0.08687	0.16684	0.02809	0.07073	0.00784	0.00895	0.00599	0.00385	0.00388	0.00113	0.03108	0.00322	0.00239	0.00570

[dist]
# distance from previous block
# <min> <max>
0	4

[block]
# block no. 7 follows, 72 sequences, length 17
# corresponding to MSA columns:
# 757-773
name=unknown_H
#
# <colnr> <probs for GDERKNQSTAVLIFYWHMCP>
#	G	D	E	R	K	N	Q	S	T	A	V	L	I	F	Y	W	H	M	C	P
0	0.00567	0.00429	0.00494	0.00489	0.00605	0.00398	0.00375	0.00763	0.07270	0.03667	0.21696	0.07617	0.40372	0.03544	0.00498	0.00140	0.00226	0.10122	0.00369	0.00360
1	0.00971	0.30990	0.07937	0.00918	0.03663	0.03312	0.04629	0.04263	0.00782	0.05245	0.02356	0.00827	0.00591	0.00473	0.00646	0.00122	0.31299	0.00296	0.00196	0.00481
2	0.02235	0.39677	0.07079	0.08350	0.01209	0.15278	0.03274	0.07306	0.03823	0.01105	0.04028	0.00874	0.00675	0.02274	0.01264	0.00110	0.00471	0.00282	0.00206	0.00481
3	0.01282	0.00992	0.01011	0.00824	0.01086	0.07230	0.00663	0.43482	0.27238	0.08332	0.03126	0.01127	0.00887	0.00478	0.00380	0.00118	0.00387	0.00373	0.00376	0.00609
4	0.04569	0.63707	0.11151	0.00706	0.01040	0.03590	0.00719	0.05451	0.00842	0.01064	0.03761	0.00733	0.00609	0.00356	0.00274	0.00091	0.00418	0.00239	0.00187	0.00494
5	0.00897	0.05338	0.52036	0.04267	0.05818	0.02711	0.01129	0.05338	0.00889	0.09109	0.01937	0.03105	0.02110	0.00433	0.00370	0.00120	0.00492	0.03136	0.00221	0.00544
6	0.00623	0.00543	0.02969	0.00747	0.03339	0.00515	0.08179	0.05050	0.00842	0.01127	0.05439	0.35391	0.09822	0.02774	0.03952	0.00170	0.03857	0.13974	0.00315	0.00374
7	0.00559	0.00375	0.00466	0.00481	0.00543	0.00347	0.00331	0.00648	0.00815	0.05287	0.22646	0.33618	0.13172	0.18059	0.00753	0.00183	0.00241	0.00803	0.00350	0.00324
8	0.00890	0.00889	0.01497	0.21119	0.47255	0.03571	0.11412	0.01121	0.00832	0.01143	0.00693	0.00951	0.00566	0.00368	0.00441	0.00121	0.06071	0.00348	0.00183	0.00531
9	0.00936	0.08123	0.01798	0.01765	0.37307	0.02293	0.33651	0.02335	0.04127	0.01223	0.00777	0.01021	0.00631	0.00352	0.00396	0.00118	0.00517	0.01880	0.00201	0.00549
10	0.00461	0.00359	0.00419	0.00459	0.00534	0.00317	0.00323	0.00549	0.00814	0.01034	0.08776	0.42638	0.39856	0.01055	0.00465	0.00140	0.00204	0.00923	0.00357	0.00317
11	0.00487	0.00346	0.00427	0.00482	0.00507	0.00326	0.00311	0.00536	0.00689	0.00906	0.01995	0.54434	0.09795	0.25885	0.00899	0.00213	0.00260	0.00900	0.00317	0.00287
12	0.02933	0.00709	0.03184	0.04656	0.18550	0.02454	0.07523	0.05849	0.03478	0.04611	0.02287	0.22435	0.02385	0.04530	0.01491	0.00151	0.03207	0.08835	0.00280	0.00452
13	0.00933	0.29855	0.30208	0.07730	0.08438	0.03043	0.08012	0.01200	0.00822	0.05470	0.00680	0.00807	0.00527	0.00351	0.00332	0.00107	0.00493	0.00283	0.00184	0.00526
14	0.00761	0.01962	0.84707	0.01081	0.01641	0.00881	0.01401	0.01201	0.00801	0.01201	0.00681	0.00801	0.00480	0.00360	0.00360	0.00120	0.00560	0.00280	0.00160	0.00560
15	0.00501	0.00359	0.00437	0.00481	0.00519	0.00339	0.00323	0.00562	0.00713	0.00931	0.04351	0.39342	0.14539	0.27928	0.00934	0.00218	0.00270	0.06649	0.00315	0.00290
16	0.55223	0.05669	0.06011	0.00703	0.02318	0.08396	0.05409	0.02357	0.00766	0.05690	0.00674	0.00849	0.00541	0.00388	0.00289	0.00117	0.00379	0.03534	0.00238	0.00449

[dist]
# distance from previous block
# <min> <max>
0	33

[block]
# block no. 8 follows, 72 sequences, length 18
# corresponding to MSA columns:
# 807-824
name=unknown_I
#
# <colnr> <probs for GDERKNQSTAVLIFYWHMCP>
#	G	D	E	R	K	N	Q	S	T	A	V	L	I	F	Y	W	H	M	C	P
0	0.00972	0.03132	0.08124	0.13413	0.26051	0.04930	0.02040	0.09531	0.05829	0.06898	0.03667	0.01310	0.00861	0.00462	0.00408	0.00122	0.02739	0.07048	0.01934	0.00529
1	0.00836	0.01293	0.35070	0.06241	0.30113	0.00862	0.03139	0.01181	0.04602	0.01214	0.00727	0.00893	0.00565	0.00360	0.00387	0.00114	0.02841	0.00310	0.00188	0.09064
2	0.01014	0.86900	0.01987	0.00649	0.00973	0.01501	0.00649	0.01136	0.00771	0.00892	0.00527	0.00608	0.00487	0.00324	0.00243	0.00081	0.00406	0.00203	0.00162	0.00487
3	0.04474	0.11056	0.23748	0.03599	0.11773	0.02968	0.02075	0.06633	0.00858	0.05166	0.02548	0.07434	0.00787	0.00515	0.01491	0.00128	0.10672	0.01895	0.00224	0.01955
4	0.01148	0.12381	0.12850	0.01063	0.08971	0.35963	0.02134	0.05061	0.02968	0.03390	0.00693	0.00857	0.00573	0.00419	0.00425	0.00110	0.08209	0.02083	0.00207	0.00493
5	0.83361	0.00816	0.06247	0.00538	0.00795	0.00853	0.00478	0.01121	0.00656	0.01668	0.00538	0.00629	0.00415	0.00353	0.00243	0.00118	0.00311	0.00210	0.00230	0.00421
6	0.02728	0.01641	0.01130	0.01062	0.05994	0.69723	0.03359	0.02800	0.02744	0.01004	0.00620	0.00733	0.00513	0.00400	0.00384	0.00104	0.04139	0.00264	0.00201	0.00456
7	0.00472	0.00375	0.00432	0.00462	0.00554	0.00335	0.00343	0.00571	0.00822	0.01026	0.05535	0.25605	0.49195	0.01116	0.04660	0.00162	0.00253	0.07412	0.00347	0.00321
8	0.00725	0.00660	0.01057	0.56527	0.11297	0.00757	0.00918	0.00960	0.02475	0.01042	0.02786	0.01312	0.05775	0.00464	0.00414	0.02656	0.00443	0.03114	0.00202	0.06416
9	0.00538	0.00398	0.00423	0.00415	0.00542	0.00337	0.00308	0.00632	0.00857	0.06658	0.03459	0.08989	0.69702	0.04415	0.00506	0.00139	0.00210	0.00781	0.00355	0.00338
10	0.00725	0.00625	0.00655	0.00611	0.00730	0.09154	0.02268	0.10906	0.02386	0.01268	0.19747	0.20771	0.15200	0.06351	0.05227	0.00170	0.00345	0.02143	0.00335	0.00383
11	0.05861	0.01407	0.01053	0.00899	0.01135	0.48398	0.02254	0.18744	0.04544	0.10969	0.00799	0.00834	0.00598	0.00415	0.00353	0.00106	0.00550	0.00290	0.00275	0.00513
12	0.01008	0.04342	0.03626	0.04569	0.03564	0.06563	0.01910	0.14441	0.08616	0.08157	0.07281	0.01887	0.00908	0.00488	0.02650	0.00112	0.02241	0.00340	0.00288	0.27008
13	0.10507	0.21334	0.07365	0.00687	0.00914	0.04502	0.02161	0.06412	0.04394	0.05939	0.01011	0.06870	0.03625	0.03375	0.16403	0.00212	0.01716	0.00376	0.01747	0.00451
14	0.03640	0.36482	0.22509	0.00776	0.01118	0.03361	0.00807	0.07013	0.02996	0.04825	0.00833	0.05921	0.02479	0.00430	0.00341	0.00105	0.02671	0.00316	0.00217	0.03160
15	0.03736	0.10337	0.18043	0.00778	0.01041	0.06060	0.00736	0.11707	0.03789	0.06323	0.03042	0.11833	0.02639	0.03794	0.01514	0.00133	0.07838	0.00421	0.00262	0.05975
16	0.12585	0.07637	0.05628	0.03111	0.00926	0.10577	0.00586	0.11503	0.01924	0.05751	0.04028	0.13190	0.06349	0.04435	0.03833	0.00150	0.04746	0.00457	0.02143	0.00440
17	0.09734	0.08477	0.03289	0.00767	0.02692	0.05529	0.01603	0.17612	0.06929	0.06274	0.00981	0.04397	0.02389	0.07978	0.03640	0.02189	0.09535	0.02049	0.00275	0.03662

[dist]
# distance from previous block
# <min> <max>
15	142

[block]
# block no. 9 follows, 72 sequences, length 126
# corresponding to MSA columns:
# 975-1097,1099-1101
name=unknown_J
#
# <colnr> <probs for GDERKNQSTAVLIFYWHMCP>
#	G	D	E	R	K	N	Q	S	T	A	V	L	I	F	Y	W	H	M	C	P
0	0.03728	0.11036	0.07240	0.00811	0.03167	0.09875	0.01835	0.19867	0.11380	0.08796	0.04795	0.04315	0.02131	0.00460	0.00354	0.00108	0.00397	0.00362	0.00301	0.09041
1	0.06121	0.05181	0.09689	0.05220	0.04666	0.06523	0.05525	0.22621	0.12899	0.03696	0.03014	0.02154	0.00760	0.00460	0.01510	0.00119	0.01560	0.00344	0.00283	0.07657
2	0.06950	0.07279	0.08260	0.04325	0.06324	0.08565	0.03821	0.17120	0.04602	0.16877	0.02039	0.02091	0.00770	0.00440	0.00360	0.00112	0.00420	0.03517	0.00298	0.05830
3	0.04995	0.08349	0.09991	0.02426	0.09638	0.11859	0.04020	0.13467	0.07385	0.06283	0.04682	0.05566	0.02688	0.01643	0.00410	0.00118	0.02794	0.00381	0.00270	0.03036
4	0.03368	0.11548	0.04756	0.05226	0.04755	0.08434	0.03212	0.24734	0.13522	0.06631	0.00960	0.02191	0.01660	0.00434	0.00365	0.00111	0.01548	0.00339	0.01704	0.04502
5	0.13915	0.17187	0.12441	0.00856	0.03723	0.08177	0.05803	0.09372	0.06011	0.04460	0.00769	0.03339	0.00625	0.00402	0.00355	0.00107	0.03366	0.00303	0.00236	0.08552
6	0.00971	0.04523	0.01333	0.07005	0.43810	0.04300	0.05442	0.04692	0.06126	0.06373	0.03740	0.02551	0.02513	0.01603	0.00413	0.00119	0.01817	0.00380	0.01743	0.00546
7	0.01021	0.01101	0.01028	0.09925	0.06513	0.30003	0.03066	0.02733	0.17584	0.01155	0.06883	0.01190	0.02714	0.02681	0.02248	0.00135	0.08933	0.00368	0.00251	0.00468
8	0.00565	0.00433	0.00623	0.00610	0.00663	0.00511	0.00466	0.00677	0.00599	0.00862	0.01002	0.01584	0.00977	0.14938	0.66558	0.00540	0.07436	0.00422	0.00204	0.00329
9	0.00548	0.00388	0.00428	0.00416	0.00497	0.00352	0.00283	0.00616	0.00770	0.04309	0.10404	0.03015	0.40322	0.34844	0.01032	0.00222	0.00266	0.00674	0.00315	0.00301
10	0.00922	0.00884	0.01509	0.08722	0.78045	0.00897	0.01155	0.01149	0.00855	0.01218	0.00710	0.00944	0.00593	0.00341	0.00376	0.00114	0.00455	0.00338	0.00186	0.00587
11	0.00965	0.00826	0.00870	0.00776	0.00995	0.00954	0.00606	0.05575	0.80025	0.01622	0.01516	0.01393	0.01135	0.00512	0.00386	0.00128	0.00305	0.00425	0.00386	0.00602
12	0.00457	0.00352	0.00418	0.00470	0.00535	0.00313	0.00326	0.00535	0.00782	0.00991	0.02794	0.53187	0.35291	0.01097	0.00470	0.00144	0.00209	0.00967	0.00352	0.00313
13	0.00716	0.00674	0.01138	0.85760	0.02612	0.00843	0.01053	0.00969	0.00758	0.00969	0.00674	0.01011	0.00506	0.00379	0.00379	0.00126	0.00506	0.00337	0.00169	0.00421
14	0.00462	0.00330	0.00440	0.00528	0.00550	0.00308	0.00352	0.00528	0.00726	0.00968	0.02090	0.86424	0.02508	0.01188	0.00484	0.00154	0.00220	0.01078	0.00352	0.00308
15	0.00971	0.00828	0.00873	0.00777	0.00997	0.00956	0.00607	0.06452	0.79140	0.01630	0.01509	0.01387	0.01130	0.00511	0.00386	0.00128	0.00307	0.00424	0.00386	0.00603
16	0.01429	0.01083	0.01130	0.00871	0.01171	0.04291	0.00717	0.78580	0.01739	0.02316	0.00894	0.00900	0.00638	0.00450	0.00376	0.00112	0.00425	0.00336	0.00370	0.02172
17	0.00876	0.40042	0.42509	0.00922	0.04498	0.01149	0.01031	0.01160	0.00796	0.01071	0.02436	0.00764	0.00556	0.00352	0.00310	0.00102	0.00478	0.00257	0.00168	0.00524
18	0.00895	0.01023	0.02238	0.01598	0.01982	0.00959	0.82928	0.01215	0.00895	0.01215	0.00767	0.01023	0.00575	0.00320	0.00448	0.00128	0.00639	0.00448	0.00192	0.00512
19	0.00465	0.00332	0.00443	0.00531	0.00554	0.00310	0.00357	0.00533	0.00729	0.00971	0.02089	0.85007	0.02503	0.01186	0.00485	0.00154	0.00222	0.02470	0.00352	0.00309
20	0.00906	0.00868	0.01510	0.11066	0.41901	0.00897	0.17958	0.06893	0.00902	0.01259	0.00811	0.04718	0.00695	0.00412	0.00439	0.00122	0.04736	0.01543	0.01827	0.00536
21	0.02025	0.02534	0.00688	0.00720	0.11328	0.01987	0.01969	0.08326	0.00888	0.02620	0.01122	0.01424	0.00928	0.05200	0.01774	0.00122	0.00290	0.03406	0.52234	0.00417
22	0.00496	0.00354	0.00479	0.00566	0.00603	0.00337	0.00410	0.00586	0.00759	0.01006	0.02072	0.67914	0.02435	0.01157	0.00493	0.00159	0.00249	0.19257	0.00351	0.00317
23	0.06504	0.28850	0.04047	0.00897	0.05978	0.33476	0.00716	0.07861	0.03410	0.01129	0.00679	0.03573	0.00589	0.00398	0.00315	0.00099	0.00505	0.00276	0.00211	0.00483
24	0.00462	0.00330	0.00440	0.00528	0.00550	0.00308	0.00352	0.00528	0.00726	0.00968	0.02090	0.86424	0.02508	0.01188	0.00484	0.00154	0.00220	0.01078	0.00352	0.00308
25	0.00977	0.00992	0.01310	0.05642	0.44819	0.13754	0.02349	0.04310	0.02767	0.01192	0.03858	0.01046	0.03030	0.00433	0.00492	0.00119	0.11822	0.00353	0.00210	0.00526
26	0.00699	0.03129	0.01902	0.00742	0.04662	0.02753	0.01580	0.05426	0.00735	0.01041	0.00913	0.01301	0.00832	0.02861	0.52998	0.00418	0.04408	0.01503	0.00214	0.11884
27	0.89350	0.00733	0.00557	0.00499	0.00733	0.00851	0.00411	0.01115	0.00645	0.01702	0.00528	0.00616	0.00411	0.00352	0.00235	0.00117	0.00293	0.00205	0.00235	0.00411
28	0.00773	0.01579	0.59988	0.04747	0.08192	0.00827	0.01204	0.01192	0.05546	0.02388	0.07913	0.01080	0.02087	0.00414	0.00373	0.00120	0.00493	0.00340	0.00205	0.00540
29	0.01417	0.01808	0.01075	0.00977	0.01172	0.85149	0.00733	0.01514	0.01075	0.00928	0.00586	0.00684	0.00489	0.00391	0.00342	0.00098	0.00684	0.00244	0.00195	0.00440
30	0.01017	0.48751	0.10482	0.02347	0.09013	0.04326	0.02023	0.08577	0.06118	0.01152	0.00671	0.00758	0.00557	0.00356	0.00299	0.00096	0.00433	0.00259	0.00201	0.02565
31	0.00469	0.00349	0.00438	0.00496	0.00548	0.00318	0.00344	0.00553	0.00790	0.01033	0.09729	0.59580	0.20100	0.01100	0.00474	0.00146	0.00213	0.02647	0.00358	0.00316
32	0.00991	0.00889	0.04773	0.02813	0.31398	0.00887	0.04747	0.13603	0.21314	0.04066	0.02167	0.02211	0.01953	0.00443	0.00381	0.00119	0.00394	0.01472	0.04806	0.00573
33	0.00551	0.00370	0.00426	0.00426	0.00430	0.00374	0.00245	0.00559	0.00555	0.00744	0.01184	0.02420	0.01352	0.81406	0.07159	0.00383	0.00408	0.00542	0.00228	0.00237
34	0.01247	0.00954	0.01190	0.04449	0.18415	0.01029	0.02298	0.51257	0.04317	0.05277	0.05049	0.01051	0.00805	0.00444	0.00384	0.00115	0.00412	0.00364	0.00334	0.00609
35	0.00645	0.00444	0.00547	0.00508	0.00623	0.00417	0.00384	0.06767	0.01053	0.06020	0.51341	0.12251	0.15921	0.00811	0.00443	0.00124	0.00211	0.00707	0.00400	0.00383
36	0.02392	0.40370	0.04015	0.04712	0.01148	0.28401	0.00722	0.08265	0.03270	0.01076	0.00618	0.00710	0.00519	0.00373	0.00319	0.00096	0.02064	0.00245	0.00199	0.00485
37	0.04695	0.04354	0.07928	0.01511	0.30103	0.18243	0.13488	0.06287	0.00929	0.01221	0.00674	0.00853	0.00547	0.00380	0.00436	0.00116	0.07188	0.00320	0.00199	0.00527
38	0.72995	0.00775	0.00648	0.00560	0.00803	0.00887	0.00460	0.11223	0.04022	0.03794	0.00638	0.00700	0.00481	0.00374	0.00262	0.00117	0.00310	0.00235	0.00264	0.00453
39	0.03321	0.00953	0.01260	0.25090	0.36473	0.11681	0.00983	0.06591	0.07676	0.01240	0.00762	0.00955	0.00603	0.00379	0.00370	0.00116	0.00477	0.00330	0.00213	0.00528
40	0.01578	0.00820	0.00985	0.00758	0.01054	0.00820	0.00625	0.35139	0.03279	0.48959	0.01257	0.01138	0.00823	0.00465	0.00381	0.00116	0.00361	0.00366	0.00431	0.00644
41	0.00667	0.00607	0.02184	0.00764	0.00939	0.00569	0.19131	0.03883	0.07235	0.01293	0.27610	0.08657	0.15454	0.07509	0.00560	0.00146	0.00330	0.01728	0.00327	0.00405
42	0.00522	0.00380	0.00456	0.00448	0.00542	0.00344	0.00334	0.00668	0.00961	0.01324	0.47084	0.09652	0.25649	0.00835	0.00436	0.00123	0.00188	0.01806	0.07906	0.00343
