[name]
unknown

[dist]
# distance from previous block
# <min> <max>
0	138

[block]
# block no. 0 follows, 68 sequences, length 37
# corresponding to MSA columns:
# 161-197
name=unknown_A
#
# <colnr> <probs for GDERKNQSTAVLIFYWHMCP>
#	G	D	E	R	K	N	Q	S	T	A	V	L	I	F	Y	W	H	M	C	P
0	0.00981	0.00942	0.01609	0.02434	0.83592	0.00942	0.01217	0.01217	0.00903	0.01295	0.00746	0.00981	0.00628	0.00353	0.00393	0.00118	0.00471	0.00353	0.00196	0.00628
1	0.00576	0.00387	0.00444	0.00444	0.00448	0.00391	0.00254	0.00584	0.00580	0.00777	0.01239	0.02537	0.01417	0.81481	0.06569	0.00398	0.00422	0.00568	0.00239	0.00247
2	0.88866	0.00767	0.00583	0.00521	0.00767	0.00889	0.00429	0.01166	0.00675	0.01779	0.00552	0.00644	0.00429	0.00368	0.00245	0.00123	0.00307	0.00215	0.00245	0.00429
3	0.00981	0.00942	0.01609	0.02434	0.83592	0.00942	0.01217	0.01217	0.00903	0.01295	0.00746	0.00981	0.00628	0.00353	0.00393	0.00118	0.00471	0.00353	0.00196	0.00628
4	0.00647	0.04134	0.00807	0.00714	0.00780	0.00680	0.00570	0.00774	0.00637	0.00924	0.00938	0.01408	0.00889	0.04483	0.62453	0.00516	0.17666	0.00404	0.00204	0.00373
5	0.00483	0.00345	0.00460	0.00552	0.00575	0.00322	0.00368	0.00552	0.00759	0.01012	0.02185	0.85807	0.02622	0.01242	0.00506	0.00161	0.00230	0.01127	0.00368	0.00322
6	0.01202	0.01423	0.46654	0.00935	0.01388	0.00762	0.01063	0.01522	0.00961	0.36126	0.01112	0.03371	0.00762	0.00448	0.00390	0.00125	0.00471	0.00360	0.00309	0.00616
7	0.07468	0.00892	0.01017	0.00795	0.01095	0.00929	0.00653	0.38059	0.08458	0.34632	0.01225	0.01134	0.00826	0.00480	0.00388	0.00122	0.00378	0.00372	0.00424	0.00654
8	0.00749	0.00705	0.01189	0.85113	0.02731	0.00881	0.01101	0.01013	0.00793	0.01013	0.00705	0.01057	0.00529	0.00396	0.00396	0.00132	0.00529	0.00352	0.00176	0.00440
9	0.00957	0.01066	0.02272	0.01676	0.05278	0.01008	0.76188	0.04007	0.00966	0.01313	0.00805	0.01062	0.00605	0.00340	0.00463	0.00133	0.00653	0.00460	0.00207	0.00543
10	0.00486	0.00350	0.00461	0.00544	0.00575	0.00325	0.00366	0.00562	0.00781	0.01042	0.06097	0.79118	0.05396	0.01214	0.00503	0.00158	0.00227	0.01098	0.00371	0.00325
11	0.00847	0.01908	0.75025	0.01097	0.01648	0.00898	0.02507	0.01306	0.03239	0.05345	0.02105	0.00918	0.00600	0.00393	0.00381	0.00126	0.00561	0.00312	0.00195	0.00587
12	0.00489	0.00349	0.00456	0.00539	0.00565	0.00326	0.00358	0.00554	0.00752	0.00999	0.02187	0.77732	0.05268	0.06651	0.00601	0.00174	0.00239	0.01082	0.00360	0.00317
13	0.00870	0.00695	0.00818	0.00597	0.00933	0.00535	0.00476	0.02392	0.00853	0.05613	0.00815	0.04368	0.00694	0.00346	0.00310	0.00067	0.00296	0.00282	0.00256	0.78782
14	0.00802	0.04176	0.81945	0.01119	0.01698	0.00937	0.01445	0.01254	0.00836	0.01248	0.00707	0.00832	0.00502	0.00376	0.00374	0.00125	0.00582	0.00291	0.00167	0.00584
15	0.00595	0.00466	0.00691	0.00675	0.00739	0.00563	0.00530	0.00731	0.00634	0.00924	0.01011	0.01493	0.00947	0.02761	0.76729	0.00594	0.08929	0.00418	0.00209	0.00361
16	0.01421	0.01381	0.01073	0.00911	0.01152	0.40412	0.00711	0.31186	0.01376	0.07205	0.03068	0.04362	0.02984	0.00498	0.00386	0.00113	0.00540	0.00364	0.00311	0.00542
17	0.71123	0.00795	0.00669	0.02895	0.00875	0.01973	0.00481	0.05547	0.03160	0.03497	0.00640	0.00722	0.00490	0.00378	0.00270	0.00119	0.00325	0.00239	0.00260	0.05541
18	0.00801	0.00771	0.01104	0.00959	0.00982	0.01044	0.02605	0.00902	0.00620	0.00950	0.00654	0.01053	0.00640	0.03199	0.18147	0.00272	0.64327	0.00371	0.00184	0.00415
19	0.00577	0.00384	0.00432	0.00432	0.00432	0.00384	0.00240	0.00577	0.00577	0.00769	0.01249	0.02595	0.01441	0.86066	0.02018	0.00384	0.00384	0.00577	0.00240	0.00240
20	0.00482	0.00406	0.00421	0.00428	0.00559	0.00345	0.00329	0.00589	0.00904	0.01080	0.03861	0.03869	0.76854	0.01012	0.00475	0.00138	0.00214	0.07329	0.00368	0.00337
21	0.01256	0.48408	0.01645	0.00824	0.01106	0.36668	0.00713	0.01374	0.00949	0.03015	0.00603	0.00687	0.00521	0.00372	0.00302	0.00093	0.00545	0.00235	0.00192	0.00492
22	0.00566	0.00425	0.00637	0.00637	0.00708	0.00496	0.00496	0.00708	0.00637	0.00920	0.01062	0.01558	0.00991	0.02974	0.84494	0.00637	0.01062	0.00425	0.00212	0.00354
23	0.00981	0.00942	0.01609	0.02434	0.83592	0.00942	0.01217	0.01217	0.00903	0.01295	0.00746	0.00981	0.00628	0.00353	0.00393	0.00118	0.00471	0.00353	0.00196	0.00628
24	0.14918	0.00782	0.01025	0.00788	0.01092	0.00757	0.07598	0.13413	0.01153	0.51278	0.02406	0.01183	0.00859	0.00461	0.00382	0.00123	0.00373	0.00375	0.00414	0.00621
25	0.00483	0.00345	0.00460	0.00552	0.00575	0.00322	0.00368	0.00552	0.00759	0.01012	0.02185	0.85807	0.02622	0.01242	0.00506	0.00161	0.00230	0.01127	0.00368	0.00322
26	0.00981	0.00942	0.01609	0.02434	0.83592	0.00942	0.01217	0.01217	0.00903	0.01295	0.00746	0.00981	0.00628	0.00353	0.00393	0.00118	0.00471	0.00353	0.00196	0.00628
27	0.00981	0.00942	0.01609	0.02434	0.83592	0.00942	0.01217	0.01217	0.00903	0.01295	0.00746	0.00981	0.00628	0.00353	0.00393	0.00118	0.00471	0.00353	0.00196	0.00628
28	0.00497	0.00362	0.00484	0.00563	0.00589	0.00349	0.00382	0.00571	0.00770	0.01034	0.05499	0.80039	0.02611	0.01209	0.00526	0.00160	0.02573	0.01089	0.00366	0.00327
29	0.00474	0.00402	0.00410	0.00415	0.00545	0.00338	0.00313	0.00576	0.00900	0.01073	0.03911	0.06071	0.78865	0.01013	0.00472	0.00136	0.00206	0.03177	0.00368	0.00335
30	0.01068	0.01107	0.01525	0.02188	0.69257	0.15480	0.01138	0.01281	0.00941	0.01239	0.00723	0.00935	0.00608	0.00363	0.00386	0.00115	0.00513	0.00336	0.00198	0.00599
31	0.01084	0.00973	0.01830	0.01397	0.05067	0.00976	0.48313	0.08504	0.01006	0.12444	0.02864	0.01113	0.00725	0.00426	0.00555	0.00135	0.11341	0.00435	0.00259	0.00553
32	0.00483	0.00345	0.00460	0.00552	0.00575	0.00322	0.00368	0.00552	0.00759	0.01012	0.02185	0.85807	0.02622	0.01242	0.00506	0.00161	0.00230	0.01127	0.00368	0.00322
33	0.06607	0.00786	0.00934	0.00734	0.01019	0.00779	0.00601	0.24537	0.04516	0.45329	0.04651	0.01392	0.05246	0.00520	0.00396	0.00123	0.00350	0.00413	0.00438	0.00629
34	0.06708	0.00550	0.00693	0.02974	0.03583	0.00542	0.03665	0.01006	0.09575	0.09095	0.18526	0.07378	0.22550	0.08270	0.00576	0.00155	0.00289	0.03080	0.00360	0.00425
35	0.02093	0.04188	0.00961	0.02750	0.01044	0.07113	0.03301	0.07237	0.05587	0.02321	0.07490	0.01045	0.00878	0.00381	0.00334	0.00083	0.00353	0.00308	0.00269	0.52262
36	0.03012	0.04917	0.02182	0.00815	0.03931	0.12627	0.01690	0.11914	0.08740	0.14956	0.07961	0.04707	0.05406	0.00525	0.00407	0.00114	0.02730	0.00417	0.00331	0.12619

[dist]
# distance from previous block
# <min> <max>
0	73

[block]
# block no. 1 follows, 68 sequences, length 51
# corresponding to MSA columns:
# 271-321
name=unknown_B
#
# <colnr> <probs for GDERKNQSTAVLIFYWHMCP>
#	G	D	E	R	K	N	Q	S	T	A	V	L	I	F	Y	W	H	M	C	P
0	0.02779	0.02714	0.09461	0.00967	0.01173	0.02677	0.18891	0.02791	0.01996	0.01111	0.02645	0.01300	0.00842	0.05301	0.33493	0.00343	0.10449	0.00411	0.00213	0.00441
1	0.02914	0.02578	0.01697	0.10671	0.12307	0.04123	0.39152	0.03812	0.02162	0.02719	0.04617	0.04658	0.00893	0.00453	0.00454	0.00132	0.02278	0.03628	0.00236	0.00514
2	0.00944	0.00766	0.00957	0.22551	0.05568	0.03587	0.00732	0.13262	0.17895	0.05877	0.13282	0.05663	0.06075	0.00577	0.00416	0.00129	0.00381	0.00491	0.00332	0.00515
3	0.00483	0.00345	0.00460	0.00552	0.00575	0.00322	0.00368	0.00552	0.00759	0.01012	0.02185	0.85807	0.02622	0.01242	0.00506	0.00161	0.00230	0.01127	0.00368	0.00322
4	0.00948	0.01034	0.02138	0.01881	0.24526	0.00986	0.59860	0.01255	0.00927	0.01277	0.00787	0.01045	0.00609	0.00339	0.00447	0.00129	0.00614	0.00436	0.00199	0.00560
5	0.02122	0.11030	0.56873	0.01002	0.01486	0.02733	0.01192	0.06087	0.02878	0.06893	0.00832	0.03691	0.00632	0.00419	0.00369	0.00121	0.00523	0.00325	0.00217	0.00576
6	0.01330	0.01623	0.01200	0.01210	0.12062	0.61927	0.00840	0.01448	0.01023	0.01011	0.00618	0.00771	0.00528	0.00441	0.00493	0.00114	0.12404	0.00281	0.00199	0.00478
7	0.00996	0.00992	0.01583	0.07715	0.69608	0.06191	0.04679	0.01229	0.00911	0.01255	0.00737	0.00973	0.00613	0.00359	0.00394	0.00118	0.00499	0.00352	0.00196	0.00601
8	0.13183	0.00728	0.00892	0.00700	0.00992	0.00694	0.00576	0.09118	0.04386	0.60765	0.02984	0.01257	0.00944	0.00481	0.00380	0.00123	0.00338	0.00379	0.00445	0.00635
9	0.01374	0.01005	0.01116	0.00882	0.01151	0.01125	0.00723	0.59158	0.09354	0.07053	0.03772	0.02306	0.00860	0.00523	0.00478	0.00126	0.07583	0.00390	0.00385	0.00635
10	0.00576	0.00386	0.00438	0.00438	0.00440	0.00388	0.00247	0.00580	0.00578	0.00773	0.01244	0.02566	0.01429	0.83741	0.04326	0.00391	0.00403	0.00572	0.00239	0.00243
11	0.00577	0.00384	0.00432	0.00432	0.00432	0.00384	0.00240	0.00577	0.00577	0.00769	0.01249	0.02595	0.01441	0.86066	0.02018	0.00384	0.00384	0.00577	0.00240	0.00240
12	0.00577	0.00384	0.00432	0.00432	0.00432	0.00384	0.00240	0.00577	0.00577	0.00769	0.01249	0.02595	0.01441	0.86066	0.02018	0.00384	0.00384	0.00577	0.00240	0.00240
13	0.00857	0.00815	0.01385	0.46658	0.40340	0.00909	0.01155	0.01108	0.00844	0.01144	0.00724	0.01022	0.00575	0.00376	0.00395	0.00125	0.00502	0.00353	0.00186	0.00528
14	0.00512	0.00369	0.00486	0.00536	0.00586	0.00343	0.00375	0.00623	0.00884	0.01205	0.28502	0.55036	0.04818	0.01093	0.00494	0.00149	0.00219	0.03039	0.00390	0.00340
15	0.00811	0.06049	0.78667	0.01131	0.03111	0.00952	0.01423	0.01252	0.00837	0.01241	0.00704	0.00830	0.00505	0.00374	0.00371	0.00123	0.00576	0.00290	0.00168	0.00583
16	0.00749	0.00705	0.01189	0.85113	0.02731	0.00881	0.01101	0.01013	0.00793	0.01013	0.00705	0.01057	0.00529	0.00396	0.00396	0.00132	0.00529	0.00352	0.00176	0.00440
17	0.00795	0.02051	0.84011	0.01130	0.01716	0.00921	0.01465	0.01256	0.00837	0.01256	0.00712	0.00837	0.00502	0.00377	0.00377	0.00126	0.00586	0.00293	0.00167	0.00586
18	0.00483	0.00345	0.00460	0.00552	0.00575	0.00322	0.00368	0.00552	0.00759	0.01012	0.02185	0.85807	0.02622	0.01242	0.00506	0.00161	0.00230	0.01127	0.00368	0.00322
19	0.00844	0.17722	0.68772	0.01046	0.01586	0.01041	0.01319	0.01243	0.00831	0.01196	0.00682	0.00800	0.00503	0.00370	0.00354	0.00118	0.00556	0.00278	0.00168	0.00572
20	0.00967	0.00928	0.01584	0.07444	0.78692	0.00938	0.01210	0.01204	0.00896	0.01278	0.00743	0.00986	0.00622	0.00356	0.00393	0.00119	0.00475	0.00353	0.00195	0.00617
21	0.00555	0.00405	0.00522	0.00493	0.00589	0.00372	0.00370	0.00737	0.01109	0.01558	0.78510	0.03014	0.08635	0.00822	0.00468	0.00125	0.00188	0.00724	0.00432	0.00372
22	0.01481	0.01890	0.01124	0.01021	0.01226	0.84474	0.00766	0.01583	0.01124	0.00970	0.00613	0.00715	0.00511	0.00409	0.00358	0.00102	0.00715	0.00255	0.00204	0.00460
23	0.05050	0.05932	0.20888	0.00905	0.01257	0.04968	0.02597	0.33708	0.01281	0.10738	0.00981	0.03392	0.00763	0.02628	0.00426	0.00129	0.00464	0.02988	0.00314	0.00590
24	0.00582	0.00415	0.00533	0.00527	0.00553	0.00452	0.00354	0.00637	0.00600	0.00830	0.01157	0.02159	0.01247	0.52865	0.32190	0.00470	0.03399	0.00514	0.00228	0.00288
25	0.00567	0.00423	0.00631	0.00631	0.00699	0.00492	0.00487	0.00704	0.00635	0.00915	0.01068	0.01591	0.01006	0.05680	0.81809	0.00629	0.01040	0.00430	0.00213	0.00350
26	0.00520	0.00391	0.00547	0.00632	0.02762	0.00366	0.02363	0.00613	0.00796	0.01057	0.04408	0.69187	0.06540	0.01163	0.00502	0.00159	0.00254	0.07039	0.00361	0.00340
27	0.02577	0.04260	0.76441	0.01100	0.01661	0.00928	0.02482	0.01273	0.00844	0.03835	0.00732	0.00847	0.00517	0.00378	0.00373	0.00124	0.00569	0.00295	0.00180	0.00583
28	0.00966	0.00927	0.01582	0.07761	0.78382	0.00938	0.01209	0.01204	0.00896	0.01277	0.00743	0.00986	0.00622	0.00356	0.00393	0.00119	0.00475	0.00353	0.00195	0.00616
29	0.00846	0.01779	0.61864	0.01262	0.01796	0.00937	0.22068	0.01270	0.00867	0.02532	0.00748	0.00904	0.00535	0.00368	0.00400	0.00128	0.00603	0.00339	0.00181	0.00574
30	0.01468	0.00834	0.00986	0.00826	0.03788	0.02812	0.00644	0.28401	0.06284	0.38312	0.01410	0.08916	0.02348	0.00559	0.00408	0.00125	0.00370	0.00456	0.00424	0.00628
31	0.03836	0.34375	0.15954	0.00860	0.01173	0.28111	0.00821	0.01286	0.00896	0.01027	0.00642	0.00775	0.00547	0.00592	0.07428	0.00145	0.00597	0.00258	0.00186	0.00491
32	0.00501	0.00356	0.00464	0.00544	0.00570	0.00336	0.00365	0.00568	0.00748	0.00993	0.02107	0.70430	0.04054	0.11218	0.00685	0.00188	0.00254	0.04950	0.00353	0.00315
33	0.01065	0.00888	0.02938	0.22246	0.33458	0.03524	0.02122	0.02968	0.06258	0.14181	0.00907	0.01073	0.00685	0.00422	0.00449	0.00126	0.05502	0.00363	0.00253	0.00571
34	0.00596	0.00507	0.00513	0.00499	0.00612	0.05473	0.00369	0.02643	0.00969	0.01222	0.25705	0.07172	0.41007	0.07771	0.00589	0.00152	0.00255	0.03225	0.00368	0.00354
35	0.00962	0.00981	0.01247	0.15854	0.36275	0.15988	0.01864	0.01196	0.03609	0.01189	0.03577	0.01528	0.03597	0.00499	0.00411	0.00126	0.00492	0.09854	0.00234	0.00516
36	0.00527	0.00365	0.00455	0.00506	0.00532	0.00350	0.00329	0.00586	0.00721	0.00972	0.04425	0.48706	0.04886	0.28041	0.02255	0.00235	0.00290	0.02327	0.03190	0.00301
37	0.01108	0.63647	0.09648	0.00781	0.01120	0.15947	0.00768	0.01263	0.00864	0.00970	0.00577	0.00669	0.00509	0.00355	0.00284	0.00092	0.00490	0.00227	0.00175	0.00508
38	0.03415	0.00397	0.00431	0.00454	0.00558	0.00351	0.00329	0.00592	0.00864	0.01102	0.07092	0.27732	0.53216	0.01044	0.00472	0.00141	0.00212	0.00896	0.00367	0.00336
39	0.00482	0.00349	0.00456	0.00541	0.00572	0.00323	0.00363	0.00553	0.00770	0.01016	0.02318	0.79850	0.08493	0.01225	0.00503	0.00159	0.00228	0.01106	0.00368	0.00323
40	0.00781	0.00781	0.01227	0.04017	0.03542	0.06476	0.25907	0.01986	0.02400	0.01224	0.13450	0.13767	0.11590	0.00690	0.00518	0.00139	0.06067	0.04710	0.00291	0.00439
41	0.01080	0.01019	0.10245	0.02169	0.14995	0.02571	0.03529	0.29237	0.08003	0.03235	0.01191	0.07729	0.01054	0.00584	0.00425	0.00133	0.00436	0.11468	0.00321	0.00573
42	0.00931	0.00912	0.03380	0.16822	0.64370	0.00920	0.01174	0.01185	0.02408	0.01240	0.00753	0.01005	0.00620	0.00385	0.00416	0.01868	0.00478	0.00353	0.00195	0.00585
43	0.00748	0.00646	0.00975	0.06012	0.30893	0.02301	0.00734	0.00893	0.00748	0.01035	0.01025	0.03999	0.01017	0.22504	0.22262	0.00320	0.00599	0.02638	0.00220	0.00432
44	0.02816	0.12212	0.12076	0.05340	0.04782	0.31305	0.10001	0.06227	0.02469	0.01172	0.00764	0.04032	0.00645	0.00527	0.03843	0.00135	0.00601	0.00336	0.00215	0.00503
45	0.01970	0.25813	0.28793	0.01255	0.17034	0.06602	0.05984	0.03895	0.01922	0.01201	0.00686	0.00823	0.00549	0.00370	0.00360	0.00112	0.01589	0.00293	0.00189	0.00560
46	0.03329	0.00463	0.00612	0.00599	0.00700	0.00480	0.00450	0.03791	0.00794	0.11435	0.01504	0.25559	0.03030	0.05165	0.34557	0.00351	0.00593	0.00624	0.05570	0.00395
47	0.00687	0.00617	0.02928	0.06124	0.21343	0.00583	0.05590	0.00846	0.00841	0.01159	0.11343	0.25003	0.05158	0.11575	0.00647	0.00168	0.00358	0.02384	0.02223	0.00422
48	0.02022	0.02800	0.05259	0.05219	0.26883	0.06607	0.04219	0.14367	0.10319	0.04291	0.01157	0.10326	0.03733	0.00523	0.00405	0.00125	0.00438	0.00457	0.00285	0.00563
49	0.00967	0.03576	0.04063	0.21432	0.30643	0.11187	0.03713	0.03431	0.05877	0.01210	0.02609	0.02658	0.00724	0.00462	0.01505	0.00130	0.04696	0.00368	0.00217	0.00532
50	0.54366	0.01932	0.00783	0.00660	0.00894	0.04981	0.02809	0.15231	0.00926	0.01748	0.02317	0.07375	0.00726	0.00519	0.01983	0.00135	0.01535	0.00335	0.00279	0.00467

[dist]
# distance from previous block
# <min> <max>
0	47

[block]
# block no. 2 follows, 68 sequences, length 69
# corresponding to MSA columns:
# 369-437
name=unknown_C
#
# <colnr> <probs for GDERKNQSTAVLIFYWHMCP>
#	G	D	E	R	K	N	Q	S	T	A	V	L	I	F	Y	W	H	M	C	P
0	0.04999	0.02940	0.00937	0.00793	0.01014	0.25169	0.00619	0.14851	0.17200	0.08543	0.06182	0.03754	0.10197	0.00561	0.00392	0.00120	0.00433	0.00435	0.00337	0.00524
1	0.01187	0.00980	0.03692	0.00874	0.03237	0.04235	0.03047	0.43620	0.13576	0.01861	0.01090	0.02255	0.00906	0.16806	0.00708	0.00172	0.00429	0.00418	0.00342	0.00564
2	0.00974	0.00931	0.01467	0.12832	0.62463	0.03664	0.01125	0.04487	0.03214	0.01301	0.00864	0.01078	0.03049	0.00390	0.00395	0.00120	0.00473	0.00367	0.00213	0.00592
3	0.03673	0.07836	0.05194	0.02214	0.12583	0.33169	0.07577	0.11193	0.06698	0.02484	0.00824	0.00926	0.01981	0.00418	0.00384	0.00114	0.01629	0.00323	0.00243	0.00536
4	0.01412	0.00989	0.01067	0.00850	0.01135	0.03182	0.00690	0.50941	0.15844	0.14146	0.02337	0.03604	0.00908	0.00514	0.00401	0.00123	0.00398	0.00404	0.00406	0.00646
5	0.00671	0.00549	0.00576	0.00537	0.00682	0.02691	0.00408	0.10741	0.05728	0.01373	0.18694	0.10892	0.43208	0.00882	0.00457	0.00132	0.00250	0.00745	0.00383	0.00403
6	0.01455	0.03673	0.01087	0.00823	0.01113	0.01010	0.00676	0.50774	0.05596	0.21309	0.03230	0.05407	0.00942	0.00525	0.00400	0.00122	0.00390	0.00415	0.00411	0.00641
7	0.00571	0.00413	0.00553	0.00551	0.00594	0.00454	0.00389	0.00653	0.00620	0.00863	0.01225	0.02045	0.03766	0.36934	0.47021	0.00512	0.01800	0.00499	0.00228	0.00308
8	0.00795	0.00726	0.01096	0.14369	0.36673	0.03342	0.00858	0.00991	0.02107	0.02252	0.03911	0.19296	0.10655	0.00642	0.00427	0.00131	0.00393	0.00582	0.00264	0.00489
9	0.01221	0.01313	0.01100	0.00971	0.02485	0.39534	0.04534	0.10907	0.09214	0.03356	0.01002	0.01109	0.05278	0.00686	0.06946	0.00160	0.09073	0.00356	0.00260	0.00496
10	0.00482	0.00359	0.00446	0.00516	0.00563	0.00326	0.00350	0.00556	0.00787	0.01019	0.02568	0.65657	0.20464	0.03247	0.00534	0.00160	0.00227	0.01050	0.00365	0.00323
11	0.00632	0.00507	0.00752	0.16834	0.01092	0.00595	0.00605	0.02789	0.00723	0.01006	0.04409	0.09283	0.01159	0.06869	0.46346	0.00426	0.04876	0.00491	0.00233	0.00374
12	0.09770	0.33045	0.12631	0.04406	0.03976	0.01163	0.17211	0.04785	0.00897	0.07608	0.00731	0.00847	0.00567	0.00366	0.00340	0.00111	0.00483	0.00305	0.00219	0.00537
13	0.41632	0.01069	0.00846	0.00726	0.00975	0.20359	0.00579	0.14562	0.03428	0.09145	0.02817	0.00857	0.00644	0.00422	0.00320	0.00118	0.00423	0.00283	0.00292	0.00503
14	0.00618	0.00406	0.00473	0.00474	0.00523	0.00387	0.00304	0.01810	0.00731	0.05214	0.05460	0.18123	0.14069	0.48162	0.01330	0.00277	0.00318	0.00712	0.00307	0.00304
15	0.00918	0.00887	0.01527	0.05777	0.66113	0.00884	0.06947	0.01148	0.00897	0.01258	0.01019	0.03414	0.06583	0.00423	0.00407	0.00122	0.00462	0.00416	0.00212	0.00584
16	0.00971	0.00899	0.01528	0.14490	0.69339	0.00923	0.01181	0.01208	0.00893	0.03667	0.00764	0.01003	0.00624	0.00364	0.00393	0.00120	0.00476	0.00354	0.00202	0.00602
17	0.00543	0.00384	0.00436	0.00447	0.00479	0.00368	0.00276	0.00579	0.00681	0.00886	0.04508	0.13440	0.17390	0.55157	0.02533	0.00303	0.00332	0.00699	0.00287	0.00275
18	0.00998	0.01223	0.17388	0.01206	0.01502	0.04441	0.24932	0.14739	0.02249	0.01376	0.00774	0.03054	0.00629	0.00490	0.00655	0.00140	0.23052	0.00391	0.00227	0.00534
19	0.00880	0.00869	0.01564	0.38963	0.19826	0.00948	0.21602	0.03755	0.03031	0.01202	0.00765	0.01046	0.00591	0.00386	0.00439	0.00130	0.02901	0.00384	0.00200	0.00517
20	0.01043	0.80905	0.07329	0.00707	0.01062	0.01527	0.00729	0.01192	0.00808	0.00954	0.00561	0.00649	0.00508	0.00342	0.00262	0.00087	0.00434	0.00217	0.00169	0.00514
21	0.00487	0.00352	0.00460	0.00539	0.00574	0.00326	0.00364	0.00564	0.00789	0.01049	0.06882	0.75880	0.07864	0.01203	0.00502	0.00157	0.00226	0.01085	0.00372	0.00326
22	0.01076	0.26043	0.02553	0.05563	0.01052	0.06655	0.00628	0.10730	0.05218	0.13294	0.02270	0.10578	0.11598	0.00585	0.00374	0.00117	0.00383	0.00466	0.00308	0.00508
23	0.00937	0.03403	0.03415	0.39401	0.01899	0.17042	0.03705	0.01127	0.00814	0.01002	0.00638	0.00924	0.00524	0.00473	0.00626	0.00136	0.22971	0.00331	0.00181	0.00451
24	0.00490	0.00348	0.00458	0.00544	0.00565	0.00326	0.00359	0.00554	0.00746	0.00995	0.02119	0.79869	0.02538	0.07296	0.00614	0.00177	0.00241	0.01088	0.00359	0.00316
25	0.00874	0.01676	0.53927	0.01231	0.01732	0.00959	0.21467	0.04602	0.07214	0.01341	0.00813	0.00949	0.00588	0.00383	0.00402	0.00128	0.00580	0.00351	0.00203	0.00580
26	0.00923	0.01043	0.02256	0.01619	0.02000	0.00986	0.77981	0.01242	0.00918	0.01248	0.00812	0.01116	0.00628	0.03153	0.00534	0.00143	0.02206	0.00469	0.00201	0.00523
27	0.00574	0.00395	0.00485	0.00485	0.00503	0.00413	0.00305	0.00610	0.00592	0.00807	0.01202	0.02331	0.01327	0.64918	0.23009	0.00449	0.00557	0.00538	0.00233	0.00269
28	0.00527	0.00405	0.00482	0.00465	0.00574	0.00360	0.00350	0.00681	0.01036	0.01385	0.51821	0.03310	0.34282	0.00889	0.00469	0.00129	0.00195	0.01874	0.00409	0.00359
29	0.00813	0.08330	0.74013	0.01115	0.03624	0.00957	0.01376	0.01234	0.00835	0.01227	0.00733	0.02687	0.00552	0.00392	0.00371	0.00123	0.00563	0.00307	0.00173	0.00575
30	0.00483	0.00345	0.00460	0.00552	0.00575	0.00322	0.00368	0.00552	0.00759	0.01012	0.02185	0.85807	0.02622	0.01242	0.00506	0.00161	0.00230	0.01127	0.00368	0.00322
31	0.01481	0.01890	0.01124	0.01021	0.01226	0.84474	0.00766	0.01583	0.01124	0.00970	0.00613	0.00715	0.00511	0.00409	0.00358	0.00102	0.00715	0.00255	0.00204	0.00460
32	0.00795	0.01282	0.34486	0.40641	0.08343	0.00908	0.05737	0.01140	0.00827	0.01146	0.00716	0.00964	0.00529	0.00382	0.00392	0.00129	0.00555	0.00335	0.00176	0.00518
33	0.00992	0.00796	0.00852	0.00760	0.00980	0.00895	0.00593	0.03685	0.66879	0.06784	0.03443	0.01702	0.08718	0.00581	0.00410	0.00133	0.00305	0.00484	0.00406	0.00600
34	0.88866	0.00767	0.00583	0.00521	0.00767	0.00889	0.00429	0.01166	0.00675	0.01779	0.00552	0.00644	0.00429	0.00368	0.00245	0.00123	0.00307	0.00215	0.00245	0.00429
35	0.00577	0.00384	0.00432	0.00432	0.00432	0.00384	0.00240	0.00577	0.00577	0.00769	0.01249	0.02595	0.01441	0.86066	0.02018	0.00384	0.00384	0.00577	0.00240	0.00240
36	0.06934	0.00953	0.01039	0.04242	0.01173	0.01055	0.00694	0.50670	0.14494	0.06495	0.01144	0.05788	0.00893	0.00531	0.00397	0.00126	0.00394	0.01978	0.00382	0.00616
37	0.00981	0.00942	0.01609	0.02434	0.83592	0.00942	0.01217	0.01217	0.00903	0.01295	0.00746	0.00981	0.00628	0.00353	0.00393	0.00118	0.00471	0.00353	0.00196	0.00628
38	0.00755	0.00448	0.00587	0.00531	0.00659	0.00405	0.00405	0.00930	0.01104	0.15100	0.64034	0.05448	0.06474	0.00780	0.00458	0.00126	0.00214	0.00683	0.00440	0.00420
39	0.00613	0.00439	0.00557	0.00621	0.00668	0.00401	0.00424	0.00677	0.00898	0.01224	0.17017	0.67909	0.02886	0.01217	0.00544	0.00174	0.00264	0.02664	0.00414	0.00390
40	0.00981	0.00942	0.01609	0.02434	0.83592	0.00942	0.01217	0.01217	0.00903	0.01295	0.00746	0.00981	0.00628	0.00353	0.00393	0.00118	0.00471	0.00353	0.00196	0.00628
41	0.00981	0.00942	0.01609	0.02434	0.83592	0.00942	0.01217	0.01217	0.00903	0.01295	0.00746	0.00981	0.00628	0.00353	0.00393	0.00118	0.00471	0.00353	0.00196	0.00628
42	0.00689	0.00344	0.00517	0.00517	0.00517	0.00344	0.00344	0.00517	0.00517	0.00689	0.00689	0.01205	0.00689	0.01377	0.01550	0.88464	0.00344	0.00344	0.00172	0.00172
43	0.01060	0.86304	0.02078	0.00678	0.01018	0.01569	0.00678	0.01187	0.00806	0.00933	0.00551	0.00636	0.00509	0.00339	0.00254	0.00085	0.00424	0.00212	0.00170	0.00509
44	0.00981	0.00942	0.01609	0.02434	0.83592	0.00942	0.01217	0.01217	0.00903	0.01295	0.00746	0.00981	0.00628	0.00353	0.00393	0.00118	0.00471	0.00353	0.00196	0.00628
45	0.00755	0.00716	0.01225	0.82485	0.02710	0.00885	0.03654	0.01021	0.00797	0.01021	0.00708	0.01057	0.00531	0.00394	0.00399	0.00132	0.00533	0.00356	0.00177	0.00443
46	0.01507	0.01111	0.01190	0.00912	0.01230	0.01230	0.00754	0.82270	0.01864	0.02499	0.00952	0.00952	0.00674	0.00476	0.00397	0.00119	0.00436	0.00357	0.00397	0.00674
47	0.00910	0.00883	0.01393	0.01668	0.38707	0.01041	0.03662	0.01077	0.00760	0.01134	0.00668	0.00961	0.00598	0.00579	0.02957	0.00156	0.39331	0.00356	0.02635	0.00522
48	0.01507	0.01111	0.01190	0.00912	0.01230	0.01230	0.00754	0.82270	0.01864	0.02499	0.00952	0.00952	0.00674	0.00476	0.00397	0.00119	0.00436	0.00357	0.00397	0.00674
49	0.00895	0.00900	0.01295	0.04715	0.02448	0.03230	0.08141	0.02067	0.03320	0.01040	0.00611	0.00921	0.00561	0.00625	0.01095	0.00162	0.65650	0.00360	0.01506	0.00455
50	0.00972	0.05950	0.09174	0.00921	0.01202	0.00975	0.10483	0.01802	0.54233	0.04275	0.01388	0.04726	0.01077	0.00513	0.00404	0.00131	0.00387	0.00448	0.00344	0.00595
51	0.00961	0.00928	0.01605	0.09096	0.73748	0.00940	0.04482	0.01202	0.00895	0.01271	0.00745	0.00991	0.00619	0.00356	0.00396	0.00120	0.00484	0.00358	0.00195	0.00609
52	0.00875	0.27444	0.59318	0.00994	0.01506	0.01116	0.01228	0.01235	0.00828	0.01158	0.00663	0.00776	0.00504	0.00365	0.00340	0.00113	0.00537	0.00269	0.00168	0.00563
53	0.00555	0.00385	0.00458	0.00487	0.00509	0.00375	0.00304	0.02196	0.00693	0.00920	0.02949	0.34298	0.05227	0.47341	0.01324	0.00280	0.00316	0.00794	0.00300	0.00286
54	0.00569	0.00415	0.00589	0.00589	0.00644	0.00470	0.00436	0.00677	0.00623	0.00885	0.01106	0.01799	0.01096	0.22340	0.65271	0.00578	0.00904	0.00460	0.00219	0.00327
55	0.00484	0.00360	0.00445	0.00512	0.00560	0.00328	0.00347	0.00557	0.00785	0.01015	0.02572	0.63029	0.21432	0.04898	0.00563	0.00164	0.00230	0.01035	0.00362	0.00321
56	0.01497	0.00938	0.03514	0.00859	0.01163	0.04893	0.05681	0.28130	0.06012	0.37580	0.02712	0.03217	0.00922	0.00495	0.00404	0.00123	0.00409	0.00405	0.00410	0.00637
57	0.00969	0.00842	0.00920	0.00884	0.05580	0.00963	0.00650	0.02008	0.75714	0.01620	0.01643	0.01527	0.03816	0.00543	0.00405	0.00134	0.00319	0.00455	0.00391	0.00618
58	0.01073	0.00538	0.00707	0.00599	0.00785	0.00492	0.00472	0.01298	0.05658	0.34566	0.46063	0.02233	0.02495	0.00667	0.00436	0.00124	0.00254	0.00575	0.00456	0.00509
59	0.00554	0.00406	0.00520	0.00494	0.00592	0.00372	0.00373	0.00732	0.01096	0.01531	0.73879	0.03078	0.11464	0.00836	0.00469	0.00127	0.00192	0.02486	0.00428	0.00370
60	0.01459	0.01270	0.01146	0.00926	0.01205	0.21270	0.00743	0.58444	0.03776	0.02067	0.00922	0.03268	0.00703	0.00483	0.00390	0.00117	0.00495	0.00356	0.00350	0.00612
61	0.00571	0.00410	0.00519	0.00489	0.00592	0.00372	0.00367	0.00744	0.01091	0.03058	0.70296	0.03056	0.15288	0.00833	0.00466	0.00126	0.00192	0.00729	0.00428	0.00374
62	0.00936	0.01070	0.02340	0.01671	0.02072	0.01003	0.82152	0.01270	0.00936	0.01270	0.00802	0.01070	0.00602	0.00334	0.00468	0.00134	0.00668	0.00468	0.00201	0.00535
63	0.00822	0.00705	0.00822	0.00587	0.00940	0.00529	0.00470	0.00998	0.00822	0.01292	0.00705	0.00822	0.00587	0.00294	0.00294	0.00059	0.00294	0.00235	0.00235	0.88490
64	0.00533	0.00404	0.00489	0.00468	0.00572	0.00362	0.00349	0.00690	0.01045	0.01416	0.57639	0.03215	0.28000	0.02469	0.00497	0.00132	0.00195	0.00751	0.00412	0.00360
65	0.00577	0.00384	0.00432	0.00432	0.00432	0.00384	0.00240	0.00577	0.00577	0.00769	0.01249	0.02595	0.01441	0.86066	0.02018	0.00384	0.00384	0.00577	0.00240	0.00240
66	0.00983	0.00901	0.01028	0.00900	0.01035	0.05667	0.00723	0.02476	0.39868	0.03846	0.01173	0.01242	0.02984	0.00603	0.00762	0.00148	0.34420	0.00404	0.00302	0.00535
67	0.00855	0.00828	0.01324	0.46164	0.21175	0.02591	0.03441	0.02340	0.00814	0.01099	0.00688	0.00999	0.00554	0.00437	0.00551	0.00135	0.14979	0.00353	0.00185	0.00490
68	0.01349	0.13285	0.01216	0.00918	0.01150	0.51156	0.00722	0.11253	0.07544	0.02548	0.00763	0.00858	0.00622	0.01817	0.03027	0.00126	0.00610	0.00289	0.00244	0.00502

[dist]
# distance from previous block
# <min> <max>
0	1

[block]
# block no. 3 follows, 68 sequences, length 24
# corresponding to MSA columns:
# 439-462
name=unknown_D
#
# <colnr> <probs for GDERKNQSTAVLIFYWHMCP>
#	G	D	E	R	K	N	Q	S	T	A	V	L	I	F	Y	W	H	M	C	P
0	0.04654	0.19728	0.53931	0.01132	0.08350	0.01061	0.03485	0.01234	0.00832	0.01213	0.00676	0.00805	0.00514	0.00365	0.00349	0.00116	0.00532	0.00282	0.00175	0.00565
1	0.00694	0.00462	0.00528	0.00482	0.00641	0.00399	0.00370	0.00843	0.02778	0.12640	0.18443	0.04736	0.50021	0.00860	0.00451	0.00128	0.00224	0.00725	0.00393	0.04183
2	0.01293	0.01043	0.00984	0.00812	0.01062	0.16190	0.00644	0.37390	0.04084	0.10523	0.03602	0.08102	0.07316	0.00571	0.00402	0.00119	0.00424	0.00450	0.00361	0.04629
3	0.02375	0.06128	0.30874	0.09511	0.22107	0.00914	0.10268	0.01172	0.02213	0.01234	0.03149	0.06649	0.00791	0.00438	0.00395	0.00125	0.00508	0.00398	0.00206	0.00547
4	0.00516	0.00354	0.00474	0.00554	0.00581	0.00335	0.00379	0.00575	0.00748	0.01002	0.02026	0.70129	0.02393	0.03733	0.00625	0.06616	0.00251	0.06367	0.02029	0.00312
5	0.01430	0.01484	0.01119	0.00956	0.01203	0.44495	0.00745	0.30477	0.11411	0.01601	0.00857	0.00893	0.00655	0.00449	0.00377	0.00112	0.00566	0.00315	0.00297	0.00557
6	0.01060	0.86304	0.02078	0.00678	0.01018	0.01569	0.00678	0.01187	0.00806	0.00933	0.00551	0.00636	0.00509	0.00339	0.00254	0.00085	0.00424	0.00212	0.00170	0.00509
7	0.00932	0.00869	0.17613	0.00771	0.01010	0.00630	0.02105	0.07179	0.07387	0.17711	0.01600	0.35189	0.01567	0.00785	0.00443	0.00141	0.00357	0.02858	0.00354	0.00501
8	0.00830	0.00567	0.00666	0.00600	0.00757	0.00575	0.00462	0.05170	0.20225	0.10034	0.37297	0.06172	0.09035	0.00715	0.00434	0.00127	0.00247	0.00614	0.04998	0.00473
9	0.00966	0.00644	0.00750	0.00684	0.00854	0.00668	0.00521	0.14734	0.20105	0.13864	0.03190	0.33028	0.06680	0.00816	0.00445	0.00140	0.00297	0.00707	0.00401	0.00506
10	0.05137	0.01136	0.01134	0.00939	0.01180	0.22725	0.09376	0.17090	0.15641	0.08855	0.05166	0.04211	0.00953	0.00505	0.00435	0.00124	0.04125	0.00402	0.00320	0.00546
11	0.00821	0.00684	0.00705	0.00667	0.00809	0.07643	0.00520	0.17502	0.02325	0.01400	0.06522	0.21506	0.20216	0.00882	0.00479	0.00141	0.02105	0.12982	0.01666	0.00426
12	0.00530	0.00384	0.00491	0.00560	0.00603	0.00365	0.00382	0.04330	0.00818	0.01084	0.02231	0.77308	0.07044	0.01193	0.00499	0.00158	0.00238	0.01075	0.00369	0.00339
13	0.00617	0.00452	0.00551	0.00574	0.00654	0.00445	0.00429	0.05255	0.03580	0.01177	0.10069	0.23759	0.13788	0.16975	0.00781	0.00197	0.00297	0.19695	0.00353	0.00353
14	0.00910	0.18153	0.50126	0.01110	0.04543	0.06304	0.07521	0.01279	0.03156	0.01185	0.00713	0.00842	0.00543	0.00407	0.01486	0.00124	0.00564	0.00297	0.00181	0.00559
15	0.00482	0.00349	0.00456	0.00542	0.00572	0.00323	0.00364	0.00553	0.00769	0.01016	0.02306	0.80393	0.07958	0.01226	0.00504	0.00159	0.00228	0.01108	0.00368	0.00323
16	0.01037	0.22532	0.42672	0.00992	0.01419	0.22631	0.01093	0.01323	0.00903	0.01103	0.00647	0.00757	0.00506	0.00376	0.00342	0.00110	0.00580	0.00264	0.00177	0.00535
17	0.01189	0.26135	0.23339	0.00948	0.05852	0.01114	0.00913	0.16636	0.03550	0.15376	0.00883	0.00914	0.00646	0.00407	0.00350	0.00112	0.00454	0.00307	0.00275	0.00599
18	0.00608	0.00612	0.05298	0.00688	0.05054	0.02526	0.04103	0.00817	0.06179	0.01159	0.07997	0.13602	0.42706	0.00965	0.04010	0.00157	0.00320	0.02466	0.00337	0.00397
19	0.03593	0.04539	0.01067	0.09045	0.07772	0.07037	0.02484	0.23323	0.04194	0.08954	0.06509	0.02840	0.01952	0.00570	0.00410	0.00128	0.00417	0.11833	0.02797	0.00533
20	0.01067	0.24443	0.17639	0.00904	0.02406	0.16608	0.03237	0.09147	0.06155	0.02589	0.00888	0.00994	0.03353	0.00653	0.08125	0.00158	0.00562	0.00318	0.00230	0.00524
21	0.30120	0.05306	0.10173	0.02732	0.01192	0.12750	0.13083	0.05294	0.02827	0.01398	0.00788	0.04845	0.00680	0.05248	0.01882	0.00145	0.00481	0.00349	0.00235	0.00471
22	0.03397	0.33635	0.16908	0.00926	0.05781	0.11518	0.00853	0.06719	0.00951	0.09850	0.00771	0.02841	0.00624	0.00415	0.00363	0.00108	0.03270	0.00296	0.00231	0.00543
23	0.02450	0.14329	0.04910	0.06929	0.04955	0.03675	0.00671	0.07268	0.05551	0.01236	0.07742	0.08436	0.01214	0.03402	0.14326	0.00214	0.02537	0.04931	0.00266	0.04956

[dist]
# distance from previous block
# <min> <max>
0	1

[block]
# block no. 4 follows, 68 sequences, length 9
# corresponding to MSA columns:
# 464-472
name=unknown_E
#
# <colnr> <probs for GDERKNQSTAVLIFYWHMCP>
#	G	D	E	R	K	N	Q	S	T	A	V	L	I	F	Y	W	H	M	C	P
0	0.03640	0.05646	0.03004	0.00776	0.03013	0.07747	0.04670	0.13738	0.02728	0.07228	0.09583	0.07988	0.04112	0.08740	0.05340	0.00175	0.03320	0.00481	0.06450	0.01621
1	0.11976	0.05494	0.02479	0.02031	0.00779	0.03317	0.00483	0.04326	0.02358	0.03356	0.08660	0.22782	0.12749	0.05388	0.06398	0.00181	0.03362	0.00630	0.00311	0.02939
2	0.06143	0.08079	0.02473	0.14975	0.02751	0.08879	0.03644	0.06615	0.00915	0.03362	0.09321	0.03756	0.05097	0.06593	0.11087	0.00200	0.00505	0.00427	0.00260	0.04918
3	0.04617	0.07314	0.04212	0.00928	0.05635	0.20177	0.02471	0.18551	0.03554	0.05114	0.00966	0.01114	0.03616	0.02539	0.12910	0.00197	0.02728	0.00350	0.00269	0.02739
4	0.04547	0.04875	0.10872	0.02912	0.01071	0.04885	0.03554	0.12901	0.05552	0.12098	0.02874	0.03430	0.00947	0.11526	0.12777	0.00227	0.00521	0.00406	0.00291	0.03734
5	0.02287	0.07564	0.02926	0.03787	0.06159	0.08795	0.05979	0.15107	0.04049	0.05366	0.07595	0.07082	0.05443	0.00795	0.09235	0.00172	0.00485	0.00450	0.00295	0.06432
6	0.07382	0.10491	0.06689	0.00847	0.03260	0.07522	0.06184	0.13465	0.08364	0.08842	0.01261	0.05653	0.06649	0.05633	0.00480	0.00137	0.00418	0.03268	0.00301	0.03155
7	0.02430	0.05752	0.05190	0.05799	0.04473	0.12859	0.01936	0.11523	0.08931	0.11901	0.05220	0.03077	0.03397	0.05014	0.01750	0.00141	0.02006	0.03246	0.00307	0.05046
8	0.05511	0.03737	0.04060	0.08896	0.09599	0.08915	0.05777	0.12323	0.09141	0.12400	0.05599	0.03811	0.00943	0.01817	0.00447	0.00127	0.03444	0.00398	0.00302	0.02755

[dist]
# distance from previous block
# <min> <max>
2	111

[block]
# block no. 5 follows, 68 sequences, length 21
# corresponding to MSA columns:
# 597-617
name=unknown_F
#
# <colnr> <probs for GDERKNQSTAVLIFYWHMCP>
#	G	D	E	R	K	N	Q	S	T	A	V	L	I	F	Y	W	H	M	C	P
0	0.00932	0.29543	0.04083	0.02726	0.00968	0.10636	0.00608	0.06312	0.07331	0.01168	0.05544	0.09317	0.10811	0.05044	0.00448	0.00125	0.00395	0.00456	0.00268	0.03284
1	0.02986	0.16886	0.03586	0.00730	0.00963	0.10269	0.06786	0.05460	0.04315	0.01188	0.01733	0.09409	0.21541	0.00699	0.02630	0.00131	0.00404	0.02387	0.01461	0.06437
2	0.03588	0.28961	0.23615	0.00897	0.01262	0.13681	0.03188	0.09774	0.00973	0.03732	0.00706	0.00835	0.00569	0.02935	0.00400	0.00116	0.02077	0.00282	0.00214	0.02195
3	0.03609	0.00941	0.03587	0.12482	0.04944	0.13067	0.03031	0.15790	0.09106	0.02643	0.01254	0.16904	0.02185	0.01802	0.00450	0.00137	0.01260	0.06016	0.00302	0.00492
4	0.00867	0.07629	0.61169	0.01262	0.12251	0.00981	0.02855	0.03682	0.03355	0.01288	0.00741	0.00869	0.00547	0.00378	0.00373	0.00122	0.00549	0.00305	0.00186	0.00589
5	0.00741	0.00585	0.00626	0.00564	0.00736	0.00579	0.00443	0.17921	0.07063	0.01464	0.09970	0.04371	0.48144	0.00850	0.00453	0.00133	0.00265	0.04276	0.00383	0.00432
6	0.01000	0.61302	0.24179	0.00807	0.01212	0.01385	0.00893	0.03348	0.00842	0.01061	0.00605	0.00699	0.00511	0.00353	0.00291	0.00097	0.00468	0.00238	0.00175	0.00534
7	0.09773	0.17244	0.26623	0.06684	0.02434	0.07588	0.05820	0.04573	0.06892	0.01269	0.00779	0.00906	0.01555	0.00466	0.02340	0.00131	0.03879	0.00308	0.00212	0.00526
8	0.00578	0.00352	0.00494	0.00544	0.00562	0.00339	0.00370	0.00555	0.00676	0.00902	0.03968	0.44415	0.01834	0.01279	0.00942	0.37007	0.00282	0.04350	0.00288	0.00263
9	0.00608	0.00468	0.00681	0.00704	0.04093	0.00536	0.00513	0.02092	0.00668	0.00953	0.01115	0.01650	0.02912	0.10497	0.67167	0.00556	0.03762	0.00442	0.00220	0.00362
10	0.01068	0.06707	0.01090	0.04408	0.08513	0.07135	0.02599	0.19490	0.20114	0.04545	0.01379	0.08239	0.04779	0.00598	0.00412	0.00129	0.00403	0.07509	0.00334	0.00549
11	0.00965	0.15791	0.50373	0.01052	0.01536	0.01084	0.06699	0.14130	0.02316	0.01407	0.00744	0.00848	0.00549	0.00386	0.00366	0.00118	0.00537	0.00304	0.00210	0.00584
12	0.00628	0.00403	0.00484	0.00482	0.00537	0.00383	0.00317	0.00688	0.00750	0.06764	0.10341	0.17605	0.12658	0.42330	0.03690	0.00273	0.00329	0.00707	0.00317	0.00315
13	0.00580	0.00544	0.05400	0.00601	0.00725	0.01698	0.02719	0.00769	0.03675	0.01238	0.28363	0.21466	0.16518	0.01197	0.12454	0.00208	0.00373	0.00742	0.00350	0.00379
14	0.01284	0.04110	0.10402	0.00941	0.01189	0.44727	0.00790	0.12452	0.04662	0.03996	0.00793	0.00963	0.00652	0.06311	0.02252	0.00141	0.03276	0.00314	0.00245	0.00501
15	0.00518	0.00413	0.00468	0.00476	0.00587	0.00370	0.00358	0.00670	0.03505	0.01200	0.20428	0.13700	0.48469	0.00984	0.00476	0.00139	0.00216	0.06285	0.00384	0.00353
16	0.04152	0.02549	0.00918	0.00720	0.00987	0.00807	0.00587	0.22546	0.13908	0.33070	0.01584	0.01477	0.08944	0.00536	0.00391	0.00122	0.00338	0.00427	0.05332	0.00606
17	0.00944	0.00870	0.01163	0.03027	0.25884	0.06511	0.06701	0.01441	0.28261	0.03317	0.01245	0.11160	0.01091	0.03501	0.02965	0.00153	0.00434	0.00488	0.00295	0.00550
18	0.00743	0.00607	0.00897	0.00780	0.00942	0.00595	0.14492	0.08204	0.08606	0.04044	0.03958	0.37430	0.15298	0.00877	0.00469	0.00143	0.00330	0.00799	0.00351	0.00434
19	0.01071	0.03441	0.01330	0.04274	0.42607	0.13069	0.00946	0.12314	0.02142	0.01410	0.06423	0.03557	0.00887	0.00436	0.00388	0.00115	0.00466	0.00379	0.00249	0.04496
20	0.01122	0.51117	0.03684	0.00758	0.02452	0.03673	0.03060	0.01348	0.07177	0.12882	0.03268	0.00963	0.02263	0.00403	0.00313	0.00098	0.00407	0.00297	0.00250	0.04464

[dist]
# distance from previous block
# <min> <max>
2	15

[block]
# block no. 6 follows, 68 sequences, length 11
# corresponding to MSA columns:
# 633-643
name=unknown_G
#
# <colnr> <probs for GDERKNQSTAVLIFYWHMCP>
#	G	D	E	R	K	N	Q	S	T	A	V	L	I	F	Y	W	H	M	C	P
0	0.01229	0.13451	0.06133	0.07275	0.03712	0.10131	0.05443	0.26364	0.05547	0.09986	0.01056	0.03016	0.03979	0.00469	0.00380	0.00117	0.00464	0.00373	0.00304	0.00571
1	0.00734	0.00570	0.00771	0.02390	0.06419	0.02484	0.02859	0.02824	0.03721	0.06210	0.07737	0.39693	0.04879	0.00927	0.00554	0.00151	0.08356	0.07965	0.00340	0.00413
2	0.00485	0.00355	0.00456	0.00530	0.00571	0.00326	0.00360	0.00563	0.00794	0.01046	0.06096	0.71602	0.12975	0.01192	0.00500	0.00156	0.00224	0.01072	0.00371	0.00326
3	0.02302	0.03438	0.04373	0.16714	0.19584	0.03727	0.02421	0.11081	0.10255	0.08653	0.06184	0.03620	0.02452	0.00487	0.00425	0.00126	0.02909	0.00412	0.00287	0.00552
4	0.02844	0.05207	0.16845	0.15166	0.06984	0.18666	0.04848	0.10032	0.07459	0.01364	0.00828	0.00981	0.00643	0.00430	0.00392	0.00124	0.00546	0.00333	0.00245	0.06065
5	0.00610	0.00368	0.00458	0.00466	0.00470	0.00367	0.00284	0.00568	0.00581	0.00787	0.01149	0.08501	0.01284	0.50293	0.01696	0.27692	0.00353	0.00539	0.03304	0.00230
6	0.00893	0.00577	0.00703	0.02686	0.00815	0.00559	0.00474	0.09131	0.03776	0.15436	0.19965	0.05457	0.16562	0.08124	0.03561	0.00164	0.02596	0.00575	0.00371	0.07574
7	0.01028	0.10059	0.21811	0.03481	0.04461	0.12943	0.10074	0.04312	0.05554	0.07381	0.04487	0.05608	0.00862	0.00460	0.00397	0.00118	0.01713	0.00384	0.00250	0.04617
8	0.01047	0.01109	0.09908	0.09883	0.23299	0.08804	0.11719	0.09799	0.08993	0.04933	0.00930	0.04561	0.00749	0.00443	0.00421	0.00125	0.02060	0.00397	0.00253	0.00567
9	0.00728	0.00635	0.00955	0.04734	0.31327	0.00634	0.00716	0.00933	0.03320	0.01301	0.25915	0.05392	0.13762	0.05384	0.00541	0.00141	0.02235	0.00577	0.00307	0.00464
10	0.02078	0.00647	0.02332	0.04985	0.11211	0.04899	0.00572	0.04475	0.02932	0.01255	0.14429	0.11969	0.31063	0.00799	0.00464	0.00133	0.02112	0.02895	0.00331	0.00419

[dist]
# distance from previous block
# <min> <max>
1	26

[block]
# block no. 7 follows, 68 sequences, length 15
# corresponding to MSA columns:
# 670-684
name=unknown_H
#
# <colnr> <probs for GDERKNQSTAVLIFYWHMCP>
#	G	D	E	R	K	N	Q	S	T	A	V	L	I	F	Y	W	H	M	C	P
0	0.00826	0.02277	0.02058	0.00694	0.03004	0.12529	0.01922	0.07576	0.06093	0.03948	0.12837	0.09681	0.29987	0.00855	0.03796	0.00148	0.00365	0.00631	0.00342	0.00432
1	0.02116	0.03547	0.02695	0.00752	0.08220	0.00558	0.00536	0.05477	0.02109	0.10653	0.16714	0.16560	0.16591	0.04755	0.00520	0.00147	0.00298	0.06952	0.00361	0.00439
2	0.00966	0.03880	0.02620	0.19114	0.36484	0.04773	0.00983	0.09010	0.07475	0.01336	0.01052	0.01212	0.06728	0.00438	0.00392	0.00120	0.00455	0.00384	0.00240	0.02337
3	0.06128	0.21621	0.12979	0.07707	0.02503	0.00868	0.00689	0.02673	0.00772	0.03988	0.01010	0.04159	0.03714	0.16218	0.13152	0.00240	0.00520	0.00397	0.00223	0.00437
4	0.01033	0.00791	0.01102	0.01374	0.34385	0.02476	0.00796	0.11716	0.06779	0.08700	0.06262	0.03511	0.02348	0.00553	0.01666	0.03887	0.00388	0.00416	0.11268	0.00550
5	0.00540	0.00392	0.00474	0.00511	0.00582	0.00362	0.00358	0.00654	0.02997	0.02997	0.08911	0.43625	0.25055	0.07930	0.00610	0.00168	0.00239	0.02888	0.00367	0.00340
6	0.01255	0.01013	0.01046	0.00865	0.01134	0.04038	0.00693	0.40742	0.40940	0.02040	0.01259	0.01198	0.00927	0.00504	0.00399	0.00126	0.00387	0.00397	0.00393	0.00644
7	0.00999	0.01001	0.01477	0.14106	0.60950	0.09371	0.01135	0.01254	0.03607	0.01234	0.00755	0.00982	0.00621	0.00371	0.00390	0.00119	0.00499	0.00346	0.00201	0.00584
8	0.00489	0.00381	0.00444	0.00473	0.00559	0.00336	0.00338	0.00591	0.00885	0.01132	0.16053	0.33953	0.40830	0.01061	0.00482	0.00142	0.00209	0.00925	0.00379	0.00336
9	0.00584	0.00381	0.00429	0.00434	0.00443	0.00379	0.00251	0.00604	0.00609	0.00842	0.01309	0.07460	0.01477	0.73913	0.01784	0.00347	0.00359	0.00592	0.07547	0.00256
10	0.00629	0.00490	0.00620	0.00657	0.03101	0.02581	0.02429	0.04858	0.01805	0.01079	0.03345	0.39994	0.05358	0.17403	0.08736	0.00242	0.00386	0.05616	0.00319	0.00353
