[name]
unknown

[dist]
# distance from previous block
# <min> <max>
0	435

[block]
# block no. 0 follows, 75 sequences, length 45
# corresponding to MSA columns:
# 435-479
name=unknown_A
#
# <colnr> <probs for GDERKNQSTAVLIFYWHMCP>
#	G	D	E	R	K	N	Q	S	T	A	V	L	I	F	Y	W	H	M	C	P
0	0.00606	0.00391	0.00537	0.00536	0.02482	0.00377	0.02649	0.00616	0.03104	0.02562	0.03699	0.06585	0.20218	0.09171	0.02821	0.40804	0.00307	0.02035	0.00241	0.00260
1	0.01217	0.01436	0.01135	0.03486	0.17413	0.56628	0.02333	0.05454	0.01005	0.01040	0.00627	0.00760	0.00518	0.00433	0.02708	0.00112	0.00599	0.00269	0.00197	0.02630
2	0.00539	0.00419	0.00503	0.00464	0.00564	0.00388	0.03873	0.00638	0.02468	0.03286	0.07225	0.02879	0.45871	0.26471	0.00874	0.00193	0.02079	0.00654	0.00303	0.00310
3	0.00648	0.00332	0.00482	0.00475	0.00486	0.00329	0.00318	0.00525	0.00523	0.02740	0.04602	0.01302	0.00834	0.08375	0.01399	0.75592	0.00315	0.00354	0.00183	0.00185
4	0.01847	0.00378	0.00454	0.00435	0.00533	0.00343	0.00326	0.00653	0.00965	0.01329	0.57299	0.04079	0.26384	0.00794	0.00427	0.00118	0.00179	0.00687	0.02436	0.00336
5	0.04971	0.00553	0.00654	0.00549	0.00717	0.00538	0.00421	0.12298	0.00965	0.29090	0.10068	0.02936	0.05487	0.19668	0.00695	0.00165	0.00297	0.00451	0.09025	0.00449
6	0.08804	0.00916	0.00982	0.00774	0.01045	0.01004	0.00634	0.58293	0.08958	0.10433	0.00992	0.02934	0.00724	0.00455	0.00358	0.00113	0.00368	0.00348	0.01275	0.00591
7	0.00659	0.00489	0.00571	0.00578	0.00679	0.00511	0.00419	0.01046	0.27582	0.04745	0.04234	0.44802	0.06128	0.02583	0.00453	0.00140	0.00241	0.00757	0.02979	0.00405
8	0.00853	0.00435	0.00549	0.00513	0.00625	0.00405	0.00372	0.00970	0.03092	0.25272	0.04752	0.26702	0.04372	0.18688	0.00704	0.00173	0.00268	0.01373	0.09489	0.00392
9	0.00460	0.00327	0.00423	0.00492	0.00516	0.00307	0.00324	0.00520	0.00695	0.00926	0.04197	0.71432	0.04928	0.11829	0.00641	0.00173	0.00229	0.00962	0.00328	0.00291
10	0.00904	0.00868	0.01482	0.04198	0.82897	0.00871	0.01125	0.01123	0.00834	0.01194	0.00690	0.00911	0.00580	0.00328	0.00364	0.00109	0.00438	0.00327	0.00181	0.00578
11	0.01812	0.00361	0.00457	0.00490	0.00556	0.00331	0.00345	0.00636	0.00803	0.06077	0.17241	0.52955	0.13283	0.00985	0.00445	0.00136	0.00209	0.00877	0.01672	0.00330
12	0.00464	0.00327	0.00421	0.00490	0.00507	0.00310	0.00318	0.00516	0.00670	0.00894	0.01856	0.70456	0.02217	0.17837	0.00741	0.00189	0.00241	0.00945	0.00318	0.00284
13	0.00447	0.00320	0.00426	0.00511	0.00533	0.00298	0.00341	0.00511	0.00703	0.00938	0.02024	0.86853	0.02429	0.01151	0.00469	0.00149	0.00213	0.01044	0.00341	0.00298
14	0.00581	0.00419	0.00490	0.00473	0.00553	0.00409	0.00340	0.05332	0.02076	0.02138	0.19054	0.02714	0.20890	0.30728	0.05222	0.00229	0.00311	0.07416	0.00309	0.00316
15	0.01904	0.06750	0.01553	0.00580	0.00829	0.02928	0.00468	0.14040	0.01861	0.01318	0.08569	0.01329	0.08134	0.07836	0.00453	0.00105	0.00306	0.00353	0.00266	0.40419
16	0.29714	0.14386	0.00972	0.00668	0.00918	0.17347	0.00553	0.07009	0.04081	0.19979	0.00794	0.00803	0.00581	0.00382	0.00296	0.00105	0.00389	0.00261	0.00275	0.00488
17	0.00525	0.00394	0.00590	0.00590	0.00656	0.00459	0.00459	0.00656	0.00590	0.00853	0.00984	0.01443	0.00918	0.02755	0.85637	0.00590	0.00984	0.00394	0.00197	0.00328
18	0.00732	0.00662	0.00946	0.04556	0.14359	0.00810	0.00691	0.00922	0.07776	0.00978	0.03052	0.01270	0.00831	0.13722	0.14826	0.00246	0.32627	0.00383	0.00204	0.00406
19	0.01284	0.00971	0.01073	0.08137	0.01238	0.01087	0.00713	0.67642	0.10593	0.02112	0.00929	0.00943	0.00667	0.00441	0.00368	0.00113	0.00399	0.00339	0.00351	0.00601
20	0.00820	0.00708	0.00741	0.00675	0.00866	0.00796	0.00523	0.01675	0.67964	0.01431	0.01927	0.01791	0.17339	0.00582	0.00385	0.00124	0.00270	0.00485	0.00367	0.00529
21	0.00947	0.70517	0.01769	0.00694	0.00947	0.01390	0.00662	0.01058	0.00711	0.00868	0.00505	0.00631	0.00473	0.00378	0.00424	0.00095	0.17096	0.00221	0.00158	0.00458
22	0.00695	0.00626	0.00525	0.00509	0.00546	0.16909	0.00320	0.00715	0.00636	0.00753	0.01062	0.03932	0.01192	0.68357	0.01540	0.00301	0.00412	0.00488	0.00219	0.00264
23	0.00915	0.51727	0.20027	0.00744	0.01087	0.01216	0.00780	0.01279	0.16944	0.01060	0.00734	0.00782	0.00596	0.00358	0.00287	0.00096	0.00406	0.00255	0.00199	0.00508
24	0.00595	0.00472	0.00685	0.00810	0.16907	0.00449	0.00498	0.00777	0.01000	0.01420	0.68315	0.02387	0.02906	0.00669	0.00420	0.00114	0.00224	0.00599	0.00361	0.00392
25	0.00734	0.00710	0.00989	0.00876	0.00880	0.00964	0.00714	0.00812	0.00590	0.00894	0.00782	0.17511	0.00860	0.00741	0.01062	0.00158	0.69682	0.00462	0.00196	0.00382
26	0.00782	0.00626	0.01022	0.69582	0.02187	0.00746	0.00910	0.01010	0.00795	0.10120	0.07921	0.01160	0.00790	0.00410	0.00373	0.00121	0.00443	0.00360	0.00215	0.00426
27	0.01375	0.01672	0.01047	0.00935	0.01136	0.76443	0.00708	0.10385	0.01115	0.01053	0.00602	0.00686	0.00490	0.00385	0.00335	0.00096	0.00634	0.00247	0.00209	0.00447
28	0.00598	0.00329	0.00458	0.00458	0.00482	0.00317	0.00311	0.00488	0.00548	0.00707	0.01236	0.01586	0.16950	0.01209	0.01241	0.71997	0.00293	0.00408	0.00195	0.00189
29	0.00461	0.00330	0.00442	0.00527	0.00555	0.00310	0.00365	0.00536	0.00717	0.00953	0.02017	0.78863	0.02399	0.01138	0.00473	0.00151	0.00225	0.08896	0.00341	0.00302
30	0.01496	0.17492	0.01083	0.00666	0.00956	0.00770	0.00571	0.08906	0.01052	0.61375	0.01216	0.01089	0.00799	0.00426	0.00343	0.00107	0.00336	0.00332	0.00389	0.00595
31	0.00440	0.00370	0.00382	0.00384	0.00501	0.00312	0.00286	0.00537	0.00844	0.01020	0.08739	0.07025	0.76050	0.00928	0.00435	0.00125	0.00186	0.00780	0.00345	0.00312
32	0.00871	0.00744	0.00794	0.00716	0.00911	0.00852	0.00556	0.01815	0.75112	0.01529	0.10522	0.01519	0.01376	0.00526	0.00380	0.00124	0.00278	0.00442	0.00377	0.00556
33	0.01027	0.01101	0.01095	0.02102	0.19491	0.30683	0.00786	0.05471	0.00864	0.02020	0.00664	0.00880	0.00576	0.00768	0.12768	0.00184	0.18568	0.00304	0.00195	0.00454
34	0.02958	0.01032	0.01836	0.06200	0.27547	0.20567	0.00818	0.06531	0.17090	0.03066	0.00885	0.04426	0.00731	0.00433	0.00397	0.00114	0.04261	0.00350	0.00244	0.00515
35	0.00498	0.00373	0.00496	0.00567	0.02913	0.00338	0.00378	0.00579	0.00716	0.00977	0.01837	0.73317	0.02166	0.01029	0.00445	0.00138	0.00228	0.02703	0.00323	0.09978
36	0.00886	0.00729	0.00836	0.00612	0.00925	0.00629	0.00494	0.16971	0.00945	0.01407	0.00694	0.00786	0.00558	0.00313	0.00311	0.00068	0.02172	0.00242	0.00245	0.70179
37	0.00524	0.00406	0.00500	0.00497	0.00606	0.00350	0.00362	0.00633	0.00792	0.01083	0.14250	0.40835	0.14990	0.00880	0.00422	0.00123	0.00220	0.04605	0.00326	0.17597
38	0.01767	0.00799	0.01035	0.14697	0.24321	0.06855	0.00773	0.16403	0.01024	0.05760	0.10155	0.03239	0.08131	0.00488	0.00391	0.00114	0.01903	0.00413	0.01241	0.00491
39	0.00865	0.13398	0.27975	0.03966	0.29011	0.00958	0.12636	0.03957	0.00835	0.01166	0.00681	0.01689	0.00543	0.00343	0.00352	0.00110	0.00488	0.00313	0.00178	0.00535
40	0.00638	0.00319	0.00478	0.00478	0.00478	0.00319	0.00319	0.00478	0.00478	0.00638	0.00638	0.01116	0.00638	0.01276	0.01435	0.89314	0.00319	0.00319	0.00159	0.00159
41	0.00525	0.00394	0.00590	0.00590	0.00656	0.00459	0.00459	0.00656	0.00590	0.00853	0.00984	0.01443	0.00918	0.02755	0.85637	0.00590	0.00984	0.00394	0.00197	0.00328
42	0.00601	0.00504	0.00651	0.02502	0.00714	0.00584	0.00477	0.00794	0.09393	0.01006	0.08803	0.15425	0.13424	0.09739	0.15889	0.00241	0.18051	0.00576	0.00272	0.00355
43	0.00807	0.19923	0.65129	0.00956	0.01440	0.03484	0.01184	0.01159	0.00777	0.01092	0.00625	0.00733	0.00467	0.00342	0.00325	0.00108	0.00515	0.00255	0.00157	0.00524
44	0.01142	0.25965	0.03088	0.00924	0.08806	0.20136	0.00720	0.05038	0.05597	0.12714	0.00742	0.00817	0.00588	0.00410	0.00431	0.00106	0.11772	0.00278	0.00230	0.00498

[dist]
# distance from previous block
# <min> <max>
0	5

[block]
# block no. 1 follows, 75 sequences, length 21
# corresponding to MSA columns:
# 485-505
name=unknown_B
#
# <colnr> <probs for GDERKNQSTAVLIFYWHMCP>
#	G	D	E	R	K	N	Q	S	T	A	V	L	I	F	Y	W	H	M	C	P
0	0.00454	0.00325	0.00432	0.00507	0.00534	0.00303	0.00341	0.00528	0.00734	0.00986	0.09571	0.79166	0.02524	0.01114	0.00466	0.00146	0.00209	0.01009	0.00347	0.00303
1	0.00960	0.79508	0.09534	0.00667	0.01002	0.01398	0.00695	0.01106	0.00749	0.00891	0.00524	0.00606	0.00471	0.00317	0.00246	0.00082	0.00406	0.00203	0.00157	0.00478
2	0.00525	0.00394	0.00590	0.00590	0.00656	0.00459	0.00459	0.00656	0.00590	0.00853	0.00984	0.01443	0.00918	0.02755	0.85637	0.00590	0.00984	0.00394	0.00197	0.00328
3	0.00762	0.00653	0.00762	0.00544	0.00870	0.00490	0.00435	0.00925	0.00762	0.01197	0.00653	0.00762	0.00544	0.00272	0.00272	0.00054	0.00272	0.00218	0.00218	0.89338
4	0.00762	0.00653	0.00762	0.00544	0.00870	0.00490	0.00435	0.00925	0.00762	0.01197	0.00653	0.00762	0.00544	0.00272	0.00272	0.00054	0.00272	0.00218	0.00218	0.89338
5	0.00517	0.00347	0.00405	0.00426	0.00433	0.00342	0.00251	0.00536	0.00580	0.00781	0.01364	0.22464	0.01586	0.64634	0.01499	0.00301	0.00318	0.00651	0.02323	0.00243
6	0.00534	0.00356	0.00401	0.00401	0.00401	0.00356	0.00223	0.00534	0.00534	0.00712	0.01157	0.02403	0.01335	0.87092	0.01869	0.00356	0.00356	0.00534	0.00223	0.00223
7	0.01497	0.00596	0.00815	0.00657	0.00912	0.00523	0.00547	0.01643	0.01022	0.73036	0.01520	0.01664	0.01082	0.00535	0.00389	0.00122	0.00316	0.12103	0.00438	0.00584
8	0.00559	0.00401	0.00592	0.00586	0.00649	0.00462	0.00451	0.00672	0.00596	0.02768	0.00996	0.02831	0.00940	0.05962	0.74195	0.03888	0.02519	0.00405	0.00204	0.00325
9	0.00534	0.00357	0.00407	0.00407	0.00409	0.00360	0.00231	0.00538	0.00536	0.00717	0.01151	0.02370	0.01321	0.84159	0.04783	0.00364	0.00378	0.00529	0.00222	0.00226
10	0.00755	0.01770	0.73304	0.01119	0.01637	0.00864	0.13112	0.01165	0.00789	0.01165	0.00671	0.00806	0.00478	0.00343	0.00361	0.00117	0.00554	0.00295	0.00159	0.00536
11	0.00646	0.00397	0.00580	0.00559	0.00568	0.00450	0.00403	0.00563	0.00513	0.00716	0.00693	0.02963	0.00690	0.01330	0.10594	0.63354	0.12714	0.00344	0.01706	0.00219
12	0.02492	0.00409	0.00488	0.00455	0.00548	0.00380	0.00320	0.00784	0.00792	0.14255	0.18864	0.07900	0.15906	0.30783	0.00915	0.00202	0.00266	0.00596	0.03306	0.00339
13	0.00451	0.00334	0.00422	0.00486	0.00531	0.00305	0.00334	0.00528	0.00747	0.00977	0.06301	0.65477	0.18117	0.01087	0.00461	0.00143	0.00208	0.02443	0.00344	0.00304
14	0.03891	0.00996	0.01072	0.00824	0.01115	0.01095	0.00680	0.76405	0.01656	0.07208	0.00905	0.00896	0.00635	0.00439	0.00364	0.00111	0.00395	0.00329	0.00369	0.00618
15	0.00760	0.00770	0.01391	0.04173	0.02401	0.02712	0.37811	0.03987	0.00799	0.01086	0.01035	0.22223	0.01029	0.00710	0.05344	0.00160	0.12401	0.00553	0.00227	0.00425
16	0.00501	0.00347	0.00415	0.00444	0.00463	0.00336	0.00278	0.00537	0.00632	0.00839	0.04631	0.30120	0.06545	0.48891	0.01245	0.00262	0.00293	0.02683	0.00277	0.00260
17	0.00617	0.00425	0.00554	0.00559	0.04935	0.00395	0.00394	0.00801	0.02953	0.06774	0.60181	0.02569	0.12939	0.00715	0.00418	0.00115	0.00200	0.00624	0.03453	0.00378
18	0.00790	0.00678	0.00810	0.00646	0.05216	0.00538	0.00482	0.03218	0.02880	0.01236	0.00682	0.00788	0.00563	0.00285	0.00282	0.00061	0.00285	0.00231	0.00224	0.80107
19	0.04558	0.05099	0.03347	0.06727	0.26681	0.05220	0.10760	0.07810	0.00903	0.10512	0.00812	0.03792	0.00654	0.00430	0.01925	0.00118	0.02856	0.00344	0.00234	0.07216
20	0.00768	0.00569	0.00776	0.04246	0.09212	0.00575	0.04784	0.08333	0.05547	0.07471	0.16123	0.01985	0.11682	0.21743	0.01667	0.01865	0.01448	0.00507	0.00297	0.00402

[dist]
# distance from previous block
# <min> <max>
0	2

[block]
# block no. 2 follows, 75 sequences, length 6
# corresponding to MSA columns:
# 508-513
name=unknown_C
#
# <colnr> <probs for GDERKNQSTAVLIFYWHMCP>
#	G	D	E	R	K	N	Q	S	T	A	V	L	I	F	Y	W	H	M	C	P
0	0.02715	0.47544	0.11664	0.05305	0.04164	0.04082	0.07337	0.03484	0.02433	0.07213	0.00661	0.00750	0.00530	0.00341	0.00296	0.00096	0.00435	0.00258	0.00195	0.00497
1	0.00977	0.50412	0.01448	0.00618	0.00928	0.04872	0.00566	0.01110	0.00785	0.06822	0.00623	0.00692	0.00525	0.00314	0.00261	0.00074	0.00362	0.00217	0.00198	0.28197
2	0.57982	0.00782	0.00790	0.07967	0.11631	0.04687	0.00598	0.01072	0.00674	0.01421	0.00546	0.00692	0.00441	0.00373	0.00359	0.00118	0.08997	0.00240	0.00208	0.00424
3	0.00709	0.00426	0.00525	0.00605	0.08994	0.00414	0.00413	0.00873	0.00811	0.05416	0.01596	0.02019	0.11758	0.00573	0.00334	0.00107	0.00232	0.12971	0.50848	0.00376
4	0.00458	0.00332	0.00433	0.00493	0.00533	0.00307	0.00337	0.00542	0.00768	0.01029	0.15602	0.67200	0.08467	0.01070	0.00461	0.00142	0.00205	0.00963	0.00351	0.00307
5	0.00909	0.30574	0.07064	0.00821	0.04139	0.00971	0.11192	0.06333	0.09272	0.06388	0.10648	0.01297	0.07990	0.00453	0.00343	0.00105	0.00376	0.00380	0.00259	0.00486

[dist]
# distance from previous block
# <min> <max>
0	16

[block]
# block no. 3 follows, 75 sequences, length 23
# corresponding to MSA columns:
# 531-553
name=unknown_D
#
# <colnr> <probs for GDERKNQSTAVLIFYWHMCP>
#	G	D	E	R	K	N	Q	S	T	A	V	L	I	F	Y	W	H	M	C	P
0	0.00609	0.00393	0.00525	0.00522	0.00608	0.00382	0.00393	0.00732	0.00816	0.08870	0.24379	0.19682	0.09318	0.05791	0.19101	0.00243	0.00394	0.06563	0.00331	0.00348
1	0.00537	0.00362	0.00444	0.00444	0.00458	0.00376	0.00277	0.00557	0.00543	0.00738	0.01096	0.02141	0.01215	0.65364	0.19407	0.04604	0.00486	0.00494	0.00214	0.00242
2	0.00842	0.00947	0.02043	0.06846	0.01912	0.00901	0.75546	0.01140	0.00853	0.01154	0.00779	0.03809	0.00614	0.00341	0.00430	0.00125	0.00598	0.00447	0.00189	0.00483
3	0.00721	0.00681	0.01152	0.75362	0.13160	0.00823	0.01034	0.00963	0.00748	0.00972	0.00658	0.00970	0.00502	0.00362	0.00367	0.00121	0.00483	0.00327	0.00166	0.00430
4	0.03244	0.00547	0.00622	0.00590	0.00717	0.00568	0.00440	0.14658	0.13789	0.05842	0.03209	0.36211	0.09686	0.04885	0.00484	0.00142	0.00268	0.01682	0.02001	0.00416
5	0.01034	0.00849	0.00899	0.00772	0.01001	0.00970	0.00611	0.22387	0.63506	0.01731	0.01341	0.01248	0.00997	0.00484	0.00372	0.00121	0.00319	0.00394	0.00372	0.00592
6	0.00520	0.00375	0.00491	0.00462	0.00549	0.00347	0.00347	0.00693	0.01040	0.01473	0.84608	0.02743	0.03465	0.00751	0.00433	0.00116	0.00173	0.00664	0.00404	0.00347
7	0.00512	0.00435	0.00450	0.00443	0.00575	0.00404	0.00336	0.00749	0.13419	0.01076	0.03269	0.06233	0.66568	0.00875	0.00428	0.00126	0.00207	0.03197	0.00346	0.00351
8	0.03532	0.00403	0.00480	0.00468	0.00571	0.00369	0.00342	0.00738	0.01946	0.10017	0.23793	0.22187	0.25440	0.07384	0.00536	0.00144	0.00220	0.00724	0.00357	0.00350
9	0.01356	0.01009	0.01080	0.00837	0.01124	0.01120	0.00688	0.76778	0.08591	0.02250	0.00933	0.00922	0.00666	0.00446	0.00368	0.00111	0.00395	0.00338	0.00368	0.00621
10	0.00737	0.01900	0.85189	0.01047	0.01590	0.00853	0.01357	0.01163	0.00775	0.01163	0.00659	0.00775	0.00465	0.00349	0.00349	0.00116	0.00543	0.00271	0.00155	0.00543
11	0.00539	0.00383	0.00434	0.00434	0.00519	0.00349	0.00305	0.01628	0.01853	0.04491	0.11007	0.18144	0.36998	0.18781	0.00730	0.00175	0.00234	0.00728	0.01953	0.00314
12	0.00482	0.00356	0.00443	0.00460	0.00531	0.00324	0.00331	0.00598	0.00870	0.01174	0.36631	0.31018	0.19540	0.02665	0.00473	0.00134	0.00195	0.01938	0.01516	0.00320
13	0.00470	0.00325	0.00422	0.00495	0.00520	0.00308	0.00330	0.00538	0.00695	0.00951	0.01897	0.74432	0.02236	0.06542	0.01979	0.00165	0.00232	0.00955	0.06212	0.00297
14	0.00593	0.00378	0.00463	0.00449	0.00487	0.00375	0.00290	0.00644	0.00653	0.05741	0.13982	0.04724	0.01622	0.56909	0.10887	0.00325	0.00392	0.00544	0.00264	0.00279
15	0.03151	0.00431	0.00552	0.00522	0.00634	0.00408	0.00392	0.02839	0.00885	0.16230	0.26790	0.23733	0.08598	0.02038	0.08209	0.01802	0.00297	0.00660	0.01449	0.00383
16	0.01087	0.00609	0.00735	0.00601	0.00807	0.00588	0.00482	0.20087	0.01170	0.29704	0.24983	0.01935	0.14410	0.00607	0.00397	0.00115	0.00275	0.00505	0.00403	0.00499
17	0.00459	0.00323	0.00423	0.00500	0.00522	0.00303	0.00331	0.00521	0.00694	0.00933	0.01948	0.79269	0.02322	0.06826	0.00557	0.00161	0.00222	0.00994	0.02400	0.00294
18	0.00916	0.01091	0.05626	0.05397	0.03186	0.11845	0.58747	0.03172	0.00898	0.01150	0.00822	0.01026	0.03576	0.00349	0.00410	0.00119	0.00591	0.00404	0.00194	0.00482
19	0.00642	0.00452	0.00571	0.01503	0.01913	0.02299	0.00408	0.04607	0.05957	0.01046	0.18442	0.08146	0.07773	0.01194	0.12122	0.30657	0.00373	0.01320	0.00268	0.00307
20	0.00523	0.00378	0.00516	0.00523	0.00573	0.00412	0.00382	0.00616	0.00605	0.00844	0.01258	0.06821	0.05232	0.24875	0.50128	0.00458	0.00699	0.03127	0.01733	0.00298
21	0.00644	0.00504	0.00550	0.00502	0.00648	0.00489	0.00391	0.15270	0.04035	0.01337	0.18011	0.05014	0.46148	0.00804	0.00424	0.00123	0.00233	0.04130	0.00358	0.00383
22	0.01123	0.09231	0.01113	0.10983	0.09684	0.44357	0.00750	0.04033	0.00952	0.03416	0.00781	0.05041	0.00705	0.00449	0.00350	0.00106	0.00533	0.05735	0.00213	0.00444

[dist]
# distance from previous block
# <min> <max>
2	56

[block]
# block no. 4 follows, 75 sequences, length 76
# corresponding to MSA columns:
# 610-685
name=unknown_E
#
# <colnr> <probs for GDERKNQSTAVLIFYWHMCP>
#	G	D	E	R	K	N	Q	S	T	A	V	L	I	F	Y	W	H	M	C	P
0	0.00801	0.00652	0.01111	0.33982	0.03938	0.00703	0.14650	0.02095	0.02356	0.10019	0.04777	0.04685	0.00850	0.00800	0.14088	0.00195	0.00533	0.00403	0.00231	0.03132
1	0.01325	0.01159	0.00978	0.00869	0.03869	0.34499	0.00664	0.21130	0.03505	0.18156	0.00972	0.01931	0.00763	0.00489	0.01296	0.00115	0.00484	0.06122	0.01161	0.00514
2	0.00521	0.00359	0.00443	0.00460	0.00477	0.00367	0.00294	0.00559	0.00581	0.00785	0.01294	0.15872	0.01466	0.56016	0.15861	0.00356	0.00439	0.03351	0.00241	0.00257
3	0.01862	0.00417	0.00522	0.00495	0.00602	0.00390	0.00371	0.01996	0.03766	0.09327	0.48115	0.17673	0.11460	0.00795	0.00428	0.00122	0.00204	0.00696	0.00387	0.00373
4	0.00688	0.00439	0.00531	0.00481	0.00617	0.00399	0.00372	0.03909	0.01942	0.13013	0.40890	0.02736	0.29401	0.00759	0.00423	0.00119	0.00210	0.02296	0.00388	0.00386
5	0.02631	0.00712	0.00884	0.00689	0.00963	0.00686	0.00566	0.18479	0.07067	0.58531	0.02382	0.01196	0.00893	0.00457	0.00366	0.00113	0.00325	0.00366	0.02085	0.00610
6	0.05114	0.00799	0.00916	0.00732	0.00989	0.00832	0.00597	0.40021	0.05771	0.29567	0.01202	0.07351	0.00912	0.00513	0.00374	0.00117	0.00347	0.02879	0.00388	0.00580
7	0.01365	0.00984	0.01060	0.00817	0.01102	0.01080	0.00673	0.76827	0.01661	0.05356	0.01002	0.00990	0.03472	0.00458	0.00369	0.00111	0.00391	0.00347	0.01323	0.00611
8	0.00444	0.00357	0.00397	0.00419	0.00511	0.00309	0.00302	0.00535	0.00814	0.01013	0.09330	0.27433	0.54889	0.00980	0.00444	0.00131	0.00193	0.00844	0.00346	0.00309
9	0.00710	0.00422	0.00533	0.00485	0.00610	0.00382	0.00370	0.01818	0.00951	0.15951	0.40796	0.05689	0.21376	0.02080	0.03060	0.03144	0.00237	0.00626	0.00379	0.00380
10	0.00456	0.00325	0.00427	0.00505	0.00527	0.00304	0.00336	0.00519	0.00700	0.00933	0.03082	0.78404	0.03138	0.06644	0.00558	0.00162	0.00223	0.02128	0.00334	0.00295
11	0.01359	0.01134	0.01072	0.00854	0.01120	0.16271	0.00691	0.65741	0.01561	0.02006	0.00829	0.00863	0.00608	0.00516	0.03552	0.00125	0.00472	0.00316	0.00329	0.00578
12	0.00762	0.00653	0.00762	0.00544	0.00870	0.00490	0.00435	0.00925	0.00762	0.01197	0.00653	0.00762	0.00544	0.00272	0.00272	0.00054	0.00272	0.00218	0.00218	0.89338
13	0.69119	0.00642	0.00527	0.00473	0.00679	0.00725	0.00386	0.01080	0.00676	0.06360	0.00695	0.00807	0.00538	0.00371	0.00244	0.00110	0.00268	0.01369	0.14532	0.00401
14	0.00483	0.00343	0.00409	0.00444	0.00476	0.00322	0.00285	0.00521	0.00658	0.00855	0.01973	0.37674	0.17147	0.32567	0.01008	0.03227	0.00264	0.00783	0.00292	0.00268
15	0.00486	0.00348	0.00432	0.00483	0.00514	0.00332	0.00322	0.00558	0.02050	0.00907	0.03023	0.50591	0.08414	0.24369	0.00845	0.00203	0.00257	0.05270	0.00310	0.00286
16	0.00450	0.00360	0.00402	0.00431	0.00521	0.00315	0.00315	0.00539	0.00797	0.00984	0.03933	0.26915	0.54389	0.02411	0.00472	0.00138	0.00205	0.05777	0.00340	0.00307
17	0.00459	0.00362	0.00415	0.00425	0.00518	0.00317	0.00310	0.00567	0.00862	0.01107	0.24582	0.21086	0.45825	0.00930	0.00441	0.00127	0.00188	0.00803	0.00358	0.00317
18	0.00982	0.87313	0.01925	0.00628	0.00943	0.01453	0.00628	0.01100	0.00746	0.00864	0.00511	0.00589	0.00471	0.00314	0.00236	0.00079	0.00393	0.00196	0.00157	0.00471
19	0.00912	0.00984	0.01109	0.00961	0.00997	0.17266	0.00786	0.00995	0.00654	0.00887	0.00498	0.00777	0.00480	0.00592	0.01038	0.00148	0.70037	0.00305	0.00166	0.00406
20	0.00443	0.00375	0.00384	0.00389	0.00511	0.00316	0.00297	0.00540	0.00838	0.00998	0.03621	0.03569	0.80030	0.00935	0.00438	0.00127	0.00195	0.05343	0.00341	0.00312
21	0.00759	0.00738	0.01039	0.00904	0.00915	0.01018	0.00748	0.00847	0.00567	0.00879	0.00563	0.00906	0.00552	0.00982	0.14776	0.00230	0.72688	0.00333	0.00167	0.00390
22	0.00534	0.00356	0.00401	0.00401	0.00401	0.00356	0.00223	0.00534	0.00534	0.00712	0.01157	0.02403	0.01335	0.87092	0.01869	0.00356	0.00356	0.00534	0.00223	0.00223
23	0.00885	0.14866	0.02128	0.01400	0.01762	0.01013	0.70153	0.01164	0.00847	0.01126	0.00706	0.00926	0.00543	0.00310	0.00402	0.00117	0.00583	0.00395	0.00181	0.00491
24	0.00525	0.00394	0.00590	0.00590	0.00656	0.00459	0.00459	0.00656	0.00590	0.00853	0.00984	0.01443	0.00918	0.02755	0.85637	0.00590	0.00984	0.00394	0.00197	0.00328
25	0.01372	0.01750	0.01041	0.00946	0.01135	0.85618	0.00710	0.01467	0.01041	0.00899	0.00568	0.00662	0.00473	0.00378	0.00331	0.00095	0.00662	0.00237	0.00189	0.00426
26	0.76181	0.00697	0.00588	0.00509	0.00745	0.00780	0.00420	0.01189	0.00690	0.14443	0.00655	0.00697	0.00476	0.00358	0.00249	0.00114	0.00288	0.00225	0.00262	0.00433
27	0.00552	0.00379	0.00469	0.00501	0.00534	0.00378	0.00358	0.00615	0.00653	0.00859	0.01489	0.04972	0.02634	0.53335	0.01333	0.00282	0.00344	0.29778	0.00268	0.00267
28	0.00595	0.00381	0.00517	0.00570	0.00637	0.00360	0.00435	0.00707	0.00802	0.07870	0.08511	0.47699	0.02291	0.01020	0.00470	0.00150	0.00257	0.26033	0.00354	0.00341
29	0.00531	0.00373	0.00486	0.00487	0.00517	0.00402	0.00331	0.00590	0.00563	0.00779	0.01092	0.02007	0.01164	0.49013	0.38488	0.00456	0.00630	0.01606	0.00213	0.00270
30	0.67545	0.00706	0.00629	0.00534	0.00776	0.00779	0.00440	0.04831	0.00762	0.19000	0.00722	0.00745	0.00514	0.00369	0.00263	0.00113	0.00295	0.00240	0.00281	0.00455
31	0.00469	0.00366	0.00402	0.00410	0.00494	0.00325	0.00288	0.00546	0.00768	0.00961	0.07991	0.14198	0.48594	0.18966	0.00738	0.00175	0.00228	0.02406	0.00319	0.01353
32	0.00460	0.00326	0.00428	0.00505	0.00526	0.00308	0.00336	0.00521	0.00690	0.00919	0.01933	0.75852	0.02308	0.09978	0.00614	0.00171	0.00231	0.03274	0.00329	0.00292
33	0.00667	0.00408	0.00487	0.00454	0.00582	0.00358	0.00345	0.00793	0.00917	0.14658	0.26890	0.09805	0.36626	0.00797	0.00418	0.00120	0.00204	0.00680	0.04419	0.00372
34	0.06256	0.00464	0.00583	0.00550	0.00674	0.00443	0.00410	0.03751	0.00817	0.24918	0.01616	0.36253	0.04344	0.06164	0.04951	0.02871	0.00303	0.01552	0.02676	0.00403
35	0.01235	0.00849	0.00939	0.00750	0.00995	0.00918	0.00617	0.58390	0.01480	0.08433	0.06622	0.01329	0.00979	0.00506	0.00374	0.00113	0.00357	0.06754	0.07799	0.00560
36	0.00441	0.00365	0.00386	0.00398	0.00505	0.00311	0.00293	0.00532	0.00818	0.00992	0.05025	0.15415	0.68977	0.02135	0.00460	0.00131	0.00194	0.01973	0.00341	0.00308
37	0.00711	0.00648	0.00589	0.00555	0.00679	0.15249	0.00416	0.00900	0.06617	0.04345	0.34826	0.08874	0.22716	0.00733	0.00412	0.00117	0.00278	0.00618	0.00346	0.00374
38	0.01276	0.00729	0.00833	0.00684	0.00888	0.07232	0.00550	0.12931	0.02783	0.39798	0.01150	0.01190	0.00825	0.03885	0.07250	0.00160	0.07394	0.00356	0.09564	0.00522
39	0.01362	0.00563	0.00763	0.00611	0.00845	0.00493	0.00498	0.01512	0.01042	0.63706	0.20174	0.01674	0.01521	0.00538	0.00388	0.00116	0.00282	0.02920	0.00440	0.00554
40	0.00845	0.00787	0.01410	0.30282	0.35413	0.00827	0.15622	0.01079	0.00812	0.04925	0.00772	0.04179	0.00630	0.00374	0.00381	0.00118	0.00473	0.00375	0.00195	0.00499
41	0.00836	0.00924	0.04342	0.08756	0.12258	0.17787	0.09996	0.01002	0.02009	0.01002	0.00999	0.21583	0.01020	0.01461	0.00527	0.00130	0.12602	0.02122	0.00223	0.00422
42	0.11700	0.01060	0.16924	0.06700	0.39795	0.02025	0.14287	0.01129	0.00801	0.01224	0.00668	0.00860	0.00527	0.00333	0.00355	0.00114	0.00473	0.00317	0.00182	0.00526
43	0.00949	0.00912	0.01278	0.33593	0.25108	0.09592	0.06643	0.14344	0.00961	0.01245	0.00696	0.00910	0.00540	0.00368	0.00375	0.00114	0.01342	0.00325	0.00205	0.00499
44	0.00542	0.00430	0.00591	0.00575	0.00647	0.00482	0.00446	0.00655	0.00639	0.00887	0.01431	0.03098	0.14419	0.07787	0.52628	0.00427	0.08039	0.03226	0.00226	0.02824
45	0.00461	0.00335	0.00436	0.00498	0.00539	0.00314	0.00344	0.00542	0.00740	0.00989	0.08979	0.65326	0.10375	0.01174	0.05062	0.00167	0.00250	0.01912	0.01252	0.00306
46	0.00728	0.00509	0.00794	0.00908	0.15792	0.00488	0.05537	0.01728	0.00778	0.09702	0.05057	0.35019	0.01594	0.02499	0.00581	0.10905	0.00313	0.06388	0.00293	0.00385
47	0.03560	0.00432	0.00473	0.00432	0.00561	0.00426	0.00336	0.04884	0.00854	0.14852	0.01246	0.04660	0.00980	0.00467	0.00291	0.00096	0.00212	0.01620	0.63218	0.00401
48	0.47249	0.00669	0.00690	0.00565	0.00820	0.00687	0.00466	0.01422	0.00830	0.41854	0.00963	0.00912	0.00644	0.00396	0.00296	0.00114	0.00298	0.00281	0.00337	0.00507
49	0.00753	0.00425	0.00511	0.00473	0.00547	0.00409	0.00315	0.00841	0.04224	0.16859	0.06569	0.07436	0.03971	0.53613	0.01301	0.00265	0.00320	0.00545	0.00295	0.00329
50	0.00592	0.00392	0.00470	0.00469	0.00521	0.00388	0.00320	0.03716	0.04750	0.00928	0.04102	0.13310	0.14717	0.24200	0.01070	0.23083	0.00285	0.02096	0.04318	0.00274
51	0.00532	0.00365	0.00445	0.00445	0.00460	0.00380	0.00278	0.00563	0.00547	0.00745	0.01117	0.02178	0.01237	0.67305	0.21523	0.00411	0.00503	0.00501	0.00216	0.00247
52	0.01334	0.00798	0.00919	0.00741	0.01003	0.00839	0.00600	0.26071	0.28327	0.33328	0.01296	0.01180	0.00894	0.00465	0.00370	0.00116	0.00333	0.00373	0.00402	0.00611
53	0.00641	0.00474	0.00557	0.00523	0.00644	0.00469	0.00395	0.04757	0.14351	0.04493	0.38715	0.13345	0.17665	0.00769	0.00423	0.00123	0.00216	0.00667	0.00380	0.00395
54	0.00953	0.00551	0.00680	0.00619	0.00765	0.00542	0.00468	0.18885	0.01017	0.22165	0.02827	0.45663	0.01674	0.00818	0.00422	0.00131	0.00279	0.00716	0.00376	0.00451
55	0.00483	0.00363	0.00452	0.00514	0.00562	0.00349	0.00353	0.00628	0.07344	0.00991	0.02176	0.70532	0.11732	0.01074	0.00457	0.00144	0.00216	0.00963	0.00344	0.00322
56	0.00652	0.00344	0.00355	0.00358	0.00427	0.00343	0.00254	0.00791	0.00730	0.01247	0.01222	0.04734	0.01060	0.14385	0.00524	0.00131	0.00202	0.00399	0.71518	0.00321
57	0.00518	0.00349	0.00405	0.00421	0.00425	0.00345	0.00244	0.00530	0.00565	0.00754	0.01317	0.17977	0.01537	0.71244	0.01611	0.00318	0.00330	0.00628	0.00244	0.00237
58	0.00983	0.01014	0.01418	0.02044	0.71354	0.14494	0.01060	0.01182	0.00869	0.01152	0.00671	0.00869	0.00564	0.00335	0.00358	0.00107	0.00473	0.00313	0.00183	0.00557
59	0.00820	0.00815	0.01184	0.01172	0.14440	0.01084	0.00856	0.00923	0.00606	0.00935	0.00516	0.00820	0.00498	0.00592	0.01070	0.00152	0.72600	0.00322	0.00164	0.00431
60	0.00554	0.07389	0.00550	0.00439	0.00584	0.07338	0.00342	0.00649	0.00846	0.00974	0.03209	0.03067	0.71122	0.00836	0.00410	0.00118	0.00241	0.00685	0.00314	0.00332
61	0.00531	0.00369	0.00465	0.00465	0.00487	0.00391	0.00303	0.00575	0.00553	0.00760	0.01099	0.02078	0.01194	0.58552	0.30217	0.00435	0.00568	0.00487	0.00214	0.00258
62	0.00452	0.00328	0.00427	0.00496	0.00531	0.00303	0.00336	0.00527	0.00741	0.00985	0.08721	0.73398	0.09198	0.01101	0.00463	0.00144	0.00208	0.00992	0.00346	0.00303
63	0.00538	0.00386	0.00555	0.00555	0.00617	0.00441	0.00424	0.00662	0.00600	0.00882	0.01015	0.01515	0.00954	0.09428	0.72045	0.00531	0.00868	0.00401	0.07262	0.00320
64	0.00474	0.00345	0.00453	0.00525	0.00570	0.00323	0.00379	0.00564	0.00755	0.00994	0.05709	0.61231	0.09937	0.01090	0.00471	0.00149	0.00231	0.15149	0.00343	0.00308
65	0.01551	0.00613	0.00828	0.00642	0.00910	0.00536	0.00527	0.03325	0.01064	0.76615	0.08200	0.01364	0.01111	0.00478	0.00374	0.00114	0.00303	0.00393	0.00449	0.00602
66	0.00762	0.00653	0.00762	0.00544	0.00870	0.00490	0.00435	0.00925	0.00762	0.01197	0.00653	0.00762	0.00544	0.00272	0.00272	0.00054	0.00272	0.00218	0.00218	0.89338
67	0.01318	0.00576	0.00716	0.00574	0.00796	0.00537	0.00466	0.09605	0.01029	0.50381	0.01313	0.01251	0.00891	0.00445	0.00334	0.00104	0.00277	0.00357	0.28495	0.00536
68	0.00526	0.00379	0.00513	0.00506	0.00558	0.00402	0.00365	0.00631	0.00687	0.00969	0.21994	0.02035	0.01672	0.25587	0.41102	0.00406	0.00607	0.00500	0.00256	0.00303
69	0.00539	0.00352	0.00398	0.00405	0.00413	0.00350	0.00235	0.00558	0.00567	0.00783	0.01229	0.09026	0.01390	0.73220	0.01627	0.00318	0.00330	0.00559	0.07462	0.00238
70	0.00770	0.00439	0.00564	0.00506	0.00645	0.00396	0.00396	0.00936	0.02203	0.20172	0.48017	0.02581	0.15288	0.00722	0.00422	0.00119	0.00217	0.04798	0.00402	0.00407
71	0.00522	0.00365	0.00439	0.00438	0.00467	0.00369	0.00280	0.00567	0.00611	0.00823	0.07972	0.03352	0.08219	0.57288	0.16445	0.00357	0.00437	0.00545	0.00243	0.00259
72	0.00461	0.00325	0.00422	0.00494	0.00511	0.00308	0.00322	0.00515	0.00676	0.00901	0.01885	0.73279	0.02253	0.14964	0.00694	0.00182	0.00236	0.00962	0.00322	0.00286
73	0.00460	0.00329	0.00436	0.00502	0.00533	0.00307	0.00340	0.00541	0.00755	0.01020	0.15285	0.72104	0.02580	0.02338	0.00483	0.00147	0.00209	0.00976	0.00349	0.00305
74	0.00755	0.00695	0.01138	0.73451	0.10074	0.00840	0.01011	0.05774	0.00802	0.01043	0.00670	0.00967	0.00506	0.00368	0.00367	0.00120	0.00480	0.00327	0.00177	0.00437
75	0.04965	0.01820	0.00865	0.00688	0.01918	0.03181	0.00553	0.19784	0.02326	0.44412	0.14281	0.01348	0.01207	0.00488	0.00370	0.00112	0.00322	0.00394	0.00402	0.00563

[dist]
# distance from previous block
# <min> <max>
6	26

[block]
# block no. 5 follows, 75 sequences, length 25
# corresponding to MSA columns:
# 713-737
name=unknown_F
#
# <colnr> <probs for GDERKNQSTAVLIFYWHMCP>
#	G	D	E	R	K	N	Q	S	T	A	V	L	I	F	Y	W	H	M	C	P
0	0.02865	0.00437	0.00545	0.05500	0.04409	0.00424	0.00406	0.02425	0.01451	0.04694	0.12945	0.17372	0.26913	0.14169	0.01424	0.00167	0.00269	0.02928	0.00315	0.00342
1	0.00559	0.00418	0.00493	0.00462	0.00563	0.00392	0.00341	0.06271	0.00963	0.01301	0.44846	0.06495	0.23601	0.09872	0.00580	0.00143	0.00214	0.00667	0.00361	0.01456
2	0.00918	0.03166	0.01452	0.21748	0.25616	0.11979	0.19758	0.04781	0.00876	0.01121	0.00731	0.02114	0.01552	0.00369	0.00393	0.00115	0.02282	0.00351	0.00190	0.00489
3	0.00620	0.00324	0.00468	0.00468	0.00477	0.00320	0.00313	0.00484	0.00505	0.00665	0.00868	0.01330	0.06383	0.04514	0.01384	0.79862	0.00311	0.00358	0.00174	0.00172
4	0.08341	0.02706	0.01735	0.10217	0.22572	0.14091	0.02249	0.06020	0.05396	0.08166	0.00946	0.07755	0.02044	0.02028	0.00384	0.00117	0.00419	0.01780	0.00247	0.02787
5	0.01224	0.04662	0.01130	0.05736	0.11730	0.52942	0.00774	0.01345	0.00940	0.06664	0.00637	0.00762	0.00518	0.00400	0.00423	0.00105	0.09079	0.00269	0.00201	0.00457
6	0.04519	0.00415	0.00491	0.00525	0.00599	0.00412	0.00371	0.05025	0.06082	0.02488	0.02004	0.59984	0.10737	0.00977	0.00434	0.00139	0.00229	0.00866	0.03358	0.00346
7	0.00572	0.00402	0.00477	0.00490	0.00550	0.00399	0.00345	0.02038	0.06406	0.01916	0.09201	0.20111	0.09231	0.30870	0.00934	0.00212	0.00279	0.10440	0.04813	0.00312
8	0.02504	0.00852	0.02606	0.07252	0.70908	0.00848	0.03044	0.01102	0.01755	0.01185	0.00746	0.04180	0.00647	0.00363	0.00367	0.00112	0.00433	0.00355	0.00189	0.00554
9	0.00482	0.00354	0.00457	0.00531	0.00566	0.00343	0.00362	0.00614	0.06385	0.00982	0.01987	0.79357	0.02334	0.01103	0.00463	0.00148	0.00221	0.02650	0.00343	0.00318
10	0.53693	0.00694	0.00673	0.00562	0.00809	0.00742	0.00462	0.03421	0.05131	0.29302	0.00882	0.00861	0.00610	0.00389	0.00285	0.00114	0.00297	0.00270	0.00314	0.00488
11	0.19340	0.00666	0.00712	0.00616	0.00800	0.00709	0.00480	0.24412	0.04405	0.11973	0.03444	0.17734	0.02686	0.08589	0.00502	0.00143	0.00311	0.01689	0.00331	0.00459
12	0.00617	0.00464	0.00540	0.00499	0.00624	0.00451	0.00380	0.04883	0.11381	0.03527	0.45664	0.04007	0.24052	0.00750	0.00422	0.00119	0.00207	0.00644	0.00383	0.00386
13	0.00512	0.00377	0.00480	0.00458	0.00549	0.00345	0.00347	0.00675	0.01008	0.01401	0.71818	0.02889	0.13438	0.00782	0.00436	0.00118	0.00180	0.03452	0.00394	0.00342
14	0.00633	0.00450	0.00536	0.00522	0.00630	0.00433	0.00390	0.10123	0.02321	0.04843	0.20090	0.30996	0.21738	0.00886	0.00437	0.00130	0.00230	0.03880	0.00363	0.00369
15	0.23400	0.00707	0.00746	0.00622	0.00837	0.00751	0.00495	0.24486	0.04886	0.18349	0.02651	0.08377	0.02958	0.07310	0.00461	0.00135	0.00318	0.00402	0.01621	0.00490
16	0.00683	0.00470	0.00560	0.00504	0.00648	0.00443	0.00387	0.00953	0.12459	0.10150	0.41401	0.02497	0.22058	0.00706	0.00411	0.00116	0.00212	0.00605	0.00382	0.04355
17	0.00599	0.00379	0.00446	0.00434	0.00480	0.00363	0.00280	0.00645	0.00674	0.06773	0.10765	0.05815	0.10373	0.56543	0.01360	0.00275	0.00309	0.02928	0.00279	0.00280
18	0.12600	0.00579	0.00657	0.00584	0.00751	0.00594	0.00446	0.05491	0.16134	0.22200	0.07814	0.16176	0.03455	0.10213	0.00541	0.00149	0.00283	0.00520	0.00353	0.00457
19	0.00549	0.00378	0.00472	0.00461	0.00555	0.00340	0.00341	0.00682	0.00931	0.05892	0.45946	0.18679	0.21703	0.00851	0.00437	0.00124	0.00191	0.00745	0.00381	0.00345
20	0.01245	0.00637	0.00746	0.00602	0.00821	0.00635	0.00488	0.21288	0.04368	0.34510	0.01232	0.01204	0.00859	0.00444	0.00332	0.00104	0.00288	0.00353	0.29312	0.00531
21	0.00527	0.00353	0.00403	0.00410	0.00411	0.00351	0.00232	0.00532	0.00548	0.00731	0.01228	0.09290	0.01424	0.80084	0.01755	0.00339	0.00344	0.00576	0.00232	0.00229
22	0.37019	0.00636	0.00667	0.00564	0.00788	0.00653	0.00457	0.06462	0.00879	0.31102	0.03903	0.08187	0.05256	0.00506	0.00327	0.00118	0.00288	0.01371	0.00339	0.00477
23	0.00764	0.00661	0.00781	0.00566	0.00875	0.00523	0.00455	0.00923	0.00751	0.01180	0.00644	0.00764	0.00541	0.00292	0.00322	0.00060	0.04863	0.00223	0.00215	0.84599
24	0.00526	0.00357	0.00401	0.00402	0.00412	0.00352	0.00231	0.00536	0.00567	0.00750	0.03000	0.03761	0.07065	0.78219	0.01722	0.00332	0.00339	0.00561	0.00236	0.00232

[dist]
# distance from previous block
# <min> <max>
2	16

[block]
# block no. 6 follows, 75 sequences, length 17
# corresponding to MSA columns:
# 754-770
name=unknown_G
#
# <colnr> <probs for GDERKNQSTAVLIFYWHMCP>
#	G	D	E	R	K	N	Q	S	T	A	V	L	I	F	Y	W	H	M	C	P
0	0.00800	0.32542	0.02735	0.00794	0.03068	0.00921	0.14930	0.01014	0.04252	0.02157	0.28346	0.01466	0.01527	0.00483	0.00374	0.00105	0.02405	0.01380	0.00259	0.00441
1	0.01668	0.00392	0.00506	0.00523	0.00581	0.00383	0.02415	0.00626	0.02486	0.00917	0.01814	0.20918	0.13595	0.25352	0.03616	0.06565	0.00319	0.16749	0.00285	0.00290
2	0.00740	0.02178	0.14512	0.00656	0.00967	0.03171	0.02913	0.02694	0.03432	0.01164	0.01174	0.01247	0.13651	0.00508	0.03937	0.00105	0.00360	0.00335	0.00231	0.46025
3	0.00904	0.04832	0.25690	0.01218	0.01608	0.09881	0.40417	0.02329	0.00867	0.03312	0.00761	0.00921	0.02008	0.00344	0.00383	0.00114	0.00563	0.00353	0.00189	0.03307
4	0.00534	0.00404	0.00501	0.00528	0.00598	0.00399	0.00378	0.00766	0.12320	0.01172	0.24566	0.46662	0.06234	0.00939	0.00445	0.00136	0.00214	0.02490	0.00363	0.00352
5	0.00512	0.00388	0.00535	0.00611	0.05082	0.00389	0.00417	0.00615	0.00715	0.00967	0.07488	0.33783	0.10475	0.07370	0.23220	0.00275	0.00443	0.06103	0.00290	0.00323
6	0.00986	0.00828	0.08482	0.02662	0.03730	0.01753	0.06524	0.21932	0.09064	0.11427	0.03331	0.02300	0.00912	0.11860	0.12336	0.00212	0.00481	0.00396	0.00293	0.00492
7	0.00751	0.00711	0.01205	0.63868	0.24423	0.00831	0.01049	0.00989	0.00762	0.01008	0.00663	0.00961	0.00514	0.00357	0.00366	0.00119	0.00475	0.00327	0.00168	0.00454
8	0.00455	0.00334	0.00427	0.00486	0.00530	0.00306	0.00333	0.00537	0.00765	0.01014	0.12836	0.64579	0.13911	0.01069	0.00459	0.00141	0.00204	0.00958	0.00349	0.00306
9	0.00532	0.00366	0.00451	0.00451	0.00469	0.00383	0.00285	0.00567	0.00549	0.00750	0.01111	0.02148	0.01224	0.64649	0.24161	0.00418	0.00523	0.00497	0.00216	0.00251
10	0.00762	0.00653	0.00762	0.00544	0.00870	0.00490	0.00435	0.00925	0.00762	0.01197	0.00653	0.00762	0.00544	0.00272	0.00272	0.00054	0.00272	0.00218	0.00218	0.89338
11	0.00634	0.00494	0.00691	0.00894	0.22861	0.00494	0.00463	0.00692	0.00615	0.00842	0.01033	0.02006	0.01135	0.64003	0.01469	0.00290	0.00377	0.00479	0.00212	0.00318
12	0.03375	0.00980	0.01098	0.01016	0.12646	0.03826	0.00731	0.54495	0.12090	0.04611	0.00933	0.00946	0.00681	0.00429	0.00363	0.00112	0.00397	0.00336	0.00336	0.00601
13	0.00881	0.00753	0.01102	0.63493	0.02160	0.00902	0.00934	0.22930	0.00998	0.01305	0.00714	0.00953	0.00526	0.00387	0.00367	0.00119	0.00467	0.00328	0.00218	0.00466
14	0.65939	0.00606	0.00510	0.00491	0.00663	0.00684	0.00383	0.00928	0.00646	0.01459	0.00914	0.23551	0.00938	0.00556	0.00292	0.00123	0.00265	0.00424	0.00258	0.00371
15	0.00447	0.00320	0.00426	0.00511	0.00533	0.00298	0.00341	0.00511	0.00703	0.00938	0.02024	0.86853	0.02429	0.01151	0.00469	0.00149	0.00213	0.01044	0.00341	0.00298
16	0.00783	0.00678	0.00690	0.00635	0.00813	0.02912	0.00491	0.01495	0.55001	0.01361	0.02059	0.01976	0.23343	0.00616	0.00386	0.00123	0.00268	0.01916	0.03963	0.00491

[dist]
# distance from previous block
# <min> <max>
0	1

[block]
# block no. 7 follows, 75 sequences, length 22
# corresponding to MSA columns:
# 772-793
name=unknown_H
#
# <colnr> <probs for GDERKNQSTAVLIFYWHMCP>
#	G	D	E	R	K	N	Q	S	T	A	V	L	I	F	Y	W	H	M	C	P
0	0.00790	0.01026	0.18182	0.00981	0.01091	0.01070	0.00916	0.00941	0.00606	0.00941	0.00518	0.00798	0.00479	0.00583	0.01032	0.00152	0.68996	0.00311	0.00160	0.00430
1	0.01481	0.00777	0.09232	0.00859	0.09751	0.00605	0.00682	0.01659	0.01002	0.68038	0.01292	0.01168	0.00831	0.00431	0.00367	0.00113	0.00348	0.00355	0.00397	0.00612
2	0.00594	0.00515	0.00910	0.00785	0.00912	0.00554	0.17301	0.00761	0.00646	0.00918	0.00935	0.01351	0.00845	0.02258	0.68349	0.00496	0.00910	0.00402	0.00195	0.00362
3	0.00792	0.00463	0.00605	0.00553	0.00612	0.00485	0.00396	0.17339	0.00732	0.00978	0.00687	0.01069	0.00635	0.01106	0.01219	0.71215	0.00336	0.00321	0.00202	0.00254
4	0.01468	0.00631	0.00834	0.00631	0.00924	0.00530	0.00519	0.01614	0.00992	0.68041	0.01287	0.01151	0.00835	0.00418	0.00350	0.00102	0.00304	0.00339	0.00406	0.18625
5	0.00890	0.00729	0.00831	0.00605	0.00925	0.00621	0.00489	0.17695	0.00957	0.01424	0.00699	0.00786	0.00560	0.00306	0.00291	0.00066	0.00299	0.00241	0.00248	0.71338
6	0.01372	0.01750	0.01041	0.00946	0.01135	0.85618	0.00710	0.01467	0.01041	0.00899	0.00568	0.00662	0.00473	0.00378	0.00331	0.00095	0.00662	0.00237	0.00189	0.00426
7	0.00510	0.00369	0.00432	0.00427	0.00487	0.00346	0.00293	0.00595	0.00780	0.01039	0.28706	0.02851	0.20863	0.35695	0.01017	0.00217	0.00258	0.04513	0.00313	0.00288
8	0.00638	0.00319	0.00478	0.00478	0.00478	0.00319	0.00319	0.00478	0.00478	0.00638	0.00638	0.01116	0.00638	0.01276	0.01435	0.89314	0.00319	0.00319	0.00159	0.00159
9	0.01492	0.00669	0.00855	0.00678	0.00947	0.00632	0.00553	0.04038	0.17928	0.65869	0.01443	0.01265	0.00944	0.00463	0.00370	0.00116	0.00311	0.00378	0.00436	0.00616
10	0.00452	0.00345	0.00416	0.00461	0.00525	0.00309	0.00324	0.00537	0.00782	0.01006	0.09741	0.48614	0.31600	0.01036	0.00454	0.00138	0.00202	0.02405	0.00346	0.00307
11	0.00525	0.00394	0.00590	0.00590	0.00656	0.00459	0.00459	0.00656	0.00590	0.00853	0.00984	0.01443	0.00918	0.02755	0.85637	0.00590	0.00984	0.00394	0.00197	0.00328
12	0.01368	0.00991	0.01068	0.00828	0.01115	0.01093	0.00681	0.73132	0.08439	0.06061	0.00958	0.00939	0.00678	0.00446	0.00368	0.00112	0.00391	0.00339	0.00372	0.00621
13	0.00598	0.00399	0.00469	0.00474	0.00511	0.00400	0.00302	0.02754	0.05608	0.04191	0.01428	0.26216	0.01598	0.51958	0.01286	0.00268	0.00311	0.00660	0.00278	0.00291
14	0.00684	0.00433	0.00518	0.00504	0.00596	0.00418	0.00360	0.00860	0.09175	0.11717	0.09417	0.20677	0.13615	0.23777	0.00809	0.00190	0.00269	0.03982	0.01642	0.00357
15	0.00972	0.84003	0.05151	0.00645	0.00968	0.01430	0.00657	0.01102	0.00747	0.00876	0.00516	0.00596	0.00471	0.00316	0.00240	0.00080	0.00399	0.00199	0.00157	0.00474
16	0.00919	0.00892	0.01250	0.35596	0.34883	0.09718	0.00998	0.09214	0.00905	0.01174	0.00682	0.00909	0.00538	0.00360	0.00362	0.00113	0.00478	0.00318	0.00193	0.00500
17	0.00637	0.00445	0.00535	0.00504	0.00616	0.00424	0.00379	0.09322	0.00989	0.05409	0.35337	0.18021	0.19945	0.03323	0.00473	0.00131	0.00223	0.02546	0.00371	0.00369
18	0.02588	0.00338	0.00440	0.00511	0.00544	0.00319	0.00344	0.00560	0.00706	0.03229	0.01946	0.79881	0.02306	0.03775	0.00504	0.00154	0.00222	0.00990	0.00338	0.00307
19	0.04301	0.00666	0.00711	0.00625	0.00812	0.00717	0.00488	0.14872	0.33685	0.05024	0.08407	0.04157	0.20547	0.02800	0.00426	0.00127	0.00276	0.00513	0.00361	0.00485
