[name]
unknown

[dist]
# distance from previous block
# <min> <max>
7	915

[block]
# block no. 0 follows, 68 sequences, length 9
# corresponding to MSA columns:
# 1096-1104
name=unknown_A
#
# <colnr> <probs for GDERKNQSTAVLIFYWHMCP>
#	G	D	E	R	K	N	Q	S	T	A	V	L	I	F	Y	W	H	M	C	P
0	0.09394	0.00869	0.01332	0.15045	0.42186	0.02573	0.05418	0.02287	0.04752	0.01291	0.00848	0.02556	0.01981	0.02647	0.00451	0.00130	0.02752	0.00372	0.00218	0.02895
1	0.05504	0.01036	0.03530	0.08532	0.23905	0.08383	0.10748	0.05231	0.04727	0.08764	0.02767	0.02259	0.00825	0.00467	0.00437	0.00133	0.01762	0.00393	0.00285	0.10311
2	0.00963	0.00894	0.01322	0.12063	0.38047	0.02676	0.03887	0.06423	0.08731	0.01353	0.00821	0.01001	0.00660	0.00384	0.00405	0.00112	0.02926	0.00343	0.00233	0.16758
3	0.03458	0.00911	0.01407	0.12487	0.48077	0.04564	0.05394	0.02697	0.02480	0.03754	0.03731	0.01110	0.02312	0.00407	0.00420	0.00121	0.02952	0.00373	0.00224	0.03120
4	0.03274	0.00786	0.02077	0.08266	0.15889	0.03007	0.05750	0.03874	0.11083	0.01373	0.13390	0.02773	0.06918	0.00510	0.00418	0.00115	0.02717	0.00442	0.00285	0.17052
5	0.03466	0.00880	0.01358	0.07067	0.53901	0.02590	0.01020	0.05068	0.00915	0.01311	0.03395	0.01110	0.02593	0.00536	0.04579	0.00145	0.04840	0.00367	0.00219	0.04637
6	0.00755	0.00693	0.01036	0.15893	0.22030	0.03002	0.04288	0.00978	0.04892	0.01159	0.03805	0.24160	0.06323	0.00697	0.00463	0.00136	0.02891	0.03431	0.00273	0.03094
7	0.00832	0.00787	0.01321	0.47091	0.32717	0.00899	0.01107	0.01073	0.00819	0.01112	0.00729	0.01045	0.00587	0.00511	0.04322	0.00152	0.03850	0.00356	0.00185	0.00506
8	0.00924	0.00884	0.01506	0.22778	0.63695	0.00927	0.01188	0.01167	0.00876	0.01226	0.00736	0.01000	0.00604	0.00364	0.00393	0.00121	0.00485	0.00353	0.00191	0.00582

[dist]
# distance from previous block
# <min> <max>
0	2

[block]
# block no. 1 follows, 68 sequences, length 15
# corresponding to MSA columns:
# 1111-1125
name=unknown_B
#
# <colnr> <probs for GDERKNQSTAVLIFYWHMCP>
#	G	D	E	R	K	N	Q	S	T	A	V	L	I	F	Y	W	H	M	C	P
0	0.00938	0.00874	0.01342	0.07420	0.53206	0.03455	0.01023	0.03777	0.00926	0.01291	0.00911	0.01397	0.00822	0.00448	0.00400	0.00120	0.00448	0.10447	0.00227	0.10529
1	0.01194	0.00878	0.01200	0.04802	0.25976	0.07231	0.04908	0.04053	0.04617	0.24104	0.04230	0.01270	0.04322	0.00459	0.00423	0.00119	0.02957	0.00394	0.00311	0.06553
2	0.00980	0.00919	0.01519	0.02162	0.69220	0.00926	0.03426	0.05001	0.04370	0.01383	0.05556	0.01117	0.00833	0.00392	0.00400	0.00119	0.00452	0.00382	0.00228	0.00613
3	0.01061	0.08843	0.13306	0.03822	0.25081	0.14301	0.00931	0.02781	0.05469	0.07215	0.06781	0.01075	0.00858	0.00417	0.00372	0.00112	0.00473	0.00343	0.00247	0.06513
4	0.00636	0.00470	0.00604	0.00542	0.00674	0.00427	0.02935	0.00816	0.03527	0.04458	0.41904	0.06674	0.16992	0.08329	0.01691	0.00153	0.00254	0.00672	0.00377	0.07865
5	0.00992	0.64652	0.23134	0.00794	0.01197	0.01402	0.00881	0.01205	0.00814	0.01016	0.00592	0.00688	0.00507	0.00349	0.00286	0.00095	0.00466	0.00233	0.00169	0.00529
6	0.00937	0.02250	0.08772	0.00796	0.03645	0.00726	0.03174	0.12686	0.00980	0.03917	0.02116	0.05801	0.00767	0.00417	0.00384	0.00092	0.03894	0.00337	0.00264	0.48045
7	0.00965	0.00808	0.00855	0.00766	0.00967	0.00925	0.00586	0.06540	0.67875	0.01595	0.01530	0.01589	0.01208	0.11266	0.00606	0.00165	0.00330	0.00459	0.00383	0.00582
8	0.03701	0.01052	0.01131	0.00880	0.01186	0.01160	0.00723	0.67836	0.09582	0.07117	0.01041	0.01018	0.00737	0.00480	0.00394	0.00121	0.00415	0.00365	0.00399	0.00664
9	0.00864	0.00730	0.00949	0.00690	0.01031	0.00579	0.07449	0.02984	0.00864	0.03791	0.00804	0.04271	0.00684	0.00345	0.00323	0.00073	0.00328	0.00298	0.00249	0.72694
10	0.03614	0.00420	0.00524	0.01832	0.00664	0.00403	0.00416	0.02451	0.00825	0.04570	0.02237	0.49477	0.13355	0.06288	0.00581	0.00169	0.00269	0.11195	0.00359	0.00352
11	0.88866	0.00767	0.00583	0.00521	0.00767	0.00889	0.00429	0.01166	0.00675	0.01779	0.00552	0.00644	0.00429	0.00368	0.00245	0.00123	0.00307	0.00215	0.00245	0.00429
12	0.00603	0.00461	0.00560	0.00525	0.00640	0.00446	0.00397	0.00896	0.11353	0.01533	0.63100	0.02884	0.13487	0.00801	0.00460	0.00127	0.00205	0.00698	0.00424	0.00401
13	0.00503	0.00361	0.00490	0.00569	0.00600	0.00351	0.00394	0.00585	0.00747	0.01004	0.02021	0.69695	0.02377	0.03241	0.11079	0.00226	0.00344	0.04742	0.00346	0.00326
14	0.02393	0.01031	0.10269	0.02848	0.08583	0.00889	0.45013	0.01256	0.08123	0.03067	0.01080	0.10074	0.02504	0.00472	0.00444	0.00134	0.00541	0.00508	0.00242	0.00529

[dist]
# distance from previous block
# <min> <max>
0	4

[block]
# block no. 2 follows, 68 sequences, length 10
# corresponding to MSA columns:
# 1130-1139
name=unknown_C
#
# <colnr> <probs for GDERKNQSTAVLIFYWHMCP>
#	G	D	E	R	K	N	Q	S	T	A	V	L	I	F	Y	W	H	M	C	P
0	0.03155	0.00650	0.00847	0.00920	0.10939	0.00703	0.00586	0.02767	0.00769	0.01104	0.01262	0.13923	0.01358	0.34142	0.10507	0.00316	0.14752	0.00592	0.00283	0.00426
1	0.00820	0.10032	0.76250	0.01087	0.01650	0.00982	0.01390	0.01249	0.00834	0.01225	0.00696	0.00818	0.00503	0.00373	0.00365	0.00122	0.00571	0.00285	0.00168	0.00579
2	0.00474	0.00402	0.00409	0.00407	0.00539	0.00337	0.00306	0.00580	0.00917	0.01102	0.08696	0.03765	0.78733	0.00993	0.00469	0.00133	0.00200	0.00830	0.00372	0.00337
3	0.00973	0.33673	0.19756	0.02890	0.15134	0.03443	0.05169	0.01211	0.00852	0.02596	0.00672	0.00806	0.00550	0.00350	0.00328	0.00101	0.00474	0.00277	0.00189	0.10555
4	0.04090	0.09139	0.45181	0.01022	0.01459	0.04717	0.07421	0.03929	0.02499	0.09796	0.00865	0.04470	0.00667	0.00434	0.00399	0.00124	0.02650	0.00347	0.00229	0.00562
5	0.00494	0.00366	0.00457	0.00521	0.00573	0.00336	0.00361	0.00577	0.00806	0.01048	0.06074	0.57508	0.20051	0.04550	0.00559	0.00163	0.00234	0.04629	0.00366	0.00326
6	0.00524	0.00373	0.00473	0.00543	0.00590	0.00355	0.00377	0.00645	0.03443	0.01090	0.04075	0.65969	0.08401	0.01132	0.00485	0.00154	0.00232	0.04380	0.06421	0.00339
7	0.04669	0.03690	0.07186	0.04286	0.34197	0.04107	0.04731	0.08229	0.04888	0.09958	0.04712	0.03429	0.03257	0.00454	0.00393	0.00121	0.00440	0.00401	0.00273	0.00577
8	0.01024	0.06209	0.40606	0.01285	0.15441	0.04204	0.04436	0.13830	0.03795	0.04284	0.00805	0.00912	0.00595	0.00395	0.00380	0.00121	0.00525	0.00323	0.00230	0.00600
9	0.00981	0.01039	0.06686	0.04623	0.03803	0.11041	0.09281	0.01114	0.02274	0.01151	0.04387	0.03020	0.00991	0.12587	0.06977	0.00234	0.28614	0.00453	0.00252	0.00492

[dist]
# distance from previous block
# <min> <max>
0	17

[block]
# block no. 3 follows, 68 sequences, length 18
# corresponding to MSA columns:
# 1157-1163,1169-1179
name=unknown_D
#
# <colnr> <probs for GDERKNQSTAVLIFYWHMCP>
#	G	D	E	R	K	N	Q	S	T	A	V	L	I	F	Y	W	H	M	C	P
0	0.26268	0.05269	0.02659	0.00945	0.07503	0.38732	0.00698	0.06350	0.00981	0.01332	0.00641	0.00756	0.00522	0.00463	0.02721	0.00124	0.00544	0.00261	0.00226	0.03003
1	0.00499	0.00362	0.00483	0.00583	0.02403	0.00337	0.00382	0.00567	0.00765	0.01013	0.02228	0.76437	0.07613	0.01211	0.00530	0.02597	0.00237	0.01070	0.00359	0.00325
2	0.03217	0.05838	0.04240	0.00974	0.07510	0.02660	0.03726	0.11590	0.46479	0.04501	0.02899	0.01269	0.01009	0.00491	0.00405	0.00127	0.01705	0.00404	0.00349	0.00607
3	0.00798	0.00986	0.17608	0.24449	0.21395	0.00802	0.02969	0.01069	0.01771	0.02476	0.03912	0.06928	0.06822	0.00501	0.00424	0.00127	0.02308	0.00440	0.00225	0.03989
4	0.02771	0.20766	0.38558	0.01061	0.07078	0.04151	0.02679	0.11237	0.00987	0.06101	0.00751	0.00842	0.00562	0.00386	0.00352	0.00114	0.00510	0.00293	0.00220	0.00579
5	0.00981	0.27002	0.13035	0.01064	0.01407	0.08112	0.25310	0.02984	0.02290	0.02704	0.00918	0.07336	0.03009	0.00449	0.00393	0.00117	0.01756	0.00403	0.00217	0.00512
6	0.00531	0.00423	0.00478	0.00461	0.00582	0.00380	0.00347	0.00713	0.04604	0.01319	0.37853	0.03348	0.45734	0.00901	0.00465	0.00130	0.00200	0.00768	0.00399	0.00364
7	0.00995	0.00924	0.10170	0.02503	0.05616	0.00829	0.07602	0.23246	0.09817	0.05622	0.03862	0.10578	0.09223	0.02326	0.00458	0.00136	0.00398	0.03421	0.01737	0.00537
8	0.01434	0.01792	0.01102	0.01001	0.01207	0.76599	0.00753	0.01633	0.08834	0.01035	0.00707	0.00787	0.00577	0.00421	0.00362	0.00105	0.00677	0.00274	0.00223	0.00475
9	0.01038	0.70097	0.01850	0.00676	0.01013	0.04279	0.00649	0.01172	0.00819	0.00990	0.00577	0.00668	0.00521	0.00335	0.00264	0.00081	0.00414	0.00217	0.00181	0.14160
10	0.00641	0.00502	0.00607	0.00610	0.00714	0.02814	0.00488	0.04270	0.01005	0.01335	0.30811	0.08273	0.14855	0.00998	0.03393	0.00164	0.02628	0.25136	0.00377	0.00379
11	0.05497	0.06827	0.01101	0.07014	0.11113	0.09063	0.00724	0.17168	0.16241	0.05719	0.09039	0.01271	0.02805	0.00482	0.00380	0.00117	0.00404	0.00388	0.00317	0.04330
12	0.07676	0.05624	0.05135	0.03575	0.03715	0.00718	0.01854	0.09161	0.04446	0.21180	0.03414	0.14821	0.01193	0.04298	0.01376	0.00141	0.00359	0.02094	0.03490	0.05731
13	0.00491	0.00394	0.00438	0.00445	0.00554	0.00341	0.00327	0.00606	0.00930	0.01176	0.21106	0.15851	0.53952	0.00997	0.00474	0.00136	0.00202	0.00854	0.00383	0.00341
14	0.00585	0.00433	0.00553	0.04215	0.00724	0.00428	0.00429	0.07901	0.00870	0.01150	0.02145	0.68552	0.08267	0.01120	0.00489	0.00154	0.00259	0.01003	0.00362	0.00360
15	0.01415	0.01764	0.01188	0.01209	0.12159	0.73386	0.00826	0.01535	0.01094	0.01014	0.00631	0.00750	0.00526	0.00401	0.00362	0.00104	0.00683	0.00268	0.00203	0.00482
16	0.00968	0.51017	0.09035	0.00745	0.01028	0.06838	0.00714	0.02889	0.02320	0.01026	0.00889	0.12074	0.02467	0.00540	0.01470	0.00114	0.04797	0.00373	0.00212	0.00484
17	0.00909	0.03343	0.12349	0.00979	0.12303	0.03780	0.02345	0.05915	0.07220	0.07496	0.10766	0.05069	0.02189	0.06364	0.08041	0.00180	0.00456	0.00441	0.00288	0.09567

[dist]
# distance from previous block
# <min> <max>
0	6

[block]
# block no. 4 follows, 68 sequences, length 7
# corresponding to MSA columns:
# 1190-1196
name=unknown_E
#
# <colnr> <probs for GDERKNQSTAVLIFYWHMCP>
#	G	D	E	R	K	N	Q	S	T	A	V	L	I	F	Y	W	H	M	C	P
0	0.07327	0.07741	0.28867	0.00899	0.03832	0.00884	0.02960	0.11587	0.02946	0.03598	0.00909	0.00989	0.04206	0.00399	0.00349	0.00106	0.00433	0.00312	0.00243	0.21413
1	0.00727	0.00551	0.02248	0.00629	0.02934	0.00506	0.00479	0.06439	0.05820	0.06363	0.20414	0.13502	0.22384	0.02872	0.00493	0.00141	0.00272	0.08573	0.00377	0.04275
2	0.02543	0.03445	0.08559	0.07616	0.04537	0.00787	0.11611	0.06372	0.08756	0.11042	0.04308	0.08950	0.01160	0.11017	0.00650	0.00165	0.03685	0.04007	0.00296	0.00495
3	0.01139	0.08546	0.14087	0.06824	0.04517	0.10599	0.09907	0.11764	0.03851	0.13440	0.02344	0.04864	0.00800	0.00508	0.02011	0.00130	0.01860	0.00384	0.00278	0.02147
4	0.00993	0.00787	0.01225	0.05075	0.33696	0.00795	0.06508	0.04438	0.07233	0.12453	0.03898	0.06194	0.09517	0.00548	0.00449	0.00129	0.03146	0.02066	0.00296	0.00555
5	0.00588	0.00450	0.00652	0.00640	0.00698	0.00531	0.00490	0.00709	0.00628	0.00905	0.01048	0.01635	0.01013	0.12803	0.68896	0.00575	0.06742	0.00438	0.00213	0.00346
6	0.01058	0.01185	0.01186	0.01035	0.01098	0.27084	0.00836	0.01150	0.00768	0.00959	0.00549	0.00820	0.00517	0.00605	0.01008	0.00151	0.59047	0.00319	0.00183	0.00442

[dist]
# distance from previous block
# <min> <max>
0	1

[block]
# block no. 5 follows, 68 sequences, length 26
# corresponding to MSA columns:
# 1198-1223
name=unknown_F
#
# <colnr> <probs for GDERKNQSTAVLIFYWHMCP>
#	G	D	E	R	K	N	Q	S	T	A	V	L	I	F	Y	W	H	M	C	P
0	0.00753	0.00703	0.01163	0.80048	0.02618	0.00873	0.01067	0.01046	0.03758	0.01050	0.02719	0.01118	0.00630	0.00411	0.00398	0.00132	0.00513	0.00365	0.00191	0.00446
1	0.00732	0.03357	0.25320	0.03368	0.03011	0.05883	0.06316	0.00995	0.02507	0.01200	0.11178	0.08596	0.17634	0.00743	0.03896	0.00149	0.00443	0.02219	0.00272	0.02181
2	0.00551	0.00400	0.00518	0.00499	0.00588	0.00368	0.00370	0.00724	0.01083	0.01520	0.73229	0.09640	0.07314	0.00854	0.00471	0.00128	0.00191	0.00755	0.00428	0.00368
3	0.01163	0.06597	0.15870	0.01805	0.06076	0.10186	0.11979	0.24582	0.07289	0.04329	0.00924	0.01002	0.02084	0.00428	0.00401	0.00119	0.01647	0.00354	0.00277	0.02888
4	0.12129	0.30031	0.03807	0.00843	0.01110	0.38241	0.00717	0.05138	0.00977	0.01137	0.00601	0.00698	0.00508	0.00388	0.00331	0.00102	0.02308	0.00244	0.00205	0.00486
5	0.00598	0.00414	0.00536	0.00501	0.00604	0.00379	0.00377	0.00779	0.01111	0.04360	0.76408	0.02952	0.07857	0.00810	0.00465	0.00125	0.00193	0.00713	0.00435	0.00382
6	0.00973	0.01325	0.25240	0.04329	0.32091	0.07174	0.06200	0.05967	0.03192	0.01318	0.00755	0.00928	0.00591	0.00384	0.00414	0.00119	0.03169	0.00332	0.00207	0.05293
7	0.00520	0.00402	0.00474	0.00460	0.00568	0.00356	0.00344	0.00667	0.01019	0.01355	0.47755	0.06140	0.36696	0.00905	0.00469	0.00130	0.00194	0.00781	0.00406	0.00356
8	0.00498	0.00389	0.01652	0.02099	0.00640	0.00350	0.01233	0.00582	0.00778	0.01027	0.03300	0.72365	0.09969	0.02448	0.00521	0.00160	0.00244	0.01054	0.00359	0.00331
9	0.01049	0.00910	0.06067	0.13738	0.33282	0.00866	0.08357	0.08975	0.01814	0.11309	0.00947	0.03447	0.00739	0.00421	0.00396	0.00122	0.00457	0.00390	0.06140	0.00574
10	0.00564	0.00427	0.00505	0.00544	0.00612	0.01951	0.00388	0.01608	0.02345	0.02148	0.03272	0.41954	0.19962	0.09776	0.06368	0.00208	0.00319	0.06365	0.00345	0.00339
11	0.10969	0.00855	0.00896	0.00763	0.01004	0.00956	0.00607	0.23946	0.38696	0.06202	0.02447	0.04424	0.02280	0.00533	0.00385	0.00128	0.00337	0.00426	0.03552	0.00592
12	0.01563	0.01022	0.01135	0.00870	0.01185	0.01098	0.00719	0.65892	0.01715	0.19087	0.01077	0.01033	0.00737	0.00479	0.00397	0.00120	0.00416	0.00365	0.00416	0.00674
13	0.03941	0.01635	0.01209	0.01093	0.05314	0.59435	0.05173	0.15123	0.01214	0.01283	0.00685	0.00785	0.00547	0.00412	0.00369	0.00108	0.00642	0.00288	0.00237	0.00507
14	0.85998	0.00764	0.00594	0.00527	0.00775	0.00879	0.00434	0.01191	0.00690	0.04483	0.00585	0.00667	0.00448	0.00372	0.00250	0.00123	0.00308	0.00221	0.00253	0.00437
15	0.01033	0.68475	0.15956	0.00767	0.01145	0.03184	0.00815	0.02878	0.00839	0.01021	0.00588	0.00678	0.00511	0.00350	0.00280	0.00093	0.00458	0.00230	0.00175	0.00524
16	0.74026	0.00788	0.00651	0.00564	0.00813	0.00901	0.00464	0.10049	0.00822	0.03996	0.00648	0.00725	0.00491	0.00386	0.00267	0.00121	0.00318	0.00240	0.03269	0.00461
17	0.00501	0.00367	0.00475	0.00553	0.00599	0.00340	0.00391	0.00590	0.00803	0.01052	0.04045	0.64102	0.12970	0.01186	0.00505	0.00159	0.00241	0.10421	0.00369	0.00330
18	0.10881	0.00715	0.00899	0.00701	0.00999	0.00666	0.00578	0.06459	0.03908	0.67791	0.01425	0.01257	0.00914	0.00479	0.00383	0.00123	0.00339	0.00379	0.00457	0.00647
19	0.00489	0.00367	0.00448	0.00502	0.00559	0.00332	0.00344	0.00572	0.00817	0.01060	0.08695	0.53492	0.24660	0.05026	0.00562	0.00161	0.00226	0.00992	0.00367	0.00326
20	0.00479	0.00401	0.00417	0.00416	0.00543	0.00339	0.00311	0.00589	0.00925	0.01127	0.12797	0.05624	0.72697	0.00988	0.00469	0.00133	0.00200	0.00830	0.00376	0.00339
21	0.00996	0.24599	0.04973	0.03613	0.04867	0.05049	0.05254	0.03462	0.00894	0.05649	0.02337	0.00869	0.00644	0.00350	0.00319	0.00087	0.00405	0.00276	0.00229	0.35128
22	0.06964	0.01249	0.01129	0.00967	0.01119	0.29677	0.00775	0.15858	0.01030	0.03715	0.00662	0.00830	0.00552	0.00530	0.00720	0.00134	0.33046	0.00310	0.00238	0.00493
23	0.00814	0.00682	0.00792	0.00585	0.00902	0.00538	0.00466	0.04847	0.00903	0.01364	0.08089	0.01173	0.05241	0.00385	0.00323	0.00071	0.00286	0.00315	0.00267	0.71956
24	0.00787	0.09130	0.17775	0.00698	0.00944	0.03528	0.00665	0.01086	0.08292	0.05119	0.32342	0.04677	0.04273	0.05230	0.00495	0.00134	0.00344	0.00519	0.00325	0.03634
25	0.00870	0.14690	0.32467	0.03654	0.08701	0.04937	0.02109	0.01135	0.00856	0.03650	0.02582	0.02973	0.06238	0.05258	0.00463	0.00131	0.00473	0.02720	0.00219	0.05874

[dist]
# distance from previous block
# <min> <max>
0	101

[block]
# block no. 6 follows, 68 sequences, length 37
# corresponding to MSA columns:
# 1325-1361
name=unknown_G
#
# <colnr> <probs for GDERKNQSTAVLIFYWHMCP>
#	G	D	E	R	K	N	Q	S	T	A	V	L	I	F	Y	W	H	M	C	P
0	0.06746	0.17620	0.14143	0.07579	0.13422	0.07346	0.05110	0.05731	0.07716	0.02373	0.00770	0.00892	0.00607	0.00380	0.00348	0.00110	0.00470	0.00305	0.00224	0.08107
1	0.16200	0.02771	0.02640	0.06273	0.43490	0.00935	0.00936	0.01279	0.11963	0.01378	0.00873	0.04486	0.00740	0.00434	0.00407	0.00125	0.03904	0.00370	0.00237	0.00559
2	0.00918	0.00868	0.01391	0.04471	0.58154	0.02667	0.02552	0.02097	0.00897	0.01264	0.07885	0.01295	0.00959	0.05498	0.00557	0.00139	0.05879	0.01730	0.00223	0.00556
3	0.00929	0.01057	0.02299	0.04637	0.02096	0.00998	0.79272	0.01261	0.00931	0.01261	0.00799	0.01069	0.00599	0.00336	0.00465	0.00134	0.00663	0.00464	0.00200	0.00531
4	0.00506	0.00401	0.00455	0.00446	0.00560	0.00350	0.00333	0.00639	0.00983	0.01272	0.35078	0.07066	0.48629	0.00939	0.00470	0.00131	0.00197	0.00803	0.00395	0.00350
5	0.00984	0.00495	0.00642	0.00553	0.00723	0.00442	0.00433	0.01152	0.01088	0.29777	0.42910	0.02378	0.09362	0.00693	0.00431	0.00123	0.00240	0.00594	0.06508	0.00474
6	0.00539	0.00429	0.00488	0.00502	0.00605	0.00401	0.00365	0.00743	0.08906	0.01195	0.16101	0.28157	0.38121	0.00999	0.00473	0.00141	0.00218	0.00867	0.00383	0.00366
7	0.00519	0.00404	0.00472	0.00455	0.00567	0.00356	0.00341	0.00667	0.01023	0.01354	0.47325	0.03350	0.39946	0.00899	0.00468	0.00129	0.00193	0.00771	0.00405	0.00356
8	0.00822	0.00705	0.00822	0.00587	0.00940	0.00529	0.00470	0.00998	0.00822	0.01292	0.00705	0.00822	0.00587	0.00294	0.00294	0.00059	0.00294	0.00235	0.00235	0.88490
9	0.00577	0.00384	0.00432	0.00432	0.00432	0.00384	0.00240	0.00577	0.00577	0.00769	0.01249	0.02595	0.01441	0.86066	0.02018	0.00384	0.00384	0.00577	0.00240	0.00240
10	0.47659	0.00734	0.00741	0.00614	0.00884	0.00768	0.00504	0.01538	0.05654	0.35788	0.01033	0.00985	0.00704	0.00429	0.00318	0.00123	0.00320	0.00305	0.00356	0.00543
11	0.00511	0.00376	0.00464	0.00519	0.00567	0.00354	0.00353	0.00603	0.02360	0.01013	0.03698	0.52433	0.16563	0.13340	0.02578	0.00198	0.00270	0.03128	0.00348	0.00321
12	0.00808	0.00693	0.00851	0.00676	0.04341	0.00546	0.01802	0.01008	0.02394	0.01328	0.08948	0.01058	0.00915	0.00353	0.00320	0.00070	0.00297	0.00295	0.00256	0.73040
13	0.83020	0.02842	0.02892	0.00550	0.00806	0.02225	0.00469	0.01175	0.00689	0.01732	0.00557	0.00650	0.00435	0.00368	0.00251	0.00122	0.00324	0.00217	0.00241	0.00436
14	0.01048	0.82363	0.05911	0.00700	0.01050	0.01539	0.00715	0.01190	0.00807	0.00948	0.00559	0.00645	0.00509	0.00341	0.00260	0.00087	0.00432	0.00216	0.00170	0.00512
15	0.00558	0.00472	0.02958	0.00539	0.02352	0.00405	0.00404	0.00741	0.03324	0.01355	0.45547	0.08147	0.26152	0.04642	0.00533	0.00141	0.00224	0.00743	0.00390	0.00372
16	0.02921	0.00425	0.00534	0.00502	0.00604	0.00402	0.00378	0.00810	0.02705	0.02744	0.72689	0.03849	0.03395	0.00775	0.00449	0.00123	0.00195	0.00680	0.05436	0.00384
17	0.01175	0.12005	0.03467	0.04361	0.13374	0.26683	0.00815	0.09324	0.20205	0.01340	0.02076	0.00996	0.00754	0.00436	0.00377	0.00114	0.01350	0.00331	0.00265	0.00552
18	0.00572	0.00421	0.00452	0.00435	0.00576	0.00356	0.00330	0.00684	0.00939	0.07063	0.11503	0.04807	0.68559	0.00952	0.00464	0.00133	0.00210	0.00798	0.00384	0.00363
19	0.00911	0.00912	0.01474	0.30486	0.37840	0.05616	0.09258	0.01151	0.00863	0.01155	0.00728	0.01009	0.00588	0.00441	0.02303	0.00137	0.04045	0.00360	0.00190	0.00531
20	0.00549	0.00421	0.00504	0.00480	0.00592	0.00385	0.00361	0.00745	0.04201	0.01431	0.55583	0.03170	0.28397	0.00860	0.00465	0.00128	0.00196	0.00744	0.00414	0.00372
21	0.00662	0.03447	0.00698	0.00609	0.00628	0.00636	0.00433	0.00702	0.00598	0.00835	0.01030	0.02003	0.01141	0.53880	0.10436	0.00350	0.20892	0.00493	0.00219	0.00308
22	0.00957	0.00895	0.01421	0.01988	0.60270	0.00942	0.01069	0.02784	0.10165	0.01320	0.00917	0.02713	0.00798	0.00456	0.00481	0.00128	0.07737	0.04129	0.00232	0.00594
23	0.01092	0.00904	0.00956	0.00828	0.01071	0.01036	0.00653	0.18355	0.66456	0.01829	0.01480	0.01372	0.01102	0.00525	0.00402	0.00131	0.00339	0.00430	0.00402	0.00637
24	0.00956	0.01012	0.01317	0.01200	0.08012	0.11291	0.06718	0.01075	0.00718	0.01007	0.00571	0.00873	0.00534	0.00605	0.01051	0.00157	0.61915	0.00345	0.00181	0.00460
25	0.00892	0.03190	0.07499	0.02769	0.03122	0.02680	0.06900	0.01116	0.02265	0.04925	0.00790	0.02529	0.00645	0.00342	0.00330	0.00081	0.00370	0.00291	0.00239	0.59024
26	0.00775	0.00696	0.00817	0.02240	0.00883	0.07361	0.00615	0.03257	0.07827	0.01958	0.01414	0.30090	0.01515	0.01050	0.07293	0.00195	0.22544	0.08767	0.00294	0.00411
27	0.00700	0.00509	0.00735	0.00691	0.00766	0.00604	0.00545	0.00831	0.00686	0.06901	0.04424	0.01534	0.01049	0.05572	0.58869	0.00497	0.14037	0.00429	0.00237	0.00386
28	0.00709	0.00449	0.00572	0.00520	0.00638	0.00421	0.00396	0.03756	0.01125	0.08307	0.66943	0.02635	0.03180	0.00744	0.00444	0.00122	0.00208	0.00649	0.07773	0.00409
29	0.00805	0.11412	0.65323	0.01023	0.01524	0.00964	0.01268	0.01186	0.00829	0.01193	0.00923	0.01029	0.06456	0.00431	0.00408	0.00124	0.04043	0.00325	0.00182	0.00553
30	0.01526	0.00851	0.00990	0.00772	0.01061	0.00872	0.00634	0.37771	0.05307	0.36178	0.01268	0.01189	0.00858	0.00484	0.00387	0.00119	0.00367	0.00380	0.08342	0.00645
31	0.01065	0.73696	0.09063	0.00732	0.01091	0.01492	0.00751	0.06301	0.00875	0.01059	0.00590	0.00673	0.00519	0.00351	0.00274	0.00090	0.00439	0.00228	0.00184	0.00526
32	0.00486	0.00350	0.00461	0.00543	0.00574	0.00325	0.00366	0.00561	0.00781	0.01040	0.05861	0.78723	0.06034	0.01213	0.00503	0.00158	0.00227	0.01097	0.00371	0.00325
33	0.00510	0.00369	0.00493	0.01908	0.00623	0.00347	0.00391	0.00611	0.00843	0.01139	0.18856	0.62943	0.03893	0.01131	0.00498	0.00154	0.00231	0.04346	0.00379	0.00337
34	0.04930	0.15535	0.25861	0.02180	0.19879	0.06121	0.05387	0.09358	0.03053	0.03030	0.00749	0.00873	0.00579	0.00381	0.00361	0.00115	0.00506	0.00310	0.00217	0.00575
35	0.00522	0.00402	0.00466	0.00451	0.00554	0.00358	0.00331	0.00656	0.00981	0.01294	0.41900	0.03301	0.38109	0.08221	0.00601	0.00151	0.00210	0.00757	0.00390	0.00346
36	0.00780	0.02263	0.13077	0.00842	0.03994	0.04169	0.08274	0.02549	0.15107	0.02848	0.15885	0.05937	0.19839	0.00702	0.01844	0.00138	0.00375	0.00573	0.00325	0.00478

[dist]
# distance from previous block
# <min> <max>
0	2

[block]
# block no. 7 follows, 68 sequences, length 8
# corresponding to MSA columns:
# 1364-1371
name=unknown_H
#
# <colnr> <probs for GDERKNQSTAVLIFYWHMCP>
#	G	D	E	R	K	N	Q	S	T	A	V	L	I	F	Y	W	H	M	C	P
0	0.02688	0.01154	0.15927	0.01642	0.37273	0.04475	0.06042	0.03983	0.10726	0.03158	0.02598	0.01044	0.00733	0.00421	0.00456	0.00126	0.06368	0.00363	0.00234	0.00588
1	0.05130	0.01024	0.09945	0.01062	0.14825	0.07583	0.02525	0.11648	0.02705	0.08740	0.00925	0.06573	0.00766	0.00435	0.00365	0.00106	0.00416	0.00361	0.00274	0.24591
2	0.05850	0.01077	0.01127	0.00877	0.01183	0.03883	0.00721	0.66725	0.04453	0.08636	0.00990	0.00977	0.00698	0.00472	0.00388	0.00119	0.00427	0.00353	0.00390	0.00654
3	0.02661	0.13564	0.07653	0.01011	0.14357	0.02525	0.02564	0.10749	0.02480	0.05798	0.02064	0.02321	0.02701	0.02049	0.00377	0.00104	0.00398	0.00329	0.00257	0.26037
4	0.00667	0.03259	0.04442	0.00737	0.03364	0.03172	0.02655	0.03844	0.00877	0.01146	0.04458	0.31310	0.10778	0.03348	0.01909	0.00167	0.03434	0.19718	0.00328	0.00388
5	0.00749	0.00705	0.01189	0.85113	0.02731	0.00881	0.01101	0.01013	0.00793	0.01013	0.00705	0.01057	0.00529	0.00396	0.00396	0.00132	0.00529	0.00352	0.00176	0.00440
6	0.01064	0.23745	0.01595	0.08267	0.26645	0.17235	0.05630	0.01243	0.00893	0.01093	0.00655	0.00837	0.00557	0.00378	0.00398	0.00109	0.05060	0.00298	0.00190	0.04106
7	0.01092	0.58520	0.07309	0.00808	0.01129	0.16484	0.04169	0.01243	0.00869	0.00978	0.00646	0.03931	0.00593	0.00389	0.00300	0.00096	0.00490	0.00271	0.00185	0.00499

[dist]
# distance from previous block
# <min> <max>
5	32

[block]
# block no. 8 follows, 68 sequences, length 38
# corresponding to MSA columns:
# 1405-1442
name=unknown_I
#
# <colnr> <probs for GDERKNQSTAVLIFYWHMCP>
#	G	D	E	R	K	N	Q	S	T	A	V	L	I	F	Y	W	H	M	C	P
0	0.00970	0.00875	0.01485	0.23187	0.55032	0.00914	0.03799	0.02343	0.00902	0.05542	0.00783	0.01022	0.00621	0.00372	0.00396	0.00122	0.00485	0.00359	0.00209	0.00581
1	0.00566	0.00425	0.00637	0.00637	0.00708	0.00496	0.00496	0.00708	0.00637	0.00920	0.01062	0.01558	0.00991	0.02974	0.84494	0.00637	0.01062	0.00425	0.00212	0.00354
2	0.00576	0.00386	0.00441	0.00441	0.00444	0.00389	0.00251	0.00582	0.00579	0.00775	0.01242	0.02552	0.01423	0.82658	0.05400	0.00395	0.00412	0.00570	0.00239	0.00245
3	0.88866	0.00767	0.00583	0.00521	0.00767	0.00889	0.00429	0.01166	0.00675	0.01779	0.00552	0.00644	0.00429	0.00368	0.00245	0.00123	0.00307	0.00215	0.00245	0.00429
4	0.00888	0.00805	0.01314	0.08585	0.57669	0.00804	0.01005	0.01099	0.00909	0.03917	0.04164	0.01543	0.14619	0.00486	0.00408	0.00122	0.00416	0.00448	0.00241	0.00557
5	0.00833	0.00429	0.00455	0.00428	0.00544	0.00433	0.00329	0.05363	0.00897	0.06162	0.01281	0.01446	0.00995	0.00561	0.03537	0.00117	0.00241	0.00373	0.75175	0.00403
6	0.04554	0.01064	0.01248	0.00949	0.01270	0.01152	0.07732	0.66686	0.01690	0.08201	0.00969	0.00980	0.00681	0.00461	0.00398	0.00121	0.00445	0.00364	0.00381	0.00654
7	0.83571	0.00777	0.00613	0.00540	0.00790	0.00895	0.00445	0.04176	0.00730	0.03759	0.00591	0.00672	0.00452	0.00375	0.00255	0.00123	0.00312	0.00224	0.00257	0.00444
8	0.00862	0.00488	0.00501	0.00457	0.00585	0.00507	0.00354	0.13966	0.00997	0.01642	0.01239	0.01394	0.00961	0.00464	0.00296	0.00097	0.00225	0.00368	0.74179	0.00418
9	0.00983	0.01140	0.02235	0.01615	0.01999	0.08183	0.75151	0.01297	0.00952	0.01244	0.00786	0.01039	0.00594	0.00341	0.00458	0.00131	0.00672	0.00450	0.00201	0.00528
10	0.00563	0.00404	0.00551	0.00559	0.00601	0.00442	0.00396	0.00649	0.00627	0.00876	0.01225	0.09280	0.01290	0.31561	0.48628	0.00508	0.00755	0.00539	0.00236	0.00312
11	0.00935	0.07610	0.08288	0.01556	0.01966	0.01040	0.70073	0.01263	0.00919	0.01243	0.00776	0.01020	0.00587	0.00338	0.00445	0.00129	0.00644	0.00436	0.00196	0.00537
12	0.00980	0.03169	0.05527	0.00771	0.00940	0.19097	0.01736	0.08935	0.02442	0.02604	0.00915	0.01454	0.00882	0.27405	0.02773	0.00210	0.09553	0.01369	0.00242	0.08998
13	0.00539	0.00410	0.00498	0.00536	0.00608	0.00391	0.00377	0.00723	0.07908	0.01172	0.16272	0.48157	0.17225	0.02619	0.00512	0.00152	0.00227	0.00937	0.00380	0.00358
14	0.01135	0.21422	0.11248	0.00848	0.01184	0.04206	0.02781	0.21532	0.18803	0.03877	0.00950	0.00971	0.00723	0.00423	0.00353	0.00109	0.00425	0.00324	0.00293	0.08394
15	0.00566	0.00425	0.00637	0.00637	0.00708	0.00496	0.00496	0.00708	0.00637	0.00920	0.01062	0.01558	0.00991	0.02974	0.84494	0.00637	0.01062	0.00425	0.00212	0.00354
16	0.01016	0.21901	0.34166	0.01111	0.06453	0.06534	0.10336	0.05723	0.00933	0.05061	0.00732	0.00846	0.00557	0.00372	0.00358	0.00113	0.00531	0.00302	0.00205	0.02751
17	0.01001	0.10192	0.17264	0.02063	0.04110	0.11228	0.22613	0.04684	0.15698	0.01302	0.01860	0.01045	0.00727	0.00509	0.03843	0.00143	0.00562	0.00370	0.00239	0.00548
18	0.00966	0.01056	0.02290	0.01637	0.02035	0.00988	0.79279	0.01293	0.00943	0.04179	0.00829	0.01079	0.00615	0.00340	0.00465	0.00133	0.00657	0.00465	0.00211	0.00540
19	0.00496	0.00355	0.00475	0.00567	0.00596	0.00334	0.00391	0.00575	0.00772	0.01027	0.02178	0.78810	0.02593	0.01230	0.00510	0.00163	0.00242	0.07991	0.00368	0.00326
20	0.02251	0.03159	0.28723	0.02112	0.15146	0.07076	0.07791	0.03701	0.01959	0.07546	0.05244	0.04184	0.06759	0.02098	0.00430	0.00129	0.00484	0.00419	0.00250	0.00540
21	0.00514	0.00376	0.00450	0.00488	0.00534	0.00355	0.00325	0.00576	0.00736	0.00952	0.02289	0.35780	0.21709	0.26210	0.05620	0.00247	0.00316	0.01899	0.00322	0.00303
22	0.00981	0.00942	0.01609	0.02434	0.83592	0.00942	0.01217	0.01217	0.00903	0.01295	0.00746	0.00981	0.00628	0.00353	0.00393	0.00118	0.00471	0.00353	0.00196	0.00628
23	0.00858	0.00826	0.01431	0.45299	0.37255	0.00914	0.05500	0.01114	0.00847	0.01147	0.00728	0.01025	0.00575	0.00375	0.00399	0.00126	0.00511	0.00359	0.00186	0.00526
24	0.01020	0.09080	0.16079	0.11547	0.06849	0.15786	0.21244	0.03637	0.02499	0.02700	0.00788	0.01045	0.00631	0.00409	0.00414	0.00123	0.02236	0.03181	0.00209	0.00523
25	0.00949	0.00813	0.00865	0.00780	0.00993	0.00933	0.00605	0.01988	0.75737	0.01653	0.08754	0.01609	0.01431	0.00562	0.00409	0.00134	0.00303	0.00472	0.00406	0.00605
26	0.00503	0.00403	0.00449	0.00438	0.00557	0.00349	0.00328	0.00635	0.00985	0.01263	0.33425	0.03499	0.53903	0.00932	0.00468	0.00130	0.00196	0.00792	0.00393	0.00349
27	0.00829	0.00952	0.22030	0.02592	0.04449	0.00661	0.02175	0.06303	0.02597	0.08959	0.22321	0.01982	0.09365	0.04270	0.04649	0.00164	0.01495	0.03403	0.00319	0.00485
28	0.01464	0.01831	0.01128	0.03101	0.01263	0.79247	0.00774	0.04628	0.01143	0.01029	0.00628	0.00732	0.00517	0.00411	0.00360	0.00104	0.00700	0.00262	0.00211	0.00467
29	0.01779	0.00675	0.00920	0.00705	0.01012	0.00583	0.00583	0.01932	0.01135	0.83867	0.01564	0.01350	0.00981	0.00491	0.00399	0.00123	0.00337	0.00399	0.00491	0.00675
30	0.00567	0.00421	0.00616	0.00616	0.00679	0.00484	0.00469	0.00694	0.00631	0.00904	0.01082	0.01667	0.01039	0.11751	0.75783	0.00611	0.00990	0.00441	0.00215	0.00342
31	0.00977	0.02804	0.04743	0.06541	0.69924	0.00947	0.03195	0.01233	0.02018	0.02720	0.00766	0.00988	0.00629	0.00361	0.00391	0.00119	0.00478	0.00353	0.00202	0.00613
32	0.00658	0.00541	0.00706	0.00663	0.00694	0.02207	0.00494	0.00734	0.00617	0.00873	0.00996	0.01762	0.01038	0.33001	0.33060	0.00425	0.20524	0.00459	0.00213	0.00333
33	0.00571	0.00383	0.00440	0.00450	0.00454	0.00381	0.00261	0.00581	0.00600	0.00799	0.01346	0.09206	0.01557	0.77064	0.01859	0.00361	0.00372	0.02808	0.00254	0.00250
34	0.01715	0.00675	0.00901	0.00696	0.00992	0.00596	0.00573	0.04843	0.01146	0.76573	0.01528	0.01342	0.00972	0.00489	0.00392	0.00121	0.00333	0.00396	0.05060	0.00659
35	0.00832	0.00739	0.00901	0.02247	0.06439	0.02229	0.02238	0.01013	0.00839	0.01271	0.00843	0.00963	0.03985	0.00332	0.00314	0.00069	0.00322	0.00275	0.00235	0.73914
36	0.00996	0.06998	0.06778	0.20984	0.14435	0.11922	0.08798	0.11391	0.02193	0.01301	0.02984	0.02824	0.05771	0.00456	0.00395	0.00121	0.00505	0.00393	0.00237	0.00517
37	0.00519	0.00453	0.04824	0.00580	0.00645	0.00372	0.00429	0.02210	0.00794	0.01058	0.02199	0.74536	0.07561	0.01167	0.00495	0.00157	0.00251	0.01050	0.00358	0.00344

[dist]
# distance from previous block
# <min> <max>
2	18

[block]
# block no. 9 follows, 68 sequences, length 30
# corresponding to MSA columns:
# 1461-1490
name=unknown_J
#
# <colnr> <probs for GDERKNQSTAVLIFYWHMCP>
#	G	D	E	R	K	N	Q	S	T	A	V	L	I	F	Y	W	H	M	C	P
0	0.06055	0.08783	0.04988	0.03249	0.19295	0.00708	0.03856	0.02321	0.00840	0.01188	0.06452	0.28356	0.04675	0.00798	0.02275	0.03407	0.00372	0.01661	0.00277	0.00444
1	0.00668	0.00496	0.02301	0.00640	0.03550	0.00452	0.00455	0.07204	0.00951	0.05643	0.15675	0.46695	0.11746	0.00994	0.00474	0.00144	0.00257	0.00882	0.00378	0.00395
2	0.04139	0.08846	0.01003	0.00648	0.00994	0.00696	0.03212	0.05601	0.00878	0.01343	0.00702	0.00813	0.00579	0.00312	0.00300	0.00069	0.00327	0.00247	0.00237	0.69054
3	0.00929	0.06540	0.34986	0.01357	0.21895	0.03926	0.04900	0.03173	0.03928	0.04391	0.02860	0.02410	0.03620	0.00429	0.00398	0.00121	0.01640	0.00363	0.00222	0.01912
4	0.00532	0.00410	0.00469	0.00459	0.00559	0.00371	0.00335	0.00671	0.02314	0.01236	0.33408	0.03299	0.38030	0.13072	0.00691	0.00168	0.00228	0.03029	0.00376	0.00342
5	0.40183	0.08061	0.03988	0.03635	0.03515	0.02216	0.00601	0.10710	0.00894	0.02905	0.00975	0.09959	0.00920	0.00553	0.00344	0.00130	0.00361	0.09308	0.00279	0.00464
6	0.01052	0.26664	0.25208	0.00966	0.05083	0.08205	0.03104	0.08302	0.05875	0.04014	0.00762	0.00844	0.00593	0.00382	0.00339	0.00106	0.00485	0.00287	0.00223	0.07504
7	0.00931	0.00794	0.00849	0.00767	0.00974	0.00907	0.00595	0.01931	0.72302	0.01650	0.12190	0.01671	0.01538	0.00573	0.00412	0.00133	0.00297	0.00483	0.00408	0.00595
8	0.00634	0.00696	0.09836	0.00753	0.00957	0.00535	0.14229	0.00855	0.00997	0.01364	0.39796	0.02638	0.18653	0.02436	0.00492	0.00136	0.00325	0.03908	0.00347	0.00413
9	0.15543	0.00940	0.10523	0.06745	0.01274	0.00802	0.07426	0.10605	0.01007	0.23833	0.00946	0.00990	0.00664	0.00407	0.00374	0.00114	0.01795	0.00326	0.00309	0.15378
10	0.01507	0.01111	0.01190	0.00912	0.01230	0.01230	0.00754	0.82270	0.01864	0.02499	0.00952	0.00952	0.00674	0.00476	0.00397	0.00119	0.00436	0.00357	0.00397	0.00674
11	0.00822	0.00705	0.00822	0.00587	0.00940	0.00529	0.00470	0.00998	0.00822	0.01292	0.00705	0.00822	0.00587	0.00294	0.00294	0.00059	0.00294	0.00235	0.00235	0.88490
12	0.00643	0.00545	0.00661	0.03693	0.08115	0.05638	0.00510	0.03418	0.02716	0.01100	0.01909	0.62928	0.04518	0.01034	0.00476	0.00150	0.00300	0.00928	0.00338	0.00381
13	0.00901	0.02381	0.10990	0.01634	0.23699	0.00932	0.36046	0.01245	0.05864	0.01275	0.01022	0.01329	0.04264	0.00431	0.00449	0.00131	0.02029	0.04606	0.00223	0.00552
14	0.00561	0.00411	0.00580	0.00586	0.00641	0.00457	0.00433	0.00671	0.00649	0.00914	0.02931	0.07603	0.02691	0.18513	0.59898	0.00537	0.00843	0.00515	0.00236	0.00330
15	0.32356	0.10191	0.05475	0.03792	0.11744	0.15166	0.00727	0.05900	0.03056	0.04678	0.00700	0.00820	0.00556	0.01524	0.00356	0.00119	0.01822	0.00276	0.00239	0.00504
16	0.00566	0.00425	0.00637	0.00637	0.00708	0.00496	0.00496	0.00708	0.00637	0.00920	0.01062	0.01558	0.00991	0.02974	0.84494	0.00637	0.01062	0.00425	0.00212	0.00354
17	0.00749	0.00705	0.01189	0.85113	0.02731	0.00881	0.01101	0.01013	0.00793	0.01013	0.00705	0.01057	0.00529	0.00396	0.00396	0.00132	0.00529	0.00352	0.00176	0.00440
18	0.01008	0.00863	0.00909	0.00811	0.01040	0.00997	0.00633	0.05535	0.79412	0.01695	0.01585	0.01457	0.01187	0.00535	0.00403	0.00134	0.00319	0.00444	0.00403	0.00630
19	0.00981	0.00942	0.01609	0.02434	0.83592	0.00942	0.01217	0.01217	0.00903	0.01295	0.00746	0.00981	0.00628	0.00353	0.00393	0.00118	0.00471	0.00353	0.00196	0.00628
20	0.00480	0.00357	0.00448	0.00520	0.00567	0.00325	0.00354	0.00556	0.00790	0.01025	0.02573	0.68456	0.19723	0.01192	0.00498	0.00155	0.00224	0.01066	0.00368	0.00325
21	0.00986	0.00852	0.00897	0.00807	0.01031	0.00986	0.00628	0.02107	0.82876	0.01659	0.01614	0.01479	0.01210	0.00538	0.00403	0.00134	0.00314	0.00448	0.00403	0.00628
22	0.00822	0.00705	0.00822	0.00587	0.00940	0.00529	0.00470	0.00998	0.00822	0.01292	0.00705	0.00822	0.00587	0.00294	0.00294	0.00059	0.00294	0.00235	0.00235	0.88490
23	0.00867	0.00867	0.01214	0.01041	0.01041	0.01214	0.00867	0.00954	0.00607	0.00954	0.00520	0.00867	0.00520	0.00694	0.01301	0.00173	0.85340	0.00347	0.00173	0.00434
24	0.00731	0.00428	0.00524	0.00496	0.00546	0.00426	0.00320	0.00770	0.00657	0.11538	0.01264	0.02289	0.01319	0.63412	0.13308	0.00386	0.00473	0.00532	0.00269	0.00312
25	0.01348	0.44504	0.04119	0.00967	0.01271	0.22985	0.04582	0.06629	0.01096	0.01289	0.02735	0.01074	0.00810	0.00578	0.02484	0.00147	0.00589	0.00335	0.01855	0.00603
26	0.00548	0.00402	0.00502	0.00538	0.00624	0.00370	0.00410	0.00673	0.00904	0.02310	0.18224	0.26073	0.25424	0.02914	0.00529	0.00156	0.00248	0.18424	0.00379	0.00348
27	0.00980	0.00766	0.00870	0.00636	0.00978	0.02654	0.00511	0.08107	0.00947	0.08535	0.00798	0.00876	0.00627	0.00329	0.00313	0.00071	0.00320	0.00260	0.00270	0.71150
28	0.02522	0.00865	0.01143	0.34405	0.19137	0.11227	0.00921	0.01172	0.03245	0.06437	0.03329	0.01171	0.00761	0.03589	0.07218	0.00174	0.01602	0.00368	0.00225	0.00487
29	0.00961	0.00836	0.01279	0.19208	0.39546	0.00894	0.00984	0.10865	0.03529	0.03730	0.01114	0.01289	0.08478	0.00481	0.00455	0.01954	0.03197	0.00403	0.00246	0.00552

[dist]
# distance from previous block
# <min> <max>
1	22

[block]
# block no. 10 follows, 68 sequences, length 19
# corresponding to MSA columns:
# 1513-1531
name=unknown_K
#
# <colnr> <probs for GDERKNQSTAVLIFYWHMCP>
#	G	D	E	R	K	N	Q	S	T	A	V	L	I	F	Y	W	H	M	C	P
0	0.04280	0.08929	0.21287	0.00951	0.09150	0.01761	0.00825	0.05417	0.10805	0.03975	0.01058	0.08901	0.00946	0.06272	0.07266	0.00179	0.00474	0.01493	0.00258	0.05773
1	0.00896	0.09946	0.21512	0.02698	0.06602	0.06348	0.06567	0.03130	0.10876	0.01270	0.03717	0.01171	0.00837	0.00660	0.07855	0.00162	0.02252	0.02057	0.05495	0.05949
2	0.00731	0.00656	0.01009	0.44212	0.10034	0.00722	0.00846	0.00976	0.03433	0.01155	0.09487	0.08362	0.05748	0.00531	0.00405	0.00124	0.00411	0.00470	0.00245	0.10442
3	0.00822	0.00705	0.00822	0.00587	0.00940	0.00529	0.00470	0.00998	0.00822	0.01292	0.00705	0.00822	0.00587	0.00294	0.00294	0.00059	0.00294	0.00235	0.00235	0.88490
4	0.01235	0.01240	0.01040	0.07738	0.01254	0.33305	0.00696	0.15626	0.03926	0.04561	0.00777	0.00865	0.00605	0.00395	0.00353	0.00097	0.00504	0.00288	0.00262	0.25232
5	0.00494	0.00357	0.00456	0.00525	0.00560	0.00331	0.00351	0.00567	0.00777	0.01028	0.06726	0.66539	0.10047	0.08488	0.00630	0.00176	0.00238	0.01031	0.00361	0.00319
6	0.88866	0.00767	0.00583	0.00521	0.00767	0.00889	0.00429	0.01166	0.00675	0.01779	0.00552	0.00644	0.00429	0.00368	0.00245	0.00123	0.00307	0.00215	0.00245	0.00429
7	0.00568	0.00386	0.00430	0.00430	0.00441	0.00380	0.00245	0.00576	0.00603	0.00793	0.01471	0.02692	0.07999	0.79263	0.01894	0.00364	0.00370	0.00597	0.00250	0.00248
8	0.64826	0.07983	0.05489	0.00613	0.00895	0.00967	0.00545	0.08741	0.00825	0.05182	0.00641	0.00712	0.00486	0.00381	0.00274	0.00119	0.00346	0.00240	0.00259	0.00478
9	0.01190	0.00894	0.01418	0.02863	0.15771	0.00906	0.20284	0.20693	0.01141	0.15851	0.02469	0.01161	0.00774	0.00519	0.00546	0.07352	0.03751	0.01550	0.00300	0.00568
10	0.01058	0.00919	0.01464	0.12789	0.59944	0.02691	0.01114	0.05835	0.00967	0.08189	0.00817	0.01014	0.00645	0.00378	0.00393	0.00120	0.00471	0.00355	0.00230	0.00607
11	0.76663	0.00924	0.00658	0.00591	0.00831	0.12563	0.00476	0.01224	0.00737	0.01666	0.00561	0.00654	0.00441	0.00374	0.00261	0.00120	0.00364	0.00220	0.00240	0.00434
12	0.00811	0.00768	0.01302	0.62937	0.24419	0.00897	0.01132	0.01068	0.00822	0.01089	0.00716	0.01037	0.00555	0.00385	0.00395	0.00128	0.00513	0.00353	0.00182	0.00491
13	0.04562	0.00744	0.00915	0.00690	0.00984	0.00670	0.02776	0.01081	0.03520	0.04572	0.00740	0.00871	0.00608	0.00370	0.00445	0.00085	0.12184	0.00270	0.00242	0.63674
14	0.01023	0.01012	0.09564	0.01120	0.11502	0.04798	0.09526	0.09927	0.25788	0.06143	0.01124	0.01270	0.00883	0.05496	0.07504	0.00184	0.01868	0.00405	0.00298	0.00565
15	0.00678	0.00348	0.00508	0.00508	0.00508	0.00348	0.00334	0.00523	0.00523	0.00697	0.00744	0.01344	0.00764	0.09805	0.01596	0.79699	0.00348	0.00367	0.00179	0.00179
16	0.00734	0.00682	0.01142	0.75693	0.05003	0.00837	0.01045	0.00982	0.00793	0.01022	0.00827	0.07986	0.00703	0.00464	0.00405	0.00134	0.00502	0.00416	0.00192	0.00436
17	0.06451	0.07529	0.11881	0.01351	0.25539	0.12173	0.04338	0.05884	0.02283	0.05981	0.03361	0.00959	0.00697	0.00404	0.00401	0.00114	0.03711	0.00326	0.00235	0.06382
18	0.02604	0.09091	0.24077	0.00858	0.01185	0.08389	0.02882	0.08908	0.16893	0.02898	0.03492	0.01441	0.10112	0.02081	0.00414	0.00127	0.00440	0.01546	0.02028	0.00534

[dist]
# distance from previous block
# <min> <max>
1	39

[block]
# block no. 11 follows, 68 sequences, length 35
# corresponding to MSA columns:
# 1571-1605
name=unknown_L
#
# <colnr> <probs for GDERKNQSTAVLIFYWHMCP>
#	G	D	E	R	K	N	Q	S	T	A	V	L	I	F	Y	W	H	M	C	P
0	0.56533	0.07611	0.04498	0.00636	0.00896	0.11963	0.00546	0.02683	0.00792	0.01539	0.00746	0.00870	0.03791	0.00409	0.00286	0.00116	0.00381	0.01722	0.00240	0.03742
1	0.49350	0.00737	0.00751	0.00791	0.11245	0.02297	0.00543	0.01082	0.00741	0.01519	0.03014	0.00916	0.00657	0.00716	0.11364	0.00181	0.00426	0.00281	0.02468	0.10922
2	0.03334	0.17504	0.06688	0.00814	0.03115	0.12561	0.01770	0.10734	0.07272	0.02344	0.02074	0.01167	0.01619	0.12787	0.00627	0.00146	0.04470	0.00343	0.00250	0.10380
3	0.51165	0.00782	0.00822	0.03973	0.04922	0.01754	0.04029	0.07215	0.00853	0.13233	0.00799	0.00938	0.00612	0.04757	0.02550	0.00149	0.00380	0.00298	0.00283	0.00485
4	0.04161	0.04272	0.08910	0.00856	0.01180	0.01058	0.00757	0.50337	0.05366	0.06200	0.01009	0.03411	0.00775	0.00485	0.00384	0.00118	0.00416	0.02469	0.00352	0.07484
5	0.00594	0.00536	0.00515	0.00497	0.00630	0.06583	0.00376	0.00768	0.05088	0.01218	0.22346	0.03281	0.52795	0.00893	0.00458	0.00130	0.00244	0.02304	0.00374	0.00369
6	0.00512	0.00371	0.00488	0.00558	0.00606	0.00347	0.00399	0.00612	0.00834	0.01112	0.12652	0.59581	0.08014	0.01153	0.00504	0.00157	0.00240	0.11151	0.00376	0.00335
7	0.01060	0.86304	0.02078	0.00678	0.01018	0.01569	0.00678	0.01187	0.00806	0.00933	0.00551	0.00636	0.00509	0.00339	0.00254	0.00085	0.00424	0.00212	0.00170	0.00509
8	0.00475	0.00402	0.00411	0.00409	0.00540	0.00338	0.00307	0.00582	0.00920	0.01109	0.09752	0.03754	0.77673	0.00990	0.00469	0.00133	0.00200	0.00828	0.00373	0.00338
