[name]
unknown

[dist]
# distance from previous block
# <min> <max>
0	213

[block]
# block no. 0 follows, 73 sequences, length 32
# corresponding to MSA columns:
# 213-244
name=unknown_A
#
# <colnr> <probs for GDERKNQSTAVLIFYWHMCP>
#	G	D	E	R	K	N	Q	S	T	A	V	L	I	F	Y	W	H	M	C	P
0	0.02323	0.06577	0.00869	0.00767	0.04913	0.02707	0.00609	0.19415	0.01105	0.06291	0.15821	0.02474	0.01711	0.00707	0.00427	0.00133	0.00345	0.31031	0.00344	0.01431
1	0.05266	0.01122	0.01021	0.00908	0.05119	0.21639	0.00690	0.33889	0.16540	0.05156	0.00978	0.01075	0.00754	0.00459	0.00367	0.00114	0.00446	0.03582	0.00319	0.00556
2	0.00867	0.00746	0.04171	0.00777	0.04944	0.00769	0.00592	0.03756	0.49824	0.05470	0.13131	0.07551	0.04595	0.00590	0.00397	0.00126	0.00292	0.00503	0.00368	0.00532
3	0.00919	0.55962	0.14753	0.00852	0.01204	0.01247	0.13893	0.01117	0.00784	0.00984	0.00658	0.04860	0.00591	0.00367	0.00302	0.00097	0.00453	0.00293	0.00174	0.00488
4	0.00586	0.00404	0.00479	0.00466	0.00493	0.00422	0.00295	0.04572	0.00615	0.00833	0.01136	0.02202	0.01251	0.67377	0.16985	0.00395	0.00483	0.00509	0.00230	0.00267
5	0.00837	0.35422	0.48087	0.00874	0.01311	0.01086	0.01042	0.01130	0.00777	0.01057	0.00681	0.04871	0.00575	0.00382	0.00317	0.00105	0.00478	0.00285	0.00168	0.00514
6	0.02959	0.03595	0.01257	0.37581	0.31460	0.06392	0.00992	0.01142	0.03684	0.04572	0.00727	0.00953	0.00570	0.00373	0.00382	0.00117	0.02223	0.00325	0.00196	0.00498
7	0.00443	0.00380	0.00380	0.00380	0.00507	0.00317	0.00285	0.00538	0.00855	0.01014	0.03801	0.03611	0.84322	0.00950	0.00443	0.00127	0.00190	0.00792	0.00348	0.00317
8	0.00551	0.00419	0.00610	0.00602	0.00658	0.00492	0.00461	0.00669	0.00595	0.00857	0.00998	0.01545	0.00960	0.11576	0.72268	0.00556	0.05240	0.00413	0.00202	0.00327
9	0.00480	0.00339	0.00444	0.00511	0.00533	0.00327	0.00339	0.00540	0.00684	0.00915	0.01847	0.65392	0.02187	0.15982	0.06085	0.00217	0.00295	0.02270	0.00318	0.00294
10	0.01401	0.01788	0.01063	0.00967	0.01160	0.85309	0.00725	0.01498	0.01063	0.00918	0.00580	0.00677	0.00483	0.00387	0.00338	0.00097	0.00677	0.00242	0.00193	0.00435
11	0.00927	0.01015	0.02130	0.01526	0.01900	0.00965	0.76784	0.07501	0.00953	0.01291	0.00770	0.01003	0.00575	0.00327	0.00438	0.00125	0.00616	0.00435	0.00204	0.00516
12	0.07020	0.01011	0.01093	0.00845	0.01135	0.01117	0.02269	0.74328	0.01649	0.02263	0.00903	0.03027	0.00668	0.00459	0.00370	0.00114	0.00404	0.00349	0.00362	0.00612
13	0.00852	0.00800	0.01334	0.38724	0.45422	0.00877	0.01086	0.04342	0.00845	0.01155	0.00697	0.00959	0.00555	0.00357	0.00373	0.00117	0.00468	0.00334	0.00185	0.00519
14	0.02739	0.00618	0.00736	0.04045	0.00865	0.03409	0.02447	0.11031	0.10158	0.14454	0.08070	0.21154	0.03480	0.10327	0.03299	0.00170	0.00344	0.01872	0.00342	0.00443
15	0.11345	0.00967	0.00912	0.00755	0.00975	0.16550	0.00603	0.22664	0.02094	0.05093	0.02367	0.00926	0.00664	0.01992	0.07131	0.00148	0.08793	0.00302	0.00267	0.15453
16	0.89465	0.00726	0.00551	0.00493	0.00726	0.00842	0.00406	0.01103	0.00638	0.01683	0.00522	0.00609	0.00406	0.00348	0.00232	0.00116	0.00290	0.00203	0.00232	0.00406
17	0.00750	0.00705	0.01191	0.75328	0.06774	0.00852	0.04452	0.03614	0.00794	0.01028	0.00680	0.00994	0.00512	0.00373	0.00378	0.00124	0.00500	0.00338	0.00175	0.00437
18	0.00563	0.00396	0.00489	0.00518	0.00563	0.00394	0.00374	0.00666	0.03090	0.00950	0.06398	0.09975	0.05273	0.42197	0.01172	0.00256	0.00326	0.25814	0.00294	0.00292
19	0.00709	0.00667	0.01125	0.85913	0.02584	0.00834	0.01042	0.00959	0.00750	0.00959	0.00667	0.01000	0.00500	0.00375	0.00375	0.00125	0.00500	0.00333	0.00167	0.00417
20	0.00472	0.00375	0.00418	0.00439	0.00534	0.00330	0.00324	0.00567	0.00823	0.01021	0.07582	0.17584	0.52924	0.06876	0.00557	0.00151	0.00220	0.08146	0.00343	0.00313
21	0.05477	0.00656	0.00854	0.00664	0.00943	0.00596	0.00546	0.05150	0.03940	0.71872	0.04301	0.01289	0.00992	0.00471	0.00373	0.00116	0.00316	0.00380	0.00446	0.00617
22	0.00965	0.57231	0.22564	0.00767	0.01141	0.04640	0.00828	0.03986	0.00817	0.01020	0.00579	0.00667	0.00487	0.00336	0.00279	0.00091	0.00448	0.00227	0.00170	0.02757
23	0.07651	0.00962	0.01042	0.00871	0.04847	0.01064	0.00677	0.62784	0.07776	0.02117	0.00950	0.03111	0.00727	0.03186	0.00416	0.00123	0.00390	0.00359	0.00352	0.00595
24	0.89465	0.00726	0.00551	0.00493	0.00726	0.00842	0.00406	0.01103	0.00638	0.01683	0.00522	0.00609	0.00406	0.00348	0.00232	0.00116	0.00290	0.00203	0.00232	0.00406
25	0.00460	0.00329	0.00438	0.00520	0.00545	0.00307	0.00349	0.00531	0.00734	0.00982	0.05787	0.82781	0.02529	0.01157	0.00477	0.00151	0.00216	0.01049	0.00351	0.00307
26	0.89465	0.00726	0.00551	0.00493	0.00726	0.00842	0.00406	0.01103	0.00638	0.01683	0.00522	0.00609	0.00406	0.00348	0.00232	0.00116	0.00290	0.00203	0.00232	0.00406
27	0.00652	0.00326	0.00489	0.00489	0.00489	0.00326	0.00326	0.00489	0.00489	0.00652	0.00652	0.01140	0.00652	0.01303	0.01466	0.89084	0.00326	0.00326	0.00163	0.00163
28	0.00917	0.00880	0.01502	0.06688	0.80180	0.00888	0.01146	0.01141	0.00849	0.01212	0.00704	0.00932	0.00589	0.00336	0.00372	0.00112	0.00449	0.00334	0.00185	0.00585
29	0.04148	0.00637	0.00813	0.00630	0.00904	0.00561	0.00515	0.05802	0.01046	0.58009	0.05959	0.01400	0.06066	0.00483	0.00368	0.00109	0.00303	0.00392	0.00413	0.11440
30	0.04074	0.00926	0.01013	0.00807	0.01062	0.08135	0.04630	0.37032	0.07103	0.17912	0.06833	0.01226	0.04360	0.00490	0.00401	0.00116	0.02571	0.00386	0.00360	0.00565
31	0.03072	0.00939	0.08371	0.00879	0.04466	0.03779	0.05602	0.23999	0.08213	0.27286	0.03236	0.03833	0.00871	0.00460	0.00376	0.00115	0.00391	0.00380	0.00352	0.03380

[dist]
# distance from previous block
# <min> <max>
1	12

[block]
# block no. 1 follows, 73 sequences, length 54
# corresponding to MSA columns:
# 257-310
name=unknown_B
#
# <colnr> <probs for GDERKNQSTAVLIFYWHMCP>
#	G	D	E	R	K	N	Q	S	T	A	V	L	I	F	Y	W	H	M	C	P
0	0.01091	0.00976	0.03608	0.01238	0.22375	0.14690	0.09833	0.04657	0.07841	0.14911	0.05809	0.04407	0.00914	0.00437	0.00378	0.00112	0.00439	0.00386	0.00278	0.05618
1	0.01076	0.05616	0.01261	0.04215	0.18090	0.13966	0.10178	0.14844	0.14996	0.04863	0.01054	0.02609	0.04665	0.00439	0.00376	0.00114	0.00450	0.00377	0.00272	0.00538
2	0.01905	0.06495	0.20706	0.01122	0.11276	0.00823	0.16335	0.01376	0.06432	0.22188	0.01938	0.01021	0.00707	0.00382	0.00369	0.00113	0.00447	0.00346	0.00267	0.05753
3	0.00786	0.00674	0.00781	0.00566	0.00893	0.00522	0.00452	0.00997	0.04889	0.01240	0.00709	0.00809	0.00585	0.00289	0.00283	0.00059	0.00279	0.00232	0.00230	0.84725
4	0.00533	0.00362	0.00423	0.00432	0.00442	0.00361	0.00257	0.00552	0.00585	0.00783	0.03102	0.12193	0.03129	0.69414	0.05623	0.00341	0.00370	0.00607	0.00246	0.00246
5	0.00457	0.00326	0.00435	0.00522	0.00544	0.00305	0.00348	0.00522	0.00718	0.00958	0.02068	0.86570	0.02481	0.01175	0.00479	0.00152	0.00218	0.01067	0.00348	0.00305
6	0.00457	0.00326	0.00435	0.00522	0.00544	0.00305	0.00348	0.00522	0.00718	0.00958	0.02068	0.86570	0.02481	0.01175	0.00479	0.00152	0.00218	0.01067	0.00348	0.00305
7	0.05325	0.00692	0.00792	0.00582	0.00902	0.00570	0.00468	0.05001	0.04220	0.06313	0.00755	0.00831	0.00598	0.00310	0.00290	0.00068	0.00288	0.00244	0.00251	0.71500
8	0.04042	0.00810	0.01026	0.08666	0.03942	0.00834	0.03267	0.31836	0.02638	0.32184	0.03335	0.02056	0.00826	0.00451	0.00375	0.00115	0.00378	0.00367	0.00370	0.02483
9	0.03165	0.16280	0.36767	0.00934	0.04149	0.02765	0.00969	0.10490	0.18359	0.01355	0.00847	0.00897	0.00638	0.00393	0.00341	0.00112	0.00450	0.00301	0.00233	0.00555
10	0.02172	0.06033	0.79528	0.01040	0.01578	0.00900	0.01335	0.01184	0.00788	0.01181	0.00664	0.00780	0.00474	0.00355	0.00349	0.00117	0.00543	0.00272	0.00160	0.00549
11	0.00466	0.00357	0.00425	0.00466	0.00535	0.00320	0.00330	0.00555	0.00801	0.01027	0.10110	0.41900	0.33775	0.03749	0.00509	0.00147	0.00212	0.03655	0.00350	0.00313
12	0.02607	0.00675	0.00810	0.00699	0.00878	0.00701	0.03032	0.32138	0.02542	0.10390	0.04894	0.33783	0.02881	0.00768	0.01254	0.00134	0.00323	0.00645	0.00366	0.00482
13	0.03622	0.00842	0.00926	0.00753	0.01004	0.00910	0.00608	0.39268	0.21501	0.15000	0.04091	0.04235	0.04486	0.00521	0.00382	0.00119	0.00342	0.00417	0.00386	0.00586
14	0.01022	0.00544	0.00677	0.00574	0.00759	0.00514	0.00452	0.04495	0.09671	0.31625	0.29833	0.02063	0.10745	0.01829	0.00424	0.00121	0.00254	0.00529	0.03380	0.00487
15	0.00897	0.00856	0.01472	0.01127	0.01365	0.01931	0.37455	0.10334	0.06919	0.03001	0.00942	0.01275	0.02136	0.06115	0.07626	0.00185	0.12680	0.02969	0.00238	0.00476
16	0.00652	0.00326	0.00489	0.00489	0.00489	0.00326	0.00326	0.00489	0.00489	0.00652	0.00652	0.01140	0.00652	0.01303	0.01466	0.89084	0.00326	0.00326	0.00163	0.00163
17	0.01426	0.01051	0.01126	0.00863	0.01163	0.01163	0.00713	0.83224	0.01764	0.02364	0.00901	0.00901	0.00638	0.00450	0.00375	0.00113	0.00413	0.00338	0.00375	0.00638
18	0.00721	0.00680	0.01148	0.81163	0.07237	0.00837	0.01048	0.00970	0.00756	0.00974	0.00669	0.00996	0.00505	0.00373	0.00375	0.00124	0.00497	0.00333	0.00168	0.00427
19	0.77126	0.00719	0.00600	0.00521	0.00761	0.00810	0.00429	0.02400	0.00710	0.12144	0.00648	0.00698	0.00475	0.00364	0.00253	0.00116	0.00296	0.00227	0.00263	0.00439
20	0.01125	0.00652	0.00737	0.00610	0.00807	0.00677	0.00489	0.29837	0.01172	0.17738	0.01186	0.04917	0.00907	0.00594	0.04443	0.00129	0.00328	0.00385	0.32762	0.00503
21	0.00753	0.00713	0.01206	0.68859	0.19287	0.00845	0.01064	0.00998	0.00771	0.01013	0.00675	0.00986	0.00519	0.00367	0.00374	0.00122	0.00489	0.00334	0.00171	0.00453
22	0.87091	0.00723	0.00560	0.00498	0.00732	0.00834	0.00410	0.01122	0.00650	0.03929	0.00548	0.00628	0.00420	0.00351	0.00236	0.00116	0.00291	0.00208	0.00238	0.00413
23	0.00555	0.00391	0.00569	0.00568	0.00617	0.00443	0.00424	0.00632	0.00582	0.00826	0.00985	0.02484	0.00962	0.12432	0.62411	0.12465	0.01740	0.00415	0.00200	0.00300
24	0.00751	0.03145	0.80739	0.01050	0.01585	0.00865	0.01348	0.01173	0.00794	0.01181	0.00716	0.00908	0.00533	0.00379	0.00360	0.00120	0.00545	0.03095	0.00165	0.00546
25	0.00478	0.00334	0.00437	0.00514	0.00546	0.00313	0.00351	0.00557	0.00739	0.01006	0.04538	0.75269	0.03442	0.01112	0.00466	0.00148	0.00218	0.03672	0.05548	0.00310
26	0.00789	0.00749	0.01271	0.55237	0.32629	0.00855	0.01082	0.01029	0.00788	0.01057	0.00681	0.00974	0.00535	0.00360	0.00374	0.00120	0.00480	0.00334	0.00174	0.00482
27	0.00477	0.00380	0.00425	0.00417	0.00525	0.00330	0.00310	0.00598	0.00919	0.01180	0.32160	0.05557	0.52011	0.02471	0.00471	0.00129	0.00189	0.00755	0.00369	0.00328
28	0.01030	0.07565	0.01515	0.01121	0.01381	0.25948	0.33239	0.07102	0.00953	0.01130	0.00795	0.06209	0.00689	0.00610	0.07310	0.00154	0.02180	0.00391	0.00212	0.00464
29	0.00933	0.00806	0.00848	0.00764	0.00976	0.00933	0.00594	0.01994	0.83797	0.01569	0.01527	0.01400	0.01145	0.00509	0.00382	0.00127	0.00297	0.00424	0.00382	0.00594
30	0.00923	0.00896	0.01476	0.09445	0.75181	0.03179	0.01130	0.01144	0.00851	0.01194	0.00699	0.00928	0.00583	0.00339	0.00371	0.00112	0.00457	0.00332	0.00184	0.00575
31	0.01366	0.05919	0.01100	0.00944	0.01144	0.78302	0.00716	0.01497	0.03904	0.00939	0.00610	0.00698	0.00506	0.00388	0.00335	0.00097	0.00650	0.00246	0.00198	0.00443
32	0.00893	0.05091	0.03971	0.15834	0.33681	0.00939	0.28884	0.03968	0.00873	0.01195	0.00714	0.00948	0.00563	0.00339	0.00390	0.00118	0.00518	0.00363	0.00188	0.00530
33	0.85188	0.00734	0.00598	0.00581	0.04772	0.00844	0.00442	0.01105	0.00649	0.01661	0.00531	0.00625	0.00415	0.00348	0.00239	0.00116	0.00298	0.00209	0.00230	0.00415
34	0.00597	0.00410	0.00526	0.00489	0.00591	0.00381	0.00369	0.02417	0.01913	0.05151	0.70874	0.06193	0.07112	0.00770	0.00439	0.00120	0.00192	0.00677	0.00408	0.00371
35	0.00563	0.00391	0.00482	0.00462	0.00566	0.00350	0.00345	0.00706	0.00974	0.05864	0.50091	0.10488	0.25647	0.00838	0.00442	0.00123	0.00192	0.00728	0.00392	0.00355
36	0.00877	0.00852	0.01485	0.04967	0.04828	0.03591	0.39022	0.11521	0.00993	0.01311	0.02543	0.01872	0.03807	0.00540	0.00443	0.00134	0.00501	0.19980	0.00259	0.00473
37	0.00469	0.00333	0.00441	0.00522	0.00545	0.00314	0.00351	0.00534	0.00713	0.00950	0.02007	0.77735	0.02396	0.06690	0.00573	0.00167	0.00232	0.04386	0.00340	0.00301
38	0.00999	0.85527	0.03440	0.00650	0.00975	0.01474	0.00655	0.01125	0.00763	0.00888	0.00524	0.00605	0.00481	0.00322	0.00243	0.00081	0.00404	0.00202	0.00160	0.00483
39	0.89465	0.00726	0.00551	0.00493	0.00726	0.00842	0.00406	0.01103	0.00638	0.01683	0.00522	0.00609	0.00406	0.00348	0.00232	0.00116	0.00290	0.00203	0.00232	0.00406
40	0.00546	0.00364	0.00409	0.00409	0.00409	0.00364	0.00227	0.00546	0.00546	0.00727	0.01182	0.02455	0.01364	0.86815	0.01910	0.00364	0.00364	0.00546	0.00227	0.00227
41	0.01118	0.38369	0.10581	0.00807	0.01125	0.02682	0.04159	0.19418	0.04095	0.08471	0.00751	0.00806	0.00583	0.00392	0.00364	0.00103	0.05113	0.00281	0.00244	0.00538
42	0.00904	0.00929	0.08421	0.01172	0.01496	0.00796	0.45166	0.05815	0.00946	0.08424	0.10421	0.05471	0.01029	0.00436	0.00427	0.00121	0.01501	0.00461	0.00256	0.05806
43	0.00885	0.29453	0.38593	0.02393	0.01432	0.02815	0.13114	0.01176	0.00803	0.02606	0.00647	0.00773	0.00502	0.00344	0.00341	0.00106	0.01553	0.00278	0.00171	0.02015
44	0.01029	0.77486	0.04417	0.00678	0.00999	0.05386	0.00671	0.03976	0.00812	0.00945	0.00542	0.00621	0.00487	0.00330	0.00253	0.00083	0.00419	0.00210	0.00169	0.00487
45	0.00563	0.00384	0.00446	0.00449	0.00465	0.00388	0.00271	0.03317	0.00611	0.00819	0.01277	0.13142	0.01462	0.68714	0.05871	0.00340	0.00379	0.00598	0.00246	0.00256
46	0.02675	0.05684	0.06132	0.00892	0.01146	0.38968	0.06101	0.03993	0.12171	0.10816	0.00880	0.03202	0.00690	0.00420	0.00352	0.00106	0.00514	0.00319	0.00258	0.04683
47	0.07436	0.00882	0.08880	0.03745	0.10464	0.06074	0.18784	0.06542	0.00879	0.03562	0.01215	0.24547	0.04158	0.00603	0.00406	0.00127	0.00424	0.00557	0.00259	0.00456
48	0.00464	0.00342	0.00435	0.00500	0.00546	0.00313	0.00345	0.00544	0.00766	0.01005	0.07258	0.65022	0.16455	0.01109	0.00472	0.00147	0.00214	0.03401	0.00352	0.00311
49	0.00929	0.00891	0.01523	0.02303	0.84475	0.00891	0.01151	0.01151	0.00854	0.01226	0.00706	0.00929	0.00594	0.00334	0.00371	0.00111	0.00446	0.00334	0.00186	0.00594
50	0.07969	0.01366	0.01308	0.01062	0.01310	0.42662	0.20724	0.11403	0.03574	0.01242	0.00684	0.00807	0.00538	0.00387	0.00391	0.00111	0.03453	0.00308	0.00222	0.00479
51	0.04675	0.26848	0.42827	0.00849	0.01261	0.01019	0.00979	0.01227	0.07385	0.04049	0.05008	0.00896	0.00700	0.00382	0.00324	0.00108	0.00450	0.00287	0.00204	0.00522
52	0.00494	0.00350	0.00429	0.00477	0.00505	0.00333	0.00313	0.00545	0.00680	0.00892	0.01932	0.45121	0.10303	0.30706	0.00971	0.00224	0.00272	0.04866	0.00306	0.00281
53	0.00947	0.00908	0.01550	0.06241	0.13785	0.00967	0.31932	0.12338	0.08585	0.02328	0.00844	0.03545	0.00681	0.00436	0.00530	0.00129	0.13094	0.00405	0.00235	0.00521

[dist]
# distance from previous block
# <min> <max>
3	5

[block]
# block no. 2 follows, 73 sequences, length 61
# corresponding to MSA columns:
# 316-376
name=unknown_C
#
# <colnr> <probs for GDERKNQSTAVLIFYWHMCP>
#	G	D	E	R	K	N	Q	S	T	A	V	L	I	F	Y	W	H	M	C	P
0	0.00589	0.00409	0.00497	0.00482	0.00591	0.00372	0.00364	0.00754	0.03677	0.06804	0.38486	0.12831	0.27622	0.00853	0.00444	0.00127	0.00206	0.04143	0.00385	0.00363
1	0.01074	0.01074	0.01540	0.01173	0.01469	0.15549	0.39015	0.11800	0.12145	0.05656	0.04969	0.01093	0.00804	0.00401	0.00405	0.00119	0.00529	0.00400	0.00265	0.00522
2	0.00475	0.00346	0.00449	0.00506	0.00552	0.00320	0.00353	0.00569	0.00802	0.01074	0.18129	0.60275	0.09747	0.01072	0.00470	0.00144	0.00212	0.03826	0.00361	0.00317
3	0.00788	0.13842	0.73276	0.01010	0.01531	0.00957	0.01282	0.01179	0.00788	0.01145	0.00652	0.00765	0.00476	0.00351	0.00340	0.00113	0.00533	0.00267	0.00159	0.00544
4	0.00938	0.00814	0.01152	0.00941	0.01071	0.00986	0.09884	0.11679	0.07156	0.06473	0.06281	0.02029	0.02462	0.00580	0.00822	0.00142	0.43845	0.00391	0.00253	0.02102
5	0.00798	0.00777	0.02654	0.38510	0.41920	0.00828	0.01050	0.01027	0.00808	0.01095	0.00894	0.01136	0.06111	0.00393	0.00378	0.00118	0.00454	0.00363	0.00188	0.00498
6	0.00911	0.07798	0.70881	0.01085	0.01608	0.00960	0.01303	0.01260	0.00879	0.01300	0.00801	0.00968	0.00614	0.00439	0.00402	0.00136	0.00565	0.00314	0.00212	0.07564
7	0.00821	0.00821	0.01149	0.00985	0.00985	0.01149	0.00821	0.00903	0.00575	0.00903	0.00492	0.00821	0.00492	0.00657	0.01231	0.00164	0.86128	0.00328	0.00164	0.00410
8	0.01440	0.01029	0.01112	0.00853	0.01152	0.01131	0.00704	0.78846	0.01727	0.06795	0.00932	0.00921	0.00654	0.00451	0.00375	0.00113	0.00408	0.00340	0.00380	0.00638
9	0.00479	0.00345	0.00457	0.00524	0.00564	0.00322	0.00367	0.00570	0.00784	0.01051	0.13907	0.65242	0.05304	0.01098	0.00476	0.00148	0.00221	0.07469	0.00357	0.00315
10	0.00727	0.00686	0.01159	0.78720	0.09629	0.00839	0.01051	0.00975	0.00759	0.00982	0.00670	0.00994	0.00508	0.00372	0.00375	0.00124	0.00495	0.00333	0.00168	0.00432
11	0.89465	0.00726	0.00551	0.00493	0.00726	0.00842	0.00406	0.01103	0.00638	0.01683	0.00522	0.00609	0.00406	0.00348	0.00232	0.00116	0.00290	0.00203	0.00232	0.00406
12	0.00652	0.00326	0.00489	0.00489	0.00489	0.00326	0.00326	0.00489	0.00489	0.00652	0.00652	0.01140	0.00652	0.01303	0.01466	0.89084	0.00326	0.00326	0.00163	0.00163
13	0.01401	0.01788	0.01063	0.00967	0.01160	0.85309	0.00725	0.01498	0.01063	0.00918	0.00580	0.00677	0.00483	0.00387	0.00338	0.00097	0.00677	0.00242	0.00193	0.00435
14	0.00652	0.00326	0.00489	0.00489	0.00489	0.00326	0.00326	0.00489	0.00489	0.00652	0.00652	0.01140	0.00652	0.01303	0.01466	0.89084	0.00326	0.00326	0.00163	0.00163
15	0.89465	0.00726	0.00551	0.00493	0.00726	0.00842	0.00406	0.01103	0.00638	0.01683	0.00522	0.00609	0.00406	0.00348	0.00232	0.00116	0.00290	0.00203	0.00232	0.00406
16	0.00979	0.03300	0.01453	0.03981	0.63431	0.03915	0.03490	0.05662	0.06525	0.02496	0.00774	0.00950	0.00629	0.00356	0.00370	0.00112	0.00446	0.00337	0.00213	0.00582
17	0.00985	0.00700	0.00771	0.00686	0.00880	0.01738	0.00532	0.04057	0.48100	0.15560	0.01667	0.06788	0.06941	0.06312	0.00495	0.00143	0.00302	0.02432	0.00378	0.00534
18	0.01002	0.64788	0.04677	0.00828	0.01158	0.06945	0.13890	0.01163	0.00803	0.00946	0.00569	0.00679	0.00495	0.00326	0.00283	0.00090	0.00462	0.00245	0.00167	0.00485
19	0.00493	0.00351	0.00449	0.00514	0.00547	0.00334	0.00355	0.00562	0.00714	0.00939	0.02001	0.53712	0.07657	0.17669	0.00758	0.00194	0.00261	0.11868	0.00325	0.00296
20	0.05188	0.00894	0.15705	0.00743	0.01068	0.00669	0.00698	0.01705	0.11428	0.55924	0.01302	0.01178	0.00853	0.00446	0.00368	0.00118	0.00357	0.00358	0.00390	0.00608
21	0.00717	0.00675	0.01140	0.82851	0.05584	0.00836	0.01046	0.00966	0.00754	0.00968	0.00668	0.00998	0.00504	0.00374	0.00375	0.00125	0.00498	0.00333	0.00167	0.00423
22	0.03404	0.01619	0.01047	0.00932	0.01136	0.69696	0.00709	0.08529	0.02424	0.04444	0.00656	0.00733	0.00524	0.00402	0.00359	0.00101	0.02340	0.00259	0.00223	0.00462
23	0.00760	0.04455	0.82421	0.01057	0.01604	0.00889	0.01364	0.01186	0.00791	0.01179	0.00669	0.00786	0.00475	0.00355	0.00353	0.00118	0.00550	0.00275	0.00158	0.00552
24	0.00506	0.00361	0.00491	0.00574	0.00618	0.00346	0.00430	0.00608	0.00774	0.01025	0.04313	0.58168	0.02409	0.01120	0.00490	0.00158	0.00257	0.26683	0.00349	0.00319
25	0.00550	0.00432	0.00551	0.00582	0.06135	0.00402	0.00399	0.00742	0.04198	0.01357	0.54061	0.03945	0.23678	0.00780	0.00436	0.00121	0.00203	0.00680	0.00379	0.00369
26	0.00546	0.00365	0.00414	0.00418	0.00420	0.00365	0.00238	0.00551	0.00556	0.00740	0.01214	0.03699	0.01399	0.83541	0.01856	0.00356	0.00361	0.02499	0.00232	0.00231
27	0.01334	0.01260	0.03983	0.01000	0.01279	0.29945	0.14818	0.24689	0.01217	0.14294	0.00842	0.00896	0.00610	0.00408	0.00386	0.00111	0.01776	0.00327	0.00285	0.00540
28	0.00510	0.00374	0.00487	0.00485	0.00561	0.00350	0.00356	0.00655	0.00943	0.01310	0.55446	0.19025	0.09589	0.01019	0.07016	0.00163	0.00250	0.00741	0.00379	0.00340
29	0.04313	0.01518	0.01065	0.00928	0.01141	0.61569	0.02973	0.08156	0.01087	0.10003	0.00702	0.00771	0.00543	0.00406	0.00374	0.00104	0.03366	0.00271	0.00237	0.00473
30	0.43470	0.01256	0.00821	0.00737	0.00953	0.42176	0.00572	0.04012	0.00883	0.01332	0.00563	0.00652	0.00452	0.00370	0.00289	0.00106	0.00483	0.00226	0.00218	0.00428
31	0.00849	0.00810	0.01362	0.20022	0.61419	0.00841	0.01071	0.01070	0.00832	0.01155	0.00903	0.01122	0.06134	0.00384	0.00377	0.00115	0.00440	0.00364	0.00192	0.00538
32	0.00778	0.00667	0.00778	0.00556	0.00889	0.00500	0.00445	0.00945	0.00778	0.01223	0.00667	0.00778	0.00556	0.00278	0.00278	0.00056	0.00278	0.00222	0.00222	0.89108
33	0.01344	0.07784	0.00997	0.00728	0.00996	0.01756	0.00599	0.17881	0.23379	0.36317	0.03388	0.01213	0.00954	0.00469	0.00368	0.00115	0.00339	0.00374	0.00396	0.00604
34	0.00549	0.00364	0.00420	0.00420	0.00423	0.00366	0.00241	0.00548	0.00546	0.00730	0.01154	0.02364	0.01319	0.80062	0.05179	0.03945	0.00387	0.00531	0.00224	0.00229
35	0.00752	0.01941	0.84871	0.01069	0.01624	0.00871	0.01386	0.01188	0.00792	0.01188	0.00673	0.00792	0.00475	0.00356	0.00356	0.00119	0.00554	0.00277	0.00158	0.00554
36	0.00451	0.00377	0.00393	0.00396	0.00513	0.00319	0.00294	0.00552	0.00864	0.01051	0.10372	0.08340	0.72895	0.00948	0.00445	0.00127	0.00191	0.00798	0.00354	0.00319
37	0.00813	0.00675	0.00788	0.00567	0.00897	0.00520	0.00454	0.02545	0.01893	0.03153	0.00701	0.00800	0.00574	0.00288	0.00283	0.00059	0.00282	0.00231	0.00233	0.84244
38	0.00536	0.00401	0.00597	0.00597	0.00661	0.00466	0.00461	0.00666	0.00601	0.00866	0.01011	0.01506	0.00952	0.05553	0.82607	0.00595	0.00984	0.00407	0.00202	0.00331
39	0.01374	0.06028	0.03052	0.00928	0.08380	0.05075	0.00713	0.41685	0.03104	0.22494	0.01022	0.02773	0.00735	0.00447	0.00368	0.00112	0.00401	0.00350	0.00354	0.00605
40	0.00873	0.11844	0.23985	0.15791	0.01489	0.04306	0.06576	0.03741	0.00801	0.04590	0.01696	0.01003	0.00618	0.02507	0.00556	0.00130	0.16255	0.02570	0.00194	0.00477
41	0.00458	0.00381	0.00400	0.00395	0.00516	0.00323	0.00296	0.00566	0.00889	0.01094	0.16927	0.03479	0.71146	0.00920	0.00443	0.00125	0.00188	0.00773	0.00359	0.00323
42	0.04619	0.01222	0.01011	0.00850	0.01088	0.30909	0.00669	0.36376	0.07730	0.05896	0.00912	0.05381	0.00726	0.00467	0.00363	0.00110	0.00478	0.00346	0.00309	0.00536
43	0.01401	0.01788	0.01063	0.00967	0.01160	0.85309	0.00725	0.01498	0.01063	0.00918	0.00580	0.00677	0.00483	0.00387	0.00338	0.00097	0.00677	0.00242	0.00193	0.00435
44	0.01184	0.00912	0.00978	0.00805	0.01056	0.01023	0.00646	0.44647	0.35974	0.03244	0.01219	0.04631	0.00930	0.00505	0.00382	0.00120	0.00355	0.00404	0.00378	0.00606
45	0.01401	0.01788	0.01063	0.00967	0.01160	0.85309	0.00725	0.01498	0.01063	0.00918	0.00580	0.00677	0.00483	0.00387	0.00338	0.00097	0.00677	0.00242	0.00193	0.00435
46	0.00460	0.00328	0.00438	0.00521	0.00545	0.00306	0.00348	0.00529	0.00730	0.00976	0.04787	0.83799	0.02516	0.01162	0.00478	0.00151	0.00216	0.01054	0.00350	0.00306
47	0.00949	0.00744	0.00810	0.00714	0.00918	0.00830	0.00558	0.08031	0.58525	0.06851	0.12572	0.01612	0.04124	0.00550	0.00391	0.00124	0.00288	0.00460	0.00390	0.00559
48	0.50316	0.00837	0.00764	0.02175	0.00914	0.04999	0.00525	0.19531	0.01866	0.13773	0.00761	0.00790	0.00547	0.00392	0.00294	0.00115	0.00344	0.00265	0.00296	0.00495
49	0.00911	0.00874	0.01491	0.08964	0.77951	0.00887	0.01143	0.01136	0.00846	0.01204	0.00703	0.00934	0.00587	0.00338	0.00372	0.00113	0.00450	0.00334	0.00184	0.00580
50	0.01297	0.01492	0.01045	0.00926	0.01122	0.57350	0.00711	0.11240	0.13123	0.01184	0.00750	0.00818	0.00598	0.00430	0.00410	0.00108	0.06390	0.00285	0.00240	0.00480
51	0.00752	0.01941	0.84871	0.01069	0.01624	0.00871	0.01386	0.01188	0.00792	0.01188	0.00673	0.00792	0.00475	0.00356	0.00356	0.00119	0.00554	0.00277	0.00158	0.00554
52	0.00519	0.00383	0.00485	0.00459	0.00553	0.00349	0.00344	0.00684	0.01033	0.01436	0.73057	0.02915	0.14802	0.00793	0.00443	0.00119	0.00179	0.00694	0.00404	0.00349
53	0.06766	0.00704	0.00887	0.00686	0.00973	0.00660	0.00566	0.13099	0.02644	0.66926	0.01344	0.01188	0.00862	0.00456	0.00369	0.00116	0.00330	0.00362	0.00437	0.00624
54	0.00488	0.00377	0.00446	0.00447	0.00544	0.00336	0.00334	0.00617	0.00926	0.01216	0.37069	0.12763	0.38012	0.00903	0.00450	0.00128	0.00194	0.04043	0.00375	0.00332
55	0.00768	0.07309	0.79641	0.01042	0.01582	0.00910	0.01339	0.01184	0.00790	0.01169	0.00664	0.00780	0.00476	0.00354	0.00349	0.00116	0.00545	0.00272	0.00159	0.00550
56	0.00531	0.00365	0.00444	0.00477	0.00497	0.00359	0.00313	0.00574	0.00639	0.00846	0.01562	0.22641	0.03372	0.52227	0.01337	0.00281	0.00323	0.12672	0.00276	0.00265
57	0.02950	0.24638	0.01380	0.01007	0.09407	0.40384	0.03250	0.08971	0.02748	0.01111	0.00631	0.00726	0.00523	0.00369	0.00321	0.00097	0.00538	0.00258	0.00205	0.00487
58	0.00631	0.00516	0.00580	0.00582	0.00681	0.06038	0.02097	0.00799	0.07134	0.03787	0.05886	0.47272	0.11577	0.02610	0.00470	0.00140	0.00271	0.03209	0.00335	0.05387
59	0.04788	0.17038	0.06530	0.01020	0.04610	0.13014	0.22225	0.04233	0.06582	0.03927	0.00991	0.02542	0.05561	0.00429	0.00364	0.00112	0.00478	0.03021	0.00231	0.02303
60	0.03713	0.21985	0.03649	0.04227	0.09568	0.19818	0.06252	0.05287	0.09479	0.04058	0.00738	0.00837	0.00592	0.00388	0.00377	0.00105	0.05025	0.00290	0.00221	0.03393

[dist]
# distance from previous block
# <min> <max>
1	9

[block]
# block no. 3 follows, 73 sequences, length 23
# corresponding to MSA columns:
# 386-408
name=unknown_D
#
# <colnr> <probs for GDERKNQSTAVLIFYWHMCP>
#	G	D	E	R	K	N	Q	S	T	A	V	L	I	F	Y	W	H	M	C	P
0	0.03495	0.00742	0.01043	0.12565	0.21595	0.00711	0.02840	0.01149	0.10077	0.03985	0.00805	0.00957	0.00644	0.01633	0.00356	0.00097	0.00363	0.00302	0.00231	0.36410
1	0.04142	0.03499	0.00848	0.00664	0.00909	0.02609	0.00541	0.01627	0.11097	0.55305	0.04831	0.05324	0.01129	0.00583	0.02582	0.00132	0.00335	0.02857	0.00413	0.00572
2	0.83886	0.00712	0.00563	0.03035	0.00774	0.00824	0.00421	0.01080	0.00649	0.01640	0.00635	0.00720	0.03175	0.00369	0.00243	0.00117	0.00293	0.00226	0.00234	0.00404
3	0.01003	0.87041	0.01966	0.00642	0.00963	0.01485	0.00642	0.01123	0.00762	0.00883	0.00522	0.00602	0.00481	0.00321	0.00241	0.00080	0.00401	0.00201	0.00160	0.00481
4	0.00752	0.01941	0.84871	0.01069	0.01624	0.00871	0.01386	0.01188	0.00792	0.01188	0.00673	0.00792	0.00475	0.00356	0.00356	0.00119	0.00554	0.00277	0.00158	0.00554
5	0.00475	0.00349	0.00448	0.00513	0.00561	0.00322	0.00363	0.00563	0.00780	0.01026	0.09070	0.60111	0.14507	0.01096	0.00474	0.00148	0.00222	0.08307	0.00353	0.00314
6	0.00531	0.00383	0.00501	0.00472	0.00560	0.00354	0.00354	0.00708	0.01062	0.01504	0.84277	0.02802	0.03540	0.00767	0.00442	0.00118	0.00177	0.00678	0.00413	0.00354
7	0.00761	0.04744	0.82140	0.01055	0.01602	0.00892	0.01362	0.01186	0.00791	0.01178	0.00668	0.00786	0.00475	0.00355	0.00353	0.00118	0.00549	0.00275	0.00158	0.00552
8	0.00626	0.00429	0.00589	0.00646	0.00741	0.00419	0.00553	0.00793	0.00894	0.04275	0.12596	0.05389	0.05686	0.00980	0.00499	0.00161	0.00314	0.63696	0.00359	0.00356
9	0.00739	0.00703	0.01204	0.73923	0.11725	0.00844	0.03621	0.00988	0.00766	0.00996	0.00674	0.00993	0.00513	0.00369	0.00377	0.00124	0.00498	0.00337	0.00170	0.00439
10	0.00532	0.00358	0.00413	0.00426	0.00429	0.00355	0.00245	0.00542	0.00571	0.00762	0.01313	0.14901	0.01529	0.74143	0.01698	0.00332	0.00342	0.00623	0.00245	0.00239
11	0.00557	0.00429	0.00630	0.00618	0.00676	0.00511	0.00479	0.00679	0.00597	0.00864	0.00979	0.01487	0.00932	0.07765	0.74302	0.00557	0.06996	0.00405	0.00200	0.00334
12	0.00492	0.00377	0.00451	0.00443	0.00539	0.00336	0.00328	0.00629	0.00955	0.01275	0.47346	0.10982	0.32742	0.00872	0.00446	0.00124	0.00186	0.00756	0.00383	0.00336
13	0.00778	0.00667	0.00778	0.00556	0.00889	0.00500	0.00445	0.00945	0.00778	0.01223	0.00667	0.00778	0.00556	0.00278	0.00278	0.00056	0.00278	0.00222	0.00222	0.89108
14	0.81363	0.06156	0.00657	0.00513	0.00753	0.00891	0.00430	0.03479	0.00679	0.01653	0.00533	0.00617	0.00418	0.00350	0.00237	0.00114	0.00301	0.00207	0.00232	0.00418
15	0.00943	0.00853	0.00865	0.00762	0.00956	0.11669	0.03848	0.04746	0.46084	0.03887	0.11849	0.01568	0.03937	0.02009	0.03244	0.00141	0.00371	0.01404	0.00346	0.00516
16	0.00554	0.00435	0.00507	0.00488	0.00601	0.00417	0.00368	0.00815	0.11761	0.01328	0.43156	0.07070	0.28155	0.00815	0.00438	0.00124	0.00201	0.02012	0.00385	0.00371
17	0.00834	0.06844	0.31674	0.00894	0.03670	0.00801	0.06804	0.07058	0.08025	0.04269	0.06876	0.01322	0.09952	0.00460	0.00368	0.00112	0.00414	0.00385	0.00252	0.08988
18	0.02075	0.07946	0.18729	0.01148	0.17002	0.16967	0.05049	0.03644	0.04372	0.02789	0.05541	0.04924	0.00836	0.00541	0.04432	0.00134	0.00504	0.00356	0.00222	0.02789
19	0.08166	0.18237	0.46374	0.00922	0.01345	0.09243	0.03496	0.02440	0.00824	0.03316	0.00672	0.02163	0.00522	0.00368	0.00327	0.00110	0.00504	0.00274	0.00184	0.00514
20	0.06803	0.23266	0.29778	0.00906	0.03223	0.04504	0.05601	0.04089	0.12710	0.02771	0.02503	0.00884	0.00654	0.00381	0.00330	0.00109	0.00451	0.00295	0.00218	0.00525
21	0.05471	0.25861	0.23560	0.04361	0.07222	0.04197	0.01937	0.05025	0.09927	0.02387	0.02917	0.00901	0.00669	0.00470	0.03486	0.00125	0.00461	0.00294	0.00214	0.00514
22	0.03299	0.24508	0.21537	0.00892	0.04412	0.06687	0.04892	0.04944	0.07804	0.01186	0.04217	0.01015	0.02686	0.00415	0.00368	0.00107	0.03907	0.01887	0.00217	0.05019

[dist]
# distance from previous block
# <min> <max>
1	51

[block]
# block no. 4 follows, 73 sequences, length 25
# corresponding to MSA columns:
# 460-484
name=unknown_E
#
# <colnr> <probs for GDERKNQSTAVLIFYWHMCP>
#	G	D	E	R	K	N	Q	S	T	A	V	L	I	F	Y	W	H	M	C	P
0	0.00915	0.09629	0.32266	0.02081	0.13051	0.06274	0.03122	0.06210	0.04902	0.05212	0.06599	0.01108	0.03132	0.00420	0.00360	0.00112	0.00456	0.01249	0.00231	0.02672
1	0.04202	0.11547	0.22239	0.00906	0.05759	0.04862	0.03209	0.06338	0.11663	0.11188	0.03675	0.01257	0.00872	0.00455	0.00360	0.00115	0.00419	0.06949	0.00270	0.03714
2	0.02864	0.08961	0.22326	0.00886	0.05452	0.03376	0.05446	0.04801	0.08354	0.10854	0.10237	0.01241	0.03141	0.00443	0.00360	0.00109	0.00400	0.01420	0.00271	0.09056
3	0.02787	0.03025	0.14497	0.05239	0.18694	0.00743	0.03778	0.05383	0.08568	0.07673	0.14729	0.03822	0.05938	0.01514	0.00402	0.00120	0.00374	0.00438	0.00282	0.01993
4	0.02116	0.05395	0.53345	0.01068	0.06647	0.04610	0.03785	0.06669	0.04360	0.02218	0.04684	0.00967	0.00695	0.00395	0.00361	0.00116	0.00502	0.01321	0.00205	0.00541
5	0.02077	0.04071	0.51979	0.02173	0.02625	0.00814	0.06023	0.01217	0.06318	0.06756	0.05886	0.04259	0.00820	0.00424	0.00368	0.00118	0.00472	0.00355	0.00221	0.03024
6	0.00874	0.00847	0.03278	0.04137	0.50000	0.00822	0.11951	0.01167	0.07262	0.03054	0.04312	0.01322	0.05950	0.00426	0.00393	0.00118	0.00431	0.02881	0.00230	0.00543
7	0.01235	0.01000	0.01055	0.00845	0.01113	0.05573	0.02464	0.49391	0.23529	0.01959	0.01027	0.01016	0.00756	0.00456	0.00391	0.00114	0.02326	0.00352	0.00351	0.05047
8	0.01147	0.00636	0.00862	0.00866	0.11614	0.03183	0.02446	0.02345	0.03221	0.38781	0.05639	0.14204	0.06537	0.00632	0.00409	0.00125	0.00326	0.06132	0.00375	0.00519
9	0.01666	0.00666	0.00888	0.00680	0.00971	0.00592	0.00562	0.07221	0.01120	0.79277	0.01442	0.01252	0.00909	0.00463	0.00377	0.00116	0.00325	0.00375	0.00458	0.00638
10	0.02883	0.01374	0.35148	0.01136	0.01550	0.03073	0.25427	0.15135	0.03378	0.04115	0.02663	0.00947	0.00632	0.00378	0.00385	0.00120	0.00528	0.00351	0.00229	0.00547
11	0.00970	0.00574	0.00737	0.00635	0.00807	0.01736	0.03066	0.08929	0.05833	0.24597	0.25717	0.15554	0.03527	0.00789	0.04621	0.00147	0.00315	0.00585	0.00390	0.00470
12	0.00546	0.00364	0.00409	0.00409	0.00409	0.00364	0.00227	0.00546	0.00546	0.00727	0.01182	0.02455	0.01364	0.86815	0.01910	0.00364	0.00364	0.00546	0.00227	0.00227
13	0.00576	0.00441	0.00638	0.00621	0.00690	0.00517	0.00484	0.03005	0.00655	0.00943	0.05028	0.01506	0.01040	0.04106	0.72773	0.00538	0.05465	0.00412	0.00215	0.00346
14	0.02568	0.16392	0.69083	0.00985	0.01493	0.00975	0.01240	0.01175	0.00784	0.01146	0.00644	0.00756	0.00475	0.00350	0.00334	0.00112	0.00523	0.00263	0.00160	0.00539
15	0.00855	0.01429	0.39317	0.01260	0.01702	0.02088	0.36512	0.04204	0.06569	0.01259	0.00776	0.00931	0.00568	0.00353	0.00396	0.00122	0.00567	0.00360	0.00196	0.00538
16	0.00459	0.00331	0.00435	0.00514	0.00543	0.00307	0.00345	0.00529	0.00736	0.00978	0.04805	0.79732	0.06597	0.01151	0.00476	0.00150	0.00215	0.01040	0.00350	0.00307
17	0.00888	0.00850	0.01450	0.17690	0.69404	0.00881	0.01131	0.01116	0.00835	0.01177	0.00699	0.00942	0.00577	0.00342	0.00372	0.00114	0.00456	0.00334	0.00182	0.00562
18	0.00965	0.30400	0.41148	0.00878	0.01302	0.02128	0.02187	0.04912	0.03173	0.08567	0.00728	0.00795	0.00545	0.00362	0.00322	0.00105	0.00471	0.00269	0.00203	0.00540
19	0.00933	0.00921	0.01450	0.11663	0.70152	0.06028	0.01113	0.01151	0.00855	0.01177	0.00694	0.00921	0.00577	0.00342	0.00370	0.00112	0.00466	0.00329	0.00184	0.00565
20	0.01683	0.00638	0.00871	0.00668	0.00958	0.00551	0.00551	0.01828	0.01074	0.84734	0.01480	0.01277	0.00929	0.00464	0.00377	0.00116	0.00319	0.00377	0.00464	0.00638
21	0.01037	0.73302	0.06648	0.00689	0.01017	0.04458	0.00689	0.04840	0.00827	0.02794	0.00570	0.00644	0.00498	0.00334	0.00260	0.00085	0.00419	0.00217	0.00178	0.00494
22	0.00456	0.00379	0.00391	0.00389	0.00504	0.00322	0.00286	0.00551	0.00849	0.01030	0.09358	0.03477	0.73073	0.06626	0.00540	0.00142	0.00201	0.00767	0.00345	0.00313
23	0.76618	0.06458	0.00677	0.00528	0.00767	0.00898	0.00440	0.03647	0.04726	0.01645	0.00583	0.00656	0.00454	0.00357	0.00244	0.00114	0.00302	0.00218	0.00239	0.00427
24	0.00869	0.06124	0.31643	0.01216	0.01630	0.00913	0.37240	0.01253	0.06346	0.04699	0.00866	0.01055	0.01773	0.00375	0.00395	0.00122	0.00544	0.02205	0.00207	0.00527

[dist]
# distance from previous block
# <min> <max>
0	1

[block]
# block no. 5 follows, 73 sequences, length 101
# corresponding to MSA columns:
# 486-586
name=unknown_F
#
# <colnr> <probs for GDERKNQSTAVLIFYWHMCP>
#	G	D	E	R	K	N	Q	S	T	A	V	L	I	F	Y	W	H	M	C	P
0	0.01476	0.00831	0.00950	0.00748	0.01023	0.04245	0.00610	0.29481	0.08656	0.42887	0.04250	0.01191	0.00925	0.00471	0.00378	0.00115	0.00359	0.00373	0.00414	0.00616
1	0.81642	0.00744	0.00591	0.00522	0.00757	0.00861	0.00429	0.05066	0.04086	0.01711	0.00581	0.00656	0.00448	0.00360	0.00245	0.00116	0.00296	0.00219	0.00245	0.00425
2	0.00905	0.35868	0.39039	0.00917	0.02888	0.01130	0.04350	0.04101	0.04486	0.02134	0.00672	0.00764	0.00525	0.00352	0.00316	0.00104	0.00475	0.00264	0.00182	0.00530
3	0.01431	0.00681	0.03789	0.00662	0.00932	0.00585	0.00559	0.07982	0.02842	0.60759	0.07971	0.01530	0.07493	0.00521	0.00387	0.00117	0.00314	0.00427	0.00432	0.00588
4	0.00453	0.00379	0.00396	0.00399	0.00518	0.00321	0.00299	0.00555	0.00864	0.01049	0.09550	0.07493	0.73003	0.00949	0.00446	0.00128	0.00193	0.02332	0.00353	0.00319
5	0.00726	0.00428	0.00558	0.00500	0.00626	0.00386	0.00384	0.00892	0.01050	0.16014	0.64210	0.02592	0.08703	0.00727	0.00431	0.00118	0.00203	0.00634	0.00417	0.00401
6	0.01424	0.01031	0.01111	0.00854	0.01152	0.01137	0.00705	0.78483	0.03625	0.05254	0.00936	0.00926	0.00660	0.00452	0.00376	0.00113	0.00407	0.00341	0.00379	0.00637
7	0.00540	0.00361	0.00411	0.00417	0.00418	0.00360	0.00235	0.00544	0.00557	0.00742	0.01240	0.07927	0.01437	0.81244	0.01816	0.00350	0.00354	0.00579	0.00235	0.00232
8	0.03686	0.03987	0.12234	0.01023	0.01365	0.03253	0.20921	0.32212	0.05162	0.06959	0.00858	0.00932	0.00622	0.00395	0.00385	0.00115	0.01299	0.00347	0.00284	0.03961
9	0.00933	0.63092	0.25297	0.00762	0.01149	0.01312	0.00851	0.01142	0.00771	0.00969	0.00564	0.00655	0.00480	0.00331	0.00273	0.00091	0.00444	0.00222	0.00160	0.00502
10	0.00530	0.00393	0.00463	0.00445	0.00555	0.00351	0.00334	0.00681	0.02197	0.03609	0.43910	0.06008	0.37464	0.00846	0.00441	0.00123	0.00190	0.00728	0.00384	0.00348
11	0.00495	0.00345	0.00437	0.00490	0.00507	0.00335	0.00316	0.00542	0.00655	0.00876	0.01707	0.51475	0.02013	0.31388	0.04728	0.00247	0.00307	0.02557	0.00299	0.00280
12	0.00539	0.00361	0.00411	0.00418	0.00419	0.00359	0.00236	0.00544	0.00559	0.00745	0.01248	0.08756	0.01448	0.80400	0.01802	0.00348	0.00353	0.00585	0.00236	0.00233
13	0.00669	0.00458	0.00565	0.00579	0.00671	0.00461	0.00417	0.00958	0.17908	0.08384	0.10417	0.52968	0.02181	0.00934	0.00446	0.00140	0.00239	0.00834	0.00372	0.00398
14	0.00900	0.00777	0.00817	0.00738	0.00944	0.00892	0.00573	0.01896	0.78230	0.01532	0.01680	0.01548	0.06728	0.00539	0.00386	0.00127	0.00290	0.00449	0.00380	0.00575
15	0.00778	0.00667	0.00778	0.00556	0.00889	0.00500	0.00445	0.00945	0.00778	0.01223	0.00667	0.00778	0.00556	0.00278	0.00278	0.00056	0.00278	0.00222	0.00222	0.89108
16	0.00709	0.00667	0.01125	0.85913	0.02584	0.00834	0.01042	0.00959	0.00750	0.00959	0.00667	0.01000	0.00500	0.00375	0.00375	0.00125	0.00500	0.00333	0.00167	0.00417
17	0.89465	0.00726	0.00551	0.00493	0.00726	0.00842	0.00406	0.01103	0.00638	0.01683	0.00522	0.00609	0.00406	0.00348	0.00232	0.00116	0.00290	0.00203	0.00232	0.00406
18	0.00709	0.00667	0.01125	0.85913	0.02584	0.00834	0.01042	0.00959	0.00750	0.00959	0.00667	0.01000	0.00500	0.00375	0.00375	0.00125	0.00500	0.00333	0.00167	0.00417
19	0.00538	0.00396	0.00571	0.00571	0.00627	0.00452	0.00430	0.00650	0.00594	0.00848	0.01034	0.01634	0.01007	0.16520	0.71717	0.00564	0.00900	0.00425	0.00205	0.00317
20	0.00991	0.82971	0.05931	0.00662	0.00995	0.01455	0.00678	0.01127	0.00764	0.00897	0.00529	0.00611	0.00481	0.00323	0.00246	0.00082	0.00409	0.00204	0.00160	0.00485
21	0.00461	0.00384	0.00405	0.00407	0.00528	0.00327	0.00311	0.00568	0.00874	0.01063	0.10660	0.03579	0.72190	0.00940	0.00448	0.00129	0.00199	0.05852	0.00354	0.00322
22	0.01000	0.75978	0.07509	0.00679	0.01012	0.01412	0.00692	0.05048	0.00816	0.00983	0.01708	0.00659	0.00531	0.00336	0.00258	0.00085	0.00409	0.00219	0.00174	0.00492
23	0.00547	0.00410	0.00522	0.00576	0.00672	0.00389	0.00482	0.00688	0.00853	0.01082	0.04260	0.05651	0.28345	0.03336	0.00530	0.00162	0.00290	0.50527	0.00345	0.00332
24	0.00536	0.00400	0.00595	0.00595	0.00659	0.00465	0.00459	0.00665	0.00601	0.00865	0.01012	0.01514	0.00955	0.06242	0.81924	0.00593	0.00979	0.00408	0.00202	0.00331
25	0.00993	0.05944	0.11711	0.03531	0.29549	0.00767	0.00854	0.02757	0.00870	0.14444	0.00806	0.00908	0.00614	0.00345	0.00338	0.00097	0.00392	0.00296	0.00238	0.24547
26	0.05726	0.18481	0.01181	0.00821	0.01056	0.33972	0.00664	0.11760	0.18889	0.01272	0.00808	0.00845	0.00641	0.00411	0.00343	0.00104	0.01989	0.00284	0.00252	0.00502
27	0.01241	0.00922	0.00965	0.00771	0.01004	0.04995	0.00613	0.57099	0.03084	0.05304	0.00973	0.01199	0.00787	0.15004	0.04168	0.00175	0.00436	0.00374	0.00338	0.00546
28	0.00474	0.00358	0.00428	0.00476	0.00538	0.00326	0.00337	0.00553	0.00762	0.00970	0.02585	0.41978	0.31150	0.09393	0.00609	0.00166	0.00233	0.08023	0.00336	0.00305
29	0.00709	0.00667	0.01125	0.85913	0.02584	0.00834	0.01042	0.00959	0.00750	0.00959	0.00667	0.01000	0.00500	0.00375	0.00375	0.00125	0.00500	0.00333	0.00167	0.00417
30	0.00460	0.00328	0.00438	0.00525	0.00548	0.00307	0.00353	0.00527	0.00721	0.00961	0.02066	0.85073	0.02476	0.01173	0.00480	0.00153	0.00220	0.02537	0.00348	0.00305
31	0.00725	0.00676	0.01125	0.83958	0.02551	0.00841	0.01034	0.02850	0.00773	0.00991	0.00672	0.00998	0.00503	0.00377	0.00375	0.00125	0.00498	0.00334	0.00172	0.00422
32	0.89465	0.00726	0.00551	0.00493	0.00726	0.00842	0.00406	0.01103	0.00638	0.01683	0.00522	0.00609	0.00406	0.00348	0.00232	0.00116	0.00290	0.00203	0.00232	0.00406
33	0.00923	0.00894	0.01550	0.03424	0.79396	0.00893	0.05070	0.01151	0.00854	0.01221	0.00708	0.00934	0.00592	0.00334	0.00375	0.00112	0.00455	0.00339	0.00186	0.00588
34	0.00974	0.00826	0.00871	0.00772	0.00991	0.00952	0.00604	0.08746	0.76978	0.01636	0.01475	0.01358	0.01103	0.00504	0.00381	0.00126	0.00307	0.00417	0.00381	0.00598
35	0.00536	0.00402	0.00603	0.00603	0.00670	0.00469	0.00469	0.00670	0.00603	0.00871	0.01005	0.01474	0.00938	0.02814	0.85328	0.00603	0.01005	0.00402	0.00201	0.00335
36	0.00915	0.57088	0.31146	0.00792	0.01196	0.01269	0.00904	0.01146	0.00773	0.00990	0.00575	0.00669	0.00479	0.00333	0.00281	0.00094	0.00455	0.00228	0.00160	0.00507
37	0.00557	0.00433	0.00644	0.00631	0.00693	0.00520	0.00495	0.00687	0.00601	0.00873	0.00967	0.01425	0.00905	0.02653	0.79060	0.00570	0.07350	0.00396	0.00198	0.00341
38	0.00914	0.00871	0.01482	0.02232	0.80781	0.00871	0.01127	0.01135	0.00855	0.01221	0.00762	0.01074	0.00663	0.00365	0.00378	0.00114	0.00441	0.03936	0.00193	0.00583
39	0.00457	0.00358	0.00414	0.00448	0.00527	0.00315	0.00318	0.00546	0.00815	0.01032	0.09900	0.38772	0.42706	0.01030	0.00458	0.00137	0.00201	0.00899	0.00354	0.00315
40	0.04011	0.00997	0.02126	0.01527	0.01891	0.00950	0.77957	0.01190	0.00868	0.01211	0.00743	0.00993	0.00561	0.00327	0.00457	0.00127	0.02943	0.00431	0.00191	0.00500
