[name]
unknown

[dist]
# distance from previous block
# <min> <max>
115	1079

[block]
# block no. 0 follows, 54 sequences, length 16
# corresponding to MSA columns:
# 1349-1364
name=unknown_A
#
# <colnr> <probs for GDERKNQSTAVLIFYWHMCP>
#	G	D	E	R	K	N	Q	S	T	A	V	L	I	F	Y	W	H	M	C	P
0	0.03256	0.07794	0.03119	0.01233	0.11794	0.02479	0.03863	0.23652	0.11625	0.14778	0.02597	0.04893	0.01073	0.00664	0.02904	0.00161	0.00505	0.00476	0.00403	0.02732
1	0.03406	0.17525	0.05988	0.02756	0.10718	0.14924	0.00919	0.11293	0.14211	0.03239	0.04731	0.01284	0.02548	0.00526	0.00426	0.00132	0.00533	0.00405	0.00324	0.04112
2	0.00721	0.00519	0.00712	0.00815	0.00914	0.00511	0.00689	0.00912	0.01057	0.01372	0.02631	0.17248	0.06832	0.01324	0.00639	0.00210	0.00399	0.61637	0.00435	0.00424
3	0.00982	0.00855	0.01018	0.00745	0.01128	0.00699	0.00599	0.01183	0.00956	0.01502	0.00819	0.00982	0.00692	0.00390	0.00452	0.00082	0.07428	0.00291	0.00273	0.78925
4	0.01188	0.11608	0.30388	0.03022	0.20769	0.01102	0.03131	0.02845	0.01072	0.11307	0.01029	0.04099	0.00810	0.00486	0.00442	0.00138	0.00567	0.00410	0.00274	0.05312
5	0.01673	0.01250	0.01351	0.01028	0.01412	0.01340	0.00847	0.67569	0.02036	0.02762	0.01089	0.01109	0.00787	0.00534	0.00454	0.00131	0.00494	0.00403	0.00444	0.13285
6	0.00609	0.00508	0.00589	0.00598	0.00705	0.00487	0.00443	0.00724	0.01014	0.01280	0.08394	0.25193	0.48213	0.01224	0.00654	0.00171	0.07336	0.01029	0.00423	0.00407
7	0.01130	0.00975	0.01033	0.00916	0.01191	0.01093	0.00713	0.02313	0.69488	0.01905	0.01949	0.01811	0.04764	0.00639	0.00472	0.00152	0.00365	0.00531	0.00461	0.08099
8	0.11895	0.04378	0.08904	0.00960	0.01341	0.03069	0.02686	0.20885	0.15673	0.12079	0.01209	0.01209	0.00881	0.00513	0.00427	0.00135	0.00466	0.00396	0.00391	0.12504
9	0.01618	0.06931	0.01448	0.01092	0.03259	0.07517	0.04189	0.46285	0.05580	0.08571	0.02477	0.02675	0.00951	0.02801	0.00514	0.00147	0.00526	0.00445	0.00420	0.02555
10	0.00903	0.00692	0.00800	0.00811	0.03994	0.02934	0.00574	0.06408	0.12007	0.05398	0.11183	0.29796	0.12204	0.04287	0.00612	0.00175	0.00342	0.02821	0.00437	0.03622
11	0.03448	0.03124	0.02110	0.03345	0.17226	0.04326	0.02811	0.10484	0.05721	0.02737	0.03244	0.06033	0.02685	0.24381	0.04292	0.00258	0.00523	0.00561	0.00320	0.02371
12	0.07953	0.04311	0.03419	0.02629	0.18671	0.05640	0.00878	0.11636	0.05673	0.11488	0.03855	0.11508	0.01229	0.00687	0.02129	0.00155	0.00481	0.00526	0.00363	0.06768
13	0.03984	0.07612	0.15688	0.04887	0.19777	0.07344	0.03305	0.09266	0.05092	0.05371	0.04193	0.02932	0.01006	0.00535	0.00454	0.00141	0.00553	0.03209	0.00304	0.04346
14	0.02587	0.09262	0.09879	0.05294	0.13330	0.08525	0.04494	0.08489	0.08755	0.05000	0.04046	0.03967	0.08757	0.00611	0.00464	0.00143	0.00519	0.02167	0.00329	0.03385
15	0.06241	0.01305	0.14426	0.03359	0.07048	0.04344	0.09579	0.16679	0.04301	0.05954	0.05253	0.02719	0.01023	0.00548	0.00508	0.00143	0.04024	0.02113	0.00333	0.10099

[dist]
# distance from previous block
# <min> <max>
14	44

[block]
# block no. 1 follows, 54 sequences, length 15
# corresponding to MSA columns:
# 1423-1437
name=unknown_B
#
# <colnr> <probs for GDERKNQSTAVLIFYWHMCP>
#	G	D	E	R	K	N	Q	S	T	A	V	L	I	F	Y	W	H	M	C	P
0	0.02341	0.01303	0.11077	0.07392	0.23647	0.07651	0.09875	0.09749	0.01135	0.01557	0.00915	0.01189	0.00744	0.00818	0.09436	0.00214	0.07366	0.00420	0.00257	0.02915
1	0.05455	0.01120	0.01315	0.06154	0.10099	0.01206	0.00892	0.45535	0.04732	0.03662	0.01199	0.07543	0.00975	0.00595	0.00463	0.00141	0.00483	0.00481	0.00405	0.07546
2	0.04146	0.01269	0.01311	0.01043	0.01391	0.04760	0.00849	0.55753	0.17004	0.05670	0.01281	0.01248	0.00922	0.00574	0.00466	0.00144	0.00496	0.00437	0.00463	0.00772
3	0.00606	0.00452	0.00582	0.05332	0.00801	0.00434	0.00455	0.00695	0.00901	0.01174	0.02669	0.55458	0.14358	0.12781	0.00838	0.00222	0.00314	0.01144	0.00403	0.00380
4	0.00732	0.00641	0.00625	0.00659	0.00738	0.09296	0.00456	0.00824	0.00978	0.01210	0.07724	0.36964	0.17672	0.16091	0.00897	0.00223	0.00364	0.03117	0.00394	0.00392
5	0.14957	0.01397	0.09248	0.05852	0.03746	0.10142	0.07022	0.32675	0.01526	0.07542	0.00996	0.01081	0.00721	0.00504	0.00443	0.00143	0.00570	0.00390	0.00359	0.00687
6	0.06434	0.03482	0.01829	0.11883	0.46569	0.05722	0.09762	0.05926	0.01123	0.01581	0.00873	0.01133	0.00706	0.00437	0.00460	0.00142	0.00595	0.00414	0.00248	0.00681
7	0.00618	0.00641	0.09349	0.00708	0.00821	0.00465	0.00567	0.00751	0.00922	0.01231	0.02582	0.63171	0.10526	0.04487	0.00650	0.00194	0.00323	0.01172	0.00406	0.00415
8	0.27021	0.01114	0.01072	0.03165	0.01248	0.06636	0.00729	0.26911	0.12494	0.08285	0.05958	0.01278	0.01037	0.00556	0.00421	0.00145	0.00451	0.00411	0.00408	0.00660
9	0.03384	0.01443	0.10279	0.04223	0.06170	0.08728	0.11440	0.35198	0.08300	0.04524	0.01093	0.01176	0.00799	0.00515	0.00473	0.00145	0.00593	0.00429	0.00366	0.00720
10	0.01107	0.00970	0.01368	0.41070	0.10920	0.01130	0.01113	0.12019	0.20414	0.01682	0.02759	0.01399	0.00941	0.00530	0.00475	0.00154	0.00535	0.00457	0.00320	0.00639
11	0.00747	0.00584	0.00834	0.00773	0.00874	0.00566	0.08997	0.05553	0.00953	0.01262	0.02136	0.35419	0.08272	0.27809	0.01169	0.00269	0.00406	0.02602	0.00369	0.00407
12	0.01335	0.01345	0.01487	0.08263	0.20448	0.21510	0.05516	0.14179	0.06139	0.01698	0.09632	0.01384	0.01152	0.00550	0.00509	0.00142	0.03300	0.00453	0.00318	0.00639
13	0.01144	0.01080	0.09749	0.00921	0.01171	0.05654	0.00794	0.15313	0.11717	0.07390	0.05439	0.10931	0.09049	0.04508	0.06409	0.00214	0.06913	0.00620	0.00388	0.00594
14	0.10643	0.00776	0.00835	0.00720	0.00945	0.00787	0.00549	0.13761	0.09921	0.07288	0.05708	0.08369	0.12830	0.14552	0.00788	0.00196	0.00375	0.00622	0.00403	0.09935

[dist]
# distance from previous block
# <min> <max>
0	12

[block]
# block no. 2 follows, 54 sequences, length 12
# corresponding to MSA columns:
# 1452-1463
name=unknown_C
#
# <colnr> <probs for GDERKNQSTAVLIFYWHMCP>
#	G	D	E	R	K	N	Q	S	T	A	V	L	I	F	Y	W	H	M	C	P
0	0.04251	0.05154	0.02372	0.14596	0.03398	0.04512	0.00801	0.19765	0.02554	0.07084	0.04819	0.10181	0.06595	0.06745	0.00632	0.00170	0.01820	0.00573	0.00366	0.03611
1	0.03007	0.05578	0.20954	0.01132	0.03470	0.02500	0.03570	0.27076	0.06347	0.11592	0.01214	0.03203	0.00923	0.00725	0.05053	0.00181	0.00586	0.01811	0.00371	0.00708
2	0.04415	0.05815	0.04644	0.07403	0.14067	0.11021	0.00970	0.18965	0.08383	0.07722	0.01102	0.03579	0.00868	0.00534	0.00471	0.00138	0.02543	0.00420	0.00342	0.06597
3	0.04555	0.00787	0.00882	0.00786	0.01003	0.00819	0.00606	0.14380	0.19696	0.06932	0.14861	0.18289	0.08774	0.00869	0.00508	0.00156	0.00342	0.00740	0.00463	0.04555
4	0.05844	0.01201	0.06251	0.18108	0.24747	0.04845	0.15890	0.05901	0.03473	0.01559	0.00901	0.01162	0.00707	0.00458	0.00506	0.00147	0.03490	0.00425	0.00253	0.04131
5	0.67856	0.00951	0.04503	0.00718	0.01020	0.00991	0.04856	0.01325	0.00875	0.01987	0.05314	0.01196	0.05835	0.00513	0.00345	0.00148	0.00388	0.00356	0.00306	0.00515
6	0.00632	0.00524	0.00707	0.00703	0.00802	0.00503	0.04750	0.00752	0.00982	0.01272	0.06732	0.42810	0.29290	0.01256	0.00642	0.00178	0.05541	0.01097	0.00416	0.00413
7	0.00686	0.00457	0.00514	0.00514	0.00514	0.00457	0.00286	0.00686	0.00686	0.00914	0.01486	0.03086	0.01714	0.83430	0.02400	0.00457	0.00457	0.00686	0.00286	0.00286
8	0.11723	0.01157	0.01215	0.00979	0.01311	0.01287	0.00796	0.48302	0.17837	0.05635	0.01317	0.04131	0.00994	0.00599	0.00457	0.00148	0.00457	0.00461	0.00455	0.00741
9	0.01138	0.02646	0.01329	0.02539	0.01398	0.00920	0.12674	0.08932	0.15865	0.04810	0.01339	0.01405	0.05240	0.00491	0.00435	0.00117	0.00443	0.00432	0.00347	0.37501
10	0.01559	0.01236	0.03463	0.01152	0.05863	0.06428	0.04447	0.43916	0.04907	0.08773	0.02644	0.03002	0.01002	0.05999	0.00599	0.00162	0.00525	0.00468	0.00417	0.03439
11	0.01190	0.10900	0.01401	0.12608	0.09893	0.20434	0.02723	0.06120	0.05464	0.01389	0.03473	0.01602	0.10295	0.00831	0.07021	0.00189	0.03140	0.00468	0.00289	0.00569

[dist]
# distance from previous block
# <min> <max>
0	3

[block]
# block no. 3 follows, 54 sequences, length 6
# corresponding to MSA columns:
# 1467-1469,1471-1473
name=unknown_D
#
# <colnr> <probs for GDERKNQSTAVLIFYWHMCP>
#	G	D	E	R	K	N	Q	S	T	A	V	L	I	F	Y	W	H	M	C	P
0	0.04635	0.13001	0.06019	0.04461	0.25892	0.05258	0.01031	0.05717	0.08754	0.01542	0.02761	0.01234	0.00884	0.02746	0.03632	0.00167	0.04646	0.00400	0.00277	0.06944
1	0.04171	0.03392	0.04959	0.04905	0.14268	0.13412	0.04506	0.05139	0.03873	0.01498	0.05872	0.06902	0.07175	0.02188	0.02568	0.00159	0.03178	0.00517	0.00306	0.11013
2	0.00994	0.09203	0.07565	0.00974	0.05100	0.04198	0.05969	0.10102	0.01122	0.01483	0.04465	0.14311	0.10447	0.06537	0.00696	0.05292	0.00457	0.02163	0.00331	0.08590
3	0.05951	0.05114	0.04479	0.02940	0.13135	0.05692	0.03198	0.07773	0.03827	0.04783	0.06435	0.04151	0.03693	0.05154	0.00827	0.12515	0.05715	0.00487	0.00308	0.03822
4	0.06196	0.09588	0.01454	0.11942	0.06733	0.03718	0.09490	0.10753	0.05295	0.05845	0.01404	0.08582	0.06097	0.00636	0.00504	0.00147	0.03442	0.02330	0.00329	0.05514
5	0.06454	0.02907	0.01261	0.07939	0.01457	0.19389	0.09195	0.06341	0.09161	0.08405	0.04069	0.08705	0.04842	0.02964	0.00531	0.00157	0.00547	0.02889	0.00352	0.02434

[dist]
# distance from previous block
# <min> <max>
22	55

[block]
# block no. 4 follows, 54 sequences, length 19
# corresponding to MSA columns:
# 1538-1556
name=unknown_E
#
# <colnr> <probs for GDERKNQSTAVLIFYWHMCP>
#	G	D	E	R	K	N	Q	S	T	A	V	L	I	F	Y	W	H	M	C	P
0	0.08485	0.06753	0.01154	0.00885	0.01147	0.06357	0.00717	0.29603	0.05806	0.03846	0.10690	0.06666	0.07003	0.01946	0.00542	0.00152	0.03880	0.02282	0.00410	0.01676
1	0.01468	0.01114	0.01469	0.04181	0.20877	0.01187	0.04247	0.25798	0.20837	0.11851	0.01339	0.01364	0.00981	0.00540	0.00476	0.00147	0.00494	0.00462	0.00411	0.00759
2	0.03784	0.24625	0.08675	0.00838	0.01235	0.06144	0.02147	0.03181	0.01004	0.01398	0.00826	0.01049	0.00721	0.05856	0.00489	0.00120	0.00476	0.00314	0.00252	0.36865
3	0.00888	0.00691	0.00922	0.01022	0.09753	0.00719	0.00710	0.12471	0.01172	0.01582	0.07645	0.23719	0.07935	0.01346	0.09791	0.00243	0.03190	0.15296	0.00397	0.00509
4	0.01114	0.01105	0.01488	0.29414	0.30845	0.11876	0.01188	0.04842	0.01097	0.01400	0.01054	0.10456	0.00959	0.00573	0.00478	0.00149	0.00588	0.00509	0.00261	0.00605
5	0.00905	0.00776	0.01217	0.06061	0.35719	0.00800	0.00901	0.01076	0.00893	0.01251	0.02630	0.01958	0.01197	0.28280	0.14042	0.00344	0.00636	0.00529	0.00258	0.00525
6	0.00833	0.00834	0.06165	0.00907	0.01000	0.04177	0.00733	0.04448	0.00928	0.01275	0.01718	0.43030	0.01941	0.01295	0.06427	0.00227	0.22370	0.00885	0.00341	0.00468
7	0.01011	0.06517	0.10584	0.02807	0.33198	0.00987	0.03659	0.04282	0.05493	0.01496	0.01404	0.20528	0.01396	0.00724	0.00497	0.00156	0.00496	0.03828	0.00307	0.00629
8	0.00575	0.00475	0.00504	0.00503	0.00649	0.00404	0.00375	0.00708	0.01107	0.01364	0.16105	0.07681	0.65581	0.01171	0.00559	0.00159	0.00238	0.00988	0.00450	0.00404
9	0.01391	0.59341	0.04067	0.00932	0.01298	0.23750	0.00858	0.01543	0.01063	0.01131	0.00680	0.00788	0.00606	0.00427	0.00340	0.00108	0.00604	0.00269	0.00213	0.00591
10	0.01186	0.00823	0.00988	0.03913	0.01181	0.00761	0.00642	0.05061	0.15822	0.15278	0.08794	0.07165	0.01438	0.00594	0.00442	0.00122	0.00364	0.00499	0.00408	0.34517
11	0.07934	0.28998	0.03081	0.01073	0.03802	0.30979	0.00880	0.11999	0.01249	0.01473	0.00756	0.00871	0.00630	0.00477	0.00429	0.00124	0.04071	0.00308	0.00261	0.00605
12	0.01014	0.12233	0.08643	0.44052	0.20580	0.01182	0.03205	0.01321	0.00984	0.01302	0.00828	0.01146	0.00652	0.00447	0.00448	0.00145	0.00606	0.00394	0.00214	0.00604
13	0.01144	0.00851	0.00957	0.00798	0.01032	0.00891	0.00634	0.33762	0.04127	0.02278	0.35852	0.02577	0.11498	0.00813	0.00518	0.00147	0.00354	0.00679	0.00489	0.00599
14	0.01209	0.03990	0.09357	0.00763	0.01004	0.00652	0.00650	0.01386	0.02333	0.29051	0.02031	0.20172	0.07852	0.16356	0.00861	0.00214	0.00405	0.00727	0.00426	0.00561
15	0.01549	0.02930	0.02542	0.06621	0.05784	0.11722	0.00795	0.12160	0.01350	0.30460	0.08006	0.04252	0.04630	0.04381	0.00564	0.00158	0.00487	0.00520	0.00432	0.00656
16	0.01259	0.01064	0.01645	0.11380	0.50570	0.02608	0.01242	0.03377	0.08956	0.09991	0.01089	0.01272	0.00845	0.00468	0.00466	0.00143	0.00533	0.00432	0.00299	0.02358
17	0.01080	0.01032	0.01757	0.27860	0.56202	0.01097	0.01404	0.01371	0.01032	0.01435	0.00872	0.01195	0.00710	0.00436	0.00468	0.00145	0.00582	0.00420	0.00226	0.00677
18	0.00808	0.00728	0.01218	0.28252	0.08899	0.00775	0.09405	0.01037	0.00991	0.01305	0.03484	0.25797	0.07127	0.00884	0.00541	0.00171	0.00485	0.07274	0.00323	0.00497

[dist]
# distance from previous block
# <min> <max>
0	1

[block]
# block no. 5 follows, 54 sequences, length 6
# corresponding to MSA columns:
# 1573-1578
name=unknown_F
#
# <colnr> <probs for GDERKNQSTAVLIFYWHMCP>
#	G	D	E	R	K	N	Q	S	T	A	V	L	I	F	Y	W	H	M	C	P
0	0.01051	0.00973	0.01634	0.30136	0.48014	0.01046	0.01318	0.01338	0.01022	0.01440	0.00917	0.01241	0.00739	0.00447	0.00458	0.00144	0.00559	0.00421	0.06452	0.00648
1	0.00663	0.00520	0.00609	0.00629	0.00742	0.00499	0.00455	0.00942	0.10861	0.01463	0.19344	0.33634	0.25514	0.01184	0.00564	0.00169	0.00265	0.01038	0.00460	0.00446
2	0.00863	0.00599	0.03704	0.00667	0.00809	0.00512	0.00506	0.01049	0.04753	0.12911	0.11240	0.31320	0.16067	0.11826	0.00793	0.00206	0.00325	0.00939	0.00441	0.00470
3	0.08075	0.08223	0.01268	0.00981	0.03093	0.13315	0.02967	0.19705	0.10277	0.08449	0.08877	0.01561	0.05164	0.00688	0.02989	0.00157	0.00515	0.00467	0.00389	0.02840
4	0.23928	0.06837	0.09294	0.01059	0.05418	0.12735	0.03295	0.13308	0.09014	0.01853	0.03374	0.05919	0.00965	0.00558	0.00417	0.00143	0.00516	0.00424	0.00326	0.00615
5	0.08958	0.03513	0.03129	0.01141	0.10357	0.04610	0.03600	0.17727	0.07954	0.06166	0.07478	0.04230	0.05187	0.04822	0.00649	0.02518	0.03782	0.03193	0.00374	0.00612

[dist]
# distance from previous block
# <min> <max>
0	3

[block]
# block no. 6 follows, 54 sequences, length 12
# corresponding to MSA columns:
# 1582-1593
name=unknown_G
#
# <colnr> <probs for GDERKNQSTAVLIFYWHMCP>
#	G	D	E	R	K	N	Q	S	T	A	V	L	I	F	Y	W	H	M	C	P
0	0.01097	0.03183	0.03566	0.01076	0.06980	0.03594	0.01989	0.03430	0.39336	0.03498	0.01802	0.10088	0.04699	0.00732	0.00538	0.00158	0.04185	0.04224	0.00405	0.05423
1	0.05624	0.02985	0.04077	0.07538	0.28124	0.06456	0.07240	0.10585	0.01207	0.08294	0.03429	0.04471	0.02785	0.04468	0.00561	0.00160	0.00546	0.00486	0.00314	0.00651
2	0.04612	0.08657	0.08319	0.06485	0.02877	0.06088	0.02866	0.08510	0.08136	0.04086	0.06266	0.08424	0.04286	0.09910	0.00697	0.00188	0.00485	0.08206	0.00350	0.00554
3	0.04655	0.02782	0.01613	0.11039	0.30702	0.07165	0.09595	0.03591	0.03400	0.01466	0.03103	0.05965	0.00997	0.04449	0.00653	0.00166	0.07281	0.00495	0.00267	0.00614
4	0.01014	0.09036	0.04806	0.03468	0.07297	0.08376	0.00761	0.05165	0.06310	0.03297	0.12294	0.14003	0.10401	0.02529	0.00582	0.00157	0.04483	0.02192	0.00361	0.03465
5	0.00948	0.07305	0.04245	0.00887	0.01103	0.02447	0.08174	0.09625	0.01157	0.04806	0.08294	0.34759	0.05856	0.00983	0.00531	0.00162	0.00407	0.04013	0.00396	0.03902
6	0.15617	0.15453	0.13972	0.03685	0.01349	0.05011	0.00875	0.09505	0.12159	0.04221	0.01090	0.05015	0.00903	0.03007	0.00463	0.00146	0.00489	0.00407	0.00317	0.06317
7	0.01250	0.10481	0.18051	0.04319	0.06995	0.09575	0.03665	0.08640	0.02845	0.09144	0.08095	0.01451	0.01132	0.02491	0.00542	0.00148	0.03948	0.02269	0.00316	0.04644
8	0.03383	0.07454	0.13001	0.06945	0.10663	0.15824	0.09518	0.05367	0.05395	0.03256	0.01117	0.02769	0.04409	0.00536	0.00518	0.00143	0.05452	0.00433	0.00275	0.03543
9	0.04355	0.10013	0.13729	0.04578	0.04053	0.12396	0.02053	0.03912	0.05713	0.01424	0.05558	0.10329	0.01309	0.00990	0.09276	0.00215	0.04071	0.04038	0.00298	0.01688
10	0.04030	0.06518	0.07639	0.01144	0.07645	0.04131	0.09758	0.13093	0.05522	0.01677	0.02699	0.07983	0.07832	0.04147	0.00568	0.00153	0.02342	0.00540	0.02552	0.10026
11	0.01375	0.15095	0.13658	0.04163	0.08390	0.10926	0.01030	0.23834	0.04747	0.03718	0.01125	0.02843	0.03320	0.00541	0.00454	0.00137	0.01799	0.00412	0.01758	0.00674

[dist]
# distance from previous block
# <min> <max>
11	74

[block]
# block no. 7 follows, 54 sequences, length 62
# corresponding to MSA columns:
# 1682-1727,1729-1744
name=unknown_H
#
# <colnr> <probs for GDERKNQSTAVLIFYWHMCP>
#	G	D	E	R	K	N	Q	S	T	A	V	L	I	F	Y	W	H	M	C	P
0	0.02498	0.06267	0.19843	0.01166	0.07309	0.05024	0.02968	0.17500	0.09197	0.03574	0.04115	0.04023	0.02831	0.04595	0.01831	0.00168	0.00540	0.01928	0.01593	0.03029
1	0.03866	0.06984	0.19436	0.04532	0.03939	0.11601	0.08630	0.05477	0.06264	0.04165	0.07141	0.06637	0.04744	0.00601	0.00465	0.00143	0.00559	0.00506	0.00311	0.03998
2	0.02556	0.16194	0.10752	0.01162	0.09315	0.09176	0.02372	0.11225	0.07159	0.05669	0.04294	0.07374	0.02339	0.00584	0.00454	0.00135	0.01691	0.00467	0.00325	0.06759
3	0.09535	0.07335	0.22661	0.01145	0.06460	0.06688	0.04510	0.05647	0.07484	0.08003	0.04473	0.01362	0.03731	0.01640	0.02252	0.00157	0.00551	0.00420	0.00312	0.05634
4	0.09930	0.09650	0.18945	0.01124	0.07309	0.14151	0.02415	0.06064	0.04173	0.01543	0.02238	0.05702	0.05390	0.03035	0.00491	0.00149	0.00549	0.01725	0.03063	0.02354
5	0.03758	0.03997	0.09770	0.02802	0.14411	0.05850	0.07619	0.14856	0.05693	0.04746	0.03093	0.04470	0.05777	0.00575	0.00497	0.00142	0.03080	0.00483	0.00329	0.08051
6	0.07958	0.14008	0.13960	0.04463	0.15781	0.05002	0.02031	0.09913	0.02663	0.04552	0.02657	0.04022	0.01883	0.00580	0.01969	0.00149	0.03192	0.00414	0.00288	0.04511
7	0.01226	0.07723	0.06678	0.03019	0.07749	0.13163	0.06522	0.12438	0.07146	0.04187	0.05530	0.06071	0.07080	0.02131	0.02094	0.00160	0.02617	0.00523	0.00337	0.03607
8	0.01343	0.11191	0.12173	0.01225	0.07710	0.10970	0.04073	0.16256	0.14289	0.05671	0.03564	0.03020	0.01038	0.00571	0.00490	0.00144	0.03086	0.02163	0.00346	0.00677
9	0.01162	0.09994	0.15669	0.03855	0.07064	0.07046	0.02040	0.13495	0.06885	0.02972	0.05769	0.04152	0.06906	0.00670	0.02617	0.00153	0.00532	0.00479	0.00327	0.08212
10	0.02216	0.07645	0.02401	0.02429	0.14495	0.09833	0.04825	0.15612	0.06995	0.03188	0.02752	0.10849	0.03600	0.00717	0.01896	0.00155	0.00522	0.04124	0.00347	0.05399
11	0.03733	0.10391	0.07636	0.01106	0.06299	0.17050	0.00890	0.10091	0.03385	0.06201	0.01063	0.01256	0.02797	0.03609	0.04471	0.00178	0.10675	0.00396	0.03836	0.04937
12	0.04689	0.24557	0.05944	0.01092	0.07009	0.18548	0.00876	0.08741	0.08032	0.02796	0.02105	0.03985	0.02031	0.01796	0.00471	0.00136	0.03113	0.00399	0.03067	0.00612
13	0.50131	0.16914	0.14169	0.00815	0.01194	0.02707	0.02121	0.02693	0.00914	0.01804	0.02510	0.00880	0.00642	0.00447	0.00335	0.00138	0.00461	0.00292	0.00266	0.00565
14	0.00674	0.00505	0.00758	0.00758	0.00842	0.00589	0.00589	0.00842	0.00758	0.01095	0.01263	0.01852	0.01179	0.03536	0.81561	0.00758	0.01263	0.00505	0.00253	0.00421
15	0.00815	0.00411	0.00611	0.00611	0.00611	0.00411	0.00406	0.00616	0.00616	0.00822	0.00840	0.01484	0.00847	0.04166	0.01860	0.83629	0.00411	0.00418	0.00207	0.00207
16	0.01020	0.00591	0.00607	0.00556	0.00711	0.00619	0.00430	0.11759	0.05543	0.01935	0.01504	0.01673	0.01166	0.00557	0.00357	0.00117	0.00269	0.00443	0.69636	0.00506
17	0.01651	0.01245	0.01353	0.01104	0.03920	0.01376	0.00875	0.64346	0.11304	0.02741	0.01360	0.01340	0.03978	0.00595	0.00476	0.00144	0.00492	0.00459	0.00464	0.00778
18	0.00978	0.00838	0.00978	0.00698	0.01117	0.00629	0.00559	0.01187	0.00978	0.01536	0.00838	0.00978	0.00698	0.00349	0.00349	0.00070	0.00349	0.00279	0.00279	0.86312
19	0.01600	0.01220	0.01308	0.01031	0.01387	0.01342	0.00840	0.56757	0.19341	0.02654	0.01287	0.01261	0.00937	0.00568	0.00465	0.00141	0.00475	0.00439	0.00461	0.06483
20	0.00646	0.00520	0.00569	0.00541	0.00717	0.00433	0.00404	0.00779	0.01060	0.02744	0.08236	0.13939	0.54838	0.01100	0.00535	0.00151	0.00259	0.00932	0.00425	0.11171
21	0.01232	0.10926	0.38652	0.01365	0.10451	0.02428	0.04736	0.04787	0.01111	0.13614	0.02571	0.01178	0.00809	0.01715	0.00499	0.00148	0.02410	0.00393	0.00283	0.00692
22	0.01026	0.10743	0.32160	0.01512	0.03525	0.01166	0.32761	0.01433	0.01051	0.01461	0.04273	0.01287	0.02571	0.00529	0.02305	0.00162	0.00696	0.00462	0.00236	0.00640
23	0.00574	0.00413	0.00545	0.00650	0.00682	0.00384	0.00435	0.00657	0.00909	0.01206	0.02675	0.80354	0.05837	0.01467	0.00600	0.00190	0.00272	0.01328	0.00438	0.00384
24	0.01337	0.01192	0.06739	0.06023	0.10117	0.03685	0.08917	0.31699	0.03990	0.04858	0.06754	0.07297	0.01276	0.00638	0.00499	0.00151	0.00531	0.03236	0.00385	0.00678
25	0.01162	0.03103	0.11219	0.08581	0.22759	0.05837	0.15312	0.08233	0.05543	0.02896	0.03517	0.06006	0.01002	0.00541	0.00508	0.00150	0.02184	0.00500	0.00288	0.00658
26	0.00658	0.00467	0.00631	0.00728	0.00786	0.00454	0.00544	0.02107	0.00970	0.01285	0.02473	0.55039	0.02864	0.01460	0.02482	0.02113	0.00351	0.23758	0.00428	0.00402
27	0.01413	0.06506	0.01366	0.03063	0.02537	0.06406	0.03094	0.33090	0.13623	0.02126	0.01109	0.01157	0.00842	0.00500	0.00432	0.00124	0.00488	0.00391	0.00377	0.21354
28	0.00830	0.00749	0.06425	0.02611	0.02192	0.00628	0.03145	0.05523	0.04378	0.04261	0.11646	0.23048	0.17796	0.05357	0.00634	0.00176	0.00363	0.03846	0.00406	0.05986
29	0.01136	0.07813	0.21690	0.08117	0.24312	0.03900	0.09203	0.07917	0.03680	0.01576	0.02930	0.01234	0.00831	0.03028	0.00520	0.00153	0.00608	0.00422	0.00258	0.00670
30	0.01075	0.09180	0.22421	0.04713	0.02249	0.01229	0.47844	0.01479	0.01056	0.01451	0.00889	0.01150	0.00670	0.00421	0.00520	0.00152	0.02169	0.00468	0.00223	0.00642
31	0.00574	0.00412	0.00545	0.00652	0.00683	0.00383	0.00436	0.00657	0.00907	0.01205	0.02654	0.81143	0.05062	0.01470	0.00601	0.00191	0.00273	0.01332	0.00438	0.00383
32	0.01676	0.01038	0.01188	0.03831	0.03307	0.02495	0.00784	0.37771	0.05282	0.23714	0.01398	0.01376	0.00976	0.00563	0.00452	0.00139	0.00449	0.00443	0.12383	0.00733
33	0.01545	0.01345	0.07478	0.01205	0.08872	0.14449	0.00932	0.26926	0.01501	0.14639	0.03743	0.01375	0.02493	0.03491	0.00597	0.00154	0.05593	0.00440	0.02540	0.00682
34	0.00636	0.00473	0.00592	0.00579	0.00689	0.00429	0.00428	0.00823	0.01235	0.01695	0.57048	0.13118	0.18379	0.01067	0.00562	0.00155	0.00232	0.00937	0.00494	0.00429
35	0.01169	0.18546	0.22541	0.00961	0.01436	0.01156	0.00983	0.15390	0.01202	0.01691	0.00885	0.02320	0.00711	0.00444	0.00392	0.00112	0.00503	0.00336	0.00279	0.28944
36	0.06517	0.15676	0.01494	0.01106	0.01382	0.58071	0.00872	0.05980	0.01282	0.01301	0.00733	0.00848	0.00612	0.00479	0.00417	0.00122	0.01989	0.00301	0.00251	0.00568
37	0.00681	0.00455	0.00516	0.00520	0.00521	0.00454	0.00292	0.00684	0.00695	0.00926	0.01532	0.06421	0.01773	0.80015	0.02325	0.00446	0.00449	0.00713	0.00292	0.00290
38	0.00708	0.00539	0.00613	0.00582	0.00738	0.00498	0.00440	0.00983	0.08588	0.04150	0.33379	0.05159	0.39804	0.01039	0.00548	0.00155	0.00251	0.00886	0.00478	0.00462
39	0.00640	0.00489	0.00533	0.00519	0.00673	0.00418	0.00390	0.00780	0.01131	0.04494	0.19092	0.06327	0.60587	0.01134	0.00555	0.00157	0.00243	0.00957	0.00459	0.00422
40	0.86760	0.00912	0.00693	0.00620	0.00912	0.01058	0.00511	0.01386	0.00802	0.02115	0.00657	0.00766	0.00511	0.00438	0.00292	0.00146	0.00365	0.00255	0.00292	0.00511
41	0.00906	0.00854	0.01443	0.77764	0.07656	0.01052	0.01317	0.01219	0.00950	0.01224	0.00841	0.01252	0.00635	0.00468	0.00471	0.00156	0.00625	0.00419	0.00211	0.00537
42	0.00973	0.00904	0.01470	0.09954	0.42526	0.00922	0.04158	0.01258	0.03831	0.01488	0.09057	0.06280	0.10365	0.00715	0.02560	0.00166	0.01861	0.00589	0.00302	0.00620
43	0.69901	0.01139	0.03361	0.02017	0.01067	0.11362	0.00622	0.03184	0.00911	0.01977	0.00685	0.00800	0.00534	0.00448	0.00321	0.00143	0.00445	0.00271	0.00285	0.00528
44	0.00743	0.00571	0.00811	0.00795	0.02599	0.00652	0.02032	0.00883	0.00801	0.01164	0.05065	0.02103	0.02547	0.18732	0.43999	0.00537	0.09114	0.00551	0.05885	0.00417
45	0.86760	0.00912	0.00693	0.00620	0.00912	0.01058	0.00511	0.01386	0.00802	0.02115	0.00657	0.00766	0.00511	0.00438	0.00292	0.00146	0.00365	0.00255	0.00292	0.00511
46	0.01235	0.01085	0.01787	0.01354	0.01700	0.01109	0.33550	0.21376	0.07391	0.03291	0.03822	0.01556	0.01057	0.00724	0.05522	0.00189	0.01956	0.02959	0.07691	0.00645
47	0.00569	0.00476	0.00495	0.00494	0.00645	0.00402	0.00369	0.00698	0.01097	0.01336	0.12523	0.06531	0.70392	0.01178	0.00558	0.00159	0.00238	0.00990	0.00446	0.00402
48	0.01743	0.01114	0.01233	0.03860	0.01391	0.05125	0.00813	0.31289	0.17344	0.28757	0.01504	0.01407	0.01036	0.00579	0.00472	0.00146	0.00471	0.00457	0.00490	0.00768
49	0.00682	0.00473	0.00595	0.00595	0.00623	0.00501	0.00386	0.00737	0.00710	0.00974	0.01412	0.02677	0.01537	0.56945	0.28642	0.00557	0.00724	0.00626	0.00275	0.00331
50	0.02914	0.26596	0.12377	0.03681	0.01529	0.29605	0.03931	0.09610	0.01232	0.01409	0.00865	0.00981	0.02410	0.00475	0.00403	0.00125	0.00660	0.00335	0.00252	0.00610
51	0.00846	0.00721	0.00929	0.05020	0.01058	0.05289	0.03883	0.04348	0.02610	0.01204	0.01336	0.08558	0.01339	0.18024	0.34883	0.00472	0.06710	0.02042	0.00285	0.00444
52	0.01131	0.28352	0.06920	0.00786	0.01216	0.01073	0.00729	0.01343	0.00993	0.05709	0.00834	0.00940	0.00686	0.00387	0.00347	0.00090	0.00427	0.00286	0.00265	0.47489
53	0.00667	0.00482	0.00630	0.00593	0.00704	0.00445	0.00445	0.00890	0.01335	0.01891	0.80239	0.03522	0.04449	0.00964	0.00556	0.00148	0.00222	0.00853	0.00519	0.00445
54	0.01288	0.79290	0.02409	0.00829	0.01224	0.06192	0.00812	0.01437	0.00979	0.01112	0.00659	0.00761	0.00605	0.00408	0.00309	0.00102	0.00523	0.00255	0.00204	0.00602
55	0.00574	0.00414	0.00544	0.00647	0.00681	0.00384	0.00434	0.00658	0.00911	0.01207	0.02709	0.79130	0.07039	0.01463	0.00600	0.00190	0.00272	0.01323	0.00438	0.00384
56	0.01425	0.01107	0.01213	0.05925	0.01425	0.01251	0.00828	0.34208	0.38309	0.04106	0.01512	0.01464	0.01111	0.00595	0.00471	0.00150	0.00445	0.00477	0.03231	0.00747
57	0.06728	0.12211	0.05989	0.01069	0.04448	0.04990	0.05941	0.17259	0.04285	0.26710	0.01275	0.03408	0.00928	0.00538	0.00442	0.00139	0.00501	0.00431	0.00405	0.02302
58	0.00713	0.00483	0.00568	0.00570	0.00627	0.00468	0.00369	0.00810	0.02966	0.03948	0.09797	0.15854	0.11945	0.44808	0.03782	0.00337	0.00396	0.00828	0.00366	0.00365
59	0.01202	0.00744	0.01001	0.02075	0.11418	0.00738	0.00710	0.08371	0.05080	0.19796	0.09112	0.04925	0.07063	0.09331	0.06073	0.04479	0.00467	0.06420	0.00415	0.00580
60	0.06496	0.16170	0.13196	0.06828	0.04661	0.03979	0.03021	0.13117	0.02522	0.05924	0.01133	0.05373	0.02395	0.03123	0.02199	0.00160	0.01863	0.01873	0.00306	0.05661
61	0.02826	0.43654	0.01931	0.07372	0.03196	0.18848	0.02472	0.08926	0.01160	0.01340	0.00836	0.00986	0.02144	0.02015	0.00411	0.00124	0.00589	0.00325	0.00246	0.00597

[dist]
# distance from previous block
# <min> <max>
2	10

[block]
# block no. 8 follows, 54 sequences, length 11
# corresponding to MSA columns:
# 1755-1765
name=unknown_I
#
# <colnr> <probs for GDERKNQSTAVLIFYWHMCP>
#	G	D	E	R	K	N	Q	S	T	A	V	L	I	F	Y	W	H	M	C	P
0	0.01214	0.08935	0.34043	0.07215	0.03365	0.11355	0.03682	0.09785	0.01175	0.05430	0.03096	0.01171	0.00803	0.02726	0.01736	0.00160	0.02807	0.00389	0.00268	0.00646
1	0.00581	0.00416	0.00553	0.00652	0.00685	0.00388	0.00438	0.00674	0.00935	0.01255	0.08409	0.77165	0.03218	0.01439	0.00598	0.00188	0.00270	0.01304	0.00444	0.00388
2	0.00669	0.00450	0.00519	0.00535	0.00540	0.00446	0.00308	0.00681	0.00718	0.00957	0.01651	0.14997	0.01923	0.71233	0.02132	0.00418	0.00430	0.00783	0.00308	0.00300
3	0.60946	0.17633	0.04107	0.00702	0.01013	0.01216	0.00627	0.01366	0.00835	0.01822	0.00687	0.00852	0.00573	0.02960	0.00404	0.00148	0.03036	0.00276	0.00267	0.00530
4	0.09006	0.06112	0.03607	0.07032	0.32412	0.28318	0.01125	0.04395	0.01163	0.01466	0.00805	0.01002	0.00661	0.00452	0.00428	0.00133	0.00644	0.00355	0.00246	0.00637
5	0.00907	0.00626	0.00722	0.00661	0.00848	0.00607	0.00507	0.01313	0.17277	0.11284	0.26793	0.05484	0.29233	0.00944	0.00532	0.00155	0.00282	0.00803	0.00489	0.00532
6	0.00617	0.00479	0.00553	0.00535	0.00662	0.00424	0.00396	0.00780	0.01178	0.01550	0.40882	0.03967	0.39394	0.05715	0.00660	0.00171	0.00243	0.00909	0.00468	0.00414
7	0.00982	0.01096	0.09962	0.06302	0.27757	0.04265	0.09913	0.01256	0.01098	0.03100	0.07430	0.02217	0.18561	0.00670	0.00506	0.00151	0.00515	0.03311	0.00309	0.00600
8	0.00655	0.00460	0.00517	0.00529	0.00565	0.00443	0.00326	0.00691	0.00789	0.01021	0.02234	0.09522	0.16946	0.58866	0.01855	0.00372	0.00401	0.03159	0.00331	0.00319
9	0.06248	0.08705	0.08035	0.12279	0.04125	0.24820	0.01000	0.02983	0.02625	0.02690	0.00964	0.02859	0.00857	0.00678	0.02725	0.00167	0.11352	0.06066	0.00262	0.00560
10	0.07963	0.05687	0.14054	0.08538	0.16687	0.05847	0.02416	0.10346	0.05253	0.01689	0.00910	0.01069	0.00711	0.00448	0.00420	0.00129	0.00537	0.00362	0.00278	0.16657

[dist]
# distance from previous block
# <min> <max>
0	1

[block]
# block no. 9 follows, 54 sequences, length 8
# corresponding to MSA columns:
# 1767-1774
name=unknown_J
#
# <colnr> <probs for GDERKNQSTAVLIFYWHMCP>
#	G	D	E	R	K	N	Q	S	T	A	V	L	I	F	Y	W	H	M	C	P
0	0.16103	0.00983	0.01439	0.14229	0.32606	0.01061	0.04432	0.05540	0.05288	0.01682	0.01035	0.01425	0.00866	0.00518	0.00468	0.00150	0.02119	0.05116	0.04312	0.00631
1	0.00930	0.00778	0.00845	0.00776	0.00948	0.02952	0.00596	0.01571	0.33208	0.01702	0.19409	0.02505	0.12629	0.04194	0.02668	0.00182	0.05829	0.00650	0.07067	0.00562
2	0.00643	0.00476	0.00600	0.00580	0.00692	0.00433	0.00431	0.00838	0.01260	0.01741	0.62395	0.09842	0.16242	0.01040	0.00560	0.00153	0.00229	0.00913	0.00500	0.00433
3	0.00875	0.01276	0.24542	0.04068	0.13519	0.00864	0.13974	0.01191	0.01017	0.01404	0.01740	0.19415	0.10132	0.00769	0.00522	0.00162	0.00539	0.03116	0.00297	0.00579
4	0.00838	0.00537	0.00688	0.00635	0.00778	0.00499	0.00481	0.01093	0.04864	0.10501	0.59310	0.08162	0.07872	0.00951	0.00546	0.00152	0.00253	0.00834	0.00515	0.00492
5	0.00752	0.00630	0.00799	0.00791	0.00886	0.06391	0.00612	0.00917	0.00799	0.01099	0.01225	0.01781	0.01138	0.03318	0.75746	0.00712	0.01233	0.00491	0.00252	0.00430
6	0.05764	0.14022	0.04195	0.01174	0.11960	0.01096	0.05782	0.11123	0.05944	0.01666	0.00956	0.01145	0.00788	0.02756	0.04734	0.00158	0.00517	0.00369	0.00292	0.25562
7	0.05970	0.36778	0.09758	0.01030	0.03339	0.29350	0.00916	0.01549	0.01093	0.01236	0.00900	0.01002	0.04349	0.00476	0.00375	0.00119	0.00625	0.00319	0.00233	0.00583

[dist]
# distance from previous block
# <min> <max>
0	6

[block]
# block no. 10 follows, 54 sequences, length 18
# corresponding to MSA columns:
# 1783-1800
name=unknown_K
#
# <colnr> <probs for GDERKNQSTAVLIFYWHMCP>
#	G	D	E	R	K	N	Q	S	T	A	V	L	I	F	Y	W	H	M	C	P
0	0.05085	0.04961	0.10190	0.04212	0.03820	0.13485	0.05590	0.10647	0.08228	0.10446	0.01374	0.04375	0.02924	0.00631	0.00487	0.00150	0.01829	0.07449	0.02511	0.01606
1	0.01192	0.01121	0.01855	0.05281	0.71057	0.01148	0.01398	0.06053	0.01128	0.01604	0.00892	0.01164	0.00743	0.00442	0.00498	0.00143	0.02882	0.00420	0.00246	0.00736
2	0.01001	0.00802	0.00946	0.00692	0.01080	0.00613	0.00552	0.01208	0.01024	0.05458	0.06725	0.01280	0.02946	0.00426	0.00375	0.00081	0.00340	0.00348	0.00316	0.73787
3	0.03440	0.04192	0.04096	0.00913	0.01309	0.03292	0.06048	0.13160	0.03068	0.11651	0.01064	0.01189	0.00819	0.00512	0.02019	0.00122	0.00466	0.01607	0.00344	0.40690
4	0.00653	0.00529	0.00687	0.03465	0.00858	0.00480	0.03633	0.00804	0.01058	0.01379	0.17136	0.20412	0.32621	0.05260	0.00650	0.00177	0.00305	0.04708	0.00421	0.04763
5	0.82774	0.00931	0.00727	0.00642	0.00938	0.01077	0.00529	0.05023	0.00869	0.02156	0.00679	0.00783	0.00524	0.00444	0.00300	0.00146	0.00372	0.00263	0.00300	0.00524
6	0.01013	0.00946	0.01131	0.07737	0.03774	0.11473	0.06541	0.06242	0.06016	0.01330	0.01235	0.05559	0.01163	0.13888	0.21566	0.00355	0.06118	0.01781	0.01630	0.00502
7	0.71132	0.01190	0.15316	0.00752	0.01117	0.01065	0.00735	0.01406	0.00838	0.02002	0.00691	0.00808	0.00526	0.00440	0.00320	0.00147	0.00425	0.00272	0.00275	0.00545
8	0.00589	0.00425	0.00560	0.00660	0.00703	0.00397	0.00456	0.00686	0.00936	0.01239	0.04595	0.71040	0.07633	0.01436	0.00602	0.00190	0.00282	0.06742	0.00439	0.00389
9	0.01761	0.02247	0.01336	0.01215	0.01458	0.81537	0.00911	0.01883	0.01336	0.01154	0.00729	0.00850	0.00607	0.00486	0.00425	0.00121	0.00850	0.00304	0.00243	0.00547
10	0.00656	0.00482	0.00614	0.00581	0.00697	0.00440	0.00436	0.00867	0.01307	0.01825	0.72233	0.03630	0.12497	0.00988	0.00556	0.00149	0.00224	0.00868	0.00510	0.00440
11	0.01009	0.00857	0.00994	0.00713	0.01131	0.00660	0.00572	0.04162	0.01025	0.01591	0.00849	0.00984	0.00702	0.00357	0.00354	0.00073	0.00356	0.00285	0.00287	0.83040
12	0.02095	0.00836	0.01115	0.00855	0.01220	0.00742	0.00706	0.07217	0.01405	0.75817	0.01813	0.01574	0.01144	0.00582	0.00474	0.00146	0.00409	0.00471	0.00576	0.00802
13	0.01027	0.00874	0.00934	0.00854	0.01086	0.00977	0.00663	0.02054	0.58937	0.01859	0.10941	0.02399	0.12056	0.00763	0.00502	0.00160	0.00341	0.02436	0.00478	0.00660
14	0.00576	0.00478	0.00503	0.00497	0.00648	0.00406	0.00373	0.00713	0.01119	0.01378	0.17504	0.04366	0.67504	0.01155	0.00557	0.00157	0.00236	0.00971	0.00452	0.00406
15	0.01267	0.01060	0.01119	0.00979	0.01262	0.01217	0.00769	0.14111	0.67877	0.02124	0.01800	0.01664	0.01342	0.00629	0.00479	0.00157	0.00395	0.00517	0.00479	0.00755
16	0.00575	0.00425	0.00539	0.00624	0.00677	0.00388	0.00425	0.00669	0.00949	0.01243	0.06118	0.66623	0.16202	0.01409	0.00592	0.00184	0.00266	0.01262	0.00441	0.00388
17	0.00988	0.04492	0.57226	0.01513	0.09003	0.01123	0.10483	0.01457	0.01016	0.01488	0.03341	0.01116	0.00746	0.00468	0.00500	0.00150	0.03601	0.00394	0.00217	0.00677

[dist]
# distance from previous block
# <min> <max>
7	23

[block]
# block no. 11 follows, 54 sequences, length 43
# corresponding to MSA columns:
# 1829-1837,1841-1874
name=unknown_L
#
# <colnr> <probs for GDERKNQSTAVLIFYWHMCP>
#	G	D	E	R	K	N	Q	S	T	A	V	L	I	F	Y	W	H	M	C	P
0	0.00691	0.02081	0.00713	0.03543	0.02591	0.00533	0.00510	0.00905	0.03801	0.01584	0.42756	0.18626	0.11635	0.04148	0.02457	0.00183	0.01451	0.00895	0.00451	0.00445
1	0.03843	0.08499	0.03538	0.08678	0.01886	0.09202	0.30960	0.07445	0.03921	0.06112	0.01276	0.01440	0.07082	0.00527	0.00524	0.00149	0.03516	0.00493	0.00295	0.00615
2	0.03543	0.17664	0.13685	0.00897	0.02672	0.00974	0.00817	0.06709	0.02292	0.11010	0.05141	0.20458	0.01536	0.02334	0.07984	0.00209	0.00520	0.00626	0.00350	0.00578
3	0.00736	0.00585	0.00786	0.00753	0.00779	0.00666	0.02458	0.00802	0.00766	0.01063	0.01569	0.23310	0.01791	0.37120	0.07953	0.00354	0.17045	0.00783	0.00305	0.00377
4	0.02185	0.02046	0.00636	0.00578	0.00747	0.00541	0.00442	0.00996	0.09962	0.03050	0.24492	0.03764	0.46787	0.01031	0.00538	0.00155	0.00260	0.00869	0.00460	0.00463
5	0.01186	0.02476	0.03695	0.16535	0.47891	0.08184	0.02785	0.01537	0.06577	0.03211	0.00955	0.01198	0.00765	0.00454	0.00464	0.00143	0.00588	0.00417	0.00254	0.00685
6	0.00984	0.00893	0.01448	0.26456	0.31427	0.00967	0.03497	0.02723	0.04668	0.01403	0.03351	0.03266	0.01076	0.08426	0.04548	0.00210	0.00583	0.03215	0.00267	0.00591
7	0.00589	0.00421	0.00564	0.00673	0.00707	0.00396	0.00463	0.00682	0.00917	0.01220	0.02591	0.76914	0.03086	0.01463	0.00606	0.00194	0.00286	0.07402	0.00437	0.00387
8	0.02511	0.01070	0.01867	0.20125	0.54894	0.01110	0.08738	0.01399	0.01044	0.01474	0.00879	0.01190	0.00714	0.00429	0.00473	0.00146	0.00594	0.00430	0.00230	0.00684
9	0.02815	0.02544	0.05198	0.11309	0.08351	0.20553	0.05541	0.17245	0.01362	0.10355	0.01110	0.03783	0.00889	0.00564	0.00487	0.00145	0.02142	0.03194	0.01772	0.00642
10	0.00833	0.00752	0.01362	0.01189	0.03591	0.00720	0.25651	0.01054	0.01012	0.01353	0.03673	0.20461	0.02024	0.10982	0.00815	0.00218	0.00516	0.22964	0.00350	0.00479
11	0.01082	0.01136	0.05587	0.17206	0.24068	0.10722	0.01060	0.04198	0.07138	0.01508	0.07690	0.03975	0.07472	0.00594	0.00476	0.00144	0.00529	0.00511	0.00303	0.04600
12	0.58738	0.16820	0.06964	0.00738	0.01087	0.01240	0.00682	0.06369	0.00937	0.01933	0.00701	0.00804	0.00554	0.00440	0.00317	0.00137	0.00426	0.00272	0.00279	0.00561
13	0.00818	0.00587	0.00826	0.00896	0.01026	0.00590	0.02472	0.01091	0.04750	0.03295	0.02421	0.04977	0.02574	0.01235	0.00637	0.00211	0.00438	0.70256	0.00435	0.00462
14	0.01131	0.11000	0.52862	0.01372	0.08109	0.05959	0.02541	0.03572	0.02598	0.05302	0.00900	0.01026	0.00661	0.00456	0.00436	0.00142	0.00650	0.00356	0.00236	0.00690
15	0.00681	0.00463	0.00551	0.00554	0.00567	0.00475	0.00335	0.00708	0.00701	0.00948	0.01477	0.04701	0.01666	0.69609	0.14226	0.00496	0.00574	0.00673	0.00284	0.00308
16	0.00614	0.00477	0.00558	0.00543	0.00673	0.00421	0.00405	0.00785	0.01201	0.01586	0.43207	0.06805	0.38857	0.01087	0.00558	0.00155	0.00232	0.00935	0.00479	0.00421
17	0.01564	0.01328	0.01279	0.01056	0.01376	0.11615	0.00844	0.41411	0.30107	0.02377	0.01365	0.01323	0.01008	0.00582	0.00469	0.00146	0.00509	0.00448	0.00445	0.00749
18	0.00675	0.00500	0.00733	0.00733	0.00809	0.00576	0.00558	0.00826	0.00750	0.01076	0.01286	0.01978	0.01233	0.11691	0.73481	0.00727	0.01181	0.00524	0.00256	0.00407
19	0.01472	0.34332	0.09943	0.01090	0.02747	0.37218	0.00963	0.04850	0.01184	0.01253	0.00731	0.00845	0.00616	0.00452	0.00382	0.00117	0.00680	0.00295	0.00232	0.00599
20	0.01043	0.00877	0.01013	0.00729	0.01145	0.00695	0.00586	0.07389	0.01077	0.01651	0.00862	0.00990	0.00707	0.00366	0.00359	0.00076	0.00363	0.00291	0.00295	0.79490
21	0.00744	0.00578	0.00648	0.00628	0.00733	0.00592	0.00443	0.03887	0.10525	0.01281	0.02637	0.10825	0.26634	0.28805	0.06490	0.00302	0.02652	0.00799	0.00375	0.00421
22	0.25015	0.04002	0.07545	0.00931	0.01246	0.13352	0.00794	0.13631	0.20606	0.01950	0.03389	0.03533	0.00996	0.00559	0.00415	0.00145	0.00489	0.00413	0.00359	0.00632
23	0.57536	0.02681	0.00779	0.00669	0.00893	0.00994	0.00540	0.03194	0.00839	0.01859	0.00835	0.01117	0.00716	0.07235	0.04614	0.00202	0.07038	0.00334	0.07432	0.00492
24	0.00970	0.00729	0.00799	0.00730	0.00911	0.04134	0.00562	0.05312	0.13430	0.09544	0.17890	0.10391	0.24347	0.01051	0.03978	0.00183	0.03279	0.00775	0.00452	0.00533
25	0.00800	0.00416	0.00600	0.00600	0.00600	0.00416	0.00392	0.00625	0.00625	0.00833	0.00915	0.01671	0.00948	0.13403	0.01923	0.73937	0.00416	0.00449	0.00216	0.00216
26	0.01019	0.00853	0.00932	0.00847	0.01068	0.00953	0.00654	0.02016	0.56141	0.01935	0.23828	0.02309	0.03937	0.00742	0.00503	0.00157	0.00328	0.00632	0.00490	0.00655
27	0.00719	0.00483	0.00542	0.00532	0.00543	0.00488	0.00304	0.03071	0.00732	0.00977	0.01475	0.03026	0.01686	0.80903	0.02341	0.00447	0.00459	0.00678	0.00291	0.00301
28	0.04646	0.01017	0.01672	0.15567	0.56592	0.01061	0.01316	0.01389	0.02658	0.01508	0.01019	0.01508	0.00889	0.00504	0.00475	0.00150	0.00549	0.06550	0.00253	0.00676
29	0.00667	0.00482	0.00630	0.00593	0.00704	0.00445	0.00445	0.00890	0.01335	0.01891	0.80239	0.03522	0.04449	0.00964	0.00556	0.00148	0.00222	0.00853	0.00519	0.00445
30	0.01168	0.05047	0.11626	0.05978	0.41465	0.06389	0.16356	0.02671	0.01091	0.01486	0.00873	0.01130	0.00701	0.00432	0.00485	0.00143	0.01616	0.00423	0.00232	0.00688
31	0.01032	0.01032	0.01444	0.01238	0.01238	0.01444	0.01032	0.01135	0.00722	0.01135	0.00619	0.01032	0.00619	0.00825	0.01547	0.00206	0.82567	0.00413	0.00206	0.00516
32	0.00686	0.00457	0.00514	0.00514	0.00514	0.00457	0.00286	0.00686	0.00686	0.00914	0.01486	0.03086	0.01714	0.83430	0.02400	0.00457	0.00457	0.00686	0.00286	0.00286
33	0.01792	0.01321	0.01415	0.01085	0.01462	0.01462	0.00896	0.78916	0.02217	0.02972	0.01132	0.01132	0.00802	0.00566	0.00472	0.00142	0.00519	0.00425	0.00472	0.00802
34	0.00608	0.00481	0.00548	0.00535	0.00673	0.00421	0.00403	0.00773	0.01185	0.01538	0.36636	0.04125	0.46563	0.01099	0.00559	0.00156	0.00236	0.02570	0.00472	0.00419
35	0.00812	0.00414	0.00621	0.00621	0.00625	0.00418	0.00418	0.00625	0.00621	0.00832	0.00840	0.01453	0.00836	0.01726	0.05555	0.82299	0.00449	0.00414	0.00207	0.00215
36	0.86760	0.00912	0.00693	0.00620	0.00912	0.01058	0.00511	0.01386	0.00802	0.02115	0.00657	0.00766	0.00511	0.00438	0.00292	0.00146	0.00365	0.00255	0.00292	0.00511
37	0.00629	0.00435	0.00557	0.00634	0.00685	0.00402	0.00429	0.00716	0.00925	0.03477	0.03744	0.63946	0.11116	0.07951	0.00737	0.00208	0.00290	0.02299	0.00431	0.00390
38	0.00644	0.00540	0.02874	0.00593	0.00730	0.00457	0.00461	0.00854	0.02588	0.01645	0.48271	0.10286	0.26213	0.01053	0.00556	0.00155	0.00248	0.00914	0.00479	0.00439
39	0.01357	0.44746	0.15915	0.01025	0.01431	0.25881	0.01003	0.01569	0.01079	0.01190	0.00711	0.00827	0.00604	0.00436	0.00365	0.00116	0.00643	0.00285	0.00214	0.00603
40	0.02745	0.24318	0.49268	0.01168	0.03076	0.01300	0.01364	0.05110	0.01040	0.01474	0.00805	0.00935	0.00615	0.00436	0.00402	0.00132	0.00611	0.00322	0.00219	0.04661
