[name]
unknown

[dist]
# distance from previous block
# <min> <max>
0	65

[block]
# block no. 0 follows, 67 sequences, length 7
# corresponding to MSA columns:
# 66-72
name=unknown_A
#
# <colnr> <probs for GDERKNQSTAVLIFYWHMCP>
#	G	D	E	R	K	N	Q	S	T	A	V	L	I	F	Y	W	H	M	C	P
0	0.04046	0.04224	0.33021	0.02827	0.02980	0.11944	0.03660	0.03733	0.09645	0.05266	0.06196	0.07104	0.01012	0.00512	0.00397	0.00127	0.00493	0.02014	0.00262	0.00538
1	0.00975	0.00927	0.01542	0.02259	0.74472	0.00908	0.01149	0.01207	0.00904	0.01310	0.00750	0.00975	0.00631	0.00351	0.00386	0.00113	0.00457	0.00344	0.00203	0.10137
2	0.00914	0.00865	0.01230	0.58708	0.07943	0.06487	0.01045	0.09852	0.00936	0.01200	0.00724	0.01016	0.00556	0.00429	0.00462	0.00132	0.06462	0.00350	0.00205	0.00485
3	0.06474	0.03916	0.07465	0.02547	0.01102	0.04601	0.00655	0.12137	0.14436	0.06862	0.03911	0.01054	0.00826	0.00414	0.00350	0.00101	0.00372	0.00324	0.00302	0.32152
4	0.03519	0.00985	0.06557	0.00785	0.00969	0.21092	0.02182	0.04224	0.00981	0.12988	0.06527	0.24486	0.05150	0.00805	0.03245	0.00150	0.03978	0.00596	0.00321	0.00460
5	0.06872	0.19395	0.27808	0.00885	0.01258	0.01086	0.00915	0.21749	0.01131	0.01596	0.06745	0.06875	0.00964	0.00513	0.00382	0.00125	0.00458	0.00391	0.00280	0.00572
6	0.08830	0.06388	0.16151	0.00834	0.01175	0.08981	0.04621	0.10821	0.02748	0.11674	0.02411	0.02559	0.02547	0.00434	0.00358	0.00110	0.00434	0.00340	0.02889	0.15693

[dist]
# distance from previous block
# <min> <max>
3	29

[block]
# block no. 1 follows, 67 sequences, length 25
# corresponding to MSA columns:
# 104-128
name=unknown_B
#
# <colnr> <probs for GDERKNQSTAVLIFYWHMCP>
#	G	D	E	R	K	N	Q	S	T	A	V	L	I	F	Y	W	H	M	C	P
0	0.01007	0.00953	0.09145	0.13535	0.17536	0.00874	0.06856	0.13887	0.07432	0.06914	0.07481	0.01291	0.03086	0.00519	0.02338	0.00135	0.00457	0.00407	0.00287	0.05859
1	0.01023	0.02232	0.05748	0.06470	0.20606	0.02943	0.05722	0.10470	0.03235	0.08707	0.07254	0.02419	0.03362	0.01690	0.00450	0.00120	0.03404	0.00402	0.00282	0.13462
2	0.02503	0.05435	0.03082	0.13431	0.22838	0.10702	0.07003	0.07759	0.08467	0.04662	0.04110	0.01107	0.00797	0.01666	0.00447	0.00126	0.03380	0.00370	0.00253	0.01861
3	0.01043	0.09656	0.02443	0.08005	0.15703	0.04406	0.05014	0.06809	0.12827	0.09156	0.04236	0.03541	0.04711	0.00510	0.00473	0.00126	0.07664	0.00416	0.00288	0.02973
4	0.00969	0.28015	0.03908	0.05675	0.13010	0.01017	0.01994	0.04714	0.06048	0.06295	0.08109	0.07271	0.04261	0.00518	0.00394	0.00115	0.02769	0.00422	0.00269	0.04225
5	0.03567	0.03600	0.04720	0.06662	0.02230	0.06250	0.08460	0.07572	0.13522	0.04278	0.01005	0.05065	0.02022	0.00533	0.01944	0.00129	0.10206	0.00389	0.00272	0.17573
6	0.02932	0.09489	0.07308	0.14523	0.01267	0.05598	0.01737	0.09931	0.06398	0.02381	0.04676	0.03434	0.00949	0.10071	0.08165	0.02987	0.02926	0.00400	0.00254	0.04572
7	0.02559	0.06643	0.07206	0.03963	0.02962	0.00922	0.11435	0.14175	0.15350	0.08763	0.08692	0.01498	0.08005	0.00532	0.00447	0.00127	0.03930	0.00450	0.00326	0.02015
8	0.00984	0.05582	0.03923	0.08568	0.57014	0.00945	0.01093	0.04629	0.00928	0.02491	0.00766	0.00983	0.00631	0.00435	0.02646	0.00128	0.00481	0.00341	0.00211	0.07220
9	0.88738	0.00776	0.00589	0.00527	0.00776	0.00900	0.00434	0.01179	0.00683	0.01799	0.00558	0.00651	0.00434	0.00372	0.00248	0.00124	0.00310	0.00217	0.00248	0.00434
10	0.00553	0.00435	0.00496	0.00483	0.00600	0.00400	0.00364	0.00739	0.05781	0.01274	0.29773	0.03322	0.42635	0.04465	0.01925	0.01851	0.00236	0.03919	0.00386	0.00364
11	0.01753	0.00693	0.00929	0.00719	0.01025	0.00613	0.00592	0.01965	0.05847	0.78955	0.01585	0.01373	0.01006	0.00499	0.00404	0.00125	0.00340	0.00406	0.00491	0.00680
12	0.00986	0.03103	0.01223	0.07762	0.01282	0.00876	0.11311	0.02495	0.00829	0.11995	0.00804	0.01003	0.00644	0.00601	0.04991	0.00150	0.25389	0.00345	0.00244	0.23969
13	0.00493	0.00396	0.00440	0.00452	0.00559	0.00343	0.00330	0.00604	0.00926	0.01164	0.17538	0.18890	0.54406	0.01026	0.00481	0.00139	0.00206	0.00880	0.00384	0.00343
14	0.00963	0.00917	0.01559	0.02349	0.78522	0.00916	0.01180	0.01191	0.00905	0.01293	0.00840	0.05982	0.00754	0.00410	0.00404	0.00122	0.00462	0.00403	0.00209	0.00617
15	0.01032	0.00752	0.00998	0.03237	0.10778	0.00628	0.02669	0.02557	0.00916	0.15737	0.00877	0.00959	0.00669	0.00346	0.00337	0.00083	0.00345	0.00292	0.00278	0.56510
16	0.00819	0.01970	0.75257	0.01201	0.01774	0.00940	0.09947	0.01272	0.00857	0.01272	0.00729	0.00871	0.00519	0.00377	0.00391	0.00128	0.00601	0.00315	0.00173	0.00587
17	0.00578	0.00408	0.00533	0.00533	0.00566	0.00441	0.00362	0.00645	0.00612	0.00848	0.01176	0.02140	0.01248	0.47621	0.40039	0.00507	0.00705	0.00512	0.00230	0.00296
18	0.00511	0.00414	0.00489	0.05437	0.00691	0.00376	0.00379	0.00632	0.00918	0.01163	0.17869	0.19896	0.47813	0.00992	0.00477	0.00139	0.00226	0.00854	0.00373	0.00350
19	0.00605	0.00435	0.00562	0.00580	0.04044	0.00396	0.00406	0.00762	0.01036	0.04678	0.50269	0.13129	0.19826	0.00882	0.00472	0.00132	0.00215	0.00773	0.00411	0.00387
20	0.01064	0.07875	0.09177	0.00886	0.07038	0.00805	0.02732	0.11376	0.05224	0.14663	0.02602	0.06508	0.04196	0.01657	0.01687	0.00124	0.01489	0.01803	0.00311	0.18782
21	0.08679	0.04489	0.01005	0.02183	0.05508	0.21575	0.00663	0.10835	0.14790	0.10366	0.06757	0.02355	0.05680	0.01669	0.00419	0.00124	0.01645	0.00402	0.00323	0.00532
22	0.04911	0.17632	0.07581	0.03511	0.06834	0.05465	0.01973	0.13733	0.08665	0.07128	0.08392	0.01121	0.00953	0.00443	0.00360	0.00110	0.00412	0.00348	0.00291	0.10140
23	0.07180	0.06686	0.06164	0.05168	0.07627	0.01941	0.06205	0.12113	0.09721	0.06616	0.07230	0.01330	0.04457	0.03811	0.00443	0.00126	0.00398	0.00396	0.00298	0.12090
24	0.02241	0.00840	0.02953	0.06359	0.03027	0.07619	0.11568	0.08814	0.07865	0.10273	0.12483	0.08281	0.04575	0.04970	0.01718	0.01215	0.00423	0.00514	0.00325	0.03938

[dist]
# distance from previous block
# <min> <max>
15	49

[block]
# block no. 2 follows, 67 sequences, length 30
# corresponding to MSA columns:
# 178-207
name=unknown_C
#
# <colnr> <probs for GDERKNQSTAVLIFYWHMCP>
#	G	D	E	R	K	N	Q	S	T	A	V	L	I	F	Y	W	H	M	C	P
0	0.12838	0.05222	0.03708	0.06966	0.33672	0.05264	0.01992	0.10805	0.04493	0.03825	0.03213	0.00999	0.00716	0.00409	0.00384	0.00119	0.01737	0.00339	0.00251	0.03048
1	0.19785	0.01065	0.01340	0.04836	0.40235	0.07851	0.02001	0.03594	0.06015	0.05305	0.00961	0.01175	0.00788	0.00557	0.02496	0.00162	0.00515	0.00381	0.00295	0.00644
2	0.14315	0.03333	0.03360	0.11241	0.41411	0.12558	0.00999	0.03284	0.02230	0.01326	0.00711	0.00905	0.00580	0.00384	0.00380	0.00120	0.01782	0.00318	0.00211	0.00553
3	0.15263	0.00944	0.01228	0.13310	0.36459	0.07465	0.00925	0.10139	0.00969	0.02967	0.00776	0.01032	0.00642	0.05682	0.00473	0.00138	0.00465	0.00342	0.00235	0.00544
4	0.03896	0.01062	0.02758	0.04652	0.58478	0.10310	0.04967	0.04535	0.00964	0.01321	0.00778	0.03037	0.00661	0.00392	0.00395	0.00120	0.00504	0.00366	0.00213	0.00593
5	0.00999	0.01000	0.03544	0.08128	0.68721	0.03502	0.03728	0.03218	0.00936	0.01308	0.00753	0.00988	0.00622	0.00365	0.00398	0.00120	0.00496	0.00357	0.00202	0.00614
6	0.06269	0.02126	0.05581	0.06651	0.41729	0.10239	0.09012	0.01329	0.05215	0.04262	0.00796	0.00980	0.00634	0.00391	0.00418	0.00123	0.03096	0.00351	0.00221	0.00576
7	0.03550	0.00756	0.01257	0.68124	0.16561	0.00902	0.01113	0.01065	0.00817	0.01098	0.00715	0.01043	0.00549	0.00393	0.00396	0.00131	0.00518	0.00352	0.00184	0.00478
8	0.88738	0.00776	0.00589	0.00527	0.00776	0.00900	0.00434	0.01179	0.00683	0.01799	0.00558	0.00651	0.00434	0.00372	0.00248	0.00124	0.00310	0.00217	0.00248	0.00434
9	0.00947	0.01082	0.02366	0.01690	0.02096	0.01014	0.81947	0.01285	0.00947	0.01285	0.00811	0.01082	0.00609	0.00338	0.00473	0.00135	0.00676	0.00473	0.00203	0.00541
10	0.01498	0.01911	0.01137	0.01033	0.01240	0.84295	0.00775	0.01601	0.01137	0.00982	0.00620	0.00723	0.00517	0.00413	0.00362	0.00103	0.00723	0.00258	0.00207	0.00465
11	0.00978	0.00943	0.01577	0.02281	0.72840	0.00988	0.01185	0.01197	0.00875	0.01266	0.00725	0.00978	0.00621	0.00402	0.00515	0.00126	0.11341	0.00357	0.00196	0.00610
12	0.03978	0.06506	0.01342	0.01305	0.17913	0.47345	0.05865	0.03779	0.01069	0.06219	0.00722	0.00839	0.00578	0.00399	0.00370	0.00110	0.00609	0.00300	0.00227	0.00526
13	0.00757	0.00713	0.01203	0.84942	0.02762	0.00891	0.01114	0.01025	0.00802	0.01025	0.00713	0.01069	0.00535	0.00401	0.00401	0.00134	0.00535	0.00356	0.00178	0.00446
14	0.01042	0.53438	0.13545	0.07363	0.07685	0.08838	0.00882	0.01236	0.00855	0.01028	0.00613	0.00739	0.00525	0.00360	0.00306	0.00099	0.00490	0.00252	0.00177	0.00525
15	0.00776	0.00790	0.00650	0.00668	0.00756	0.23308	0.00474	0.00865	0.00902	0.01051	0.07892	0.43882	0.09111	0.05184	0.00541	0.00153	0.00371	0.01935	0.00326	0.00365
16	0.00928	0.00780	0.01208	0.32549	0.26326	0.00858	0.00970	0.06167	0.04587	0.06615	0.06106	0.01395	0.05260	0.00483	0.00435	0.00130	0.02707	0.01708	0.00258	0.00530
17	0.00983	0.01127	0.02254	0.01688	0.06090	0.06167	0.72905	0.01302	0.00957	0.01267	0.00797	0.01055	0.00604	0.00344	0.00463	0.00132	0.00669	0.00454	0.00203	0.00541
18	0.03318	0.02204	0.05160	0.01048	0.12427	0.04009	0.11871	0.01219	0.04501	0.13988	0.18056	0.02825	0.03550	0.05809	0.00528	0.00138	0.01656	0.00476	0.00316	0.06900
19	0.05567	0.00890	0.02633	0.19270	0.44866	0.00960	0.04158	0.01140	0.00845	0.01238	0.02905	0.01030	0.00670	0.00425	0.00516	0.00131	0.11646	0.00362	0.00200	0.00548
20	0.02481	0.20219	0.62417	0.01068	0.03743	0.01073	0.01284	0.01252	0.00839	0.01210	0.00683	0.00803	0.00512	0.00372	0.00352	0.00118	0.00549	0.00279	0.00172	0.00574
21	0.00997	0.02268	0.27481	0.01066	0.04245	0.00859	0.13895	0.03256	0.15475	0.13128	0.07041	0.02257	0.04144	0.00489	0.00427	0.00130	0.01533	0.00432	0.00299	0.00577
22	0.00731	0.00688	0.00684	0.00684	0.04055	0.12411	0.00499	0.00883	0.02106	0.01215	0.20839	0.02535	0.28353	0.00948	0.06904	0.00169	0.06964	0.03173	0.05763	0.00394
23	0.00986	0.00850	0.01506	0.24700	0.24485	0.00873	0.19461	0.03385	0.00951	0.10037	0.04981	0.01254	0.00836	0.00423	0.00423	0.00129	0.00504	0.02310	0.00248	0.01658
24	0.00493	0.00353	0.00462	0.00548	0.00573	0.00329	0.00364	0.00560	0.00763	0.01013	0.02223	0.78886	0.05180	0.05462	0.00587	0.00173	0.00240	0.01103	0.00366	0.00322
25	0.00748	0.00374	0.00374	0.00374	0.00467	0.00374	0.00280	0.00934	0.00841	0.01495	0.01308	0.01495	0.01028	0.00467	0.00280	0.00093	0.00187	0.00374	0.88132	0.00374
26	0.03167	0.00995	0.09768	0.00799	0.01149	0.00845	0.02912	0.28448	0.03498	0.04119	0.00982	0.01090	0.03203	0.00424	0.00362	0.00100	0.00388	0.02131	0.00304	0.35315
27	0.01190	0.00973	0.01256	0.07494	0.26164	0.02596	0.00890	0.35487	0.06554	0.03136	0.03782	0.01146	0.00826	0.03642	0.00490	0.00134	0.02935	0.00385	0.00311	0.00609
28	0.00549	0.00384	0.00503	0.00553	0.00608	0.00367	0.00389	0.00640	0.00792	0.03471	0.06441	0.52765	0.11199	0.05537	0.11788	0.00233	0.00354	0.02733	0.00352	0.00342
29	0.00647	0.00502	0.00683	0.00819	0.14029	0.00465	0.00516	0.00799	0.00968	0.04365	0.25831	0.13357	0.28838	0.00869	0.00468	0.00136	0.00263	0.05664	0.00369	0.00411

[dist]
# distance from previous block
# <min> <max>
9	21

[block]
# block no. 3 follows, 67 sequences, length 20
# corresponding to MSA columns:
# 230-249
name=unknown_D
#
# <colnr> <probs for GDERKNQSTAVLIFYWHMCP>
#	G	D	E	R	K	N	Q	S	T	A	V	L	I	F	Y	W	H	M	C	P
0	0.04807	0.32935	0.31837	0.00926	0.03514	0.01189	0.00984	0.10477	0.02305	0.06489	0.00750	0.00823	0.00573	0.00387	0.00334	0.00111	0.00479	0.00281	0.00225	0.00575
1	0.03862	0.05504	0.06560	0.03009	0.23329	0.16788	0.14855	0.07428	0.06448	0.05630	0.00833	0.00970	0.00645	0.00402	0.00409	0.00121	0.02041	0.00352	0.00243	0.00571
2	0.00748	0.00374	0.00374	0.00374	0.00467	0.00374	0.00280	0.00934	0.00841	0.01495	0.01308	0.01495	0.01028	0.00467	0.00280	0.00093	0.00187	0.00374	0.88132	0.00374
3	0.00870	0.00805	0.01322	0.56756	0.25192	0.00930	0.01125	0.06049	0.00899	0.01197	0.00740	0.01041	0.00572	0.00394	0.00400	0.00129	0.00513	0.00357	0.00198	0.00513
4	0.00787	0.00678	0.00679	0.00641	0.00716	0.12552	0.00458	0.06194	0.00766	0.00972	0.01039	0.01774	0.01056	0.33801	0.28600	0.05799	0.02461	0.00452	0.00233	0.00342
5	0.00924	0.00903	0.09714	0.00752	0.00966	0.05202	0.00650	0.15560	0.17578	0.01623	0.19689	0.05838	0.04817	0.00625	0.00458	0.00128	0.04665	0.00507	0.08892	0.00510
6	0.00877	0.00877	0.01228	0.01053	0.01053	0.01228	0.00877	0.00965	0.00614	0.00965	0.00526	0.00877	0.00526	0.00702	0.01316	0.00175	0.85172	0.00351	0.00175	0.00439
7	0.01186	0.63743	0.01845	0.00779	0.01085	0.23585	0.00710	0.01307	0.00900	0.00954	0.00574	0.00665	0.00515	0.00362	0.00285	0.00090	0.00507	0.00226	0.00181	0.00501
8	0.00528	0.00417	0.00506	0.04798	0.00683	0.00381	0.00383	0.00669	0.00981	0.01284	0.35414	0.12450	0.38193	0.00932	0.00474	0.00135	0.00218	0.00805	0.00390	0.00359
9	0.04989	0.15028	0.28269	0.08451	0.03761	0.04781	0.06170	0.07840	0.07421	0.05277	0.01972	0.00953	0.00660	0.00405	0.00367	0.00119	0.00498	0.00324	0.00237	0.02478
10	0.02395	0.03084	0.33660	0.03233	0.05375	0.00821	0.02592	0.08692	0.05878	0.09719	0.05693	0.10251	0.01083	0.04090	0.01543	0.00147	0.00459	0.00456	0.00283	0.00547
11	0.00573	0.00428	0.00637	0.00637	0.00706	0.00497	0.00492	0.00711	0.00642	0.00925	0.01081	0.01614	0.01019	0.06046	0.81301	0.00635	0.01049	0.00435	0.00216	0.00354
12	0.00492	0.00356	0.00466	0.00545	0.00580	0.00330	0.00368	0.00571	0.00799	0.01062	0.07134	0.75352	0.08033	0.01215	0.00507	0.00159	0.00228	0.01096	0.00376	0.00330
13	0.01366	0.02952	0.12900	0.01046	0.08667	0.02123	0.05475	0.23850	0.02245	0.28851	0.02692	0.01184	0.02589	0.00471	0.00415	0.00124	0.01674	0.00385	0.00359	0.00633
14	0.07031	0.02364	0.01179	0.00983	0.04483	0.04598	0.07154	0.26276	0.09777	0.11422	0.01045	0.06285	0.00839	0.00544	0.00547	0.00134	0.14019	0.00415	0.00329	0.00574
15	0.00993	0.00953	0.01628	0.02462	0.83404	0.00953	0.01231	0.01231	0.00913	0.01310	0.00754	0.00993	0.00635	0.00357	0.00397	0.00119	0.00476	0.00357	0.00199	0.00635
16	0.02356	0.01047	0.12597	0.02703	0.19881	0.00800	0.02182	0.02656	0.02468	0.11499	0.01033	0.04182	0.00846	0.00480	0.00417	0.00125	0.00441	0.00382	0.00304	0.33601
17	0.00927	0.03761	0.13308	0.00852	0.04448	0.00703	0.06759	0.02759	0.02418	0.08591	0.05343	0.01137	0.03701	0.00401	0.00369	0.00095	0.01590	0.00338	0.00265	0.42235
18	0.00941	0.46014	0.35899	0.00857	0.01288	0.01241	0.00991	0.01213	0.00830	0.01113	0.00671	0.00780	0.00543	0.00366	0.00310	0.00103	0.00482	0.00258	0.05561	0.00538
19	0.00546	0.00440	0.00470	0.00469	0.00590	0.01870	0.00349	0.00677	0.02120	0.02717	0.17694	0.12391	0.54938	0.00981	0.00475	0.00137	0.00220	0.02176	0.00384	0.00358

[dist]
# distance from previous block
# <min> <max>
0	5

[block]
# block no. 4 follows, 67 sequences, length 29
# corresponding to MSA columns:
# 255-283
name=unknown_E
#
# <colnr> <probs for GDERKNQSTAVLIFYWHMCP>
#	G	D	E	R	K	N	Q	S	T	A	V	L	I	F	Y	W	H	M	C	P
0	0.02065	0.10205	0.19144	0.00696	0.00913	0.00706	0.03738	0.03461	0.00753	0.02390	0.02750	0.01803	0.01086	0.44400	0.01224	0.00255	0.00442	0.00452	0.00231	0.03288
1	0.39993	0.00873	0.02705	0.01944	0.13516	0.02246	0.04149	0.07639	0.03231	0.03278	0.02126	0.00865	0.00614	0.00381	0.00319	0.00113	0.00374	0.00288	0.00259	0.15088
2	0.05445	0.02151	0.06900	0.00683	0.01752	0.02742	0.01498	0.05936	0.15260	0.05254	0.26442	0.02275	0.16713	0.00686	0.00427	0.00128	0.00305	0.02796	0.00371	0.02236
3	0.00748	0.00374	0.00374	0.00374	0.00467	0.00374	0.00280	0.00934	0.00841	0.01495	0.01308	0.01495	0.01028	0.00467	0.00280	0.00093	0.00187	0.00374	0.88132	0.00374
4	0.00832	0.00713	0.00832	0.00594	0.00950	0.00535	0.00475	0.01010	0.00832	0.01307	0.00713	0.00832	0.00594	0.00297	0.00297	0.00059	0.00297	0.00238	0.00238	0.88357
5	0.00628	0.00485	0.00563	0.00527	0.00633	0.04314	0.00396	0.00806	0.01120	0.03069	0.72392	0.02918	0.09013	0.00808	0.00467	0.00126	0.00218	0.00706	0.00427	0.00385
6	0.00595	0.00389	0.00471	0.00471	0.00480	0.00397	0.00285	0.00592	0.00583	0.00786	0.01175	0.02338	0.01316	0.66359	0.11543	0.10738	0.00464	0.00538	0.00232	0.00248
7	0.01083	0.07045	0.28820	0.04674	0.17861	0.06476	0.05785	0.09906	0.03061	0.09132	0.00863	0.02022	0.00650	0.00411	0.00387	0.00122	0.00519	0.00345	0.00244	0.00594
8	0.01428	0.00932	0.08230	0.00833	0.01148	0.00842	0.02722	0.17517	0.19196	0.38376	0.03569	0.01307	0.01006	0.00499	0.00406	0.00127	0.00382	0.00407	0.00421	0.00652
9	0.00512	0.00391	0.00482	0.00537	0.00603	0.00367	0.00380	0.00633	0.03384	0.01061	0.02625	0.51663	0.24833	0.01282	0.06231	0.00188	0.00290	0.03833	0.00363	0.00343
10	0.88738	0.00776	0.00589	0.00527	0.00776	0.00900	0.00434	0.01179	0.00683	0.01799	0.00558	0.00651	0.00434	0.00372	0.00248	0.00124	0.00310	0.00217	0.00248	0.00434
11	0.00639	0.00518	0.00778	0.13555	0.01043	0.00630	0.00616	0.00777	0.00658	0.00933	0.00961	0.01480	0.00900	0.07746	0.54682	0.02852	0.10243	0.00418	0.00206	0.00368
12	0.00748	0.00374	0.00374	0.00374	0.00467	0.00374	0.00280	0.00934	0.00841	0.01495	0.01308	0.01495	0.01028	0.00467	0.00280	0.00093	0.00187	0.00374	0.88132	0.00374
13	0.00832	0.00713	0.00832	0.00594	0.00950	0.00535	0.00475	0.01010	0.00832	0.01307	0.00713	0.00832	0.00594	0.00297	0.00297	0.00059	0.00297	0.00238	0.00238	0.88357
14	0.01014	0.02340	0.00802	0.00746	0.00921	0.02897	0.00633	0.08054	0.05798	0.18799	0.03529	0.03118	0.02879	0.00843	0.00483	0.00156	0.00369	0.44662	0.01473	0.00483
15	0.88738	0.00776	0.00589	0.00527	0.00776	0.00900	0.00434	0.01179	0.00683	0.01799	0.00558	0.00651	0.00434	0.00372	0.00248	0.00124	0.00310	0.00217	0.00248	0.00434
16	0.00545	0.00388	0.00479	0.00507	0.00545	0.00379	0.00339	0.00612	0.00732	0.00977	0.08423	0.26659	0.09866	0.34785	0.09678	0.00297	0.00379	0.03796	0.00311	0.00304
17	0.00982	0.00942	0.01608	0.06329	0.79623	0.00950	0.01225	0.01221	0.00908	0.01297	0.00752	0.00996	0.00631	0.00359	0.00397	0.00120	0.00479	0.00357	0.00198	0.00626
18	0.00748	0.00374	0.00374	0.00374	0.00467	0.00374	0.00280	0.00934	0.00841	0.01495	0.01308	0.01495	0.01028	0.00467	0.00280	0.00093	0.00187	0.00374	0.88132	0.00374
19	0.00791	0.00732	0.01225	0.68696	0.14496	0.00875	0.01090	0.01051	0.00820	0.01090	0.00748	0.01079	0.00573	0.00398	0.00394	0.00130	0.00509	0.00357	0.04476	0.00470
20	0.00629	0.00373	0.00477	0.00477	0.00479	0.00375	0.00293	0.00562	0.00560	0.00748	0.01026	0.02022	0.01134	0.49183	0.03883	0.36473	0.00389	0.00483	0.00214	0.00218
21	0.00493	0.00352	0.00471	0.00564	0.00589	0.00330	0.00380	0.00566	0.00772	0.01029	0.02208	0.83306	0.02643	0.01252	0.00513	0.00164	0.00237	0.03433	0.00372	0.00327
22	0.10105	0.01060	0.01196	0.01059	0.09031	0.04148	0.01927	0.50123	0.01450	0.03278	0.00839	0.00922	0.00630	0.00484	0.00508	0.00128	0.11830	0.00343	0.00328	0.00610
23	0.01462	0.01092	0.01168	0.00910	0.01220	0.01214	0.00747	0.72551	0.11504	0.02426	0.01043	0.01026	0.00747	0.00489	0.00402	0.00122	0.00427	0.00372	0.00402	0.00676
24	0.00877	0.00877	0.01228	0.01053	0.01053	0.01228	0.00877	0.00965	0.00614	0.00965	0.00526	0.00877	0.00526	0.00702	0.01316	0.00175	0.85172	0.00351	0.00175	0.00439
25	0.00833	0.00588	0.00734	0.00721	0.00818	0.00608	0.00536	0.07042	0.00905	0.01304	0.02961	0.10553	0.01468	0.10053	0.43004	0.00445	0.00750	0.05560	0.10658	0.00459
26	0.01226	0.30683	0.08158	0.00910	0.03339	0.31489	0.00781	0.03410	0.08015	0.04977	0.00816	0.02106	0.01643	0.00422	0.00339	0.00105	0.00532	0.00295	0.00231	0.00523
27	0.02155	0.07339	0.03731	0.03655	0.28906	0.08511	0.02585	0.10917	0.04079	0.03474	0.00976	0.04000	0.00862	0.01493	0.00422	0.00123	0.01408	0.07230	0.01606	0.06529
28	0.04540	0.17644	0.43659	0.00937	0.01372	0.06719	0.01063	0.04189	0.04746	0.04858	0.01983	0.00974	0.02845	0.00417	0.00355	0.00117	0.00505	0.00312	0.02208	0.00557

[dist]
# distance from previous block
# <min> <max>
5	32

[block]
# block no. 5 follows, 67 sequences, length 20
# corresponding to MSA columns:
# 316-335
name=unknown_F
#
# <colnr> <probs for GDERKNQSTAVLIFYWHMCP>
#	G	D	E	R	K	N	Q	S	T	A	V	L	I	F	Y	W	H	M	C	P
0	0.03340	0.06748	0.02915	0.01281	0.28049	0.05218	0.00793	0.10431	0.02608	0.06989	0.01121	0.01306	0.07160	0.01928	0.09857	0.08587	0.00499	0.00391	0.00260	0.00517
1	0.00968	0.14873	0.17638	0.01168	0.14860	0.04813	0.06444	0.08373	0.06447	0.02407	0.02563	0.05660	0.00837	0.00681	0.07925	0.00165	0.00531	0.00386	0.00242	0.03019
2	0.03900	0.07906	0.03304	0.00782	0.02805	0.07754	0.01661	0.06081	0.16834	0.14765	0.08766	0.05847	0.09642	0.00605	0.00454	0.00127	0.05368	0.00481	0.02393	0.00526
3	0.08316	0.06003	0.01209	0.04278	0.11416	0.48298	0.02134	0.06934	0.01074	0.01210	0.00692	0.02431	0.00582	0.00415	0.00358	0.00109	0.00593	0.00296	0.00224	0.03429
4	0.17825	0.00819	0.02666	0.07256	0.04120	0.06413	0.01960	0.06558	0.00804	0.02745	0.00800	0.01123	0.00701	0.05404	0.20162	0.00267	0.17559	0.00353	0.02021	0.00443
5	0.00788	0.01926	0.75690	0.01084	0.01635	0.00894	0.01377	0.01251	0.03399	0.01270	0.00971	0.01068	0.06041	0.00428	0.00388	0.00128	0.00558	0.00338	0.00190	0.00577
6	0.00634	0.00511	0.00541	0.00524	0.00634	0.06103	0.00389	0.00779	0.01028	0.03529	0.43281	0.12525	0.24434	0.00879	0.00464	0.00131	0.00238	0.00758	0.02244	0.00376
7	0.07462	0.01834	0.01099	0.00999	0.01208	0.78595	0.00752	0.01573	0.01105	0.01037	0.00616	0.00718	0.00511	0.00410	0.00354	0.00105	0.00695	0.00255	0.00209	0.00463
8	0.02686	0.00732	0.01037	0.11537	0.16867	0.03358	0.01562	0.00969	0.00815	0.02130	0.13264	0.02656	0.03483	0.04550	0.00793	0.05359	0.22953	0.00442	0.04368	0.00441
9	0.00556	0.00410	0.00459	0.00461	0.00580	0.00354	0.00340	0.00664	0.00924	0.05402	0.12440	0.18771	0.55188	0.01012	0.00477	0.00139	0.00214	0.00864	0.00387	0.00358
10	0.01262	0.21241	0.04727	0.00890	0.03984	0.06813	0.02586	0.24351	0.10980	0.10432	0.00948	0.00965	0.00711	0.00426	0.00357	0.00109	0.00432	0.00324	0.00310	0.08153
11	0.17333	0.00790	0.00969	0.05749	0.07028	0.04596	0.06080	0.06988	0.02260	0.08559	0.01049	0.07607	0.02558	0.02388	0.06131	0.00161	0.03028	0.02528	0.00280	0.13918
12	0.02354	0.32056	0.22610	0.01046	0.03718	0.05018	0.14629	0.03961	0.00928	0.09035	0.00761	0.00862	0.00582	0.00375	0.00352	0.00112	0.00517	0.00308	0.00218	0.00560
13	0.01226	0.04982	0.04850	0.04636	0.11850	0.09691	0.13374	0.04655	0.05555	0.14115	0.06953	0.03118	0.07137	0.00608	0.00523	0.00152	0.05133	0.00489	0.00342	0.00611
14	0.00915	0.00871	0.01489	0.12975	0.62920	0.00890	0.03579	0.01144	0.00886	0.01246	0.00883	0.08725	0.00805	0.00444	0.00410	0.00125	0.00468	0.00432	0.00212	0.00580
15	0.03569	0.00787	0.00754	0.05992	0.00943	0.14733	0.00548	0.04974	0.11367	0.04657	0.08075	0.15561	0.06765	0.11495	0.04247	0.00188	0.00419	0.04174	0.00322	0.00429
16	0.01063	0.32046	0.10682	0.00914	0.05066	0.01078	0.07347	0.08535	0.00966	0.11329	0.01084	0.10562	0.03373	0.00523	0.00391	0.00118	0.02403	0.01714	0.00268	0.00536
17	0.00497	0.00355	0.00475	0.00568	0.00595	0.00333	0.00387	0.00573	0.00776	0.01033	0.02206	0.81393	0.02634	0.01249	0.00514	0.00164	0.00240	0.05310	0.00372	0.00328
18	0.00862	0.00837	0.01514	0.03711	0.01472	0.00818	0.39770	0.08531	0.01020	0.02756	0.06514	0.01967	0.19733	0.00590	0.00506	0.00137	0.04370	0.04124	0.00284	0.00485
19	0.00987	0.00897	0.01518	0.17481	0.64862	0.00925	0.01180	0.01226	0.00904	0.05037	0.00785	0.01024	0.00633	0.00372	0.00398	0.00122	0.00481	0.00359	0.00208	0.00603

[dist]
# distance from previous block
# <min> <max>
0	1

[block]
# block no. 6 follows, 67 sequences, length 21
# corresponding to MSA columns:
# 337-357
name=unknown_G
#
# <colnr> <probs for GDERKNQSTAVLIFYWHMCP>
#	G	D	E	R	K	N	Q	S	T	A	V	L	I	F	Y	W	H	M	C	P
0	0.01020	0.01049	0.01461	0.18184	0.53257	0.13544	0.01130	0.01240	0.00918	0.01196	0.00720	0.00964	0.00595	0.00383	0.00416	0.00121	0.02695	0.00342	0.00195	0.00568
1	0.00969	0.00983	0.01507	0.25915	0.43960	0.08800	0.07944	0.01230	0.02578	0.01203	0.00753	0.01007	0.00605	0.00377	0.00401	0.00124	0.00530	0.00359	0.00198	0.00557
2	0.00597	0.00411	0.00525	0.00523	0.00567	0.00430	0.00356	0.00663	0.00648	0.02806	0.01423	0.05146	0.06864	0.44393	0.32454	0.00453	0.00625	0.00559	0.00252	0.00305
3	0.00927	0.15420	0.16867	0.00889	0.04628	0.02287	0.07205	0.02785	0.02897	0.07295	0.06355	0.06317	0.03931	0.02454	0.00409	0.00115	0.00415	0.00405	0.00261	0.18136
4	0.00575	0.00391	0.00465	0.00477	0.00490	0.00393	0.00292	0.00604	0.00631	0.00848	0.03372	0.10781	0.01627	0.66362	0.07981	0.00372	0.00419	0.03388	0.00263	0.00267
5	0.04349	0.09020	0.18574	0.01181	0.19823	0.02920	0.00905	0.03220	0.09465	0.03769	0.03247	0.02755	0.00785	0.00410	0.00360	0.00109	0.00425	0.00338	0.00246	0.18098
6	0.00826	0.07673	0.01145	0.03282	0.31528	0.00782	0.01876	0.02440	0.06523	0.02603	0.08501	0.11152	0.12550	0.00756	0.05019	0.00156	0.01854	0.00546	0.00283	0.00505
7	0.01540	0.00972	0.01096	0.00851	0.01157	0.01034	0.00699	0.53349	0.07428	0.24032	0.02912	0.01151	0.00869	0.00497	0.00404	0.00123	0.00401	0.00387	0.00428	0.00672
8	0.04749	0.40117	0.19729	0.00910	0.04405	0.06121	0.02751	0.04510	0.06951	0.03459	0.00737	0.00816	0.00591	0.00381	0.00322	0.00105	0.00472	0.00276	0.00215	0.02384
9	0.00868	0.01060	0.21313	0.02185	0.11267	0.01788	0.09304	0.01108	0.00853	0.06604	0.05377	0.06541	0.00969	0.05464	0.03568	0.02102	0.05511	0.00423	0.00242	0.13454
10	0.00623	0.00430	0.00546	0.00525	0.00634	0.00401	0.00402	0.00779	0.00999	0.05970	0.43650	0.03029	0.20473	0.04068	0.09864	0.00199	0.00319	0.06319	0.00392	0.00379
11	0.00581	0.00498	0.00495	0.00507	0.00615	0.05493	0.00368	0.02638	0.00922	0.01143	0.08514	0.27076	0.45041	0.01005	0.00470	0.00139	0.00248	0.00861	0.03029	0.00355
12	0.00970	0.05210	0.16606	0.04365	0.30264	0.07387	0.05833	0.02498	0.00911	0.02972	0.00792	0.03480	0.00661	0.01172	0.00391	0.00113	0.00487	0.00345	0.00214	0.15328
13	0.00549	0.00479	0.03738	0.00542	0.00648	0.00434	0.00428	0.00669	0.00767	0.01004	0.04079	0.02724	0.32407	0.14852	0.31367	0.00362	0.00572	0.03749	0.00288	0.00343
14	0.00546	0.00442	0.00631	0.00626	0.00724	0.00405	0.07042	0.00669	0.00868	0.01127	0.08895	0.41023	0.24237	0.01066	0.00500	0.00153	0.00273	0.10054	0.00364	0.00356
15	0.01071	0.66958	0.13606	0.00779	0.01148	0.06872	0.00806	0.02934	0.00863	0.01026	0.00593	0.00684	0.00517	0.00356	0.00285	0.00093	0.00472	0.00232	0.00178	0.00526
16	0.01441	0.02754	0.04339	0.00907	0.04655	0.03522	0.00733	0.45395	0.02898	0.21091	0.01309	0.01261	0.06812	0.00511	0.00402	0.00122	0.00414	0.00399	0.00393	0.00641
17	0.02468	0.03872	0.00809	0.04149	0.05904	0.00552	0.07620	0.02044	0.02197	0.01134	0.07520	0.23581	0.21220	0.12608	0.00679	0.00174	0.00327	0.02440	0.00316	0.00385
18	0.00761	0.00740	0.01351	0.06847	0.07969	0.00714	0.30924	0.01039	0.03837	0.01370	0.28962	0.02030	0.10500	0.00586	0.00460	0.00131	0.00423	0.00580	0.00307	0.00469
19	0.00957	0.08413	0.05586	0.02456	0.09213	0.06602	0.46513	0.01232	0.00952	0.02792	0.05908	0.01274	0.05349	0.00417	0.00434	0.00126	0.00573	0.00451	0.00227	0.00525
20	0.05556	0.05721	0.18655	0.00972	0.05383	0.27282	0.00851	0.05496	0.02560	0.08017	0.06230	0.01144	0.04008	0.02031	0.00427	0.00121	0.02586	0.00349	0.00258	0.02353

[dist]
# distance from previous block
# <min> <max>
0	69

[block]
# block no. 7 follows, 67 sequences, length 12
# corresponding to MSA columns:
# 427-438
name=unknown_H
#
# <colnr> <probs for GDERKNQSTAVLIFYWHMCP>
#	G	D	E	R	K	N	Q	S	T	A	V	L	I	F	Y	W	H	M	C	P
0	0.00920	0.00820	0.01305	0.12911	0.07109	0.02041	0.21696	0.02780	0.19898	0.06451	0.04902	0.10022	0.04924	0.00561	0.00452	0.00136	0.01713	0.00529	0.00304	0.00526
1	0.00985	0.04058	0.01564	0.13950	0.65440	0.04631	0.01174	0.01217	0.00904	0.01242	0.00735	0.00979	0.00611	0.00365	0.00391	0.00119	0.00494	0.00348	0.00195	0.00597
2	0.00992	0.27355	0.34374	0.01016	0.04755	0.06268	0.05436	0.04276	0.00913	0.04513	0.00855	0.04004	0.02743	0.00425	0.00357	0.00114	0.00512	0.00333	0.00210	0.00551
3	0.01054	0.01094	0.00884	0.00888	0.05761	0.34317	0.00625	0.05266	0.03982	0.04138	0.11065	0.23616	0.03012	0.00714	0.00427	0.00127	0.00459	0.01812	0.00311	0.00449
4	0.00837	0.00749	0.10453	0.00781	0.00977	0.01994	0.04848	0.05471	0.00897	0.10538	0.04395	0.02153	0.04387	0.05440	0.28350	0.00322	0.00640	0.16026	0.00297	0.00448
5	0.01317	0.02909	0.07596	0.00813	0.01064	0.18985	0.00682	0.10009	0.03528	0.29104	0.01317	0.16412	0.01114	0.00666	0.02493	0.00139	0.00455	0.00490	0.00357	0.00550
6	0.01088	0.05302	0.16979	0.01264	0.12551	0.05818	0.14262	0.13913	0.19453	0.03857	0.00993	0.01067	0.00744	0.00426	0.00401	0.00125	0.00498	0.00376	0.00280	0.00605
7	0.00590	0.00447	0.00647	0.00638	0.00697	0.00523	0.00487	0.00711	0.00635	0.00913	0.01071	0.01677	0.01038	0.13705	0.69396	0.00588	0.05228	0.00446	0.00217	0.00347
8	0.00750	0.00673	0.00920	0.02586	0.24253	0.04004	0.00680	0.00964	0.03953	0.01368	0.34666	0.05161	0.11825	0.00686	0.00496	0.00129	0.05501	0.00592	0.00330	0.00462
9	0.00897	0.31152	0.55561	0.00985	0.01491	0.01158	0.01207	0.01246	0.00836	0.01157	0.00664	0.00776	0.00510	0.00368	0.00338	0.00113	0.00536	0.00268	0.00170	0.00566
10	0.01173	0.00800	0.00969	0.00789	0.01060	0.00817	0.04350	0.08793	0.35799	0.20647	0.07175	0.01414	0.01188	0.00503	0.00399	0.00120	0.00338	0.00424	0.00397	0.12843
11	0.00824	0.00743	0.01068	0.35473	0.10045	0.00741	0.00820	0.01080	0.03890	0.01205	0.00751	0.00970	0.00597	0.00355	0.00354	0.00099	0.00414	0.00307	0.00216	0.40049

[dist]
# distance from previous block
# <min> <max>
0	1

[block]
# block no. 8 follows, 67 sequences, length 35
# corresponding to MSA columns:
# 440-474
name=unknown_I
#
# <colnr> <probs for GDERKNQSTAVLIFYWHMCP>
#	G	D	E	R	K	N	Q	S	T	A	V	L	I	F	Y	W	H	M	C	P
0	0.00584	0.00403	0.00523	0.00522	0.00552	0.00429	0.00350	0.00635	0.00618	0.00853	0.03218	0.02168	0.01307	0.48234	0.33297	0.04626	0.00643	0.00517	0.00234	0.00287
1	0.00806	0.00626	0.00890	0.03436	0.22780	0.00642	0.01804	0.05792	0.03861	0.03075	0.01108	0.04068	0.01125	0.41566	0.03225	0.03608	0.00430	0.00494	0.00251	0.00412
2	0.01220	0.00781	0.07434	0.04665	0.01076	0.00632	0.00630	0.07586	0.02330	0.35562	0.08926	0.01609	0.10008	0.00534	0.00397	0.00115	0.00341	0.00439	0.00385	0.15325
3	0.05894	0.01007	0.07040	0.01025	0.01353	0.04049	0.22052	0.16018	0.07632	0.21940	0.01148	0.01179	0.02142	0.00445	0.00405	0.00125	0.00465	0.00401	0.05085	0.00591
4	0.00828	0.01933	0.73428	0.01310	0.12068	0.00934	0.01450	0.01265	0.00855	0.01275	0.00724	0.00865	0.00524	0.00378	0.00383	0.00126	0.00578	0.00304	0.00173	0.00598
5	0.00993	0.00953	0.01628	0.02462	0.83404	0.00953	0.01231	0.01231	0.00913	0.01310	0.00754	0.00993	0.00635	0.00357	0.00397	0.00119	0.00476	0.00357	0.00199	0.00635
6	0.01048	0.01027	0.01552	0.05622	0.69737	0.07579	0.01168	0.05064	0.00972	0.01330	0.00752	0.00973	0.00624	0.00369	0.00395	0.00119	0.00497	0.00350	0.00208	0.00616
7	0.00980	0.01929	0.01302	0.15640	0.40610	0.00853	0.00967	0.04290	0.04782	0.06172	0.02222	0.02524	0.00748	0.00399	0.00384	0.00113	0.00430	0.00363	0.00243	0.15046
8	0.00489	0.00355	0.00463	0.00546	0.00579	0.00328	0.00367	0.00564	0.00788	0.01042	0.04297	0.77519	0.08727	0.01228	0.00508	0.00160	0.00229	0.01108	0.00374	0.00328
9	0.01155	0.54677	0.01746	0.00811	0.01091	0.23732	0.01971	0.01279	0.00887	0.00960	0.00597	0.00720	0.00537	0.00485	0.03680	0.00118	0.04633	0.00245	0.00183	0.00492
10	0.00516	0.00370	0.00500	0.00563	0.00595	0.00367	0.00386	0.00597	0.00737	0.01000	0.04120	0.59617	0.02256	0.09131	0.16961	0.00276	0.00409	0.00941	0.00332	0.00326
11	0.00928	0.00938	0.01292	0.19443	0.26357	0.09310	0.00995	0.01108	0.00822	0.01114	0.04580	0.01051	0.00723	0.00550	0.02150	0.00148	0.27429	0.00364	0.00199	0.00498
12	0.17154	0.02497	0.01086	0.27234	0.01601	0.29377	0.00832	0.01244	0.00867	0.01142	0.00623	0.00840	0.00509	0.00443	0.00492	0.00127	0.12988	0.00294	0.00200	0.00450
13	0.01311	0.00846	0.01353	0.01772	0.50925	0.00810	0.00978	0.01516	0.01006	0.33786	0.01081	0.01139	0.00776	0.00412	0.00400	0.00121	0.00423	0.00375	0.00316	0.00654
14	0.00949	0.00895	0.01509	0.03815	0.73909	0.00899	0.01138	0.01167	0.00880	0.01256	0.00799	0.01133	0.00705	0.07193	0.01948	0.00150	0.00481	0.00376	0.00202	0.00596
15	0.00481	0.00407	0.00416	0.00413	0.00546	0.00341	0.00310	0.00589	0.00930	0.01121	0.09777	0.03797	0.77503	0.01002	0.00474	0.00135	0.00202	0.00838	0.00377	0.00341
16	0.00540	0.00389	0.00512	0.00523	0.00593	0.00360	0.00376	0.00689	0.01009	0.01407	0.55355	0.31406	0.03395	0.00970	0.00486	0.00139	0.00204	0.00868	0.00418	0.00360
17	0.01550	0.01082	0.01178	0.00903	0.01223	0.01183	0.00746	0.74606	0.01817	0.10085	0.01021	0.01000	0.00711	0.00483	0.00401	0.00121	0.00432	0.00365	0.00410	0.00682
18	0.00832	0.00713	0.00832	0.00594	0.00950	0.00535	0.00475	0.01010	0.00832	0.01307	0.00713	0.00832	0.00594	0.00297	0.00297	0.00059	0.00297	0.00238	0.00238	0.88357
19	0.00489	0.00349	0.00465	0.00558	0.00582	0.00326	0.00372	0.00558	0.00768	0.01024	0.02210	0.85644	0.02653	0.01256	0.00512	0.00163	0.00233	0.01140	0.00372	0.00326
20	0.00998	0.00862	0.00907	0.00816	0.01043	0.00998	0.00635	0.02131	0.82679	0.01678	0.01632	0.01496	0.01224	0.00544	0.00408	0.00136	0.00317	0.00453	0.00408	0.00635
21	0.00998	0.00862	0.00907	0.00816	0.01043	0.00998	0.00635	0.02131	0.82679	0.01678	0.01632	0.01496	0.01224	0.00544	0.00408	0.00136	0.00317	0.00453	0.00408	0.00635
22	0.00568	0.00410	0.00536	0.00505	0.00599	0.00378	0.00378	0.00757	0.01135	0.01608	0.83192	0.02996	0.03784	0.00820	0.00473	0.00126	0.00189	0.00725	0.00441	0.00378
23	0.88738	0.00776	0.00589	0.00527	0.00776	0.00900	0.00434	0.01179	0.00683	0.01799	0.00558	0.00651	0.00434	0.00372	0.00248	0.00124	0.00310	0.00217	0.00248	0.00434
24	0.01498	0.01911	0.01137	0.01033	0.01240	0.84295	0.00775	0.01601	0.01137	0.00982	0.00620	0.00723	0.00517	0.00413	0.00362	0.00103	0.00723	0.00258	0.00207	0.00465
25	0.00517	0.00370	0.00486	0.00568	0.00600	0.00351	0.00383	0.02809	0.00799	0.01065	0.02176	0.83305	0.02598	0.01235	0.00509	0.00162	0.00238	0.01119	0.00373	0.00336
26	0.00832	0.00713	0.00832	0.00594	0.00950	0.00535	0.00475	0.01010	0.00832	0.01307	0.00713	0.00832	0.00594	0.00297	0.00297	0.00059	0.00297	0.00238	0.00238	0.88357
27	0.00575	0.00421	0.00598	0.00598	0.00654	0.00476	0.00443	0.00686	0.00631	0.00897	0.01117	0.01811	0.01105	0.21610	0.65853	0.00587	0.00920	0.00464	0.00221	0.00332
28	0.00757	0.00713	0.01203	0.84942	0.02762	0.00891	0.01114	0.01025	0.00802	0.01025	0.00713	0.01069	0.00535	0.00401	0.00401	0.00134	0.00535	0.00356	0.00178	0.00446
29	0.00757	0.00713	0.01203	0.84942	0.02762	0.00891	0.01114	0.01025	0.00802	0.01025	0.00713	0.01069	0.00535	0.00401	0.00401	0.00134	0.00535	0.00356	0.00178	0.00446
30	0.00489	0.00349	0.00465	0.00558	0.00582	0.00326	0.00372	0.00558	0.00768	0.01024	0.02210	0.85644	0.02653	0.01256	0.00512	0.00163	0.00233	0.01140	0.00372	0.00326
31	0.00646	0.00456	0.00632	0.00721	0.00812	0.00455	0.00626	0.00827	0.00916	0.01206	0.02098	0.06566	0.02273	0.01090	0.00543	0.00181	0.00359	0.75823	0.03403	0.00368
32	0.00880	0.00834	0.01413	0.36100	0.47303	0.00906	0.01151	0.01129	0.00876	0.01205	0.03863	0.01100	0.00714	0.00393	0.00402	0.00125	0.00489	0.00371	0.00199	0.00548
33	0.01064	0.00959	0.01225	0.01423	0.29710	0.04914	0.03011	0.10228	0.36800	0.01563	0.01154	0.01207	0.00894	0.00490	0.00443	0.03175	0.00416	0.00398	0.00311	0.00614
34	0.00502	0.00358	0.00479	0.00565	0.00592	0.00340	0.00384	0.00577	0.00763	0.01019	0.02131	0.76128	0.02534	0.04242	0.03744	0.00190	0.00276	0.04487	0.00362	0.00326

[dist]
# distance from previous block
# <min> <max>
0	1

[block]
# block no. 9 follows, 67 sequences, length 33
# corresponding to MSA columns:
# 476-508
name=unknown_J
#
# <colnr> <probs for GDERKNQSTAVLIFYWHMCP>
#	G	D	E	R	K	N	Q	S	T	A	V	L	I	F	Y	W	H	M	C	P
0	0.79038	0.03321	0.00684	0.00564	0.00821	0.00948	0.00469	0.07779	0.00785	0.01834	0.00591	0.00677	0.00457	0.00380	0.00261	0.00123	0.00324	0.00229	0.00258	0.00457
1	0.01573	0.00619	0.00819	0.00646	0.00911	0.00544	0.00527	0.01735	0.01092	0.66433	0.03939	0.01437	0.01081	0.00501	0.00383	0.00119	0.00309	0.00407	0.16307	0.00618
2	0.01094	0.81757	0.02051	0.00704	0.01040	0.05897	0.00691	0.01222	0.00832	0.00946	0.00561	0.00647	0.00515	0.00347	0.00263	0.00087	0.00444	0.00217	0.00173	0.00512
3	0.00560	0.00434	0.00542	0.00512	0.00611	0.00416	0.00389	0.00720	0.01036	0.01419	0.56006	0.03066	0.24043	0.00930	0.03020	0.00147	0.04648	0.00728	0.00403	0.00371
4	0.00998	0.00862	0.00907	0.00816	0.01043	0.00998	0.00635	0.02131	0.82679	0.01678	0.01632	0.01496	0.01224	0.00544	0.00408	0.00136	0.00317	0.00453	0.00408	0.00635
5	0.00573	0.00428	0.00638	0.00638	0.00707	0.00498	0.00493	0.00712	0.00643	0.00926	0.01080	0.01610	0.01017	0.05701	0.81644	0.00636	0.01052	0.00435	0.00216	0.00354
6	0.07458	0.01079	0.01139	0.00881	0.01191	0.01197	0.00727	0.74353	0.01775	0.02450	0.00945	0.00956	0.00674	0.00474	0.00387	0.00120	0.00425	0.00352	0.02759	0.00657
7	0.00804	0.02074	0.83828	0.01143	0.01736	0.00931	0.01482	0.01270	0.00847	0.01270	0.00720	0.00847	0.00508	0.00381	0.00381	0.00127	0.00593	0.00296	0.00169	0.00593
8	0.00646	0.00462	0.00646	0.00739	0.00831	0.00462	0.00646	0.00831	0.00923	0.01200	0.02123	0.04524	0.02308	0.01108	0.00554	0.00185	0.00369	0.80704	0.00369	0.00369
9	0.01799	0.00683	0.00931	0.00714	0.01024	0.00589	0.00589	0.01954	0.01148	0.83682	0.01582	0.01365	0.00993	0.00496	0.00403	0.00124	0.00341	0.00403	0.00496	0.00683
10	0.00497	0.00354	0.00469	0.00559	0.00583	0.00332	0.00375	0.00567	0.00765	0.01019	0.02170	0.80023	0.02595	0.04668	0.00575	0.00173	0.00243	0.03345	0.00367	0.00324
11	0.07681	0.00855	0.00992	0.00775	0.01074	0.00873	0.00637	0.32009	0.05813	0.40544	0.01272	0.01175	0.00851	0.00484	0.00388	0.00122	0.00371	0.00376	0.03055	0.00653
12	0.00629	0.00516	0.00635	0.00721	0.07396	0.04071	0.00476	0.00801	0.03991	0.01285	0.31356	0.32659	0.06783	0.02927	0.00514	0.00147	0.00269	0.04061	0.00374	0.00388
13	0.00862	0.00731	0.00848	0.00608	0.00963	0.00565	0.00488	0.04526	0.00877	0.01360	0.00724	0.00837	0.00598	0.00305	0.00302	0.00062	0.00303	0.00243	0.00245	0.84554
14	0.00499	0.00358	0.00475	0.00557	0.00590	0.00334	0.00380	0.00581	0.00801	0.01070	0.07583	0.75499	0.04608	0.01217	0.00510	0.00161	0.00234	0.03835	0.00377	0.00331
15	0.00514	0.00415	0.00453	0.00460	0.00577	0.00364	0.00342	0.02386	0.00936	0.01164	0.11855	0.16128	0.58796	0.01023	0.00480	0.00140	0.00216	0.03024	0.00380	0.00349
16	0.00988	0.01207	0.08899	0.01579	0.01986	0.05299	0.67687	0.04804	0.00989	0.01322	0.00801	0.01039	0.00599	0.00352	0.00457	0.00132	0.00662	0.00443	0.00209	0.00547
17	0.84846	0.00771	0.00605	0.00536	0.00787	0.00886	0.00441	0.01214	0.00703	0.05466	0.00604	0.00683	0.00459	0.00378	0.00255	0.00124	0.00312	0.00225	0.00259	0.00445
18	0.01164	0.00887	0.01156	0.00944	0.01187	0.00987	0.10354	0.10187	0.40699	0.15200	0.01317	0.01292	0.00968	0.00525	0.00529	0.00137	0.11061	0.00425	0.00368	0.00612
19	0.01338	0.01589	0.01203	0.03089	0.15898	0.57926	0.00839	0.04234	0.01090	0.01121	0.00665	0.00796	0.00550	0.00396	0.00365	0.00104	0.00631	0.00280	0.00214	0.07673
20	0.01473	0.01009	0.01117	0.00851	0.01175	0.01060	0.00701	0.60378	0.01646	0.13691	0.01017	0.01002	0.00714	0.00460	0.00388	0.00113	0.00409	0.00351	0.00393	0.12052
21	0.00804	0.02074	0.83828	0.01143	0.01736	0.00931	0.01482	0.01270	0.00847	0.01270	0.00720	0.00847	0.00508	0.00381	0.00381	0.00127	0.00593	0.00296	0.00169	0.00593
22	0.00697	0.00348	0.00522	0.00522	0.00522	0.00348	0.00348	0.00522	0.00522	0.00697	0.00697	0.01219	0.00697	0.01393	0.01567	0.88332	0.00348	0.00348	0.00174	0.00174
23	0.01799	0.00683	0.00931	0.00714	0.01024	0.00589	0.00589	0.01954	0.01148	0.83682	0.01582	0.01365	0.00993	0.00496	0.00403	0.00124	0.00341	0.00403	0.00496	0.00683
24	0.00489	0.00349	0.00465	0.00558	0.00582	0.00326	0.00372	0.00558	0.00768	0.01024	0.02210	0.85644	0.02653	0.01256	0.00512	0.00163	0.00233	0.01140	0.00372	0.00326
25	0.00813	0.00671	0.00781	0.00596	0.00904	0.00533	0.00473	0.01030	0.05111	0.03236	0.01165	0.04925	0.07524	0.00441	0.00337	0.00080	0.00291	0.02956	0.00274	0.67859
26	0.00959	0.00930	0.01610	0.12787	0.63733	0.00952	0.07781	0.01240	0.03706	0.01285	0.00784	0.01027	0.00641	0.00368	0.00404	0.00123	0.00495	0.00370	0.00203	0.00604
27	0.01726	0.00718	0.00938	0.00722	0.01025	0.00652	0.00596	0.10716	0.01216	0.71367	0.01503	0.01326	0.00960	0.00494	0.00398	0.00122	0.00346	0.00397	0.04107	0.00670
28	0.00877	0.00877	0.01228	0.01053	0.01053	0.01228	0.00877	0.00965	0.00614	0.00965	0.00526	0.00877	0.00526	0.00702	0.01316	0.00175	0.85172	0.00351	0.00175	0.00439
29	0.00904	0.00766	0.05214	0.05369	0.16768	0.01835	0.04224	0.09239	0.03764	0.07557	0.17874	0.03824	0.11890	0.00597	0.00418	0.00124	0.00355	0.00520	0.08253	0.00505
30	0.01354	0.03857	0.12369	0.00933	0.01281	0.01185	0.00843	0.59707	0.10738	0.02214	0.00992	0.00997	0.00714	0.00471	0.00395	0.00122	0.00448	0.00358	0.00364	0.00659
