[name]
unknown

[dist]
# distance from previous block
# <min> <max>
0	15

[block]
# block no. 0 follows, 61 sequences, length 40
# corresponding to MSA columns:
# 15-54
name=unknown_A
#
# <colnr> <probs for GDERKNQSTAVLIFYWHMCP>
#	G	D	E	R	K	N	Q	S	T	A	V	L	I	F	Y	W	H	M	C	P
0	0.02146	0.12486	0.16968	0.02158	0.09676	0.03754	0.10178	0.07821	0.06628	0.01433	0.05088	0.05060	0.05988	0.01984	0.02732	0.00152	0.00511	0.02322	0.00277	0.02638
1	0.00953	0.15940	0.04483	0.02228	0.01275	0.04298	0.18457	0.06813	0.02085	0.02644	0.05685	0.13484	0.07662	0.03655	0.00523	0.00145	0.01696	0.03351	0.00297	0.04326
2	0.00641	0.00560	0.01596	0.03287	0.03965	0.01774	0.02945	0.00777	0.00915	0.01210	0.13026	0.25711	0.23926	0.03043	0.07384	0.00204	0.06049	0.00826	0.00352	0.01810
3	0.02055	0.02390	0.13879	0.05068	0.05438	0.09862	0.07866	0.09875	0.03022	0.02504	0.09022	0.04727	0.04519	0.09747	0.00699	0.00168	0.06366	0.00488	0.00287	0.02017
4	0.04085	0.34669	0.20866	0.01060	0.07416	0.03465	0.03657	0.02881	0.03124	0.01231	0.00826	0.05829	0.00743	0.02229	0.00470	0.00129	0.06178	0.00361	0.00218	0.00562
5	0.00566	0.00411	0.00509	0.00559	0.00626	0.00378	0.00387	0.00678	0.02144	0.02428	0.11900	0.51911	0.19845	0.04806	0.00603	0.00173	0.00248	0.01056	0.00405	0.00366
6	0.02353	0.00914	0.03328	0.48925	0.18017	0.02161	0.03984	0.06603	0.03450	0.01317	0.00830	0.01132	0.00642	0.00507	0.02605	0.00154	0.01920	0.00388	0.00223	0.00547
7	0.03516	0.02729	0.03637	0.06492	0.02643	0.09076	0.07652	0.20268	0.06441	0.02976	0.01535	0.12817	0.10088	0.02055	0.00538	0.03028	0.02103	0.00560	0.01313	0.00533
8	0.02586	0.07897	0.11787	0.09495	0.05323	0.11794	0.13207	0.04271	0.03526	0.10454	0.04217	0.01375	0.03630	0.00511	0.00470	0.00135	0.04035	0.03091	0.01631	0.00565
9	0.00530	0.00377	0.00498	0.00593	0.00616	0.00353	0.00392	0.00601	0.00814	0.01085	0.02320	0.80209	0.02780	0.05815	0.00638	0.00188	0.00259	0.01193	0.00392	0.00345
10	0.00782	0.00686	0.01096	0.56502	0.04344	0.00820	0.00967	0.01034	0.02688	0.02258	0.01091	0.05862	0.03482	0.07937	0.08493	0.00220	0.00578	0.00476	0.00230	0.00454
11	0.03094	0.02217	0.16007	0.09729	0.17962	0.07560	0.16047	0.05707	0.02371	0.01384	0.02141	0.03705	0.00785	0.00549	0.02643	0.00154	0.05659	0.01473	0.00235	0.00578
12	0.01721	0.01126	0.01203	0.00934	0.01267	0.06683	0.00766	0.52507	0.01740	0.25795	0.01203	0.01142	0.00818	0.00517	0.00429	0.00129	0.00463	0.00394	0.00446	0.00717
13	0.01443	0.00805	0.00956	0.00771	0.01038	0.00809	0.00622	0.26657	0.04966	0.31276	0.13491	0.05123	0.02925	0.00624	0.00441	0.00133	0.00356	0.00512	0.06415	0.00637
14	0.00995	0.03469	0.01215	0.02435	0.07951	0.04990	0.13422	0.10566	0.11276	0.03751	0.08060	0.10220	0.11602	0.00668	0.00460	0.00137	0.00423	0.01743	0.02444	0.04174
15	0.00830	0.11704	0.17750	0.04567	0.07326	0.00842	0.05302	0.01118	0.04931	0.02616	0.10433	0.18751	0.06263	0.00708	0.00465	0.00140	0.02146	0.00613	0.02982	0.00512
16	0.00530	0.00379	0.00506	0.00606	0.00634	0.00355	0.00410	0.00609	0.00830	0.01106	0.02371	0.81948	0.02837	0.01344	0.00551	0.00176	0.00255	0.03802	0.00400	0.00351
17	0.03450	0.02894	0.06810	0.03568	0.01396	0.07187	0.05346	0.49166	0.06612	0.02172	0.01069	0.05115	0.00833	0.00532	0.00428	0.00132	0.00497	0.00422	0.01716	0.00656
18	0.01090	0.10299	0.16084	0.16691	0.09025	0.13332	0.16355	0.04038	0.01016	0.03195	0.00838	0.01121	0.00669	0.00439	0.00434	0.00132	0.01481	0.02970	0.00223	0.00567
19	0.00659	0.00415	0.00578	0.03820	0.00733	0.00401	0.00447	0.00699	0.00816	0.04463	0.06657	0.48685	0.03731	0.01274	0.00801	0.20291	0.00299	0.04538	0.00353	0.00339
20	0.03309	0.01262	0.01471	0.01807	0.39960	0.21137	0.02654	0.09937	0.01116	0.01449	0.00797	0.00995	0.00657	0.00450	0.00497	0.00129	0.07838	0.00357	0.03572	0.00607
21	0.00535	0.00380	0.00502	0.00595	0.00620	0.00357	0.00396	0.00608	0.00815	0.01086	0.02303	0.77418	0.02754	0.07014	0.00662	0.00192	0.00264	0.02763	0.00390	0.00345
22	0.00695	0.00568	0.00715	0.00701	0.00775	0.04769	0.00532	0.00849	0.02648	0.01044	0.04015	0.05229	0.01288	0.12955	0.54113	0.00534	0.05202	0.01665	0.01316	0.00386
23	0.06721	0.01253	0.01817	0.05602	0.11071	0.18579	0.36011	0.01376	0.00999	0.01307	0.02230	0.01065	0.00681	0.00476	0.01862	0.00147	0.07618	0.00414	0.00222	0.00547
24	0.14508	0.01017	0.01112	0.00864	0.01194	0.01082	0.00714	0.46676	0.01609	0.25199	0.01158	0.01107	0.00788	0.00504	0.00407	0.00131	0.00423	0.00378	0.00436	0.00693
25	0.03269	0.00910	0.01097	0.00847	0.01180	0.00903	0.00698	0.30157	0.03980	0.50143	0.01445	0.01303	0.00945	0.00527	0.00430	0.00132	0.00404	0.00415	0.00489	0.00727
26	0.01045	0.01002	0.01710	0.09498	0.75487	0.01018	0.01311	0.01303	0.00971	0.01381	0.00806	0.01073	0.00673	0.00388	0.00427	0.00129	0.00517	0.00384	0.00211	0.00665
27	0.00748	0.00374	0.00561	0.00561	0.00561	0.00374	0.00374	0.00561	0.00561	0.00748	0.00748	0.01309	0.00748	0.01496	0.01684	0.87467	0.00374	0.00374	0.00187	0.00187
28	0.01443	0.00883	0.00990	0.00794	0.01062	0.00928	0.00643	0.42491	0.01545	0.18407	0.01338	0.06913	0.01022	0.00574	0.00412	0.00127	0.00379	0.00457	0.18955	0.00636
29	0.03714	0.00817	0.01004	0.00797	0.01098	0.00792	0.00648	0.20294	0.04437	0.50250	0.01633	0.08478	0.02808	0.00609	0.00440	0.00137	0.00377	0.00497	0.00485	0.00684
30	0.00864	0.02228	0.82630	0.01228	0.01864	0.01000	0.01592	0.01364	0.00909	0.01364	0.00773	0.00909	0.00546	0.00409	0.00409	0.00136	0.00637	0.00318	0.00182	0.00637
31	0.01874	0.00718	0.00979	0.00759	0.01080	0.00621	0.00623	0.02037	0.01216	0.79076	0.01728	0.04936	0.01141	0.00567	0.00438	0.00135	0.00362	0.00466	0.00528	0.00717
32	0.00530	0.00381	0.00504	0.00593	0.00625	0.00354	0.00399	0.00615	0.00855	0.01143	0.07814	0.77470	0.04495	0.01313	0.00546	0.00172	0.00246	0.01188	0.00405	0.00354
33	0.01246	0.01343	0.01014	0.00915	0.01102	0.42983	0.03553	0.03302	0.04465	0.03560	0.07361	0.04424	0.04653	0.00632	0.00489	0.03780	0.01943	0.03806	0.08955	0.00476
34	0.76135	0.03114	0.00737	0.00608	0.00886	0.00997	0.00505	0.06695	0.00845	0.05323	0.00675	0.00754	0.00512	0.00413	0.00285	0.00132	0.00348	0.00252	0.00287	0.00498
35	0.00615	0.02703	0.00629	0.00674	0.00749	0.00450	0.00529	0.00751	0.00920	0.01206	0.05706	0.41561	0.06525	0.01224	0.00558	0.00179	0.00314	0.33931	0.00396	0.00378
36	0.02000	0.03039	0.02804	0.06451	0.09205	0.00767	0.08920	0.05036	0.04840	0.14138	0.05217	0.02670	0.01056	0.00530	0.01580	0.00129	0.01628	0.00428	0.20407	0.09156
37	0.00986	0.13455	0.25896	0.01124	0.06373	0.02364	0.11071	0.04441	0.02211	0.02771	0.03148	0.01146	0.04333	0.00437	0.00410	0.00117	0.01804	0.00368	0.00241	0.17303
38	0.03872	0.02227	0.05793	0.00767	0.04269	0.00633	0.03099	0.02119	0.08494	0.03660	0.07806	0.14415	0.16846	0.04501	0.00520	0.00142	0.00335	0.01572	0.00342	0.18589
39	0.03068	0.06163	0.13856	0.00964	0.02473	0.07189	0.04946	0.18846	0.13942	0.01696	0.03910	0.04348	0.04894	0.00546	0.00419	0.00127	0.00463	0.02028	0.00325	0.09796

[dist]
# distance from previous block
# <min> <max>
2	109

[block]
# block no. 1 follows, 61 sequences, length 62
# corresponding to MSA columns:
# 175-205,208-238
name=unknown_B
#
# <colnr> <probs for GDERKNQSTAVLIFYWHMCP>
#	G	D	E	R	K	N	Q	S	T	A	V	L	I	F	Y	W	H	M	C	P
0	0.01013	0.03984	0.03610	0.08023	0.18342	0.01942	0.05080	0.10024	0.09203	0.03839	0.02740	0.12323	0.01200	0.01523	0.00555	0.00148	0.07679	0.05447	0.00306	0.03019
1	0.00961	0.28162	0.53624	0.01102	0.01645	0.01225	0.05083	0.01342	0.00904	0.01255	0.00723	0.00853	0.00553	0.00394	0.00372	0.00123	0.00586	0.00300	0.00184	0.00608
2	0.00919	0.03247	0.05016	0.10872	0.02851	0.03041	0.15628	0.08158	0.03315	0.03323	0.01077	0.05970	0.00954	0.04833	0.25306	0.00319	0.03928	0.00481	0.00260	0.00501
3	0.03138	0.65089	0.03771	0.00755	0.01087	0.07395	0.00718	0.01295	0.03073	0.01066	0.00719	0.02505	0.00675	0.05078	0.00404	0.00116	0.00472	0.00285	0.00206	0.02153
4	0.00882	0.00748	0.01160	0.06297	0.28171	0.02016	0.06241	0.04115	0.00970	0.03547	0.02743	0.29847	0.02432	0.00749	0.00466	0.00143	0.00406	0.00691	0.06138	0.02237
5	0.00595	0.00444	0.00578	0.00594	0.00663	0.00456	0.00435	0.00706	0.00810	0.01087	0.07999	0.15187	0.16214	0.17368	0.27941	0.00383	0.01945	0.05916	0.00321	0.00356
6	0.00749	0.00608	0.02789	0.00731	0.01964	0.02597	0.00550	0.02995	0.12843	0.04176	0.02217	0.46671	0.06693	0.01090	0.00521	0.00166	0.00318	0.11479	0.00398	0.00445
7	0.00538	0.00384	0.00512	0.00601	0.00630	0.00365	0.00406	0.00619	0.00824	0.01104	0.04220	0.74447	0.02747	0.04667	0.04085	0.00206	0.00296	0.02611	0.00389	0.00350
8	0.04742	0.00725	0.00967	0.00748	0.01071	0.00634	0.00617	0.02016	0.01210	0.76577	0.03086	0.01531	0.02930	0.00547	0.00431	0.00134	0.00359	0.00443	0.00520	0.00710
9	0.03184	0.01128	0.01567	0.08436	0.25273	0.05042	0.12014	0.32026	0.02884	0.01889	0.01832	0.01087	0.00728	0.00449	0.00436	0.00132	0.00534	0.00401	0.00305	0.00654
10	0.04820	0.01108	0.01128	0.00923	0.01222	0.06344	0.00743	0.39025	0.28962	0.09200	0.01297	0.01238	0.00939	0.00532	0.00425	0.00134	0.00433	0.00413	0.00423	0.00690
11	0.00601	0.00457	0.00688	0.00700	0.00770	0.00487	0.03597	0.00732	0.00761	0.01056	0.01628	0.31777	0.01763	0.04673	0.44992	0.00459	0.00764	0.03419	0.00298	0.00377
12	0.00626	0.00419	0.00478	0.00482	0.00485	0.00420	0.00276	0.00633	0.00638	0.00851	0.01387	0.04131	0.01595	0.80567	0.03538	0.00414	0.00427	0.02099	0.00265	0.00267
13	0.05402	0.44719	0.03484	0.00882	0.01201	0.25369	0.00782	0.10168	0.01094	0.01264	0.00670	0.00762	0.00569	0.00415	0.00344	0.00106	0.01723	0.00266	0.00226	0.00554
14	0.00913	0.00543	0.00530	0.00498	0.00625	0.03532	0.00376	0.06554	0.03820	0.03381	0.01382	0.02650	0.01107	0.04140	0.00405	0.00120	0.00259	0.00420	0.68308	0.00438
15	0.01070	0.01039	0.01717	0.02540	0.76634	0.02571	0.01294	0.01315	0.00969	0.01382	0.00795	0.01055	0.00674	0.00403	0.00475	0.00131	0.04674	0.00381	0.00212	0.00668
16	0.00872	0.04493	0.80433	0.01214	0.01844	0.01020	0.01568	0.01362	0.00909	0.01355	0.00768	0.00903	0.00546	0.00408	0.00406	0.00135	0.00632	0.00316	0.00182	0.00634
17	0.00622	0.00424	0.00506	0.00509	0.00521	0.00435	0.00309	0.00649	0.00642	0.00868	0.01350	0.04631	0.01519	0.69784	0.15089	0.00456	0.00531	0.00615	0.00260	0.00283
18	0.01193	0.63208	0.12078	0.00831	0.01223	0.05228	0.00848	0.06002	0.00975	0.04026	0.00688	0.00769	0.00581	0.00391	0.00312	0.00102	0.00494	0.00260	0.00212	0.00578
19	0.00813	0.00766	0.01292	0.83826	0.02967	0.00957	0.01196	0.01101	0.00861	0.01101	0.00766	0.01148	0.00574	0.00431	0.00431	0.00144	0.00574	0.00383	0.00191	0.00479
20	0.01178	0.00539	0.00623	0.00541	0.00722	0.00516	0.00426	0.04163	0.02415	0.26077	0.01487	0.01544	0.01083	0.00513	0.00348	0.00112	0.00263	0.00412	0.56519	0.00518
21	0.03283	0.00747	0.00969	0.00768	0.01056	0.00707	0.00628	0.09137	0.03613	0.57638	0.08408	0.01566	0.01277	0.00694	0.04410	0.00161	0.02335	0.00456	0.01476	0.00672
22	0.00800	0.00728	0.00962	0.03117	0.00979	0.05015	0.03145	0.00946	0.02800	0.01024	0.00973	0.01553	0.00946	0.14739	0.33892	0.00417	0.26874	0.00451	0.00226	0.00415
23	0.00729	0.00512	0.00616	0.00575	0.00673	0.00514	0.00411	0.04012	0.07652	0.03707	0.36025	0.02744	0.05558	0.26780	0.06241	0.00258	0.00356	0.00663	0.01570	0.00403
24	0.00525	0.00375	0.00500	0.00600	0.00625	0.00350	0.00400	0.00600	0.00825	0.01100	0.02374	0.84580	0.02849	0.01350	0.00550	0.00175	0.00250	0.01225	0.00400	0.00350
25	0.01080	0.01057	0.08692	0.18955	0.49141	0.00986	0.01243	0.03525	0.02139	0.07739	0.00887	0.01107	0.00689	0.00414	0.00427	0.00133	0.00521	0.00383	0.00240	0.00642
26	0.09208	0.41630	0.07845	0.02378	0.04392	0.15675	0.02810	0.03364	0.02460	0.01227	0.00678	0.00795	0.00574	0.00405	0.00356	0.00110	0.02602	0.00274	0.00213	0.03004
27	0.01019	0.00636	0.04524	0.00584	0.00769	0.00579	0.00485	0.08616	0.04771	0.12321	0.11909	0.01712	0.01434	0.00556	0.00369	0.00116	0.00275	0.00454	0.48371	0.00500
28	0.01087	0.02196	0.03286	0.05127	0.34128	0.04289	0.07609	0.05628	0.14196	0.05480	0.07007	0.03683	0.01102	0.00537	0.01457	0.00142	0.01662	0.00459	0.00300	0.00624
29	0.07228	0.01380	0.05317	0.01121	0.01387	0.12174	0.00921	0.39112	0.04655	0.02099	0.01028	0.01196	0.00821	0.00654	0.00695	0.00171	0.18547	0.00414	0.00379	0.00700
30	0.25164	0.03853	0.00899	0.00676	0.00988	0.04874	0.00547	0.06327	0.00958	0.09532	0.00893	0.00982	0.02163	0.00496	0.02185	0.02683	0.00383	0.00296	0.00293	0.35808
31	0.06069	0.13503	0.08212	0.09654	0.19618	0.08407	0.04024	0.05097	0.00986	0.01368	0.00996	0.01221	0.04031	0.00525	0.02198	0.00137	0.02158	0.01732	0.09514	0.00550
32	0.07465	0.00593	0.00765	0.00682	0.00884	0.00542	0.00528	0.01426	0.01032	0.42479	0.01878	0.32289	0.01720	0.00842	0.00465	0.00149	0.00317	0.02685	0.02703	0.00555
33	0.00811	0.00737	0.02470	0.01490	0.36011	0.00707	0.00834	0.01063	0.05618	0.01389	0.14851	0.20300	0.09438	0.00768	0.00477	0.00143	0.00366	0.01667	0.00330	0.00529
34	0.00635	0.00417	0.00466	0.00466	0.00471	0.00417	0.00263	0.00645	0.00640	0.00874	0.01360	0.02759	0.01543	0.80665	0.02098	0.00402	0.00407	0.00615	0.04589	0.00268
35	0.00553	0.00403	0.00522	0.00601	0.00652	0.00377	0.00427	0.00651	0.00869	0.01143	0.05335	0.58148	0.11677	0.04396	0.01560	0.00188	0.00281	0.11464	0.00395	0.00357
36	0.00912	0.00869	0.01485	0.43716	0.33125	0.00977	0.04132	0.01178	0.00900	0.01222	0.00800	0.01138	0.00642	0.00551	0.04366	0.00165	0.02674	0.00391	0.00203	0.00556
37	0.00537	0.00386	0.00508	0.00602	0.00631	0.00365	0.00402	0.00632	0.02323	0.01107	0.02340	0.81182	0.02791	0.03227	0.00585	0.00180	0.00255	0.01197	0.00397	0.00354
38	0.00628	0.00480	0.00717	0.00709	0.00783	0.00569	0.00554	0.00780	0.00691	0.01001	0.01131	0.01663	0.01057	0.03134	0.79978	0.00673	0.04376	0.00458	0.00229	0.00388
39	0.01623	0.01039	0.01154	0.00893	0.01214	0.01110	0.00735	0.57707	0.01765	0.18792	0.01202	0.01173	0.00833	0.00519	0.00420	0.00128	0.00428	0.00398	0.08164	0.00703
40	0.00818	0.02725	0.05750	0.08947	0.14411	0.00750	0.01792	0.03776	0.11313	0.01364	0.03466	0.17513	0.10063	0.00824	0.00488	0.00155	0.00398	0.14602	0.00337	0.00507
41	0.00605	0.00440	0.00617	0.00637	0.00691	0.00483	0.00466	0.00717	0.00710	0.00993	0.01427	0.15791	0.01504	0.18568	0.51583	0.00540	0.00841	0.02764	0.00269	0.00355
42	0.00535	0.00404	0.00498	0.00568	0.00635	0.00367	0.00404	0.00631	0.00886	0.01135	0.02959	0.53656	0.26423	0.01259	0.00542	0.00168	0.00253	0.07921	0.00400	0.00358
43	0.02867	0.04437	0.01265	0.00953	0.01272	0.04159	0.00783	0.68369	0.01853	0.02472	0.01086	0.06513	0.00855	0.00562	0.00429	0.00130	0.00467	0.00431	0.00409	0.00688
44	0.29149	0.00572	0.00581	0.00553	0.00677	0.02115	0.00410	0.00851	0.00767	0.01315	0.10842	0.01727	0.12499	0.00989	0.00892	0.34673	0.00326	0.00450	0.00278	0.00335
45	0.01079	0.64331	0.22415	0.00860	0.01296	0.01528	0.00951	0.01308	0.00884	0.01101	0.00643	0.00746	0.00551	0.00379	0.00310	0.00103	0.00505	0.00252	0.00184	0.00574
46	0.01043	0.00960	0.01624	0.10425	0.68005	0.00975	0.01251	0.01293	0.00972	0.03653	0.00908	0.03339	0.00784	0.00438	0.00434	0.00133	0.00504	0.02382	0.00230	0.00648
47	0.00996	0.00944	0.01557	0.18840	0.57766	0.00990	0.01218	0.01319	0.06454	0.01364	0.00991	0.01228	0.03566	0.00432	0.00431	0.00133	0.00502	0.00409	0.00231	0.00630
48	0.03573	0.00980	0.03431	0.08568	0.20612	0.03752	0.00893	0.13052	0.19360	0.11976	0.08284	0.01407	0.01155	0.00518	0.00432	0.00135	0.00435	0.00439	0.00358	0.00640
49	0.04089	0.03300	0.18024	0.05646	0.02975	0.02931	0.22538	0.06335	0.18820	0.03125	0.02141	0.01259	0.01938	0.00589	0.04230	0.00164	0.00576	0.00432	0.00284	0.00602
50	0.05307	0.12610	0.60117	0.03445	0.01699	0.01061	0.03401	0.01309	0.00897	0.01331	0.00860	0.02892	0.02385	0.00440	0.00394	0.00132	0.00581	0.00343	0.00198	0.00599
51	0.01298	0.14443	0.26621	0.01104	0.03743	0.11853	0.03860	0.24703	0.01294	0.05860	0.00861	0.00937	0.00637	0.00443	0.00398	0.00124	0.00566	0.00334	0.00281	0.00638
52	0.04210	0.00924	0.00985	0.03156	0.02746	0.06253	0.00711	0.22163	0.22696	0.04837	0.06790	0.07222	0.01505	0.00706	0.00463	0.00148	0.00408	0.13089	0.00402	0.00587
53	0.11740	0.21214	0.41028	0.00994	0.01468	0.01147	0.04205	0.05579	0.00948	0.02568	0.00773	0.00891	0.00587	0.00409	0.00361	0.00124	0.00527	0.00304	0.04544	0.00589
54	0.43393	0.09865	0.01033	0.00769	0.01049	0.14850	0.00630	0.13893	0.08034	0.01801	0.00779	0.00843	0.00606	0.00438	0.00329	0.00126	0.00443	0.00287	0.00291	0.00541
55	0.00842	0.00636	0.02755	0.00656	0.00824	0.00598	0.00524	0.14255	0.03353	0.05371	0.33866	0.10336	0.15830	0.02555	0.00530	0.00149	0.00294	0.05718	0.00433	0.00473
56	0.00537	0.00395	0.00506	0.00585	0.00637	0.00364	0.00409	0.00631	0.00876	0.01147	0.05836	0.63281	0.15323	0.01279	0.00545	0.00170	0.00253	0.06464	0.00403	0.00357
57	0.25681	0.02622	0.00892	0.00784	0.01016	0.17106	0.00616	0.05052	0.22804	0.03685	0.02420	0.04610	0.07023	0.00589	0.00393	0.00136	0.00421	0.03276	0.00339	0.00536
58	0.06460	0.00824	0.01184	0.01062	0.08846	0.00816	0.13989	0.08194	0.12447	0.09535	0.12215	0.04905	0.08919	0.01927	0.00476	0.00139	0.00401	0.00543	0.00362	0.06758
59	0.35574	0.05105	0.03484	0.01966	0.05921	0.13855	0.13724	0.04895	0.00953	0.01573	0.00818	0.00979	0.02801	0.02086	0.00395	0.00132	0.00498	0.00332	0.00252	0.04657
60	0.05497	0.28136	0.02701	0.01202	0.17650	0.06562	0.02102	0.11820	0.02584	0.05303	0.00874	0.02581	0.00740	0.00455	0.00389	0.00116	0.02121	0.02477	0.00266	0.06424
61	0.13225	0.07604	0.05019	0.01898	0.02702	0.08512	0.00692	0.24210	0.02558	0.05067	0.03749	0.06416	0.07126	0.03969	0.00472	0.00138	0.00432	0.00449	0.00335	0.05428

[dist]
# distance from previous block
# <min> <max>
1	54

[block]
# block no. 2 follows, 61 sequences, length 18
# corresponding to MSA columns:
# 297-314
name=unknown_C
#
# <colnr> <probs for GDERKNQSTAVLIFYWHMCP>
#	G	D	E	R	K	N	Q	S	T	A	V	L	I	F	Y	W	H	M	C	P
0	0.36746	0.02662	0.10640	0.00771	0.01072	0.02480	0.02482	0.11420	0.07276	0.05199	0.07812	0.01271	0.04279	0.00610	0.03459	0.00155	0.00424	0.00380	0.00320	0.00541
1	0.00964	0.08145	0.14660	0.01043	0.02670	0.03581	0.14793	0.04417	0.06795	0.04684	0.01279	0.17191	0.01991	0.00636	0.00488	0.00138	0.04404	0.02085	0.03539	0.06496
2	0.01360	0.07439	0.01543	0.02722	0.11273	0.41289	0.13182	0.07556	0.04247	0.01316	0.01965	0.00960	0.00681	0.00433	0.00410	0.00120	0.00654	0.00348	0.00246	0.02256
3	0.04400	0.03411	0.01072	0.00968	0.07989	0.03307	0.02202	0.21152	0.20076	0.05791	0.01677	0.06415	0.11588	0.00707	0.03034	0.00151	0.00416	0.00514	0.00375	0.04752
4	0.02924	0.03464	0.01401	0.11344	0.13117	0.15206	0.07111	0.28198	0.04715	0.01756	0.00971	0.01102	0.02253	0.00510	0.01704	0.00137	0.00555	0.00384	0.01369	0.01779
5	0.00633	0.00458	0.00557	0.00578	0.00672	0.00432	0.00416	0.02903	0.03530	0.03749	0.14302	0.37597	0.22713	0.03904	0.03966	0.00188	0.00293	0.02310	0.00405	0.00394
6	0.09037	0.00960	0.01021	0.00812	0.01127	0.02295	0.00658	0.30574	0.14012	0.07294	0.01224	0.01281	0.03631	0.00504	0.00396	0.00118	0.00389	0.02233	0.00376	0.22058
7	0.00943	0.02724	0.05738	0.04589	0.18478	0.00779	0.04182	0.04207	0.07681	0.08902	0.05985	0.15068	0.13505	0.00733	0.00497	0.00145	0.02948	0.02014	0.00340	0.00544
8	0.00519	0.00428	0.00456	0.00467	0.00592	0.00365	0.00343	0.00630	0.00978	0.01197	0.09864	0.15233	0.65220	0.01111	0.00515	0.00149	0.00221	0.00943	0.00406	0.00365
9	0.00686	0.00490	0.00613	0.00621	0.00716	0.00479	0.00456	0.06863	0.01024	0.03913	0.18063	0.41136	0.13603	0.01196	0.04046	0.00181	0.02040	0.03054	0.00409	0.00410
10	0.05494	0.01056	0.03228	0.09416	0.37113	0.08583	0.04907	0.03702	0.04294	0.04776	0.01014	0.04648	0.02628	0.00502	0.00491	0.00137	0.05792	0.01367	0.00256	0.00595
11	0.00883	0.05344	0.76174	0.01268	0.05197	0.01028	0.01548	0.01360	0.00911	0.01353	0.00768	0.00908	0.00552	0.00407	0.00405	0.00134	0.00625	0.00318	0.00183	0.00635
12	0.00792	0.00527	0.00642	0.00640	0.00754	0.00509	0.00465	0.11362	0.01063	0.08133	0.07162	0.50821	0.13227	0.01108	0.00516	0.00159	0.00282	0.00978	0.00420	0.00438
13	0.01144	0.14076	0.35972	0.03276	0.03025	0.20264	0.03695	0.06046	0.06130	0.01340	0.00803	0.00915	0.00615	0.00427	0.00392	0.00125	0.00615	0.00319	0.00224	0.00596
14	0.01254	0.08345	0.15709	0.03118	0.04501	0.10352	0.07776	0.15891	0.06980	0.12035	0.02403	0.03897	0.04778	0.00523	0.00425	0.00131	0.00515	0.00430	0.00322	0.00615
15	0.00623	0.00514	0.03257	0.00662	0.00738	0.00528	0.00511	0.00749	0.00706	0.00995	0.01375	0.08702	0.04066	0.18508	0.53335	0.00548	0.02999	0.00564	0.00254	0.00368
16	0.02343	0.00652	0.03821	0.00887	0.08347	0.03194	0.00611	0.00817	0.00827	0.01142	0.01834	0.46945	0.05744	0.04909	0.02535	0.00188	0.11917	0.00872	0.01999	0.00414
17	0.02886	0.08810	0.23693	0.01196	0.12004	0.07055	0.01032	0.13156	0.04806	0.10116	0.02649	0.03913	0.01791	0.00503	0.00447	0.00131	0.03630	0.00393	0.00293	0.01498

[dist]
# distance from previous block
# <min> <max>
1	18

[block]
# block no. 3 follows, 61 sequences, length 18
# corresponding to MSA columns:
# 333-350
name=unknown_D
#
# <colnr> <probs for GDERKNQSTAVLIFYWHMCP>
#	G	D	E	R	K	N	Q	S	T	A	V	L	I	F	Y	W	H	M	C	P
0	0.35999	0.05872	0.12792	0.00883	0.05054	0.04289	0.02591	0.06812	0.02731	0.01672	0.03629	0.02034	0.00721	0.00442	0.00372	0.00125	0.02802	0.00316	0.00265	0.10597
1	0.01098	0.17051	0.01143	0.00819	0.01012	0.30595	0.00643	0.01298	0.07305	0.01133	0.04767	0.10072	0.06453	0.07227	0.05066	0.00178	0.00550	0.02841	0.00281	0.00468
2	0.07744	0.00826	0.00990	0.00751	0.01096	0.00753	0.00616	0.14374	0.01227	0.40704	0.01247	0.01178	0.00847	0.00460	0.00388	0.00113	0.00368	0.00361	0.00418	0.25539
3	0.00606	0.00443	0.00562	0.00597	0.00613	0.00462	0.00398	0.00657	0.00736	0.00994	0.01809	0.41619	0.02126	0.35262	0.01291	0.00276	0.07216	0.03682	0.00326	0.00325
4	0.00524	0.00379	0.00496	0.00589	0.00622	0.00351	0.00395	0.00601	0.00835	0.01104	0.02502	0.79406	0.07941	0.01333	0.00547	0.00173	0.00248	0.01204	0.00400	0.00351
5	0.00710	0.00600	0.00781	0.00768	0.00825	0.03674	0.00591	0.02289	0.00777	0.01075	0.01409	0.24718	0.01511	0.03823	0.35579	0.00399	0.16286	0.03506	0.00280	0.00399
6	0.00627	0.00454	0.00654	0.00654	0.00725	0.00519	0.00498	0.00768	0.00697	0.01017	0.01188	0.01798	0.01127	0.11117	0.70590	0.00632	0.01028	0.00474	0.05058	0.00373
7	0.00525	0.00375	0.00500	0.00600	0.00625	0.00350	0.00400	0.00600	0.00825	0.01100	0.02374	0.84580	0.02849	0.01350	0.00550	0.00175	0.00250	0.01225	0.00400	0.00350
8	0.00998	0.01019	0.04077	0.17485	0.15871	0.13304	0.06468	0.03518	0.00965	0.03406	0.04023	0.05364	0.00947	0.01003	0.15260	0.00237	0.04846	0.00445	0.00245	0.00518
9	0.87904	0.00833	0.00633	0.00566	0.00833	0.00966	0.00467	0.01266	0.00733	0.01933	0.00600	0.00700	0.00467	0.00400	0.00267	0.00133	0.00333	0.00233	0.00267	0.00467
10	0.00584	0.00437	0.00517	0.00530	0.00642	0.00389	0.00398	0.00720	0.01020	0.03099	0.23572	0.18725	0.39208	0.01081	0.00522	0.00152	0.00238	0.07362	0.00422	0.00383
11	0.00577	0.00451	0.00527	0.00552	0.00651	0.00421	0.00397	0.00775	0.07159	0.01290	0.17453	0.34738	0.31202	0.01113	0.00519	0.00155	0.00237	0.00974	0.00416	0.00391
12	0.00721	0.00641	0.06404	0.00808	0.00951	0.00568	0.08519	0.00888	0.00827	0.05431	0.01610	0.33080	0.01694	0.03248	0.26828	0.00335	0.02346	0.02124	0.02550	0.00427
13	0.01072	0.01028	0.01253	0.04583	0.31175	0.16024	0.03005	0.04837	0.01040	0.04842	0.01313	0.19886	0.03540	0.00670	0.00473	0.00140	0.01945	0.02334	0.00289	0.00549
14	0.01011	0.01039	0.07810	0.09945	0.44874	0.03090	0.06325	0.02407	0.00979	0.04706	0.01113	0.08291	0.04080	0.00515	0.00460	0.00137	0.01884	0.00478	0.00248	0.00606
15	0.01047	0.05488	0.09819	0.08016	0.15149	0.07866	0.31354	0.05802	0.01043	0.01372	0.00950	0.06055	0.00814	0.00474	0.00458	0.00138	0.00609	0.02731	0.00238	0.00577
16	0.16825	0.13967	0.01556	0.01778	0.44588	0.11804	0.01014	0.01359	0.00951	0.01396	0.00721	0.00905	0.00607	0.00392	0.00370	0.00121	0.00506	0.00319	0.00220	0.00600
17	0.01168	0.07505	0.01237	0.03061	0.19728	0.24055	0.00820	0.11820	0.01177	0.01422	0.05318	0.06207	0.10454	0.00585	0.00421	0.00125	0.00503	0.00472	0.03377	0.00543

[dist]
# distance from previous block
# <min> <max>
0	1

[block]
# block no. 4 follows, 61 sequences, length 44
# corresponding to MSA columns:
# 352-395
name=unknown_E
#
# <colnr> <probs for GDERKNQSTAVLIFYWHMCP>
#	G	D	E	R	K	N	Q	S	T	A	V	L	I	F	Y	W	H	M	C	P
0	0.02253	0.06601	0.08206	0.05394	0.05809	0.01146	0.08043	0.32738	0.11576	0.10838	0.01099	0.01135	0.00793	0.00479	0.00423	0.00131	0.00484	0.00396	0.00358	0.02098
1	0.05471	0.00918	0.07147	0.00987	0.05211	0.07465	0.06937	0.03911	0.04674	0.06675	0.01548	0.29122	0.03511	0.00831	0.00582	0.00156	0.09775	0.04257	0.00326	0.00495
2	0.07726	0.00740	0.00975	0.00753	0.01082	0.00656	0.00622	0.02043	0.01199	0.77046	0.01625	0.01415	0.01026	0.00524	0.00422	0.00133	0.00364	0.00420	0.00515	0.00715
3	0.00814	0.00813	0.01513	0.07093	0.01577	0.00783	0.36567	0.01113	0.04522	0.01312	0.03711	0.07064	0.18059	0.00719	0.00515	0.00155	0.00505	0.12371	0.00306	0.00489
4	0.02364	0.05828	0.23591	0.05719	0.08519	0.04204	0.07867	0.21925	0.07758	0.03264	0.03101	0.01100	0.00783	0.00465	0.00435	0.00133	0.01633	0.00383	0.00291	0.00637
5	0.01370	0.00975	0.01035	0.00855	0.01095	0.07415	0.00690	0.34960	0.03711	0.13621	0.04508	0.03030	0.01088	0.02385	0.03757	0.00161	0.05514	0.03601	0.09623	0.00605
6	0.00579	0.00401	0.00493	0.00537	0.00555	0.00393	0.00337	0.00621	0.00725	0.00967	0.01860	0.38714	0.03880	0.42347	0.05378	0.00318	0.00375	0.00887	0.00324	0.00308
7	0.00617	0.00516	0.03345	0.00639	0.00719	0.00490	0.00480	0.02002	0.02987	0.01153	0.08142	0.35613	0.08418	0.10878	0.19153	0.00309	0.02976	0.00841	0.00340	0.00381
8	0.01072	0.03527	0.02823	0.12853	0.34625	0.04402	0.13797	0.06018	0.05750	0.03605	0.00974	0.04780	0.00807	0.00483	0.01196	0.00139	0.00539	0.00439	0.01562	0.00610
9	0.01644	0.01196	0.01286	0.00986	0.01330	0.01319	0.00814	0.78908	0.02007	0.04571	0.01050	0.01044	0.00740	0.00517	0.00431	0.00129	0.00472	0.00389	0.00433	0.00733
10	0.00533	0.00386	0.00504	0.00583	0.00624	0.00357	0.00396	0.00624	0.00877	0.01170	0.10922	0.70825	0.08042	0.01283	0.00543	0.00169	0.00243	0.01157	0.00408	0.00357
11	0.01111	0.01010	0.06208	0.05987	0.15839	0.00993	0.06648	0.24217	0.12699	0.01848	0.10652	0.04104	0.02731	0.00559	0.00445	0.00135	0.00443	0.00488	0.03265	0.00617
12	0.02015	0.00545	0.03928	0.00702	0.02239	0.00490	0.02565	0.00782	0.00867	0.03360	0.02300	0.43042	0.14528	0.02466	0.05539	0.00199	0.03657	0.06528	0.03848	0.00399
13	0.00660	0.00508	0.00622	0.00618	0.00669	0.03846	0.00436	0.00749	0.00687	0.00934	0.01218	0.02119	0.01257	0.36745	0.46438	0.00556	0.00835	0.00522	0.00243	0.00338
14	0.01067	0.00853	0.00974	0.00716	0.01086	0.00736	0.00577	0.16156	0.03756	0.03848	0.00874	0.00959	0.00690	0.00371	0.00347	0.00081	0.00350	0.00293	0.00302	0.65966
15	0.00625	0.00445	0.00575	0.00572	0.00607	0.00480	0.00389	0.00695	0.00673	0.00930	0.02994	0.02367	0.02968	0.47183	0.34716	0.00513	0.02129	0.00564	0.00255	0.00319
16	0.01609	0.02053	0.01221	0.01110	0.01332	0.83132	0.00832	0.01720	0.01221	0.01054	0.00666	0.00777	0.00555	0.00444	0.00388	0.00111	0.00777	0.00277	0.00222	0.00499
17	0.00744	0.00377	0.00565	0.00565	0.00568	0.00379	0.00379	0.00568	0.00565	0.00756	0.00761	0.01322	0.00759	0.01552	0.04316	0.84663	0.00399	0.00377	0.00188	0.00193
18	0.04567	0.01067	0.01153	0.00918	0.01231	0.01174	0.00748	0.50850	0.19735	0.10203	0.03067	0.01242	0.00962	0.00538	0.00429	0.00134	0.00423	0.00418	0.00438	0.00704
19	0.00904	0.00447	0.00468	0.00443	0.00566	0.00444	0.00338	0.03332	0.00958	0.07166	0.01415	0.01580	0.01091	0.00504	0.00314	0.00103	0.00220	0.00403	0.78871	0.00434
20	0.00748	0.00374	0.00561	0.00561	0.00561	0.00374	0.00374	0.00561	0.00561	0.00748	0.00748	0.01309	0.00748	0.01496	0.01684	0.87467	0.00374	0.00374	0.00187	0.00187
21	0.00982	0.00908	0.03436	0.03621	0.08056	0.02769	0.22663	0.11070	0.08256	0.02590	0.09425	0.13156	0.02553	0.00640	0.00489	0.01627	0.00465	0.00590	0.06159	0.00544
22	0.00888	0.07958	0.75016	0.01209	0.01821	0.01052	0.03538	0.01359	0.00910	0.01340	0.00763	0.00901	0.00549	0.00405	0.00403	0.00134	0.00627	0.00317	0.00183	0.00629
23	0.00535	0.00382	0.00512	0.00612	0.00641	0.00359	0.00418	0.00618	0.00835	0.01111	0.02368	0.79643	0.02826	0.01340	0.00553	0.00176	0.00259	0.06058	0.00400	0.00353
24	0.05799	0.00486	0.00557	0.00574	0.00691	0.00460	0.00420	0.02481	0.03854	0.05816	0.06045	0.37648	0.29082	0.01093	0.00506	0.00157	0.00261	0.03258	0.00404	0.00406
25	0.01416	0.19032	0.07014	0.00989	0.04275	0.04948	0.02976	0.27284	0.06848	0.15722	0.01107	0.01114	0.02243	0.00490	0.00424	0.00125	0.02619	0.00371	0.00349	0.00654
26	0.01176	0.00834	0.00830	0.00710	0.00922	0.05331	0.00561	0.25445	0.15047	0.04107	0.01320	0.01384	0.00997	0.00518	0.00372	0.00118	0.00343	0.00406	0.39014	0.00564
27	0.00547	0.00408	0.00473	0.00512	0.00573	0.00373	0.00342	0.00619	0.00840	0.01074	0.05058	0.35358	0.29036	0.21686	0.00937	0.00223	0.00279	0.00960	0.00368	0.00334
28	0.01369	0.01083	0.02950	0.00977	0.03290	0.05786	0.03113	0.30324	0.27827	0.11010	0.02700	0.01375	0.03224	0.00544	0.00434	0.00134	0.00433	0.00439	0.00411	0.02578
29	0.05197	0.00934	0.01186	0.29578	0.09114	0.03150	0.00926	0.14020	0.25004	0.03298	0.01142	0.02700	0.00874	0.00503	0.00426	0.00140	0.00467	0.00421	0.00319	0.00600
30	0.00861	0.00589	0.00704	0.00624	0.00778	0.00566	0.00452	0.05106	0.07443	0.08457	0.06454	0.11095	0.03612	0.27365	0.08680	0.00268	0.00424	0.00588	0.00336	0.15599
31	0.02697	0.59031	0.14819	0.00847	0.01252	0.01530	0.00879	0.12176	0.01036	0.01318	0.00686	0.00773	0.00575	0.00396	0.00318	0.00105	0.00488	0.00266	0.00219	0.00589
32	0.00929	0.10652	0.71674	0.01162	0.01761	0.01060	0.01472	0.01381	0.00917	0.04049	0.00786	0.00906	0.00564	0.00409	0.00396	0.00132	0.00610	0.00313	0.00194	0.00631
33	0.03374	0.00876	0.01063	0.00823	0.01142	0.00862	0.00676	0.28537	0.01479	0.48901	0.05085	0.01410	0.01087	0.02064	0.00464	0.00137	0.00396	0.00433	0.00486	0.00705
34	0.00792	0.00651	0.00949	0.02675	0.02334	0.01932	0.10425	0.03642	0.04230	0.04490	0.09111	0.32591	0.07188	0.03167	0.00621	0.00165	0.06348	0.05724	0.00359	0.02607
35	0.02390	0.03539	0.02397	0.04230	0.05288	0.10435	0.03540	0.08374	0.04874	0.07355	0.06929	0.30184	0.04483	0.00840	0.00475	0.00147	0.00405	0.03258	0.00360	0.00496
36	0.00575	0.00409	0.00510	0.00556	0.00604	0.00395	0.00380	0.00659	0.00814	0.01090	0.05766	0.38108	0.12245	0.21175	0.08039	0.00270	0.00366	0.04429	0.03269	0.00340
37	0.00594	0.00473	0.00543	0.00583	0.00663	0.02840	0.00415	0.00739	0.03573	0.01231	0.15033	0.42267	0.20800	0.03340	0.02075	0.00176	0.00280	0.03599	0.00401	0.00377
38	0.04414	0.08943	0.07075	0.04544	0.24572	0.16483	0.05382	0.05706	0.06069	0.04092	0.00874	0.02827	0.00719	0.00467	0.00472	0.00130	0.06012	0.00373	0.00250	0.00595
39	0.00883	0.05488	0.02972	0.17939	0.19563	0.03077	0.02472	0.01080	0.00854	0.01172	0.03885	0.03795	0.04586	0.00948	0.12243	0.00223	0.17639	0.00446	0.00228	0.00508
40	0.00665	0.00448	0.00548	0.00580	0.00647	0.00432	0.00398	0.00817	0.05937	0.05210	0.06887	0.43779	0.08656	0.18121	0.00858	0.00214	0.00291	0.02167	0.02968	0.00379
41	0.03305	0.03310	0.09873	0.08511	0.18090	0.14146	0.06868	0.10823	0.02622	0.04414	0.00965	0.03754	0.00807	0.00628	0.04484	0.00161	0.02372	0.02945	0.01342	0.00580
42	0.01178	0.12170	0.19787	0.03137	0.21129	0.05876	0.04280	0.13997	0.02681	0.06546	0.03227	0.01112	0.02085	0.00451	0.00409	0.00127	0.00527	0.00373	0.00272	0.00635
43	0.01236	0.01182	0.01285	0.08110	0.23402	0.22835	0.02231	0.05375	0.05003	0.09023	0.02054	0.03929	0.03673	0.02694	0.00529	0.00140	0.05136	0.01306	0.00283	0.00572

[dist]
# distance from previous block
# <min> <max>
2	19

[block]
# block no. 5 follows, 61 sequences, length 17
# corresponding to MSA columns:
# 415-431
name=unknown_F
#
# <colnr> <probs for GDERKNQSTAVLIFYWHMCP>
#	G	D	E	R	K	N	Q	S	T	A	V	L	I	F	Y	W	H	M	C	P
0	0.03895	0.03691	0.16700	0.01058	0.07130	0.06880	0.04475	0.12386	0.03163	0.11017	0.04515	0.05020	0.03210	0.00537	0.00465	0.00130	0.04724	0.00430	0.03945	0.06629
1	0.04619	0.02278	0.09584	0.01013	0.03993	0.17949	0.05566	0.15583	0.03139	0.05176	0.00982	0.02192	0.00820	0.06413	0.14829	0.00242	0.01585	0.00395	0.00283	0.03359
2	0.08346	0.01298	0.01233	0.03592	0.09675	0.30094	0.05714	0.07104	0.05989	0.03767	0.00971	0.06922	0.00858	0.00598	0.01714	0.00144	0.08827	0.02343	0.00274	0.00537
3	0.00642	0.00496	0.00547	0.00527	0.00669	0.00459	0.00395	0.00889	0.09799	0.03970	0.20130	0.07828	0.47654	0.03387	0.00549	0.00152	0.00241	0.00829	0.00420	0.00416
4	0.00693	0.00502	0.00691	0.00773	0.00883	0.00492	0.00670	0.00886	0.00984	0.01286	0.02280	0.06530	0.04622	0.01156	0.00580	0.00191	0.00385	0.72096	0.00391	0.03911
5	0.00574	0.00420	0.00500	0.00537	0.00591	0.00396	0.00359	0.00674	0.02727	0.01108	0.08962	0.35568	0.17801	0.25020	0.01005	0.00235	0.00293	0.02521	0.00367	0.00341
6	0.00911	0.00883	0.01566	0.18390	0.33893	0.00913	0.16044	0.01183	0.02837	0.01291	0.01099	0.15420	0.01039	0.00566	0.00481	0.00144	0.01978	0.00553	0.00247	0.00562
7	0.00603	0.00420	0.00474	0.00481	0.00510	0.00406	0.00293	0.00635	0.00720	0.00941	0.04653	0.08010	0.14130	0.62464	0.01746	0.00347	0.00369	0.02206	0.00301	0.00290
8	0.06801	0.00462	0.00507	0.00491	0.00526	0.00466	0.00293	0.00743	0.00663	0.04867	0.01321	0.02605	0.01465	0.74862	0.01972	0.00384	0.00409	0.00590	0.00275	0.00298
9	0.01010	0.01296	0.21868	0.05320	0.49036	0.00998	0.04518	0.04024	0.00992	0.01438	0.00838	0.01059	0.00665	0.00401	0.00420	0.00130	0.00538	0.00373	0.04429	0.00647
10	0.00558	0.00415	0.00522	0.00560	0.00638	0.00379	0.00405	0.00688	0.00990	0.01320	0.27636	0.37834	0.19404	0.01140	0.00531	0.00158	0.00238	0.05785	0.00423	0.00373
11	0.01040	0.00772	0.00850	0.00796	0.04331	0.07606	0.00581	0.09693	0.10648	0.11839	0.35214	0.05518	0.02355	0.04570	0.02117	0.00158	0.00360	0.00606	0.00423	0.00525
12	0.00559	0.00420	0.00502	0.00524	0.00619	0.00377	0.00381	0.00692	0.01003	0.01331	0.26476	0.27404	0.30562	0.01086	0.00516	0.00151	0.00228	0.03190	0.03605	0.00375
13	0.00844	0.00708	0.00723	0.00696	0.00766	0.10587	0.00492	0.05347	0.00859	0.03712	0.01458	0.24421	0.01604	0.30727	0.07676	0.00291	0.07708	0.00693	0.00304	0.00384
14	0.01017	0.01187	0.05817	0.01908	0.13601	0.01076	0.65992	0.01371	0.01007	0.01383	0.00859	0.01138	0.00653	0.00368	0.00493	0.00142	0.00692	0.00483	0.00216	0.00598
15	0.00911	0.11367	0.66808	0.01154	0.01730	0.01069	0.03092	0.03507	0.00950	0.01375	0.03676	0.00977	0.00680	0.00424	0.00401	0.00131	0.00599	0.00331	0.00200	0.00620
16	0.00679	0.00450	0.00521	0.00518	0.00546	0.00450	0.00316	0.03639	0.00727	0.02899	0.01537	0.13474	0.03143	0.65444	0.03586	0.00369	0.00409	0.00693	0.00294	0.00306

[dist]
# distance from previous block
# <min> <max>
4	11

[block]
# block no. 6 follows, 61 sequences, length 204
# corresponding to MSA columns:
# 443-646
name=unknown_G
#
# <colnr> <probs for GDERKNQSTAVLIFYWHMCP>
#	G	D	E	R	K	N	Q	S	T	A	V	L	I	F	Y	W	H	M	C	P
0	0.02350	0.36328	0.15815	0.00849	0.01225	0.10327	0.00841	0.04454	0.00983	0.06727	0.00885	0.00989	0.03063	0.01796	0.02568	0.00126	0.00515	0.00306	0.00239	0.09613
1	0.01011	0.15289	0.29395	0.07364	0.05233	0.04992	0.08350	0.04268	0.03863	0.03150	0.00978	0.02403	0.03406	0.00484	0.00464	0.00133	0.05236	0.01967	0.00232	0.01783
2	0.00584	0.00410	0.00513	0.00546	0.00575	0.00407	0.00355	0.00645	0.00748	0.01007	0.05915	0.31155	0.05366	0.37704	0.11819	0.00343	0.00434	0.00832	0.00322	0.00319
3	0.05785	0.00652	0.00717	0.00700	0.01776	0.06259	0.02627	0.03059	0.04791	0.02351	0.04565	0.15439	0.16523	0.15196	0.08561	0.00249	0.02338	0.07667	0.00335	0.00408
4	0.01072	0.20168	0.30688	0.02349	0.05126	0.04043	0.10704	0.03406	0.02477	0.07242	0.02298	0.01125	0.00752	0.02165	0.00464	0.00135	0.02773	0.02180	0.00238	0.00595
5	0.01037	0.15774	0.29365	0.01146	0.06160	0.11199	0.07191	0.05798	0.03727	0.01333	0.01075	0.07098	0.03647	0.00530	0.00414	0.00131	0.00555	0.03002	0.00245	0.00573
6	0.00530	0.00384	0.00495	0.00577	0.00615	0.00355	0.00388	0.00608	0.00843	0.01113	0.04697	0.71337	0.10558	0.04555	0.00608	0.00180	0.00252	0.01158	0.00397	0.00349
7	0.08073	0.24660	0.23548	0.02851	0.01403	0.13347	0.03232	0.06585	0.02646	0.04675	0.02079	0.00967	0.00681	0.00442	0.00386	0.00122	0.01994	0.01494	0.00240	0.00575
8	0.05751	0.05997	0.10717	0.00813	0.01026	0.07561	0.00710	0.06456	0.05355	0.04965	0.01095	0.05466	0.01001	0.11397	0.22644	0.00316	0.05557	0.00445	0.00272	0.02458
9	0.00528	0.00380	0.00502	0.00597	0.00629	0.00354	0.00404	0.00607	0.00835	0.01107	0.02456	0.79313	0.06172	0.01335	0.00549	0.00174	0.00252	0.03054	0.00400	0.00352
10	0.00743	0.00583	0.02867	0.00696	0.00802	0.00566	0.00536	0.07651	0.05817	0.03276	0.04695	0.44557	0.06480	0.03670	0.00611	0.00173	0.03981	0.09507	0.02360	0.00431
11	0.07185	0.05872	0.19938	0.01081	0.05623	0.09264	0.04414	0.17819	0.08864	0.09212	0.02247	0.02138	0.02473	0.00498	0.00412	0.00132	0.00509	0.01377	0.00317	0.00625
12	0.00563	0.00449	0.00506	0.00523	0.00635	0.00408	0.00381	0.00739	0.05458	0.01260	0.14554	0.24225	0.44163	0.02258	0.00540	0.00156	0.00236	0.02152	0.00411	0.00383
13	0.00671	0.00442	0.00505	0.00496	0.00512	0.00445	0.00291	0.02509	0.00675	0.02354	0.01371	0.04388	0.01551	0.77519	0.04246	0.00408	0.00434	0.00625	0.00272	0.00285
14	0.00893	0.00766	0.00893	0.00638	0.01021	0.00574	0.00510	0.01085	0.00893	0.01404	0.00766	0.00893	0.00638	0.00319	0.00319	0.00064	0.00319	0.00255	0.00255	0.87495
15	0.03489	0.05862	0.01291	0.03067	0.11007	0.48107	0.00860	0.09817	0.03523	0.01327	0.00840	0.00959	0.02261	0.00467	0.00423	0.00119	0.03241	0.00326	0.02468	0.00546
16	0.00626	0.00418	0.00470	0.00470	0.00470	0.00418	0.00261	0.00626	0.00626	0.00835	0.01357	0.02819	0.01566	0.84862	0.02192	0.00418	0.00418	0.00626	0.00261	0.00261
17	0.01524	0.00961	0.01067	0.00863	0.01156	0.04147	0.00698	0.29485	0.17252	0.27935	0.07774	0.01508	0.01237	0.00572	0.00440	0.00135	0.00403	0.01700	0.00460	0.00683
18	0.00624	0.00426	0.00512	0.00512	0.00526	0.00440	0.00313	0.00653	0.00639	0.00866	0.01319	0.02607	0.01474	0.69486	0.17442	0.00469	0.00556	0.00595	0.00255	0.00284
19	0.00522	0.00384	0.00490	0.00575	0.00618	0.00352	0.00389	0.00603	0.00848	0.01109	0.02672	0.72538	0.14699	0.01311	0.00544	0.00171	0.00245	0.01177	0.00400	0.00352
20	0.01059	0.01032	0.01714	0.08974	0.72394	0.03112	0.02779	0.01316	0.00978	0.01374	0.00804	0.01067	0.00670	0.00389	0.00427	0.00129	0.00527	0.00383	0.00212	0.00660
21	0.01205	0.00762	0.03048	0.00729	0.00977	0.00725	0.00596	0.12138	0.15576	0.25182	0.19602	0.02209	0.13995	0.00698	0.00461	0.00137	0.00325	0.00582	0.00460	0.00594
22	0.00980	0.01174	0.07022	0.01699	0.02121	0.01042	0.70421	0.01337	0.01002	0.01372	0.03056	0.01226	0.00757	0.00504	0.04098	0.00168	0.00726	0.00503	0.00223	0.00571
23	0.01095	0.01137	0.01525	0.08306	0.23925	0.14767	0.12700	0.05173	0.03477	0.01306	0.00889	0.05859	0.00785	0.00592	0.02558	0.00156	0.14515	0.00437	0.00238	0.00561
24	0.01632	0.00660	0.00878	0.00698	0.00955	0.00584	0.00547	0.01760	0.01093	0.63687	0.01621	0.01777	0.01181	0.19938	0.00838	0.00199	0.00378	0.00478	0.00471	0.00624
25	0.00551	0.00404	0.00520	0.00602	0.00645	0.00384	0.00409	0.00681	0.04351	0.01154	0.05060	0.74184	0.06874	0.01288	0.00542	0.00171	0.00251	0.01162	0.00404	0.00367
26	0.02923	0.00483	0.00519	0.00512	0.00654	0.00441	0.00389	0.00803	0.06054	0.02554	0.14491	0.07261	0.54227	0.02348	0.00529	0.00152	0.00242	0.04612	0.00409	0.00397
27	0.01543	0.01326	0.01112	0.00940	0.01199	0.31176	0.00737	0.26107	0.02526	0.16309	0.01119	0.05626	0.00877	0.00650	0.03816	0.00148	0.00571	0.00406	0.03212	0.00600
28	0.00625	0.00476	0.00712	0.00706	0.00780	0.00563	0.00551	0.00777	0.00691	0.01001	0.01136	0.01669	0.01061	0.03154	0.80635	0.00677	0.03709	0.00459	0.00229	0.00387
29	0.01180	0.01376	0.04016	0.01280	0.08746	0.29222	0.02448	0.01314	0.00896	0.01094	0.00635	0.00900	0.00574	0.00595	0.00922	0.00154	0.43594	0.00344	0.00203	0.00508
30	0.08306	0.00907	0.03678	0.02136	0.01033	0.12881	0.00677	0.06893	0.00961	0.11992	0.01115	0.04120	0.00962	0.01638	0.33591	0.00360	0.05537	0.02429	0.00292	0.00493
31	0.00602	0.00430	0.00589	0.00688	0.00747	0.00417	0.00535	0.00734	0.00901	0.01186	0.02331	0.48041	0.02679	0.01276	0.00571	0.00186	0.00317	0.36998	0.00398	0.00371
32	0.01113	0.75050	0.07260	0.00791	0.01170	0.01604	0.02926	0.01282	0.00892	0.01067	0.03124	0.00795	0.00663	0.00387	0.00298	0.00098	0.00471	0.00260	0.00194	0.00554
33	0.00615	0.00462	0.00692	0.00692	0.00769	0.00538	0.00538	0.00769	0.00692	0.01000	0.01154	0.01692	0.01077	0.03231	0.83154	0.00692	0.01154	0.00462	0.00231	0.00385
34	0.00901	0.00675	0.00847	0.00782	0.03383	0.05483	0.05218	0.03785	0.04100	0.09998	0.24506	0.11271	0.03996	0.11277	0.07716	0.00220	0.00429	0.02011	0.00375	0.03028
