[name]
unknown

[dist]
# distance from previous block
# <min> <max>
0	66

[block]
# block no. 0 follows, 70 sequences, length 57
# corresponding to MSA columns:
# 81-137
name=unknown_A
#
# <colnr> <probs for GDERKNQSTAVLIFYWHMCP>
#	G	D	E	R	K	N	Q	S	T	A	V	L	I	F	Y	W	H	M	C	P
0	0.00953	0.08873	0.23228	0.01212	0.17263	0.07354	0.06426	0.05878	0.02591	0.03229	0.00856	0.01174	0.00720	0.00423	0.00372	0.00113	0.00479	0.07396	0.00224	0.11235
1	0.03062	0.00952	0.17197	0.02615	0.05784	0.00761	0.04080	0.07858	0.09147	0.09138	0.01195	0.17441	0.01985	0.02623	0.00500	0.00133	0.06732	0.00495	0.00288	0.08012
2	0.01051	0.10208	0.06181	0.04817	0.14015	0.12242	0.08564	0.09935	0.07087	0.03745	0.00838	0.00945	0.01781	0.00381	0.00356	0.00103	0.00461	0.00319	0.00242	0.16729
3	0.00535	0.00382	0.00474	0.00533	0.02491	0.00368	0.00333	0.01802	0.00707	0.00939	0.03234	0.43837	0.07030	0.34298	0.01063	0.00239	0.00290	0.00839	0.00309	0.00298
4	0.03021	0.13694	0.20158	0.01214	0.14108	0.05697	0.13036	0.08979	0.07315	0.04344	0.01772	0.00935	0.00650	0.00383	0.00366	0.00114	0.00489	0.00330	0.00232	0.03164
5	0.01814	0.00928	0.04870	0.01174	0.23566	0.05527	0.02410	0.09042	0.03873	0.03492	0.00772	0.00892	0.00616	0.00345	0.00340	0.00090	0.00393	0.00292	0.00242	0.39322
6	0.00491	0.00362	0.00447	0.00491	0.00544	0.00333	0.00336	0.00574	0.00800	0.01052	0.13558	0.47540	0.19437	0.10087	0.01938	0.00177	0.00242	0.00921	0.00354	0.00316
7	0.00584	0.00412	0.00444	0.00442	0.00448	0.02379	0.00253	0.00590	0.00578	0.00760	0.01202	0.02468	0.01377	0.82242	0.04016	0.00376	0.00400	0.00553	0.00233	0.00243
8	0.03641	0.09073	0.22206	0.01178	0.14230	0.05771	0.06733	0.14282	0.02696	0.11146	0.00830	0.00917	0.00614	0.00401	0.00397	0.00117	0.03388	0.00322	0.00253	0.01805
9	0.00971	0.00963	0.05458	0.04309	0.56337	0.00916	0.11419	0.01302	0.08626	0.04619	0.00845	0.01026	0.00670	0.00368	0.00394	0.00120	0.00472	0.00367	0.00221	0.00597
10	0.00472	0.00389	0.00414	0.00418	0.00534	0.00331	0.00310	0.00579	0.00901	0.01111	0.14564	0.10473	0.66213	0.00976	0.00461	0.00132	0.00197	0.00826	0.00369	0.00331
11	0.01014	0.71244	0.13044	0.00735	0.01094	0.04189	0.00769	0.01195	0.01960	0.00966	0.00577	0.00662	0.00506	0.00342	0.00270	0.00090	0.00444	0.00223	0.00170	0.00508
12	0.00929	0.03319	0.54971	0.02274	0.12012	0.02657	0.03735	0.08006	0.02093	0.05290	0.00769	0.00882	0.00556	0.00380	0.00374	0.00120	0.00533	0.00310	0.00206	0.00583
13	0.00579	0.00503	0.00521	0.00590	0.00632	0.09568	0.00402	0.00650	0.00781	0.00985	0.01968	0.76768	0.02338	0.01125	0.00479	0.00151	0.00277	0.01009	0.00342	0.00330
14	0.02724	0.00903	0.01447	0.02982	0.67455	0.00927	0.01944	0.01324	0.13874	0.01329	0.00859	0.01031	0.00699	0.00374	0.00383	0.00118	0.00436	0.00359	0.00225	0.00607
15	0.00830	0.05474	0.05455	0.00615	0.00971	0.00609	0.00530	0.02846	0.00827	0.01269	0.00687	0.00798	0.00567	0.00298	0.00292	0.00064	0.00313	0.00234	0.00226	0.77096
16	0.01042	0.03354	0.06825	0.14095	0.18485	0.04923	0.14301	0.12993	0.04419	0.08440	0.05138	0.01147	0.02222	0.00422	0.00397	0.00121	0.00477	0.00386	0.00263	0.00550
17	0.00660	0.00539	0.00508	0.00497	0.00522	0.09629	0.00305	0.00678	0.00626	0.00781	0.01144	0.02282	0.01286	0.72509	0.06215	0.00359	0.00447	0.00521	0.00230	0.00264
18	0.00466	0.00388	0.00402	0.00407	0.00524	0.00330	0.00299	0.00561	0.00867	0.01047	0.06186	0.09454	0.72261	0.04433	0.00522	0.00142	0.00205	0.00824	0.00357	0.00324
19	0.02833	0.18753	0.34952	0.00996	0.02668	0.06511	0.08287	0.07173	0.02804	0.10343	0.00791	0.00867	0.00581	0.00381	0.00353	0.00113	0.00506	0.00302	0.00227	0.00559
20	0.00751	0.00701	0.01160	0.65341	0.12773	0.00837	0.01028	0.01005	0.01752	0.01062	0.04591	0.01219	0.01967	0.00431	0.00412	0.00129	0.02190	0.02006	0.00195	0.00450
21	0.00472	0.00339	0.00448	0.00536	0.00561	0.00315	0.00358	0.00540	0.00746	0.00991	0.02184	0.83970	0.04686	0.01208	0.00494	0.00157	0.00224	0.01095	0.00360	0.00315
22	0.04836	0.00843	0.02219	0.07273	0.03580	0.00845	0.07528	0.20791	0.10219	0.35974	0.01195	0.01153	0.00812	0.00452	0.00389	0.00122	0.00397	0.00378	0.00380	0.00614
23	0.00971	0.07128	0.07873	0.04801	0.49724	0.04462	0.07703	0.03195	0.07036	0.01264	0.00776	0.00958	0.00628	0.00369	0.00389	0.00116	0.01476	0.00343	0.00207	0.00581
24	0.02861	0.00667	0.00899	0.00690	0.00989	0.00582	0.00570	0.02992	0.01114	0.82038	0.01508	0.01305	0.00949	0.00478	0.00388	0.00120	0.00331	0.00387	0.00475	0.00657
25	0.00507	0.00395	0.00460	0.00444	0.00553	0.00348	0.00333	0.00650	0.00998	0.01319	0.46748	0.03283	0.40810	0.00880	0.00458	0.00126	0.00189	0.00755	0.00396	0.00348
26	0.03104	0.01149	0.24433	0.00886	0.01267	0.00825	0.04149	0.19566	0.01169	0.37831	0.01113	0.01068	0.00736	0.00437	0.00383	0.00120	0.00432	0.00351	0.00355	0.00625
27	0.00470	0.00391	0.00396	0.00396	0.00513	0.00333	0.00288	0.00557	0.00849	0.01015	0.03631	0.03600	0.74778	0.10333	0.00624	0.00158	0.00216	0.00790	0.00346	0.00317
28	0.00830	0.00729	0.00935	0.00882	0.15070	0.00586	0.00584	0.01013	0.00817	0.01264	0.00696	0.00830	0.00581	0.00297	0.00304	0.00067	0.00317	0.00249	0.00223	0.73726
29	0.01616	0.00858	0.01022	0.00784	0.01089	0.00864	0.00648	0.39470	0.01441	0.46177	0.01251	0.01139	0.00820	0.00473	0.00389	0.00118	0.00375	0.00371	0.00437	0.00660
30	0.00549	0.00396	0.00518	0.00488	0.00579	0.00366	0.00366	0.00732	0.01097	0.01555	0.83752	0.02896	0.03658	0.00793	0.00457	0.00122	0.00183	0.00701	0.00427	0.00366
31	0.01474	0.01086	0.01163	0.00892	0.01202	0.01202	0.00737	0.82664	0.01823	0.02443	0.00931	0.00931	0.00659	0.00465	0.00388	0.00116	0.00427	0.00349	0.00388	0.00659
32	0.32916	0.00850	0.00880	0.00700	0.00983	0.00912	0.00578	0.31606	0.01213	0.24341	0.00953	0.00928	0.00655	0.00432	0.00335	0.00119	0.00355	0.00310	0.00360	0.00574
33	0.01043	0.81221	0.04429	0.00688	0.01022	0.04357	0.00689	0.01176	0.00799	0.00923	0.00546	0.00630	0.00497	0.00335	0.00256	0.00085	0.00429	0.00211	0.00167	0.00498
34	0.00810	0.01857	0.75637	0.01056	0.01594	0.00861	0.01336	0.01229	0.00823	0.04605	0.00741	0.00863	0.00529	0.00457	0.03249	0.00138	0.00570	0.00293	0.00180	0.03170
35	0.03425	0.01082	0.08408	0.00929	0.04012	0.01079	0.01611	0.52485	0.15258	0.04101	0.01044	0.03032	0.00777	0.00477	0.00387	0.00121	0.00413	0.00375	0.00359	0.00627
36	0.00507	0.00380	0.00519	0.03078	0.00659	0.00385	0.00418	0.00585	0.00740	0.00993	0.01999	0.75850	0.02376	0.01155	0.00537	0.00158	0.05047	0.03945	0.00344	0.00326
37	0.00732	0.00689	0.01163	0.85444	0.02670	0.00861	0.01077	0.00991	0.00775	0.00991	0.00689	0.01034	0.00517	0.00388	0.00388	0.00129	0.00517	0.00345	0.00172	0.00431
38	0.00872	0.03662	0.00996	0.00715	0.02805	0.00615	0.07321	0.02694	0.00846	0.04280	0.00728	0.00842	0.00589	0.00304	0.00308	0.00069	0.00330	0.00259	0.00236	0.71529
39	0.00850	0.01131	0.21494	0.05798	0.22664	0.02038	0.19992	0.01141	0.00865	0.01952	0.00942	0.01494	0.00831	0.00480	0.00454	0.00133	0.03609	0.13395	0.00214	0.00523
40	0.00560	0.00391	0.00502	0.00480	0.00568	0.00363	0.00358	0.00737	0.01057	0.01519	0.73104	0.06636	0.03386	0.00784	0.00443	0.00121	0.00185	0.00691	0.07753	0.00363
41	0.00562	0.00393	0.00484	0.00463	0.00532	0.00369	0.00323	0.00682	0.00917	0.02352	0.51244	0.02829	0.09044	0.27083	0.00922	0.00201	0.00245	0.00664	0.00363	0.00327
42	0.01117	0.06687	0.22843	0.05835	0.45985	0.01042	0.04030	0.01344	0.00984	0.04312	0.00924	0.01176	0.00758	0.00481	0.00455	0.00151	0.00553	0.00388	0.00257	0.00679
43	0.00819	0.00718	0.01143	0.01608	0.45279	0.00723	0.00926	0.01066	0.04583	0.01238	0.01324	0.02416	0.01319	0.00659	0.00448	0.00143	0.00410	0.34401	0.00270	0.00506
44	0.07199	0.00698	0.00896	0.00696	0.00989	0.00640	0.00575	0.08614	0.01137	0.70704	0.01426	0.01297	0.00923	0.00481	0.00383	0.00121	0.00337	0.01790	0.00455	0.00639
45	0.02733	0.19043	0.20319	0.01050	0.07172	0.06397	0.03595	0.01187	0.02393	0.05022	0.00658	0.00829	0.00545	0.00464	0.00625	0.00127	0.26842	0.00300	0.00192	0.00507
46	0.00570	0.00381	0.00471	0.00471	0.00485	0.00396	0.00294	0.00586	0.00572	0.00777	0.01143	0.02226	0.01264	0.62728	0.19190	0.06943	0.00511	0.00516	0.00224	0.00253
47	0.00486	0.00363	0.00450	0.00509	0.00560	0.00336	0.00349	0.00582	0.02285	0.01031	0.06208	0.59958	0.19534	0.03755	0.01532	0.00162	0.00233	0.00988	0.00358	0.00323
48	0.01010	0.00697	0.01091	0.05429	0.14338	0.00676	0.11555	0.08014	0.01078	0.19665	0.27873	0.02934	0.02813	0.00550	0.00422	0.00122	0.00361	0.00503	0.00352	0.00518
49	0.10634	0.20261	0.18158	0.02195	0.10112	0.06707	0.01675	0.16590	0.02870	0.06261	0.00754	0.00831	0.00574	0.00387	0.00335	0.00110	0.00457	0.00288	0.00244	0.00555
50	0.00783	0.01538	0.51311	0.01194	0.02762	0.00863	0.22101	0.01150	0.00831	0.01200	0.00873	0.10220	0.00745	0.00456	0.00424	0.00129	0.02273	0.00422	0.00194	0.00529
51	0.00476	0.00340	0.00454	0.00544	0.00569	0.00318	0.00367	0.00547	0.00746	0.00994	0.02135	0.83987	0.02555	0.01211	0.00496	0.00158	0.00228	0.03198	0.00360	0.00316
52	0.00932	0.01307	0.32190	0.01276	0.18518	0.02991	0.06418	0.05506	0.15681	0.04851	0.01096	0.01166	0.05450	0.00435	0.00389	0.00123	0.00471	0.00374	0.00250	0.00576
53	0.01911	0.04734	0.11147	0.07380	0.25345	0.03412	0.11073	0.09923	0.06309	0.10669	0.00897	0.02205	0.00685	0.00408	0.00404	0.00121	0.02181	0.00364	0.00255	0.00575
54	0.00526	0.00390	0.00487	0.00558	0.00597	0.01560	0.00380	0.03864	0.00793	0.01049	0.02097	0.80052	0.03854	0.01169	0.00488	0.00155	0.00239	0.01055	0.00359	0.00331
55	0.77789	0.02552	0.00656	0.00566	0.00804	0.10076	0.00461	0.01185	0.00710	0.01637	0.00546	0.00637	0.00430	0.00364	0.00252	0.00117	0.00346	0.00214	0.00234	0.00425
56	0.00895	0.00460	0.00550	0.00494	0.00588	0.00441	0.00336	0.00988	0.03174	0.22081	0.01316	0.02057	0.01236	0.51101	0.01308	0.00267	0.00337	0.00490	0.11513	0.00370

[dist]
# distance from previous block
# <min> <max>
0	1

[block]
# block no. 1 follows, 70 sequences, length 12
# corresponding to MSA columns:
# 139-150
name=unknown_B
#
# <colnr> <probs for GDERKNQSTAVLIFYWHMCP>
#	G	D	E	R	K	N	Q	S	T	A	V	L	I	F	Y	W	H	M	C	P
0	0.00965	0.76007	0.01830	0.00630	0.00937	0.01386	0.00618	0.01087	0.00800	0.00929	0.00956	0.01004	0.10741	0.00412	0.00275	0.00089	0.00388	0.00282	0.00190	0.00477
1	0.00486	0.00394	0.00431	0.00422	0.00541	0.00339	0.00316	0.00610	0.00949	0.01201	0.28169	0.03477	0.59462	0.00924	0.00458	0.00128	0.00192	0.00783	0.00380	0.00339
2	0.00878	0.01280	0.24629	0.03675	0.07429	0.00950	0.48340	0.01271	0.05267	0.01253	0.00796	0.00999	0.00593	0.00352	0.00423	0.00127	0.00596	0.00399	0.00197	0.00545
3	0.00629	0.00519	0.00816	0.02619	0.09492	0.00505	0.09457	0.02015	0.00809	0.01088	0.05792	0.36443	0.03575	0.12763	0.00683	0.00180	0.00341	0.11595	0.00307	0.00374
4	0.00837	0.00768	0.01259	0.30404	0.41995	0.00828	0.01006	0.03088	0.00843	0.01156	0.03784	0.01226	0.00779	0.09771	0.00561	0.00149	0.00460	0.00382	0.00203	0.00502
5	0.00897	0.34197	0.30557	0.00932	0.03543	0.01160	0.02802	0.01141	0.00777	0.01068	0.00611	0.00755	0.00508	0.00392	0.00450	0.00110	0.12820	0.00265	0.00172	0.06845
6	0.00491	0.00351	0.00471	0.00561	0.00592	0.00331	0.00392	0.00572	0.00761	0.01011	0.02126	0.76070	0.02523	0.01197	0.00500	0.00160	0.00241	0.10970	0.00360	0.00320
7	0.89114	0.00750	0.00570	0.00510	0.00750	0.00870	0.00420	0.01140	0.00660	0.01739	0.00540	0.00630	0.00420	0.00360	0.00240	0.00120	0.00300	0.00210	0.00240	0.00420
8	0.00769	0.00801	0.09969	0.01016	0.18921	0.00676	0.00701	0.02303	0.16841	0.02479	0.07250	0.04559	0.20780	0.04520	0.00476	0.00133	0.00336	0.00519	0.00300	0.06651
9	0.00900	0.01151	0.11248	0.01576	0.01988	0.00972	0.73693	0.01240	0.00904	0.01240	0.00775	0.01021	0.00578	0.00331	0.00448	0.00130	0.00645	0.00439	0.00193	0.00528
10	0.00855	0.11353	0.05258	0.00819	0.10036	0.00726	0.00620	0.01084	0.04577	0.01235	0.00716	0.00829	0.00593	0.00314	0.00302	0.00074	0.00337	0.00252	0.00222	0.59799
11	0.14656	0.03210	0.00821	0.00593	0.00904	0.00642	0.00481	0.01095	0.04554	0.04928	0.00734	0.00824	0.00591	0.00329	0.00314	0.00077	0.02558	0.00245	0.00246	0.62197

[dist]
# distance from previous block
# <min> <max>
0	5

[block]
# block no. 2 follows, 70 sequences, length 46
# corresponding to MSA columns:
# 156-201
name=unknown_C
#
# <colnr> <probs for GDERKNQSTAVLIFYWHMCP>
#	G	D	E	R	K	N	Q	S	T	A	V	L	I	F	Y	W	H	M	C	P
0	0.14237	0.13803	0.04700	0.01104	0.15238	0.35144	0.00786	0.05365	0.04105	0.01225	0.00661	0.00767	0.00540	0.00381	0.00329	0.00106	0.00524	0.00268	0.00215	0.00502
1	0.00481	0.00340	0.00454	0.00537	0.00561	0.00317	0.00360	0.00547	0.00750	0.01004	0.05364	0.80567	0.02558	0.01201	0.00520	0.02476	0.00226	0.01066	0.00358	0.00313
2	0.00913	0.01057	0.10116	0.02887	0.17716	0.00894	0.40564	0.04640	0.00917	0.01296	0.00754	0.00962	0.00583	0.00335	0.00403	0.00114	0.00537	0.00375	0.00205	0.14732
3	0.00472	0.00337	0.00450	0.00540	0.00562	0.00315	0.00360	0.00540	0.00742	0.00990	0.02137	0.86122	0.02564	0.01215	0.00495	0.00157	0.00225	0.01102	0.00360	0.00315
4	0.00804	0.00689	0.00804	0.00574	0.00919	0.00517	0.00459	0.00976	0.00804	0.01263	0.00689	0.00804	0.00574	0.00287	0.00287	0.00057	0.00287	0.00230	0.00230	0.88745
5	0.00804	0.00689	0.00804	0.00574	0.00919	0.00517	0.00459	0.00976	0.00804	0.01263	0.00689	0.00804	0.00574	0.00287	0.00287	0.00057	0.00287	0.00230	0.00230	0.88745
6	0.00505	0.00395	0.00458	0.00442	0.00553	0.00347	0.00332	0.00648	0.00995	0.01312	0.45640	0.03295	0.41921	0.00883	0.00458	0.00126	0.00189	0.00757	0.00395	0.00347
7	0.00526	0.00394	0.00488	0.00467	0.00566	0.00356	0.00349	0.00687	0.01040	0.01424	0.63349	0.04997	0.22240	0.00846	0.00458	0.00125	0.00187	0.00737	0.00410	0.00356
8	0.00479	0.00341	0.00452	0.00533	0.00557	0.00319	0.00355	0.00549	0.00750	0.01004	0.05558	0.79251	0.02564	0.04605	0.00552	0.00165	0.00229	0.01064	0.00358	0.00314
9	0.17863	0.00791	0.00910	0.00711	0.01003	0.00796	0.00587	0.23555	0.01219	0.46859	0.01184	0.01087	0.00779	0.00454	0.00362	0.00119	0.00350	0.00345	0.00411	0.00615
10	0.00757	0.00714	0.01207	0.76430	0.11491	0.00868	0.01089	0.01012	0.00787	0.01020	0.00693	0.01026	0.00527	0.00383	0.00387	0.00128	0.00511	0.00345	0.00174	0.00451
11	0.00570	0.00403	0.00535	0.00538	0.00581	0.00433	0.00376	0.02234	0.00654	0.00907	0.04795	0.10281	0.01391	0.33215	0.38581	0.02762	0.00647	0.00547	0.00245	0.00305
12	0.89114	0.00750	0.00570	0.00510	0.00750	0.00870	0.00420	0.01140	0.00660	0.01739	0.00540	0.00630	0.00420	0.00360	0.00240	0.00120	0.00300	0.00210	0.00240	0.00420
13	0.01275	0.02633	0.01249	0.01111	0.09254	0.25263	0.08384	0.27037	0.15345	0.03223	0.00918	0.00968	0.00695	0.00430	0.00382	0.00115	0.00507	0.00344	0.00296	0.00571
14	0.01080	0.78003	0.01943	0.00688	0.01016	0.02948	0.00671	0.07970	0.00879	0.01041	0.00573	0.00649	0.00511	0.00344	0.00262	0.00086	0.00421	0.00220	0.00185	0.00510
15	0.00954	0.00763	0.04464	0.00628	0.00975	0.00576	0.00530	0.05366	0.00896	0.11651	0.00807	0.00875	0.00623	0.00324	0.00309	0.00071	0.00312	0.00258	0.00266	0.69350
16	0.02989	0.01997	0.02264	0.01044	0.13282	0.10508	0.02286	0.17468	0.09620	0.32820	0.01138	0.01100	0.00791	0.00444	0.00381	0.00117	0.00418	0.00359	0.00361	0.00614
17	0.00960	0.00921	0.01574	0.02380	0.83957	0.00921	0.01190	0.01190	0.00883	0.01267	0.00729	0.00960	0.00614	0.00345	0.00384	0.00115	0.00461	0.00345	0.00192	0.00614
18	0.00955	0.00916	0.01565	0.04180	0.82195	0.00920	0.01187	0.01185	0.00880	0.01261	0.00728	0.00961	0.00612	0.00346	0.00384	0.00115	0.00462	0.00345	0.00191	0.00610
19	0.01010	0.00928	0.00897	0.00809	0.01026	0.08808	0.00626	0.02012	0.75572	0.01559	0.01486	0.01377	0.01119	0.00514	0.00390	0.00129	0.00344	0.00421	0.00376	0.00598
20	0.00529	0.00391	0.00495	0.00479	0.00570	0.00356	0.00355	0.00690	0.01037	0.01435	0.65510	0.10229	0.14773	0.00856	0.00461	0.00126	0.00188	0.00752	0.00412	0.00356
21	0.00484	0.00346	0.00462	0.00544	0.00574	0.00324	0.00372	0.00565	0.00773	0.01036	0.07811	0.76782	0.02626	0.01179	0.00494	0.00156	0.00228	0.04560	0.00364	0.00320
22	0.00521	0.00390	0.00484	0.00470	0.00565	0.00353	0.00349	0.00675	0.01018	0.01390	0.58534	0.10208	0.21872	0.00872	0.00461	0.00127	0.00190	0.00762	0.00406	0.00353
23	0.00554	0.00415	0.00623	0.00623	0.00692	0.00485	0.00485	0.00692	0.00623	0.00900	0.01038	0.01523	0.00969	0.02908	0.84839	0.00623	0.01038	0.00415	0.00208	0.00346
24	0.73626	0.00722	0.00607	0.00528	0.00771	0.00808	0.00434	0.01233	0.00727	0.13010	0.00704	0.00757	0.00517	0.00380	0.00262	0.00119	0.00299	0.00241	0.03806	0.00450
25	0.00848	0.00848	0.01187	0.01018	0.01018	0.01187	0.00848	0.00933	0.00594	0.00933	0.00509	0.00848	0.00509	0.00679	0.01272	0.00170	0.85666	0.00339	0.00170	0.00424
26	0.00596	0.00424	0.00629	0.00630	0.00707	0.00481	0.00495	0.00736	0.00660	0.03667	0.01148	0.03474	0.01090	0.02665	0.74436	0.00566	0.00951	0.06059	0.00230	0.00357
27	0.01036	0.86609	0.02032	0.00663	0.00995	0.01534	0.00663	0.01161	0.00788	0.00912	0.00539	0.00622	0.00498	0.00332	0.00249	0.00083	0.00415	0.00207	0.00166	0.00498
28	0.00549	0.00396	0.00518	0.00488	0.00579	0.00366	0.00366	0.00732	0.01097	0.01555	0.83752	0.02896	0.03658	0.00793	0.00457	0.00122	0.00183	0.00701	0.00427	0.00366
29	0.00915	0.01046	0.02288	0.01634	0.02026	0.00980	0.82549	0.01242	0.00915	0.01242	0.00784	0.01046	0.00588	0.00327	0.00458	0.00131	0.00654	0.00458	0.00196	0.00523
30	0.00804	0.00689	0.00804	0.00574	0.00919	0.00517	0.00459	0.00976	0.00804	0.01263	0.00689	0.00804	0.00574	0.00287	0.00287	0.00057	0.00287	0.00230	0.00230	0.88745
31	0.01739	0.00660	0.00900	0.00690	0.00990	0.00570	0.00570	0.01889	0.01110	0.84226	0.01529	0.01320	0.00960	0.00480	0.00390	0.00120	0.00330	0.00390	0.00480	0.00660
32	0.02363	0.00770	0.00944	0.00814	0.02171	0.06103	0.07874	0.23099	0.01137	0.15800	0.01443	0.32917	0.01404	0.00729	0.00430	0.00133	0.00371	0.00640	0.00359	0.00501
33	0.00681	0.00602	0.00929	0.02580	0.36134	0.00584	0.00712	0.00827	0.00830	0.01119	0.01864	0.32484	0.17527	0.00786	0.00439	0.00134	0.00324	0.00713	0.00285	0.00447
34	0.00859	0.10529	0.69418	0.01043	0.01571	0.00989	0.01299	0.07664	0.00895	0.01292	0.00698	0.00807	0.00505	0.00372	0.00358	0.00118	0.00545	0.00283	0.00182	0.00572
35	0.01036	0.86609	0.02032	0.00663	0.00995	0.01534	0.00663	0.01161	0.00788	0.00912	0.00539	0.00622	0.00498	0.00332	0.00249	0.00083	0.00415	0.00207	0.00166	0.00498
36	0.89114	0.00750	0.00570	0.00510	0.00750	0.00870	0.00420	0.01140	0.00660	0.01739	0.00540	0.00630	0.00420	0.00360	0.00240	0.00120	0.00300	0.00210	0.00240	0.00420
37	0.00673	0.00337	0.00505	0.00505	0.00505	0.00337	0.00337	0.00505	0.00505	0.00673	0.00673	0.01178	0.00673	0.01347	0.01515	0.88721	0.00337	0.00337	0.00168	0.00168
38	0.03319	0.22256	0.04372	0.00779	0.01050	0.22453	0.00666	0.10358	0.02279	0.19896	0.01051	0.04919	0.04057	0.00469	0.00348	0.00108	0.00454	0.00347	0.00291	0.00527
39	0.01105	0.00903	0.00956	0.00817	0.01062	0.01030	0.00648	0.24267	0.60821	0.01848	0.01400	0.01304	0.01039	0.00509	0.00393	0.00127	0.00340	0.00414	0.00393	0.00626
40	0.00851	0.25456	0.55240	0.00951	0.01426	0.02355	0.01152	0.01187	0.00806	0.01122	0.00665	0.00792	0.00515	0.00468	0.04002	0.00132	0.00547	0.00269	0.00168	0.01897
41	0.00804	0.00689	0.00804	0.00574	0.00919	0.00517	0.00459	0.00976	0.00804	0.01263	0.00689	0.00804	0.00574	0.00287	0.00287	0.00057	0.00287	0.00230	0.00230	0.88745
42	0.00564	0.00376	0.00423	0.00423	0.00423	0.00376	0.00235	0.00564	0.00564	0.00752	0.01222	0.02537	0.01409	0.86375	0.01973	0.00376	0.00376	0.00564	0.00235	0.00235
43	0.00889	0.03403	0.21067	0.01471	0.34329	0.00895	0.01020	0.02574	0.19650	0.01373	0.08549	0.01205	0.00992	0.00435	0.00386	0.00120	0.00425	0.00382	0.00255	0.00579
44	0.00501	0.00356	0.00472	0.00555	0.00585	0.00338	0.00387	0.00579	0.00749	0.00994	0.02051	0.67934	0.02424	0.08081	0.00620	0.00178	0.00256	0.12278	0.00349	0.00314
45	0.00661	0.00564	0.01935	0.00710	0.04461	0.00609	0.00530	0.00913	0.09540	0.01309	0.39903	0.02136	0.05211	0.04524	0.11260	0.00204	0.14238	0.00555	0.00329	0.00406

[dist]
# distance from previous block
# <min> <max>
1	3

[block]
# block no. 3 follows, 70 sequences, length 62
# corresponding to MSA columns:
# 205-266
name=unknown_D
#
# <colnr> <probs for GDERKNQSTAVLIFYWHMCP>
#	G	D	E	R	K	N	Q	S	T	A	V	L	I	F	Y	W	H	M	C	P
0	0.00973	0.05055	0.30508	0.02452	0.21793	0.00836	0.03928	0.02835	0.03439	0.13573	0.07683	0.01199	0.03138	0.00434	0.00384	0.00119	0.00451	0.00374	0.00257	0.00568
1	0.02523	0.13975	0.02519	0.01662	0.45184	0.18131	0.02024	0.01296	0.02196	0.04824	0.00737	0.01901	0.00616	0.00374	0.00357	0.00109	0.00493	0.00316	0.00208	0.00556
2	0.26423	0.27116	0.05567	0.00964	0.01295	0.04309	0.26914	0.01199	0.00805	0.01273	0.00628	0.00772	0.00504	0.00343	0.00323	0.00111	0.00477	0.00294	0.00198	0.00485
3	0.00586	0.00468	0.00635	0.00787	0.13803	0.00436	0.00480	0.00721	0.02143	0.02606	0.13304	0.33695	0.27018	0.00926	0.00458	0.00137	0.00251	0.00820	0.00345	0.00384
4	0.00519	0.00371	0.00503	0.00591	0.00635	0.00355	0.00439	0.00622	0.00793	0.01050	0.03524	0.60221	0.02483	0.01164	0.00506	0.00163	0.00264	0.25106	0.00360	0.00328
5	0.00638	0.00545	0.00840	0.21968	0.12193	0.00608	0.00686	0.00806	0.00732	0.00987	0.01355	0.01707	0.13342	0.05515	0.35986	0.00347	0.00674	0.00456	0.00221	0.00395
6	0.72456	0.00733	0.00633	0.00544	0.00795	0.00813	0.00448	0.01283	0.00746	0.17465	0.00728	0.00761	0.00523	0.00383	0.00269	0.00120	0.00306	0.00244	0.00286	0.00466
7	0.00732	0.00689	0.01163	0.85444	0.02670	0.00861	0.01077	0.00991	0.00775	0.00991	0.00689	0.01034	0.00517	0.00388	0.00388	0.00129	0.00517	0.00345	0.00172	0.00431
8	0.89114	0.00750	0.00570	0.00510	0.00750	0.00870	0.00420	0.01140	0.00660	0.01739	0.00540	0.00630	0.00420	0.00360	0.00240	0.00120	0.00300	0.00210	0.00240	0.00420
9	0.01280	0.00887	0.00985	0.00781	0.01040	0.00952	0.00635	0.53695	0.05448	0.10378	0.15231	0.02456	0.03364	0.00548	0.00403	0.00119	0.00361	0.00439	0.00403	0.00594
10	0.01056	0.00878	0.00928	0.00807	0.01043	0.01007	0.00636	0.16550	0.68618	0.01769	0.01462	0.01354	0.01089	0.00515	0.00393	0.00129	0.00328	0.00422	0.00393	0.00622
11	0.01036	0.86609	0.02032	0.00663	0.00995	0.01534	0.00663	0.01161	0.00788	0.00912	0.00539	0.00622	0.00498	0.00332	0.00249	0.00083	0.00415	0.00207	0.00166	0.00498
12	0.01036	0.86609	0.02032	0.00663	0.00995	0.01534	0.00663	0.01161	0.00788	0.00912	0.00539	0.00622	0.00498	0.00332	0.00249	0.00083	0.00415	0.00207	0.00166	0.00498
13	0.01003	0.00894	0.01225	0.01540	0.39781	0.00963	0.00893	0.08161	0.38194	0.01522	0.01129	0.01177	0.00875	0.00437	0.00389	0.00123	0.00388	0.00388	0.00299	0.00618
14	0.89114	0.00750	0.00570	0.00510	0.00750	0.00870	0.00420	0.01140	0.00660	0.01739	0.00540	0.00630	0.00420	0.00360	0.00240	0.00120	0.00300	0.00210	0.00240	0.00420
15	0.00804	0.00689	0.00804	0.00574	0.00919	0.00517	0.00459	0.00976	0.00804	0.01263	0.00689	0.00804	0.00574	0.00287	0.00287	0.00057	0.00287	0.00230	0.00230	0.88745
16	0.00519	0.00373	0.00493	0.00517	0.00579	0.00347	0.00372	0.00652	0.00940	0.01302	0.46454	0.38306	0.03147	0.00981	0.00476	0.00139	0.00206	0.03459	0.00396	0.00344
17	0.00663	0.00568	0.00715	0.00780	0.07450	0.03114	0.03339	0.00947	0.13825	0.01182	0.04739	0.24640	0.19051	0.00891	0.00463	0.00145	0.00304	0.16431	0.00343	0.00410
18	0.69979	0.00731	0.00620	0.00537	0.00777	0.00821	0.00441	0.05094	0.00773	0.10475	0.00710	0.00770	0.00525	0.00384	0.00265	0.00118	0.00301	0.00245	0.05980	0.00453
19	0.00673	0.00337	0.00505	0.00505	0.00505	0.00337	0.00337	0.00505	0.00505	0.00673	0.00673	0.01178	0.00673	0.01347	0.01515	0.88721	0.00337	0.00337	0.00168	0.00168
20	0.00474	0.00344	0.00444	0.00523	0.00554	0.00318	0.00350	0.00542	0.00749	0.00987	0.02266	0.76121	0.09745	0.03926	0.00539	0.00162	0.00227	0.01060	0.00356	0.00313
21	0.01382	0.01737	0.01108	0.01001	0.01179	0.75571	0.00760	0.01480	0.01043	0.00947	0.00589	0.00716	0.00500	0.00430	0.00452	0.00108	0.10095	0.00260	0.00196	0.00447
22	0.00756	0.00507	0.00630	0.00568	0.00704	0.00494	0.00445	0.09700	0.03556	0.07887	0.56387	0.02643	0.05372	0.00749	0.00447	0.00126	0.00238	0.06854	0.01513	0.00425
23	0.00502	0.00383	0.00461	0.00466	0.00557	0.00342	0.00340	0.00631	0.00949	0.01261	0.39162	0.20729	0.30919	0.00946	0.00465	0.00132	0.00196	0.00826	0.00390	0.00342
24	0.00826	0.06422	0.50151	0.08361	0.01819	0.00955	0.23609	0.01208	0.00840	0.01194	0.00711	0.00888	0.00520	0.00356	0.00388	0.00123	0.00581	0.00334	0.00173	0.00543
25	0.01734	0.00669	0.00905	0.00694	0.00994	0.00583	0.00573	0.03611	0.01125	0.82482	0.01517	0.01311	0.00953	0.00480	0.00390	0.00120	0.00332	0.00389	0.00478	0.00660
26	0.00804	0.00779	0.01087	0.00943	0.00949	0.01072	0.00775	0.00887	0.00594	0.00917	0.00603	0.01024	0.00611	0.07022	0.08108	0.00221	0.72661	0.00362	0.00177	0.00404
27	0.00982	0.01050	0.01497	0.28134	0.23616	0.16412	0.18252	0.03277	0.00919	0.01146	0.00709	0.00952	0.00558	0.00368	0.00394	0.00120	0.00562	0.00351	0.00193	0.00508
28	0.00972	0.03153	0.45369	0.01327	0.15797	0.04091	0.11083	0.01313	0.00886	0.11174	0.00806	0.00922	0.00581	0.00373	0.00381	0.00120	0.00536	0.00327	0.00212	0.00578
29	0.00911	0.00496	0.00639	0.00610	0.00738	0.00468	0.00451	0.08550	0.00950	0.23760	0.03045	0.52743	0.03168	0.00936	0.00455	0.00143	0.00271	0.00829	0.00396	0.00442
30	0.75565	0.00850	0.00677	0.00652	0.05009	0.07185	0.00493	0.03502	0.00737	0.01676	0.00565	0.00660	0.00442	0.00365	0.00260	0.00118	0.00342	0.00224	0.00239	0.00439
31	0.00571	0.00424	0.00593	0.00672	0.07519	0.00397	0.02244	0.00636	0.00791	0.01044	0.12526	0.29048	0.20838	0.02313	0.00684	0.16636	0.00268	0.02157	0.00313	0.00326
32	0.00847	0.19744	0.65790	0.01006	0.01524	0.01028	0.01258	0.01224	0.00817	0.02447	0.00676	0.00785	0.00500	0.00362	0.00344	0.00114	0.00536	0.00271	0.00169	0.00558
33	0.00488	0.00351	0.00442	0.00505	0.00536	0.00328	0.00333	0.00551	0.00738	0.00974	0.04762	0.61971	0.10143	0.15089	0.00732	0.00189	0.00246	0.00974	0.00342	0.00305
34	0.00804	0.00689	0.00804	0.00574	0.00919	0.00517	0.00459	0.00976	0.00804	0.01263	0.00689	0.00804	0.00574	0.00287	0.00287	0.00057	0.00287	0.00230	0.00230	0.88745
35	0.00549	0.00396	0.00518	0.00488	0.00579	0.00366	0.00366	0.00732	0.01097	0.01555	0.83752	0.02896	0.03658	0.00793	0.00457	0.00122	0.00183	0.00701	0.00427	0.00366
36	0.01448	0.01848	0.01099	0.00999	0.01199	0.84819	0.00749	0.01548	0.01099	0.00949	0.00599	0.00699	0.00499	0.00400	0.00350	0.00100	0.00699	0.00250	0.00200	0.00449
37	0.00471	0.00342	0.00445	0.00527	0.00559	0.00316	0.00354	0.00541	0.00754	0.00995	0.02291	0.79032	0.09555	0.01195	0.00492	0.00155	0.00222	0.01078	0.00360	0.00316
38	0.00508	0.00393	0.00464	0.00450	0.00556	0.00348	0.00336	0.00652	0.00996	0.01324	0.47732	0.06360	0.36709	0.00887	0.00459	0.00127	0.00190	0.00764	0.00397	0.00348
39	0.01921	0.00568	0.00623	0.00589	0.00712	0.00617	0.00438	0.01253	0.33594	0.01354	0.13666	0.02115	0.02827	0.20083	0.00753	0.00183	0.00288	0.05583	0.12401	0.00434
40	0.00719	0.00362	0.00364	0.00364	0.00454	0.00361	0.00273	0.00900	0.00818	0.01447	0.02781	0.01472	0.01043	0.00458	0.00274	0.00091	0.00181	0.00368	0.86908	0.00361
41	0.00559	0.00376	0.00422	0.00424	0.00428	0.00373	0.00239	0.00563	0.00577	0.00765	0.01323	0.03940	0.04071	0.82246	0.01900	0.00364	0.00368	0.00581	0.00241	0.00239
42	0.00778	0.02005	0.84367	0.01105	0.01678	0.00900	0.01432	0.01228	0.00818	0.01228	0.00696	0.00818	0.00491	0.00368	0.00368	0.00123	0.00573	0.00286	0.00164	0.00573
43	0.82333	0.00766	0.00605	0.00535	0.00777	0.00886	0.00440	0.04386	0.03825	0.01763	0.00594	0.00672	0.00458	0.00370	0.00252	0.00120	0.00305	0.00224	0.00252	0.00437
44	0.00625	0.00446	0.00625	0.00714	0.00803	0.00446	0.00625	0.00803	0.00892	0.01160	0.02053	0.04373	0.02231	0.01071	0.00535	0.00178	0.00357	0.81348	0.00357	0.00357
45	0.00778	0.02005	0.84367	0.01105	0.01678	0.00900	0.01432	0.01228	0.00818	0.01228	0.00696	0.00818	0.00491	0.00368	0.00368	0.00123	0.00573	0.00286	0.00164	0.00573
46	0.00778	0.02005	0.84367	0.01105	0.01678	0.00900	0.01432	0.01228	0.00818	0.01228	0.00696	0.00818	0.00491	0.00368	0.00368	0.00123	0.00573	0.00286	0.00164	0.00573
47	0.01447	0.01066	0.01148	0.00884	0.01187	0.01181	0.00729	0.80265	0.01788	0.02398	0.00934	0.00948	0.00668	0.00537	0.02860	0.00131	0.00445	0.00351	0.00383	0.00650
48	0.89114	0.00750	0.00570	0.00510	0.00750	0.00870	0.00420	0.01140	0.00660	0.01739	0.00540	0.00630	0.00420	0.00360	0.00240	0.00120	0.00300	0.00210	0.00240	0.00420
49	0.01474	0.01086	0.01163	0.00892	0.01202	0.01202	0.00737	0.82664	0.01823	0.02443	0.00931	0.00931	0.00659	0.00465	0.00388	0.00116	0.00427	0.00349	0.00388	0.00659
50	0.00492	0.02907	0.01840	0.00509	0.00583	0.00365	0.00368	0.00580	0.00796	0.01026	0.05197	0.56261	0.25481	0.01096	0.00474	0.00146	0.00227	0.00970	0.00353	0.00330
51	0.84907	0.00758	0.00618	0.00599	0.04720	0.00872	0.00457	0.01142	0.00670	0.01717	0.00549	0.00646	0.00429	0.00359	0.00247	0.00120	0.00308	0.00216	0.00238	0.00429
52	0.00472	0.00337	0.00450	0.00540	0.00562	0.00315	0.00360	0.00540	0.00742	0.00990	0.02137	0.86122	0.02564	0.01215	0.00495	0.00157	0.00225	0.01102	0.00360	0.00315
53	0.00949	0.57742	0.28667	0.00805	0.01215	0.01311	0.00909	0.01179	0.00798	0.01020	0.00592	0.00689	0.00497	0.00343	0.00288	0.00095	0.00464	0.00233	0.00166	0.02037
54	0.11476	0.08294	0.35841	0.01218	0.15242	0.05881	0.07559	0.01282	0.03083	0.05573	0.00739	0.00858	0.00555	0.00369	0.00354	0.00117	0.00503	0.00302	0.00205	0.00550
55	0.00481	0.00343	0.00458	0.00546	0.00571	0.00322	0.00370	0.00553	0.00746	0.00993	0.02115	0.80583	0.02526	0.02859	0.00525	0.00163	0.00234	0.04938	0.00357	0.00315
56	0.00473	0.00393	0.00413	0.00408	0.00533	0.00334	0.00306	0.00585	0.00919	0.01130	0.16969	0.03595	0.70706	0.00951	0.00458	0.00129	0.00194	0.00799	0.00371	0.00334
57	0.07230	0.00950	0.16226	0.01009	0.13217	0.00704	0.01994	0.01582	0.00980	0.48700	0.01178	0.01148	0.00791	0.02041	0.00406	0.00125	0.00397	0.00357	0.00355	0.00611
58	0.00899	0.11164	0.19771	0.13180	0.23489	0.00949	0.12898	0.01172	0.00856	0.04781	0.02596	0.01048	0.03069	0.00392	0.00397	0.00119	0.02126	0.00356	0.00203	0.00537
59	0.00786	0.01950	0.79625	0.01136	0.01698	0.00905	0.06118	0.01229	0.00824	0.01229	0.00701	0.00832	0.00497	0.00366	0.00373	0.00123	0.00578	0.00296	0.00166	0.00570
60	0.03282	0.00705	0.00959	0.02026	0.07030	0.00642	0.00628	0.05835	0.02341	0.70182	0.01412	0.01259	0.00907	0.00467	0.00387	0.00120	0.00346	0.00381	0.00444	0.00648
61	0.02129	0.28275	0.06404	0.01290	0.23443	0.08775	0.08712	0.05951	0.06025	0.02668	0.02397	0.00898	0.00659	0.00375	0.00345	0.00107	0.00471	0.00312	0.00217	0.00547

[dist]
# distance from previous block
# <min> <max>
0	6

[block]
# block no. 4 follows, 70 sequences, length 111
# corresponding to MSA columns:
# 273-383
name=unknown_E
#
# <colnr> <probs for GDERKNQSTAVLIFYWHMCP>
#	G	D	E	R	K	N	Q	S	T	A	V	L	I	F	Y	W	H	M	C	P
0	0.14184	0.00973	0.03555	0.01688	0.41767	0.05410	0.15536	0.02166	0.00897	0.09037	0.00780	0.00941	0.00604	0.00362	0.00374	0.00118	0.00474	0.00343	0.00228	0.00564
1	0.00578	0.00435	0.00633	0.00629	0.00704	0.00506	0.00488	0.00760	0.04961	0.00932	0.01058	0.01511	0.00973	0.02744	0.78360	0.02757	0.00983	0.00415	0.00217	0.00356
2	0.00596	0.00381	0.00429	0.00425	0.00436	0.00379	0.00243	0.00608	0.00588	0.02455	0.01230	0.02455	0.01379	0.80146	0.01852	0.00356	0.00365	0.00550	0.04878	0.00250
3	0.01059	0.00952	0.01491	0.03292	0.66443	0.03180	0.02359	0.10510	0.01004	0.04817	0.00782	0.00967	0.00629	0.00366	0.00385	0.00116	0.00461	0.00347	0.00226	0.00613
4	0.42144	0.14246	0.05489	0.00940	0.15111	0.05447	0.00682	0.02375	0.07961	0.01460	0.00679	0.00774	0.00543	0.00371	0.00294	0.00113	0.00383	0.00261	0.00230	0.00495
5	0.00560	0.00418	0.00523	0.00493	0.00595	0.00392	0.00371	0.00780	0.05190	0.01505	0.71336	0.02910	0.11867	0.00799	0.00454	0.00123	0.00191	0.00700	0.00418	0.00374
6	0.01045	0.81470	0.03154	0.00693	0.01025	0.04310	0.01744	0.01176	0.00800	0.00922	0.00546	0.00633	0.00499	0.00334	0.00257	0.00085	0.00429	0.00213	0.00167	0.00497
7	0.01408	0.01983	0.01048	0.00814	0.01098	0.00785	0.07474	0.10251	0.22537	0.44461	0.01394	0.01283	0.00949	0.00523	0.02040	0.00133	0.00376	0.00402	0.00415	0.00628
8	0.00561	0.00405	0.00522	0.00491	0.00585	0.00378	0.00369	0.00763	0.02787	0.01554	0.80221	0.02834	0.03548	0.00779	0.00452	0.00121	0.00185	0.00688	0.02386	0.00371
9	0.00844	0.00462	0.00487	0.00454	0.00582	0.00476	0.00349	0.02727	0.12194	0.07491	0.01320	0.01426	0.01011	0.00464	0.00299	0.00099	0.00214	0.00374	0.68304	0.00423
10	0.00458	0.00393	0.00393	0.00393	0.00524	0.00327	0.00295	0.00556	0.00884	0.01047	0.03927	0.03731	0.83800	0.00982	0.00458	0.00131	0.00196	0.00818	0.00360	0.00327
11	0.01451	0.01075	0.01151	0.00887	0.01194	0.01192	0.00731	0.79143	0.05380	0.02407	0.00959	0.00953	0.00682	0.00468	0.00388	0.00117	0.00421	0.00353	0.00388	0.00657
12	0.01036	0.86609	0.02032	0.00663	0.00995	0.01534	0.00663	0.01161	0.00788	0.00912	0.00539	0.00622	0.00498	0.00332	0.00249	0.00083	0.00415	0.00207	0.00166	0.00498
13	0.01448	0.01848	0.01099	0.00999	0.01199	0.84819	0.00749	0.01548	0.01099	0.00949	0.00599	0.00699	0.00499	0.00400	0.00350	0.00100	0.00699	0.00250	0.00200	0.00449
14	0.00572	0.00434	0.00634	0.00630	0.00706	0.00506	0.00490	0.00752	0.04233	0.00931	0.01062	0.01520	0.00979	0.02804	0.81150	0.00602	0.01006	0.00416	0.00216	0.00358
15	0.00673	0.00337	0.00505	0.00505	0.00505	0.00337	0.00337	0.00505	0.00505	0.00673	0.00673	0.01178	0.00673	0.01347	0.01515	0.88721	0.00337	0.00337	0.00168	0.00168
16	0.00472	0.00337	0.00450	0.00540	0.00562	0.00315	0.00360	0.00540	0.00742	0.00990	0.02137	0.86122	0.02564	0.01215	0.00495	0.00157	0.00225	0.01102	0.00360	0.00315
17	0.89114	0.00750	0.00570	0.00510	0.00750	0.00870	0.00420	0.01140	0.00660	0.01739	0.00540	0.00630	0.00420	0.00360	0.00240	0.00120	0.00300	0.00210	0.00240	0.00420
18	0.00985	0.00828	0.00877	0.00786	0.01008	0.00954	0.00612	0.02056	0.81092	0.03798	0.01577	0.01443	0.01178	0.00525	0.00394	0.00131	0.00307	0.00437	0.00397	0.00615
19	0.00961	0.00903	0.02855	0.10493	0.44747	0.00943	0.02170	0.05836	0.24279	0.01401	0.00977	0.01102	0.00765	0.00408	0.00388	0.00122	0.00426	0.00372	0.00257	0.00595
20	0.00970	0.00946	0.01448	0.02029	0.63930	0.04618	0.01081	0.01258	0.08439	0.01250	0.00778	0.00981	0.00650	0.00400	0.00477	0.00122	0.09479	0.00349	0.00209	0.00587
21	0.00804	0.00689	0.00804	0.00574	0.00919	0.00517	0.00459	0.00976	0.00804	0.01263	0.00689	0.00804	0.00574	0.00287	0.00287	0.00057	0.00287	0.00230	0.00230	0.88745
22	0.00744	0.00438	0.00575	0.00517	0.00642	0.00398	0.00396	0.00922	0.01092	0.14795	0.68407	0.02605	0.03156	0.00733	0.00442	0.00121	0.00206	0.00642	0.02757	0.00413
23	0.00475	0.00339	0.00452	0.00538	0.00563	0.00316	0.00360	0.00546	0.00753	0.01007	0.04706	0.83502	0.02599	0.01201	0.00494	0.00156	0.00224	0.01089	0.00362	0.00316
24	0.00964	0.00833	0.00877	0.00789	0.01008	0.00964	0.00614	0.02060	0.83257	0.01622	0.01578	0.01446	0.01183	0.00526	0.00394	0.00131	0.00307	0.00438	0.00394	0.00614
25	0.00554	0.00415	0.00623	0.00623	0.00692	0.00485	0.00485	0.00692	0.00623	0.00900	0.01038	0.01523	0.00969	0.02908	0.84839	0.00623	0.01038	0.00415	0.00208	0.00346
26	0.89114	0.00750	0.00570	0.00510	0.00750	0.00870	0.00420	0.01140	0.00660	0.01739	0.00540	0.00630	0.00420	0.00360	0.00240	0.00120	0.00300	0.00210	0.00240	0.00420
27	0.00477	0.00341	0.00454	0.00537	0.00563	0.00318	0.00360	0.00551	0.00763	0.01022	0.06803	0.81364	0.02627	0.01190	0.00493	0.00155	0.00223	0.01079	0.00364	0.00318
28	0.00732	0.00689	0.01163	0.85444	0.02670	0.00861	0.01077	0.00991	0.00775	0.00991	0.00689	0.01034	0.00517	0.00388	0.00388	0.00129	0.00517	0.00345	0.00172	0.00431
29	0.89114	0.00750	0.00570	0.00510	0.00750	0.00870	0.00420	0.01140	0.00660	0.01739	0.00540	0.00630	0.00420	0.00360	0.00240	0.00120	0.00300	0.00210	0.00240	0.00420
30	0.00678	0.00370	0.00401	0.00394	0.00484	0.00362	0.00295	0.00860	0.00886	0.01473	0.22303	0.01815	0.01673	0.00539	0.00319	0.00098	0.00181	0.00448	0.66058	0.00362
31	0.01412	0.01722	0.01110	0.00991	0.01187	0.72698	0.00754	0.08048	0.01125	0.01068	0.00620	0.00727	0.00513	0.00423	0.00412	0.00106	0.06143	0.00263	0.00213	0.00465
32	0.00554	0.00415	0.00623	0.00623	0.00692	0.00485	0.00485	0.00692	0.00623	0.00900	0.01038	0.01523	0.00969	0.02908	0.84839	0.00623	0.01038	0.00415	0.00208	0.00346
33	0.00554	0.00415	0.00620	0.00620	0.00688	0.00483	0.00481	0.00690	0.00622	0.00898	0.01041	0.01538	0.00976	0.04173	0.83583	0.00619	0.01028	0.00418	0.00208	0.00344
34	0.00954	0.01141	0.10045	0.01514	0.01916	0.00993	0.67124	0.08859	0.00991	0.01353	0.00790	0.01013	0.00586	0.00344	0.00442	0.00129	0.00625	0.00431	0.00211	0.00540
35	0.00562	0.00429	0.00469	0.00448	0.00583	0.00381	0.00340	0.00735	0.05442	0.04823	0.21082	0.03319	0.58209	0.00894	0.00452	0.00129	0.00205	0.00753	0.00382	0.00366
36	0.00867	0.00720	0.02347	0.00803	0.07907	0.00739	0.00579	0.08011	0.35352	0.05414	0.07265	0.03369	0.23698	0.00652	0.00415	0.00128	0.00297	0.00548	0.00369	0.00521
37	0.00512	0.00395	0.00467	0.00449	0.00557	0.00350	0.00337	0.00660	0.01010	0.01348	0.51170	0.03237	0.36370	0.00870	0.00458	0.00126	0.00188	0.00749	0.00400	0.00350
38	0.01058	0.03212	0.30450	0.04981	0.17486	0.17818	0.03034	0.12926	0.03024	0.01346	0.00736	0.00864	0.00561	0.00387	0.00372	0.00116	0.00545	0.00308	0.00215	0.00561
39	0.89114	0.00750	0.00570	0.00510	0.00750	0.00870	0.00420	0.01140	0.00660	0.01739	0.00540	0.00630	0.00420	0.00360	0.00240	0.00120	0.00300	0.00210	0.00240	0.00420
40	0.00861	0.00687	0.00810	0.00581	0.00923	0.00520	0.00466	0.01032	0.00823	0.06333	0.00740	0.00835	0.00598	0.00299	0.00293	0.00061	0.00290	0.00239	0.00245	0.83363
41	0.49184	0.00802	0.00838	0.00815	0.09922	0.03835	0.02055	0.03728	0.00849	0.22171	0.00824	0.00859	0.00589	0.00397	0.00320	0.00120	0.01604	0.00281	0.00295	0.00511
42	0.01687	0.00648	0.00883	0.00681	0.00972	0.00561	0.00561	0.01839	0.01109	0.80614	0.05121	0.01388	0.01078	0.00493	0.00393	0.00120	0.00323	0.00403	0.00478	0.00647
43	0.01036	0.86609	0.02032	0.00663	0.00995	0.01534	0.00663	0.01161	0.00788	0.00912	0.00539	0.00622	0.00498	0.00332	0.00249	0.00083	0.00415	0.00207	0.00166	0.00498
44	0.00472	0.00337	0.00450	0.00540	0.00562	0.00315	0.00360	0.00540	0.00742	0.00990	0.02137	0.86122	0.02564	0.01215	0.00495	0.00157	0.00225	0.01102	0.00360	0.00315
45	0.00848	0.00848	0.01187	0.01018	0.01018	0.01187	0.00848	0.00933	0.00594	0.00933	0.00509	0.00848	0.00509	0.00679	0.01272	0.00170	0.85666	0.00339	0.00170	0.00424
46	0.01474	0.01086	0.01163	0.00892	0.01202	0.01202	0.00737	0.82664	0.01823	0.02443	0.00931	0.00931	0.00659	0.00465	0.00388	0.00116	0.00427	0.00349	0.00388	0.00659
47	0.89114	0.00750	0.00570	0.00510	0.00750	0.00870	0.00420	0.01140	0.00660	0.01739	0.00540	0.00630	0.00420	0.00360	0.00240	0.00120	0.00300	0.00210	0.00240	0.00420
48	0.04362	0.00404	0.00449	0.00454	0.00563	0.00363	0.00339	0.00633	0.00910	0.01204	0.23980	0.14702	0.45515	0.00941	0.00456	0.00133	0.00207	0.03671	0.00372	0.00341
49	0.00564	0.00376	0.00423	0.00423	0.00423	0.00376	0.00235	0.00564	0.00564	0.00752	0.01222	0.02537	0.01409	0.86375	0.01973	0.00376	0.00376	0.00564	0.00235	0.00235
50	0.89114	0.00750	0.00570	0.00510	0.00750	0.00870	0.00420	0.01140	0.00660	0.01739	0.00540	0.00630	0.00420	0.00360	0.00240	0.00120	0.00300	0.00210	0.00240	0.00420
51	0.89114	0.00750	0.00570	0.00510	0.00750	0.00870	0.00420	0.01140	0.00660	0.01739	0.00540	0.00630	0.00420	0.00360	0.00240	0.00120	0.00300	0.00210	0.00240	0.00420
52	0.00694	0.00456	0.00535	0.00497	0.00627	0.00428	0.00381	0.04106	0.04271	0.07981	0.34774	0.05318	0.23879	0.00769	0.00426	0.00122	0.00217	0.02317	0.11805	0.00398
53	0.00523	0.00401	0.00452	0.00435	0.00556	0.00348	0.00328	0.00654	0.00969	0.03276	0.33579	0.03361	0.51940	0.00899	0.00456	0.00127	0.00195	0.00764	0.00388	0.00350
54	0.03349	0.00764	0.00975	0.00772	0.01015	0.02785	0.00637	0.09199	0.01072	0.57743	0.01245	0.01168	0.00827	0.00510	0.00546	0.00128	0.15883	0.00370	0.00403	0.00607
55	0.00778	0.02005	0.84367	0.01105	0.01678	0.00900	0.01432	0.01228	0.00818	0.01228	0.00696	0.00818	0.00491	0.00368	0.00368	0.00123	0.00573	0.00286	0.00164	0.00573
56	0.00804	0.00689	0.00804	0.00574	0.00919	0.00517	0.00459	0.00976	0.00804	0.01263	0.00689	0.00804	0.00574	0.00287	0.00287	0.00057	0.00287	0.00230	0.00230	0.88745
57	0.00634	0.00448	0.00621	0.00704	0.00794	0.00447	0.00608	0.00818	0.02050	0.02150	0.02045	0.09173	0.02221	0.01065	0.00529	0.00176	0.00348	0.74448	0.00359	0.00362
58	0.00765	0.00669	0.00683	0.00630	0.00802	0.03819	0.00484	0.01379	0.42362	0.01416	0.15826	0.02330	0.25864	0.00699	0.00422	0.00129	0.00269	0.00586	0.00382	0.00482
59	0.01036	0.86609	0.02032	0.00663	0.00995	0.01534	0.00663	0.01161	0.00788	0.00912	0.00539	0.00622	0.00498	0.00332	0.00249	0.00083	0.00415	0.00207	0.00166	0.00498
