[name]
unknown

[dist]
# distance from previous block
# <min> <max>
0	107

[block]
# block no. 0 follows, 71 sequences, length 40
# corresponding to MSA columns:
# 108-147
name=unknown_A
#
# <colnr> <probs for GDERKNQSTAVLIFYWHMCP>
#	G	D	E	R	K	N	Q	S	T	A	V	L	I	F	Y	W	H	M	C	P
0	0.42836	0.33012	0.02310	0.00610	0.00889	0.01112	0.00554	0.07587	0.00813	0.03944	0.00639	0.00774	0.00532	0.00378	0.00267	0.00106	0.00355	0.02581	0.00231	0.00470
1	0.04794	0.09963	0.18609	0.00771	0.03445	0.00796	0.00727	0.08871	0.02906	0.02771	0.02241	0.00850	0.00622	0.00345	0.00314	0.00087	0.00374	0.00267	0.00233	0.41014
2	0.01169	0.52445	0.01648	0.00779	0.01059	0.23311	0.00693	0.09683	0.00958	0.01069	0.00588	0.00675	0.00509	0.00372	0.00324	0.00093	0.03699	0.00235	0.00196	0.00493
3	0.00939	0.00794	0.00865	0.04998	0.01060	0.00914	0.00617	0.01922	0.74047	0.03268	0.04092	0.01480	0.02236	0.00526	0.00392	0.00129	0.00309	0.00441	0.00381	0.00588
4	0.00479	0.00380	0.00402	0.00409	0.00500	0.00334	0.00285	0.00554	0.00795	0.00975	0.04647	0.10564	0.57032	0.20024	0.00790	0.00185	0.00236	0.00775	0.00330	0.00303
5	0.00782	0.00735	0.02522	0.76767	0.03757	0.00878	0.01048	0.06966	0.00845	0.01093	0.00700	0.01010	0.00522	0.00388	0.00383	0.00127	0.00505	0.00340	0.00186	0.00448
6	0.00464	0.00386	0.00406	0.00406	0.00526	0.00328	0.00303	0.00570	0.00892	0.01092	0.13166	0.07607	0.70614	0.00960	0.00455	0.00130	0.00194	0.00809	0.00364	0.00328
7	0.00484	0.00345	0.00464	0.00553	0.00582	0.00326	0.00384	0.00562	0.00750	0.00997	0.02104	0.77379	0.02500	0.01186	0.00494	0.00158	0.00237	0.09824	0.00356	0.00316
8	0.00475	0.00369	0.00432	0.00460	0.00542	0.00326	0.00328	0.00576	0.00860	0.01105	0.17727	0.34507	0.38877	0.01023	0.00467	0.00138	0.00202	0.00894	0.00368	0.00326
9	0.00996	0.00832	0.00881	0.00783	0.01006	0.00956	0.00612	0.06018	0.77561	0.03509	0.01528	0.01403	0.01140	0.00516	0.00390	0.00129	0.00310	0.00428	0.00392	0.00610
10	0.01029	0.00861	0.00910	0.00796	0.01026	0.00989	0.00625	0.14196	0.71159	0.01726	0.01464	0.01354	0.01092	0.00511	0.00389	0.00128	0.00321	0.00420	0.00389	0.00614
11	0.01025	0.86756	0.02009	0.00656	0.00984	0.01517	0.00656	0.01148	0.00779	0.00902	0.00533	0.00615	0.00492	0.00328	0.00246	0.00082	0.00410	0.00205	0.00164	0.00492
12	0.01432	0.01827	0.01087	0.00988	0.01185	0.84986	0.00741	0.01531	0.01087	0.00938	0.00593	0.00691	0.00494	0.00395	0.00346	0.00099	0.00691	0.00247	0.00198	0.00444
13	0.00839	0.00839	0.01174	0.01007	0.01007	0.01174	0.00839	0.00923	0.00587	0.00923	0.00503	0.00839	0.00503	0.00671	0.01258	0.00168	0.85823	0.00336	0.00168	0.00419
14	0.00530	0.00391	0.00495	0.00469	0.00565	0.00356	0.00352	0.00699	0.01056	0.01468	0.72766	0.02979	0.14826	0.00810	0.00452	0.00122	0.00183	0.00710	0.00413	0.00356
15	0.89233	0.00741	0.00564	0.00504	0.00741	0.00860	0.00415	0.01127	0.00653	0.01720	0.00534	0.00623	0.00415	0.00356	0.00237	0.00119	0.00297	0.00208	0.00237	0.00415
16	0.00581	0.00415	0.00612	0.00605	0.00681	0.00473	0.00471	0.00722	0.00653	0.03019	0.04478	0.01555	0.01069	0.02662	0.77053	0.00569	0.00951	0.00420	0.02660	0.00351
17	0.01188	0.01274	0.01015	0.01024	0.10053	0.45439	0.01648	0.05639	0.01011	0.06320	0.00937	0.09240	0.00877	0.05093	0.02383	0.00139	0.01883	0.04133	0.00248	0.00456
18	0.00769	0.01983	0.84538	0.01093	0.01659	0.00890	0.01417	0.01214	0.00810	0.01214	0.00688	0.00810	0.00486	0.00364	0.00364	0.00121	0.00567	0.00283	0.00162	0.00567
19	0.01242	0.01412	0.04967	0.02476	0.01181	0.43881	0.01663	0.13113	0.21137	0.01327	0.00925	0.03339	0.00739	0.00455	0.00369	0.00112	0.00536	0.00336	0.00273	0.00516
20	0.01025	0.86756	0.02009	0.00656	0.00984	0.01517	0.00656	0.01148	0.00779	0.00902	0.00533	0.00615	0.00492	0.00328	0.00246	0.00082	0.00410	0.00205	0.00164	0.00492
21	0.00944	0.00726	0.00863	0.00633	0.00961	0.00602	0.01913	0.09948	0.02441	0.08278	0.00814	0.02034	0.00647	0.00336	0.00311	0.00072	0.00308	0.00273	0.00269	0.67629
22	0.00477	0.00392	0.00432	0.00430	0.00547	0.00347	0.00326	0.00590	0.00872	0.01084	0.13487	0.03361	0.63662	0.01156	0.09632	0.00182	0.00286	0.02057	0.00348	0.00331
23	0.00792	0.00658	0.00945	0.41140	0.01710	0.00753	0.02462	0.01205	0.19693	0.06058	0.05953	0.01689	0.11017	0.00539	0.00405	0.00130	0.00393	0.03711	0.00282	0.00464
24	0.76336	0.10081	0.00732	0.00531	0.00777	0.00935	0.00449	0.01164	0.03782	0.01627	0.00572	0.00652	0.00452	0.00359	0.00244	0.00115	0.00309	0.00216	0.00235	0.00431
25	0.01056	0.64915	0.01788	0.00757	0.02828	0.06913	0.02432	0.04347	0.09815	0.01052	0.00672	0.00736	0.00576	0.00358	0.00281	0.00091	0.00423	0.00246	0.00200	0.00510
26	0.01025	0.86756	0.02009	0.00656	0.00984	0.01517	0.00656	0.01148	0.00779	0.00902	0.00533	0.00615	0.00492	0.00328	0.00246	0.00082	0.00410	0.00205	0.00164	0.00492
27	0.06009	0.00983	0.01075	0.00828	0.01129	0.01063	0.00684	0.64490	0.01620	0.16725	0.01004	0.00973	0.00692	0.00457	0.00376	0.00116	0.00399	0.00345	0.00392	0.00640
28	0.02087	0.00384	0.00556	0.00538	0.00567	0.00400	0.00380	0.00615	0.00556	0.04948	0.00809	0.01243	0.02506	0.01408	0.10456	0.68153	0.03622	0.00353	0.00192	0.00227
29	0.00873	0.00970	0.10456	0.09115	0.56307	0.00864	0.04496	0.01145	0.03246	0.01216	0.00905	0.04266	0.03617	0.00407	0.00388	0.00119	0.00458	0.00387	0.00203	0.00563
30	0.01042	0.00951	0.00912	0.00810	0.01031	0.10093	0.00630	0.07875	0.68548	0.01591	0.01409	0.01313	0.01059	0.00502	0.00385	0.00126	0.00354	0.00407	0.00369	0.00593
31	0.00558	0.00372	0.00418	0.00418	0.00418	0.00372	0.00232	0.00558	0.00558	0.00743	0.01208	0.02509	0.01394	0.86525	0.01952	0.00372	0.00372	0.00558	0.00232	0.00232
32	0.00924	0.08155	0.23270	0.06252	0.07514	0.04504	0.06156	0.03648	0.00799	0.05663	0.00692	0.00918	0.00567	0.03125	0.00679	0.00139	0.25972	0.00326	0.00196	0.00500
33	0.00769	0.01983	0.84538	0.01093	0.01659	0.00890	0.01417	0.01214	0.00810	0.01214	0.00688	0.00810	0.00486	0.00364	0.00364	0.00121	0.00567	0.00283	0.00162	0.00567
34	0.00515	0.00404	0.00443	0.00428	0.00553	0.00352	0.00323	0.00657	0.02664	0.02973	0.25528	0.03367	0.58634	0.00900	0.00450	0.00127	0.00196	0.00761	0.00377	0.00347
35	0.00703	0.00523	0.00648	0.00677	0.00802	0.00542	0.00562	0.01071	0.19782	0.03897	0.02112	0.08465	0.10825	0.00916	0.00482	0.00158	0.00316	0.46736	0.00366	0.00415
36	0.02911	0.00991	0.14070	0.07369	0.05011	0.04683	0.09614	0.14220	0.10043	0.01399	0.02642	0.05006	0.01045	0.00701	0.05675	0.00162	0.00488	0.13193	0.00276	0.00500
37	0.00479	0.00379	0.00433	0.00465	0.00555	0.00337	0.00338	0.00589	0.02180	0.01056	0.07164	0.32146	0.46501	0.01038	0.00468	0.00140	0.00213	0.04830	0.00360	0.00327
38	0.05808	0.00626	0.00812	0.00636	0.00905	0.00561	0.00522	0.02778	0.01049	0.69137	0.01426	0.01282	0.00924	0.00465	0.00364	0.00115	0.00308	0.00373	0.11305	0.00605
39	0.00945	0.00959	0.03522	0.19464	0.48884	0.07157	0.04116	0.04258	0.03451	0.01220	0.00742	0.00967	0.00599	0.00401	0.01600	0.00124	0.00497	0.00341	0.00199	0.00551

[dist]
# distance from previous block
# <min> <max>
0	1

[block]
# block no. 1 follows, 71 sequences, length 51
# corresponding to MSA columns:
# 149-199
name=unknown_B
#
# <colnr> <probs for GDERKNQSTAVLIFYWHMCP>
#	G	D	E	R	K	N	Q	S	T	A	V	L	I	F	Y	W	H	M	C	P
0	0.00912	0.21240	0.22467	0.00851	0.02072	0.07914	0.04226	0.05935	0.11663	0.02145	0.01162	0.10043	0.06774	0.00515	0.00363	0.00115	0.00434	0.00416	0.00247	0.00504
1	0.13118	0.00909	0.03124	0.16522	0.17739	0.09252	0.10485	0.03298	0.00814	0.01188	0.00719	0.01775	0.00603	0.01511	0.09793	0.00181	0.07957	0.00342	0.00201	0.00469
2	0.02763	0.38162	0.04041	0.00865	0.01133	0.40023	0.03862	0.01325	0.00920	0.00956	0.00574	0.00678	0.00495	0.00368	0.00327	0.00095	0.02521	0.00239	0.00182	0.00470
3	0.00577	0.00401	0.00516	0.00482	0.00583	0.00366	0.00363	0.00750	0.01068	0.04422	0.74484	0.02876	0.10087	0.00788	0.00450	0.00121	0.00187	0.00692	0.00419	0.00369
4	0.01025	0.86756	0.02009	0.00656	0.00984	0.01517	0.00656	0.01148	0.00779	0.00902	0.00533	0.00615	0.00492	0.00328	0.00246	0.00082	0.00410	0.00205	0.00164	0.00492
5	0.00600	0.00421	0.00560	0.00623	0.00686	0.00421	0.00507	0.00726	0.00789	0.01031	0.01793	0.03802	0.01972	0.25691	0.00939	0.00233	0.00358	0.58209	0.00318	0.00318
6	0.00524	0.00393	0.00485	0.00488	0.00581	0.00359	0.00372	0.00666	0.00954	0.01275	0.41627	0.08981	0.25341	0.04403	0.00527	0.00143	0.00219	0.11938	0.00382	0.00341
7	0.00480	0.00352	0.00451	0.00506	0.00555	0.00323	0.00349	0.00573	0.00820	0.01094	0.18188	0.59819	0.12896	0.01092	0.00478	0.00146	0.00211	0.00978	0.00369	0.00323
8	0.00968	0.01125	0.02036	0.01492	0.01837	0.12590	0.67680	0.01249	0.00919	0.01175	0.00770	0.02681	0.00607	0.00359	0.00459	0.00127	0.02796	0.00434	0.00197	0.00501
9	0.40928	0.00838	0.00820	0.00668	0.00933	0.00924	0.00549	0.29416	0.04585	0.13588	0.00864	0.00874	0.00617	0.00418	0.00316	0.00117	0.00341	0.00293	0.02375	0.00537
10	0.89233	0.00741	0.00564	0.00504	0.00741	0.00860	0.00415	0.01127	0.00653	0.01720	0.00534	0.00623	0.00415	0.00356	0.00237	0.00119	0.00297	0.00208	0.00237	0.00415
11	0.01025	0.86756	0.02009	0.00656	0.00984	0.01517	0.00656	0.01148	0.00779	0.00902	0.00533	0.00615	0.00492	0.00328	0.00246	0.00082	0.00410	0.00205	0.00164	0.00492
12	0.00471	0.00336	0.00449	0.00538	0.00562	0.00315	0.00363	0.00540	0.00738	0.00983	0.02111	0.84195	0.02528	0.01198	0.00490	0.00156	0.00226	0.03132	0.00356	0.00312
13	0.00558	0.00372	0.00418	0.00418	0.00418	0.00372	0.00232	0.00558	0.00558	0.00743	0.01208	0.02509	0.01394	0.86525	0.01952	0.00372	0.00372	0.00558	0.00232	0.00232
14	0.00839	0.00839	0.01174	0.01007	0.01007	0.01174	0.00839	0.00923	0.00587	0.00923	0.00503	0.00839	0.00503	0.00671	0.01258	0.00168	0.85823	0.00336	0.00168	0.00419
15	0.00643	0.12408	0.02393	0.00519	0.00674	0.00565	0.00426	0.00850	0.05966	0.03355	0.39103	0.03530	0.24889	0.00787	0.02134	0.00129	0.00253	0.00625	0.00357	0.00395
16	0.01361	0.01656	0.01071	0.00964	0.01159	0.69726	0.00731	0.04922	0.09208	0.01064	0.00698	0.00780	0.00567	0.00422	0.00390	0.00105	0.04211	0.00273	0.00223	0.00468
17	0.00952	0.00903	0.01393	0.05002	0.60876	0.04425	0.01047	0.06336	0.00900	0.01255	0.00744	0.00984	0.00628	0.00596	0.08009	0.00161	0.04677	0.00344	0.00202	0.00564
18	0.00762	0.00639	0.00743	0.00547	0.00841	0.00492	0.00424	0.00909	0.00762	0.01179	0.00754	0.01032	0.00682	0.12220	0.00515	0.00100	0.00296	0.00273	0.00228	0.76601
19	0.01329	0.01006	0.01076	0.00854	0.01136	0.01122	0.00696	0.63496	0.19985	0.02212	0.01083	0.02426	0.00798	0.00486	0.00387	0.00119	0.00392	0.00377	0.00385	0.00636
20	0.01011	0.00929	0.01470	0.07223	0.66785	0.01846	0.01103	0.12473	0.00998	0.01394	0.00745	0.00947	0.00606	0.00361	0.00380	0.00115	0.00457	0.00341	0.00216	0.00601
21	0.00927	0.00941	0.05009	0.07670	0.75421	0.00906	0.01180	0.01166	0.00864	0.01233	0.00717	0.00948	0.00596	0.00345	0.00379	0.00115	0.00464	0.00339	0.00187	0.00594
22	0.01486	0.01127	0.01110	0.00873	0.01163	0.12712	0.00711	0.61845	0.01619	0.12086	0.00946	0.00935	0.00666	0.00453	0.00379	0.00113	0.00448	0.00336	0.00369	0.00623
23	0.00541	0.00387	0.00525	0.00600	0.00653	0.00381	0.00463	0.00654	0.00778	0.01027	0.01975	0.38910	0.03794	0.07430	0.06243	0.00210	0.00341	0.34427	0.00336	0.00325
24	0.00671	0.00601	0.00651	0.00636	0.00714	0.12156	0.00478	0.00786	0.00693	0.00904	0.04376	0.01582	0.01061	0.13578	0.58784	0.00492	0.00859	0.00419	0.00217	0.00343
25	0.00847	0.03429	0.01369	0.04529	0.02109	0.01861	0.21978	0.04400	0.00738	0.01044	0.00708	0.01135	0.00661	0.12461	0.02324	0.00185	0.39202	0.00394	0.00194	0.00432
26	0.00530	0.00391	0.00495	0.00469	0.00565	0.00357	0.00352	0.00700	0.01056	0.01468	0.72852	0.02978	0.14740	0.00810	0.00452	0.00122	0.00183	0.00709	0.00413	0.00357
27	0.00636	0.00494	0.00591	0.00614	0.00734	0.00496	0.00500	0.04222	0.12332	0.01220	0.03584	0.11650	0.25019	0.00946	0.00478	0.00152	0.00289	0.35294	0.00362	0.00388
28	0.00895	0.12790	0.04922	0.25512	0.35073	0.01906	0.07926	0.01904	0.03336	0.01141	0.00713	0.00936	0.00573	0.00358	0.00368	0.00115	0.00483	0.00331	0.00188	0.00529
29	0.01136	0.00791	0.00876	0.00733	0.00958	0.00848	0.00582	0.36818	0.17291	0.10941	0.01549	0.14204	0.08119	0.00628	0.00404	0.00125	0.00333	0.00519	0.02588	0.00557
30	0.00468	0.00341	0.00441	0.00518	0.00553	0.00314	0.00350	0.00541	0.00758	0.01001	0.04759	0.75664	0.10547	0.01166	0.00485	0.00152	0.00218	0.01051	0.00358	0.00314
31	0.00729	0.00657	0.01062	0.70363	0.02295	0.00798	0.00954	0.04287	0.00853	0.01116	0.12213	0.01273	0.00947	0.00442	0.00393	0.00126	0.00462	0.00390	0.00214	0.00426
32	0.00947	0.00962	0.09638	0.04002	0.06119	0.13535	0.00706	0.12813	0.09946	0.05329	0.01331	0.26337	0.01307	0.00686	0.00415	0.00131	0.00404	0.04606	0.00308	0.00480
33	0.02883	0.01243	0.00946	0.00835	0.01035	0.41979	0.00643	0.06094	0.11105	0.14213	0.00942	0.01023	0.00729	0.02620	0.06223	0.00150	0.02511	0.00321	0.04014	0.00492
34	0.00715	0.00357	0.00357	0.00357	0.00447	0.00357	0.00268	0.00893	0.00804	0.01429	0.01251	0.01429	0.00983	0.00447	0.00268	0.00089	0.00179	0.00357	0.88654	0.00357
35	0.00558	0.00384	0.00534	0.00599	0.00648	0.00384	0.00460	0.00646	0.00744	0.00988	0.01764	0.33017	0.01983	0.05192	0.10169	0.09756	0.00381	0.31170	0.00312	0.00311
36	0.71415	0.00881	0.00638	0.00572	0.00799	0.12485	0.00460	0.02616	0.00742	0.01602	0.00644	0.00728	0.02399	0.00380	0.00261	0.00115	0.00348	0.00233	0.02265	0.00420
37	0.01057	0.70271	0.07850	0.00725	0.01057	0.09055	0.00721	0.03711	0.00841	0.00975	0.00562	0.00645	0.00497	0.00341	0.00268	0.00087	0.00447	0.00219	0.00174	0.00498
38	0.00949	0.00969	0.01370	0.27043	0.48300	0.12530	0.01083	0.01167	0.00871	0.01128	0.00692	0.00935	0.00563	0.00361	0.00376	0.00116	0.00505	0.00328	0.00185	0.00531
39	0.00864	0.00679	0.00802	0.00576	0.00914	0.00515	0.00462	0.01033	0.00818	0.07423	0.00743	0.00833	0.00596	0.00298	0.00291	0.00061	0.00287	0.00239	0.00246	0.82319
40	0.00639	0.00382	0.00416	0.04104	0.00572	0.00372	0.00318	0.00804	0.00849	0.01337	0.11126	0.02060	0.19103	0.00595	0.00334	0.00103	0.00197	0.00492	0.55843	0.00354
41	0.00799	0.01752	0.67593	0.01120	0.05600	0.00885	0.03461	0.01277	0.08224	0.01253	0.00770	0.00877	0.00559	0.00373	0.00367	0.00120	0.00529	0.00302	0.00187	0.03953
42	0.00493	0.00348	0.00445	0.00506	0.00527	0.00335	0.00330	0.00547	0.00687	0.00917	0.01864	0.60029	0.03480	0.22662	0.04771	0.00231	0.00297	0.00921	0.00318	0.00293
43	0.00811	0.01727	0.64373	0.01371	0.18583	0.00898	0.04482	0.01207	0.00826	0.01223	0.00698	0.00847	0.00514	0.00358	0.00371	0.00120	0.00547	0.00302	0.00169	0.00573
44	0.00844	0.00630	0.00732	0.00762	0.00854	0.00588	0.00529	0.00993	0.12377	0.01363	0.05295	0.58609	0.02435	0.03377	0.00616	0.00201	0.00343	0.04801	0.00441	0.04212
45	0.00515	0.00567	0.12089	0.00605	0.00710	0.00396	0.00502	0.00644	0.00775	0.01057	0.08567	0.66722	0.03291	0.01049	0.00469	0.00148	0.00266	0.00943	0.00334	0.00351
46	0.06836	0.01052	0.01115	0.00886	0.01129	0.05601	0.00729	0.58962	0.01478	0.02031	0.00805	0.00875	0.00603	0.00488	0.00527	0.00124	0.15519	0.00330	0.00326	0.00585
47	0.01013	0.59449	0.06716	0.00865	0.08482	0.04756	0.00750	0.05126	0.00857	0.01055	0.04075	0.00777	0.00641	0.00373	0.00323	0.00094	0.03697	0.00256	0.00189	0.00504
48	0.04229	0.04283	0.00834	0.00574	0.00900	0.00570	0.00465	0.01026	0.01773	0.05110	0.03234	0.00874	0.00676	0.00315	0.00292	0.00066	0.00289	0.00249	0.00244	0.73997
49	0.06308	0.07909	0.04546	0.02049	0.01576	0.01329	0.04371	0.38858	0.04039	0.14251	0.01563	0.03299	0.01277	0.00840	0.00627	0.00224	0.00605	0.00545	0.01500	0.04283
50	0.00763	0.03697	0.05863	0.03066	0.04885	0.09337	0.07154	0.04508	0.04770	0.01156	0.05482	0.32384	0.01624	0.00833	0.02580	0.00148	0.01170	0.08744	0.00295	0.01540

[dist]
# distance from previous block
# <min> <max>
1	12

[block]
# block no. 2 follows, 71 sequences, length 24
# corresponding to MSA columns:
# 212-235
name=unknown_C
#
# <colnr> <probs for GDERKNQSTAVLIFYWHMCP>
#	G	D	E	R	K	N	Q	S	T	A	V	L	I	F	Y	W	H	M	C	P
0	0.04572	0.14689	0.08767	0.00820	0.01006	0.10508	0.00727	0.05614	0.06693	0.01110	0.00785	0.01048	0.00690	0.01014	0.19120	0.00233	0.19755	0.02181	0.00213	0.00455
1	0.00570	0.00431	0.00532	0.00492	0.00616	0.00376	0.00365	0.00718	0.00939	0.01328	0.44627	0.15936	0.10609	0.02765	0.00459	0.00121	0.00211	0.00676	0.02570	0.15658
2	0.01384	0.01667	0.01026	0.00929	0.01125	0.74917	0.00699	0.01488	0.01069	0.04876	0.00781	0.00857	0.03619	0.00422	0.00349	0.00101	0.00638	0.00278	0.03328	0.00447
3	0.00578	0.00594	0.10596	0.00660	0.00783	0.00519	0.00575	0.00736	0.00633	0.00915	0.00984	0.01459	0.00913	0.06389	0.68463	0.03325	0.00920	0.00400	0.00200	0.00358
4	0.00844	0.01671	0.57329	0.03690	0.01508	0.10587	0.04281	0.01190	0.00825	0.02894	0.00745	0.00942	0.00573	0.03761	0.07375	0.00169	0.00608	0.00310	0.00180	0.00517
5	0.01227	0.84192	0.02117	0.00798	0.01136	0.01610	0.00743	0.01293	0.00914	0.01107	0.00746	0.00907	0.00691	0.00467	0.00340	0.00121	0.00480	0.00277	0.00236	0.00599
6	0.04220	0.00887	0.14599	0.00659	0.01021	0.00584	0.00619	0.01005	0.00796	0.01257	0.00740	0.00956	0.00625	0.00336	0.00307	0.00075	0.00334	0.04052	0.00223	0.66704
7	0.01414	0.05585	0.01127	0.00973	0.01176	0.81292	0.00737	0.01514	0.01073	0.00937	0.00590	0.00688	0.00494	0.00392	0.00341	0.00098	0.00679	0.00245	0.00196	0.00447
8	0.00508	0.00376	0.00456	0.00476	0.00540	0.00352	0.00335	0.00600	0.00801	0.01054	0.17735	0.23216	0.23648	0.18379	0.05699	0.00214	0.00291	0.04672	0.00335	0.00312
9	0.01432	0.01827	0.01087	0.00988	0.01185	0.84986	0.00741	0.01531	0.01087	0.00938	0.00593	0.00691	0.00494	0.00395	0.00346	0.00099	0.00691	0.00247	0.00198	0.00444
10	0.00501	0.00390	0.00455	0.00439	0.00547	0.00344	0.00329	0.00643	0.00987	0.01305	0.46752	0.03248	0.40942	0.00871	0.00453	0.00125	0.00187	0.00747	0.00391	0.00344
11	0.24114	0.04233	0.00980	0.00735	0.01023	0.00990	0.00612	0.42146	0.01323	0.18853	0.00926	0.00910	0.00645	0.00431	0.00341	0.00115	0.00370	0.00313	0.00356	0.00585
12	0.00503	0.00394	0.00454	0.00464	0.00564	0.00353	0.00347	0.00637	0.02286	0.01164	0.23419	0.13864	0.42901	0.03648	0.00510	0.00142	0.00215	0.07431	0.00369	0.00336
13	0.00795	0.00681	0.00795	0.00568	0.00909	0.00511	0.00454	0.00965	0.00795	0.01249	0.00681	0.00795	0.00568	0.00284	0.00284	0.00057	0.00284	0.00227	0.00227	0.88869
14	0.00529	0.00387	0.00485	0.00480	0.00561	0.00357	0.00353	0.00668	0.00955	0.01306	0.50909	0.10511	0.15318	0.09720	0.00615	0.00154	0.00217	0.05755	0.00382	0.00338
15	0.00552	0.00375	0.00443	0.00447	0.00456	0.00382	0.00267	0.00572	0.00572	0.00771	0.01227	0.06096	0.01393	0.72789	0.11776	0.00391	0.00443	0.00564	0.00235	0.00249
16	0.15747	0.00662	0.00778	0.00625	0.00884	0.00633	0.00511	0.07690	0.02954	0.50141	0.01575	0.01449	0.10477	0.00512	0.00365	0.00119	0.00307	0.00403	0.03605	0.00564
17	0.00458	0.00389	0.00395	0.00394	0.00521	0.00326	0.00295	0.00560	0.00886	0.01064	0.08411	0.03643	0.79433	0.00960	0.00453	0.00129	0.00193	0.00803	0.00360	0.00326
18	0.01495	0.01105	0.01102	0.00865	0.01156	0.11788	0.00705	0.60030	0.01603	0.14826	0.00970	0.00950	0.00678	0.00454	0.00379	0.00114	0.00442	0.00339	0.00374	0.00626
19	0.89233	0.00741	0.00564	0.00504	0.00741	0.00860	0.00415	0.01127	0.00653	0.01720	0.00534	0.00623	0.00415	0.00356	0.00237	0.00119	0.00297	0.00208	0.00237	0.00415
20	0.01432	0.01827	0.01087	0.00988	0.01185	0.84986	0.00741	0.01531	0.01087	0.00938	0.00593	0.00691	0.00494	0.00395	0.00346	0.00099	0.00691	0.00247	0.00198	0.00444
21	0.00839	0.00839	0.01174	0.01007	0.01007	0.01174	0.00839	0.00923	0.00587	0.00923	0.00503	0.00839	0.00503	0.00671	0.01258	0.00168	0.85823	0.00336	0.00168	0.00419
22	0.01025	0.86756	0.02009	0.00656	0.00984	0.01517	0.00656	0.01148	0.00779	0.00902	0.00533	0.00615	0.00492	0.00328	0.00246	0.00082	0.00410	0.00205	0.00164	0.00492
23	0.00970	0.76738	0.01836	0.00640	0.00934	0.01390	0.00621	0.01087	0.00757	0.00892	0.00601	0.00778	0.00572	0.05596	0.05141	0.00129	0.00443	0.00238	0.00170	0.00468

[dist]
# distance from previous block
# <min> <max>
0	2

[block]
# block no. 3 follows, 71 sequences, length 28
# corresponding to MSA columns:
# 238-243,248-269
name=unknown_D
#
# <colnr> <probs for GDERKNQSTAVLIFYWHMCP>
#	G	D	E	R	K	N	Q	S	T	A	V	L	I	F	Y	W	H	M	C	P
0	0.01621	0.00749	0.00940	0.00723	0.01018	0.00711	0.00597	0.21749	0.01265	0.61933	0.01433	0.01276	0.03171	0.00485	0.00387	0.00118	0.00346	0.00387	0.00449	0.00643
1	0.04780	0.00897	0.00945	0.00799	0.01047	0.01018	0.00637	0.27600	0.52761	0.03264	0.01315	0.01233	0.00971	0.00494	0.00382	0.00125	0.00341	0.00395	0.00383	0.00614
2	0.89233	0.00741	0.00564	0.00504	0.00741	0.00860	0.00415	0.01127	0.00653	0.01720	0.00534	0.00623	0.00415	0.00356	0.00237	0.00119	0.00297	0.00208	0.00237	0.00415
3	0.00971	0.37464	0.21262	0.04137	0.01255	0.02858	0.03341	0.07980	0.11386	0.01215	0.02234	0.00865	0.00649	0.00392	0.00345	0.00106	0.02503	0.00290	0.00217	0.00531
4	0.32790	0.10088	0.19551	0.00741	0.01071	0.01962	0.00734	0.14243	0.02672	0.09414	0.00786	0.03041	0.00600	0.00409	0.00315	0.00116	0.00394	0.00291	0.00264	0.00519
5	0.00671	0.00633	0.00681	0.00685	0.00764	0.14074	0.05798	0.00765	0.00803	0.00987	0.01711	0.53906	0.01971	0.06843	0.00567	0.00161	0.00348	0.07976	0.00311	0.00345
6	0.00480	0.00344	0.00451	0.00520	0.00552	0.00320	0.00350	0.00559	0.00775	0.01042	0.12514	0.70663	0.04360	0.04460	0.00541	0.00159	0.00222	0.01013	0.00360	0.00315
7	0.01275	0.02676	0.01000	0.00777	0.01034	0.00998	0.00634	0.58371	0.05330	0.05329	0.01077	0.06046	0.00839	0.00534	0.01470	0.00121	0.00379	0.00394	0.11129	0.00587
8	0.00904	0.00639	0.00759	0.00564	0.00871	0.00496	0.00452	0.01061	0.00855	0.14907	0.01225	0.01247	0.11231	0.00403	0.00322	0.00076	0.00280	0.00327	0.00284	0.63097
9	0.00554	0.00419	0.00531	0.00609	0.00671	0.02362	0.00473	0.00670	0.00815	0.01054	0.02153	0.43827	0.07483	0.01107	0.00501	0.00162	0.00288	0.35637	0.00351	0.00333
10	0.01015	0.75846	0.01952	0.00872	0.11551	0.01440	0.00722	0.01152	0.00791	0.00947	0.00557	0.00657	0.00507	0.00330	0.00263	0.00086	0.00416	0.00222	0.00167	0.00507
11	0.00491	0.00376	0.00449	0.00459	0.00548	0.00335	0.00334	0.00612	0.00920	0.01212	0.33850	0.23456	0.33661	0.00956	0.00462	0.00132	0.00196	0.00834	0.00381	0.00335
12	0.00472	0.00339	0.00449	0.00533	0.00560	0.00316	0.00360	0.00544	0.00749	0.00998	0.04254	0.80585	0.04462	0.01182	0.00488	0.00155	0.00223	0.02660	0.00358	0.00314
13	0.02548	0.00963	0.01324	0.01011	0.01288	0.05094	0.18896	0.29032	0.01222	0.22252	0.00961	0.01015	0.00680	0.00456	0.00507	0.00125	0.11351	0.00371	0.00325	0.00579
14	0.00930	0.00668	0.00690	0.00607	0.00767	0.11207	0.00471	0.06376	0.01113	0.16995	0.44274	0.02267	0.09092	0.00676	0.00423	0.00119	0.00293	0.02196	0.00394	0.00442
15	0.03336	0.00839	0.00903	0.00757	0.00985	0.00927	0.00602	0.39848	0.24216	0.04071	0.01280	0.11949	0.01061	0.00568	0.00387	0.00123	0.00340	0.00463	0.06775	0.00569
16	0.77995	0.00745	0.00657	0.07462	0.04759	0.00862	0.00503	0.01117	0.00672	0.01639	0.00554	0.00670	0.00432	0.00357	0.00256	0.00119	0.00321	0.00225	0.00230	0.00425
17	0.00474	0.00338	0.00447	0.00533	0.00555	0.00317	0.00356	0.00540	0.00730	0.00972	0.02073	0.80980	0.02480	0.04842	0.00553	0.00165	0.00232	0.02754	0.00351	0.00309
18	0.00496	0.00387	0.00449	0.00447	0.00549	0.00343	0.00333	0.00623	0.00936	0.01217	0.33676	0.09693	0.42611	0.02923	0.00493	0.00136	0.00201	0.03773	0.00378	0.00336
19	0.01432	0.01827	0.01087	0.00988	0.01185	0.84986	0.00741	0.01531	0.01087	0.00938	0.00593	0.00691	0.00494	0.00395	0.00346	0.00099	0.00691	0.00247	0.00198	0.00444
20	0.00773	0.00746	0.01004	0.00889	0.00917	0.03974	0.00728	0.00873	0.00614	0.00914	0.00664	0.01034	0.00639	0.01322	0.26334	0.00300	0.57345	0.00355	0.00180	0.00397
21	0.00545	0.00368	0.00428	0.00440	0.00446	0.00366	0.00258	0.00560	0.00591	0.00792	0.02615	0.13971	0.01574	0.71351	0.03856	0.00344	0.00365	0.00629	0.00252	0.00248
22	0.89233	0.00741	0.00564	0.00504	0.00741	0.00860	0.00415	0.01127	0.00653	0.01720	0.00534	0.00623	0.00415	0.00356	0.00237	0.00119	0.00297	0.00208	0.00237	0.00415
23	0.00974	0.00983	0.01449	0.19857	0.45827	0.11582	0.08382	0.01212	0.02180	0.02834	0.00730	0.00954	0.00586	0.00361	0.00383	0.00117	0.00509	0.00342	0.00196	0.00541
24	0.00574	0.00441	0.00514	0.00488	0.00580	0.02138	0.00356	0.00765	0.05365	0.01354	0.56119	0.02799	0.13359	0.12710	0.00655	0.00157	0.00226	0.00666	0.00381	0.00354
25	0.02880	0.00783	0.02616	0.03806	0.05811	0.11315	0.02208	0.01099	0.13093	0.01213	0.05981	0.13312	0.07498	0.00645	0.00401	0.00121	0.00358	0.10694	0.00295	0.15872
26	0.00878	0.16497	0.25493	0.04648	0.01438	0.09654	0.19044	0.01176	0.04072	0.01116	0.01110	0.01212	0.11148	0.00436	0.00374	0.00115	0.00510	0.00378	0.00207	0.00494
27	0.01245	0.03335	0.01000	0.00828	0.01059	0.25507	0.00652	0.23010	0.21989	0.07532	0.06449	0.02609	0.00983	0.00488	0.00376	0.00114	0.00441	0.00374	0.01462	0.00547

[dist]
# distance from previous block
# <min> <max>
0	2

[block]
# block no. 4 follows, 71 sequences, length 46
# corresponding to MSA columns:
# 272-317
name=unknown_E
#
# <colnr> <probs for GDERKNQSTAVLIFYWHMCP>
#	G	D	E	R	K	N	Q	S	T	A	V	L	I	F	Y	W	H	M	C	P
0	0.00956	0.61890	0.23544	0.00774	0.01161	0.01336	0.00853	0.01193	0.03392	0.01006	0.00606	0.00692	0.00512	0.00344	0.00281	0.00094	0.00448	0.00233	0.00171	0.00515
1	0.01118	0.16307	0.09509	0.02739	0.21663	0.24348	0.05494	0.06208	0.03613	0.02944	0.00704	0.00831	0.00567	0.00378	0.00366	0.00108	0.02070	0.00296	0.00208	0.00530
2	0.00460	0.00382	0.00406	0.00416	0.00529	0.00328	0.00307	0.00557	0.00853	0.01036	0.05552	0.14065	0.69003	0.01057	0.03169	0.00148	0.00224	0.00829	0.00353	0.00324
3	0.00988	0.10727	0.18193	0.01038	0.09437	0.12556	0.03302	0.05076	0.26831	0.01311	0.01775	0.03752	0.00820	0.00451	0.00384	0.00118	0.02070	0.00361	0.00261	0.00548
4	0.00503	0.00381	0.00464	0.00463	0.00553	0.00342	0.00340	0.00639	0.00962	0.01292	0.45930	0.17216	0.27697	0.00911	0.00459	0.00129	0.00192	0.00795	0.00391	0.00342
5	0.01045	0.00971	0.10145	0.02489	0.13649	0.03645	0.00791	0.16209	0.22517	0.08246	0.03631	0.01353	0.03780	0.00498	0.00414	0.00123	0.03081	0.03261	0.02733	0.01417
6	0.00795	0.00681	0.00795	0.00568	0.00909	0.00511	0.00454	0.00965	0.00795	0.01249	0.00681	0.00795	0.00568	0.00284	0.00284	0.00057	0.00284	0.00227	0.00227	0.88869
7	0.00473	0.00352	0.00441	0.00498	0.00550	0.00320	0.00343	0.00559	0.00803	0.01055	0.11867	0.59805	0.19322	0.01106	0.00478	0.00146	0.00212	0.00987	0.00364	0.00320
8	0.00469	0.00342	0.00441	0.00516	0.00552	0.00315	0.00349	0.00543	0.00763	0.01007	0.05501	0.73739	0.11735	0.01159	0.00484	0.00151	0.00218	0.01043	0.00359	0.00315
9	0.00529	0.00361	0.00431	0.00463	0.00472	0.00353	0.00282	0.00555	0.00623	0.00831	0.01527	0.30450	0.01792	0.56248	0.01434	0.00296	0.00322	0.02494	0.00276	0.00261
10	0.00950	0.01048	0.03755	0.09820	0.12934	0.05371	0.52963	0.06005	0.00947	0.01261	0.00756	0.00992	0.00576	0.00344	0.00424	0.00124	0.00595	0.00406	0.00202	0.00525
11	0.00949	0.00911	0.01556	0.02353	0.84133	0.00911	0.01177	0.01177	0.00873	0.01253	0.00721	0.00949	0.00607	0.00342	0.00380	0.00114	0.00456	0.00342	0.00190	0.00607
12	0.89233	0.00741	0.00564	0.00504	0.00741	0.00860	0.00415	0.01127	0.00653	0.01720	0.00534	0.00623	0.00415	0.00356	0.00237	0.00119	0.00297	0.00208	0.00237	0.00415
13	0.04367	0.04058	0.02617	0.03783	0.06660	0.09987	0.01583	0.23307	0.17088	0.03639	0.05051	0.06133	0.02700	0.00602	0.02996	0.00136	0.00417	0.02720	0.01626	0.00530
14	0.00996	0.00845	0.00891	0.00789	0.01013	0.00974	0.00617	0.08898	0.76510	0.01673	0.01506	0.01387	0.01126	0.00515	0.00390	0.00129	0.00314	0.00426	0.00390	0.00611
15	0.00986	0.01011	0.01449	0.11575	0.60325	0.12697	0.02987	0.01201	0.00892	0.01176	0.00716	0.00964	0.00599	0.00362	0.00379	0.00114	0.00498	0.01320	0.00191	0.00559
16	0.00476	0.00341	0.00444	0.00522	0.00549	0.00319	0.00349	0.00541	0.00730	0.00967	0.02127	0.74575	0.06262	0.07549	0.00597	0.00171	0.00235	0.02593	0.00347	0.00307
17	0.01679	0.00781	0.00923	0.00721	0.01009	0.07999	0.00589	0.06699	0.01139	0.72165	0.01397	0.01228	0.00891	0.00467	0.00382	0.00117	0.00364	0.00371	0.00445	0.00634
18	0.00467	0.00334	0.00445	0.00534	0.00556	0.00311	0.00356	0.00534	0.00734	0.00979	0.02113	0.86275	0.02536	0.01201	0.00489	0.00156	0.00222	0.01090	0.00356	0.00311
19	0.00548	0.00409	0.00607	0.00607	0.00672	0.00474	0.00468	0.00679	0.00613	0.00883	0.01035	0.01553	0.00979	0.06777	0.81132	0.00605	0.00996	0.00418	0.00207	0.00337
20	0.89233	0.00741	0.00564	0.00504	0.00741	0.00860	0.00415	0.01127	0.00653	0.01720	0.00534	0.00623	0.00415	0.00356	0.00237	0.00119	0.00297	0.00208	0.00237	0.00415
21	0.00509	0.00369	0.00490	0.00572	0.00621	0.00350	0.00426	0.00610	0.00788	0.01032	0.02231	0.56265	0.08932	0.01142	0.00498	0.00160	0.00258	0.24071	0.00355	0.00324
22	0.04222	0.00944	0.01064	0.00833	0.01116	0.11106	0.05364	0.24474	0.01255	0.41585	0.01134	0.01073	0.00760	0.00454	0.00403	0.00117	0.02753	0.00354	0.00383	0.00606
23	0.01462	0.01412	0.01104	0.00921	0.01174	0.41674	0.00724	0.38514	0.01413	0.06777	0.00799	0.00834	0.00594	0.00430	0.00365	0.00107	0.00546	0.00300	0.00299	0.00552
24	0.00516	0.00391	0.00476	0.00464	0.00564	0.00352	0.00350	0.00667	0.01002	0.01352	0.53863	0.05721	0.28142	0.00864	0.00457	0.00126	0.00193	0.03755	0.00397	0.00348
25	0.00755	0.00713	0.01205	0.74313	0.13693	0.00860	0.01080	0.01006	0.00781	0.01017	0.00687	0.01012	0.00524	0.00378	0.00383	0.00126	0.00504	0.00341	0.00173	0.00451
26	0.00971	0.68853	0.19439	0.00748	0.01127	0.01385	0.00817	0.01162	0.00785	0.00968	0.00566	0.00656	0.00491	0.00336	0.00271	0.00090	0.00443	0.00222	0.00164	0.00508
27	0.00769	0.01983	0.84538	0.01093	0.01659	0.00890	0.01417	0.01214	0.00810	0.01214	0.00688	0.00810	0.00486	0.00364	0.00364	0.00121	0.00567	0.00283	0.00162	0.00567
28	0.00731	0.00689	0.01163	0.82934	0.05254	0.00854	0.01068	0.00986	0.00770	0.00988	0.00683	0.01020	0.00514	0.00382	0.00383	0.00127	0.00509	0.00341	0.00171	0.00432
29	0.00472	0.00337	0.00450	0.00539	0.00563	0.00315	0.00364	0.00542	0.00738	0.00984	0.02111	0.83845	0.02526	0.01197	0.00491	0.00156	0.00226	0.03475	0.00356	0.00313
30	0.00743	0.00685	0.00861	0.00808	0.04817	0.08049	0.06544	0.00823	0.00666	0.00886	0.00946	0.01746	0.00998	0.38965	0.09247	0.00289	0.19708	0.02663	0.00211	0.00346
31	0.00796	0.00755	0.01279	0.59095	0.28590	0.00871	0.01100	0.01042	0.00801	0.01067	0.00694	0.00999	0.00542	0.00370	0.00382	0.00123	0.00493	0.00341	0.00177	0.00484
32	0.00864	0.00701	0.00754	0.00699	0.00870	0.02212	0.00532	0.06768	0.47886	0.03959	0.04285	0.21231	0.06194	0.00704	0.00417	0.00134	0.00290	0.00605	0.00380	0.00516
33	0.00557	0.00381	0.00445	0.00457	0.00479	0.00376	0.00291	0.00591	0.00636	0.00840	0.03882	0.04761	0.06435	0.66289	0.01607	0.00321	0.00350	0.10780	0.00263	0.00258
34	0.00889	0.00761	0.01283	0.44819	0.30121	0.00837	0.03738	0.01124	0.00840	0.08545	0.00852	0.01089	0.02654	0.00390	0.00386	0.00122	0.00472	0.00360	0.00210	0.00508
35	0.01050	0.38242	0.23523	0.00854	0.01216	0.13288	0.02419	0.08528	0.00931	0.02947	0.00693	0.03428	0.00581	0.00390	0.00319	0.00102	0.00490	0.00281	0.00201	0.00517
36	0.70253	0.00907	0.00695	0.00651	0.03575	0.12420	0.00502	0.03328	0.00748	0.01600	0.00558	0.00655	0.00440	0.00370	0.00280	0.00117	0.02013	0.00224	0.00233	0.00432
37	0.11488	0.08107	0.05463	0.04566	0.27227	0.19138	0.08755	0.02319	0.00886	0.02089	0.00717	0.01762	0.01412	0.00384	0.00377	0.00113	0.02952	0.00315	0.01421	0.00509
38	0.00567	0.00392	0.00513	0.00494	0.00582	0.00360	0.00366	0.00729	0.01033	0.03990	0.68674	0.14517	0.04656	0.00836	0.00455	0.00126	0.00191	0.00741	0.00413	0.00363
39	0.00968	0.00981	0.06652	0.09677	0.34681	0.03590	0.05169	0.07503	0.24039	0.01398	0.00964	0.01076	0.00746	0.00407	0.00385	0.00121	0.00440	0.00366	0.00257	0.00581
40	0.00558	0.00372	0.00418	0.00418	0.00418	0.00372	0.00232	0.00558	0.00558	0.00743	0.01208	0.02509	0.01394	0.86525	0.01952	0.00372	0.00372	0.00558	0.00232	0.00232
41	0.00861	0.02431	0.15489	0.02451	0.01190	0.14928	0.13572	0.08007	0.01881	0.01186	0.01214	0.30892	0.01247	0.00666	0.00418	0.00129	0.00455	0.00593	0.00264	0.02126
42	0.00712	0.00695	0.05321	0.33405	0.06639	0.00713	0.02685	0.01066	0.12915	0.01237	0.20675	0.04130	0.04370	0.00617	0.03074	0.00142	0.00402	0.00478	0.00276	0.00448
43	0.00863	0.00787	0.00821	0.00610	0.00932	0.07930	0.00484	0.03514	0.00853	0.01253	0.00760	0.00862	0.02632	0.00316	0.00297	0.00064	0.00322	0.00247	0.00233	0.76222
44	0.08516	0.19840	0.09778	0.03977	0.08483	0.11980	0.01912	0.11560	0.12694	0.06504	0.00837	0.00892	0.00642	0.00399	0.00336	0.00110	0.00445	0.00300	0.00256	0.00541
45	0.06157	0.06619	0.13862	0.00683	0.00905	0.02293	0.02176	0.07587	0.05286	0.01341	0.17028	0.09511	0.15063	0.00701	0.00412	0.00128	0.00333	0.09163	0.00315	0.00435

[dist]
# distance from previous block
# <min> <max>
0	12

[block]
# block no. 5 follows, 71 sequences, length 15
# corresponding to MSA columns:
# 330-344
name=unknown_F
#
# <colnr> <probs for GDERKNQSTAVLIFYWHMCP>
#	G	D	E	R	K	N	Q	S	T	A	V	L	I	F	Y	W	H	M	C	P
0	0.00994	0.12440	0.38170	0.03061	0.05859	0.13705	0.08444	0.06568	0.03057	0.03177	0.00720	0.00834	0.00543	0.00373	0.00358	0.00113	0.00544	0.00298	0.00200	0.00542
1	0.12478	0.00391	0.00499	0.00493	0.00525	0.00407	0.00335	0.00590	0.00531	0.00822	0.00734	0.03244	0.00746	0.09283	0.01349	0.66492	0.00329	0.00356	0.00187	0.00209
2	0.00545	0.00367	0.00425	0.00436	0.00441	0.00363	0.00253	0.00559	0.00597	0.00798	0.03759	0.13706	0.01612	0.72612	0.01712	0.00335	0.00346	0.00633	0.00254	0.00247
3	0.01437	0.01694	0.01098	0.00969	0.01186	0.70182	0.00739	0.15898	0.01213	0.01199	0.00651	0.00732	0.00522	0.00407	0.00352	0.00102	0.00644	0.00264	0.00230	0.00481
4	0.00492	0.00363	0.00447	0.00490	0.00544	0.00334	0.00340	0.00578	0.00796	0.01044	0.13299	0.43499	0.19766	0.11635	0.00659	0.00173	0.00235	0.04644	0.00349	0.00313
5	0.00543	0.00389	0.00518	0.00594	0.00650	0.00376	0.00460	0.00655	0.00792	0.01036	0.02077	0.37405	0.06189	0.09032	0.00641	0.00184	0.00294	0.37498	0.00343	0.00324
6	0.00856	0.00413	0.00486	0.00459	0.00577	0.00390	0.00347	0.01010	0.00868	0.17441	0.07042	0.15859	0.01417	0.00603	0.00341	0.00108	0.00215	0.00510	0.50652	0.00407
7	0.00510	0.00379	0.00465	0.00466	0.00546	0.00345	0.00335	0.00637	0.00933	0.01262	0.44677	0.18442	0.21088	0.07489	0.00574	0.00148	0.00206	0.00782	0.00381	0.00334
8	0.00839	0.00839	0.01174	0.01007	0.01007	0.01174	0.00839	0.00923	0.00587	0.00923	0.00503	0.00839	0.00503	0.00671	0.01258	0.00168	0.85823	0.00336	0.00168	0.00419
9	0.00905	0.01034	0.02262	0.01616	0.02004	0.00970	0.82741	0.01228	0.00905	0.01228	0.00776	0.01034	0.00582	0.00323	0.00452	0.00129	0.00646	0.00452	0.00194	0.00517
10	0.01432	0.01827	0.01087	0.00988	0.01185	0.84986	0.00741	0.01531	0.01087	0.00938	0.00593	0.00691	0.00494	0.00395	0.00346	0.00099	0.00691	0.00247	0.00198	0.00444
11	0.00813	0.00804	0.01169	0.19897	0.01372	0.01102	0.00889	0.00935	0.00627	0.00935	0.00543	0.00880	0.00505	0.00607	0.01063	0.00159	0.66774	0.00337	0.00168	0.00421
12	0.01153	0.00740	0.00859	0.00720	0.00940	0.00788	0.00573	0.16918	0.28597	0.22414	0.11941	0.01548	0.02951	0.02911	0.03017	0.00145	0.02374	0.00446	0.00398	0.00567
13	0.21565	0.00783	0.05418	0.09384	0.01178	0.00760	0.08474	0.09508	0.02547	0.14004	0.06061	0.08807	0.01021	0.00518	0.00387	0.00125	0.01995	0.03329	0.00300	0.03835
14	0.00908	0.00957	0.01160	0.08554	0.01176	0.12338	0.00846	0.01009	0.00670	0.00930	0.00531	0.00836	0.00503	0.00609	0.01058	0.00155	0.66841	0.00324	0.00172	0.00423

[dist]
# distance from previous block
# <min> <max>
1	2

[block]
# block no. 6 follows, 71 sequences, length 31
# corresponding to MSA columns:
# 347-377
name=unknown_G
#
# <colnr> <probs for GDERKNQSTAVLIFYWHMCP>
#	G	D	E	R	K	N	Q	S	T	A	V	L	I	F	Y	W	H	M	C	P
0	0.10633	0.04847	0.07140	0.09002	0.01158	0.35676	0.00692	0.01184	0.00879	0.02149	0.00878	0.01199	0.03935	0.08134	0.04828	0.00159	0.00548	0.03597	0.00216	0.03149
1	0.00930	0.00820	0.00901	0.00901	0.08789	0.03460	0.00638	0.03526	0.62261	0.01544	0.07910	0.01538	0.04017	0.00534	0.00395	0.00126	0.00319	0.00450	0.00367	0.00575
2	0.05393	0.00868	0.01026	0.03528	0.07554	0.03084	0.00685	0.29234	0.09241	0.33632	0.01161	0.01103	0.00794	0.00454	0.00377	0.00118	0.00381	0.00360	0.00386	0.00621
3	0.00659	0.00484	0.00609	0.00574	0.00652	0.00533	0.00423	0.08359	0.03498	0.01080	0.06733	0.01903	0.04713	0.26796	0.35539	0.00398	0.03253	0.00480	0.02963	0.00351
4	0.00475	0.00351	0.00445	0.00502	0.00552	0.00321	0.00346	0.00563	0.00807	0.01067	0.13832	0.60501	0.16627	0.01104	0.00478	0.00146	0.00212	0.00987	0.00365	0.00321
5	0.00834	0.00898	0.09918	0.00653	0.01008	0.06107	0.00578	0.01030	0.00816	0.01225	0.00676	0.00790	0.00554	0.00300	0.00297	0.00067	0.00341	0.00235	0.00218	0.73455
6	0.04350	0.01933	0.81140	0.01069	0.01622	0.00889	0.01376	0.01211	0.00803	0.01235	0.00682	0.00802	0.00483	0.00364	0.00359	0.00121	0.00556	0.00280	0.00165	0.00561
7	0.01137	0.06481	0.02310	0.03289	0.03871	0.26708	0.18709	0.07785	0.07192	0.06848	0.04404	0.01135	0.03004	0.00446	0.00418	0.00116	0.03588	0.01799	0.00256	0.00503
8	0.00632	0.00473	0.00514	0.00499	0.00532	0.03978	0.00323	0.03572	0.00682	0.00913	0.06769	0.07768	0.01490	0.58530	0.06489	0.00321	0.03054	0.00560	0.02618	0.00286
9	0.00467	0.00334	0.00445	0.00534	0.00556	0.00311	0.00356	0.00534	0.00734	0.00979	0.02113	0.86275	0.02536	0.01201	0.00489	0.00156	0.00222	0.01090	0.00356	0.00311
10	0.00795	0.00681	0.00795	0.00568	0.00909	0.00511	0.00454	0.00965	0.00795	0.01249	0.00681	0.00795	0.00568	0.00284	0.00284	0.00057	0.00284	0.00227	0.00227	0.88869
11	0.02071	0.20703	0.12297	0.03740	0.06427	0.10189	0.04158	0.18738	0.07896	0.01378	0.00752	0.00853	0.00594	0.00418	0.00426	0.00114	0.08167	0.00304	0.00237	0.00539
12	0.00558	0.00372	0.00418	0.00418	0.00418	0.00372	0.00232	0.00558	0.00558	0.00743	0.01208	0.02509	0.01394	0.86525	0.01952	0.00372	0.00372	0.00558	0.00232	0.00232
13	0.00480	0.00344	0.00448	0.00526	0.00555	0.00322	0.00356	0.00548	0.00734	0.00971	0.02121	0.72580	0.06081	0.07602	0.00600	0.00172	0.00238	0.04668	0.00347	0.00308
14	0.01085	0.70778	0.01838	0.00719	0.01017	0.14809	0.00675	0.01203	0.00823	0.00908	0.00542	0.00634	0.00493	0.00348	0.00291	0.00087	0.02884	0.00215	0.00169	0.00482
15	0.00526	0.00364	0.00455	0.00506	0.00527	0.00354	0.00336	0.00578	0.00676	0.00898	0.01708	0.39234	0.01996	0.38390	0.01132	0.00253	0.00304	0.11180	0.00302	0.00282
16	0.00513	0.00387	0.00474	0.00460	0.00557	0.00348	0.00342	0.00663	0.01004	0.01363	0.56486	0.08576	0.25698	0.00863	0.00455	0.00125	0.00187	0.00751	0.00400	0.00348
17	0.00484	0.00367	0.00440	0.00469	0.00541	0.00330	0.00330	0.00583	0.00851	0.01112	0.21119	0.36334	0.29485	0.05086	0.00539	0.00149	0.00211	0.00883	0.00365	0.00323
18	0.00666	0.00333	0.00500	0.00500	0.00500	0.00333	0.00333	0.00500	0.00500	0.00666	0.00666	0.01166	0.00666	0.01332	0.01499	0.88844	0.00333	0.00333	0.00167	0.00167
19	0.89233	0.00741	0.00564	0.00504	0.00741	0.00860	0.00415	0.01127	0.00653	0.01720	0.00534	0.00623	0.00415	0.00356	0.00237	0.00119	0.00297	0.00208	0.00237	0.00415
20	0.00839	0.00839	0.01174	0.01007	0.01007	0.01174	0.00839	0.00923	0.00587	0.00923	0.00503	0.00839	0.00503	0.00671	0.01258	0.00168	0.85823	0.00336	0.00168	0.00419
21	0.00769	0.01983	0.84538	0.01093	0.01659	0.00890	0.01417	0.01214	0.00810	0.01214	0.00688	0.00810	0.00486	0.00364	0.00364	0.00121	0.00567	0.00283	0.00162	0.00567
22	0.00839	0.00839	0.01174	0.01007	0.01007	0.01174	0.00839	0.00923	0.00587	0.00923	0.00503	0.00839	0.00503	0.00671	0.01258	0.00168	0.85823	0.00336	0.00168	0.00419
23	0.00807	0.11692	0.69957	0.01075	0.01603	0.00968	0.06344	0.01207	0.00812	0.01179	0.00676	0.00801	0.00492	0.00358	0.00356	0.00117	0.00554	0.00285	0.00164	0.00555
24	0.00738	0.00379	0.00382	0.00374	0.00470	0.00383	0.00282	0.03422	0.00835	0.01460	0.01241	0.01414	0.00973	0.00447	0.00272	0.00090	0.00186	0.00357	0.85931	0.00366
25	0.00486	0.00411	0.00460	0.03502	0.03173	0.00363	0.00350	0.00590	0.00855	0.01040	0.05929	0.08156	0.67828	0.04528	0.00513	0.00140	0.00222	0.00780	0.00341	0.00333
26	0.00799	0.03170	0.04226	0.00623	0.00942	0.00576	0.02480	0.01029	0.05571	0.02707	0.00984	0.02908	0.05445	0.00379	0.00317	0.00076	0.00304	0.01782	0.00248	0.65436
27	0.02415	0.05377	0.08967	0.07008	0.01075	0.08044	0.00739	0.03146	0.01797	0.01062	0.08116	0.01232	0.01971	0.03831	0.17336	0.00237	0.26637	0.00375	0.00214	0.00421
28	0.00787	0.00563	0.00677	0.00585	0.00786	0.00491	0.00442	0.01015	0.09819	0.10000	0.01441	0.28294	0.03577	0.03325	0.00431	0.00116	0.00272	0.01621	0.00317	0.35440
29	0.00747	0.00653	0.04274	0.04349	0.03224	0.00611	0.10814	0.03350	0.12281	0.04701	0.38721	0.04818	0.02235	0.00658	0.00438	0.00128	0.00320	0.06873	0.00355	0.00450
