[name]
unknown

[dist]
# distance from previous block
# <min> <max>
0	59

[block]
# block no. 0 follows, 75 sequences, length 24
# corresponding to MSA columns:
# 67-90
name=unknown_A
#
# <colnr> <probs for GDERKNQSTAVLIFYWHMCP>
#	G	D	E	R	K	N	Q	S	T	A	V	L	I	F	Y	W	H	M	C	P
0	0.07564	0.02026	0.05011	0.00636	0.00857	0.04618	0.00546	0.12583	0.02065	0.11289	0.02702	0.02016	0.16640	0.00648	0.01907	0.00125	0.00338	0.15756	0.00312	0.12361
1	0.00918	0.02456	0.01825	0.01967	0.10977	0.00652	0.00573	0.13574	0.07042	0.14390	0.13168	0.10020	0.13116	0.00606	0.00407	0.00116	0.02178	0.00512	0.00336	0.05168
2	0.01009	0.02542	0.01334	0.07398	0.46360	0.14111	0.04790	0.05803	0.07640	0.03194	0.00761	0.00915	0.00609	0.00359	0.00360	0.00109	0.00464	0.00322	0.00214	0.01705
3	0.00850	0.00891	0.02700	0.01069	0.08056	0.06570	0.00830	0.00971	0.02446	0.00931	0.00531	0.00815	0.00504	0.00590	0.01044	0.00150	0.70141	0.00318	0.00169	0.00425
4	0.00527	0.00385	0.00547	0.00547	0.00598	0.00436	0.00406	0.00628	0.00578	0.00821	0.01023	0.01660	0.01013	0.21848	0.66673	0.00537	0.00842	0.00425	0.00203	0.00304
5	0.00971	0.59239	0.10978	0.00847	0.03491	0.07896	0.09954	0.01145	0.00788	0.00944	0.00562	0.00669	0.00483	0.00323	0.00281	0.00090	0.00457	0.00238	0.00163	0.00481
6	0.00519	0.00386	0.00557	0.00560	0.00622	0.00434	0.00426	0.00638	0.00618	0.00877	0.04685	0.05873	0.03683	0.08648	0.69119	0.00517	0.00841	0.00459	0.00219	0.00319
7	0.00449	0.00329	0.00423	0.00492	0.00529	0.00302	0.00334	0.00522	0.00736	0.00971	0.06327	0.72755	0.12271	0.01105	0.00463	0.00144	0.00208	0.00993	0.00344	0.00302
8	0.00557	0.00384	0.00503	0.00468	0.00561	0.00353	0.00353	0.00729	0.01040	0.04194	0.81901	0.02695	0.03382	0.00741	0.00431	0.00115	0.00178	0.00655	0.00406	0.00356
9	0.00434	0.00372	0.00372	0.00372	0.00496	0.00310	0.00279	0.00527	0.00837	0.00992	0.03721	0.03535	0.84652	0.00930	0.00434	0.00124	0.00186	0.00775	0.00341	0.00310
10	0.89687	0.00710	0.00540	0.00483	0.00710	0.00824	0.00398	0.01080	0.00625	0.01648	0.00511	0.00597	0.00398	0.00341	0.00227	0.00114	0.00284	0.00199	0.00227	0.00398
11	0.89687	0.00710	0.00540	0.00483	0.00710	0.00824	0.00398	0.01080	0.00625	0.01648	0.00511	0.00597	0.00398	0.00341	0.00227	0.00114	0.00284	0.00199	0.00227	0.00398
12	0.89687	0.00710	0.00540	0.00483	0.00710	0.00824	0.00398	0.01080	0.00625	0.01648	0.00511	0.00597	0.00398	0.00341	0.00227	0.00114	0.00284	0.00199	0.00227	0.00398
13	0.01396	0.01029	0.01102	0.00845	0.01139	0.01139	0.00698	0.83577	0.01727	0.02315	0.00882	0.00882	0.00625	0.00441	0.00367	0.00110	0.00404	0.00331	0.00367	0.00625
14	0.89687	0.00710	0.00540	0.00483	0.00710	0.00824	0.00398	0.01080	0.00625	0.01648	0.00511	0.00597	0.00398	0.00341	0.00227	0.00114	0.00284	0.00199	0.00227	0.00398
15	0.89687	0.00710	0.00540	0.00483	0.00710	0.00824	0.00398	0.01080	0.00625	0.01648	0.00511	0.00597	0.00398	0.00341	0.00227	0.00114	0.00284	0.00199	0.00227	0.00398
16	0.00525	0.00384	0.00494	0.00472	0.00559	0.00360	0.00352	0.00716	0.03545	0.01429	0.74824	0.08163	0.05241	0.00773	0.00434	0.00118	0.00180	0.00684	0.00398	0.00350
17	0.04789	0.00638	0.00847	0.00652	0.00934	0.00564	0.00539	0.03740	0.01052	0.80075	0.01402	0.01218	0.00884	0.00450	0.00364	0.00114	0.00314	0.00362	0.00444	0.00617
18	0.01283	0.00943	0.01010	0.00789	0.01050	0.01041	0.00641	0.70425	0.05697	0.02124	0.00944	0.01035	0.00713	0.06765	0.00473	0.00128	0.00386	0.00350	0.03619	0.00583
19	0.01554	0.00775	0.00945	0.00725	0.01012	0.00762	0.00599	0.32159	0.01302	0.54333	0.01238	0.01113	0.00803	0.00449	0.00369	0.00112	0.00347	0.00355	0.00422	0.00625
20	0.00694	0.00653	0.01102	0.86210	0.02530	0.00816	0.01020	0.00938	0.00734	0.00938	0.00653	0.00979	0.00490	0.00367	0.00367	0.00122	0.00490	0.00326	0.00163	0.00408
21	0.00694	0.00653	0.01102	0.86210	0.02530	0.00816	0.01020	0.00938	0.00734	0.00938	0.00653	0.00979	0.00490	0.00367	0.00367	0.00122	0.00490	0.00326	0.00163	0.00408
22	0.01648	0.00625	0.00852	0.00653	0.00938	0.00540	0.00540	0.01790	0.01051	0.85056	0.01449	0.01250	0.00909	0.00455	0.00369	0.00114	0.00313	0.00369	0.00455	0.00625
23	0.04091	0.00650	0.00858	0.00660	0.00943	0.00582	0.00545	0.06399	0.01078	0.78045	0.01391	0.01211	0.00879	0.00451	0.00365	0.00113	0.00317	0.00362	0.00443	0.00619

[dist]
# distance from previous block
# <min> <max>
0	1

[block]
# block no. 1 follows, 75 sequences, length 12
# corresponding to MSA columns:
# 92-103
name=unknown_B
#
# <colnr> <probs for GDERKNQSTAVLIFYWHMCP>
#	G	D	E	R	K	N	Q	S	T	A	V	L	I	F	Y	W	H	M	C	P
0	0.01106	0.00893	0.01190	0.07227	0.23146	0.00957	0.04544	0.44167	0.01308	0.01778	0.07194	0.03057	0.00859	0.00440	0.00377	0.00113	0.00406	0.00376	0.00298	0.00563
1	0.00550	0.00428	0.00629	0.00614	0.00671	0.00513	0.00478	0.00670	0.00585	0.00849	0.00948	0.01431	0.00899	0.06523	0.74255	0.00541	0.08497	0.00394	0.00195	0.00330
2	0.89687	0.00710	0.00540	0.00483	0.00710	0.00824	0.00398	0.01080	0.00625	0.01648	0.00511	0.00597	0.00398	0.00341	0.00227	0.00114	0.00284	0.00199	0.00227	0.00398
3	0.01464	0.00618	0.00856	0.00753	0.07493	0.00543	0.00561	0.01610	0.01019	0.69547	0.04518	0.01438	0.06878	0.00489	0.00376	0.00114	0.00308	0.00405	0.00423	0.00589
4	0.00983	0.00882	0.01378	0.10075	0.60561	0.00919	0.01033	0.17179	0.01000	0.01392	0.00724	0.00910	0.00581	0.00353	0.00365	0.00111	0.00435	0.00328	0.00216	0.00573
5	0.00940	0.00633	0.00729	0.00641	0.00827	0.00673	0.00501	0.01550	0.43506	0.17401	0.23877	0.01717	0.01707	0.00556	0.00385	0.00119	0.00260	0.00471	0.02986	0.00519
6	0.00625	0.00368	0.00489	0.00526	0.00591	0.00336	0.00368	0.00705	0.00770	0.13274	0.04683	0.68801	0.04984	0.01028	0.00452	0.00142	0.00225	0.00924	0.00360	0.00348
7	0.00458	0.00340	0.00428	0.00476	0.00529	0.00309	0.00330	0.00548	0.00790	0.01046	0.17476	0.55777	0.18077	0.01036	0.00456	0.00138	0.00201	0.00924	0.00353	0.00309
8	0.00456	0.00373	0.00403	0.00395	0.00510	0.00319	0.00296	0.00570	0.00889	0.01116	0.24491	0.03331	0.63805	0.00884	0.00434	0.00122	0.00183	0.00747	0.00357	0.00319
9	0.00737	0.01900	0.85189	0.01047	0.01590	0.00853	0.01357	0.01163	0.00775	0.01163	0.00659	0.00775	0.00465	0.00349	0.00349	0.00116	0.00543	0.00271	0.00155	0.00543
10	0.42095	0.00709	0.00697	0.00584	0.00817	0.00767	0.00475	0.13638	0.06697	0.20309	0.00927	0.02633	0.00678	0.00415	0.00297	0.00112	0.00299	0.00300	0.07063	0.00489
11	0.10697	0.00997	0.03296	0.01713	0.50616	0.10079	0.07892	0.08099	0.00911	0.01307	0.00678	0.00850	0.00549	0.00343	0.00351	0.00110	0.00459	0.00311	0.00203	0.00540

[dist]
# distance from previous block
# <min> <max>
0	2

[block]
# block no. 2 follows, 75 sequences, length 30
# corresponding to MSA columns:
# 106-135
name=unknown_C
#
# <colnr> <probs for GDERKNQSTAVLIFYWHMCP>
#	G	D	E	R	K	N	Q	S	T	A	V	L	I	F	Y	W	H	M	C	P
0	0.03114	0.00792	0.02101	0.05275	0.24756	0.04306	0.04394	0.01406	0.04536	0.34687	0.01011	0.01052	0.00719	0.00447	0.01791	0.00122	0.05748	0.00343	0.00299	0.03102
1	0.00513	0.00370	0.00488	0.00556	0.00611	0.00355	0.00427	0.00620	0.00767	0.01004	0.04371	0.37541	0.09080	0.08014	0.00594	0.00171	0.00272	0.33603	0.00332	0.00311
2	0.89687	0.00710	0.00540	0.00483	0.00710	0.00824	0.00398	0.01080	0.00625	0.01648	0.00511	0.00597	0.00398	0.00341	0.00227	0.00114	0.00284	0.00199	0.00227	0.00398
3	0.89687	0.00710	0.00540	0.00483	0.00710	0.00824	0.00398	0.01080	0.00625	0.01648	0.00511	0.00597	0.00398	0.00341	0.00227	0.00114	0.00284	0.00199	0.00227	0.00398
4	0.00914	0.00789	0.00830	0.00747	0.00955	0.00914	0.00581	0.01952	0.84138	0.01536	0.01495	0.01370	0.01121	0.00498	0.00374	0.00125	0.00291	0.00415	0.00374	0.00581
5	0.00685	0.00342	0.00342	0.00342	0.00428	0.00342	0.00257	0.00856	0.00770	0.01369	0.01198	0.01369	0.00941	0.00428	0.00257	0.00086	0.00171	0.00342	0.89131	0.00342
6	0.00520	0.00375	0.00491	0.00462	0.00549	0.00347	0.00347	0.00693	0.01040	0.01473	0.84608	0.02743	0.03465	0.00751	0.00433	0.00116	0.00173	0.00664	0.00404	0.00347
7	0.05206	0.01673	0.01066	0.00951	0.01150	0.78350	0.04181	0.01437	0.01015	0.00943	0.00573	0.00673	0.00473	0.00374	0.00331	0.00097	0.00644	0.00243	0.00191	0.00427
8	0.00599	0.00408	0.00548	0.00538	0.03638	0.00377	0.00386	0.00772	0.01033	0.06271	0.76769	0.02591	0.03213	0.00718	0.00427	0.00115	0.00191	0.00635	0.00399	0.00371
9	0.89687	0.00710	0.00540	0.00483	0.00710	0.00824	0.00398	0.01080	0.00625	0.01648	0.00511	0.00597	0.00398	0.00341	0.00227	0.00114	0.00284	0.00199	0.00227	0.00398
10	0.00685	0.00342	0.00342	0.00342	0.00428	0.00342	0.00257	0.00856	0.00770	0.01369	0.01198	0.01369	0.00941	0.00428	0.00257	0.00086	0.00171	0.00342	0.89131	0.00342
11	0.00516	0.00375	0.00486	0.00458	0.00547	0.00345	0.00344	0.00686	0.01032	0.01454	0.81393	0.02775	0.06692	0.00758	0.00433	0.00116	0.00174	0.00669	0.00402	0.00345
12	0.00762	0.00653	0.00762	0.00544	0.00870	0.00490	0.00435	0.00925	0.00762	0.01197	0.00653	0.00762	0.00544	0.00272	0.00272	0.00054	0.00272	0.00218	0.00218	0.89338
13	0.00909	0.00873	0.01491	0.02254	0.84801	0.00873	0.01127	0.01127	0.00836	0.01200	0.00691	0.00909	0.00582	0.00327	0.00364	0.00109	0.00436	0.00327	0.00182	0.00582
14	0.00909	0.00873	0.01491	0.02254	0.84801	0.00873	0.01127	0.01127	0.00836	0.01200	0.00691	0.00909	0.00582	0.00327	0.00364	0.00109	0.00436	0.00327	0.00182	0.00582
15	0.00509	0.00371	0.00478	0.00460	0.00544	0.00340	0.00342	0.00668	0.01000	0.01400	0.72988	0.09529	0.08406	0.00794	0.00436	0.00119	0.00177	0.00702	0.00395	0.00340
16	0.00622	0.00450	0.00612	0.00683	0.00777	0.00458	0.00594	0.02473	0.04370	0.01142	0.01904	0.03961	0.02042	0.00981	0.00499	0.00166	0.00338	0.77235	0.00340	0.00354
17	0.00638	0.00319	0.00478	0.00478	0.00478	0.00319	0.00319	0.00478	0.00478	0.00638	0.00638	0.01116	0.00638	0.01276	0.01435	0.89314	0.00319	0.00319	0.00159	0.00159
18	0.00699	0.00603	0.00688	0.00656	0.00750	0.10848	0.00511	0.04449	0.00705	0.02821	0.00925	0.01301	0.00839	0.02254	0.67277	0.00486	0.03247	0.00369	0.00208	0.00362
19	0.01597	0.00636	0.00851	0.00660	0.00939	0.00566	0.00543	0.01801	0.06786	0.79291	0.01452	0.01258	0.00924	0.00458	0.00370	0.00114	0.00311	0.00373	0.00449	0.00622
20	0.06446	0.00905	0.01005	0.00775	0.01062	0.00965	0.00640	0.57555	0.01488	0.23892	0.01009	0.00962	0.00686	0.00439	0.00360	0.00111	0.00373	0.00333	0.00382	0.00612
21	0.01023	0.77170	0.03638	0.00657	0.00970	0.04751	0.00647	0.03441	0.00795	0.03324	0.00553	0.00623	0.00488	0.00325	0.00249	0.00082	0.00405	0.00208	0.00173	0.00480
22	0.00530	0.00387	0.00494	0.00556	0.00608	0.01625	0.00406	0.00662	0.03945	0.02285	0.08769	0.58501	0.02354	0.01045	0.00466	0.00148	0.00245	0.16302	0.00346	0.00327
23	0.01648	0.00625	0.00852	0.00653	0.00938	0.00540	0.00540	0.01790	0.01051	0.85056	0.01449	0.01250	0.00909	0.00455	0.00369	0.00114	0.00313	0.00369	0.00455	0.00625
24	0.09118	0.00949	0.07089	0.01107	0.16451	0.05252	0.03102	0.08991	0.18686	0.05128	0.00845	0.00949	0.00663	0.00455	0.00540	0.00125	0.19453	0.00330	0.00251	0.00518
25	0.00857	0.00794	0.01297	0.35413	0.44760	0.00869	0.01044	0.06707	0.02548	0.01179	0.00705	0.00944	0.00559	0.00354	0.00365	0.00115	0.00452	0.00329	0.00191	0.00516
26	0.00556	0.00470	0.00657	0.05083	0.16747	0.00447	0.00509	0.00686	0.00827	0.01088	0.14486	0.24289	0.30002	0.00818	0.00427	0.00127	0.00256	0.01844	0.00311	0.00370
27	0.03924	0.02746	0.04935	0.08703	0.06762	0.00929	0.12884	0.16055	0.14529	0.07623	0.01901	0.02672	0.00749	0.00460	0.00491	0.00124	0.12411	0.01316	0.00270	0.00518
28	0.00810	0.10279	0.09751	0.01006	0.01199	0.00982	0.20339	0.00985	0.00713	0.02959	0.00888	0.04052	0.06984	0.00534	0.00728	0.00134	0.36632	0.00390	0.00193	0.00440
29	0.01338	0.00558	0.00753	0.00625	0.00844	0.00494	0.00499	0.03173	0.00980	0.61735	0.01583	0.20957	0.01285	0.00629	0.00396	0.00123	0.00292	0.02771	0.00424	0.00542

[dist]
# distance from previous block
# <min> <max>
0	1

[block]
# block no. 3 follows, 75 sequences, length 8
# corresponding to MSA columns:
# 137-144
name=unknown_D
#
# <colnr> <probs for GDERKNQSTAVLIFYWHMCP>
#	G	D	E	R	K	N	Q	S	T	A	V	L	I	F	Y	W	H	M	C	P
0	0.04458	0.00944	0.01186	0.03766	0.25993	0.14219	0.05610	0.07129	0.00836	0.01134	0.00670	0.00918	0.00581	0.02812	0.07515	0.00164	0.19147	0.00321	0.00197	0.02401
1	0.15030	0.21161	0.18639	0.00750	0.03279	0.02469	0.00724	0.09650	0.00882	0.12797	0.00760	0.00818	0.00570	0.00407	0.01858	0.00109	0.00398	0.00265	0.04086	0.05348
2	0.00519	0.00388	0.00579	0.00585	0.00647	0.00448	0.00451	0.00646	0.00598	0.00859	0.01058	0.07553	0.01026	0.02640	0.79544	0.00559	0.00929	0.00440	0.00207	0.00326
3	0.56619	0.00792	0.00761	0.00852	0.16660	0.06152	0.00558	0.04666	0.00750	0.01523	0.00618	0.00732	0.00489	0.00352	0.00268	0.00109	0.00333	0.00242	0.07083	0.00440
4	0.00474	0.00334	0.00415	0.00469	0.00489	0.00317	0.00300	0.00519	0.00657	0.00869	0.01840	0.55830	0.06397	0.28262	0.00909	0.00213	0.00257	0.00869	0.00304	0.00275
5	0.02426	0.15746	0.04812	0.00657	0.02619	0.06697	0.00527	0.12123	0.02185	0.05741	0.00922	0.03464	0.00868	0.24421	0.08736	0.00214	0.00444	0.00373	0.01710	0.05316
6	0.05652	0.04017	0.21183	0.04319	0.13033	0.05864	0.15981	0.04253	0.03607	0.04402	0.10962	0.03305	0.00955	0.00421	0.00371	0.00115	0.00452	0.00381	0.00232	0.00495
7	0.14161	0.20972	0.10696	0.00797	0.01085	0.10188	0.09649	0.08253	0.07059	0.04161	0.05758	0.01007	0.03922	0.00407	0.00324	0.00106	0.00417	0.00318	0.00240	0.00479

[dist]
# distance from previous block
# <min> <max>
0	8

[block]
# block no. 4 follows, 75 sequences, length 43
# corresponding to MSA columns:
# 153-195
name=unknown_E
#
# <colnr> <probs for GDERKNQSTAVLIFYWHMCP>
#	G	D	E	R	K	N	Q	S	T	A	V	L	I	F	Y	W	H	M	C	P
0	0.01042	0.06597	0.01022	0.00904	0.09361	0.15126	0.01360	0.06960	0.02228	0.14560	0.03012	0.01059	0.00752	0.03565	0.13232	0.00191	0.13536	0.00331	0.00249	0.04913
1	0.20420	0.04085	0.00694	0.00729	0.10333	0.04597	0.00481	0.00861	0.00753	0.05422	0.04602	0.35485	0.04739	0.02386	0.00401	0.00129	0.00290	0.00611	0.00286	0.02697
2	0.00946	0.19160	0.04475	0.00920	0.10354	0.03347	0.02152	0.05427	0.40611	0.01326	0.01036	0.01040	0.00806	0.00416	0.00352	0.00108	0.01935	0.00333	0.00278	0.04974
3	0.00534	0.00356	0.00401	0.00401	0.00401	0.00356	0.00223	0.00534	0.00534	0.00712	0.01157	0.02403	0.01335	0.87092	0.01869	0.00356	0.00356	0.00534	0.00223	0.00223
4	0.01246	0.29701	0.01332	0.00859	0.02913	0.52576	0.00685	0.01353	0.00940	0.04465	0.00589	0.00669	0.00493	0.00360	0.00302	0.00090	0.00554	0.00231	0.00190	0.00453
5	0.00634	0.00322	0.00483	0.00483	0.00485	0.00324	0.00324	0.00485	0.00483	0.00646	0.00651	0.01129	0.00648	0.01331	0.04565	0.86016	0.00344	0.00322	0.00161	0.00166
6	0.12216	0.02066	0.08843	0.04552	0.04590	0.03388	0.00645	0.16599	0.01835	0.11864	0.02210	0.01884	0.00652	0.00373	0.00319	0.00095	0.00357	0.00289	0.00271	0.26951
7	0.08646	0.01029	0.22926	0.02028	0.04440	0.02952	0.10965	0.06497	0.06269	0.09887	0.00969	0.07374	0.00809	0.02784	0.09648	0.00176	0.00495	0.01372	0.00248	0.00486
8	0.00514	0.00357	0.00410	0.00421	0.00441	0.00350	0.00257	0.00539	0.00595	0.00780	0.01556	0.11281	0.11251	0.63402	0.04674	0.00313	0.00344	0.02019	0.00250	0.00247
9	0.00875	0.00807	0.01348	0.01952	0.69302	0.00805	0.02195	0.01114	0.03476	0.02778	0.10829	0.01152	0.00951	0.00386	0.00373	0.00111	0.00400	0.00373	0.00220	0.00553
10	0.03483	0.06538	0.26606	0.00928	0.05506	0.01797	0.07402	0.03398	0.05247	0.16724	0.03495	0.01010	0.02098	0.00403	0.00393	0.00110	0.04986	0.00325	0.00251	0.09302
11	0.00909	0.00873	0.01491	0.02254	0.84801	0.00873	0.01127	0.01127	0.00836	0.01200	0.00691	0.00909	0.00582	0.00327	0.00364	0.00109	0.00436	0.00327	0.00182	0.00582
12	0.00702	0.00661	0.01116	0.83089	0.05588	0.00818	0.01024	0.00945	0.00738	0.00948	0.00654	0.00977	0.00493	0.00366	0.00367	0.00122	0.00488	0.00326	0.00164	0.00414
13	0.00985	0.78007	0.04005	0.00656	0.00966	0.04140	0.00648	0.01156	0.04914	0.00907	0.00565	0.00635	0.00504	0.00326	0.00249	0.00082	0.00400	0.00211	0.00169	0.00477
14	0.01622	0.02029	0.00885	0.00665	0.00950	0.00592	0.00551	0.06863	0.01088	0.78573	0.01399	0.01217	0.00885	0.00451	0.00367	0.00113	0.00319	0.00364	0.00444	0.00623
15	0.00539	0.00408	0.00599	0.00596	0.00667	0.00476	0.00464	0.00704	0.03724	0.00878	0.01003	0.01440	0.00926	0.02670	0.82439	0.00573	0.00958	0.00394	0.00203	0.00337
16	0.00475	0.00371	0.00430	0.00420	0.00522	0.00327	0.00313	0.00604	0.00925	0.01214	0.41320	0.06874	0.43179	0.00856	0.00435	0.00121	0.00181	0.00735	0.00371	0.00327
17	0.00891	0.00911	0.09326	0.10506	0.21650	0.00921	0.07642	0.03830	0.07288	0.06419	0.00769	0.02382	0.00626	0.00460	0.00608	0.00129	0.24579	0.00350	0.00213	0.00501
18	0.00724	0.00666	0.01094	0.74958	0.06421	0.00810	0.00983	0.04150	0.00792	0.01029	0.04400	0.01050	0.00632	0.00385	0.00370	0.00121	0.00470	0.00342	0.00183	0.00422
19	0.00447	0.00320	0.00426	0.00511	0.00533	0.00298	0.00341	0.00511	0.00703	0.00938	0.02024	0.86853	0.02429	0.01151	0.00469	0.00149	0.00213	0.01044	0.00341	0.00298
20	0.01319	0.01664	0.01019	0.03571	0.01151	0.79779	0.00701	0.01415	0.01012	0.00893	0.00593	0.00738	0.00506	0.03640	0.00390	0.00105	0.00645	0.00251	0.00190	0.00418
21	0.82289	0.00728	0.00656	0.00558	0.00796	0.00827	0.06065	0.01097	0.00648	0.02886	0.00541	0.00633	0.00416	0.00341	0.00244	0.00114	0.00307	0.00217	0.00228	0.00408
22	0.00442	0.00374	0.00383	0.00385	0.00507	0.00315	0.00292	0.00539	0.00841	0.01004	0.04995	0.03545	0.80094	0.00930	0.00437	0.00126	0.00192	0.03945	0.00342	0.00312
23	0.00525	0.00394	0.00590	0.00590	0.00656	0.00459	0.00459	0.00656	0.00590	0.00853	0.00984	0.01443	0.00918	0.02755	0.85637	0.00590	0.00984	0.00394	0.00197	0.00328
24	0.00843	0.01650	0.69201	0.00972	0.01452	0.00790	0.02287	0.01211	0.00799	0.11745	0.00785	0.00919	0.00566	0.04686	0.00428	0.00128	0.00505	0.00299	0.00197	0.00537
25	0.00875	0.00954	0.04868	0.53218	0.10525	0.16866	0.00968	0.04183	0.02144	0.01029	0.00663	0.00906	0.00510	0.00369	0.00359	0.00115	0.00513	0.00309	0.00181	0.00446
26	0.01373	0.01722	0.01043	0.00942	0.01136	0.82333	0.00709	0.04660	0.01067	0.00954	0.00580	0.00671	0.00479	0.00381	0.00333	0.00095	0.00652	0.00240	0.00196	0.00434
27	0.00463	0.00325	0.00431	0.00513	0.00539	0.00306	0.00349	0.00536	0.00712	0.00961	0.01990	0.79906	0.02359	0.01117	0.00463	0.00148	0.00217	0.04694	0.03671	0.00302
28	0.01007	0.02043	0.20971	0.01138	0.17137	0.04677	0.06119	0.03866	0.18927	0.15213	0.01084	0.02345	0.02953	0.00423	0.00368	0.00116	0.00420	0.00364	0.00275	0.00556
29	0.00917	0.00924	0.01371	0.17842	0.60584	0.09783	0.01063	0.01128	0.00839	0.01119	0.00671	0.00896	0.00553	0.00340	0.00361	0.00110	0.00470	0.00318	0.00179	0.00533
30	0.00750	0.09779	0.73668	0.00979	0.01476	0.00887	0.01239	0.01129	0.00762	0.01115	0.00667	0.00831	0.00505	0.04206	0.00406	0.00123	0.00521	0.00276	0.00158	0.00522
31	0.58001	0.00848	0.00839	0.00998	0.23183	0.08519	0.00621	0.01127	0.00719	0.01460	0.00564	0.00686	0.00454	0.00341	0.00273	0.00111	0.00359	0.00237	0.00212	0.00449
32	0.00520	0.00375	0.00491	0.00462	0.00549	0.00347	0.00347	0.00693	0.01040	0.01473	0.84608	0.02743	0.03465	0.00751	0.00433	0.00116	0.00173	0.00664	0.00404	0.00347
33	0.00935	0.56167	0.22655	0.00754	0.01114	0.03562	0.00811	0.02768	0.06339	0.01013	0.00622	0.00695	0.00516	0.00339	0.00278	0.00092	0.00431	0.00233	0.00176	0.00498
34	0.00523	0.00388	0.00534	0.00534	0.00589	0.00423	0.00395	0.00627	0.00648	0.00905	0.09593	0.06766	0.05755	0.18362	0.48815	0.00433	0.02329	0.01833	0.00240	0.00309
35	0.00558	0.04250	0.00540	0.00483	0.01575	0.00395	0.00355	0.00686	0.00904	0.04282	0.41636	0.14372	0.21840	0.05119	0.00499	0.00133	0.00210	0.01459	0.00359	0.00344
36	0.00624	0.00514	0.03255	0.00628	0.02036	0.00551	0.00476	0.02891	0.03867	0.02310	0.00994	0.01606	0.00975	0.26466	0.42237	0.00419	0.09176	0.00421	0.00215	0.00338
37	0.89687	0.00710	0.00540	0.00483	0.00710	0.00824	0.00398	0.01080	0.00625	0.01648	0.00511	0.00597	0.00398	0.00341	0.00227	0.00114	0.00284	0.00199	0.00227	0.00398
38	0.00625	0.00401	0.00583	0.04131	0.04796	0.00431	0.00409	0.00582	0.00538	0.00735	0.00800	0.02727	0.00825	0.19187	0.10550	0.47011	0.04866	0.00384	0.00181	0.00237
39	0.09221	0.00632	0.00825	0.00639	0.00918	0.00564	0.00528	0.01729	0.01015	0.77881	0.01368	0.01194	0.00865	0.00445	0.00357	0.00114	0.00310	0.00355	0.00435	0.00605
40	0.00895	0.00837	0.03870	0.22039	0.32886	0.00870	0.06335	0.09603	0.08813	0.03111	0.00808	0.01001	0.00632	0.00494	0.04635	0.00140	0.01945	0.00345	0.00220	0.00522
41	0.00523	0.00356	0.00405	0.00409	0.00421	0.00350	0.00239	0.00540	0.00585	0.00778	0.05500	0.07388	0.05812	0.73339	0.01642	0.00320	0.00330	0.00583	0.00245	0.00238
42	0.01054	0.09030	0.00926	0.04977	0.00984	0.31882	0.00584	0.02042	0.07202	0.11488	0.09616	0.03435	0.11796	0.00554	0.01517	0.00114	0.01677	0.00403	0.00278	0.00440

[dist]
# distance from previous block
# <min> <max>
1	2

[block]
# block no. 5 follows, 75 sequences, length 8
# corresponding to MSA columns:
# 198-205
name=unknown_F
#
# <colnr> <probs for GDERKNQSTAVLIFYWHMCP>
#	G	D	E	R	K	N	Q	S	T	A	V	L	I	F	Y	W	H	M	C	P
0	0.03970	0.29460	0.09295	0.01115	0.15421	0.06704	0.13113	0.02641	0.11023	0.02844	0.00739	0.00840	0.00591	0.00352	0.00325	0.00103	0.00448	0.00296	0.00206	0.00514
1	0.49674	0.17718	0.09771	0.00691	0.04604	0.04260	0.00608	0.01123	0.00700	0.03859	0.00564	0.00658	0.00449	0.00353	0.00294	0.00108	0.03695	0.00223	0.00207	0.00443
2	0.10278	0.10207	0.08237	0.01044	0.14498	0.09031	0.06662	0.11307	0.11507	0.03111	0.00894	0.08249	0.00766	0.00448	0.00364	0.00113	0.02162	0.00368	0.00249	0.00504
3	0.00684	0.00546	0.00788	0.00716	0.05455	0.00533	0.09132	0.10895	0.01058	0.01470	0.53618	0.02230	0.04710	0.05923	0.00509	0.00130	0.00274	0.00575	0.00352	0.00401
4	0.00735	0.03376	0.53395	0.04251	0.01402	0.00801	0.04621	0.01172	0.10985	0.01187	0.03758	0.06374	0.00864	0.00465	0.00373	0.00122	0.00466	0.04935	0.00214	0.00506
5	0.00564	0.00449	0.00687	0.00588	0.00701	0.00419	0.10503	0.00736	0.00966	0.01357	0.65604	0.02493	0.02886	0.09742	0.00584	0.00142	0.00247	0.00622	0.00359	0.00352
6	0.11760	0.06099	0.05700	0.02416	0.14515	0.00830	0.03119	0.05874	0.21409	0.04200	0.08870	0.01128	0.00959	0.00422	0.00355	0.00109	0.01791	0.00347	0.00276	0.09821
7	0.00716	0.02187	0.02044	0.02815	0.16170	0.01860	0.00635	0.02028	0.08700	0.03012	0.11597	0.28637	0.01586	0.00725	0.00542	0.00133	0.14196	0.01708	0.00285	0.00423

[dist]
# distance from previous block
# <min> <max>
3	21

[block]
# block no. 6 follows, 75 sequences, length 20
# corresponding to MSA columns:
# 227-246
name=unknown_G
#
# <colnr> <probs for GDERKNQSTAVLIFYWHMCP>
#	G	D	E	R	K	N	Q	S	T	A	V	L	I	F	Y	W	H	M	C	P
0	0.00837	0.00730	0.02219	0.01168	0.27833	0.00743	0.02475	0.07311	0.22757	0.02622	0.18801	0.01599	0.06862	0.00513	0.00385	0.00116	0.00323	0.00453	0.01742	0.00512
1	0.00846	0.01859	0.24008	0.00930	0.07596	0.01748	0.06613	0.11415	0.05757	0.07252	0.02767	0.19550	0.02147	0.05251	0.00471	0.00135	0.00399	0.00503	0.00271	0.00482
2	0.00666	0.00580	0.02325	0.02262	0.01752	0.02858	0.00470	0.01097	0.26834	0.01354	0.36090	0.07326	0.09996	0.00764	0.03851	0.00140	0.00276	0.00579	0.00358	0.00423
3	0.00523	0.00373	0.00479	0.00479	0.00516	0.00396	0.00327	0.00585	0.00580	0.00792	0.01271	0.02080	0.07231	0.45132	0.37204	0.00438	0.00609	0.00492	0.00220	0.00274
4	0.01146	0.00892	0.01006	0.00920	0.08516	0.00992	0.00678	0.36589	0.38503	0.05003	0.01161	0.01117	0.00854	0.00457	0.00370	0.00117	0.00353	0.00370	0.00357	0.00601
5	0.13913	0.00651	0.00818	0.00636	0.00913	0.00600	0.00526	0.04567	0.01016	0.70518	0.01298	0.01146	0.00828	0.00438	0.00349	0.00114	0.00312	0.00344	0.00420	0.00593
6	0.01008	0.71708	0.03651	0.00750	0.05535	0.03715	0.00678	0.06275	0.02031	0.00990	0.00563	0.00642	0.00496	0.00328	0.00258	0.00084	0.00405	0.00218	0.00176	0.00489
7	0.00879	0.00885	0.01283	0.13236	0.39632	0.07234	0.00975	0.01046	0.00747	0.01037	0.00608	0.00865	0.00528	0.00441	0.00640	0.00127	0.28859	0.00318	0.00173	0.00487
8	0.00491	0.00400	0.00447	0.00436	0.00551	0.00369	0.00330	0.00663	0.05939	0.01119	0.21270	0.03028	0.53563	0.01038	0.08553	0.00167	0.00266	0.00692	0.00343	0.00336
9	0.00460	0.00329	0.00439	0.00516	0.00545	0.00308	0.00353	0.00536	0.00734	0.00984	0.08039	0.76793	0.02490	0.01115	0.00468	0.00148	0.00216	0.04878	0.00345	0.00304
10	0.00446	0.00371	0.00390	0.00388	0.00504	0.00315	0.00290	0.00549	0.00860	0.01055	0.14469	0.05985	0.71289	0.00913	0.00435	0.00124	0.00185	0.00769	0.00349	0.00315
11	0.01615	0.00632	0.00851	0.00658	0.00938	0.00556	0.00542	0.01797	0.04752	0.81336	0.01451	0.01255	0.00919	0.00457	0.00370	0.00114	0.00312	0.00371	0.00451	0.00623
12	0.00926	0.00786	0.00833	0.00742	0.00950	0.00904	0.00579	0.06746	0.75891	0.01580	0.04815	0.01397	0.01186	0.00505	0.00376	0.00123	0.00293	0.00420	0.00375	0.00574
13	0.89687	0.00710	0.00540	0.00483	0.00710	0.00824	0.00398	0.01080	0.00625	0.01648	0.00511	0.00597	0.00398	0.00341	0.00227	0.00114	0.00284	0.00199	0.00227	0.00398
14	0.83252	0.00733	0.00581	0.00509	0.00742	0.00847	0.00420	0.07092	0.00705	0.01696	0.00538	0.00617	0.00414	0.00348	0.00238	0.00113	0.00293	0.00208	0.00238	0.00414
15	0.00965	0.00795	0.05613	0.03081	0.23073	0.00761	0.08574	0.02525	0.17183	0.15976	0.01039	0.01186	0.00806	0.04195	0.11028	0.00186	0.01839	0.00375	0.00272	0.00527
16	0.00960	0.00663	0.00792	0.00582	0.00894	0.00533	0.00469	0.03533	0.03815	0.17797	0.00847	0.00883	0.00639	0.00321	0.00298	0.00070	0.00285	0.00258	0.00274	0.66087
17	0.00554	0.00477	0.03908	0.02320	0.02271	0.00398	0.00397	0.01761	0.02817	0.04172	0.28293	0.02909	0.46783	0.00795	0.00423	0.00120	0.00218	0.00674	0.00351	0.00360
18	0.00623	0.01689	0.00674	0.00700	0.07237	0.04113	0.01926	0.00755	0.02130	0.02431	0.20187	0.19974	0.11745	0.08283	0.05974	0.00178	0.06504	0.04217	0.00301	0.00358
19	0.00750	0.00641	0.00750	0.00543	0.00858	0.00483	0.00432	0.00910	0.00760	0.01188	0.00701	0.03805	0.00611	0.00303	0.00279	0.00058	0.00270	0.00247	0.00222	0.86191

[dist]
# distance from previous block
# <min> <max>
0	3

[block]
# block no. 7 follows, 75 sequences, length 74
# corresponding to MSA columns:
# 250-323
name=unknown_H
#
# <colnr> <probs for GDERKNQSTAVLIFYWHMCP>
#	G	D	E	R	K	N	Q	S	T	A	V	L	I	F	Y	W	H	M	C	P
0	0.11897	0.16791	0.01273	0.01058	0.14843	0.26306	0.05365	0.11378	0.05609	0.01258	0.00671	0.00766	0.00541	0.00364	0.00319	0.00102	0.00476	0.00272	0.00219	0.00493
1	0.00482	0.00391	0.00430	0.00417	0.00532	0.00347	0.00314	0.00641	0.04399	0.01171	0.29958	0.03186	0.54719	0.00854	0.00431	0.00121	0.00186	0.00724	0.00363	0.00333
2	0.00756	0.00991	0.23114	0.00723	0.02004	0.00608	0.02830	0.01013	0.02780	0.01191	0.00743	0.00847	0.02343	0.00313	0.00303	0.00076	0.00353	0.00255	0.00206	0.58550
3	0.89687	0.00710	0.00540	0.00483	0.00710	0.00824	0.00398	0.01080	0.00625	0.01648	0.00511	0.00597	0.00398	0.00341	0.00227	0.00114	0.00284	0.00199	0.00227	0.00398
4	0.01040	0.00561	0.00743	0.00635	0.00799	0.00578	0.00504	0.10959	0.00896	0.31167	0.03153	0.01403	0.00964	0.08993	0.32838	0.00317	0.03277	0.00394	0.00316	0.00463
5	0.01875	0.07461	0.72707	0.01049	0.03539	0.01769	0.03204	0.02249	0.00791	0.01163	0.00652	0.00769	0.00472	0.00347	0.00342	0.00113	0.00528	0.00271	0.00161	0.00536
6	0.00530	0.00419	0.00586	0.00603	0.00635	0.00479	0.00446	0.00616	0.00640	0.00895	0.01426	0.43532	0.01610	0.04257	0.28017	0.00299	0.13718	0.00708	0.00263	0.00321
7	0.84750	0.00692	0.00531	0.00477	0.00698	0.00796	0.00391	0.01049	0.00637	0.01612	0.00689	0.00759	0.05058	0.00374	0.00239	0.00114	0.00279	0.00231	0.00234	0.00393
8	0.00564	0.00478	0.00517	0.00518	0.02692	0.00465	0.00378	0.00882	0.19863	0.01164	0.10630	0.05910	0.52959	0.00808	0.00420	0.00124	0.00216	0.00681	0.00350	0.00382
9	0.01000	0.42481	0.04268	0.00712	0.00987	0.05062	0.00642	0.09757	0.26775	0.01249	0.03124	0.00929	0.00769	0.00400	0.00306	0.00099	0.00374	0.00295	0.00254	0.00518
10	0.01396	0.01029	0.01102	0.00845	0.01139	0.01139	0.00698	0.83577	0.01727	0.02315	0.00882	0.00882	0.00625	0.00441	0.00367	0.00110	0.00404	0.00331	0.00367	0.00625
11	0.01011	0.80843	0.01858	0.00652	0.00957	0.07818	0.00635	0.01128	0.00769	0.00867	0.00515	0.00595	0.00471	0.00319	0.00243	0.00080	0.00413	0.00199	0.00160	0.00468
12	0.81360	0.05807	0.03618	0.00511	0.00755	0.00862	0.00445	0.01084	0.00637	0.01585	0.00517	0.00603	0.00404	0.00340	0.00232	0.00112	0.00300	0.00201	0.00221	0.00407
13	0.00534	0.00356	0.00401	0.00401	0.00401	0.00356	0.00223	0.00534	0.00534	0.00712	0.01157	0.02403	0.01335	0.87092	0.01869	0.00356	0.00356	0.00534	0.00223	0.00223
14	0.00534	0.00356	0.00401	0.00401	0.00401	0.00356	0.00223	0.00534	0.00534	0.00712	0.01157	0.02403	0.01335	0.87092	0.01869	0.00356	0.00356	0.00534	0.00223	0.00223
15	0.04295	0.06310	0.28264	0.11183	0.23215	0.00885	0.03909	0.06903	0.00871	0.08839	0.00741	0.00874	0.00551	0.00360	0.00358	0.00113	0.01277	0.00304	0.00209	0.00538
16	0.00459	0.00325	0.00425	0.00502	0.00532	0.00303	0.00340	0.00525	0.00712	0.00949	0.02076	0.76979	0.06987	0.01120	0.00478	0.01595	0.00215	0.02722	0.02456	0.00299
17	0.00866	0.05224	0.53221	0.01116	0.10698	0.04961	0.02874	0.02156	0.07969	0.05228	0.00766	0.00856	0.00561	0.00364	0.00349	0.00113	0.00494	0.00293	0.00197	0.01694
18	0.00868	0.02282	0.22848	0.02420	0.34741	0.01692	0.07924	0.04974	0.10767	0.01252	0.00815	0.00998	0.00647	0.00452	0.03156	0.00131	0.01614	0.01664	0.00209	0.00547
19	0.00846	0.00955	0.02074	0.01492	0.01845	0.00898	0.78768	0.01144	0.00854	0.01160	0.00781	0.03037	0.00613	0.00410	0.03240	0.00140	0.00622	0.00447	0.00190	0.00485
20	0.00762	0.00653	0.00762	0.00544	0.00870	0.00490	0.00435	0.00925	0.00762	0.01197	0.00653	0.00762	0.00544	0.00272	0.00272	0.00054	0.00272	0.00218	0.00218	0.89338
21	0.00942	0.00907	0.04679	0.02114	0.76458	0.00866	0.01104	0.03104	0.00863	0.04386	0.00723	0.00916	0.00591	0.00336	0.00363	0.00110	0.00435	0.00327	0.00195	0.00583
22	0.01003	0.00897	0.01254	0.19776	0.39855	0.06442	0.00953	0.15531	0.05480	0.04098	0.00776	0.00939	0.00602	0.00372	0.00364	0.00112	0.00445	0.00328	0.00230	0.00543
23	0.00551	0.00388	0.00501	0.00469	0.00563	0.00360	0.00353	0.00735	0.02444	0.03452	0.78549	0.02711	0.06038	0.00745	0.00431	0.00116	0.00179	0.00657	0.00403	0.00356
24	0.02286	0.00515	0.00688	0.00571	0.00765	0.00457	0.00454	0.01295	0.01022	0.47686	0.32974	0.06521	0.01955	0.00604	0.00397	0.00116	0.00254	0.00516	0.00426	0.00499
25	0.00479	0.00371	0.00437	0.00426	0.00525	0.00328	0.00317	0.00613	0.00936	0.01240	0.45738	0.07335	0.38237	0.00848	0.00435	0.00121	0.00181	0.00731	0.00374	0.00328
26	0.00607	0.00443	0.00550	0.00499	0.00608	0.00427	0.00381	0.09243	0.01104	0.01543	0.73201	0.02578	0.05947	0.00725	0.00426	0.00115	0.00198	0.00634	0.00398	0.00374
27	0.89687	0.00710	0.00540	0.00483	0.00710	0.00824	0.00398	0.01080	0.00625	0.01648	0.00511	0.00597	0.00398	0.00341	0.00227	0.00114	0.00284	0.00199	0.00227	0.00398
28	0.10115	0.00658	0.00830	0.00646	0.00918	0.00610	0.00532	0.08514	0.01066	0.67050	0.04309	0.01210	0.00928	0.00453	0.00358	0.00113	0.00312	0.00360	0.00423	0.00593
29	0.89687	0.00710	0.00540	0.00483	0.00710	0.00824	0.00398	0.01080	0.00625	0.01648	0.00511	0.00597	0.00398	0.00341	0.00227	0.00114	0.00284	0.00199	0.00227	0.00398
30	0.00525	0.00394	0.00590	0.00590	0.00656	0.00459	0.00459	0.00656	0.00590	0.00853	0.00984	0.01443	0.00918	0.02755	0.85637	0.00590	0.00984	0.00394	0.00197	0.00328
31	0.00434	0.00372	0.00372	0.00372	0.00496	0.00310	0.00279	0.00527	0.00837	0.00992	0.03721	0.03535	0.84652	0.00930	0.00434	0.00124	0.00186	0.00775	0.00341	0.00310
32	0.77950	0.00699	0.00581	0.00506	0.00741	0.00786	0.00417	0.01174	0.00682	0.12767	0.00636	0.00684	0.00466	0.00356	0.00246	0.00114	0.00288	0.00222	0.00258	0.00428
33	0.00565	0.00436	0.00523	0.00491	0.00601	0.00425	0.00371	0.00855	0.13370	0.01409	0.59843	0.02660	0.15563	0.00741	0.00424	0.00118	0.00193	0.00644	0.00390	0.00376
34	0.00737	0.01900	0.85189	0.01047	0.01590	0.00853	0.01357	0.01163	0.00775	0.01163	0.00659	0.00775	0.00465	0.00349	0.00349	0.00116	0.00543	0.00271	0.00155	0.00543
35	0.00473	0.00334	0.00415	0.00470	0.00491	0.00316	0.00302	0.00519	0.00660	0.00873	0.01863	0.56667	0.06906	0.26902	0.00887	0.00210	0.00254	0.00875	0.00305	0.00276
36	0.01535	0.00721	0.00901	0.00700	0.00980	0.00693	0.00575	0.18381	0.08149	0.61287	0.01338	0.01186	0.00869	0.00455	0.00369	0.00114	0.00329	0.00365	0.00430	0.00621
37	0.89687	0.00710	0.00540	0.00483	0.00710	0.00824	0.00398	0.01080	0.00625	0.01648	0.00511	0.00597	0.00398	0.00341	0.00227	0.00114	0.00284	0.00199	0.00227	0.00398
38	0.00509	0.00371	0.00474	0.00459	0.00540	0.00342	0.00339	0.00659	0.00969	0.01348	0.65945	0.09284	0.10101	0.04871	0.00505	0.00131	0.00189	0.02246	0.00384	0.00334
39	0.00519	0.00350	0.00405	0.00420	0.00424	0.00346	0.00243	0.00530	0.00564	0.00752	0.01310	0.17312	0.01528	0.71920	0.01622	0.00320	0.00331	0.00624	0.00243	0.00236
40	0.01066	0.01176	0.01166	0.03689	0.05024	0.32640	0.05649	0.05597	0.00847	0.02283	0.00581	0.00783	0.00502	0.00488	0.00711	0.00127	0.36744	0.00298	0.00189	0.00440
41	0.56987	0.00768	0.00692	0.00579	0.00822	0.02829	0.00475	0.15215	0.00892	0.14713	0.00736	0.00765	0.00529	0.00378	0.00276	0.00112	0.00315	0.00252	0.02193	0.00471
42	0.00452	0.00322	0.00428	0.00508	0.00531	0.00301	0.00339	0.00519	0.00714	0.00955	0.05264	0.82266	0.02453	0.02431	0.00488	0.00151	0.00214	0.01021	0.00342	0.00299
43	0.86975	0.00742	0.00555	0.00497	0.00723	0.03428	0.00407	0.01092	0.00638	0.01625	0.00513	0.00599	0.00400	0.00342	0.00230	0.00113	0.00296	0.00200	0.00226	0.00399
44	0.01229	0.00939	0.01004	0.00804	0.01067	0.01048	0.00653	0.57488	0.25288	0.02064	0.03814	0.01083	0.00860	0.00468	0.00371	0.00115	0.00364	0.00366	0.00370	0.00603
45	0.00812	0.08827	0.64658	0.01083	0.05624	0.06454	0.04230	0.01173	0.00794	0.01120	0.00643	0.00767	0.00476	0.00349	0.00353	0.00112	0.01564	0.00272	0.00160	0.00528
46	0.00936	0.00751	0.00812	0.00716	0.00919	0.00846	0.00560	0.08964	0.63019	0.04959	0.11967	0.01496	0.01366	0.00523	0.00381	0.00122	0.00287	0.00437	0.00380	0.00557
47	0.00869	0.04340	0.03136	0.00939	0.00995	0.03251	0.00795	0.07042	0.02242	0.01008	0.00538	0.00807	0.00504	0.00598	0.01047	0.00150	0.70814	0.00316	0.00180	0.00428
48	0.00484	0.00345	0.00452	0.00523	0.00557	0.00328	0.00370	0.00560	0.00714	0.00942	0.01964	0.58621	0.05113	0.11478	0.00643	0.00177	0.00252	0.15852	0.00326	0.00297
49	0.00549	0.00386	0.00461	0.00439	0.00542	0.00345	0.00327	0.00676	0.00920	0.05517	0.42195	0.03942	0.32122	0.07752	0.00548	0.00139	0.00203	0.02232	0.00368	0.00337
50	0.00486	0.00375	0.00397	0.00398	0.00516	0.00319	0.00296	0.00581	0.00835	0.04036	0.05346	0.11960	0.69670	0.00922	0.00432	0.00125	0.00193	0.00777	0.02014	0.00322
51	0.00694	0.00653	0.01102	0.86210	0.02530	0.00816	0.01020	0.00938	0.00734	0.00938	0.00653	0.00979	0.00490	0.00367	0.00367	0.00122	0.00490	0.00326	0.00163	0.00408
52	0.75798	0.04564	0.00697	0.01880	0.04306	0.04086	0.01940	0.01097	0.00661	0.01547	0.00527	0.00625	0.00416	0.00340	0.00243	0.00111	0.00319	0.00212	0.00219	0.00412
53	0.00912	0.43105	0.27358	0.00993	0.10219	0.03253	0.05313	0.03086	0.00802	0.01044	0.00598	0.00711	0.00490	0.00331	0.00300	0.00097	0.00462	0.00250	0.00166	0.00509
54	0.03049	0.00823	0.00917	0.00815	0.02253	0.02437	0.04241	0.04621	0.69449	0.01506	0.01347	0.01275	0.01016	0.00486	0.00407	0.00125	0.03923	0.00400	0.00347	0.00564
55	0.00506	0.00367	0.00475	0.00464	0.00542	0.00338	0.00341	0.00658	0.00976	0.01366	0.68314	0.14472	0.06855	0.02112	0.00460	0.00124	0.00182	0.00720	0.00390	0.00336
56	0.00447	0.00320	0.00426	0.00511	0.00533	0.00298	0.00341	0.00511	0.00703	0.00938	0.02024	0.86853	0.02429	0.01151	0.00469	0.00149	0.00213	0.01044	0.00341	0.00298
57	0.00712	0.00657	0.01043	0.72384	0.02257	0.00807	0.00939	0.01047	0.10565	0.01032	0.04439	0.01103	0.00695	0.00399	0.00371	0.00122	0.00452	0.00352	0.00199	0.00426
58	0.01108	0.00966	0.01303	0.05379	0.47613	0.09943	0.02029	0.16955	0.01043	0.08943	0.00782	0.00912	0.00604	0.00367	0.00362	0.00109	0.00448	0.00323	0.00242	0.00568
59	0.00534	0.00356	0.00401	0.00401	0.00401	0.00356	0.00223	0.00534	0.00534	0.00712	0.01157	0.02403	0.01335	0.87092	0.01869	0.00356	0.00356	0.00534	0.00223	0.00223
60	0.00982	0.87313	0.01925	0.00628	0.00943	0.01453	0.00628	0.01100	0.00746	0.00864	0.00511	0.00589	0.00471	0.00314	0.00236	0.00079	0.00393	0.00196	0.00157	0.00471
61	0.00904	0.32097	0.27221	0.00794	0.01155	0.02413	0.02445	0.06833	0.02907	0.03202	0.00764	0.00843	0.03526	0.00373	0.00342	0.00098	0.03871	0.00272	0.00198	0.09740
62	0.00805	0.00588	0.00654	0.00589	0.00746	0.00605	0.00469	0.27610	0.02018	0.01505	0.07385	0.12083	0.22283	0.00741	0.00407	0.00124	0.00279	0.11364	0.09320	0.00423
63	0.00434	0.00372	0.00372	0.00372	0.00496	0.00310	0.00279	0.00527	0.00837	0.00992	0.03721	0.03535	0.84652	0.00930	0.00434	0.00124	0.00186	0.00775	0.00341	0.00310
64	0.00856	0.00963	0.02071	0.07384	0.04794	0.00919	0.74993	0.01158	0.00857	0.01161	0.00735	0.00987	0.00553	0.00314	0.00427	0.00123	0.00604	0.00422	0.00184	0.00492
65	0.01027	0.21021	0.20720	0.00937	0.03535	0.25311	0.04591	0.03752	0.09792	0.01082	0.00692	0.00782	0.00552	0.00379	0.00364	0.00104	0.04396	0.00273	0.00197	0.00492
66	0.00937	0.00811	0.03611	0.00766	0.02222	0.00879	0.00606	0.05878	0.69005	0.04489	0.01470	0.03187	0.02516	0.00507	0.00374	0.00123	0.00303	0.00422	0.01325	0.00570
67	0.00460	0.00373	0.00408	0.00399	0.00512	0.00321	0.00299	0.00577	0.00898	0.01136	0.27952	0.03298	0.60331	0.00876	0.00434	0.00121	0.00182	0.00742	0.00360	0.00321
68	0.00889	0.00769	0.00823	0.00744	0.00937	0.00894	0.00578	0.01852	0.77617	0.01488	0.01484	0.05105	0.01157	0.00532	0.00406	0.00127	0.03231	0.00440	0.00365	0.00563
69	0.04901	0.56327	0.15028	0.00735	0.01066	0.11469	0.00747	0.04229	0.00818	0.01005	0.00555	0.00639	0.00473	0.00333	0.00270	0.00089	0.00445	0.00218	0.00172	0.00480
70	0.00766	0.00741	0.05252	0.00843	0.01945	0.00880	0.00704	0.00998	0.10806	0.03747	0.00822	0.01089	0.01795	0.01150	0.22849	0.00262	0.44368	0.00357	0.00208	0.00420
71	0.00525	0.00394	0.00590	0.00590	0.00656	0.00459	0.00459	0.00656	0.00590	0.00853	0.00984	0.01443	0.00918	0.02755	0.85637	0.00590	0.00984	0.00394	0.00197	0.00328
72	0.00655	0.00654	0.11466	0.02735	0.03661	0.00501	0.00537	0.03932	0.05436	0.05833	0.32870	0.03637	0.25264	0.00690	0.00410	0.00119	0.00264	0.00589	0.00340	0.00409
73	0.01026	0.19744	0.05312	0.02699	0.39996	0.13807	0.02163	0.03715	0.00874	0.04527	0.00664	0.00809	0.00547	0.00349	0.00350	0.00102	0.02309	0.00286	0.00193	0.00528

[dist]
# distance from previous block
# <min> <max>
0	1

[block]
# block no. 8 follows, 75 sequences, length 10
# corresponding to MSA columns:
# 325-334
name=unknown_I
#
# <colnr> <probs for GDERKNQSTAVLIFYWHMCP>
#	G	D	E	R	K	N	Q	S	T	A	V	L	I	F	Y	W	H	M	C	P
0	0.00725	0.04170	0.39482	0.00861	0.02460	0.00746	0.02628	0.06279	0.06492	0.01185	0.01250	0.17345	0.06845	0.00595	0.00416	0.00126	0.03474	0.04207	0.00241	0.00471
1	0.84899	0.00774	0.05096	0.00513	0.00758	0.00825	0.00449	0.01084	0.00633	0.01622	0.00519	0.00606	0.00401	0.00341	0.00234	0.00114	0.00298	0.00203	0.00223	0.00406
2	0.00467	0.00370	0.00420	0.00414	0.00518	0.00323	0.00308	0.00590	0.00907	0.01172	0.34465	0.07768	0.49225	0.00874	0.00436	0.00122	0.00183	0.00747	0.00365	0.00323
3	0.01215	0.03427	0.01127	0.03083	0.14423	0.58657	0.00780	0.01384	0.05489	0.00981	0.00633	0.00754	0.00526	0.00391	0.00389	0.00103	0.05716	0.00267	0.00195	0.00458
4	0.00481	0.00372	0.00433	0.00429	0.00525	0.00331	0.00319	0.00604	0.00901	0.01180	0.36965	0.07389	0.40040	0.04796	0.00504	0.00134	0.00195	0.03719	0.00362	0.00322
5	0.00725	0.00700	0.00966	0.00849	0.00865	0.00941	0.00695	0.00809	0.00615	0.00917	0.03845	0.08915	0.07554	0.00767	0.03114	0.00166	0.66537	0.00437	0.00201	0.00381
6	0.00888	0.00838	0.01380	0.02025	0.72507	0.00853	0.01040	0.01174	0.08275	0.01210	0.00779	0.00981	0.00649	0.00481	0.05221	0.00138	0.00454	0.00339	0.00200	0.00567
7	0.07476	0.04016	0.13291	0.04269	0.10149	0.05050	0.22627	0.07055	0.11251	0.01283	0.01850	0.04716	0.00726	0.01624	0.00417	0.00122	0.02973	0.00378	0.00228	0.00499
8	0.01278	0.00946	0.03227	0.00854	0.02619	0.01008	0.02433	0.53861	0.10022	0.11117	0.03625	0.01027	0.00783	0.00462	0.00415	0.00115	0.04904	0.00354	0.00355	0.00594
9	0.17317	0.01049	0.06062	0.04122	0.14111	0.13860	0.21054	0.06030	0.09036	0.01322	0.02162	0.00903	0.00620	0.00366	0.00352	0.00114	0.00475	0.00327	0.00223	0.00493

[dist]
# distance from previous block
# <min> <max>
0	1

[block]
# block no. 9 follows, 75 sequences, length 7
# corresponding to MSA columns:
# 336-342
name=unknown_J
#
# <colnr> <probs for GDERKNQSTAVLIFYWHMCP>
#	G	D	E	R	K	N	Q	S	T	A	V	L	I	F	Y	W	H	M	C	P
0	0.00528	0.00402	0.00487	0.00447	0.00559	0.00355	0.00331	0.00669	0.00926	0.01280	0.52049	0.02674	0.19864	0.08033	0.00538	0.00131	0.00202	0.00630	0.00356	0.09540
