[name]
unknown

[dist]
# distance from previous block
# <min> <max>
0	61

[block]
# block no. 0 follows, 68 sequences, length 18
# corresponding to MSA columns:
# 61-78
name=unknown_A
#
# <colnr> <probs for GDERKNQSTAVLIFYWHMCP>
#	G	D	E	R	K	N	Q	S	T	A	V	L	I	F	Y	W	H	M	C	P
0	0.00639	0.00456	0.00639	0.00730	0.00821	0.00456	0.00639	0.00821	0.00913	0.01187	0.02099	0.04472	0.02282	0.01095	0.00548	0.00183	0.00365	0.80924	0.00365	0.00365
1	0.00561	0.00405	0.00530	0.00499	0.00592	0.00374	0.00374	0.00748	0.01122	0.01590	0.83383	0.02962	0.03741	0.00811	0.00468	0.00125	0.00187	0.00717	0.00436	0.00374
2	0.00483	0.00345	0.00460	0.00552	0.00575	0.00322	0.00368	0.00552	0.00759	0.01012	0.02185	0.85807	0.02622	0.01242	0.00506	0.00161	0.00230	0.01127	0.00368	0.00322
3	0.01641	0.00707	0.04293	0.00710	0.01008	0.00578	0.00603	0.01804	0.01103	0.74147	0.03562	0.05773	0.01115	0.00533	0.00405	0.00125	0.00338	0.00440	0.00470	0.00645
4	0.01063	0.81306	0.04688	0.00702	0.01046	0.03795	0.00706	0.01200	0.00815	0.00944	0.00558	0.00645	0.00509	0.00342	0.00261	0.00087	0.00437	0.00216	0.00170	0.00510
5	0.00483	0.00345	0.00460	0.00552	0.00575	0.00322	0.00368	0.00552	0.00759	0.01012	0.02185	0.85807	0.02622	0.01242	0.00506	0.00161	0.00230	0.01127	0.00368	0.00322
6	0.88866	0.00767	0.00583	0.00521	0.00767	0.00889	0.00429	0.01166	0.00675	0.01779	0.00552	0.00644	0.00429	0.00368	0.00245	0.00123	0.00307	0.00215	0.00245	0.00429
7	0.01062	0.00984	0.04623	0.20237	0.38405	0.03428	0.01056	0.19560	0.01102	0.03012	0.00818	0.02461	0.00649	0.00411	0.00395	0.00122	0.00481	0.00363	0.00245	0.00586
8	0.00788	0.00731	0.01211	0.77837	0.06895	0.00896	0.01095	0.03884	0.00836	0.01080	0.00716	0.01049	0.00539	0.00397	0.00396	0.00131	0.00522	0.00353	0.00185	0.00458
9	0.00474	0.00382	0.00422	0.00453	0.00549	0.00330	0.00324	0.00563	0.00854	0.01051	0.03392	0.31775	0.55875	0.01085	0.00481	0.00143	0.00211	0.00936	0.00368	0.00330
10	0.01269	0.01490	0.01148	0.21623	0.04005	0.53898	0.00855	0.05662	0.04335	0.01098	0.00697	0.00849	0.00555	0.00413	0.00372	0.00112	0.00632	0.00295	0.00215	0.00478
11	0.23787	0.10241	0.01096	0.00806	0.01074	0.20608	0.03500	0.14429	0.08837	0.10796	0.00853	0.00882	0.00638	0.00420	0.00337	0.00115	0.00453	0.00298	0.00293	0.00534
12	0.01779	0.00675	0.00920	0.00705	0.01012	0.00583	0.00583	0.01932	0.01135	0.83867	0.01564	0.01350	0.00981	0.00491	0.00399	0.00123	0.00337	0.00399	0.00491	0.00675
13	0.00533	0.00385	0.00498	0.00510	0.00578	0.00356	0.00364	0.00670	0.00973	0.01348	0.50505	0.29860	0.06462	0.04454	0.00544	0.00148	0.00210	0.00849	0.00403	0.00350
14	0.09812	0.01274	0.01096	0.00905	0.01173	0.28598	0.02947	0.32614	0.06460	0.09984	0.00900	0.00920	0.00659	0.00445	0.00372	0.00116	0.00505	0.00323	0.00323	0.00573
15	0.14432	0.09423	0.05787	0.01013	0.01323	0.15385	0.05430	0.33842	0.04045	0.01926	0.00971	0.01107	0.00770	0.00583	0.01884	0.00157	0.00551	0.00370	0.00350	0.00653
16	0.01256	0.00675	0.00822	0.00723	0.00913	0.02357	0.00545	0.01358	0.01177	0.35487	0.32798	0.11444	0.05033	0.02616	0.00548	0.00166	0.00335	0.00670	0.00495	0.00585
17	0.03453	0.03503	0.13475	0.00863	0.01103	0.03556	0.00738	0.15415	0.12246	0.01599	0.01903	0.25028	0.12289	0.00865	0.00503	0.00168	0.00418	0.01908	0.00390	0.00577

[dist]
# distance from previous block
# <min> <max>
1	7

[block]
# block no. 1 follows, 68 sequences, length 40
# corresponding to MSA columns:
# 86-125
name=unknown_B
#
# <colnr> <probs for GDERKNQSTAVLIFYWHMCP>
#	G	D	E	R	K	N	Q	S	T	A	V	L	I	F	Y	W	H	M	C	P
0	0.17172	0.33869	0.02787	0.00600	0.00844	0.00960	0.00539	0.01096	0.00909	0.07873	0.26513	0.01476	0.02925	0.00515	0.00337	0.00109	0.00321	0.00397	0.00296	0.00464
1	0.00966	0.27286	0.03133	0.00716	0.00942	0.03117	0.00621	0.19971	0.01009	0.01316	0.03027	0.01234	0.02840	0.05486	0.26343	0.00281	0.00621	0.00361	0.00252	0.00479
2	0.00994	0.19090	0.25624	0.00962	0.02955	0.00980	0.10300	0.04838	0.07948	0.10151	0.11303	0.01207	0.01046	0.00448	0.00379	0.00118	0.00453	0.00378	0.00271	0.00555
3	0.01102	0.30311	0.07883	0.00800	0.01105	0.02992	0.02493	0.11924	0.23638	0.07131	0.05993	0.01126	0.00953	0.00455	0.00353	0.00113	0.00399	0.00352	0.00303	0.00572
4	0.06232	0.03063	0.20347	0.00819	0.01137	0.03035	0.00785	0.09119	0.21697	0.17068	0.09034	0.01340	0.01120	0.02924	0.00434	0.00132	0.00396	0.00399	0.00343	0.00577
5	0.00513	0.00396	0.00468	0.00466	0.00567	0.00351	0.00343	0.00649	0.00986	0.01303	0.40361	0.14006	0.36270	0.00946	0.00473	0.00133	0.00198	0.00819	0.00400	0.00351
6	0.01073	0.45945	0.11980	0.00975	0.01345	0.08003	0.17506	0.04694	0.00915	0.03235	0.00670	0.00788	0.00546	0.00358	0.00331	0.00104	0.00516	0.00289	0.00196	0.00531
7	0.08609	0.00845	0.00978	0.00802	0.01042	0.07489	0.07982	0.14999	0.11725	0.19151	0.12097	0.06840	0.04557	0.00573	0.00408	0.00126	0.00377	0.00483	0.00374	0.00543
8	0.00603	0.00434	0.00596	0.00683	0.00764	0.00427	0.00575	0.00761	0.00885	0.01150	0.02202	0.19133	0.06033	0.01118	0.00537	0.00176	0.00333	0.62869	0.00366	0.00356
9	0.00483	0.00357	0.00452	0.00524	0.00569	0.00326	0.00357	0.00562	0.00797	0.01042	0.05275	0.68690	0.16745	0.01186	0.00498	0.00155	0.00223	0.01063	0.00370	0.00326
10	0.01014	0.01004	0.01577	0.02341	0.78167	0.06444	0.01187	0.01241	0.00917	0.01274	0.00737	0.00964	0.00620	0.00357	0.00390	0.00117	0.00487	0.00347	0.00197	0.00617
11	0.07170	0.17740	0.39486	0.00921	0.01346	0.06278	0.01022	0.06153	0.04714	0.09390	0.00820	0.00909	0.00610	0.00404	0.00350	0.00117	0.00495	0.01276	0.00234	0.00566
12	0.00477	0.00401	0.00414	0.00413	0.00541	0.00338	0.00309	0.00585	0.00920	0.01116	0.11077	0.05324	0.74744	0.00991	0.00469	0.00134	0.00200	0.00832	0.00374	0.00338
13	0.00968	0.00612	0.00677	0.00579	0.00748	0.00636	0.00457	0.24320	0.02396	0.05586	0.21095	0.01680	0.01579	0.00553	0.00365	0.00110	0.00266	0.00453	0.36446	0.00476
14	0.03062	0.01161	0.00985	0.02821	0.01134	0.25899	0.00694	0.13087	0.36706	0.01521	0.01218	0.01394	0.00981	0.00529	0.00397	0.00126	0.00460	0.06942	0.00331	0.00554
15	0.01779	0.00675	0.00920	0.00705	0.01012	0.00583	0.00583	0.01932	0.01135	0.83867	0.01564	0.01350	0.00981	0.00491	0.00399	0.00123	0.00337	0.00399	0.00491	0.00675
16	0.00483	0.00345	0.00460	0.00552	0.00575	0.00322	0.00368	0.00552	0.00759	0.01012	0.02185	0.85807	0.02622	0.01242	0.00506	0.00161	0.00230	0.01127	0.00368	0.00322
17	0.00489	0.00353	0.00464	0.00550	0.00583	0.00329	0.00375	0.00565	0.00775	0.01023	0.02298	0.77117	0.07730	0.01221	0.00505	0.00160	0.00234	0.04535	0.00368	0.00325
18	0.00838	0.01918	0.74504	0.01215	0.07096	0.00914	0.03121	0.01273	0.00852	0.03606	0.00740	0.00866	0.00526	0.00377	0.00380	0.00125	0.00573	0.00304	0.00179	0.00590
19	0.01503	0.01141	0.01140	0.00905	0.01183	0.13329	0.00736	0.52626	0.01560	0.14794	0.00969	0.00973	0.00688	0.00483	0.00451	0.00121	0.06054	0.00348	0.00368	0.00627
20	0.01060	0.86304	0.02078	0.00678	0.01018	0.01569	0.00678	0.01187	0.00806	0.00933	0.00551	0.00636	0.00509	0.00339	0.00254	0.00085	0.00424	0.00212	0.00170	0.00509
21	0.00557	0.00405	0.00525	0.00495	0.00590	0.00372	0.00371	0.00741	0.01113	0.01568	0.79997	0.02998	0.07141	0.00819	0.00468	0.00125	0.00188	0.00722	0.00434	0.00372
22	0.07200	0.05410	0.01132	0.00974	0.01181	0.72912	0.00743	0.01520	0.01065	0.01022	0.00603	0.00712	0.00506	0.00411	0.00374	0.00105	0.03213	0.00254	0.00205	0.00459
23	0.00501	0.00398	0.00441	0.00439	0.00546	0.00347	0.00320	0.00615	0.00928	0.01180	0.24155	0.08914	0.52035	0.06722	0.00576	0.00150	0.00212	0.00807	0.00377	0.00338
24	0.01056	0.00898	0.01551	0.06418	0.59471	0.00889	0.08916	0.01291	0.00929	0.11501	0.00880	0.01116	0.00701	0.00387	0.00404	0.00122	0.00474	0.02150	0.00236	0.00609
25	0.00524	0.00408	0.00606	0.00640	0.00688	0.00394	0.05770	0.00611	0.00766	0.01027	0.02044	0.77679	0.02426	0.01166	0.00527	0.00160	0.02811	0.01060	0.00351	0.00339
26	0.00561	0.00405	0.00530	0.00499	0.00592	0.00374	0.00374	0.00748	0.01122	0.01590	0.83383	0.02962	0.03741	0.00811	0.00468	0.00125	0.00187	0.00717	0.00436	0.00374
27	0.01294	0.00740	0.00873	0.00709	0.00943	0.00743	0.00566	0.29912	0.01299	0.29254	0.07433	0.06814	0.07249	0.08115	0.00560	0.00149	0.00350	0.02024	0.00413	0.00563
28	0.04924	0.00976	0.01507	0.11196	0.48713	0.05031	0.09173	0.08701	0.01881	0.02975	0.00776	0.00980	0.00617	0.00375	0.00393	0.00121	0.00494	0.00356	0.00223	0.00586
29	0.00496	0.00355	0.00474	0.00558	0.00589	0.00332	0.00383	0.00578	0.00789	0.01057	0.07108	0.76433	0.02672	0.01208	0.00506	0.00160	0.00235	0.05367	0.00372	0.00328
30	0.00770	0.00726	0.01228	0.77549	0.10128	0.00886	0.01112	0.01032	0.00803	0.01039	0.00708	0.01050	0.00538	0.00392	0.00396	0.00131	0.00523	0.00352	0.00178	0.00458
31	0.09008	0.17499	0.10288	0.01069	0.10615	0.26100	0.02809	0.07233	0.07794	0.02967	0.00753	0.00839	0.00597	0.00397	0.00344	0.00110	0.00520	0.00290	0.00233	0.00535
32	0.01353	0.06620	0.01285	0.02833	0.15200	0.55675	0.01927	0.08324	0.01121	0.01158	0.00665	0.00787	0.00546	0.00400	0.00363	0.00106	0.00629	0.00283	0.00217	0.00510
33	0.00475	0.00392	0.00417	0.00432	0.00545	0.00334	0.00316	0.00574	0.00889	0.01085	0.07369	0.17691	0.66039	0.01036	0.00475	0.00138	0.00205	0.00881	0.00371	0.00334
34	0.00904	0.00871	0.01447	0.32718	0.52592	0.02298	0.01167	0.01148	0.00866	0.01186	0.00729	0.01005	0.00590	0.00370	0.00393	0.00123	0.00496	0.00351	0.00189	0.00556
35	0.03139	0.03374	0.02534	0.01266	0.21026	0.11948	0.05794	0.16115	0.06181	0.19442	0.02621	0.01103	0.01594	0.00443	0.00403	0.00119	0.01614	0.00368	0.00316	0.00600
36	0.01011	0.00928	0.01484	0.04295	0.53182	0.00954	0.07657	0.07031	0.13528	0.02660	0.02734	0.01114	0.00789	0.00402	0.00402	0.00122	0.00454	0.00386	0.00251	0.00613
37	0.00494	0.00376	0.00447	0.00484	0.00561	0.00336	0.00342	0.00595	0.00870	0.01131	0.15267	0.40989	0.32866	0.01073	0.00482	0.00144	0.00212	0.00942	0.02052	0.00336
38	0.00942	0.14771	0.12961	0.00867	0.06378	0.11770	0.00726	0.02487	0.00912	0.09380	0.03235	0.24880	0.03078	0.00693	0.00408	0.00128	0.00412	0.05210	0.00289	0.00473
39	0.04178	0.13968	0.15575	0.00838	0.03416	0.04593	0.02198	0.12872	0.05960	0.14054	0.06369	0.05043	0.08214	0.00532	0.00382	0.00120	0.00406	0.00426	0.00313	0.00545

[dist]
# distance from previous block
# <min> <max>
1	10

[block]
# block no. 2 follows, 68 sequences, length 25
# corresponding to MSA columns:
# 136-160
name=unknown_C
#
# <colnr> <probs for GDERKNQSTAVLIFYWHMCP>
#	G	D	E	R	K	N	Q	S	T	A	V	L	I	F	Y	W	H	M	C	P
0	0.05634	0.02096	0.01010	0.00832	0.03040	0.12246	0.00647	0.27911	0.15110	0.02863	0.00969	0.03161	0.00761	0.00443	0.00361	0.00106	0.00406	0.00341	0.00318	0.21746
1	0.17304	0.01139	0.01141	0.02433	0.01220	0.23733	0.12373	0.13817	0.02040	0.11391	0.03057	0.02420	0.00726	0.00431	0.00367	0.00116	0.00493	0.00342	0.00288	0.05170
2	0.05200	0.00672	0.00968	0.00781	0.01021	0.00640	0.09828	0.02562	0.04067	0.39812	0.08105	0.04413	0.09068	0.00619	0.00468	0.00133	0.04267	0.06431	0.00399	0.00545
3	0.01227	0.01430	0.01684	0.01340	0.03885	0.37682	0.36970	0.08565	0.01099	0.01248	0.00731	0.00901	0.00569	0.00380	0.00411	0.00118	0.00663	0.00362	0.00219	0.00517
4	0.00936	0.00857	0.01252	0.14594	0.38332	0.00934	0.00959	0.01501	0.31165	0.01394	0.03290	0.01230	0.00912	0.00440	0.00399	0.00126	0.00414	0.00398	0.00276	0.00592
5	0.00928	0.00887	0.01512	0.21551	0.64896	0.00928	0.01190	0.01170	0.00877	0.01230	0.00736	0.00999	0.00605	0.00363	0.00393	0.00121	0.00484	0.00353	0.00192	0.00585
6	0.01002	0.00992	0.01570	0.08243	0.68190	0.06141	0.04271	0.02543	0.00926	0.01273	0.00740	0.00973	0.00613	0.00361	0.00394	0.00118	0.00497	0.00352	0.00199	0.00601
7	0.00662	0.00506	0.00747	0.00978	0.19734	0.00482	0.00569	0.00784	0.00845	0.04941	0.07495	0.50652	0.08132	0.00956	0.00470	0.00145	0.00285	0.00866	0.00339	0.00413
8	0.00485	0.00388	0.00434	0.00454	0.00553	0.00337	0.00328	0.00589	0.00896	0.01126	0.14333	0.24876	0.51727	0.01039	0.00478	0.00140	0.00207	0.00896	0.00377	0.00337
9	0.00931	0.01055	0.02261	0.01627	0.02000	0.01017	0.76472	0.01248	0.00913	0.01248	0.00782	0.01055	0.00596	0.00359	0.00526	0.00136	0.06585	0.00459	0.00199	0.00528
10	0.00975	0.00979	0.04349	0.02390	0.80870	0.00941	0.01225	0.01218	0.00901	0.01294	0.00745	0.00977	0.00624	0.00354	0.00392	0.00118	0.00475	0.00351	0.00195	0.00627
11	0.01011	0.00660	0.00752	0.00657	0.00866	0.00677	0.00516	0.03293	0.33788	0.20445	0.12673	0.02142	0.19503	0.00663	0.00425	0.00130	0.00281	0.00555	0.00420	0.00542
12	0.00540	0.00401	0.00503	0.00485	0.00581	0.00364	0.00361	0.00704	0.01061	0.01463	0.64363	0.08262	0.17702	0.00871	0.00470	0.00129	0.00192	0.00764	0.00420	0.00364
13	0.00575	0.00390	0.00462	0.00462	0.00473	0.00401	0.00278	0.00596	0.00585	0.00791	0.01222	0.02443	0.01376	0.73935	0.14059	0.00421	0.00483	0.00554	0.00236	0.00257
14	0.01037	0.78954	0.09226	0.00718	0.01079	0.01512	0.00747	0.01193	0.00808	0.00961	0.00565	0.00654	0.00508	0.00342	0.00265	0.00088	0.00438	0.00219	0.00169	0.00516
15	0.00795	0.02051	0.84011	0.01130	0.01716	0.00921	0.01465	0.01256	0.00837	0.01256	0.00712	0.00837	0.00502	0.00377	0.00377	0.00126	0.00586	0.00293	0.00167	0.00586
16	0.00483	0.00345	0.00460	0.00552	0.00575	0.00322	0.00368	0.00552	0.00759	0.01012	0.02185	0.85807	0.02622	0.01242	0.00506	0.00161	0.00230	0.01127	0.00368	0.00322
17	0.00708	0.00376	0.00397	0.00392	0.00485	0.00370	0.00294	0.00893	0.00882	0.01498	0.15566	0.01736	0.01490	0.00523	0.00310	0.00098	0.00185	0.00430	0.72996	0.00370
18	0.08747	0.07689	0.03882	0.02117	0.08261	0.24086	0.00736	0.05798	0.01057	0.30008	0.00965	0.00972	0.00687	0.00434	0.00387	0.00115	0.02863	0.00318	0.00312	0.00565
19	0.00483	0.00345	0.00460	0.00552	0.00575	0.00322	0.00368	0.00552	0.00759	0.01012	0.02185	0.85807	0.02622	0.01242	0.00506	0.00161	0.00230	0.01127	0.00368	0.00322
20	0.00558	0.00405	0.00526	0.00495	0.00590	0.00373	0.00372	0.00742	0.01115	0.01572	0.80646	0.02991	0.06490	0.00817	0.00468	0.00125	0.00188	0.00721	0.00434	0.00373
21	0.04771	0.79856	0.01975	0.00676	0.01007	0.01521	0.00666	0.01217	0.03519	0.00993	0.00586	0.00664	0.00529	0.00347	0.00259	0.00088	0.00415	0.00220	0.00181	0.00509
22	0.09390	0.00624	0.00651	0.00571	0.00741	0.00673	0.00448	0.17651	0.10021	0.03905	0.06649	0.01427	0.01106	0.03504	0.03188	0.00136	0.00302	0.00394	0.38150	0.00469
23	0.04601	0.05736	0.22503	0.01357	0.17729	0.08345	0.10488	0.01207	0.02090	0.01180	0.00689	0.00899	0.00565	0.00505	0.02820	0.00144	0.18089	0.00332	0.00190	0.00530
24	0.03979	0.05952	0.20896	0.00866	0.01196	0.02714	0.03801	0.11734	0.20054	0.12167	0.11434	0.01321	0.01158	0.00493	0.00391	0.00124	0.00409	0.00402	0.00331	0.00577

[dist]
# distance from previous block
# <min> <max>
2	27

[block]
# block no. 3 follows, 68 sequences, length 218
# corresponding to MSA columns:
# 188-405
name=unknown_D
#
# <colnr> <probs for GDERKNQSTAVLIFYWHMCP>
#	G	D	E	R	K	N	Q	S	T	A	V	L	I	F	Y	W	H	M	C	P
0	0.00616	0.00452	0.00590	0.00636	0.06108	0.00465	0.00399	0.00721	0.03325	0.00970	0.10132	0.02226	0.03795	0.43537	0.20427	0.02697	0.00514	0.00534	0.00259	0.01596
1	0.00887	0.00875	0.01535	0.09743	0.41374	0.01886	0.19156	0.01156	0.03238	0.01272	0.06798	0.04700	0.03500	0.00447	0.00421	0.00125	0.00478	0.00451	0.00231	0.01727
2	0.00808	0.00685	0.00844	0.00726	0.07215	0.00551	0.00519	0.02899	0.00880	0.01338	0.09160	0.05157	0.01010	0.00401	0.00332	0.00076	0.00297	0.00339	0.00263	0.66502
3	0.01050	0.00951	0.01471	0.04520	0.60517	0.02335	0.02404	0.12031	0.04292	0.02752	0.00887	0.02293	0.01884	0.00404	0.00397	0.00120	0.00460	0.00377	0.00240	0.00616
4	0.03101	0.02431	0.01575	0.02274	0.75327	0.02319	0.02249	0.01243	0.00907	0.03705	0.00760	0.00975	0.00629	0.00358	0.00387	0.00117	0.00469	0.00349	0.00206	0.00619
5	0.13661	0.01030	0.10795	0.19016	0.30234	0.06437	0.01005	0.01281	0.02171	0.09561	0.00792	0.00959	0.00601	0.00388	0.00369	0.00122	0.00473	0.00326	0.00229	0.00549
6	0.01053	0.01100	0.06890	0.03993	0.38451	0.05738	0.18981	0.10682	0.05528	0.02462	0.00829	0.01007	0.00647	0.00381	0.00407	0.00122	0.00523	0.00375	0.00234	0.00596
7	0.01270	0.00993	0.01196	0.03541	0.01279	0.01092	0.08829	0.46101	0.23368	0.03754	0.01129	0.01132	0.00823	0.00476	0.00402	0.00124	0.00420	0.00394	0.03047	0.00631
8	0.01328	0.01634	0.01146	0.01026	0.01180	0.63676	0.00791	0.01426	0.00995	0.00966	0.00590	0.00753	0.00513	0.00480	0.00593	0.00120	0.21855	0.00278	0.00197	0.00453
9	0.00545	0.00405	0.00507	0.00482	0.00582	0.00367	0.00361	0.00717	0.01084	0.01499	0.69433	0.03112	0.17748	0.00845	0.00468	0.00126	0.00189	0.00738	0.00424	0.00367
10	0.00475	0.00402	0.00410	0.00408	0.00539	0.00337	0.00306	0.00580	0.00918	0.01104	0.09098	0.03761	0.78329	0.00992	0.00469	0.00133	0.00200	0.00829	0.00373	0.00337
11	0.00639	0.00456	0.00639	0.00730	0.00821	0.00456	0.00639	0.00821	0.00913	0.01187	0.02099	0.04472	0.02282	0.01095	0.00548	0.00183	0.00365	0.80924	0.00365	0.00365
12	0.00576	0.00388	0.00449	0.00460	0.00468	0.00387	0.00276	0.00593	0.00610	0.00812	0.01359	0.06902	0.01563	0.75560	0.01834	0.00358	0.00375	0.06519	0.00256	0.00254
13	0.00561	0.00405	0.00530	0.00499	0.00592	0.00374	0.00374	0.00748	0.01122	0.01590	0.83383	0.02962	0.03741	0.00811	0.00468	0.00125	0.00187	0.00717	0.00436	0.00374
14	0.88866	0.00767	0.00583	0.00521	0.00767	0.00889	0.00429	0.01166	0.00675	0.01779	0.00552	0.00644	0.00429	0.00368	0.00245	0.00123	0.00307	0.00215	0.00245	0.00429
15	0.00506	0.00368	0.00480	0.00564	0.00596	0.00352	0.00380	0.00623	0.04523	0.01042	0.02159	0.81941	0.02558	0.01210	0.00501	0.00160	0.00234	0.01096	0.00370	0.00336
16	0.00936	0.01070	0.02340	0.01671	0.02072	0.01003	0.82152	0.01270	0.00936	0.01270	0.00802	0.01070	0.00602	0.00334	0.00468	0.00134	0.00668	0.00468	0.00201	0.00535
17	0.88866	0.00767	0.00583	0.00521	0.00767	0.00889	0.00429	0.01166	0.00675	0.01779	0.00552	0.00644	0.00429	0.00368	0.00245	0.00123	0.00307	0.00215	0.00245	0.00429
18	0.01674	0.00843	0.01025	0.00785	0.01096	0.00833	0.00649	0.33024	0.01417	0.52376	0.01327	0.01196	0.00863	0.00485	0.00398	0.00121	0.00376	0.00383	0.00454	0.00675
19	0.88866	0.00767	0.00583	0.00521	0.00767	0.00889	0.00429	0.01166	0.00675	0.01779	0.00552	0.00644	0.00429	0.00368	0.00245	0.00123	0.00307	0.00215	0.00245	0.00429
20	0.00981	0.00942	0.01609	0.02434	0.83592	0.00942	0.01217	0.01217	0.00903	0.01295	0.00746	0.00981	0.00628	0.00353	0.00393	0.00118	0.00471	0.00353	0.00196	0.00628
21	0.00986	0.00852	0.00897	0.00807	0.01031	0.00986	0.00628	0.02107	0.82876	0.01659	0.01614	0.01479	0.01210	0.00538	0.00403	0.00134	0.00314	0.00448	0.00403	0.00628
22	0.00986	0.00852	0.00897	0.00807	0.01031	0.00986	0.00628	0.02107	0.82876	0.01659	0.01614	0.01479	0.01210	0.00538	0.00403	0.00134	0.00314	0.00448	0.00403	0.00628
23	0.01388	0.01051	0.01123	0.00888	0.01184	0.01174	0.00725	0.63930	0.20399	0.02307	0.01103	0.01073	0.00797	0.00490	0.00398	0.00123	0.00408	0.00378	0.00398	0.00664
24	0.00739	0.00370	0.00370	0.00370	0.00462	0.00370	0.00277	0.00924	0.00831	0.01478	0.01293	0.01478	0.01016	0.00462	0.00277	0.00092	0.00185	0.00370	0.88267	0.00370
25	0.00986	0.00852	0.00897	0.00807	0.01031	0.00986	0.00628	0.02107	0.82876	0.01659	0.01614	0.01479	0.01210	0.00538	0.00403	0.00134	0.00314	0.00448	0.00403	0.00628
26	0.00981	0.00942	0.01609	0.02434	0.83592	0.00942	0.01217	0.01217	0.00903	0.01295	0.00746	0.00981	0.00628	0.00353	0.00393	0.00118	0.00471	0.00353	0.00196	0.00628
27	0.00484	0.00346	0.00461	0.00551	0.00575	0.00323	0.00368	0.00556	0.00766	0.01023	0.03659	0.84303	0.02643	0.01234	0.00505	0.00160	0.00229	0.01120	0.00369	0.00323
28	0.01779	0.00675	0.00920	0.00705	0.01012	0.00583	0.00583	0.01932	0.01135	0.83867	0.01564	0.01350	0.00981	0.00491	0.00399	0.00123	0.00337	0.00399	0.00491	0.00675
29	0.00561	0.00405	0.00530	0.00499	0.00592	0.00374	0.00374	0.00748	0.01122	0.01590	0.83383	0.02962	0.03741	0.00811	0.00468	0.00125	0.00187	0.00717	0.00436	0.00374
30	0.00573	0.00420	0.00631	0.00631	0.00698	0.00487	0.00487	0.00698	0.00631	0.00908	0.01042	0.01539	0.00975	0.02888	0.80030	0.05364	0.01023	0.00420	0.00210	0.00344
31	0.00567	0.00424	0.00632	0.00632	0.00701	0.00493	0.00489	0.00705	0.00636	0.00916	0.01067	0.01585	0.01003	0.05163	0.82321	0.00631	0.01044	0.00429	0.00213	0.00351
32	0.01150	0.01023	0.01736	0.01603	0.23376	0.01030	0.32660	0.23698	0.01190	0.05984	0.00865	0.01025	0.00648	0.00392	0.00437	0.00125	0.01784	0.00401	0.00269	0.00604
33	0.00910	0.00858	0.01440	0.33322	0.50874	0.00928	0.01160	0.03566	0.00890	0.01226	0.00737	0.01009	0.00592	0.00373	0.00394	0.00123	0.00492	0.00353	0.00195	0.00559
34	0.00756	0.00712	0.01202	0.82639	0.05150	0.00883	0.01105	0.01019	0.00796	0.01021	0.00706	0.01055	0.00532	0.00395	0.00396	0.00132	0.00527	0.00352	0.00177	0.00446
35	0.81628	0.00801	0.00657	0.00650	0.05898	0.02618	0.00485	0.01177	0.00698	0.01732	0.00565	0.00666	0.00443	0.00368	0.00257	0.00122	0.00325	0.00224	0.00241	0.00442
36	0.00574	0.00389	0.00456	0.00457	0.00466	0.00396	0.00271	0.00591	0.00586	0.00789	0.01239	0.03464	0.01404	0.75486	0.11502	0.00411	0.00461	0.00566	0.00239	0.00254
37	0.00981	0.00941	0.01600	0.02411	0.82452	0.00943	0.01209	0.01229	0.02035	0.01300	0.00758	0.00988	0.00636	0.00356	0.00393	0.00118	0.00469	0.00355	0.00199	0.00628
38	0.00607	0.00455	0.00568	0.00531	0.00640	0.00442	0.00401	0.00896	0.10240	0.01587	0.72703	0.02813	0.05021	0.00784	0.00460	0.00126	0.00201	0.00689	0.00431	0.00402
39	0.88866	0.00767	0.00583	0.00521	0.00767	0.00889	0.00429	0.01166	0.00675	0.01779	0.00552	0.00644	0.00429	0.00368	0.00245	0.00123	0.00307	0.00215	0.00245	0.00429
40	0.00501	0.00358	0.00480	0.00572	0.00603	0.00337	0.00399	0.00583	0.00777	0.01032	0.02176	0.76555	0.02584	0.01225	0.00511	0.00163	0.00245	0.10205	0.00368	0.00327
41	0.00561	0.00405	0.00530	0.00499	0.00592	0.00374	0.00374	0.00748	0.01122	0.01590	0.83383	0.02962	0.03741	0.00811	0.00468	0.00125	0.00187	0.00717	0.00436	0.00374
42	0.00739	0.00370	0.00370	0.00370	0.00462	0.00370	0.00277	0.00924	0.00831	0.01478	0.01293	0.01478	0.01016	0.00462	0.00277	0.00092	0.00185	0.00370	0.88267	0.00370
43	0.05572	0.00679	0.00905	0.00697	0.01001	0.00596	0.00576	0.01899	0.01115	0.80292	0.01520	0.01319	0.00957	0.00485	0.00392	0.00123	0.00336	0.00391	0.00480	0.00664
44	0.01060	0.86304	0.02078	0.00678	0.01018	0.01569	0.00678	0.01187	0.00806	0.00933	0.00551	0.00636	0.00509	0.00339	0.00254	0.00085	0.00424	0.00212	0.00170	0.00509
45	0.00986	0.00852	0.00897	0.00807	0.01031	0.00986	0.00628	0.02107	0.82876	0.01659	0.01614	0.01479	0.01210	0.00538	0.00403	0.00134	0.00314	0.00448	0.00403	0.00628
46	0.00577	0.00384	0.00432	0.00432	0.00432	0.00384	0.00240	0.00577	0.00577	0.00769	0.01249	0.02595	0.01441	0.86066	0.02018	0.00384	0.00384	0.00577	0.00240	0.00240
47	0.00749	0.00705	0.01189	0.85113	0.02731	0.00881	0.01101	0.01013	0.00793	0.01013	0.00705	0.01057	0.00529	0.00396	0.00396	0.00132	0.00529	0.00352	0.00176	0.00440
48	0.01779	0.00675	0.00920	0.00705	0.01012	0.00583	0.00583	0.01932	0.01135	0.83867	0.01564	0.01350	0.00981	0.00491	0.00399	0.00123	0.00337	0.00399	0.00491	0.00675
49	0.88866	0.00767	0.00583	0.00521	0.00767	0.00889	0.00429	0.01166	0.00675	0.01779	0.00552	0.00644	0.00429	0.00368	0.00245	0.00123	0.00307	0.00215	0.00245	0.00429
50	0.01779	0.00675	0.00920	0.00705	0.01012	0.00583	0.00583	0.01932	0.01135	0.83867	0.01564	0.01350	0.00981	0.00491	0.00399	0.00123	0.00337	0.00399	0.00491	0.00675
51	0.00577	0.00384	0.00432	0.00432	0.00432	0.00384	0.00240	0.00577	0.00577	0.00769	0.01249	0.02595	0.01441	0.86066	0.02018	0.00384	0.00384	0.00577	0.00240	0.00240
52	0.01060	0.86304	0.02078	0.00678	0.01018	0.01569	0.00678	0.01187	0.00806	0.00933	0.00551	0.00636	0.00509	0.00339	0.00254	0.00085	0.00424	0.00212	0.00170	0.00509
53	0.00936	0.01070	0.02340	0.01671	0.02072	0.01003	0.82152	0.01270	0.00936	0.01270	0.00802	0.01070	0.00602	0.00334	0.00468	0.00134	0.00668	0.00468	0.00201	0.00535
54	0.00483	0.00345	0.00460	0.00552	0.00575	0.00322	0.00368	0.00552	0.00759	0.01012	0.02185	0.85807	0.02622	0.01242	0.00506	0.00161	0.00230	0.01127	0.00368	0.00322
55	0.00981	0.00942	0.01609	0.02434	0.83592	0.00942	0.01217	0.01217	0.00903	0.01295	0.00746	0.00981	0.00628	0.00353	0.00393	0.00118	0.00471	0.00353	0.00196	0.00628
56	0.00936	0.01070	0.02340	0.01671	0.02072	0.01003	0.82152	0.01270	0.00936	0.01270	0.00802	0.01070	0.00602	0.00334	0.00468	0.00134	0.00668	0.00468	0.00201	0.00535
57	0.01481	0.01890	0.01124	0.01021	0.01226	0.84474	0.00766	0.01583	0.01124	0.00970	0.00613	0.00715	0.00511	0.00409	0.00358	0.00102	0.00715	0.00255	0.00204	0.00460
58	0.01779	0.00675	0.00920	0.00705	0.01012	0.00583	0.00583	0.01932	0.01135	0.83867	0.01564	0.01350	0.00981	0.00491	0.00399	0.00123	0.00337	0.00399	0.00491	0.00675
59	0.00692	0.00574	0.00599	0.00559	0.00728	0.00580	0.00429	0.03555	0.27951	0.02577	0.04060	0.04519	0.49998	0.00829	0.00445	0.00134	0.00248	0.00692	0.00383	0.00447
60	0.00972	0.00933	0.01593	0.05718	0.80381	0.00940	0.01212	0.01209	0.00898	0.01284	0.00744	0.00984	0.00624	0.00355	0.00393	0.00118	0.00473	0.00353	0.00195	0.00621
61	0.01743	0.00732	0.00956	0.00733	0.01041	0.00668	0.00605	0.12544	0.01231	0.73119	0.01483	0.01297	0.00941	0.00489	0.00398	0.00122	0.00350	0.00393	0.00478	0.00675
62	0.05090	0.01078	0.01296	0.25946	0.23623	0.18416	0.03420	0.09113	0.00984	0.01263	0.00706	0.00925	0.00563	0.00410	0.00436	0.00123	0.05547	0.00330	0.00213	0.00519
63	0.00472	0.00402	0.00407	0.00406	0.00538	0.00336	0.00304	0.00576	0.00913	0.01093	0.07320	0.03780	0.80115	0.00996	0.00469	0.00134	0.00200	0.00832	0.00371	0.00336
64	0.00866	0.00703	0.00827	0.00593	0.00943	0.00531	0.00475	0.01041	0.00837	0.05077	0.00744	0.00846	0.00605	0.00303	0.00298	0.00062	0.00296	0.00242	0.00247	0.84464
65	0.00573	0.00399	0.00505	0.00505	0.00531	0.00424	0.00331	0.00623	0.00598	0.00823	0.01182	0.02225	0.01281	0.56432	0.31432	0.00475	0.00626	0.00522	0.00230	0.00281
66	0.00567	0.00421	0.00617	0.00617	0.00681	0.00485	0.00470	0.00695	0.00631	0.00905	0.01081	0.01660	0.01036	0.11181	0.76348	0.00612	0.00995	0.00440	0.00215	0.00343
67	0.88866	0.00767	0.00583	0.00521	0.00767	0.00889	0.00429	0.01166	0.00675	0.01779	0.00552	0.00644	0.00429	0.00368	0.00245	0.00123	0.00307	0.00215	0.00245	0.00429
68	0.01507	0.01129	0.01188	0.00915	0.01229	0.03207	0.00754	0.80354	0.01847	0.02463	0.00944	0.00946	0.00670	0.00474	0.00396	0.00119	0.00443	0.00355	0.00392	0.00669
69	0.00566	0.00425	0.00637	0.00637	0.00708	0.00496	0.00496	0.00708	0.00637	0.00920	0.01062	0.01558	0.00991	0.02974	0.84494	0.00637	0.01062	0.00425	0.00212	0.00354
70	0.00881	0.00737	0.00808	0.00752	0.00925	0.00836	0.00574	0.05039	0.56929	0.01529	0.03740	0.20542	0.01554	0.00705	0.00449	0.00141	0.02317	0.00602	0.00391	0.00550
71	0.00791	0.03151	0.80917	0.01110	0.01679	0.00915	0.01428	0.01238	0.00835	0.01245	0.00744	0.02853	0.00553	0.00397	0.00378	0.00126	0.00575	0.00312	0.00172	0.00579
72	0.01035	0.00869	0.00924	0.00781	0.01042	0.04700	0.01889	0.04324	0.53120	0.06286	0.01338	0.01274	0.01006	0.00472	0.00378	0.00116	0.00339	0.00389	0.00360	0.19360
73	0.01181	0.62274	0.01808	0.00773	0.01077	0.22655	0.00703	0.03714	0.00918	0.00989	0.00579	0.00666	0.00514	0.00361	0.00285	0.00090	0.00498	0.00227	0.00185	0.00501
74	0.00822	0.00705	0.00822	0.00587	0.00940	0.00529	0.00470	0.00998	0.00822	0.01292	0.00705	0.00822	0.00587	0.00294	0.00294	0.00059	0.00294	0.00235	0.00235	0.88490
75	0.00594	0.00412	0.00540	0.00504	0.00604	0.00380	0.00380	0.00780	0.01123	0.03777	0.81209	0.02919	0.03668	0.00802	0.00466	0.00125	0.00191	0.00709	0.00438	0.00382
76	0.00959	0.00910	0.03204	0.06038	0.65263	0.00889	0.04041	0.01211	0.02229	0.03935	0.05497	0.01160	0.02080	0.00398	0.00401	0.00120	0.00456	0.00387	0.00224	0.00598
77	0.00540	0.00404	0.00501	0.00477	0.00579	0.00365	0.00358	0.00707	0.01073	0.01472	0.65333	0.03156	0.21865	0.00855	0.00468	0.00127	0.00190	0.00744	0.00421	0.00365
78	0.01709	0.00713	0.00936	0.00724	0.01025	0.00648	0.00596	0.08216	0.04752	0.72936	0.02492	0.01343	0.01000	0.00495	0.00400	0.00123	0.00342	0.00401	0.00479	0.00669
79	0.03205	0.02835	0.05508	0.06643	0.13439	0.00762	0.06500	0.05490	0.00905	0.20838	0.01073	0.01443	0.00888	0.13321	0.08312	0.00212	0.05016	0.02812	0.00287	0.00512
80	0.00829	0.19431	0.57250	0.00999	0.01482	0.01007	0.03333	0.01185	0.00833	0.01172	0.00849	0.04844	0.02357	0.00437	0.00366	0.00120	0.00525	0.02246	0.00187	0.00546
81	0.88866	0.00767	0.00583	0.00521	0.00767	0.00889	0.00429	0.01166	0.00675	0.01779	0.00552	0.00644	0.00429	0.00368	0.00245	0.00123	0.00307	0.00215	0.00245	0.00429
82	0.00546	0.00405	0.00509	0.00483	0.00583	0.00368	0.00362	0.00719	0.01087	0.01506	0.70565	0.03100	0.16612	0.00842	0.00468	0.00126	0.00189	0.00736	0.00425	0.00368
83	0.01185	0.10255	0.23470	0.01089	0.07319	0.03151	0.11329	0.07198	0.05455	0.22726	0.02356	0.01063	0.00753	0.00419	0.00386	0.00120	0.00478	0.00357	0.00292	0.00599
84	0.00964	0.00978	0.05163	0.05832	0.74648	0.00940	0.01209	0.01231	0.02843	0.01290	0.00763	0.00990	0.00632	0.00361	0.00392	0.00119	0.00475	0.00353	0.00199	0.00618
85	0.00574	0.00383	0.00433	0.00436	0.00437	0.00383	0.00244	0.00576	0.00582	0.00776	0.01277	0.05097	0.01477	0.83515	0.01973	0.00378	0.00380	0.00593	0.00244	0.00243
86	0.00960	0.00920	0.01570	0.10140	0.76056	0.00936	0.01206	0.01198	0.00893	0.01269	0.00742	0.00988	0.00619	0.00357	0.00393	0.00119	0.00476	0.00353	0.00194	0.00611
87	0.00993	0.01059	0.10357	0.03604	0.59260	0.00938	0.09540	0.02529	0.00918	0.04754	0.00782	0.00990	0.00624	0.00367	0.00411	0.00121	0.01575	0.00361	0.00208	0.00611
88	0.00899	0.10360	0.67817	0.01064	0.01600	0.00962	0.02985	0.01300	0.00859	0.07494	0.00762	0.00861	0.00541	0.00381	0.00368	0.00121	0.00553	0.00297	0.00193	0.00584
89	0.03605	0.00914	0.01535	0.05868	0.75463	0.00925	0.01173	0.01196	0.00892	0.01295	0.00774	0.01066	0.00661	0.00375	0.00392	0.00120	0.00466	0.02472	0.00201	0.00607
90	0.00576	0.00386	0.00442	0.00442	0.00445	0.00389	0.00252	0.00583	0.00579	0.00776	0.01241	0.02547	0.01421	0.82257	0.05799	0.00396	0.00415	0.00570	0.00239	0.00245
91	0.00922	0.42468	0.44708	0.00913	0.01381	0.01232	0.01088	0.01223	0.00822	0.01101	0.00635	0.00741	0.00505	0.00359	0.00318	0.00106	0.00508	0.00254	0.00168	0.00549
92	0.00485	0.00401	0.00426	0.00423	0.00547	0.00341	0.00316	0.00600	0.00938	0.01160	0.17833	0.05827	0.67382	0.00977	0.00469	0.00133	0.00199	0.00824	0.00380	0.00341
93	0.00472	0.00402	0.00406	0.00405	0.00537	0.00336	0.00304	0.00575	0.00911	0.01088	0.06624	0.03788	0.80814	0.00998	0.00469	0.00134	0.00200	0.00833	0.00370	0.00336
94	0.00472	0.00402	0.00406	0.00405	0.00538	0.00336	0.00304	0.00575	0.00911	0.01089	0.06803	0.03786	0.80634	0.00997	0.00469	0.00134	0.00200	0.00833	0.00371	0.00336
95	0.00561	0.00405	0.00530	0.00499	0.00592	0.00374	0.00374	0.00748	0.01122	0.01590	0.83383	0.02962	0.03741	0.00811	0.00468	0.00125	0.00187	0.00717	0.00436	0.00374
96	0.01060	0.86304	0.02078	0.00678	0.01018	0.01569	0.00678	0.01187	0.00806	0.00933	0.00551	0.00636	0.00509	0.00339	0.00254	0.00085	0.00424	0.00212	0.00170	0.00509
97	0.00986	0.00852	0.00897	0.00807	0.01031	0.00986	0.00628	0.02107	0.82876	0.01659	0.01614	0.01479	0.01210	0.00538	0.00403	0.00134	0.00314	0.00448	0.00403	0.00628
98	0.01507	0.01111	0.01190	0.00912	0.01230	0.01230	0.00754	0.82270	0.01864	0.02499	0.00952	0.00952	0.00674	0.00476	0.00397	0.00119	0.00436	0.00357	0.00397	0.00674
99	0.88866	0.00767	0.00583	0.00521	0.00767	0.00889	0.00429	0.01166	0.00675	0.01779	0.00552	0.00644	0.00429	0.00368	0.00245	0.00123	0.00307	0.00215	0.00245	0.00429
100	0.00753	0.00709	0.01197	0.83491	0.04316	0.00882	0.01103	0.01017	0.00795	0.01019	0.00706	0.01056	0.00530	0.00396	0.00396	0.00132	0.00527	0.00352	0.00177	0.00444
101	0.00867	0.00867	0.01214	0.01041	0.01041	0.01214	0.00867	0.00954	0.00607	0.00954	0.00520	0.00867	0.00520	0.00694	0.01301	0.00173	0.85340	0.00347	0.00173	0.00434
102	0.00824	0.00807	0.01392	0.50688	0.15361	0.00951	0.10403	0.01067	0.00801	0.01080	0.00697	0.01020	0.00552	0.00423	0.00529	0.00136	0.12242	0.00365	0.00182	0.00480
103	0.00936	0.01070	0.02340	0.01671	0.02072	0.01003	0.82152	0.01270	0.00936	0.01270	0.00802	0.01070	0.00602	0.00334	0.00468	0.00134	0.00668	0.00468	0.00201	0.00535
104	0.00840	0.01988	0.80202	0.01111	0.01684	0.00905	0.01424	0.01287	0.00851	0.05043	0.00751	0.00861	0.00524	0.00382	0.00378	0.00125	0.00575	0.00298	0.00182	0.00590
105	0.02295	0.07845	0.48426	0.03724	0.03385	0.00995	0.17574	0.03557	0.03770	0.02294	0.00762	0.00908	0.00561	0.00380	0.00401	0.00125	0.01903	0.00334	0.00195	0.00567
106	0.01121	0.12853	0.34408	0.01045	0.01482	0.01035	0.12187	0.17385	0.01089	0.12382	0.00863	0.00933	0.00614	0.00401	0.00380	0.00120	0.00513	0.00333	0.00260	0.00598
107	0.00483	0.00345	0.00460	0.00552	0.00575	0.00322	0.00368	0.00552	0.00759	0.01012	0.02185	0.85807	0.02622	0.01242	0.00506	0.00161	0.00230	0.01127	0.00368	0.00322
108	0.00577	0.00384	0.00432	0.00432	0.00432	0.00384	0.00240	0.00577	0.00577	0.00769	0.01249	0.02595	0.01441	0.86066	0.02018	0.00384	0.00384	0.00577	0.00240	0.00240
109	0.01006	0.08506	0.11858	0.02267	0.07897	0.07306	0.30591	0.02862	0.12623	0.04699	0.04681	0.01122	0.00822	0.00412	0.00420	0.00124	0.01601	0.00400	0.00248	0.00552
110	0.00795	0.02051	0.84011	0.01130	0.01716	0.00921	0.01465	0.01256	0.00837	0.01256	0.00712	0.00837	0.00502	0.00377	0.00377	0.00126	0.00586	0.00293	0.00167	0.00586
111	0.00639	0.00456	0.00639	0.00730	0.00821	0.00456	0.00639	0.00821	0.00913	0.01187	0.02099	0.04472	0.02282	0.01095	0.00548	0.00183	0.00365	0.80924	0.00365	0.00365
112	0.00564	0.00455	0.00632	0.00561	0.00689	0.00411	0.06561	0.00738	0.01048	0.01423	0.55229	0.03054	0.25478	0.00828	0.00468	0.00128	0.00227	0.00731	0.00400	0.00375
113	0.00865	0.02967	0.44667	0.01375	0.01870	0.00969	0.39004	0.01261	0.00883	0.01257	0.00751	0.00942	0.00549	0.00356	0.00417	0.00129	0.00622	0.00373	0.00183	0.00561
114	0.00469	0.00402	0.00402	0.00402	0.00536	0.00335	0.00301	0.00569	0.00904	0.01071	0.04017	0.03816	0.83432	0.01004	0.00469	0.00134	0.00201	0.00837	0.00368	0.00335
115	0.37529	0.04856	0.00969	0.00732	0.01020	0.01079	0.00610	0.41863	0.01296	0.05410	0.00793	0.00827	0.00578	0.00426	0.00328	0.00119	0.00378	0.00293	0.00328	0.00566
116	0.01064	0.15534	0.26997	0.02251	0.07261	0.15433	0.15446	0.02260	0.01986	0.06008	0.00748	0.00877	0.00571	0.00381	0.00384	0.00116	0.01608	0.00319	0.00207	0.00548
117	0.01322	0.00643	0.03797	0.00669	0.00912	0.00542	0.00562	0.01524	0.03373	0.51291	0.23865	0.01959	0.01800	0.00611	0.00426	0.00127	0.00306	0.05246	0.00454	0.00570
118	0.00541	0.00405	0.00503	0.00478	0.00580	0.00366	0.00359	0.00710	0.01076	0.01480	0.66509	0.03143	0.20684	0.00852	0.00468	0.00127	0.00190	0.00743	0.00422	0.00366
119	0.00993	0.03040	0.04083	0.02014	0.53067	0.03231	0.16566	0.04931	0.00941	0.01309	0.00774	0.02508	0.00647	0.00386	0.00439	0.00123	0.03767	0.00381	0.00207	0.00591
120	0.00822	0.00705	0.00822	0.00587	0.00940	0.00529	0.00470	0.00998	0.00822	0.01292	0.00705	0.00822	0.00587	0.00294	0.00294	0.00059	0.00294	0.00235	0.00235	0.88490
121	0.01288	0.11732	0.01263	0.01015	0.04256	0.49253	0.03576	0.03502	0.15542	0.01146	0.00799	0.00873	0.00646	0.00429	0.00388	0.00110	0.03136	0.00300	0.00239	0.00508
122	0.00950	0.01065	0.02278	0.01633	0.02022	0.01015	0.77753	0.03508	0.00953	0.01296	0.00799	0.01061	0.00601	0.00348	0.00488	0.00134	0.02893	0.00462	0.00205	0.00536
123	0.00986	0.00852	0.00897	0.00807	0.01031	0.00986	0.00628	0.02107	0.82876	0.01659	0.01614	0.01479	0.01210	0.00538	0.00403	0.00134	0.00314	0.00448	0.00403	0.00628
124	0.00474	0.00398	0.00412	0.00417	0.00541	0.00336	0.00310	0.00577	0.00904	0.01093	0.07913	0.09698	0.73547	0.01012	0.00471	0.00135	0.00202	0.00852	0.00372	0.00336
125	0.00632	0.00451	0.00631	0.00722	0.00810	0.00450	0.00627	0.00809	0.00906	0.01179	0.02103	0.08201	0.02297	0.01102	0.00546	0.00182	0.00359	0.77266	0.00365	0.00363
126	0.00558	0.00405	0.00526	0.00496	0.00591	0.00373	0.00372	0.00743	0.01116	0.01574	0.80997	0.02987	0.06137	0.00816	0.00468	0.00125	0.00187	0.00721	0.00434	0.00373
127	0.00519	0.00371	0.00501	0.00593	0.00632	0.00353	0.00430	0.00614	0.00794	0.01052	0.02166	0.67084	0.02544	0.01208	0.00516	0.00166	0.00261	0.19496	0.00367	0.00332
128	0.01060	0.86304	0.02078	0.00678	0.01018	0.01569	0.00678	0.01187	0.00806	0.00933	0.00551	0.00636	0.00509	0.00339	0.00254	0.00085	0.00424	0.00212	0.00170	0.00509
129	0.21469	0.00696	0.00844	0.00664	0.00957	0.00652	0.00548	0.01759	0.01031	0.65308	0.01335	0.01190	0.00857	0.00463	0.00364	0.00123	0.00330	0.00357	0.00435	0.00619
130	0.01478	0.01088	0.01167	0.00903	0.01214	0.01205	0.00743	0.76044	0.07004	0.03590	0.01003	0.00991	0.00713	0.00480	0.00397	0.00120	0.00427	0.00363	0.00398	0.00671
131	0.00515	0.00470	0.00435	0.00430	0.00567	0.04192	0.00323	0.00616	0.00914	0.01066	0.03861	0.03674	0.79630	0.00977	0.00464	0.00132	0.00224	0.00810	0.00361	0.00340
132	0.88866	0.00767	0.00583	0.00521	0.00767	0.00889	0.00429	0.01166	0.00675	0.01779	0.00552	0.00644	0.00429	0.00368	0.00245	0.00123	0.00307	0.00215	0.00245	0.00429
133	0.00936	0.01070	0.02340	0.01671	0.02072	0.01003	0.82152	0.01270	0.00936	0.01270	0.00802	0.01070	0.00602	0.00334	0.00468	0.00134	0.00668	0.00468	0.00201	0.00535
134	0.01685	0.00712	0.00960	0.00794	0.04802	0.00642	0.00619	0.07948	0.01179	0.71458	0.03929	0.01351	0.01025	0.00493	0.00400	0.00122	0.00347	0.00403	0.00468	0.00664
135	0.01759	0.00670	0.00914	0.00702	0.01005	0.00579	0.00579	0.01913	0.01135	0.82551	0.02873	0.01375	0.01026	0.00496	0.00400	0.00123	0.00335	0.00404	0.00490	0.00670
136	0.00805	0.01938	0.75326	0.01172	0.01734	0.00921	0.08941	0.01250	0.00850	0.01261	0.01813	0.00887	0.00554	0.00378	0.00386	0.00126	0.00588	0.00315	0.00174	0.00578
137	0.06418	0.04891	0.03046	0.01121	0.01444	0.00999	0.31243	0.22826	0.02606	0.09354	0.00949	0.04899	0.00740	0.00447	0.00442	0.00125	0.03651	0.00418	0.00292	0.04089
138	0.00933	0.01060	0.02288	0.01642	0.02025	0.01012	0.78426	0.01256	0.00921	0.01256	0.00789	0.01060	0.00598	0.00351	0.00506	0.00136	0.04550	0.00462	0.00199	0.00530
139	0.01627	0.00918	0.01071	0.00821	0.01134	0.00944	0.00678	0.46801	0.01542	0.38423	0.01222	0.01127	0.00810	0.00482	0.00398	0.00121	0.00393	0.00375	0.00438	0.00674
140	0.00954	0.00915	0.01489	0.20433	0.57757	0.02728	0.02822	0.03343	0.03374	0.01269	0.00767	0.01008	0.00622	0.00372	0.00395	0.00121	0.00487	0.00356	0.00204	0.00583
141	0.01779	0.00675	0.00920	0.00705	0.01012	0.00583	0.00583	0.01932	0.01135	0.83867	0.01564	0.01350	0.00981	0.00491	0.00399	0.00123	0.00337	0.00399	0.00491	0.00675
142	0.00577	0.00384	0.00432	0.00432	0.00432	0.00384	0.00240	0.00577	0.00577	0.00769	0.01249	0.02595	0.01441	0.86066	0.02018	0.00384	0.00384	0.00577	0.00240	0.00240
143	0.00981	0.00942	0.01609	0.02434	0.83592	0.00942	0.01217	0.01217	0.00903	0.01295	0.00746	0.00981	0.00628	0.00353	0.00393	0.00118	0.00471	0.00353	0.00196	0.00628
144	0.00840	0.16345	0.70111	0.01053	0.01598	0.01031	0.01331	0.01244	0.00832	0.01201	0.00684	0.00803	0.00503	0.00370	0.00356	0.00119	0.00558	0.00279	0.00168	0.00573
145	0.01532	0.01039	0.01142	0.00879	0.01192	0.01127	0.00725	0.68086	0.04136	0.14456	0.01062	0.01026	0.00735	0.00480	0.00397	0.00120	0.00418	0.00366	0.00411	0.00673
146	0.01560	0.01026	0.01138	0.00872	0.01187	0.01104	0.00721	0.66707	0.01723	0.18262	0.01071	0.01029	0.00734	0.00479	0.00397	0.00120	0.00417	0.00365	0.00415	0.00674
147	0.01229	0.52388	0.01694	0.00816	0.01101	0.34879	0.00714	0.01346	0.00933	0.00948	0.00576	0.00668	0.00510	0.00367	0.00296	0.00092	0.00541	0.00229	0.00184	0.00489
148	0.00577	0.00384	0.00432	0.00432	0.00432	0.00384	0.00240	0.00577	0.00577	0.00769	0.01249	0.02595	0.01441	0.86066	0.02018	0.00384	0.00384	0.00577	0.00240	0.00240
149	0.88866	0.00767	0.00583	0.00521	0.00767	0.00889	0.00429	0.01166	0.00675	0.01779	0.00552	0.00644	0.00429	0.00368	0.00245	0.00123	0.00307	0.00215	0.00245	0.00429
150	0.01654	0.00875	0.01044	0.00800	0.01112	0.00879	0.00661	0.38790	0.01469	0.46537	0.01283	0.01167	0.00841	0.00484	0.00398	0.00121	0.00383	0.00380	0.00448	0.00675
151	0.00469	0.00402	0.00402	0.00402	0.00536	0.00335	0.00301	0.00569	0.00904	0.01071	0.04017	0.03816	0.83432	0.01004	0.00469	0.00134	0.00201	0.00837	0.00368	0.00335
152	0.00478	0.00399	0.00410	0.00412	0.00534	0.00338	0.00304	0.00576	0.00892	0.01075	0.06823	0.06710	0.73721	0.04905	0.00541	0.00146	0.00210	0.00831	0.00365	0.00331
153	0.00485	0.00351	0.00459	0.00544	0.00577	0.00325	0.00368	0.00558	0.00773	0.01020	0.02319	0.78295	0.08565	0.01222	0.00504	0.00159	0.00230	0.02554	0.00368	0.00324
154	0.00986	0.00852	0.00897	0.00807	0.01031	0.00986	0.00628	0.02107	0.82876	0.01659	0.01614	0.01479	0.01210	0.00538	0.00403	0.00134	0.00314	0.00448	0.00403	0.00628
