[name]
unknown

[dist]
# distance from previous block
# <min> <max>
0	28

[block]
# block no. 0 follows, 57 sequences, length 11
# corresponding to MSA columns:
# 30-40
name=unknown_A
#
# <colnr> <probs for GDERKNQSTAVLIFYWHMCP>
#	G	D	E	R	K	N	Q	S	T	A	V	L	I	F	Y	W	H	M	C	P
0	0.05567	0.01022	0.01087	0.05034	0.06708	0.12035	0.01827	0.18493	0.05407	0.03105	0.01542	0.05444	0.03952	0.02339	0.00542	0.00163	0.01815	0.21218	0.00363	0.02339
1	0.03437	0.00884	0.01253	0.20712	0.20277	0.03249	0.02884	0.04448	0.02181	0.01364	0.01065	0.03951	0.03160	0.10633	0.00704	0.00169	0.04071	0.00452	0.00258	0.14848
2	0.01079	0.01020	0.01511	0.41313	0.29696	0.05561	0.01233	0.08418	0.03160	0.01439	0.00868	0.01158	0.00677	0.00449	0.00449	0.00142	0.00577	0.00400	0.00241	0.00608
3	0.06936	0.00720	0.00808	0.00726	0.02129	0.00725	0.00560	0.10227	0.14006	0.11154	0.18452	0.03869	0.21958	0.00801	0.00483	0.00146	0.00317	0.02516	0.00446	0.03022
4	0.03827	0.01062	0.01835	0.08850	0.66004	0.01075	0.07943	0.01376	0.01017	0.01470	0.00847	0.01124	0.00699	0.00406	0.00451	0.00138	0.00556	0.00410	0.00225	0.00685
5	0.00608	0.00511	0.00542	0.00507	0.00688	0.00423	0.00385	0.00734	0.01004	0.01251	0.03810	0.03833	0.62635	0.04620	0.00587	0.00155	0.00262	0.04070	0.00392	0.12983
6	0.00882	0.00804	0.01254	0.52334	0.12273	0.00929	0.01083	0.04718	0.03588	0.01309	0.01456	0.03903	0.12444	0.00584	0.00468	0.00150	0.00519	0.00511	0.00262	0.00528
7	0.01025	0.00700	0.00818	0.00670	0.00927	0.00633	0.00529	0.10679	0.03821	0.12546	0.21591	0.02436	0.19763	0.00729	0.00464	0.00126	0.00309	0.00609	0.00428	0.21197
8	0.01054	0.00873	0.01001	0.00725	0.01122	0.00721	0.00584	0.12598	0.01113	0.01678	0.00847	0.00961	0.00686	0.00366	0.00353	0.00077	0.00359	0.00289	0.00295	0.74299
9	0.06591	0.03166	0.07507	0.24951	0.10443	0.07595	0.07482	0.07682	0.15336	0.03326	0.01027	0.01193	0.00776	0.00476	0.00441	0.00143	0.00556	0.00407	0.00287	0.00616
10	0.07937	0.01025	0.01448	0.23596	0.31371	0.06105	0.02449	0.07046	0.01078	0.04517	0.03542	0.01242	0.02350	0.00485	0.00483	0.00142	0.03898	0.00412	0.00264	0.00609

[dist]
# distance from previous block
# <min> <max>
0	18

[block]
# block no. 1 follows, 57 sequences, length 10
# corresponding to MSA columns:
# 68-77
name=unknown_B
#
# <colnr> <probs for GDERKNQSTAVLIFYWHMCP>
#	G	D	E	R	K	N	Q	S	T	A	V	L	I	F	Y	W	H	M	C	P
0	0.08208	0.09605	0.14870	0.01020	0.03124	0.07718	0.07050	0.06608	0.08188	0.14660	0.08969	0.01377	0.01144	0.02166	0.00464	0.00140	0.00497	0.00424	0.00342	0.03427
1	0.05572	0.01046	0.15732	0.00938	0.02806	0.04227	0.07549	0.03341	0.05154	0.05093	0.11352	0.15986	0.06436	0.06919	0.00616	0.00170	0.00442	0.01709	0.00344	0.04568
2	0.03718	0.36930	0.04774	0.00976	0.03494	0.15644	0.00842	0.15599	0.08165	0.04599	0.00888	0.00943	0.00708	0.00459	0.00371	0.00118	0.00535	0.00320	0.00288	0.00629
3	0.00712	0.00511	0.00604	0.00589	0.00652	0.00520	0.00391	0.04502	0.03410	0.01105	0.01693	0.12530	0.06416	0.47651	0.13648	0.00398	0.00517	0.00698	0.00311	0.03143
4	0.04489	0.26692	0.30081	0.01113	0.03185	0.12895	0.03791	0.07616	0.03666	0.01428	0.00794	0.00906	0.00623	0.00435	0.00386	0.00125	0.00600	0.00317	0.00233	0.00624
5	0.05387	0.15571	0.23999	0.01234	0.11269	0.01153	0.03822	0.10341	0.06146	0.11106	0.01037	0.03202	0.00796	0.00481	0.00414	0.00133	0.00519	0.00387	0.00300	0.02704
6	0.05035	0.01009	0.01196	0.00965	0.01245	0.01094	0.05834	0.42353	0.07047	0.05525	0.04084	0.11606	0.05073	0.00751	0.02217	0.00160	0.03170	0.00568	0.00420	0.00648
7	0.00751	0.00394	0.00580	0.00597	0.00601	0.00390	0.00398	0.00597	0.00633	0.00844	0.01052	0.14133	0.01129	0.01550	0.01586	0.73406	0.00373	0.00532	0.00231	0.00223
8	0.04550	0.03405	0.19533	0.05018	0.08782	0.03224	0.03024	0.08998	0.06466	0.11799	0.01279	0.08905	0.03080	0.00568	0.00440	0.00137	0.00486	0.00475	0.00326	0.09503
9	0.00759	0.05019	0.04723	0.00755	0.03739	0.00655	0.02531	0.03103	0.09759	0.01530	0.28071	0.10944	0.21651	0.04046	0.00575	0.00159	0.00316	0.00773	0.00411	0.00480

[dist]
# distance from previous block
# <min> <max>
0	1

[block]
# block no. 2 follows, 57 sequences, length 56
# corresponding to MSA columns:
# 79-90,108-124,127-153
name=unknown_C
#
# <colnr> <probs for GDERKNQSTAVLIFYWHMCP>
#	G	D	E	R	K	N	Q	S	T	A	V	L	I	F	Y	W	H	M	C	P
0	0.00557	0.00407	0.00524	0.00605	0.00653	0.00374	0.00412	0.00650	0.00919	0.01214	0.08576	0.68095	0.12649	0.01350	0.00570	0.00177	0.00255	0.01213	0.00426	0.00374
1	0.05215	0.07828	0.16620	0.06813	0.12648	0.01127	0.08616	0.16217	0.04796	0.14178	0.01055	0.01142	0.00762	0.00470	0.00436	0.00138	0.00537	0.00397	0.00323	0.00681
2	0.03194	0.15685	0.09301	0.01073	0.05892	0.18003	0.00891	0.16605	0.05308	0.03707	0.02250	0.01122	0.01947	0.01739	0.03992	0.00155	0.03319	0.00365	0.00294	0.05157
3	0.09133	0.00770	0.01004	0.00781	0.01117	0.00687	0.00643	0.02090	0.01252	0.72234	0.04334	0.01536	0.01174	0.00561	0.00444	0.00140	0.00377	0.00450	0.00535	0.00736
4	0.00570	0.00458	0.00500	0.00518	0.00641	0.00401	0.00386	0.00685	0.00996	0.01223	0.06516	0.11543	0.57080	0.08003	0.00694	0.00185	0.00268	0.08546	0.00411	0.00377
5	0.01189	0.35654	0.05809	0.07588	0.08878	0.04626	0.03512	0.08733	0.05270	0.03969	0.05792	0.01160	0.00925	0.01877	0.00459	0.01593	0.01726	0.00370	0.00270	0.00600
6	0.01042	0.03730	0.13982	0.01533	0.19052	0.01032	0.12670	0.04122	0.05343	0.04729	0.02518	0.05940	0.01122	0.00638	0.00620	0.00158	0.11414	0.09458	0.00287	0.00607
7	0.00547	0.00461	0.00475	0.00475	0.00623	0.00389	0.00358	0.00671	0.01052	0.01271	0.10224	0.04304	0.73772	0.01133	0.00537	0.00153	0.00232	0.02509	0.00427	0.00387
8	0.00777	0.00714	0.03008	0.00993	0.01166	0.00711	0.20680	0.00970	0.00812	0.01148	0.01169	0.01846	0.01103	0.19190	0.38626	0.00477	0.02611	0.00527	0.03032	0.00439
9	0.02374	0.17628	0.11831	0.03731	0.10823	0.15331	0.05306	0.08671	0.03643	0.05868	0.01055	0.03069	0.02538	0.00526	0.00449	0.00134	0.02560	0.03571	0.00279	0.00611
10	0.21557	0.14413	0.09989	0.12375	0.25154	0.05145	0.01058	0.01360	0.00933	0.01472	0.00742	0.00944	0.00603	0.00425	0.00401	0.00133	0.02148	0.00327	0.00226	0.00595
11	0.01294	0.12878	0.05722	0.18547	0.10821	0.33725	0.04215	0.02606	0.01102	0.01229	0.00775	0.00977	0.00627	0.00444	0.00410	0.00126	0.00662	0.00339	0.02940	0.00561
12	0.01148	0.00788	0.03676	0.00809	0.01058	0.00735	0.03658	0.09218	0.12150	0.18737	0.27528	0.02310	0.04677	0.00829	0.03838	0.00167	0.00390	0.03841	0.00456	0.03987
13	0.08825	0.01297	0.11574	0.01033	0.01384	0.04456	0.03526	0.41801	0.02938	0.06721	0.01058	0.02504	0.00796	0.00727	0.05915	0.00180	0.03811	0.00408	0.00370	0.00676
14	0.01126	0.12154	0.20243	0.03021	0.17078	0.07932	0.03429	0.04634	0.07795	0.04322	0.04718	0.04420	0.00977	0.00503	0.00427	0.00131	0.00533	0.00418	0.00278	0.05861
15	0.00565	0.00403	0.00524	0.00609	0.00646	0.00375	0.00408	0.00639	0.00876	0.01160	0.05035	0.69256	0.08952	0.04771	0.00681	0.02863	0.00270	0.01194	0.00410	0.00362
16	0.01662	0.01230	0.01320	0.01025	0.01373	0.01362	0.00842	0.74124	0.05296	0.02764	0.01163	0.03672	0.00865	0.00574	0.00457	0.00138	0.00486	0.00439	0.00453	0.00756
17	0.00657	0.00449	0.00542	0.00542	0.00558	0.00465	0.00334	0.00689	0.00673	0.00914	0.01384	0.02726	0.01543	0.67763	0.18476	0.00498	0.00596	0.00624	0.00268	0.00301
18	0.03946	0.02204	0.72638	0.01316	0.01955	0.01058	0.07794	0.01433	0.00959	0.01457	0.00815	0.00970	0.00580	0.00426	0.00433	0.00144	0.00666	0.00348	0.00197	0.00659
19	0.02783	0.09669	0.18514	0.01465	0.15181	0.01080	0.17527	0.04569	0.05804	0.01505	0.06963	0.05170	0.02870	0.00548	0.00495	0.00144	0.03217	0.01607	0.00275	0.00613
20	0.00611	0.00464	0.00601	0.00668	0.00714	0.00469	0.00465	0.00764	0.05278	0.01224	0.05731	0.68124	0.06026	0.01309	0.00618	0.00180	0.04779	0.01164	0.00414	0.00397
21	0.00690	0.00547	0.00729	0.00724	0.00804	0.03769	0.00552	0.00835	0.00744	0.01038	0.01213	0.01851	0.01158	0.10691	0.71714	0.00678	0.01127	0.00494	0.00245	0.00397
22	0.02320	0.00986	0.01377	0.54337	0.06639	0.08643	0.02931	0.01317	0.06244	0.01233	0.00846	0.01171	0.00659	0.00495	0.00553	0.00152	0.08943	0.00400	0.00224	0.00532
23	0.01019	0.00772	0.01019	0.05032	0.14713	0.00807	0.00746	0.03259	0.22051	0.09985	0.13553	0.12045	0.09715	0.00765	0.00513	0.00151	0.02194	0.00662	0.00409	0.00591
24	0.01040	0.00636	0.00810	0.00691	0.00889	0.00604	0.02158	0.08760	0.04082	0.17920	0.44628	0.02795	0.11490	0.00818	0.00508	0.00143	0.00294	0.00705	0.00492	0.00539
25	0.00647	0.00485	0.00728	0.00728	0.00809	0.00566	0.00566	0.00809	0.00728	0.01052	0.01214	0.01780	0.01133	0.03398	0.82279	0.00728	0.01214	0.00485	0.00243	0.00405
26	0.07155	0.06723	0.02494	0.05418	0.01283	0.17152	0.02304	0.11116	0.21769	0.02581	0.03074	0.06416	0.04443	0.00632	0.00442	0.00142	0.00487	0.03659	0.02123	0.00588
27	0.00660	0.00517	0.00729	0.00733	0.00832	0.00494	0.06152	0.00866	0.06571	0.02303	0.07508	0.53917	0.11121	0.01209	0.00560	0.00174	0.00307	0.04508	0.00416	0.00423
28	0.00693	0.00517	0.00650	0.00607	0.00730	0.00502	0.00458	0.01020	0.09667	0.01825	0.72624	0.03205	0.03969	0.00893	0.00527	0.00144	0.00229	0.00787	0.00495	0.00458
29	0.00618	0.00502	0.00599	0.05378	0.00823	0.03634	0.00476	0.00726	0.00939	0.01210	0.07979	0.58506	0.14423	0.01252	0.00555	0.00172	0.00296	0.01117	0.00406	0.00388
30	0.03202	0.01117	0.01337	0.42536	0.05800	0.17234	0.04143	0.06440	0.02429	0.01298	0.00847	0.01184	0.00680	0.03346	0.02351	0.01961	0.02937	0.00394	0.00236	0.00526
31	0.10180	0.01107	0.07451	0.16063	0.50593	0.01059	0.04371	0.01350	0.00979	0.01480	0.00821	0.01087	0.00663	0.00415	0.00434	0.00139	0.00548	0.00387	0.00224	0.00650
32	0.01089	0.01110	0.01468	0.03273	0.17765	0.15419	0.13751	0.01281	0.00966	0.03003	0.01004	0.03202	0.00928	0.08259	0.09693	0.00240	0.13168	0.03596	0.00248	0.00536
33	0.61518	0.00949	0.03506	0.00700	0.01014	0.01001	0.00598	0.09638	0.01005	0.15136	0.00874	0.00912	0.00626	0.00457	0.00332	0.00140	0.00382	0.00300	0.00341	0.00572
34	0.06358	0.05317	0.16955	0.08122	0.13267	0.01909	0.03360	0.12132	0.01173	0.15496	0.01027	0.02171	0.00760	0.00466	0.00422	0.00131	0.00509	0.00382	0.00315	0.09726
35	0.00998	0.09423	0.19115	0.10227	0.12170	0.01019	0.17239	0.02352	0.01010	0.04522	0.04153	0.04105	0.02645	0.03595	0.01848	0.00165	0.00583	0.03982	0.00260	0.00588
36	0.00555	0.00398	0.00527	0.00625	0.00657	0.00370	0.00419	0.00639	0.00885	0.01180	0.05084	0.79247	0.04941	0.01397	0.00576	0.00182	0.00260	0.01265	0.00423	0.00370
37	0.00670	0.00524	0.00802	0.03547	0.00925	0.00612	0.02181	0.00836	0.00745	0.01069	0.01223	0.04867	0.01160	0.03078	0.72130	0.00659	0.03799	0.00512	0.00246	0.00414
38	0.05002	0.22902	0.21840	0.06033	0.06043	0.14694	0.04372	0.05158	0.05665	0.01386	0.00814	0.00950	0.00645	0.00447	0.00416	0.00129	0.02328	0.00331	0.00235	0.00609
39	0.01219	0.07084	0.06825	0.19523	0.15377	0.16410	0.01075	0.06564	0.01086	0.05645	0.00884	0.01149	0.00712	0.00509	0.00544	0.00141	0.09698	0.01928	0.03040	0.00587
40	0.00605	0.00454	0.00560	0.00572	0.00665	0.00422	0.00412	0.00771	0.02706	0.01439	0.34668	0.25371	0.20663	0.04590	0.03834	0.00192	0.00282	0.00951	0.00440	0.00400
41	0.09590	0.01178	0.12040	0.06374	0.27665	0.02092	0.05822	0.07620	0.04862	0.08316	0.01014	0.03663	0.00809	0.00560	0.02241	0.00157	0.04638	0.00424	0.00287	0.00648
42	0.05333	0.14410	0.16942	0.05904	0.06944	0.05728	0.06234	0.06119	0.08887	0.07705	0.04323	0.04145	0.00974	0.00521	0.00445	0.00137	0.02214	0.00423	0.01994	0.00618
43	0.00950	0.04038	0.04569	0.00915	0.04439	0.00774	0.04358	0.03913	0.07607	0.09589	0.04219	0.14659	0.02406	0.10277	0.19410	0.00317	0.06094	0.00620	0.00335	0.00510
44	0.00591	0.00451	0.00535	0.00566	0.00657	0.00413	0.00405	0.00734	0.02701	0.01309	0.18059	0.30336	0.29544	0.07451	0.00686	0.00185	0.00264	0.04303	0.00425	0.00387
45	0.10986	0.02107	0.10214	0.13830	0.06230	0.00951	0.03266	0.10700	0.08375	0.10593	0.10841	0.02950	0.04594	0.00586	0.00463	0.00145	0.01732	0.00483	0.00353	0.00602
46	0.01149	0.08844	0.20137	0.06332	0.08217	0.04077	0.12604	0.10115	0.11137	0.04950	0.01080	0.04306	0.00856	0.00565	0.02106	0.00154	0.01999	0.00440	0.00290	0.00643
47	0.00950	0.00902	0.01434	0.14376	0.27333	0.01061	0.03203	0.01155	0.00886	0.01274	0.05098	0.03750	0.00957	0.00879	0.08635	0.00217	0.26640	0.00461	0.00235	0.00556
48	0.00571	0.00412	0.00530	0.00615	0.00655	0.00385	0.00419	0.00656	0.00882	0.01163	0.04186	0.64245	0.09413	0.08463	0.00725	0.00204	0.00283	0.05418	0.00410	0.00365
49	0.04191	0.11454	0.18086	0.09359	0.06709	0.00963	0.03880	0.03918	0.05234	0.04136	0.04454	0.13671	0.03750	0.00671	0.00487	0.01632	0.01869	0.01578	0.03400	0.00559
50	0.02336	0.09289	0.15925	0.02060	0.08509	0.10668	0.03832	0.13857	0.05397	0.06658	0.01288	0.05323	0.05118	0.03479	0.00516	0.00149	0.01338	0.02174	0.01471	0.00613
51	0.00968	0.03635	0.02014	0.06782	0.03514	0.03215	0.03858	0.08404	0.01133	0.09733	0.13668	0.17996	0.15043	0.02674	0.00604	0.02956	0.02183	0.00733	0.00388	0.00500
52	0.00892	0.00800	0.02376	0.29143	0.13568	0.01882	0.05273	0.01174	0.03672	0.04072	0.13930	0.01973	0.06939	0.02688	0.05749	0.00193	0.01874	0.02978	0.00301	0.00525
53	0.01167	0.07907	0.10822	0.12062	0.14218	0.05603	0.09683	0.06043	0.11361	0.07917	0.03644	0.01328	0.02271	0.00531	0.01478	0.00146	0.00546	0.00433	0.02208	0.00633
54	0.05604	0.13730	0.09629	0.04888	0.06428	0.06962	0.02755	0.13768	0.18173	0.02444	0.01092	0.02836	0.00864	0.00522	0.00445	0.01380	0.01563	0.00397	0.02272	0.04247
55	0.05708	0.00931	0.09748	0.09167	0.04430	0.04028	0.04784	0.03845	0.07766	0.04393	0.05468	0.18216	0.07257	0.06971	0.00680	0.02974	0.02139	0.00657	0.00332	0.00506

[dist]
# distance from previous block
# <min> <max>
2	64

[block]
# block no. 3 follows, 57 sequences, length 39
# corresponding to MSA columns:
# 219-257
name=unknown_D
#
# <colnr> <probs for GDERKNQSTAVLIFYWHMCP>
#	G	D	E	R	K	N	Q	S	T	A	V	L	I	F	Y	W	H	M	C	P
0	0.01190	0.09224	0.07312	0.02125	0.01229	0.07435	0.04490	0.16252	0.07241	0.08438	0.05301	0.08641	0.08027	0.02999	0.02160	0.01175	0.03979	0.00542	0.00357	0.01882
1	0.04464	0.20387	0.06250	0.03414	0.05576	0.06323	0.12187	0.12503	0.08476	0.04650	0.02303	0.02898	0.03206	0.00521	0.00457	0.01246	0.02047	0.00419	0.00299	0.02373
2	0.13352	0.12433	0.03651	0.03908	0.06502	0.14020	0.02354	0.15960	0.05786	0.10639	0.00967	0.01028	0.00728	0.00467	0.00394	0.00126	0.00511	0.00346	0.00324	0.06503
3	0.05722	0.02442	0.11370	0.01670	0.05048	0.00735	0.00746	0.04588	0.03851	0.13304	0.04126	0.06890	0.08192	0.04611	0.05889	0.08916	0.01903	0.06089	0.00344	0.03565
4	0.03535	0.15919	0.33968	0.02981	0.06568	0.04776	0.02683	0.06225	0.04868	0.04049	0.06020	0.04499	0.00986	0.00514	0.00421	0.00135	0.00548	0.00410	0.00269	0.00625
5	0.02426	0.00493	0.00576	0.00569	0.00629	0.00492	0.00374	0.03939	0.00831	0.03947	0.03460	0.14787	0.08775	0.48201	0.06851	0.00356	0.00439	0.02169	0.00331	0.00354
6	0.00566	0.00411	0.00539	0.00622	0.00668	0.00384	0.00428	0.00666	0.00918	0.01225	0.09703	0.66816	0.08445	0.01397	0.02466	0.00191	0.00283	0.03472	0.00423	0.00377
7	0.02702	0.08800	0.11901	0.06334	0.20663	0.06288	0.14670	0.10193	0.01134	0.01520	0.01121	0.07679	0.03926	0.00533	0.00456	0.00140	0.00569	0.00484	0.00267	0.00618
8	0.02906	0.06226	0.16533	0.05860	0.17480	0.05440	0.03064	0.05041	0.06404	0.09122	0.01261	0.06190	0.04168	0.02087	0.02679	0.00162	0.02157	0.00469	0.02135	0.00617
9	0.00662	0.00465	0.00591	0.00628	0.00713	0.00438	0.00469	0.00804	0.01974	0.03154	0.18775	0.26170	0.14546	0.09542	0.00770	0.02208	0.00305	0.16974	0.00420	0.00393
10	0.02820	0.09920	0.01126	0.02666	0.04120	0.19898	0.00705	0.08214	0.01153	0.09712	0.06662	0.15593	0.01463	0.02030	0.07507	0.00194	0.00554	0.03312	0.01820	0.00532
11	0.05404	0.03676	0.09310	0.08137	0.15027	0.06931	0.08340	0.07997	0.08104	0.11313	0.04301	0.03644	0.02042	0.00535	0.00484	0.00143	0.03205	0.00453	0.00321	0.00634
12	0.00754	0.00879	0.15251	0.00865	0.02090	0.00621	0.07640	0.01006	0.03064	0.03448	0.18187	0.20384	0.11573	0.08130	0.00678	0.00183	0.00396	0.04005	0.00368	0.00475
13	0.00810	0.00405	0.00597	0.00593	0.00602	0.00402	0.00396	0.00635	0.00616	0.02856	0.00867	0.02875	0.00867	0.04706	0.01737	0.79791	0.00393	0.00421	0.00213	0.00217
14	0.01190	0.14501	0.24267	0.01383	0.14409	0.13234	0.05664	0.06387	0.04601	0.03786	0.00976	0.03417	0.01813	0.00529	0.01813	0.00142	0.00606	0.00391	0.00255	0.00633
15	0.01113	0.23738	0.14355	0.13804	0.11444	0.05775	0.01056	0.07021	0.02666	0.02433	0.03595	0.01179	0.02400	0.02552	0.00509	0.00140	0.05001	0.00377	0.00247	0.00595
16	0.01003	0.01137	0.06829	0.01391	0.01625	0.03348	0.30653	0.01279	0.04243	0.01272	0.00912	0.04432	0.00820	0.05828	0.01004	0.00188	0.32762	0.00498	0.00235	0.00542
17	0.00939	0.00721	0.00880	0.05909	0.07650	0.05527	0.02257	0.04573	0.02712	0.04538	0.05064	0.21256	0.03424	0.00776	0.00526	0.00145	0.06598	0.00652	0.25366	0.00489
18	0.00910	0.04692	0.10879	0.03556	0.07376	0.04497	0.08560	0.06565	0.03735	0.01416	0.04581	0.17556	0.12151	0.03922	0.02088	0.00172	0.03094	0.00670	0.03056	0.00523
19	0.01201	0.00803	0.00921	0.03941	0.02515	0.02472	0.00641	0.25277	0.01309	0.08331	0.01349	0.03844	0.02514	0.00922	0.10273	0.00202	0.03979	0.00458	0.28482	0.00567
20	0.00655	0.00468	0.00597	0.00658	0.00716	0.00461	0.00482	0.00802	0.03745	0.01203	0.05820	0.31754	0.04663	0.22205	0.01022	0.00252	0.00353	0.23383	0.00388	0.00374
21	0.01081	0.02539	0.04992	0.24797	0.41753	0.06213	0.02402	0.04152	0.01027	0.01374	0.00830	0.01125	0.00674	0.00483	0.00508	0.04243	0.00574	0.00392	0.00224	0.00617
22	0.00827	0.00555	0.00766	0.00751	0.00877	0.00533	0.04877	0.02918	0.02484	0.08526	0.03491	0.25905	0.08987	0.10112	0.00745	0.00205	0.00366	0.22583	0.04051	0.00442
23	0.00585	0.00476	0.00521	0.00515	0.00653	0.00421	0.00384	0.00767	0.04161	0.01389	0.22856	0.09184	0.54302	0.01091	0.00535	0.00153	0.00233	0.00928	0.00441	0.00405
24	0.13203	0.01155	0.01213	0.04416	0.01356	0.03551	0.00797	0.55649	0.01756	0.07123	0.01031	0.01077	0.00742	0.00567	0.00486	0.03916	0.00481	0.00385	0.00408	0.00690
25	0.04978	0.73324	0.02271	0.00835	0.01218	0.03085	0.04500	0.03304	0.00957	0.01171	0.00656	0.00761	0.00587	0.00394	0.00308	0.00103	0.00498	0.00261	0.00206	0.00583
26	0.00620	0.00461	0.00572	0.00572	0.00669	0.00428	0.00414	0.00810	0.03350	0.01545	0.46641	0.20334	0.16081	0.04684	0.00619	0.00166	0.00240	0.00924	0.00459	0.00409
27	0.00822	0.00574	0.00721	0.00752	0.00868	0.00587	0.00586	0.01171	0.15476	0.06216	0.05931	0.25880	0.02403	0.07970	0.00707	0.00204	0.00354	0.27885	0.00427	0.00468
28	0.00691	0.00516	0.00672	0.02911	0.00888	0.00503	0.00607	0.03079	0.01054	0.01360	0.06821	0.16356	0.18781	0.01197	0.00586	0.00187	0.00353	0.42604	0.00418	0.00416
29	0.00647	0.00485	0.00728	0.00728	0.00809	0.00566	0.00566	0.00809	0.00728	0.01052	0.01214	0.01780	0.01133	0.03398	0.82279	0.00728	0.01214	0.00485	0.00243	0.00405
30	0.00616	0.00437	0.00575	0.00666	0.00720	0.00418	0.00492	0.00731	0.00912	0.01211	0.02464	0.50771	0.06155	0.06858	0.00699	0.00205	0.00315	0.22773	0.02606	0.00378
31	0.01285	0.66164	0.05533	0.00867	0.01239	0.16170	0.00831	0.01441	0.00987	0.01089	0.00650	0.00753	0.00582	0.00404	0.00318	0.00102	0.00552	0.00255	0.00201	0.00575
32	0.01012	0.00931	0.01528	0.41814	0.30422	0.01041	0.03326	0.07497	0.01046	0.01412	0.00892	0.02742	0.00722	0.00553	0.03050	0.00163	0.00590	0.00426	0.00236	0.00598
33	0.00847	0.02768	0.00776	0.00660	0.00821	0.00631	0.00512	0.09086	0.08450	0.04138	0.60131	0.02895	0.04813	0.00839	0.00511	0.00142	0.00268	0.00727	0.00483	0.00501
34	0.00704	0.00487	0.00700	0.00695	0.00773	0.00543	0.00523	0.00840	0.00751	0.04544	0.01337	0.06352	0.01303	0.14139	0.63432	0.00634	0.01021	0.00551	0.00271	0.00401
35	0.07654	0.00702	0.00758	0.00650	0.00858	0.00730	0.00516	0.16732	0.05837	0.11468	0.11148	0.01729	0.02635	0.00590	0.00396	0.00126	0.00308	0.00472	0.36136	0.00555
36	0.01089	0.01109	0.05056	0.04082	0.61137	0.04156	0.01276	0.01322	0.00983	0.01384	0.00855	0.02811	0.00746	0.00522	0.00599	0.04814	0.06771	0.00414	0.00223	0.00652
37	0.01033	0.08605	0.40095	0.11276	0.06029	0.01055	0.02473	0.06353	0.01033	0.04527	0.00865	0.01032	0.00647	0.00507	0.02564	0.00146	0.00595	0.00348	0.00236	0.10584
38	0.03857	0.01684	0.12042	0.01191	0.03164	0.36960	0.07647	0.08838	0.01217	0.07873	0.00904	0.02018	0.00720	0.02926	0.00552	0.00143	0.05920	0.00374	0.01387	0.00585

[dist]
# distance from previous block
# <min> <max>
0	3

[block]
# block no. 4 follows, 57 sequences, length 18
# corresponding to MSA columns:
# 262-279
name=unknown_E
#
# <colnr> <probs for GDERKNQSTAVLIFYWHMCP>
#	G	D	E	R	K	N	Q	S	T	A	V	L	I	F	Y	W	H	M	C	P
0	0.07317	0.00812	0.03012	0.13485	0.24755	0.00810	0.04164	0.01145	0.03689	0.01433	0.07061	0.17760	0.04299	0.00757	0.02420	0.00161	0.00452	0.00622	0.02762	0.03086
1	0.00962	0.03886	0.00956	0.00741	0.01027	0.03662	0.02762	0.01157	0.02771	0.06974	0.01355	0.18893	0.01338	0.02187	0.00458	0.00120	0.00366	0.05072	0.00329	0.44983
2	0.03894	0.12800	0.18292	0.00905	0.03502	0.05303	0.00825	0.07767	0.01024	0.01386	0.01501	0.26048	0.04833	0.05483	0.00558	0.00160	0.00454	0.00653	0.00307	0.04304
3	0.00619	0.00482	0.00564	0.00547	0.00675	0.00441	0.00409	0.00838	0.05022	0.01551	0.42780	0.08343	0.34021	0.01026	0.00534	0.00150	0.00230	0.00885	0.00462	0.00421
4	0.02762	0.00635	0.03884	0.00760	0.00892	0.00655	0.00619	0.06254	0.00892	0.03639	0.06802	0.01898	0.01339	0.06484	0.56337	0.00558	0.02606	0.02246	0.00288	0.00450
5	0.01240	0.57856	0.08345	0.00903	0.01294	0.02920	0.03880	0.12333	0.01113	0.01385	0.03256	0.00904	0.00728	0.00437	0.00362	0.00111	0.01776	0.00305	0.00242	0.00609
6	0.00669	0.00490	0.00668	0.00713	0.00798	0.00478	0.02278	0.00860	0.04421	0.02374	0.12132	0.40388	0.05020	0.03327	0.03677	0.00208	0.00351	0.20318	0.00419	0.00413
7	0.69429	0.00808	0.00663	0.00589	0.00848	0.00911	0.00478	0.01346	0.00825	0.07666	0.00827	0.00960	0.00641	0.02824	0.00355	0.00145	0.00341	0.00291	0.09556	0.00497
8	0.00695	0.00577	0.03732	0.00677	0.00789	0.00512	0.00515	0.08822	0.01052	0.01390	0.06107	0.53060	0.14882	0.01221	0.00553	0.00172	0.00301	0.04097	0.00419	0.00428
9	0.05581	0.09078	0.20243	0.06487	0.04201	0.08665	0.08446	0.04305	0.01044	0.04307	0.07563	0.02761	0.02407	0.00684	0.04014	0.00169	0.05877	0.03326	0.00273	0.00570
10	0.00719	0.00518	0.00700	0.00815	0.06955	0.00498	0.00536	0.03430	0.00992	0.04825	0.08292	0.53092	0.09934	0.01196	0.00567	0.00172	0.01539	0.04369	0.00415	0.00436
11	0.00659	0.00445	0.00519	0.00531	0.00542	0.00445	0.00322	0.00682	0.00698	0.00930	0.01541	0.06559	0.01765	0.72476	0.03965	0.00418	0.00448	0.06473	0.00291	0.00292
12	0.01016	0.04588	0.01523	0.43227	0.18070	0.05783	0.06646	0.01280	0.00984	0.04190	0.02924	0.04536	0.00838	0.00497	0.00474	0.00145	0.02034	0.00447	0.00239	0.00560
13	0.02691	0.39625	0.05837	0.01064	0.09919	0.12199	0.00849	0.01488	0.11144	0.01272	0.01144	0.04190	0.05820	0.00517	0.00378	0.00121	0.00502	0.00389	0.00261	0.00589
14	0.03000	0.03437	0.07409	0.02656	0.05503	0.08334	0.02765	0.03233	0.06279	0.01326	0.01586	0.09307	0.11496	0.02996	0.07483	0.00209	0.15789	0.01428	0.05255	0.00507
15	0.00596	0.00455	0.00532	0.00523	0.00632	0.00408	0.00379	0.00742	0.01098	0.01452	0.38488	0.08467	0.34102	0.09271	0.00713	0.00178	0.00245	0.00885	0.00441	0.00391
16	0.00624	0.00444	0.00554	0.00587	0.00678	0.00402	0.00424	0.00753	0.01031	0.03880	0.22127	0.38584	0.22637	0.01198	0.00555	0.00166	0.00253	0.04259	0.00444	0.00401
17	0.07145	0.02322	0.05138	0.10275	0.25807	0.05743	0.03225	0.04687	0.02982	0.07435	0.01310	0.08660	0.04303	0.02821	0.00527	0.00155	0.01981	0.04593	0.00301	0.00591

[dist]
# distance from previous block
# <min> <max>
0	9

[block]
# block no. 5 follows, 57 sequences, length 19
# corresponding to MSA columns:
# 289-300,317-323
name=unknown_F
#
# <colnr> <probs for GDERKNQSTAVLIFYWHMCP>
#	G	D	E	R	K	N	Q	S	T	A	V	L	I	F	Y	W	H	M	C	P
0	0.01131	0.02533	0.12553	0.03028	0.14624	0.00872	0.02616	0.04166	0.04607	0.11308	0.01056	0.01171	0.02176	0.00498	0.01891	0.00127	0.03711	0.00368	0.00297	0.31268
1	0.00755	0.00554	0.00649	0.02383	0.00794	0.01892	0.00476	0.07394	0.01126	0.04094	0.20843	0.28539	0.20236	0.03901	0.00593	0.00168	0.00293	0.02726	0.02148	0.00436
2	0.31975	0.01026	0.03961	0.02551	0.19137	0.02767	0.02400	0.12308	0.02028	0.08894	0.02805	0.02721	0.00822	0.02334	0.00460	0.00147	0.02354	0.00384	0.00318	0.00609
3	0.05855	0.21607	0.16488	0.07314	0.04824	0.11916	0.00993	0.11825	0.02148	0.03906	0.00949	0.02992	0.02158	0.00498	0.00417	0.00129	0.01993	0.01426	0.00268	0.02292
4	0.01061	0.04286	0.05721	0.15916	0.13786	0.03301	0.11035	0.08049	0.05950	0.04812	0.03991	0.04916	0.02507	0.00750	0.05252	0.00183	0.02360	0.05236	0.00299	0.00588
5	0.00588	0.00446	0.00545	0.00590	0.00671	0.00413	0.00415	0.00749	0.04193	0.01325	0.17474	0.46505	0.21959	0.01231	0.00555	0.00168	0.00250	0.01090	0.00437	0.00397
6	0.00928	0.00920	0.00920	0.00907	0.05893	0.16239	0.02246	0.03899	0.01062	0.01308	0.13325	0.04931	0.21672	0.08396	0.06842	0.00217	0.08865	0.00639	0.00333	0.00459
7	0.08303	0.10714	0.11981	0.08348	0.11314	0.10743	0.04566	0.13636	0.04751	0.05123	0.00920	0.01095	0.00718	0.00486	0.00465	0.00137	0.04216	0.01573	0.00283	0.00628
8	0.00949	0.00687	0.03211	0.00789	0.02792	0.00621	0.04693	0.07448	0.03424	0.13075	0.09536	0.15629	0.24189	0.01054	0.04789	0.00184	0.00388	0.03895	0.02133	0.00513
9	0.00648	0.00460	0.00571	0.00609	0.00703	0.00425	0.00453	0.00773	0.00984	0.04058	0.11423	0.29167	0.24805	0.06969	0.03078	0.00207	0.00318	0.13539	0.00418	0.00395
10	0.03675	0.00581	0.00610	0.00610	0.00746	0.03728	0.00453	0.02675	0.04552	0.04589	0.10111	0.23922	0.35006	0.02719	0.00563	0.00165	0.00294	0.04150	0.00421	0.00431
11	0.04934	0.14234	0.13899	0.05646	0.07263	0.13624	0.06039	0.08562	0.01120	0.05339	0.02840	0.06579	0.02257	0.00557	0.00475	0.00138	0.04216	0.01412	0.00278	0.00590
12	0.03619	0.13359	0.33335	0.01177	0.01640	0.04546	0.12568	0.05694	0.07462	0.04275	0.02153	0.01125	0.00775	0.00637	0.05550	0.00174	0.00637	0.00386	0.00258	0.00630
13	0.00557	0.00455	0.00485	0.00498	0.00625	0.00393	0.00367	0.00669	0.01002	0.01222	0.06805	0.11667	0.62445	0.06552	0.00658	0.00177	0.00254	0.04377	0.00414	0.00377
14	0.03004	0.06161	0.02951	0.01120	0.01383	0.52665	0.04818	0.02867	0.10817	0.04820	0.00910	0.01002	0.00723	0.00555	0.02325	0.00140	0.02550	0.00344	0.00276	0.00569
15	0.02978	0.06310	0.14784	0.16176	0.19835	0.09597	0.04077	0.05980	0.01077	0.05846	0.01018	0.08438	0.00874	0.00530	0.00445	0.00140	0.00567	0.00454	0.00265	0.00609
16	0.04798	0.02412	0.06829	0.00838	0.01114	0.12240	0.00708	0.14066	0.03130	0.19772	0.11054	0.07856	0.10182	0.00698	0.00462	0.00140	0.00435	0.00564	0.02109	0.00594
17	0.00856	0.00805	0.01359	0.82986	0.03121	0.01007	0.01258	0.01158	0.00906	0.01158	0.00805	0.01208	0.00604	0.00453	0.00453	0.00151	0.00604	0.00403	0.00201	0.00503
18	0.04979	0.12604	0.08184	0.11694	0.11010	0.13609	0.07040	0.09403	0.02131	0.01438	0.00927	0.06629	0.00811	0.00595	0.02369	0.00152	0.05159	0.00425	0.00258	0.00582

[dist]
# distance from previous block
# <min> <max>
4	16

[block]
# block no. 6 follows, 57 sequences, length 16
# corresponding to MSA columns:
# 341-356
name=unknown_G
#
# <colnr> <probs for GDERKNQSTAVLIFYWHMCP>
#	G	D	E	R	K	N	Q	S	T	A	V	L	I	F	Y	W	H	M	C	P
0	0.04848	0.35475	0.05713	0.00988	0.04803	0.10743	0.02458	0.03351	0.08937	0.01329	0.00937	0.03208	0.00824	0.00520	0.00462	0.00127	0.07339	0.02671	0.04691	0.00575
1	0.01016	0.00797	0.01054	0.11582	0.15827	0.03151	0.00799	0.06029	0.10247	0.08201	0.04507	0.09410	0.09249	0.09537	0.00683	0.00183	0.00433	0.06387	0.00357	0.00550
2	0.04459	0.07255	0.10309	0.02467	0.01349	0.06173	0.12017	0.14316	0.02947	0.01532	0.01302	0.07719	0.04273	0.10474	0.01737	0.00191	0.05493	0.05139	0.00303	0.00545
3	0.00851	0.00621	0.00815	0.00754	0.00913	0.00629	0.04215	0.03186	0.12000	0.08205	0.10633	0.17559	0.17864	0.01294	0.11308	0.00236	0.02309	0.05705	0.00410	0.00492
4	0.00615	0.00429	0.00545	0.00574	0.00641	0.00402	0.00402	0.00674	0.00895	0.01176	0.13280	0.28293	0.22037	0.05164	0.06943	0.15972	0.00350	0.00891	0.00371	0.00347
5	0.01096	0.03048	0.03666	0.09891	0.40654	0.04631	0.02585	0.05182	0.03880	0.04652	0.03597	0.07509	0.04648	0.00566	0.00485	0.00142	0.02350	0.00505	0.00285	0.00631
6	0.03164	0.05806	0.04898	0.12755	0.06929	0.08471	0.09228	0.22113	0.01334	0.09875	0.02961	0.04919	0.02270	0.00613	0.02526	0.00154	0.00562	0.00459	0.00334	0.00628
7	0.00938	0.00589	0.00714	0.00669	0.00837	0.00560	0.00516	0.06146	0.06438	0.14926	0.16681	0.19959	0.21458	0.01001	0.00527	0.00159	0.00300	0.06618	0.00463	0.00502
8	0.03089	0.00520	0.00592	0.00561	0.00715	0.00474	0.00425	0.00947	0.04241	0.09174	0.22090	0.06911	0.39782	0.05466	0.00617	0.00167	0.00267	0.03076	0.00443	0.00442
9	0.12201	0.05971	0.05866	0.02851	0.03648	0.11552	0.05235	0.17510	0.04741	0.16576	0.01103	0.02339	0.00837	0.03468	0.02312	0.00161	0.02243	0.00402	0.00352	0.00632
10	0.00688	0.00494	0.00671	0.00756	0.00848	0.00485	0.00630	0.00866	0.01018	0.01331	0.07511	0.15111	0.06851	0.04959	0.00684	0.00209	0.00375	0.55694	0.00417	0.00403
11	0.00723	0.00476	0.00627	0.00685	0.00759	0.00463	0.00526	0.00855	0.00942	0.04608	0.06640	0.24692	0.02505	0.17911	0.00931	0.00239	0.00363	0.32725	0.02939	0.00391
12	0.01017	0.03795	0.50575	0.04772	0.05047	0.06758	0.10454	0.02554	0.01019	0.03495	0.01985	0.04768	0.00770	0.00483	0.00448	0.00143	0.00645	0.00412	0.00228	0.00633
13	0.01244	0.00959	0.01126	0.01033	0.06032	0.01042	0.02532	0.27079	0.27917	0.05306	0.04821	0.09908	0.03274	0.00711	0.00485	0.00152	0.00410	0.04867	0.00437	0.00664
14	0.00557	0.00409	0.00523	0.00603	0.00653	0.00375	0.00411	0.00652	0.00923	0.01219	0.09119	0.66565	0.13641	0.01343	0.00569	0.00176	0.00254	0.01206	0.00427	0.00375
15	0.01083	0.03981	0.13050	0.02682	0.01295	0.02784	0.04755	0.14982	0.10371	0.03691	0.07173	0.06605	0.02890	0.00693	0.00588	0.06596	0.03288	0.02476	0.00338	0.10680

[dist]
# distance from previous block
# <min> <max>
1	30

[block]
# block no. 7 follows, 57 sequences, length 26
# corresponding to MSA columns:
# 389-414
name=unknown_H
#
# <colnr> <probs for GDERKNQSTAVLIFYWHMCP>
#	G	D	E	R	K	N	Q	S	T	A	V	L	I	F	Y	W	H	M	C	P
0	0.18128	0.09047	0.03740	0.08636	0.14329	0.05905	0.00845	0.09453	0.01083	0.05317	0.03056	0.01291	0.00873	0.02015	0.01825	0.00146	0.00482	0.03718	0.03394	0.06719
1	0.06014	0.35182	0.29407	0.00975	0.01435	0.04863	0.01063	0.07903	0.01045	0.01426	0.02125	0.00910	0.00665	0.00476	0.01671	0.00129	0.00558	0.00305	0.00230	0.03618
2	0.01425	0.04292	0.01207	0.01006	0.01261	0.27990	0.00791	0.22011	0.21070	0.01782	0.01217	0.04690	0.00995	0.00589	0.00469	0.00137	0.02982	0.02097	0.03364	0.00625
3	0.04264	0.00552	0.03566	0.00680	0.00781	0.00543	0.00534	0.00826	0.00839	0.01219	0.13005	0.09711	0.03320	0.12932	0.41928	0.00482	0.00780	0.03329	0.00309	0.00401
4	0.00669	0.00494	0.00675	0.00658	0.00740	0.00528	0.00481	0.00788	0.00732	0.01044	0.01292	0.05431	0.01310	0.24327	0.51459	0.00578	0.00902	0.00548	0.00261	0.07083
5	0.01032	0.04633	0.04468	0.03761	0.02677	0.05138	0.05230	0.13674	0.05934	0.05883	0.14673	0.20154	0.06125	0.00827	0.00513	0.00152	0.01709	0.02480	0.00393	0.00544
6	0.03689	0.09255	0.04131	0.10437	0.12466	0.08090	0.00917	0.08447	0.18619	0.03451	0.05409	0.04478	0.01143	0.00585	0.00498	0.00144	0.04941	0.02360	0.00325	0.00613
7	0.00869	0.07832	0.13274	0.03185	0.01196	0.00900	0.04895	0.05162	0.02892	0.01323	0.05706	0.03379	0.03490	0.05226	0.25896	0.00339	0.09597	0.00485	0.03851	0.00504
8	0.00680	0.00460	0.00534	0.00533	0.00558	0.00460	0.00325	0.02873	0.00777	0.01056	0.07590	0.11372	0.01942	0.63063	0.03726	0.00381	0.00418	0.00721	0.02215	0.00316
9	0.00957	0.02207	0.72568	0.01285	0.01918	0.01073	0.04021	0.04727	0.04325	0.01514	0.00871	0.01001	0.00619	0.00441	0.00436	0.00144	0.00653	0.00351	0.00215	0.00674
10	0.01011	0.06802	0.01130	0.02586	0.04492	0.04918	0.00658	0.01270	0.06002	0.01421	0.00871	0.02325	0.00739	0.00414	0.00424	0.00092	0.05323	0.00316	0.00269	0.58938
11	0.00977	0.03336	0.09488	0.01094	0.07207	0.00823	0.11437	0.05917	0.02253	0.07339	0.07055	0.04409	0.03418	0.13728	0.10008	0.00259	0.03561	0.05166	0.00315	0.02209
12	0.00594	0.00415	0.00525	0.00586	0.00615	0.00397	0.00382	0.00650	0.00817	0.01087	0.04287	0.50131	0.06630	0.23642	0.03875	0.03284	0.00344	0.01031	0.00370	0.00341
13	0.00568	0.00419	0.00533	0.00607	0.00668	0.00385	0.00426	0.00672	0.00944	0.01238	0.09722	0.57900	0.16997	0.01318	0.00570	0.00176	0.00262	0.05788	0.00427	0.00379
14	0.01153	0.09465	0.23207	0.08815	0.08330	0.06098	0.09835	0.06355	0.02503	0.08608	0.05299	0.02228	0.00925	0.01721	0.00507	0.00144	0.03485	0.00421	0.00277	0.00622
15	0.02647	0.15186	0.21064	0.06912	0.05579	0.04022	0.04705	0.18591	0.02671	0.10975	0.02809	0.01114	0.00794	0.00477	0.00422	0.00133	0.00546	0.00378	0.00311	0.00664
16	0.01377	0.01064	0.01140	0.00944	0.01241	0.01188	0.00756	0.36982	0.37528	0.04271	0.04557	0.01576	0.04074	0.00612	0.00463	0.00145	0.00412	0.00492	0.00460	0.00720
17	0.05097	0.03186	0.26027	0.11387	0.05907	0.02445	0.04859	0.05047	0.05732	0.07044	0.05107	0.03142	0.01011	0.02453	0.00574	0.00157	0.07092	0.02847	0.00285	0.00601
18	0.05244	0.10731	0.12501	0.04726	0.13665	0.10013	0.02632	0.05155	0.12095	0.07024	0.04659	0.05977	0.02556	0.00556	0.00433	0.00138	0.00507	0.00456	0.00312	0.00620
19	0.00651	0.00470	0.00649	0.00649	0.00702	0.00523	0.00467	0.00758	0.00705	0.00993	0.01286	0.02183	0.01308	0.30789	0.55128	0.00630	0.00951	0.00544	0.00254	0.00360
20	0.00650	0.00473	0.00665	0.00665	0.00725	0.00532	0.00488	0.00769	0.00710	0.01005	0.01271	0.02098	0.01271	0.25060	0.60807	0.00651	0.01006	0.00532	0.00251	0.00370
21	0.02667	0.07167	0.13087	0.07296	0.09807	0.06902	0.02276	0.27731	0.07916	0.05782	0.01035	0.01133	0.00774	0.00606	0.03696	0.00160	0.00570	0.00390	0.00331	0.00674
22	0.04040	0.06474	0.05939	0.04191	0.13824	0.21706	0.07513	0.11352	0.06121	0.07333	0.02380	0.01154	0.02024	0.00481	0.00431	0.00130	0.00584	0.00389	0.00301	0.03634
23	0.00972	0.00748	0.06114	0.00824	0.03926	0.03000	0.03048	0.04126	0.02242	0.13300	0.05165	0.21622	0.09416	0.11360	0.00892	0.10158	0.01530	0.00723	0.00366	0.00469
24	0.01273	0.03103	0.01047	0.10279	0.03375	0.00841	0.00715	0.16158	0.02564	0.22881	0.10680	0.04162	0.13474	0.03153	0.00573	0.00154	0.03972	0.00575	0.00423	0.00599
25	0.04322	0.21882	0.06738	0.04716	0.12764	0.13952	0.09652	0.08397	0.04628	0.01436	0.00911	0.05168	0.00785	0.00493	0.00435	0.00131	0.02329	0.00401	0.00258	0.00604

[dist]
# distance from previous block
# <min> <max>
4	8

[block]
# block no. 8 follows, 57 sequences, length 23
# corresponding to MSA columns:
# 425-447
name=unknown_I
#
# <colnr> <probs for GDERKNQSTAVLIFYWHMCP>
#	G	D	E	R	K	N	Q	S	T	A	V	L	I	F	Y	W	H	M	C	P
0	0.01295	0.17073	0.06932	0.01015	0.03853	0.13503	0.02030	0.18020	0.11514	0.03146	0.01083	0.06638	0.00913	0.00541	0.00432	0.00126	0.02003	0.00416	0.00320	0.09148
1	0.30419	0.00802	0.00864	0.02569	0.01038	0.00797	0.00576	0.04450	0.00992	0.19701	0.01179	0.07140	0.02431	0.02136	0.00445	0.00134	0.02849	0.00410	0.00356	0.20711
2	0.01055	0.02497	0.03167	0.00899	0.05238	0.00861	0.00678	0.19784	0.15424	0.03277	0.09706	0.11766	0.08660	0.02640	0.00625	0.06738	0.00382	0.03659	0.00401	0.02544
3	0.03476	0.07422	0.14111	0.04253	0.12593	0.00919	0.11169	0.04946	0.02785	0.07008	0.08679	0.12960	0.06421	0.00663	0.00473	0.00146	0.00478	0.00594	0.00322	0.00582
4	0.03423	0.06891	0.00840	0.00711	0.00832	0.00687	0.00563	0.02667	0.03173	0.01187	0.01325	0.04877	0.03332	0.03859	0.58601	0.00560	0.00965	0.00502	0.04570	0.00435
5	0.00603	0.00456	0.00541	0.00564	0.00653	0.00407	0.00385	0.00692	0.00893	0.01175	0.05500	0.39271	0.22443	0.16007	0.00854	0.00210	0.00290	0.00988	0.00384	0.07682
6	0.01186	0.05167	0.17744	0.04446	0.10471	0.13109	0.10097	0.07003	0.03959	0.05901	0.03842	0.01363	0.03820	0.00541	0.00540	0.00144	0.07506	0.02269	0.00280	0.00612
7	0.01124	0.06579	0.21295	0.04901	0.27984	0.07949	0.02879	0.02675	0.09260	0.03295	0.00980	0.01222	0.00789	0.00487	0.00486	0.00141	0.04265	0.02779	0.00255	0.00653
8	0.00747	0.00522	0.00631	0.00610	0.00750	0.00488	0.00466	0.01000	0.07459	0.07230	0.33372	0.12237	0.24981	0.01015	0.00535	0.00156	0.00262	0.06620	0.00464	0.00455
9	0.03603	0.14523	0.10798	0.07627	0.12220	0.06195	0.07633	0.05076	0.04554	0.01393	0.02429	0.08685	0.04512	0.00701	0.03486	0.00163	0.03204	0.02353	0.00273	0.00572
10	0.05106	0.06272	0.12315	0.11720	0.16048	0.02330	0.11780	0.07656	0.08615	0.09084	0.03954	0.01251	0.00894	0.00476	0.00446	0.00141	0.00541	0.00424	0.00300	0.00647
11	0.00658	0.00462	0.00620	0.02421	0.00757	0.00449	0.01851	0.00772	0.03445	0.02712	0.04073	0.50272	0.05239	0.12604	0.00882	0.05789	0.00325	0.05909	0.00384	0.00376
12	0.00677	0.00557	0.00758	0.02701	0.10575	0.00530	0.02216	0.01989	0.02503	0.01294	0.07836	0.32045	0.26591	0.05522	0.00632	0.00177	0.00319	0.02258	0.00386	0.00436
13	0.01204	0.06848	0.15188	0.02957	0.21137	0.12970	0.10326	0.08178	0.04026	0.03346	0.01001	0.02401	0.02038	0.00479	0.00459	0.00135	0.02244	0.00409	0.04019	0.00634
14	0.02486	0.18144	0.12038	0.03233	0.05718	0.08108	0.03388	0.04303	0.07313	0.04946	0.03015	0.03260	0.03346	0.15097	0.01905	0.00194	0.02223	0.00454	0.00282	0.00548
15	0.00909	0.02344	0.81727	0.01292	0.01961	0.01052	0.01674	0.01435	0.00957	0.01435	0.00813	0.00957	0.00574	0.00431	0.00431	0.00144	0.00670	0.00335	0.00191	0.00670
16	0.00971	0.05782	0.24563	0.05302	0.06968	0.07213	0.08955	0.04402	0.03891	0.01373	0.04305	0.06215	0.03979	0.07837	0.06104	0.00207	0.00610	0.00498	0.00266	0.00560
17	0.02810	0.08003	0.16926	0.06768	0.10867	0.12547	0.03474	0.08850	0.02345	0.10485	0.03080	0.03748	0.01932	0.00536	0.00457	0.00138	0.02198	0.02144	0.02074	0.00620
18	0.00758	0.03353	0.01007	0.33343	0.05616	0.00741	0.00829	0.00990	0.03327	0.01249	0.07604	0.24039	0.06756	0.03329	0.00558	0.00169	0.00430	0.05122	0.00319	0.00461
19	0.03359	0.25267	0.01194	0.00702	0.00914	0.04471	0.00590	0.04996	0.03094	0.04256	0.04125	0.10548	0.07455	0.04762	0.03784	0.00170	0.01959	0.04705	0.13150	0.00498
20	0.01195	0.02397	0.10588	0.04737	0.08902	0.08089	0.08128	0.07644	0.06632	0.13382	0.02677	0.07084	0.06092	0.03326	0.00523	0.00153	0.00497	0.02192	0.05164	0.00600
21	0.03562	0.02719	0.04791	0.08272	0.18365	0.07024	0.03464	0.05706	0.04795	0.02999	0.01425	0.17987	0.03903	0.03705	0.05933	0.00199	0.02231	0.02066	0.00306	0.00547
22	0.00619	0.00451	0.00563	0.00577	0.00632	0.00458	0.00395	0.00699	0.00774	0.01029	0.02062	0.13705	0.15611	0.33976	0.25993	0.00442	0.00613	0.00743	0.00310	0.00345

[dist]
# distance from previous block
# <min> <max>
3	11

[block]
# block no. 9 follows, 57 sequences, length 18
# corresponding to MSA columns:
# 460-477
name=unknown_J
#
# <colnr> <probs for GDERKNQSTAVLIFYWHMCP>
#	G	D	E	R	K	N	Q	S	T	A	V	L	I	F	Y	W	H	M	C	P
0	0.01281	0.34486	0.06818	0.02175	0.04321	0.01377	0.08525	0.18734	0.05271	0.05837	0.03403	0.01191	0.03729	0.00490	0.00400	0.00125	0.00501	0.00389	0.00306	0.00641
1	0.01227	0.00961	0.01036	0.00897	0.01164	0.01077	0.00707	0.15060	0.55215	0.06635	0.06567	0.01781	0.04355	0.00638	0.00467	0.00149	0.00370	0.00526	0.00466	0.00700
2	0.01065	0.00774	0.02401	0.06070	0.01127	0.00823	0.00683	0.10784	0.12695	0.11783	0.04176	0.04893	0.10871	0.04021	0.13431	0.00253	0.07424	0.02085	0.04087	0.00553
3	0.01046	0.03433	0.05787	0.00901	0.05303	0.04460	0.00708	0.08627	0.08226	0.05350	0.07419	0.09244	0.06881	0.00628	0.00472	0.00124	0.03527	0.00514	0.00346	0.27006
4	0.01140	0.01074	0.01772	0.03714	0.64123	0.01081	0.05485	0.05660	0.05258	0.01570	0.00918	0.01149	0.00750	0.00419	0.00450	0.00134	0.00532	0.00411	0.00251	0.04108
5	0.00628	0.00447	0.00532	0.00569	0.00658	0.00410	0.00402	0.00771	0.02967	0.03145	0.11728	0.40427	0.25227	0.03494	0.00586	0.00171	0.00255	0.01027	0.06157	0.00398
6	0.00901	0.00772	0.00987	0.09749	0.07402	0.03944	0.03666	0.04786	0.09332	0.04176	0.15296	0.06774	0.21811	0.00801	0.00562	0.00151	0.05823	0.00673	0.01879	0.00516
7	0.01281	0.11920	0.09014	0.01306	0.15480	0.08533	0.02073	0.14598	0.11210	0.06946	0.03113	0.03043	0.00981	0.00546	0.00481	0.00137	0.04149	0.02704	0.00325	0.02161
8	0.00752	0.03873	0.02867	0.03087	0.00867	0.00571	0.00541	0.03262	0.05341	0.04170	0.25490	0.28936	0.10282	0.01029	0.00526	0.00159	0.00299	0.05476	0.02017	0.00455
9	0.00769	0.00530	0.00758	0.00757	0.00885	0.00497	0.04787	0.00941	0.01051	0.07638	0.13654	0.24808	0.11696	0.01137	0.00572	0.00178	0.00343	0.28127	0.00431	0.00440
10	0.03696	0.23677	0.26179	0.03278	0.06778	0.11732	0.01073	0.01430	0.05738	0.01307	0.01052	0.01220	0.04922	0.00616	0.04004	0.00155	0.00597	0.01717	0.00237	0.00593
11	0.06655	0.03006	0.18884	0.02642	0.16217	0.24841	0.05305	0.04224	0.05915	0.01463	0.04099	0.01169	0.02658	0.00484	0.00431	0.00134	0.00617	0.00386	0.00260	0.00608
