[name]
unknown

[dist]
# distance from previous block
# <min> <max>
0	86

[block]
# block no. 0 follows, 72 sequences, length 16
# corresponding to MSA columns:
# 86-101
name=unknown_A
#
# <colnr> <probs for GDERKNQSTAVLIFYWHMCP>
#	G	D	E	R	K	N	Q	S	T	A	V	L	I	F	Y	W	H	M	C	P
0	0.00571	0.00408	0.00564	0.00647	0.00718	0.00401	0.00536	0.00719	0.00845	0.01110	0.05550	0.24519	0.02323	0.01071	0.00511	0.00167	0.00310	0.58337	0.00353	0.00339
1	0.01288	0.29669	0.01383	0.00856	0.01108	0.47089	0.00704	0.11661	0.01064	0.01101	0.00608	0.00688	0.00508	0.00377	0.00314	0.00094	0.00559	0.00243	0.00208	0.00481
2	0.00467	0.00334	0.00444	0.00525	0.00551	0.00311	0.00352	0.00540	0.00748	0.01002	0.07180	0.81236	0.02575	0.01163	0.00482	0.00152	0.00217	0.01054	0.00356	0.00311
3	0.00853	0.01894	0.04127	0.00646	0.00779	0.07452	0.00490	0.07402	0.11330	0.06370	0.03415	0.11433	0.05526	0.28094	0.08238	0.00250	0.00434	0.00543	0.00306	0.00417
4	0.00996	0.05661	0.12826	0.03281	0.43061	0.04562	0.04897	0.05850	0.06299	0.05418	0.00793	0.00941	0.00623	0.00376	0.00393	0.00115	0.02782	0.00332	0.00220	0.00574
5	0.00704	0.00463	0.00579	0.00525	0.00652	0.00441	0.00402	0.02944	0.07592	0.10077	0.59711	0.04514	0.08426	0.00737	0.00435	0.00121	0.00211	0.00642	0.00414	0.00410
6	0.19726	0.00823	0.00932	0.02767	0.09703	0.04171	0.00636	0.17786	0.05779	0.30185	0.01037	0.01017	0.00720	0.00425	0.00346	0.00115	0.00362	0.00328	0.02572	0.00569
7	0.03382	0.30631	0.12859	0.01088	0.10772	0.09462	0.11564	0.05083	0.00860	0.01116	0.00658	0.02702	0.00563	0.00391	0.00403	0.00109	0.07364	0.00302	0.00189	0.00504
8	0.02147	0.02872	0.10528	0.00689	0.00863	0.08561	0.00584	0.05505	0.14306	0.04147	0.12191	0.02682	0.01307	0.21136	0.07723	0.00219	0.03388	0.00446	0.00281	0.00427
9	0.00542	0.00406	0.00610	0.00610	0.00677	0.00474	0.00474	0.00677	0.00610	0.00880	0.01016	0.01490	0.00948	0.02844	0.85169	0.00610	0.01016	0.00406	0.00203	0.00339
10	0.00508	0.00386	0.00435	0.00440	0.00515	0.00357	0.00303	0.00618	0.03452	0.01034	0.15315	0.15490	0.34682	0.23793	0.00846	0.00194	0.00244	0.00746	0.00331	0.00309
11	0.05538	0.29256	0.16082	0.03938	0.02333	0.19171	0.03866	0.07208	0.07151	0.01175	0.00688	0.00776	0.00550	0.00372	0.00319	0.00103	0.00493	0.00268	0.00207	0.00506
12	0.00841	0.00823	0.01344	0.36693	0.31089	0.03715	0.09224	0.01129	0.05961	0.01126	0.00800	0.04129	0.00659	0.00397	0.00388	0.00122	0.00482	0.00378	0.00199	0.00501
13	0.00479	0.00371	0.00441	0.00487	0.00568	0.00333	0.00361	0.00577	0.00817	0.01030	0.04658	0.35368	0.39273	0.01056	0.00473	0.00145	0.00225	0.12664	0.00353	0.00321
14	0.00620	0.00421	0.00512	0.00497	0.00566	0.00413	0.00343	0.02258	0.06059	0.04723	0.30875	0.16612	0.03634	0.29692	0.00944	0.00209	0.00268	0.00673	0.00342	0.00339
15	0.11894	0.03270	0.04736	0.00809	0.03627	0.29073	0.00630	0.05821	0.07119	0.10407	0.06919	0.08166	0.01002	0.02428	0.00392	0.00118	0.00442	0.00385	0.00282	0.02482

[dist]
# distance from previous block
# <min> <max>
0	28

[block]
# block no. 1 follows, 72 sequences, length 38
# corresponding to MSA columns:
# 130-167
name=unknown_B
#
# <colnr> <probs for GDERKNQSTAVLIFYWHMCP>
#	G	D	E	R	K	N	Q	S	T	A	V	L	I	F	Y	W	H	M	C	P
0	0.08482	0.08275	0.08960	0.02490	0.19523	0.04734	0.14678	0.11381	0.02206	0.11271	0.02145	0.00949	0.00653	0.00386	0.00382	0.00115	0.02234	0.00337	0.00251	0.00550
1	0.06041	0.02167	0.02310	0.00850	0.06861	0.07224	0.02328	0.26351	0.12613	0.03331	0.04031	0.08341	0.09203	0.00548	0.00379	0.00116	0.00366	0.00448	0.00322	0.06170
2	0.03134	0.02169	0.02935	0.34285	0.26225	0.09489	0.00977	0.09282	0.00924	0.01212	0.00788	0.01039	0.02522	0.00403	0.00385	0.00119	0.01746	0.01663	0.00207	0.00498
3	0.00698	0.00450	0.00526	0.00476	0.00636	0.00382	0.00367	0.00820	0.00914	0.14698	0.14355	0.08698	0.44631	0.00812	0.00426	0.00121	0.00224	0.02233	0.00369	0.08163
4	0.00888	0.00861	0.01435	0.24870	0.58733	0.02660	0.02820	0.01120	0.00840	0.01159	0.00701	0.00955	0.00572	0.00350	0.00377	0.00116	0.00474	0.00338	0.00183	0.00547
5	0.00796	0.00451	0.00582	0.00517	0.00658	0.00406	0.00399	0.00970	0.02198	0.20341	0.54105	0.04246	0.11357	0.00730	0.00432	0.00121	0.00216	0.00633	0.00421	0.00422
6	0.00467	0.00334	0.00446	0.00534	0.00558	0.00312	0.00361	0.00537	0.00731	0.00974	0.02088	0.83691	0.02498	0.01183	0.00485	0.00155	0.00224	0.03763	0.00352	0.00309
7	0.00468	0.00336	0.00444	0.00520	0.00550	0.00312	0.00351	0.00544	0.00758	0.01015	0.08911	0.77310	0.04777	0.01148	0.00480	0.00150	0.00216	0.01038	0.00357	0.00312
8	0.00472	0.00338	0.00449	0.00521	0.00552	0.00315	0.00353	0.00554	0.00774	0.01044	0.13403	0.74894	0.02656	0.01131	0.00479	0.00149	0.00214	0.01024	0.00361	0.00315
9	0.01014	0.86900	0.01987	0.00649	0.00973	0.01501	0.00649	0.01136	0.00771	0.00892	0.00527	0.00608	0.00487	0.00324	0.00243	0.00081	0.00406	0.00203	0.00162	0.00487
10	0.02405	0.12837	0.04718	0.08000	0.43671	0.10090	0.05693	0.01214	0.02444	0.02936	0.00699	0.00880	0.00573	0.00357	0.00371	0.00110	0.01954	0.00314	0.00193	0.00542
11	0.00860	0.13589	0.09849	0.00760	0.00941	0.09816	0.00673	0.04532	0.05512	0.02540	0.01134	0.01362	0.10558	0.07508	0.09677	0.01769	0.17880	0.00385	0.00226	0.00430
12	0.00943	0.00815	0.00858	0.00772	0.00986	0.00943	0.00600	0.02015	0.83621	0.01586	0.01544	0.01415	0.01158	0.00515	0.00386	0.00129	0.00300	0.00429	0.00386	0.00600
13	0.02215	0.00734	0.00829	0.00791	0.04801	0.00810	0.00592	0.06560	0.51378	0.06171	0.08316	0.03814	0.04514	0.00589	0.00402	0.00129	0.00303	0.06126	0.00377	0.00548
14	0.14528	0.00803	0.00927	0.00698	0.01009	0.00767	0.04991	0.22101	0.02797	0.05846	0.00778	0.00844	0.00593	0.00353	0.00315	0.00089	0.00340	0.00276	0.00280	0.41666
15	0.00623	0.00523	0.00555	0.00522	0.00675	0.00520	0.00401	0.02243	0.24549	0.01266	0.11978	0.02858	0.47283	0.00798	0.00429	0.00127	0.00230	0.02547	0.00368	0.01506
16	0.00459	0.00377	0.00404	0.00413	0.00523	0.00322	0.00304	0.00560	0.00867	0.01067	0.11779	0.14895	0.64770	0.00973	0.00453	0.00131	0.00195	0.00827	0.00359	0.00322
17	0.01442	0.01062	0.01138	0.00873	0.01176	0.01176	0.00721	0.83041	0.01783	0.02390	0.00911	0.00911	0.00645	0.00455	0.00379	0.00114	0.00417	0.00341	0.00379	0.00645
18	0.00567	0.00414	0.00554	0.00622	0.00700	0.00404	0.00509	0.00732	0.02699	0.01130	0.08601	0.22363	0.08370	0.01039	0.00500	0.00161	0.00294	0.49638	0.00356	0.00344
19	0.00817	0.00624	0.00561	0.00514	0.00646	0.10773	0.00393	0.09703	0.02467	0.01426	0.13469	0.01772	0.12262	0.00555	0.00339	0.00103	0.00269	0.00447	0.42463	0.00396
20	0.01064	0.00686	0.00804	0.00690	0.00883	0.00744	0.00545	0.14701	0.26098	0.18361	0.01275	0.01367	0.00978	0.05452	0.15627	0.00220	0.01921	0.00400	0.07657	0.00527
21	0.01016	0.00851	0.00898	0.00786	0.01014	0.00977	0.00618	0.13789	0.71729	0.01703	0.01452	0.01342	0.01083	0.00506	0.00385	0.00126	0.00317	0.00416	0.00385	0.00607
22	0.00895	0.01023	0.02238	0.01598	0.01982	0.00959	0.82928	0.01215	0.00895	0.01215	0.00767	0.01023	0.00575	0.00320	0.00448	0.00128	0.00639	0.00448	0.00192	0.00512
23	0.01297	0.00990	0.01057	0.00843	0.01121	0.01109	0.00686	0.59536	0.25524	0.02157	0.01094	0.01057	0.00794	0.00472	0.00381	0.00118	0.00383	0.00367	0.00381	0.00632
24	0.00879	0.09073	0.37905	0.01212	0.08641	0.02017	0.19491	0.02539	0.04636	0.04034	0.00805	0.03928	0.00634	0.00394	0.00394	0.00120	0.02201	0.00356	0.00202	0.00539
25	0.00462	0.00330	0.00440	0.00528	0.00550	0.00308	0.00352	0.00528	0.00726	0.00968	0.02090	0.86424	0.02508	0.01188	0.00484	0.00154	0.00220	0.01078	0.00352	0.00308
26	0.00462	0.00330	0.00440	0.00528	0.00550	0.00308	0.00352	0.00528	0.00726	0.00968	0.02090	0.86424	0.02508	0.01188	0.00484	0.00154	0.00220	0.01078	0.00352	0.00308
27	0.01050	0.08993	0.15106	0.01383	0.19051	0.09468	0.22396	0.08455	0.00967	0.07143	0.00762	0.00904	0.00579	0.00365	0.00390	0.00115	0.01766	0.00339	0.00219	0.00549
28	0.01038	0.01175	0.01276	0.07687	0.10664	0.29502	0.08691	0.01178	0.00823	0.00988	0.00591	0.00825	0.00514	0.00480	0.00699	0.00130	0.32789	0.00314	0.00181	0.00454
29	0.02481	0.28766	0.46960	0.00944	0.01391	0.05677	0.04878	0.01209	0.00813	0.02736	0.00644	0.00750	0.00495	0.00351	0.00324	0.00107	0.00512	0.00262	0.00172	0.00527
30	0.00629	0.00495	0.00532	0.00519	0.00646	0.00423	0.00378	0.00708	0.01015	0.01305	0.26426	0.04998	0.58386	0.00997	0.00510	0.00153	0.00243	0.00811	0.00418	0.00410
31	0.00628	0.00471	0.00618	0.00612	0.00694	0.00490	0.00456	0.00719	0.00739	0.01022	0.05948	0.02154	0.15783	0.10188	0.57008	0.00488	0.00792	0.00534	0.00276	0.00379
32	0.00473	0.00338	0.00452	0.00540	0.00567	0.00317	0.00370	0.00546	0.00736	0.00980	0.02084	0.80615	0.02485	0.01178	0.00487	0.00155	0.00229	0.06783	0.00352	0.00311
33	0.00486	0.00386	0.00436	0.00423	0.00535	0.00336	0.00318	0.00617	0.00953	0.01234	0.37722	0.03305	0.50141	0.00882	0.00448	0.00124	0.00187	0.00752	0.00380	0.00336
34	0.00934	0.51577	0.33105	0.00824	0.01233	0.04544	0.00936	0.01175	0.00794	0.01010	0.00587	0.00684	0.00484	0.00341	0.00291	0.00096	0.00475	0.00234	0.00163	0.00513
35	0.00838	0.00774	0.00940	0.18367	0.11077	0.07737	0.00741	0.02595	0.26253	0.01244	0.04289	0.11568	0.01224	0.00597	0.00426	0.00131	0.02373	0.08057	0.00291	0.00480
36	0.00462	0.00352	0.00425	0.00475	0.00538	0.00315	0.00330	0.00545	0.00796	0.01022	0.07845	0.52634	0.30726	0.01084	0.00469	0.00143	0.00208	0.00958	0.00356	0.00315
37	0.02005	0.16057	0.55998	0.01064	0.06441	0.02876	0.03152	0.01235	0.02444	0.04357	0.00703	0.00808	0.00521	0.00360	0.00343	0.00113	0.00515	0.00280	0.00181	0.00549

[dist]
# distance from previous block
# <min> <max>
1	9

[block]
# block no. 2 follows, 72 sequences, length 17
# corresponding to MSA columns:
# 177-193
name=unknown_C
#
# <colnr> <probs for GDERKNQSTAVLIFYWHMCP>
#	G	D	E	R	K	N	Q	S	T	A	V	L	I	F	Y	W	H	M	C	P
0	0.04336	0.04280	0.11270	0.00994	0.01271	0.39325	0.10111	0.12536	0.04563	0.02697	0.00773	0.00863	0.02118	0.00409	0.00384	0.00110	0.02926	0.00305	0.00231	0.00498
1	0.00662	0.00602	0.01001	0.62255	0.02085	0.00717	0.03471	0.00870	0.00751	0.00971	0.01003	0.19975	0.00972	0.02530	0.00440	0.00138	0.00443	0.00510	0.00211	0.00395
2	0.01067	0.46354	0.14652	0.03097	0.01183	0.06501	0.02361	0.12909	0.04154	0.03519	0.00684	0.00755	0.00549	0.00366	0.00304	0.00098	0.00450	0.00259	0.00213	0.00525
3	0.00953	0.00795	0.00957	0.02465	0.17359	0.04853	0.00675	0.11476	0.23753	0.04779	0.13958	0.02664	0.02105	0.00537	0.01662	0.00122	0.00354	0.01180	0.01920	0.07432
4	0.00619	0.00477	0.01916	0.00702	0.00804	0.00456	0.02646	0.02622	0.00880	0.01146	0.02021	0.11370	0.05747	0.01014	0.00509	0.00167	0.00343	0.65861	0.00343	0.00358
5	0.00813	0.00790	0.01229	0.55954	0.24428	0.04919	0.01044	0.01047	0.00803	0.01050	0.00680	0.00967	0.00532	0.00365	0.00373	0.00119	0.00491	0.00328	0.00177	0.03892
6	0.00879	0.00926	0.01288	0.01067	0.01138	0.08078	0.12181	0.00998	0.00666	0.00955	0.00557	0.00863	0.00520	0.00654	0.03387	0.00167	0.64732	0.00343	0.00173	0.00428
7	0.00471	0.00339	0.00449	0.00529	0.00560	0.00316	0.00362	0.00548	0.00751	0.01000	0.05433	0.76681	0.05177	0.01158	0.00483	0.00153	0.00223	0.04700	0.00355	0.00312
8	0.06622	0.14024	0.02861	0.18659	0.24381	0.18258	0.00892	0.05801	0.00913	0.03243	0.00670	0.00836	0.00538	0.00366	0.00341	0.00108	0.00490	0.00290	0.00202	0.00505
9	0.00746	0.00365	0.00374	0.00366	0.00462	0.00361	0.00277	0.00921	0.00807	0.04666	0.01247	0.01409	0.00971	0.00443	0.00270	0.00090	0.00182	0.00355	0.85323	0.00365
10	0.00483	0.00385	0.00435	0.00453	0.00551	0.00343	0.00332	0.00613	0.03102	0.01101	0.14777	0.23271	0.48227	0.00979	0.00457	0.00135	0.00205	0.03458	0.00362	0.00331
11	0.00579	0.00377	0.00450	0.00432	0.00525	0.00353	0.00324	0.00749	0.00972	0.01443	0.52307	0.02492	0.10303	0.00695	0.00394	0.00111	0.00180	0.00599	0.26362	0.00353
12	0.00545	0.00393	0.00542	0.00542	0.00586	0.00437	0.00390	0.00634	0.00590	0.00830	0.01078	0.01832	0.01097	0.31736	0.56480	0.00526	0.00792	0.00456	0.00212	0.00301
13	0.00555	0.00387	0.00462	0.00461	0.00558	0.00344	0.00335	0.00666	0.00891	0.05997	0.26085	0.21652	0.34032	0.05190	0.00526	0.00143	0.00211	0.00793	0.00372	0.00343
14	0.01007	0.01034	0.06243	0.12084	0.49926	0.08235	0.01063	0.11972	0.00982	0.01323	0.00718	0.00912	0.00576	0.00370	0.00388	0.00115	0.01953	0.00327	0.00209	0.00565
15	0.00785	0.00688	0.00769	0.00575	0.00879	0.03536	0.00454	0.00964	0.02410	0.01231	0.04457	0.05023	0.00799	0.00355	0.00302	0.00067	0.00288	0.00291	0.00241	0.75884
16	0.01115	0.02451	0.03028	0.00821	0.01054	0.07585	0.02137	0.19540	0.40875	0.01720	0.03593	0.01379	0.02302	0.00535	0.00401	0.00131	0.00379	0.00416	0.09947	0.00593

[dist]
# distance from previous block
# <min> <max>
0	1

[block]
# block no. 3 follows, 72 sequences, length 65
# corresponding to MSA columns:
# 195-259
name=unknown_D
#
# <colnr> <probs for GDERKNQSTAVLIFYWHMCP>
#	G	D	E	R	K	N	Q	S	T	A	V	L	I	F	Y	W	H	M	C	P
0	0.01052	0.20441	0.23280	0.08986	0.06160	0.04961	0.07779	0.07325	0.02467	0.05420	0.02074	0.01074	0.00721	0.00445	0.00387	0.00126	0.00506	0.02126	0.00246	0.04424
1	0.01787	0.13281	0.52020	0.01017	0.03712	0.00954	0.05185	0.05179	0.04253	0.05646	0.00791	0.03142	0.00603	0.00392	0.00354	0.00116	0.00498	0.00315	0.00205	0.00551
2	0.01246	0.00971	0.01019	0.00830	0.01095	0.02964	0.00669	0.46941	0.34716	0.03679	0.01170	0.01116	0.00854	0.00478	0.00381	0.00119	0.00374	0.00375	0.00380	0.00622
3	0.00469	0.00380	0.00417	0.00426	0.00535	0.00328	0.00318	0.00576	0.00879	0.01094	0.15204	0.13269	0.59892	0.00964	0.00455	0.00132	0.00199	0.03778	0.00362	0.00325
4	0.02679	0.08622	0.14136	0.05073	0.05889	0.12386	0.17111	0.11203	0.07221	0.09297	0.00893	0.00979	0.01995	0.00396	0.00372	0.00115	0.00501	0.00343	0.00251	0.00538
5	0.00938	0.03828	0.00905	0.00862	0.08265	0.13240	0.02791	0.05175	0.00857	0.10615	0.01139	0.15748	0.01106	0.07578	0.08419	0.02274	0.08255	0.03643	0.03937	0.00428
6	0.00464	0.00334	0.00440	0.00521	0.00549	0.00310	0.00350	0.00535	0.00742	0.00988	0.04767	0.80764	0.05499	0.01167	0.00482	0.00152	0.00218	0.01056	0.00354	0.00310
7	0.00723	0.00463	0.00553	0.03256	0.00689	0.00455	0.00405	0.06485	0.04487	0.07771	0.19425	0.19098	0.12960	0.00746	0.00402	0.00122	0.00234	0.01969	0.19360	0.00396
8	0.00972	0.12577	0.15793	0.11946	0.21902	0.03689	0.13340	0.01242	0.02649	0.09345	0.00772	0.00927	0.00589	0.00368	0.00385	0.00115	0.02311	0.00329	0.00210	0.00538
9	0.00761	0.01962	0.84707	0.01081	0.01641	0.00881	0.01401	0.01201	0.00801	0.01201	0.00681	0.00801	0.00480	0.00360	0.00360	0.00120	0.00560	0.00280	0.00160	0.00560
10	0.00464	0.00339	0.00438	0.00516	0.00551	0.00312	0.00351	0.00536	0.00745	0.00978	0.02286	0.75196	0.11726	0.01159	0.00481	0.00152	0.00220	0.02888	0.00352	0.00310
11	0.05869	0.00932	0.07733	0.25779	0.10896	0.04979	0.13091	0.08487	0.00909	0.04850	0.03873	0.01070	0.00699	0.00475	0.02476	0.00136	0.05497	0.01537	0.00223	0.00490
12	0.01339	0.10729	0.03136	0.00940	0.04239	0.45457	0.00731	0.18271	0.01165	0.07082	0.00757	0.03068	0.00610	0.00421	0.00347	0.00103	0.00550	0.00296	0.00252	0.00507
13	0.00786	0.00674	0.00786	0.00562	0.00899	0.00506	0.00449	0.00955	0.00786	0.01236	0.00674	0.00786	0.00562	0.00281	0.00281	0.00056	0.00281	0.00225	0.00225	0.88990
14	0.00888	0.00876	0.01294	0.14233	0.39770	0.05948	0.00989	0.01065	0.00776	0.01086	0.00678	0.02609	0.00597	0.00459	0.00621	0.00129	0.24818	0.00346	0.02317	0.00500
15	0.00543	0.00400	0.00579	0.00579	0.00636	0.00457	0.00436	0.00658	0.00600	0.00858	0.01044	0.01644	0.01015	0.15908	0.72197	0.00572	0.00915	0.00429	0.00207	0.00322
16	0.41088	0.00895	0.00921	0.04307	0.06922	0.07691	0.04772	0.17284	0.00963	0.07208	0.00719	0.00823	0.00545	0.01555	0.01453	0.00126	0.01687	0.00283	0.00266	0.00491
17	0.02734	0.03880	0.32189	0.03292	0.13270	0.09308	0.06130	0.16743	0.01010	0.01383	0.00706	0.00841	0.00536	0.00394	0.00421	0.00118	0.05975	0.00308	0.00213	0.00550
18	0.00542	0.00406	0.00610	0.00610	0.00677	0.00474	0.00474	0.00677	0.00610	0.00880	0.01016	0.01490	0.00948	0.02844	0.85169	0.00610	0.01016	0.00406	0.00203	0.00339
19	0.00874	0.04170	0.18247	0.03946	0.09167	0.02350	0.32322	0.04026	0.02707	0.01182	0.00727	0.00949	0.00574	0.00506	0.04393	0.00150	0.12642	0.00366	0.00191	0.00510
20	0.00464	0.00363	0.00421	0.00453	0.00534	0.00320	0.00322	0.00558	0.00834	0.01061	0.12737	0.36805	0.41717	0.01030	0.00463	0.00137	0.00202	0.00898	0.00360	0.00320
21	0.00567	0.00412	0.00488	0.00487	0.00513	0.02409	0.00317	0.00611	0.00585	0.00788	0.01148	0.04039	0.01256	0.57929	0.26454	0.00428	0.00563	0.00513	0.00224	0.00269
22	0.00595	0.00440	0.00463	0.00464	0.00484	0.03560	0.00279	0.00659	0.04753	0.00808	0.01276	0.10461	0.01443	0.70878	0.01654	0.00325	0.00362	0.00585	0.00248	0.00264
23	0.01390	0.01549	0.01076	0.00936	0.01160	0.57911	0.00721	0.22293	0.07012	0.01346	0.00736	0.00793	0.00575	0.00416	0.00355	0.00104	0.00589	0.00282	0.00256	0.00503
24	0.01401	0.01781	0.01077	0.00978	0.01168	0.82905	0.00735	0.01498	0.01062	0.00928	0.00584	0.00688	0.00489	0.00398	0.00366	0.00100	0.02963	0.00247	0.00195	0.00439
25	0.00824	0.00640	0.00742	0.00660	0.00830	0.00678	0.03141	0.12044	0.27867	0.03439	0.11788	0.06009	0.14152	0.05823	0.00505	0.00142	0.00295	0.05960	0.03992	0.00470
26	0.00599	0.00403	0.00497	0.00470	0.00582	0.00359	0.00353	0.00743	0.00989	0.07945	0.48530	0.09039	0.26404	0.00834	0.00445	0.00124	0.00197	0.00723	0.00398	0.00366
27	0.04830	0.03081	0.01083	0.02964	0.08797	0.09228	0.00711	0.36990	0.13385	0.04563	0.00920	0.00972	0.00695	0.01605	0.00403	0.00115	0.02538	0.00332	0.00314	0.06472
28	0.00963	0.00948	0.01516	0.02259	0.80041	0.05223	0.01142	0.01182	0.00874	0.01223	0.00707	0.00926	0.00595	0.00341	0.00374	0.00112	0.00463	0.00333	0.00188	0.00592
29	0.02442	0.01078	0.01038	0.00845	0.01102	0.17415	0.03693	0.39768	0.10610	0.07170	0.01196	0.01221	0.07398	0.00492	0.00380	0.00115	0.00436	0.01708	0.00337	0.01555
30	0.03047	0.14031	0.02970	0.05811	0.03472	0.00986	0.49465	0.02784	0.00874	0.03893	0.03866	0.01057	0.00701	0.02885	0.00463	0.00127	0.02468	0.00399	0.00208	0.00494
31	0.00464	0.00338	0.00438	0.00517	0.00551	0.00312	0.00351	0.00535	0.00744	0.00978	0.02269	0.76114	0.10936	0.01162	0.00481	0.00152	0.00220	0.02777	0.00352	0.00310
32	0.00761	0.01962	0.84707	0.01081	0.01641	0.00881	0.01401	0.01201	0.00801	0.01201	0.00681	0.00801	0.00480	0.00360	0.00360	0.00120	0.00560	0.00280	0.00160	0.00560
33	0.03144	0.00795	0.01337	0.46636	0.25126	0.00889	0.08921	0.05431	0.01911	0.01170	0.00714	0.00982	0.00552	0.00367	0.00381	0.00122	0.00490	0.00346	0.00192	0.00494
34	0.00464	0.00345	0.00435	0.00504	0.00551	0.00315	0.00348	0.00540	0.00760	0.00986	0.02449	0.66453	0.19354	0.01136	0.00478	0.00149	0.00219	0.03850	0.00352	0.00312
35	0.01702	0.00645	0.00880	0.00675	0.00968	0.00557	0.00557	0.01848	0.01085	0.84568	0.01496	0.01291	0.00939	0.00469	0.00381	0.00117	0.00323	0.00381	0.00469	0.00645
36	0.00781	0.01661	0.64107	0.03100	0.04639	0.00857	0.03656	0.03187	0.06111	0.01258	0.04199	0.03230	0.00716	0.00410	0.00373	0.00121	0.00513	0.00338	0.00198	0.00547
37	0.01458	0.00838	0.00978	0.07987	0.02257	0.06152	0.00656	0.26414	0.01249	0.41831	0.01164	0.01115	0.00781	0.00481	0.01479	0.00121	0.00395	0.00355	0.03690	0.00598
38	0.01014	0.86900	0.01987	0.00649	0.00973	0.01501	0.00649	0.01136	0.00771	0.00892	0.00527	0.00608	0.00487	0.00324	0.00243	0.00081	0.00406	0.00203	0.00162	0.00487
39	0.00960	0.41662	0.26826	0.00920	0.04341	0.06005	0.03297	0.04555	0.00834	0.01073	0.00605	0.00722	0.00499	0.00366	0.00365	0.00103	0.05926	0.00255	0.00175	0.00513
40	0.00560	0.00440	0.00579	0.00600	0.00644	0.02449	0.02236	0.00645	0.00690	0.00927	0.01560	0.38652	0.01769	0.16448	0.17607	0.00283	0.05146	0.08166	0.00283	0.00318
41	0.00795	0.01917	0.80524	0.01071	0.01618	0.00896	0.01367	0.05297	0.00850	0.01261	0.00692	0.00806	0.00489	0.00365	0.00361	0.00120	0.00553	0.00283	0.00171	0.00565
42	0.00765	0.00466	0.00589	0.00541	0.00671	0.00442	0.00417	0.03507	0.05322	0.14223	0.45435	0.09895	0.07001	0.00752	0.00432	0.00124	0.00228	0.04801	0.03972	0.00417
43	0.00512	0.00387	0.00473	0.00452	0.00552	0.00348	0.00339	0.00669	0.01016	0.01385	0.62088	0.03057	0.25681	0.00826	0.00448	0.00122	0.00183	0.00717	0.00400	0.00348
44	0.01056	0.08417	0.03473	0.02895	0.04202	0.12576	0.03211	0.15633	0.27287	0.03449	0.10942	0.01253	0.01114	0.00484	0.00393	0.00116	0.02260	0.00387	0.00315	0.00536
45	0.01001	0.00899	0.01498	0.10526	0.49000	0.00929	0.11548	0.11002	0.00968	0.05020	0.00768	0.00966	0.00605	0.00370	0.00414	0.00118	0.03223	0.00354	0.00221	0.00572
46	0.00527	0.00387	0.00494	0.00467	0.00561	0.00354	0.00350	0.00697	0.01051	0.01467	0.75349	0.02922	0.12369	0.00796	0.00447	0.00120	0.00180	0.00698	0.00410	0.00354
47	0.00699	0.00998	0.27705	0.00825	0.01115	0.00635	0.09781	0.02911	0.03344	0.03455	0.13543	0.06149	0.16328	0.00721	0.03589	0.00147	0.00414	0.06908	0.00281	0.00451
48	0.00809	0.04006	0.77382	0.01064	0.01595	0.06261	0.01340	0.01219	0.00817	0.01176	0.00671	0.00789	0.00481	0.00361	0.00356	0.00118	0.00565	0.00276	0.00162	0.00551
49	0.00503	0.00397	0.00449	0.00458	0.00551	0.01194	0.00332	0.02029	0.00890	0.01145	0.22561	0.24417	0.39686	0.03032	0.00491	0.00138	0.00209	0.00824	0.00364	0.00331
50	0.00551	0.00371	0.00430	0.00430	0.00436	0.00377	0.00251	0.00562	0.00556	0.00748	0.01180	0.02397	0.01342	0.79485	0.09067	0.00388	0.00423	0.00539	0.00228	0.00239
51	0.00919	0.00932	0.07303	0.01257	0.01579	0.00815	0.51777	0.03141	0.02857	0.09039	0.01002	0.08619	0.00836	0.00477	0.00472	0.03449	0.00526	0.02268	0.02239	0.00495
52	0.01014	0.86900	0.01987	0.00649	0.00973	0.01501	0.00649	0.01136	0.00771	0.00892	0.00527	0.00608	0.00487	0.00324	0.00243	0.00081	0.00406	0.00203	0.00162	0.00487
53	0.00551	0.00419	0.00639	0.00624	0.00696	0.00481	0.02450	0.00684	0.00614	0.00881	0.01018	0.01526	0.00960	0.06825	0.79114	0.00586	0.00976	0.00414	0.00204	0.00338
54	0.02754	0.03102	0.01823	0.00755	0.00897	0.00599	0.14269	0.07959	0.00832	0.01138	0.02837	0.30655	0.06739	0.06297	0.14207	0.00227	0.02242	0.01999	0.00283	0.00387
55	0.00572	0.00452	0.00501	0.00466	0.00607	0.00411	0.00354	0.00799	0.09461	0.02697	0.25456	0.02926	0.44934	0.00801	0.00426	0.00120	0.00207	0.00678	0.02120	0.06011
56	0.00511	0.00370	0.00457	0.00478	0.00553	0.00333	0.00341	0.00622	0.00878	0.03001	0.28925	0.35874	0.23040	0.02225	0.00482	0.00139	0.00204	0.00860	0.00374	0.00333
57	0.02379	0.04592	0.01083	0.00941	0.01143	0.76060	0.00714	0.04431	0.01080	0.00991	0.00682	0.00768	0.02730	0.00406	0.00342	0.00099	0.00647	0.00261	0.00206	0.00445
58	0.00943	0.21369	0.16173	0.07282	0.22387	0.05448	0.11066	0.03019	0.01896	0.02152	0.00684	0.00842	0.00547	0.00346	0.00345	0.00106	0.00487	0.00301	0.00188	0.04419
59	0.03229	0.36086	0.10170	0.00819	0.01105	0.26643	0.00752	0.06780	0.01938	0.02909	0.00632	0.00728	0.00526	0.00441	0.02518	0.00111	0.03678	0.00250	0.00199	0.00487
60	0.00480	0.00338	0.00438	0.00507	0.00527	0.00320	0.00331	0.00538	0.00707	0.00946	0.04576	0.69395	0.02350	0.15778	0.00730	0.00189	0.00244	0.00976	0.00333	0.00296
61	0.00552	0.00374	0.00443	0.00443	0.00455	0.00384	0.00268	0.00575	0.00563	0.00766	0.01168	0.02315	0.01307	0.72600	0.14847	0.00402	0.00466	0.00527	0.01297	0.00248
62	0.01085	0.00844	0.02587	0.00775	0.01002	0.02342	0.02576	0.37864	0.16097	0.05429	0.08316	0.10082	0.02548	0.00723	0.05798	0.00153	0.00399	0.00475	0.00361	0.00545
63	0.00671	0.00502	0.00580	0.00556	0.00659	0.03889	0.02147	0.03837	0.03301	0.06060	0.10734	0.30749	0.14404	0.14714	0.00680	0.00170	0.00283	0.01629	0.00333	0.04102
64	0.06688	0.23172	0.13849	0.00933	0.04982	0.22430	0.04314	0.10962	0.03205	0.03228	0.00683	0.00767	0.00540	0.00372	0.00324	0.00102	0.00498	0.00269	0.00218	0.02463

[dist]
# distance from previous block
# <min> <max>
5	31

[block]
# block no. 4 follows, 72 sequences, length 22
# corresponding to MSA columns:
# 291-312
name=unknown_E
#
# <colnr> <probs for GDERKNQSTAVLIFYWHMCP>
#	G	D	E	R	K	N	Q	S	T	A	V	L	I	F	Y	W	H	M	C	P
0	0.04384	0.04215	0.05381	0.07438	0.03198	0.19996	0.06396	0.18944	0.06014	0.08021	0.02149	0.02439	0.02387	0.00494	0.02435	0.00124	0.01319	0.00345	0.00274	0.04047
1	0.21416	0.00748	0.03922	0.00727	0.00984	0.00713	0.09981	0.09744	0.01915	0.12886	0.03745	0.02015	0.03722	0.00722	0.10808	0.00171	0.00436	0.00354	0.02710	0.12280
2	0.00551	0.00391	0.00485	0.00522	0.00569	0.00383	0.00355	0.02238	0.05200	0.02085	0.08386	0.49943	0.04609	0.19147	0.00778	0.00194	0.00260	0.03244	0.00335	0.00323
3	0.00880	0.09604	0.16087	0.01921	0.07193	0.15214	0.07944	0.02085	0.04365	0.02600	0.08525	0.09627	0.05896	0.00559	0.00398	0.00120	0.01242	0.05024	0.00252	0.00464
4	0.08199	0.07715	0.18740	0.12811	0.07402	0.03092	0.06345	0.15102	0.03477	0.03043	0.03247	0.04879	0.00736	0.00439	0.00391	0.00119	0.03150	0.00358	0.00240	0.00515
5	0.00890	0.00858	0.15423	0.00716	0.00958	0.00688	0.02846	0.15430	0.11327	0.07472	0.12449	0.10535	0.04994	0.00585	0.00386	0.00119	0.00330	0.00494	0.13009	0.00491
6	0.01096	0.00715	0.00875	0.03471	0.06524	0.00745	0.00602	0.17311	0.20300	0.20275	0.13637	0.07324	0.03302	0.00571	0.00399	0.00122	0.00317	0.00482	0.01384	0.00548
7	0.01031	0.08752	0.29008	0.09348	0.05852	0.16915	0.07928	0.03782	0.01989	0.08460	0.00743	0.00864	0.00554	0.00383	0.00384	0.00114	0.02859	0.00304	0.00209	0.00522
8	0.14094	0.00959	0.01030	0.02190	0.06311	0.02705	0.00681	0.54061	0.02811	0.07024	0.00890	0.00916	0.00641	0.00432	0.00354	0.00114	0.00392	0.00324	0.03481	0.00590
9	0.00473	0.00348	0.00444	0.00504	0.00552	0.00319	0.00349	0.00560	0.00795	0.01052	0.12951	0.61429	0.14845	0.01098	0.00475	0.00146	0.00213	0.02770	0.00360	0.00317
10	0.00853	0.00608	0.00767	0.00746	0.05512	0.00620	0.02779	0.09463	0.17918	0.10710	0.11088	0.20148	0.10722	0.01651	0.00444	0.00134	0.00293	0.04707	0.00367	0.00470
11	0.05350	0.00993	0.01079	0.00830	0.01129	0.01081	0.00686	0.68780	0.01641	0.13140	0.00971	0.00947	0.00673	0.00453	0.00373	0.00114	0.00399	0.00341	0.00385	0.00635
12	0.00584	0.00404	0.00507	0.00536	0.00606	0.00391	0.00379	0.00772	0.08660	0.04822	0.17464	0.51982	0.05331	0.02948	0.00490	0.00146	0.00226	0.00873	0.02520	0.00360
13	0.00488	0.00341	0.00433	0.00497	0.00539	0.00317	0.00340	0.00575	0.00772	0.01056	0.08891	0.65229	0.09422	0.01071	0.00459	0.00143	0.00211	0.00960	0.07937	0.00317
14	0.00470	0.00340	0.00439	0.00515	0.00546	0.00316	0.00348	0.00538	0.00732	0.00965	0.02181	0.72495	0.09130	0.05977	0.00564	0.00165	0.00230	0.03400	0.00345	0.00306
15	0.03854	0.01004	0.01086	0.00840	0.01136	0.01100	0.00692	0.69751	0.05294	0.09899	0.00982	0.00960	0.00688	0.00456	0.00376	0.00115	0.00400	0.00345	0.00384	0.00637
16	0.00468	0.00333	0.00441	0.00522	0.00546	0.00312	0.00348	0.00535	0.00731	0.00977	0.04646	0.80824	0.02502	0.04192	0.00534	0.00160	0.00224	0.01047	0.00350	0.00307
17	0.00960	0.03167	0.09371	0.02018	0.63214	0.06044	0.05741	0.02765	0.00888	0.01229	0.00705	0.00906	0.00579	0.00344	0.00373	0.00113	0.00484	0.00330	0.00189	0.00580
18	0.00786	0.00674	0.00908	0.02411	0.23359	0.05251	0.02998	0.04120	0.05581	0.03903	0.16115	0.17817	0.08249	0.00694	0.01446	0.00130	0.00341	0.01953	0.02810	0.00454
19	0.00964	0.10071	0.01273	0.11525	0.35502	0.11324	0.00876	0.03405	0.07232	0.01204	0.00800	0.00970	0.00649	0.00383	0.00361	0.00108	0.01926	0.00321	0.10591	0.00516
20	0.00760	0.00644	0.00757	0.00553	0.00863	0.00490	0.00440	0.00929	0.00817	0.01266	0.09553	0.01004	0.00883	0.00333	0.00299	0.00063	0.00270	0.00274	0.00245	0.79557
21	0.00717	0.12497	0.08397	0.03348	0.00941	0.03065	0.07021	0.00950	0.06357	0.03788	0.15863	0.08557	0.23697	0.00678	0.00405	0.00121	0.00328	0.02546	0.00303	0.00421

[dist]
# distance from previous block
# <min> <max>
0	1

[block]
# block no. 5 follows, 72 sequences, length 24
# corresponding to MSA columns:
# 314-337
name=unknown_F
#
# <colnr> <probs for GDERKNQSTAVLIFYWHMCP>
#	G	D	E	R	K	N	Q	S	T	A	V	L	I	F	Y	W	H	M	C	P
0	0.00468	0.00382	0.00397	0.00395	0.00504	0.00329	0.00286	0.00558	0.00841	0.01025	0.09402	0.03444	0.67889	0.11663	0.00633	0.00157	0.00213	0.00761	0.00342	0.00312
1	0.00751	0.00649	0.01055	0.47643	0.15345	0.00751	0.00895	0.02329	0.00783	0.03475	0.04335	0.01222	0.00774	0.04514	0.13706	0.00209	0.00550	0.00374	0.00203	0.00437
2	0.00586	0.00614	0.10878	0.00665	0.00791	0.00520	0.04100	0.00736	0.00632	0.00901	0.01005	0.01612	0.00973	0.21512	0.52226	0.00474	0.00797	0.00426	0.00203	0.00348
3	0.00876	0.22828	0.44985	0.01197	0.15126	0.01036	0.05051	0.01191	0.00813	0.02620	0.00667	0.00795	0.00515	0.00348	0.00338	0.00110	0.00503	0.00280	0.00172	0.00548
4	0.04032	0.00928	0.02663	0.04346	0.03941	0.08642	0.03274	0.29615	0.06038	0.18009	0.08467	0.01235	0.03322	0.00476	0.00379	0.00114	0.00395	0.00383	0.00348	0.03394
5	0.13493	0.02697	0.02732	0.00892	0.01122	0.48426	0.03119	0.13499	0.01979	0.03628	0.00691	0.00807	0.00552	0.00410	0.00357	0.00107	0.02257	0.01591	0.00239	0.01403
6	0.01382	0.04522	0.01146	0.00861	0.01152	0.05883	0.00709	0.68561	0.08393	0.02182	0.00929	0.00927	0.00672	0.00451	0.00372	0.00113	0.00422	0.00338	0.00361	0.00623
7	0.00913	0.00845	0.05090	0.12839	0.41560	0.03652	0.00932	0.04377	0.00894	0.07340	0.01110	0.08201	0.06516	0.00480	0.00388	0.00118	0.00418	0.01365	0.00240	0.02721
8	0.01619	0.04064	0.05764	0.03602	0.03435	0.00481	0.00537	0.01607	0.00829	0.01950	0.09860	0.36684	0.08634	0.00934	0.00457	0.00145	0.00292	0.18415	0.00327	0.00367
9	0.07608	0.00627	0.00719	0.00602	0.00808	0.00631	0.00480	0.16946	0.04004	0.29012	0.01307	0.09961	0.01022	0.00526	0.00350	0.00113	0.00288	0.00427	0.24053	0.00514
10	0.05051	0.00888	0.04218	0.06852	0.32870	0.02308	0.04815	0.14091	0.02997	0.12249	0.00932	0.03801	0.00752	0.01854	0.00428	0.00124	0.02613	0.02329	0.00269	0.00559
11	0.00872	0.00798	0.01237	0.17068	0.44216	0.00820	0.00944	0.04806	0.06646	0.01250	0.00891	0.04448	0.02510	0.00404	0.00371	0.00111	0.00413	0.00370	0.00221	0.11603
12	0.00462	0.00330	0.00440	0.00528	0.00550	0.00308	0.00352	0.00528	0.00726	0.00968	0.02090	0.86424	0.02508	0.01188	0.00484	0.00154	0.00220	0.01078	0.00352	0.00308
13	0.07452	0.00703	0.00884	0.00685	0.00970	0.00660	0.00565	0.13450	0.01156	0.64589	0.03978	0.01240	0.00945	0.00469	0.00373	0.00117	0.00330	0.00374	0.00439	0.00621
14	0.01026	0.00999	0.05612	0.04463	0.24170	0.09633	0.08195	0.20358	0.02480	0.03075	0.01023	0.11677	0.02912	0.00506	0.00411	0.00121	0.02101	0.00442	0.00265	0.00531
15	0.07500	0.08194	0.46888	0.00920	0.01343	0.04359	0.01044	0.09589	0.00921	0.10780	0.00774	0.00851	0.00556	0.00444	0.02333	0.00127	0.02312	0.00289	0.00226	0.00549
16	0.00511	0.00380	0.00477	0.00494	0.00568	0.00353	0.00358	0.00659	0.02959	0.01239	0.38825	0.30866	0.14989	0.02380	0.00485	0.00138	0.00206	0.03394	0.00380	0.00339
17	0.02407	0.05132	0.06397	0.00882	0.02444	0.19389	0.11645	0.08854	0.00977	0.07207	0.04311	0.20097	0.03055	0.02438	0.00435	0.00128	0.00445	0.03020	0.00281	0.00454
18	0.00761	0.00741	0.02968	0.13162	0.04384	0.08906	0.06805	0.04888	0.00766	0.01016	0.00854	0.01226	0.00755	0.03886	0.41420	0.00365	0.06115	0.00374	0.00202	0.00406
19	0.03517	0.05230	0.24296	0.02064	0.06865	0.06558	0.10455	0.05431	0.05440	0.04463	0.04771	0.01343	0.10750	0.00605	0.05135	0.00146	0.01790	0.00399	0.00243	0.00497
20	0.00477	0.00382	0.00426	0.00440	0.00544	0.00334	0.00330	0.00583	0.00865	0.01078	0.12816	0.13929	0.55556	0.03021	0.00494	0.00140	0.00212	0.07693	0.00357	0.00323
21	0.04797	0.06975	0.11367	0.13838	0.13809	0.19000	0.11788	0.05583	0.03098	0.01176	0.00685	0.00860	0.00541	0.00382	0.00403	0.00115	0.04571	0.00313	0.00198	0.00501
22	0.01066	0.01126	0.15547	0.03177	0.16764	0.00966	0.20757	0.22468	0.06904	0.06131	0.00872	0.00983	0.00641	0.00388	0.00392	0.00120	0.00490	0.00364	0.00263	0.00582
23	0.02761	0.04688	0.05492	0.00919	0.01158	0.51008	0.02360	0.11140	0.03262	0.09238	0.00773	0.02616	0.00611	0.00425	0.00367	0.00106	0.02035	0.00297	0.00249	0.00494

[dist]
# distance from previous block
# <min> <max>
0	2

[block]
# block no. 6 follows, 72 sequences, length 7
# corresponding to MSA columns:
# 340-346
name=unknown_G
#
# <colnr> <probs for GDERKNQSTAVLIFYWHMCP>
#	G	D	E	R	K	N	Q	S	T	A	V	L	I	F	Y	W	H	M	C	P
0	0.01027	0.01053	0.07237	0.09428	0.34127	0.10199	0.05795	0.13818	0.02480	0.02983	0.03495	0.00978	0.00689	0.00384	0.00374	0.00112	0.00473	0.00339	0.00233	0.04774
1	0.04823	0.01142	0.01131	0.00973	0.03514	0.29143	0.12137	0.09222	0.09410	0.04114	0.01097	0.01252	0.07779	0.00492	0.00449	0.00119	0.07322	0.03385	0.00260	0.02237
2	0.00686	0.00605	0.00606	0.00629	0.00706	0.12331	0.00458	0.06307	0.00859	0.01082	0.05133	0.49543	0.01962	0.03461	0.07258	0.00186	0.00375	0.07139	0.00319	0.00355
3	0.00557	0.00500	0.07040	0.00493	0.00566	0.00414	0.00369	0.00636	0.00669	0.00912	0.12023	0.02382	0.08151	0.52959	0.10494	0.00323	0.00414	0.00552	0.00255	0.00291
4	0.11284	0.40527	0.08602	0.00819	0.07491	0.03553	0.00700	0.07607	0.00846	0.01171	0.00788	0.11733	0.00759	0.00462	0.00328	0.00105	0.02181	0.00348	0.00215	0.00480
5	0.00769	0.08516	0.00858	0.00729	0.06396	0.03686	0.04926	0.07161	0.08925	0.01046	0.01140	0.08537	0.01181	0.43220	0.01147	0.00241	0.00388	0.00502	0.00254	0.00376
6	0.03962	0.00813	0.00959	0.06651	0.09800	0.03754	0.00646	0.06672	0.00992	0.08045	0.02668	0.12519	0.04145	0.09124	0.00597	0.00163	0.00406	0.00502	0.00337	0.27243

[dist]
# distance from previous block
# <min> <max>
4	15

[block]
# block no. 7 follows, 72 sequences, length 10
# corresponding to MSA columns:
# 363-372
name=unknown_H
#
# <colnr> <probs for GDERKNQSTAVLIFYWHMCP>
#	G	D	E	R	K	N	Q	S	T	A	V	L	I	F	Y	W	H	M	C	P
0	0.00942	0.12906	0.03525	0.00690	0.03297	0.06238	0.00563	0.01178	0.07274	0.07785	0.02742	0.00896	0.00692	0.00343	0.00305	0.00078	0.00340	0.00267	0.00247	0.49693
1	0.00806	0.00691	0.00795	0.00588	0.00910	0.00559	0.00468	0.01085	0.10982	0.01279	0.00781	0.00864	0.00635	0.00310	0.00294	0.00065	0.00283	0.00250	0.00245	0.78110
2	0.00565	0.00413	0.00544	0.00549	0.00635	0.00394	0.03968	0.02206	0.03140	0.01174	0.12339	0.38362	0.14171	0.00919	0.00440	0.00136	0.00238	0.06746	0.12714	0.00349
3	0.00470	0.00339	0.00445	0.00516	0.00550	0.00314	0.00350	0.00551	0.00772	0.01035	0.11686	0.73259	0.06045	0.01131	0.00478	0.00149	0.00214	0.01021	0.00360	0.00314
4	0.00475	0.00347	0.00441	0.00496	0.00540	0.00320	0.00338	0.00558	0.00785	0.01042	0.13854	0.59157	0.13586	0.05512	0.00549	0.00157	0.00218	0.00958	0.00355	0.00313
5	0.00459	0.00368	0.00406	0.00431	0.00522	0.00320	0.00308	0.00546	0.00822	0.01018	0.06321	0.27779	0.54616	0.03696	0.00505	0.00143	0.00205	0.00869	0.00351	0.00315
6	0.00478	0.00346	0.00450	0.00516	0.00556	0.00322	0.00356	0.00562	0.00776	0.01035	0.11364	0.65491	0.08359	0.03369	0.00517	0.00155	0.00223	0.04455	0.00356	0.00314
7	0.01014	0.86900	0.01987	0.00649	0.00973	0.01501	0.00649	0.01136	0.00771	0.00892	0.00527	0.00608	0.00487	0.00324	0.00243	0.00081	0.00406	0.00203	0.00162	0.00487
8	0.00716	0.00674	0.01138	0.85760	0.02612	0.00843	0.01053	0.00969	0.00758	0.00969	0.00674	0.01011	0.00506	0.00379	0.00379	0.00126	0.00506	0.00337	0.00169	0.00421
9	0.00868	0.02319	0.02738	0.07972	0.45218	0.04137	0.02769	0.01044	0.00790	0.02809	0.00811	0.01246	0.00745	0.13832	0.03069	0.00172	0.06834	0.01935	0.00200	0.00494

[dist]
# distance from previous block
# <min> <max>
0	1

[block]
# block no. 8 follows, 72 sequences, length 24
# corresponding to MSA columns:
# 374-397
name=unknown_I
#
# <colnr> <probs for GDERKNQSTAVLIFYWHMCP>
#	G	D	E	R	K	N	Q	S	T	A	V	L	I	F	Y	W	H	M	C	P
0	0.01234	0.02212	0.01035	0.06158	0.01180	0.50143	0.02055	0.10987	0.03207	0.03020	0.00769	0.01009	0.00654	0.05608	0.01768	0.00131	0.03901	0.02609	0.01865	0.00454
1	0.01014	0.86900	0.01987	0.00649	0.00973	0.01501	0.00649	0.01136	0.00771	0.00892	0.00527	0.00608	0.00487	0.00324	0.00243	0.00081	0.00406	0.00203	0.00162	0.00487
2	0.00825	0.00649	0.00770	0.00562	0.00876	0.00497	0.00449	0.00993	0.00829	0.06607	0.07456	0.00984	0.00829	0.00333	0.00301	0.00065	0.00275	0.00272	0.00256	0.76171
3	0.00480	0.00372	0.00447	0.00475	0.00557	0.00338	0.00348	0.00586	0.00833	0.01074	0.14749	0.29697	0.36492	0.01144	0.06493	0.00172	0.00265	0.04802	0.00351	0.00325
4	0.00969	0.00828	0.00872	0.00777	0.00996	0.00955	0.00607	0.06221	0.79373	0.01628	0.01511	0.01389	0.01131	0.00511	0.00386	0.00128	0.00306	0.00424	0.00386	0.00603
5	0.00868	0.00693	0.00810	0.00584	0.00917	0.00543	0.00469	0.05262	0.00854	0.05657	0.00729	0.00819	0.00586	0.00300	0.00291	0.00062	0.00290	0.00239	0.00246	0.79782
6	0.00466	0.00336	0.00442	0.00525	0.00555	0.00313	0.00356	0.00537	0.00738	0.00976	0.02185	0.79342	0.07017	0.01171	0.00483	0.00153	0.00222	0.03519	0.00352	0.00310
7	0.00469	0.00342	0.00442	0.00509	0.00548	0.00315	0.00346	0.00550	0.00777	0.01033	0.11129	0.69326	0.10574	0.01121	0.00477	0.00148	0.00213	0.01009	0.00359	0.00315
8	0.00861	0.00870	0.01436	0.01113	0.01369	0.06348	0.39869	0.01259	0.17557	0.02835	0.04163	0.10510	0.04117	0.03820	0.00489	0.00138	0.00475	0.02021	0.00272	0.00479
9	0.00788	0.00681	0.00803	0.00581	0.00903	0.00535	0.00467	0.00953	0.00777	0.01221	0.00666	0.00788	0.00559	0.00298	0.00325	0.00061	0.04169	0.00230	0.00222	0.84971
10	0.00659	0.00329	0.00494	0.00494	0.00494	0.00329	0.00329	0.00494	0.00494	0.00659	0.00659	0.01153	0.00659	0.01318	0.01482	0.88966	0.00329	0.00329	0.00165	0.00165
11	0.00974	0.00830	0.00875	0.00778	0.00998	0.00957	0.00608	0.06947	0.78639	0.01635	0.01505	0.01384	0.01126	0.00511	0.00386	0.00128	0.00307	0.00423	0.00386	0.00603
12	0.00543	0.00403	0.00593	0.00593	0.00655	0.00465	0.00453	0.00667	0.00605	0.00868	0.01031	0.01574	0.00984	0.09915	0.78148	0.00589	0.00961	0.00419	0.00205	0.00329
13	0.00886	0.01006	0.02184	0.05713	0.02013	0.00953	0.78926	0.01203	0.00888	0.01203	0.00763	0.01022	0.00572	0.00323	0.00444	0.00128	0.00633	0.00442	0.00191	0.00507
14	0.01475	0.01009	0.01105	0.00847	0.01150	0.01097	0.00700	0.72697	0.01694	0.12860	0.00985	0.00959	0.00682	0.00457	0.00380	0.00114	0.00405	0.00347	0.00391	0.00645
15	0.00605	0.00432	0.00604	0.00692	0.00776	0.00431	0.00601	0.00775	0.00867	0.01128	0.02011	0.07592	0.02196	0.01053	0.00522	0.00174	0.00344	0.78498	0.00349	0.00348
16	0.00483	0.00394	0.00428	0.00420	0.00538	0.00344	0.00315	0.00622	0.02779	0.01168	0.24998	0.04774	0.59595	0.00905	0.00447	0.00126	0.00192	0.00766	0.00370	0.00336
17	0.05002	0.01067	0.01074	0.01015	0.06293	0.24829	0.00774	0.02251	0.00779	0.01008	0.00666	0.01045	0.00631	0.00662	0.04214	0.00159	0.42145	0.05762	0.00196	0.00429
18	0.00761	0.01962	0.84707	0.01081	0.01641	0.00881	0.01401	0.01201	0.00801	0.01201	0.00681	0.00801	0.00480	0.00360	0.00360	0.00120	0.00560	0.00280	0.00160	0.00560
19	0.00515	0.00378	0.00519	0.00546	0.00595	0.00401	0.00395	0.00610	0.00656	0.00900	0.01552	0.26571	0.06794	0.13743	0.42134	0.00405	0.00630	0.02081	0.00262	0.00314
20	0.00466	0.00371	0.00419	0.00446	0.00539	0.00325	0.00326	0.00562	0.00839	0.01046	0.08563	0.27583	0.51405	0.01018	0.00462	0.00137	0.00207	0.04609	0.00356	0.00320
21	0.75933	0.00776	0.00629	0.00574	0.02046	0.03171	0.00457	0.02334	0.05896	0.02772	0.00614	0.00690	0.00475	0.00372	0.00273	0.00118	0.01960	0.00229	0.00246	0.00433
22	0.00461	0.00384	0.00404	0.00410	0.00529	0.00327	0.00309	0.00564	0.00871	0.01057	0.08735	0.07606	0.71849	0.00963	0.00453	0.00131	0.00199	0.04070	0.00356	0.00323
23	0.00977	0.12851	0.07161	0.02838	0.38516	0.08580	0.05967	0.02826	0.03667	0.02367	0.00711	0.00910	0.00595	0.02152	0.00469	0.00119	0.08239	0.00321	0.00197	0.00537

[dist]
# distance from previous block
# <min> <max>
0	2

[block]
# block no. 9 follows, 72 sequences, length 7
# corresponding to MSA columns:
# 400-406
name=unknown_J
#
# <colnr> <probs for GDERKNQSTAVLIFYWHMCP>
#	G	D	E	R	K	N	Q	S	T	A	V	L	I	F	Y	W	H	M	C	P
0	0.05184	0.04125	0.01251	0.26514	0.29339	0.22635	0.00949	0.01213	0.00880	0.03475	0.00676	0.00877	0.00540	0.00368	0.00357	0.00112	0.00514	0.00304	0.00193	0.00494
1	0.06848	0.01626	0.01004	0.00917	0.01105	0.72964	0.00692	0.01421	0.01010	0.00973	0.00618	0.00745	0.00521	0.00589	0.07257	0.00141	0.00687	0.00255	0.00199	0.00430
2	0.00604	0.00495	0.00600	0.10105	0.00866	0.00504	0.00471	0.03087	0.12584	0.01228	0.17574	0.10684	0.32521	0.00812	0.00438	0.00132	0.00260	0.06298	0.00349	0.00388
3	0.00537	0.00388	0.00507	0.00477	0.00567	0.00358	0.00358	0.00716	0.01074	0.01521	0.84106	0.02833	0.03578	0.00775	0.00447	0.00119	0.00179	0.00686	0.00417	0.00358
4	0.01024	0.55880	0.05057	0.00792	0.03781	0.09304	0.02437	0.02993	0.03417	0.02859	0.00700	0.03884	0.00638	0.00405	0.00329	0.00097	0.03646	0.02073	0.00197	0.00488
5	0.00496	0.00355	0.00478	0.00560	0.00599	0.00337	0.00405	0.00591	0.00775	0.01032	0.06433	0.65247	0.02499	0.01138	0.00490	0.00156	0.00244	0.17492	0.00355	0.00319
6	0.01225	0.04078	0.03065	0.02903	0.07388	0.03769	0.00713	0.45608	0.06522	0.06518	0.06152	0.01057	0.00849	0.00445	0.00369	0.00109	0.00394	0.00351	0.00336	0.08147

[dist]
