[name]
unknown

[dist]
# distance from previous block
# <min> <max>
0	5

[block]
# block no. 0 follows, 72 sequences, length 21
# corresponding to MSA columns:
# 5-25
name=unknown_A
#
# <colnr> <probs for GDERKNQSTAVLIFYWHMCP>
#	G	D	E	R	K	N	Q	S	T	A	V	L	I	F	Y	W	H	M	C	P
0	0.07793	0.00534	0.00618	0.00576	0.00713	0.00553	0.00443	0.02578	0.19728	0.05513	0.42710	0.09510	0.02445	0.00709	0.00418	0.00126	0.00237	0.03972	0.00389	0.00431
1	0.00926	0.00917	0.01663	0.01982	0.54301	0.00908	0.23220	0.03682	0.02597	0.01260	0.00764	0.00993	0.00621	0.00444	0.03922	0.00138	0.00521	0.00372	0.00199	0.00567
2	0.01059	0.01122	0.01452	0.07305	0.46810	0.20951	0.09149	0.05398	0.00957	0.01204	0.00696	0.00890	0.00568	0.00357	0.00375	0.00112	0.00527	0.00327	0.00198	0.00544
3	0.00525	0.00387	0.00491	0.00465	0.00559	0.00353	0.00349	0.00693	0.01046	0.01455	0.73534	0.02941	0.14191	0.00800	0.00447	0.00120	0.00181	0.00701	0.00409	0.00353
4	0.00462	0.00330	0.00440	0.00528	0.00550	0.00308	0.00352	0.00528	0.00726	0.00968	0.02090	0.86424	0.02508	0.01188	0.00484	0.00154	0.00220	0.01078	0.00352	0.00308
5	0.00480	0.00344	0.00456	0.00516	0.00554	0.00320	0.00353	0.00572	0.00808	0.01098	0.21336	0.66809	0.02759	0.01091	0.00475	0.00146	0.00210	0.00986	0.00367	0.00320
6	0.00461	0.00335	0.00435	0.00516	0.00547	0.00309	0.00347	0.00529	0.00738	0.00973	0.02235	0.79569	0.09270	0.01169	0.00481	0.00152	0.00218	0.01055	0.00352	0.00309
7	0.89350	0.00733	0.00557	0.00499	0.00733	0.00851	0.00411	0.01115	0.00645	0.01702	0.00528	0.00616	0.00411	0.00352	0.00235	0.00117	0.00293	0.00205	0.00235	0.00411
8	0.01442	0.01062	0.01138	0.00873	0.01176	0.01176	0.00721	0.83041	0.01783	0.02390	0.00911	0.00911	0.00645	0.00455	0.00379	0.00114	0.00417	0.00341	0.00379	0.00645
9	0.89350	0.00733	0.00557	0.00499	0.00733	0.00851	0.00411	0.01115	0.00645	0.01702	0.00528	0.00616	0.00411	0.00352	0.00235	0.00117	0.00293	0.00205	0.00235	0.00411
10	0.00557	0.00374	0.00431	0.00438	0.00446	0.00374	0.00263	0.00572	0.00579	0.00770	0.01265	0.02637	0.01448	0.79271	0.01809	0.00351	0.00366	0.07570	0.00240	0.00240
11	0.00537	0.00388	0.00507	0.00477	0.00567	0.00358	0.00358	0.00716	0.01074	0.01521	0.84106	0.02833	0.03578	0.00775	0.00447	0.00119	0.00179	0.00686	0.00417	0.00358
12	0.01661	0.00684	0.00901	0.00694	0.00986	0.00618	0.00572	0.08576	0.03178	0.75717	0.01449	0.01262	0.00920	0.00469	0.00381	0.00117	0.00330	0.00379	0.00460	0.00644
13	0.00938	0.00983	0.05094	0.09094	0.36123	0.00940	0.31814	0.07948	0.00940	0.01300	0.00745	0.00969	0.00582	0.00345	0.00403	0.00120	0.00528	0.00377	0.00202	0.00554
14	0.00786	0.00674	0.00786	0.00562	0.00899	0.00506	0.00449	0.00955	0.00786	0.01236	0.00674	0.00786	0.00562	0.00281	0.00281	0.00056	0.00281	0.00225	0.00225	0.88990
15	0.00741	0.00551	0.00627	0.00574	0.00721	0.00576	0.00441	0.01237	0.31141	0.04949	0.36746	0.02197	0.09033	0.00654	0.00406	0.00121	0.00230	0.00560	0.08040	0.00455
16	0.00527	0.00387	0.00493	0.00467	0.00560	0.00354	0.00350	0.00696	0.01050	0.01465	0.75024	0.02925	0.12696	0.00796	0.00447	0.00120	0.00180	0.00699	0.00410	0.00354
17	0.00957	0.66235	0.19436	0.00770	0.01147	0.01353	0.03448	0.01152	0.00781	0.00968	0.00567	0.00662	0.00488	0.00332	0.00275	0.00091	0.00446	0.00227	0.00163	0.00503
18	0.00631	0.00602	0.07523	0.00564	0.00731	0.00508	0.00479	0.03554	0.12132	0.02704	0.28526	0.02536	0.28977	0.00930	0.07752	0.00166	0.00314	0.00615	0.00352	0.00408
19	0.00462	0.00330	0.00440	0.00528	0.00550	0.00308	0.00352	0.00528	0.00726	0.00968	0.02090	0.86424	0.02508	0.01188	0.00484	0.00154	0.00220	0.01078	0.00352	0.00308
20	0.05951	0.03666	0.00969	0.00731	0.01010	0.00834	0.00603	0.28662	0.08417	0.39691	0.04661	0.01183	0.00928	0.00471	0.00372	0.00116	0.00347	0.00370	0.00408	0.00612

[dist]
# distance from previous block
# <min> <max>
0	1

[block]
# block no. 1 follows, 72 sequences, length 23
# corresponding to MSA columns:
# 27-49
name=unknown_B
#
# <colnr> <probs for GDERKNQSTAVLIFYWHMCP>
#	G	D	E	R	K	N	Q	S	T	A	V	L	I	F	Y	W	H	M	C	P
0	0.00982	0.14952	0.10276	0.00871	0.01161	0.04056	0.08812	0.05821	0.42289	0.03334	0.02823	0.01153	0.00912	0.00445	0.00365	0.00118	0.00397	0.00371	0.00301	0.00561
1	0.03043	0.13759	0.29152	0.00869	0.04927	0.03426	0.00862	0.04842	0.04782	0.05549	0.00745	0.00826	0.00571	0.00350	0.00322	0.00096	0.00422	0.00268	0.00219	0.24970
2	0.47452	0.20977	0.02646	0.00716	0.04843	0.15842	0.00578	0.01194	0.00763	0.01346	0.00550	0.00645	0.00452	0.00352	0.00265	0.00105	0.00401	0.00219	0.00207	0.00445
3	0.00520	0.00452	0.00450	0.00437	0.00555	0.04350	0.00326	0.00635	0.00920	0.01141	0.24528	0.03264	0.56867	0.03294	0.00485	0.00131	0.00217	0.00737	0.00358	0.00333
4	0.00978	0.04749	0.49404	0.01060	0.03417	0.16415	0.03247	0.10404	0.01888	0.01269	0.00690	0.00802	0.00514	0.00385	0.00386	0.00115	0.03255	0.00287	0.00195	0.00541
5	0.00532	0.00384	0.00503	0.00480	0.00566	0.00355	0.00357	0.00704	0.01052	0.01487	0.79125	0.07909	0.03513	0.00800	0.00450	0.00121	0.00181	0.00710	0.00414	0.00355
6	0.00961	0.00823	0.00868	0.00775	0.00993	0.00952	0.00605	0.04890	0.80717	0.01615	0.01521	0.01397	0.01140	0.00512	0.00386	0.00128	0.00304	0.00426	0.00386	0.00602
7	0.00532	0.00387	0.00500	0.00472	0.00563	0.00356	0.00354	0.00706	0.01061	0.01492	0.79439	0.02880	0.08263	0.00786	0.00447	0.00120	0.00180	0.00693	0.00414	0.00356
8	0.18227	0.00672	0.00825	0.00646	0.00929	0.00628	0.00534	0.03669	0.01019	0.66957	0.01299	0.01154	0.00832	0.00447	0.00354	0.00117	0.00319	0.00347	0.00423	0.00601
9	0.00753	0.00398	0.00402	0.00386	0.00488	0.00405	0.00294	0.06011	0.00857	0.01475	0.01217	0.01383	0.00952	0.00443	0.00272	0.00090	0.00192	0.00353	0.83260	0.00372
10	0.00716	0.00674	0.01138	0.85760	0.02612	0.00843	0.01053	0.00969	0.00758	0.00969	0.00674	0.01011	0.00506	0.00379	0.00379	0.00126	0.00506	0.00337	0.00169	0.00421
11	0.00972	0.00831	0.00883	0.00784	0.00998	0.00963	0.00614	0.07044	0.76405	0.01620	0.01478	0.01369	0.01109	0.00515	0.00407	0.00129	0.02483	0.00421	0.00380	0.00598
12	0.00473	0.00353	0.00477	0.00536	0.00579	0.00326	0.02203	0.00552	0.00756	0.01000	0.05261	0.73202	0.10609	0.01131	0.00478	0.00150	0.00225	0.01022	0.00351	0.00316
13	0.06794	0.02046	0.20467	0.00889	0.03480	0.04531	0.02440	0.23180	0.03718	0.26264	0.00998	0.00984	0.00683	0.00421	0.00364	0.00116	0.00426	0.00328	0.00325	0.01547
14	0.01123	0.01097	0.01289	0.01656	0.45883	0.20939	0.00937	0.04840	0.10662	0.06636	0.00839	0.00955	0.00663	0.00385	0.00369	0.00111	0.00479	0.00329	0.00239	0.00567
15	0.01702	0.00645	0.00880	0.00675	0.00968	0.00557	0.00557	0.01848	0.01085	0.84568	0.01496	0.01291	0.00939	0.00469	0.00381	0.00117	0.00323	0.00381	0.00469	0.00645
16	0.00888	0.01003	0.07520	0.09786	0.37420	0.00918	0.34451	0.01169	0.00862	0.01201	0.00729	0.00970	0.00573	0.00336	0.00404	0.00121	0.00540	0.00378	0.00186	0.00545
17	0.01130	0.03150	0.40943	0.01033	0.06366	0.00811	0.05903	0.06126	0.00959	0.28425	0.00963	0.00984	0.00652	0.00397	0.00372	0.00118	0.00470	0.00329	0.00277	0.00591
18	0.00467	0.00334	0.00446	0.00534	0.00558	0.00312	0.00361	0.00537	0.00731	0.00974	0.02088	0.83641	0.02497	0.01183	0.00485	0.00155	0.00224	0.03811	0.00352	0.00309
19	0.01599	0.00633	0.00849	0.00660	0.00940	0.00554	0.00542	0.01771	0.03472	0.76714	0.03087	0.01434	0.04935	0.00499	0.00386	0.00118	0.00313	0.00408	0.00460	0.00624
20	0.38532	0.10774	0.01048	0.00930	0.15305	0.00958	0.02260	0.14951	0.00938	0.08193	0.02466	0.00829	0.00603	0.00381	0.00305	0.00112	0.00361	0.00280	0.00264	0.00511
21	0.11786	0.18781	0.04677	0.00888	0.09674	0.01923	0.01962	0.16520	0.06893	0.14024	0.00861	0.00892	0.00643	0.00387	0.00325	0.00104	0.00381	0.00295	0.00283	0.08701
22	0.01005	0.00824	0.02377	0.02258	0.08319	0.05669	0.00624	0.29884	0.08647	0.03245	0.17609	0.05545	0.01426	0.08687	0.02047	0.00150	0.00376	0.00467	0.00336	0.00502

[dist]
# distance from previous block
# <min> <max>
0	2

[block]
# block no. 2 follows, 72 sequences, length 43
# corresponding to MSA columns:
# 52-94
name=unknown_C
#
# <colnr> <probs for GDERKNQSTAVLIFYWHMCP>
#	G	D	E	R	K	N	Q	S	T	A	V	L	I	F	Y	W	H	M	C	P
0	0.01510	0.00786	0.00945	0.00734	0.01015	0.00784	0.00603	0.30926	0.04862	0.46464	0.03888	0.01212	0.00927	0.00475	0.00380	0.00116	0.00347	0.00378	0.03025	0.00626
1	0.05348	0.07036	0.02953	0.01443	0.31308	0.13202	0.10770	0.06944	0.04036	0.12113	0.00825	0.00932	0.00630	0.00375	0.00365	0.00112	0.00474	0.00330	0.00246	0.00558
2	0.01694	0.00657	0.00887	0.00680	0.00974	0.00574	0.00562	0.04083	0.01105	0.82307	0.01480	0.01280	0.00931	0.00469	0.00381	0.00117	0.00325	0.00380	0.00467	0.00645
3	0.00509	0.00404	0.00447	0.00461	0.02568	0.00347	0.00334	0.00620	0.00891	0.03388	0.13046	0.06061	0.66061	0.00919	0.00447	0.00128	0.00205	0.02465	0.00359	0.00341
4	0.01446	0.01031	0.01116	0.00858	0.01159	0.01133	0.00708	0.76287	0.03566	0.07379	0.00960	0.00945	0.00674	0.00457	0.00380	0.00114	0.00409	0.00346	0.00385	0.00644
5	0.00486	0.00352	0.00459	0.00502	0.00553	0.00325	0.00350	0.00591	0.00850	0.01155	0.29455	0.53632	0.07806	0.01037	0.00470	0.00141	0.00205	0.00931	0.00374	0.00325
6	0.01014	0.86900	0.01987	0.00649	0.00973	0.01501	0.00649	0.01136	0.00771	0.00892	0.00527	0.00608	0.00487	0.00324	0.00243	0.00081	0.00406	0.00203	0.00162	0.00487
7	0.00742	0.00433	0.00573	0.00512	0.00637	0.00393	0.00393	0.00915	0.01076	0.16152	0.69552	0.02561	0.03113	0.00721	0.00436	0.00119	0.00204	0.00632	0.00427	0.00409
8	0.01170	0.01030	0.03102	0.02386	0.01197	0.06146	0.04720	0.23480	0.48470	0.01790	0.01311	0.01295	0.00991	0.00525	0.00417	0.00137	0.00408	0.00414	0.00378	0.00632
9	0.01167	0.43966	0.01581	0.00951	0.09888	0.29574	0.00736	0.06202	0.00944	0.01031	0.00590	0.00687	0.00509	0.00356	0.00299	0.00092	0.00505	0.00239	0.00189	0.00492
10	0.01009	0.21873	0.24257	0.00863	0.01231	0.03528	0.06837	0.08323	0.07087	0.09472	0.04384	0.00956	0.00738	0.00391	0.00341	0.00105	0.00439	0.00312	0.00246	0.07607
11	0.01166	0.10830	0.26265	0.01073	0.11936	0.01910	0.04555	0.10103	0.02341	0.24753	0.00938	0.00965	0.00658	0.00395	0.00361	0.00114	0.00448	0.00323	0.00280	0.00587
12	0.04619	0.06294	0.14690	0.00974	0.02643	0.00819	0.18608	0.07778	0.01013	0.37144	0.01053	0.01052	0.00711	0.00403	0.00378	0.00117	0.00443	0.00358	0.00320	0.00583
13	0.00469	0.00333	0.00438	0.00519	0.00540	0.00313	0.00343	0.00530	0.00713	0.00951	0.02022	0.80067	0.02423	0.07662	0.00594	0.00170	0.00231	0.01038	0.00343	0.00302
14	0.01005	0.73304	0.11301	0.00710	0.01058	0.03140	0.00738	0.03291	0.00807	0.00967	0.00556	0.00640	0.00490	0.00333	0.00262	0.00087	0.00429	0.00216	0.00168	0.00498
15	0.02581	0.04343	0.09483	0.00929	0.07827	0.00811	0.00748	0.13453	0.05027	0.47276	0.01284	0.01249	0.00886	0.01699	0.00427	0.00134	0.00401	0.00383	0.00404	0.00655
16	0.01208	0.00823	0.13056	0.00766	0.01044	0.00631	0.05449	0.03551	0.02341	0.42687	0.15650	0.03820	0.02493	0.00533	0.00434	0.00122	0.04016	0.00446	0.00378	0.00551
17	0.00500	0.00365	0.00470	0.00489	0.00555	0.00335	0.00350	0.00627	0.00918	0.01259	0.44741	0.36013	0.10060	0.00955	0.00462	0.00134	0.00196	0.00851	0.00386	0.00335
18	0.07577	0.03495	0.06965	0.00930	0.10351	0.02037	0.00720	0.19229	0.03898	0.38147	0.01102	0.01056	0.00749	0.00434	0.00375	0.00116	0.01511	0.00342	0.00360	0.00606
19	0.00997	0.14490	0.12475	0.01589	0.35875	0.04986	0.15346	0.02322	0.00883	0.06426	0.00735	0.00894	0.00579	0.00348	0.00364	0.00111	0.00493	0.00327	0.00202	0.00558
20	0.00844	0.00819	0.00922	0.00819	0.00875	0.12923	0.00651	0.02347	0.00717	0.02188	0.05566	0.01214	0.00855	0.09195	0.14115	0.00237	0.41740	0.00374	0.03209	0.00391
21	0.01014	0.86900	0.01987	0.00649	0.00973	0.01501	0.00649	0.01136	0.00771	0.00892	0.00527	0.00608	0.00487	0.00324	0.00243	0.00081	0.00406	0.00203	0.00162	0.00487
22	0.00485	0.00351	0.00459	0.00505	0.00554	0.00324	0.00351	0.00588	0.00843	0.01146	0.28168	0.56054	0.06669	0.01047	0.00471	0.00142	0.00206	0.00941	0.00373	0.00324
23	0.00596	0.00401	0.00524	0.00486	0.00587	0.00368	0.00367	0.00772	0.01070	0.05874	0.78343	0.02766	0.04869	0.00763	0.00444	0.00119	0.00187	0.00672	0.00419	0.00372
24	0.00454	0.00384	0.00393	0.00391	0.00516	0.00323	0.00293	0.00556	0.00879	0.01059	0.09434	0.03593	0.78539	0.00948	0.00448	0.00127	0.00191	0.00792	0.00357	0.00323
25	0.01442	0.01062	0.01138	0.00873	0.01176	0.01176	0.00721	0.83041	0.01783	0.02390	0.00911	0.00911	0.00645	0.00455	0.00379	0.00114	0.00417	0.00341	0.00379	0.00645
26	0.00462	0.00330	0.00440	0.00528	0.00550	0.00308	0.00352	0.00528	0.00726	0.00968	0.02090	0.86424	0.02508	0.01188	0.00484	0.00154	0.00220	0.01078	0.00352	0.00308
27	0.00452	0.00384	0.00389	0.00388	0.00515	0.00322	0.00291	0.00552	0.00873	0.01046	0.07279	0.03615	0.80701	0.00953	0.00448	0.00128	0.00192	0.00796	0.00355	0.00322
28	0.00786	0.00674	0.00786	0.00562	0.00899	0.00506	0.00449	0.00955	0.00786	0.01236	0.00674	0.00786	0.00562	0.00281	0.00281	0.00056	0.00281	0.00225	0.00225	0.88990
29	0.00542	0.00406	0.00610	0.00610	0.00677	0.00474	0.00474	0.00677	0.00610	0.00880	0.01016	0.01490	0.00948	0.02844	0.85169	0.00610	0.01016	0.00406	0.00203	0.00339
30	0.00585	0.00497	0.00519	0.00494	0.00641	0.00486	0.00376	0.00944	0.22478	0.01216	0.10534	0.02992	0.55176	0.00827	0.00432	0.00127	0.00219	0.00693	0.00367	0.00397
31	0.00575	0.00447	0.00641	0.00622	0.00672	0.00534	0.00476	0.00684	0.00597	0.00862	0.00986	0.01568	0.00964	0.15411	0.63128	0.00523	0.10354	0.00420	0.00203	0.00330
32	0.00830	0.00830	0.01162	0.00996	0.00996	0.01162	0.00830	0.00913	0.00581	0.00913	0.00498	0.00830	0.00498	0.00664	0.01245	0.00166	0.85977	0.00332	0.00166	0.00415
33	0.01205	0.00679	0.04291	0.00642	0.00918	0.00551	0.00542	0.02694	0.00989	0.41969	0.14160	0.01357	0.01215	0.00467	0.00386	0.00102	0.02539	0.00381	0.00373	0.24540
34	0.03826	0.08602	0.01039	0.00816	0.01036	0.33034	0.03067	0.02711	0.15425	0.16617	0.01072	0.09251	0.00887	0.00496	0.00363	0.00112	0.00464	0.00386	0.00296	0.00502
35	0.00537	0.00388	0.00507	0.00477	0.00567	0.00358	0.00358	0.00716	0.01074	0.01521	0.84106	0.02833	0.03578	0.00775	0.00447	0.00119	0.00179	0.00686	0.00417	0.00358
36	0.00523	0.00387	0.00488	0.00462	0.00558	0.00352	0.00347	0.00689	0.01041	0.01443	0.71447	0.02962	0.16286	0.00805	0.00447	0.00121	0.00181	0.00704	0.00407	0.00352
37	0.00885	0.00927	0.06578	0.17851	0.61966	0.00890	0.03126	0.01131	0.00841	0.01186	0.00705	0.00946	0.00575	0.00347	0.00377	0.00116	0.00472	0.00337	0.00183	0.00563
38	0.01503	0.00964	0.01077	0.00826	0.01127	0.01030	0.00682	0.63830	0.01618	0.21835	0.01049	0.01001	0.00714	0.00459	0.00380	0.00115	0.00395	0.00351	0.00401	0.00645
39	0.01702	0.00645	0.00880	0.00675	0.00968	0.00557	0.00557	0.01848	0.01085	0.84568	0.01496	0.01291	0.00939	0.00469	0.00381	0.00117	0.00323	0.00381	0.00469	0.00645
40	0.00456	0.00383	0.00383	0.00383	0.00510	0.00321	0.00287	0.00554	0.00862	0.01036	0.03765	0.03583	0.81679	0.00945	0.00443	0.00127	0.00192	0.00787	0.02981	0.00321
41	0.00878	0.00774	0.01302	0.42939	0.39225	0.00851	0.01072	0.01112	0.00826	0.06322	0.00743	0.00996	0.00575	0.00366	0.00378	0.00120	0.00469	0.00340	0.00196	0.00516
42	0.04708	0.00907	0.02062	0.00892	0.05081	0.16744	0.07901	0.09569	0.09852	0.01247	0.01178	0.23894	0.01169	0.03020	0.00507	0.00135	0.07077	0.00538	0.03072	0.00447

[dist]
# distance from previous block
# <min> <max>
0	1

[block]
# block no. 3 follows, 72 sequences, length 120
# corresponding to MSA columns:
# 96-215
name=unknown_D
#
# <colnr> <probs for GDERKNQSTAVLIFYWHMCP>
#	G	D	E	R	K	N	Q	S	T	A	V	L	I	F	Y	W	H	M	C	P
0	0.00917	0.00881	0.01489	0.08063	0.73749	0.00912	0.01137	0.01136	0.00840	0.01201	0.00698	0.00937	0.00588	0.00360	0.00426	0.00117	0.05449	0.00338	0.00185	0.00577
1	0.00927	0.00864	0.01373	0.01973	0.66091	0.00886	0.01029	0.01300	0.15528	0.01310	0.02393	0.01068	0.00762	0.00380	0.00376	0.00115	0.00413	0.00361	0.02262	0.00591
2	0.01113	0.25160	0.01357	0.00892	0.01059	0.34465	0.00741	0.01213	0.00829	0.00913	0.00541	0.00711	0.00491	0.00461	0.00609	0.00115	0.28447	0.00261	0.00177	0.00445
3	0.00537	0.00388	0.00507	0.00477	0.00567	0.00358	0.00358	0.00716	0.01074	0.01521	0.84106	0.02833	0.03578	0.00775	0.00447	0.00119	0.00179	0.00686	0.00417	0.00358
4	0.00533	0.00385	0.00503	0.00478	0.00565	0.00356	0.00357	0.00707	0.01058	0.01494	0.80059	0.06009	0.04481	0.00793	0.00449	0.00121	0.00181	0.00702	0.00414	0.00356
5	0.00943	0.00815	0.00858	0.00772	0.00986	0.00943	0.00600	0.02015	0.83621	0.01586	0.01544	0.01415	0.01158	0.00515	0.00386	0.00129	0.00300	0.00429	0.00386	0.00600
6	0.01045	0.00865	0.00915	0.00792	0.01025	0.00991	0.00625	0.18626	0.66843	0.01751	0.01414	0.01312	0.01053	0.00502	0.00385	0.00126	0.00324	0.00411	0.00385	0.00609
7	0.01442	0.01062	0.01138	0.00873	0.01176	0.01176	0.00721	0.83041	0.01783	0.02390	0.00911	0.00911	0.00645	0.00455	0.00379	0.00114	0.00417	0.00341	0.00379	0.00645
8	0.00542	0.00406	0.00610	0.00610	0.00677	0.00474	0.00474	0.00677	0.00610	0.00880	0.01016	0.01490	0.00948	0.02844	0.85169	0.00610	0.01016	0.00406	0.00203	0.00339
9	0.00460	0.00385	0.00401	0.00397	0.00520	0.00325	0.00298	0.00568	0.00893	0.01092	0.14736	0.03539	0.73216	0.00935	0.00448	0.00127	0.00190	0.00785	0.00361	0.00325
10	0.01435	0.01270	0.01120	0.00902	0.01175	0.24579	0.00724	0.60320	0.01586	0.01983	0.00820	0.00847	0.00601	0.00437	0.00369	0.00109	0.00492	0.00314	0.00328	0.00588
11	0.00808	0.07977	0.00913	0.00587	0.00924	0.00598	0.01871	0.00975	0.00787	0.01206	0.00663	0.00775	0.00556	0.00285	0.00281	0.00060	0.00298	0.00227	0.00219	0.79993
12	0.01452	0.00746	0.01199	0.00998	0.08197	0.00681	0.16423	0.01663	0.03305	0.58291	0.01280	0.01208	0.00842	0.00433	0.00404	0.00120	0.01370	0.00391	0.00387	0.00612
13	0.00473	0.00341	0.00451	0.00529	0.00562	0.00318	0.00364	0.00552	0.00757	0.01008	0.06434	0.74535	0.05660	0.01150	0.00483	0.00152	0.00224	0.05338	0.00355	0.00313
14	0.00832	0.00793	0.01357	0.36595	0.45243	0.00860	0.03436	0.01068	0.00819	0.01121	0.00747	0.02225	0.00623	0.00382	0.00384	0.00121	0.00473	0.02221	0.00186	0.00514
15	0.01058	0.02932	0.52766	0.00924	0.01376	0.00783	0.01078	0.03637	0.00923	0.26239	0.03987	0.01022	0.00736	0.00410	0.00368	0.00118	0.00469	0.00326	0.00268	0.00580
16	0.00462	0.00330	0.00440	0.00528	0.00550	0.00308	0.00352	0.00528	0.00726	0.00968	0.02090	0.86424	0.02508	0.01188	0.00484	0.00154	0.00220	0.01078	0.00352	0.00308
17	0.00761	0.03885	0.81371	0.01062	0.01608	0.00885	0.01366	0.01188	0.00799	0.01190	0.00701	0.02255	0.00515	0.00374	0.00360	0.00120	0.00551	0.00292	0.00163	0.00554
18	0.00875	0.07369	0.02951	0.00955	0.10967	0.00727	0.12823	0.03854	0.00850	0.02617	0.00703	0.00839	0.00570	0.00307	0.00321	0.00080	0.00375	0.00277	0.00219	0.52323
19	0.00921	0.03282	0.47329	0.01232	0.06839	0.00877	0.21604	0.01277	0.00861	0.10989	0.00797	0.00918	0.00566	0.00361	0.00383	0.00120	0.00542	0.00336	0.00206	0.00559
20	0.00523	0.00398	0.00424	0.00410	0.00542	0.00337	0.00310	0.00631	0.00899	0.05393	0.12776	0.03436	0.70767	0.00914	0.00445	0.00127	0.00197	0.00766	0.00366	0.00341
21	0.00918	0.01109	0.14349	0.01836	0.55252	0.08590	0.02214	0.01168	0.01827	0.01200	0.02449	0.02261	0.04350	0.00396	0.00377	0.00114	0.00470	0.00360	0.00200	0.00557
22	0.01005	0.20975	0.28952	0.01290	0.25350	0.03377	0.01037	0.01264	0.00855	0.11380	0.00752	0.00853	0.00573	0.00360	0.00340	0.00108	0.00467	0.00291	0.00208	0.00562
23	0.01696	0.00654	0.00886	0.00679	0.00972	0.00570	0.00561	0.03546	0.01100	0.82850	0.01484	0.01283	0.00933	0.00469	0.00381	0.00117	0.00325	0.00381	0.00468	0.00645
24	0.89350	0.00733	0.00557	0.00499	0.00733	0.00851	0.00411	0.01115	0.00645	0.01702	0.00528	0.00616	0.00411	0.00352	0.00235	0.00117	0.00293	0.00205	0.00235	0.00411
25	0.00448	0.00384	0.00384	0.00384	0.00512	0.00320	0.00288	0.00544	0.00864	0.01025	0.03842	0.03650	0.84152	0.00960	0.00448	0.00128	0.00192	0.00800	0.00352	0.00320
26	0.00792	0.00666	0.00722	0.00665	0.00837	0.00738	0.00511	0.01545	0.55536	0.01481	0.16521	0.07057	0.10034	0.00647	0.00409	0.00128	0.00263	0.00551	0.00386	0.00511
27	0.00537	0.00388	0.00507	0.00477	0.00567	0.00358	0.00358	0.00716	0.01074	0.01521	0.84106	0.02833	0.03578	0.00775	0.00447	0.00119	0.00179	0.00686	0.00417	0.00358
28	0.00599	0.00426	0.00587	0.00668	0.00745	0.00425	0.00569	0.00754	0.00841	0.01096	0.01950	0.08429	0.02138	0.07586	0.00629	0.00188	0.00344	0.71349	0.00340	0.00338
29	0.01417	0.01808	0.01075	0.00977	0.01172	0.85149	0.00733	0.01514	0.01075	0.00928	0.00586	0.00684	0.00489	0.00391	0.00342	0.00098	0.00684	0.00244	0.00195	0.00440
30	0.00761	0.01962	0.84707	0.01081	0.01641	0.00881	0.01401	0.01201	0.00801	0.01201	0.00681	0.00801	0.00480	0.00360	0.00360	0.00120	0.00560	0.00280	0.00160	0.00560
31	0.00453	0.00384	0.00391	0.00389	0.00515	0.00322	0.00292	0.00553	0.00875	0.01050	0.08032	0.03607	0.79946	0.00951	0.00448	0.00128	0.00191	0.00794	0.00356	0.00322
32	0.89350	0.00733	0.00557	0.00499	0.00733	0.00851	0.00411	0.01115	0.00645	0.01702	0.00528	0.00616	0.00411	0.00352	0.00235	0.00117	0.00293	0.00205	0.00235	0.00411
33	0.00462	0.00330	0.00440	0.00528	0.00550	0.00308	0.00352	0.00528	0.00726	0.00968	0.02090	0.86424	0.02508	0.01188	0.00484	0.00154	0.00220	0.01078	0.00352	0.00308
34	0.01014	0.86900	0.01987	0.00649	0.00973	0.01501	0.00649	0.01136	0.00771	0.00892	0.00527	0.00608	0.00487	0.00324	0.00243	0.00081	0.00406	0.00203	0.00162	0.00487
35	0.00786	0.00674	0.00786	0.00562	0.00899	0.00506	0.00449	0.00955	0.00786	0.01236	0.00674	0.00786	0.00562	0.00281	0.00281	0.00056	0.00281	0.00225	0.00225	0.88990
36	0.89350	0.00733	0.00557	0.00499	0.00733	0.00851	0.00411	0.01115	0.00645	0.01702	0.00528	0.00616	0.00411	0.00352	0.00235	0.00117	0.00293	0.00205	0.00235	0.00411
37	0.00452	0.00378	0.00393	0.00402	0.00518	0.00320	0.00297	0.00547	0.00854	0.01030	0.05580	0.12592	0.73377	0.00981	0.00452	0.00131	0.00195	0.00828	0.00354	0.00320
38	0.01014	0.86900	0.01987	0.00649	0.00973	0.01501	0.00649	0.01136	0.00771	0.00892	0.00527	0.00608	0.00487	0.00324	0.00243	0.00081	0.00406	0.00203	0.00162	0.00487
39	0.00830	0.00830	0.01162	0.00996	0.00996	0.01162	0.00830	0.00913	0.00581	0.00913	0.00498	0.00830	0.00498	0.00664	0.01245	0.00166	0.85977	0.00332	0.00166	0.00415
40	0.00462	0.00330	0.00440	0.00528	0.00550	0.00308	0.00352	0.00528	0.00726	0.00968	0.02090	0.86424	0.02508	0.01188	0.00484	0.00154	0.00220	0.01078	0.00352	0.00308
41	0.00542	0.00406	0.00610	0.00610	0.00677	0.00474	0.00474	0.00677	0.00610	0.00880	0.01016	0.01490	0.00948	0.02844	0.85169	0.00610	0.01016	0.00406	0.00203	0.00339
42	0.01702	0.00645	0.00880	0.00675	0.00968	0.00557	0.00557	0.01848	0.01085	0.84568	0.01496	0.01291	0.00939	0.00469	0.00381	0.00117	0.00323	0.00381	0.00469	0.00645
43	0.00524	0.00387	0.00489	0.00464	0.00559	0.00352	0.00348	0.00691	0.01043	0.01449	0.72435	0.02952	0.15294	0.00802	0.00447	0.00121	0.00181	0.00703	0.00408	0.00352
44	0.00939	0.00901	0.01539	0.02328	0.84306	0.00901	0.01164	0.01164	0.00864	0.01239	0.00713	0.00939	0.00601	0.00338	0.00375	0.00113	0.00451	0.00338	0.00188	0.00601
45	0.00924	0.00782	0.00830	0.00749	0.00957	0.00895	0.00583	0.01915	0.76472	0.02805	0.03853	0.01558	0.03972	0.00542	0.00391	0.00129	0.00294	0.01382	0.00386	0.00582
46	0.00450	0.00384	0.00385	0.00385	0.00510	0.00321	0.00287	0.00544	0.00859	0.01019	0.03794	0.03629	0.82643	0.02523	0.00475	0.00132	0.00195	0.00796	0.00350	0.00319
47	0.00976	0.63624	0.20761	0.00758	0.01135	0.01345	0.00823	0.04928	0.00824	0.01032	0.00580	0.00666	0.00493	0.00339	0.00276	0.00091	0.00441	0.00227	0.00172	0.00511
48	0.00772	0.05713	0.81054	0.01062	0.01612	0.00908	0.01368	0.01198	0.00799	0.01187	0.00674	0.00792	0.00481	0.00359	0.00355	0.00118	0.00554	0.00277	0.00160	0.00557
49	0.00537	0.00388	0.00507	0.00477	0.00567	0.00358	0.00358	0.00716	0.01074	0.01521	0.84106	0.02833	0.03578	0.00775	0.00447	0.00119	0.00179	0.00686	0.00417	0.00358
50	0.00830	0.00830	0.01162	0.00996	0.00996	0.01162	0.00830	0.00913	0.00581	0.00913	0.00498	0.00830	0.00498	0.00664	0.01245	0.00166	0.85977	0.00332	0.00166	0.00415
51	0.00988	0.00840	0.03312	0.23676	0.39529	0.00839	0.09905	0.01224	0.00872	0.13878	0.00828	0.01017	0.00622	0.00367	0.00385	0.00119	0.00468	0.00355	0.00226	0.00550
52	0.01403	0.03186	0.04506	0.05327	0.07971	0.00660	0.06935	0.01588	0.01014	0.56600	0.05867	0.01273	0.00976	0.00451	0.00385	0.00117	0.00371	0.00388	0.00385	0.00596
53	0.73676	0.02648	0.00669	0.00587	0.02074	0.09731	0.00467	0.01185	0.00713	0.04634	0.00573	0.00653	0.00443	0.00360	0.00254	0.00114	0.00340	0.00218	0.00237	0.00427
54	0.89350	0.00733	0.00557	0.00499	0.00733	0.00851	0.00411	0.01115	0.00645	0.01702	0.00528	0.00616	0.00411	0.00352	0.00235	0.00117	0.00293	0.00205	0.00235	0.00411
55	0.00935	0.00910	0.01591	0.02274	0.78273	0.00905	0.07156	0.01168	0.00866	0.01237	0.00717	0.00945	0.00599	0.00337	0.00381	0.00114	0.00464	0.00346	0.00188	0.00594
56	0.00455	0.00382	0.00395	0.00398	0.00518	0.00322	0.00296	0.00555	0.00871	0.01055	0.09143	0.07914	0.74478	0.00960	0.00450	0.00129	0.00193	0.00807	0.00357	0.00322
57	0.00938	0.00901	0.01415	0.02055	0.69973	0.03664	0.01061	0.01239	0.08888	0.01274	0.04300	0.01056	0.00776	0.00375	0.00378	0.00114	0.00432	0.00358	0.00217	0.00585
58	0.03457	0.01053	0.01182	0.00902	0.01208	0.01157	0.05005	0.76865	0.01710	0.02313	0.00894	0.00910	0.00636	0.00446	0.00380	0.00115	0.00426	0.00344	0.00366	0.00633
59	0.00552	0.00368	0.00414	0.00414	0.00414	0.00368	0.00230	0.00552	0.00552	0.00735	0.01195	0.02482	0.01379	0.86672	0.01930	0.00368	0.00368	0.00552	0.00230	0.00230
60	0.00481	0.00364	0.00470	0.00525	0.00568	0.00352	0.00366	0.00562	0.00753	0.00997	0.06224	0.62008	0.15022	0.01200	0.04925	0.00173	0.03399	0.00954	0.00341	0.00318
61	0.01442	0.01062	0.01138	0.00873	0.01176	0.01176	0.00721	0.83041	0.01783	0.02390	0.00911	0.00911	0.00645	0.00455	0.00379	0.00114	0.00417	0.00341	0.00379	0.00645
62	0.00542	0.00406	0.00606	0.00606	0.00673	0.00472	0.00470	0.00675	0.00609	0.00878	0.01019	0.01506	0.00955	0.04235	0.83788	0.00605	0.01005	0.00409	0.00204	0.00337
63	0.00707	0.00353	0.00353	0.00353	0.00442	0.00353	0.00265	0.00884	0.00795	0.01414	0.01237	0.01414	0.00972	0.00442	0.00265	0.00088	0.00177	0.00353	0.88777	0.00353
64	0.89350	0.00733	0.00557	0.00499	0.00733	0.00851	0.00411	0.01115	0.00645	0.01702	0.00528	0.00616	0.00411	0.00352	0.00235	0.00117	0.00293	0.00205	0.00235	0.00411
65	0.89350	0.00733	0.00557	0.00499	0.00733	0.00851	0.00411	0.01115	0.00645	0.01702	0.00528	0.00616	0.00411	0.00352	0.00235	0.00117	0.00293	0.00205	0.00235	0.00411
66	0.00465	0.00332	0.00443	0.00526	0.00551	0.00310	0.00352	0.00535	0.00739	0.00988	0.05097	0.83360	0.02548	0.01173	0.00483	0.00153	0.00219	0.01064	0.00354	0.00310
67	0.00796	0.00662	0.00777	0.00561	0.00887	0.00501	0.00448	0.00964	0.00805	0.03022	0.04130	0.00882	0.00694	0.00305	0.00290	0.00060	0.00278	0.00247	0.00238	0.83456
68	0.01661	0.00710	0.00920	0.00705	0.01000	0.00653	0.00583	0.14452	0.01194	0.71811	0.01405	0.01232	0.00893	0.00467	0.00381	0.00117	0.00337	0.00375	0.00455	0.00645
69	0.00808	0.00673	0.00789	0.00564	0.00900	0.00507	0.00452	0.00976	0.00793	0.03196	0.00693	0.00798	0.00571	0.00285	0.00283	0.00058	0.00282	0.00228	0.00230	0.86911
70	0.00772	0.05712	0.81054	0.01062	0.01612	0.00908	0.01368	0.01198	0.00799	0.01187	0.00674	0.00792	0.00481	0.00359	0.00355	0.00118	0.00554	0.00277	0.00160	0.00557
71	0.01174	0.48257	0.01511	0.00719	0.00993	0.20324	0.00637	0.06200	0.00932	0.08828	0.00704	0.00764	0.00573	0.00369	0.00288	0.00091	0.00446	0.00248	0.06453	0.00491
72	0.01449	0.01007	0.01126	0.00914	0.04823	0.01093	0.00722	0.70113	0.01663	0.11765	0.00969	0.00955	0.00677	0.00452	0.00379	0.00114	0.00408	0.00346	0.00381	0.00643
73	0.06743	0.70308	0.01777	0.00682	0.00984	0.12325	0.00645	0.01183	0.00802	0.00949	0.00535	0.00619	0.00482	0.00335	0.00256	0.00086	0.00435	0.00208	0.00171	0.00476
74	0.01417	0.01808	0.01075	0.00977	0.01172	0.85149	0.00733	0.01514	0.01075	0.00928	0.00586	0.00684	0.00489	0.00391	0.00342	0.00098	0.00684	0.00244	0.00195	0.00440
75	0.00786	0.00674	0.00786	0.00562	0.00899	0.00506	0.00449	0.00955	0.00786	0.01236	0.00674	0.00786	0.00562	0.00281	0.00281	0.00056	0.00281	0.00225	0.00225	0.88990
76	0.00466	0.00332	0.00439	0.00523	0.00544	0.00311	0.00347	0.00529	0.00718	0.00958	0.02051	0.82718	0.02458	0.04963	0.00548	0.00163	0.00227	0.01055	0.00347	0.00305
77	0.84715	0.00714	0.00550	0.00494	0.00717	0.00826	0.00401	0.01085	0.00641	0.01651	0.00563	0.00713	0.00461	0.04858	0.00323	0.00130	0.00297	0.00223	0.00234	0.00401
78	0.00539	0.00402	0.00593	0.00596	0.00659	0.00462	0.00457	0.00665	0.00611	0.00876	0.01065	0.04655	0.01028	0.07159	0.77719	0.00580	0.00953	0.00439	0.00210	0.00332
79	0.00939	0.00901	0.01539	0.02328	0.84306	0.00901	0.01164	0.01164	0.00864	0.01239	0.00713	0.00939	0.00601	0.00338	0.00375	0.00113	0.00451	0.00338	0.00188	0.00601
80	0.00548	0.00366	0.00415	0.00419	0.00420	0.00365	0.00235	0.00550	0.00559	0.00746	0.01234	0.06188	0.01429	0.82897	0.01866	0.00358	0.00361	0.00575	0.00235	0.00233
81	0.01442	0.01062	0.01138	0.00873	0.01176	0.01176	0.00721	0.83041	0.01783	0.02390	0.00911	0.00911	0.00645	0.00455	0.00379	0.00114	0.00417	0.00341	0.00379	0.00645
82	0.00659	0.00329	0.00494	0.00494	0.00494	0.00329	0.00329	0.00494	0.00494	0.00659	0.00659	0.01153	0.00659	0.01318	0.01482	0.88966	0.00329	0.00329	0.00165	0.00165
83	0.01442	0.01062	0.01138	0.00873	0.01176	0.01176	0.00721	0.83041	0.01783	0.02390	0.00911	0.00911	0.00645	0.00455	0.00379	0.00114	0.00417	0.00341	0.00379	0.00645
84	0.01376	0.00957	0.01048	0.00803	0.01099	0.01021	0.00661	0.64364	0.01584	0.10094	0.00960	0.00958	0.00680	0.00441	0.00366	0.00108	0.00386	0.00335	0.04277	0.08482
85	0.00716	0.00674	0.01138	0.85760	0.02612	0.00843	0.01053	0.00969	0.00758	0.00969	0.00674	0.01011	0.00506	0.00379	0.00379	0.00126	0.00506	0.00337	0.00169	0.00421
86	0.89350	0.00733	0.00557	0.00499	0.00733	0.00851	0.00411	0.01115	0.00645	0.01702	0.00528	0.00616	0.00411	0.00352	0.00235	0.00117	0.00293	0.00205	0.00235	0.00411
87	0.00582	0.00420	0.00534	0.00497	0.00591	0.00399	0.00371	0.04999	0.01076	0.01513	0.73394	0.05477	0.03293	0.04565	0.00510	0.00131	0.00201	0.00675	0.00405	0.00366
88	0.00462	0.00332	0.00438	0.00523	0.00549	0.00308	0.00350	0.00529	0.00731	0.00970	0.02155	0.83390	0.05501	0.01180	0.00483	0.00153	0.00219	0.01068	0.00352	0.00308
89	0.00462	0.00330	0.00440	0.00528	0.00550	0.00308	0.00352	0.00528	0.00726	0.00968	0.02090	0.86424	0.02508	0.01188	0.00484	0.00154	0.00220	0.01078	0.00352	0.00308
90	0.01690	0.00664	0.00892	0.00683	0.00977	0.00585	0.00565	0.05433	0.01116	0.80940	0.01470	0.01274	0.00926	0.00469	0.00381	0.00117	0.00327	0.00380	0.00465	0.00645
91	0.00485	0.00366	0.00534	0.00584	0.00625	0.00342	0.04662	0.00564	0.00735	0.00981	0.02021	0.81966	0.02407	0.01143	0.00482	0.00153	0.00242	0.01045	0.00344	0.00319
92	0.00745	0.00685	0.01101	0.71383	0.05072	0.00836	0.00987	0.02959	0.06499	0.01054	0.00803	0.04806	0.00645	0.00425	0.00384	0.00127	0.00475	0.00376	0.00197	0.00440
93	0.01417	0.01808	0.01075	0.00977	0.01172	0.85149	0.00733	0.01514	0.01075	0.00928	0.00586	0.00684	0.00489	0.00391	0.00342	0.00098	0.00684	0.00244	0.00195	0.00440
94	0.01298	0.00979	0.01239	0.00938	0.01243	0.01036	0.13170	0.54740	0.05881	0.07813	0.00958	0.01011	0.00695	0.02382	0.00421	0.00120	0.00430	0.00364	0.00347	0.04936
95	0.03764	0.00647	0.00873	0.00671	0.00963	0.00564	0.00554	0.01831	0.01075	0.82619	0.01473	0.01275	0.00926	0.00467	0.00378	0.00117	0.00322	0.00377	0.00464	0.00640
96	0.00961	0.00895	0.01459	0.11276	0.54414	0.00929	0.07473	0.09287	0.07072	0.01346	0.00794	0.00986	0.00634	0.00366	0.00383	0.00117	0.00457	0.00353	0.00219	0.00578
97	0.00541	0.00396	0.00563	0.00566	0.00618	0.00446	0.00419	0.00646	0.00601	0.00852	0.01087	0.04288	0.01087	0.20540	0.64967	0.00544	0.00854	0.00458	0.00213	0.00315
98	0.00610	0.00348	0.00513	0.00522	0.00539	0.00362	0.00362	0.00541	0.00544	0.00741	0.00893	0.09483	0.00923	0.04013	0.20555	0.57735	0.00477	0.00425	0.00193	0.00220
99	0.00947	0.00980	0.07867	0.04208	0.57429	0.00898	0.11301	0.05444	0.00910	0.03241	0.00776	0.02866	0.00639	0.00367	0.00386	0.00117	0.00474	0.00365	0.00206	0.00579
100	0.01093	0.61163	0.07228	0.00754	0.01065	0.20241	0.00718	0.02203	0.00853	0.00939	0.00555	0.00642	0.00489	0.00343	0.00275	0.00088	0.00478	0.00219	0.00172	0.00483
101	0.86768	0.00749	0.00570	0.00509	0.00743	0.02138	0.00418	0.01131	0.00658	0.02858	0.00543	0.00627	0.00419	0.00354	0.00238	0.00117	0.00300	0.00208	0.00237	0.00414
102	0.00913	0.02149	0.21510	0.03047	0.53362	0.01901	0.06494	0.03881	0.00881	0.01255	0.00711	0.00904	0.00568	0.00347	0.00375	0.00115	0.00491	0.00329	0.00187	0.00581
103	0.00545	0.00501	0.02949	0.02104	0.07257	0.00431	0.04738	0.00691	0.00895	0.01164	0.21691	0.12267	0.41678	0.00834	0.00443	0.00127	0.00251	0.00728	0.00338	0.00368
104	0.00652	0.01078	0.35196	0.00801	0.01105	0.00614	0.06538	0.00946	0.00944	0.01357	0.42245	0.01891	0.03905	0.00577	0.00412	0.00120	0.00368	0.00505	0.00295	0.00451
105	0.01007	0.19598	0.19701	0.00940	0.02216	0.11547	0.09423	0.10279	0.14813	0.01313	0.04953	0.00985	0.00779	0.00409	0.00353	0.00110	0.00472	0.00329	0.00243	0.00531
106	0.00509	0.00387	0.00469	0.00448	0.00550	0.00346	0.00336	0.00663	0.01009	0.01367	0.59226	0.03086	0.28554	0.00833	0.00448	0.00122	0.00183	0.00721	0.00397	0.00346
107	0.01207	0.09170	0.08626	0.01208	0.21967	0.02186	0.00859	0.32259	0.07090	0.10357	0.00906	0.00952	0.00669	0.00410	0.00364	0.00112	0.00423	0.00331	0.00299	0.00606
108	0.13750	0.00945	0.01002	0.00782	0.01063	0.01032	0.00641	0.59560	0.01501	0.11325	0.00932	0.00969	0.00672	0.03603	0.00416	0.00124	0.00388	0.00335	0.00364	0.00597
109	0.00792	0.01732	0.67794	0.01137	0.06545	0.00853	0.05557	0.01188	0.00812	0.02201	0.00696	0.00825	0.00504	0.00352	0.00360	0.00115	0.00533	0.00289	0.00172	0.07544
110	0.00986	0.70210	0.16287	0.00724	0.01089	0.01372	0.00777	0.01163	0.00783	0.02867	0.00576	0.00657	0.00496	0.00334	0.00267	0.00089	0.00431	0.00220	0.00169	0.00503
111	0.00462	0.00330	0.00440	0.00528	0.00550	0.00308	0.00352	0.00528	0.00726	0.00968	0.02090	0.86424	0.02508	0.01188	0.00484	0.00154	0.00220	0.01078	0.00352	0.00308
112	0.00611	0.00437	0.00611	0.00698	0.00786	0.00437	0.00611	0.00786	0.00873	0.01135	0.02008	0.04278	0.02183	0.01048	0.00524	0.00175	0.00349	0.81753	0.00349	0.00349
113	0.09087	0.00770	0.00939	0.00805	0.06129	0.02523	0.00615	0.15147	0.04893	0.53211	0.01251	0.01141	0.00825	0.00449	0.00367	0.00117	0.00350	0.00356	0.00407	0.00616
114	0.01217	0.00938	0.01012	0.00845	0.01090	0.01032	0.00670	0.42698	0.30749	0.02003	0.05577	0.02604	0.01099	0.00703	0.05720	0.00165	0.00424	0.00431	0.00397	0.00628
115	0.01621	0.00709	0.00912	0.00706	0.00996	0.00661	0.00581	0.12241	0.06333	0.68874	0.01424	0.01250	0.00915	0.00470	0.00381	0.00118	0.00333	0.00379	0.00453	0.00643
116	0.00927	0.00998	0.10973	0.04725	0.57607	0.00876	0.07567	0.01208	0.03719	0.04533	0.00804	0.02926	0.00658	0.00371	0.00383	0.00117	0.00464	0.00362	0.00206	0.00578
117	0.00785	0.00674	0.00795	0.02543	0.00939	0.00513	0.00463	0.00955	0.00786	0.01230	0.00674	0.00792	0.00560	0.00283	0.00283	0.00058	0.00286	0.00227	0.00223	0.86931
118	0.00542	0.00405	0.00601	0.00601	0.00666	0.00469	0.00463	0.00672	0.00607	0.00874	0.01024	0.01534	0.00967	0.06546	0.81493	0.00599	0.00987	0.00413	0.00204	0.00334
119	0.00596	0.00431	0.00528	0.00575	0.05951	0.00445	0.00329	0.00662	0.04003	0.00819	0.01191	0.05358	0.01332	0.70809	0.03214	0.00333	0.02367	0.00544	0.00236	0.00279

[dist]
# distance from previous block
# <min> <max>
1	3

[block]
# block no. 4 follows, 72 sequences, length 61
# corresponding to MSA columns:
# 220-280
name=unknown_E
#
# <colnr> <probs for GDERKNQSTAVLIFYWHMCP>
#	G	D	E	R	K	N	Q	S	T	A	V	L	I	F	Y	W	H	M	C	P
0	0.00622	0.00490	0.00628	0.00618	0.00702	0.01899	0.00468	0.00894	0.14319	0.00989	0.01180	0.04542	0.01113	0.12605	0.54545	0.00466	0.00769	0.02536	0.00245	0.00369
1	0.00794	0.05837	0.09800	0.00633	0.00974	0.00621	0.00568	0.01037	0.05524	0.01222	0.00769	0.04000	0.00655	0.00339	0.00301	0.00072	0.00317	0.00273	0.00228	0.66036
2	0.76236	0.00915	0.13014	0.00585	0.00868	0.00855	0.00557	0.01128	0.00668	0.01627	0.00551	0.00643	0.00421	0.00353	0.00253	0.00118	0.00333	0.00216	0.00224	0.00433
3	0.00554	0.00409	0.00574	0.02591	0.03452	0.00446	0.00421	0.00645	0.00616	0.00858	0.01169	0.10833	0.01228	0.28912	0.45082	0.00457	0.00696	0.00520	0.00226	0.00312
4	0.03128	0.02801	0.02400	0.00801	0.01105	0.03824	0.09375	0.07471	0.01094	0.61984	0.01290	0.01177	0.00835	0.00442	0.00381	0.00117	0.00382	0.00372	0.00407	0.00614
5	0.00530	0.00363	0.00429	0.00456	0.00466	0.00358	0.00274	0.00568	0.01948	0.00823	0.01484	0.29015	0.01733	0.58243	0.01448	0.00296	0.00320	0.00716	0.00271	0.00261
6	0.00561	0.00556	0.09489	0.00542	0.00681	0.00414	0.00469	0.00767	0.01044	0.01487	0.75206	0.02616	0.03248	0.00731	0.00438	0.00119	0.00220	0.00643	0.00390	0.00379
7	0.01001	0.00440	0.00509	0.00448	0.00597	0.00414	0.00351	0.01169	0.00881	0.25973	0.01314	0.01378	0.00962	0.00450	0.00299	0.00097	0.00220	0.00362	0.62696	0.00440
8	0.00542	0.00406	0.00610	0.00610	0.00677	0.00474	0.00474	0.00677	0.00610	0.00880	0.01016	0.01490	0.00948	0.02844	0.85169	0.00610	0.01016	0.00406	0.00203	0.00339
9	0.00802	0.00674	0.00788	0.00564	0.00900	0.00506	0.00451	0.00970	0.00791	0.02644	0.00688	0.00795	0.00568	0.00284	0.00283	0.00057	0.00282	0.00227	0.00229	0.87497
10	0.01417	0.01808	0.01075	0.00977	0.01172	0.85149	0.00733	0.01514	0.01075	0.00928	0.00586	0.00684	0.00489	0.00391	0.00342	0.00098	0.00684	0.00244	0.00195	0.00440
11	0.00716	0.00674	0.01138	0.85760	0.02612	0.00843	0.01053	0.00969	0.00758	0.00969	0.00674	0.01011	0.00506	0.00379	0.00379	0.00126	0.00506	0.00337	0.00169	0.00421
12	0.01037	0.81935	0.01934	0.00668	0.00985	0.06381	0.00654	0.01158	0.00788	0.00894	0.00531	0.00613	0.00487	0.00328	0.00249	0.00082	0.00422	0.00205	0.00164	0.00484
13	0.01442	0.01062	0.01138	0.00873	0.01176	0.01176	0.00721	0.83041	0.01783	0.02390	0.00911	0.00911	0.00645	0.00455	0.00379	0.00114	0.00417	0.00341	0.00379	0.00645
14	0.00929	0.00795	0.00843	0.00757	0.00965	0.00914	0.00588	0.03513	0.77215	0.01598	0.06348	0.01488	0.01289	0.00529	0.00389	0.00128	0.00295	0.00442	0.00388	0.00587
15	0.00873	0.00661	0.00821	0.00805	0.09742	0.00642	0.00556	0.01304	0.25377	0.09711	0.14715	0.07606	0.01425	0.01896	0.00400	0.00112	0.00289	0.00455	0.00334	0.22276
16	0.00548	0.00382	0.00487	0.00487	0.00513	0.00408	0.00322	0.00599	0.00573	0.00790	0.01127	0.02108	0.01217	0.55092	0.33288	0.00459	0.00612	0.00497	0.00220	0.00271
17	0.00893	0.00855	0.01458	0.19311	0.67676	0.00889	0.01141	0.01124	0.00842	0.01184	0.00705	0.00953	0.00581	0.00346	0.00376	0.00115	0.00462	0.00338	0.00184	0.00564
18	0.00804	0.13906	0.68333	0.01055	0.03306	0.00975	0.02886	0.01187	0.00796	0.01154	0.00659	0.00781	0.00486	0.00359	0.00359	0.00115	0.01855	0.00275	0.00162	0.00548
19	0.00496	0.00359	0.00492	0.06878	0.00690	0.00354	0.00393	0.00562	0.00705	0.00936	0.01854	0.69593	0.02192	0.08549	0.00639	0.03475	0.00258	0.00949	0.00321	0.00304
20	0.00542	0.00406	0.00610	0.00610	0.00677	0.00474	0.00474	0.00677	0.00610	0.00880	0.01016	0.01490	0.00948	0.02844	0.85169	0.00610	0.01016	0.00406	0.00203	0.00339
21	0.04105	0.02390	0.12685	0.01127	0.06898	0.29309	0.10328	0.06490	0.00922	0.02467	0.00642	0.00809	0.00522	0.00438	0.00554	0.00122	0.19204	0.00305	0.00200	0.00486
22	0.00453	0.00386	0.00391	0.00393	0.00520	0.00323	0.00297	0.00551	0.00865	0.01028	0.03790	0.03668	0.81823	0.00963	0.00450	0.00129	0.00197	0.03101	0.00352	0.00321
23	0.00786	0.00674	0.00786	0.00562	0.00899	0.00506	0.00449	0.00955	0.00786	0.01236	0.00674	0.00786	0.00562	0.00281	0.00281	0.00056	0.00281	0.00225	0.00225	0.88990
24	0.00761	0.01962	0.84707	0.01081	0.01641	0.00881	0.01401	0.01201	0.00801	0.01201	0.00681	0.00801	0.00480	0.00360	0.00360	0.00120	0.00560	0.00280	0.00160	0.00560
25	0.01702	0.00645	0.00880	0.00675	0.00968	0.00557	0.00557	0.01848	0.01085	0.84568	0.01496	0.01291	0.00939	0.00469	0.00381	0.00117	0.00323	0.00381	0.00469	0.00645
26	0.00829	0.19626	0.59060	0.01080	0.05708	0.01015	0.05315	0.01186	0.00802	0.01139	0.00655	0.00779	0.00493	0.00350	0.00341	0.00112	0.00526	0.00275	0.00164	0.00545
27	0.00939	0.00845	0.03064	0.00780	0.01003	0.00942	0.00621	0.01994	0.81442	0.01576	0.01521	0.01399	0.01140	0.00510	0.00385	0.00128	0.00307	0.00425	0.00380	0.00599
28	0.00533	0.00385	0.00489	0.00464	0.00547	0.00356	0.00340	0.00687	0.01004	0.01405	0.70040	0.02849	0.08585	0.09950	0.00606	0.00146	0.00200	0.00679	0.00393	0.00342
29	0.00454	0.00384	0.00392	0.00390	0.00516	0.00323	0.00293	0.00555	0.00878	0.01056	0.08960	0.03598	0.79014	0.00949	0.00448	0.00128	0.00191	0.00793	0.00356	0.00323
