[name]
unknown

[dist]
# distance from previous block
# <min> <max>
0	44

[block]
# block no. 0 follows, 70 sequences, length 102
# corresponding to MSA columns:
# 53-154
name=unknown_A
#
# <colnr> <probs for GDERKNQSTAVLIFYWHMCP>
#	G	D	E	R	K	N	Q	S	T	A	V	L	I	F	Y	W	H	M	C	P
0	0.00839	0.00735	0.01130	0.56631	0.06644	0.00857	0.02522	0.09489	0.04555	0.02313	0.00875	0.01208	0.02098	0.02912	0.00436	0.00133	0.00474	0.02398	0.00222	0.03528
1	0.00791	0.00677	0.00810	0.00586	0.00916	0.00515	0.01747	0.00966	0.00823	0.01280	0.05611	0.00932	0.00757	0.00318	0.00300	0.00062	0.00287	0.00261	0.00241	0.82121
2	0.00956	0.01018	0.01990	0.03923	0.07691	0.01995	0.60869	0.05963	0.08960	0.01338	0.00861	0.01067	0.00649	0.00358	0.00439	0.00128	0.00590	0.00436	0.00225	0.00542
3	0.01413	0.05404	0.01147	0.01007	0.02490	0.78539	0.00754	0.01515	0.01073	0.00952	0.00597	0.00703	0.00501	0.00401	0.00362	0.00101	0.02139	0.00251	0.00198	0.00454
4	0.00503	0.00394	0.00455	0.00440	0.00551	0.00346	0.00330	0.00643	0.00989	0.01297	0.43237	0.03320	0.44334	0.00889	0.00458	0.00126	0.00190	0.00761	0.00393	0.00346
5	0.89114	0.00750	0.00570	0.00510	0.00750	0.00870	0.00420	0.01140	0.00660	0.01739	0.00540	0.00630	0.00420	0.00360	0.00240	0.00120	0.00300	0.00210	0.00240	0.00420
6	0.00458	0.00393	0.00393	0.00393	0.00524	0.00327	0.00295	0.00556	0.00884	0.01047	0.03927	0.03731	0.83800	0.00982	0.00458	0.00131	0.00196	0.00818	0.00360	0.00327
7	0.00947	0.00908	0.01541	0.02303	0.79805	0.00919	0.01164	0.01170	0.00871	0.01251	0.00747	0.02457	0.00645	0.00372	0.00414	0.00118	0.03212	0.00359	0.00194	0.00603
8	0.46197	0.00706	0.00732	0.00598	0.00868	0.00722	0.00494	0.01508	0.00881	0.42255	0.01026	0.00969	0.00685	0.00419	0.00314	0.00120	0.00315	0.00298	0.00358	0.00538
9	0.00480	0.00392	0.00417	0.00429	0.00540	0.00339	0.00320	0.00575	0.00850	0.01029	0.03452	0.09046	0.65706	0.07766	0.00587	0.00156	0.00225	0.07021	0.00350	0.00321
10	0.00805	0.01903	0.75494	0.01145	0.01697	0.00914	0.08316	0.03080	0.00850	0.01257	0.00709	0.00840	0.00503	0.00367	0.00376	0.00123	0.00576	0.00302	0.00172	0.00571
11	0.00504	0.00389	0.00456	0.00450	0.00550	0.00345	0.00331	0.00636	0.00960	0.01267	0.40435	0.10619	0.37348	0.03358	0.00504	0.00136	0.00198	0.00782	0.00387	0.00341
12	0.00554	0.00415	0.00623	0.00623	0.00692	0.00485	0.00485	0.00692	0.00623	0.00900	0.01038	0.01523	0.00969	0.02908	0.84839	0.00623	0.01038	0.00415	0.00208	0.00346
13	0.00495	0.00410	0.00429	0.00427	0.00547	0.00362	0.00315	0.00640	0.04699	0.01097	0.09909	0.07305	0.65765	0.05223	0.00533	0.00144	0.00211	0.00792	0.00361	0.00338
14	0.00804	0.00689	0.00804	0.00574	0.00919	0.00517	0.00459	0.00976	0.00804	0.01263	0.00689	0.00804	0.00574	0.00287	0.00287	0.00057	0.00287	0.00230	0.00230	0.88745
15	0.27533	0.01026	0.00984	0.00842	0.04035	0.08652	0.01718	0.39821	0.08623	0.01967	0.00833	0.00869	0.00618	0.00427	0.00342	0.00117	0.00407	0.00308	0.00318	0.00561
16	0.00915	0.01088	0.06143	0.08454	0.02863	0.05391	0.63228	0.01242	0.02777	0.01209	0.00804	0.02561	0.00622	0.00359	0.00440	0.00129	0.00623	0.00439	0.00200	0.00513
17	0.00871	0.00445	0.00571	0.00526	0.00651	0.00449	0.00408	0.01021	0.00802	0.19015	0.01293	0.01536	0.02594	0.04985	0.29654	0.00294	0.00518	0.00404	0.33549	0.00414
18	0.00547	0.00396	0.00516	0.00486	0.00578	0.00365	0.00365	0.00728	0.01094	0.01545	0.82310	0.02911	0.05106	0.00796	0.00457	0.00122	0.00183	0.00703	0.00426	0.00365
19	0.01415	0.06231	0.03220	0.00961	0.01200	0.60443	0.00759	0.18825	0.01230	0.01273	0.00669	0.00747	0.00533	0.00409	0.00353	0.00103	0.00623	0.00270	0.00237	0.00500
20	0.00909	0.01090	0.06111	0.01609	0.02010	0.00977	0.78771	0.01241	0.00911	0.01241	0.00780	0.01035	0.00584	0.00329	0.00453	0.00130	0.00650	0.00450	0.00195	0.00525
21	0.06076	0.06146	0.15248	0.00816	0.01152	0.03547	0.02786	0.10327	0.10395	0.37796	0.01168	0.01101	0.00792	0.00443	0.00370	0.00119	0.00403	0.00350	0.00359	0.00607
22	0.01907	0.21935	0.58101	0.00969	0.01462	0.01041	0.01182	0.03093	0.00846	0.05093	0.00701	0.00796	0.00518	0.00367	0.00340	0.00113	0.00518	0.00273	0.00185	0.00559
23	0.00472	0.00337	0.00450	0.00540	0.00562	0.00315	0.00360	0.00540	0.00742	0.00990	0.02137	0.86122	0.02564	0.01215	0.00495	0.00157	0.00225	0.01102	0.00360	0.00315
24	0.00778	0.02005	0.84367	0.01105	0.01678	0.00900	0.01432	0.01228	0.00818	0.01228	0.00696	0.00818	0.00491	0.00368	0.00368	0.00123	0.00573	0.00286	0.00164	0.00573
25	0.01025	0.02334	0.03778	0.01989	0.62466	0.00925	0.02807	0.04708	0.08350	0.06532	0.00861	0.01017	0.00683	0.00375	0.00384	0.00117	0.00444	0.00355	0.00235	0.00614
26	0.00613	0.00432	0.00548	0.00551	0.02407	0.00465	0.00354	0.00657	0.00605	0.02591	0.02506	0.02174	0.01275	0.59249	0.18281	0.00396	0.05859	0.00514	0.00233	0.00289
27	0.01036	0.86609	0.02032	0.00663	0.00995	0.01534	0.00663	0.01161	0.00788	0.00912	0.00539	0.00622	0.00498	0.00332	0.00249	0.00083	0.00415	0.00207	0.00166	0.00498
28	0.70146	0.00977	0.02893	0.00640	0.02166	0.15465	0.00516	0.01214	0.00744	0.01581	0.00557	0.00652	0.00439	0.00367	0.00265	0.00116	0.00379	0.00221	0.00230	0.00432
29	0.00516	0.00395	0.00473	0.00454	0.00559	0.00352	0.00340	0.00669	0.01021	0.01373	0.55117	0.03195	0.32407	0.00860	0.00458	0.00125	0.00188	0.00743	0.00403	0.00352
30	0.01292	0.00921	0.01026	0.00774	0.01093	0.00927	0.00634	0.49380	0.01437	0.10149	0.00915	0.00930	0.00663	0.00412	0.00357	0.00098	0.00374	0.00316	0.00348	0.27955
31	0.01307	0.00873	0.01370	0.01147	0.09366	0.00858	0.22410	0.13814	0.11494	0.31441	0.01170	0.01169	0.00811	0.00430	0.00407	0.00123	0.00440	0.00403	0.00352	0.00613
32	0.89114	0.00750	0.00570	0.00510	0.00750	0.00870	0.00420	0.01140	0.00660	0.01739	0.00540	0.00630	0.00420	0.00360	0.00240	0.00120	0.00300	0.00210	0.00240	0.00420
33	0.00960	0.00921	0.01574	0.02380	0.83957	0.00921	0.01190	0.01190	0.00883	0.01267	0.00729	0.00960	0.00614	0.00345	0.00384	0.00115	0.00461	0.00345	0.00192	0.00614
34	0.00554	0.00415	0.00623	0.00623	0.00692	0.00485	0.00485	0.00692	0.00623	0.00900	0.01038	0.01523	0.00969	0.02908	0.84839	0.00623	0.01038	0.00415	0.00208	0.00346
35	0.00964	0.00833	0.00877	0.00789	0.01008	0.00964	0.00614	0.02060	0.83257	0.01622	0.01578	0.01446	0.01183	0.00526	0.00394	0.00131	0.00307	0.00438	0.00394	0.00614
36	0.00458	0.00392	0.00394	0.00395	0.00524	0.00327	0.00295	0.00556	0.00882	0.01046	0.03902	0.04899	0.82648	0.00985	0.00459	0.00131	0.00197	0.00822	0.00360	0.00327
37	0.89114	0.00750	0.00570	0.00510	0.00750	0.00870	0.00420	0.01140	0.00660	0.01739	0.00540	0.00630	0.00420	0.00360	0.00240	0.00120	0.00300	0.00210	0.00240	0.00420
38	0.00472	0.00337	0.00450	0.00540	0.00562	0.00315	0.00360	0.00540	0.00742	0.00990	0.02137	0.86122	0.02564	0.01215	0.00495	0.00157	0.00225	0.01102	0.00360	0.00315
39	0.89114	0.00750	0.00570	0.00510	0.00750	0.00870	0.00420	0.01140	0.00660	0.01739	0.00540	0.00630	0.00420	0.00360	0.00240	0.00120	0.00300	0.00210	0.00240	0.00420
40	0.00915	0.01046	0.02288	0.01634	0.02026	0.00980	0.82549	0.01242	0.00915	0.01242	0.00784	0.01046	0.00588	0.00327	0.00458	0.00131	0.00654	0.00458	0.00196	0.00523
41	0.00964	0.00836	0.00899	0.00840	0.03691	0.00963	0.00632	0.02032	0.80593	0.01610	0.01550	0.01431	0.01165	0.00520	0.00394	0.00131	0.00312	0.00435	0.00388	0.00614
42	0.01331	0.01635	0.01216	0.03059	0.16281	0.65726	0.02857	0.01464	0.01048	0.01015	0.00629	0.00762	0.00523	0.00388	0.00359	0.00104	0.00651	0.00274	0.00198	0.00481
43	0.00625	0.00446	0.00625	0.00714	0.00803	0.00446	0.00625	0.00803	0.00892	0.01160	0.02053	0.04373	0.02231	0.01071	0.00535	0.00178	0.00357	0.81348	0.00357	0.00357
44	0.14508	0.00820	0.00942	0.00733	0.01028	0.00832	0.00605	0.29625	0.01289	0.43892	0.01177	0.01084	0.00777	0.00457	0.00367	0.00119	0.00359	0.00349	0.00413	0.00624
45	0.00563	0.00379	0.00437	0.00437	0.00442	0.00384	0.00253	0.00573	0.00568	0.00762	0.01208	0.02464	0.01378	0.80340	0.07965	0.00394	0.00424	0.00553	0.00233	0.00243
46	0.00555	0.00404	0.00525	0.00490	0.00588	0.00370	0.00368	0.00738	0.01090	0.01547	0.81700	0.02844	0.03582	0.00780	0.00453	0.00120	0.00185	0.00689	0.00422	0.02550
47	0.01392	0.11994	0.01211	0.00949	0.01171	0.68939	0.00736	0.05838	0.02464	0.01035	0.00626	0.00715	0.00519	0.00397	0.00340	0.00099	0.00644	0.00253	0.00209	0.00469
48	0.01036	0.86609	0.02032	0.00663	0.00995	0.01534	0.00663	0.01161	0.00788	0.00912	0.00539	0.00622	0.00498	0.00332	0.00249	0.00083	0.00415	0.00207	0.00166	0.00498
49	0.00742	0.00695	0.01150	0.81714	0.02597	0.00866	0.01056	0.01038	0.04409	0.01018	0.00728	0.01052	0.00546	0.00394	0.00388	0.00129	0.00508	0.00349	0.00182	0.00439
50	0.00778	0.02005	0.84367	0.01105	0.01678	0.00900	0.01432	0.01228	0.00818	0.01228	0.00696	0.00818	0.00491	0.00368	0.00368	0.00123	0.00573	0.00286	0.00164	0.00573
51	0.01036	0.86609	0.02032	0.00663	0.00995	0.01534	0.00663	0.01161	0.00788	0.00912	0.00539	0.00622	0.00498	0.00332	0.00249	0.00083	0.00415	0.00207	0.00166	0.00498
52	0.00474	0.00406	0.00408	0.00405	0.00539	0.00347	0.00304	0.00603	0.03422	0.01065	0.03855	0.03661	0.81254	0.00968	0.00456	0.00131	0.00200	0.00806	0.00361	0.00336
53	0.00590	0.00423	0.00632	0.00625	0.00701	0.00487	0.00487	0.00729	0.00638	0.03468	0.01054	0.01517	0.00969	0.02833	0.82236	0.00608	0.01017	0.00415	0.00216	0.00356
54	0.01474	0.01086	0.01163	0.00892	0.01202	0.01202	0.00737	0.82664	0.01823	0.02443	0.00931	0.00931	0.00659	0.00465	0.00388	0.00116	0.00427	0.00349	0.00388	0.00659
55	0.00574	0.00417	0.00560	0.00638	0.00716	0.00405	0.00527	0.00718	0.00854	0.01105	0.02258	0.21022	0.11169	0.02737	0.00546	0.00173	0.00313	0.54570	0.00356	0.00343
56	0.03188	0.00862	0.00939	0.00747	0.01006	0.00929	0.00609	0.47380	0.08500	0.13616	0.01124	0.01120	0.00804	0.00468	0.00364	0.00113	0.00354	0.00362	0.16922	0.00594
57	0.00472	0.00337	0.00450	0.00540	0.00562	0.00315	0.00360	0.00540	0.00742	0.00990	0.02137	0.86122	0.02564	0.01215	0.00495	0.00157	0.00225	0.01102	0.00360	0.00315
58	0.00964	0.00833	0.00877	0.00789	0.01008	0.00964	0.00614	0.02060	0.83257	0.01622	0.01578	0.01446	0.01183	0.00526	0.00394	0.00131	0.00307	0.00438	0.00394	0.00614
59	0.00751	0.00449	0.00588	0.00526	0.00654	0.00411	0.00404	0.02210	0.01111	0.14584	0.69497	0.02617	0.03186	0.00738	0.00446	0.00122	0.00210	0.00647	0.00435	0.00417
60	0.00575	0.00391	0.00474	0.00516	0.00576	0.00386	0.00361	0.00763	0.07777	0.01189	0.10373	0.50797	0.02210	0.03215	0.00476	0.00144	0.00222	0.00839	0.18364	0.00353
61	0.01406	0.01077	0.01226	0.01049	0.08853	0.02195	0.02640	0.71413	0.01693	0.02273	0.00900	0.00932	0.00650	0.00453	0.00398	0.00117	0.01368	0.00350	0.00361	0.00647
62	0.01041	0.03072	0.01321	0.29012	0.26933	0.25449	0.03333	0.03244	0.00933	0.01104	0.00680	0.00902	0.00547	0.00377	0.00374	0.00115	0.00552	0.00317	0.00192	0.00502
63	0.00475	0.00339	0.00453	0.00543	0.00566	0.00317	0.00364	0.00544	0.00745	0.00992	0.02135	0.84847	0.02559	0.01212	0.00495	0.00158	0.00227	0.02354	0.00360	0.00316
64	0.00475	0.00367	0.00436	0.00488	0.00560	0.00328	0.00348	0.00562	0.00810	0.01024	0.02886	0.46707	0.36754	0.01108	0.00482	0.00147	0.00221	0.05616	0.00360	0.00323
65	0.01024	0.03385	0.03715	0.04756	0.64956	0.00932	0.01100	0.05672	0.03313	0.06228	0.00804	0.00982	0.00644	0.00367	0.00381	0.00116	0.00450	0.00345	0.00223	0.00609
66	0.01359	0.03341	0.01150	0.02509	0.05009	0.67514	0.00781	0.05060	0.01069	0.01028	0.00613	0.00737	0.00513	0.00421	0.00425	0.00107	0.07429	0.00266	0.00204	0.00465
67	0.00606	0.00498	0.00647	0.00642	0.00717	0.05370	0.00496	0.00740	0.00650	0.00900	0.01016	0.01491	0.00949	0.04062	0.78652	0.00589	0.01008	0.00408	0.00208	0.00350
68	0.06859	0.05350	0.01150	0.01029	0.05965	0.62733	0.01704	0.07420	0.01096	0.02370	0.00641	0.00737	0.00521	0.00396	0.00345	0.00103	0.00622	0.00263	0.00218	0.00479
69	0.00474	0.00392	0.00415	0.00411	0.00534	0.00334	0.00308	0.00586	0.00917	0.01132	0.17379	0.05001	0.68873	0.00954	0.00459	0.00130	0.00195	0.00803	0.00371	0.00334
70	0.01046	0.81296	0.01989	0.00730	0.03775	0.03919	0.00683	0.01173	0.00800	0.00925	0.00547	0.00635	0.00501	0.00334	0.00256	0.00084	0.00424	0.00213	0.00168	0.00500
71	0.00814	0.00674	0.00766	0.00628	0.00875	0.00635	0.00491	0.01298	0.28647	0.02570	0.17759	0.01493	0.02689	0.00483	0.00362	0.00097	0.00272	0.00406	0.00330	0.38710
72	0.01329	0.06667	0.04855	0.01025	0.04432	0.51203	0.04499	0.03945	0.01042	0.09650	0.00751	0.00896	0.00603	0.00430	0.00410	0.00110	0.05140	0.02288	0.00233	0.00492
73	0.01254	0.02615	0.02460	0.01187	0.11177	0.20445	0.10882	0.32111	0.06107	0.01630	0.00815	0.00914	0.00625	0.00432	0.00438	0.00118	0.05605	0.00341	0.00278	0.00568
74	0.00477	0.00393	0.00419	0.00412	0.00535	0.00335	0.00309	0.00592	0.00928	0.01152	0.20338	0.03559	0.67324	0.00943	0.00458	0.00129	0.00194	0.00794	0.00374	0.00335
75	0.89114	0.00750	0.00570	0.00510	0.00750	0.00870	0.00420	0.01140	0.00660	0.01739	0.00540	0.00630	0.00420	0.00360	0.00240	0.00120	0.00300	0.00210	0.00240	0.00420
76	0.00732	0.00689	0.01163	0.85444	0.02670	0.00861	0.01077	0.00991	0.00775	0.00991	0.00689	0.01034	0.00517	0.00388	0.00388	0.00129	0.00517	0.00345	0.00172	0.00431
77	0.00473	0.00341	0.00448	0.00532	0.00561	0.00316	0.00357	0.00543	0.00754	0.01000	0.03258	0.80956	0.06635	0.01198	0.00493	0.00156	0.00223	0.01083	0.00361	0.00316
78	0.00791	0.06236	0.80249	0.01083	0.01644	0.00932	0.01394	0.01224	0.00817	0.01212	0.00688	0.00809	0.00491	0.00366	0.00362	0.00121	0.00565	0.00283	0.00164	0.00569
79	0.00549	0.00396	0.00518	0.00488	0.00579	0.00366	0.00366	0.00732	0.01097	0.01555	0.83752	0.02896	0.03658	0.00793	0.00457	0.00122	0.00183	0.00701	0.00427	0.00366
80	0.89114	0.00750	0.00570	0.00510	0.00750	0.00870	0.00420	0.01140	0.00660	0.01739	0.00540	0.00630	0.00420	0.00360	0.00240	0.00120	0.00300	0.00210	0.00240	0.00420
81	0.00974	0.00838	0.00882	0.00791	0.01012	0.00969	0.00616	0.03648	0.81653	0.01638	0.01565	0.01436	0.01173	0.00525	0.00394	0.00131	0.00309	0.00437	0.00394	0.00615
82	0.00778	0.02005	0.84367	0.01105	0.01678	0.00900	0.01432	0.01228	0.00818	0.01228	0.00696	0.00818	0.00491	0.00368	0.00368	0.00123	0.00573	0.00286	0.00164	0.00573
83	0.00980	0.00841	0.00885	0.00792	0.01014	0.00972	0.00617	0.04544	0.80747	0.01647	0.01558	0.01431	0.01167	0.00524	0.00394	0.00131	0.00311	0.00436	0.00394	0.00615
84	0.00475	0.00339	0.00452	0.00538	0.00563	0.00317	0.00360	0.00546	0.00754	0.01008	0.04776	0.83431	0.02599	0.01201	0.00494	0.00156	0.00224	0.01089	0.00362	0.00317
85	0.00471	0.00353	0.00438	0.00502	0.00553	0.00320	0.00344	0.00550	0.00789	0.01023	0.05285	0.63221	0.22455	0.01144	0.00485	0.00150	0.00217	0.01019	0.00362	0.00320
86	0.01036	0.86609	0.02032	0.00663	0.00995	0.01534	0.00663	0.01161	0.00788	0.00912	0.00539	0.00622	0.00498	0.00332	0.00249	0.00083	0.00415	0.00207	0.00166	0.00498
87	0.00960	0.00921	0.01574	0.02380	0.83957	0.00921	0.01190	0.01190	0.00883	0.01267	0.00729	0.00960	0.00614	0.00345	0.00384	0.00115	0.00461	0.00345	0.00192	0.00614
88	0.01488	0.01063	0.01149	0.00881	0.01191	0.01168	0.00728	0.78235	0.01784	0.06928	0.00964	0.00952	0.00676	0.00466	0.00388	0.00117	0.00421	0.00351	0.00393	0.00659
89	0.00960	0.00921	0.01574	0.02380	0.83957	0.00921	0.01190	0.01190	0.00883	0.01267	0.00729	0.00960	0.00614	0.00345	0.00384	0.00115	0.00461	0.00345	0.00192	0.00614
90	0.01480	0.01076	0.01158	0.00887	0.01197	0.01188	0.00733	0.80847	0.01807	0.04283	0.00944	0.00940	0.00666	0.00466	0.00388	0.00116	0.00424	0.00350	0.00390	0.00659
91	0.00562	0.00400	0.00511	0.00481	0.00579	0.00366	0.00362	0.00738	0.01075	0.02815	0.74465	0.02920	0.10343	0.00798	0.00453	0.00122	0.00186	0.00701	0.01755	0.00367
92	0.00960	0.00921	0.01574	0.02380	0.83957	0.00921	0.01190	0.01190	0.00883	0.01267	0.00729	0.00960	0.00614	0.00345	0.00384	0.00115	0.00461	0.00345	0.00192	0.00614
93	0.01445	0.01072	0.01148	0.00886	0.01191	0.01189	0.00730	0.78178	0.06355	0.02398	0.00967	0.00959	0.00688	0.00469	0.00388	0.00117	0.00420	0.00354	0.00388	0.00657
94	0.00548	0.00397	0.00521	0.00494	0.00583	0.00373	0.00370	0.00724	0.01055	0.01492	0.75838	0.02816	0.04747	0.02326	0.05865	0.00158	0.00241	0.00683	0.00409	0.00362
95	0.00472	0.00337	0.00450	0.00540	0.00562	0.00315	0.00360	0.00540	0.00742	0.00990	0.02137	0.86122	0.02564	0.01215	0.00495	0.00157	0.00225	0.01102	0.00360	0.00315
96	0.00853	0.00644	0.00784	0.00805	0.00944	0.00665	0.00667	0.06368	0.18637	0.01443	0.03436	0.03585	0.02002	0.00966	0.00535	0.00181	0.00382	0.56219	0.00400	0.00485
97	0.00951	0.01048	0.02216	0.01587	0.01974	0.00995	0.77330	0.06436	0.00973	0.01318	0.00794	0.01038	0.00593	0.00336	0.00453	0.00130	0.00639	0.00451	0.00208	0.00532
98	0.00472	0.00337	0.00450	0.00540	0.00562	0.00315	0.00360	0.00540	0.00742	0.00990	0.02137	0.86122	0.02564	0.01215	0.00495	0.00157	0.00225	0.01102	0.00360	0.00315
99	0.00557	0.00376	0.00438	0.00454	0.00461	0.00373	0.00272	0.00575	0.00604	0.00803	0.01375	0.12189	0.01590	0.71580	0.01719	0.00339	0.00357	0.05429	0.00256	0.00251
100	0.52629	0.03520	0.08328	0.00667	0.03604	0.01950	0.01661	0.01130	0.00732	0.02545	0.00609	0.00711	0.00479	0.00345	0.00273	0.00105	0.00341	0.00232	0.00229	0.19911
101	0.23802	0.34973	0.27966	0.00772	0.01155	0.02291	0.00848	0.02281	0.00783	0.01249	0.00595	0.00692	0.00478	0.00353	0.00288	0.00106	0.00440	0.00236	0.00188	0.00503

[dist]
# distance from previous block
# <min> <max>
0	1

[block]
# block no. 1 follows, 70 sequences, length 125
# corresponding to MSA columns:
# 156-280
name=unknown_B
#
# <colnr> <probs for GDERKNQSTAVLIFYWHMCP>
#	G	D	E	R	K	N	Q	S	T	A	V	L	I	F	Y	W	H	M	C	P
0	0.01440	0.03456	0.01116	0.00992	0.01195	0.83239	0.00747	0.01541	0.01093	0.00948	0.00598	0.00698	0.00499	0.00398	0.00348	0.00100	0.00694	0.00249	0.00199	0.00450
1	0.09990	0.04771	0.01023	0.00898	0.05757	0.15161	0.00676	0.11540	0.29392	0.04891	0.01034	0.01967	0.00805	0.00518	0.01964	0.00131	0.06877	0.00351	0.00304	0.01951
2	0.01049	0.84129	0.02004	0.00673	0.01001	0.03970	0.00666	0.01172	0.00797	0.00913	0.00541	0.00624	0.00498	0.00334	0.00252	0.00083	0.00423	0.00209	0.00167	0.00496
3	0.00558	0.00446	0.00509	0.00508	0.00623	0.00425	0.00383	0.00808	0.11591	0.01245	0.22803	0.14579	0.37124	0.00914	0.00460	0.00135	0.00222	0.05911	0.00381	0.00374
4	0.00778	0.02005	0.84367	0.01105	0.01678	0.00900	0.01432	0.01228	0.00818	0.01228	0.00696	0.00818	0.00491	0.00368	0.00368	0.00123	0.00573	0.00286	0.00164	0.00573
5	0.89114	0.00750	0.00570	0.00510	0.00750	0.00870	0.00420	0.01140	0.00660	0.01739	0.00540	0.00630	0.00420	0.00360	0.00240	0.00120	0.00300	0.00210	0.00240	0.00420
6	0.00482	0.00392	0.00426	0.00420	0.00539	0.00337	0.00314	0.00601	0.00936	0.01177	0.24450	0.05341	0.61356	0.00938	0.00459	0.00129	0.00194	0.00794	0.00377	0.00337
7	0.01036	0.86609	0.02032	0.00663	0.00995	0.01534	0.00663	0.01161	0.00788	0.00912	0.00539	0.00622	0.00498	0.00332	0.00249	0.00083	0.00415	0.00207	0.00166	0.00498
8	0.01072	0.01004	0.00930	0.00828	0.01050	0.13686	0.00642	0.07398	0.65337	0.01575	0.01386	0.01299	0.01045	0.00503	0.00387	0.00126	0.00374	0.00404	0.00365	0.00592
9	0.00509	0.00384	0.00472	0.00478	0.00566	0.00347	0.00351	0.00643	0.00953	0.01279	0.41769	0.20614	0.25729	0.00965	0.01512	0.00139	0.00209	0.02345	0.00390	0.00344
10	0.01448	0.01848	0.01099	0.00999	0.01199	0.84819	0.00749	0.01548	0.01099	0.00949	0.00599	0.00699	0.00499	0.00400	0.00350	0.00100	0.00699	0.00250	0.00200	0.00449
11	0.01739	0.00660	0.00900	0.00690	0.00990	0.00570	0.00570	0.01889	0.01110	0.84226	0.01529	0.01320	0.00960	0.00480	0.00390	0.00120	0.00330	0.00390	0.00480	0.00660
12	0.00723	0.00361	0.00361	0.00361	0.00452	0.00361	0.00271	0.00903	0.00813	0.01445	0.01265	0.01445	0.00994	0.00452	0.00271	0.00090	0.00181	0.00361	0.88528	0.00361
13	0.00554	0.00415	0.00623	0.00623	0.00692	0.00485	0.00485	0.00692	0.00623	0.00900	0.01038	0.01523	0.00969	0.02908	0.84839	0.00623	0.01038	0.00415	0.00208	0.00346
14	0.89114	0.00750	0.00570	0.00510	0.00750	0.00870	0.00420	0.01140	0.00660	0.01739	0.00540	0.00630	0.00420	0.00360	0.00240	0.00120	0.00300	0.00210	0.00240	0.00420
15	0.87896	0.00748	0.00574	0.00512	0.00753	0.00866	0.00422	0.01150	0.00666	0.02889	0.00554	0.00639	0.00427	0.00362	0.00242	0.00120	0.00300	0.00212	0.00243	0.00423
16	0.00944	0.00810	0.00854	0.00771	0.00979	0.00935	0.00595	0.01986	0.79161	0.01579	0.01560	0.01500	0.01195	0.04778	0.00473	0.00144	0.00310	0.00445	0.00387	0.00595
17	0.01477	0.01540	0.01103	0.00945	0.01184	0.54472	0.00732	0.25002	0.01309	0.07504	0.00763	0.00812	0.00579	0.00424	0.00364	0.00106	0.00593	0.00289	0.00275	0.00526
18	0.01726	0.00681	0.00913	0.00700	0.01000	0.00601	0.00578	0.05835	0.01144	0.80231	0.01500	0.01301	0.00945	0.00479	0.00390	0.00120	0.00335	0.00388	0.00475	0.00660
19	0.00506	0.00364	0.00473	0.00508	0.00561	0.00338	0.00354	0.00617	0.00877	0.01201	0.34124	0.46506	0.05770	0.05259	0.00552	0.00153	0.00215	0.00908	0.00380	0.00331
20	0.00534	0.00379	0.00420	0.00427	0.00461	0.00361	0.00262	0.00564	0.00657	0.00843	0.01942	0.07960	0.21369	0.59355	0.01497	0.00301	0.00323	0.01807	0.00274	0.00264
21	0.01449	0.01829	0.01100	0.00996	0.01199	0.82789	0.00749	0.03517	0.01116	0.00985	0.00607	0.00705	0.00503	0.00401	0.00350	0.00100	0.00693	0.00252	0.00204	0.00455
22	0.01538	0.00866	0.01008	0.00780	0.01073	0.00890	0.00642	0.42634	0.03655	0.36962	0.01216	0.01132	0.00816	0.00472	0.00384	0.00117	0.00371	0.00369	0.04429	0.00645
23	0.00491	0.00374	0.00451	0.00474	0.00554	0.00334	0.00339	0.00603	0.00898	0.01180	0.27385	0.32827	0.30673	0.01008	0.00471	0.00138	0.00202	0.00884	0.00380	0.00334
24	0.01459	0.03144	0.01113	0.00964	0.01185	0.68556	0.00737	0.11902	0.01186	0.05264	0.00687	0.00758	0.00543	0.00411	0.00355	0.00103	0.00641	0.00269	0.00237	0.00487
25	0.00667	0.00341	0.00512	0.00512	0.00516	0.00345	0.00345	0.00516	0.00512	0.00686	0.00694	0.01198	0.00690	0.01434	0.06192	0.83775	0.00376	0.00341	0.00171	0.00178
26	0.00482	0.00392	0.00427	0.00422	0.00539	0.00337	0.00315	0.00602	0.00935	0.01178	0.24723	0.05930	0.60486	0.00939	0.00459	0.00129	0.00194	0.00796	0.00377	0.00337
27	0.00788	0.04030	0.79874	0.01110	0.01672	0.00918	0.03879	0.01227	0.00821	0.01221	0.00695	0.00821	0.00494	0.00366	0.00368	0.00122	0.00572	0.00290	0.00165	0.00570
28	0.04037	0.01076	0.01146	0.00881	0.01189	0.01193	0.00728	0.80280	0.01789	0.02423	0.00919	0.00922	0.00652	0.00462	0.00383	0.00116	0.00423	0.00345	0.00383	0.00652
29	0.01368	0.03683	0.01272	0.05021	0.01328	0.04067	0.07325	0.65624	0.01627	0.02160	0.00880	0.00926	0.00635	0.00441	0.00386	0.00116	0.00456	0.00348	0.00346	0.01989
30	0.01513	0.00870	0.01006	0.00787	0.01070	0.03035	0.00645	0.39454	0.01403	0.37234	0.01187	0.01139	0.00808	0.00666	0.07178	0.00158	0.00442	0.00369	0.00408	0.00629
31	0.00673	0.00337	0.00505	0.00505	0.00505	0.00337	0.00337	0.00505	0.00505	0.00673	0.00673	0.01178	0.00673	0.01347	0.01515	0.88721	0.00337	0.00337	0.00168	0.00168
32	0.01036	0.86609	0.02032	0.00663	0.00995	0.01534	0.00663	0.01161	0.00788	0.00912	0.00539	0.00622	0.00498	0.00332	0.00249	0.00083	0.00415	0.00207	0.00166	0.00498
33	0.89114	0.00750	0.00570	0.00510	0.00750	0.00870	0.00420	0.01140	0.00660	0.01739	0.00540	0.00630	0.00420	0.00360	0.00240	0.00120	0.00300	0.00210	0.00240	0.00420
34	0.00735	0.00692	0.01169	0.84285	0.03804	0.00862	0.01078	0.00993	0.00777	0.00994	0.00690	0.01033	0.00518	0.00387	0.00388	0.00129	0.00516	0.00345	0.00173	0.00433
35	0.01020	0.70926	0.03328	0.00692	0.00994	0.07977	0.00666	0.01148	0.00801	0.00922	0.00615	0.02682	0.00576	0.00522	0.05632	0.00121	0.00475	0.00246	0.00176	0.00481
36	0.04021	0.00645	0.00861	0.00667	0.00953	0.00566	0.00549	0.01814	0.01081	0.77371	0.01488	0.01308	0.00947	0.00475	0.00379	0.00118	0.00321	0.00383	0.05416	0.00637
37	0.00493	0.00395	0.00426	0.00425	0.00546	0.00338	0.00319	0.00605	0.00912	0.02228	0.15968	0.07665	0.64883	0.00959	0.00460	0.00132	0.00201	0.02337	0.00372	0.00338
38	0.00549	0.00396	0.00518	0.00488	0.00579	0.00366	0.00366	0.00732	0.01097	0.01555	0.83752	0.02896	0.03658	0.00793	0.00457	0.00122	0.00183	0.00701	0.00427	0.00366
39	0.00549	0.00396	0.00518	0.00488	0.00579	0.00366	0.00366	0.00732	0.01097	0.01555	0.83752	0.02896	0.03658	0.00793	0.00457	0.00122	0.00183	0.00701	0.00427	0.00366
40	0.01087	0.00503	0.00582	0.00499	0.00669	0.00483	0.00395	0.06809	0.00974	0.27004	0.01323	0.01371	0.00960	0.00461	0.00316	0.00101	0.00243	0.00369	0.55376	0.00474
41	0.87178	0.00748	0.00577	0.00514	0.00755	0.00863	0.00423	0.01156	0.00670	0.03567	0.00562	0.00645	0.00432	0.00363	0.00243	0.00120	0.00301	0.00214	0.00245	0.00425
42	0.01036	0.86609	0.02032	0.00663	0.00995	0.01534	0.00663	0.01161	0.00788	0.00912	0.00539	0.00622	0.00498	0.00332	0.00249	0.00083	0.00415	0.00207	0.00166	0.00498
43	0.00458	0.00393	0.00393	0.00393	0.00524	0.00327	0.00295	0.00556	0.00884	0.01047	0.03927	0.03731	0.83800	0.00982	0.00458	0.00131	0.00196	0.00818	0.00360	0.00327
44	0.01739	0.00660	0.00900	0.00690	0.00990	0.00570	0.00570	0.01889	0.01110	0.84226	0.01529	0.01320	0.00960	0.00480	0.00390	0.00120	0.00330	0.00390	0.00480	0.00660
45	0.00462	0.00387	0.00401	0.00409	0.00529	0.00327	0.00303	0.00559	0.00875	0.01053	0.05613	0.11774	0.73982	0.01000	0.00462	0.00133	0.00199	0.00843	0.00362	0.00327
46	0.00554	0.00415	0.00623	0.00623	0.00692	0.00485	0.00485	0.00692	0.00623	0.00900	0.01038	0.01523	0.00969	0.02908	0.84839	0.00623	0.01038	0.00415	0.00208	0.00346
47	0.01161	0.47215	0.15221	0.00776	0.01139	0.01244	0.00788	0.14291	0.01003	0.12721	0.00764	0.00800	0.00586	0.00380	0.00310	0.00100	0.00431	0.00268	0.00244	0.00558
48	0.00954	0.00947	0.03111	0.02322	0.78669	0.00923	0.04961	0.01193	0.00883	0.01265	0.00731	0.00961	0.00611	0.00345	0.00387	0.00116	0.00472	0.00350	0.00192	0.00609
49	0.84773	0.00766	0.00599	0.00529	0.00772	0.00886	0.00436	0.05178	0.00717	0.01774	0.00559	0.00645	0.00432	0.00365	0.00247	0.00120	0.00306	0.00217	0.00247	0.00432
50	0.01714	0.00710	0.00909	0.00702	0.00999	0.03782	0.00577	0.02818	0.01114	0.79064	0.01477	0.01285	0.00934	0.00474	0.00387	0.00118	0.00345	0.00382	0.00465	0.01743
51	0.01739	0.00660	0.00900	0.00690	0.00990	0.00570	0.00570	0.01889	0.01110	0.84226	0.01529	0.01320	0.00960	0.00480	0.00390	0.00120	0.00330	0.00390	0.00480	0.00660
52	0.00732	0.00689	0.01163	0.85444	0.02670	0.00861	0.01077	0.00991	0.00775	0.00991	0.00689	0.01034	0.00517	0.00388	0.00388	0.00129	0.00517	0.00345	0.00172	0.00431
53	0.00804	0.00689	0.00804	0.00574	0.00919	0.00517	0.00459	0.00976	0.00804	0.01263	0.00689	0.00804	0.00574	0.00287	0.00287	0.00057	0.00287	0.00230	0.00230	0.88745
54	0.00980	0.00841	0.00885	0.00792	0.01014	0.00972	0.00617	0.04539	0.80752	0.01647	0.01558	0.01431	0.01167	0.00524	0.00394	0.00131	0.00310	0.00436	0.00394	0.00615
55	0.89114	0.00750	0.00570	0.00510	0.00750	0.00870	0.00420	0.01140	0.00660	0.01739	0.00540	0.00630	0.00420	0.00360	0.00240	0.00120	0.00300	0.00210	0.00240	0.00420
56	0.89114	0.00750	0.00570	0.00510	0.00750	0.00870	0.00420	0.01140	0.00660	0.01739	0.00540	0.00630	0.00420	0.00360	0.00240	0.00120	0.00300	0.00210	0.00240	0.00420
57	0.01542	0.00615	0.00833	0.00654	0.00919	0.00535	0.00534	0.01697	0.01103	0.70313	0.14059	0.01562	0.01372	0.00527	0.00398	0.00120	0.00305	0.00437	0.01865	0.00610
58	0.89114	0.00750	0.00570	0.00510	0.00750	0.00870	0.00420	0.01140	0.00660	0.01739	0.00540	0.00630	0.00420	0.00360	0.00240	0.00120	0.00300	0.00210	0.00240	0.00420
59	0.01165	0.00787	0.00880	0.00752	0.00989	0.00856	0.00596	0.10253	0.50388	0.20216	0.05125	0.01429	0.01183	0.00519	0.00392	0.00126	0.00315	0.00428	0.02992	0.00610
60	0.00541	0.00395	0.00509	0.00482	0.00575	0.00362	0.00361	0.00717	0.01078	0.01512	0.77096	0.04072	0.09225	0.00811	0.00458	0.00123	0.00184	0.00715	0.00421	0.00362
61	0.01739	0.00660	0.00900	0.00690	0.00990	0.00570	0.00570	0.01889	0.01110	0.84226	0.01529	0.01320	0.00960	0.00480	0.00390	0.00120	0.00330	0.00390	0.00480	0.00660
62	0.00535	0.00383	0.00515	0.00598	0.00649	0.00369	0.00456	0.00644	0.00798	0.01048	0.02125	0.48291	0.05014	0.04585	0.00569	0.00174	0.00281	0.32284	0.00354	0.00328
63	0.00527	0.00337	0.00465	0.00530	0.00547	0.00321	0.00354	0.00530	0.00678	0.00904	0.01738	0.62991	0.02049	0.01251	0.00773	0.24274	0.00255	0.00894	0.00308	0.00275
64	0.00460	0.00390	0.00398	0.00402	0.00526	0.00327	0.00299	0.00558	0.00880	0.01053	0.05111	0.07799	0.78498	0.00990	0.00460	0.00132	0.00198	0.00830	0.00361	0.00327
65	0.89114	0.00750	0.00570	0.00510	0.00750	0.00870	0.00420	0.01140	0.00660	0.01739	0.00540	0.00630	0.00420	0.00360	0.00240	0.00120	0.00300	0.00210	0.00240	0.00420
66	0.00873	0.00697	0.00818	0.00588	0.00930	0.00536	0.00472	0.03010	0.00846	0.05949	0.00742	0.00836	0.00598	0.00302	0.00295	0.00062	0.00293	0.00242	0.00248	0.81663
67	0.01091	0.75321	0.01907	0.00708	0.01022	0.12625	0.00675	0.01212	0.00829	0.00917	0.00547	0.00632	0.00498	0.00341	0.00262	0.00085	0.00452	0.00213	0.00170	0.00491
68	0.01734	0.00669	0.00905	0.00694	0.00994	0.00583	0.00573	0.03576	0.01125	0.82518	0.01517	0.01311	0.00953	0.00480	0.00390	0.00120	0.00332	0.00389	0.00478	0.00660
69	0.00804	0.00689	0.00804	0.00574	0.00919	0.00517	0.00459	0.00976	0.00804	0.01263	0.00689	0.00804	0.00574	0.00287	0.00287	0.00057	0.00287	0.00230	0.00230	0.88745
70	0.00463	0.00378	0.00410	0.00434	0.00535	0.00325	0.00313	0.00555	0.00849	0.01040	0.04694	0.25742	0.60834	0.01041	0.00468	0.00138	0.00204	0.00892	0.00361	0.00325
71	0.00637	0.00431	0.00557	0.00512	0.00621	0.00404	0.00388	0.02219	0.02826	0.06019	0.76200	0.02747	0.03410	0.00765	0.00451	0.00122	0.00198	0.00673	0.00428	0.00392
72	0.00552	0.00372	0.00429	0.00443	0.00447	0.00368	0.00257	0.00564	0.00593	0.00790	0.01359	0.14071	0.01580	0.73497	0.01750	0.00343	0.00355	0.01729	0.00254	0.00248
73	0.00978	0.67658	0.20474	0.00762	0.01148	0.01392	0.00836	0.01176	0.00795	0.00983	0.00574	0.00666	0.00496	0.00340	0.00276	0.00092	0.00450	0.00225	0.00165	0.00514
74	0.01247	0.02633	0.01072	0.00816	0.01102	0.07604	0.00666	0.44086	0.02856	0.04382	0.00835	0.00890	0.00630	0.00429	0.00420	0.00104	0.06512	0.00310	0.00316	0.23091
75	0.00674	0.00492	0.00590	0.00539	0.00671	0.00481	0.00413	0.02038	0.12341	0.05837	0.49563	0.02671	0.17751	0.00761	0.00458	0.00125	0.01896	0.00652	0.00405	0.01643
76	0.00748	0.00711	0.01166	0.74001	0.02446	0.00906	0.01046	0.00983	0.00751	0.00983	0.00665	0.01008	0.00516	0.00427	0.00507	0.00135	0.12057	0.00344	0.00172	0.00430
77	0.83957	0.00755	0.00596	0.00525	0.00769	0.00867	0.00433	0.03144	0.00704	0.04617	0.00584	0.00661	0.00444	0.00367	0.00249	0.00120	0.00304	0.00220	0.00252	0.00434
78	0.01396	0.01099	0.01112	0.00878	0.01167	0.07147	0.00715	0.66332	0.10753	0.02218	0.01037	0.01026	0.02340	0.00478	0.00387	0.00117	0.00428	0.00361	0.00375	0.00633
79	0.00610	0.00483	0.00673	0.00643	0.00681	0.00583	0.00486	0.00703	0.00602	0.00868	0.00990	0.01663	0.01000	0.24048	0.48370	0.00477	0.16141	0.00440	0.00208	0.00331
80	0.00621	0.00442	0.00612	0.00696	0.00779	0.00442	0.00600	0.00788	0.00872	0.01134	0.02000	0.04257	0.02179	0.06459	0.00626	0.00191	0.00358	0.76245	0.00349	0.00349
81	0.00802	0.05398	0.73142	0.01123	0.01666	0.00934	0.07718	0.01240	0.02231	0.01223	0.00711	0.00839	0.00511	0.00366	0.00371	0.00122	0.00568	0.00299	0.00170	0.00567
82	0.00928	0.00981	0.01176	0.01015	0.01042	0.12328	0.00835	0.01015	0.00661	0.00935	0.00521	0.00828	0.00508	0.00641	0.01149	0.00160	0.74347	0.00327	0.00174	0.00427
83	0.01548	0.00623	0.00839	0.00659	0.00926	0.00546	0.00538	0.01721	0.02662	0.70190	0.12363	0.01532	0.01320	0.00521	0.00397	0.00120	0.00307	0.00431	0.02142	0.00614
84	0.00556	0.00414	0.00621	0.00621	0.00689	0.00482	0.00482	0.00689	0.00621	0.00896	0.01032	0.01517	0.00964	0.02881	0.83441	0.02101	0.01027	0.00414	0.00207	0.00343
85	0.01036	0.86609	0.02032	0.00663	0.00995	0.01534	0.00663	0.01161	0.00788	0.00912	0.00539	0.00622	0.00498	0.00332	0.00249	0.00083	0.00415	0.00207	0.00166	0.00498
86	0.00564	0.00376	0.00423	0.00423	0.00423	0.00376	0.00235	0.00564	0.00564	0.00752	0.01222	0.02537	0.01409	0.86375	0.01973	0.00376	0.00376	0.00564	0.00235	0.00235
87	0.00554	0.00415	0.00623	0.00623	0.00692	0.00485	0.00485	0.00692	0.00623	0.00900	0.01038	0.01523	0.00969	0.02908	0.84839	0.00623	0.01038	0.00415	0.00208	0.00346
88	0.00960	0.00921	0.01574	0.02380	0.83957	0.00921	0.01190	0.01190	0.00883	0.01267	0.00729	0.00960	0.00614	0.00345	0.00384	0.00115	0.00461	0.00345	0.00192	0.00614
89	0.00850	0.00688	0.00809	0.00580	0.00922	0.00519	0.00465	0.01021	0.00819	0.05373	0.00731	0.00829	0.00593	0.00297	0.00292	0.00061	0.00289	0.00238	0.00242	0.84382
90	0.01060	0.81820	0.01979	0.00682	0.01007	0.06239	0.00668	0.01183	0.00805	0.00914	0.00542	0.00626	0.00498	0.00336	0.00254	0.00084	0.00431	0.00210	0.00168	0.00495
91	0.00555	0.00372	0.00425	0.00434	0.00436	0.00370	0.00247	0.00561	0.00581	0.00775	0.01311	0.10708	0.01522	0.78050	0.01829	0.00354	0.00361	0.00616	0.00247	0.00243
92	0.01001	0.00918	0.00902	0.02643	0.01061	0.08228	0.00635	0.01992	0.74349	0.01550	0.01474	0.01373	0.01110	0.00512	0.00390	0.00129	0.00345	0.00420	0.00373	0.00595
93	0.01474	0.01086	0.01163	0.00892	0.01202	0.01202	0.00737	0.82664	0.01823	0.02443	0.00931	0.00931	0.00659	0.00465	0.00388	0.00116	0.00427	0.00349	0.00388	0.00659
94	0.00778	0.02005	0.84367	0.01105	0.01678	0.00900	0.01432	0.01228	0.00818	0.01228	0.00696	0.00818	0.00491	0.00368	0.00368	0.00123	0.00573	0.00286	0.00164	0.00573
95	0.00554	0.00415	0.00623	0.00623	0.00692	0.00485	0.00485	0.00692	0.00623	0.00900	0.01038	0.01523	0.00969	0.02908	0.84839	0.00623	0.01038	0.00415	0.00208	0.00346
96	0.00804	0.00689	0.00804	0.00574	0.00919	0.00517	0.00459	0.00976	0.00804	0.01263	0.00689	0.00804	0.00574	0.00287	0.00287	0.00057	0.00287	0.00230	0.00230	0.88745
97	0.00552	0.00415	0.00564	0.00550	0.00637	0.00432	0.00421	0.00727	0.02797	0.01196	0.34781	0.02294	0.10217	0.01806	0.40412	0.00360	0.00592	0.00571	0.00316	0.00359
98	0.00549	0.00396	0.00518	0.00488	0.00579	0.00366	0.00366	0.00732	0.01097	0.01555	0.83752	0.02896	0.03658	0.00793	0.00457	0.00122	0.00183	0.00701	0.00427	0.00366
99	0.01032	0.80765	0.04471	0.00704	0.01043	0.02813	0.02596	0.01171	0.00797	0.00930	0.00550	0.00639	0.00499	0.00334	0.00259	0.00085	0.00429	0.00216	0.00167	0.00500
100	0.89114	0.00750	0.00570	0.00510	0.00750	0.00870	0.00420	0.01140	0.00660	0.01739	0.00540	0.00630	0.00420	0.00360	0.00240	0.00120	0.00300	0.00210	0.00240	0.00420
101	0.00856	0.00858	0.01239	0.01104	0.05156	0.01168	0.03294	0.00955	0.00618	0.00959	0.00528	0.00860	0.00516	0.00652	0.01204	0.00166	0.78918	0.00343	0.00172	0.00436
102	0.00563	0.00380	0.00445	0.00445	0.00452	0.00388	0.00262	0.00578	0.00570	0.00768	0.01202	0.02427	0.01362	0.77298	0.10986	0.00403	0.00448	0.00548	0.00232	0.00247
103	0.01474	0.01086	0.01163	0.00892	0.01202	0.01202	0.00737	0.82664	0.01823	0.02443	0.00931	0.00931	0.00659	0.00465	0.00388	0.00116	0.00427	0.00349	0.00388	0.00659
104	0.00485	0.00355	0.00492	0.00567	0.00598	0.00332	0.02082	0.00561	0.00749	0.00999	0.02107	0.82440	0.02515	0.01193	0.00495	0.00157	0.00237	0.02959	0.00356	0.00320
105	0.01260	0.00881	0.01000	0.06468	0.02324	0.01931	0.00682	0.28384	0.32426	0.17271	0.01306	0.01242	0.02048	0.00491	0.00391	0.00124	0.00370	0.00395	0.00388	0.00619
106	0.00723	0.00361	0.00361	0.00361	0.00452	0.00361	0.00271	0.00903	0.00813	0.01445	0.01265	0.01445	0.00994	0.00452	0.00271	0.00090	0.00181	0.00361	0.88528	0.00361
107	0.00554	0.00415	0.00623	0.00623	0.00692	0.00485	0.00485	0.00692	0.00623	0.00900	0.01038	0.01523	0.00969	0.02908	0.84839	0.00623	0.01038	0.00415	0.00208	0.00346
108	0.00629	0.00485	0.00585	0.00545	0.00664	0.00485	0.00413	0.00993	0.17724	0.01546	0.63586	0.02639	0.06698	0.00747	0.00445	0.00124	0.00209	0.00653	0.00417	0.00414
109	0.00975	0.00912	0.01513	0.10709	0.67964	0.00938	0.02531	0.07394	0.00944	0.01328	0.00741	0.00966	0.00607	0.00359	0.00386	0.00117	0.00467	0.00348	0.00205	0.00597
110	0.01705	0.00715	0.00934	0.00716	0.01017	0.00651	0.00591	0.12290	0.01201	0.73695	0.01452	0.01269	0.00921	0.00478	0.00390	0.00119	0.00342	0.00385	0.00468	0.00660
111	0.00493	0.00356	0.00467	0.00519	0.00565	0.00330	0.00359	0.00594	0.00848	0.01151	0.25111	0.59258	0.06337	0.01086	0.00483	0.00146	0.00212	0.00977	0.00379	0.00330
112	0.01036	0.86609	0.02032	0.00663	0.00995	0.01534	0.00663	0.01161	0.00788	0.00912	0.00539	0.00622	0.00498	0.00332	0.00249	0.00083	0.00415	0.00207	0.00166	0.00498
113	0.02690	0.01058	0.04142	0.02721	0.17295	0.13699	0.28352	0.02709	0.00867	0.01140	0.00762	0.01100	0.00658	0.08879	0.03401	0.00166	0.09290	0.00387	0.00200	0.00486
114	0.01130	0.00534	0.00654	0.00549	0.00735	0.00503	0.00436	0.07277	0.01054	0.32849	0.17016	0.01635	0.01462	0.00528	0.00360	0.00109	0.00256	0.00436	0.31979	0.00497
115	0.00554	0.00415	0.00623	0.00623	0.00692	0.00485	0.00485	0.00692	0.00623	0.00900	0.01038	0.01523	0.00969	0.02908	0.84839	0.00623	0.01038	0.00415	0.00208	0.00346
116	0.01051	0.02071	0.08595	0.09487	0.45412	0.06209	0.07628	0.02884	0.00927	0.10800	0.00813	0.00981	0.00625	0.00371	0.00386	0.00118	0.00490	0.00347	0.00225	0.00581
117	0.01459	0.01121	0.01002	0.00828	0.01080	0.25854	0.00655	0.23468	0.05972	0.27165	0.02694	0.01111	0.00822	0.03296	0.01596	0.00129	0.00473	0.00352	0.00354	0.00570
118	0.00554	0.00413	0.00613	0.00613	0.00679	0.00479	0.00472	0.00686	0.00620	0.00893	0.01047	0.01573	0.00991	0.07042	0.80735	0.00611	0.01006	0.00423	0.00209	0.00341
119	0.01366	0.01063	0.01086	0.00860	0.01135	0.07054	0.00698	0.67180	0.03234	0.02204	0.05082	0.05300	0.00902	0.00516	0.00394	0.00118	0.00421	0.00399	0.00375	0.00612
120	0.00958	0.00906	0.02810	0.15279	0.62421	0.01847	0.04089	0.01195	0.00878	0.04794	0.00757	0.00985	0.00610	0.00358	0.00387	0.00118	0.00475	0.00349	0.00201	0.00581
121	0.00946	0.00907	0.01549	0.07364	0.79079	0.00918	0.01183	0.01178	0.00876	0.01250	0.00727	0.00964	0.00608	0.00348	0.00384	0.00116	0.00464	0.00345	0.00191	0.00603
122	0.02513	0.00568	0.00747	0.00619	0.00842	0.00505	0.00494	0.01450	0.02599	0.53294	0.11520	0.11061	0.09392	0.00683	0.01751	0.00134	0.00299	0.00545	0.00440	0.00546
123	0.03965	0.00608	0.04887	0.00589	0.02369	0.00544	0.00469	0.01042	0.18904	0.05533	0.12072	0.04552	0.41439	0.00773	0.00427	0.00129	0.00255	0.00647	0.00363	0.00433
124	0.09779	0.02000	0.01186	0.05222	0.30726	0.02449	0.03044	0.04153	0.02977	0.33051	0.01039	0.01072	0.00734	0.00409	0.00372	0.00118	0.00402	0.00351	0.00317	0.00599

[dist]
# distance from previous block
# <min> <max>
4	18

[block]
# block no. 2 follows, 70 sequences, length 33
# corresponding to MSA columns:
# 299-331
name=unknown_C
#
# <colnr> <probs for GDERKNQSTAVLIFYWHMCP>
#	G	D	E	R	K	N	Q	S	T	A	V	L	I	F	Y	W	H	M	C	P
0	0.01067	0.31279	0.12325	0.03029	0.19301	0.13603	0.02810	0.07169	0.03870	0.01181	0.00684	0.00803	0.00561	0.00367	0.00332	0.00104	0.00492	0.00281	0.00201	0.00541
1	0.00718	0.00608	0.00853	0.12039	0.01005	0.00768	0.00627	0.00812	0.00626	0.02821	0.00860	0.01502	0.00867	0.26544	0.15626	0.00302	0.32437	0.00421	0.00203	0.00361
2	0.00564	0.00376	0.00423	0.00423	0.00423	0.00376	0.00235	0.00564	0.00564	0.00752	0.01222	0.02537	0.01409	0.86375	0.01973	0.00376	0.00376	0.00564	0.00235	0.00235
3	0.01079	0.80722	0.01958	0.00672	0.00999	0.03284	0.00661	0.01204	0.00810	0.04848	0.00587	0.00657	0.00519	0.00340	0.00258	0.00085	0.00417	0.00217	0.00181	0.00504
4	0.00555	0.00412	0.00605	0.00605	0.00668	0.00475	0.00462	0.00681	0.00618	0.00887	0.01055	0.01614	0.01009	0.10421	0.77379	0.00601	0.00979	0.00429	0.00210	0.00336
5	0.01450	0.01655	0.01091	0.00963	0.01183	0.66745	0.00735	0.12608	0.03870	0.05107	0.00720	0.00784	0.00565	0.00416	0.00358	0.00104	0.00632	0.00276	0.00245	0.00493
6	0.00923	0.00476	0.00607	0.00527	0.00690	0.00424	0.00412	0.01081	0.01045	0.27540	0.38765	0.02425	0.15547	0.00699	0.00422	0.00120	0.00231	0.00596	0.07017	0.00452
7	0.00564	0.00376	0.00423	0.00423	0.00423	0.00376	0.00235	0.00564	0.00564	0.00752	0.01222	0.02537	0.01409	0.86375	0.01973	0.00376	0.00376	0.00564	0.00235	0.00235
8	0.00848	0.00848	0.01187	0.01018	0.01018	0.01187	0.00848	0.00933	0.00594	0.00933	0.00509	0.00848	0.00509	0.00679	0.01272	0.00170	0.85666	0.00339	0.00170	0.00424
9	0.00656	0.00443	0.00569	0.00518	0.00630	0.00416	0.00394	0.04663	0.01132	0.05991	0.75470	0.02719	0.03373	0.00760	0.00450	0.00122	0.00202	0.00668	0.00428	0.00395
10	0.00804	0.00689	0.00804	0.00574	0.00919	0.00517	0.00459	0.00976	0.00804	0.01263	0.00689	0.00804	0.00574	0.00287	0.00287	0.00057	0.00287	0.00230	0.00230	0.88745
11	0.01008	0.00924	0.00897	0.00808	0.01025	0.08477	0.00626	0.02014	0.75896	0.01561	0.01490	0.01379	0.01122	0.00515	0.00390	0.00129	0.00342	0.00421	0.00377	0.00599
12	0.00723	0.00361	0.00361	0.00361	0.00452	0.00361	0.00271	0.00903	0.00813	0.01445	0.01265	0.01445	0.00994	0.00452	0.00271	0.00090	0.00181	0.00361	0.88528	0.00361
