[name]
unknown

[dist]
# distance from previous block
# <min> <max>
3	92

[block]
# block no. 0 follows, 69 sequences, length 22
# corresponding to MSA columns:
# 116-137
name=unknown_A
#
# <colnr> <probs for GDERKNQSTAVLIFYWHMCP>
#	G	D	E	R	K	N	Q	S	T	A	V	L	I	F	Y	W	H	M	C	P
0	0.01084	0.00849	0.00921	0.02112	0.03636	0.06780	0.00624	0.23960	0.16180	0.07823	0.06460	0.05184	0.02255	0.04080	0.07557	0.00173	0.02033	0.01505	0.00341	0.06441
1	0.03283	0.08294	0.02498	0.00846	0.03395	0.00876	0.06814	0.18973	0.11494	0.19041	0.08757	0.04506	0.02691	0.00595	0.02025	0.02506	0.02062	0.00435	0.00354	0.00557
2	0.06873	0.00847	0.00982	0.00857	0.04618	0.04389	0.04520	0.24262	0.12070	0.09902	0.07277	0.06982	0.04695	0.03174	0.00489	0.00133	0.04381	0.00461	0.00347	0.02741
3	0.08622	0.03174	0.04290	0.06211	0.03869	0.05567	0.05491	0.13541	0.12790	0.13261	0.09221	0.06156	0.01165	0.00559	0.01277	0.00131	0.02032	0.01779	0.00332	0.00533
4	0.03981	0.00997	0.04877	0.06929	0.10502	0.11162	0.04434	0.13264	0.09401	0.15068	0.02979	0.03733	0.03092	0.00488	0.00433	0.00122	0.04640	0.00394	0.00307	0.03197
5	0.06174	0.13324	0.18915	0.00847	0.02715	0.08509	0.02006	0.11523	0.06437	0.01386	0.00874	0.01002	0.02857	0.00407	0.00341	0.00103	0.00436	0.02238	0.00243	0.19665
6	0.04967	0.07138	0.03387	0.03847	0.01173	0.22774	0.06126	0.04024	0.12155	0.03388	0.00857	0.03586	0.00708	0.00471	0.01718	0.00115	0.05009	0.00330	0.00249	0.17977
7	0.00694	0.00513	0.00589	0.00556	0.00652	0.00537	0.00397	0.03129	0.15697	0.04111	0.07186	0.07443	0.15798	0.30969	0.07319	0.00258	0.02854	0.00604	0.00318	0.00378
8	0.00901	0.01178	0.19725	0.11561	0.18254	0.04059	0.25628	0.02744	0.00909	0.02788	0.03586	0.01140	0.02547	0.00405	0.00426	0.00126	0.01857	0.01419	0.00210	0.00536
9	0.00587	0.00449	0.00551	0.00584	0.02456	0.00425	0.01313	0.02853	0.05507	0.02708	0.07404	0.32659	0.30247	0.02633	0.00504	0.00149	0.00252	0.07984	0.00365	0.00370
10	0.01084	0.02392	0.04485	0.00985	0.09627	0.01000	0.00735	0.27072	0.34826	0.01779	0.03676	0.04351	0.03249	0.00533	0.00419	0.00127	0.02271	0.00435	0.00356	0.00601
11	0.00979	0.00847	0.01041	0.03324	0.14537	0.00943	0.02840	0.05585	0.56881	0.02568	0.02967	0.03561	0.01126	0.00513	0.00402	0.00130	0.00352	0.00444	0.00355	0.00603
12	0.00499	0.00361	0.00470	0.00551	0.00580	0.00344	0.00369	0.00602	0.03718	0.01016	0.02109	0.80088	0.02503	0.04082	0.00547	0.00166	0.00236	0.01072	0.00361	0.00327
13	0.05887	0.08191	0.02615	0.00921	0.07860	0.02832	0.04928	0.21952	0.04063	0.17704	0.00942	0.00969	0.00686	0.00401	0.00354	0.00104	0.00395	0.00322	0.00316	0.18557
14	0.01466	0.01822	0.01115	0.01003	0.01212	0.79613	0.00757	0.06448	0.01155	0.01051	0.00626	0.00721	0.00515	0.00408	0.00356	0.00102	0.00690	0.00259	0.00213	0.00467
15	0.88991	0.00758	0.00576	0.00516	0.00758	0.00879	0.00425	0.01152	0.00667	0.01759	0.00546	0.00637	0.00425	0.00364	0.00243	0.00121	0.00303	0.00212	0.00243	0.00425
16	0.00532	0.00376	0.00471	0.00506	0.00572	0.00342	0.00354	0.00632	0.00862	0.03530	0.20363	0.46410	0.18420	0.04076	0.00535	0.00153	0.00221	0.00930	0.00378	0.00339
17	0.00833	0.00792	0.01351	0.55848	0.20988	0.00906	0.07294	0.03394	0.02644	0.01140	0.00740	0.01035	0.00569	0.00383	0.00397	0.00127	0.00513	0.00360	0.00192	0.00495
18	0.00530	0.00388	0.00497	0.00495	0.00577	0.00355	0.00362	0.00682	0.01014	0.01403	0.58900	0.20323	0.11196	0.00909	0.00470	0.00132	0.00195	0.00805	0.00411	0.00355
19	0.03060	0.00556	0.00719	0.00591	0.00807	0.00490	0.00471	0.01370	0.01057	0.47546	0.21438	0.02101	0.13737	0.03667	0.00474	0.00133	0.00279	0.00535	0.00441	0.00527
20	0.00906	0.00761	0.00815	0.00731	0.00932	0.00855	0.00568	0.06163	0.60961	0.01632	0.13296	0.01813	0.07662	0.00601	0.00412	0.00131	0.00291	0.00504	0.00401	0.00566
21	0.01192	0.42110	0.02768	0.02662	0.01120	0.07566	0.00706	0.29084	0.02804	0.01483	0.00867	0.00913	0.04330	0.00422	0.00325	0.00102	0.00437	0.00299	0.00261	0.00550

[dist]
# distance from previous block
# <min> <max>
0	1

[block]
# block no. 1 follows, 69 sequences, length 22
# corresponding to MSA columns:
# 139-141,144-162
name=unknown_B
#
# <colnr> <probs for GDERKNQSTAVLIFYWHMCP>
#	G	D	E	R	K	N	Q	S	T	A	V	L	I	F	Y	W	H	M	C	P
0	0.03373	0.04146	0.06427	0.00878	0.01173	0.24846	0.02043	0.30234	0.03459	0.01608	0.00786	0.00862	0.00607	0.00481	0.02849	0.00118	0.00512	0.00298	0.00278	0.15022
1	0.00905	0.03035	0.02238	0.00707	0.00903	0.02707	0.00561	0.08381	0.39557	0.04135	0.23511	0.06258	0.02922	0.00626	0.00414	0.00127	0.00298	0.00530	0.00390	0.01794
2	0.00824	0.00700	0.00838	0.00662	0.04383	0.00552	0.00498	0.03710	0.00871	0.01338	0.06456	0.00971	0.00802	0.00334	0.00310	0.00067	0.00295	0.00274	0.00250	0.75864
3	0.66730	0.00802	0.00689	0.00587	0.00839	0.00911	0.00483	0.16031	0.00903	0.04636	0.00679	0.00747	0.00509	0.00391	0.00276	0.00120	0.00323	0.00250	0.03619	0.00475
4	0.00821	0.00801	0.01119	0.00969	0.00974	0.01106	0.00798	0.00906	0.00601	0.00931	0.00591	0.00998	0.00597	0.05430	0.07253	0.00215	0.74939	0.00361	0.00178	0.00413
5	0.00570	0.00380	0.00428	0.00428	0.00428	0.00380	0.00238	0.00570	0.00570	0.00760	0.01235	0.02566	0.01425	0.86222	0.01995	0.00380	0.00380	0.00570	0.00238	0.00238
6	0.01488	0.01057	0.01143	0.00878	0.01186	0.01160	0.00725	0.76087	0.01779	0.06990	0.00983	0.00975	0.00691	0.00471	0.00390	0.00117	0.00420	0.00356	0.02444	0.00660
7	0.01675	0.00668	0.00888	0.00688	0.00978	0.00594	0.00566	0.04244	0.03287	0.74995	0.01516	0.01333	0.00969	0.00484	0.00388	0.00120	0.00328	0.00393	0.05236	0.00650
8	0.00548	0.00372	0.00494	0.00561	0.00611	0.00347	0.00399	0.00640	0.00811	0.04206	0.07478	0.64920	0.06014	0.01146	0.00497	0.00157	0.00242	0.09844	0.00373	0.00340
9	0.88991	0.00758	0.00576	0.00516	0.00758	0.00879	0.00425	0.01152	0.00667	0.01759	0.00546	0.00637	0.00425	0.00364	0.00243	0.00121	0.00303	0.00212	0.00243	0.00425
10	0.01825	0.00454	0.00584	0.00569	0.00690	0.00417	0.00431	0.00937	0.02429	0.18921	0.17322	0.30722	0.11952	0.02648	0.00496	0.00147	0.00257	0.08387	0.00399	0.00413
11	0.00562	0.00413	0.00597	0.00597	0.00655	0.00472	0.00448	0.00679	0.00620	0.00885	0.01081	0.01709	0.01053	0.16673	0.71037	0.00589	0.00940	0.00445	0.00215	0.00331
12	0.00594	0.00412	0.00514	0.00489	0.00599	0.00371	0.00370	0.00752	0.01039	0.05671	0.55047	0.06434	0.22538	0.00855	0.00463	0.00128	0.00202	0.02736	0.00414	0.00374
13	0.23194	0.37976	0.01423	0.00780	0.03439	0.12404	0.02211	0.05640	0.02316	0.02214	0.00614	0.00711	0.00516	0.00383	0.00336	0.00105	0.04789	0.00246	0.00213	0.00490
14	0.04489	0.00675	0.00881	0.00688	0.00971	0.00612	0.00564	0.06025	0.03026	0.68480	0.08141	0.01423	0.01163	0.00507	0.00395	0.00122	0.00325	0.00413	0.00466	0.00634
15	0.88991	0.00758	0.00576	0.00516	0.00758	0.00879	0.00425	0.01152	0.00667	0.01759	0.00546	0.00637	0.00425	0.00364	0.00243	0.00121	0.00303	0.00212	0.00243	0.00425
16	0.01426	0.01065	0.01141	0.00884	0.01191	0.01176	0.00727	0.73121	0.09064	0.02365	0.00993	0.00984	0.00712	0.00471	0.00390	0.00117	0.00417	0.00358	0.00389	0.03010
17	0.00747	0.00704	0.01188	0.82846	0.05081	0.00873	0.01092	0.01008	0.00787	0.01010	0.00698	0.01043	0.00525	0.00391	0.00392	0.00130	0.00521	0.00348	0.00175	0.00441
18	0.00641	0.00504	0.00663	0.00635	0.00693	0.02185	0.00477	0.03670	0.00666	0.00934	0.01033	0.01688	0.01024	0.22818	0.52163	0.00498	0.08700	0.00444	0.00220	0.00344
19	0.00795	0.04699	0.81592	0.01103	0.01675	0.00931	0.01424	0.01239	0.00827	0.01231	0.00699	0.00821	0.00497	0.00371	0.00369	0.00123	0.00574	0.00287	0.00166	0.00577
20	0.09676	0.20699	0.01208	0.00847	0.06173	0.07113	0.00658	0.13311	0.24679	0.02849	0.05226	0.01079	0.00902	0.00445	0.00344	0.00112	0.00384	0.00339	0.00299	0.03657
21	0.08605	0.04190	0.07287	0.10811	0.12560	0.04033	0.04529	0.01980	0.05163	0.08298	0.01901	0.01764	0.00687	0.00423	0.01810	0.00113	0.00419	0.00318	0.00246	0.24866

[dist]
# distance from previous block
# <min> <max>
0	2

[block]
# block no. 2 follows, 69 sequences, length 17
# corresponding to MSA columns:
# 168-184
name=unknown_C
#
# <colnr> <probs for GDERKNQSTAVLIFYWHMCP>
#	G	D	E	R	K	N	Q	S	T	A	V	L	I	F	Y	W	H	M	C	P
0	0.14769	0.03933	0.07065	0.03743	0.13498	0.23866	0.03134	0.09355	0.02438	0.08645	0.00800	0.03031	0.00635	0.00428	0.00384	0.00117	0.03060	0.00321	0.00253	0.00525
1	0.00818	0.00638	0.00735	0.00796	0.07563	0.07730	0.00541	0.04395	0.05195	0.08097	0.01616	0.39242	0.02610	0.04372	0.03182	0.00166	0.04042	0.04002	0.03837	0.00421
2	0.00990	0.00843	0.01101	0.07901	0.19741	0.00871	0.01876	0.16703	0.19574	0.01576	0.05438	0.01198	0.02137	0.00439	0.00378	0.00111	0.00378	0.00376	0.00299	0.18071
3	0.88991	0.00758	0.00576	0.00516	0.00758	0.00879	0.00425	0.01152	0.00667	0.01759	0.00546	0.00637	0.00425	0.00364	0.00243	0.00121	0.00303	0.00212	0.00243	0.00425
4	0.00668	0.00463	0.00507	0.00520	0.00602	0.03144	0.00383	0.03529	0.02602	0.01281	0.07723	0.30553	0.07264	0.00812	0.00426	0.00127	0.02679	0.03930	0.32419	0.00367
5	0.04076	0.00993	0.01058	0.00851	0.01133	0.01110	0.00691	0.52101	0.27368	0.04721	0.01154	0.01108	0.00836	0.00487	0.00390	0.00123	0.00386	0.00378	0.00393	0.00645
6	0.00872	0.00884	0.01169	0.01009	0.01022	0.05052	0.00835	0.00961	0.00626	0.00943	0.00545	0.00883	0.00537	0.00781	0.05243	0.00190	0.77505	0.00343	0.00175	0.00426
7	0.00501	0.00389	0.00461	0.00506	0.00595	0.00350	0.00382	0.00607	0.00854	0.01072	0.04657	0.30000	0.41194	0.01080	0.00490	0.00150	0.00238	0.15775	0.00365	0.00333
8	0.00633	0.00515	0.00635	0.04689	0.00811	0.04023	0.01930	0.00791	0.02547	0.01143	0.09464	0.21922	0.12832	0.03409	0.00554	0.00157	0.03920	0.24491	0.05169	0.00363
9	0.01057	0.79814	0.04970	0.00697	0.01040	0.01514	0.00702	0.04613	0.00842	0.00999	0.00567	0.00649	0.00510	0.00342	0.00262	0.00087	0.00426	0.00219	0.00177	0.00513
10	0.00755	0.00707	0.01189	0.74051	0.10297	0.00857	0.01071	0.01010	0.00807	0.01051	0.04001	0.01113	0.00658	0.00404	0.00394	0.00129	0.00504	0.00363	0.00186	0.00450
11	0.00501	0.00358	0.00482	0.00572	0.00605	0.00338	0.00404	0.00586	0.00773	0.01027	0.02148	0.73685	0.02542	0.01206	0.00507	0.00162	0.00248	0.13167	0.00363	0.00325
12	0.01722	0.00727	0.00947	0.00726	0.01031	0.00665	0.00600	0.13108	0.01222	0.72709	0.01462	0.01280	0.00928	0.00483	0.00394	0.00121	0.00347	0.00389	0.00472	0.00667
13	0.00598	0.00375	0.00473	0.00473	0.00481	0.00383	0.00294	0.00570	0.00562	0.00757	0.01070	0.02089	0.01180	0.54471	0.11587	0.23246	0.00449	0.00493	0.00217	0.00233
14	0.00954	0.00925	0.01608	0.07397	0.74048	0.00931	0.05965	0.01194	0.00888	0.01262	0.00738	0.00980	0.00613	0.00351	0.00393	0.00118	0.00481	0.00356	0.00193	0.00604
15	0.04948	0.01057	0.01160	0.00900	0.01205	0.01171	0.03362	0.68488	0.09924	0.02319	0.00986	0.00985	0.00708	0.00468	0.00389	0.00120	0.00421	0.00360	0.00381	0.00648
16	0.01072	0.00847	0.00909	0.00798	0.01032	0.00962	0.00626	0.07861	0.71012	0.07940	0.01545	0.01415	0.01141	0.00524	0.00398	0.00131	0.00321	0.00433	0.00405	0.00627

[dist]
# distance from previous block
# <min> <max>
0	1

[block]
# block no. 3 follows, 69 sequences, length 37
# corresponding to MSA columns:
# 186-222
name=unknown_D
#
# <colnr> <probs for GDERKNQSTAVLIFYWHMCP>
#	G	D	E	R	K	N	Q	S	T	A	V	L	I	F	Y	W	H	M	C	P
0	0.02181	0.05894	0.38335	0.01210	0.09081	0.02491	0.13326	0.09101	0.04615	0.08788	0.00846	0.00945	0.00612	0.00389	0.00384	0.00122	0.00523	0.00337	0.00236	0.00585
1	0.03009	0.07610	0.02360	0.05963	0.22887	0.18439	0.02342	0.10411	0.00958	0.01230	0.00688	0.00921	0.00591	0.03651	0.00605	0.00133	0.17152	0.00324	0.00213	0.00514
2	0.00673	0.00566	0.00844	0.10636	0.01061	0.00613	0.07948	0.03891	0.04266	0.01104	0.04323	0.03195	0.12944	0.09146	0.23768	0.00298	0.04048	0.10013	0.00269	0.00391
3	0.01289	0.14492	0.03563	0.00851	0.01153	0.02495	0.00726	0.48703	0.19304	0.01989	0.01010	0.00999	0.00749	0.00459	0.00370	0.00116	0.00412	0.00347	0.00349	0.00625
4	0.54131	0.03965	0.00836	0.00657	0.00920	0.00855	0.05932	0.01377	0.08222	0.17113	0.00870	0.02209	0.00645	0.00412	0.00304	0.00122	0.00337	0.00298	0.00298	0.00496
5	0.00796	0.05780	0.04609	0.16355	0.13683	0.00776	0.12756	0.01086	0.07233	0.03183	0.11470	0.09430	0.05742	0.00582	0.00424	0.00130	0.00415	0.04798	0.00274	0.00478
6	0.00980	0.09935	0.23987	0.01295	0.05983	0.02325	0.33055	0.04932	0.07140	0.05311	0.00842	0.00981	0.00626	0.00373	0.00400	0.00123	0.00553	0.00372	0.00224	0.00563
7	0.00614	0.00442	0.00607	0.00683	0.00774	0.00436	0.00588	0.00787	0.00909	0.01184	0.07244	0.05557	0.06909	0.02076	0.00549	0.00176	0.00339	0.69404	0.00364	0.00358
8	0.00930	0.00640	0.04250	0.00804	0.04023	0.00571	0.06773	0.02688	0.07826	0.20686	0.05176	0.25644	0.05002	0.00797	0.00456	0.00143	0.00336	0.12406	0.00371	0.00479
9	0.00877	0.07178	0.67012	0.01100	0.01628	0.02202	0.06167	0.05267	0.00892	0.03088	0.00728	0.00844	0.00522	0.00375	0.00371	0.00121	0.00563	0.00300	0.00186	0.00576
10	0.03363	0.03922	0.03340	0.01140	0.14892	0.24996	0.03217	0.05809	0.22078	0.10166	0.01033	0.02610	0.00799	0.00449	0.00378	0.00117	0.00478	0.00359	0.00293	0.00562
11	0.00492	0.00358	0.00465	0.00548	0.00580	0.00338	0.00369	0.00591	0.03150	0.01022	0.02211	0.80485	0.05533	0.01199	0.00496	0.00157	0.00229	0.01084	0.00365	0.00328
12	0.01073	0.04029	0.36582	0.10222	0.01532	0.11253	0.01052	0.15963	0.01063	0.08713	0.00863	0.04383	0.00659	0.00440	0.00379	0.00121	0.00521	0.00344	0.00248	0.00559
13	0.00862	0.00772	0.01182	0.09636	0.18101	0.02051	0.11005	0.12394	0.00947	0.01288	0.01165	0.23965	0.01184	0.02719	0.00562	0.00145	0.09141	0.02134	0.00268	0.00479
14	0.00485	0.00347	0.00461	0.00541	0.00570	0.00323	0.00364	0.00563	0.00783	0.01052	0.09517	0.78463	0.02693	0.01190	0.00497	0.00156	0.00224	0.01078	0.00370	0.00323
15	0.88991	0.00758	0.00576	0.00516	0.00758	0.00879	0.00425	0.01152	0.00667	0.01759	0.00546	0.00637	0.00425	0.00364	0.00243	0.00121	0.00303	0.00212	0.00243	0.00425
16	0.86245	0.03435	0.00622	0.00520	0.00766	0.00900	0.00432	0.01153	0.00671	0.01733	0.00546	0.00637	0.00427	0.00363	0.00243	0.00120	0.00307	0.00212	0.00240	0.00427
17	0.01374	0.01736	0.01046	0.00955	0.01150	0.77029	0.00716	0.01475	0.01091	0.00968	0.00910	0.00984	0.08015	0.00457	0.00363	0.00104	0.00661	0.00304	0.00217	0.00443
18	0.00583	0.00450	0.00616	0.00614	0.00678	0.02532	0.00465	0.00705	0.00634	0.00892	0.01063	0.01649	0.01025	0.13408	0.72155	0.00586	0.00957	0.00435	0.00213	0.00338
19	0.00739	0.08389	0.01225	0.00957	0.01153	0.00694	0.24390	0.00943	0.00879	0.01147	0.01608	0.07043	0.04639	0.03932	0.00541	0.00162	0.00442	0.40411	0.00292	0.00415
20	0.05788	0.00464	0.00470	0.00434	0.00562	0.00478	0.00336	0.08225	0.00916	0.04652	0.01218	0.01364	0.00941	0.00454	0.00287	0.00096	0.00217	0.00357	0.72335	0.00407
21	0.06782	0.00802	0.00908	0.00735	0.00990	0.00841	0.00595	0.28785	0.14874	0.23960	0.13601	0.01464	0.02831	0.00537	0.00396	0.00123	0.00336	0.00432	0.00414	0.00593
22	0.02667	0.00912	0.01040	0.00814	0.01098	0.00971	0.00669	0.52398	0.01524	0.22609	0.02618	0.01126	0.00823	0.00702	0.08007	0.00165	0.00457	0.00374	0.00398	0.00629
23	0.03693	0.08755	0.01517	0.01054	0.01387	0.01128	0.22479	0.43647	0.03672	0.07404	0.00914	0.00976	0.00661	0.00421	0.00395	0.00119	0.00478	0.00371	0.00322	0.00607
24	0.00740	0.00697	0.01176	0.85280	0.02700	0.00871	0.01089	0.01002	0.00784	0.01002	0.00697	0.01045	0.00523	0.00392	0.00392	0.00131	0.00523	0.00348	0.00174	0.00436
25	0.00796	0.05181	0.81124	0.01101	0.01671	0.00934	0.01419	0.01239	0.00827	0.01230	0.00698	0.00820	0.00497	0.00371	0.00368	0.00123	0.00573	0.00287	0.00166	0.00577
26	0.01187	0.00922	0.00987	0.00823	0.01065	0.03327	0.00659	0.40015	0.27897	0.03909	0.01210	0.03914	0.00940	0.00804	0.10313	0.00184	0.00464	0.00413	0.00369	0.00597
27	0.00564	0.00420	0.00540	0.00590	0.00681	0.00400	0.00476	0.00725	0.02415	0.01182	0.13813	0.18315	0.20152	0.01040	0.00504	0.00158	0.00277	0.37024	0.00373	0.00353
28	0.00651	0.00438	0.00546	0.00573	0.00692	0.00401	0.00467	0.00785	0.00902	0.08598	0.02782	0.12674	0.34162	0.01009	0.00493	0.00154	0.00280	0.33647	0.00374	0.00372
29	0.00560	0.00418	0.00621	0.00621	0.00688	0.00485	0.00479	0.00694	0.00627	0.00904	0.01058	0.01585	0.00999	0.06551	0.81084	0.00619	0.01021	0.00427	0.00211	0.00345
30	0.00971	0.01122	0.02155	0.01567	0.01928	0.08560	0.71371	0.01270	0.00928	0.01215	0.00764	0.01017	0.00583	0.00353	0.00489	0.00131	0.04422	0.00438	0.00197	0.00518
31	0.05002	0.00699	0.00915	0.00704	0.01006	0.00629	0.00582	0.07115	0.01152	0.75674	0.01470	0.01283	0.00930	0.00480	0.00388	0.00121	0.00339	0.00385	0.00470	0.00658
32	0.01473	0.01046	0.01135	0.00879	0.01185	0.01149	0.00723	0.70373	0.07809	0.08624	0.01036	0.01010	0.00729	0.00476	0.00393	0.00119	0.00415	0.00363	0.00400	0.00663
33	0.00572	0.00419	0.00539	0.00506	0.00603	0.00395	0.00380	0.00795	0.04466	0.01575	0.80213	0.02868	0.03597	0.00790	0.00460	0.00124	0.00190	0.00698	0.00430	0.00380
34	0.00576	0.00387	0.00446	0.00454	0.00462	0.00387	0.00273	0.00592	0.00600	0.00797	0.01311	0.02733	0.01500	0.78529	0.01864	0.00362	0.00378	0.07850	0.00249	0.00249
35	0.04046	0.01775	0.01100	0.00996	0.01188	0.77183	0.00753	0.01516	0.01067	0.00982	0.00599	0.00714	0.00503	0.00420	0.00406	0.00106	0.05736	0.00257	0.00201	0.00452
36	0.02603	0.04591	0.04607	0.07204	0.35435	0.12806	0.13678	0.03242	0.02502	0.01241	0.00730	0.00922	0.00590	0.00359	0.00378	0.00112	0.00515	0.00335	0.00205	0.07944

[dist]
# distance from previous block
# <min> <max>
0	2

[block]
# block no. 4 follows, 69 sequences, length 56
# corresponding to MSA columns:
# 225-259,261-281
name=unknown_E
#
# <colnr> <probs for GDERKNQSTAVLIFYWHMCP>
#	G	D	E	R	K	N	Q	S	T	A	V	L	I	F	Y	W	H	M	C	P
0	0.04998	0.77535	0.04678	0.00688	0.01018	0.01490	0.00690	0.01169	0.00787	0.00971	0.00549	0.00642	0.00500	0.00347	0.00283	0.00089	0.02678	0.00216	0.00171	0.00500
1	0.00603	0.00444	0.00548	0.00515	0.00623	0.00425	0.00387	0.00859	0.08671	0.02795	0.63780	0.04438	0.10877	0.02706	0.00490	0.00131	0.00205	0.00695	0.00417	0.00390
2	0.06035	0.29054	0.42419	0.00898	0.01342	0.04199	0.01035	0.03051	0.00850	0.03633	0.00670	0.00765	0.00516	0.00364	0.00323	0.00107	0.00495	0.00260	0.00189	0.03794
3	0.02746	0.00972	0.05204	0.09514	0.50528	0.02851	0.07304	0.04494	0.05768	0.03163	0.00826	0.02357	0.00672	0.00391	0.00403	0.00122	0.01512	0.00369	0.00221	0.00583
4	0.00698	0.00464	0.00648	0.00721	0.00823	0.00459	0.00628	0.00877	0.00915	0.06063	0.02045	0.04240	0.02180	0.01048	0.00533	0.00177	0.00359	0.76374	0.00368	0.00379
5	0.00577	0.00380	0.00466	0.00490	0.00516	0.00369	0.00312	0.00622	0.00686	0.03513	0.06043	0.30470	0.01937	0.46776	0.02887	0.00284	0.00329	0.02751	0.00301	0.00290
6	0.06738	0.15224	0.21686	0.04326	0.08430	0.04427	0.05838	0.12024	0.00987	0.10562	0.00786	0.00886	0.00587	0.00407	0.00410	0.00118	0.05450	0.00311	0.00243	0.00559
7	0.00614	0.00398	0.00495	0.00536	0.00599	0.00387	0.00382	0.02734	0.00817	0.04493	0.02026	0.54983	0.07615	0.01007	0.00471	0.00144	0.02333	0.03452	0.16161	0.00355
8	0.00547	0.00399	0.00504	0.00563	0.00641	0.00371	0.00434	0.00660	0.00841	0.02371	0.02592	0.33520	0.24429	0.03200	0.00539	0.00164	0.00269	0.27258	0.00362	0.00339
9	0.05405	0.00816	0.00971	0.00754	0.01048	0.00816	0.00620	0.30265	0.03229	0.46587	0.02865	0.01201	0.00898	0.00481	0.00386	0.00120	0.00360	0.00378	0.02155	0.00644
10	0.00931	0.19705	0.39152	0.01150	0.01610	0.01069	0.23417	0.03801	0.00888	0.03662	0.00727	0.00867	0.00544	0.00359	0.00373	0.00117	0.00556	0.00325	0.00192	0.00555
11	0.01019	0.00864	0.00911	0.00807	0.01036	0.00996	0.00631	0.08960	0.76120	0.01711	0.01540	0.01418	0.01151	0.00527	0.00398	0.00132	0.00321	0.00436	0.00398	0.00624
12	0.00527	0.00399	0.00483	0.00462	0.00565	0.00358	0.00345	0.00682	0.01033	0.01399	0.57520	0.03180	0.28148	0.02575	0.00493	0.00131	0.00193	0.00742	0.00407	0.00355
13	0.00826	0.00707	0.01089	0.52519	0.09889	0.00817	0.00928	0.06414	0.04764	0.04271	0.05267	0.04175	0.05724	0.00488	0.00403	0.00129	0.00448	0.00427	0.00243	0.00472
14	0.00874	0.02613	0.11776	0.07987	0.06511	0.05790	0.00722	0.08981	0.00895	0.05941	0.05848	0.01457	0.01726	0.11199	0.17289	0.02866	0.02513	0.01360	0.03205	0.00449
15	0.00843	0.00704	0.00850	0.00609	0.00957	0.00535	0.02348	0.01021	0.00825	0.03722	0.00724	0.00834	0.00593	0.00297	0.00297	0.00062	0.00300	0.00242	0.00239	0.83998
16	0.00896	0.00891	0.03746	0.12201	0.18040	0.08000	0.17611	0.04835	0.02231	0.03987	0.03274	0.18946	0.02445	0.00576	0.00428	0.00130	0.00467	0.00543	0.00259	0.00491
17	0.00509	0.00413	0.00439	0.00460	0.00547	0.02033	0.00325	0.00592	0.00825	0.01019	0.05395	0.22428	0.46958	0.13220	0.00691	0.00174	0.00245	0.03062	0.00345	0.00319
18	0.01011	0.03054	0.00931	0.00806	0.01863	0.00972	0.00625	0.13272	0.62241	0.01685	0.01511	0.07928	0.01207	0.00570	0.00402	0.00131	0.00325	0.00476	0.00387	0.00601
19	0.01876	0.33336	0.30042	0.00917	0.01337	0.01115	0.08829	0.04084	0.00874	0.04597	0.01741	0.00824	0.00581	0.00361	0.00330	0.00104	0.00479	0.00283	0.00201	0.08091
20	0.02025	0.08442	0.35321	0.01195	0.05156	0.00958	0.22104	0.06462	0.00946	0.10015	0.00817	0.00935	0.00590	0.00373	0.00386	0.00120	0.00536	0.00343	0.00226	0.03052
21	0.00802	0.07009	0.79345	0.01091	0.01656	0.00948	0.01403	0.01238	0.00826	0.01223	0.00694	0.00816	0.00497	0.00370	0.00365	0.00122	0.00570	0.00285	0.00166	0.00575
22	0.00514	0.00378	0.00459	0.00478	0.00542	0.00347	0.00330	0.00613	0.00862	0.01149	0.27470	0.28588	0.20449	0.15155	0.00729	0.00179	0.00233	0.00837	0.00364	0.00324
23	0.08442	0.07754	0.28041	0.00913	0.01256	0.05253	0.09624	0.07244	0.00930	0.08029	0.03803	0.11579	0.01934	0.02968	0.00431	0.00132	0.00461	0.00438	0.00259	0.00510
24	0.00806	0.06779	0.72690	0.01052	0.01584	0.03547	0.01325	0.01214	0.00838	0.01205	0.00855	0.00960	0.04650	0.00402	0.00369	0.00122	0.00555	0.00311	0.00177	0.00559
25	0.01025	0.00942	0.01788	0.01388	0.06509	0.00912	0.50563	0.03446	0.12483	0.10615	0.04442	0.01220	0.00859	0.00402	0.00438	0.00129	0.00533	0.00452	0.01298	0.00557
26	0.02327	0.00683	0.01086	0.05132	0.44206	0.00679	0.00832	0.00941	0.00871	0.01224	0.09880	0.22427	0.06775	0.00658	0.00426	0.00129	0.00360	0.00605	0.00272	0.00490
27	0.03218	0.03801	0.05533	0.01002	0.06025	0.04748	0.17050	0.11524	0.02225	0.09121	0.01311	0.22442	0.02237	0.02240	0.02139	0.00148	0.00440	0.04001	0.00303	0.00491
28	0.04321	0.00852	0.00862	0.00758	0.00985	0.05524	0.00594	0.06636	0.54498	0.10253	0.01676	0.01558	0.08654	0.00552	0.00396	0.00129	0.00331	0.00449	0.00388	0.00585
29	0.02883	0.00637	0.00834	0.00674	0.00935	0.00577	0.00552	0.01699	0.07112	0.62066	0.06901	0.01748	0.05695	0.00569	0.00409	0.00126	0.00316	0.05202	0.00458	0.00605
30	0.00943	0.19190	0.31966	0.02244	0.03325	0.02579	0.14036	0.05167	0.00899	0.06072	0.00863	0.07262	0.00722	0.00497	0.02451	0.00131	0.00522	0.00376	0.00219	0.00536
31	0.00561	0.00416	0.00611	0.00611	0.00675	0.00480	0.00467	0.00688	0.00625	0.00896	0.01067	0.01635	0.01021	0.10655	0.77011	0.00607	0.00988	0.00434	0.00213	0.00340
32	0.00802	0.07092	0.79264	0.01091	0.01655	0.00949	0.01402	0.01237	0.00826	0.01222	0.00694	0.00816	0.00497	0.00370	0.00365	0.00122	0.00570	0.00285	0.00166	0.00575
33	0.00580	0.00411	0.00490	0.00496	0.00598	0.00372	0.00362	0.00726	0.03675	0.05903	0.21458	0.29028	0.32496	0.00978	0.00469	0.00138	0.00216	0.00852	0.00388	0.00365
34	0.08801	0.31993	0.03696	0.00956	0.06136	0.10538	0.08923	0.17220	0.01064	0.06196	0.00728	0.00809	0.00572	0.00382	0.00331	0.00106	0.00470	0.00289	0.00245	0.00544
35	0.07431	0.01760	0.63182	0.01084	0.01584	0.03834	0.08085	0.01252	0.02954	0.01293	0.03506	0.00915	0.00625	0.00388	0.00373	0.00124	0.00550	0.00315	0.00190	0.00553
36	0.00499	0.00382	0.00459	0.00482	0.00567	0.00342	0.00350	0.00615	0.00909	0.01188	0.25539	0.29600	0.32917	0.01017	0.00477	0.00140	0.00209	0.03586	0.00383	0.00339
37	0.00925	0.00616	0.02114	0.03499	0.00856	0.03539	0.05189	0.12144	0.00849	0.08699	0.03691	0.01317	0.02309	0.05415	0.01047	0.44218	0.00384	0.00384	0.02454	0.00349
38	0.00759	0.00744	0.03225	0.03491	0.07964	0.05496	0.09873	0.02252	0.02858	0.01096	0.01276	0.23320	0.01337	0.01024	0.10396	0.00205	0.14349	0.09646	0.00263	0.00425
39	0.01021	0.01141	0.06498	0.02036	0.56386	0.12366	0.12355	0.01262	0.00923	0.01231	0.00725	0.00938	0.00594	0.00356	0.00393	0.00117	0.00532	0.00348	0.00194	0.00583
40	0.00926	0.00796	0.00964	0.00748	0.00995	0.00808	0.00610	0.13439	0.02497	0.01375	0.00712	0.00871	0.00597	0.00475	0.02243	0.00109	0.21877	0.00287	0.00244	0.49426
41	0.00958	0.44090	0.38321	0.00882	0.01324	0.01248	0.01019	0.06000	0.00872	0.01155	0.00638	0.00735	0.00510	0.00360	0.00313	0.00104	0.00491	0.00253	0.00180	0.00546
42	0.00533	0.00398	0.00546	0.00600	0.00660	0.00378	0.02520	0.00661	0.02462	0.01100	0.08500	0.55560	0.07287	0.01117	0.00500	0.00158	0.00260	0.16052	0.00365	0.00343
43	0.00558	0.00455	0.00474	0.00480	0.00580	0.03903	0.00346	0.00650	0.00843	0.02835	0.06906	0.18188	0.46095	0.09340	0.06388	0.00193	0.00303	0.00787	0.00340	0.00335
44	0.00478	0.00341	0.00455	0.00546	0.00569	0.00318	0.00364	0.00546	0.00751	0.01001	0.02161	0.85966	0.02593	0.01228	0.00500	0.00159	0.00227	0.01114	0.00364	0.00318
45	0.00823	0.00699	0.00814	0.00586	0.00927	0.00536	0.00469	0.03017	0.00846	0.01315	0.02869	0.00871	0.00664	0.00308	0.00297	0.00061	0.00291	0.00248	0.00241	0.84113
46	0.00786	0.02028	0.84191	0.01117	0.01697	0.00910	0.01448	0.01242	0.00828	0.01242	0.00704	0.00828	0.00497	0.00372	0.00372	0.00124	0.00579	0.00290	0.00166	0.00579
47	0.00577	0.00566	0.09666	0.00635	0.02617	0.00418	0.00507	0.00716	0.00852	0.03318	0.18019	0.46427	0.09015	0.00993	0.00492	0.01951	0.00268	0.02241	0.00351	0.00372
48	0.02536	0.00411	0.00509	0.00554	0.00604	0.00403	0.00379	0.05277	0.02194	0.01133	0.08417	0.62744	0.02381	0.09744	0.00635	0.00175	0.00254	0.00952	0.00356	0.00342
49	0.00860	0.00873	0.01334	0.01100	0.01155	0.01151	0.12088	0.00977	0.00644	0.00982	0.00572	0.00929	0.00549	0.02832	0.01191	0.00171	0.71613	0.00365	0.00177	0.00438
50	0.02424	0.00868	0.05225	0.00957	0.03945	0.02453	0.14730	0.15746	0.13680	0.09124	0.07968	0.01839	0.06095	0.00579	0.00427	0.00132	0.00408	0.10612	0.02256	0.00533
51	0.00999	0.00635	0.00772	0.04021	0.00923	0.00656	0.00537	0.02510	0.29276	0.20773	0.31983	0.01954	0.02040	0.00615	0.00421	0.00126	0.00279	0.00526	0.00422	0.00532
52	0.04014	0.00670	0.00901	0.00693	0.00995	0.00584	0.00572	0.01891	0.01110	0.81921	0.01521	0.01316	0.00956	0.00482	0.00390	0.00121	0.00333	0.00390	0.00479	0.00661
53	0.00561	0.00416	0.00607	0.00607	0.00670	0.00478	0.00462	0.00686	0.00623	0.00893	0.01071	0.01655	0.01030	0.12232	0.75445	0.00602	0.00975	0.00437	0.00213	0.00337
54	0.11351	0.09615	0.02654	0.06119	0.12183	0.09037	0.04915	0.28502	0.01190	0.03472	0.00767	0.00866	0.00586	0.00396	0.00353	0.00110	0.00454	0.00309	0.00272	0.06849
55	0.39676	0.09747	0.04646	0.00767	0.02326	0.19522	0.01672	0.10492	0.00936	0.03668	0.00652	0.00753	0.00515	0.01558	0.00338	0.00117	0.01632	0.00257	0.00244	0.00482

[dist]
# distance from previous block
# <min> <max>
0	1

[block]
# block no. 5 follows, 69 sequences, length 60
# corresponding to MSA columns:
# 283-290,292-343
name=unknown_F
#
# <colnr> <probs for GDERKNQSTAVLIFYWHMCP>
#	G	D	E	R	K	N	Q	S	T	A	V	L	I	F	Y	W	H	M	C	P
0	0.05529	0.01013	0.00923	0.00820	0.01047	0.14802	0.00637	0.05765	0.58109	0.05003	0.01346	0.01266	0.01009	0.00497	0.00383	0.00126	0.00382	0.00394	0.00362	0.00587
1	0.00477	0.00342	0.00454	0.00543	0.00568	0.00319	0.00363	0.00546	0.00753	0.01002	0.02194	0.84476	0.04062	0.01224	0.00500	0.00159	0.00227	0.01109	0.00364	0.00319
2	0.88991	0.00758	0.00576	0.00516	0.00758	0.00879	0.00425	0.01152	0.00667	0.01759	0.00546	0.00637	0.00425	0.00364	0.00243	0.00121	0.00303	0.00212	0.00243	0.00425
3	0.01086	0.00820	0.00863	0.02785	0.00981	0.08268	0.00606	0.32663	0.01261	0.07079	0.04104	0.18582	0.01353	0.00777	0.03412	0.00148	0.00403	0.08779	0.05530	0.00502
4	0.00830	0.00696	0.00815	0.00583	0.00930	0.00524	0.00467	0.01003	0.00818	0.02738	0.00712	0.00822	0.00588	0.00294	0.00292	0.00059	0.00291	0.00235	0.00237	0.87066
5	0.00516	0.00376	0.00484	0.00558	0.00597	0.00361	0.00382	0.01727	0.03737	0.01046	0.02159	0.74210	0.05199	0.03273	0.00532	0.00163	0.00240	0.03743	0.00362	0.00334
6	0.00566	0.00400	0.00531	0.00566	0.00607	0.00407	0.00396	0.00646	0.00746	0.03782	0.06573	0.52029	0.04749	0.11411	0.09501	0.00231	0.05320	0.00876	0.00330	0.00334
7	0.09767	0.00452	0.00440	0.00422	0.00544	0.00467	0.00324	0.03879	0.03608	0.01485	0.01453	0.01615	0.08395	0.01664	0.00323	0.00105	0.00214	0.01307	0.63149	0.00386
8	0.00921	0.00743	0.00857	0.00626	0.00965	0.00612	0.00503	0.09588	0.03695	0.04193	0.00781	0.00866	0.00623	0.00324	0.00308	0.00069	0.00307	0.00257	0.00263	0.73499
9	0.00852	0.03079	0.09155	0.17849	0.15122	0.00747	0.09538	0.01084	0.00871	0.07342	0.04556	0.04250	0.07361	0.00528	0.02220	0.00128	0.00443	0.01849	0.00246	0.12780
10	0.00844	0.16882	0.64543	0.01119	0.06674	0.01025	0.01296	0.01227	0.00826	0.01188	0.00678	0.00801	0.00505	0.00364	0.00352	0.00117	0.00544	0.00279	0.00168	0.00568
11	0.00966	0.00781	0.02519	0.26236	0.04746	0.05687	0.05300	0.12682	0.01004	0.11296	0.02132	0.19745	0.02616	0.00649	0.01750	0.00139	0.00438	0.00536	0.00295	0.00483
12	0.00478	0.00370	0.00436	0.00479	0.00554	0.00328	0.00337	0.00569	0.00840	0.01072	0.09504	0.44582	0.36863	0.01094	0.00482	0.00145	0.00212	0.00961	0.00369	0.00328
13	0.04514	0.03877	0.02476	0.05639	0.01117	0.05010	0.03554	0.06399	0.00909	0.07191	0.00781	0.02207	0.00627	0.00356	0.00336	0.00084	0.01640	0.00283	0.00252	0.52747
14	0.08508	0.02328	0.06163	0.05207	0.04093	0.06801	0.02168	0.25942	0.02445	0.04977	0.01093	0.14580	0.01004	0.00690	0.03605	0.00150	0.05735	0.03695	0.00304	0.00512
15	0.00489	0.00393	0.00437	0.00445	0.00555	0.00341	0.00332	0.00604	0.00919	0.01157	0.19269	0.13583	0.55273	0.00987	0.00470	0.00136	0.00205	0.03689	0.00377	0.00338
16	0.05865	0.04403	0.02223	0.03720	0.03252	0.13949	0.02566	0.39695	0.16256	0.02751	0.00960	0.00982	0.00713	0.00451	0.00376	0.00118	0.00455	0.00343	0.00329	0.00594
17	0.02145	0.02368	0.01248	0.27343	0.32471	0.03884	0.00962	0.02591	0.01562	0.04930	0.06474	0.01112	0.00809	0.00410	0.00406	0.00117	0.02773	0.00359	0.00226	0.07811
18	0.08340	0.11288	0.10788	0.02782	0.08504	0.07378	0.04485	0.08560	0.02310	0.05870	0.00852	0.01056	0.00698	0.01105	0.24022	0.00259	0.00639	0.00336	0.00234	0.00495
19	0.03125	0.19530	0.06625	0.02125	0.08277	0.02913	0.03886	0.10943	0.04535	0.03044	0.00966	0.07154	0.00880	0.00948	0.15518	0.00212	0.04933	0.03643	0.00248	0.00494
20	0.00540	0.00379	0.00478	0.00514	0.00586	0.00344	0.00366	0.00645	0.00873	0.04084	0.19710	0.46593	0.19337	0.01060	0.00482	0.00145	0.00220	0.02915	0.00382	0.00345
21	0.00821	0.02813	0.00946	0.12708	0.07736	0.08173	0.06032	0.02333	0.05549	0.05871	0.02454	0.29068	0.03130	0.00823	0.02769	0.02282	0.00410	0.05356	0.00295	0.00433
22	0.01090	0.30940	0.11182	0.03778	0.10363	0.13069	0.12372	0.04739	0.00935	0.05613	0.00730	0.02193	0.00595	0.00380	0.00347	0.00107	0.00514	0.00311	0.00210	0.00532
23	0.00561	0.00417	0.00615	0.00615	0.00679	0.00482	0.00471	0.00690	0.00625	0.00899	0.01064	0.01618	0.01014	0.09286	0.78369	0.00611	0.00999	0.00431	0.00212	0.00341
24	0.00782	0.00758	0.01181	0.61549	0.02237	0.02949	0.02408	0.00996	0.00749	0.00987	0.00670	0.01034	0.00544	0.02568	0.00625	0.00145	0.18858	0.00352	0.00176	0.00431
25	0.01141	0.12282	0.14060	0.06865	0.15891	0.24245	0.05632	0.04625	0.02035	0.06499	0.00738	0.00868	0.00576	0.00392	0.00386	0.00113	0.02595	0.00306	0.00216	0.00536
26	0.01895	0.03111	0.02608	0.02580	0.43843	0.04206	0.05471	0.03795	0.09159	0.02608	0.01115	0.12263	0.03187	0.01899	0.00430	0.00128	0.00427	0.00473	0.00253	0.00550
27	0.00553	0.00376	0.00448	0.00464	0.00473	0.00377	0.00279	0.00575	0.00607	0.00815	0.01388	0.17478	0.01602	0.64711	0.07917	0.00359	0.00403	0.00657	0.00258	0.00261
28	0.00563	0.00409	0.00576	0.00576	0.00627	0.00461	0.00423	0.00665	0.00614	0.00870	0.01100	0.01814	0.01099	0.25211	0.62561	0.00563	0.00871	0.00460	0.00217	0.00320
29	0.01012	0.01045	0.01321	0.12897	0.09321	0.15837	0.17363	0.04199	0.24139	0.01321	0.03837	0.01192	0.01979	0.00448	0.00424	0.00125	0.02340	0.00400	0.00268	0.00532
30	0.00837	0.00711	0.00826	0.00592	0.00939	0.00547	0.00474	0.03878	0.00849	0.01320	0.00705	0.00817	0.00584	0.00297	0.00294	0.00060	0.00295	0.00237	0.00238	0.85498
31	0.00885	0.13252	0.41629	0.03600	0.08165	0.01033	0.19174	0.03174	0.00867	0.01218	0.00704	0.00872	0.00534	0.00368	0.00404	0.00121	0.02936	0.00326	0.00181	0.00555
32	0.02481	0.01635	0.01134	0.12892	0.04821	0.66643	0.00818	0.03114	0.01065	0.01020	0.00630	0.00769	0.00514	0.00401	0.00360	0.00106	0.00660	0.00271	0.00202	0.00463
33	0.00626	0.00506	0.00568	0.00568	0.00690	0.00511	0.00428	0.00991	0.22085	0.01245	0.10289	0.18869	0.28872	0.04235	0.00520	0.00151	0.00253	0.07814	0.00374	0.00406
34	0.00567	0.00418	0.00532	0.00501	0.00600	0.00392	0.00376	0.00785	0.04403	0.01549	0.76208	0.02912	0.07672	0.00800	0.00460	0.00124	0.00191	0.00704	0.00427	0.00378
35	0.01049	0.00514	0.00667	0.00573	0.00755	0.00456	0.00449	0.01207	0.01954	0.36046	0.28930	0.06966	0.13715	0.03057	0.00478	0.00134	0.00261	0.01870	0.00434	0.00485
36	0.09573	0.00702	0.00890	0.00692	0.00985	0.00649	0.00570	0.07567	0.02063	0.67953	0.03316	0.01282	0.00965	0.00481	0.00382	0.00121	0.00334	0.00383	0.00454	0.00638
37	0.00584	0.00404	0.00500	0.00533	0.00572	0.00400	0.00382	0.00657	0.00718	0.00945	0.04248	0.06084	0.04736	0.48613	0.01347	0.00288	0.00356	0.28049	0.00295	0.00290
38	0.00671	0.00500	0.00600	0.00546	0.00672	0.00490	0.00417	0.10818	0.04215	0.01599	0.57354	0.06319	0.12696	0.00792	0.00453	0.00126	0.00223	0.00687	0.00415	0.00409
39	0.87114	0.00765	0.00589	0.00524	0.00768	0.00887	0.00431	0.02897	0.00692	0.01774	0.00554	0.00643	0.00430	0.00366	0.00246	0.00121	0.00306	0.00215	0.00246	0.00430
40	0.00572	0.00427	0.00564	0.00521	0.00624	0.00399	0.01871	0.00786	0.03685	0.01551	0.76805	0.02876	0.06242	0.00791	0.00460	0.00124	0.00198	0.00700	0.00424	0.00379
41	0.00928	0.15999	0.11006	0.01556	0.02428	0.03198	0.00669	0.07549	0.02192	0.01299	0.00702	0.00805	0.00571	0.00331	0.00307	0.00079	0.00376	0.00252	0.00226	0.49527
42	0.00850	0.00928	0.08993	0.01022	0.03989	0.01068	0.00866	0.01012	0.02931	0.02519	0.05393	0.01033	0.00745	0.02166	0.01069	0.00161	0.62113	0.00364	0.00201	0.02577
43	0.00950	0.23300	0.40766	0.01010	0.03299	0.02200	0.07974	0.03127	0.00881	0.07134	0.02463	0.03741	0.00683	0.00407	0.00357	0.00115	0.00504	0.00330	0.00210	0.00550
44	0.00919	0.02923	0.15932	0.09444	0.19393	0.05018	0.11883	0.01208	0.04754	0.04809	0.03963	0.01093	0.00753	0.02005	0.03701	0.00152	0.10938	0.00372	0.00218	0.00525
45	0.01724	0.00668	0.00905	0.00696	0.00994	0.00583	0.00574	0.03351	0.01135	0.80507	0.03577	0.01367	0.01033	0.00493	0.00396	0.00121	0.00332	0.00401	0.00482	0.00660
46	0.00577	0.02515	0.08358	0.01763	0.00734	0.00451	0.00494	0.00734	0.00909	0.02411	0.32488	0.33725	0.09211	0.00916	0.00477	0.00138	0.01783	0.01579	0.00362	0.00376
47	0.02337	0.10401	0.28545	0.04782	0.28500	0.01831	0.04731	0.05622	0.00926	0.07572	0.00775	0.00912	0.00588	0.00374	0.00370	0.00117	0.00497	0.00320	0.00215	0.00585
48	0.00521	0.00380	0.00523	0.00589	0.00637	0.00373	0.01150	0.00620	0.00762	0.01016	0.02024	0.54616	0.05297	0.03241	0.12572	0.00234	0.00373	0.14405	0.00337	0.00331
49	0.01240	0.00612	0.00778	0.00646	0.00870	0.00577	0.00515	0.01562	0.15074	0.43847	0.24203	0.01897	0.05232	0.00601	0.00417	0.00124	0.00283	0.00507	0.00451	0.00563
50	0.00914	0.07615	0.40344	0.01938	0.02073	0.07349	0.05915	0.08069	0.02274	0.03168	0.00966	0.08967	0.00851	0.00515	0.00410	0.00127	0.02052	0.05693	0.00232	0.00529
51	0.01063	0.03643	0.04754	0.09202	0.46197	0.05670	0.04752	0.10508	0.04355	0.04877	0.00814	0.00982	0.00639	0.00383	0.00386	0.00118	0.00480	0.00348	0.00234	0.00593
52	0.00793	0.00804	0.01735	0.02964	0.01030	0.14097	0.09448	0.00958	0.01916	0.00980	0.00937	0.03471	0.01767	0.01762	0.43665	0.00388	0.12263	0.00408	0.00209	0.00404
53	0.00532	0.00366	0.00448	0.00488	0.00501	0.00359	0.00304	0.00568	0.00653	0.00872	0.01631	0.37292	0.01914	0.47033	0.03608	0.00291	0.00335	0.02238	0.00292	0.00277
54	0.64319	0.04928	0.05826	0.00604	0.00875	0.02270	0.00531	0.06336	0.02691	0.04154	0.00651	0.00745	0.00504	0.01823	0.00301	0.00122	0.00342	0.00244	0.00254	0.02479
55	0.03990	0.65163	0.01808	0.00724	0.01023	0.03675	0.03552	0.03554	0.03724	0.01027	0.00627	0.00750	0.00560	0.01558	0.02283	0.02026	0.03026	0.00249	0.00189	0.00493
56	0.00696	0.00461	0.00587	0.00608	0.00663	0.02728	0.00463	0.04429	0.00752	0.00976	0.01376	0.07102	0.02905	0.09607	0.01070	0.35893	0.00357	0.28773	0.00269	0.00285
57	0.02954	0.01034	0.12579	0.01506	0.35213	0.05326	0.04794	0.01258	0.08524	0.04870	0.05619	0.04184	0.00935	0.02438	0.00450	0.00127	0.02539	0.01134	0.00247	0.04268
58	0.03969	0.02884	0.09454	0.02806	0.05661	0.11996	0.04828	0.30075	0.03493	0.09820	0.00930	0.03840	0.00712	0.00446	0.00377	0.00114	0.00463	0.00354	0.00306	0.07473
59	0.05109	0.00952	0.05535	0.02507	0.10808	0.04524	0.03073	0.21205	0.18319	0.06155	0.07405	0.02837	0.02697	0.00489	0.00387	0.00119	0.00390	0.00405	0.00329	0.06754

[dist]
# distance from previous block
# <min> <max>
2	19

[block]
# block no. 6 follows, 69 sequences, length 18
# corresponding to MSA columns:
# 363-380
name=unknown_G
#
# <colnr> <probs for GDERKNQSTAVLIFYWHMCP>
#	G	D	E	R	K	N	Q	S	T	A	V	L	I	F	Y	W	H	M	C	P
0	0.04110	0.00596	0.00746	0.07675	0.03713	0.00597	0.00540	0.04629	0.03410	0.02788	0.13331	0.10016	0.17053	0.01662	0.00496	0.00125	0.07014	0.03803	0.00310	0.17386
1	0.01010	0.09233	0.11326	0.01074	0.14360	0.04958	0.04471	0.05578	0.12450	0.09818	0.03515	0.01336	0.05871	0.02906	0.01479	0.00131	0.02876	0.01668	0.00280	0.05662
2	0.00849	0.00755	0.01064	0.07546	0.24351	0.03990	0.04063	0.04367	0.08726	0.02771	0.11292	0.12889	0.03381	0.01687	0.00466	0.00130	0.03140	0.02903	0.00289	0.05343
3	0.14426	0.07483	0.23116	0.02259	0.19216	0.02084	0.07205	0.02714	0.04490	0.05766	0.00769	0.00889	0.00587	0.00369	0.00351	0.00115	0.00459	0.00308	0.00223	0.07172
4	0.01987	0.00682	0.00855	0.02111	0.07655	0.02089	0.02152	0.02150	0.07636	0.11127	0.13641	0.02683	0.04940	0.02910	0.01498	0.00112	0.00323	0.00410	0.00311	0.34729
5	0.01513	0.00736	0.00934	0.00755	0.03175	0.00693	0.00599	0.18481	0.01245	0.52745	0.07582	0.01419	0.03709	0.00511	0.00397	0.00118	0.00340	0.00415	0.00440	0.04192
6	0.00901	0.00934	0.02574	0.08736	0.10344	0.10400	0.16364	0.01135	0.04889	0.02472	0.09924	0.03771	0.03004	0.00585	0.02163	0.00145	0.20510	0.00438	0.00238	0.00474
7	0.00560	0.00420	0.00630	0.00630	0.00700	0.00490	0.00490	0.00700	0.00630	0.00910	0.01050	0.01540	0.00980	0.02940	0.84669	0.00630	0.01050	0.00420	0.00210	0.00350
8	0.00851	0.00737	0.00869	0.00806	0.04020	0.00809	0.04752	0.01620	0.53850	0.01483	0.09726	0.01881	0.10146	0.06049	0.00517	0.00147	0.00314	0.00515	0.00370	0.00536
9	0.88991	0.00758	0.00576	0.00516	0.00758	0.00879	0.00425	0.01152	0.00667	0.01759	0.00546	0.00637	0.00425	0.00364	0.00243	0.00121	0.00303	0.00212	0.00243	0.00425
10	0.83434	0.00752	0.00597	0.00527	0.00774	0.00860	0.00434	0.01201	0.00696	0.07002	0.00610	0.00681	0.00459	0.00372	0.00252	0.00121	0.00305	0.00224	0.00258	0.00440
11	0.00757	0.01616	0.61116	0.04243	0.01520	0.00811	0.02586	0.02756	0.00884	0.01287	0.10783	0.03353	0.01039	0.00487	0.00399	0.00128	0.00507	0.04978	0.00219	0.00531
12	0.00765	0.00562	0.00713	0.00652	0.00790	0.00582	0.03653	0.01931	0.15226	0.09198	0.05042	0.11452	0.22165	0.07590	0.06393	0.00193	0.05774	0.06548	0.00345	0.00428
13	0.01193	0.00898	0.00849	0.00714	0.00907	0.14116	0.00563	0.27817	0.01206	0.09829	0.01078	0.01203	0.02065	0.03828	0.00483	0.02172	0.04299	0.00360	0.25921	0.00501
14	0.00602	0.00473	0.00556	0.02930	0.00714	0.00469	0.00426	0.05424	0.10108	0.01195	0.04649	0.39274	0.26583	0.00996	0.00469	0.00145	0.00252	0.03987	0.00366	0.00382
15	0.03413	0.05612	0.00866	0.00598	0.00916	0.00601	0.00483	0.01078	0.03982	0.06543	0.00856	0.05712	0.00735	0.00370	0.00310	0.00074	0.00298	0.00299	0.00259	0.66996
16	0.00969	0.00789	0.07984	0.00711	0.00963	0.00680	0.00615	0.10349	0.02578	0.14311	0.02171	0.02959	0.04952	0.04727	0.12324	0.00192	0.07289	0.00384	0.00292	0.24760
17	0.09701	0.00747	0.01074	0.08024	0.02591	0.00731	0.14254	0.02756	0.11554	0.14818	0.04444	0.04493	0.03342	0.00479	0.00384	0.00117	0.00381	0.02735	0.00308	0.17066

[dist]
# distance from previous block
# <min> <max>
2	9

[block]
# block no. 7 follows, 69 sequences, length 49
# corresponding to MSA columns:
# 391-439
name=unknown_H
#
# <colnr> <probs for GDERKNQSTAVLIFYWHMCP>
#	G	D	E	R	K	N	Q	S	T	A	V	L	I	F	Y	W	H	M	C	P
