[name]
unknown

[dist]
# distance from previous block
# <min> <max>
14	80

[block]
# block no. 0 follows, 66 sequences, length 12
# corresponding to MSA columns:
# 105-116
name=unknown_A
#
# <colnr> <probs for GDERKNQSTAVLIFYWHMCP>
#	G	D	E	R	K	N	Q	S	T	A	V	L	I	F	Y	W	H	M	C	P
0	0.01031	0.03563	0.05228	0.02597	0.07902	0.07253	0.00739	0.12129	0.06520	0.02932	0.01971	0.01009	0.02141	0.00442	0.00485	0.00107	0.11599	0.00324	0.00264	0.31765
1	0.09094	0.08757	0.35661	0.01115	0.10342	0.06034	0.02372	0.02551	0.05757	0.03343	0.06025	0.03200	0.00848	0.00454	0.00402	0.00125	0.02774	0.00357	0.00234	0.00555
2	0.01308	0.01486	0.01083	0.00974	0.01155	0.51878	0.00752	0.04926	0.09081	0.03395	0.00835	0.01026	0.00702	0.00688	0.06839	0.00161	0.10457	0.02516	0.00247	0.00489
3	0.02860	0.00882	0.01504	0.05844	0.44123	0.00891	0.14720	0.02460	0.04134	0.01358	0.08919	0.01400	0.05858	0.00464	0.00449	0.00128	0.02746	0.00447	0.00247	0.00565
4	0.01356	0.01003	0.01076	0.00850	0.01118	0.01107	0.00681	0.63289	0.07961	0.02220	0.01073	0.01272	0.00852	0.13482	0.00659	0.00164	0.00429	0.00407	0.00382	0.00619
5	0.00705	0.00352	0.00529	0.00529	0.00529	0.00352	0.00352	0.00529	0.00529	0.00705	0.00705	0.01233	0.00705	0.01409	0.01586	0.88196	0.00352	0.00352	0.00176	0.00176
6	0.07113	0.00719	0.00935	0.00721	0.01032	0.00650	0.00596	0.06045	0.01171	0.74327	0.01505	0.01316	0.00954	0.00494	0.00398	0.00125	0.00349	0.00394	0.00482	0.00675
7	0.06819	0.15786	0.01369	0.00946	0.01214	0.26907	0.07268	0.22420	0.01209	0.03488	0.00782	0.02212	0.00628	0.00446	0.00408	0.00115	0.04614	0.00321	0.02508	0.00540
8	0.01258	0.00699	0.00852	0.00707	0.00942	0.00697	0.00564	0.09955	0.19445	0.33686	0.24515	0.01834	0.01821	0.00604	0.00429	0.00128	0.00307	0.00507	0.00456	0.00593
9	0.00504	0.00394	0.00459	0.00499	0.00588	0.00349	0.00364	0.00606	0.00884	0.01115	0.08095	0.34073	0.42513	0.01112	0.00500	0.00150	0.00228	0.06843	0.00381	0.00342
10	0.00841	0.00721	0.00841	0.00601	0.00961	0.00541	0.00481	0.01022	0.00841	0.01322	0.00721	0.00841	0.00601	0.00300	0.00300	0.00060	0.00300	0.00240	0.00240	0.88222
11	0.16526	0.18752	0.01285	0.02335	0.10908	0.02509	0.09551	0.01234	0.10865	0.01410	0.15710	0.02695	0.03631	0.00501	0.00372	0.00121	0.00386	0.00422	0.00282	0.00504

[dist]
# distance from previous block
# <min> <max>
0	2

[block]
# block no. 1 follows, 66 sequences, length 47
# corresponding to MSA columns:
# 119-165
name=unknown_B
#
# <colnr> <probs for GDERKNQSTAVLIFYWHMCP>
#	G	D	E	R	K	N	Q	S	T	A	V	L	I	F	Y	W	H	M	C	P
0	0.01206	0.00815	0.01279	0.09240	0.40669	0.00797	0.00942	0.03125	0.00995	0.26400	0.01106	0.06194	0.00866	0.00463	0.00407	0.00124	0.00423	0.00418	0.00308	0.04224
1	0.00926	0.00886	0.01621	0.05448	0.25380	0.00871	0.31364	0.06006	0.01017	0.01435	0.12632	0.01372	0.01120	0.00440	0.00433	0.00126	0.00493	0.00461	0.07429	0.00542
2	0.83345	0.00790	0.00616	0.00551	0.00801	0.00916	0.00452	0.01250	0.05604	0.01813	0.00630	0.00710	0.00487	0.00387	0.00261	0.00126	0.00314	0.00234	0.00261	0.00452
3	0.00494	0.00353	0.00471	0.00565	0.00588	0.00330	0.00377	0.00565	0.00777	0.01036	0.02236	0.85477	0.02683	0.01271	0.00518	0.00165	0.00235	0.01153	0.00377	0.00330
4	0.00580	0.00435	0.00652	0.00652	0.00724	0.00507	0.00507	0.00724	0.00652	0.00942	0.01087	0.01594	0.01014	0.03043	0.84134	0.00652	0.01087	0.00435	0.00217	0.00362
5	0.01266	0.47314	0.03701	0.00858	0.01152	0.37529	0.00753	0.01393	0.00967	0.00979	0.00596	0.00691	0.00521	0.00379	0.00309	0.00096	0.00568	0.00238	0.00189	0.00501
6	0.00848	0.00744	0.00935	0.00668	0.01031	0.00570	0.05362	0.01038	0.00848	0.01321	0.00727	0.00857	0.00602	0.00303	0.00311	0.00065	0.00324	0.00255	0.00238	0.82955
7	0.00953	0.33028	0.47647	0.00992	0.01479	0.02740	0.03698	0.01281	0.00860	0.02918	0.00687	0.00797	0.00530	0.00373	0.00342	0.00113	0.00538	0.00276	0.00181	0.00568
8	0.00668	0.00523	0.00669	0.00658	0.00741	0.03589	0.00498	0.06148	0.00765	0.01052	0.01222	0.12180	0.01220	0.08896	0.58630	0.00515	0.00870	0.00526	0.00252	0.00375
9	0.00814	0.02099	0.83640	0.01156	0.01756	0.00942	0.01499	0.01285	0.00857	0.01285	0.00728	0.00857	0.00514	0.00385	0.00385	0.00128	0.00600	0.00300	0.00171	0.00600
10	0.00923	0.00875	0.01461	0.11932	0.60551	0.00917	0.01126	0.01144	0.00887	0.01257	0.03062	0.06705	0.00846	0.00463	0.00473	0.00129	0.06031	0.00424	0.00215	0.00579
11	0.01085	0.85986	0.02126	0.00694	0.01041	0.01605	0.00694	0.01215	0.00824	0.00955	0.00564	0.00651	0.00521	0.00347	0.00260	0.00087	0.00434	0.00217	0.00174	0.00521
12	0.01777	0.00803	0.00979	0.00760	0.01069	0.05380	0.00623	0.09452	0.01231	0.71233	0.01487	0.01306	0.00948	0.00496	0.00405	0.00124	0.00377	0.00396	0.00477	0.00678
13	0.00756	0.00378	0.00378	0.00378	0.00473	0.00378	0.00284	0.00945	0.00851	0.01513	0.01324	0.01513	0.01040	0.00473	0.00284	0.00095	0.00189	0.00378	0.87994	0.00378
14	0.88607	0.00785	0.00596	0.00534	0.00785	0.00910	0.00439	0.01193	0.00690	0.01820	0.00565	0.00659	0.00439	0.00377	0.00251	0.00126	0.00314	0.00220	0.00251	0.00439
15	0.00615	0.00458	0.00578	0.00540	0.00648	0.00442	0.00407	0.00896	0.08779	0.01634	0.75364	0.02888	0.03585	0.00803	0.00472	0.00129	0.00204	0.00708	0.00443	0.00407
16	0.88607	0.00785	0.00596	0.00534	0.00785	0.00910	0.00439	0.01193	0.00690	0.01820	0.00565	0.00659	0.00439	0.00377	0.00251	0.00126	0.00314	0.00220	0.00251	0.00439
17	0.00590	0.00393	0.00442	0.00442	0.00442	0.00393	0.00246	0.00590	0.00590	0.00787	0.01278	0.02655	0.01475	0.85742	0.02065	0.00393	0.00393	0.00590	0.00246	0.00246
18	0.00975	0.00620	0.00749	0.00652	0.00835	0.00626	0.00509	0.06057	0.20861	0.17425	0.42913	0.02227	0.02477	0.00679	0.00445	0.00129	0.00267	0.00583	0.00447	0.00523
19	0.01251	0.00548	0.00660	0.00552	0.00752	0.00513	0.00441	0.05151	0.01034	0.36893	0.01427	0.01431	0.01008	0.00486	0.00343	0.00109	0.00268	0.00390	0.46215	0.00527
20	0.01196	0.03977	0.01247	0.01057	0.01175	0.40977	0.02382	0.01298	0.00887	0.00990	0.00584	0.00810	0.00529	0.00552	0.00820	0.00139	0.40418	0.00308	0.00193	0.00461
21	0.00510	0.00425	0.00483	0.00539	0.04375	0.00371	0.00365	0.00613	0.00895	0.01100	0.05096	0.19224	0.60891	0.02625	0.00513	0.00146	0.00227	0.00882	0.00368	0.00353
22	0.01006	0.00982	0.01594	0.05796	0.73392	0.03695	0.01209	0.01236	0.00913	0.01286	0.00746	0.00993	0.00629	0.00381	0.00444	0.00123	0.04398	0.00358	0.00199	0.00620
23	0.88607	0.00785	0.00596	0.00534	0.00785	0.00910	0.00439	0.01193	0.00690	0.01820	0.00565	0.00659	0.00439	0.00377	0.00251	0.00126	0.00314	0.00220	0.00251	0.00439
24	0.00882	0.06073	0.18103	0.02436	0.07511	0.01836	0.08049	0.06370	0.03935	0.05223	0.23002	0.05551	0.03828	0.00590	0.00472	0.00130	0.04683	0.00505	0.00306	0.00515
25	0.01086	0.00756	0.01092	0.00839	0.02530	0.00657	0.13027	0.03331	0.04968	0.20919	0.09397	0.01329	0.02666	0.00440	0.00385	0.00102	0.00365	0.00395	0.00333	0.35385
26	0.01542	0.01136	0.01218	0.00933	0.01258	0.01258	0.00771	0.81858	0.01908	0.02557	0.00974	0.00974	0.00690	0.00487	0.00406	0.00122	0.00446	0.00365	0.00406	0.00690
27	0.00888	0.00888	0.01243	0.01065	0.01065	0.01243	0.00888	0.00976	0.00621	0.00976	0.00533	0.00888	0.00533	0.00710	0.01331	0.00178	0.84999	0.00355	0.00178	0.00444
28	0.01004	0.00964	0.01647	0.02490	0.83211	0.00964	0.01245	0.01245	0.00924	0.01325	0.00763	0.01004	0.00643	0.00361	0.00402	0.00120	0.00482	0.00361	0.00201	0.00643
29	0.00489	0.00418	0.00421	0.00421	0.00558	0.00354	0.00315	0.00609	0.02332	0.01105	0.04033	0.05361	0.80156	0.01024	0.00479	0.00138	0.00208	0.00855	0.00377	0.00347
30	0.00557	0.00414	0.00519	0.00493	0.00596	0.00376	0.00370	0.00733	0.01109	0.01532	0.68942	0.03186	0.17942	0.00865	0.00479	0.00129	0.00194	0.00756	0.00434	0.00376
31	0.01508	0.01091	0.01178	0.00913	0.01227	0.01202	0.00750	0.73334	0.05578	0.05777	0.01056	0.02673	0.00767	0.00506	0.00408	0.00123	0.00432	0.00387	0.00410	0.00681
32	0.01085	0.85986	0.02126	0.00694	0.01041	0.01605	0.00694	0.01215	0.00824	0.00955	0.00564	0.00651	0.00521	0.00347	0.00260	0.00087	0.00434	0.00217	0.00174	0.00521
33	0.01730	0.00704	0.00926	0.00715	0.01016	0.00632	0.00589	0.07951	0.01197	0.72012	0.01535	0.01359	0.00983	0.00499	0.00400	0.00123	0.00343	0.00403	0.06214	0.00670
34	0.02282	0.00834	0.01371	0.49805	0.29024	0.00946	0.02704	0.05968	0.00915	0.01240	0.00750	0.01043	0.00583	0.00394	0.00403	0.00129	0.00515	0.00361	0.00202	0.00530
35	0.00901	0.02086	0.00842	0.00738	0.00877	0.15078	0.00565	0.09968	0.00887	0.01144	0.00951	0.01422	0.00893	0.15363	0.32810	0.00363	0.05827	0.00396	0.00241	0.08649
36	0.00494	0.00353	0.00471	0.00565	0.00588	0.00330	0.00377	0.00565	0.00777	0.01036	0.02236	0.85477	0.02683	0.01271	0.00518	0.00165	0.00235	0.01153	0.00377	0.00330
37	0.00494	0.00353	0.00471	0.00565	0.00588	0.00330	0.00377	0.00565	0.00777	0.01036	0.02236	0.85477	0.02683	0.01271	0.00518	0.00165	0.00235	0.01153	0.00377	0.00330
38	0.00742	0.00381	0.00391	0.00388	0.00483	0.00379	0.00291	0.00931	0.00874	0.01521	0.07658	0.01630	0.01256	0.00500	0.00299	0.00097	0.00189	0.00406	0.81204	0.00379
39	0.01516	0.01934	0.01150	0.01045	0.01254	0.84113	0.00784	0.01620	0.01150	0.00993	0.00627	0.00732	0.00523	0.00418	0.00366	0.00105	0.00732	0.00261	0.00209	0.00470
40	0.00654	0.00467	0.00654	0.00747	0.00841	0.00467	0.00654	0.00841	0.00934	0.01214	0.02148	0.04576	0.02335	0.01121	0.00560	0.00187	0.00374	0.80480	0.00374	0.00374
41	0.01122	0.00869	0.00938	0.00822	0.01065	0.00983	0.00645	0.06882	0.69572	0.09906	0.01606	0.01468	0.01182	0.00542	0.00412	0.00135	0.00331	0.00448	0.00421	0.00650
42	0.00888	0.00888	0.01243	0.01065	0.01065	0.01243	0.00888	0.00976	0.00621	0.00976	0.00533	0.00888	0.00533	0.00710	0.01331	0.00178	0.84999	0.00355	0.00178	0.00444
43	0.00766	0.00721	0.01217	0.84767	0.02794	0.00901	0.01127	0.01037	0.00811	0.01037	0.00721	0.01082	0.00541	0.00406	0.00406	0.00135	0.00541	0.00361	0.00180	0.00451
44	0.88607	0.00785	0.00596	0.00534	0.00785	0.00910	0.00439	0.01193	0.00690	0.01820	0.00565	0.00659	0.00439	0.00377	0.00251	0.00126	0.00314	0.00220	0.00251	0.00439
45	0.22797	0.00713	0.00858	0.00676	0.00975	0.00672	0.00558	0.01788	0.01047	0.63751	0.01350	0.01206	0.00868	0.00472	0.00370	0.00126	0.00338	0.00362	0.00441	0.00630
46	0.00673	0.00865	0.20663	0.00696	0.00926	0.00577	0.00677	0.01022	0.08709	0.01551	0.55480	0.02363	0.02784	0.00696	0.00450	0.00129	0.00302	0.00603	0.00377	0.00460

[dist]
# distance from previous block
# <min> <max>
0	1

[block]
# block no. 2 follows, 66 sequences, length 49
# corresponding to MSA columns:
# 167-215
name=unknown_C
#
# <colnr> <probs for GDERKNQSTAVLIFYWHMCP>
#	G	D	E	R	K	N	Q	S	T	A	V	L	I	F	Y	W	H	M	C	P
0	0.01295	0.00928	0.01024	0.00835	0.01085	0.01006	0.00668	0.58955	0.01602	0.05133	0.01307	0.21770	0.01192	0.00680	0.00433	0.00132	0.00391	0.00561	0.00402	0.00601
1	0.01318	0.26345	0.01423	0.00874	0.01162	0.21697	0.00732	0.25965	0.13886	0.01566	0.00873	0.00903	0.00684	0.00439	0.00354	0.00110	0.00493	0.00310	0.00290	0.00579
2	0.14439	0.24230	0.01191	0.00659	0.00982	0.00920	0.00573	0.01419	0.03328	0.25794	0.00944	0.00942	0.00694	0.00392	0.00317	0.00099	0.00353	0.00287	0.00307	0.22130
3	0.41143	0.00831	0.01042	0.25821	0.17144	0.02283	0.02782	0.02344	0.00802	0.01479	0.00662	0.00866	0.00517	0.00384	0.00335	0.00127	0.00431	0.00297	0.00221	0.00488
4	0.01282	0.47421	0.01678	0.00855	0.01139	0.39461	0.00735	0.01401	0.00974	0.00972	0.00593	0.00688	0.00522	0.00380	0.00309	0.00095	0.00570	0.00237	0.00190	0.00498
5	0.88607	0.00785	0.00596	0.00534	0.00785	0.00910	0.00439	0.01193	0.00690	0.01820	0.00565	0.00659	0.00439	0.00377	0.00251	0.00126	0.00314	0.00220	0.00251	0.00439
6	0.01085	0.85986	0.02126	0.00694	0.01041	0.01605	0.00694	0.01215	0.00824	0.00955	0.00564	0.00651	0.00521	0.00347	0.00260	0.00087	0.00434	0.00217	0.00174	0.00521
7	0.88607	0.00785	0.00596	0.00534	0.00785	0.00910	0.00439	0.01193	0.00690	0.01820	0.00565	0.00659	0.00439	0.00377	0.00251	0.00126	0.00314	0.00220	0.00251	0.00439
8	0.01820	0.00690	0.00942	0.00722	0.01036	0.00596	0.00596	0.01977	0.01161	0.83492	0.01601	0.01381	0.01004	0.00502	0.00408	0.00126	0.00345	0.00408	0.00502	0.00690
9	0.88607	0.00785	0.00596	0.00534	0.00785	0.00910	0.00439	0.01193	0.00690	0.01820	0.00565	0.00659	0.00439	0.00377	0.00251	0.00126	0.00314	0.00220	0.00251	0.00439
10	0.00512	0.00399	0.00466	0.00477	0.00575	0.00352	0.00347	0.00635	0.00960	0.01247	0.28146	0.22478	0.39910	0.01022	0.00488	0.00141	0.00208	0.00887	0.00398	0.00352
11	0.00543	0.00388	0.00527	0.00621	0.00666	0.00372	0.00462	0.00650	0.00825	0.01090	0.02209	0.60635	0.02576	0.01225	0.00531	0.00172	0.00278	0.25512	0.00376	0.00343
12	0.00957	0.00745	0.00831	0.00722	0.00917	0.00808	0.00565	0.21827	0.28018	0.01847	0.29916	0.05977	0.03786	0.00676	0.00440	0.00131	0.00301	0.00572	0.00420	0.00543
13	0.39677	0.00962	0.00933	0.00749	0.01041	0.01075	0.00618	0.42847	0.01340	0.05974	0.00824	0.00855	0.00595	0.00439	0.00338	0.00124	0.00384	0.00304	0.00343	0.00580
14	0.00492	0.00408	0.00432	0.00448	0.00570	0.00349	0.00336	0.00596	0.00909	0.01096	0.03788	0.12861	0.69441	0.01060	0.00489	0.00143	0.00219	0.05644	0.00377	0.00343
15	0.00841	0.00721	0.00841	0.00601	0.00961	0.00541	0.00481	0.01022	0.00841	0.01322	0.00721	0.00841	0.00601	0.00300	0.00300	0.00060	0.00300	0.00240	0.00240	0.88222
16	0.00888	0.00888	0.01243	0.01065	0.01065	0.01243	0.00888	0.00976	0.00621	0.00976	0.00533	0.00888	0.00533	0.00710	0.01331	0.00178	0.84999	0.00355	0.00178	0.00444
17	0.02154	0.02580	0.27678	0.03181	0.45876	0.00929	0.01235	0.01269	0.02435	0.03651	0.04587	0.01062	0.00764	0.00399	0.00396	0.00124	0.00497	0.00358	0.00215	0.00610
18	0.00587	0.00392	0.00443	0.00446	0.00447	0.00391	0.00250	0.00589	0.00596	0.00794	0.01307	0.05109	0.01511	0.83238	0.02019	0.00387	0.00389	0.00607	0.00250	0.00248
19	0.00597	0.00427	0.00568	0.00644	0.00712	0.00417	0.00515	0.00728	0.00853	0.01110	0.02182	0.23256	0.07411	0.11970	0.00738	0.00205	0.00333	0.46630	0.00358	0.00345
20	0.00936	0.00876	0.05538	0.04649	0.32567	0.00812	0.12476	0.03744	0.04731	0.06232	0.18131	0.03754	0.01406	0.00506	0.00430	0.00127	0.00431	0.00482	0.01616	0.00557
21	0.00793	0.00749	0.01265	0.75483	0.11868	0.00908	0.01140	0.01060	0.00824	0.01069	0.00726	0.01073	0.00552	0.00401	0.00405	0.00134	0.00534	0.00361	0.00183	0.00472
22	0.00814	0.02099	0.83640	0.01156	0.01756	0.00942	0.01499	0.01285	0.00857	0.01285	0.00728	0.00857	0.00514	0.00385	0.00385	0.00128	0.00600	0.00300	0.00171	0.00600
23	0.00590	0.00393	0.00442	0.00442	0.00442	0.00393	0.00246	0.00590	0.00590	0.00787	0.01278	0.02655	0.01475	0.85742	0.02065	0.00393	0.00393	0.00590	0.00246	0.00246
24	0.01026	0.02429	0.11877	0.05248	0.45317	0.00925	0.13810	0.01299	0.00934	0.08907	0.00890	0.02560	0.00714	0.00405	0.00415	0.00126	0.00511	0.01769	0.00231	0.00607
25	0.00563	0.00426	0.00616	0.07735	0.00839	0.00459	0.00502	0.00688	0.00744	0.01017	0.03922	0.35689	0.02894	0.03478	0.34784	0.00366	0.00617	0.04014	0.00294	0.00355
26	0.00899	0.31501	0.12950	0.00826	0.01063	0.01137	0.00790	0.01078	0.01980	0.02318	0.02432	0.04382	0.00784	0.04317	0.08712	0.00187	0.21127	0.00354	0.00206	0.02958
27	0.00763	0.00485	0.00520	0.00520	0.00612	0.03428	0.00382	0.05104	0.00904	0.03649	0.04924	0.26777	0.01609	0.01891	0.02442	0.00138	0.01539	0.00626	0.43294	0.00391
28	0.27364	0.15425	0.01235	0.00915	0.03732	0.35775	0.05294	0.03791	0.00963	0.01308	0.00624	0.00733	0.00512	0.00390	0.00323	0.00111	0.00539	0.00260	0.00221	0.00486
29	0.00550	0.00410	0.00479	0.00470	0.00571	0.00366	0.00341	0.00675	0.00969	0.02578	0.34351	0.09884	0.36074	0.09708	0.00645	0.00162	0.00224	0.00798	0.00392	0.00353
30	0.01022	0.41657	0.20330	0.02226	0.12165	0.01270	0.04839	0.03344	0.05979	0.02615	0.00738	0.00846	0.00598	0.00377	0.00335	0.00108	0.00483	0.00291	0.00205	0.00570
31	0.00514	0.00381	0.00480	0.00522	0.00586	0.00347	0.00366	0.00625	0.00909	0.01214	0.25396	0.47431	0.17537	0.01102	0.00500	0.00149	0.00218	0.00981	0.00396	0.00347
32	0.00841	0.00721	0.00841	0.00601	0.00961	0.00541	0.00481	0.01022	0.00841	0.01322	0.00721	0.00841	0.00601	0.00300	0.00300	0.00060	0.00300	0.00240	0.00240	0.88222
33	0.04329	0.03345	0.15582	0.05153	0.07111	0.02021	0.03018	0.03905	0.02476	0.18571	0.00949	0.01050	0.00703	0.00398	0.00363	0.00105	0.00415	0.01582	0.00285	0.28639
34	0.00812	0.00694	0.03221	0.11910	0.15033	0.00664	0.09205	0.03475	0.00903	0.06272	0.01473	0.30892	0.01529	0.00770	0.00464	0.00145	0.00402	0.08709	0.00303	0.03124
35	0.74520	0.00788	0.00687	0.00650	0.03894	0.00921	0.00504	0.02371	0.00710	0.01718	0.00601	0.00746	0.00487	0.01675	0.02651	0.00147	0.05990	0.00247	0.00246	0.00446
36	0.00949	0.01136	0.08088	0.01617	0.05886	0.01047	0.60857	0.02384	0.00920	0.01277	0.00778	0.01045	0.00600	0.00394	0.00573	0.00140	0.11118	0.00443	0.00202	0.00545
37	0.00580	0.00435	0.00652	0.00652	0.00724	0.00507	0.00507	0.00724	0.00652	0.00942	0.01087	0.01594	0.01014	0.03043	0.84134	0.00652	0.01087	0.00435	0.00217	0.00362
38	0.23146	0.00740	0.00873	0.00688	0.00987	0.00713	0.00568	0.06555	0.01090	0.58574	0.01308	0.01179	0.00847	0.00470	0.00369	0.00125	0.00344	0.00359	0.00435	0.00629
39	0.00652	0.00494	0.00600	0.00559	0.00680	0.00491	0.00423	0.01008	0.15379	0.01619	0.64220	0.02756	0.05871	0.00778	0.00462	0.00129	0.00215	0.00681	0.02556	0.00427
40	0.88607	0.00785	0.00596	0.00534	0.00785	0.00910	0.00439	0.01193	0.00690	0.01820	0.00565	0.00659	0.00439	0.00377	0.00251	0.00126	0.00314	0.00220	0.00251	0.00439
41	0.01516	0.01934	0.01150	0.01045	0.01254	0.84113	0.00784	0.01620	0.01150	0.00993	0.00627	0.00732	0.00523	0.00418	0.00366	0.00105	0.00732	0.00261	0.00209	0.00470
42	0.00546	0.00398	0.00495	0.00500	0.00576	0.00366	0.00356	0.00679	0.00974	0.01334	0.44216	0.22030	0.14818	0.08840	0.00632	0.00162	0.00222	0.00829	0.01674	0.00352
43	0.00590	0.00393	0.00442	0.00442	0.00442	0.00393	0.00246	0.00590	0.00590	0.00787	0.01278	0.02655	0.01475	0.85742	0.02065	0.00393	0.00393	0.00590	0.00246	0.00246
44	0.00590	0.00393	0.00442	0.00442	0.00442	0.00393	0.00246	0.00590	0.00590	0.00787	0.01278	0.02655	0.01475	0.85742	0.02065	0.00393	0.00393	0.00590	0.00246	0.00246
45	0.01019	0.01000	0.01657	0.02416	0.77695	0.03657	0.04072	0.01259	0.00932	0.01314	0.00761	0.00999	0.00638	0.00363	0.00403	0.00121	0.00497	0.00362	0.00201	0.00634
46	0.01102	0.01133	0.01509	0.04726	0.61218	0.16246	0.01124	0.03579	0.00987	0.01290	0.00742	0.00952	0.00618	0.00375	0.00393	0.00117	0.00524	0.00340	0.00208	0.02817
47	0.03598	0.72936	0.01937	0.00711	0.01037	0.07654	0.00682	0.02525	0.00870	0.01022	0.02067	0.00762	0.02062	0.00376	0.00278	0.00091	0.00444	0.00243	0.00191	0.00512
48	0.01110	0.30904	0.18141	0.00906	0.01283	0.01138	0.08945	0.08583	0.06685	0.10559	0.00892	0.00979	0.00685	0.02190	0.00387	0.00117	0.00464	0.00324	0.02657	0.03050

[dist]
# distance from previous block
# <min> <max>
1	15

[block]
# block no. 3 follows, 66 sequences, length 52
# corresponding to MSA columns:
# 231-272,274-283
name=unknown_D
#
# <colnr> <probs for GDERKNQSTAVLIFYWHMCP>
#	G	D	E	R	K	N	Q	S	T	A	V	L	I	F	Y	W	H	M	C	P
0	0.00521	0.00373	0.00463	0.00519	0.00551	0.00354	0.00340	0.00579	0.00740	0.00974	0.02153	0.52053	0.11148	0.23187	0.03905	0.00238	0.00303	0.00949	0.00337	0.00310
1	0.00985	0.08362	0.29478	0.07413	0.06515	0.08271	0.09915	0.04857	0.01903	0.05595	0.07172	0.01156	0.02302	0.00446	0.00413	0.00124	0.02117	0.00374	0.02054	0.00548
2	0.04260	0.04209	0.02711	0.04092	0.35628	0.07107	0.06082	0.09200	0.01071	0.11762	0.07790	0.01221	0.02172	0.00445	0.00402	0.00121	0.00460	0.00395	0.00283	0.00590
3	0.06265	0.01064	0.02531	0.00861	0.01148	0.06335	0.00713	0.55306	0.01593	0.08032	0.01073	0.03463	0.00828	0.00524	0.00398	0.00124	0.00431	0.03838	0.04853	0.00621
4	0.00931	0.00902	0.01571	0.08704	0.58995	0.00903	0.10426	0.01174	0.00917	0.01284	0.01058	0.01273	0.07546	0.00421	0.00415	0.00124	0.00481	0.00417	0.01870	0.00586
5	0.02479	0.03521	0.03345	0.18952	0.24220	0.05208	0.08010	0.09113	0.02173	0.09301	0.01025	0.05852	0.02110	0.00480	0.00413	0.00129	0.00484	0.02364	0.00266	0.00558
6	0.00982	0.00744	0.00839	0.00790	0.04483	0.00800	0.00586	0.04165	0.46432	0.10373	0.08809	0.02013	0.15951	0.00643	0.00429	0.00134	0.00303	0.00540	0.00409	0.00574
7	0.00590	0.00393	0.00442	0.00442	0.00442	0.00393	0.00246	0.00590	0.00590	0.00787	0.01278	0.02655	0.01475	0.85742	0.02065	0.00393	0.00393	0.00590	0.00246	0.00246
8	0.02767	0.01995	0.76729	0.01136	0.01710	0.00940	0.02858	0.01319	0.03329	0.02445	0.00766	0.00884	0.00543	0.00391	0.00385	0.00129	0.00583	0.00308	0.00186	0.00598
9	0.01185	0.26755	0.09846	0.03696	0.03674	0.18999	0.09937	0.14830	0.03068	0.01336	0.00766	0.02739	0.00629	0.00417	0.00362	0.00112	0.00542	0.00324	0.00235	0.00549
10	0.00519	0.00413	0.00471	0.00505	0.00601	0.00374	0.00368	0.00662	0.04402	0.01119	0.05118	0.33850	0.43819	0.01097	0.00495	0.00150	0.00230	0.05075	0.00380	0.00353
11	0.01790	0.00705	0.00947	0.00729	0.01041	0.00623	0.00601	0.03682	0.03638	0.79295	0.01589	0.01376	0.01005	0.00503	0.00408	0.00126	0.00347	0.00409	0.00497	0.00689
12	0.01247	0.12806	0.11513	0.04721	0.10895	0.11435	0.04492	0.13650	0.03213	0.16270	0.01025	0.04013	0.02012	0.00462	0.00387	0.00120	0.00486	0.00374	0.00294	0.00587
13	0.03358	0.04260	0.10707	0.00998	0.03291	0.04791	0.02529	0.59313	0.03233	0.02198	0.00912	0.00945	0.00659	0.00460	0.00395	0.00121	0.00476	0.00349	0.00350	0.00653
14	0.00567	0.00435	0.00597	0.02409	0.00715	0.00432	0.03463	0.00715	0.05880	0.01071	0.03512	0.63773	0.02332	0.09959	0.00680	0.00185	0.01579	0.00989	0.00353	0.00354
15	0.61124	0.07506	0.02754	0.00718	0.03644	0.16169	0.00573	0.01276	0.00796	0.01575	0.00587	0.00688	0.00469	0.00382	0.00281	0.00119	0.00411	0.00234	0.00234	0.00462
16	0.00499	0.00357	0.00476	0.00570	0.00596	0.00334	0.00385	0.00573	0.00782	0.01041	0.02233	0.83028	0.02673	0.01267	0.00519	0.00165	0.00240	0.03554	0.00377	0.00331
17	0.01061	0.01044	0.02477	0.17206	0.43647	0.10369	0.01076	0.09808	0.04879	0.01375	0.00837	0.02893	0.00687	0.00419	0.00402	0.00123	0.00506	0.00372	0.00233	0.00585
18	0.00572	0.00415	0.00539	0.00508	0.00605	0.00382	0.00381	0.00761	0.01143	0.01614	0.81079	0.03052	0.05754	0.00834	0.00479	0.00128	0.00192	0.00737	0.00445	0.00382
19	0.00497	0.00357	0.00473	0.00559	0.00588	0.00332	0.00375	0.00574	0.00796	0.01063	0.05769	0.80084	0.04535	0.01247	0.00515	0.00163	0.00233	0.01129	0.00380	0.00332
20	0.80737	0.00800	0.02045	0.00558	0.00820	0.00888	0.00469	0.01252	0.00728	0.07801	0.00644	0.00715	0.00482	0.00386	0.00265	0.00126	0.00321	0.00235	0.00268	0.00461
21	0.00705	0.00352	0.00529	0.00529	0.00529	0.00352	0.00352	0.00529	0.00529	0.00705	0.00705	0.01233	0.00705	0.01409	0.01586	0.88196	0.00352	0.00352	0.00176	0.00176
22	0.00766	0.00721	0.01217	0.84767	0.02794	0.00901	0.01127	0.01037	0.00811	0.01037	0.00721	0.01082	0.00541	0.00406	0.00406	0.00135	0.00541	0.00361	0.00180	0.00451
23	0.02600	0.06688	0.15034	0.01324	0.21499	0.14259	0.01812	0.15761	0.02051	0.06541	0.03072	0.01004	0.00723	0.01544	0.00430	0.00122	0.02666	0.00340	0.00262	0.02269
24	0.00572	0.00413	0.00541	0.00512	0.00606	0.00382	0.00383	0.00761	0.01139	0.01613	0.81048	0.05020	0.03800	0.00840	0.00479	0.00129	0.00192	0.00744	0.00445	0.00382
25	0.00860	0.00721	0.00843	0.00603	0.00963	0.00542	0.00483	0.01040	0.00847	0.02897	0.00738	0.00852	0.00609	0.00304	0.00303	0.00061	0.00301	0.00244	0.00245	0.86544
26	0.00790	0.00732	0.01089	0.29729	0.03201	0.00940	0.00868	0.00965	0.00791	0.01135	0.14682	0.01346	0.01119	0.00610	0.00809	0.00150	0.36587	0.00422	0.03597	0.00437
27	0.01085	0.85986	0.02126	0.00694	0.01041	0.01605	0.00694	0.01215	0.00824	0.00955	0.00564	0.00651	0.00521	0.00347	0.00260	0.00087	0.00434	0.00217	0.00174	0.00521
28	0.01525	0.01128	0.01208	0.00930	0.01251	0.01250	0.00767	0.79217	0.04578	0.02528	0.00997	0.00992	0.00708	0.00489	0.00406	0.00122	0.00442	0.00368	0.00406	0.00688
29	0.01454	0.01083	0.01161	0.00911	0.01219	0.01204	0.00746	0.66722	0.15918	0.03689	0.01102	0.01074	0.00790	0.00498	0.00407	0.00125	0.00423	0.00382	0.00409	0.00682
30	0.00481	0.00406	0.00416	0.00424	0.00551	0.00341	0.00314	0.00581	0.00912	0.01091	0.03954	0.10717	0.76335	0.01048	0.00483	0.00139	0.00208	0.00881	0.00377	0.00341
31	0.00494	0.00353	0.00471	0.00565	0.00588	0.00330	0.00377	0.00565	0.00777	0.01036	0.02236	0.85477	0.02683	0.01271	0.00518	0.00165	0.00235	0.01153	0.00377	0.00330
32	0.88607	0.00785	0.00596	0.00534	0.00785	0.00910	0.00439	0.01193	0.00690	0.01820	0.00565	0.00659	0.00439	0.00377	0.00251	0.00126	0.00314	0.00220	0.00251	0.00439
33	0.01195	0.07743	0.06924	0.00785	0.01146	0.00839	0.03774	0.18826	0.01136	0.16639	0.00929	0.00965	0.00682	0.00389	0.00353	0.00095	0.00387	0.00310	0.00313	0.36568
34	0.01236	0.00561	0.00754	0.00623	0.00834	0.00496	0.00496	0.01409	0.01155	0.45114	0.39758	0.02154	0.02328	0.00656	0.00441	0.00127	0.00273	0.00561	0.00476	0.00546
35	0.01762	0.00785	0.01000	0.00767	0.01083	0.00736	0.00633	0.18862	0.01319	0.66384	0.01468	0.01295	0.00938	0.00499	0.00408	0.00125	0.00367	0.00399	0.00482	0.00690
36	0.00528	0.00386	0.00521	0.00635	0.03337	0.00365	0.00412	0.01863	0.00799	0.01069	0.02168	0.81351	0.02584	0.01229	0.00512	0.00163	0.00247	0.01115	0.00371	0.00346
37	0.06988	0.01114	0.01179	0.00908	0.01229	0.01236	0.00750	0.76813	0.01831	0.02511	0.00948	0.00954	0.00674	0.00480	0.00396	0.00122	0.00438	0.00356	0.00396	0.00674
38	0.00766	0.00721	0.01217	0.84767	0.02794	0.00901	0.01127	0.01037	0.00811	0.01037	0.00721	0.01082	0.00541	0.00406	0.00406	0.00135	0.00541	0.00361	0.00180	0.00451
39	0.00814	0.02099	0.83640	0.01156	0.01756	0.00942	0.01499	0.01285	0.00857	0.01285	0.00728	0.00857	0.00514	0.00385	0.00385	0.00128	0.00600	0.00300	0.00171	0.00600
40	0.00841	0.00721	0.00841	0.00601	0.00961	0.00541	0.00481	0.01022	0.00841	0.01322	0.00721	0.00841	0.00601	0.00300	0.00300	0.00060	0.00300	0.00240	0.00240	0.88222
41	0.00857	0.00647	0.03958	0.00728	0.01893	0.00644	0.00569	0.01201	0.18079	0.12585	0.08134	0.24411	0.03976	0.04401	0.07651	0.00199	0.07711	0.01519	0.00361	0.00474
42	0.00523	0.00443	0.00455	0.00447	0.00587	0.00392	0.00337	0.00704	0.06597	0.01175	0.09423	0.03678	0.71865	0.00981	0.00475	0.00136	0.00213	0.00820	0.00384	0.00366
43	0.00526	0.00386	0.00541	0.00603	0.00646	0.00363	0.02852	0.00609	0.00795	0.01059	0.04124	0.70999	0.04105	0.03107	0.00571	0.01697	0.00262	0.06052	0.00367	0.00336
44	0.00958	0.01094	0.02394	0.01710	0.02120	0.01026	0.81737	0.01300	0.00958	0.01300	0.00821	0.01094	0.00616	0.00342	0.00479	0.00137	0.00684	0.00479	0.00205	0.00547
45	0.00849	0.00728	0.00845	0.00611	0.00966	0.00561	0.00488	0.01071	0.04370	0.01338	0.00761	0.00870	0.00628	0.00311	0.00305	0.00063	0.00301	0.00250	0.00248	0.84436
46	0.00801	0.00452	0.00588	0.00587	0.00700	0.00414	0.00439	0.00932	0.01789	0.17787	0.12745	0.38122	0.09633	0.02404	0.00509	0.00153	0.00264	0.08203	0.03061	0.00418
47	0.00541	0.00409	0.00499	0.00486	0.00588	0.00367	0.00361	0.00697	0.01055	0.01428	0.54011	0.09893	0.26339	0.00921	0.00482	0.00133	0.00199	0.00802	0.00421	0.00367
48	0.00568	0.00414	0.00533	0.00504	0.00602	0.00380	0.00378	0.00753	0.01133	0.01591	0.77648	0.03090	0.09200	0.00843	0.00479	0.00128	0.00192	0.00742	0.00442	0.00380
49	0.00609	0.02527	0.00646	0.00612	0.00713	0.00458	0.02049	0.00730	0.02463	0.01078	0.01732	0.50327	0.01976	0.07811	0.06072	0.00196	0.01631	0.03547	0.00323	0.14502
50	0.01110	0.04545	0.11646	0.03851	0.11987	0.02606	0.05594	0.13550	0.11647	0.13493	0.01262	0.10718	0.02446	0.00547	0.00412	0.00129	0.00426	0.00471	0.02978	0.00582
51	0.01054	0.14216	0.42372	0.01086	0.06558	0.08062	0.01126	0.06825	0.02416	0.08173	0.00817	0.00915	0.00608	0.00498	0.03455	0.00138	0.00560	0.00309	0.00226	0.00585

[dist]
# distance from previous block
# <min> <max>
3	21

[block]
# block no. 4 follows, 66 sequences, length 115
# corresponding to MSA columns:
# 305-326,328-356,358-421
name=unknown_E
#
# <colnr> <probs for GDERKNQSTAVLIFYWHMCP>
#	G	D	E	R	K	N	Q	S	T	A	V	L	I	F	Y	W	H	M	C	P
0	0.02576	0.14684	0.40072	0.05540	0.06360	0.02689	0.15941	0.03749	0.00912	0.02744	0.00739	0.00895	0.00555	0.00377	0.00383	0.00123	0.00568	0.00328	0.00195	0.00571
1	0.00871	0.00801	0.01171	0.09001	0.32013	0.02948	0.04043	0.01265	0.16933	0.01369	0.12979	0.05859	0.05198	0.02172	0.00460	0.00135	0.00400	0.01547	0.00296	0.00539
2	0.00908	0.14605	0.18951	0.08371	0.19540	0.02239	0.03352	0.03668	0.03198	0.02810	0.05377	0.07680	0.04222	0.00505	0.00405	0.00123	0.01536	0.00430	0.00241	0.01838
3	0.00590	0.00393	0.00442	0.00442	0.00442	0.00393	0.00246	0.00590	0.00590	0.00787	0.01278	0.02655	0.01475	0.85742	0.02065	0.00393	0.00393	0.00590	0.00246	0.00246
4	0.00913	0.04126	0.37122	0.08623	0.09641	0.02433	0.27217	0.01281	0.00901	0.02784	0.00770	0.00968	0.00571	0.00372	0.00415	0.00129	0.00603	0.00367	0.00193	0.00571
5	0.00937	0.00837	0.01186	0.11530	0.33016	0.00910	0.00906	0.01519	0.32091	0.01429	0.01247	0.03051	0.02356	0.00494	0.00409	0.00131	0.00401	0.02566	0.04394	0.00589
6	0.01015	0.01089	0.03078	0.13339	0.16764	0.11564	0.32113	0.06830	0.01002	0.01290	0.00871	0.05942	0.00737	0.01980	0.00464	0.00135	0.00584	0.00443	0.00225	0.00534
7	0.00497	0.00355	0.00474	0.00568	0.00593	0.00332	0.00381	0.00570	0.00779	0.01039	0.02235	0.84105	0.02677	0.01269	0.00519	0.00165	0.00238	0.02498	0.00377	0.00330
8	0.00583	0.00421	0.00580	0.00580	0.00628	0.00468	0.00418	0.00678	0.00631	0.00889	0.01152	0.01958	0.01172	0.31384	0.56008	0.00563	0.00849	0.00488	0.00227	0.00322
9	0.01959	0.00420	0.00451	0.00458	0.00577	0.00370	0.00337	0.02081	0.00932	0.01170	0.10514	0.18055	0.59194	0.01033	0.00481	0.00141	0.00216	0.00878	0.00381	0.00352
10	0.00498	0.00354	0.00470	0.00561	0.00583	0.00332	0.00372	0.00566	0.00770	0.01027	0.02203	0.82569	0.02641	0.04237	0.00572	0.00173	0.00241	0.01134	0.00372	0.00327
11	0.00766	0.00721	0.01217	0.84767	0.02794	0.00901	0.01127	0.01037	0.00811	0.01037	0.00721	0.01082	0.00541	0.00406	0.00406	0.00135	0.00541	0.00361	0.00180	0.00451
12	0.01004	0.00964	0.01647	0.02490	0.83211	0.00964	0.01245	0.01245	0.00924	0.01325	0.00763	0.01004	0.00643	0.00361	0.00402	0.00120	0.00482	0.00361	0.00201	0.00643
13	0.00890	0.01023	0.06033	0.04639	0.09481	0.00922	0.56560	0.01188	0.00916	0.01249	0.00992	0.07940	0.02200	0.03433	0.00523	0.00146	0.00601	0.00519	0.00220	0.00524
14	0.01544	0.00831	0.00989	0.00771	0.01065	0.00828	0.00633	0.32483	0.02732	0.41321	0.04596	0.01495	0.07708	0.00552	0.00416	0.00125	0.00367	0.00441	0.00451	0.00650
15	0.01308	0.01020	0.01086	0.00886	0.01169	0.01149	0.00715	0.46892	0.37255	0.02180	0.01271	0.01211	0.00931	0.00515	0.00409	0.00129	0.00391	0.00406	0.00409	0.00669
16	0.01040	0.00992	0.02683	0.01161	0.11047	0.06930	0.00860	0.12099	0.09130	0.02655	0.03075	0.03577	0.00800	0.00612	0.00854	0.00150	0.41160	0.00395	0.00256	0.00525
17	0.01216	0.00961	0.05144	0.02477	0.04841	0.03080	0.06059	0.08937	0.42341	0.18318	0.01399	0.01329	0.01009	0.00499	0.00412	0.00132	0.00396	0.00423	0.00386	0.00640
18	0.00483	0.00410	0.00412	0.00412	0.00544	0.00344	0.00306	0.00583	0.00913	0.01085	0.04011	0.03861	0.80182	0.04002	0.00535	0.00146	0.00212	0.00847	0.00372	0.00339
19	0.83291	0.00800	0.00649	0.00613	0.03691	0.00921	0.00476	0.03270	0.00730	0.01822	0.00582	0.00679	0.00453	0.00379	0.00260	0.00125	0.00323	0.00228	0.00253	0.00453
20	0.00502	0.00382	0.00468	0.00524	0.00591	0.00340	0.00362	0.00586	0.00819	0.01062	0.02691	0.60383	0.24404	0.01171	0.00500	0.00154	0.00230	0.01041	0.00372	0.03419
21	0.00932	0.01196	0.16475	0.01243	0.01474	0.03266	0.21831	0.04024	0.00810	0.01173	0.00661	0.00934	0.00556	0.00541	0.00882	0.00154	0.42773	0.00375	0.00193	0.00508
22	0.01459	0.07040	0.03751	0.01038	0.01271	0.75206	0.02110	0.01580	0.01118	0.01004	0.00630	0.00736	0.00524	0.00412	0.00362	0.00105	0.00709	0.00263	0.00206	0.00479
23	0.05260	0.00376	0.00527	0.00524	0.00540	0.00382	0.00354	0.00578	0.00548	0.00791	0.00719	0.01213	0.00703	0.01323	0.01471	0.80541	0.00345	0.00346	0.03264	0.00197
24	0.00590	0.00395	0.00449	0.00449	0.00452	0.00397	0.00255	0.00594	0.00592	0.00792	0.01272	0.02620	0.01460	0.82997	0.04789	0.00402	0.00416	0.00585	0.00245	0.00250
25	0.00580	0.00435	0.00652	0.00652	0.00724	0.00507	0.00507	0.00724	0.00652	0.00942	0.01087	0.01594	0.01014	0.03043	0.84134	0.00652	0.01087	0.00435	0.00217	0.00362
26	0.00769	0.00467	0.00553	0.00501	0.00660	0.00404	0.00386	0.00908	0.01036	0.17327	0.26639	0.03157	0.43924	0.00867	0.00465	0.00132	0.00229	0.00733	0.00422	0.00422
27	0.00756	0.00378	0.00378	0.00378	0.00473	0.00378	0.00284	0.00945	0.00851	0.01513	0.01324	0.01513	0.01040	0.00473	0.00284	0.00095	0.00189	0.00378	0.87994	0.00378
28	0.01542	0.01136	0.01218	0.00933	0.01258	0.01258	0.00771	0.81858	0.01908	0.02557	0.00974	0.00974	0.00690	0.00487	0.00406	0.00122	0.00446	0.00365	0.00406	0.00690
29	0.00494	0.00353	0.00471	0.00565	0.00588	0.00330	0.00377	0.00565	0.00777	0.01036	0.02236	0.85477	0.02683	0.01271	0.00518	0.00165	0.00235	0.01153	0.00377	0.00330
30	0.01514	0.03648	0.01217	0.00959	0.01248	0.26052	0.00771	0.54538	0.02815	0.02034	0.00869	0.00901	0.00643	0.00464	0.00390	0.00116	0.00530	0.00332	0.00341	0.00619
31	0.01439	0.01652	0.01116	0.00981	0.01216	0.60496	0.00749	0.11357	0.08527	0.02497	0.00781	0.00847	0.00619	0.00433	0.00372	0.00107	0.00629	0.00293	0.00257	0.05631
32	0.00972	0.00923	0.01502	0.22094	0.54452	0.02094	0.02740	0.04074	0.04762	0.01312	0.00801	0.01044	0.00646	0.00386	0.00404	0.00125	0.00495	0.00367	0.00213	0.00594
33	0.01140	0.01145	0.00977	0.00882	0.01106	0.22433	0.00679	0.02018	0.61512	0.01516	0.01387	0.01312	0.01054	0.00516	0.00401	0.00129	0.00427	0.00408	0.00360	0.00598
34	0.00486	0.00413	0.00420	0.00424	0.00559	0.00347	0.00322	0.00592	0.00925	0.01101	0.04033	0.03931	0.79893	0.01031	0.00483	0.00139	0.00212	0.03967	0.00377	0.00344
35	0.00574	0.00415	0.00542	0.00510	0.00606	0.00383	0.00383	0.00766	0.01148	0.01627	0.82997	0.03031	0.03828	0.00829	0.00479	0.00128	0.00191	0.00734	0.00447	0.00383
36	0.00580	0.00435	0.00652	0.00652	0.00724	0.00507	0.00507	0.00724	0.00652	0.00942	0.01087	0.01594	0.01014	0.03043	0.84134	0.00652	0.01087	0.00435	0.00217	0.00362
37	0.01004	0.00964	0.01647	0.02490	0.83211	0.00964	0.01245	0.01245	0.00924	0.01325	0.00763	0.01004	0.00643	0.00361	0.00402	0.00120	0.00482	0.00361	0.00201	0.00643
38	0.88607	0.00785	0.00596	0.00534	0.00785	0.00910	0.00439	0.01193	0.00690	0.01820	0.00565	0.00659	0.00439	0.00377	0.00251	0.00126	0.00314	0.00220	0.00251	0.00439
39	0.00958	0.01094	0.02394	0.01710	0.02120	0.01026	0.81737	0.01300	0.00958	0.01300	0.00821	0.01094	0.00616	0.00342	0.00479	0.00137	0.00684	0.00479	0.00205	0.00547
40	0.00494	0.00353	0.00471	0.00565	0.00588	0.00330	0.00377	0.00565	0.00777	0.01036	0.02236	0.85477	0.02683	0.01271	0.00518	0.00165	0.00235	0.01153	0.00377	0.00330
41	0.01208	0.00756	0.00877	0.00753	0.00990	0.00798	0.00594	0.03385	0.44568	0.26942	0.11480	0.03153	0.01495	0.00581	0.00421	0.00133	0.00314	0.00487	0.00444	0.00621
42	0.00841	0.00721	0.00841	0.00601	0.00961	0.00541	0.00481	0.01022	0.00841	0.01322	0.00721	0.00841	0.00601	0.00300	0.00300	0.00060	0.00300	0.00240	0.00240	0.88222
43	0.01409	0.02304	0.01029	0.00906	0.05056	0.23230	0.00679	0.10401	0.11534	0.27313	0.10773	0.01343	0.01177	0.00513	0.00403	0.00120	0.00447	0.00403	0.00376	0.00584
44	0.00958	0.01094	0.02394	0.01710	0.02120	0.01026	0.81737	0.01300	0.00958	0.01300	0.00821	0.01094	0.00616	0.00342	0.00479	0.00137	0.00684	0.00479	0.00205	0.00547
45	0.00574	0.00415	0.00542	0.00510	0.00606	0.00383	0.00383	0.00766	0.01148	0.01627	0.82997	0.03031	0.03828	0.00829	0.00479	0.00128	0.00191	0.00734	0.00447	0.00383
46	0.00580	0.00433	0.00641	0.00641	0.00710	0.00501	0.00493	0.00717	0.00649	0.00934	0.01097	0.01650	0.01039	0.07405	0.79805	0.00638	0.01050	0.00443	0.00219	0.00356
47	0.01501	0.03587	0.01260	0.01047	0.03711	0.39886	0.07324	0.15098	0.01239	0.18555	0.00905	0.00947	0.00663	0.00443	0.00406	0.00116	0.02114	0.00331	0.00301	0.00565
48	0.00580	0.00435	0.00652	0.00652	0.00724	0.00507	0.00507	0.00724	0.00652	0.00942	0.01087	0.01594	0.01014	0.03043	0.84134	0.00652	0.01087	0.00435	0.00217	0.00362
49	0.00580	0.00434	0.00647	0.00647	0.00717	0.00504	0.00500	0.00721	0.00650	0.00938	0.01092	0.01621	0.01026	0.05171	0.82022	0.00645	0.01069	0.00439	0.00218	0.00359
50	0.00822	0.00778	0.01077	0.00926	0.00986	0.01010	0.00762	0.00933	0.00656	0.01014	0.00664	0.01019	0.00635	0.01110	0.17244	0.00254	0.57874	0.00356	0.00193	0.11687
51	0.01085	0.85986	0.02126	0.00694	0.01041	0.01605	0.00694	0.01215	0.00824	0.00955	0.00564	0.00651	0.00521	0.00347	0.00260	0.00087	0.00434	0.00217	0.00174	0.00521
52	0.00494	0.00353	0.00471	0.00565	0.00588	0.00330	0.00377	0.00565	0.00777	0.01036	0.02236	0.85477	0.02683	0.01271	0.00518	0.00165	0.00235	0.01153	0.00377	0.00330
53	0.00890	0.00699	0.00800	0.00716	0.00898	0.02226	0.02142	0.01555	0.41838	0.06643	0.31336	0.05000	0.02195	0.00668	0.00441	0.00134	0.00287	0.00577	0.00422	0.00534
54	0.01516	0.01934	0.01150	0.01045	0.01254	0.84113	0.00784	0.01620	0.01150	0.00993	0.00627	0.00732	0.00523	0.00418	0.00366	0.00105	0.00732	0.00261	0.00209	0.00470
55	0.01622	0.00694	0.00912	0.00712	0.00997	0.00628	0.00583	0.09209	0.01229	0.64648	0.12823	0.01572	0.01367	0.00546	0.00418	0.00125	0.00333	0.00449	0.00486	0.00648
56	0.00892	0.21661	0.21181	0.00946	0.01188	0.01171	0.00940	0.02529	0.00754	0.01069	0.00661	0.00909	0.00585	0.00819	0.10698	0.00199	0.32801	0.00318	0.00184	0.00494
57	0.00586	0.00411	0.00533	0.00533	0.00564	0.00442	0.00358	0.00648	0.00617	0.00853	0.01196	0.02199	0.01277	0.50192	0.37344	0.00505	0.00691	0.00523	0.00234	0.00296
58	0.00878	0.01778	0.60318	0.01466	0.19262	0.00946	0.05810	0.01288	0.00881	0.02561	0.00754	0.00909	0.00555	0.00380	0.00394	0.00127	0.00575	0.00324	0.00185	0.00607
59	0.04560	0.00923	0.01027	0.00802	0.01090	0.00979	0.00658	0.50223	0.01569	0.20158	0.05253	0.01203	0.00939	0.00502	0.00394	0.00121	0.00384	0.00389	0.08188	0.00638
60	0.00888	0.00888	0.01243	0.01065	0.01065	0.01243	0.00888	0.00976	0.00621	0.00976	0.00533	0.00888	0.00533	0.00710	0.01331	0.00178	0.84999	0.00355	0.00178	0.00444
61	0.00597	0.00412	0.00519	0.00566	0.00602	0.00408	0.00406	0.00672	0.00737	0.00972	0.01728	0.16416	0.01961	0.43409	0.01305	0.00286	0.00362	0.28028	0.00310	0.00303
62	0.01794	0.00693	0.00936	0.00719	0.01029	0.00605	0.00594	0.03519	0.01170	0.80287	0.01583	0.01376	0.00999	0.00501	0.00405	0.00125	0.00344	0.00407	0.02231	0.00684
63	0.00497	0.00355	0.00474	0.00568	0.00593	0.00332	0.00382	0.00570	0.00780	0.01039	0.02234	0.83934	0.02677	0.01268	0.00519	0.00165	0.00238	0.02666	0.00377	0.00330
64	0.00574	0.00415	0.00542	0.00510	0.00606	0.00383	0.00383	0.00766	0.01148	0.01627	0.82997	0.03031	0.03828	0.00829	0.00479	0.00128	0.00191	0.00734	0.00447	0.00383
65	0.00888	0.00888	0.01243	0.01065	0.01065	0.01243	0.00888	0.00976	0.00621	0.00976	0.00533	0.00888	0.00533	0.00710	0.01331	0.00178	0.84999	0.00355	0.00178	0.00444
66	0.01542	0.01136	0.01218	0.00933	0.01258	0.01258	0.00771	0.81858	0.01908	0.02557	0.00974	0.00974	0.00690	0.00487	0.00406	0.00122	0.00446	0.00365	0.00406	0.00690
67	0.00766	0.00721	0.01217	0.84767	0.02794	0.00901	0.01127	0.01037	0.00811	0.01037	0.00721	0.01082	0.00541	0.00406	0.00406	0.00135	0.00541	0.00361	0.00180	0.00451
68	0.00590	0.00393	0.00442	0.00442	0.00442	0.00393	0.00246	0.00590	0.00590	0.00787	0.01278	0.02655	0.01475	0.85742	0.02065	0.00393	0.00393	0.00590	0.00246	0.00246
69	0.01542	0.01136	0.01218	0.00933	0.01258	0.01258	0.00771	0.81858	0.01908	0.02557	0.00974	0.00974	0.00690	0.00487	0.00406	0.00122	0.00446	0.00365	0.00406	0.00690
70	0.01009	0.00872	0.00917	0.00826	0.01055	0.01009	0.00642	0.02156	0.82478	0.01697	0.01651	0.01514	0.01238	0.00550	0.00413	0.00138	0.00321	0.00459	0.00413	0.00642
71	0.01516	0.01934	0.01150	0.01045	0.01254	0.84113	0.00784	0.01620	0.01150	0.00993	0.00627	0.00732	0.00523	0.00418	0.00366	0.00105	0.00732	0.00261	0.00209	0.00470
72	0.01009	0.00872	0.00917	0.00826	0.01055	0.01009	0.00642	0.02156	0.82478	0.01697	0.01651	0.01514	0.01238	0.00550	0.00413	0.00138	0.00321	0.00459	0.00413	0.00642
73	0.00590	0.00393	0.00442	0.00442	0.00442	0.00393	0.00246	0.00590	0.00590	0.00787	0.01278	0.02655	0.01475	0.85742	0.02065	0.00393	0.00393	0.00590	0.00246	0.00246
74	0.00841	0.00721	0.00841	0.00601	0.00961	0.00541	0.00481	0.01022	0.00841	0.01322	0.00721	0.00841	0.00601	0.00300	0.00300	0.00060	0.00300	0.00240	0.00240	0.88222
75	0.01542	0.01136	0.01218	0.00933	0.01258	0.01258	0.00771	0.81858	0.01908	0.02557	0.00974	0.00974	0.00690	0.00487	0.00406	0.00122	0.00446	0.00365	0.00406	0.00690
76	0.00705	0.00352	0.00529	0.00529	0.00529	0.00352	0.00352	0.00529	0.00529	0.00705	0.00705	0.01233	0.00705	0.01409	0.01586	0.88196	0.00352	0.00352	0.00176	0.00176
