[name]
unknown

[dist]
# distance from previous block
# <min> <max>
32	177

[block]
# block no. 0 follows, 66 sequences, length 19
# corresponding to MSA columns:
# 227-245
name=unknown_A
#
# <colnr> <probs for GDERKNQSTAVLIFYWHMCP>
#	G	D	E	R	K	N	Q	S	T	A	V	L	I	F	Y	W	H	M	C	P
0	0.03286	0.23190	0.12342	0.00962	0.03934	0.09350	0.04390	0.22180	0.05855	0.05835	0.00908	0.00964	0.02413	0.00438	0.00383	0.00115	0.02268	0.00327	0.00276	0.00584
1	0.00697	0.00533	0.00650	0.00632	0.00733	0.02301	0.01923	0.07656	0.03649	0.02281	0.06728	0.36197	0.10007	0.06645	0.06700	0.03917	0.01882	0.02911	0.00342	0.03613
2	0.08874	0.05197	0.02280	0.00881	0.07248	0.03727	0.05981	0.08820	0.08658	0.06520	0.04595	0.20701	0.04803	0.03936	0.01474	0.03597	0.01325	0.00583	0.00321	0.00479
3	0.00934	0.09610	0.16898	0.05002	0.17258	0.04568	0.05317	0.01202	0.04209	0.05605	0.07221	0.07943	0.01056	0.02597	0.00534	0.00137	0.08692	0.00441	0.00249	0.00529
4	0.00905	0.06307	0.29258	0.01095	0.12121	0.02151	0.03326	0.01188	0.03025	0.09759	0.01147	0.16162	0.01042	0.00743	0.05641	0.02023	0.00494	0.00487	0.02595	0.00530
5	0.00694	0.00658	0.05261	0.05272	0.02995	0.04379	0.02819	0.04124	0.04436	0.01180	0.05064	0.32594	0.08789	0.06845	0.03759	0.00186	0.00380	0.09832	0.00328	0.00403
6	0.03103	0.11429	0.11809	0.03257	0.09347	0.06884	0.12433	0.10711	0.04978	0.19437	0.00975	0.01033	0.00704	0.00425	0.00404	0.00122	0.01697	0.00358	0.00295	0.00601
7	0.03274	0.06234	0.11487	0.12215	0.19486	0.06248	0.08374	0.08331	0.05019	0.07666	0.00943	0.03884	0.01715	0.00451	0.00425	0.00127	0.02910	0.00387	0.00254	0.00568
8	0.00557	0.00404	0.00525	0.00546	0.00577	0.00399	0.02050	0.00616	0.00721	0.00968	0.05746	0.38753	0.04849	0.34995	0.04427	0.00272	0.02134	0.00839	0.00314	0.00307
9	0.00923	0.10095	0.33494	0.03704	0.06345	0.00982	0.15594	0.04640	0.02285	0.04227	0.03362	0.04960	0.00811	0.00502	0.01741	0.00138	0.03980	0.01436	0.00227	0.00556
10	0.01072	0.12799	0.20551	0.04884	0.10045	0.13152	0.07909	0.09522	0.03913	0.02885	0.00837	0.04788	0.00693	0.00455	0.00433	0.00123	0.04784	0.00364	0.00232	0.00556
11	0.00711	0.00597	0.00914	0.07832	0.20716	0.00630	0.02517	0.00890	0.03755	0.01059	0.01249	0.11123	0.03443	0.19815	0.22628	0.00326	0.00588	0.00539	0.00246	0.00422
12	0.01102	0.06380	0.08764	0.12134	0.07370	0.10400	0.11160	0.15021	0.01050	0.04680	0.00814	0.03704	0.00665	0.00486	0.00555	0.00133	0.14417	0.00378	0.00244	0.00542
13	0.02773	0.08239	0.08184	0.04403	0.14550	0.06359	0.09669	0.13191	0.08700	0.05888	0.03990	0.03980	0.00915	0.00489	0.00432	0.00126	0.03220	0.02344	0.01982	0.00568
14	0.02253	0.02833	0.10561	0.01058	0.09348	0.07910	0.08395	0.11718	0.10323	0.06125	0.08555	0.09632	0.06435	0.00593	0.00445	0.00131	0.02322	0.00508	0.00316	0.00540
15	0.00600	0.00473	0.00510	0.00519	0.00624	0.03456	0.00376	0.00737	0.03394	0.03938	0.14987	0.28001	0.36776	0.03072	0.00521	0.00149	0.00244	0.00872	0.00383	0.00368
16	0.04323	0.07784	0.17529	0.10317	0.16984	0.02214	0.10472	0.07668	0.00973	0.02934	0.05803	0.05642	0.02051	0.00484	0.00421	0.00128	0.01960	0.01525	0.00244	0.00544
17	0.02246	0.04013	0.14159	0.03383	0.06905	0.11482	0.09694	0.08913	0.07809	0.04708	0.05054	0.06543	0.02587	0.00559	0.02142	0.00135	0.02689	0.00427	0.00275	0.06278
18	0.04081	0.00801	0.00936	0.00793	0.00993	0.00893	0.01843	0.19067	0.23565	0.12993	0.01293	0.05487	0.01057	0.08696	0.05180	0.00188	0.08643	0.00456	0.02478	0.00558

[dist]
# distance from previous block
# <min> <max>
0	1

[block]
# block no. 1 follows, 66 sequences, length 87
# corresponding to MSA columns:
# 247-300,302-334
name=unknown_B
#
# <colnr> <probs for GDERKNQSTAVLIFYWHMCP>
#	G	D	E	R	K	N	Q	S	T	A	V	L	I	F	Y	W	H	M	C	P
0	0.00922	0.11493	0.15989	0.20684	0.17026	0.05487	0.04003	0.05879	0.00931	0.01227	0.01833	0.06006	0.02429	0.02418	0.00434	0.00131	0.00503	0.01859	0.00221	0.00524
1	0.02127	0.13016	0.13028	0.01132	0.14899	0.05811	0.03887	0.06432	0.09162	0.10600	0.10155	0.02787	0.01990	0.00493	0.00417	0.00122	0.02674	0.00405	0.00294	0.00568
2	0.00921	0.05812	0.01084	0.03409	0.20241	0.01823	0.04345	0.06147	0.05632	0.08710	0.14744	0.11133	0.08389	0.04122	0.01562	0.00146	0.00376	0.00567	0.00327	0.00509
3	0.00548	0.00387	0.00478	0.00525	0.00596	0.00347	0.00367	0.00640	0.00859	0.04352	0.08425	0.54063	0.24639	0.01143	0.00500	0.00153	0.00228	0.01013	0.00387	0.00351
4	0.00951	0.02584	0.13587	0.01021	0.13026	0.00724	0.02959	0.03043	0.03626	0.09651	0.05974	0.01387	0.03750	0.00463	0.00394	0.00108	0.01583	0.04667	0.00281	0.30221
5	0.00867	0.00873	0.07469	0.01794	0.02699	0.01504	0.07280	0.04342	0.00900	0.01351	0.01709	0.04822	0.00730	0.00373	0.00342	0.00082	0.00368	0.00321	0.00246	0.61928
6	0.00512	0.00381	0.00476	0.00521	0.00584	0.00347	0.00365	0.00616	0.00888	0.01175	0.20184	0.47752	0.19873	0.02646	0.00530	0.00155	0.00224	0.02039	0.00389	0.00343
7	0.12198	0.03809	0.19790	0.11630	0.11651	0.02396	0.10787	0.05214	0.00892	0.01327	0.01925	0.01297	0.05659	0.07236	0.00534	0.00150	0.01485	0.01285	0.00227	0.00508
8	0.02735	0.23481	0.13637	0.04471	0.08356	0.05564	0.11910	0.05332	0.08255	0.08779	0.01816	0.01012	0.00712	0.01767	0.00397	0.00121	0.00493	0.00343	0.00250	0.00568
9	0.00595	0.02079	0.00666	0.00617	0.00710	0.00501	0.03153	0.01609	0.00736	0.00997	0.02992	0.04408	0.15905	0.13651	0.47538	0.00461	0.00751	0.02013	0.00261	0.00355
10	0.00548	0.00401	0.00498	0.00553	0.00607	0.00381	0.00385	0.03306	0.00824	0.01078	0.02347	0.54889	0.14698	0.10085	0.02660	0.00196	0.00283	0.05563	0.00360	0.00338
11	0.03508	0.06818	0.12562	0.03029	0.03760	0.11151	0.08019	0.10197	0.09071	0.13412	0.04513	0.03113	0.03520	0.00546	0.01960	0.00135	0.03417	0.00405	0.00304	0.00561
12	0.09460	0.16900	0.09169	0.07038	0.04007	0.18169	0.02897	0.06624	0.04847	0.01234	0.00724	0.00911	0.00604	0.02458	0.01765	0.03679	0.08490	0.00308	0.00220	0.00497
13	0.00586	0.00399	0.00470	0.02752	0.00527	0.00402	0.00289	0.00603	0.00620	0.00825	0.01375	0.11163	0.01587	0.73466	0.01838	0.00360	0.00381	0.01834	0.00259	0.00262
14	0.02867	0.03806	0.13539	0.01171	0.06117	0.33138	0.10221	0.12148	0.02942	0.04587	0.00772	0.00888	0.00595	0.00430	0.00438	0.00120	0.05103	0.00325	0.00243	0.00549
15	0.04365	0.11504	0.05475	0.04224	0.14575	0.11658	0.05429	0.20368	0.09143	0.01568	0.03130	0.02025	0.01904	0.00467	0.00388	0.00121	0.00480	0.02320	0.00282	0.00574
16	0.03092	0.18404	0.17201	0.09150	0.11441	0.13574	0.15260	0.01287	0.01949	0.01169	0.00766	0.00937	0.02049	0.00392	0.00390	0.00119	0.01755	0.00333	0.00197	0.00536
17	0.00501	0.00363	0.00463	0.00539	0.00574	0.00336	0.00360	0.00572	0.00785	0.01033	0.03561	0.69479	0.11251	0.07370	0.00625	0.00178	0.00243	0.01074	0.00368	0.00326
18	0.08709	0.08186	0.05088	0.06511	0.19680	0.10520	0.02393	0.16316	0.02763	0.04793	0.03832	0.02994	0.00817	0.00460	0.00391	0.00121	0.01559	0.01395	0.02912	0.00559
19	0.01101	0.12062	0.16973	0.04910	0.07913	0.09300	0.10543	0.12701	0.03921	0.06497	0.02881	0.03500	0.00830	0.00473	0.00411	0.00124	0.01566	0.03468	0.00264	0.00564
20	0.00517	0.00373	0.00491	0.00565	0.00594	0.00361	0.00383	0.00589	0.00758	0.01012	0.02106	0.67424	0.04680	0.09296	0.05659	0.00215	0.01382	0.02916	0.00352	0.00326
21	0.01362	0.01047	0.01116	0.00897	0.01189	0.01174	0.00728	0.54896	0.29163	0.02266	0.01203	0.01157	0.00876	0.00508	0.00408	0.00127	0.00404	0.00397	0.00408	0.00674
22	0.04082	0.03672	0.03484	0.08428	0.15700	0.13215	0.03701	0.25414	0.02167	0.05826	0.00950	0.04207	0.02200	0.00484	0.00443	0.00125	0.04653	0.00383	0.00288	0.00576
23	0.04570	0.31800	0.24209	0.00928	0.01335	0.01262	0.04993	0.20823	0.03916	0.01511	0.00759	0.00838	0.00586	0.00399	0.00346	0.00113	0.00486	0.00297	0.00242	0.00586
24	0.00540	0.00389	0.00521	0.00606	0.00656	0.00369	0.00449	0.00648	0.00840	0.01110	0.05477	0.57001	0.05833	0.01203	0.00526	0.00168	0.00270	0.22668	0.00379	0.00344
25	0.09552	0.07254	0.28164	0.05737	0.02820	0.07073	0.00927	0.12572	0.02024	0.03351	0.10134	0.02479	0.03919	0.00531	0.01666	0.00132	0.00476	0.00385	0.00269	0.00535
26	0.01003	0.04999	0.00900	0.00718	0.00886	0.03720	0.03232	0.23563	0.03391	0.06656	0.06144	0.12715	0.01401	0.23246	0.04279	0.00221	0.00422	0.01703	0.00335	0.00467
27	0.00497	0.00373	0.00461	0.00521	0.00579	0.00337	0.00359	0.00585	0.00845	0.01099	0.09180	0.57812	0.23532	0.01173	0.00505	0.00155	0.00224	0.01043	0.00382	0.00337
28	0.00891	0.01193	0.19356	0.20524	0.18786	0.00973	0.27505	0.01217	0.00886	0.01233	0.00758	0.01016	0.00580	0.00380	0.00451	0.00132	0.02988	0.00386	0.00191	0.00553
29	0.17519	0.02141	0.09259	0.02086	0.07852	0.09820	0.17643	0.09401	0.04179	0.09616	0.03122	0.02948	0.00767	0.00440	0.00400	0.00127	0.01473	0.00378	0.00277	0.00551
30	0.00908	0.00899	0.01635	0.24168	0.37477	0.00934	0.19677	0.01191	0.02463	0.01238	0.00853	0.03932	0.00715	0.00414	0.00427	0.00131	0.00531	0.01644	0.00209	0.00555
31	0.01484	0.01066	0.01155	0.00899	0.01203	0.01170	0.00736	0.71753	0.03646	0.06132	0.01078	0.04780	0.00815	0.01613	0.00432	0.00128	0.00429	0.00407	0.00407	0.00667
32	0.03496	0.02136	0.01951	0.03165	0.02222	0.17406	0.03873	0.20966	0.16757	0.03754	0.03993	0.13839	0.03454	0.00614	0.00417	0.00129	0.00440	0.00505	0.00340	0.00541
33	0.03380	0.03695	0.32558	0.03687	0.06081	0.11337	0.09106	0.06109	0.02138	0.07093	0.05129	0.01109	0.00802	0.02889	0.03019	0.00148	0.00561	0.00362	0.00242	0.00553
34	0.00498	0.00360	0.00469	0.00554	0.00586	0.00334	0.00373	0.00571	0.00784	0.01036	0.02338	0.76720	0.08068	0.03341	0.00554	0.00169	0.00239	0.02304	0.00373	0.00329
35	0.01388	0.04700	0.02247	0.01180	0.12109	0.27685	0.02644	0.31704	0.04494	0.03875	0.00841	0.00918	0.00644	0.00449	0.00419	0.00118	0.03366	0.00332	0.00295	0.00593
36	0.01116	0.04760	0.10210	0.08635	0.11806	0.06017	0.16149	0.19482	0.02171	0.04660	0.02938	0.01058	0.00718	0.01463	0.00501	0.00132	0.06968	0.00380	0.00262	0.00574
37	0.06255	0.15099	0.07236	0.13945	0.03532	0.10637	0.04833	0.02955	0.00888	0.01161	0.03146	0.23759	0.01247	0.00656	0.00406	0.00131	0.00444	0.02957	0.00258	0.00454
38	0.00690	0.00495	0.00595	0.00607	0.00701	0.00488	0.00436	0.13748	0.00995	0.02888	0.04421	0.57846	0.12344	0.01087	0.00492	0.00153	0.00267	0.00963	0.00386	0.00398
39	0.00967	0.14587	0.24496	0.02964	0.18794	0.07623	0.06534	0.04034	0.03789	0.01261	0.03225	0.01858	0.04095	0.00486	0.01956	0.00130	0.02061	0.00364	0.00219	0.00558
40	0.03333	0.04902	0.06838	0.05391	0.12828	0.05340	0.02919	0.15385	0.06063	0.03675	0.04859	0.11438	0.01132	0.04198	0.09704	0.00196	0.00505	0.00482	0.00292	0.00520
41	0.01226	0.01416	0.02948	0.15370	0.10418	0.39945	0.13473	0.03958	0.01043	0.03090	0.00721	0.00906	0.00570	0.00410	0.00422	0.00120	0.02907	0.00332	0.00214	0.00511
42	0.01180	0.00985	0.01393	0.14995	0.24171	0.03232	0.07980	0.28384	0.03340	0.05492	0.00946	0.01181	0.00737	0.00453	0.00416	0.00128	0.00489	0.03599	0.00293	0.00606
43	0.03474	0.10612	0.15600	0.02107	0.13781	0.02959	0.03614	0.12410	0.15415	0.03348	0.01186	0.04060	0.04730	0.00513	0.00408	0.00127	0.01448	0.03344	0.00287	0.00577
44	0.00728	0.06783	0.00921	0.02710	0.19402	0.00649	0.00626	0.02751	0.04764	0.01311	0.21517	0.17147	0.14068	0.02711	0.00484	0.00139	0.00312	0.02189	0.00334	0.00453
45	0.00788	0.14971	0.16903	0.00749	0.00988	0.03007	0.00702	0.03876	0.11130	0.01259	0.08671	0.29811	0.04024	0.00761	0.00424	0.00134	0.00365	0.00650	0.00311	0.00474
46	0.04236	0.07350	0.13699	0.03413	0.15193	0.05896	0.07341	0.08329	0.02077	0.18477	0.02990	0.07314	0.00908	0.00488	0.00400	0.00125	0.00464	0.00419	0.00298	0.00582
47	0.03555	0.07199	0.09224	0.14361	0.30114	0.04816	0.03160	0.02315	0.06959	0.02211	0.01015	0.02933	0.04059	0.00472	0.00426	0.00128	0.02943	0.03326	0.00233	0.00551
48	0.00499	0.00377	0.00466	0.00522	0.00584	0.00344	0.00364	0.00588	0.00834	0.01082	0.07274	0.53999	0.25317	0.01258	0.04327	0.00177	0.00263	0.01013	0.00373	0.00338
49	0.03463	0.01268	0.06375	0.00977	0.02732	0.18820	0.03979	0.35201	0.10096	0.09536	0.01068	0.01075	0.02601	0.00476	0.00398	0.00122	0.00496	0.00365	0.00343	0.00612
50	0.03334	0.04121	0.00962	0.02241	0.02531	0.00647	0.02674	0.04057	0.00880	0.01362	0.00723	0.00848	0.00597	0.00316	0.00310	0.00070	0.00329	0.00254	0.00241	0.73504
51	0.00549	0.00438	0.00531	0.00586	0.03930	0.00402	0.00407	0.00707	0.03920	0.01208	0.16819	0.25617	0.37213	0.01020	0.00488	0.00145	0.00235	0.05030	0.00383	0.00371
52	0.00541	0.00409	0.00485	0.00471	0.00579	0.00365	0.00351	0.00694	0.01039	0.01399	0.47290	0.06968	0.33199	0.00911	0.00474	0.00132	0.00199	0.00786	0.03342	0.00365
53	0.02833	0.06359	0.05609	0.00897	0.01115	0.38758	0.02848	0.06690	0.02929	0.05882	0.02404	0.17710	0.01102	0.00614	0.00404	0.00123	0.00532	0.02427	0.00281	0.00481
54	0.01130	0.68752	0.07736	0.00765	0.01128	0.01462	0.02891	0.04518	0.00896	0.06556	0.00668	0.00739	0.00562	0.00366	0.00291	0.00095	0.00447	0.00248	0.00205	0.00545
55	0.00554	0.00420	0.00585	0.03501	0.05899	0.00404	0.00473	0.00657	0.00822	0.01096	0.06303	0.60843	0.06349	0.03066	0.00542	0.00165	0.00272	0.07332	0.00359	0.00358
56	0.00604	0.00444	0.00531	0.00531	0.00648	0.00409	0.00413	0.02638	0.00980	0.03721	0.21602	0.08078	0.36825	0.03428	0.03840	0.00171	0.00282	0.14096	0.00387	0.00373
57	0.00493	0.00404	0.00435	0.00442	0.00560	0.00346	0.00326	0.00603	0.00935	0.01156	0.13926	0.13722	0.63178	0.01032	0.00484	0.00139	0.00207	0.00877	0.00386	0.00346
58	0.01075	0.00859	0.00967	0.00712	0.01060	0.00780	0.00577	0.27930	0.01196	0.01733	0.00805	0.00885	0.00631	0.00363	0.00336	0.00081	0.00349	0.00282	0.00295	0.59084
59	0.04374	0.00725	0.00829	0.00602	0.00953	0.00567	0.00482	0.01055	0.03080	0.01350	0.00775	0.00884	0.01466	0.00318	0.00303	0.00066	0.00301	0.00252	0.00247	0.81372
60	0.02088	0.10587	0.32053	0.01079	0.05440	0.05907	0.06173	0.09076	0.01007	0.12301	0.00891	0.01051	0.00675	0.00511	0.02762	0.00139	0.03938	0.02508	0.00253	0.01561
61	0.00629	0.00467	0.00548	0.00532	0.00654	0.00441	0.00403	0.02380	0.07717	0.03560	0.33328	0.12625	0.28216	0.00910	0.00474	0.00137	0.00228	0.04188	0.02164	0.00399
62	0.00694	0.00470	0.00549	0.00503	0.00648	0.00421	0.00385	0.04066	0.01076	0.09632	0.34928	0.03188	0.40172	0.00875	0.00469	0.00132	0.00224	0.00743	0.00418	0.00407
63	0.01045	0.04913	0.06627	0.16692	0.18837	0.14025	0.12299	0.07987	0.02694	0.01275	0.00797	0.03216	0.00657	0.00470	0.01530	0.00134	0.05667	0.00376	0.00221	0.00539
64	0.02461	0.12182	0.12274	0.01056	0.01414	0.07535	0.16948	0.28582	0.04544	0.03876	0.01009	0.01081	0.04303	0.00447	0.00397	0.00121	0.00514	0.00377	0.00289	0.00590
65	0.00514	0.00409	0.00448	0.00449	0.00569	0.00352	0.00333	0.00631	0.00955	0.02064	0.19183	0.12109	0.58546	0.01009	0.00483	0.00138	0.00207	0.00858	0.00392	0.00353
66	0.00656	0.00466	0.00557	0.00564	0.00662	0.00457	0.00413	0.05185	0.06077	0.03505	0.11884	0.33645	0.16928	0.04490	0.04361	0.00178	0.00291	0.03313	0.05979	0.00390
67	0.01109	0.04598	0.09193	0.08494	0.09911	0.19111	0.06233	0.08143	0.04639	0.05604	0.02336	0.03025	0.00753	0.00624	0.05228	0.00157	0.09692	0.00372	0.00247	0.00530
68	0.54119	0.18292	0.12421	0.00668	0.00991	0.01058	0.00651	0.03485	0.00786	0.03584	0.00624	0.00711	0.00487	0.00378	0.00280	0.00118	0.00382	0.00239	0.00235	0.00491
69	0.00964	0.13204	0.20987	0.01473	0.31133	0.04530	0.01058	0.01284	0.06011	0.01264	0.00785	0.01883	0.00644	0.00387	0.00378	0.00112	0.01600	0.00322	0.00210	0.11773
70	0.00502	0.00403	0.00448	0.00455	0.00567	0.00349	0.00335	0.00620	0.00952	0.01204	0.21133	0.15560	0.54007	0.01019	0.00485	0.00139	0.00207	0.00873	0.00392	0.00349
71	0.06633	0.35337	0.01481	0.00831	0.01110	0.29103	0.00705	0.09779	0.07594	0.01257	0.00729	0.00798	0.00601	0.00406	0.00323	0.00103	0.00514	0.00270	0.01903	0.00523
72	0.05576	0.02961	0.18351	0.00935	0.02782	0.07713	0.05752	0.12430	0.08143	0.11954	0.03636	0.03401	0.01838	0.00491	0.01162	0.00124	0.01330	0.00378	0.00302	0.10741
73	0.01216	0.05473	0.04987	0.04705	0.21235	0.04902	0.13423	0.20230	0.01175	0.11756	0.02094	0.01087	0.00735	0.02375	0.00469	0.00130	0.02734	0.00382	0.00288	0.00603
74	0.00686	0.00362	0.00532	0.00532	0.00538	0.00368	0.00357	0.00549	0.00543	0.00731	0.00779	0.01369	0.00788	0.07844	0.08468	0.74376	0.00416	0.00377	0.00185	0.00197
75	0.00639	0.00532	0.00798	0.03526	0.03111	0.00507	0.11005	0.00846	0.04196	0.01312	0.26080	0.16661	0.18798	0.03940	0.00524	0.00145	0.00298	0.00735	0.05946	0.00401
76	0.01026	0.14002	0.49966	0.01124	0.06983	0.03085	0.01211	0.10479	0.01001	0.06330	0.00785	0.00878	0.00573	0.00398	0.00372	0.00120	0.00538	0.00305	0.00221	0.00604
77	0.01363	0.01436	0.01121	0.01042	0.06347	0.48698	0.04327	0.06284	0.03404	0.08422	0.02393	0.00989	0.00725	0.00444	0.00387	0.00111	0.01794	0.00325	0.09878	0.00510
78	0.00524	0.00399	0.00460	0.00480	0.00579	0.00350	0.00346	0.00632	0.00919	0.02695	0.16021	0.28782	0.44242	0.01061	0.00490	0.00144	0.00215	0.00920	0.00390	0.00351
79	0.02372	0.05907	0.05135	0.18277	0.09396	0.06387	0.07236	0.05030	0.08339	0.16036	0.01107	0.04406	0.02978	0.00493	0.00454	0.00130	0.05064	0.00411	0.00288	0.00552
80	0.00619	0.00503	0.03885	0.00558	0.00632	0.00473	0.00410	0.03875	0.00739	0.01008	0.06464	0.07292	0.07336	0.39637	0.24423	0.00395	0.00561	0.00588	0.00271	0.00330
81	0.00503	0.00390	0.00454	0.00489	0.00572	0.00347	0.00347	0.00601	0.00879	0.01120	0.11634	0.34700	0.39110	0.04510	0.00560	0.00158	0.00227	0.02683	0.00379	0.00339
82	0.01076	0.04491	0.07028	0.13016	0.09161	0.16453	0.03486	0.09224	0.04970	0.07947	0.05823	0.10353	0.03096	0.00563	0.00414	0.00127	0.00477	0.01484	0.00291	0.00521
83	0.00997	0.39839	0.29410	0.04264	0.04119	0.02800	0.03192	0.01285	0.03145	0.04437	0.00793	0.00890	0.02449	0.00391	0.00336	0.00110	0.00496	0.00292	0.00200	0.00554
84	0.00995	0.00907	0.01534	0.09627	0.69520	0.00918	0.01174	0.01228	0.00917	0.04534	0.00852	0.04426	0.00730	0.00408	0.00407	0.00124	0.00472	0.00395	0.00218	0.00615
85	0.00908	0.00923	0.04427	0.10070	0.10412	0.00867	0.36960	0.04949	0.02632	0.03480	0.01181	0.08809	0.04650	0.00517	0.00455	0.00136	0.00528	0.04389	0.00255	0.03454
86	0.00931	0.01433	0.35371	0.01206	0.03860	0.06198	0.20347	0.01336	0.07425	0.05272	0.01050	0.06954	0.00882	0.00500	0.00430	0.00135	0.00552	0.05318	0.00244	0.00556

[dist]
# distance from previous block
# <min> <max>
0	103

[block]
# block no. 2 follows, 66 sequences, length 28
# corresponding to MSA columns:
# 438-465
name=unknown_C
#
# <colnr> <probs for GDERKNQSTAVLIFYWHMCP>
#	G	D	E	R	K	N	Q	S	T	A	V	L	I	F	Y	W	H	M	C	P
0	0.00939	0.01087	0.15831	0.05130	0.10164	0.06355	0.12063	0.08760	0.06525	0.01424	0.04011	0.03736	0.01947	0.00596	0.04675	0.00148	0.00500	0.00412	0.11811	0.03885
1	0.03785	0.09569	0.21656	0.07878	0.13001	0.07582	0.11947	0.03650	0.03130	0.04643	0.00836	0.01020	0.01732	0.02523	0.00463	0.00130	0.03729	0.00350	0.00220	0.02156
2	0.16941	0.00606	0.04953	0.00607	0.00767	0.00543	0.03646	0.00894	0.03409	0.04490	0.17439	0.22886	0.15112	0.05292	0.00520	0.00153	0.00289	0.00701	0.00348	0.00404
3	0.00617	0.00435	0.00532	0.00562	0.00647	0.00408	0.00403	0.05758	0.00922	0.04341	0.07373	0.51799	0.20251	0.01108	0.00497	0.00153	0.00247	0.03186	0.00387	0.00373
4	0.00971	0.23165	0.22354	0.04461	0.06536	0.03621	0.11339	0.05192	0.06116	0.02385	0.00923	0.06525	0.01936	0.00462	0.00400	0.00122	0.02329	0.00387	0.00228	0.00549
5	0.00691	0.02838	0.00660	0.02269	0.02169	0.04953	0.00474	0.03171	0.07343	0.02726	0.08073	0.39388	0.13331	0.01092	0.05368	0.00175	0.00336	0.02280	0.02260	0.00401
6	0.00505	0.00365	0.00479	0.00560	0.00597	0.00339	0.00384	0.00589	0.00814	0.01082	0.07213	0.72559	0.07407	0.01224	0.00515	0.00162	0.00236	0.04254	0.00381	0.00335
7	0.00901	0.01247	0.26967	0.05966	0.25017	0.03430	0.04586	0.03447	0.05822	0.02826	0.05130	0.05648	0.03732	0.00530	0.01722	0.00137	0.01655	0.00429	0.00242	0.00565
8	0.02181	0.08853	0.02069	0.00897	0.06702	0.04329	0.03214	0.13102	0.12877	0.21473	0.03461	0.13249	0.03500	0.00636	0.01481	0.00135	0.00390	0.00508	0.00369	0.00574
9	0.00829	0.00746	0.01190	0.01686	0.49416	0.00737	0.00894	0.01054	0.02805	0.01355	0.19637	0.06472	0.06706	0.02831	0.00477	0.00134	0.00378	0.01833	0.00286	0.00533
10	0.03390	0.00570	0.00677	0.00577	0.00779	0.00527	0.00457	0.06875	0.02240	0.29553	0.13015	0.04620	0.24645	0.00709	0.00424	0.00127	0.00272	0.00589	0.09452	0.00502
11	0.00591	0.00435	0.00527	0.00537	0.00636	0.00408	0.00395	0.00787	0.06487	0.03401	0.27952	0.27806	0.23482	0.00996	0.00487	0.00144	0.00228	0.03915	0.00404	0.00382
12	0.00903	0.04993	0.74182	0.01105	0.01673	0.00939	0.01399	0.01337	0.00879	0.07770	0.00791	0.00891	0.00553	0.00393	0.00383	0.00127	0.00574	0.00305	0.00198	0.00604
13	0.00777	0.00732	0.01236	0.81026	0.06450	0.00904	0.01132	0.01046	0.00816	0.01050	0.00723	0.01078	0.00545	0.00404	0.00405	0.00135	0.00538	0.00361	0.00181	0.00459
14	0.01001	0.00727	0.00782	0.00654	0.00870	0.00745	0.00519	0.32654	0.04432	0.06086	0.06268	0.02402	0.35041	0.03993	0.00502	0.00139	0.00318	0.00601	0.01758	0.00508
15	0.00878	0.00835	0.01418	0.46250	0.40440	0.00931	0.01182	0.01134	0.00864	0.01172	0.00741	0.01045	0.00588	0.00385	0.00404	0.00128	0.00513	0.00361	0.00190	0.00541
16	0.01012	0.37337	0.01677	0.13415	0.24612	0.07174	0.00903	0.01196	0.00893	0.01115	0.05015	0.01018	0.00766	0.00405	0.00346	0.00109	0.00471	0.01803	0.00203	0.00532
17	0.00611	0.00434	0.00552	0.00543	0.00560	0.00475	0.00360	0.00644	0.00609	0.00839	0.01185	0.05042	0.01305	0.53744	0.20452	0.05049	0.06530	0.00545	0.00235	0.00285
18	0.00524	0.00413	0.00477	0.00496	0.00600	0.00375	0.00375	0.00639	0.00891	0.01121	0.10106	0.11707	0.47628	0.06137	0.06607	0.00197	0.00302	0.10696	0.00363	0.00344
19	0.00539	0.00429	0.00485	0.00468	0.00591	0.00383	0.00352	0.00716	0.03942	0.01343	0.37506	0.03448	0.46490	0.00926	0.00477	0.00133	0.00204	0.00790	0.00408	0.00370
20	0.02207	0.03070	0.08383	0.07700	0.04597	0.02779	0.00775	0.20808	0.05041	0.07235	0.03015	0.08766	0.05041	0.02516	0.05777	0.00174	0.08691	0.02584	0.00312	0.00528
21	0.00980	0.01056	0.06136	0.17621	0.21421	0.09166	0.22875	0.02280	0.00932	0.02506	0.00814	0.01056	0.00635	0.00394	0.00432	0.00126	0.02683	0.00382	0.07970	0.00533
22	0.00489	0.00411	0.00425	0.00421	0.00554	0.00347	0.00316	0.00601	0.00948	0.01151	0.12297	0.03814	0.74824	0.01007	0.00479	0.00136	0.00204	0.00844	0.00384	0.00347
23	0.00931	0.00890	0.01516	0.27613	0.58656	0.00945	0.01209	0.01181	0.00889	0.01237	0.00750	0.01028	0.00612	0.00375	0.00403	0.00125	0.00500	0.00361	0.00195	0.00584
24	0.00965	0.00721	0.02023	0.13725	0.08978	0.01787	0.02721	0.13884	0.03035	0.11163	0.01474	0.25304	0.03168	0.02419	0.01933	0.00155	0.01686	0.04027	0.00333	0.00499
25	0.00500	0.00362	0.00471	0.00555	0.00589	0.00336	0.00376	0.00575	0.00788	0.01039	0.02355	0.74829	0.08863	0.03379	0.00555	0.00169	0.00241	0.03318	0.00373	0.00330
26	0.00766	0.00721	0.01217	0.84767	0.02794	0.00901	0.01127	0.01037	0.00811	0.01037	0.00721	0.01082	0.00541	0.00406	0.00406	0.00135	0.00541	0.00361	0.00180	0.00451
27	0.08556	0.12934	0.01291	0.06999	0.06505	0.05917	0.06450	0.24479	0.05573	0.06296	0.05845	0.04191	0.00929	0.00523	0.01667	0.00129	0.00450	0.00393	0.00309	0.00563

[dist]
# distance from previous block
# <min> <max>
1	3

[block]
# block no. 3 follows, 66 sequences, length 10
# corresponding to MSA columns:
# 469-478
name=unknown_D
#
# <colnr> <probs for GDERKNQSTAVLIFYWHMCP>
#	G	D	E	R	K	N	Q	S	T	A	V	L	I	F	Y	W	H	M	C	P
0	0.18892	0.03703	0.00997	0.00929	0.10617	0.09641	0.00657	0.05641	0.11157	0.03749	0.00875	0.03214	0.00718	0.00436	0.00394	0.00111	0.05161	0.00324	0.01838	0.20945
1	0.03016	0.00657	0.02358	0.00686	0.03041	0.00659	0.00525	0.07307	0.22670	0.05135	0.34437	0.02292	0.11211	0.00693	0.00437	0.00129	0.00272	0.00589	0.03390	0.00496
2	0.01278	0.04698	0.01090	0.00817	0.01125	0.16406	0.00658	0.31540	0.01312	0.05632	0.00872	0.03016	0.00688	0.00428	0.00361	0.00098	0.00442	0.00321	0.00310	0.28906
3	0.01560	0.01009	0.01128	0.00869	0.01182	0.01077	0.00716	0.61097	0.01714	0.19939	0.04715	0.01152	0.00896	0.00505	0.00410	0.00123	0.00413	0.00391	0.00428	0.00677
4	0.00916	0.01088	0.06645	0.01573	0.01966	0.00964	0.70135	0.01251	0.00969	0.01328	0.08131	0.01254	0.00896	0.00388	0.00474	0.00136	0.00636	0.00492	0.00225	0.00535
5	0.00897	0.00799	0.03048	0.14846	0.18092	0.02258	0.08466	0.03177	0.07129	0.06479	0.17402	0.06344	0.03295	0.00574	0.00487	0.00134	0.05250	0.00510	0.00299	0.00515
6	0.00578	0.00424	0.00474	0.00460	0.00591	0.00365	0.00345	0.00702	0.00980	0.05862	0.21804	0.08312	0.55719	0.00967	0.00477	0.00136	0.00212	0.00820	0.00400	0.00371
7	0.00925	0.01043	0.02260	0.01630	0.02014	0.00978	0.76085	0.01249	0.00945	0.01281	0.00919	0.06956	0.00759	0.00407	0.00482	0.00139	0.00653	0.00526	0.00217	0.00532
8	0.06572	0.03518	0.08062	0.10470	0.18277	0.06736	0.13800	0.08743	0.03874	0.02583	0.00973	0.01164	0.04144	0.00677	0.08490	0.00176	0.00571	0.00387	0.00240	0.00540
9	0.03038	0.06781	0.19196	0.06488	0.15222	0.10127	0.14928	0.09339	0.06001	0.01383	0.00847	0.03306	0.00676	0.00421	0.00400	0.00125	0.00546	0.00373	0.00232	0.00570

[dist]
# distance from previous block
# <min> <max>
0	1

[block]
# block no. 4 follows, 66 sequences, length 51
# corresponding to MSA columns:
# 480-530
name=unknown_E
#
# <colnr> <probs for GDERKNQSTAVLIFYWHMCP>
#	G	D	E	R	K	N	Q	S	T	A	V	L	I	F	Y	W	H	M	C	P
0	0.00517	0.00371	0.00486	0.00570	0.00605	0.00349	0.00396	0.00598	0.00791	0.01044	0.02271	0.67359	0.06891	0.06185	0.00611	0.00179	0.00258	0.09821	0.00369	0.00330
1	0.00509	0.00380	0.00497	0.03505	0.00672	0.00358	0.00406	0.00597	0.00808	0.01054	0.02465	0.66143	0.14866	0.01196	0.00510	0.00161	0.00248	0.04917	0.00370	0.00338
2	0.04686	0.11526	0.18641	0.03340	0.11055	0.13776	0.20954	0.04424	0.00964	0.02834	0.00770	0.02765	0.00618	0.00402	0.00403	0.00122	0.01600	0.00358	0.00213	0.00550
3	0.00724	0.00556	0.00591	0.00560	0.00666	0.07831	0.00419	0.00885	0.01041	0.04747	0.48641	0.05280	0.05334	0.06767	0.02965	0.00160	0.00294	0.03467	0.08685	0.00389
4	0.01002	0.00957	0.01456	0.26517	0.46375	0.06777	0.02783	0.02791	0.02809	0.03509	0.00790	0.01031	0.00628	0.00389	0.00402	0.00125	0.00513	0.00360	0.00213	0.00574
5	0.00902	0.21787	0.47883	0.01088	0.05426	0.02905	0.04984	0.01240	0.00860	0.01198	0.00735	0.03222	0.00593	0.00394	0.00360	0.00115	0.00535	0.00312	0.00185	0.05277
6	0.01737	0.00453	0.00538	0.00524	0.00662	0.00398	0.00395	0.00860	0.00931	0.16320	0.04856	0.24976	0.40009	0.00980	0.00474	0.00143	0.00246	0.03630	0.01461	0.00407
7	0.00587	0.00412	0.00534	0.00537	0.00569	0.00442	0.00364	0.00652	0.00624	0.00861	0.01221	0.02265	0.01306	0.49523	0.35878	0.00495	0.00679	0.02517	0.00237	0.00297
8	0.01020	0.00937	0.05797	0.01087	0.03282	0.02377	0.25228	0.10219	0.05834	0.09617	0.06789	0.02470	0.06238	0.01682	0.03641	0.00151	0.04972	0.00465	0.00299	0.07896
9	0.00592	0.00401	0.00472	0.00477	0.00489	0.00408	0.00291	0.00615	0.00613	0.00823	0.01305	0.02655	0.01476	0.73848	0.09544	0.00407	0.00456	0.04617	0.00250	0.00263
10	0.00495	0.00372	0.00459	0.00527	0.00584	0.00337	0.00365	0.00577	0.00822	0.01057	0.02756	0.60524	0.25061	0.01199	0.00508	0.00158	0.00231	0.03255	0.00377	0.00334
11	0.01717	0.00831	0.05019	0.05118	0.14162	0.01966	0.16429	0.05967	0.02065	0.09814	0.13182	0.08201	0.04273	0.00773	0.07248	0.00174	0.01714	0.00526	0.00303	0.00517
12	0.00976	0.09066	0.18306	0.04222	0.15756	0.04444	0.12785	0.09292	0.04373	0.02449	0.05422	0.03593	0.02347	0.01717	0.03366	0.00146	0.00524	0.00411	0.00248	0.00556
13	0.01046	0.01106	0.02214	0.16995	0.10830	0.19819	0.09109	0.01295	0.06274	0.03507	0.03654	0.01064	0.00736	0.00530	0.01895	0.00143	0.18685	0.00370	0.00225	0.00503
14	0.01213	0.01506	0.07280	0.01194	0.05492	0.41527	0.11243	0.03673	0.02394	0.01122	0.00692	0.00880	0.00576	0.00552	0.03500	0.00145	0.15978	0.00326	0.00209	0.00499
15	0.00840	0.00729	0.02670	0.03714	0.04371	0.02117	0.02169	0.06921	0.02092	0.02475	0.01000	0.09893	0.00929	0.03142	0.14902	0.00200	0.02245	0.00411	0.00261	0.38918
16	0.01192	0.02736	0.16348	0.07506	0.12147	0.03730	0.07194	0.32797	0.03214	0.04476	0.02696	0.01030	0.00716	0.00444	0.00421	0.00125	0.01949	0.00367	0.00294	0.00616
17	0.00498	0.00358	0.00474	0.00564	0.00594	0.00334	0.00382	0.00573	0.00786	0.01043	0.02301	0.80304	0.05575	0.01258	0.00518	0.00164	0.00238	0.03327	0.00377	0.00331
18	0.05460	0.00717	0.00941	0.00725	0.01036	0.00643	0.00599	0.05967	0.01179	0.75978	0.01525	0.01330	0.00965	0.00496	0.00401	0.00125	0.00349	0.00398	0.00487	0.00680
19	0.00821	0.09312	0.06110	0.06895	0.10492	0.09169	0.02957	0.03171	0.04655	0.01173	0.04338	0.33285	0.04461	0.00768	0.00436	0.00136	0.00397	0.00673	0.00293	0.00456
20	0.06851	0.10131	0.43490	0.05707	0.01772	0.01027	0.22900	0.01262	0.00867	0.01279	0.00725	0.00898	0.00538	0.00370	0.00390	0.00127	0.00583	0.00337	0.00187	0.00559
21	0.00497	0.00360	0.00464	0.00545	0.00578	0.00334	0.00364	0.00568	0.00782	0.01030	0.02370	0.73901	0.10262	0.05151	0.00586	0.00173	0.00240	0.01099	0.00371	0.00327
22	0.00860	0.00856	0.05184	0.43950	0.12205	0.00910	0.12227	0.01118	0.00850	0.04028	0.02226	0.03524	0.00706	0.00452	0.00493	0.00136	0.07468	0.00405	0.01906	0.00496
23	0.02423	0.01034	0.05874	0.03313	0.06829	0.05885	0.42748	0.04143	0.02680	0.01282	0.01054	0.15762	0.00976	0.00537	0.00489	0.00139	0.03524	0.00551	0.00244	0.00513
24	0.04866	0.00694	0.00929	0.00715	0.01027	0.00607	0.00591	0.01950	0.01145	0.80626	0.01564	0.01356	0.00984	0.00498	0.00402	0.00126	0.00344	0.00401	0.00493	0.00682
25	0.00580	0.00435	0.00652	0.00652	0.00724	0.00507	0.00507	0.00724	0.00652	0.00942	0.01087	0.01594	0.01014	0.03043	0.84134	0.00652	0.01087	0.00435	0.00217	0.00362
26	0.02296	0.00592	0.02245	0.00621	0.00815	0.00536	0.03877	0.03755	0.06066	0.21588	0.16025	0.05492	0.21733	0.03760	0.00490	0.00138	0.00288	0.00606	0.08598	0.00479
27	0.00816	0.00790	0.00801	0.00760	0.00856	0.17616	0.00586	0.02785	0.00779	0.00986	0.00975	0.02888	0.00919	0.06208	0.52993	0.00469	0.07748	0.00412	0.00221	0.00392
28	0.01020	0.00877	0.00924	0.00828	0.01059	0.01014	0.00645	0.03816	0.80800	0.01715	0.01637	0.01502	0.01227	0.00549	0.00413	0.00137	0.00324	0.00457	0.00413	0.00643
29	0.00623	0.00455	0.00611	0.00684	0.00783	0.00443	0.00586	0.00796	0.00942	0.01217	0.06770	0.05541	0.13846	0.01094	0.00544	0.00176	0.00338	0.63804	0.00378	0.00369
30	0.00831	0.00790	0.01339	0.56712	0.26521	0.00906	0.02380	0.01089	0.00850	0.01128	0.00832	0.01140	0.02942	0.00409	0.00408	0.00131	0.00516	0.00377	0.00192	0.00506
31	0.00705	0.00352	0.00529	0.00529	0.00529	0.00352	0.00352	0.00529	0.00529	0.00705	0.00705	0.01233	0.00705	0.01409	0.01586	0.88196	0.00352	0.00352	0.00176	0.00176
32	0.00580	0.00435	0.00652	0.00652	0.00724	0.00507	0.00507	0.00724	0.00652	0.00942	0.01087	0.01594	0.01014	0.03043	0.84134	0.00652	0.01087	0.00435	0.00217	0.00362
33	0.00580	0.00435	0.00652	0.00652	0.00724	0.00507	0.00507	0.00724	0.00652	0.00942	0.01087	0.01594	0.01014	0.03043	0.84134	0.00652	0.01087	0.00435	0.00217	0.00362
34	0.02136	0.00896	0.01360	0.07946	0.28503	0.03999	0.09960	0.03457	0.10464	0.01272	0.00925	0.04078	0.00794	0.00768	0.09828	0.00193	0.12231	0.00415	0.00236	0.00540
35	0.03673	0.01055	0.10699	0.01002	0.01317	0.02941	0.15513	0.18612	0.16482	0.12008	0.03085	0.01439	0.00985	0.04439	0.00500	0.00145	0.00462	0.04717	0.00338	0.00588
36	0.00886	0.00890	0.00980	0.12676	0.10532	0.18180	0.00744	0.02217	0.00827	0.01029	0.00931	0.05794	0.00883	0.07833	0.26432	0.00311	0.07783	0.00423	0.00219	0.00430
37	0.00590	0.00393	0.00442	0.00442	0.00442	0.00393	0.00246	0.00590	0.00590	0.00787	0.01278	0.02655	0.01475	0.85742	0.02065	0.00393	0.00393	0.00590	0.00246	0.00246
38	0.19202	0.02786	0.00950	0.00763	0.02178	0.00843	0.02554	0.17174	0.05776	0.27343	0.09983	0.03709	0.01152	0.00531	0.00415	0.00128	0.03133	0.00415	0.00387	0.00577
39	0.00893	0.00842	0.01415	0.45024	0.39833	0.00938	0.01174	0.02880	0.00887	0.01203	0.00746	0.01044	0.00591	0.00387	0.00404	0.00128	0.00512	0.00361	0.00195	0.00544
40	0.00580	0.00435	0.00652	0.00652	0.00724	0.00507	0.00507	0.00724	0.00652	0.00942	0.01087	0.01594	0.01014	0.03043	0.84134	0.00652	0.01087	0.00435	0.00217	0.00362
41	0.00565	0.00485	0.00497	0.00524	0.00622	0.04860	0.00380	0.00682	0.02464	0.01096	0.05645	0.30572	0.41640	0.03497	0.00534	0.00154	0.00259	0.04805	0.00367	0.00351
42	0.00848	0.00737	0.01123	0.33856	0.08862	0.00871	0.02843	0.11425	0.00905	0.01233	0.00849	0.01192	0.00706	0.01190	0.24452	0.00284	0.07542	0.00385	0.00222	0.00475
43	0.01577	0.01051	0.01122	0.00872	0.01180	0.05527	0.00715	0.56496	0.01660	0.20890	0.01111	0.01073	0.00765	0.00486	0.00400	0.00121	0.00430	0.00370	0.03491	0.00667
44	0.00493	0.00360	0.00464	0.00547	0.00584	0.00331	0.00369	0.00567	0.00794	0.01043	0.02452	0.76064	0.11957	0.01243	0.00513	0.00162	0.00232	0.01119	0.00377	0.00331
45	0.00928	0.05993	0.37602	0.01047	0.01458	0.00997	0.09240	0.01574	0.28453	0.02918	0.01066	0.01117	0.00791	0.00447	0.00418	0.00131	0.02531	0.00372	0.02320	0.00597
46	0.02678	0.00777	0.01127	0.13239	0.38998	0.04020	0.00877	0.01005	0.00912	0.01205	0.01879	0.01977	0.28471	0.00595	0.00424	0.00128	0.00403	0.00522	0.00259	0.00503
47	0.00504	0.00362	0.00481	0.00571	0.00602	0.00338	0.00390	0.00584	0.00796	0.01059	0.04050	0.77905	0.04072	0.01249	0.00519	0.00165	0.00241	0.05400	0.00378	0.00333
48	0.01026	0.01126	0.03960	0.05390	0.14416	0.12333	0.28847	0.03521	0.04954	0.01279	0.00786	0.00992	0.00625	0.00400	0.00489	0.00123	0.07652	0.00376	0.00221	0.11486
49	0.00578	0.00444	0.00552	0.05920	0.00729	0.00441	0.00404	0.00718	0.03925	0.01085	0.12134	0.17345	0.20410	0.21720	0.09455	0.00254	0.00373	0.00724	0.00323	0.02466
50	0.00803	0.00750	0.01211	0.19505	0.21757	0.01984	0.08851	0.01014	0.00908	0.01998	0.15742	0.06287	0.07143	0.00624	0.01735	0.00143	0.08281	0.00518	0.00264	0.00482

[dist]
# distance from previous block
# <min> <max>
0	1

[block]
# block no. 5 follows, 66 sequences, length 8
# corresponding to MSA columns:
# 532-539
name=unknown_F
#
# <colnr> <probs for GDERKNQSTAVLIFYWHMCP>
#	G	D	E	R	K	N	Q	S	T	A	V	L	I	F	Y	W	H	M	C	P
0	0.00962	0.01088	0.12085	0.05324	0.09511	0.10313	0.06351	0.04080	0.07474	0.04169	0.03416	0.07060	0.03405	0.00645	0.03653	0.00152	0.13832	0.00435	0.00256	0.05790
1	0.00682	0.00625	0.00594	0.00575	0.00689	0.11490	0.00424	0.00851	0.04018	0.01283	0.33215	0.11936	0.24001	0.04107	0.03554	0.00160	0.00316	0.00724	0.00372	0.00382
2	0.04067	0.52907	0.21897	0.00806	0.01205	0.01331	0.00869	0.01286	0.06343	0.01132	0.00685	0.00768	0.00568	0.00369	0.00303	0.00101	0.00457	0.00255	0.00195	0.04455
3	0.03846	0.03332	0.01176	0.05978	0.21358	0.04050	0.03526	0.21447	0.03980	0.03846	0.06200	0.04505	0.02433	0.06318	0.06065	0.00177	0.00478	0.00440	0.00297	0.00547
4	0.02563	0.18703	0.01470	0.02364	0.04308	0.10228	0.10804	0.19745	0.04685	0.04525	0.00906	0.03179	0.02085	0.00459	0.00436	0.00116	0.06030	0.00360	0.00273	0.06762
5	0.00833	0.00550	0.00700	0.00677	0.03525	0.00561	0.00493	0.03532	0.10996	0.12401	0.16039	0.04824	0.09967	0.11643	0.19624	0.00283	0.00480	0.02071	0.00353	0.00447
6	0.02523	0.06296	0.06248	0.00655	0.00826	0.00619	0.00536	0.07782	0.03727	0.13252	0.14531	0.29826	0.01966	0.08615	0.00594	0.00161	0.00318	0.00701	0.00368	0.00456
7	0.05548	0.05855	0.00672	0.06151	0.00812	0.00544	0.00465	0.06061	0.00875	0.01185	0.02141	0.51676	0.14482	0.01016	0.00466	0.00149	0.00282	0.00892	0.00346	0.00382

[dist]
# distance from previous block
# <min> <max>
6	116

[block]
# block no. 6 follows, 66 sequences, length 10
# corresponding to MSA columns:
# 659-668
name=unknown_G
#
# <colnr> <probs for GDERKNQSTAVLIFYWHMCP>
#	G	D	E	R	K	N	Q	S	T	A	V	L	I	F	Y	W	H	M	C	P
0	0.01190	0.01138	0.01361	0.01079	0.01358	0.17818	0.21673	0.20204	0.12656	0.04677	0.04231	0.05528	0.04159	0.00519	0.00429	0.00128	0.00515	0.00461	0.00317	0.00558
1	0.00573	0.00417	0.00493	0.00506	0.00589	0.00389	0.00356	0.00705	0.03830	0.03310	0.14648	0.26576	0.27688	0.14236	0.03645	0.00201	0.00280	0.00840	0.00366	0.00351
2	0.24875	0.10968	0.15799	0.03029	0.03908	0.03301	0.00763	0.06475	0.08587	0.07902	0.00973	0.02272	0.03529	0.00441	0.00341	0.00119	0.00408	0.00327	0.00273	0.05709
3	0.01032	0.00992	0.01549	0.10463	0.55446	0.04446	0.06166	0.06339	0.07004	0.01385	0.00836	0.01042	0.00673	0.00389	0.00406	0.00124	0.00497	0.00372	0.00228	0.00613
4	0.00766	0.00721	0.01217	0.84767	0.02794	0.00901	0.01127	0.01037	0.00811	0.01037	0.00721	0.01082	0.00541	0.00406	0.00406	0.00135	0.00541	0.00361	0.00180	0.00451
5	0.02625	0.00475	0.00608	0.00652	0.03762	0.00445	0.00454	0.02894	0.00875	0.11100	0.02152	0.42995	0.12115	0.07474	0.00603	0.00170	0.00286	0.07412	0.00370	0.02535
6	0.02837	0.08328	0.23402	0.05942	0.05830	0.10675	0.08377	0.19631	0.05808	0.04102	0.00846	0.00945	0.00628	0.00418	0.00388	0.00122	0.00535	0.00337	0.00260	0.00590
7	0.00628	0.00503	0.00646	0.00625	0.03829	0.00453	0.05065	0.03787	0.00989	0.04085	0.14819	0.11565	0.49650	0.00920	0.00475	0.00137	0.00258	0.00794	0.00376	0.00395
8	0.00508	0.00375	0.00478	0.00545	0.00598	0.00344	0.00382	0.00601	0.00842	0.01106	0.09249	0.59856	0.16443	0.01184	0.00511	0.00158	0.00235	0.05864	0.00382	0.00339
9	0.07480	0.03716	0.10491	0.03589	0.05547	0.11687	0.02968	0.13969	0.23502	0.06133	0.01060	0.01140	0.00812	0.03793	0.00471	0.00137	0.02249	0.00369	0.00309	0.00579

[dist]
# distance from previous block
# <min> <max>
3	9

[block]
# block no. 7 follows, 66 sequences, length 10
# corresponding to MSA columns:
# 678-687
name=unknown_H
#
# <colnr> <probs for GDERKNQSTAVLIFYWHMCP>
#	G	D	E	R	K	N	Q	S	T	A	V	L	I	F	Y	W	H	M	C	P
0	0.01219	0.00831	0.00972	0.07156	0.01188	0.00913	0.00678	0.16588	0.37497	0.18807	0.01431	0.03833	0.01066	0.00679	0.05110	0.00162	0.00406	0.00443	0.00401	0.00622
1	0.00839	0.00515	0.00626	0.00555	0.00708	0.00484	0.00429	0.08177	0.01149	0.13644	0.42450	0.05080	0.15891	0.00770	0.00449	0.00127	0.00240	0.00660	0.06758	0.00447
2	0.00606	0.00429	0.00520	0.00564	0.00670	0.00405	0.00463	0.00762	0.00918	0.01229	0.04737	0.06523	0.28719	0.00981	0.00485	0.00153	0.00279	0.36447	0.14749	0.00363
3	0.00682	0.00521	0.00647	0.00586	0.00764	0.00437	0.00446	0.00826	0.00887	0.03130	0.14053	0.28741	0.04605	0.00799	0.00431	0.00120	0.00268	0.08383	0.00339	0.33335
4	0.20147	0.01015	0.08943	0.00795	0.01118	0.00956	0.00707	0.34399	0.01325	0.20774	0.01163	0.01135	0.04799	0.00484	0.00375	0.00125	0.00398	0.00362	0.00371	0.00610
5	0.01059	0.01074	0.02185	0.01610	0.04468	0.01025	0.67402	0.09114	0.01058	0.05521	0.00873	0.01094	0.00643	0.00365	0.00466	0.00134	0.00638	0.00461	0.00239	0.00571
6	0.00619	0.00527	0.00547	0.00530	0.00683	0.00515	0.00400	0.00991	0.22170	0.01248	0.03334	0.09171	0.55922	0.00921	0.00465	0.00139	0.00238	0.00774	0.00386	0.00420
7	0.01775	0.00764	0.00987	0.00757	0.01072	0.00705	0.00625	0.15080	0.01284	0.70216	0.01498	0.01314	0.00953	0.00500	0.00408	0.00125	0.00362	0.00401	0.00486	0.00690
8	0.00829	0.05237	0.66789	0.01047	0.01597	0.00903	0.01300	0.01239	0.00853	0.01278	0.00720	0.00846	0.00528	0.00370	0.00366	0.00116	0.00544	0.00287	0.00183	0.14969
9	0.01125	0.01149	0.01127	0.00938	0.01194	0.22428	0.08494	0.06147	0.31130	0.01420	0.01069	0.01131	0.00837	0.02150	0.00454	0.00122	0.03477	0.00367	0.00300	0.14942

[dist]
# distance from previous block
# <min> <max>
2	7

[block]
# block no. 8 follows, 66 sequences, length 31
# corresponding to MSA columns:
# 697-727
name=unknown_I
#
# <colnr> <probs for GDERKNQSTAVLIFYWHMCP>
#	G	D	E	R	K	N	Q	S	T	A	V	L	I	F	Y	W	H	M	C	P
0	0.00872	0.00867	0.00843	0.00785	0.00896	0.21008	0.02054	0.02997	0.03275	0.01011	0.00968	0.01414	0.00900	0.09956	0.44646	0.00426	0.06050	0.00402	0.00226	0.00402
1	0.00735	0.00548	0.00681	0.00650	0.00691	0.04892	0.00476	0.00772	0.03745	0.00884	0.00907	0.01468	0.00887	0.13104	0.22786	0.32607	0.11086	0.00406	0.02369	0.00305
2	0.00543	0.00419	0.00506	0.00545	0.00642	0.00382	0.00415	0.00678	0.02229	0.01154	0.08518	0.28879	0.33182	0.01084	0.00503	0.00153	0.00252	0.17239	0.00378	0.02299
3	0.00814	0.02099	0.83640	0.01156	0.01756	0.00942	0.01499	0.01285	0.00857	0.01285	0.00728	0.00857	0.00514	0.00385	0.00385	0.00128	0.00600	0.00300	0.00171	0.00600
4	0.00693	0.00566	0.00713	0.00644	0.01766	0.00566	0.06157	0.04120	0.14191	0.01256	0.13501	0.02658	0.24864	0.23694	0.02672	0.00215	0.00338	0.00642	0.00341	0.00403
5	0.45707	0.00629	0.00577	0.00520	0.00724	0.00663	0.00414	0.01042	0.00857	0.08082	0.14979	0.03111	0.18776	0.00613	0.00355	0.00128	0.00272	0.00470	0.00332	0.01750
6	0.00577	0.00393	0.00467	0.00479	0.00489	0.00397	0.00288	0.00601	0.00619	0.00833	0.01375	0.12594	0.01575	0.67106	0.10202	0.00392	0.00445	0.00643	0.00259	0.00268
7	0.00977	0.01027	0.01329	0.32103	0.25660	0.17379	0.04830	0.01195	0.00927	0.01147	0.04076	0.04283	0.00784	0.00448	0.00425	0.00127	0.02173	0.00392	0.00211	0.00508
