[name]
unknown

[dist]
# distance from previous block
# <min> <max>
0	7

[block]
# block no. 0 follows, 76 sequences, length 17
# corresponding to MSA columns:
# 7-23
name=unknown_A
#
# <colnr> <probs for GDERKNQSTAVLIFYWHMCP>
#	G	D	E	R	K	N	Q	S	T	A	V	L	I	F	Y	W	H	M	C	P
0	0.00977	0.04215	0.13908	0.01403	0.26785	0.04029	0.20074	0.04298	0.00898	0.12495	0.03451	0.01102	0.00737	0.00385	0.00376	0.00114	0.00467	0.03523	0.00232	0.00531
1	0.03016	0.04127	0.05641	0.01090	0.01362	0.05183	0.41225	0.06534	0.00849	0.01145	0.00961	0.04528	0.04942	0.00846	0.16651	0.00207	0.00612	0.00423	0.00210	0.00446
2	0.01367	0.00991	0.01068	0.00824	0.01110	0.01093	0.00679	0.76444	0.05860	0.05455	0.00925	0.00911	0.00654	0.00440	0.00364	0.00110	0.00391	0.00333	0.00367	0.00616
3	0.00728	0.02556	0.06226	0.00597	0.00751	0.07024	0.00499	0.00940	0.07811	0.08787	0.18411	0.10354	0.23919	0.00720	0.00456	0.00123	0.05844	0.03536	0.00324	0.00398
4	0.00821	0.04675	0.39771	0.01494	0.32167	0.00884	0.09151	0.01169	0.04281	0.01170	0.00701	0.00854	0.00539	0.00338	0.00355	0.00112	0.00490	0.00307	0.00175	0.00546
5	0.00558	0.00398	0.00498	0.00466	0.00563	0.00374	0.00349	0.00757	0.05201	0.03745	0.66981	0.02668	0.11113	0.04153	0.00480	0.00125	0.00190	0.00642	0.00387	0.00354
6	0.00443	0.00316	0.00422	0.00506	0.00527	0.00295	0.00337	0.00506	0.00696	0.00928	0.02003	0.86990	0.02404	0.01139	0.00464	0.00148	0.00211	0.01033	0.00337	0.00295
7	0.09466	0.01306	0.20116	0.00905	0.02301	0.18256	0.04084	0.31337	0.03517	0.04204	0.00752	0.00808	0.00550	0.00389	0.00342	0.00109	0.00475	0.00290	0.00261	0.00532
8	0.00744	0.01773	0.75412	0.01095	0.01612	0.00853	0.11167	0.01153	0.00778	0.01153	0.00662	0.00793	0.00471	0.00341	0.00355	0.00116	0.00546	0.00288	0.00157	0.00532
9	0.00443	0.00316	0.00422	0.00506	0.00527	0.00295	0.00337	0.00506	0.00696	0.00928	0.02003	0.86990	0.02404	0.01139	0.00464	0.00148	0.00211	0.01033	0.00337	0.00295
10	0.00509	0.00347	0.00415	0.00444	0.00455	0.00341	0.00275	0.00536	0.00594	0.00790	0.01429	0.25654	0.01666	0.58237	0.01386	0.00285	0.00313	0.05818	0.00259	0.00248
11	0.09512	0.01178	0.21980	0.04485	0.02790	0.08947	0.08548	0.20145	0.02037	0.15673	0.00830	0.00881	0.00585	0.00384	0.00349	0.00112	0.00454	0.00308	0.00268	0.00536
12	0.00939	0.00988	0.06694	0.04781	0.65459	0.07228	0.02877	0.03194	0.00861	0.02525	0.00689	0.00882	0.00563	0.00335	0.00358	0.00108	0.00458	0.00317	0.00187	0.00556
13	0.00448	0.00320	0.00428	0.00509	0.00533	0.00300	0.00344	0.00517	0.00709	0.00946	0.04278	0.82551	0.02424	0.01124	0.00464	0.00147	0.00213	0.03108	0.00339	0.00298
14	0.01093	0.00958	0.08076	0.01102	0.11717	0.00906	0.15675	0.27143	0.14220	0.10550	0.04125	0.01071	0.00801	0.00413	0.00377	0.00115	0.00417	0.00370	0.00303	0.00566
15	0.00513	0.00388	0.00476	0.00455	0.00551	0.00360	0.00340	0.00704	0.04797	0.01347	0.61888	0.06057	0.19208	0.00782	0.00428	0.00118	0.00181	0.00682	0.00384	0.00345
16	0.01541	0.00649	0.00841	0.00650	0.00920	0.00593	0.00535	0.11501	0.01103	0.70042	0.01351	0.01201	0.00868	0.00447	0.00358	0.00110	0.00311	0.00359	0.06019	0.00601

[dist]
# distance from previous block
# <min> <max>
1	4

[block]
# block no. 1 follows, 76 sequences, length 14
# corresponding to MSA columns:
# 28-41
name=unknown_B
#
# <colnr> <probs for GDERKNQSTAVLIFYWHMCP>
#	G	D	E	R	K	N	Q	S	T	A	V	L	I	F	Y	W	H	M	C	P
0	0.01076	0.18507	0.16579	0.00892	0.02759	0.31438	0.02556	0.06428	0.14236	0.01128	0.00738	0.00798	0.00582	0.00377	0.00324	0.00101	0.00502	0.00272	0.00214	0.00492
1	0.00715	0.00676	0.01141	0.60539	0.13456	0.00786	0.05636	0.00973	0.03375	0.01021	0.04534	0.01141	0.03684	0.00396	0.00372	0.00119	0.00454	0.00363	0.00189	0.00431
2	0.04141	0.30422	0.21830	0.00790	0.01131	0.04683	0.03952	0.11851	0.00925	0.11570	0.02194	0.03588	0.00652	0.00390	0.00316	0.00102	0.00423	0.00296	0.00233	0.00511
3	0.04603	0.12399	0.26027	0.00770	0.01120	0.03852	0.00790	0.05675	0.02147	0.35672	0.02836	0.00982	0.00723	0.00400	0.00337	0.00108	0.00400	0.00308	0.00299	0.00552
4	0.01155	0.00610	0.00716	0.00598	0.00807	0.04643	0.00476	0.01392	0.10626	0.43952	0.13978	0.01807	0.14764	0.00615	0.02064	0.00124	0.00296	0.00472	0.00397	0.00508
5	0.01514	0.00645	0.00838	0.00650	0.00916	0.00590	0.00534	0.11553	0.01111	0.68277	0.05398	0.01269	0.00990	0.00462	0.00364	0.00111	0.00309	0.00374	0.03503	0.00595
6	0.05778	0.02078	0.00977	0.00790	0.01017	0.06346	0.06702	0.18434	0.28783	0.12127	0.07976	0.01202	0.01013	0.00471	0.00405	0.00117	0.04535	0.00379	0.00335	0.00534
7	0.01086	0.03852	0.32207	0.00991	0.01336	0.35425	0.06388	0.12292	0.01005	0.01190	0.00647	0.00745	0.00491	0.00366	0.00343	0.00105	0.00568	0.00271	0.00197	0.00496
8	0.00478	0.00359	0.00426	0.00429	0.00504	0.00325	0.00304	0.00582	0.00841	0.01115	0.33847	0.16952	0.28584	0.12873	0.00632	0.00156	0.00207	0.00737	0.00345	0.00307
9	0.01498	0.00832	0.00975	0.00748	0.01034	0.00851	0.00618	0.45531	0.01397	0.40948	0.01134	0.01043	0.00749	0.00443	0.00364	0.00111	0.00358	0.00345	0.00404	0.00618
10	0.01296	0.01007	0.01040	0.00823	0.01095	0.04740	0.00671	0.65642	0.16373	0.02093	0.00967	0.00949	0.00699	0.00444	0.00363	0.00111	0.00391	0.00338	0.00357	0.00602
11	0.00521	0.00349	0.00398	0.00405	0.00407	0.00348	0.00230	0.00527	0.00542	0.00723	0.01216	0.09332	0.01410	0.80151	0.01736	0.00336	0.00341	0.00570	0.00230	0.00226
12	0.00453	0.00333	0.00425	0.00478	0.00525	0.00305	0.00329	0.00539	0.00772	0.01026	0.16406	0.60332	0.14664	0.01039	0.00453	0.00138	0.00200	0.00930	0.00348	0.00305
13	0.01334	0.01624	0.01060	0.01001	0.05874	0.74001	0.00725	0.08196	0.01074	0.01022	0.00594	0.00687	0.00487	0.00377	0.00332	0.00096	0.00622	0.00247	0.00201	0.00446

[dist]
# distance from previous block
# <min> <max>
0	1

[block]
# block no. 2 follows, 76 sequences, length 24
# corresponding to MSA columns:
# 43-66
name=unknown_C
#
# <colnr> <probs for GDERKNQSTAVLIFYWHMCP>
#	G	D	E	R	K	N	Q	S	T	A	V	L	I	F	Y	W	H	M	C	P
0	0.65159	0.00758	0.00669	0.00562	0.00805	0.00853	0.00464	0.17362	0.00867	0.08655	0.00655	0.00699	0.00479	0.00366	0.00264	0.00112	0.00307	0.00236	0.00271	0.00456
1	0.03280	0.08219	0.03740	0.00791	0.01061	0.29940	0.00651	0.27680	0.01150	0.01421	0.00675	0.00741	0.00528	0.00366	0.00318	0.00090	0.00462	0.00257	0.00247	0.18383
2	0.00436	0.00364	0.00380	0.00385	0.00497	0.00308	0.00286	0.00531	0.00831	0.01009	0.08931	0.10334	0.72607	0.00927	0.00432	0.00124	0.00185	0.00782	0.00342	0.00308
3	0.00504	0.00671	0.17467	0.00520	0.00718	0.00421	0.00503	0.00675	0.00847	0.01094	0.16488	0.04562	0.52641	0.00780	0.00413	0.00120	0.00254	0.00654	0.00311	0.00359
4	0.00749	0.08939	0.78460	0.01002	0.01520	0.00893	0.01283	0.01146	0.00765	0.01127	0.00640	0.00752	0.00461	0.00342	0.00336	0.00112	0.00525	0.00262	0.00154	0.00531
5	0.00800	0.00798	0.01130	0.01012	0.04747	0.01102	0.00810	0.00886	0.00569	0.00889	0.00486	0.00800	0.00482	0.00622	0.01155	0.00157	0.82673	0.00318	0.00160	0.00406
6	0.00972	0.87446	0.01905	0.00622	0.00933	0.01438	0.00622	0.01088	0.00738	0.00855	0.00505	0.00583	0.00466	0.00311	0.00233	0.00078	0.00389	0.00194	0.00155	0.00466
7	0.00622	0.00409	0.00515	0.00479	0.00590	0.00378	0.00362	0.00811	0.04740	0.09350	0.56469	0.08233	0.14131	0.00754	0.00422	0.00118	0.00194	0.00658	0.00391	0.00372
8	0.00754	0.00646	0.00754	0.00538	0.00861	0.00484	0.00431	0.00915	0.00754	0.01184	0.00646	0.00754	0.00538	0.00269	0.00269	0.00054	0.00269	0.00215	0.00215	0.89449
9	0.00799	0.01146	0.33364	0.00819	0.01123	0.06337	0.04387	0.02665	0.11120	0.06406	0.17198	0.03503	0.01247	0.02580	0.05569	0.00149	0.00444	0.00406	0.00262	0.00475
10	0.00909	0.02208	0.31697	0.01147	0.07493	0.03815	0.19825	0.11693	0.01708	0.04688	0.05399	0.00967	0.00700	0.00393	0.00423	0.00117	0.05738	0.00344	0.00218	0.00519
11	0.00537	0.00369	0.00423	0.00423	0.00439	0.00370	0.00252	0.00597	0.03964	0.00815	0.08114	0.07987	0.01559	0.70870	0.01581	0.00310	0.00325	0.00568	0.00249	0.00250
12	0.00511	0.00351	0.00401	0.00410	0.00423	0.00345	0.00242	0.00528	0.00572	0.00754	0.01443	0.11490	0.08316	0.69162	0.03322	0.00316	0.00336	0.00599	0.00242	0.00238
13	0.01062	0.18049	0.16394	0.02073	0.09484	0.06308	0.09185	0.01290	0.02831	0.22429	0.02041	0.01996	0.03599	0.00405	0.00345	0.00107	0.00426	0.01202	0.00256	0.00519
14	0.04962	0.20545	0.20534	0.00936	0.04561	0.07192	0.11113	0.12585	0.01993	0.07625	0.04114	0.00878	0.00658	0.00372	0.00332	0.00105	0.00452	0.00301	0.00228	0.00512
15	0.00478	0.00352	0.00444	0.00508	0.00545	0.00340	0.00343	0.00603	0.06249	0.00958	0.02015	0.71744	0.06948	0.05970	0.00534	0.00156	0.00222	0.00948	0.00333	0.00310
16	0.02021	0.00944	0.07923	0.04626	0.47669	0.04711	0.04555	0.05761	0.04055	0.08400	0.00792	0.00976	0.00630	0.03431	0.00426	0.00120	0.01864	0.00333	0.00220	0.00544
17	0.03109	0.00853	0.03546	0.01699	0.55606	0.01989	0.00943	0.06214	0.00925	0.20261	0.00858	0.00960	0.00643	0.00361	0.00357	0.00109	0.00405	0.00328	0.00252	0.00581
18	0.04409	0.00828	0.02950	0.00952	0.06726	0.04166	0.15689	0.11685	0.02940	0.44171	0.01105	0.01070	0.00741	0.00406	0.00370	0.00113	0.00401	0.00357	0.00347	0.00574
19	0.00466	0.00349	0.00414	0.00446	0.00521	0.00310	0.00316	0.00555	0.00796	0.02459	0.12416	0.40979	0.36685	0.00990	0.00444	0.00133	0.00197	0.00867	0.00347	0.00311
20	0.03983	0.01212	0.06283	0.01452	0.33920	0.30150	0.07489	0.03411	0.02806	0.02110	0.00764	0.00898	0.03175	0.00369	0.00352	0.00106	0.00511	0.00310	0.00200	0.00501
21	0.04330	0.36319	0.01451	0.00802	0.01079	0.21680	0.06162	0.19867	0.01039	0.03222	0.00639	0.00708	0.00514	0.00359	0.00301	0.00094	0.00465	0.00254	0.00221	0.00492
22	0.00917	0.03266	0.01472	0.02142	0.79762	0.03812	0.01088	0.01126	0.00832	0.01168	0.00675	0.00882	0.00569	0.00325	0.00355	0.00107	0.00438	0.00317	0.00179	0.00567
23	0.00930	0.13595	0.01556	0.01903	0.65117	0.00950	0.05445	0.02637	0.00836	0.02666	0.00677	0.00863	0.00565	0.00325	0.00345	0.00104	0.00432	0.00311	0.00185	0.00557

[dist]
# distance from previous block
# <min> <max>
1	4

[block]
# block no. 3 follows, 76 sequences, length 13
# corresponding to MSA columns:
# 71-83
name=unknown_D
#
# <colnr> <probs for GDERKNQSTAVLIFYWHMCP>
#	G	D	E	R	K	N	Q	S	T	A	V	L	I	F	Y	W	H	M	C	P
0	0.01178	0.00636	0.00882	0.14474	0.02751	0.00630	0.02565	0.11995	0.01066	0.39573	0.18865	0.01447	0.01318	0.00491	0.00380	0.00114	0.00330	0.00416	0.00370	0.00522
1	0.00924	0.00572	0.01779	0.00637	0.00803	0.03085	0.05689	0.05902	0.02697	0.25964	0.06870	0.27782	0.09864	0.03544	0.02016	0.00141	0.00309	0.00631	0.00354	0.00437
2	0.07722	0.01434	0.00957	0.00845	0.01054	0.62532	0.00646	0.01488	0.01003	0.17933	0.00734	0.00768	0.00550	0.00387	0.00328	0.00099	0.00559	0.00258	0.00243	0.00459
3	0.05161	0.00611	0.00792	0.00622	0.00877	0.00551	0.00506	0.03531	0.03559	0.68902	0.02674	0.01369	0.04406	0.04204	0.00427	0.00123	0.00304	0.00387	0.00421	0.00574
4	0.00446	0.00322	0.00423	0.00496	0.00526	0.00299	0.00335	0.00518	0.00722	0.00962	0.07078	0.77872	0.06446	0.01104	0.00460	0.00144	0.00207	0.00998	0.00341	0.00299
5	0.03681	0.09111	0.31344	0.05288	0.04687	0.01834	0.08397	0.04826	0.06562	0.15201	0.02055	0.01992	0.02620	0.00398	0.00350	0.00112	0.00439	0.00333	0.00243	0.00524
6	0.05869	0.00626	0.00804	0.00642	0.00897	0.00578	0.00522	0.03297	0.08570	0.66498	0.01417	0.06615	0.00983	0.00491	0.00365	0.00116	0.00301	0.00403	0.00423	0.00583
7	0.00488	0.00376	0.00462	0.00463	0.00549	0.00359	0.00342	0.00628	0.03049	0.01097	0.26910	0.15061	0.29135	0.03831	0.15365	0.00211	0.00330	0.00691	0.00328	0.00323
8	0.01062	0.00811	0.04367	0.05749	0.18852	0.06645	0.02891	0.08964	0.07581	0.21481	0.06231	0.04058	0.05247	0.00470	0.00368	0.00112	0.00370	0.00402	0.03818	0.00520
9	0.06305	0.00778	0.01003	0.06372	0.01038	0.02761	0.00717	0.11258	0.00775	0.09580	0.00676	0.00895	0.00566	0.00716	0.07530	0.00175	0.47872	0.00321	0.00221	0.00442
10	0.00499	0.00378	0.00406	0.00399	0.00520	0.00321	0.00299	0.00599	0.00849	0.05304	0.10665	0.08578	0.68119	0.00895	0.00428	0.00123	0.00191	0.00754	0.00349	0.00325
11	0.01575	0.00633	0.00839	0.00646	0.00920	0.00565	0.00533	0.07167	0.01073	0.76245	0.01386	0.01218	0.00882	0.00448	0.00361	0.00111	0.00309	0.00362	0.04118	0.00607
12	0.01276	0.06277	0.01079	0.00807	0.01072	0.11926	0.00660	0.58928	0.06727	0.01911	0.00989	0.00988	0.04807	0.00448	0.00355	0.00107	0.00414	0.00334	0.00328	0.00566

[dist]
# distance from previous block
# <min> <max>
0	1

[block]
# block no. 4 follows, 76 sequences, length 62
# corresponding to MSA columns:
# 85-146
name=unknown_E
#
# <colnr> <probs for GDERKNQSTAVLIFYWHMCP>
#	G	D	E	R	K	N	Q	S	T	A	V	L	I	F	Y	W	H	M	C	P
0	0.01264	0.04040	0.01059	0.00952	0.08388	0.33684	0.00694	0.22824	0.11157	0.09240	0.02637	0.00913	0.00697	0.00413	0.00347	0.00104	0.00474	0.00307	0.00282	0.00523
1	0.16013	0.19675	0.01210	0.00846	0.03060	0.39635	0.06026	0.03667	0.00903	0.05031	0.00605	0.00690	0.00488	0.00354	0.00301	0.00097	0.00504	0.00243	0.00204	0.00449
2	0.00454	0.00325	0.00431	0.00506	0.00532	0.00306	0.00343	0.00523	0.00703	0.00938	0.04348	0.75942	0.03387	0.04276	0.02561	0.00165	0.00236	0.03397	0.00331	0.00296
3	0.01332	0.00925	0.01000	0.00786	0.01055	0.02908	0.00642	0.59172	0.08885	0.13994	0.01070	0.03823	0.01750	0.00471	0.00368	0.00112	0.00374	0.00366	0.00371	0.00596
4	0.00804	0.00644	0.00759	0.00545	0.00865	0.00487	0.00437	0.00964	0.00770	0.06003	0.00691	0.00781	0.00559	0.00280	0.00275	0.00057	0.00271	0.00224	0.00229	0.84354
5	0.01371	0.00983	0.01047	0.00811	0.01091	0.03488	0.00666	0.70823	0.02950	0.09275	0.03197	0.00955	0.00722	0.00445	0.00365	0.00109	0.00392	0.00338	0.00367	0.00604
6	0.00506	0.00369	0.00476	0.00453	0.00539	0.00339	0.00338	0.00669	0.01004	0.01407	0.76501	0.05818	0.08681	0.00769	0.00430	0.00116	0.00174	0.00678	0.00394	0.00339
7	0.00729	0.01880	0.85344	0.01036	0.01573	0.00844	0.01343	0.01151	0.00767	0.01151	0.00652	0.00767	0.00460	0.00345	0.00345	0.00115	0.00537	0.00269	0.00153	0.00537
8	0.00819	0.00644	0.00760	0.00546	0.00866	0.00488	0.00438	0.00979	0.00775	0.07424	0.00705	0.00790	0.00565	0.00283	0.00276	0.00058	0.00272	0.00226	0.00233	0.82852
9	0.00580	0.00456	0.02860	0.00560	0.00636	0.00474	0.00430	0.05715	0.00653	0.00923	0.01042	0.04861	0.01031	0.21863	0.53821	0.00462	0.00737	0.00438	0.02136	0.00323
10	0.00471	0.00367	0.00429	0.00429	0.00526	0.00325	0.00321	0.00595	0.00896	0.01172	0.35967	0.11158	0.41022	0.00873	0.00435	0.00124	0.00188	0.04018	0.00362	0.00321
11	0.00504	0.00371	0.00471	0.00446	0.00536	0.00338	0.00334	0.00665	0.01003	0.01397	0.74462	0.02814	0.13773	0.00766	0.00429	0.00115	0.00173	0.00671	0.00392	0.00338
12	0.02522	0.17995	0.14501	0.08122	0.01226	0.05184	0.02015	0.17338	0.01897	0.24431	0.00884	0.00899	0.00623	0.00389	0.00333	0.00105	0.00415	0.00298	0.00282	0.00542
13	0.00550	0.00373	0.00477	0.00529	0.00583	0.00358	0.00370	0.00686	0.06307	0.05776	0.01967	0.66549	0.05289	0.03870	0.00498	0.00151	0.00231	0.04762	0.00342	0.00332
14	0.00631	0.00464	0.00547	0.00507	0.00632	0.00456	0.00386	0.00953	0.17562	0.05711	0.45853	0.04562	0.18873	0.00723	0.00415	0.00118	0.00205	0.00624	0.00383	0.00395
15	0.06760	0.04892	0.08369	0.00676	0.01785	0.00722	0.01643	0.14714	0.05253	0.05450	0.00751	0.00815	0.00579	0.00331	0.00300	0.00081	0.00330	0.00257	0.00251	0.46041
16	0.02481	0.25202	0.25612	0.00773	0.01114	0.00967	0.01755	0.12962	0.05054	0.11164	0.02936	0.04135	0.03488	0.00425	0.00328	0.00105	0.00401	0.00329	0.00250	0.00516
17	0.00469	0.00370	0.00424	0.00410	0.00515	0.00324	0.00308	0.00599	0.00923	0.01206	0.41842	0.03129	0.46512	0.00837	0.00429	0.00119	0.00178	0.00715	0.00367	0.00324
18	0.00961	0.00509	0.00599	0.00533	0.00684	0.00504	0.00412	0.10904	0.05679	0.22243	0.01403	0.19683	0.01213	0.00589	0.00346	0.00110	0.00247	0.00497	0.32438	0.00446
19	0.07651	0.03861	0.20633	0.00754	0.02419	0.00730	0.00723	0.09329	0.06939	0.30974	0.04259	0.01119	0.03198	0.00427	0.00345	0.00109	0.00361	0.00338	0.00318	0.05511
20	0.00837	0.00778	0.01329	0.10258	0.62175	0.00788	0.04253	0.01040	0.00807	0.02662	0.00850	0.10971	0.00785	0.00425	0.00375	0.00115	0.00416	0.00412	0.00202	0.00523
21	0.01358	0.00662	0.00817	0.00654	0.00901	0.00644	0.00531	0.11635	0.14804	0.51316	0.05796	0.01299	0.01037	0.00469	0.00362	0.00112	0.00300	0.00382	0.06342	0.00578
22	0.74501	0.00741	0.02806	0.00527	0.00766	0.00808	0.00446	0.04148	0.03444	0.08125	0.00627	0.00681	0.00466	0.00355	0.00249	0.00113	0.00295	0.00224	0.00250	0.00429
23	0.01029	0.70767	0.04120	0.00666	0.00975	0.01356	0.00651	0.11465	0.00865	0.03062	0.00577	0.00643	0.00496	0.00336	0.00271	0.00085	0.01737	0.00219	0.00189	0.00490
24	0.00900	0.00864	0.01475	0.02231	0.84960	0.00864	0.01115	0.01115	0.00828	0.01187	0.00684	0.00900	0.00576	0.00324	0.00360	0.00108	0.00432	0.00324	0.00180	0.00576
25	0.01059	0.49073	0.02968	0.00804	0.04184	0.21880	0.03611	0.06075	0.02253	0.00993	0.00689	0.00765	0.03548	0.00360	0.00287	0.00089	0.00457	0.00251	0.00188	0.00467
26	0.00996	0.00831	0.01250	0.01622	0.50697	0.05272	0.04368	0.03188	0.03084	0.13062	0.06207	0.01121	0.02830	0.00390	0.00365	0.00108	0.00401	0.00360	0.00247	0.03602
27	0.00932	0.43267	0.20965	0.00770	0.02875	0.01063	0.03154	0.02297	0.01668	0.08298	0.05690	0.00850	0.00697	0.00358	0.00296	0.00093	0.00403	0.00269	0.00205	0.05852
28	0.00543	0.00423	0.00500	0.00480	0.00586	0.00409	0.00360	0.00807	0.12605	0.01313	0.47582	0.09579	0.21874	0.00781	0.00424	0.00120	0.00194	0.00679	0.00376	0.00363
29	0.02488	0.00867	0.02978	0.22832	0.08048	0.00862	0.46053	0.01134	0.00822	0.06918	0.00745	0.00974	0.00554	0.00342	0.00418	0.00121	0.02787	0.00381	0.00196	0.00480
30	0.01061	0.13552	0.15928	0.00890	0.05170	0.04955	0.08321	0.02904	0.10688	0.22634	0.06122	0.02582	0.00884	0.00427	0.00370	0.00111	0.02239	0.00354	0.00283	0.00526
31	0.02425	0.00586	0.03196	0.00678	0.02210	0.01729	0.06854	0.01138	0.03944	0.31256	0.09179	0.21464	0.10278	0.00682	0.00406	0.00124	0.00297	0.02735	0.00361	0.00458
32	0.03048	0.00636	0.00848	0.00651	0.00932	0.00562	0.00538	0.04974	0.01060	0.80608	0.01397	0.01212	0.00880	0.00447	0.00363	0.00112	0.00312	0.00361	0.00443	0.00615
33	0.03150	0.01898	0.09111	0.00896	0.07029	0.04162	0.00729	0.34384	0.11803	0.20319	0.01010	0.00988	0.00711	0.00427	0.00369	0.00112	0.01649	0.00333	0.00335	0.00585
34	0.01667	0.07705	0.11520	0.03543	0.32281	0.05695	0.02176	0.07133	0.05837	0.11521	0.02754	0.00977	0.01618	0.00377	0.00347	0.00106	0.00417	0.00322	0.00241	0.03765
35	0.01448	0.00644	0.00825	0.00658	0.00917	0.00604	0.00535	0.01772	0.18187	0.65311	0.02681	0.01286	0.00981	0.00463	0.00365	0.00114	0.00300	0.00379	0.01929	0.00601
36	0.00558	0.00350	0.00465	0.00512	0.00565	0.00322	0.00355	0.00638	0.00759	0.08739	0.09078	0.69877	0.04325	0.01036	0.00451	0.00141	0.00216	0.00933	0.00353	0.00329
37	0.00625	0.03461	0.00692	0.00755	0.12526	0.01566	0.01521	0.02170	0.01727	0.03135	0.20480	0.29821	0.09511	0.04403	0.00498	0.01599	0.01222	0.00678	0.03240	0.00370
38	0.01516	0.03142	0.00902	0.00676	0.00944	0.00612	0.01980	0.05053	0.02970	0.70930	0.01350	0.01238	0.00882	0.00458	0.00387	0.00114	0.02801	0.01707	0.01744	0.00596
39	0.00445	0.00361	0.00395	0.00402	0.00504	0.00311	0.00295	0.00546	0.00842	0.01051	0.16444	0.15079	0.60212	0.00923	0.00434	0.00125	0.00186	0.00787	0.00348	0.00311
40	0.01233	0.00617	0.00777	0.00626	0.00848	0.00589	0.00505	0.14061	0.05370	0.44029	0.25419	0.01614	0.01598	0.00535	0.00384	0.00113	0.00282	0.00446	0.00418	0.00537
41	0.04710	0.00890	0.01301	0.06726	0.41447	0.05205	0.08333	0.09311	0.09943	0.05922	0.00815	0.00949	0.00633	0.00369	0.00374	0.00112	0.01844	0.00335	0.00234	0.00546
42	0.03948	0.00723	0.00862	0.00673	0.00943	0.05110	0.00551	0.12192	0.01106	0.65476	0.01284	0.01146	0.00828	0.00440	0.00356	0.00110	0.00334	0.00348	0.02975	0.00594
43	0.00466	0.00380	0.00414	0.00403	0.00518	0.00333	0.00303	0.00605	0.03069	0.01132	0.26832	0.03218	0.59331	0.00859	0.00428	0.00120	0.00183	0.00726	0.00356	0.00324
44	0.01103	0.13444	0.01062	0.00805	0.01018	0.36391	0.00635	0.01612	0.37729	0.01163	0.00959	0.00954	0.00751	0.00418	0.00333	0.00104	0.00455	0.00306	0.00263	0.00496
45	0.00773	0.00645	0.00756	0.00541	0.00863	0.00486	0.00433	0.00934	0.00760	0.03079	0.00664	0.00765	0.00546	0.00273	0.00271	0.00055	0.00270	0.00219	0.00221	0.87446
46	0.00733	0.00621	0.00716	0.11324	0.00959	0.06470	0.00540	0.02427	0.18394	0.03643	0.36582	0.04020	0.03183	0.00626	0.00434	0.00121	0.03750	0.04705	0.00335	0.00417
47	0.03109	0.00685	0.00879	0.00675	0.00957	0.00636	0.00557	0.15163	0.01142	0.70213	0.01326	0.01166	0.00845	0.00446	0.00363	0.00112	0.00324	0.00356	0.00432	0.00615
48	0.00505	0.00393	0.00462	0.00442	0.00547	0.00361	0.00332	0.00695	0.05689	0.01282	0.49702	0.04229	0.32427	0.00799	0.00426	0.00118	0.00183	0.00688	0.00375	0.00342
49	0.00900	0.00864	0.01475	0.02231	0.84960	0.00864	0.01115	0.01115	0.00828	0.01187	0.00684	0.00900	0.00576	0.00324	0.00360	0.00108	0.00432	0.00324	0.00180	0.00576
50	0.01104	0.08139	0.00789	0.00568	0.00768	0.00566	0.00459	0.05145	0.00965	0.39814	0.18349	0.01749	0.07908	0.08602	0.03314	0.00148	0.00309	0.00455	0.00372	0.00479
51	0.00455	0.00347	0.00405	0.00436	0.00500	0.00314	0.00301	0.00530	0.00747	0.00956	0.08297	0.35875	0.34599	0.12078	0.02315	0.00170	0.00231	0.00825	0.00324	0.00294
52	0.00442	0.00318	0.00420	0.00502	0.00526	0.00296	0.00336	0.00507	0.00700	0.00929	0.02052	0.84587	0.04776	0.01132	0.00463	0.00147	0.00210	0.01026	0.00337	0.00296
53	0.00785	0.00653	0.00781	0.00600	0.03751	0.00499	0.00457	0.00947	0.00765	0.03677	0.00671	0.00773	0.00550	0.00276	0.00275	0.00057	0.00276	0.00224	0.00221	0.83762
54	0.03169	0.03519	0.00989	0.08414	0.10500	0.00829	0.02351	0.02127	0.01741	0.04885	0.01794	0.07318	0.06589	0.08097	0.02401	0.00163	0.34068	0.00422	0.00216	0.00407
55	0.00446	0.00324	0.00420	0.00496	0.00527	0.00300	0.00336	0.00513	0.00708	0.00933	0.02136	0.76334	0.09694	0.02517	0.00484	0.00149	0.00214	0.02838	0.00335	0.00296
56	0.00729	0.00609	0.00659	0.00623	0.00772	0.01685	0.00477	0.04274	0.42559	0.01333	0.08789	0.16255	0.14227	0.00709	0.00405	0.00128	0.00260	0.04693	0.00358	0.00456
57	0.01719	0.15089	0.14550	0.01007	0.11982	0.12321	0.03121	0.08987	0.15392	0.06447	0.03253	0.00942	0.00720	0.00399	0.00358	0.00107	0.02524	0.00312	0.00246	0.00523
58	0.01181	0.00847	0.00907	0.15396	0.01203	0.12440	0.00641	0.25484	0.01135	0.20513	0.04011	0.02512	0.00819	0.03291	0.00403	0.00117	0.00397	0.00354	0.07848	0.00502
59	0.00460	0.00335	0.00435	0.00501	0.00537	0.00315	0.00341	0.00558	0.02738	0.00993	0.09690	0.73459	0.06132	0.01077	0.00457	0.00143	0.00208	0.00972	0.00344	0.00307
60	0.04241	0.01773	0.11118	0.00819	0.02090	0.02797	0.02722	0.33226	0.07545	0.20210	0.05227	0.01053	0.00821	0.00447	0.00397	0.00114	0.04158	0.00346	0.00334	0.00565
61	0.01077	0.04673	0.15655	0.00871	0.02916	0.18693	0.00767	0.18314	0.26160	0.02934	0.00936	0.00946	0.00703	0.00412	0.00346	0.00108	0.00438	0.00314	0.00277	0.03461

[dist]
# distance from previous block
# <min> <max>
0	1

[block]
# block no. 5 follows, 76 sequences, length 91
# corresponding to MSA columns:
# 148-238
name=unknown_F
#
# <colnr> <probs for GDERKNQSTAVLIFYWHMCP>
#	G	D	E	R	K	N	Q	S	T	A	V	L	I	F	Y	W	H	M	C	P
0	0.03176	0.00796	0.00834	0.00740	0.00952	0.00918	0.00579	0.07779	0.76270	0.01578	0.01411	0.01302	0.01056	0.00485	0.00366	0.00122	0.00296	0.00400	0.00366	0.00574
1	0.01364	0.02619	0.01027	0.00866	0.01091	0.50242	0.00674	0.21694	0.05535	0.10295	0.00778	0.00806	0.00585	0.00403	0.00341	0.00101	0.00533	0.00280	0.00268	0.00499
2	0.00900	0.00864	0.01475	0.02231	0.84960	0.00864	0.01115	0.01115	0.00828	0.01187	0.00684	0.00900	0.00576	0.00324	0.00360	0.00108	0.00432	0.00324	0.00180	0.00576
3	0.00631	0.00316	0.00473	0.00473	0.00473	0.00316	0.00316	0.00473	0.00473	0.00631	0.00631	0.01105	0.00631	0.01263	0.01420	0.89426	0.00316	0.00316	0.00158	0.00158
4	0.00872	0.00909	0.01657	0.01261	0.03358	0.01720	0.52336	0.01397	0.27278	0.01273	0.00979	0.01973	0.00747	0.00374	0.00405	0.00121	0.00496	0.00421	0.00245	0.02177
5	0.00720	0.01741	0.76404	0.01006	0.01504	0.00814	0.03338	0.01132	0.01986	0.01177	0.06248	0.00910	0.00669	0.00373	0.00353	0.00115	0.00511	0.00300	0.00174	0.00524
6	0.00900	0.00864	0.01475	0.02231	0.84960	0.00864	0.01115	0.01115	0.00828	0.01187	0.00684	0.00900	0.00576	0.00324	0.00360	0.00108	0.00432	0.00324	0.00180	0.00576
7	0.00526	0.00402	0.00486	0.00460	0.00563	0.00378	0.00346	0.00746	0.07361	0.01360	0.60984	0.02779	0.20723	0.00762	0.00424	0.00117	0.00183	0.00662	0.00384	0.00353
8	0.01530	0.00642	0.00843	0.00656	0.00923	0.00581	0.00538	0.10173	0.01096	0.71196	0.03568	0.04552	0.00995	0.00483	0.00371	0.00114	0.00311	0.00395	0.00435	0.00599
9	0.00649	0.03325	0.00523	0.00447	0.00586	0.00387	0.00346	0.00768	0.00903	0.13625	0.23958	0.06340	0.45208	0.00794	0.00415	0.00119	0.00207	0.00671	0.00364	0.00367
10	0.00443	0.00316	0.00422	0.00506	0.00527	0.00295	0.00337	0.00506	0.00696	0.00928	0.02003	0.86990	0.02404	0.01139	0.00464	0.00148	0.00211	0.01033	0.00337	0.00295
11	0.04632	0.05704	0.11304	0.05352	0.08954	0.03118	0.00737	0.12349	0.01026	0.41600	0.01043	0.01009	0.00702	0.00405	0.00348	0.00110	0.00383	0.00323	0.00330	0.00571
12	0.01475	0.00657	0.00838	0.00656	0.00918	0.00615	0.00537	0.11683	0.06383	0.63314	0.04097	0.01254	0.00963	0.00459	0.00363	0.00112	0.00308	0.00372	0.04403	0.00594
13	0.00441	0.00366	0.00386	0.00387	0.00499	0.00311	0.00288	0.00541	0.00846	0.01038	0.13740	0.08061	0.70023	0.00910	0.00431	0.00123	0.00184	0.00768	0.00345	0.00311
14	0.01292	0.04266	0.01056	0.00823	0.03243	0.01024	0.00659	0.57338	0.12500	0.10239	0.03178	0.01010	0.00777	0.00445	0.00361	0.00110	0.00371	0.00345	0.00361	0.00598
15	0.01003	0.02279	0.04907	0.00820	0.01072	0.03933	0.18991	0.05281	0.05909	0.24620	0.11275	0.03456	0.13755	0.00530	0.00394	0.00116	0.00368	0.00477	0.00328	0.00487
16	0.00454	0.00323	0.00425	0.00498	0.00522	0.00303	0.00333	0.00520	0.00704	0.00943	0.06396	0.75735	0.02382	0.06935	0.00556	0.00160	0.00220	0.01965	0.00333	0.00293
17	0.00514	0.00372	0.00486	0.00457	0.00543	0.00343	0.00343	0.00686	0.01029	0.01457	0.84768	0.02715	0.03429	0.00743	0.00429	0.00114	0.00171	0.00657	0.00400	0.00343
18	0.02909	0.70755	0.12428	0.00682	0.01014	0.03594	0.00710	0.01121	0.02308	0.00923	0.00544	0.00623	0.00476	0.00321	0.00252	0.00085	0.00410	0.00209	0.00162	0.00475
19	0.01037	0.00735	0.00831	0.00706	0.00903	0.03615	0.01496	0.11011	0.34625	0.17749	0.15968	0.01457	0.01355	0.00523	0.00423	0.00119	0.05134	0.00424	0.01359	0.00529
20	0.01591	0.00659	0.00864	0.00664	0.00943	0.00597	0.00548	0.10797	0.01110	0.75005	0.01369	0.01198	0.00869	0.00448	0.00364	0.00112	0.00317	0.00361	0.01568	0.00615
21	0.00868	0.00921	0.07287	0.09039	0.62575	0.02755	0.01060	0.01090	0.00807	0.01148	0.00668	0.00878	0.00552	0.00335	0.00375	0.00107	0.02742	0.00311	0.00178	0.06304
22	0.09480	0.22183	0.13577	0.00718	0.01004	0.02209	0.00684	0.05436	0.14906	0.17237	0.03455	0.00983	0.01533	0.00418	0.00360	0.00108	0.04613	0.00307	0.00274	0.00515
23	0.00856	0.00976	0.02125	0.01518	0.01885	0.00913	0.82494	0.01161	0.00856	0.01164	0.00734	0.00977	0.00551	0.00306	0.00427	0.00122	0.00608	0.00426	0.00184	0.01715
24	0.00472	0.00361	0.00434	0.00435	0.00522	0.00322	0.00319	0.00597	0.00901	0.01200	0.42131	0.17561	0.31681	0.00873	0.00435	0.00123	0.00183	0.00761	0.00367	0.00322
25	0.03506	0.00638	0.00848	0.00652	0.00932	0.00567	0.00538	0.05438	0.01061	0.79699	0.01389	0.01207	0.00876	0.00447	0.00362	0.00112	0.00313	0.00360	0.00441	0.00614
26	0.00443	0.00316	0.00422	0.00506	0.00527	0.00295	0.00337	0.00506	0.00696	0.00928	0.02003	0.86990	0.02404	0.01139	0.00464	0.00148	0.00211	0.01033	0.00337	0.00295
27	0.00686	0.00646	0.01090	0.86353	0.02503	0.00807	0.01009	0.00929	0.00727	0.00929	0.00646	0.00969	0.00484	0.00363	0.00363	0.00121	0.00484	0.00323	0.00161	0.00404
28	0.00586	0.00418	0.00586	0.00669	0.00753	0.00418	0.00586	0.00753	0.00837	0.01088	0.01924	0.04100	0.02092	0.01004	0.00502	0.00167	0.00335	0.82513	0.00335	0.00335
29	0.00764	0.00655	0.00754	0.00557	0.00864	0.00526	0.00443	0.01016	0.09592	0.01216	0.00789	0.00867	0.02108	0.00305	0.00283	0.00062	0.00270	0.00246	0.00234	0.78452
30	0.00734	0.03704	0.83565	0.01027	0.01559	0.00857	0.01327	0.01150	0.00767	0.01145	0.00649	0.00763	0.00461	0.00345	0.00343	0.00114	0.00534	0.00267	0.00154	0.00536
31	0.00443	0.00316	0.00422	0.00506	0.00527	0.00295	0.00337	0.00506	0.00696	0.00928	0.02003	0.86990	0.02404	0.01139	0.00464	0.00148	0.00211	0.01033	0.00337	0.00295
32	0.00436	0.00368	0.00377	0.00375	0.00495	0.00309	0.00281	0.00533	0.00843	0.01016	0.09492	0.03442	0.78981	0.00908	0.00429	0.00122	0.00183	0.00759	0.00342	0.00309
33	0.00754	0.00646	0.00754	0.00538	0.00861	0.00484	0.00431	0.00915	0.00754	0.01184	0.00646	0.00754	0.00538	0.00269	0.00269	0.00054	0.00269	0.00215	0.00215	0.89449
34	0.00605	0.00402	0.00508	0.00469	0.00577	0.00367	0.00356	0.02426	0.01008	0.07876	0.63492	0.04868	0.14159	0.00748	0.00424	0.00116	0.00189	0.00653	0.00393	0.00364
35	0.00442	0.00318	0.00420	0.00501	0.00526	0.00296	0.00335	0.00507	0.00701	0.00930	0.02068	0.83763	0.05589	0.01130	0.00463	0.00147	0.00210	0.01023	0.00337	0.00296
36	0.01382	0.01018	0.01091	0.00836	0.01127	0.01127	0.00691	0.83748	0.01709	0.02291	0.00873	0.00873	0.00618	0.00436	0.00364	0.00109	0.00400	0.00327	0.00364	0.00618
37	0.00734	0.03810	0.83461	0.01027	0.01559	0.00857	0.01327	0.01150	0.00767	0.01144	0.00649	0.00763	0.00461	0.00345	0.00343	0.00114	0.00534	0.00267	0.00154	0.00536
38	0.01493	0.00673	0.00858	0.00672	0.00941	0.00634	0.00550	0.10416	0.10574	0.64764	0.03550	0.01251	0.00960	0.00461	0.00367	0.00113	0.00313	0.00374	0.00430	0.00606
39	0.00586	0.00418	0.00586	0.00669	0.00753	0.00418	0.00586	0.00753	0.00837	0.01088	0.01924	0.04100	0.02092	0.01004	0.00502	0.00167	0.00335	0.82513	0.00335	0.00335
40	0.00631	0.00316	0.00473	0.00473	0.00473	0.00316	0.00316	0.00473	0.00473	0.00631	0.00631	0.01105	0.00631	0.01263	0.01420	0.89426	0.00316	0.00316	0.00158	0.00158
41	0.00972	0.87446	0.01905	0.00622	0.00933	0.01438	0.00622	0.01088	0.00738	0.00855	0.00505	0.00583	0.00466	0.00311	0.00233	0.00078	0.00389	0.00194	0.00155	0.00466
42	0.00904	0.00781	0.00822	0.00740	0.00945	0.00904	0.00575	0.01931	0.84303	0.01520	0.01479	0.01356	0.01109	0.00493	0.00370	0.00123	0.00288	0.00411	0.00370	0.00575
43	0.00900	0.00864	0.01475	0.02231	0.84960	0.00864	0.01115	0.01115	0.00828	0.01187	0.00684	0.00900	0.00576	0.00324	0.00360	0.00108	0.00432	0.00324	0.00180	0.00576
44	0.00885	0.00766	0.01210	0.04760	0.54109	0.00752	0.00892	0.05032	0.00884	0.05185	0.08815	0.03016	0.00900	0.00389	0.00359	0.00104	0.00377	0.00361	0.00230	0.10975
45	0.00780	0.19871	0.67800	0.00949	0.01438	0.00969	0.01191	0.01138	0.00761	0.01089	0.00621	0.00729	0.00462	0.00338	0.00322	0.00107	0.00506	0.00253	0.00154	0.00522
46	0.00558	0.00381	0.00500	0.00465	0.00558	0.00350	0.00350	0.00728	0.01029	0.04694	0.81547	0.02658	0.03332	0.00732	0.00426	0.00114	0.00177	0.00646	0.00402	0.00354
47	0.00893	0.00854	0.01457	0.02198	0.83214	0.00854	0.01104	0.01108	0.00828	0.01185	0.00709	0.00966	0.00607	0.00338	0.00363	0.00109	0.00430	0.02028	0.00183	0.00571
48	0.00907	0.05622	0.29827	0.03198	0.22864	0.06758	0.06814	0.02076	0.03161	0.07820	0.04680	0.02232	0.00720	0.00385	0.00366	0.00111	0.01393	0.00331	0.00211	0.00523
49	0.01557	0.00634	0.00864	0.00666	0.00942	0.00563	0.02086	0.03801	0.03753	0.76659	0.03578	0.01265	0.00959	0.00456	0.00368	0.00113	0.00313	0.00375	0.00439	0.00608
50	0.01627	0.00624	0.00847	0.00649	0.00931	0.00543	0.00536	0.02921	0.01050	0.84049	0.01426	0.01232	0.00896	0.00450	0.00365	0.00112	0.00311	0.00365	0.00449	0.00619
51	0.00893	0.00773	0.00837	0.02980	0.00982	0.00902	0.00593	0.02874	0.76521	0.01480	0.01420	0.02704	0.01084	0.00505	0.00403	0.00125	0.03596	0.00414	0.00356	0.00560
52	0.01326	0.03127	0.16778	0.00840	0.05110	0.02728	0.03868	0.04521	0.01953	0.51885	0.01175	0.03318	0.00799	0.00431	0.00362	0.00113	0.00380	0.00357	0.00350	0.00579
53	0.00914	0.00759	0.00803	0.00721	0.00924	0.00872	0.00562	0.01885	0.78853	0.03698	0.01467	0.01353	0.01097	0.00489	0.00365	0.00121	0.00284	0.00407	0.03858	0.00567
54	0.00540	0.00400	0.00491	0.00529	0.00636	0.00370	0.00441	0.00671	0.00838	0.03157	0.02726	0.03749	0.40382	0.00951	0.00465	0.00145	0.00264	0.42575	0.00339	0.00329
55	0.00920	0.00828	0.03977	0.00775	0.00992	0.00907	0.02336	0.03723	0.72460	0.03406	0.01380	0.01291	0.01033	0.00487	0.00402	0.00124	0.03641	0.00399	0.00352	0.00567
56	0.00949	0.00842	0.01403	0.02044	0.74468	0.00848	0.01051	0.01178	0.03147	0.07166	0.00754	0.00933	0.00611	0.00346	0.00382	0.00110	0.02662	0.00329	0.00204	0.00574
57	0.01332	0.00687	0.00817	0.00646	0.00890	0.00682	0.00527	0.25270	0.04730	0.41323	0.01322	0.01243	0.04075	0.00462	0.00350	0.00108	0.00308	0.00368	0.14300	0.00561
58	0.00895	0.00764	0.00803	0.00724	0.00925	0.00882	0.00563	0.01889	0.81075	0.01514	0.01468	0.01356	0.01103	0.00490	0.00365	0.00122	0.00283	0.00408	0.03804	0.00566
59	0.00935	0.06558	0.57719	0.00962	0.03125	0.02089	0.01112	0.08680	0.01999	0.12307	0.00777	0.00837	0.00544	0.00367	0.00343	0.00112	0.00482	0.00285	0.00215	0.00551
60	0.00924	0.00776	0.00822	0.00737	0.00945	0.00894	0.00574	0.01927	0.81995	0.03840	0.01478	0.01353	0.01104	0.00492	0.00370	0.00123	0.00288	0.00410	0.00372	0.00576
61	0.00482	0.00370	0.00441	0.00423	0.00523	0.00329	0.00317	0.00623	0.00952	0.01275	0.53684	0.03015	0.34627	0.00811	0.00429	0.00118	0.00176	0.00699	0.00376	0.00329
62	0.00856	0.40189	0.26009	0.00891	0.01239	0.01134	0.11937	0.01084	0.00753	0.01001	0.02966	0.00771	0.00561	0.00364	0.00391	0.00103	0.08833	0.00272	0.00166	0.00480
63	0.01358	0.01732	0.01030	0.00936	0.01124	0.85768	0.00702	0.01451	0.01030	0.00890	0.00562	0.00655	0.00468	0.00375	0.00328	0.00094	0.00655	0.00234	0.00187	0.00421
64	0.00900	0.00864	0.01475	0.02231	0.84960	0.00864	0.01115	0.01115	0.00828	0.01187	0.00684	0.00900	0.00576	0.00324	0.00360	0.00108	0.00432	0.00324	0.00180	0.00576
65	0.00972	0.87446	0.01905	0.00622	0.00933	0.01438	0.00622	0.01088	0.00738	0.00855	0.00505	0.00583	0.00466	0.00311	0.00233	0.00078	0.00389	0.00194	0.00155	0.00466
66	0.00432	0.00368	0.00371	0.00370	0.00492	0.00308	0.00278	0.00526	0.00834	0.00994	0.05747	0.03478	0.82740	0.00916	0.00430	0.00123	0.00184	0.00764	0.00339	0.00308
67	0.00735	0.08530	0.71614	0.00994	0.03582	0.00860	0.01217	0.01108	0.00770	0.01119	0.00820	0.00917	0.05425	0.00376	0.00342	0.00112	0.00502	0.00293	0.00165	0.00519
68	0.00799	0.00747	0.01208	0.25245	0.44935	0.00764	0.00942	0.01010	0.00793	0.01119	0.02965	0.00986	0.01990	0.00347	0.00349	0.00103	0.00409	0.00322	0.00189	0.14777
69	0.00529	0.00352	0.00396	0.00396	0.00396	0.00352	0.00220	0.00529	0.00529	0.00705	0.01145	0.02378	0.01321	0.87227	0.01850	0.00352	0.00352	0.00529	0.00220	0.00220
70	0.00430	0.00367	0.00370	0.00372	0.00492	0.00307	0.00278	0.00521	0.00825	0.00980	0.03639	0.05624	0.82714	0.00926	0.00430	0.00123	0.00185	0.00774	0.00338	0.00307
71	0.00754	0.00646	0.00754	0.00538	0.00861	0.00484	0.00431	0.00915	0.00754	0.01184	0.00646	0.00754	0.00538	0.00269	0.00269	0.00054	0.00269	0.00215	0.00215	0.89449
72	0.00978	0.00937	0.08558	0.03160	0.52138	0.00835	0.12928	0.03359	0.00874	0.11510	0.00785	0.00942	0.00602	0.00342	0.00369	0.00111	0.00452	0.00339	0.00216	0.00564
73	0.00443	0.00316	0.00422	0.00506	0.00527	0.00295	0.00337	0.00506	0.00696	0.00928	0.02003	0.86990	0.02404	0.01139	0.00464	0.00148	0.00211	0.01033	0.00337	0.00295
74	0.00432	0.00368	0.00371	0.00371	0.00492	0.00308	0.00278	0.00526	0.00834	0.00995	0.05851	0.03477	0.82636	0.00916	0.00430	0.00123	0.00184	0.00764	0.00339	0.00308
75	0.04701	0.02837	0.47020	0.00985	0.04712	0.03512	0.03752	0.13778	0.04088	0.10033	0.00790	0.00852	0.00559	0.00373	0.00347	0.00113	0.00472	0.00295	0.00230	0.00548
76	0.00790	0.00448	0.00459	0.00419	0.00536	0.00465	0.00324	0.14148	0.00914	0.01505	0.01135	0.01278	0.00881	0.00426	0.00272	0.00089	0.00206	0.00337	0.74984	0.00384
77	0.00430	0.00368	0.00368	0.00368	0.00491	0.00307	0.00276	0.00522	0.00828	0.00982	0.03682	0.03498	0.84812	0.00920	0.00430	0.00123	0.00184	0.00767	0.00338	0.00307
78	0.07377	0.00653	0.00841	0.00649	0.00928	0.00596	0.00536	0.07697	0.01061	0.73706	0.01332	0.01168	0.00846	0.00442	0.00356	0.00112	0.00314	0.00352	0.00429	0.00604
79	0.01061	0.16970	0.03710	0.01395	0.34313	0.29443	0.02097	0.01260	0.04516	0.01040	0.00645	0.00777	0.00539	0.00346	0.00327	0.00099	0.00498	0.00274	0.00186	0.00502
80	0.00754	0.00646	0.00754	0.00538	0.00861	0.00484	0.00431	0.00915	0.00754	0.01184	0.00646	0.00754	0.00538	0.00269	0.00269	0.00054	0.00269	0.00215	0.00215	0.89449
81	0.01063	0.02873	0.01058	0.02080	0.15113	0.13249	0.02621	0.13126	0.38513	0.04835	0.01077	0.01075	0.00815	0.00428	0.00359	0.00113	0.00394	0.00352	0.00302	0.00554
82	0.00725	0.06270	0.60747	0.00982	0.01417	0.02189	0.08205	0.01066	0.00768	0.01101	0.00833	0.12486	0.00733	0.00448	0.00362	0.00118	0.00493	0.00382	0.00182	0.00495
83	0.00514	0.00372	0.00486	0.00457	0.00543	0.00343	0.00343	0.00686	0.01029	0.01457	0.84768	0.02715	0.03429	0.00743	0.00429	0.00114	0.00171	0.00657	0.00400	0.00343
84	0.00788	0.00669	0.00771	0.00562	0.00877	0.00534	0.00449	0.04452	0.05286	0.01249	0.00700	0.00791	0.00572	0.00288	0.00279	0.00060	0.00276	0.00231	0.00230	0.80936
85	0.00743	0.01877	0.83485	0.01034	0.01563	0.02717	0.01329	0.01158	0.00773	0.01145	0.00650	0.00765	0.00461	0.00346	0.00345	0.00115	0.00540	0.00268	0.00154	0.00535
86	0.00904	0.00781	0.00822	0.00740	0.00945	0.00904	0.00575	0.01931	0.84303	0.01520	0.01479	0.01356	0.01109	0.00493	0.00370	0.00123	0.00288	0.00411	0.00370	0.00575
87	0.00512	0.00371	0.00483	0.00455	0.00542	0.00342	0.00341	0.00681	0.01023	0.01444	0.82521	0.02737	0.05685	0.00748	0.00429	0.00115	0.00172	0.00660	0.00398	0.00342
88	0.00795	0.00795	0.01113	0.00954	0.00954	0.01113	0.00795	0.00875	0.00557	0.00875	0.00477	0.00795	0.00477	0.00636	0.01193	0.00159	0.86562	0.00318	0.00159	0.00398
89	0.00617	0.00440	0.00529	0.00544	0.00634	0.00435	0.00395	0.05951	0.10426	0.05243	0.04509	0.51199	0.13595	0.00941	0.00437	0.00137	0.00235	0.03016	0.00350	0.00368
90	0.00443	0.00316	0.00422	0.00506	0.00527	0.00295	0.00337	0.00506	0.00696	0.00928	0.02003	0.86990	0.02404	0.01139	0.00464	0.00148	0.00211	0.01033	0.00337	0.00295

[dist]
# distance from previous block
# <min> <max>
0	11

[block]
# block no. 6 follows, 76 sequences, length 84
# corresponding to MSA columns:
# 250-333
name=unknown_G
#
# <colnr> <probs for GDERKNQSTAVLIFYWHMCP>
#	G	D	E	R	K	N	Q	S	T	A	V	L	I	F	Y	W	H	M	C	P
0	0.03432	0.00627	0.00841	0.00646	0.00927	0.00550	0.00534	0.03186	0.01043	0.82054	0.01405	0.01217	0.00884	0.00447	0.00363	0.00112	0.00310	0.00361	0.00444	0.00614
1	0.01004	0.00758	0.00825	0.00727	0.00943	0.00853	0.00570	0.01909	0.72854	0.13028	0.01473	0.01340	0.01081	0.00487	0.00369	0.00122	0.00291	0.00405	0.00381	0.00581
2	0.00446	0.00319	0.00426	0.00510	0.00533	0.00298	0.00344	0.00512	0.00699	0.00932	0.02001	0.84864	0.02396	0.01135	0.00465	0.00148	0.00214	0.03123	0.00337	0.00296
3	0.01382	0.01018	0.01091	0.00836	0.01127	0.01127	0.00691	0.83748	0.01709	0.02291	0.00873	0.00873	0.00618	0.00436	0.00364	0.00109	0.00400	0.00327	0.00364	0.00618
4	0.00431	0.00368	0.00370	0.00370	0.00492	0.00307	0.00277	0.00524	0.00832	0.00989	0.04964	0.03485	0.83526	0.00918	0.00430	0.00123	0.00184	0.00765	0.00338	0.00307
5	0.00586	0.00418	0.00586	0.00669	0.00753	0.00418	0.00586	0.00753	0.00837	0.01088	0.01924	0.04100	0.02092	0.01004	0.00502	0.00167	0.00335	0.82513	0.00335	0.00335
6	0.00822	0.00510	0.02782	0.00542	0.00696	0.00455	0.00436	0.05375	0.03412	0.19857	0.57541	0.02205	0.02584	0.00645	0.00408	0.00114	0.00226	0.00559	0.00402	0.00429
7	0.00754	0.00646	0.00754	0.00538	0.00861	0.00484	0.00431	0.00915	0.00754	0.01184	0.00646	0.00754	0.00538	0.00269	0.00269	0.00054	0.00269	0.00215	0.00215	0.89449
8	0.00443	0.00316	0.00422	0.00506	0.00527	0.00295	0.00337	0.00506	0.00696	0.00928	0.02003	0.86990	0.02404	0.01139	0.00464	0.00148	0.00211	0.01033	0.00337	0.00295
9	0.00443	0.00316	0.00422	0.00506	0.00527	0.00295	0.00337	0.00506	0.00696	0.00928	0.02003	0.86990	0.02404	0.01139	0.00464	0.00148	0.00211	0.01033	0.00337	0.00295
10	0.02443	0.01012	0.02488	0.00807	0.01088	0.08360	0.00668	0.56798	0.04269	0.16930	0.00958	0.00930	0.00666	0.00433	0.00359	0.00109	0.00403	0.00326	0.00359	0.00596
11	0.00686	0.00646	0.01090	0.86353	0.02503	0.00807	0.01009	0.00929	0.00727	0.00929	0.00646	0.00969	0.00484	0.00363	0.00363	0.00121	0.00484	0.00323	0.00161	0.00404
12	0.89794	0.00703	0.00534	0.00478	0.00703	0.00815	0.00394	0.01068	0.00619	0.01631	0.00506	0.00590	0.00394	0.00337	0.00225	0.00112	0.00281	0.00197	0.00225	0.00394
