[name]
unknown

[dist]
# distance from previous block
# <min> <max>
0	515

[block]
# block no. 0 follows, 56 sequences, length 9
# corresponding to MSA columns:
# 585-593
name=unknown_A
#
# <colnr> <probs for GDERKNQSTAVLIFYWHMCP>
#	G	D	E	R	K	N	Q	S	T	A	V	L	I	F	Y	W	H	M	C	P
0	0.10628	0.01232	0.17655	0.04592	0.04920	0.06167	0.03541	0.10368	0.02707	0.01650	0.08716	0.03381	0.08685	0.03083	0.00540	0.00153	0.03071	0.03040	0.00316	0.05555
1	0.01106	0.01025	0.03504	0.06903	0.08169	0.08250	0.05561	0.12145	0.07692	0.03639	0.07427	0.08203	0.05148	0.00798	0.03338	0.03371	0.08074	0.00543	0.00333	0.04770
2	0.03499	0.24763	0.05866	0.04626	0.08992	0.06524	0.03996	0.04288	0.06201	0.06578	0.09981	0.03178	0.08511	0.00588	0.00426	0.00132	0.00470	0.00477	0.00316	0.00588
3	0.04282	0.02856	0.05220	0.05762	0.10366	0.03064	0.04560	0.13070	0.03367	0.06750	0.05929	0.11117	0.07109	0.00735	0.02105	0.00153	0.00460	0.02997	0.00354	0.09743
4	0.13499	0.11730	0.04376	0.12720	0.12425	0.11213	0.00902	0.11279	0.05382	0.01575	0.01010	0.01264	0.02953	0.07171	0.00559	0.00159	0.00529	0.00391	0.00280	0.00581
5	0.41504	0.01019	0.00991	0.05005	0.11053	0.09473	0.00733	0.01428	0.08193	0.01698	0.00919	0.05326	0.00789	0.00610	0.02976	0.00162	0.04075	0.00377	0.00287	0.03382
6	0.16943	0.02998	0.08572	0.05552	0.13282	0.18087	0.03812	0.04711	0.04565	0.08718	0.00909	0.01034	0.00695	0.00470	0.00448	0.00136	0.03614	0.00354	0.00287	0.04814
7	0.03359	0.07137	0.04717	0.02946	0.11817	0.03021	0.05451	0.01164	0.05971	0.04354	0.13963	0.12868	0.15372	0.00830	0.00534	0.02945	0.00401	0.02271	0.00358	0.00521
8	0.01005	0.03616	0.01283	0.02412	0.10316	0.06175	0.11131	0.06608	0.12382	0.01546	0.08718	0.12801	0.07445	0.00817	0.02932	0.00167	0.02909	0.03062	0.00351	0.04326

[dist]
# distance from previous block
# <min> <max>
6	36

[block]
# block no. 1 follows, 56 sequences, length 34
# corresponding to MSA columns:
# 630-663
name=unknown_B
#
# <colnr> <probs for GDERKNQSTAVLIFYWHMCP>
#	G	D	E	R	K	N	Q	S	T	A	V	L	I	F	Y	W	H	M	C	P
0	0.04308	0.05652	0.04525	0.02836	0.02364	0.05817	0.00798	0.11152	0.04404	0.36129	0.04106	0.01432	0.02457	0.01839	0.00595	0.00150	0.09900	0.00440	0.00422	0.00675
1	0.04401	0.39475	0.19280	0.00900	0.01312	0.01334	0.00936	0.02820	0.04890	0.08292	0.06614	0.01121	0.00947	0.00481	0.00401	0.00122	0.02575	0.00348	0.00274	0.03478
2	0.01003	0.00813	0.00936	0.00704	0.01062	0.00678	0.00561	0.07645	0.04975	0.03564	0.06553	0.01437	0.06866	0.00477	0.00387	0.00091	0.00340	0.00389	0.00331	0.61187
3	0.00888	0.00748	0.01095	0.01172	0.15605	0.00743	0.07581	0.04688	0.08508	0.03655	0.20020	0.11700	0.16797	0.00837	0.00542	0.00154	0.02322	0.02009	0.00394	0.00541
4	0.01291	0.01376	0.01068	0.00906	0.01194	0.35952	0.00698	0.01510	0.05103	0.04109	0.06386	0.01350	0.03565	0.00512	0.00411	0.00109	0.00545	0.02474	0.00301	0.31140
5	0.46019	0.00877	0.00843	0.00734	0.02403	0.00948	0.00581	0.14314	0.01133	0.10612	0.06916	0.03191	0.05864	0.00564	0.00378	0.00141	0.00367	0.00412	0.00370	0.03332
6	0.00884	0.00535	0.00726	0.00696	0.00838	0.00524	0.00554	0.01064	0.01062	0.14187	0.22579	0.03086	0.09881	0.03806	0.23033	0.00328	0.00569	0.14760	0.00415	0.00472
7	0.04806	0.01066	0.01044	0.00936	0.01193	0.06940	0.00727	0.06284	0.64762	0.01897	0.01714	0.04025	0.01322	0.00625	0.00459	0.00152	0.00401	0.00510	0.00441	0.00695
8	0.87108	0.00888	0.00675	0.00604	0.00888	0.01030	0.00497	0.01350	0.00781	0.02060	0.00639	0.00746	0.00497	0.00426	0.00284	0.00142	0.00355	0.00249	0.00284	0.00497
9	0.00729	0.00522	0.00702	0.00699	0.00791	0.00511	0.03414	0.03849	0.03575	0.04354	0.10373	0.43895	0.06451	0.10163	0.07516	0.00248	0.00395	0.00983	0.00404	0.00425
10	0.01104	0.00832	0.00993	0.03563	0.01175	0.00691	0.00604	0.08166	0.01088	0.09215	0.01029	0.05496	0.00857	0.00444	0.00380	0.00091	0.00365	0.00363	0.00323	0.63222
11	0.00571	0.00406	0.00538	0.00638	0.00666	0.00382	0.00428	0.00651	0.00873	0.01163	0.02469	0.76696	0.02950	0.05886	0.00682	0.00201	0.00281	0.03731	0.00418	0.00369
12	0.18401	0.02921	0.29300	0.01049	0.01501	0.06221	0.01078	0.27497	0.01362	0.05209	0.00909	0.00980	0.00654	0.00479	0.00411	0.00140	0.00551	0.00347	0.00318	0.00670
13	0.01243	0.02525	0.09732	0.02498	0.03552	0.02073	0.19002	0.09842	0.04604	0.17287	0.07576	0.01987	0.05603	0.00637	0.00520	0.00153	0.01987	0.08172	0.00377	0.00630
14	0.22685	0.00735	0.00811	0.06729	0.03647	0.01806	0.00559	0.02236	0.00867	0.04799	0.01123	0.08461	0.01095	0.19935	0.03605	0.00220	0.00430	0.00478	0.00297	0.19483
15	0.00952	0.00816	0.00952	0.00680	0.01088	0.00612	0.00544	0.01156	0.00952	0.01496	0.00816	0.00952	0.00680	0.00340	0.00340	0.00068	0.00340	0.00272	0.00272	0.86672
16	0.04165	0.01081	0.01140	0.01043	0.09658	0.10241	0.00738	0.12785	0.09493	0.01712	0.00999	0.03199	0.00820	0.00455	0.00396	0.00106	0.00443	0.00362	0.00315	0.40848
17	0.07243	0.05304	0.24481	0.04189	0.01561	0.08009	0.05593	0.06008	0.02172	0.24537	0.01138	0.02575	0.00812	0.00502	0.00449	0.00140	0.01710	0.00397	0.00339	0.02843
18	0.01191	0.01072	0.01751	0.07567	0.64433	0.01106	0.01320	0.06720	0.01109	0.04612	0.00903	0.01150	0.00734	0.00444	0.00498	0.00140	0.03876	0.00411	0.00254	0.00710
19	0.00832	0.00615	0.00737	0.00720	0.04042	0.00590	0.00528	0.11562	0.01290	0.04443	0.30643	0.06750	0.29386	0.00966	0.00531	0.00152	0.00294	0.04975	0.00455	0.00486
20	0.01114	0.01110	0.01609	0.06914	0.57776	0.09598	0.01227	0.01353	0.01057	0.01409	0.01142	0.05833	0.04136	0.00534	0.00467	0.00141	0.00547	0.03130	0.00252	0.00651
21	0.04136	0.01070	0.01695	0.18679	0.51103	0.03735	0.04558	0.04355	0.01060	0.01493	0.00851	0.01128	0.00691	0.00424	0.00449	0.00138	0.00563	0.00401	0.00235	0.03237
22	0.05716	0.12090	0.44386	0.04587	0.08808	0.06661	0.01330	0.04143	0.03559	0.01462	0.00844	0.01018	0.00651	0.02322	0.00456	0.00144	0.00612	0.00345	0.00225	0.00641
23	0.04738	0.05654	0.04634	0.02300	0.01324	0.04030	0.00820	0.45461	0.01653	0.09499	0.01123	0.02274	0.00840	0.00759	0.06807	0.00180	0.00547	0.00408	0.02776	0.04172
24	0.00834	0.00745	0.00867	0.03777	0.08626	0.09229	0.01946	0.04129	0.03361	0.01287	0.01936	0.49471	0.02180	0.04318	0.02730	0.00195	0.00422	0.03121	0.00368	0.00458
25	0.09505	0.00708	0.00811	0.00798	0.04160	0.06427	0.00552	0.08263	0.00836	0.01184	0.00800	0.01239	0.00742	0.01223	0.01354	0.57099	0.03343	0.00378	0.00236	0.00340
26	0.04313	0.02688	0.01127	0.03347	0.01269	0.23115	0.00723	0.13624	0.04288	0.07772	0.02232	0.05515	0.00906	0.00513	0.00410	0.00115	0.00510	0.00392	0.00331	0.26809
27	0.10308	0.01068	0.01142	0.08960	0.08976	0.16764	0.03406	0.07209	0.02930	0.05005	0.02348	0.02418	0.01992	0.02752	0.21385	0.00298	0.01781	0.00431	0.00286	0.00541
28	0.01218	0.05598	0.01631	0.14838	0.37339	0.07097	0.04077	0.10424	0.03173	0.04603	0.01054	0.01271	0.03277	0.01860	0.00482	0.00143	0.00556	0.00424	0.00276	0.00657
29	0.14277	0.00887	0.01302	0.09358	0.32034	0.00934	0.03665	0.02268	0.07519	0.04089	0.06148	0.08456	0.01196	0.01560	0.02077	0.02349	0.00473	0.00508	0.00302	0.00596
30	0.07307	0.02472	0.01136	0.06807	0.07181	0.16751	0.00785	0.13596	0.10568	0.08120	0.06770	0.06227	0.03635	0.01976	0.00477	0.00143	0.00491	0.00487	0.00362	0.04709
31	0.06997	0.01030	0.01225	0.10412	0.19148	0.09879	0.01662	0.10586	0.05435	0.09253	0.06219	0.04897	0.08169	0.00605	0.00458	0.00141	0.00481	0.00506	0.00346	0.02551
32	0.12306	0.09294	0.04540	0.09011	0.15981	0.04040	0.00880	0.10764	0.09610	0.01647	0.03085	0.08326	0.05062	0.02945	0.00487	0.00151	0.00463	0.00498	0.00317	0.00594
33	0.07953	0.01086	0.01223	0.13411	0.13518	0.11970	0.01742	0.13399	0.03781	0.08590	0.05018	0.01473	0.07036	0.00546	0.00441	0.00135	0.00500	0.00443	0.00334	0.07401

[dist]
# distance from previous block
# <min> <max>
5	195

[block]
# block no. 2 follows, 56 sequences, length 9
# corresponding to MSA columns:
# 869-877
name=unknown_C
#
# <colnr> <probs for GDERKNQSTAVLIFYWHMCP>
#	G	D	E	R	K	N	Q	S	T	A	V	L	I	F	Y	W	H	M	C	P
0	0.02740	0.09636	0.16179	0.04748	0.08556	0.06118	0.11175	0.09013	0.01171	0.14135	0.03163	0.03408	0.04043	0.00537	0.00487	0.00142	0.03342	0.00451	0.00314	0.00641
1	0.08014	0.06425	0.05588	0.06239	0.06966	0.08113	0.03824	0.09727	0.03100	0.07789	0.06173	0.11286	0.04317	0.01781	0.02803	0.00169	0.03476	0.03303	0.00340	0.00566
2	0.05432	0.00641	0.03727	0.00728	0.00838	0.04118	0.00573	0.00884	0.00825	0.01190	0.06849	0.12348	0.01571	0.09165	0.48392	0.00521	0.00886	0.00606	0.00289	0.00416
3	0.00974	0.02547	0.07656	0.11631	0.17742	0.07668	0.11989	0.01218	0.00996	0.02631	0.01375	0.09537	0.05263	0.05392	0.06239	0.00209	0.00608	0.05507	0.00274	0.00546
4	0.02382	0.05880	0.06396	0.05042	0.06792	0.08284	0.14222	0.10486	0.02881	0.05091	0.00975	0.03395	0.00817	0.02599	0.00644	0.00150	0.12242	0.01664	0.00283	0.09773
5	0.04957	0.04836	0.01610	0.06243	0.08420	0.15090	0.16904	0.09596	0.01228	0.18439	0.01087	0.01275	0.00818	0.00512	0.00511	0.00143	0.04659	0.02701	0.00330	0.00640
6	0.00666	0.00490	0.00649	0.00754	0.04127	0.00475	0.00497	0.05735	0.00997	0.01342	0.07783	0.69238	0.02884	0.01303	0.00569	0.00178	0.00290	0.01177	0.00425	0.00418
7	0.01068	0.01157	0.12421	0.03319	0.24357	0.03909	0.14149	0.01415	0.05419	0.07520	0.09240	0.04685	0.06374	0.00593	0.00489	0.00147	0.00527	0.02273	0.00314	0.00624
8	0.01223	0.01037	0.01192	0.05451	0.04253	0.01180	0.03190	0.14737	0.58066	0.02008	0.01624	0.01553	0.01213	0.00588	0.00467	0.00152	0.00419	0.00493	0.00436	0.00721

[dist]
# distance from previous block
# <min> <max>
4	9

[block]
# block no. 3 follows, 56 sequences, length 8
# corresponding to MSA columns:
# 887-894
name=unknown_D
#
# <colnr> <probs for GDERKNQSTAVLIFYWHMCP>
#	G	D	E	R	K	N	Q	S	T	A	V	L	I	F	Y	W	H	M	C	P
0	0.02819	0.05245	0.16884	0.00988	0.03204	0.00877	0.07236	0.09344	0.01114	0.03624	0.04104	0.06113	0.04977	0.00544	0.00428	0.00121	0.00460	0.02294	0.00305	0.29317
1	0.01745	0.01286	0.01378	0.01056	0.01424	0.01424	0.00873	0.79471	0.02159	0.02893	0.01102	0.01102	0.00781	0.00551	0.00459	0.00138	0.00505	0.00413	0.00459	0.00781
2	0.03648	0.08450	0.12700	0.03271	0.08349	0.09335	0.04805	0.09335	0.09371	0.01527	0.05153	0.03274	0.04361	0.08706	0.00693	0.00172	0.05491	0.00475	0.00300	0.00582
3	0.00726	0.03069	0.14812	0.00749	0.00968	0.00622	0.00686	0.04806	0.03061	0.01397	0.07582	0.29154	0.23806	0.01053	0.00531	0.00164	0.00356	0.05598	0.00387	0.00472
4	0.00891	0.00831	0.01347	0.75562	0.02989	0.01031	0.01227	0.01284	0.07892	0.01239	0.00909	0.01267	0.00681	0.00473	0.00460	0.00153	0.00590	0.00418	0.00227	0.00529
5	0.04744	0.06291	0.07872	0.04377	0.10396	0.03013	0.03841	0.18618	0.12049	0.04667	0.01295	0.05425	0.04080	0.02034	0.01899	0.00156	0.03112	0.00471	0.00341	0.05318
6	0.09148	0.02600	0.07572	0.07247	0.06281	0.06851	0.04942	0.11480	0.05280	0.04634	0.03443	0.01529	0.09908	0.00625	0.02447	0.00147	0.01907	0.00449	0.00320	0.13189
7	0.02902	0.02532	0.00999	0.03406	0.09129	0.06043	0.00700	0.05237	0.09461	0.07834	0.08071	0.19981	0.09605	0.02620	0.00607	0.00161	0.06524	0.00699	0.00378	0.03111

[dist]
# distance from previous block
# <min> <max>
18	97

[block]
# block no. 4 follows, 56 sequences, length 14
# corresponding to MSA columns:
# 1013-1026
name=unknown_E
#
# <colnr> <probs for GDERKNQSTAVLIFYWHMCP>
#	G	D	E	R	K	N	Q	S	T	A	V	L	I	F	Y	W	H	M	C	P
0	0.06082	0.06008	0.01280	0.03029	0.07545	0.13566	0.02723	0.07342	0.09467	0.06203	0.04995	0.04321	0.01032	0.00639	0.02192	0.00152	0.12965	0.00432	0.00315	0.09713
1	0.07590	0.02355	0.05897	0.02193	0.05654	0.04164	0.01889	0.07436	0.05775	0.07683	0.12139	0.07623	0.07865	0.06718	0.00633	0.00165	0.03103	0.02921	0.00367	0.07830
2	0.03011	0.04338	0.01306	0.19749	0.14176	0.02621	0.02355	0.04167	0.04771	0.02789	0.02286	0.10375	0.01062	0.00621	0.00580	0.00146	0.10564	0.02377	0.00282	0.12424
3	0.05686	0.01013	0.03364	0.04892	0.10024	0.06177	0.03453	0.09627	0.16059	0.04339	0.05355	0.03408	0.09287	0.00641	0.00504	0.00144	0.03870	0.03380	0.00358	0.08420
4	0.01122	0.00915	0.01341	0.02770	0.26189	0.00987	0.03303	0.11023	0.03241	0.07539	0.07084	0.09193	0.05040	0.00712	0.00661	0.00158	0.14008	0.03761	0.00339	0.00612
5	0.01028	0.00975	0.01450	0.07070	0.39039	0.02616	0.04295	0.01442	0.14189	0.01487	0.01572	0.01704	0.12595	0.00570	0.00507	0.00143	0.03592	0.00506	0.00297	0.04923
6	0.01017	0.00995	0.01525	0.28309	0.40332	0.05141	0.01221	0.01270	0.01000	0.01331	0.01179	0.01447	0.08104	0.00518	0.00514	0.00146	0.04656	0.00454	0.00237	0.00604
7	0.00618	0.00523	0.00548	0.00563	0.00684	0.03682	0.00414	0.00748	0.01066	0.01332	0.17463	0.20971	0.45098	0.01157	0.00549	0.00160	0.00267	0.03326	0.00433	0.00399
8	0.01193	0.01109	0.01818	0.02655	0.73622	0.01122	0.01359	0.08648	0.01149	0.01629	0.00886	0.01133	0.00732	0.00422	0.00455	0.00136	0.00542	0.00409	0.00249	0.00732
9	0.01270	0.06164	0.04409	0.00995	0.06279	0.07962	0.05501	0.06106	0.08528	0.20035	0.09430	0.02048	0.13159	0.05372	0.00577	0.00158	0.00447	0.00555	0.00399	0.00604
10	0.01272	0.01037	0.01060	0.00973	0.05109	0.08498	0.00724	0.21851	0.24233	0.07441	0.02042	0.07067	0.15252	0.00723	0.00480	0.00147	0.00425	0.00590	0.00429	0.00644
11	0.01333	0.00950	0.01174	0.01124	0.12282	0.00967	0.00782	0.27826	0.05012	0.12304	0.07123	0.05261	0.04443	0.03755	0.00557	0.00147	0.02546	0.00508	0.00405	0.11502
12	0.01231	0.10659	0.02875	0.04287	0.04454	0.03320	0.00730	0.08695	0.10579	0.12893	0.03058	0.04296	0.02880	0.00518	0.00410	0.00116	0.00416	0.00418	0.00353	0.27811
13	0.01117	0.01157	0.09079	0.04218	0.47666	0.03627	0.02799	0.04377	0.03275	0.04006	0.00970	0.01248	0.00801	0.02856	0.08065	0.00200	0.00617	0.00417	0.00255	0.03251

[dist]
# distance from previous block
# <min> <max>
1	34

[block]
# block no. 5 follows, 56 sequences, length 8
# corresponding to MSA columns:
# 1061-1068
name=unknown_F
#
# <colnr> <probs for GDERKNQSTAVLIFYWHMCP>
#	G	D	E	R	K	N	Q	S	T	A	V	L	I	F	Y	W	H	M	C	P
0	0.02690	0.05378	0.09808	0.01028	0.01348	0.13568	0.04872	0.15102	0.22265	0.07733	0.01425	0.09025	0.02490	0.00623	0.00459	0.00145	0.00511	0.00508	0.00376	0.00650
1	0.01301	0.01307	0.01449	0.01600	0.26209	0.20338	0.04806	0.11275	0.10701	0.01652	0.05759	0.01252	0.00992	0.00491	0.00445	0.00129	0.00558	0.00414	0.00308	0.09015
2	0.05982	0.00694	0.00727	0.00717	0.00843	0.07416	0.00519	0.01011	0.05010	0.03730	0.07417	0.44129	0.02233	0.04667	0.00623	0.00171	0.03243	0.00888	0.00383	0.09596
3	0.00728	0.00511	0.00601	0.00596	0.00651	0.00515	0.00391	0.07380	0.00906	0.01216	0.07553	0.21520	0.04844	0.44820	0.05484	0.00341	0.00423	0.00807	0.00348	0.00364
4	0.45814	0.05636	0.00921	0.00706	0.01003	0.04923	0.00580	0.06365	0.01041	0.13769	0.08192	0.01154	0.00984	0.00496	0.00356	0.00133	0.00387	0.00348	0.00350	0.06842
5	0.01058	0.00979	0.01296	0.01041	0.03032	0.10986	0.18255	0.01241	0.00967	0.05796	0.01062	0.01585	0.00966	0.20666	0.05879	0.00231	0.00586	0.00458	0.00274	0.23642
6	0.07973	0.18800	0.03594	0.01043	0.05757	0.24947	0.00821	0.14208	0.06405	0.01605	0.05827	0.01258	0.04853	0.00532	0.00407	0.00127	0.00552	0.00388	0.00307	0.00596
7	0.05604	0.10968	0.01179	0.00884	0.03346	0.07612	0.00688	0.14162	0.18464	0.03784	0.07173	0.04153	0.05135	0.03513	0.00493	0.00141	0.00424	0.00476	0.00370	0.11429

[dist]
# distance from previous block
# <min> <max>
5	54

[block]
# block no. 6 follows, 56 sequences, length 41
# corresponding to MSA columns:
# 1123-1163
name=unknown_G
#
# <colnr> <probs for GDERKNQSTAVLIFYWHMCP>
#	G	D	E	R	K	N	Q	S	T	A	V	L	I	F	Y	W	H	M	C	P
0	0.07165	0.12210	0.12453	0.00981	0.01358	0.10001	0.05098	0.09526	0.11596	0.09554	0.02513	0.02906	0.00900	0.00499	0.00412	0.00128	0.00506	0.00391	0.00328	0.11472
1	0.04723	0.38662	0.18329	0.03025	0.03189	0.02601	0.00979	0.09924	0.07174	0.03087	0.00953	0.02708	0.01904	0.00478	0.00377	0.00125	0.00515	0.00350	0.00266	0.00632
2	0.02664	0.06119	0.07423	0.00985	0.03304	0.11769	0.06535	0.04956	0.04952	0.14901	0.02518	0.01318	0.05136	0.00490	0.00417	0.00117	0.00487	0.00398	0.00332	0.25179
3	0.01257	0.06150	0.16270	0.00978	0.01313	0.07686	0.00904	0.01902	0.30179	0.15194	0.05292	0.02983	0.02668	0.00601	0.00503	0.00147	0.04448	0.00473	0.00386	0.00665
4	0.02255	0.00866	0.03154	0.05358	0.29587	0.03118	0.02631	0.03049	0.01069	0.01459	0.11282	0.05130	0.18183	0.04727	0.00570	0.00155	0.00428	0.00609	0.00320	0.06049
5	0.01084	0.28038	0.42975	0.01087	0.01597	0.05600	0.01251	0.05276	0.01019	0.01364	0.00799	0.00949	0.00631	0.00626	0.05716	0.00167	0.00655	0.00321	0.00213	0.00630
6	0.01715	0.02188	0.01301	0.01183	0.01419	0.82022	0.00887	0.01833	0.01301	0.01124	0.00710	0.00828	0.00591	0.00473	0.00414	0.00118	0.00828	0.00296	0.00237	0.00532
7	0.01174	0.64609	0.19283	0.00907	0.01357	0.03666	0.00983	0.01403	0.00950	0.01161	0.00680	0.00789	0.00588	0.00404	0.00328	0.00109	0.00539	0.00267	0.00197	0.00607
8	0.01227	0.84142	0.02406	0.00786	0.01178	0.01817	0.00786	0.01375	0.00933	0.01080	0.00638	0.00736	0.00589	0.00393	0.00295	0.00098	0.00491	0.00245	0.00196	0.00589
9	0.00703	0.00479	0.00555	0.00545	0.00566	0.00491	0.00330	0.03483	0.00731	0.00983	0.01434	0.04305	0.01614	0.71858	0.09702	0.00457	0.00517	0.00654	0.00284	0.00310
10	0.00856	0.00428	0.00428	0.00428	0.00535	0.00428	0.00321	0.01070	0.00963	0.01712	0.01498	0.01712	0.01177	0.00535	0.00321	0.00107	0.00214	0.00428	0.86414	0.00428
11	0.01644	0.01095	0.01196	0.00942	0.01254	0.03131	0.00759	0.50200	0.04373	0.17364	0.01293	0.01428	0.00970	0.09948	0.02113	0.00184	0.00493	0.00453	0.00451	0.00710
12	0.05434	0.01023	0.01145	0.00910	0.01241	0.03558	0.00741	0.29151	0.12073	0.34597	0.04293	0.01430	0.01116	0.00574	0.00455	0.00142	0.00433	0.00451	0.00492	0.00741
13	0.00856	0.00428	0.00428	0.00428	0.00535	0.00428	0.00321	0.01070	0.00963	0.01712	0.01498	0.01712	0.01177	0.00535	0.00321	0.00107	0.00214	0.00428	0.86414	0.00428
14	0.50484	0.00838	0.00811	0.06586	0.01068	0.03646	0.02169	0.01188	0.00821	0.01668	0.01006	0.11638	0.00988	0.06565	0.00589	0.00176	0.06365	0.02635	0.00291	0.00469
15	0.27517	0.01190	0.10620	0.05222	0.01747	0.02784	0.32368	0.01367	0.00952	0.01600	0.00895	0.01256	0.00726	0.00573	0.03399	0.00174	0.02573	0.04224	0.00252	0.00561
16	0.01118	0.00897	0.01007	0.00787	0.01130	0.00839	0.00627	0.14802	0.16976	0.03606	0.03647	0.03295	0.03865	0.00511	0.00408	0.00107	0.00365	0.00416	0.00366	0.45233
17	0.87108	0.00888	0.00675	0.00604	0.00888	0.01030	0.00497	0.01350	0.00781	0.02060	0.00639	0.00746	0.00497	0.00426	0.00284	0.00142	0.00355	0.00249	0.00284	0.00497
18	0.00877	0.00698	0.00818	0.06084	0.03874	0.00704	0.00589	0.16560	0.04733	0.01750	0.21905	0.03074	0.34765	0.00890	0.00514	0.00148	0.00325	0.00748	0.00432	0.00512
19	0.00668	0.00445	0.00501	0.00501	0.00501	0.00445	0.00278	0.00668	0.00668	0.00890	0.01447	0.03004	0.01669	0.83866	0.02337	0.00445	0.00445	0.00668	0.00278	0.00278
20	0.00557	0.00423	0.00514	0.00581	0.00652	0.00380	0.00402	0.00654	0.00948	0.01218	0.06075	0.55143	0.28135	0.01331	0.00570	0.00175	0.00254	0.01179	0.00429	0.00380
21	0.00856	0.00428	0.00428	0.00428	0.00535	0.00428	0.00321	0.01070	0.00963	0.01712	0.01498	0.01712	0.01177	0.00535	0.00321	0.00107	0.00214	0.00428	0.86414	0.00428
22	0.00856	0.00428	0.00428	0.00428	0.00535	0.00428	0.00321	0.01070	0.00963	0.01712	0.01498	0.01712	0.01177	0.00535	0.00321	0.00107	0.00214	0.00428	0.86414	0.00428
23	0.01090	0.47526	0.37818	0.01020	0.01540	0.01481	0.01193	0.01410	0.00949	0.01248	0.00721	0.00841	0.00586	0.00412	0.00358	0.00119	0.00575	0.00287	0.00195	0.00629
24	0.16283	0.01063	0.01077	0.02375	0.03988	0.04307	0.00750	0.15140	0.44577	0.03482	0.01426	0.01376	0.01066	0.00559	0.00431	0.00148	0.00415	0.00439	0.00414	0.00685
25	0.00856	0.00428	0.00428	0.00428	0.00535	0.00428	0.00321	0.01070	0.00963	0.01712	0.01498	0.01712	0.01177	0.00535	0.00321	0.00107	0.00214	0.00428	0.86414	0.00428
26	0.00952	0.00816	0.00952	0.00680	0.01088	0.00612	0.00544	0.01156	0.00952	0.01496	0.00816	0.00952	0.00680	0.00340	0.00340	0.00068	0.00340	0.00272	0.00272	0.86672
27	0.01095	0.01049	0.01789	0.15125	0.69019	0.01080	0.01388	0.01373	0.01026	0.01450	0.00856	0.01150	0.00709	0.00417	0.00455	0.00139	0.00556	0.00409	0.00224	0.00694
28	0.01745	0.01286	0.01378	0.01056	0.01424	0.01424	0.00873	0.79471	0.02159	0.02893	0.01102	0.01102	0.00781	0.00551	0.00459	0.00138	0.00505	0.00413	0.00459	0.00781
29	0.00668	0.00445	0.00501	0.00501	0.00501	0.00445	0.00278	0.00668	0.00668	0.00890	0.01447	0.03004	0.01669	0.83866	0.02337	0.00445	0.00445	0.00668	0.00278	0.00278
30	0.01004	0.01004	0.01406	0.01205	0.01205	0.01406	0.01004	0.01105	0.00703	0.01105	0.00603	0.01004	0.00603	0.00804	0.01507	0.00201	0.83025	0.00402	0.00201	0.00502
31	0.00662	0.00443	0.00502	0.00508	0.00510	0.00441	0.00286	0.00666	0.00679	0.00905	0.01505	0.07333	0.01743	0.79437	0.02243	0.00431	0.00435	0.00702	0.00286	0.00283
32	0.01154	0.00678	0.00828	0.00760	0.00961	0.00669	0.00582	0.01588	0.21363	0.24395	0.05239	0.26945	0.07031	0.00918	0.00513	0.00161	0.00329	0.03281	0.00478	0.02129
33	0.00856	0.00428	0.00428	0.00428	0.00535	0.00428	0.00321	0.01070	0.00963	0.01712	0.01498	0.01712	0.01177	0.00535	0.00321	0.00107	0.00214	0.00428	0.86414	0.00428
34	0.00778	0.00438	0.00480	0.00504	0.00595	0.00435	0.00365	0.00989	0.03304	0.01579	0.04601	0.23499	0.01789	0.00792	0.00403	0.00131	0.00232	0.00678	0.57984	0.00422
35	0.01405	0.43287	0.06131	0.00981	0.01316	0.35698	0.00873	0.01561	0.01086	0.01118	0.00691	0.00810	0.00602	0.00495	0.02106	0.00123	0.00659	0.00277	0.00214	0.00566
36	0.00952	0.00816	0.00952	0.00680	0.01088	0.00612	0.00544	0.01156	0.00952	0.01496	0.00816	0.00952	0.00680	0.00340	0.00340	0.00068	0.00340	0.00272	0.00272	0.86672
37	0.00952	0.00816	0.00952	0.00680	0.01088	0.00612	0.00544	0.01156	0.00952	0.01496	0.00816	0.00952	0.00680	0.00340	0.00340	0.00068	0.00340	0.00272	0.00272	0.86672
38	0.00581	0.00427	0.00541	0.00608	0.00665	0.00400	0.00421	0.00677	0.00911	0.01197	0.06594	0.52634	0.16269	0.07792	0.05058	0.00229	0.00329	0.03884	0.00409	0.00375
39	0.01133	0.54764	0.21480	0.05340	0.01487	0.01567	0.01044	0.02760	0.00953	0.01209	0.00700	0.00837	0.00593	0.00427	0.00393	0.00118	0.04102	0.00287	0.00201	0.00606
40	0.01000	0.05347	0.39301	0.01021	0.01555	0.00910	0.02794	0.02724	0.00994	0.03915	0.00849	0.00978	0.00645	0.00400	0.00394	0.00111	0.00521	0.00317	0.00243	0.35980

[dist]
# distance from previous block
# <min> <max>
0	2

[block]
# block no. 7 follows, 56 sequences, length 20
# corresponding to MSA columns:
# 1238-1240,1242-1258
name=unknown_H
#
# <colnr> <probs for GDERKNQSTAVLIFYWHMCP>
#	G	D	E	R	K	N	Q	S	T	A	V	L	I	F	Y	W	H	M	C	P
0	0.00696	0.00457	0.00580	0.00621	0.00708	0.00413	0.00434	0.00810	0.00947	0.05632	0.06895	0.58050	0.06746	0.01200	0.00536	0.00166	0.00269	0.01073	0.07883	0.05884
1	0.00998	0.00843	0.00977	0.00702	0.01107	0.00659	0.00563	0.05702	0.01022	0.01577	0.00833	0.00961	0.00686	0.00352	0.00347	0.00072	0.00350	0.00280	0.00283	0.81686
2	0.00984	0.17824	0.62071	0.03398	0.04136	0.01208	0.01504	0.01430	0.00963	0.01377	0.00790	0.00937	0.00588	0.00428	0.00410	0.00136	0.00637	0.00325	0.00196	0.00658
3	0.50565	0.36313	0.01411	0.00681	0.01011	0.01365	0.00620	0.01360	0.00846	0.01643	0.00639	0.00742	0.00536	0.00412	0.00289	0.00123	0.00413	0.00247	0.00247	0.00536
4	0.01443	0.41155	0.09918	0.00951	0.01334	0.18101	0.00895	0.09570	0.01181	0.10311	0.00851	0.00909	0.00670	0.00450	0.00369	0.00116	0.00570	0.00307	0.00273	0.00628
5	0.00797	0.00399	0.00598	0.00598	0.00598	0.00399	0.00399	0.00598	0.00598	0.00797	0.00797	0.01396	0.00797	0.01595	0.01794	0.86643	0.00399	0.00399	0.00199	0.00199
6	0.01157	0.00926	0.01001	0.00856	0.01022	0.05830	0.00657	0.29915	0.01286	0.01708	0.01273	0.03804	0.03358	0.24000	0.12156	0.00311	0.09354	0.00523	0.00338	0.00526
7	0.00856	0.00428	0.00428	0.00428	0.00535	0.00428	0.00321	0.01070	0.00963	0.01712	0.01498	0.01712	0.01177	0.00535	0.00321	0.00107	0.00214	0.00428	0.86414	0.00428
8	0.01187	0.05082	0.03289	0.18915	0.05760	0.14693	0.07814	0.01511	0.08260	0.06623	0.00948	0.01141	0.00742	0.00530	0.01629	0.00144	0.08889	0.00387	0.00270	0.12184
9	0.01005	0.09351	0.61605	0.01300	0.01895	0.03586	0.07741	0.03109	0.01002	0.01432	0.00811	0.00970	0.00597	0.00444	0.00467	0.00143	0.03331	0.00349	0.00204	0.00658
10	0.00856	0.00428	0.00428	0.00428	0.00535	0.00428	0.00321	0.01070	0.00963	0.01712	0.01498	0.01712	0.01177	0.00535	0.00321	0.00107	0.00214	0.00428	0.86414	0.00428
11	0.00904	0.02481	0.03573	0.13040	0.18573	0.02844	0.08821	0.01204	0.06245	0.01367	0.08257	0.09366	0.05139	0.05315	0.07504	0.00217	0.02317	0.01993	0.00298	0.00541
12	0.01235	0.00635	0.00785	0.00680	0.00858	0.00609	0.00503	0.04499	0.06410	0.29918	0.07044	0.07225	0.03619	0.27979	0.02826	0.00257	0.00400	0.00619	0.03364	0.00535
13	0.01179	0.01157	0.04915	0.06478	0.57355	0.05655	0.05830	0.01449	0.01063	0.06179	0.00968	0.03957	0.00809	0.00460	0.00462	0.00140	0.00565	0.00441	0.00253	0.00688
14	0.01036	0.00988	0.01534	0.14588	0.10784	0.07877	0.22068	0.01325	0.03759	0.05684	0.03286	0.06024	0.08714	0.02427	0.00550	0.00161	0.00564	0.07771	0.00306	0.00555
15	0.06253	0.03944	0.01265	0.12445	0.08465	0.17703	0.02699	0.04512	0.01012	0.04022	0.01037	0.06048	0.02165	0.03157	0.03707	0.02997	0.14816	0.02960	0.00267	0.00524
16	0.00936	0.00768	0.00862	0.02352	0.02580	0.05002	0.00570	0.01142	0.02519	0.03627	0.01384	0.02835	0.07326	0.02290	0.09340	0.00178	0.01776	0.03208	0.10815	0.40493
17	0.04897	0.06022	0.06009	0.03023	0.07334	0.04499	0.04757	0.11027	0.05691	0.04703	0.00933	0.01047	0.00730	0.00428	0.00413	0.00110	0.01931	0.00343	0.00299	0.35804
18	0.01207	0.01217	0.02350	0.00995	0.05923	0.23363	0.00727	0.12242	0.06911	0.01565	0.04279	0.10238	0.07043	0.02704	0.00492	0.00135	0.00498	0.00520	0.02028	0.15564
19	0.02441	0.00974	0.01251	0.06343	0.29198	0.07112	0.00913	0.06788	0.05833	0.05138	0.01623	0.06702	0.12437	0.03015	0.00515	0.00146	0.00464	0.00537	0.00320	0.08248

[dist]
# distance from previous block
# <min> <max>
1	34

[block]
# block no. 8 follows, 56 sequences, length 28
# corresponding to MSA columns:
# 1310-1319,1326-1343
name=unknown_I
#
# <colnr> <probs for GDERKNQSTAVLIFYWHMCP>
#	G	D	E	R	K	N	Q	S	T	A	V	L	I	F	Y	W	H	M	C	P
0	0.30670	0.13500	0.02776	0.03687	0.06909	0.07052	0.05574	0.05495	0.00970	0.01608	0.00828	0.03367	0.00719	0.03097	0.03921	0.00166	0.02234	0.00355	0.00265	0.06806
1	0.07783	0.00744	0.00812	0.03352	0.04682	0.06752	0.01637	0.04076	0.01052	0.02802	0.08916	0.07309	0.25022	0.03318	0.07464	0.00207	0.02158	0.05669	0.02210	0.04035
2	0.41464	0.01024	0.01169	0.07590	0.13461	0.02512	0.04947	0.14811	0.03624	0.01981	0.00827	0.00968	0.00636	0.00450	0.00377	0.00140	0.00460	0.00339	0.00301	0.02917
3	0.00623	0.00438	0.00546	0.00604	0.00676	0.00401	0.00423	0.00722	0.00945	0.03757	0.06654	0.50835	0.20148	0.06489	0.00682	0.00193	0.00279	0.04770	0.00425	0.00388
4	0.00668	0.00445	0.00501	0.00501	0.00501	0.00445	0.00278	0.00668	0.00668	0.00890	0.01447	0.03004	0.01669	0.83866	0.02337	0.00445	0.00445	0.00668	0.00278	0.00278
5	0.62991	0.00974	0.00842	0.00717	0.01012	0.03098	0.00588	0.12844	0.02536	0.08132	0.00820	0.00884	0.00608	0.00466	0.00351	0.00142	0.01799	0.00298	0.00332	0.00565
6	0.01200	0.01110	0.04301	0.02194	0.48731	0.01054	0.12718	0.03816	0.03655	0.07962	0.00979	0.01183	0.00769	0.00434	0.00482	0.00137	0.02260	0.00425	0.00271	0.06319
7	0.00559	0.00400	0.00533	0.00639	0.00666	0.00373	0.00426	0.00639	0.00879	0.01172	0.02530	0.83566	0.03036	0.01438	0.00586	0.00186	0.00266	0.01305	0.00426	0.00373
8	0.00609	0.00441	0.00582	0.00663	0.00716	0.00422	0.00471	0.00760	0.03522	0.01304	0.12494	0.62214	0.03106	0.01330	0.00582	0.00183	0.00280	0.09487	0.00437	0.00397
9	0.01087	0.06064	0.03474	0.05290	0.01060	0.29368	0.00624	0.01172	0.00933	0.01022	0.01103	0.03276	0.01156	0.40982	0.01347	0.00280	0.00596	0.00498	0.00254	0.00413
10	0.01189	0.11944	0.02213	0.07111	0.11533	0.09286	0.39355	0.05629	0.01112	0.01430	0.00850	0.01103	0.00671	0.00430	0.00518	0.00143	0.04191	0.00442	0.00236	0.00616
11	0.00764	0.00509	0.00642	0.00670	0.00773	0.00485	0.00491	0.04239	0.03429	0.07449	0.11052	0.47624	0.11461	0.01212	0.00562	0.00174	0.00292	0.07280	0.00448	0.00444
12	0.01052	0.10571	0.35094	0.05145	0.07715	0.03938	0.13523	0.02839	0.01045	0.03810	0.06887	0.01213	0.00917	0.00483	0.00490	0.00142	0.03850	0.00412	0.00244	0.00630
13	0.11643	0.00963	0.01130	0.16511	0.09079	0.04461	0.00834	0.19380	0.08248	0.03168	0.06203	0.01595	0.04115	0.08833	0.00646	0.00174	0.01622	0.00469	0.00341	0.00584
14	0.00999	0.00860	0.01301	0.30223	0.13862	0.00959	0.04567	0.04230	0.14104	0.04233	0.03382	0.03383	0.03931	0.00680	0.02019	0.00168	0.01854	0.08346	0.00316	0.00583
15	0.01694	0.05676	0.01348	0.01166	0.01409	0.78609	0.00883	0.01814	0.01285	0.01122	0.00707	0.00824	0.00591	0.00470	0.00409	0.00117	0.00814	0.00294	0.00235	0.00535
16	0.01026	0.00861	0.00991	0.00720	0.01120	0.00698	0.00578	0.07878	0.03572	0.01629	0.00874	0.00989	0.00712	0.00367	0.00354	0.00077	0.00355	0.00292	0.00294	0.76614
17	0.01071	0.00911	0.01332	0.22250	0.25251	0.03265	0.02745	0.06979	0.05249	0.06226	0.08625	0.01747	0.06900	0.04807	0.00568	0.00160	0.00496	0.00510	0.00314	0.00597
18	0.01117	0.01346	0.14210	0.01581	0.02028	0.02441	0.49243	0.09310	0.01193	0.03031	0.06314	0.01345	0.00952	0.00457	0.00507	0.00149	0.00672	0.00509	0.02966	0.00627
19	0.00666	0.00451	0.00532	0.00532	0.00543	0.00462	0.00317	0.00688	0.00677	0.00913	0.01418	0.02846	0.01600	0.73286	0.12823	0.00484	0.00548	0.00645	0.00274	0.00296
20	0.03491	0.01063	0.05566	0.10407	0.03731	0.04919	0.29287	0.06785	0.02871	0.05159	0.03704	0.13371	0.03720	0.00627	0.00500	0.00153	0.00567	0.00610	0.02899	0.00571
21	0.00590	0.00432	0.00565	0.00640	0.00697	0.00392	0.00435	0.00683	0.00897	0.01215	0.04748	0.75228	0.02906	0.01344	0.00567	0.00177	0.00270	0.01217	0.00417	0.06580
22	0.01054	0.00830	0.00972	0.00708	0.01105	0.00655	0.00568	0.02909	0.04287	0.07122	0.00935	0.01029	0.00744	0.00372	0.00356	0.00078	0.00348	0.00298	0.00305	0.75324
23	0.01171	0.01076	0.01612	0.10538	0.35760	0.06301	0.08762	0.07604	0.01140	0.05208	0.05218	0.04402	0.00998	0.00521	0.00523	0.00143	0.04883	0.00469	0.00283	0.03390
24	0.01128	0.02464	0.05863	0.13623	0.16328	0.03862	0.07175	0.14789	0.04790	0.03014	0.01187	0.06293	0.03496	0.01851	0.03384	0.00167	0.02998	0.00484	0.00301	0.06803
25	0.00557	0.00444	0.00495	0.00527	0.00634	0.00387	0.00375	0.00663	0.00994	0.01236	0.07481	0.29556	0.50025	0.03726	0.00610	0.00173	0.00249	0.01060	0.00426	0.00382
26	0.00934	0.00880	0.01470	0.48838	0.29289	0.00992	0.01245	0.01216	0.00979	0.01307	0.03346	0.01433	0.05150	0.00494	0.00464	0.00147	0.00557	0.00451	0.00233	0.00575
27	0.01125	0.39132	0.39459	0.01053	0.01578	0.01433	0.01220	0.07645	0.01048	0.01400	0.00762	0.00875	0.00601	0.00426	0.00374	0.00124	0.00580	0.00303	0.00216	0.00646

[dist]
# distance from previous block
# <min> <max>
0	1

[block]
# block no. 9 follows, 56 sequences, length 22
# corresponding to MSA columns:
# 1345-1361,1363-1367
name=unknown_J
#
# <colnr> <probs for GDERKNQSTAVLIFYWHMCP>
#	G	D	E	R	K	N	Q	S	T	A	V	L	I	F	Y	W	H	M	C	P
0	0.01203	0.00896	0.01094	0.17477	0.01560	0.01013	0.00816	0.07200	0.41295	0.12421	0.01601	0.05197	0.01234	0.02080	0.02694	0.00174	0.00447	0.00518	0.00416	0.00662
1	0.00666	0.00450	0.00524	0.00524	0.00533	0.00458	0.00308	0.00683	0.00675	0.00908	0.01425	0.02884	0.01617	0.75818	0.10312	0.00474	0.00524	0.00650	0.00275	0.00291
2	0.01038	0.09855	0.13424	0.01059	0.04602	0.00913	0.12235	0.04814	0.01126	0.09811	0.13371	0.03032	0.14299	0.00668	0.00514	0.00143	0.03429	0.01718	0.00345	0.03605
3	0.37157	0.19005	0.02784	0.00835	0.01145	0.16702	0.00712	0.09721	0.02464	0.03123	0.00746	0.00838	0.00595	0.00455	0.00362	0.00129	0.02092	0.00287	0.00280	0.00566
4	0.00644	0.00469	0.00606	0.00572	0.00682	0.00431	0.00429	0.00856	0.01286	0.01810	0.76816	0.03481	0.08294	0.00950	0.00542	0.00145	0.00217	0.00837	0.00501	0.00431
5	0.01250	0.01057	0.03854	0.08321	0.21868	0.01100	0.02341	0.23103	0.12281	0.05380	0.05477	0.01446	0.02571	0.00702	0.04751	0.00176	0.02826	0.00465	0.00356	0.00678
6	0.01274	0.00997	0.01078	0.00932	0.01206	0.01121	0.00738	0.17796	0.54146	0.06223	0.05814	0.01766	0.01448	0.00640	0.00474	0.00152	0.00387	0.02620	0.00472	0.00717
7	0.59707	0.08861	0.03146	0.00726	0.01030	0.07468	0.00618	0.03700	0.06586	0.03485	0.00775	0.00853	0.00601	0.00447	0.00321	0.00137	0.00419	0.00283	0.00293	0.00544
8	0.01250	0.13473	0.08477	0.04627	0.13121	0.04334	0.03316	0.15187	0.02691	0.06493	0.00965	0.03295	0.00779	0.00485	0.00461	0.00125	0.04142	0.00384	0.00298	0.16096
9	0.03348	0.02879	0.03433	0.15426	0.01464	0.13147	0.04064	0.01177	0.03125	0.01164	0.01089	0.04923	0.03061	0.13252	0.09195	0.00260	0.17781	0.00487	0.00249	0.00475
10	0.79242	0.03293	0.00766	0.00646	0.00924	0.03974	0.00533	0.01361	0.00802	0.01972	0.00641	0.00756	0.00506	0.00437	0.00323	0.00142	0.02649	0.00254	0.00278	0.00501
11	0.01055	0.10266	0.41481	0.01317	0.01829	0.03459	0.17283	0.06419	0.02718	0.01517	0.04705	0.01140	0.00817	0.00471	0.00488	0.00143	0.03604	0.00404	0.00241	0.00642
12	0.00656	0.00492	0.00738	0.00738	0.00820	0.00574	0.00574	0.00820	0.00738	0.01066	0.01230	0.01804	0.01148	0.03443	0.82046	0.00738	0.01230	0.00492	0.00246	0.00410
13	0.01182	0.01195	0.10724	0.04634	0.04500	0.03974	0.21201	0.12776	0.12324	0.07401	0.06130	0.04590	0.04434	0.00576	0.00488	0.00148	0.00541	0.00533	0.02011	0.00639
14	0.01237	0.79239	0.02331	0.00801	0.01185	0.03842	0.00786	0.01422	0.03620	0.01110	0.00682	0.00772	0.00617	0.00403	0.00303	0.00101	0.00495	0.00256	0.00207	0.00592
15	0.14825	0.22759	0.12339	0.00956	0.01305	0.13462	0.02977	0.08162	0.06881	0.03682	0.03317	0.03202	0.00846	0.00507	0.00419	0.00132	0.02983	0.00365	0.00285	0.00597
16	0.01326	0.13891	0.01433	0.10276	0.03478	0.12045	0.00879	0.23840	0.13606	0.01763	0.01114	0.06344	0.00933	0.00588	0.00512	0.00141	0.06421	0.00443	0.00335	0.00632
17	0.02215	0.08108	0.13100	0.03263	0.01108	0.00781	0.00776	0.05604	0.04027	0.01387	0.05022	0.15836	0.02724	0.10811	0.05032	0.00230	0.00483	0.18664	0.00341	0.00486
18	0.01091	0.01045	0.01792	0.08195	0.70120	0.01056	0.03302	0.01360	0.01030	0.01462	0.00936	0.04805	0.00821	0.00458	0.00463	0.00140	0.00543	0.00452	0.00235	0.00694
19	0.03278	0.06911	0.22457	0.00966	0.05808	0.00839	0.00902	0.01246	0.02956	0.01471	0.04369	0.05471	0.03755	0.00493	0.00399	0.00111	0.00440	0.00403	0.00272	0.37453
20	0.00995	0.13846	0.18299	0.00889	0.01299	0.04273	0.02476	0.01309	0.05062	0.01386	0.01008	0.01249	0.02496	0.02258	0.04732	0.00146	0.00514	0.02645	0.00258	0.34858
21	0.00775	0.00712	0.00871	0.07691	0.06623	0.07440	0.03881	0.00952	0.03082	0.01267	0.04396	0.38110	0.16058	0.01040	0.00532	0.00163	0.00384	0.02641	0.00368	0.03014

[dist]
# distance from previous block
# <min> <max>
3	16

[block]
# block no. 10 follows, 56 sequences, length 11
# corresponding to MSA columns:
# 1386-1396
name=unknown_K
#
# <colnr> <probs for GDERKNQSTAVLIFYWHMCP>
#	G	D	E	R	K	N	Q	S	T	A	V	L	I	F	Y	W	H	M	C	P
0	0.01065	0.10613	0.04678	0.00898	0.01112	0.13524	0.05005	0.03134	0.08061	0.06360	0.05670	0.21828	0.01762	0.05882	0.00604	0.00171	0.00472	0.08286	0.00357	0.00519
1	0.07809	0.36034	0.14041	0.01034	0.05422	0.02668	0.05381	0.06301	0.05411	0.01457	0.03686	0.04629	0.02052	0.00501	0.00385	0.00126	0.00502	0.00389	0.00264	0.01908
2	0.02653	0.25140	0.13114	0.02741	0.04867	0.02526	0.11495	0.12922	0.06672	0.01614	0.05468	0.01319	0.04380	0.00508	0.00421	0.00131	0.00523	0.00421	0.02461	0.00624
3	0.00933	0.08936	0.04462	0.00984	0.09631	0.04328	0.00710	0.01125	0.02760	0.08490	0.01636	0.20365	0.05536	0.02844	0.24783	0.00329	0.00662	0.00654	0.00322	0.00508
4	0.13351	0.19383	0.16808	0.01011	0.01391	0.19699	0.04802	0.05884	0.03703	0.03985	0.01028	0.01109	0.05042	0.00488	0.00393	0.00129	0.00578	0.00355	0.00267	0.00592
5	0.01002	0.04644	0.05470	0.00823	0.01137	0.13110	0.04678	0.03037	0.01079	0.01426	0.09425	0.02903	0.12237	0.03226	0.00483	0.00121	0.00441	0.00476	0.00309	0.33975
6	0.03966	0.38847	0.17906	0.01061	0.04896	0.16276	0.01003	0.05745	0.01068	0.01312	0.00745	0.00876	0.00622	0.00535	0.03262	0.00139	0.00616	0.00299	0.00224	0.00604
7	0.04471	0.03827	0.01234	0.06505	0.03383	0.05877	0.07171	0.16351	0.08936	0.10375	0.03358	0.11443	0.04788	0.00713	0.01846	0.00155	0.03195	0.00558	0.01540	0.04275
8	0.00843	0.00735	0.00964	0.00877	0.00949	0.00882	0.00688	0.05827	0.00937	0.01326	0.08509	0.25627	0.08347	0.02609	0.00971	0.00183	0.34235	0.00750	0.00333	0.04409
9	0.00723	0.00537	0.00685	0.00676	0.00770	0.00571	0.00500	0.05757	0.03720	0.01256	0.05533	0.12518	0.09914	0.17609	0.33836	0.00450	0.00708	0.03492	0.00333	0.00414
10	0.01219	0.57317	0.04967	0.01043	0.04295	0.06494	0.09377	0.02809	0.02846	0.01219	0.02114	0.00902	0.00693	0.00427	0.00382	0.00114	0.02649	0.00313	0.00220	0.00599

[dist]
# distance from previous block
# <min> <max>
1	15

[block]
# block no. 11 follows, 56 sequences, length 15
# corresponding to MSA columns:
# 1412-1426
name=unknown_L
#
# <colnr> <probs for GDERKNQSTAVLIFYWHMCP>
#	G	D	E	R	K	N	Q	S	T	A	V	L	I	F	Y	W	H	M	C	P
0	0.01331	0.21404	0.06528	0.02551	0.04793	0.13408	0.02294	0.17386	0.12474	0.02759	0.01021	0.01151	0.00817	0.00592	0.02957	0.00147	0.02067	0.01769	0.00310	0.04241
1	0.63401	0.04546	0.04686	0.00824	0.01151	0.04632	0.08645	0.04765	0.00909	0.01926	0.00700	0.00825	0.00542	0.00429	0.00331	0.00140	0.00445	0.00292	0.00277	0.00536
2	0.01178	0.08571	0.21849	0.07567	0.13754	0.19251	0.04768	0.03319	0.06989	0.01377	0.00905	0.01090	0.00718	0.00655	0.05917	0.00175	0.00685	0.00372	0.00241	0.00618
3	0.00837	0.00652	0.00737	0.00645	0.00838	0.03084	0.00472	0.03381	0.00982	0.03976	0.09198	0.18499	0.08452	0.15776	0.02731	0.00196	0.00367	0.00679	0.00353	0.28145
4	0.00651	0.00513	0.00689	0.00834	0.07316	0.02129	0.00532	0.00760	0.00872	0.01169	0.02149	0.54891	0.04831	0.05616	0.14483	0.00286	0.00472	0.01032	0.00368	0.00408
5	0.00634	0.00488	0.00602	0.00650	0.02499	0.00469	0.00447	0.00824	0.05842	0.01321	0.15604	0.32400	0.21630	0.08077	0.06149	0.00227	0.00341	0.00971	0.00413	0.00411
6	0.00856	0.00428	0.00428	0.00428	0.00535	0.00428	0.00321	0.01070	0.00963	0.01712	0.01498	0.01712	0.01177	0.00535	0.00321	0.00107	0.00214	0.00428	0.86414	0.00428
7	0.00742	0.00620	0.00900	0.00836	0.00904	0.00756	0.02356	0.00881	0.00757	0.01094	0.03119	0.01856	0.04330	0.09644	0.49572	0.00539	0.19904	0.00515	0.00251	0.00424
8	0.01059	0.01063	0.04082	0.21962	0.45603	0.03866	0.01279	0.01323	0.00985	0.01378	0.00850	0.01156	0.00699	0.00467	0.00547	0.00145	0.08363	0.00403	0.04140	0.00631
9	0.00856	0.00428	0.00428	0.00428	0.00535	0.00428	0.00321	0.01070	0.00963	0.01712	0.01498	0.01712	0.01177	0.00535	0.00321	0.00107	0.00214	0.00428	0.86414	0.00428
10	0.45498	0.01039	0.01126	0.16707	0.15579	0.08567	0.02735	0.01374	0.00910	0.01691	0.00726	0.00925	0.00573	0.00433	0.00366	0.00141	0.00492	0.00319	0.00253	0.00547
11	0.05086	0.09162	0.24913	0.01292	0.10453	0.01082	0.08904	0.01571	0.18964	0.01543	0.02823	0.08200	0.01119	0.00579	0.00454	0.00148	0.00519	0.02255	0.00299	0.00636
12	0.01474	0.01137	0.01210	0.00986	0.01302	0.01277	0.00796	0.45976	0.33372	0.02464	0.01423	0.01367	0.01043	0.00579	0.00458	0.00144	0.00439	0.00456	0.03350	0.00747
13	0.35186	0.05660	0.01302	0.13235	0.23317	0.01076	0.02884	0.01406	0.00929	0.07755	0.00823	0.01004	0.00639	0.00444	0.00408	0.00141	0.02586	0.00343	0.00270	0.00592
14	0.00683	0.00536	0.00794	0.00802	0.00919	0.00510	0.07128	0.00852	0.01006	0.01312	0.06174	0.27362	0.13367	0.03634	0.00646	0.00195	0.00372	0.32885	0.00408	0.00416

[dist]
# distance from previous block
# <min> <max>
1	10

[block]
# block no. 12 follows, 56 sequences, length 19
# corresponding to MSA columns:
# 1442-1460
name=unknown_M
#
# <colnr> <probs for GDERKNQSTAVLIFYWHMCP>
#	G	D	E	R	K	N	Q	S	T	A	V	L	I	F	Y	W	H	M	C	P
0	0.00956	0.00914	0.01572	0.55741	0.26568	0.01046	0.04168	0.01255	0.00962	0.01282	0.00834	0.01198	0.00650	0.00441	0.00461	0.00148	0.00598	0.00413	0.00212	0.00579
1	0.00890	0.00703	0.00899	0.00840	0.02632	0.00695	0.04827	0.01354	0.23164	0.05277	0.02034	0.33909	0.05644	0.02498	0.00539	0.00160	0.00345	0.00815	0.00406	0.12370
2	0.00562	0.00451	0.00505	0.00543	0.00658	0.00394	0.00400	0.00675	0.01000	0.01231	0.03880	0.26991	0.52774	0.01249	0.00562	0.00168	0.00257	0.06887	0.00426	0.00386
3	0.00820	0.00663	0.00751	0.00733	0.00907	0.00687	0.00585	0.03248	0.25654	0.01601	0.12894	0.03557	0.25322	0.00977	0.00539	0.00167	0.00324	0.19603	0.00449	0.00517
4	0.01128	0.00997	0.01400	0.15112	0.17655	0.03545	0.05339	0.05897	0.15824	0.05597	0.01263	0.01430	0.04780	0.00583	0.00645	0.00155	0.14796	0.00463	0.02769	0.00620
5	0.00856	0.00428	0.00428	0.00428	0.00535	0.00428	0.00321	0.01070	0.00963	0.01712	0.01498	0.01712	0.01177	0.00535	0.00321	0.00107	0.00214	0.00428	0.86414	0.00428
