[name]
unknown

[dist]
# distance from previous block
# <min> <max>
0	45

[block]
# block no. 0 follows, 69 sequences, length 7
# corresponding to MSA columns:
# 45-51
name=unknown_A
#
# <colnr> <probs for GDERKNQSTAVLIFYWHMCP>
#	G	D	E	R	K	N	Q	S	T	A	V	L	I	F	Y	W	H	M	C	P
0	0.10811	0.00968	0.06961	0.05915	0.32357	0.00933	0.05295	0.16514	0.04301	0.06048	0.00906	0.01160	0.00726	0.00432	0.00385	0.00124	0.00443	0.04875	0.00267	0.00578
1	0.01270	0.00949	0.01058	0.00902	0.04746	0.01037	0.00694	0.61400	0.04860	0.02129	0.01171	0.15764	0.01021	0.00600	0.00411	0.00125	0.00393	0.00489	0.00379	0.00602
2	0.00519	0.00398	0.00504	0.04122	0.00679	0.00384	0.00398	0.00667	0.05417	0.01083	0.07498	0.58101	0.16601	0.01086	0.00481	0.00150	0.00237	0.00969	0.00362	0.00346
3	0.01109	0.11183	0.09964	0.00775	0.01034	0.04373	0.02348	0.21144	0.09184	0.12183	0.01123	0.06686	0.00967	0.15422	0.00660	0.00164	0.00415	0.00428	0.00313	0.00525
4	0.00662	0.00347	0.00496	0.00496	0.00496	0.00347	0.00323	0.00521	0.00521	0.00695	0.00777	0.01431	0.00811	0.16134	0.01613	0.73238	0.00347	0.00380	0.00182	0.00182
5	0.00979	0.39408	0.12990	0.00895	0.08061	0.06242	0.00778	0.06516	0.00898	0.03292	0.00921	0.15584	0.00899	0.00514	0.00343	0.00110	0.00428	0.00407	0.00229	0.00504
6	0.01199	0.22870	0.06461	0.00935	0.03870	0.13230	0.06155	0.28654	0.04226	0.01571	0.04205	0.00945	0.00739	0.00423	0.00354	0.00108	0.00472	0.00324	0.02702	0.00556

[dist]
# distance from previous block
# <min> <max>
1	3

[block]
# block no. 1 follows, 69 sequences, length 32
# corresponding to MSA columns:
# 55-86
name=unknown_B
#
# <colnr> <probs for GDERKNQSTAVLIFYWHMCP>
#	G	D	E	R	K	N	Q	S	T	A	V	L	I	F	Y	W	H	M	C	P
0	0.00982	0.17680	0.19619	0.01221	0.16148	0.04695	0.10091	0.07091	0.07006	0.01298	0.00767	0.00889	0.00605	0.00368	0.00356	0.00108	0.00481	0.00312	0.00217	0.10065
1	0.00486	0.00357	0.00457	0.00522	0.00569	0.00328	0.00359	0.00574	0.00813	0.01075	0.11431	0.63952	0.14180	0.01146	0.00492	0.00152	0.00221	0.02191	0.00371	0.00327
2	0.00873	0.02156	0.07654	0.02262	0.01471	0.00901	0.36165	0.02347	0.11411	0.03683	0.01065	0.12452	0.00944	0.00614	0.03190	0.00155	0.11393	0.00509	0.00251	0.00502
3	0.00836	0.05628	0.00879	0.00602	0.00926	0.00609	0.00486	0.03674	0.03769	0.01294	0.00810	0.05576	0.00713	0.00360	0.00307	0.00070	0.00300	0.00292	0.00247	0.72624
4	0.00679	0.00364	0.00521	0.00508	0.00527	0.00354	0.00339	0.00542	0.00532	0.00721	0.00727	0.01281	0.00735	0.08153	0.01500	0.76537	0.00341	0.00353	0.00179	0.05106
5	0.00486	0.00400	0.00461	0.05171	0.00663	0.00360	0.00362	0.00591	0.00860	0.01063	0.06786	0.24524	0.54871	0.01011	0.00469	0.00139	0.00223	0.00869	0.00356	0.00335
6	0.00758	0.00697	0.01149	0.28120	0.30229	0.00752	0.02940	0.00965	0.00833	0.01133	0.05710	0.10402	0.06014	0.00713	0.06548	0.00165	0.01680	0.00488	0.00230	0.00474
7	0.02901	0.19872	0.27480	0.07827	0.02745	0.07438	0.00947	0.06119	0.14382	0.03569	0.00891	0.01844	0.01521	0.00418	0.00352	0.00115	0.00475	0.00320	0.00236	0.00548
8	0.08154	0.00709	0.00894	0.00704	0.00993	0.00665	0.00579	0.06342	0.07731	0.65509	0.01450	0.01317	0.00950	0.00488	0.00385	0.00123	0.00335	0.01577	0.00453	0.00641
9	0.00504	0.00395	0.00458	0.00465	0.00570	0.00349	0.00350	0.00631	0.00943	0.01215	0.27798	0.13286	0.44416	0.00969	0.00473	0.00136	0.00209	0.06106	0.00384	0.00343
10	0.00919	0.24435	0.22597	0.02562	0.09764	0.02403	0.03107	0.05298	0.03183	0.03418	0.10286	0.03016	0.03052	0.00468	0.00398	0.00115	0.03849	0.00371	0.00237	0.00523
11	0.07836	0.00876	0.00999	0.00787	0.01054	0.00932	0.03044	0.46166	0.02814	0.13478	0.15476	0.01370	0.02353	0.00526	0.00397	0.00120	0.00367	0.00422	0.00395	0.00588
12	0.00602	0.00467	0.00655	0.00680	0.00762	0.01685	0.05046	0.02066	0.00827	0.01086	0.01946	0.34526	0.05000	0.06032	0.06310	0.00208	0.00376	0.31040	0.00334	0.00352
13	0.79820	0.06622	0.02184	0.00546	0.00800	0.02475	0.00466	0.01163	0.00687	0.01678	0.00550	0.00641	0.00433	0.00363	0.00248	0.00118	0.00324	0.00214	0.00235	0.00433
14	0.00567	0.00391	0.00485	0.00485	0.00505	0.00411	0.00309	0.00607	0.00587	0.00803	0.01183	0.02274	0.01299	0.62581	0.25464	0.00451	0.00570	0.00528	0.00230	0.00269
15	0.00928	0.16006	0.32840	0.02146	0.04263	0.02310	0.03003	0.02988	0.14364	0.03605	0.00852	0.00924	0.00649	0.00384	0.00348	0.00109	0.00455	0.00304	0.00230	0.13293
16	0.02891	0.03506	0.02088	0.01901	0.09578	0.04935	0.06728	0.20119	0.28080	0.06258	0.01134	0.01159	0.02165	0.00483	0.00461	0.00127	0.07085	0.00387	0.00324	0.00590
17	0.00616	0.00440	0.00613	0.00704	0.00787	0.00437	0.00604	0.00785	0.00887	0.01155	0.02085	0.12862	0.02291	0.01098	0.00537	0.00178	0.00347	0.72855	0.00361	0.00357
18	0.00975	0.00842	0.00886	0.00798	0.01019	0.00975	0.00621	0.02083	0.83069	0.01640	0.01596	0.01463	0.01197	0.00532	0.00399	0.00133	0.00310	0.00443	0.00399	0.00621
19	0.00847	0.00696	0.00816	0.00585	0.00932	0.00525	0.00469	0.01021	0.00824	0.04289	0.00728	0.00832	0.00595	0.00297	0.00294	0.00060	0.00292	0.00238	0.00241	0.85419
20	0.00555	0.00401	0.00524	0.00493	0.00586	0.00370	0.00370	0.00740	0.01110	0.01572	0.83570	0.02928	0.03699	0.00801	0.00462	0.00123	0.00185	0.00709	0.00432	0.00370
21	0.00925	0.01058	0.02313	0.01652	0.02049	0.00991	0.82353	0.01256	0.00925	0.01256	0.00793	0.01058	0.00595	0.00330	0.00463	0.00132	0.00661	0.00463	0.00198	0.00529
22	0.01737	0.00672	0.00909	0.00700	0.01001	0.00587	0.00577	0.01915	0.03392	0.81766	0.01548	0.01338	0.00977	0.00487	0.00394	0.00122	0.00333	0.00396	0.00483	0.00666
23	0.01451	0.00990	0.01096	0.00860	0.01154	0.01073	0.00712	0.63971	0.04188	0.12966	0.01117	0.01245	0.00830	0.00516	0.00403	0.00123	0.00410	0.05848	0.00402	0.00645
24	0.00894	0.00757	0.00817	0.00739	0.00936	0.00859	0.00572	0.01825	0.67286	0.01627	0.17381	0.01745	0.01679	0.00584	0.00411	0.00131	0.00286	0.00494	0.00405	0.00572
25	0.00468	0.00393	0.00407	0.00413	0.00535	0.00331	0.00306	0.00568	0.00890	0.01073	0.06707	0.10554	0.74006	0.01005	0.00466	0.00134	0.00200	0.00847	0.00366	0.00331
26	0.00813	0.00697	0.00813	0.00581	0.00929	0.00523	0.00465	0.00987	0.00813	0.01277	0.00697	0.00813	0.00581	0.00290	0.00290	0.00058	0.00290	0.00232	0.00232	0.88619
27	0.00597	0.00433	0.00547	0.00623	0.00682	0.02871	0.00471	0.00706	0.00823	0.03615	0.02068	0.53822	0.02369	0.01133	0.00506	0.00163	0.00289	0.27571	0.00362	0.00347
28	0.00543	0.00369	0.00436	0.00463	0.00469	0.00362	0.00275	0.00563	0.00624	0.00831	0.01510	0.27294	0.01771	0.61022	0.01552	0.00315	0.00335	0.00732	0.00275	0.00262
29	0.01356	0.00824	0.00935	0.00749	0.01007	0.00865	0.00614	0.41590	0.04502	0.21842	0.02371	0.01359	0.00943	0.00513	0.00384	0.00119	0.00357	0.04876	0.14197	0.00597
30	0.50638	0.00824	0.00920	0.09953	0.08159	0.03464	0.07073	0.06654	0.00824	0.01577	0.00729	0.03431	0.00614	0.00423	0.00320	0.00125	0.00390	0.03176	0.00244	0.00463
31	0.01425	0.01782	0.01119	0.01009	0.01200	0.77046	0.00764	0.03554	0.01096	0.00996	0.00608	0.00723	0.00510	0.00424	0.00416	0.00106	0.06299	0.00261	0.00205	0.00458

[dist]
# distance from previous block
# <min> <max>
0	1

[block]
# block no. 2 follows, 69 sequences, length 28
# corresponding to MSA columns:
# 88-115
name=unknown_C
#
# <colnr> <probs for GDERKNQSTAVLIFYWHMCP>
#	G	D	E	R	K	N	Q	S	T	A	V	L	I	F	Y	W	H	M	C	P
0	0.00970	0.00931	0.01591	0.02406	0.83777	0.00931	0.01203	0.01203	0.00893	0.01281	0.00737	0.00970	0.00621	0.00349	0.00388	0.00116	0.00466	0.00349	0.00194	0.00621
1	0.01048	0.86458	0.02054	0.00671	0.01006	0.01551	0.00671	0.01174	0.00797	0.00922	0.00545	0.00629	0.00503	0.00335	0.00252	0.00084	0.00419	0.00210	0.00168	0.00503
2	0.00555	0.00401	0.00524	0.00493	0.00586	0.00370	0.00370	0.00740	0.01110	0.01572	0.83570	0.02928	0.03699	0.00801	0.00462	0.00123	0.00185	0.00709	0.00432	0.00370
3	0.00540	0.00400	0.00503	0.00478	0.00577	0.00364	0.00358	0.00711	0.01075	0.01489	0.70613	0.03066	0.16709	0.00833	0.00463	0.00125	0.00187	0.00728	0.00421	0.00364
4	0.00555	0.00401	0.00524	0.00493	0.00586	0.00370	0.00370	0.00740	0.01110	0.01572	0.83570	0.02928	0.03699	0.00801	0.00462	0.00123	0.00185	0.00709	0.00432	0.00370
5	0.00826	0.12442	0.69917	0.01089	0.01629	0.00994	0.05399	0.01234	0.00829	0.01203	0.00688	0.00815	0.00502	0.00366	0.00362	0.00120	0.00564	0.00288	0.00167	0.00567
6	0.01616	0.00896	0.01052	0.00806	0.01115	0.00916	0.00666	0.44763	0.01506	0.40654	0.01225	0.01125	0.00809	0.00477	0.00393	0.00119	0.00386	0.00372	0.00436	0.00667
7	0.00625	0.00447	0.02074	0.00529	0.00641	0.00400	0.00414	0.00809	0.01063	0.06030	0.68337	0.02759	0.04914	0.00934	0.06258	0.00160	0.00264	0.02543	0.00411	0.00388
8	0.00975	0.00842	0.00886	0.00798	0.01019	0.00975	0.00621	0.02083	0.83069	0.01640	0.01596	0.01463	0.01197	0.00532	0.00399	0.00133	0.00310	0.00443	0.00399	0.00621
9	0.88991	0.00758	0.00576	0.00516	0.00758	0.00879	0.00425	0.01152	0.00667	0.01759	0.00546	0.00637	0.00425	0.00364	0.00243	0.00121	0.00303	0.00212	0.00243	0.00425
10	0.01490	0.01098	0.01177	0.00902	0.01216	0.01216	0.00745	0.82470	0.01843	0.02471	0.00941	0.00941	0.00667	0.00471	0.00392	0.00118	0.00431	0.00353	0.00392	0.00667
11	0.88991	0.00758	0.00576	0.00516	0.00758	0.00879	0.00425	0.01152	0.00667	0.01759	0.00546	0.00637	0.00425	0.00364	0.00243	0.00121	0.00303	0.00212	0.00243	0.00425
12	0.00970	0.00931	0.01591	0.02406	0.83777	0.00931	0.01203	0.01203	0.00893	0.01281	0.00737	0.00970	0.00621	0.00349	0.00388	0.00116	0.00466	0.00349	0.00194	0.00621
13	0.00975	0.00842	0.00886	0.00798	0.01019	0.00975	0.00621	0.02083	0.83069	0.01640	0.01596	0.01463	0.01197	0.00532	0.00399	0.00133	0.00310	0.00443	0.00399	0.00621
14	0.00539	0.00378	0.00486	0.00529	0.00594	0.00347	0.00379	0.00647	0.00870	0.03497	0.20680	0.48880	0.13630	0.01071	0.00486	0.00148	0.00225	0.05886	0.00382	0.00344
15	0.01698	0.00764	0.00970	0.00744	0.01049	0.00720	0.00614	0.20064	0.01285	0.65665	0.01410	0.01246	0.00902	0.00482	0.00394	0.00120	0.00356	0.00385	0.00464	0.00667
16	0.00569	0.00384	0.00447	0.00447	0.00453	0.00391	0.00262	0.00582	0.00576	0.00774	0.01218	0.02468	0.01383	0.78318	0.09842	0.00404	0.00444	0.00556	0.00235	0.00248
17	0.02752	0.00465	0.00580	0.00538	0.00659	0.00444	0.00407	0.02173	0.06190	0.08674	0.57732	0.10148	0.06134	0.00788	0.00450	0.00127	0.00217	0.00689	0.00420	0.00411
18	0.00481	0.00398	0.00422	0.00424	0.00547	0.00340	0.00320	0.00593	0.00918	0.01127	0.14047	0.05536	0.68870	0.00977	0.00467	0.00133	0.00203	0.03489	0.00373	0.00337
19	0.00813	0.00697	0.00813	0.00581	0.00929	0.00523	0.00465	0.00987	0.00813	0.01277	0.00697	0.00813	0.00581	0.00290	0.00290	0.00058	0.00290	0.00232	0.00232	0.88619
20	0.00511	0.00396	0.00465	0.00453	0.00560	0.00351	0.00338	0.00653	0.00999	0.01321	0.44987	0.07045	0.38700	0.00905	0.00465	0.00129	0.00193	0.00779	0.00399	0.00351
21	0.00480	0.00349	0.00451	0.00527	0.00562	0.00322	0.00355	0.00554	0.00771	0.01018	0.04737	0.73728	0.10515	0.02970	0.00527	0.00160	0.00227	0.01063	0.00363	0.00319
22	0.00846	0.04254	0.56918	0.01235	0.01736	0.02749	0.21853	0.01242	0.00851	0.01221	0.00714	0.00878	0.00522	0.00370	0.00417	0.00126	0.03004	0.00332	0.00175	0.00557
23	0.00898	0.00876	0.01401	0.30863	0.46529	0.03715	0.01122	0.01125	0.00839	0.01147	0.00701	0.00979	0.00575	0.00392	0.00459	0.00125	0.07186	0.00345	0.00186	0.00536
24	0.00530	0.00404	0.00465	0.00468	0.00572	0.00367	0.00348	0.00690	0.03598	0.01251	0.27588	0.15273	0.37998	0.00926	0.00458	0.00133	0.00206	0.02994	0.05379	0.00353
25	0.00918	0.00666	0.00738	0.00641	0.00820	0.01972	0.00503	0.25876	0.04866	0.05899	0.20142	0.09328	0.17857	0.02034	0.01621	0.00138	0.00308	0.02901	0.02299	0.00474
26	0.03986	0.05226	0.02567	0.14868	0.25453	0.15525	0.11234	0.04841	0.02975	0.04809	0.00826	0.01000	0.02304	0.00400	0.00402	0.00119	0.02364	0.00349	0.00222	0.00532
27	0.03705	0.12477	0.24516	0.15521	0.01374	0.00817	0.02602	0.02084	0.00792	0.03445	0.01030	0.12969	0.02212	0.06530	0.06838	0.00180	0.00493	0.00448	0.01509	0.00458

[dist]
# distance from previous block
# <min> <max>
0	20

[block]
# block no. 3 follows, 69 sequences, length 35
# corresponding to MSA columns:
# 136-170
name=unknown_D
#
# <colnr> <probs for GDERKNQSTAVLIFYWHMCP>
#	G	D	E	R	K	N	Q	S	T	A	V	L	I	F	Y	W	H	M	C	P
0	0.00651	0.00469	0.00599	0.02712	0.02774	0.00452	0.00425	0.02220	0.03399	0.04351	0.16306	0.29425	0.04486	0.17674	0.00768	0.00183	0.01661	0.03195	0.00334	0.07918
1	0.03098	0.02973	0.01356	0.08869	0.52406	0.00852	0.03380	0.04108	0.00922	0.01310	0.08128	0.05201	0.03130	0.00453	0.00396	0.00119	0.00424	0.00423	0.00234	0.02217
2	0.01024	0.00959	0.01417	0.18910	0.49662	0.07194	0.02188	0.08089	0.00973	0.03621	0.00760	0.00973	0.00605	0.00375	0.00387	0.00118	0.00489	0.00344	0.00216	0.01696
3	0.63995	0.00871	0.00725	0.04901	0.03013	0.08833	0.00530	0.05413	0.00805	0.05382	0.00643	0.00734	0.00490	0.00381	0.00279	0.00119	0.00363	0.00245	0.01824	0.00455
4	0.03137	0.04917	0.03293	0.04233	0.01123	0.01963	0.02533	0.08536	0.00762	0.02854	0.00624	0.00917	0.00566	0.02163	0.03377	0.00172	0.57823	0.00342	0.00203	0.00460
5	0.00578	0.00406	0.00494	0.00512	0.00555	0.00404	0.00356	0.00669	0.02445	0.00967	0.08671	0.07164	0.06660	0.47489	0.04437	0.00296	0.00365	0.16940	0.00295	0.00296
6	0.04893	0.00686	0.00801	0.00753	0.00810	0.07306	0.00582	0.00873	0.03754	0.01017	0.02359	0.22138	0.02303	0.06355	0.15649	0.00251	0.28275	0.00563	0.00250	0.00383
7	0.14999	0.00875	0.00956	0.00764	0.01048	0.00934	0.00625	0.32452	0.15333	0.26234	0.01170	0.01099	0.00809	0.00469	0.00371	0.00122	0.00362	0.00359	0.00398	0.00622
8	0.00517	0.00385	0.00485	0.00525	0.00600	0.00354	0.00390	0.00638	0.00896	0.01183	0.22992	0.34194	0.21312	0.01046	0.00489	0.00147	0.00230	0.12895	0.00380	0.00341
9	0.00498	0.00399	0.00445	0.00433	0.00551	0.00346	0.00325	0.00630	0.00975	0.01253	0.34039	0.03454	0.53429	0.00921	0.00463	0.00129	0.00193	0.00783	0.00390	0.00346
10	0.00491	0.00387	0.00443	0.00457	0.00556	0.00339	0.00334	0.00605	0.00914	0.01168	0.22090	0.20972	0.46450	0.01000	0.00472	0.00137	0.00204	0.02264	0.00380	0.00338
11	0.01339	0.00896	0.00999	0.00796	0.01060	0.00960	0.00646	0.51511	0.06962	0.14294	0.07345	0.06572	0.01105	0.00549	0.00402	0.00121	0.00370	0.00440	0.03022	0.00611
12	0.00813	0.00697	0.00813	0.00581	0.00929	0.00523	0.00465	0.00987	0.00813	0.01277	0.00697	0.00813	0.00581	0.00290	0.00290	0.00058	0.00290	0.00232	0.00232	0.88619
13	0.00975	0.00842	0.00886	0.00798	0.01019	0.00975	0.00621	0.02083	0.83069	0.01640	0.01596	0.01463	0.01197	0.00532	0.00399	0.00133	0.00310	0.00443	0.00399	0.00621
14	0.00754	0.00711	0.01201	0.80212	0.07659	0.00875	0.01096	0.01014	0.00791	0.01019	0.00699	0.01041	0.00529	0.00389	0.00392	0.00130	0.00519	0.00348	0.00175	0.00447
15	0.00806	0.08346	0.78044	0.01084	0.01645	0.00958	0.01390	0.01236	0.00825	0.01218	0.00692	0.00813	0.00497	0.00370	0.00363	0.00121	0.00567	0.00284	0.00166	0.00574
16	0.00478	0.00341	0.00455	0.00546	0.00569	0.00318	0.00364	0.00546	0.00751	0.01001	0.02161	0.85966	0.02593	0.01228	0.00500	0.00159	0.00227	0.01114	0.00364	0.00318
17	0.01691	0.00777	0.00978	0.00749	0.01055	0.00739	0.00619	0.22375	0.01305	0.63325	0.01393	0.01234	0.00893	0.00482	0.00394	0.00120	0.00358	0.00384	0.00462	0.00667
18	0.01122	0.01073	0.05162	0.07242	0.14013	0.15562	0.00804	0.27337	0.01220	0.02698	0.07123	0.07571	0.01031	0.03072	0.00463	0.00129	0.01970	0.01581	0.00294	0.00531
19	0.00925	0.01058	0.02313	0.01652	0.02049	0.00991	0.82353	0.01256	0.00925	0.01256	0.00793	0.01058	0.00595	0.00330	0.00463	0.00132	0.00661	0.00463	0.00198	0.00529
20	0.00509	0.00428	0.00446	0.00436	0.00570	0.00380	0.00329	0.00688	0.06526	0.01161	0.13510	0.03512	0.68255	0.00938	0.00459	0.00131	0.00205	0.00787	0.00375	0.00355
21	0.00939	0.02762	0.18217	0.01326	0.03731	0.10190	0.39285	0.02910	0.00892	0.01183	0.00757	0.01021	0.00606	0.03748	0.03807	0.00157	0.07376	0.00388	0.00195	0.00509
22	0.04492	0.04465	0.07465	0.05827	0.16010	0.07072	0.02398	0.20591	0.11588	0.08469	0.01061	0.02805	0.02049	0.00475	0.00387	0.00122	0.00439	0.03408	0.00302	0.00576
23	0.00598	0.00470	0.00552	0.00518	0.00615	0.04334	0.00388	0.00779	0.01110	0.01543	0.79667	0.02824	0.03549	0.00783	0.00457	0.00122	0.00210	0.00688	0.00421	0.00374
24	0.00521	0.00381	0.00436	0.00448	0.00502	0.00355	0.00295	0.00584	0.00756	0.00979	0.11060	0.17157	0.26353	0.36093	0.02183	0.00244	0.00288	0.00753	0.00317	0.00295
25	0.00997	0.34062	0.16860	0.01094	0.04608	0.09298	0.20134	0.02391	0.00876	0.01101	0.00688	0.02764	0.00579	0.00379	0.00372	0.00110	0.02660	0.00320	0.00187	0.00519
26	0.04093	0.03718	0.05964	0.03942	0.07103	0.07422	0.08290	0.34368	0.04294	0.06351	0.00934	0.01122	0.00732	0.06901	0.02101	0.00148	0.00480	0.01168	0.00303	0.00566
27	0.00533	0.00383	0.00457	0.00471	0.00523	0.00360	0.00318	0.00612	0.00796	0.01057	0.20331	0.18774	0.16817	0.32414	0.01038	0.00229	0.00274	0.03976	0.00332	0.00304
28	0.00482	0.00348	0.00452	0.00531	0.00563	0.00323	0.00356	0.00553	0.00766	0.01015	0.04673	0.75735	0.07942	0.03583	0.00539	0.00163	0.00229	0.01068	0.00362	0.00319
29	0.01047	0.07882	0.24619	0.01391	0.22215	0.04880	0.10614	0.09694	0.03776	0.07436	0.02236	0.00976	0.00671	0.00391	0.00383	0.00118	0.00505	0.00344	0.00238	0.00585
30	0.00634	0.00504	0.00658	0.00619	0.00659	0.01901	0.02502	0.00702	0.00630	0.00871	0.01125	0.04965	0.01213	0.42725	0.21999	0.00381	0.12240	0.03624	0.00229	0.01819
31	0.04102	0.00617	0.00896	0.00804	0.02120	0.05151	0.13782	0.02286	0.00768	0.01075	0.01272	0.16009	0.04195	0.03971	0.37064	0.00355	0.00693	0.00544	0.03907	0.00389
32	0.00858	0.00799	0.02410	0.03760	0.01014	0.06840	0.00524	0.01052	0.02238	0.01256	0.00728	0.00850	0.00598	0.00315	0.00302	0.00068	0.00332	0.00248	0.03640	0.72170
33	0.02784	0.26290	0.40389	0.01018	0.07193	0.01104	0.01065	0.08610	0.00917	0.02859	0.00694	0.00796	0.00534	0.00368	0.00335	0.00109	0.00490	0.00275	0.00199	0.03972
34	0.04808	0.33267	0.30598	0.01001	0.08836	0.05471	0.00976	0.02092	0.00827	0.01124	0.00675	0.02020	0.00565	0.00505	0.04617	0.00134	0.01498	0.00280	0.00182	0.00525

[dist]
# distance from previous block
# <min> <max>
0	29

[block]
# block no. 4 follows, 69 sequences, length 9
# corresponding to MSA columns:
# 200-208
name=unknown_E
#
# <colnr> <probs for GDERKNQSTAVLIFYWHMCP>
#	G	D	E	R	K	N	Q	S	T	A	V	L	I	F	Y	W	H	M	C	P
0	0.05974	0.07950	0.03872	0.05421	0.14684	0.00797	0.06178	0.03322	0.04684	0.13357	0.02306	0.02484	0.00743	0.00388	0.00349	0.00101	0.00385	0.00332	0.00268	0.26404
1	0.00500	0.00418	0.00446	0.00432	0.00571	0.00349	0.00322	0.00608	0.00887	0.01103	0.08263	0.10717	0.64572	0.00942	0.00452	0.00128	0.00208	0.00794	0.00357	0.07933
2	0.03512	0.00910	0.01375	0.22165	0.44427	0.04474	0.02582	0.04925	0.06325	0.01279	0.00775	0.00996	0.00622	0.00392	0.00418	0.00123	0.03581	0.00349	0.00213	0.00557
3	0.05870	0.00848	0.00904	0.00756	0.00999	0.00936	0.00605	0.29503	0.33192	0.07599	0.04919	0.01394	0.04650	0.00526	0.00386	0.00123	0.00336	0.00420	0.05442	0.00591
4	0.00884	0.00978	0.02087	0.01561	0.04600	0.00920	0.70324	0.01188	0.00913	0.01237	0.00943	0.06119	0.00805	0.00425	0.00467	0.00136	0.00613	0.05073	0.00217	0.00510
5	0.00557	0.00445	0.00513	0.00574	0.00625	0.04043	0.00395	0.00700	0.05924	0.01080	0.07658	0.68731	0.05049	0.01112	0.00484	0.00152	0.00250	0.00998	0.00364	0.00347
6	0.00489	0.00360	0.00459	0.00516	0.00566	0.00329	0.00356	0.00583	0.00834	0.01110	0.16801	0.59744	0.14174	0.01120	0.00488	0.00149	0.00216	0.01002	0.00376	0.00329
7	0.00544	0.00399	0.00512	0.00499	0.00591	0.00366	0.00376	0.00711	0.01050	0.01456	0.64979	0.09144	0.11869	0.00868	0.00469	0.00130	0.00199	0.05062	0.00416	0.00362
8	0.88991	0.00758	0.00576	0.00516	0.00758	0.00879	0.00425	0.01152	0.00667	0.01759	0.00546	0.00637	0.00425	0.00364	0.00243	0.00121	0.00303	0.00212	0.00243	0.00425

[dist]
# distance from previous block
# <min> <max>
2	4

[block]
# block no. 5 follows, 69 sequences, length 30
# corresponding to MSA columns:
# 213-242
name=unknown_F
#
# <colnr> <probs for GDERKNQSTAVLIFYWHMCP>
#	G	D	E	R	K	N	Q	S	T	A	V	L	I	F	Y	W	H	M	C	P
0	0.17187	0.00970	0.01111	0.01867	0.05578	0.10139	0.11146	0.23244	0.03223	0.06380	0.03210	0.03939	0.03495	0.00489	0.00402	0.00123	0.02748	0.02015	0.02210	0.00526
1	0.01243	0.01058	0.01033	0.00848	0.01120	0.10529	0.00677	0.37427	0.30438	0.01897	0.01113	0.01088	0.00828	0.00468	0.00381	0.00116	0.00407	0.00363	0.00358	0.08608
2	0.00587	0.00437	0.00542	0.00520	0.00626	0.00414	0.00396	0.03446	0.03731	0.01476	0.57658	0.07942	0.14202	0.00850	0.00465	0.00130	0.00212	0.05574	0.00412	0.00379
3	0.00812	0.04142	0.03298	0.60605	0.02225	0.04582	0.00997	0.02421	0.04707	0.01052	0.00760	0.03504	0.00615	0.00449	0.00469	0.00132	0.08220	0.00364	0.00195	0.00451
4	0.03303	0.38544	0.34677	0.00880	0.01296	0.01188	0.02511	0.03879	0.05347	0.01176	0.00734	0.00897	0.00601	0.00391	0.00326	0.00109	0.00477	0.02931	0.00196	0.00539
5	0.01060	0.83987	0.02027	0.00681	0.01012	0.03979	0.00673	0.01185	0.00806	0.00923	0.00547	0.00631	0.00503	0.00337	0.00255	0.00084	0.00428	0.00211	0.00169	0.00502
6	0.00524	0.00377	0.00482	0.00512	0.00578	0.00347	0.00364	0.00640	0.00898	0.02299	0.30719	0.41276	0.13715	0.02382	0.01588	0.00152	0.00225	0.02194	0.00385	0.00342
7	0.01109	0.09135	0.11668	0.10543	0.08914	0.19245	0.06885	0.08634	0.02995	0.07507	0.00801	0.00950	0.00622	0.00577	0.06079	0.00151	0.03098	0.00327	0.00233	0.00525
8	0.01098	0.05609	0.12231	0.03159	0.15194	0.11709	0.05347	0.12040	0.09137	0.07936	0.00909	0.01070	0.00716	0.04381	0.03897	0.00152	0.04249	0.00354	0.00261	0.00552
9	0.00559	0.00380	0.00453	0.00463	0.00473	0.00385	0.00279	0.00582	0.00596	0.00803	0.01317	0.11620	0.01505	0.67781	0.10865	0.00383	0.00437	0.00614	0.00248	0.00259
10	0.00656	0.00515	0.00783	0.02434	0.10481	0.00501	0.06461	0.00826	0.03663	0.03387	0.04583	0.41774	0.05265	0.03132	0.00511	0.00154	0.00316	0.11433	0.02726	0.00398
11	0.00968	0.09381	0.23918	0.08730	0.17678	0.03162	0.07201	0.05756	0.10978	0.04965	0.00895	0.03106	0.00700	0.00415	0.00381	0.00121	0.00486	0.00359	0.00236	0.00568
12	0.01300	0.07732	0.05759	0.05562	0.04842	0.38205	0.02873	0.10796	0.10812	0.01325	0.00869	0.01007	0.00705	0.00538	0.01822	0.01826	0.02871	0.00336	0.00268	0.00553
13	0.02547	0.00862	0.01359	0.32945	0.33747	0.04156	0.06388	0.02892	0.04332	0.03013	0.03464	0.01079	0.00707	0.00394	0.00393	0.00123	0.00487	0.00367	0.00215	0.00529
14	0.00904	0.00756	0.00848	0.00621	0.00959	0.02841	0.00497	0.06138	0.02854	0.03784	0.00756	0.00849	0.00610	0.00316	0.00304	0.00067	0.00312	0.00250	0.00253	0.76082
15	0.00911	0.05042	0.01927	0.01393	0.01664	0.01068	0.52169	0.02359	0.00836	0.01163	0.00731	0.02691	0.00609	0.00453	0.00689	0.00142	0.25035	0.00428	0.00195	0.00497
16	0.00475	0.00396	0.00415	0.00413	0.00538	0.00336	0.00309	0.00585	0.00917	0.01123	0.14114	0.05900	0.71181	0.00975	0.00464	0.00132	0.00198	0.00820	0.00373	0.00336
17	0.00481	0.00355	0.00450	0.00516	0.00563	0.00324	0.00353	0.00563	0.00801	0.01052	0.08376	0.65728	0.16689	0.01157	0.00491	0.00152	0.00219	0.01035	0.00369	0.00324
18	0.00505	0.00399	0.00455	0.00441	0.00555	0.00349	0.00331	0.00644	0.00992	0.01294	0.40374	0.03387	0.47068	0.00905	0.00463	0.00128	0.00192	0.00773	0.00395	0.00349
19	0.59396	0.00727	0.00689	0.00577	0.00840	0.00777	0.00476	0.01410	0.00822	0.29677	0.00885	0.00873	0.00610	0.00405	0.00294	0.00121	0.00314	0.00274	0.00325	0.00507
20	0.00975	0.00842	0.00886	0.00798	0.01019	0.00975	0.00621	0.02083	0.83069	0.01640	0.01596	0.01463	0.01197	0.00532	0.00399	0.00133	0.00310	0.00443	0.00399	0.00621
21	0.00804	0.00687	0.00803	0.00578	0.00918	0.00518	0.00461	0.00979	0.00823	0.01287	0.03440	0.00883	0.00684	0.00307	0.00296	0.00060	0.00287	0.00248	0.00239	0.85698
22	0.88991	0.00758	0.00576	0.00516	0.00758	0.00879	0.00425	0.01152	0.00667	0.01759	0.00546	0.00637	0.00425	0.00364	0.00243	0.00121	0.00303	0.00212	0.00243	0.00425
23	0.00740	0.00697	0.01176	0.85280	0.02700	0.00871	0.01089	0.01002	0.00784	0.01002	0.00697	0.01045	0.00523	0.00392	0.00392	0.00131	0.00523	0.00348	0.00174	0.00436
24	0.00553	0.00389	0.00496	0.00529	0.00601	0.00360	0.00383	0.00678	0.01900	0.03612	0.23466	0.41612	0.14134	0.02832	0.00515	0.00151	0.00230	0.06828	0.00383	0.00349
25	0.00579	0.00465	0.04494	0.00598	0.00673	0.00389	0.01764	0.02281	0.00794	0.04750	0.02036	0.70550	0.04369	0.03602	0.00530	0.00160	0.00264	0.00994	0.00354	0.00355
26	0.00953	0.53628	0.30060	0.00870	0.01291	0.01306	0.04815	0.01201	0.00813	0.01047	0.00611	0.00717	0.00505	0.00348	0.00303	0.00100	0.00485	0.00249	0.00168	0.00530
27	0.00553	0.00373	0.00433	0.00450	0.00454	0.00368	0.00261	0.00566	0.00604	0.00806	0.01410	0.18301	0.01646	0.70186	0.01713	0.00338	0.00351	0.00673	0.00261	0.00253
28	0.00495	0.00353	0.00459	0.00535	0.00564	0.00332	0.00361	0.00564	0.00750	0.00996	0.03600	0.69359	0.05146	0.10123	0.00657	0.00182	0.00248	0.04612	0.00352	0.00313
29	0.14472	0.00981	0.01406	0.04210	0.25822	0.04039	0.16145	0.19128	0.02898	0.03815	0.00793	0.00940	0.00608	0.00394	0.00403	0.00122	0.02648	0.00350	0.00257	0.00568

[dist]
# distance from previous block
# <min> <max>
0	4

[block]
# block no. 6 follows, 69 sequences, length 18
# corresponding to MSA columns:
# 247-264
name=unknown_G
#
# <colnr> <probs for GDERKNQSTAVLIFYWHMCP>
#	G	D	E	R	K	N	Q	S	T	A	V	L	I	F	Y	W	H	M	C	P
0	0.03363	0.00881	0.01001	0.03921	0.09333	0.11964	0.04228	0.14282	0.04401	0.17581	0.03289	0.03223	0.10749	0.00755	0.07812	0.00167	0.00473	0.01725	0.00326	0.00525
1	0.00537	0.00400	0.00499	0.00474	0.00575	0.00362	0.00356	0.00705	0.01068	0.01472	0.68058	0.03093	0.19273	0.00839	0.00463	0.00125	0.00188	0.00732	0.00418	0.00362
2	0.00992	0.00975	0.01456	0.08679	0.58875	0.07249	0.02377	0.03903	0.03780	0.01266	0.00809	0.01019	0.02101	0.00394	0.00431	0.00120	0.04431	0.00355	0.00209	0.00580
3	0.00987	0.00806	0.00875	0.02641	0.01028	0.00899	0.00607	0.08025	0.60252	0.03338	0.01459	0.03101	0.01125	0.00524	0.00389	0.00125	0.00317	0.01768	0.04155	0.07580
4	0.03155	0.01061	0.01255	0.01297	0.22733	0.10312	0.04527	0.33171	0.06187	0.06887	0.00940	0.03273	0.00729	0.00444	0.00388	0.00117	0.00457	0.00369	0.00310	0.02387
5	0.01373	0.01143	0.07364	0.00916	0.02572	0.07996	0.00774	0.54719	0.03373	0.08492	0.01033	0.03910	0.00793	0.00504	0.00396	0.00121	0.00446	0.03093	0.00361	0.00619
6	0.00661	0.00380	0.00423	0.00427	0.00510	0.00373	0.00312	0.00843	0.02604	0.01407	0.18686	0.12963	0.01797	0.03114	0.00396	0.00116	0.00197	0.00544	0.53883	0.00362
7	0.17805	0.08667	0.34199	0.00915	0.01319	0.05613	0.04420	0.12917	0.00985	0.08580	0.00765	0.00837	0.00553	0.00391	0.00345	0.00118	0.00482	0.00292	0.00244	0.00554
8	0.00688	0.00472	0.00576	0.00560	0.00689	0.00453	0.00446	0.04815	0.02864	0.07084	0.19031	0.05295	0.26549	0.01050	0.07586	0.00180	0.00324	0.17014	0.03928	0.00394
9	0.00746	0.00447	0.00577	0.00554	0.00666	0.00415	0.00410	0.02750	0.02648	0.14560	0.34360	0.31325	0.07203	0.00896	0.00462	0.00136	0.00232	0.00792	0.00411	0.00409
10	0.00517	0.00399	0.00472	0.00454	0.00563	0.00354	0.00340	0.00667	0.01021	0.01361	0.50851	0.03276	0.36550	0.00880	0.00463	0.00127	0.00191	0.00758	0.00404	0.00354
11	0.00484	0.00346	0.00457	0.00543	0.00569	0.00324	0.00364	0.00553	0.00751	0.00998	0.02167	0.79273	0.04359	0.04179	0.00553	0.00167	0.00235	0.03001	0.00359	0.00317
12	0.01048	0.86458	0.02054	0.00671	0.01006	0.01551	0.00671	0.01174	0.00797	0.00922	0.00545	0.00629	0.00503	0.00335	0.00252	0.00084	0.00419	0.00210	0.00168	0.00503
13	0.00786	0.02028	0.84191	0.01117	0.01697	0.00910	0.01448	0.01242	0.00828	0.01242	0.00704	0.00828	0.00497	0.00372	0.00372	0.00124	0.00579	0.00290	0.00166	0.00579
14	0.01681	0.00644	0.00869	0.00672	0.00960	0.00560	0.00553	0.01835	0.01099	0.77824	0.01526	0.01344	0.00973	0.00483	0.00385	0.00119	0.00322	0.00392	0.07111	0.00644
15	0.01048	0.86458	0.02054	0.00671	0.01006	0.01551	0.00671	0.01174	0.00797	0.00922	0.00545	0.00629	0.00503	0.00335	0.00252	0.00084	0.00419	0.00210	0.00168	0.00503
16	0.00845	0.00804	0.01366	0.47436	0.39723	0.00899	0.01141	0.01094	0.00834	0.01129	0.00715	0.01011	0.00568	0.00372	0.00390	0.00124	0.00497	0.00349	0.00183	0.00520
17	0.00478	0.00341	0.00455	0.00546	0.00569	0.00318	0.00364	0.00546	0.00751	0.01001	0.02161	0.85966	0.02593	0.01228	0.00500	0.00159	0.00227	0.01114	0.00364	0.00318

[dist]
# distance from previous block
# <min> <max>
0	1

[block]
# block no. 7 follows, 69 sequences, length 32
# corresponding to MSA columns:
# 266-297
name=unknown_H
#
# <colnr> <probs for GDERKNQSTAVLIFYWHMCP>
#	G	D	E	R	K	N	Q	S	T	A	V	L	I	F	Y	W	H	M	C	P
0	0.00478	0.00341	0.00455	0.00546	0.00569	0.00318	0.00364	0.00546	0.00751	0.01001	0.02161	0.85966	0.02593	0.01228	0.00500	0.00159	0.00227	0.01114	0.00364	0.00318
1	0.01052	0.82883	0.03805	0.00685	0.01025	0.01531	0.00689	0.02849	0.00819	0.00961	0.00557	0.00640	0.00506	0.00339	0.00257	0.00085	0.00423	0.00214	0.00172	0.00508
2	0.01803	0.01645	0.01568	0.00581	0.00691	0.00474	0.00452	0.03031	0.00876	0.04714	0.12468	0.24664	0.17943	0.05459	0.01629	0.00161	0.04678	0.12117	0.00347	0.04697
3	0.15191	0.02681	0.01074	0.00852	0.01131	0.17743	0.00690	0.48951	0.02650	0.04140	0.00831	0.00859	0.00609	0.00440	0.00359	0.00115	0.00462	0.00311	0.00329	0.00583
4	0.00570	0.00382	0.00436	0.00436	0.00439	0.00385	0.00248	0.00576	0.00573	0.00767	0.01227	0.02522	0.01406	0.82664	0.05528	0.00391	0.00409	0.00564	0.00236	0.00242
5	0.04972	0.10378	0.35014	0.00941	0.02195	0.00883	0.08603	0.08302	0.00901	0.01289	0.03440	0.11784	0.03085	0.04932	0.00479	0.00138	0.01481	0.00445	0.00235	0.00503
6	0.06248	0.00996	0.01345	0.06599	0.46424	0.11141	0.03488	0.05429	0.04269	0.01309	0.00836	0.02896	0.00723	0.00431	0.00411	0.00122	0.02762	0.03789	0.00226	0.00555
7	0.01023	0.58597	0.18699	0.00775	0.01151	0.01343	0.00824	0.05895	0.03152	0.02868	0.00710	0.00780	0.01991	0.00371	0.00295	0.00097	0.00444	0.00255	0.00197	0.00532
8	0.00597	0.00458	0.00557	0.00544	0.00659	0.00444	0.00424	0.00869	0.10357	0.01419	0.46291	0.03155	0.18741	0.00851	0.00467	0.00135	0.00229	0.13011	0.00404	0.00389
9	0.00849	0.07918	0.29145	0.02126	0.05585	0.06952	0.09381	0.05318	0.03507	0.01266	0.08334	0.08527	0.07426	0.00542	0.00402	0.00124	0.00466	0.01379	0.00250	0.00503
10	0.03048	0.04256	0.01143	0.04126	0.11825	0.13637	0.04723	0.21833	0.11072	0.06255	0.03168	0.05535	0.00926	0.06117	0.00494	0.00137	0.00448	0.00410	0.00304	0.00543
11	0.00466	0.00396	0.00401	0.00403	0.00532	0.00331	0.00301	0.00566	0.00894	0.01068	0.05578	0.05961	0.79781	0.00995	0.00464	0.00133	0.00199	0.00833	0.00365	0.00331
12	0.00566	0.00381	0.00480	0.00527	0.00582	0.00354	0.00362	0.00655	0.01930	0.05298	0.04465	0.55450	0.13201	0.10969	0.00662	0.00178	0.00250	0.02996	0.00358	0.00335
13	0.06291	0.01004	0.03560	0.19404	0.30396	0.09533	0.06407	0.08642	0.04462	0.01319	0.00764	0.00985	0.00612	0.01950	0.00438	0.00127	0.03004	0.00345	0.00220	0.00537
14	0.00785	0.00663	0.00956	0.06115	0.08574	0.00683	0.09326	0.11788	0.06069	0.01336	0.05644	0.13227	0.14875	0.03978	0.02317	0.00159	0.01868	0.10871	0.00317	0.00450
15	0.00478	0.00341	0.00455	0.00546	0.00569	0.00318	0.00364	0.00546	0.00751	0.01001	0.02161	0.85966	0.02593	0.01228	0.00500	0.00159	0.00227	0.01114	0.00364	0.00318
16	0.00813	0.00697	0.00813	0.00581	0.00929	0.00523	0.00465	0.00987	0.00813	0.01277	0.00697	0.00813	0.00581	0.00290	0.00290	0.00058	0.00290	0.00232	0.00232	0.88619
17	0.00953	0.00926	0.01497	0.14259	0.67153	0.03654	0.01156	0.01210	0.03116	0.01240	0.00751	0.00986	0.00619	0.00362	0.00388	0.00118	0.00478	0.00349	0.00197	0.00589
18	0.00925	0.01058	0.02313	0.01652	0.02049	0.00991	0.82353	0.01256	0.00925	0.01256	0.00793	0.01058	0.00595	0.00330	0.00463	0.00132	0.00661	0.00463	0.00198	0.00529
19	0.00796	0.00754	0.01277	0.65124	0.22419	0.00886	0.01117	0.01051	0.00810	0.01070	0.00707	0.01027	0.00547	0.00382	0.00391	0.00127	0.00509	0.00349	0.00179	0.00481
20	0.00740	0.00697	0.01176	0.85280	0.02700	0.00871	0.01089	0.01002	0.00784	0.01002	0.00697	0.01045	0.00523	0.00392	0.00392	0.00131	0.00523	0.00348	0.00174	0.00436
21	0.00930	0.00765	0.00828	0.00745	0.00948	0.00864	0.00578	0.01858	0.67154	0.04158	0.14996	0.01698	0.01599	0.00575	0.00409	0.00131	0.00290	0.00485	0.00407	0.00581
22	0.88991	0.00758	0.00576	0.00516	0.00758	0.00879	0.00425	0.01152	0.00667	0.01759	0.00546	0.00637	0.00425	0.00364	0.00243	0.00121	0.00303	0.00212	0.00243	0.00425
23	0.00486	0.00347	0.00464	0.00555	0.00581	0.00325	0.00378	0.00560	0.00758	0.01010	0.02156	0.81755	0.02576	0.01221	0.00503	0.00160	0.00234	0.05247	0.00364	0.00321
24	0.00570	0.00381	0.00434	0.00434	0.00436	0.00384	0.00246	0.00574	0.00572	0.00765	0.01229	0.02532	0.01411	0.83506	0.04692	0.00388	0.00402	0.00565	0.00237	0.00241
25	0.01490	0.01098	0.01177	0.00902	0.01216	0.01216	0.00745	0.82470	0.01843	0.02471	0.00941	0.00941	0.00667	0.00471	0.00392	0.00118	0.00431	0.00353	0.00392	0.00667
26	0.01759	0.00667	0.00910	0.00698	0.01001	0.00576	0.00576	0.01911	0.01122	0.84048	0.01547	0.01334	0.00970	0.00485	0.00394	0.00121	0.00334	0.00394	0.00485	0.00667
27	0.00975	0.00842	0.00886	0.00798	0.01019	0.00975	0.00621	0.02083	0.83069	0.01640	0.01596	0.01463	0.01197	0.00532	0.00399	0.00133	0.00310	0.00443	0.00399	0.00621
28	0.00493	0.00395	0.00445	0.00473	0.00579	0.00347	0.00360	0.00601	0.00877	0.01082	0.05937	0.18171	0.55267	0.01041	0.00481	0.00144	0.00226	0.12382	0.00366	0.00334
29	0.03467	0.01013	0.03686	0.04019	0.06097	0.03229	0.00749	0.53686	0.06717	0.02033	0.01072	0.10472	0.00892	0.00542	0.00399	0.00124	0.00415	0.00435	0.00354	0.00599
30	0.03836	0.08756	0.05198	0.00853	0.01173	0.04969	0.00737	0.52331	0.01518	0.15333	0.00966	0.00952	0.00679	0.00450	0.00373	0.00115	0.00431	0.00335	0.00363	0.00632
31	0.01589	0.02690	0.04474	0.00702	0.01009	0.00609	0.00602	0.02930	0.01097	0.69098	0.05673	0.01348	0.01057	0.00484	0.00388	0.00118	0.00338	0.00393	0.00448	0.04957

[dist]
# distance from previous block
# <min> <max>
0	2

[block]
# block no. 8 follows, 69 sequences, length 21
# corresponding to MSA columns:
# 300-320
name=unknown_I
#
# <colnr> <probs for GDERKNQSTAVLIFYWHMCP>
#	G	D	E	R	K	N	Q	S	T	A	V	L	I	F	Y	W	H	M	C	P
0	0.63290	0.00754	0.00705	0.00730	0.09344	0.00845	0.00516	0.04337	0.04124	0.01687	0.05696	0.01007	0.04782	0.00430	0.00294	0.00122	0.00313	0.00301	0.00267	0.00455
1	0.06344	0.27310	0.03802	0.00810	0.01080	0.14590	0.06163	0.14038	0.03694	0.06426	0.00839	0.02711	0.00719	0.09279	0.00506	0.00135	0.00465	0.00333	0.00253	0.00503
2	0.01028	0.11554	0.06313	0.04997	0.03895	0.13408	0.17900	0.05727	0.12221	0.05720	0.02698	0.10836	0.00961	0.00505	0.00398	0.00122	0.00483	0.00449	0.00269	0.00516
3	0.00488	0.00392	0.00430	0.00433	0.00541	0.00340	0.00317	0.00598	0.00911	0.01147	0.20000	0.11563	0.56113	0.04326	0.00527	0.00143	0.00206	0.00821	0.00373	0.00334
4	0.00700	0.00492	0.00579	0.00537	0.00581	0.00530	0.00357	0.05738	0.04164	0.03393	0.05857	0.02245	0.01402	0.61285	0.03515	0.00320	0.07189	0.00533	0.00266	0.00318
5	0.00919	0.00898	0.01477	0.26033	0.55682	0.03622	0.03388	0.01159	0.00870	0.01190	0.00723	0.00986	0.00588	0.00363	0.00390	0.00120	0.00495	0.00349	0.00189	0.00560
6	0.00966	0.00758	0.00825	0.00743	0.00949	0.00848	0.00576	0.01849	0.64166	0.08093	0.06514	0.05991	0.04794	0.00599	0.00410	0.00133	0.00296	0.00505	0.00404	0.00582
7	0.79960	0.00775	0.00627	0.00547	0.00796	0.00887	0.00451	0.06172	0.00758	0.05259	0.00612	0.00685	0.00462	0.00376	0.00258	0.00121	0.00312	0.00229	0.00262	0.00450
8	0.00577	0.00412	0.00569	0.00660	0.00726	0.00404	0.00537	0.00718	0.00849	0.01112	0.02106	0.33205	0.02375	0.01134	0.00527	0.00173	0.00314	0.52892	0.00362	0.00346
9	0.00937	0.00870	0.01117	0.52281	0.02079	0.10934	0.02246	0.06556	0.09492	0.04606	0.00895	0.03529	0.00705	0.00450	0.00395	0.00128	0.00500	0.01566	0.00237	0.00479
10	0.01464	0.01868	0.01111	0.01010	0.01212	0.84648	0.00757	0.01565	0.01111	0.00959	0.00606	0.00707	0.00505	0.00404	0.00353	0.00101	0.00707	0.00252	0.00202	0.00454
11	0.00813	0.00697	0.00813	0.00581	0.00929	0.00523	0.00465	0.00987	0.00813	0.01277	0.00697	0.00813	0.00581	0.00290	0.00290	0.00058	0.00290	0.00232	0.00232	0.88619
12	0.00554	0.00398	0.00510	0.00484	0.00568	0.00370	0.00354	0.00717	0.01048	0.01473	0.72719	0.02916	0.05816	0.09634	0.00621	0.00150	0.00206	0.00698	0.00410	0.00355
13	0.00929	0.00889	0.01517	0.17272	0.69233	0.00921	0.01183	0.01167	0.00873	0.01231	0.00730	0.00984	0.00603	0.00357	0.00389	0.00119	0.00476	0.00349	0.00190	0.00588
14	0.00493	0.00397	0.00439	0.00431	0.00548	0.00343	0.00322	0.00619	0.00959	0.01221	0.29254	0.05529	0.56193	0.00938	0.00464	0.00130	0.00195	0.00797	0.00386	0.00343
15	0.01100	0.00767	0.00981	0.00847	0.04179	0.00798	0.06394	0.14707	0.26589	0.16852	0.20659	0.01651	0.01593	0.00555	0.00416	0.00125	0.00336	0.00480	0.00399	0.00571
16	0.00555	0.00401	0.00524	0.00493	0.00586	0.00370	0.00370	0.00740	0.01110	0.01572	0.83570	0.02928	0.03699	0.00801	0.00462	0.00123	0.00185	0.00709	0.00432	0.00370
17	0.01148	0.01270	0.01409	0.05786	0.45884	0.31555	0.03344	0.02810	0.00986	0.01171	0.00693	0.00880	0.00574	0.00373	0.00378	0.00112	0.00562	0.00317	0.00200	0.00549
18	0.04273	0.00955	0.01008	0.00802	0.01075	0.05558	0.00651	0.45685	0.07721	0.14963	0.10423	0.01242	0.01080	0.00504	0.00392	0.00118	0.00387	0.00394	0.00393	0.02376
19	0.06935	0.05187	0.01324	0.03172	0.43404	0.06235	0.02933	0.07420	0.03397	0.02297	0.00915	0.09758	0.00838	0.00480	0.00412	0.00122	0.02949	0.01432	0.00240	0.00549
20	0.08202	0.01214	0.01045	0.00947	0.04636	0.33528	0.04714	0.15667	0.03838	0.03784	0.04927	0.07726	0.03102	0.00531	0.00414	0.00119	0.03335	0.01497	0.00282	0.00492

[dist]
# distance from previous block
# <min> <max>
0	18

[block]
# block no. 9 follows, 69 sequences, length 27
# corresponding to MSA columns:
# 339-365
name=unknown_J
#
# <colnr> <probs for GDERKNQSTAVLIFYWHMCP>
#	G	D	E	R	K	N	Q	S	T	A	V	L	I	F	Y	W	H	M	C	P
0	0.02627	0.00800	0.00958	0.00921	0.11332	0.08142	0.00649	0.04860	0.06481	0.44589	0.07849	0.01509	0.05195	0.00521	0.00399	0.00121	0.00368	0.01689	0.00399	0.00591
1	0.00813	0.00697	0.00813	0.00581	0.00929	0.00523	0.00465	0.00987	0.00813	0.01277	0.00697	0.00813	0.00581	0.00290	0.00290	0.00058	0.00290	0.00232	0.00232	0.88619
2	0.02621	0.05302	0.09018	0.01173	0.16143	0.02312	0.04854	0.28733	0.16085	0.04721	0.02408	0.03102	0.00829	0.00458	0.00388	0.00121	0.00430	0.00383	0.00314	0.00606
3	0.03368	0.01077	0.04131	0.00943	0.04752	0.03638	0.00753	0.54572	0.16794	0.03329	0.01049	0.02039	0.00774	0.00478	0.00389	0.00121	0.00417	0.00371	0.00368	0.00637
4	0.00477	0.00343	0.00453	0.00541	0.00567	0.00319	0.00362	0.00546	0.00755	0.01003	0.02223	0.83141	0.05378	0.01220	0.00499	0.00158	0.00226	0.01105	0.00364	0.00319
5	0.21902	0.03328	0.02889	0.01168	0.15652	0.10763	0.10992	0.11680	0.10125	0.01515	0.00811	0.02180	0.00647	0.00421	0.00399	0.00122	0.04284	0.00337	0.00255	0.00532
6	0.00481	0.00372	0.00435	0.00477	0.00552	0.00331	0.00336	0.00568	0.00826	0.01047	0.06522	0.41460	0.38457	0.04024	0.00534	0.00154	0.00221	0.02516	0.00363	0.00324
7	0.03391	0.04843	0.01197	0.01003	0.04773	0.27176	0.04173	0.31345	0.01317	0.02655	0.02225	0.01170	0.00802	0.09975	0.00599	0.00155	0.01962	0.00371	0.00307	0.00560
8	0.00572	0.00427	0.00631	0.00627	0.00694	0.00500	0.00486	0.00708	0.00633	0.00922	0.01049	0.01549	0.00982	0.04999	0.78376	0.00599	0.02925	0.00421	0.02552	0.00349
9	0.00814	0.00530	0.00646	0.00616	0.00758	0.00530	0.00496	0.05702	0.08698	0.11391	0.13352	0.08752	0.15471	0.00819	0.00471	0.00140	0.02301	0.20440	0.07637	0.00435
10	0.00625	0.00488	0.00596	0.00599	0.02469	0.01633	0.00438	0.03248	0.05131	0.01343	0.35621	0.19050	0.11042	0.03406	0.00519	0.00141	0.01594	0.07316	0.00375	0.04363
11	0.00589	0.00451	0.00548	0.00536	0.00639	0.00440	0.00399	0.00869	0.12132	0.01415	0.47487	0.16659	0.13090	0.00865	0.00462	0.00133	0.00214	0.02277	0.00406	0.00390
12	0.01002	0.11473	0.21676	0.01425	0.27981	0.11056	0.04106	0.05388	0.03415	0.01266	0.02526	0.00914	0.00646	0.00378	0.00364	0.00111	0.00502	0.00315	0.00208	0.05247
13	0.00901	0.00715	0.00828	0.00624	0.00941	0.00601	0.00497	0.03908	0.11618	0.06243	0.02818	0.02285	0.00790	0.00366	0.00321	0.00077	0.00297	0.00298	0.00281	0.65589
14	0.00891	0.11033	0.48770	0.05940	0.03495	0.06214	0.07517	0.02985	0.00867	0.02115	0.00741	0.02070	0.00581	0.00406	0.00402	0.00122	0.03305	0.01815	0.00187	0.00542
15	0.00873	0.10950	0.16508	0.03034	0.15668	0.07929	0.08576	0.01138	0.04486	0.02197	0.01107	0.11342	0.03526	0.00662	0.04540	0.00150	0.01672	0.04909	0.00234	0.00498
16	0.00970	0.00931	0.01591	0.02406	0.83777	0.00931	0.01203	0.01203	0.00893	0.01281	0.00737	0.00970	0.00621	0.00349	0.00388	0.00116	0.00466	0.00349	0.00194	0.00621
17	0.00483	0.00362	0.00437	0.00490	0.00544	0.00329	0.00333	0.00557	0.00782	0.01006	0.04077	0.52688	0.26237	0.09002	0.00627	0.00171	0.00232	0.00973	0.00354	0.00316
