[name]
unknown

[dist]
# distance from previous block
# <min> <max>
13	131

[block]
# block no. 0 follows, 66 sequences, length 23
# corresponding to MSA columns:
# 163-185
name=unknown_A
#
# <colnr> <probs for GDERKNQSTAVLIFYWHMCP>
#	G	D	E	R	K	N	Q	S	T	A	V	L	I	F	Y	W	H	M	C	P
0	0.03011	0.03184	0.01243	0.09889	0.31637	0.00889	0.03197	0.11630	0.06208	0.01442	0.04114	0.03708	0.04714	0.02118	0.01710	0.00145	0.01706	0.08629	0.00279	0.00546
1	0.05146	0.02940	0.02674	0.32142	0.14976	0.03627	0.05107	0.06864	0.00932	0.04117	0.02839	0.03640	0.01961	0.03447	0.00492	0.00139	0.03381	0.02130	0.00239	0.03205
2	0.00647	0.00480	0.02798	0.00503	0.00569	0.00441	0.00344	0.02150	0.03877	0.03178	0.02861	0.07815	0.13705	0.51939	0.01460	0.03052	0.00350	0.01798	0.01718	0.00314
3	0.02828	0.00390	0.00461	0.00487	0.00518	0.00380	0.00310	0.00615	0.00705	0.00974	0.05640	0.28784	0.06844	0.39880	0.01265	0.05033	0.00310	0.00761	0.03523	0.00291
4	0.00850	0.00882	0.06401	0.18686	0.13132	0.04325	0.09047	0.06632	0.00900	0.01207	0.01125	0.05817	0.06766	0.00958	0.14616	0.00223	0.07259	0.00455	0.00233	0.00485
5	0.02306	0.03461	0.01231	0.24511	0.29692	0.00844	0.00938	0.03672	0.02392	0.07297	0.02131	0.08995	0.00895	0.01944	0.00496	0.03283	0.02270	0.00439	0.00248	0.02956
6	0.00626	0.00409	0.00516	0.00536	0.00616	0.00376	0.00381	0.00727	0.00878	0.07808	0.15404	0.39034	0.17409	0.08468	0.03274	0.00186	0.00275	0.02332	0.00382	0.00364
7	0.03471	0.00367	0.00528	0.00530	0.00541	0.00370	0.00357	0.00556	0.00558	0.00775	0.02528	0.05026	0.00852	0.01358	0.01472	0.79587	0.00342	0.00392	0.00193	0.00196
8	0.01046	0.06064	0.07184	0.03072	0.05963	0.26735	0.03420	0.04291	0.03508	0.01129	0.00882	0.02909	0.02006	0.02088	0.15237	0.00220	0.10478	0.00365	0.02926	0.00476
9	0.88607	0.00785	0.00596	0.00534	0.00785	0.00910	0.00439	0.01193	0.00690	0.01820	0.00565	0.00659	0.00439	0.00377	0.00251	0.00126	0.00314	0.00220	0.00251	0.00439
10	0.00841	0.00721	0.00841	0.00601	0.00961	0.00541	0.00481	0.01022	0.00841	0.01322	0.00721	0.00841	0.00601	0.00300	0.00300	0.00060	0.00300	0.00240	0.00240	0.88222
11	0.01008	0.11570	0.20275	0.11250	0.05386	0.02511	0.01836	0.09340	0.05831	0.10266	0.04189	0.04973	0.07538	0.00536	0.00414	0.01375	0.00444	0.00428	0.00285	0.00546
12	0.00913	0.07391	0.25850	0.00965	0.03717	0.10156	0.03493	0.02315	0.05773	0.03523	0.10335	0.01413	0.06991	0.00700	0.05894	0.00163	0.09229	0.00414	0.00254	0.00511
13	0.00888	0.00687	0.00818	0.00601	0.00930	0.00529	0.00479	0.01068	0.00898	0.07644	0.09402	0.01112	0.00970	0.00371	0.00327	0.00072	0.00292	0.00305	0.00282	0.72326
14	0.00978	0.01041	0.15883	0.17774	0.09418	0.02015	0.00928	0.18099	0.05956	0.04358	0.10053	0.01405	0.04558	0.00644	0.04983	0.00157	0.00486	0.00423	0.00293	0.00549
15	0.01085	0.85986	0.02126	0.00694	0.01041	0.01605	0.00694	0.01215	0.00824	0.00955	0.00564	0.00651	0.00521	0.00347	0.00260	0.00087	0.00434	0.00217	0.00174	0.00521
16	0.00954	0.24512	0.36695	0.00974	0.03423	0.06245	0.02160	0.04233	0.04192	0.02368	0.00936	0.07015	0.02385	0.00476	0.00368	0.00119	0.00503	0.01671	0.00221	0.00549
17	0.03572	0.00742	0.02801	0.05178	0.02421	0.00605	0.00555	0.03265	0.02021	0.02580	0.03360	0.01023	0.00752	0.02663	0.04214	0.00110	0.00364	0.00292	0.00252	0.63229
18	0.00933	0.00699	0.00828	0.00619	0.00943	0.00561	0.00493	0.01152	0.05043	0.10423	0.00996	0.01094	0.03269	0.02153	0.03454	0.00102	0.00334	0.00303	0.00282	0.66320
19	0.01143	0.01011	0.04281	0.10799	0.08392	0.03018	0.10316	0.13219	0.12689	0.05319	0.04852	0.03939	0.01036	0.00550	0.00490	0.00143	0.03785	0.00448	0.00334	0.14235
20	0.00666	0.00533	0.00761	0.13499	0.02369	0.00541	0.05417	0.00776	0.00722	0.00980	0.04139	0.02163	0.04089	0.43504	0.07406	0.00297	0.00463	0.02993	0.00246	0.08436
21	0.00797	0.00713	0.00884	0.00911	0.13025	0.04395	0.02044	0.00989	0.04662	0.02096	0.02944	0.05354	0.16921	0.08073	0.03223	0.00154	0.05584	0.01732	0.00277	0.25220
22	0.07231	0.05293	0.06973	0.09383	0.07286	0.07454	0.07324	0.20689	0.06520	0.04075	0.02493	0.05349	0.02243	0.00562	0.02393	0.00140	0.02590	0.01159	0.00290	0.00552

[dist]
# distance from previous block
# <min> <max>
0	6

[block]
# block no. 1 follows, 66 sequences, length 7
# corresponding to MSA columns:
# 193-199
name=unknown_B
#
# <colnr> <probs for GDERKNQSTAVLIFYWHMCP>
#	G	D	E	R	K	N	Q	S	T	A	V	L	I	F	Y	W	H	M	C	P
0	0.00911	0.00744	0.01173	0.11299	0.18502	0.00769	0.10395	0.05273	0.04193	0.06930	0.03857	0.01544	0.04973	0.12589	0.05175	0.04300	0.03374	0.00451	0.00262	0.03286
1	0.00526	0.00388	0.00462	0.00493	0.00560	0.00354	0.00342	0.00601	0.00830	0.01069	0.10817	0.31016	0.29685	0.13469	0.00779	0.04396	0.00254	0.03282	0.00355	0.00321
2	0.00995	0.37278	0.41540	0.00952	0.01408	0.09185	0.01093	0.01288	0.00871	0.01118	0.00650	0.00758	0.00518	0.00372	0.00331	0.00109	0.00543	0.00261	0.00176	0.00554
3	0.05072	0.08506	0.27601	0.02977	0.06552	0.10287	0.09245	0.10779	0.03823	0.03771	0.02480	0.03932	0.00742	0.00442	0.00386	0.00123	0.00524	0.00365	0.01831	0.00562
4	0.00567	0.00390	0.00479	0.00494	0.00529	0.00382	0.00322	0.00603	0.00703	0.00933	0.06854	0.17423	0.12683	0.37599	0.09575	0.08798	0.00392	0.00697	0.00290	0.00287
5	0.00841	0.00721	0.00841	0.00601	0.00961	0.00541	0.00481	0.01022	0.00841	0.01322	0.00721	0.00841	0.00601	0.00300	0.00300	0.00060	0.00300	0.00240	0.00240	0.88222
6	0.08114	0.13083	0.13528	0.09486	0.05889	0.03471	0.03283	0.06464	0.03254	0.05245	0.05714	0.04597	0.03746	0.06067	0.02548	0.00153	0.00450	0.01798	0.02611	0.00498

[dist]
# distance from previous block
# <min> <max>
0	1

[block]
# block no. 2 follows, 66 sequences, length 7
# corresponding to MSA columns:
# 201-206,214
name=unknown_C
#
# <colnr> <probs for GDERKNQSTAVLIFYWHMCP>
#	G	D	E	R	K	N	Q	S	T	A	V	L	I	F	Y	W	H	M	C	P
0	0.04271	0.00652	0.00966	0.15342	0.13298	0.00697	0.05044	0.05229	0.04316	0.01258	0.10995	0.05603	0.06240	0.09769	0.11466	0.03138	0.00489	0.00510	0.00273	0.00442
1	0.00625	0.00499	0.00516	0.00523	0.00566	0.06162	0.00341	0.00677	0.00732	0.00938	0.06651	0.17132	0.09488	0.45243	0.07902	0.00313	0.00413	0.00688	0.00289	0.00303
2	0.03017	0.06577	0.05565	0.22412	0.16353	0.12110	0.09795	0.05610	0.00946	0.03969	0.00772	0.01034	0.00620	0.00465	0.00486	0.04349	0.03551	0.01636	0.00217	0.00516
3	0.01048	0.00996	0.03657	0.10216	0.20540	0.08782	0.11597	0.11036	0.04079	0.04570	0.03808	0.01158	0.00809	0.00644	0.06923	0.00167	0.04936	0.00391	0.04096	0.00547
4	0.05940	0.03742	0.05874	0.37656	0.09988	0.05662	0.00936	0.07116	0.02717	0.01266	0.04201	0.03286	0.03062	0.00642	0.06105	0.00164	0.00527	0.00394	0.00233	0.00489
5	0.00572	0.00425	0.00505	0.00511	0.00579	0.00417	0.00352	0.00717	0.05668	0.01092	0.14454	0.17905	0.18671	0.27198	0.08893	0.00268	0.00357	0.00746	0.00334	0.00336
6	0.09808	0.00948	0.01029	0.00826	0.03421	0.07572	0.04675	0.21098	0.03564	0.03911	0.00834	0.00917	0.00644	0.00385	0.00345	0.00096	0.00396	0.00301	0.02557	0.36675

[dist]
# distance from previous block
# <min> <max>
0	3

[block]
# block no. 3 follows, 66 sequences, length 17
# corresponding to MSA columns:
# 218-234
name=unknown_D
#
# <colnr> <probs for GDERKNQSTAVLIFYWHMCP>
#	G	D	E	R	K	N	Q	S	T	A	V	L	I	F	Y	W	H	M	C	P
0	0.06679	0.00881	0.01132	0.09396	0.15823	0.04615	0.05436	0.17545	0.11495	0.02602	0.01057	0.06253	0.01878	0.03106	0.02076	0.06046	0.00447	0.00427	0.00289	0.02818
1	0.02658	0.00491	0.00616	0.03231	0.05095	0.00483	0.00464	0.03215	0.03223	0.02560	0.14636	0.18070	0.25366	0.07126	0.07636	0.00202	0.00343	0.03847	0.00350	0.00388
2	0.00852	0.03416	0.01371	0.61669	0.15944	0.00952	0.04865	0.04033	0.00877	0.01149	0.00737	0.01052	0.00566	0.00397	0.00404	0.00131	0.00531	0.00362	0.00193	0.00498
3	0.03395	0.00494	0.00636	0.05308	0.03428	0.00505	0.00487	0.00862	0.06488	0.04820	0.07675	0.19842	0.17894	0.06636	0.14949	0.01808	0.00428	0.03622	0.00330	0.00393
4	0.08879	0.00628	0.00698	0.00622	0.00806	0.02339	0.00479	0.06114	0.08462	0.16414	0.09166	0.14984	0.10562	0.06229	0.00526	0.00148	0.00305	0.03329	0.02465	0.06843
5	0.03920	0.00430	0.00494	0.00503	0.00602	0.00394	0.00362	0.00722	0.00861	0.06734	0.08249	0.23639	0.32782	0.13770	0.00718	0.00183	0.00262	0.04652	0.00366	0.00356
6	0.00569	0.00393	0.00507	0.00564	0.00613	0.00372	0.00387	0.00687	0.03372	0.03641	0.11051	0.62276	0.04376	0.06922	0.00612	0.00174	0.00249	0.02504	0.00380	0.00352
7	0.03799	0.00517	0.00601	0.00563	0.00695	0.00505	0.00418	0.04099	0.09445	0.09249	0.24482	0.15653	0.18249	0.09148	0.00616	0.00162	0.00263	0.00718	0.00396	0.00423
8	0.07840	0.00460	0.00526	0.00525	0.00632	0.00444	0.00384	0.00830	0.04002	0.05775	0.20096	0.22892	0.18247	0.08213	0.00593	0.00162	0.00251	0.03177	0.04570	0.00381
9	0.00588	0.00442	0.00645	0.00640	0.00705	0.00512	0.00490	0.00721	0.00663	0.00953	0.03954	0.01718	0.01140	0.10104	0.71907	0.00599	0.03181	0.00457	0.00227	0.00355
10	0.02822	0.00442	0.00500	0.00514	0.00604	0.00449	0.00372	0.00900	0.09451	0.01314	0.07650	0.26379	0.08252	0.04422	0.05066	0.00169	0.00279	0.00684	0.29349	0.00385
11	0.02153	0.00566	0.00636	0.00584	0.00711	0.00583	0.00430	0.13973	0.06969	0.06693	0.06063	0.15724	0.04873	0.19647	0.00778	0.00188	0.00309	0.01787	0.16904	0.00430
12	0.02415	0.00407	0.00478	0.00498	0.00569	0.00377	0.00343	0.00661	0.00826	0.03706	0.11394	0.29610	0.23304	0.20893	0.00858	0.00205	0.00268	0.02498	0.00355	0.00334
13	0.00728	0.00420	0.00699	0.00636	0.00674	0.00414	0.07780	0.00599	0.00568	0.00759	0.00715	0.01221	0.00697	0.01312	0.01485	0.80159	0.00383	0.00364	0.00179	0.00210
14	0.02035	0.00459	0.00538	0.00531	0.00606	0.00454	0.00367	0.05978	0.00821	0.04264	0.04132	0.19911	0.13798	0.33597	0.07161	0.00277	0.00374	0.02732	0.01619	0.00344
15	0.23327	0.00664	0.00696	0.02575	0.00850	0.03134	0.00499	0.07169	0.06114	0.12766	0.05998	0.24806	0.03034	0.02742	0.00471	0.02168	0.00319	0.01856	0.00353	0.00460
16	0.00627	0.00445	0.00527	0.00537	0.00640	0.00416	0.00391	0.03242	0.04493	0.04974	0.13728	0.34031	0.27294	0.02478	0.00510	0.00150	0.00240	0.02481	0.02413	0.00383

[dist]
# distance from previous block
# <min> <max>
0	5

[block]
# block no. 4 follows, 66 sequences, length 11
# corresponding to MSA columns:
# 240-250
name=unknown_E
#
# <colnr> <probs for GDERKNQSTAVLIFYWHMCP>
#	G	D	E	R	K	N	Q	S	T	A	V	L	I	F	Y	W	H	M	C	P
0	0.00696	0.00620	0.02315	0.05452	0.04568	0.02565	0.03366	0.03999	0.00844	0.01138	0.09124	0.12483	0.13235	0.09219	0.17902	0.00272	0.09723	0.01793	0.00285	0.00399
1	0.00874	0.05276	0.00934	0.00655	0.00974	0.00633	0.02448	0.01103	0.05252	0.04463	0.00841	0.00981	0.00694	0.00639	0.09904	0.00138	0.00410	0.00285	0.00253	0.63244
2	0.00766	0.00590	0.00767	0.00701	0.00819	0.02568	0.02142	0.09979	0.02630	0.03222	0.08884	0.01740	0.04236	0.06913	0.48335	0.00444	0.04098	0.00473	0.00277	0.00417
3	0.00560	0.00398	0.00499	0.00544	0.00580	0.00392	0.00365	0.02520	0.00751	0.01000	0.01920	0.44358	0.06429	0.26316	0.08282	0.00273	0.00365	0.03803	0.00325	0.00319
4	0.03154	0.00639	0.00694	0.00640	0.00792	0.00685	0.00481	0.07758	0.29857	0.01466	0.12912	0.06429	0.14038	0.15296	0.00720	0.00181	0.00306	0.03106	0.00375	0.00469
5	0.00868	0.00887	0.09478	0.03977	0.14502	0.03386	0.04359	0.05161	0.06842	0.04089	0.15239	0.04071	0.06702	0.02839	0.04254	0.00165	0.08232	0.04149	0.00299	0.00501
6	0.03862	0.04509	0.02239	0.00773	0.05566	0.00652	0.03379	0.05571	0.00921	0.10298	0.02490	0.10138	0.03074	0.00542	0.00435	0.05335	0.00340	0.00409	0.00289	0.39180
7	0.00938	0.00739	0.00877	0.03338	0.01040	0.00598	0.00525	0.04181	0.03387	0.07062	0.00820	0.00912	0.00650	0.00332	0.00319	0.00072	0.00317	0.00267	0.00268	0.73357
8	0.06487	0.00731	0.03119	0.02758	0.02238	0.00779	0.02800	0.10162	0.18518	0.05192	0.06874	0.04179	0.01218	0.05137	0.23177	0.00287	0.03839	0.01693	0.00316	0.00495
9	0.00723	0.00529	0.00632	0.00609	0.00692	0.02774	0.00444	0.06805	0.02012	0.04153	0.09614	0.14549	0.05534	0.23869	0.19869	0.00325	0.02623	0.03559	0.00310	0.00373
10	0.03381	0.08173	0.05347	0.01070	0.11332	0.05883	0.06507	0.14214	0.08617	0.03418	0.01167	0.01365	0.06064	0.00964	0.15635	0.00221	0.03715	0.02117	0.00276	0.00533

[dist]
# distance from previous block
# <min> <max>
1	12

[block]
# block no. 5 follows, 66 sequences, length 9
# corresponding to MSA columns:
# 263-271
name=unknown_F
#
# <colnr> <probs for GDERKNQSTAVLIFYWHMCP>
#	G	D	E	R	K	N	Q	S	T	A	V	L	I	F	Y	W	H	M	C	P
0	0.02490	0.02418	0.08861	0.02034	0.02381	0.00664	0.02496	0.03147	0.14694	0.04155	0.21228	0.04031	0.17125	0.00714	0.00462	0.00133	0.02409	0.05761	0.00356	0.04440
1	0.01029	0.05381	0.10373	0.05238	0.05824	0.04490	0.00776	0.09516	0.06143	0.06736	0.00867	0.02544	0.00692	0.00428	0.00440	0.00106	0.07690	0.00324	0.00265	0.31138
2	0.00571	0.00426	0.00474	0.00454	0.00588	0.00366	0.00343	0.00702	0.01000	0.05226	0.26341	0.03535	0.56637	0.00946	0.00476	0.00134	0.00208	0.00800	0.00403	0.00371
3	0.00612	0.00503	0.00654	0.08167	0.04850	0.00507	0.00512	0.02777	0.02219	0.01208	0.14785	0.13014	0.32830	0.02355	0.06470	0.00182	0.02924	0.04698	0.00343	0.00389
4	0.01332	0.01011	0.01078	0.00860	0.01151	0.04189	0.00696	0.41550	0.20532	0.08412	0.01124	0.01104	0.00821	0.00485	0.00423	0.00119	0.03123	0.00371	0.00380	0.11236
5	0.00518	0.00372	0.00488	0.00568	0.00606	0.00349	0.00395	0.00604	0.00810	0.01076	0.06573	0.66104	0.06139	0.04906	0.00586	0.00174	0.00252	0.08774	0.00374	0.00334
6	0.03992	0.05144	0.06887	0.00905	0.01226	0.01138	0.02609	0.44666	0.20425	0.07155	0.01118	0.01094	0.00808	0.00482	0.00396	0.00125	0.00422	0.00376	0.00377	0.00654
7	0.00756	0.00378	0.00378	0.00378	0.00473	0.00378	0.00284	0.00945	0.00851	0.01513	0.01324	0.01513	0.01040	0.00473	0.00284	0.00095	0.00189	0.00378	0.87994	0.00378
8	0.08115	0.01239	0.04620	0.09977	0.01452	0.26101	0.12453	0.08695	0.09687	0.04660	0.00937	0.06016	0.00771	0.00484	0.00426	0.00127	0.03059	0.00394	0.00267	0.00520

[dist]
# distance from previous block
# <min> <max>
6	9

[block]
# block no. 6 follows, 66 sequences, length 15
# corresponding to MSA columns:
# 282-296
name=unknown_G
#
# <colnr> <probs for GDERKNQSTAVLIFYWHMCP>
#	G	D	E	R	K	N	Q	S	T	A	V	L	I	F	Y	W	H	M	C	P
0	0.00952	0.04153	0.03397	0.03607	0.58085	0.00928	0.01065	0.02561	0.09148	0.01332	0.01041	0.08514	0.02479	0.00476	0.00409	0.00126	0.00440	0.00444	0.00242	0.00601
1	0.01516	0.01934	0.01150	0.01045	0.01254	0.84113	0.00784	0.01620	0.01150	0.00993	0.00627	0.00732	0.00523	0.00418	0.00366	0.00105	0.00732	0.00261	0.00209	0.00470
2	0.12359	0.04033	0.03061	0.00928	0.01187	0.45845	0.02887	0.08149	0.02448	0.14215	0.00823	0.00867	0.00615	0.00429	0.00362	0.00113	0.00576	0.00296	0.00278	0.00528
3	0.01362	0.04590	0.06328	0.08427	0.09872	0.00716	0.02886	0.01561	0.01038	0.46043	0.05474	0.03016	0.02308	0.00568	0.02280	0.00139	0.00411	0.01993	0.00382	0.00606
4	0.00756	0.00378	0.00378	0.00378	0.00473	0.00378	0.00284	0.00945	0.00851	0.01513	0.01324	0.01513	0.01040	0.00473	0.00284	0.00095	0.00189	0.00378	0.87994	0.00378
5	0.82523	0.06708	0.00703	0.00545	0.00802	0.00958	0.00457	0.01194	0.00700	0.01760	0.00565	0.00658	0.00445	0.00375	0.00252	0.00123	0.00322	0.00219	0.00246	0.00445
6	0.00567	0.00433	0.00557	0.00642	0.03556	0.00419	0.00436	0.00748	0.07313	0.01165	0.09417	0.56168	0.10783	0.01111	0.00500	0.00156	0.00251	0.05025	0.00379	0.00374
7	0.06665	0.21751	0.02511	0.00907	0.01151	0.48840	0.00739	0.03349	0.01029	0.03280	0.00674	0.00825	0.00576	0.01876	0.00398	0.00111	0.03217	0.01397	0.00217	0.00487
8	0.29977	0.00706	0.00804	0.00656	0.00927	0.00700	0.00537	0.03411	0.00984	0.47809	0.01241	0.03850	0.00868	0.00627	0.05023	0.00156	0.00375	0.00371	0.00398	0.00579
9	0.02270	0.04079	0.38389	0.07966	0.14057	0.02825	0.03588	0.08160	0.03971	0.06184	0.00857	0.02617	0.00651	0.00427	0.00412	0.00127	0.02246	0.00350	0.00232	0.00591
10	0.00932	0.07500	0.05802	0.10294	0.15376	0.07487	0.03987	0.04813	0.00925	0.07338	0.01248	0.24038	0.01247	0.03789	0.02249	0.00154	0.00449	0.01604	0.00280	0.00489
11	0.00756	0.00378	0.00378	0.00378	0.00473	0.00378	0.00284	0.00945	0.00851	0.01513	0.01324	0.01513	0.01040	0.00473	0.00284	0.00095	0.00189	0.00378	0.87994	0.00378
12	0.16949	0.00919	0.08124	0.11606	0.06156	0.04079	0.04441	0.03850	0.08455	0.04404	0.03531	0.06451	0.02420	0.00474	0.00369	0.00118	0.00404	0.00391	0.00272	0.16586
13	0.00885	0.02403	0.07084	0.03937	0.02743	0.00688	0.00612	0.07984	0.06319	0.01380	0.00928	0.01135	0.02563	0.07865	0.00488	0.00111	0.00358	0.00321	0.00260	0.51936
14	0.00734	0.00656	0.04956	0.00660	0.03014	0.03974	0.02709	0.06435	0.04045	0.01111	0.06682	0.08649	0.06514	0.45098	0.01287	0.00268	0.00391	0.00594	0.00287	0.01937

[dist]
# distance from previous block
# <min> <max>
1	20

[block]
# block no. 7 follows, 66 sequences, length 13
# corresponding to MSA columns:
# 317-329
name=unknown_H
#
# <colnr> <probs for GDERKNQSTAVLIFYWHMCP>
#	G	D	E	R	K	N	Q	S	T	A	V	L	I	F	Y	W	H	M	C	P
0	0.06487	0.08963	0.12836	0.23017	0.17891	0.07202	0.03117	0.03338	0.03632	0.02453	0.02147	0.00978	0.00643	0.00396	0.00374	0.00119	0.00499	0.00330	0.00216	0.05363
1	0.05826	0.30703	0.40763	0.00932	0.01388	0.01199	0.01069	0.08464	0.03849	0.01329	0.00718	0.00809	0.00554	0.00387	0.00338	0.00114	0.00503	0.00278	0.00206	0.00573
2	0.00607	0.00447	0.00584	0.00562	0.00660	0.00447	0.00431	0.00790	0.02774	0.02838	0.43581	0.02776	0.12835	0.03894	0.18856	0.00256	0.02391	0.04519	0.00372	0.00381
3	0.00565	0.00434	0.00526	0.00537	0.00627	0.00424	0.00396	0.00734	0.05354	0.01141	0.13631	0.15542	0.27216	0.11026	0.14258	0.00256	0.00391	0.06238	0.00347	0.00357
4	0.00536	0.00404	0.00461	0.00457	0.00541	0.00367	0.00318	0.00638	0.00898	0.01172	0.26648	0.07969	0.34430	0.22365	0.00882	0.00200	0.00250	0.00770	0.00364	0.00329
5	0.00832	0.00775	0.01287	0.68360	0.15888	0.00924	0.01134	0.03919	0.00868	0.01137	0.00737	0.01065	0.00563	0.00401	0.00405	0.00132	0.00528	0.00361	0.00192	0.00491
6	0.00756	0.00378	0.00378	0.00378	0.00473	0.00378	0.00284	0.00945	0.00851	0.01513	0.01324	0.01513	0.01040	0.00473	0.00284	0.00095	0.00189	0.00378	0.87994	0.00378
7	0.00841	0.00721	0.00841	0.00601	0.00961	0.00541	0.00481	0.01022	0.00841	0.01322	0.00721	0.00841	0.00601	0.00300	0.00300	0.00060	0.00300	0.00240	0.00240	0.88222
8	0.01805	0.00715	0.00957	0.00733	0.01048	0.00633	0.00606	0.06372	0.01202	0.79039	0.01566	0.01359	0.00987	0.00501	0.00408	0.00125	0.00351	0.00406	0.00497	0.00690
9	0.00500	0.00355	0.00469	0.00558	0.00580	0.00333	0.00369	0.00566	0.00766	0.01021	0.02181	0.80670	0.02613	0.06173	0.00608	0.00178	0.00245	0.01121	0.00369	0.00325
10	0.00756	0.00378	0.00378	0.00378	0.00473	0.00378	0.00284	0.00945	0.00851	0.01513	0.01324	0.01513	0.01040	0.00473	0.00284	0.00095	0.00189	0.00378	0.87994	0.00378
11	0.01067	0.78405	0.02047	0.00727	0.01043	0.01573	0.00711	0.01194	0.00806	0.00956	0.00561	0.00672	0.00522	0.00379	0.00356	0.00095	0.07967	0.00229	0.00174	0.00514
12	0.00825	0.00782	0.01330	0.59068	0.02391	0.00920	0.12056	0.04154	0.03802	0.01177	0.03814	0.01239	0.00743	0.00449	0.00457	0.00138	0.03721	0.02243	0.00215	0.00475

[dist]
# distance from previous block
# <min> <max>
0	1

[block]
# block no. 8 follows, 66 sequences, length 23
# corresponding to MSA columns:
# 331-353
name=unknown_I
#
# <colnr> <probs for GDERKNQSTAVLIFYWHMCP>
#	G	D	E	R	K	N	Q	S	T	A	V	L	I	F	Y	W	H	M	C	P
0	0.39080	0.00919	0.00903	0.00731	0.01018	0.01016	0.00601	0.33890	0.04741	0.12120	0.00903	0.00911	0.00644	0.00444	0.00340	0.00125	0.00372	0.00312	0.00351	0.00580
1	0.00675	0.00386	0.00542	0.00550	0.00574	0.00391	0.00376	0.00635	0.04857	0.00848	0.03176	0.13780	0.02791	0.02706	0.04864	0.61514	0.00359	0.00503	0.00232	0.00241
2	0.00831	0.00642	0.00717	0.00675	0.00840	0.00686	0.00511	0.01452	0.40974	0.06249	0.10557	0.19399	0.13205	0.00792	0.00450	0.00141	0.00275	0.00684	0.00409	0.00511
3	0.00586	0.00425	0.00618	0.00618	0.00677	0.00485	0.00464	0.00697	0.00638	0.00910	0.01097	0.01726	0.01065	0.14449	0.69211	0.04364	0.00959	0.00453	0.00220	0.00338
4	0.01585	0.01068	0.01175	0.00901	0.01224	0.01157	0.00744	0.69627	0.01793	0.14950	0.01070	0.01036	0.00738	0.00489	0.00406	0.00122	0.00431	0.00372	0.00421	0.00690
5	0.01359	0.00721	0.00889	0.00723	0.00982	0.00684	0.00576	0.17575	0.04296	0.38633	0.01514	0.18417	0.01250	0.00637	0.00419	0.00126	0.00337	0.00536	0.00426	0.09900
6	0.00607	0.00496	0.00617	0.05934	0.00821	0.00477	0.03095	0.00840	0.09129	0.02670	0.11770	0.17529	0.41221	0.00931	0.00475	0.00141	0.00263	0.02219	0.00372	0.00395
7	0.01185	0.02853	0.04955	0.00734	0.01055	0.06462	0.00617	0.05994	0.11220	0.21764	0.04195	0.01139	0.00897	0.00426	0.00362	0.00099	0.00366	0.00339	0.00337	0.35004
8	0.00561	0.00414	0.00525	0.00503	0.00602	0.00378	0.00378	0.00738	0.01105	0.01533	0.68856	0.05259	0.14338	0.00873	0.00481	0.00131	0.00198	0.02317	0.00434	0.00376
9	0.88607	0.00785	0.00596	0.00534	0.00785	0.00910	0.00439	0.01193	0.00690	0.01820	0.00565	0.00659	0.00439	0.00377	0.00251	0.00126	0.00314	0.00220	0.00251	0.00439
10	0.04543	0.53098	0.02774	0.00788	0.02052	0.16253	0.00706	0.04002	0.02811	0.06066	0.00686	0.00753	0.00573	0.00379	0.00301	0.00096	0.00474	0.00250	0.00218	0.03179
11	0.00935	0.08245	0.16245	0.08263	0.10161	0.04141	0.36659	0.01260	0.02780	0.01231	0.00831	0.04278	0.00676	0.00408	0.00442	0.00130	0.02146	0.00420	0.00205	0.00545
12	0.00816	0.02900	0.01104	0.52065	0.04786	0.04127	0.00938	0.03592	0.06696	0.01172	0.04069	0.06802	0.02319	0.00549	0.00423	0.00137	0.00475	0.06320	0.00245	0.00463
13	0.00545	0.00434	0.00495	0.00487	0.00598	0.01665	0.00365	0.00687	0.01013	0.01325	0.38598	0.08617	0.38263	0.00982	0.01881	0.00144	0.00229	0.02907	0.00402	0.00363
14	0.00987	0.00958	0.01581	0.12641	0.71233	0.03007	0.01219	0.01229	0.00915	0.01281	0.00755	0.01007	0.00627	0.00368	0.00401	0.00122	0.00495	0.00359	0.00198	0.00615
15	0.00605	0.00473	0.00709	0.03946	0.00825	0.00566	0.00554	0.00752	0.00656	0.00948	0.01040	0.01532	0.00967	0.02802	0.75978	0.00604	0.06033	0.00427	0.00214	0.00371
16	0.01019	0.00904	0.01302	0.48193	0.07205	0.01007	0.05052	0.01446	0.21218	0.01410	0.01317	0.01574	0.05183	0.00587	0.00492	0.00168	0.00530	0.00475	0.00314	0.00603
17	0.54412	0.00977	0.04512	0.00734	0.00995	0.09554	0.05382	0.07053	0.02690	0.01672	0.00790	0.03133	0.00674	0.00461	0.00324	0.00129	0.00403	0.05367	0.00266	0.00472
18	0.00589	0.00438	0.00624	0.00621	0.00676	0.00503	0.00464	0.00701	0.00643	0.00915	0.01143	0.04433	0.01142	0.19132	0.62767	0.00571	0.03585	0.00485	0.00227	0.00341
19	0.00799	0.02573	0.11760	0.03954	0.01916	0.04344	0.06533	0.01030	0.06171	0.06376	0.08715	0.02076	0.11855	0.24290	0.05681	0.00232	0.00454	0.00528	0.00287	0.00428
20	0.00499	0.00412	0.00438	0.00432	0.00560	0.00351	0.00324	0.00621	0.00972	0.01207	0.20612	0.03722	0.66475	0.00986	0.00479	0.00135	0.00203	0.00831	0.00391	0.00351
21	0.88607	0.00785	0.00596	0.00534	0.00785	0.00910	0.00439	0.01193	0.00690	0.01820	0.00565	0.00659	0.00439	0.00377	0.00251	0.00126	0.00314	0.00220	0.00251	0.00439
22	0.81275	0.07923	0.00724	0.00547	0.00806	0.00968	0.00461	0.01194	0.00702	0.01748	0.00565	0.00658	0.00446	0.00374	0.00252	0.00122	0.00324	0.00219	0.00245	0.00446

[dist]
# distance from previous block
# <min> <max>
0	35

[block]
# block no. 9 follows, 66 sequences, length 16
# corresponding to MSA columns:
# 392-407
name=unknown_J
#
# <colnr> <probs for GDERKNQSTAVLIFYWHMCP>
#	G	D	E	R	K	N	Q	S	T	A	V	L	I	F	Y	W	H	M	C	P
0	0.00848	0.00858	0.00926	0.02206	0.02974	0.17900	0.02958	0.00972	0.00776	0.00983	0.00978	0.09068	0.00965	0.04872	0.34262	0.00357	0.17013	0.00455	0.00223	0.00406
1	0.00851	0.00685	0.00812	0.00596	0.00925	0.00525	0.00474	0.01032	0.00889	0.04729	0.09998	0.01109	0.00980	0.00368	0.00325	0.00070	0.00290	0.00303	0.00274	0.74763
2	0.00580	0.00432	0.00640	0.00640	0.00708	0.00500	0.00492	0.00716	0.00648	0.00933	0.01098	0.01657	0.01042	0.07981	0.79233	0.00637	0.01045	0.00444	0.00219	0.00355
3	0.00766	0.00721	0.01217	0.84767	0.02794	0.00901	0.01127	0.01037	0.00811	0.01037	0.00721	0.01082	0.00541	0.00406	0.00406	0.00135	0.00541	0.00361	0.00180	0.00451
4	0.28083	0.00741	0.00850	0.00675	0.00970	0.00723	0.00557	0.05603	0.01055	0.54850	0.01257	0.01143	0.00818	0.00463	0.00360	0.00125	0.00341	0.00349	0.00421	0.00614
5	0.01085	0.85986	0.02126	0.00694	0.01041	0.01605	0.00694	0.01215	0.00824	0.00955	0.00564	0.00651	0.00521	0.00347	0.00260	0.00087	0.00434	0.00217	0.00174	0.00521
6	0.01496	0.01113	0.01191	0.00924	0.01240	0.01236	0.00760	0.74881	0.08960	0.02482	0.01033	0.01021	0.00738	0.00493	0.00406	0.00123	0.00435	0.00373	0.00406	0.00686
7	0.00723	0.00459	0.00608	0.00583	0.00657	0.00488	0.00419	0.00846	0.03418	0.09223	0.01232	0.01984	0.01201	0.34988	0.40859	0.00481	0.00716	0.00493	0.00264	0.00359
8	0.00896	0.00680	0.00832	0.00626	0.00938	0.00543	0.02014	0.01103	0.03166	0.09158	0.10473	0.01325	0.03428	0.00424	0.00348	0.00082	0.00299	0.01813	0.00300	0.61553
9	0.00756	0.00378	0.00378	0.00378	0.00473	0.00378	0.00284	0.00945	0.00851	0.01513	0.01324	0.01513	0.01040	0.00473	0.00284	0.00095	0.00189	0.00378	0.87994	0.00378
10	0.46465	0.03133	0.00871	0.00686	0.00969	0.02768	0.00567	0.22239	0.01103	0.16450	0.00856	0.00870	0.00608	0.00428	0.00322	0.00123	0.00366	0.00292	0.00333	0.00552
11	0.01726	0.00842	0.01035	0.00794	0.01111	0.00821	0.00656	0.29152	0.01415	0.55958	0.01387	0.01243	0.00897	0.00497	0.00407	0.00124	0.00380	0.00393	0.00469	0.00690
12	0.16351	0.00720	0.00892	0.00697	0.01000	0.00669	0.00575	0.04245	0.01105	0.67379	0.01408	0.01248	0.00900	0.00481	0.00382	0.00125	0.00343	0.00375	0.00457	0.00648
13	0.00592	0.00446	0.00563	0.00545	0.00646	0.00437	0.00414	0.00812	0.05862	0.01392	0.46467	0.02929	0.14671	0.05245	0.12549	0.00221	0.00349	0.05089	0.00388	0.00382
14	0.00888	0.00888	0.01243	0.01065	0.01065	0.01243	0.00888	0.00976	0.00621	0.00976	0.00533	0.00888	0.00533	0.00710	0.01331	0.00178	0.84999	0.00355	0.00178	0.00444
15	0.01584	0.00737	0.00971	0.00772	0.01030	0.00723	0.00632	0.10708	0.01155	0.58931	0.01458	0.07629	0.01043	0.00582	0.00520	0.00134	0.09856	0.00454	0.00445	0.00635

[dist]
# distance from previous block
# <min> <max>
0	34

[block]
# block no. 10 follows, 66 sequences, length 17
# corresponding to MSA columns:
# 442-458
name=unknown_K
#
# <colnr> <probs for GDERKNQSTAVLIFYWHMCP>
#	G	D	E	R	K	N	Q	S	T	A	V	L	I	F	Y	W	H	M	C	P
0	0.75385	0.03592	0.00732	0.00629	0.03119	0.00966	0.00500	0.08560	0.00812	0.01846	0.00608	0.00697	0.00471	0.00385	0.00270	0.00124	0.00335	0.00237	0.00261	0.00471
1	0.00555	0.00397	0.00493	0.00514	0.00597	0.00358	0.00368	0.00675	0.00945	0.03632	0.28928	0.36475	0.22475	0.01046	0.00493	0.00145	0.00217	0.00923	0.00403	0.00360
2	0.00521	0.00422	0.00465	0.00461	0.00581	0.00372	0.00343	0.00676	0.03458	0.01246	0.24149	0.09725	0.54185	0.00980	0.00480	0.00137	0.00208	0.00835	0.00396	0.00361
3	0.01542	0.01136	0.01218	0.00933	0.01258	0.01258	0.00771	0.81858	0.01908	0.02557	0.00974	0.00974	0.00690	0.00487	0.00406	0.00122	0.00446	0.00365	0.00406	0.00690
4	0.05738	0.00777	0.00911	0.00743	0.05569	0.00664	0.00556	0.07930	0.03842	0.04502	0.00802	0.00895	0.00640	0.00340	0.00320	0.00077	0.00326	0.00270	0.00268	0.64830
5	0.00698	0.00445	0.00528	0.00516	0.00570	0.00442	0.00339	0.02305	0.03378	0.06822	0.02866	0.10629	0.06064	0.53432	0.04670	0.01709	0.00385	0.03581	0.00298	0.00323
6	0.00830	0.00615	0.00743	0.03393	0.00827	0.00684	0.00506	0.11220	0.14098	0.02457	0.07639	0.03985	0.02564	0.24183	0.08575	0.10077	0.06390	0.00503	0.00301	0.00410
7	0.88607	0.00785	0.00596	0.00534	0.00785	0.00910	0.00439	0.01193	0.00690	0.01820	0.00565	0.00659	0.00439	0.00377	0.00251	0.00126	0.00314	0.00220	0.00251	0.00439
8	0.84927	0.00781	0.00611	0.00542	0.00795	0.00897	0.00446	0.01226	0.00710	0.05284	0.00609	0.00690	0.00463	0.00382	0.00258	0.00126	0.00315	0.00228	0.00262	0.00450
9	0.00766	0.00401	0.00412	0.00402	0.00503	0.00402	0.00303	0.03133	0.00899	0.01548	0.06636	0.01597	0.01212	0.00496	0.00300	0.00097	0.00196	0.00401	0.79908	0.00387
10	0.03815	0.00574	0.00738	0.00628	0.00839	0.00519	0.00497	0.01395	0.04019	0.42455	0.18499	0.11067	0.10423	0.00716	0.00440	0.00133	0.00286	0.01969	0.00451	0.00538
11	0.00898	0.00878	0.01314	0.50620	0.25225	0.06348	0.01106	0.01207	0.06238	0.01159	0.00788	0.01065	0.00614	0.00404	0.00402	0.00129	0.00522	0.00361	0.00203	0.00519
12	0.00563	0.00410	0.00511	0.00530	0.00622	0.00373	0.00397	0.00701	0.00974	0.02886	0.31875	0.24024	0.23526	0.01017	0.00497	0.00146	0.00230	0.09949	0.00404	0.00364
13	0.04018	0.01016	0.02427	0.07726	0.09760	0.01092	0.00815	0.49192	0.07914	0.07830	0.03453	0.01106	0.00821	0.00479	0.00403	0.00125	0.00431	0.00380	0.00367	0.00644
14	0.00761	0.00618	0.00737	0.00788	0.05443	0.05667	0.00574	0.05514	0.03673	0.01138	0.01450	0.03848	0.01505	0.21651	0.17540	0.00314	0.01801	0.26296	0.00292	0.00390
15	0.02377	0.06302	0.09013	0.03480	0.05757	0.07715	0.10636	0.17289	0.18547	0.09098	0.03937	0.01198	0.01873	0.00468	0.00403	0.00125	0.00467	0.00396	0.00321	0.00598
16	0.69568	0.00873	0.00745	0.00677	0.03705	0.02749	0.00528	0.14327	0.00906	0.01905	0.00640	0.00724	0.00489	0.00395	0.00284	0.00124	0.00350	0.00249	0.00274	0.00488

[dist]
# distance from previous block
# <min> <max>
3	4

[block]
# block no. 11 follows, 66 sequences, length 7
# corresponding to MSA columns:
# 465-471
name=unknown_L
#
# <colnr> <probs for GDERKNQSTAVLIFYWHMCP>
#	G	D	E	R	K	N	Q	S	T	A	V	L	I	F	Y	W	H	M	C	P
0	0.06840	0.12718	0.07239	0.03032	0.07643	0.10710	0.00771	0.16991	0.03237	0.05439	0.00927	0.02408	0.00787	0.04096	0.10103	0.00193	0.03077	0.02988	0.00270	0.00529
1	0.00589	0.00398	0.00466	0.00466	0.00475	0.00406	0.00275	0.00605	0.00597	0.00804	0.01257	0.02535	0.01423	0.76355	0.11380	0.00423	0.00472	0.00572	0.00243	0.00259
2	0.01309	0.04628	0.08003	0.03880	0.07822	0.04402	0.02320	0.06238	0.01166	0.04079	0.01170	0.04256	0.01017	0.00617	0.00500	0.00156	0.00513	0.00430	0.00369	0.47125
3	0.01431	0.03795	0.01116	0.00842	0.01145	0.01047	0.00691	0.49907	0.08498	0.15724	0.01167	0.05172	0.00874	0.00516	0.00401	0.00121	0.00399	0.00406	0.00403	0.06348
4	0.02705	0.01080	0.04492	0.16749	0.13768	0.01045	0.02466	0.05131	0.21693	0.10959	0.04387	0.06222	0.02841	0.03352	0.00620	0.00206	0.00528	0.00575	0.00439	0.00743
5	0.02262	0.03078	0.15712	0.12795	0.31075	0.07141	0.01059	0.02780	0.04886	0.01290	0.03315	0.03159	0.02427	0.00452	0.00397	0.00123	0.00486	0.02436	0.00229	0.04899
6	0.72066	0.05492	0.00753	0.00588	0.00854	0.00969	0.00491	0.08881	0.00832	0.05111	0.00645	0.00717	0.00490	0.00390	0.00273	0.00123	0.00334	0.00241	0.00272	0.00478

[dist]
# distance from previous block
# <min> <max>
0	7

[block]
# block no. 12 follows, 66 sequences, length 17
# corresponding to MSA columns:
# 479-495
name=unknown_M
#
# <colnr> <probs for GDERKNQSTAVLIFYWHMCP>
#	G	D	E	R	K	N	Q	S	T	A	V	L	I	F	Y	W	H	M	C	P
0	0.01539	0.01223	0.01210	0.00946	0.01258	0.10213	0.00773	0.73186	0.01826	0.02388	0.00937	0.00948	0.00672	0.00480	0.00402	0.00120	0.00477	0.00354	0.00385	0.00666
1	0.00564	0.00433	0.00482	0.00464	0.00594	0.00381	0.00349	0.02503	0.01014	0.03240	0.27101	0.05947	0.53575	0.00952	0.00477	0.00134	0.00211	0.00807	0.00401	0.00370
2	0.19705	0.05744	0.13483	0.00941	0.08122	0.11561	0.00782	0.10720	0.01019	0.10830	0.02221	0.00940	0.00669	0.01853	0.00375	0.00118	0.00448	0.00305	0.00274	0.09891
3	0.00592	0.00396	0.00451	0.00454	0.00458	0.00396	0.00261	0.00600	0.00603	0.00803	0.01312	0.02728	0.01508	0.82514	0.02008	0.00385	0.00393	0.03637	0.00251	0.00251
4	0.03563	0.41379	0.01552	0.03657	0.03884	0.19528	0.00712	0.08478	0.00995	0.01175	0.02251	0.06960	0.00759	0.00453	0.00330	0.00103	0.00480	0.00328	0.00227	0.03185
5	0.01499	0.01094	0.01178	0.00915	0.01230	0.01209	0.00752	0.71052	0.09875	0.05408	0.01064	0.01042	0.00756	0.00494	0.00407	0.00123	0.00430	0.00376	0.00410	0.00685
6	0.00637	0.00412	0.00478	0.00465	0.00488	0.00407	0.00276	0.00656	0.00630	0.03665	0.03181	0.02543	0.01479	0.76029	0.04915	0.00380	0.00410	0.00574	0.00258	0.02117
7	0.00589	0.00396	0.00454	0.00454	0.00458	0.00400	0.00260	0.00597	0.00593	0.00795	0.01268	0.02596	0.01450	0.81168	0.06603	0.00408	0.00432	0.00581	0.00244	0.00252
8	0.00866	0.00761	0.00969	0.00824	0.08893	0.00612	0.03039	0.01090	0.03595	0.01334	0.00759	0.00887	0.00627	0.00316	0.00319	0.00071	0.00330	0.00267	0.00241	0.74200
9	0.09836	0.10102	0.01101	0.00779	0.01048	0.02490	0.00642	0.37257	0.04332	0.13540	0.01048	0.02651	0.00818	0.06205	0.06209	0.00174	0.00455	0.00376	0.00352	0.00584
10	0.01500	0.01105	0.01188	0.00919	0.01231	0.01221	0.00755	0.78596	0.01862	0.02496	0.01025	0.04365	0.00770	0.00518	0.00410	0.00123	0.00438	0.00397	0.00405	0.00676
11	0.00586	0.00410	0.00529	0.00529	0.00559	0.00440	0.00354	0.00646	0.00616	0.00851	0.01199	0.02215	0.01284	0.51472	0.36074	0.00501	0.00681	0.00526	0.00234	0.00294
12	0.00927	0.00775	0.06443	0.00837	0.06670	0.00716	0.03010	0.16038	0.08105	0.06927	0.19105	0.01986	0.06967	0.14393	0.05129	0.00198	0.00403	0.00527	0.00348	0.00494
13	0.00573	0.00386	0.00448	0.00465	0.00469	0.00382	0.00269	0.00585	0.00624	0.00832	0.01451	0.17580	0.01693	0.70520	0.01786	0.00352	0.00365	0.00692	0.00269	0.00261
14	0.03884	0.00930	0.10158	0.15722	0.38818	0.00840	0.01040	0.01157	0.04176	0.02495	0.06355	0.07984	0.01048	0.01782	0.00438	0.00134	0.00448	0.01800	0.00243	0.00547
15	0.02419	0.10361	0.12164	0.04104	0.29531	0.10699	0.03381	0.09195	0.03531	0.02861	0.02292	0.01082	0.02702	0.00424	0.00384	0.00118	0.00498	0.01385	0.00239	0.02629
16	0.00650	0.00517	0.00593	0.00621	0.02323	0.03478	0.00436	0.00851	0.08427	0.02723	0.12340	0.37846	0.13175	0.05942	0.01691	0.00165	0.00286	0.02985	0.00365	0.04587

[dist]
# distance from previous block
# <min> <max>
1	17

[block]
# block no. 13 follows, 66 sequences, length 27
# corresponding to MSA columns:
# 513-524,527-541
name=unknown_N
#
# <colnr> <probs for GDERKNQSTAVLIFYWHMCP>
#	G	D	E	R	K	N	Q	S	T	A	V	L	I	F	Y	W	H	M	C	P
0	0.07248	0.02148	0.00837	0.00832	0.08953	0.05099	0.01722	0.09832	0.09756	0.02582	0.07779	0.03933	0.18785	0.07334	0.11181	0.00215	0.00445	0.00535	0.00319	0.00465
1	0.02110	0.00618	0.00811	0.00773	0.06359	0.00614	0.03828	0.07208	0.07659	0.14967	0.14290	0.05133	0.02445	0.13950	0.02523	0.00179	0.00349	0.03497	0.10932	0.01753
2	0.01264	0.02633	0.01110	0.00901	0.01145	0.09987	0.01696	0.36928	0.21691	0.03029	0.01088	0.01151	0.00835	0.02095	0.06585	0.00170	0.06357	0.00385	0.00349	0.00601
3	0.46466	0.01013	0.02399	0.07179	0.01191	0.14291	0.09956	0.01227	0.00813	0.01479	0.02934	0.00872	0.00600	0.01845	0.00420	0.00132	0.06196	0.00298	0.00233	0.00456
4	0.00771	0.00422	0.00400	0.00398	0.00496	0.02719	0.00298	0.00956	0.00861	0.01489	0.01366	0.01544	0.02856	0.00484	0.00290	0.00096	0.00205	0.00386	0.83584	0.00380
5	0.00684	0.00580	0.00806	0.05485	0.07240	0.03330	0.00622	0.00874	0.04309	0.01019	0.01116	0.08464	0.01070	0.03625	0.53031	0.00467	0.06159	0.00478	0.00234	0.00405
6	0.01085	0.85986	0.02126	0.00694	0.01041	0.01605	0.00694	0.01215	0.00824	0.00955	0.00564	0.00651	0.00521	0.00347	0.00260	0.00087	0.00434	0.00217	0.00174	0.00521
7	0.00829	0.00703	0.00824	0.00613	0.00943	0.00552	0.00487	0.01043	0.04428	0.01312	0.00832	0.03080	0.00721	0.00428	0.02263	0.01301	0.00320	0.01617	0.00252	0.77453
8	0.00766	0.00721	0.01217	0.84767	0.02794	0.00901	0.01127	0.01037	0.00811	0.01037	0.00721	0.01082	0.00541	0.00406	0.00406	0.00135	0.00541	0.00361	0.00180	0.00451
9	0.00641	0.00448	0.00527	0.00532	0.00612	0.00431	0.00372	0.04879	0.02783	0.03826	0.09797	0.27886	0.18363	0.22232	0.00880	0.00209	0.00285	0.03420	0.01521	0.00356
10	0.03982	0.00556	0.00671	0.00606	0.00773	0.00517	0.00456	0.05884	0.02203	0.08989	0.08896	0.30445	0.07487	0.02723	0.04327	0.00157	0.01616	0.00685	0.00351	0.18678
11	0.00574	0.00416	0.00517	0.00497	0.00598	0.00380	0.00369	0.00729	0.01040	0.02985	0.53588	0.07156	0.21190	0.04436	0.03583	0.00161	0.00240	0.00759	0.00412	0.00371
12	0.00672	0.00458	0.00582	0.00603	0.00691	0.00449	0.00439	0.00912	0.10740	0.06771	0.20939	0.46459	0.02646	0.01022	0.00491	0.00151	0.00250	0.04913	0.00406	0.00406
13	0.04695	0.00529	0.00584	0.00561	0.00688	0.02908	0.00416	0.02104	0.06476	0.09109	0.19124	0.19167	0.20842	0.07146	0.00577	0.00157	0.00271	0.02482	0.01757	0.00409
14	0.00624	0.00427	0.00510	0.00519	0.00631	0.00385	0.00391	0.00763	0.01968	0.06804	0.16637	0.22076	0.33859	0.00993	0.00482	0.00144	0.00236	0.08198	0.03974	0.00378
15	0.01517	0.01899	0.01153	0.01040	0.01254	0.80560	0.00783	0.05061	0.01182	0.01060	0.00642	0.00742	0.00530	0.00421	0.00368	0.00105	0.00719	0.00266	0.00217	0.00480
16	0.00532	0.00412	0.00454	0.00458	0.00567	0.00362	0.00336	0.00636	0.00904	0.02292	0.12403	0.09147	0.53753	0.11011	0.00672	0.00170	0.00239	0.04940	0.00371	0.00341
17	0.00607	0.00433	0.00511	0.00508	0.00604	0.00399	0.00365	0.03626	0.00942	0.04128	0.21018	0.22338	0.28686	0.11959	0.00689	0.00174	0.00250	0.02019	0.00381	0.00362
18	0.00620	0.00402	0.00512	0.00555	0.00600	0.00385	0.00383	0.00689	0.00761	0.05616	0.01918	0.41303	0.04194	0.27720	0.02354	0.00244	0.00321	0.10752	0.00340	0.00330
19	0.61381	0.00836	0.00733	0.00621	0.00873	0.00948	0.00504	0.19345	0.00967	0.03501	0.00725	0.00878	0.00576	0.06148	0.00411	0.00143	0.00350	0.00281	0.00290	0.00488
20	0.12125	0.00437	0.00494	0.00527	0.00616	0.00425	0.00378	0.00691	0.00804	0.02574	0.04950	0.41306	0.21247	0.03232	0.02514	0.04046	0.00271	0.02667	0.00349	0.00348
21	0.00782	0.00663	0.00773	0.00578	0.00891	0.00507	0.00456	0.00952	0.00865	0.01311	0.06075	0.04309	0.07866	0.00430	0.00334	0.00075	0.00283	0.00356	0.00269	0.72225
22	0.00565	0.00423	0.00514	0.00500	0.00600	0.00387	0.00370	0.02274	0.01047	0.01418	0.49771	0.10241	0.23229	0.04655	0.00552	0.00146	0.00216	0.02310	0.00412	0.00368
23	0.00618	0.00433	0.00516	0.00503	0.00561	0.00422	0.00341	0.04227	0.00861	0.01165	0.25549	0.07919	0.08499	0.40040	0.01239	0.02316	0.00311	0.03825	0.00333	0.00322
24	0.00578	0.00429	0.00621	0.00621	0.00686	0.00489	0.00471	0.00705	0.00651	0.00927	0.01183	0.01778	0.03044	0.12988	0.72203	0.00608	0.00982	0.00464	0.00225	0.00348
25	0.00523	0.00371	0.00471	0.00539	0.00568	0.00352	0.00359	0.00586	0.00752	0.00994	0.02120	0.58400	0.06719	0.19929	0.00860	0.00215	0.00276	0.05303	0.00348	0.00314
26	0.08584	0.00648	0.00768	0.00677	0.00856	0.03082	0.00538	0.09514	0.03660	0.20161	0.02053	0.01396	0.00961	0.02674	0.34857	0.00343	0.00654	0.00399	0.07683	0.00490

[dist]
# distance from previous block
# <min> <max>
0	1

[block]
# block no. 14 follows, 66 sequences, length 29
# corresponding to MSA columns:
# 543-571
name=unknown_O
#
# <colnr> <probs for GDERKNQSTAVLIFYWHMCP>
#	G	D	E	R	K	N	Q	S	T	A	V	L	I	F	Y	W	H	M	C	P
0	0.02441	0.09134	0.25900	0.03702	0.05232	0.12003	0.00999	0.28956	0.01252	0.01657	0.00783	0.00872	0.00586	0.00417	0.00374	0.00116	0.00525	0.00311	0.00263	0.04477
1	0.46046	0.00884	0.00840	0.00704	0.00971	0.00991	0.00582	0.29037	0.04126	0.05230	0.00893	0.01092	0.00705	0.00476	0.00337	0.00129	0.00365	0.05724	0.00328	0.00539
2	0.00966	0.00588	0.00695	0.00615	0.00798	0.00562	0.00477	0.11647	0.05412	0.19183	0.09790	0.17031	0.22901	0.01844	0.00471	0.00138	0.00284	0.02135	0.02027	0.02436
3	0.00634	0.00439	0.00564	0.00546	0.00652	0.00422	0.00411	0.00814	0.03395	0.06055	0.38817	0.12886	0.16259	0.01267	0.14742	0.00223	0.00365	0.00728	0.00389	0.00391
4	0.37987	0.00738	0.00750	0.00635	0.00872	0.00785	0.00511	0.11505	0.03073	0.21269	0.06083	0.02475	0.01012	0.07377	0.00487	0.00150	0.00338	0.03088	0.00352	0.00513
5	0.00580	0.00420	0.00574	0.00574	0.00625	0.00464	0.00414	0.00675	0.00641	0.00896	0.01255	0.02025	0.03997	0.30391	0.54039	0.00548	0.00826	0.00501	0.00232	0.00323
6	0.00705	0.00352	0.00529	0.00529	0.00529	0.00352	0.00352	0.00529	0.00529	0.00705	0.00705	0.01233	0.00705	0.01409	0.01586	0.88196	0.00352	0.00352	0.00176	0.00176
7	0.03725	0.00554	0.00598	0.00561	0.00715	0.00560	0.00426	0.01094	0.23753	0.02861	0.15228	0.02738	0.37230	0.00860	0.00536	0.06840	0.00253	0.00657	0.00380	0.00430
8	0.00679	0.00553	0.00595	0.00587	0.00716	0.03082	0.00446	0.07131	0.09231	0.01321	0.10503	0.21383	0.32083	0.00955	0.00477	0.00144	0.00272	0.08002	0.01432	0.00408
9	0.01116	0.00929	0.00882	0.00783	0.00987	0.13714	0.00614	0.13571	0.28262	0.07190	0.10035	0.01744	0.01385	0.02690	0.00453	0.00135	0.00387	0.07014	0.07565	0.00545
10	0.00621	0.00477	0.00531	0.00519	0.00649	0.00447	0.00390	0.03589	0.07856	0.03413	0.14369	0.13705	0.44594	0.03443	0.00524	0.00148	0.00241	0.03705	0.00390	0.00391
11	0.00869	0.00656	0.06988	0.00630	0.00821	0.00546	0.00535	0.07239	0.04227	0.14005	0.51048	0.02417	0.05850	0.00713	0.00450	0.00127	0.00271	0.00613	0.01515	0.00477
12	0.73377	0.00801	0.00677	0.00582	0.00845	0.00904	0.00480	0.07257	0.00828	0.10128	0.00700	0.00755	0.00515	0.00397	0.00278	0.00125	0.00327	0.00250	0.00288	0.00483
