[name]
unknown

[dist]
# distance from previous block
# <min> <max>
0	149

[block]
# block no. 0 follows, 67 sequences, length 9
# corresponding to MSA columns:
# 169-177
name=unknown_A
#
# <colnr> <probs for GDERKNQSTAVLIFYWHMCP>
#	G	D	E	R	K	N	Q	S	T	A	V	L	I	F	Y	W	H	M	C	P
0	0.07501	0.06974	0.13613	0.17015	0.08895	0.12678	0.00902	0.04956	0.03926	0.03898	0.05351	0.03348	0.00962	0.00509	0.00392	0.00127	0.00482	0.07715	0.00252	0.00504
1	0.05960	0.00627	0.00803	0.16487	0.08901	0.04917	0.00627	0.00915	0.02769	0.03906	0.07713	0.21579	0.05392	0.09295	0.04001	0.03017	0.01790	0.00610	0.00285	0.00405
2	0.08178	0.01195	0.01126	0.11853	0.13509	0.29642	0.00820	0.11366	0.01075	0.07989	0.00837	0.03785	0.00681	0.00554	0.03759	0.00140	0.02370	0.00345	0.00258	0.00520
3	0.12741	0.00466	0.00544	0.00526	0.00641	0.00461	0.00393	0.00807	0.00873	0.06650	0.24127	0.14602	0.16434	0.03798	0.09584	0.05640	0.00336	0.00657	0.00349	0.00372
4	0.08346	0.00713	0.00925	0.00820	0.07404	0.00656	0.00608	0.04375	0.03776	0.52696	0.01445	0.04371	0.03555	0.00504	0.00388	0.00120	0.00340	0.00412	0.00417	0.08129
5	0.00597	0.00394	0.00499	0.00535	0.00598	0.00364	0.00373	0.00684	0.00829	0.06274	0.10336	0.46910	0.12776	0.12413	0.00702	0.00184	0.00258	0.04556	0.00370	0.00346
6	0.03161	0.00482	0.00630	0.00670	0.05869	0.00456	0.00451	0.00908	0.03307	0.12198	0.24782	0.28923	0.07955	0.07629	0.00588	0.00159	0.00265	0.00767	0.00385	0.00414
7	0.16091	0.00859	0.00907	0.00736	0.00992	0.00934	0.00598	0.37688	0.08828	0.10387	0.10032	0.01264	0.01087	0.00506	0.00375	0.00121	0.00350	0.00390	0.07276	0.00578
8	0.61262	0.06157	0.00763	0.00586	0.00839	0.00920	0.00488	0.10084	0.00877	0.06779	0.04385	0.00864	0.00672	0.00413	0.00286	0.00120	0.00324	0.00272	0.03431	0.00477

[dist]
# distance from previous block
# <min> <max>
26	88

[block]
# block no. 1 follows, 67 sequences, length 32
# corresponding to MSA columns:
# 293-324
name=unknown_B
#
# <colnr> <probs for GDERKNQSTAVLIFYWHMCP>
#	G	D	E	R	K	N	Q	S	T	A	V	L	I	F	Y	W	H	M	C	P
0	0.08865	0.04959	0.04988	0.01187	0.08783	0.10368	0.21472	0.15926	0.04319	0.03209	0.00832	0.00979	0.00644	0.00545	0.05311	0.00149	0.00551	0.00356	0.00257	0.06300
1	0.06112	0.03264	0.07471	0.02838	0.06939	0.21941	0.09815	0.08342	0.03987	0.04195	0.01998	0.01251	0.00794	0.03190	0.00553	0.00138	0.10164	0.06248	0.00251	0.00508
2	0.08287	0.03558	0.04766	0.01568	0.38896	0.05103	0.01937	0.14656	0.03162	0.03973	0.02849	0.02554	0.00749	0.00415	0.00378	0.00116	0.00445	0.00356	0.00260	0.05974
3	0.02973	0.05780	0.14903	0.03797	0.03553	0.24030	0.18870	0.08603	0.02111	0.03331	0.04029	0.00995	0.00714	0.00477	0.02349	0.00132	0.02236	0.00354	0.00234	0.00529
4	0.23509	0.03033	0.00954	0.03416	0.01085	0.04499	0.00637	0.25153	0.21870	0.07905	0.02202	0.01114	0.00830	0.00476	0.00362	0.00125	0.00379	0.01521	0.00350	0.00578
5	0.04011	0.00418	0.00466	0.00468	0.00578	0.00378	0.00348	0.00658	0.00937	0.01240	0.24969	0.11041	0.43854	0.04698	0.00541	0.00148	0.00222	0.04294	0.00380	0.00349
6	0.00980	0.03722	0.00917	0.00880	0.08971	0.06554	0.00614	0.14511	0.10214	0.06054	0.04151	0.06958	0.01272	0.16188	0.06751	0.00213	0.00449	0.07451	0.00317	0.02836
7	0.00593	0.00498	0.00543	0.00612	0.02577	0.06519	0.00418	0.00685	0.00853	0.01913	0.06693	0.54937	0.17759	0.01094	0.00489	0.00150	0.00271	0.02685	0.00361	0.00353
8	0.00518	0.00379	0.00493	0.00562	0.00613	0.00351	0.00393	0.00603	0.00785	0.01045	0.02228	0.65933	0.08392	0.03174	0.02801	0.00177	0.00270	0.07106	0.00360	0.03817
9	0.01433	0.05011	0.01133	0.00894	0.01166	0.23846	0.00715	0.30639	0.16902	0.12626	0.01060	0.01038	0.00774	0.00471	0.00386	0.00118	0.00481	0.00350	0.00352	0.00606
10	0.03367	0.39285	0.25953	0.00849	0.01251	0.01148	0.04276	0.01240	0.00850	0.07185	0.00769	0.04158	0.00640	0.00399	0.00326	0.00105	0.00460	0.00302	0.00211	0.07226
11	0.01086	0.12065	0.33192	0.04595	0.06844	0.09209	0.04568	0.07423	0.00987	0.11286	0.00858	0.02751	0.00652	0.00474	0.02191	0.00131	0.00539	0.00335	0.00240	0.00572
12	0.01007	0.01383	0.32849	0.04011	0.06137	0.00917	0.33481	0.01361	0.00930	0.12682	0.00877	0.01027	0.00623	0.00379	0.00422	0.00130	0.00583	0.00387	0.00230	0.00582
13	0.00545	0.00408	0.00500	0.00478	0.00579	0.00369	0.00355	0.00705	0.01061	0.01448	0.60488	0.03200	0.23658	0.03811	0.00527	0.00138	0.00200	0.00751	0.00417	0.00364
14	0.01133	0.09328	0.14643	0.00889	0.01175	0.19824	0.00795	0.15970	0.19794	0.01449	0.01026	0.04031	0.00850	0.06752	0.00501	0.00139	0.00489	0.00378	0.00287	0.00547
15	0.01195	0.00933	0.03789	0.16953	0.10490	0.07089	0.09003	0.10103	0.07254	0.20971	0.01065	0.01235	0.00796	0.06713	0.00526	0.00145	0.00475	0.00395	0.00307	0.00563
16	0.00889	0.00821	0.01323	0.32733	0.37361	0.00888	0.02411	0.07024	0.00944	0.01269	0.01103	0.01322	0.09285	0.00452	0.00408	0.00127	0.00470	0.00411	0.00224	0.00535
17	0.06971	0.00380	0.00474	0.00556	0.00596	0.00368	0.00377	0.00604	0.00762	0.01081	0.02089	0.79401	0.02490	0.01192	0.00493	0.00160	0.00238	0.01072	0.00363	0.00334
18	0.00771	0.00726	0.01144	0.58313	0.02186	0.00924	0.00993	0.01016	0.03586	0.01035	0.00816	0.07256	0.00712	0.00532	0.00601	0.00145	0.18188	0.00416	0.00200	0.00442
19	0.02308	0.11102	0.10097	0.04127	0.07214	0.09526	0.24575	0.10834	0.01049	0.06638	0.01063	0.02065	0.06699	0.00441	0.00404	0.00122	0.00531	0.00404	0.00252	0.00546
20	0.03125	0.00669	0.00820	0.13032	0.03066	0.07497	0.02604	0.03703	0.00819	0.01093	0.01344	0.25716	0.01444	0.11502	0.04898	0.00203	0.08245	0.07347	0.02482	0.00389
21	0.00831	0.07091	0.72720	0.01157	0.01720	0.00977	0.07516	0.01267	0.00852	0.01251	0.00717	0.00852	0.00516	0.00375	0.00381	0.00125	0.00589	0.00305	0.00172	0.00584
22	0.00832	0.01681	0.55480	0.01321	0.07931	0.00920	0.18224	0.01233	0.00867	0.01259	0.00832	0.01004	0.02467	0.00485	0.03595	0.00148	0.00611	0.00356	0.00185	0.00570
23	0.01525	0.01123	0.01204	0.00923	0.01244	0.01244	0.00762	0.82067	0.01886	0.02528	0.00963	0.00963	0.00682	0.00481	0.00401	0.00120	0.00441	0.00361	0.00401	0.00682
24	0.00608	0.00474	0.00676	0.00658	0.00708	0.00565	0.00502	0.00720	0.00635	0.00914	0.01074	0.04297	0.01069	0.15720	0.58792	0.00533	0.11018	0.00467	0.00220	0.00349
25	0.00737	0.00572	0.00652	0.00649	0.02227	0.04774	0.00459	0.08053	0.04156	0.01086	0.01393	0.11834	0.03960	0.28330	0.16808	0.05937	0.01286	0.06449	0.00279	0.00358
26	0.00556	0.00409	0.00519	0.00492	0.00592	0.00373	0.00369	0.00733	0.01107	0.01541	0.72987	0.03107	0.14031	0.00845	0.00473	0.00127	0.00191	0.00741	0.00433	0.00373
27	0.01275	0.08944	0.09743	0.02225	0.05444	0.50180	0.09017	0.02884	0.01036	0.01082	0.00654	0.00794	0.00534	0.00407	0.00410	0.00112	0.04265	0.00292	0.00201	0.00501
28	0.00763	0.00724	0.01239	0.82327	0.02741	0.00895	0.03653	0.01033	0.00806	0.01033	0.00716	0.01070	0.00537	0.00399	0.00403	0.00134	0.00539	0.00360	0.00179	0.00449
29	0.67767	0.01002	0.03879	0.00655	0.00910	0.13980	0.02489	0.01246	0.00770	0.01632	0.00596	0.00698	0.00467	0.00380	0.00277	0.00121	0.00392	0.00236	0.02057	0.00446
30	0.01017	0.00984	0.01483	0.13506	0.52513	0.06097	0.04335	0.05375	0.08225	0.01343	0.00831	0.01033	0.00668	0.00389	0.00400	0.00122	0.00492	0.00364	0.00225	0.00597
31	0.83269	0.00787	0.00628	0.02609	0.00842	0.00913	0.00463	0.04251	0.00731	0.01808	0.00578	0.00674	0.00446	0.00377	0.00258	0.00124	0.00321	0.00226	0.00252	0.00444

[dist]
# distance from previous block
# <min> <max>
0	1

[block]
# block no. 2 follows, 67 sequences, length 26
# corresponding to MSA columns:
# 326-351
name=unknown_C
#
# <colnr> <probs for GDERKNQSTAVLIFYWHMCP>
#	G	D	E	R	K	N	Q	S	T	A	V	L	I	F	Y	W	H	M	C	P
0	0.00540	0.00406	0.00500	0.00483	0.00584	0.00366	0.00360	0.00702	0.01062	0.01449	0.59519	0.07381	0.23395	0.00890	0.00475	0.00130	0.00195	0.00776	0.00421	0.00366
1	0.00675	0.00522	0.00666	0.00635	0.00750	0.00529	0.03489	0.02269	0.16399	0.02411	0.23626	0.22623	0.07957	0.07949	0.03003	0.00178	0.00301	0.05227	0.00378	0.00414
2	0.00757	0.00713	0.01203	0.84942	0.02762	0.00891	0.01114	0.01025	0.00802	0.01025	0.00713	0.01069	0.00535	0.00401	0.00401	0.00134	0.00535	0.00356	0.00178	0.00446
3	0.00574	0.00426	0.00626	0.00626	0.00691	0.00491	0.00478	0.00704	0.00639	0.00917	0.01091	0.01669	0.01043	0.10421	0.76959	0.00622	0.01013	0.00443	0.00217	0.00348
4	0.01072	0.86147	0.02102	0.00686	0.01029	0.01587	0.00686	0.01201	0.00815	0.00944	0.00558	0.00643	0.00515	0.00343	0.00257	0.00086	0.00429	0.00214	0.00172	0.00515
5	0.00601	0.00457	0.00534	0.00515	0.00640	0.00426	0.00395	0.02450	0.05955	0.02805	0.36039	0.05577	0.34707	0.00900	0.00474	0.00135	0.00224	0.06374	0.00405	0.00388
6	0.01398	0.00793	0.00902	0.00714	0.00971	0.00819	0.00583	0.36818	0.01389	0.26123	0.01237	0.01223	0.00866	0.00482	0.00370	0.00114	0.00344	0.00377	0.23876	0.00600
7	0.00947	0.01082	0.02366	0.01690	0.02096	0.01014	0.81947	0.01285	0.00947	0.01285	0.00811	0.01082	0.00609	0.00338	0.00473	0.00135	0.00676	0.00473	0.00203	0.00541
8	0.00494	0.00351	0.00464	0.00552	0.00574	0.00329	0.00365	0.00560	0.00758	0.01010	0.02158	0.81007	0.02586	0.05984	0.00597	0.00175	0.00241	0.01109	0.00365	0.00321
9	0.00911	0.00710	0.00840	0.00604	0.00956	0.00539	0.00485	0.01087	0.00858	0.08064	0.00784	0.00875	0.00627	0.00313	0.00306	0.00065	0.00301	0.00251	0.00259	0.81165
10	0.01525	0.01123	0.01204	0.00923	0.01244	0.01244	0.00762	0.82067	0.01886	0.02528	0.00963	0.00963	0.00682	0.00481	0.00401	0.00120	0.00441	0.00361	0.00401	0.00682
11	0.01498	0.01911	0.01137	0.01033	0.01240	0.84295	0.00775	0.01601	0.01137	0.00982	0.00620	0.00723	0.00517	0.00413	0.00362	0.00103	0.00723	0.00258	0.00207	0.00465
12	0.01451	0.04546	0.01168	0.00940	0.01179	0.35652	0.00749	0.27269	0.01316	0.11083	0.02263	0.00925	0.00682	0.00476	0.00467	0.00118	0.08532	0.00323	0.00302	0.00557
13	0.00832	0.00713	0.00832	0.00594	0.00950	0.00535	0.00475	0.01010	0.00832	0.01307	0.00713	0.00832	0.00594	0.00297	0.00297	0.00059	0.00297	0.00238	0.00238	0.88357
14	0.00481	0.00408	0.00417	0.00418	0.00550	0.00343	0.00315	0.00588	0.00923	0.01105	0.06943	0.03843	0.78439	0.01011	0.00476	0.00136	0.00206	0.02682	0.00375	0.00341
15	0.00804	0.02074	0.83828	0.01143	0.01736	0.00931	0.01482	0.01270	0.00847	0.01270	0.00720	0.00847	0.00508	0.00381	0.00381	0.00127	0.00593	0.00296	0.00169	0.00593
16	0.01072	0.86147	0.02102	0.00686	0.01029	0.01587	0.00686	0.01201	0.00815	0.00944	0.00558	0.00643	0.00515	0.00343	0.00257	0.00086	0.00429	0.00214	0.00172	0.00515
17	0.01243	0.46182	0.01620	0.00801	0.01098	0.19809	0.00703	0.09423	0.09020	0.05537	0.00771	0.00814	0.00626	0.00400	0.00317	0.00100	0.00480	0.00272	0.00242	0.00541
18	0.00801	0.00770	0.01199	0.46734	0.04070	0.01005	0.00998	0.00993	0.00725	0.01005	0.00658	0.01016	0.00555	0.00632	0.04507	0.00172	0.33178	0.00358	0.00179	0.00444
19	0.01116	0.00680	0.00810	0.00670	0.00882	0.00677	0.00537	0.24756	0.01334	0.20191	0.32485	0.02142	0.09065	0.00671	0.00438	0.00126	0.00302	0.02151	0.00435	0.00532
20	0.00816	0.05835	0.80172	0.01123	0.01704	0.00961	0.01446	0.01267	0.00845	0.01255	0.00712	0.00838	0.00508	0.00379	0.00375	0.00125	0.00585	0.00293	0.00169	0.00589
21	0.03168	0.01176	0.16440	0.11004	0.17447	0.00967	0.37210	0.03284	0.00928	0.03310	0.00789	0.01015	0.00594	0.00365	0.00425	0.00130	0.00584	0.00396	0.00207	0.00562
22	0.00514	0.00415	0.00459	0.00455	0.00576	0.00364	0.00343	0.00659	0.02481	0.01231	0.24325	0.06662	0.55635	0.00968	0.00476	0.00136	0.00208	0.03344	0.00391	0.00355
23	0.00525	0.00404	0.00479	0.00470	0.00575	0.00359	0.00349	0.00670	0.01020	0.01356	0.45724	0.09787	0.34972	0.00931	0.00476	0.00133	0.00198	0.00805	0.00409	0.00359
24	0.01027	0.01012	0.05404	0.01183	0.03543	0.01006	0.29050	0.07359	0.40534	0.03610	0.01232	0.01268	0.00917	0.00454	0.00429	0.00133	0.00469	0.00443	0.00322	0.00605
25	0.00596	0.00477	0.00580	0.00545	0.00646	0.03526	0.02435	0.00757	0.01051	0.01432	0.58783	0.10029	0.12132	0.04575	0.00541	0.00141	0.00235	0.00744	0.00404	0.00371

[dist]
# distance from previous block
# <min> <max>
2	24

[block]
# block no. 3 follows, 67 sequences, length 33
# corresponding to MSA columns:
# 379-411
name=unknown_D
#
# <colnr> <probs for GDERKNQSTAVLIFYWHMCP>
#	G	D	E	R	K	N	Q	S	T	A	V	L	I	F	Y	W	H	M	C	P
0	0.01129	0.05505	0.17769	0.02941	0.04708	0.08323	0.00860	0.07217	0.30195	0.12254	0.01211	0.01280	0.00912	0.00488	0.00394	0.00127	0.00440	0.03320	0.00326	0.00600
1	0.01075	0.81575	0.04479	0.00708	0.01055	0.03631	0.00712	0.01213	0.00824	0.00954	0.00564	0.00651	0.00515	0.00346	0.00264	0.00087	0.00441	0.00218	0.00172	0.00516
2	0.00596	0.00356	0.00491	0.00526	0.00543	0.00343	0.00350	0.00552	0.00660	0.00879	0.04908	0.34157	0.04207	0.07171	0.01111	0.41626	0.00295	0.00703	0.00273	0.00251
3	0.00647	0.00486	0.00689	0.00707	0.00784	0.00547	0.00577	0.02177	0.02223	0.01066	0.01450	0.05488	0.01489	0.01936	0.38573	0.04109	0.06639	0.29764	0.00279	0.00369
4	0.00576	0.00386	0.00440	0.00447	0.00449	0.00384	0.00253	0.00581	0.00598	0.00797	0.01337	0.09094	0.01551	0.79309	0.01922	0.00371	0.00377	0.00627	0.00253	0.00249
5	0.00624	0.00376	0.00477	0.00477	0.00480	0.00379	0.00292	0.00567	0.00564	0.00755	0.01051	0.02073	0.01164	0.51916	0.05342	0.32129	0.00403	0.00492	0.00217	0.00223
6	0.80644	0.00786	0.00622	0.00549	0.00797	0.00907	0.00451	0.05166	0.02478	0.01826	0.00618	0.00703	0.00476	0.00383	0.00260	0.00123	0.00314	0.00233	0.02215	0.00449
7	0.00523	0.00407	0.00474	0.00460	0.00572	0.00359	0.00344	0.00669	0.01025	0.01353	0.44802	0.05170	0.40564	0.00920	0.00474	0.00131	0.00197	0.00790	0.00408	0.00359
8	0.00581	0.00397	0.00480	0.00480	0.00495	0.00412	0.00296	0.00611	0.00596	0.00809	0.01225	0.02408	0.01364	0.68791	0.19028	0.00442	0.00530	0.00552	0.00237	0.00267
9	0.01072	0.86147	0.02102	0.00686	0.01029	0.01587	0.00686	0.01201	0.00815	0.00944	0.00558	0.00643	0.00515	0.00343	0.00257	0.00086	0.00429	0.00214	0.00172	0.00515
10	0.88738	0.00776	0.00589	0.00527	0.00776	0.00900	0.00434	0.01179	0.00683	0.01799	0.00558	0.00651	0.00434	0.00372	0.00248	0.00124	0.00310	0.00217	0.00248	0.00434
11	0.00877	0.00877	0.01228	0.01053	0.01053	0.01228	0.00877	0.00965	0.00614	0.00965	0.00526	0.00877	0.00526	0.00702	0.01316	0.00175	0.85172	0.00351	0.00175	0.00439
12	0.43828	0.00878	0.00859	0.00695	0.00979	0.00963	0.00573	0.28948	0.01174	0.16284	0.00875	0.00882	0.00616	0.00431	0.00327	0.00123	0.00360	0.00299	0.00344	0.00562
13	0.88738	0.00776	0.00589	0.00527	0.00776	0.00900	0.00434	0.01179	0.00683	0.01799	0.00558	0.00651	0.00434	0.00372	0.00248	0.00124	0.00310	0.00217	0.00248	0.00434
14	0.00814	0.00535	0.00688	0.00586	0.00746	0.00482	0.00435	0.02359	0.04563	0.04698	0.00817	0.01123	0.00720	0.01024	0.06739	0.41606	0.00381	0.00323	0.00229	0.31133
15	0.02323	0.00753	0.00755	0.00704	0.00832	0.10972	0.00524	0.01268	0.24602	0.04371	0.01225	0.01650	0.01092	0.20645	0.24617	0.00334	0.02160	0.00444	0.00287	0.00441
16	0.00998	0.00862	0.00907	0.00816	0.01043	0.00998	0.00635	0.02131	0.82679	0.01678	0.01632	0.01496	0.01224	0.00544	0.00408	0.00136	0.00317	0.00453	0.00408	0.00635
17	0.03222	0.01108	0.01186	0.00911	0.01230	0.01225	0.00753	0.78966	0.01848	0.04064	0.00967	0.00965	0.00683	0.00480	0.00398	0.00121	0.00437	0.00359	0.00400	0.00677
18	0.01488	0.00924	0.03061	0.00913	0.06139	0.03933	0.00707	0.31125	0.04901	0.34600	0.01294	0.07015	0.00953	0.00531	0.00408	0.00125	0.00398	0.00430	0.00412	0.00642
19	0.00954	0.00910	0.01484	0.07369	0.66836	0.02484	0.01132	0.01221	0.04259	0.01271	0.00811	0.01060	0.00680	0.00580	0.07089	0.00162	0.00526	0.00365	0.00207	0.00598
20	0.00489	0.00349	0.00465	0.00558	0.00582	0.00326	0.00372	0.00558	0.00768	0.01024	0.02210	0.85644	0.02653	0.01256	0.00512	0.00163	0.00233	0.01140	0.00372	0.00326
21	0.01130	0.00867	0.02493	0.40926	0.08247	0.00959	0.00951	0.23880	0.03201	0.12032	0.00920	0.01078	0.00659	0.00436	0.00401	0.00128	0.00475	0.00365	0.00288	0.00564
22	0.01014	0.39707	0.09839	0.03689	0.11785	0.04311	0.14746	0.01314	0.07849	0.01146	0.00740	0.00871	0.00607	0.00369	0.00345	0.00109	0.00498	0.00311	0.00202	0.00548
23	0.01051	0.28249	0.15814	0.06405	0.03244	0.06158	0.12989	0.09164	0.02520	0.03689	0.03460	0.00938	0.00684	0.00408	0.00396	0.00115	0.03620	0.00328	0.00224	0.00543
24	0.00495	0.00356	0.00471	0.00556	0.00587	0.00332	0.00377	0.00574	0.00792	0.01055	0.05683	0.77597	0.05201	0.01227	0.00510	0.00161	0.00233	0.03088	0.00375	0.00329
25	0.00512	0.00397	0.00465	0.00470	0.00570	0.00351	0.00344	0.00640	0.00971	0.01270	0.33407	0.18103	0.39090	0.00985	0.00480	0.00137	0.00203	0.00853	0.00398	0.00351
26	0.07266	0.17946	0.01287	0.08960	0.04821	0.09717	0.04676	0.09338	0.03329	0.01330	0.00738	0.02086	0.00611	0.00386	0.00353	0.00100	0.02137	0.00296	0.00235	0.24388
27	0.00651	0.00503	0.00705	0.00680	0.00761	0.00598	0.00534	0.02464	0.05485	0.01038	0.01072	0.01497	0.00971	0.02496	0.66694	0.00538	0.07859	0.00420	0.04644	0.00388
28	0.00550	0.00408	0.00512	0.00490	0.00589	0.00370	0.00366	0.00721	0.01088	0.01504	0.67630	0.05475	0.17083	0.00865	0.00474	0.00129	0.00193	0.00757	0.00428	0.00370
29	0.01067	0.00540	0.00677	0.00580	0.00778	0.00478	0.00459	0.03712	0.01075	0.34740	0.17941	0.06181	0.26812	0.00764	0.00446	0.00131	0.00269	0.02418	0.00437	0.00497
30	0.02883	0.01141	0.04581	0.07751	0.06878	0.19763	0.02362	0.06617	0.07575	0.04138	0.00772	0.00968	0.00636	0.00630	0.04402	0.00160	0.27663	0.00343	0.00233	0.00504
31	0.00876	0.01504	0.41746	0.06448	0.02837	0.00944	0.29294	0.02897	0.00894	0.02710	0.00784	0.00986	0.00579	0.00486	0.03970	0.00152	0.01767	0.00372	0.00194	0.00558
32	0.00495	0.00355	0.00467	0.00555	0.00582	0.00331	0.00373	0.00566	0.00771	0.01023	0.02238	0.78897	0.05052	0.03646	0.00555	0.00169	0.00239	0.02994	0.00369	0.00325

[dist]
# distance from previous block
# <min> <max>
2	35

[block]
# block no. 4 follows, 67 sequences, length 33
# corresponding to MSA columns:
# 447-479
name=unknown_E
#
# <colnr> <probs for GDERKNQSTAVLIFYWHMCP>
#	G	D	E	R	K	N	Q	S	T	A	V	L	I	F	Y	W	H	M	C	P
0	0.07455	0.01067	0.01007	0.00842	0.01089	0.13476	0.00668	0.34140	0.18609	0.03729	0.01087	0.04709	0.00868	0.02937	0.02037	0.00140	0.02185	0.00393	0.00346	0.03217
1	0.05234	0.03570	0.03112	0.00954	0.03496	0.09601	0.05390	0.46174	0.01452	0.03650	0.00929	0.05146	0.00736	0.00478	0.00396	0.00117	0.01250	0.00375	0.00331	0.07608
2	0.02595	0.18918	0.31129	0.00952	0.01354	0.06524	0.04962	0.06200	0.01878	0.16494	0.00889	0.00991	0.00659	0.00426	0.00390	0.00119	0.02721	0.01964	0.00256	0.00577
3	0.01339	0.03888	0.01051	0.00884	0.05694	0.05722	0.03486	0.11549	0.16870	0.32603	0.07469	0.03942	0.02600	0.00536	0.00408	0.00125	0.00377	0.00446	0.00402	0.00608
4	0.00595	0.00444	0.00493	0.00481	0.00611	0.00399	0.00364	0.00761	0.04908	0.05302	0.14837	0.05328	0.52797	0.05437	0.00556	0.00151	0.00234	0.05548	0.00383	0.00372
5	0.01081	0.72200	0.06026	0.00734	0.01070	0.08694	0.00725	0.01226	0.00854	0.00982	0.02952	0.00728	0.00609	0.00365	0.00279	0.00091	0.00456	0.00237	0.00182	0.00510
6	0.02350	0.07745	0.08793	0.05614	0.07534	0.15653	0.15672	0.14513	0.08514	0.03772	0.02597	0.03759	0.00782	0.00447	0.00398	0.00122	0.00526	0.00386	0.00267	0.00556
7	0.01736	0.00729	0.00953	0.00737	0.01044	0.00666	0.00607	0.08867	0.05283	0.72592	0.01531	0.01337	0.00978	0.00497	0.00403	0.00124	0.00349	0.00402	0.00484	0.00680
8	0.00488	0.00399	0.00423	0.00439	0.00549	0.00343	0.00320	0.00581	0.00873	0.01060	0.03574	0.15461	0.64495	0.06236	0.00577	0.00156	0.00223	0.03107	0.00364	0.00332
9	0.00952	0.01005	0.10609	0.05807	0.38778	0.00906	0.03909	0.08758	0.10842	0.01482	0.10910	0.01325	0.01092	0.00460	0.00411	0.00125	0.00441	0.01328	0.00270	0.00588
10	0.01182	0.07412	0.03068	0.05332	0.16759	0.19505	0.14606	0.14818	0.04291	0.04160	0.00876	0.04578	0.00717	0.00439	0.00398	0.00120	0.00540	0.00383	0.00257	0.00559
11	0.64304	0.00749	0.00685	0.00580	0.00845	0.00812	0.00478	0.01397	0.00813	0.24813	0.00846	0.00852	0.00591	0.00407	0.00292	0.00124	0.00319	0.00269	0.00318	0.00504
12	0.00583	0.00390	0.00442	0.00442	0.00443	0.00391	0.00249	0.00586	0.00585	0.00781	0.01260	0.02602	0.01448	0.84114	0.03820	0.00394	0.00404	0.00580	0.00242	0.00245
13	0.00599	0.00487	0.02110	0.00718	0.06967	0.00453	0.00478	0.03080	0.04817	0.01225	0.15487	0.52207	0.07773	0.01028	0.00484	0.00149	0.00259	0.00922	0.00369	0.00389
14	0.03530	0.01070	0.04445	0.01625	0.32545	0.09715	0.17222	0.07183	0.04307	0.06023	0.01014	0.03085	0.04240	0.00439	0.00425	0.00125	0.01771	0.00410	0.00252	0.00574
15	0.00545	0.00389	0.00504	0.00576	0.00614	0.00374	0.00395	0.04065	0.00813	0.01084	0.02106	0.74226	0.02493	0.05444	0.00585	0.00173	0.00256	0.04651	0.00367	0.00339
16	0.01072	0.86147	0.02102	0.00686	0.01029	0.01587	0.00686	0.01201	0.00815	0.00944	0.00558	0.00643	0.00515	0.00343	0.00257	0.00086	0.00429	0.00214	0.00172	0.00515
17	0.01093	0.22775	0.01433	0.13811	0.03012	0.24686	0.02135	0.02751	0.00877	0.01014	0.00618	0.00826	0.00539	0.00517	0.02389	0.00133	0.20432	0.00295	0.00190	0.00475
18	0.00930	0.44492	0.36185	0.00899	0.01339	0.01240	0.03728	0.01206	0.00837	0.01097	0.00784	0.00881	0.04060	0.00388	0.00326	0.00107	0.00496	0.00284	0.00180	0.00541
19	0.00484	0.00394	0.00428	0.00446	0.00554	0.00339	0.00324	0.00585	0.00899	0.01109	0.09421	0.21151	0.60366	0.01053	0.00482	0.00141	0.00208	0.00900	0.00377	0.00339
20	0.00568	0.00420	0.00522	0.00495	0.00599	0.00388	0.00372	0.00768	0.03163	0.01527	0.67277	0.03058	0.15807	0.00835	0.00467	0.00127	0.00195	0.00729	0.02304	0.00379
21	0.00927	0.01065	0.04767	0.00907	0.01090	0.26609	0.11623	0.01114	0.03700	0.01057	0.01290	0.10483	0.07966	0.04938	0.17249	0.00243	0.02474	0.01822	0.00248	0.00428
22	0.19757	0.01210	0.17681	0.02884	0.29217	0.08504	0.03334	0.03089	0.02511	0.01399	0.02798	0.00925	0.00642	0.00403	0.00402	0.00124	0.04033	0.00321	0.00218	0.00549
23	0.07565	0.01256	0.01118	0.00905	0.01190	0.21573	0.00727	0.49049	0.03870	0.07509	0.00911	0.00925	0.00660	0.00460	0.00381	0.00117	0.00491	0.00331	0.00349	0.00610
24	0.00526	0.00382	0.00469	0.00504	0.00556	0.00355	0.00344	0.00612	0.00828	0.01099	0.17637	0.36778	0.15948	0.18624	0.00816	0.00199	0.00256	0.03387	0.00359	0.00322
25	0.24263	0.02940	0.19738	0.09620	0.13258	0.04030	0.12530	0.01264	0.02963	0.03543	0.00731	0.00894	0.00556	0.00383	0.00375	0.00126	0.01720	0.00320	0.00216	0.00529
26	0.01086	0.04106	0.01488	0.09481	0.46610	0.12648	0.04621	0.04793	0.05309	0.03535	0.00802	0.00987	0.00645	0.00392	0.00406	0.00120	0.01811	0.00350	0.00225	0.00586
27	0.00494	0.00355	0.00460	0.00542	0.00570	0.00331	0.00360	0.00561	0.00763	0.01010	0.02241	0.75847	0.06694	0.06968	0.00613	0.00177	0.00242	0.01087	0.00364	0.00321
28	0.00553	0.00379	0.00463	0.00504	0.00520	0.00371	0.00321	0.00592	0.00677	0.00900	0.01677	0.33489	0.01963	0.48328	0.01366	0.00290	0.00330	0.06695	0.00300	0.00283
29	0.01141	0.08239	0.17528	0.02835	0.16592	0.11446	0.10968	0.12066	0.07108	0.06950	0.00869	0.00973	0.00654	0.00406	0.00389	0.00120	0.00526	0.00346	0.00254	0.00590
30	0.06407	0.33300	0.09621	0.00909	0.04352	0.19021	0.02682	0.10508	0.01016	0.02836	0.00816	0.00896	0.04090	0.00416	0.00344	0.00106	0.01633	0.00293	0.00226	0.00526
31	0.04955	0.00874	0.00897	0.00680	0.01008	0.07579	0.00542	0.11604	0.04603	0.01477	0.00771	0.00861	0.00620	0.00345	0.00319	0.00077	0.00352	0.00264	0.00264	0.61909
32	0.01201	0.04776	0.01166	0.02926	0.03494	0.17926	0.04801	0.23472	0.22248	0.01628	0.01117	0.02176	0.01748	0.00509	0.00415	0.00123	0.02051	0.04385	0.00321	0.03518

[dist]
# distance from previous block
# <min> <max>
1	6

[block]
# block no. 5 follows, 67 sequences, length 43
# corresponding to MSA columns:
# 486-528
name=unknown_F
#
# <colnr> <probs for GDERKNQSTAVLIFYWHMCP>
#	G	D	E	R	K	N	Q	S	T	A	V	L	I	F	Y	W	H	M	C	P
0	0.09626	0.04887	0.28691	0.01263	0.15203	0.04902	0.08549	0.09731	0.07187	0.03764	0.00825	0.00935	0.00619	0.00397	0.00377	0.00122	0.00505	0.00331	0.00239	0.01845
1	0.01484	0.01192	0.01010	0.02305	0.02368	0.33837	0.00680	0.05695	0.08317	0.31784	0.02414	0.05181	0.00918	0.00505	0.00393	0.00119	0.00493	0.00387	0.00352	0.00565
2	0.01072	0.00528	0.00706	0.00645	0.00822	0.00469	0.00507	0.01205	0.00967	0.34901	0.04544	0.28492	0.04359	0.00843	0.00458	0.00142	0.00299	0.12772	0.00417	0.05854
3	0.00790	0.06427	0.32861	0.00775	0.01105	0.01956	0.00835	0.01066	0.02417	0.08325	0.11649	0.07878	0.20986	0.00659	0.00418	0.00128	0.00390	0.00546	0.00299	0.00489
4	0.04528	0.01016	0.10109	0.03881	0.06729	0.16919	0.02051	0.07458	0.02638	0.05194	0.01352	0.33594	0.01397	0.00740	0.00429	0.00135	0.00429	0.00634	0.00300	0.00468
5	0.01047	0.00577	0.00712	0.00647	0.00817	0.00557	0.00492	0.07780	0.09623	0.27304	0.03175	0.33617	0.07875	0.00833	0.00448	0.00140	0.00289	0.00723	0.02842	0.00503
6	0.00628	0.00410	0.00559	0.00633	0.00699	0.00391	0.00484	0.00744	0.00847	0.06323	0.02140	0.51331	0.02424	0.01155	0.00520	0.00168	0.00288	0.29512	0.00379	0.00364
7	0.00832	0.00713	0.00832	0.00594	0.00950	0.00535	0.00475	0.01010	0.00832	0.01307	0.00713	0.00832	0.00594	0.00297	0.00297	0.00059	0.00297	0.00238	0.00238	0.88357
8	0.01799	0.00683	0.00931	0.00714	0.01024	0.00589	0.00589	0.01954	0.01148	0.83682	0.01582	0.01365	0.00993	0.00496	0.00403	0.00124	0.00341	0.00403	0.00496	0.00683
9	0.00607	0.00408	0.00494	0.00507	0.00607	0.00361	0.00367	0.00715	0.00913	0.08126	0.15960	0.35056	0.32329	0.01033	0.00482	0.00144	0.00224	0.00903	0.00394	0.00369
10	0.01483	0.01098	0.01178	0.00912	0.01223	0.01216	0.00750	0.77272	0.05146	0.02464	0.01014	0.02593	0.00741	0.00499	0.00404	0.00122	0.00432	0.00380	0.00401	0.00673
11	0.88738	0.00776	0.00589	0.00527	0.00776	0.00900	0.00434	0.01179	0.00683	0.01799	0.00558	0.00651	0.00434	0.00372	0.00248	0.00124	0.00310	0.00217	0.00248	0.00434
12	0.01562	0.01064	0.01167	0.00895	0.01214	0.01156	0.00739	0.71280	0.01786	0.13454	0.01046	0.01017	0.00724	0.00483	0.00401	0.00121	0.00428	0.00367	0.00414	0.00682
13	0.00748	0.00374	0.00374	0.00374	0.00467	0.00374	0.00280	0.00934	0.00841	0.01495	0.01308	0.01495	0.01028	0.00467	0.00280	0.00093	0.00187	0.00374	0.88132	0.00374
14	0.21124	0.00721	0.00848	0.00671	0.00958	0.00697	0.00553	0.07726	0.01084	0.55379	0.01294	0.01182	0.00847	0.00466	0.00363	0.00122	0.00334	0.00357	0.04661	0.00612
15	0.00489	0.00349	0.00465	0.00558	0.00582	0.00326	0.00372	0.00558	0.00768	0.01024	0.02210	0.85644	0.02653	0.01256	0.00512	0.00163	0.00233	0.01140	0.00372	0.00326
16	0.00507	0.00362	0.00484	0.00562	0.00598	0.00340	0.00389	0.00597	0.00819	0.01101	0.11504	0.71538	0.02763	0.01198	0.00510	0.00160	0.00235	0.05620	0.00380	0.00334
17	0.02743	0.00940	0.01046	0.00837	0.01128	0.01015	0.00681	0.39285	0.24756	0.21273	0.01293	0.01205	0.00906	0.00501	0.00401	0.00126	0.00381	0.00395	0.00423	0.00665
18	0.00622	0.00418	0.00522	0.00546	0.00598	0.00408	0.00394	0.00708	0.00780	0.03302	0.09818	0.08786	0.05815	0.40932	0.01234	0.00269	0.00343	0.23868	0.00321	0.00315
19	0.00575	0.00422	0.00605	0.00605	0.00664	0.00480	0.00453	0.00691	0.00633	0.00902	0.01110	0.01773	0.01089	0.18650	0.68792	0.00596	0.00945	0.00459	0.00220	0.00336
20	0.01142	0.72371	0.01944	0.00743	0.01064	0.15113	0.00701	0.01266	0.00867	0.00950	0.00568	0.00656	0.00515	0.00355	0.00274	0.00089	0.00477	0.00222	0.00177	0.00507
21	0.01322	0.01023	0.01089	0.00882	0.01166	0.01149	0.00713	0.51321	0.32961	0.02201	0.01220	0.01168	0.00891	0.00506	0.00404	0.00126	0.00394	0.00397	0.00404	0.00664
22	0.01183	0.01172	0.01153	0.01174	0.14105	0.27821	0.02283	0.08429	0.04984	0.07264	0.00984	0.07297	0.02138	0.00601	0.02100	0.00139	0.14668	0.01724	0.00266	0.00516
23	0.01337	0.05402	0.04072	0.01023	0.06348	0.26694	0.00787	0.33563	0.10259	0.01703	0.00940	0.04369	0.00753	0.00481	0.00386	0.00117	0.00513	0.00362	0.00309	0.00582
24	0.01151	0.03768	0.01416	0.07333	0.22021	0.04318	0.11602	0.29267	0.01236	0.01689	0.00862	0.01019	0.00664	0.00425	0.00425	0.00121	0.03485	0.00367	0.08247	0.00584
25	0.00852	0.02440	0.04128	0.00705	0.00894	0.03244	0.00579	0.05189	0.29363	0.04987	0.04712	0.11157	0.16416	0.00769	0.00445	0.00141	0.00321	0.11441	0.01722	0.00495
26	0.00499	0.00359	0.00475	0.00556	0.00590	0.00335	0.00380	0.00583	0.00804	0.01074	0.08117	0.74330	0.05211	0.01212	0.00509	0.00160	0.00233	0.03862	0.00377	0.00331
27	0.00967	0.00929	0.01525	0.14032	0.66765	0.02219	0.01179	0.01251	0.04844	0.01283	0.00789	0.01024	0.00648	0.00373	0.00398	0.00122	0.00481	0.00360	0.00206	0.00606
28	0.00598	0.00418	0.00514	0.00488	0.00589	0.00393	0.00366	0.00807	0.03486	0.01552	0.63079	0.02813	0.09727	0.00779	0.00445	0.00123	0.00194	0.00678	0.12568	0.00382
29	0.01786	0.00704	0.00944	0.00724	0.01034	0.00621	0.00598	0.05818	0.01183	0.79768	0.01552	0.01346	0.00978	0.00496	0.00403	0.00124	0.00346	0.00401	0.00492	0.00682
30	0.00582	0.00424	0.00541	0.00519	0.00613	0.00396	0.00385	0.03126	0.01103	0.01540	0.67200	0.12924	0.07388	0.00872	0.00476	0.00131	0.00203	0.00770	0.00429	0.00379
31	0.01065	0.00841	0.00906	0.00801	0.01034	0.00953	0.00627	0.04283	0.71346	0.08431	0.04019	0.01515	0.01266	0.00547	0.00409	0.00134	0.00319	0.00455	0.00416	0.00632
32	0.88738	0.00776	0.00589	0.00527	0.00776	0.00900	0.00434	0.01179	0.00683	0.01799	0.00558	0.00651	0.00434	0.00372	0.00248	0.00124	0.00310	0.00217	0.00248	0.00434
33	0.01072	0.86147	0.02102	0.00686	0.01029	0.01587	0.00686	0.01201	0.00815	0.00944	0.00558	0.00643	0.00515	0.00343	0.00257	0.00086	0.00429	0.00214	0.00172	0.00515
34	0.01525	0.01123	0.01204	0.00923	0.01244	0.01244	0.00762	0.82067	0.01886	0.02528	0.00963	0.00963	0.00682	0.00481	0.00401	0.00120	0.00441	0.00361	0.00401	0.00682
35	0.00757	0.00713	0.01203	0.84942	0.02762	0.00891	0.01114	0.01025	0.00802	0.01025	0.00713	0.01069	0.00535	0.00401	0.00401	0.00134	0.00535	0.00356	0.00178	0.00446
36	0.01748	0.00683	0.00922	0.00713	0.01016	0.00598	0.00587	0.01936	0.03802	0.79324	0.03262	0.01403	0.01058	0.00505	0.00405	0.00125	0.00337	0.00412	0.00492	0.00675
37	0.00499	0.00372	0.00465	0.00516	0.00576	0.00338	0.00359	0.00596	0.00863	0.01137	0.16466	0.53700	0.20392	0.01129	0.00497	0.00151	0.00219	0.01005	0.00384	0.00338
38	0.00492	0.00361	0.00462	0.00533	0.00577	0.00331	0.00363	0.00575	0.00814	0.01073	0.08180	0.68435	0.13945	0.01192	0.00504	0.00156	0.00226	0.01070	0.00377	0.00331
39	0.64022	0.00691	0.00590	0.00525	0.00747	0.00769	0.00426	0.01170	0.00784	0.08162	0.09890	0.01046	0.00905	0.00440	0.00288	0.00121	0.00288	0.00303	0.08390	0.00442
40	0.17261	0.01004	0.03838	0.07596	0.06307	0.01079	0.00761	0.45951	0.03020	0.02039	0.00909	0.01002	0.01908	0.01944	0.00421	0.00128	0.02364	0.00345	0.01535	0.00589
41	0.00653	0.00566	0.00951	0.04519	0.07660	0.00550	0.15695	0.00796	0.00816	0.01106	0.09311	0.33254	0.03250	0.16266	0.02573	0.00200	0.00390	0.00758	0.00298	0.00387
42	0.06468	0.36695	0.04674	0.05478	0.10666	0.20487	0.00806	0.06671	0.00964	0.01170	0.00667	0.02349	0.00576	0.00394	0.00324	0.00104	0.00504	0.00279	0.00207	0.00519

[dist]
# distance from previous block
# <min> <max>
1	11

[block]
# block no. 6 follows, 67 sequences, length 30
# corresponding to MSA columns:
# 540-569
name=unknown_G
#
# <colnr> <probs for GDERKNQSTAVLIFYWHMCP>
#	G	D	E	R	K	N	Q	S	T	A	V	L	I	F	Y	W	H	M	C	P
0	0.04347	0.04964	0.12838	0.03022	0.16405	0.18218	0.15732	0.04043	0.00971	0.05121	0.03698	0.00987	0.00697	0.00422	0.00461	0.00124	0.06832	0.00353	0.00225	0.00541
1	0.00693	0.00351	0.00526	0.00526	0.00528	0.00352	0.00352	0.00528	0.00526	0.00703	0.00707	0.01229	0.00705	0.01437	0.03830	0.85934	0.00368	0.00351	0.00175	0.00179
2	0.01004	0.00828	0.00889	0.00786	0.00999	0.00942	0.00611	0.12687	0.59614	0.01703	0.04929	0.03216	0.01292	0.05245	0.03277	0.00164	0.00356	0.00472	0.00393	0.00594
3	0.00766	0.00455	0.00594	0.00534	0.00666	0.00411	0.00409	0.00945	0.01125	0.15180	0.65139	0.02775	0.07869	0.00777	0.00462	0.00126	0.00215	0.00679	0.00447	0.00427
4	0.00921	0.02644	0.11498	0.18056	0.31698	0.01994	0.12129	0.01320	0.11677	0.01287	0.00870	0.01068	0.00677	0.00393	0.00403	0.00126	0.00505	0.00375	0.01788	0.00571
5	0.01474	0.00904	0.01283	0.00960	0.01290	0.00886	0.16049	0.29004	0.01345	0.34873	0.02719	0.01179	0.00847	0.00458	0.00412	0.00122	0.00434	0.00400	0.00395	0.04967
6	0.00496	0.00352	0.00463	0.00549	0.00578	0.00328	0.00369	0.00572	0.00781	0.01049	0.03968	0.79899	0.04612	0.01223	0.00505	0.00160	0.00230	0.01106	0.02432	0.00328
7	0.01423	0.01073	0.01147	0.00902	0.01205	0.01196	0.00738	0.66711	0.17406	0.02364	0.01091	0.01065	0.00786	0.00493	0.00403	0.00123	0.00418	0.00379	0.00403	0.00673
8	0.00673	0.00579	0.00659	0.00697	0.07125	0.02340	0.00478	0.01029	0.18626	0.01355	0.22648	0.05207	0.35428	0.00808	0.00452	0.00132	0.00258	0.00690	0.00380	0.00438
9	0.01072	0.86147	0.02102	0.00686	0.01029	0.01587	0.00686	0.01201	0.00815	0.00944	0.00558	0.00643	0.00515	0.00343	0.00257	0.00086	0.00429	0.00214	0.00172	0.00515
10	0.00947	0.01082	0.02366	0.01690	0.02096	0.01014	0.81947	0.01285	0.00947	0.01285	0.00811	0.01082	0.00609	0.00338	0.00473	0.00135	0.00676	0.00473	0.00203	0.00541
11	0.00998	0.00862	0.00907	0.00816	0.01043	0.00998	0.00635	0.02131	0.82679	0.01678	0.01632	0.01496	0.01224	0.00544	0.00408	0.00136	0.00317	0.00453	0.00408	0.00635
12	0.79844	0.00766	0.00624	0.00546	0.00801	0.00868	0.00450	0.01258	0.00730	0.10177	0.00663	0.00724	0.00491	0.00385	0.00264	0.00124	0.00313	0.00236	0.00274	0.00460
13	0.01239	0.43000	0.08434	0.00853	0.03056	0.01360	0.00789	0.31299	0.01228	0.04156	0.00758	0.00809	0.00594	0.00403	0.00329	0.00104	0.00445	0.00285	0.00268	0.00591
14	0.01431	0.01697	0.01115	0.03413	0.01250	0.66901	0.00762	0.11727	0.01222	0.01212	0.05066	0.00885	0.00712	0.00443	0.00374	0.00108	0.00654	0.00299	0.00243	0.00487
15	0.00840	0.03202	0.04449	0.00699	0.02743	0.00588	0.03466	0.01037	0.02070	0.05048	0.03367	0.08165	0.03123	0.01354	0.00365	0.00089	0.00325	0.01714	0.00268	0.57088
16	0.01034	0.11324	0.24118	0.05371	0.03306	0.01047	0.03836	0.13779	0.17702	0.05544	0.00998	0.02661	0.00767	0.00521	0.02350	0.00138	0.04277	0.00366	0.00278	0.00584
17	0.00804	0.02074	0.83828	0.01143	0.01736	0.00931	0.01482	0.01270	0.00847	0.01270	0.00720	0.00847	0.00508	0.00381	0.00381	0.00127	0.00593	0.00296	0.00169	0.00593
18	0.00731	0.00448	0.00579	0.00525	0.00653	0.00404	0.00401	0.00907	0.01117	0.12986	0.64627	0.02847	0.10629	0.00793	0.00463	0.00127	0.00212	0.00691	0.00443	0.00417
19	0.01277	0.03636	0.32005	0.02100	0.01407	0.04922	0.07540	0.01576	0.02238	0.36014	0.01122	0.01154	0.00766	0.00443	0.00397	0.00125	0.00486	0.01860	0.00319	0.00612
20	0.00776	0.00732	0.01237	0.78372	0.09185	0.00896	0.01123	0.01041	0.00811	0.01047	0.00716	0.01063	0.00543	0.00397	0.00401	0.00132	0.00530	0.00356	0.00180	0.00461
21	0.00479	0.00399	0.00418	0.00429	0.00549	0.00338	0.00316	0.00580	0.00903	0.01094	0.06515	0.14239	0.70285	0.01040	0.00479	0.00139	0.00206	0.00880	0.00375	0.00338
22	0.00773	0.00710	0.01145	0.38819	0.11303	0.02588	0.09132	0.00987	0.00860	0.03554	0.01458	0.12240	0.13573	0.00596	0.00432	0.00135	0.00451	0.00543	0.00248	0.00453
23	0.08814	0.01136	0.02585	0.01087	0.10083	0.13637	0.04782	0.34628	0.01353	0.13927	0.00920	0.00964	0.00665	0.00449	0.00414	0.00121	0.03152	0.00343	0.00330	0.00607
24	0.00826	0.01974	0.78500	0.01111	0.01676	0.00901	0.01418	0.01269	0.00854	0.03865	0.00795	0.03619	0.00593	0.00413	0.00386	0.00128	0.00573	0.00327	0.00186	0.00587
25	0.00877	0.00877	0.01228	0.01053	0.01053	0.01228	0.00877	0.00965	0.00614	0.00965	0.00526	0.00877	0.00526	0.00702	0.01316	0.00175	0.85172	0.00351	0.00175	0.00439
26	0.00832	0.00713	0.00832	0.00594	0.00950	0.00535	0.00475	0.01010	0.00832	0.01307	0.00713	0.00832	0.00594	0.00297	0.00297	0.00059	0.00297	0.00238	0.00238	0.88357
27	0.34435	0.22348	0.06713	0.00763	0.01045	0.26597	0.00671	0.01320	0.00865	0.01302	0.00588	0.00685	0.00484	0.00378	0.00294	0.00108	0.00485	0.00234	0.00211	0.00474
28	0.00819	0.06554	0.79473	0.01119	0.01698	0.00966	0.01439	0.01266	0.00845	0.01253	0.00711	0.00836	0.00508	0.00379	0.00374	0.00125	0.00584	0.00292	0.00169	0.00589
29	0.00884	0.02336	0.09948	0.00781	0.03708	0.00660	0.04548	0.04210	0.00886	0.02521	0.00739	0.00860	0.00594	0.00321	0.00323	0.00076	0.00361	0.00266	0.00236	0.65741

[dist]
# distance from previous block
# <min> <max>
0	2

[block]
# block no. 7 follows, 67 sequences, length 34
# corresponding to MSA columns:
# 572-605
name=unknown_H
#
# <colnr> <probs for GDERKNQSTAVLIFYWHMCP>
#	G	D	E	R	K	N	Q	S	T	A	V	L	I	F	Y	W	H	M	C	P
0	0.09947	0.05315	0.01135	0.03057	0.07400	0.54040	0.00763	0.01516	0.07777	0.01156	0.02310	0.00852	0.00640	0.00426	0.00373	0.00111	0.02176	0.00289	0.00228	0.00488
1	0.00861	0.00459	0.00583	0.00520	0.00659	0.00421	0.00401	0.01042	0.01076	0.18577	0.48991	0.02341	0.02624	0.00678	0.00418	0.00119	0.00220	0.00584	0.18985	0.00440
2	0.00520	0.00408	0.00471	0.00455	0.00570	0.00358	0.00341	0.00666	0.01024	0.01344	0.43359	0.03431	0.43782	0.00918	0.00474	0.00131	0.00196	0.00786	0.00407	0.00358
3	0.00804	0.00760	0.01207	0.72365	0.07431	0.02914	0.01078	0.02786	0.00831	0.01066	0.00729	0.01091	0.00567	0.02632	0.00460	0.00139	0.02137	0.00360	0.00187	0.00457
4	0.01358	0.01668	0.01184	0.14000	0.01495	0.65827	0.03087	0.03267	0.01087	0.01030	0.00646	0.00795	0.00526	0.00416	0.00388	0.00111	0.02157	0.00283	0.00206	0.00468
5	0.88738	0.00776	0.00589	0.00527	0.00776	0.00900	0.00434	0.01179	0.00683	0.01799	0.00558	0.00651	0.00434	0.00372	0.00248	0.00124	0.00310	0.00217	0.00248	0.00434
6	0.00757	0.00713	0.01203	0.84942	0.02762	0.00891	0.01114	0.01025	0.00802	0.01025	0.00713	0.01069	0.00535	0.00401	0.00401	0.00134	0.00535	0.00356	0.00178	0.00446
7	0.00537	0.00406	0.00496	0.00479	0.00582	0.00365	0.00357	0.00696	0.01056	0.01432	0.56909	0.06924	0.26504	0.00895	0.00475	0.00130	0.00195	0.00778	0.00419	0.00365
8	0.00489	0.00349	0.00465	0.00558	0.00582	0.00326	0.00372	0.00558	0.00768	0.01024	0.02210	0.85644	0.02653	0.01256	0.00512	0.00163	0.00233	0.01140	0.00372	0.00326
9	0.88738	0.00776	0.00589	0.00527	0.00776	0.00900	0.00434	0.01179	0.00683	0.01799	0.00558	0.00651	0.00434	0.00372	0.00248	0.00124	0.00310	0.00217	0.00248	0.00434
10	0.05080	0.01071	0.01121	0.00880	0.01180	0.02516	0.00721	0.66653	0.10133	0.02353	0.01020	0.01017	0.00736	0.00482	0.00391	0.00121	0.00420	0.00363	0.03088	0.00654
11	0.00489	0.00349	0.00465	0.00558	0.00582	0.00326	0.00372	0.00558	0.00768	0.01024	0.02210	0.85644	0.02653	0.01256	0.00512	0.00163	0.00233	0.01140	0.00372	0.00326
12	0.00880	0.01544	0.40317	0.01435	0.01928	0.00976	0.44460	0.01278	0.00900	0.01278	0.00769	0.00972	0.00562	0.00358	0.00430	0.00131	0.00637	0.00391	0.00187	0.00565
13	0.00832	0.00713	0.00832	0.00594	0.00950	0.00535	0.00475	0.01010	0.00832	0.01307	0.00713	0.00832	0.00594	0.00297	0.00297	0.00059	0.00297	0.00238	0.00238	0.88357
14	0.01342	0.01033	0.01101	0.00886	0.01174	0.01159	0.00718	0.54439	0.29810	0.02234	0.01194	0.01147	0.00869	0.00503	0.00404	0.00126	0.00398	0.00393	0.00404	0.00666
15	0.00757	0.00713	0.01203	0.84942	0.02762	0.00891	0.01114	0.01025	0.00802	0.01025	0.00713	0.01069	0.00535	0.00401	0.00401	0.00134	0.00535	0.00356	0.00178	0.00446
16	0.01791	0.00696	0.00939	0.00720	0.01030	0.00609	0.00595	0.04383	0.01170	0.81221	0.01563	0.01353	0.00983	0.00496	0.00403	0.00124	0.00344	0.00402	0.00493	0.00683
17	0.00583	0.00389	0.00437	0.00437	0.00437	0.00389	0.00243	0.00583	0.00583	0.00778	0.01264	0.02624	0.01458	0.85906	0.02041	0.00389	0.00389	0.00583	0.00243	0.00243
18	0.88738	0.00776	0.00589	0.00527	0.00776	0.00900	0.00434	0.01179	0.00683	0.01799	0.00558	0.00651	0.00434	0.00372	0.00248	0.00124	0.00310	0.00217	0.00248	0.00434
19	0.01072	0.86147	0.02102	0.00686	0.01029	0.01587	0.00686	0.01201	0.00815	0.00944	0.00558	0.00643	0.00515	0.00343	0.00257	0.00086	0.00429	0.00214	0.00172	0.00515
20	0.00940	0.00492	0.00654	0.00593	0.00724	0.00509	0.00463	0.01086	0.00818	0.22044	0.01256	0.01546	0.01020	0.07079	0.33156	0.00338	0.03552	0.00416	0.22874	0.00440
21	0.00757	0.00713	0.01203	0.84942	0.02762	0.00891	0.01114	0.01025	0.00802	0.01025	0.00713	0.01069	0.00535	0.00401	0.00401	0.00134	0.00535	0.00356	0.00178	0.00446
22	0.00573	0.00428	0.00635	0.00635	0.00704	0.00496	0.00490	0.00710	0.00642	0.00924	0.01083	0.01622	0.01023	0.06700	0.80652	0.00633	0.01044	0.00437	0.00216	0.00353
23	0.00993	0.00953	0.01628	0.02462	0.83404	0.00953	0.01231	0.01231	0.00913	0.01310	0.00754	0.00993	0.00635	0.00357	0.00397	0.00119	0.00476	0.00357	0.00199	0.00635
24	0.00566	0.00374	0.00495	0.00514	0.00564	0.00350	0.00358	0.00612	0.00827	0.01118	0.26617	0.28495	0.10719	0.03420	0.00805	0.22505	0.00250	0.00768	0.00340	0.00302
25	0.02646	0.04985	0.01262	0.01438	0.35450	0.03644	0.00848	0.03812	0.08699	0.11320	0.00917	0.01014	0.00713	0.00383	0.00365	0.00105	0.00405	0.00331	0.00270	0.21394
26	0.01173	0.06990	0.29101	0.03287	0.18780	0.03102	0.02447	0.08937	0.01031	0.19927	0.00932	0.00998	0.00663	0.00409	0.00385	0.00121	0.00490	0.00337	0.00273	0.00617
