[name]
unknown

[dist]
# distance from previous block
# <min> <max>
0	43

[block]
# block no. 0 follows, 70 sequences, length 31
# corresponding to MSA columns:
# 327-334,339-352,362-370
name=unknown_A
#
# <colnr> <probs for GDERKNQSTAVLIFYWHMCP>
#	G	D	E	R	K	N	Q	S	T	A	V	L	I	F	Y	W	H	M	C	P
0	0.76006	0.02650	0.03351	0.02144	0.00855	0.07399	0.00495	0.01172	0.00704	0.01631	0.00552	0.00649	0.00432	0.00363	0.00255	0.00118	0.00346	0.00218	0.00232	0.00429
1	0.00554	0.00375	0.00423	0.00427	0.00435	0.00370	0.00244	0.00562	0.00588	0.00778	0.01395	0.06903	0.05319	0.77994	0.01826	0.00353	0.00360	0.00603	0.00247	0.00243
2	0.00883	0.07348	0.06657	0.00637	0.00852	0.00655	0.00553	0.09028	0.07916	0.12250	0.30647	0.02156	0.11341	0.00651	0.00413	0.00121	0.00294	0.04134	0.00372	0.03093
3	0.00822	0.03113	0.00841	0.00589	0.00923	0.00569	0.00474	0.02415	0.03669	0.01281	0.00744	0.02250	0.00628	0.00315	0.00295	0.00063	0.00293	0.00253	0.00238	0.80224
4	0.00556	0.00412	0.00438	0.00421	0.00561	0.00347	0.00320	0.00664	0.00917	0.06960	0.10091	0.03494	0.71592	0.00931	0.00453	0.00129	0.00205	0.00779	0.00374	0.00354
5	0.00773	0.00810	0.07982	0.05735	0.01064	0.00879	0.02187	0.01041	0.11070	0.02362	0.10980	0.09025	0.05856	0.00686	0.00795	0.00148	0.37413	0.00489	0.00261	0.00444
6	0.11564	0.00760	0.00868	0.00703	0.00969	0.00780	0.00571	0.15422	0.18191	0.38656	0.01308	0.01208	0.00895	0.00471	0.00366	0.00120	0.00329	0.00370	0.05843	0.00604
7	0.00487	0.00392	0.00435	0.00442	0.00554	0.00341	0.00333	0.00604	0.00914	0.01147	0.19069	0.10335	0.56848	0.00970	0.00466	0.00134	0.00206	0.05615	0.00373	0.00335
8	0.00558	0.00374	0.00424	0.00430	0.00431	0.00372	0.00242	0.00562	0.00574	0.00765	0.01274	0.07363	0.01476	0.81459	0.01888	0.00363	0.00367	0.00595	0.00242	0.00240
9	0.00555	0.00412	0.00607	0.00607	0.00671	0.00476	0.00465	0.00682	0.00618	0.00888	0.01053	0.01603	0.01004	0.09482	0.78312	0.00604	0.00986	0.00427	0.00210	0.00337
10	0.01461	0.00919	0.01037	0.00816	0.01107	0.00979	0.00667	0.45283	0.15904	0.25829	0.01217	0.01133	0.00838	0.00480	0.00390	0.00120	0.00378	0.00376	0.00415	0.00651
11	0.00688	0.00545	0.00718	0.00629	0.00775	0.01683	0.06787	0.03768	0.10588	0.03839	0.46429	0.07154	0.13348	0.00748	0.00446	0.00126	0.00258	0.00662	0.00390	0.00419
12	0.00564	0.00376	0.00423	0.00423	0.00423	0.00376	0.00235	0.00564	0.00564	0.00752	0.01222	0.02537	0.01409	0.86375	0.01973	0.00376	0.00376	0.00564	0.00235	0.00235
13	0.00848	0.00848	0.01187	0.01018	0.01018	0.01187	0.00848	0.00933	0.00594	0.00933	0.00509	0.00848	0.00509	0.00679	0.01272	0.00170	0.85666	0.00339	0.00170	0.00424
14	0.00792	0.00679	0.00790	0.00568	0.00905	0.00510	0.00454	0.00962	0.00807	0.01256	0.00801	0.00905	0.03450	0.00311	0.00293	0.00060	0.00284	0.00250	0.00234	0.85690
15	0.00883	0.00832	0.05633	0.00763	0.00980	0.00868	0.00621	0.01795	0.66508	0.01521	0.03269	0.08121	0.05311	0.00598	0.00405	0.00133	0.00308	0.00505	0.00377	0.00569
16	0.03335	0.01859	0.73122	0.01191	0.06832	0.00904	0.04984	0.01223	0.00822	0.01246	0.00697	0.00832	0.00501	0.00365	0.00370	0.00123	0.00562	0.00296	0.00169	0.00569
17	0.89114	0.00750	0.00570	0.00510	0.00750	0.00870	0.00420	0.01140	0.00660	0.01739	0.00540	0.00630	0.00420	0.00360	0.00240	0.00120	0.00300	0.00210	0.00240	0.00420
18	0.01026	0.00850	0.00915	0.00764	0.01026	0.00917	0.00605	0.16785	0.51261	0.01701	0.01276	0.01219	0.00961	0.00466	0.00371	0.00114	0.00325	0.00379	0.00359	0.18681
19	0.00947	0.00921	0.01603	0.04797	0.73991	0.00929	0.06891	0.01182	0.00876	0.01249	0.00727	0.00965	0.00607	0.00352	0.00408	0.00118	0.02292	0.00353	0.00191	0.00598
20	0.00518	0.00391	0.00479	0.00466	0.00563	0.00351	0.00346	0.00669	0.01011	0.01372	0.55582	0.09583	0.25497	0.00877	0.00460	0.00127	0.00190	0.00764	0.00403	0.00351
21	0.00675	0.00580	0.03267	0.17504	0.08606	0.00568	0.00620	0.05690	0.00953	0.01312	0.25563	0.14143	0.11446	0.00698	0.00422	0.00126	0.00308	0.00612	0.06491	0.00413
22	0.00756	0.00656	0.00862	0.00766	0.00826	0.03706	0.03105	0.03200	0.00703	0.01040	0.03349	0.01351	0.00891	0.10750	0.22899	0.00294	0.32866	0.00399	0.11197	0.00384
23	0.00889	0.03656	0.19630	0.01495	0.01924	0.00979	0.63099	0.01237	0.00891	0.01230	0.00759	0.00986	0.00565	0.00336	0.00433	0.00128	0.00630	0.00414	0.00188	0.00533
24	0.00554	0.00386	0.00468	0.00455	0.00500	0.00372	0.00299	0.00640	0.00808	0.01115	0.37350	0.02707	0.04824	0.44608	0.03104	0.00263	0.00301	0.00628	0.00322	0.00297
25	0.00804	0.00689	0.00804	0.00574	0.00919	0.00517	0.00459	0.00976	0.00804	0.01263	0.00689	0.00804	0.00574	0.00287	0.00287	0.00057	0.00287	0.00230	0.00230	0.88745
26	0.00931	0.05700	0.18680	0.03339	0.02552	0.02327	0.00759	0.15826	0.00994	0.01425	0.00784	0.04297	0.00646	0.00383	0.00335	0.00091	0.00395	0.00303	0.00243	0.39989
27	0.45029	0.08053	0.02663	0.03993	0.02064	0.21479	0.00607	0.02874	0.00819	0.01396	0.02608	0.00744	0.00543	0.00399	0.00346	0.00115	0.05352	0.00250	0.00223	0.00443
28	0.01277	0.01046	0.00956	0.00790	0.01019	0.17627	0.00623	0.42381	0.02380	0.06048	0.02061	0.03605	0.02854	0.05451	0.00465	0.00127	0.00430	0.00384	0.09937	0.00538
29	0.00502	0.00385	0.00456	0.00490	0.00570	0.00349	0.00350	0.02581	0.00862	0.01107	0.10830	0.42084	0.34069	0.01061	0.00475	0.00143	0.00218	0.02765	0.00367	0.00334
30	0.04232	0.04158	0.21104	0.07807	0.03578	0.02141	0.05286	0.07948	0.01914	0.10408	0.21680	0.01569	0.05488	0.00524	0.00397	0.00121	0.00398	0.00444	0.00301	0.00502

[dist]
# distance from previous block
# <min> <max>
0	62

[block]
# block no. 1 follows, 70 sequences, length 18
# corresponding to MSA columns:
# 433-450
name=unknown_B
#
# <colnr> <probs for GDERKNQSTAVLIFYWHMCP>
#	G	D	E	R	K	N	Q	S	T	A	V	L	I	F	Y	W	H	M	C	P
0	0.07889	0.07975	0.20691	0.04180	0.04551	0.18705	0.01775	0.08721	0.03381	0.08888	0.00809	0.02863	0.00632	0.00468	0.01820	0.00124	0.03870	0.00315	0.00242	0.02101
1	0.09727	0.04240	0.00976	0.00746	0.00986	0.02305	0.02266	0.24506	0.05236	0.04500	0.02526	0.01080	0.02683	0.02595	0.07134	0.00156	0.09075	0.00339	0.00289	0.18636
2	0.13882	0.10194	0.00872	0.00691	0.01944	0.06341	0.03633	0.10782	0.00903	0.01281	0.01470	0.36849	0.06192	0.00774	0.00420	0.00132	0.02270	0.00654	0.00300	0.00417
3	0.00503	0.00382	0.00413	0.00420	0.00490	0.00346	0.00279	0.00564	0.00756	0.00946	0.05554	0.09894	0.42624	0.33942	0.01046	0.00227	0.00267	0.00739	0.00314	0.00292
4	0.01199	0.30376	0.03070	0.03715	0.04245	0.35151	0.00743	0.02964	0.02871	0.03951	0.00651	0.00751	0.00542	0.00388	0.00359	0.00099	0.04219	0.00257	0.00204	0.04244
5	0.00564	0.00376	0.00423	0.00423	0.00423	0.00376	0.00235	0.00564	0.00564	0.00752	0.01222	0.02537	0.01409	0.86375	0.01973	0.00376	0.00376	0.00564	0.00235	0.00235
6	0.03663	0.63216	0.01758	0.00720	0.01030	0.11761	0.00669	0.07932	0.00920	0.04385	0.00618	0.00685	0.00527	0.00358	0.00278	0.00090	0.00444	0.00232	0.00203	0.00509
7	0.01095	0.12003	0.01024	0.00742	0.00977	0.00943	0.00601	0.15453	0.37012	0.12104	0.04658	0.09371	0.01207	0.00561	0.00386	0.00123	0.00331	0.00461	0.00372	0.00574
8	0.00495	0.00391	0.00442	0.00434	0.00543	0.00342	0.00322	0.00620	0.00947	0.01222	0.32868	0.06900	0.48971	0.03171	0.00499	0.00135	0.00197	0.00781	0.00381	0.00338
9	0.00940	0.00917	0.01612	0.07844	0.70961	0.00923	0.08710	0.01181	0.00879	0.01246	0.00732	0.00972	0.00605	0.00347	0.00391	0.00118	0.00482	0.00356	0.00191	0.00593
10	0.01450	0.01805	0.01102	0.00993	0.01199	0.80138	0.00748	0.06089	0.01139	0.01032	0.00618	0.00712	0.00508	0.00403	0.00352	0.00101	0.00684	0.00255	0.00210	0.00461
11	0.00556	0.00409	0.00589	0.00589	0.00646	0.00466	0.00442	0.00670	0.00613	0.00875	0.01070	0.01697	0.01045	0.17192	0.70658	0.00581	0.00925	0.00441	0.00212	0.00327
12	0.00506	0.00387	0.00464	0.00461	0.00557	0.00345	0.00339	0.00643	0.00973	0.01296	0.44061	0.14437	0.32292	0.00918	0.00463	0.00130	0.00193	0.00797	0.00394	0.00345
13	0.00458	0.00393	0.00393	0.00393	0.00524	0.00327	0.00295	0.00556	0.00884	0.01047	0.03927	0.03731	0.83800	0.00982	0.00458	0.00131	0.00196	0.00818	0.00360	0.00327
14	0.00804	0.00689	0.00804	0.00574	0.00919	0.00517	0.00459	0.00976	0.00804	0.01263	0.00689	0.00804	0.00574	0.00287	0.00287	0.00057	0.00287	0.00230	0.00230	0.88745
15	0.00960	0.00921	0.01574	0.02380	0.83957	0.00921	0.01190	0.01190	0.00883	0.01267	0.00729	0.00960	0.00614	0.00345	0.00384	0.00115	0.00461	0.00345	0.00192	0.00614
16	0.02628	0.00752	0.00887	0.01963	0.02300	0.02533	0.01776	0.06370	0.00880	0.05268	0.00757	0.02279	0.00624	0.00350	0.00357	0.00077	0.04527	0.00272	0.00249	0.65152
17	0.02206	0.01006	0.05048	0.01394	0.03867	0.00918	0.56721	0.06297	0.00956	0.05080	0.00930	0.01119	0.03886	0.00376	0.00449	0.00125	0.02554	0.00431	0.00228	0.06408

[dist]
# distance from previous block
# <min> <max>
0	1

[block]
# block no. 2 follows, 70 sequences, length 11
# corresponding to MSA columns:
# 452-462
name=unknown_C
#
# <colnr> <probs for GDERKNQSTAVLIFYWHMCP>
#	G	D	E	R	K	N	Q	S	T	A	V	L	I	F	Y	W	H	M	C	P
0	0.00472	0.00340	0.00447	0.00532	0.00560	0.00316	0.00356	0.00541	0.00750	0.00993	0.02231	0.81803	0.06823	0.01202	0.00493	0.00156	0.00223	0.01087	0.00360	0.00316
1	0.00711	0.00362	0.00366	0.00366	0.00450	0.00362	0.00268	0.00879	0.00795	0.01395	0.01262	0.01524	0.01024	0.06663	0.00394	0.00111	0.00195	0.00376	0.82145	0.00352
2	0.01298	0.08684	0.01219	0.01062	0.06428	0.60682	0.00784	0.01406	0.00987	0.00964	0.00590	0.00730	0.00508	0.00430	0.00474	0.00109	0.12727	0.00265	0.00192	0.00460
3	0.00869	0.00833	0.01410	0.33792	0.45761	0.00908	0.03779	0.01136	0.03376	0.01163	0.00736	0.01003	0.00591	0.00375	0.00411	0.00123	0.02656	0.00351	0.00190	0.00537
4	0.00480	0.00342	0.00452	0.00533	0.00558	0.00320	0.00355	0.00550	0.00752	0.01008	0.06030	0.78864	0.02572	0.04508	0.00551	0.00164	0.00229	0.01062	0.00358	0.00314
5	0.00493	0.00375	0.00454	0.00474	0.00555	0.00336	0.00340	0.00609	0.00906	0.01196	0.29809	0.31510	0.29541	0.00998	0.00470	0.00137	0.00202	0.00876	0.00382	0.00336
6	0.04707	0.00890	0.00933	0.00802	0.01044	0.01018	0.00635	0.21378	0.60309	0.01824	0.01380	0.01289	0.01026	0.00505	0.00387	0.00127	0.00335	0.00407	0.00387	0.00617
7	0.00526	0.00374	0.00431	0.00455	0.00489	0.00356	0.00290	0.00567	0.00679	0.00878	0.01981	0.21033	0.17686	0.47685	0.01297	0.00272	0.00307	0.04126	0.00292	0.00275
8	0.00900	0.00899	0.04094	0.10291	0.68118	0.00877	0.01129	0.01131	0.00870	0.01225	0.00928	0.01139	0.05900	0.00391	0.00388	0.00118	0.00453	0.00374	0.00200	0.00577
9	0.00642	0.00484	0.00594	0.00556	0.00673	0.00500	0.00429	0.10536	0.00929	0.01256	0.17043	0.02329	0.23863	0.03989	0.31744	0.00316	0.00538	0.00572	0.02627	0.00380
10	0.34008	0.13775	0.03992	0.02340	0.15174	0.17990	0.02065	0.02640	0.00847	0.03119	0.00624	0.00739	0.00503	0.00366	0.00304	0.00110	0.00447	0.00256	0.00216	0.00487

[dist]
# distance from previous block
# <min> <max>
0	1

[block]
# block no. 3 follows, 70 sequences, length 32
# corresponding to MSA columns:
# 464-495
name=unknown_D
#
# <colnr> <probs for GDERKNQSTAVLIFYWHMCP>
#	G	D	E	R	K	N	Q	S	T	A	V	L	I	F	Y	W	H	M	C	P
0	0.02109	0.09044	0.07916	0.06381	0.13687	0.26209	0.06014	0.10966	0.05047	0.05408	0.00773	0.00880	0.00599	0.00392	0.00362	0.00110	0.00528	0.00309	0.00238	0.03032
1	0.00597	0.00445	0.00629	0.00662	0.04259	0.00492	0.00464	0.03251	0.00669	0.00941	0.01137	0.07715	0.01146	0.19362	0.55867	0.00502	0.00803	0.00489	0.00229	0.00343
2	0.00785	0.00731	0.01219	0.63719	0.18334	0.00864	0.01065	0.02867	0.00813	0.01073	0.00717	0.01038	0.00559	0.00491	0.04052	0.00148	0.00526	0.00348	0.00182	0.00468
3	0.00494	0.00380	0.00453	0.00465	0.00554	0.00338	0.00337	0.00615	0.00924	0.01214	0.32115	0.24771	0.33994	0.00974	0.00467	0.00135	0.00199	0.00850	0.00384	0.00338
4	0.00599	0.00427	0.00523	0.00508	0.00616	0.00395	0.00384	0.04150	0.01009	0.04255	0.40165	0.15705	0.23496	0.00896	0.00462	0.00132	0.00218	0.05294	0.00396	0.00370
5	0.50474	0.00743	0.00660	0.00565	0.00789	0.00837	0.00460	0.19538	0.00956	0.01836	0.00783	0.00871	0.00596	0.00403	0.00280	0.00113	0.00303	0.00274	0.19058	0.00462
6	0.00564	0.00422	0.00607	0.00602	0.00657	0.00488	0.00454	0.00678	0.00612	0.00876	0.01053	0.01671	0.01028	0.16648	0.68627	0.00569	0.03466	0.00438	0.00211	0.00330
7	0.00804	0.00689	0.00804	0.00574	0.00919	0.00517	0.00459	0.00976	0.00804	0.01263	0.00689	0.00804	0.00574	0.00287	0.00287	0.00057	0.00287	0.00230	0.00230	0.88745
8	0.01877	0.00408	0.00517	0.00492	0.00587	0.00380	0.00368	0.01934	0.01066	0.01505	0.71454	0.08359	0.07958	0.00820	0.00455	0.00125	0.00192	0.00721	0.00415	0.00365
9	0.01266	0.01405	0.01082	0.00942	0.01149	0.50345	0.06259	0.03496	0.13104	0.05111	0.00907	0.00976	0.02142	0.00444	0.00400	0.00111	0.03992	0.00322	0.06063	0.00485
10	0.00507	0.00400	0.00461	0.00469	0.00575	0.00357	0.00355	0.00648	0.02351	0.01195	0.24728	0.12697	0.45040	0.00957	0.00468	0.00136	0.00212	0.07723	0.00378	0.00344
11	0.00934	0.01121	0.15134	0.11084	0.03003	0.17606	0.07368	0.05828	0.02817	0.04645	0.07770	0.01353	0.06734	0.00811	0.11908	0.00188	0.00576	0.00401	0.00248	0.00472
12	0.15867	0.03632	0.01023	0.00865	0.06496	0.10727	0.00658	0.27396	0.01232	0.25343	0.00979	0.00967	0.00685	0.00432	0.00353	0.00114	0.00408	0.00322	0.01918	0.00582
13	0.01118	0.09993	0.07383	0.03162	0.01212	0.03115	0.05334	0.31191	0.06699	0.02893	0.00838	0.00900	0.00635	0.00390	0.00349	0.00100	0.00413	0.00308	0.00287	0.23680
14	0.01930	0.06440	0.03108	0.05258	0.06131	0.02228	0.03896	0.07022	0.00802	0.01110	0.01183	0.04215	0.09561	0.04430	0.23107	0.00272	0.16154	0.00437	0.02292	0.00424
15	0.00554	0.00415	0.00623	0.00623	0.00692	0.00485	0.00485	0.00692	0.00623	0.00900	0.01038	0.01523	0.00969	0.02908	0.84839	0.00623	0.01038	0.00415	0.00208	0.00346
16	0.01494	0.00740	0.04496	0.00700	0.00979	0.00641	0.00587	0.11072	0.02510	0.57843	0.01364	0.01374	0.00946	0.10030	0.00562	0.00146	0.00355	0.00396	0.00419	0.03345
17	0.00732	0.00689	0.01163	0.85444	0.02670	0.00861	0.01077	0.00991	0.00775	0.00991	0.00689	0.01034	0.00517	0.00388	0.00388	0.00129	0.00517	0.00345	0.00172	0.00431
18	0.01448	0.01848	0.01099	0.00999	0.01199	0.84819	0.00749	0.01548	0.01099	0.00949	0.00599	0.00699	0.00499	0.00400	0.00350	0.00100	0.00699	0.00250	0.00200	0.00449
19	0.01174	0.00885	0.00941	0.00772	0.00986	0.03912	0.00612	0.52576	0.01405	0.01865	0.01059	0.01512	0.00929	0.18062	0.06056	0.00204	0.00460	0.05726	0.00337	0.00526
20	0.00563	0.00378	0.00433	0.00433	0.00437	0.00382	0.00248	0.00570	0.00567	0.00759	0.01212	0.02484	0.01387	0.82033	0.06284	0.00389	0.00410	0.00556	0.00233	0.00241
21	0.02714	0.01133	0.00994	0.02332	0.01090	0.23116	0.00661	0.37708	0.08431	0.01697	0.03658	0.01187	0.06646	0.00555	0.00457	0.05949	0.00458	0.00371	0.00317	0.00527
22	0.00564	0.00376	0.00423	0.00423	0.00423	0.00376	0.00235	0.00564	0.00564	0.00752	0.01222	0.02537	0.01409	0.86375	0.01973	0.00376	0.00376	0.00564	0.00235	0.00235
23	0.01409	0.10044	0.01192	0.00961	0.01179	0.72928	0.00740	0.05199	0.01101	0.01013	0.00608	0.00702	0.00506	0.00396	0.00342	0.00099	0.00659	0.00250	0.00205	0.00464
24	0.00554	0.00373	0.00428	0.00436	0.00441	0.00370	0.00251	0.00565	0.00595	0.00795	0.03321	0.10863	0.01579	0.75818	0.01789	0.00348	0.00356	0.00621	0.00252	0.00246
25	0.06474	0.00421	0.00484	0.00453	0.00566	0.00409	0.00345	0.00888	0.00962	0.06198	0.42593	0.02112	0.02290	0.00618	0.00369	0.00110	0.00198	0.00523	0.33602	0.00384
26	0.00564	0.00376	0.00423	0.00423	0.00423	0.00376	0.00235	0.00564	0.00564	0.00752	0.01222	0.02537	0.01409	0.86375	0.01973	0.00376	0.00376	0.00564	0.00235	0.00235
27	0.00540	0.00396	0.00506	0.00478	0.00574	0.00362	0.00359	0.00714	0.01076	0.01503	0.75669	0.02980	0.11774	0.00812	0.00457	0.00123	0.00184	0.00713	0.00420	0.00362
28	0.00561	0.00375	0.00424	0.00426	0.00427	0.00374	0.00238	0.00563	0.00569	0.00758	0.01246	0.04777	0.01440	0.84094	0.01934	0.00370	0.00372	0.00578	0.00238	0.00237
29	0.00936	0.04707	0.01024	0.05047	0.12439	0.04441	0.00635	0.06803	0.00906	0.03790	0.00726	0.00848	0.00588	0.00325	0.00317	0.00078	0.00357	0.00264	0.00236	0.55533
30	0.00701	0.00508	0.00731	0.00755	0.06219	0.00566	0.00547	0.06790	0.00753	0.04827	0.01079	0.01482	0.02176	0.03679	0.66721	0.00518	0.00901	0.00413	0.00235	0.00399
31	0.05720	0.35446	0.21457	0.03459	0.01223	0.16884	0.00852	0.01254	0.00853	0.04657	0.00658	0.00768	0.00534	0.00480	0.04153	0.00125	0.00528	0.00256	0.00191	0.00501

[dist]
# distance from previous block
# <min> <max>
0	1

[block]
# block no. 4 follows, 70 sequences, length 31
# corresponding to MSA columns:
# 497-527
name=unknown_E
#
# <colnr> <probs for GDERKNQSTAVLIFYWHMCP>
#	G	D	E	R	K	N	Q	S	T	A	V	L	I	F	Y	W	H	M	C	P
0	0.13060	0.04630	0.04130	0.03891	0.01017	0.00910	0.00611	0.37454	0.01260	0.07433	0.00960	0.01022	0.00706	0.00436	0.00334	0.00110	0.00354	0.00327	0.20815	0.00539
1	0.04523	0.38412	0.14791	0.00897	0.07160	0.06648	0.02687	0.01315	0.00879	0.15325	0.02185	0.00854	0.00639	0.00377	0.00317	0.00102	0.00443	0.00279	0.00232	0.01935
2	0.00977	0.00800	0.00858	0.00750	0.00964	0.00899	0.00588	0.16017	0.54440	0.01730	0.12080	0.01651	0.05389	0.00571	0.00404	0.00128	0.00307	0.00474	0.00396	0.00576
3	0.08458	0.00821	0.00883	0.00770	0.02754	0.00905	0.00594	0.28922	0.28480	0.04739	0.06095	0.05292	0.04690	0.04286	0.00458	0.00136	0.00338	0.00453	0.00370	0.00558
4	0.00875	0.00688	0.00811	0.00588	0.00920	0.00535	0.00471	0.03427	0.00864	0.06712	0.03700	0.00915	0.00711	0.00323	0.00303	0.00066	0.00290	0.00260	0.00258	0.77282
5	0.00555	0.00411	0.00603	0.00603	0.00666	0.00474	0.00460	0.00680	0.00617	0.00885	0.01057	0.01624	0.01013	0.11200	0.76606	0.00598	0.00973	0.00430	0.00210	0.00335
6	0.00796	0.05781	0.77530	0.01133	0.04751	0.00930	0.01389	0.01223	0.00820	0.01215	0.00690	0.00815	0.00496	0.00366	0.00364	0.00121	0.00562	0.00285	0.00165	0.00571
7	0.09856	0.00830	0.00855	0.00667	0.00958	0.06100	0.00533	0.17472	0.03963	0.05284	0.04043	0.03820	0.00796	0.00405	0.00329	0.00090	0.00339	0.00315	0.00290	0.43054
8	0.01326	0.03514	0.00948	0.00728	0.00975	0.05033	0.03834	0.10262	0.03351	0.42311	0.08975	0.01620	0.10797	0.00559	0.00436	0.00122	0.03794	0.00452	0.00400	0.00562
9	0.00524	0.00402	0.00431	0.00423	0.00552	0.00341	0.00317	0.00632	0.00908	0.04715	0.12077	0.07829	0.67587	0.00952	0.00457	0.00131	0.00202	0.00802	0.00372	0.00345
10	0.01945	0.01002	0.15338	0.23043	0.28696	0.00851	0.05201	0.02409	0.02796	0.10989	0.02143	0.01082	0.01983	0.00398	0.00388	0.00122	0.00474	0.00360	0.00231	0.00551
11	0.00749	0.00706	0.01193	0.79399	0.08585	0.00866	0.01085	0.01005	0.00783	0.01011	0.00692	0.01028	0.00524	0.00385	0.00387	0.00128	0.00513	0.00345	0.00174	0.00444
12	0.00511	0.00371	0.00490	0.00571	0.00621	0.00351	0.00423	0.00610	0.00796	0.01040	0.02296	0.56368	0.10707	0.01153	0.00502	0.00160	0.00257	0.22087	0.00359	0.00327
13	0.70779	0.00749	0.00650	0.00556	0.00809	0.00834	0.00459	0.04810	0.00785	0.15481	0.00721	0.00758	0.00520	0.00384	0.00271	0.00120	0.00310	0.00246	0.00286	0.00470
14	0.00918	0.00891	0.01534	0.14979	0.57469	0.00926	0.08946	0.01204	0.05152	0.01233	0.00768	0.01002	0.00624	0.00367	0.00411	0.00121	0.02323	0.00361	0.00199	0.00573
15	0.00615	0.00439	0.00611	0.00694	0.00779	0.00437	0.00598	0.00786	0.00887	0.01158	0.04674	0.07204	0.02271	0.02934	0.00563	0.00180	0.00347	0.74112	0.00357	0.00353
16	0.00560	0.00374	0.00424	0.00428	0.00429	0.00373	0.00240	0.00563	0.00571	0.00762	0.01261	0.06126	0.01459	0.82718	0.01910	0.00366	0.00369	0.00587	0.00240	0.00238
17	0.02774	0.00904	0.08653	0.28658	0.14164	0.00876	0.13066	0.02259	0.14547	0.03062	0.00942	0.01201	0.00735	0.00422	0.00395	0.00127	0.00473	0.03246	0.02977	0.00518
18	0.00964	0.00665	0.03281	0.00611	0.00790	0.08284	0.00492	0.01162	0.03828	0.23487	0.42734	0.02222	0.08550	0.00665	0.00425	0.00120	0.00287	0.00564	0.00406	0.00464
19	0.00472	0.00337	0.00450	0.00540	0.00562	0.00315	0.00360	0.00540	0.00742	0.00990	0.02137	0.86122	0.02564	0.01215	0.00495	0.00157	0.00225	0.01102	0.00360	0.00315
20	0.00785	0.01955	0.80093	0.01133	0.01696	0.00905	0.05656	0.01228	0.00824	0.01228	0.00700	0.00830	0.00496	0.00366	0.00373	0.00123	0.00577	0.00295	0.00165	0.00570
21	0.03521	0.06239	0.69682	0.01021	0.01525	0.00912	0.01276	0.01174	0.00807	0.01206	0.00852	0.00962	0.05036	0.00412	0.00398	0.00123	0.03821	0.00311	0.00177	0.00545
22	0.00915	0.01046	0.02288	0.01634	0.02026	0.00980	0.82549	0.01242	0.00915	0.01242	0.00784	0.01046	0.00588	0.00327	0.00458	0.00131	0.00654	0.00458	0.00196	0.00523
23	0.01345	0.01117	0.01064	0.00860	0.01117	0.15151	0.00692	0.57433	0.01536	0.01988	0.00901	0.00991	0.00685	0.02204	0.08235	0.00164	0.00521	0.00343	0.03075	0.00578
24	0.00869	0.00928	0.01663	0.09624	0.08319	0.06901	0.44670	0.01103	0.00844	0.01108	0.00850	0.03270	0.00745	0.12181	0.03039	0.00176	0.02596	0.00448	0.00203	0.00464
25	0.00518	0.00394	0.00454	0.00479	0.00558	0.00362	0.00345	0.01942	0.00817	0.01034	0.05605	0.22956	0.36811	0.16376	0.00746	0.00186	0.00256	0.09504	0.00340	0.00318
26	0.00475	0.00338	0.00449	0.00537	0.00559	0.00317	0.00357	0.00540	0.00738	0.00983	0.02112	0.83906	0.02533	0.03472	0.00534	0.00163	0.00229	0.01088	0.00357	0.00313
27	0.01474	0.01086	0.01163	0.00892	0.01202	0.01202	0.00737	0.82664	0.01823	0.02443	0.00931	0.00931	0.00659	0.00465	0.00388	0.00116	0.00427	0.00349	0.00388	0.00659
28	0.00996	0.00931	0.01335	0.15081	0.49711	0.09380	0.01032	0.03626	0.00924	0.04961	0.00851	0.02154	0.00725	0.00420	0.00390	0.00120	0.00475	0.05011	0.01327	0.00550
29	0.01067	0.00679	0.00971	0.07831	0.17126	0.00673	0.02037	0.09460	0.00999	0.23412	0.03683	0.16884	0.03414	0.00595	0.00419	0.00124	0.01864	0.00518	0.04312	0.03933
30	0.01950	0.16409	0.34909	0.00915	0.01316	0.01011	0.03258	0.12079	0.05542	0.09279	0.00841	0.02081	0.00633	0.00413	0.00388	0.00115	0.03755	0.00314	0.00244	0.04546

[dist]
# distance from previous block
# <min> <max>
0	203

[block]
# block no. 5 follows, 70 sequences, length 44
# corresponding to MSA columns:
# 751-794
name=unknown_F
#
# <colnr> <probs for GDERKNQSTAVLIFYWHMCP>
#	G	D	E	R	K	N	Q	S	T	A	V	L	I	F	Y	W	H	M	C	P
0	0.01154	0.04649	0.02234	0.05445	0.18046	0.07505	0.03417	0.26857	0.15736	0.04390	0.01029	0.01166	0.01741	0.00462	0.00400	0.00120	0.01634	0.03127	0.00304	0.00585
1	0.00748	0.02782	0.04377	0.06838	0.07420	0.08530	0.07523	0.03294	0.03704	0.02057	0.03740	0.38306	0.05094	0.00853	0.02773	0.00150	0.00394	0.00706	0.00293	0.00418
2	0.00793	0.06013	0.04635	0.00668	0.02245	0.02470	0.01262	0.17083	0.00965	0.02240	0.05014	0.28339	0.05947	0.17408	0.02988	0.00192	0.00360	0.00657	0.00312	0.00409
3	0.01295	0.09507	0.01129	0.03060	0.01111	0.01065	0.00668	0.52102	0.05226	0.08421	0.01059	0.01126	0.02790	0.04206	0.03346	0.00143	0.00422	0.00365	0.02367	0.00591
4	0.00491	0.00394	0.00439	0.00436	0.00551	0.00343	0.00329	0.00617	0.00944	0.01201	0.27609	0.05479	0.55183	0.00934	0.00461	0.00130	0.00199	0.03541	0.00380	0.00339
5	0.05257	0.15355	0.44644	0.01110	0.04604	0.03876	0.13551	0.02697	0.00850	0.01219	0.00678	0.00815	0.00514	0.00355	0.00354	0.00114	0.00536	0.00296	0.00181	0.02993
6	0.01305	0.38829	0.01515	0.00780	0.01089	0.08148	0.00689	0.31969	0.01235	0.09834	0.00791	0.00814	0.00605	0.00402	0.00324	0.00101	0.00434	0.00282	0.00284	0.00571
7	0.00479	0.00350	0.00446	0.00512	0.00553	0.00322	0.00347	0.00556	0.00778	0.01026	0.07833	0.66455	0.13183	0.04536	0.00546	0.00160	0.00224	0.01017	0.00359	0.00317
8	0.00469	0.00381	0.00415	0.00432	0.00536	0.00328	0.00314	0.00568	0.00872	0.01078	0.10326	0.20985	0.59915	0.01015	0.00466	0.00136	0.00201	0.00868	0.00366	0.00328
9	0.00864	0.00898	0.07481	0.01036	0.01279	0.02757	0.22695	0.02502	0.23208	0.02482	0.01323	0.03967	0.01188	0.00615	0.00504	0.00144	0.06157	0.20103	0.00296	0.00502
10	0.00862	0.00900	0.01763	0.30052	0.18953	0.00928	0.38478	0.01146	0.00861	0.01162	0.00741	0.01024	0.00569	0.00351	0.00419	0.00127	0.00568	0.00397	0.00187	0.00510
11	0.00479	0.00379	0.00434	0.00467	0.00558	0.00334	0.00342	0.00578	0.00851	0.01066	0.07866	0.30219	0.47536	0.01052	0.00475	0.00142	0.00216	0.06315	0.00364	0.00328
12	0.00564	0.00407	0.00548	0.00544	0.00582	0.00452	0.00384	0.00642	0.00597	0.00836	0.01107	0.01950	0.01151	0.39163	0.47009	0.00506	0.02561	0.00478	0.00219	0.00299
13	0.00850	0.00982	0.05721	0.03800	0.01814	0.00884	0.64043	0.02281	0.00896	0.01216	0.00967	0.12812	0.00856	0.00455	0.00456	0.00134	0.00584	0.00534	0.00219	0.00496
14	0.01036	0.86609	0.02032	0.00663	0.00995	0.01534	0.00663	0.01161	0.00788	0.00912	0.00539	0.00622	0.00498	0.00332	0.00249	0.00083	0.00415	0.00207	0.00166	0.00498
15	0.00472	0.00340	0.00447	0.00532	0.00560	0.00316	0.00356	0.00541	0.00750	0.00993	0.02234	0.81630	0.06994	0.01202	0.00493	0.00156	0.00223	0.01087	0.00360	0.00316
16	0.01448	0.01848	0.01099	0.00999	0.01199	0.84819	0.00749	0.01548	0.01099	0.00949	0.00599	0.00699	0.00499	0.00400	0.00350	0.00100	0.00699	0.00250	0.00200	0.00449
17	0.01429	0.04169	0.01124	0.00980	0.01190	0.76720	0.00744	0.05658	0.02619	0.01036	0.00632	0.00722	0.00520	0.00403	0.00349	0.00101	0.00670	0.00257	0.00212	0.00464
18	0.00554	0.00415	0.00623	0.00623	0.00692	0.00485	0.00485	0.00692	0.00623	0.00900	0.01038	0.01523	0.00969	0.02908	0.84839	0.00623	0.01038	0.00415	0.00208	0.00346
19	0.01474	0.01086	0.01163	0.00892	0.01202	0.01202	0.00737	0.82664	0.01823	0.02443	0.00931	0.00931	0.00659	0.00465	0.00388	0.00116	0.00427	0.00349	0.00388	0.00659
20	0.00778	0.02005	0.84367	0.01105	0.01678	0.00900	0.01432	0.01228	0.00818	0.01228	0.00696	0.00818	0.00491	0.00368	0.00368	0.00123	0.00573	0.00286	0.00164	0.00573
21	0.00723	0.00361	0.00361	0.00361	0.00452	0.00361	0.00271	0.00903	0.00813	0.01445	0.01265	0.01445	0.00994	0.00452	0.00271	0.00090	0.00181	0.00361	0.88528	0.00361
22	0.00546	0.00379	0.00519	0.00557	0.00608	0.00364	0.03550	0.00646	0.00753	0.01065	0.01845	0.57281	0.02090	0.06183	0.03428	0.00175	0.00277	0.04533	0.14875	0.00329
23	0.00462	0.00393	0.00398	0.00397	0.00526	0.00329	0.00298	0.00564	0.00893	0.01069	0.07324	0.03695	0.80389	0.00974	0.00458	0.00131	0.00196	0.00813	0.00363	0.00329
24	0.00911	0.00728	0.00844	0.00611	0.00950	0.00588	0.00492	0.09194	0.00919	0.04912	0.00749	0.00839	0.00599	0.00313	0.00302	0.00066	0.00303	0.00248	0.00256	0.76177
25	0.00469	0.00388	0.00413	0.00428	0.00542	0.00332	0.00319	0.00569	0.00870	0.01054	0.05099	0.14537	0.67950	0.01013	0.00466	0.00136	0.00207	0.04518	0.00361	0.00328
26	0.01092	0.69730	0.05176	0.00734	0.01055	0.14769	0.00708	0.01225	0.00838	0.00931	0.00555	0.00642	0.00498	0.00344	0.00270	0.00087	0.00466	0.00217	0.00171	0.00493
27	0.03763	0.16055	0.17741	0.00890	0.02878	0.02026	0.00840	0.35905	0.04682	0.10240	0.00886	0.00906	0.00641	0.00421	0.00356	0.00113	0.00439	0.00315	0.00304	0.00602
28	0.45763	0.00932	0.09147	0.00684	0.00983	0.00890	0.00616	0.18798	0.01006	0.16640	0.00817	0.00837	0.00575	0.00405	0.00311	0.00119	0.00360	0.00280	0.00307	0.00530
29	0.01349	0.01702	0.01028	0.00938	0.01131	0.76359	0.00704	0.01449	0.01077	0.00959	0.00932	0.01003	0.08840	0.00458	0.00360	0.00103	0.00649	0.00307	0.00216	0.00437
30	0.01518	0.02651	0.02353	0.03074	0.01150	0.04107	0.00683	0.38385	0.05042	0.35213	0.01170	0.01096	0.00788	0.00465	0.00384	0.00118	0.00397	0.00362	0.00404	0.00639
31	0.00515	0.00395	0.00471	0.00452	0.00558	0.00351	0.00339	0.00666	0.01017	0.01365	0.53912	0.03208	0.33617	0.00863	0.00458	0.00125	0.00188	0.00745	0.00402	0.00351
32	0.01096	0.74296	0.01896	0.00712	0.01025	0.13632	0.00676	0.01217	0.00833	0.00917	0.00548	0.00633	0.00498	0.00342	0.00263	0.00085	0.00456	0.00213	0.00171	0.00491
33	0.00481	0.00397	0.00411	0.00414	0.00529	0.00344	0.00304	0.00586	0.01956	0.01033	0.04464	0.05040	0.69829	0.09530	0.00612	0.00157	0.00221	0.03019	0.00349	0.00323
34	0.00960	0.00921	0.01574	0.02380	0.83957	0.00921	0.01190	0.01190	0.00883	0.01267	0.00729	0.00960	0.00614	0.00345	0.00384	0.00115	0.00461	0.00345	0.00192	0.00614
35	0.00473	0.00346	0.00446	0.00521	0.00559	0.00318	0.00353	0.00548	0.00771	0.01016	0.05180	0.73903	0.11795	0.01174	0.00489	0.00153	0.00220	0.01056	0.00362	0.00318
36	0.00560	0.00374	0.00424	0.00428	0.00428	0.00373	0.00240	0.00563	0.00571	0.00761	0.01258	0.05887	0.01456	0.82962	0.01914	0.00367	0.00370	0.00585	0.00240	0.00238
37	0.00839	0.00714	0.00821	0.00605	0.00936	0.00581	0.00483	0.03353	0.09088	0.01332	0.00785	0.00872	0.00638	0.00316	0.00301	0.00066	0.00293	0.00254	0.00251	0.77474
38	0.00536	0.00404	0.00486	0.00515	0.00591	0.00379	0.00370	0.01857	0.03647	0.01104	0.11445	0.35680	0.22573	0.09577	0.00625	0.00168	0.00246	0.07854	0.00354	0.01586
39	0.00559	0.00434	0.00543	0.03850	0.02887	0.02731	0.00422	0.02068	0.00768	0.01009	0.03245	0.58637	0.04306	0.11500	0.01872	0.00186	0.00293	0.04031	0.00328	0.00331
40	0.00959	0.00818	0.03163	0.03637	0.04938	0.01902	0.01445	0.14213	0.10740	0.04108	0.02174	0.01125	0.01905	0.00404	0.00345	0.00092	0.00346	0.03078	0.00285	0.44322
41	0.00968	0.00746	0.00923	0.00795	0.09266	0.00625	0.00568	0.08593	0.00934	0.09089	0.00793	0.00879	0.00622	0.00327	0.00316	0.00074	0.00321	0.00267	0.00264	0.63628
42	0.00827	0.09292	0.00927	0.00583	0.00926	0.00619	0.00480	0.00995	0.00802	0.01228	0.00674	0.00786	0.00567	0.00292	0.00283	0.00060	0.00300	0.00227	0.00223	0.79909
43	0.00895	0.00809	0.00780	0.00663	0.00885	0.12493	0.00510	0.07328	0.13039	0.03134	0.08225	0.11142	0.09620	0.00574	0.00377	0.00104	0.00335	0.00474	0.00312	0.28301

[dist]
# distance from previous block
# <min> <max>
0	4

[block]
# block no. 6 follows, 70 sequences, length 16
# corresponding to MSA columns:
# 799-814
name=unknown_G
#
# <colnr> <probs for GDERKNQSTAVLIFYWHMCP>
#	G	D	E	R	K	N	Q	S	T	A	V	L	I	F	Y	W	H	M	C	P
0	0.01079	0.14101	0.05745	0.03797	0.05339	0.23507	0.06628	0.10811	0.02800	0.01244	0.00826	0.03686	0.00698	0.02141	0.01953	0.00123	0.03722	0.00338	0.10980	0.00483
1	0.00490	0.00381	0.00441	0.00473	0.00551	0.00345	0.00332	0.00604	0.03042	0.01063	0.09232	0.37203	0.37641	0.05687	0.00554	0.00154	0.00220	0.00901	0.00359	0.00328
2	0.01228	0.01083	0.03468	0.03851	0.21018	0.10007	0.00849	0.42114	0.01359	0.01800	0.00885	0.04617	0.00711	0.00461	0.00403	0.00117	0.02340	0.00368	0.02733	0.00588
3	0.04911	0.00593	0.00735	0.00614	0.00811	0.00560	0.02769	0.10431	0.01019	0.21001	0.14721	0.07872	0.13327	0.06792	0.04231	0.00159	0.00330	0.00540	0.00365	0.08218
4	0.00837	0.06537	0.40641	0.00893	0.01243	0.00872	0.00975	0.11350	0.03635	0.01259	0.00829	0.01094	0.00686	0.07419	0.13551	0.02737	0.04389	0.00340	0.00212	0.00502
5	0.01019	0.51956	0.01871	0.00895	0.01190	0.01294	0.16701	0.01180	0.00805	0.06055	0.00659	0.00802	0.00559	0.00460	0.03031	0.00121	0.10421	0.00289	0.00193	0.00499
6	0.00549	0.00396	0.00518	0.00488	0.00579	0.00366	0.00366	0.00732	0.01097	0.01555	0.83752	0.02896	0.03658	0.00793	0.00457	0.00122	0.00183	0.00701	0.00427	0.00366
7	0.00804	0.00689	0.00804	0.00574	0.00919	0.00517	0.00459	0.00976	0.00804	0.01263	0.00689	0.00804	0.00574	0.00287	0.00287	0.00057	0.00287	0.00230	0.00230	0.88745
8	0.00483	0.00390	0.00432	0.00445	0.00554	0.00339	0.00334	0.00594	0.00895	0.01115	0.14265	0.14299	0.57306	0.00992	0.00468	0.00136	0.00209	0.06044	0.00369	0.00333
9	0.01237	0.00775	0.00934	0.00754	0.01005	0.00784	0.02914	0.30558	0.07123	0.22807	0.02771	0.14211	0.01142	0.00586	0.00401	0.00121	0.00348	0.01849	0.02169	0.07513
10	0.00877	0.00766	0.00895	0.02755	0.09277	0.02787	0.01914	0.03835	0.48183	0.01480	0.08653	0.07373	0.05828	0.00607	0.00413	0.00131	0.00324	0.03001	0.00359	0.00541
11	0.00563	0.00428	0.00605	0.00556	0.00660	0.00396	0.04566	0.00743	0.01050	0.01469	0.68231	0.08173	0.05952	0.00814	0.00463	0.00127	0.00218	0.04212	0.00406	0.00369
12	0.01116	0.08806	0.01417	0.10421	0.29165	0.32061	0.05430	0.01290	0.00932	0.01072	0.00653	0.00841	0.00545	0.00383	0.00403	0.00111	0.04351	0.00304	0.00190	0.00510
13	0.00482	0.00344	0.00460	0.00550	0.00577	0.00323	0.00376	0.00556	0.00751	0.01000	0.02132	0.81141	0.02544	0.01206	0.00497	0.00159	0.00233	0.05992	0.00360	0.00317
14	0.02649	0.13124	0.11838	0.04187	0.09184	0.20975	0.01763	0.10380	0.03339	0.06061	0.00905	0.04773	0.02206	0.02031	0.00422	0.00120	0.03263	0.02021	0.00245	0.00513
15	0.03591	0.07374	0.03104	0.02695	0.20612	0.05463	0.04264	0.31690	0.04086	0.04014	0.00927	0.06974	0.00771	0.00472	0.00399	0.00118	0.02188	0.00389	0.00291	0.00576

[dist]
# distance from previous block
# <min> <max>
0	3

[block]
# block no. 7 follows, 70 sequences, length 46
# corresponding to MSA columns:
# 818-863
name=unknown_H
#
# <colnr> <probs for GDERKNQSTAVLIFYWHMCP>
#	G	D	E	R	K	N	Q	S	T	A	V	L	I	F	Y	W	H	M	C	P
0	0.00597	0.00421	0.00522	0.00553	0.00636	0.00398	0.00411	0.04996	0.00879	0.03751	0.07699	0.40176	0.19310	0.03132	0.00533	0.01481	0.00256	0.13531	0.00363	0.00352
1	0.00556	0.00452	0.00572	0.08158	0.03389	0.00432	0.00443	0.00738	0.03328	0.01274	0.35577	0.03022	0.36053	0.00822	0.00450	0.00128	0.00237	0.03632	0.00366	0.00370
2	0.01028	0.77275	0.01965	0.00811	0.08007	0.01468	0.00707	0.01185	0.02807	0.00959	0.00580	0.00671	0.00524	0.00338	0.00264	0.00087	0.00416	0.00225	0.00174	0.00510
3	0.00651	0.00498	0.04225	0.00545	0.00676	0.00413	0.00434	0.01922	0.01021	0.07097	0.54804	0.16037	0.04396	0.00796	0.00446	0.00125	0.00225	0.00701	0.00397	0.04591
4	0.01363	0.03740	0.01075	0.00945	0.01143	0.69950	0.00715	0.07303	0.01122	0.01071	0.02545	0.05772	0.00702	0.00459	0.00361	0.00105	0.00633	0.00316	0.00227	0.00456
5	0.00673	0.00337	0.00505	0.00505	0.00505	0.00337	0.00337	0.00505	0.00505	0.00673	0.00673	0.01178	0.00673	0.01347	0.01515	0.88721	0.00337	0.00337	0.00168	0.00168
6	0.01036	0.86609	0.02032	0.00663	0.00995	0.01534	0.00663	0.01161	0.00788	0.00912	0.00539	0.00622	0.00498	0.00332	0.00249	0.00083	0.00415	0.00207	0.00166	0.00498
7	0.00813	0.00719	0.00929	0.00664	0.01012	0.00556	0.07397	0.00999	0.00813	0.01261	0.00697	0.00824	0.00575	0.00290	0.00302	0.00064	0.00318	0.00249	0.00227	0.81289
8	0.00943	0.00814	0.00856	0.00772	0.00988	0.00938	0.00600	0.01997	0.79794	0.01598	0.01677	0.01542	0.04656	0.00545	0.00397	0.00131	0.00302	0.00454	0.00393	0.00602
9	0.00612	0.00437	0.00610	0.00699	0.00783	0.00435	0.00602	0.00781	0.00880	0.01146	0.02060	0.11282	0.02259	0.01083	0.00532	0.00177	0.00346	0.74566	0.00357	0.00353
10	0.00526	0.02647	0.04926	0.00552	0.00639	0.00394	0.00427	0.00651	0.00857	0.01159	0.23887	0.48884	0.09030	0.01014	0.00470	0.00143	0.00238	0.02846	0.00362	0.00349
11	0.03474	0.00984	0.06040	0.10140	0.60140	0.03438	0.01116	0.04210	0.04366	0.01300	0.00757	0.00961	0.00614	0.00365	0.00379	0.00117	0.00467	0.00339	0.00206	0.00585
12	0.00459	0.00391	0.00394	0.00397	0.00525	0.00327	0.00296	0.00556	0.00880	0.01046	0.03876	0.06099	0.81465	0.00989	0.00459	0.00132	0.00197	0.00826	0.00360	0.00327
13	0.00512	0.00367	0.00463	0.00492	0.00557	0.00338	0.00349	0.00632	0.00894	0.01228	0.32030	0.40590	0.13263	0.00989	0.00464	0.00137	0.00204	0.00879	0.05276	0.00338
14	0.00843	0.00758	0.00836	0.00636	0.02678	0.05203	0.00491	0.01012	0.00822	0.01246	0.00685	0.00801	0.00571	0.00295	0.00293	0.00061	0.00314	0.00233	0.00227	0.81996
15	0.00612	0.00484	0.00666	0.00634	0.00668	0.00582	0.00474	0.00697	0.00599	0.00860	0.00997	0.01716	0.01021	0.28751	0.43112	0.00460	0.16684	0.00448	0.00209	0.00326
16	0.00460	0.00393	0.00395	0.00395	0.00525	0.00328	0.00296	0.00560	0.00888	0.01058	0.05687	0.03713	0.82033	0.00978	0.00458	0.00131	0.00196	0.00816	0.00361	0.00328
17	0.01331	0.25919	0.01364	0.00903	0.01141	0.61167	0.00725	0.01438	0.01010	0.00938	0.00582	0.00677	0.00499	0.00380	0.00321	0.00095	0.00618	0.00238	0.00190	0.00463
18	0.86921	0.00758	0.00585	0.00519	0.00761	0.00878	0.00428	0.03179	0.00689	0.01757	0.00550	0.00637	0.00426	0.00363	0.00244	0.00120	0.00303	0.00213	0.00244	0.00426
19	0.00473	0.00383	0.00420	0.00433	0.00538	0.00330	0.00316	0.00576	0.00885	0.01103	0.14054	0.19063	0.58071	0.01001	0.00465	0.00135	0.00200	0.00856	0.00369	0.00330
20	0.01421	0.01796	0.01125	0.01075	0.05790	0.80164	0.00774	0.01528	0.01087	0.00966	0.00606	0.00714	0.00506	0.00397	0.00351	0.00101	0.00686	0.00255	0.00199	0.00459
21	0.01397	0.04946	0.01170	0.00860	0.01169	0.04675	0.00711	0.68791	0.01661	0.02213	0.00879	0.00897	0.00638	0.00442	0.00372	0.00109	0.00426	0.00329	0.00357	0.07959
22	0.00484	0.00393	0.00429	0.00422	0.00540	0.00338	0.00315	0.00605	0.00941	0.01188	0.26141	0.04833	0.60152	0.00933	0.00459	0.00129	0.00193	0.00790	0.00379	0.00338
23	0.01088	0.01847	0.01087	0.09718	0.21756	0.00801	0.00796	0.16127	0.02122	0.16973	0.01096	0.02466	0.00899	0.02090	0.09819	0.00184	0.01882	0.07220	0.01487	0.00543
24	0.00970	0.00868	0.01406	0.28422	0.43658	0.04147	0.05398	0.01203	0.00878	0.08177	0.00782	0.01008	0.00607	0.00371	0.00388	0.00120	0.00487	0.00351	0.00211	0.00549
25	0.00461	0.00390	0.00399	0.00403	0.00527	0.00328	0.00300	0.00560	0.00881	0.01056	0.05775	0.08282	0.77338	0.00990	0.00460	0.00132	0.00198	0.00831	0.00362	0.00328
26	0.01577	0.00921	0.01061	0.00814	0.01120	0.00957	0.00672	0.51323	0.01546	0.34176	0.01163	0.01082	0.00776	0.00471	0.00389	0.00118	0.00389	0.00365	0.00424	0.00659
27	0.00913	0.06582	0.13665	0.13520	0.27355	0.03786	0.09638	0.03054	0.01800	0.04401	0.03813	0.05117	0.01746	0.00437	0.00410	0.00121	0.02497	0.00393	0.00220	0.00531
28	0.00528	0.00365	0.00468	0.00536	0.00573	0.00351	0.00367	0.02792	0.00772	0.01058	0.01981	0.70515	0.02311	0.04497	0.01797	0.00167	0.00248	0.03037	0.07310	0.00326
29	0.01561	0.00839	0.00995	0.00773	0.01068	0.00849	0.00635	0.34309	0.07297	0.44166	0.01288	0.01175	0.00856	0.00477	0.00388	0.00119	0.00365	0.00377	0.01813	0.00652
30	0.02298	0.49971	0.09083	0.02047	0.07083	0.14961	0.01901	0.01214	0.00840	0.00997	0.01439	0.00724	0.00539	0.00372	0.00348	0.00099	0.05160	0.00249	0.00177	0.00498
31	0.01581	0.00944	0.01053	0.00814	0.01115	0.04459	0.00669	0.46282	0.01501	0.35764	0.01161	0.01080	0.00775	0.00469	0.00387	0.00117	0.00399	0.00362	0.00417	0.00651
32	0.05977	0.63639	0.05242	0.00716	0.01034	0.10500	0.00689	0.03555	0.00850	0.02704	0.00591	0.00675	0.00514	0.00385	0.01467	0.00098	0.00453	0.00226	0.00187	0.00497
33	0.00622	0.00525	0.04125	0.00591	0.00725	0.00478	0.00474	0.01910	0.03825	0.02463	0.22386	0.09964	0.05277	0.03711	0.31558	0.00310	0.00545	0.00550	0.00299	0.09661
34	0.10436	0.12051	0.10496	0.00740	0.00968	0.15539	0.00653	0.10786	0.01852	0.01270	0.02850	0.14626	0.05728	0.02094	0.02752	0.01982	0.00436	0.04027	0.00266	0.00447
35	0.00484	0.00348	0.00459	0.00531	0.00562	0.00330	0.00358	0.00558	0.00747	0.00999	0.05588	0.70724	0.05342	0.05583	0.05246	0.00192	0.00275	0.01010	0.00348	0.00315
36	0.00725	0.00567	0.00659	0.00604	0.00748	0.00596	0.00462	0.01253	0.32345	0.02932	0.49895	0.02332	0.03926	0.00689	0.00432	0.00126	0.00233	0.00598	0.00414	0.00464
37	0.00717	0.00655	0.00973	0.05282	0.29743	0.01606	0.03949	0.00938	0.04738	0.01224	0.12954	0.04933	0.26556	0.00663	0.00428	0.00126	0.00338	0.03420	0.00295	0.00460
38	0.00851	0.03215	0.54014	0.02367	0.03457	0.01894	0.21714	0.03361	0.03145	0.01262	0.00745	0.00897	0.00542	0.00364	0.00390	0.00124	0.00577	0.00335	0.00185	0.00560
39	0.00708	0.00364	0.00375	0.00372	0.00462	0.00362	0.00279	0.00889	0.00837	0.01455	0.08236	0.01568	0.01219	0.00480	0.00287	0.00093	0.00181	0.00390	0.81082	0.00362
40	0.00464	0.00392	0.00401	0.00401	0.00527	0.00329	0.00300	0.00566	0.00894	0.01076	0.08505	0.04970	0.77907	0.00975	0.00459	0.00131	0.00196	0.00816	0.00364	0.00329
41	0.00913	0.00936	0.01784	0.13213	0.42611	0.00935	0.31435	0.01182	0.00880	0.01220	0.00744	0.01001	0.00591	0.00344	0.00412	0.00123	0.00540	0.00387	0.00191	0.00556
42	0.00886	0.00916	0.01173	0.01009	0.01036	0.08218	0.02318	0.00979	0.00644	0.00938	0.00547	0.00871	0.00531	0.00754	0.05142	0.00185	0.72917	0.00337	0.00174	0.00424
43	0.00479	0.00340	0.00448	0.00531	0.00552	0.00319	0.00351	0.00542	0.00729	0.00972	0.02069	0.79940	0.02479	0.07514	0.00604	0.00174	0.00236	0.01062	0.00351	0.00309
44	0.00527	0.00399	0.00495	0.00530	0.00622	0.00367	0.00415	0.00661	0.00907	0.01178	0.20141	0.18006	0.29430	0.01007	0.00486	0.00147	0.00244	0.23722	0.00373	0.00342
45	0.00638	0.00540	0.00785	0.00737	0.00786	0.00687	0.00589	0.00761	0.00615	0.00909	0.00886	0.01329	0.00837	0.02267	0.60815	0.00493	0.25367	0.00393	0.00197	0.00369

[dist]
# distance from previous block
# <min> <max>
0	1

[block]
# block no. 8 follows, 70 sequences, length 28
# corresponding to MSA columns:
# 865-892
name=unknown_I
#
# <colnr> <probs for GDERKNQSTAVLIFYWHMCP>
#	G	D	E	R	K	N	Q	S	T	A	V	L	I	F	Y	W	H	M	C	P
0	0.00554	0.00414	0.00616	0.00616	0.00683	0.00481	0.00476	0.00688	0.00621	0.00895	0.01045	0.01560	0.00985	0.05926	0.81842	0.00614	0.01014	0.00421	0.00209	0.00342
1	0.03648	0.12165	0.01542	0.13220	0.27145	0.17794	0.13248	0.03110	0.00913	0.01150	0.00676	0.00875	0.00552	0.00367	0.00383	0.00113	0.02065	0.00321	0.00194	0.00519
