[name]
unknown

[dist]
# distance from previous block
# <min> <max>
0	146

[block]
# block no. 0 follows, 68 sequences, length 10
# corresponding to MSA columns:
# 152-161
name=unknown_A
#
# <colnr> <probs for GDERKNQSTAVLIFYWHMCP>
#	G	D	E	R	K	N	Q	S	T	A	V	L	I	F	Y	W	H	M	C	P
0	0.01046	0.00866	0.01019	0.05280	0.03806	0.05054	0.03805	0.20115	0.20623	0.05410	0.05218	0.08303	0.04863	0.02683	0.00555	0.00140	0.09853	0.00486	0.00337	0.00538
1	0.00906	0.00776	0.01113	0.27344	0.20595	0.00851	0.00875	0.17149	0.04866	0.01409	0.01284	0.11729	0.08281	0.00567	0.00416	0.00130	0.00421	0.00497	0.00276	0.00515
2	0.00986	0.00851	0.00962	0.06850	0.08795	0.11099	0.00694	0.03900	0.18228	0.08317	0.03770	0.03906	0.01007	0.05128	0.13086	0.00216	0.08107	0.00418	0.00288	0.03391
3	0.01038	0.00889	0.01202	0.11495	0.17397	0.01000	0.02695	0.24383	0.08189	0.01558	0.01003	0.01155	0.04515	0.00589	0.03721	0.00148	0.13703	0.00384	0.00276	0.04660
4	0.03942	0.04573	0.01170	0.10989	0.17725	0.03905	0.00831	0.03739	0.07417	0.14152	0.06711	0.01253	0.00941	0.00522	0.00582	0.00134	0.18203	0.02400	0.00279	0.00532
5	0.04973	0.00628	0.00839	0.04053	0.12944	0.00661	0.00616	0.14451	0.00952	0.05839	0.01354	0.28129	0.01381	0.05229	0.15850	0.00240	0.00479	0.00620	0.00307	0.00456
6	0.03195	0.02147	0.03256	0.03672	0.15224	0.04065	0.06453	0.02610	0.02266	0.04786	0.07394	0.01078	0.00856	0.00436	0.00500	0.00109	0.12973	0.00345	0.00244	0.28391
7	0.00881	0.11756	0.03558	0.00728	0.04898	0.03033	0.00570	0.12016	0.11531	0.04680	0.08875	0.06313	0.26654	0.00682	0.00409	0.00123	0.00322	0.00562	0.00340	0.02067
8	0.00545	0.00491	0.00470	0.00482	0.00594	0.06059	0.00351	0.00643	0.00897	0.01077	0.07248	0.21627	0.56103	0.01007	0.00469	0.00137	0.00242	0.00855	0.00360	0.00342
9	0.01373	0.01709	0.01055	0.00961	0.01162	0.72515	0.00723	0.01546	0.06846	0.01026	0.00930	0.00993	0.06570	0.00461	0.00369	0.00107	0.00650	0.00311	0.00230	0.00462

[dist]
# distance from previous block
# <min> <max>
5	12

[block]
# block no. 1 follows, 68 sequences, length 40
# corresponding to MSA columns:
# 174-213
name=unknown_B
#
# <colnr> <probs for GDERKNQSTAVLIFYWHMCP>
#	G	D	E	R	K	N	Q	S	T	A	V	L	I	F	Y	W	H	M	C	P
0	0.01223	0.01002	0.01315	0.04701	0.33911	0.05873	0.02330	0.31020	0.01274	0.07411	0.00946	0.05486	0.00764	0.00460	0.00400	0.00121	0.00456	0.00395	0.00299	0.00613
1	0.00887	0.02344	0.11087	0.01960	0.03768	0.02255	0.02875	0.10233	0.25069	0.02522	0.25039	0.04341	0.01764	0.00590	0.00415	0.00126	0.00344	0.00504	0.03349	0.00526
2	0.00901	0.02476	0.23117	0.03131	0.08023	0.02833	0.20899	0.04177	0.17977	0.01376	0.04472	0.02887	0.02237	0.00470	0.00418	0.00130	0.00498	0.03159	0.00261	0.00556
3	0.03776	0.00760	0.02017	0.02352	0.14515	0.00629	0.01775	0.02300	0.00851	0.02320	0.00810	0.03171	0.01848	0.00350	0.00325	0.00079	0.00336	0.00296	0.00238	0.61252
4	0.00497	0.00357	0.00475	0.00565	0.00597	0.00335	0.00392	0.00577	0.00777	0.01030	0.02218	0.76428	0.04396	0.01223	0.00509	0.00162	0.00242	0.08525	0.00368	0.00326
5	0.01128	0.65000	0.01878	0.00871	0.07485	0.13057	0.00735	0.04003	0.00894	0.01020	0.00589	0.00685	0.00524	0.00355	0.00284	0.00091	0.00469	0.00234	0.00184	0.00517
6	0.00501	0.00400	0.00445	0.00439	0.00552	0.00348	0.00325	0.00623	0.00955	0.01219	0.28198	0.07353	0.53016	0.03236	0.00512	0.00139	0.00203	0.00807	0.00386	0.00344
7	0.00575	0.00391	0.00466	0.00466	0.00478	0.00403	0.00282	0.00598	0.00587	0.00794	0.01218	0.02423	0.01367	0.72335	0.15647	0.00426	0.00496	0.00552	0.00236	0.00259
8	0.00661	0.00443	0.00522	0.00493	0.00601	0.00439	0.00373	0.00949	0.09918	0.01564	0.49845	0.02355	0.02648	0.00676	0.00403	0.00116	0.00200	0.00583	0.26810	0.00400
9	0.00663	0.00353	0.00497	0.00497	0.00497	0.00353	0.00321	0.00530	0.00530	0.00707	0.00817	0.01522	0.00860	0.20691	0.01656	0.68377	0.00353	0.00397	0.00188	0.00188
10	0.88866	0.00767	0.00583	0.00521	0.00767	0.00889	0.00429	0.01166	0.00675	0.01779	0.00552	0.00644	0.00429	0.00368	0.00245	0.00123	0.00307	0.00215	0.00245	0.00429
11	0.01097	0.00907	0.00959	0.00829	0.01073	0.01038	0.00654	0.19140	0.65663	0.01837	0.01473	0.01367	0.01096	0.00525	0.00402	0.00131	0.00340	0.00429	0.00402	0.00638
12	0.88866	0.00767	0.00583	0.00521	0.00767	0.00889	0.00429	0.01166	0.00675	0.01779	0.00552	0.00644	0.00429	0.00368	0.00245	0.00123	0.00307	0.00215	0.00245	0.00429
13	0.01470	0.01088	0.01170	0.00894	0.01214	0.01191	0.00738	0.77819	0.01807	0.02433	0.00938	0.00945	0.00670	0.00466	0.00391	0.00116	0.00428	0.00350	0.00388	0.05484
14	0.00639	0.00456	0.00639	0.00730	0.00821	0.00456	0.00639	0.00821	0.00913	0.01187	0.02099	0.04472	0.02282	0.01095	0.00548	0.00183	0.00365	0.80924	0.00365	0.00365
15	0.00812	0.00421	0.00432	0.00410	0.00522	0.00426	0.00313	0.05718	0.00900	0.03757	0.01281	0.01444	0.00995	0.00464	0.00287	0.00095	0.00204	0.00370	0.80753	0.00396
16	0.00795	0.02051	0.84011	0.01130	0.01716	0.00921	0.01465	0.01256	0.00837	0.01256	0.00712	0.00837	0.00502	0.00377	0.00377	0.00126	0.00586	0.00293	0.00167	0.00586
17	0.00483	0.00345	0.00460	0.00552	0.00575	0.00322	0.00368	0.00552	0.00759	0.01012	0.02185	0.85807	0.02622	0.01242	0.00506	0.00161	0.00230	0.01127	0.00368	0.00322
18	0.88866	0.00767	0.00583	0.00521	0.00767	0.00889	0.00429	0.01166	0.00675	0.01779	0.00552	0.00644	0.00429	0.00368	0.00245	0.00123	0.00307	0.00215	0.00245	0.00429
19	0.00492	0.00352	0.00473	0.00556	0.00582	0.00337	0.00375	0.00565	0.00745	0.00999	0.02076	0.77347	0.02468	0.03313	0.07081	0.00203	0.00298	0.01060	0.00353	0.00323
20	0.88866	0.00767	0.00583	0.00521	0.00767	0.00889	0.00429	0.01166	0.00675	0.01779	0.00552	0.00644	0.00429	0.00368	0.00245	0.00123	0.00307	0.00215	0.00245	0.00429
21	0.00826	0.00710	0.00840	0.00629	0.02796	0.00538	0.00487	0.01003	0.00824	0.01292	0.00706	0.00826	0.00588	0.00295	0.00296	0.00060	0.00298	0.00238	0.00234	0.86517
22	0.01015	0.15645	0.05446	0.02601	0.00973	0.00797	0.01869	0.15134	0.01031	0.15580	0.01446	0.33910	0.01441	0.00743	0.00415	0.00131	0.00351	0.00636	0.00342	0.00497
23	0.01734	0.00719	0.00952	0.00732	0.01033	0.00657	0.00605	0.09380	0.01191	0.74487	0.01484	0.01302	0.00943	0.00494	0.00418	0.00123	0.02207	0.00394	0.00475	0.00669
24	0.01058	0.01004	0.01532	0.03744	0.69170	0.05260	0.01143	0.09777	0.01013	0.01400	0.00760	0.00966	0.00625	0.00370	0.00391	0.00117	0.00481	0.00349	0.00217	0.00621
25	0.01298	0.01506	0.01040	0.00942	0.01154	0.53590	0.00715	0.01777	0.31366	0.01225	0.00983	0.00998	0.00770	0.00456	0.00375	0.00114	0.00567	0.00327	0.00278	0.00522
26	0.00981	0.00942	0.01609	0.02434	0.83592	0.00942	0.01217	0.01217	0.00903	0.01295	0.00746	0.00981	0.00628	0.00353	0.00393	0.00118	0.00471	0.00353	0.00196	0.00628
27	0.00795	0.02051	0.84011	0.01130	0.01716	0.00921	0.01465	0.01256	0.00837	0.01256	0.00712	0.00837	0.00502	0.00377	0.00377	0.00126	0.00586	0.00293	0.00167	0.00586
28	0.00554	0.00405	0.00520	0.00491	0.00588	0.00371	0.00368	0.00734	0.01105	0.01550	0.77202	0.03028	0.09947	0.00826	0.00468	0.00125	0.00188	0.00726	0.00431	0.00371
29	0.00981	0.00942	0.01609	0.02434	0.83592	0.00942	0.01217	0.01217	0.00903	0.01295	0.00746	0.00981	0.00628	0.00353	0.00393	0.00118	0.00471	0.00353	0.00196	0.00628
30	0.00749	0.00705	0.01189	0.85113	0.02731	0.00881	0.01101	0.01013	0.00793	0.01013	0.00705	0.01057	0.00529	0.00396	0.00396	0.00132	0.00529	0.00352	0.00176	0.00440
31	0.00822	0.00705	0.00822	0.00587	0.00940	0.00529	0.00470	0.00998	0.00822	0.01292	0.00705	0.00822	0.00587	0.00294	0.00294	0.00059	0.00294	0.00235	0.00235	0.88490
32	0.00749	0.00705	0.01189	0.85113	0.02731	0.00881	0.01101	0.01013	0.00793	0.01013	0.00705	0.01057	0.00529	0.00396	0.00396	0.00132	0.00529	0.00352	0.00176	0.00440
33	0.00527	0.00358	0.00474	0.00552	0.00589	0.00331	0.00373	0.00600	0.00777	0.03833	0.02230	0.79986	0.05471	0.01208	0.00501	0.00159	0.00233	0.01092	0.00372	0.00335
34	0.01481	0.01890	0.01124	0.01021	0.01226	0.84474	0.00766	0.01583	0.01124	0.00970	0.00613	0.00715	0.00511	0.00409	0.00358	0.00102	0.00715	0.00255	0.00204	0.00460
35	0.00874	0.00708	0.00831	0.00622	0.00949	0.00568	0.00504	0.05154	0.02383	0.03829	0.00868	0.01141	0.00747	0.00376	0.00324	0.00075	0.00308	0.06534	0.00264	0.72941
36	0.00558	0.00391	0.00504	0.00520	0.00547	0.00411	0.00346	0.00616	0.00627	0.00859	0.01344	0.16117	0.01490	0.44568	0.28929	0.00430	0.00582	0.00618	0.00252	0.00291
37	0.00490	0.00350	0.00467	0.00555	0.00582	0.00327	0.00375	0.00566	0.00776	0.01037	0.05102	0.80837	0.02654	0.01223	0.00506	0.00160	0.00232	0.03067	0.00370	0.00325
38	0.05118	0.00863	0.03780	0.01030	0.12300	0.00805	0.08411	0.06305	0.20240	0.02591	0.02113	0.02161	0.00845	0.00419	0.00368	0.00106	0.00377	0.02117	0.00285	0.29765
39	0.02206	0.09892	0.11058	0.15831	0.23710	0.00914	0.01915	0.07561	0.00947	0.03101	0.05179	0.01331	0.07667	0.00470	0.00404	0.00120	0.02161	0.01772	0.00240	0.03522

[dist]
# distance from previous block
# <min> <max>
1	7

[block]
# block no. 2 follows, 68 sequences, length 38
# corresponding to MSA columns:
# 221-258
name=unknown_C
#
# <colnr> <probs for GDERKNQSTAVLIFYWHMCP>
#	G	D	E	R	K	N	Q	S	T	A	V	L	I	F	Y	W	H	M	C	P
0	0.31198	0.00907	0.05449	0.04859	0.38562	0.00908	0.00879	0.04600	0.00836	0.01467	0.00707	0.00941	0.00591	0.04773	0.00438	0.00135	0.01686	0.00314	0.00221	0.00529
1	0.00473	0.00402	0.00408	0.00407	0.00539	0.00337	0.00305	0.00578	0.00915	0.01098	0.08146	0.03771	0.79285	0.00994	0.00469	0.00133	0.00200	0.00831	0.00372	0.00337
2	0.00646	0.00481	0.00587	0.00537	0.00658	0.00467	0.00409	0.06950	0.05357	0.01617	0.66005	0.02809	0.10371	0.00788	0.00459	0.00126	0.00214	0.00687	0.00426	0.00406
3	0.03608	0.41829	0.01598	0.00790	0.01116	0.01383	0.00709	0.41358	0.01327	0.01731	0.00750	0.00793	0.00589	0.00408	0.00325	0.00103	0.00427	0.00284	0.00284	0.00589
4	0.00545	0.00389	0.00428	0.00430	0.00468	0.00372	0.00264	0.00577	0.00670	0.00858	0.02013	0.04443	0.23683	0.59905	0.03092	0.00317	0.00344	0.00654	0.00277	0.00269
5	0.01630	0.00674	0.00886	0.00693	0.00977	0.00609	0.00568	0.05000	0.05088	0.69343	0.04645	0.01408	0.01087	0.00503	0.00395	0.00122	0.00327	0.00410	0.04988	0.00645
6	0.00826	0.00460	0.00604	0.00536	0.00674	0.00418	0.00413	0.01006	0.01110	0.18887	0.61962	0.02547	0.03021	0.00725	0.00443	0.00123	0.00219	0.00632	0.04958	0.00437
7	0.88866	0.00767	0.00583	0.00521	0.00767	0.00889	0.00429	0.01166	0.00675	0.01779	0.00552	0.00644	0.00429	0.00368	0.00245	0.00123	0.00307	0.00215	0.00245	0.00429
8	0.88866	0.00767	0.00583	0.00521	0.00767	0.00889	0.00429	0.01166	0.00675	0.01779	0.00552	0.00644	0.00429	0.00368	0.00245	0.00123	0.00307	0.00215	0.00245	0.00429
9	0.00748	0.00477	0.00666	0.00728	0.00840	0.00468	0.00634	0.00928	0.00934	0.09083	0.02048	0.04174	0.02158	0.01038	0.00533	0.00177	0.00362	0.73233	0.00377	0.00395
10	0.00867	0.00867	0.01214	0.01041	0.01041	0.01214	0.00867	0.00954	0.00607	0.00954	0.00520	0.00867	0.00520	0.00694	0.01301	0.00173	0.85340	0.00347	0.00173	0.00434
11	0.00919	0.00742	0.00810	0.00719	0.00913	0.00826	0.00560	0.10049	0.49632	0.01721	0.23108	0.01815	0.01815	0.00600	0.00415	0.00129	0.00288	0.00507	0.03878	0.00555
12	0.00484	0.00354	0.00455	0.00532	0.00571	0.00325	0.00360	0.00561	0.00789	0.01039	0.05169	0.73102	0.12404	0.01199	0.00500	0.00157	0.00225	0.01078	0.00370	0.00325
13	0.01723	0.00672	0.00904	0.00699	0.00997	0.00590	0.00576	0.01910	0.03868	0.78795	0.01558	0.01357	0.00990	0.00492	0.00395	0.00122	0.00332	0.00400	0.02954	0.00665
14	0.00490	0.00352	0.00461	0.00539	0.00571	0.00328	0.00362	0.00566	0.00784	0.01045	0.07402	0.74851	0.06095	0.03452	0.00542	0.00163	0.00230	0.01074	0.00369	0.00324
15	0.05037	0.71628	0.01876	0.00693	0.01018	0.01477	0.00667	0.05419	0.07044	0.01106	0.00652	0.00716	0.00567	0.00363	0.00273	0.00092	0.00411	0.00237	0.00202	0.00523
16	0.09480	0.02855	0.04281	0.01256	0.19523	0.01915	0.08750	0.22160	0.01106	0.09168	0.00868	0.01014	0.00669	0.00668	0.08337	0.00173	0.06572	0.00356	0.00279	0.00571
17	0.01100	0.34258	0.08801	0.03968	0.17648	0.16972	0.00877	0.02637	0.02961	0.03423	0.00735	0.02142	0.00631	0.00399	0.00336	0.00106	0.00497	0.01769	0.00207	0.00533
18	0.16715	0.01599	0.01027	0.00919	0.01139	0.60873	0.00704	0.08900	0.01110	0.01255	0.00658	0.00786	0.00541	0.00419	0.00345	0.00109	0.00612	0.01584	0.00232	0.00473
19	0.05021	0.02682	0.07586	0.16297	0.06716	0.27938	0.13435	0.07255	0.02047	0.03158	0.01994	0.00932	0.00612	0.00407	0.00404	0.00120	0.02330	0.00334	0.00223	0.00508
20	0.00516	0.00396	0.00473	0.00470	0.00569	0.00353	0.00346	0.00655	0.00993	0.01320	0.42988	0.14259	0.33349	0.00940	0.00473	0.00133	0.00198	0.00816	0.00402	0.00353
21	0.00664	0.00355	0.00529	0.00533	0.00543	0.00363	0.00365	0.00542	0.00542	0.00732	0.00800	0.04844	0.00809	0.01574	0.12020	0.73579	0.00430	0.00388	0.00186	0.00202
22	0.01463	0.01088	0.01165	0.00903	0.01213	0.01209	0.00743	0.75426	0.08781	0.02427	0.01008	0.00997	0.00720	0.00481	0.00397	0.00120	0.00426	0.00365	0.00397	0.00670
23	0.00689	0.00344	0.00517	0.00517	0.00517	0.00344	0.00344	0.00517	0.00517	0.00689	0.00689	0.01205	0.00689	0.01377	0.01550	0.88464	0.00344	0.00344	0.00172	0.00172
24	0.88866	0.00767	0.00583	0.00521	0.00767	0.00889	0.00429	0.01166	0.00675	0.01779	0.00552	0.00644	0.00429	0.00368	0.00245	0.00123	0.00307	0.00215	0.00245	0.00429
25	0.22537	0.00768	0.00704	0.00638	0.00835	0.05187	0.00499	0.04186	0.34350	0.01633	0.01195	0.01217	0.00914	0.00468	0.00329	0.00118	0.00304	0.00357	0.23258	0.00504
26	0.01481	0.01890	0.01124	0.01021	0.01226	0.84474	0.00766	0.01583	0.01124	0.00970	0.00613	0.00715	0.00511	0.00409	0.00358	0.00102	0.00715	0.00255	0.00204	0.00460
27	0.01060	0.86304	0.02078	0.00678	0.01018	0.01569	0.00678	0.01187	0.00806	0.00933	0.00551	0.00636	0.00509	0.00339	0.00254	0.00085	0.00424	0.00212	0.00170	0.00509
28	0.01140	0.00850	0.00970	0.00800	0.01016	0.00939	0.00656	0.47852	0.01475	0.02010	0.18113	0.01741	0.01474	0.00688	0.02689	0.00143	0.06382	0.08517	0.01994	0.00550
29	0.70256	0.00757	0.00674	0.00664	0.06468	0.00852	0.00488	0.03211	0.00746	0.05927	0.00676	0.00804	0.00531	0.03208	0.00327	0.00130	0.00321	0.00254	0.03253	0.00453
30	0.01157	0.00537	0.00721	0.00600	0.00798	0.00476	0.00476	0.01327	0.01128	0.41824	0.43373	0.02173	0.02392	0.00654	0.00434	0.00124	0.00261	0.00561	0.00463	0.00521
31	0.00483	0.00345	0.00460	0.00552	0.00575	0.00322	0.00368	0.00552	0.00759	0.01012	0.02185	0.85807	0.02622	0.01242	0.00506	0.00161	0.00230	0.01127	0.00368	0.00322
32	0.88866	0.00767	0.00583	0.00521	0.00767	0.00889	0.00429	0.01166	0.00675	0.01779	0.00552	0.00644	0.00429	0.00368	0.00245	0.00123	0.00307	0.00215	0.00245	0.00429
33	0.00749	0.00705	0.01189	0.85113	0.02731	0.00881	0.01101	0.01013	0.00793	0.01013	0.00705	0.01057	0.00529	0.00396	0.00396	0.00132	0.00529	0.00352	0.00176	0.00440
34	0.01084	0.77448	0.04521	0.00714	0.01055	0.05060	0.00709	0.03763	0.00853	0.00994	0.00571	0.00656	0.00514	0.00348	0.00267	0.00088	0.00442	0.00221	0.00178	0.00514
35	0.00986	0.00852	0.00897	0.00807	0.01031	0.00986	0.00628	0.02107	0.82876	0.01659	0.01614	0.01479	0.01210	0.00538	0.00403	0.00134	0.00314	0.00448	0.00403	0.00628
36	0.01393	0.01019	0.01094	0.00861	0.01149	0.02279	0.00703	0.62296	0.10526	0.06386	0.07266	0.01177	0.00977	0.00508	0.00402	0.00121	0.00403	0.00395	0.00402	0.00644
37	0.42781	0.02270	0.01005	0.02267	0.13967	0.05111	0.06268	0.02322	0.11199	0.03556	0.00789	0.01989	0.00627	0.00416	0.00364	0.00125	0.03870	0.00311	0.00257	0.00504

[dist]
# distance from previous block
# <min> <max>
1	3

[block]
# block no. 3 follows, 68 sequences, length 8
# corresponding to MSA columns:
# 262-269
name=unknown_D
#
# <colnr> <probs for GDERKNQSTAVLIFYWHMCP>
#	G	D	E	R	K	N	Q	S	T	A	V	L	I	F	Y	W	H	M	C	P
0	0.04524	0.01529	0.53963	0.01041	0.05233	0.00799	0.05213	0.01118	0.00877	0.01297	0.10206	0.01414	0.10125	0.00491	0.00397	0.00126	0.00486	0.00409	0.00226	0.00527
1	0.01005	0.00926	0.01289	0.01142	0.09872	0.11214	0.21470	0.11179	0.02921	0.05881	0.21897	0.05204	0.01552	0.00550	0.00435	0.00126	0.00453	0.02061	0.00315	0.00509
2	0.00498	0.00356	0.00477	0.00569	0.00599	0.00335	0.00394	0.00578	0.00774	0.01029	0.02177	0.77947	0.02589	0.01228	0.00510	0.00163	0.00243	0.08839	0.00368	0.00326
3	0.00935	0.00895	0.01525	0.18994	0.67396	0.00930	0.01194	0.01176	0.00881	0.01239	0.00738	0.00996	0.00608	0.00362	0.00393	0.00121	0.00483	0.00353	0.00192	0.00590
4	0.01113	0.60483	0.11527	0.00775	0.01139	0.01429	0.00785	0.16360	0.01007	0.01264	0.00645	0.00719	0.00539	0.00369	0.00295	0.00096	0.00445	0.00249	0.00212	0.00549
5	0.00778	0.00474	0.00630	0.00652	0.00781	0.00446	0.00548	0.00938	0.00950	0.14150	0.06662	0.07883	0.15192	0.00978	0.00505	0.00161	0.00318	0.47158	0.00389	0.00407
6	0.01083	0.73005	0.04937	0.00804	0.05611	0.04356	0.00737	0.01228	0.00833	0.03503	0.00601	0.00687	0.00530	0.00348	0.00274	0.00090	0.00440	0.00230	0.00182	0.00522
7	0.06053	0.17172	0.12311	0.00844	0.03860	0.00916	0.02423	0.09827	0.01059	0.37917	0.01086	0.01054	0.00747	0.00491	0.02403	0.00128	0.00424	0.00336	0.00341	0.00606

[dist]
# distance from previous block
# <min> <max>
2	9

[block]
# block no. 4 follows, 68 sequences, length 18
# corresponding to MSA columns:
# 279-296
name=unknown_E
#
# <colnr> <probs for GDERKNQSTAVLIFYWHMCP>
#	G	D	E	R	K	N	Q	S	T	A	V	L	I	F	Y	W	H	M	C	P
0	0.03687	0.77322	0.08260	0.00708	0.01063	0.01499	0.00731	0.01192	0.00804	0.00983	0.00563	0.00652	0.00506	0.00343	0.00263	0.00089	0.00433	0.00218	0.00172	0.00512
1	0.01060	0.86304	0.02078	0.00678	0.01018	0.01569	0.00678	0.01187	0.00806	0.00933	0.00551	0.00636	0.00509	0.00339	0.00254	0.00085	0.00424	0.00212	0.00170	0.00509
2	0.00875	0.27317	0.59441	0.00995	0.01507	0.01115	0.01229	0.01235	0.00828	0.01159	0.00663	0.00777	0.00504	0.00365	0.00340	0.00113	0.00537	0.00269	0.00168	0.00563
3	0.01060	0.86304	0.02078	0.00678	0.01018	0.01569	0.00678	0.01187	0.00806	0.00933	0.00551	0.00636	0.00509	0.00339	0.00254	0.00085	0.00424	0.00212	0.00170	0.00509
4	0.88866	0.00767	0.00583	0.00521	0.00767	0.00889	0.00429	0.01166	0.00675	0.01779	0.00552	0.00644	0.00429	0.00368	0.00245	0.00123	0.00307	0.00215	0.00245	0.00429
5	0.01063	0.80457	0.05147	0.00706	0.01051	0.04157	0.00711	0.01202	0.00817	0.00946	0.00559	0.00646	0.00509	0.00343	0.00262	0.00087	0.00439	0.00216	0.00171	0.00510
6	0.00483	0.00345	0.00460	0.00552	0.00575	0.00322	0.00368	0.00552	0.00759	0.01012	0.02185	0.85807	0.02622	0.01242	0.00506	0.00161	0.00230	0.01127	0.00368	0.00322
7	0.01481	0.01890	0.01124	0.01021	0.01226	0.84474	0.00766	0.01583	0.01124	0.00970	0.00613	0.00715	0.00511	0.00409	0.00358	0.00102	0.00715	0.00255	0.00204	0.00460
8	0.00884	0.19822	0.50978	0.00939	0.01420	0.00997	0.01117	0.02779	0.00862	0.03023	0.02864	0.00861	0.00612	0.00375	0.00344	0.00109	0.00498	0.00283	0.00194	0.11040
9	0.00949	0.00633	0.05463	0.00792	0.04800	0.00529	0.05731	0.03359	0.00936	0.24481	0.04756	0.40217	0.03991	0.00838	0.00455	0.00141	0.00323	0.00752	0.00376	0.00476
10	0.00795	0.02051	0.84011	0.01130	0.01716	0.00921	0.01465	0.01256	0.00837	0.01256	0.00712	0.00837	0.00502	0.00377	0.00377	0.00126	0.00586	0.00293	0.00167	0.00586
11	0.01528	0.01078	0.01170	0.00897	0.01213	0.01181	0.00741	0.76254	0.01810	0.08592	0.00998	0.00982	0.00697	0.00477	0.00397	0.00119	0.00429	0.00360	0.00404	0.00674
12	0.00962	0.00830	0.00873	0.00788	0.01008	0.00955	0.00612	0.02034	0.79000	0.01631	0.01727	0.01590	0.05098	0.00560	0.00407	0.00134	0.00308	0.00467	0.00402	0.00614
13	0.00822	0.00705	0.00822	0.00587	0.00940	0.00529	0.00470	0.00998	0.00822	0.01292	0.00705	0.00822	0.00587	0.00294	0.00294	0.00059	0.00294	0.00235	0.00235	0.88490
14	0.30879	0.00738	0.00774	0.00676	0.00910	0.00800	0.00550	0.03843	0.21415	0.21654	0.01281	0.01440	0.02503	0.00569	0.01868	0.00141	0.01843	0.07219	0.00360	0.00537
15	0.00755	0.00664	0.01064	0.01466	0.39658	0.00648	0.02283	0.00928	0.00869	0.01208	0.06884	0.26296	0.02914	0.02368	0.00476	0.00141	0.00365	0.07947	0.00283	0.02784
16	0.00525	0.00392	0.00487	0.00489	0.00576	0.00355	0.00357	0.00668	0.00998	0.01355	0.48939	0.20790	0.20725	0.00944	0.00476	0.00134	0.00199	0.00830	0.00407	0.00355
17	0.02513	0.11793	0.34521	0.00880	0.01312	0.00854	0.05395	0.01163	0.03132	0.01252	0.02071	0.02237	0.00642	0.00367	0.00340	0.00099	0.00446	0.00296	0.00208	0.30480

[dist]
# distance from previous block
# <min> <max>
5	13

[block]
# block no. 5 follows, 68 sequences, length 38
# corresponding to MSA columns:
# 311-348
name=unknown_F
#
# <colnr> <probs for GDERKNQSTAVLIFYWHMCP>
#	G	D	E	R	K	N	Q	S	T	A	V	L	I	F	Y	W	H	M	C	P
0	0.00990	0.00996	0.04140	0.04067	0.54677	0.04418	0.06501	0.04867	0.06819	0.01353	0.04218	0.01086	0.00784	0.00404	0.00426	0.00122	0.02932	0.00377	0.00228	0.00595
1	0.00523	0.00400	0.00451	0.00439	0.00545	0.00355	0.00322	0.00650	0.00954	0.01254	0.33159	0.03301	0.43542	0.08164	0.00593	0.00150	0.00211	0.00751	0.03893	0.00343
2	0.00691	0.00489	0.00605	0.01911	0.00705	0.00446	0.00425	0.02148	0.01146	0.04598	0.65931	0.03038	0.14536	0.00859	0.00495	0.00140	0.00232	0.00731	0.00448	0.00426
3	0.00929	0.01051	0.02272	0.05253	0.04115	0.00996	0.76691	0.01258	0.00929	0.01260	0.00797	0.01067	0.00599	0.00337	0.00463	0.00133	0.00658	0.00460	0.00199	0.00533
4	0.00527	0.00374	0.00477	0.00523	0.00583	0.00341	0.00365	0.00628	0.00867	0.03008	0.20046	0.54337	0.14260	0.01098	0.00490	0.00148	0.00219	0.00981	0.00386	0.00343
5	0.06684	0.00632	0.00810	0.00653	0.00910	0.00574	0.00529	0.01655	0.04666	0.59479	0.07662	0.04964	0.05306	0.00564	0.00399	0.00125	0.00308	0.00464	0.03019	0.00596
6	0.01779	0.00675	0.00920	0.00705	0.01012	0.00583	0.00583	0.01932	0.01135	0.83867	0.01564	0.01350	0.00981	0.00491	0.00399	0.00123	0.00337	0.00399	0.00491	0.00675
7	0.01050	0.00864	0.00919	0.00810	0.01042	0.00988	0.00634	0.10799	0.70207	0.03697	0.01554	0.03363	0.01179	0.00546	0.00405	0.00133	0.00326	0.00453	0.00404	0.00627
8	0.01060	0.86304	0.02078	0.00678	0.01018	0.01569	0.00678	0.01187	0.00806	0.00933	0.00551	0.00636	0.00509	0.00339	0.00254	0.00085	0.00424	0.00212	0.00170	0.00509
9	0.01481	0.01890	0.01124	0.01021	0.01226	0.84474	0.00766	0.01583	0.01124	0.00970	0.00613	0.00715	0.00511	0.00409	0.00358	0.00102	0.00715	0.00255	0.00204	0.00460
10	0.00505	0.00360	0.00482	0.00569	0.00601	0.00340	0.00397	0.00588	0.00779	0.01037	0.03521	0.72862	0.02573	0.03242	0.00546	0.00168	0.00249	0.10490	0.00366	0.00326
11	0.05172	0.01087	0.01154	0.00892	0.01203	0.01206	0.00735	0.75922	0.04774	0.02438	0.00959	0.00958	0.00684	0.00474	0.00391	0.00120	0.00426	0.00354	0.00391	0.00662
12	0.05522	0.00549	0.00670	0.00562	0.00768	0.00507	0.00448	0.02734	0.01003	0.40596	0.06113	0.05080	0.06461	0.00557	0.00368	0.00116	0.00270	0.00456	0.26700	0.00519
13	0.01033	0.00508	0.00663	0.00564	0.00744	0.00451	0.00444	0.01199	0.01095	0.33415	0.40974	0.02343	0.09506	0.00688	0.00432	0.00123	0.00246	0.00588	0.04497	0.00487
14	0.00483	0.00345	0.00460	0.00552	0.00575	0.00322	0.00368	0.00552	0.00759	0.01012	0.02185	0.85807	0.02622	0.01242	0.00506	0.00161	0.00230	0.01127	0.00368	0.00322
15	0.00598	0.00442	0.00551	0.00577	0.00632	0.00465	0.00403	0.00805	0.11496	0.01021	0.01640	0.32459	0.01794	0.24781	0.16490	0.00308	0.00444	0.04436	0.00309	0.00348
16	0.01110	0.22917	0.33006	0.00928	0.01349	0.01173	0.00997	0.26051	0.04147	0.03563	0.00798	0.00857	0.00594	0.00406	0.00353	0.00114	0.00483	0.00300	0.00254	0.00597
17	0.01387	0.08144	0.04601	0.00962	0.01208	0.56595	0.00770	0.10094	0.08342	0.03174	0.00758	0.00821	0.00600	0.00422	0.00360	0.00107	0.00614	0.00285	0.00245	0.00511
18	0.86426	0.00776	0.00600	0.00532	0.00780	0.00899	0.00438	0.03431	0.00708	0.01799	0.00563	0.00653	0.00436	0.00371	0.00250	0.00123	0.00310	0.00219	0.00250	0.00436
19	0.00987	0.44045	0.28265	0.04364	0.01364	0.01243	0.04624	0.02535	0.04074	0.04138	0.00705	0.00802	0.00559	0.00369	0.00323	0.00106	0.00484	0.00274	0.00195	0.00545
20	0.00546	0.00402	0.00511	0.00489	0.00585	0.00367	0.00365	0.00718	0.01080	0.01501	0.70097	0.06489	0.13670	0.00853	0.00469	0.00127	0.00191	0.00749	0.00425	0.00367
21	0.00585	0.00412	0.00615	0.00615	0.00673	0.00471	0.00467	0.00676	0.00618	0.00882	0.01011	0.01529	0.00957	0.04652	0.70232	0.13719	0.00939	0.00416	0.00207	0.00324
22	0.01627	0.00700	0.00905	0.00715	0.01003	0.00647	0.00584	0.03156	0.13395	0.68018	0.01555	0.01366	0.01012	0.00497	0.00396	0.00124	0.00331	0.00405	0.02905	0.00659
23	0.00686	0.00345	0.00515	0.00515	0.00515	0.00345	0.00342	0.00518	0.00518	0.00690	0.00701	0.01236	0.00706	0.03269	0.01560	0.86496	0.00345	0.00350	0.00174	0.00174
24	0.88866	0.00767	0.00583	0.00521	0.00767	0.00889	0.00429	0.01166	0.00675	0.01779	0.00552	0.00644	0.00429	0.00368	0.00245	0.00123	0.00307	0.00215	0.00245	0.00429
25	0.00973	0.00800	0.00841	0.00756	0.00967	0.00918	0.00588	0.04576	0.70050	0.01664	0.01552	0.01462	0.01169	0.00526	0.00388	0.00129	0.00302	0.00436	0.11309	0.00597
26	0.00577	0.00384	0.00432	0.00432	0.00432	0.00384	0.00240	0.00577	0.00577	0.00769	0.01249	0.02595	0.01441	0.86066	0.02018	0.00384	0.00384	0.00577	0.00240	0.00240
27	0.00749	0.00705	0.01189	0.85113	0.02731	0.00881	0.01101	0.01013	0.00793	0.01013	0.00705	0.01057	0.00529	0.00396	0.00396	0.00132	0.00529	0.00352	0.00176	0.00440
28	0.03065	0.00637	0.00527	0.00496	0.00620	0.12543	0.00376	0.05311	0.00924	0.01466	0.01159	0.01320	0.00911	0.00453	0.00294	0.00096	0.00277	0.00349	0.68775	0.00400
29	0.01482	0.01855	0.01127	0.01017	0.01226	0.80813	0.00766	0.05132	0.01156	0.01038	0.00628	0.00725	0.00518	0.00412	0.00359	0.00103	0.00703	0.00260	0.00213	0.00469
30	0.00795	0.02051	0.84011	0.01130	0.01716	0.00921	0.01465	0.01256	0.00837	0.01256	0.00712	0.00837	0.00502	0.00377	0.00377	0.00126	0.00586	0.00293	0.00167	0.00586
31	0.88866	0.00767	0.00583	0.00521	0.00767	0.00889	0.00429	0.01166	0.00675	0.01779	0.00552	0.00644	0.00429	0.00368	0.00245	0.00123	0.00307	0.00215	0.00245	0.00429
32	0.00520	0.00461	0.03283	0.00506	0.00622	0.00387	0.00392	0.00674	0.03697	0.01147	0.13474	0.24230	0.42422	0.01069	0.03216	0.00157	0.00255	0.02764	0.00366	0.00356
33	0.00493	0.00352	0.00471	0.00563	0.00590	0.00330	0.00385	0.00569	0.00769	0.01023	0.02180	0.80754	0.02601	0.01233	0.00509	0.00162	0.00238	0.06085	0.00368	0.00325
34	0.88866	0.00767	0.00583	0.00521	0.00767	0.00889	0.00429	0.01166	0.00675	0.01779	0.00552	0.00644	0.00429	0.00368	0.00245	0.00123	0.00307	0.00215	0.00245	0.00429
35	0.00573	0.00386	0.00445	0.00447	0.00452	0.00389	0.00258	0.00583	0.00585	0.00784	0.01265	0.04839	0.01449	0.79080	0.06580	0.00392	0.00418	0.00583	0.00242	0.00249
36	0.00810	0.02780	0.00827	0.00781	0.04043	0.05968	0.01488	0.14020	0.03595	0.01244	0.01224	0.16067	0.01199	0.01789	0.40066	0.00371	0.00711	0.02310	0.00277	0.00433
37	0.00948	0.09438	0.05326	0.16232	0.36400	0.02014	0.17244	0.03192	0.00896	0.01221	0.00727	0.00964	0.00585	0.00369	0.00418	0.00122	0.02794	0.00358	0.00194	0.00557

[dist]
# distance from previous block
# <min> <max>
0	1

[block]
# block no. 6 follows, 68 sequences, length 12
# corresponding to MSA columns:
# 350-361
name=unknown_G
#
# <colnr> <probs for GDERKNQSTAVLIFYWHMCP>
#	G	D	E	R	K	N	Q	S	T	A	V	L	I	F	Y	W	H	M	C	P
0	0.04700	0.20794	0.23728	0.01042	0.07301	0.05564	0.05950	0.11379	0.07906	0.06785	0.00833	0.00903	0.00629	0.00398	0.00355	0.00115	0.00483	0.00312	0.00247	0.00575
1	0.00568	0.00551	0.05112	0.00509	0.00673	0.00457	0.00419	0.00832	0.11454	0.01238	0.15889	0.03218	0.55877	0.00879	0.00455	0.00132	0.00234	0.00738	0.00372	0.00392
2	0.05853	0.01061	0.10342	0.05303	0.38098	0.06126	0.07216	0.05044	0.04722	0.03641	0.00919	0.04890	0.00786	0.00449	0.00399	0.00125	0.00480	0.03744	0.00238	0.00565
3	0.00583	0.00465	0.00553	0.00583	0.03980	0.00438	0.00411	0.02670	0.06295	0.01265	0.22368	0.14596	0.36095	0.03492	0.00515	0.00144	0.00239	0.04551	0.00377	0.00380
4	0.00936	0.01070	0.02340	0.01671	0.02072	0.01003	0.82152	0.01270	0.00936	0.01270	0.00802	0.01070	0.00602	0.00334	0.00468	0.00134	0.00668	0.00468	0.00201	0.00535
5	0.00937	0.02829	0.09354	0.20221	0.32446	0.05867	0.01036	0.03786	0.00910	0.04203	0.05047	0.05067	0.00846	0.00462	0.00448	0.00126	0.05262	0.00395	0.00225	0.00534
6	0.00958	0.00886	0.05839	0.00852	0.03949	0.00920	0.00673	0.08786	0.56791	0.01621	0.04539	0.03111	0.03511	0.02577	0.03048	0.00153	0.00362	0.00463	0.00371	0.00589
7	0.00822	0.00705	0.00822	0.00587	0.00940	0.00529	0.00470	0.00998	0.00822	0.01292	0.00705	0.00822	0.00587	0.00294	0.00294	0.00059	0.00294	0.00235	0.00235	0.88490
8	0.00744	0.00459	0.00653	0.08350	0.04049	0.00465	0.00489	0.00812	0.03596	0.06869	0.12358	0.10653	0.03880	0.03039	0.00904	0.33992	0.00323	0.04503	0.03530	0.00332
9	0.00922	0.00960	0.05372	0.13955	0.54867	0.02505	0.05163	0.01163	0.00878	0.01229	0.02411	0.01070	0.02209	0.00401	0.00449	0.00124	0.05185	0.00370	0.00199	0.00570
10	0.00570	0.00434	0.00517	0.00529	0.00629	0.00388	0.00395	0.00691	0.00985	0.01297	0.30896	0.17946	0.32917	0.01015	0.00503	0.00149	0.00235	0.09124	0.00406	0.00374
11	0.04168	0.07682	0.06819	0.00794	0.05841	0.04274	0.00643	0.05085	0.06244	0.07537	0.00821	0.00895	0.00643	0.00353	0.00323	0.00086	0.00364	0.00276	0.00260	0.46891

[dist]
# distance from previous block
# <min> <max>
1	8

[block]
# block no. 7 follows, 68 sequences, length 54
# corresponding to MSA columns:
# 370-420,422-424
name=unknown_H
#
# <colnr> <probs for GDERKNQSTAVLIFYWHMCP>
#	G	D	E	R	K	N	Q	S	T	A	V	L	I	F	Y	W	H	M	C	P
0	0.03372	0.00978	0.13324	0.01155	0.18648	0.02792	0.01702	0.13704	0.02409	0.13279	0.04410	0.01252	0.00894	0.04825	0.14087	0.00218	0.01732	0.00385	0.00285	0.00550
1	0.04491	0.03558	0.04469	0.05159	0.29980	0.34227	0.02884	0.06349	0.01025	0.01227	0.00686	0.00849	0.00561	0.00393	0.00393	0.00114	0.02581	0.00306	0.00211	0.00537
2	0.00483	0.00402	0.00422	0.00417	0.00545	0.00341	0.00313	0.00598	0.00939	0.01154	0.16768	0.03679	0.70628	0.00973	0.00468	0.00132	0.00199	0.00818	0.00379	0.00341
3	0.03802	0.00472	0.00578	0.00536	0.00651	0.00465	0.00406	0.02268	0.08808	0.01619	0.71313	0.02705	0.03332	0.00763	0.00452	0.00125	0.00207	0.00668	0.00426	0.00405
4	0.00943	0.01057	0.02267	0.04782	0.02076	0.01004	0.77057	0.03305	0.00954	0.01291	0.00802	0.01066	0.00601	0.00340	0.00463	0.00133	0.00657	0.00461	0.00205	0.00535
5	0.00525	0.00384	0.00501	0.00572	0.00631	0.00360	0.00426	0.00634	0.00841	0.01103	0.08070	0.49468	0.13161	0.01145	0.00509	0.00160	0.00256	0.20544	0.00372	0.00338
6	0.01666	0.00650	0.00884	0.00686	0.00973	0.00563	0.00563	0.01822	0.01134	0.76231	0.09158	0.01499	0.01238	0.00520	0.00405	0.00123	0.00323	0.00428	0.00486	0.00647
7	0.07901	0.00778	0.00925	0.04301	0.01087	0.00754	0.00601	0.14220	0.10490	0.34127	0.01175	0.01122	0.00813	0.00438	0.00365	0.00110	0.00346	0.00347	0.00379	0.19722
8	0.88866	0.00767	0.00583	0.00521	0.00767	0.00889	0.00429	0.01166	0.00675	0.01779	0.00552	0.00644	0.00429	0.00368	0.00245	0.00123	0.00307	0.00215	0.00245	0.00429
9	0.00981	0.00942	0.01609	0.02434	0.83592	0.00942	0.01217	0.01217	0.00903	0.01295	0.00746	0.00981	0.00628	0.00353	0.00393	0.00118	0.00471	0.00353	0.00196	0.00628
10	0.01060	0.86304	0.02078	0.00678	0.01018	0.01569	0.00678	0.01187	0.00806	0.00933	0.00551	0.00636	0.00509	0.00339	0.00254	0.00085	0.00424	0.00212	0.00170	0.00509
11	0.00867	0.00867	0.01214	0.01041	0.01041	0.01214	0.00867	0.00954	0.00607	0.00954	0.00520	0.00867	0.00520	0.00694	0.01301	0.00173	0.85340	0.00347	0.00173	0.00434
12	0.00506	0.00396	0.00459	0.00468	0.00570	0.00349	0.00347	0.00631	0.00948	0.01225	0.28076	0.17005	0.42705	0.00987	0.00477	0.00137	0.00207	0.03772	0.00389	0.00346
13	0.00704	0.00510	0.00616	0.00689	0.00742	0.00456	0.00465	0.00723	0.00911	0.01223	0.02498	0.74413	0.09569	0.01328	0.00589	0.00196	0.00306	0.03192	0.00434	0.00436
14	0.15932	0.00553	0.00642	0.00560	0.00718	0.00538	0.00411	0.01177	0.00818	0.31837	0.01337	0.09633	0.01211	0.31810	0.00975	0.00222	0.00339	0.00501	0.00346	0.00441
15	0.00483	0.00345	0.00460	0.00552	0.00575	0.00322	0.00368	0.00552	0.00759	0.01012	0.02185	0.85807	0.02622	0.01242	0.00506	0.00161	0.00230	0.01127	0.00368	0.00322
16	0.01064	0.79617	0.01989	0.00693	0.01022	0.03086	0.00677	0.01250	0.05716	0.00977	0.00616	0.00688	0.00551	0.00352	0.00265	0.00088	0.00423	0.00227	0.00184	0.00515
17	0.01063	0.01336	0.31317	0.00940	0.02459	0.03633	0.00947	0.21669	0.16218	0.06419	0.04646	0.01263	0.05334	0.00491	0.00396	0.00125	0.00449	0.00391	0.00311	0.00595
18	0.04460	0.00962	0.09915	0.05137	0.34893	0.03859	0.00936	0.02838	0.03334	0.08662	0.00877	0.01194	0.00744	0.11206	0.00686	0.02250	0.06906	0.00372	0.00235	0.00532
19	0.88866	0.00767	0.00583	0.00521	0.00767	0.00889	0.00429	0.01166	0.00675	0.01779	0.00552	0.00644	0.00429	0.00368	0.00245	0.00123	0.00307	0.00215	0.00245	0.00429
20	0.00640	0.00513	0.00570	0.00580	0.03629	0.03577	0.00415	0.00831	0.06127	0.04110	0.27111	0.06596	0.38055	0.00875	0.00486	0.02361	0.00246	0.02511	0.00378	0.00388
21	0.00577	0.00423	0.00548	0.00504	0.00613	0.00383	0.00380	0.00763	0.01104	0.01572	0.78418	0.02833	0.03552	0.00780	0.00457	0.00121	0.00193	0.00688	0.00424	0.05666
22	0.00580	0.00422	0.00586	0.00584	0.00638	0.00472	0.00428	0.01769	0.00640	0.00902	0.01131	0.03344	0.01138	0.25385	0.59542	0.00553	0.00855	0.00478	0.00225	0.00327
23	0.01732	0.00707	0.00935	0.00721	0.01025	0.00636	0.00594	0.06579	0.04372	0.75954	0.01531	0.01332	0.00973	0.00492	0.00399	0.00123	0.00342	0.00398	0.00482	0.00673
24	0.00689	0.00344	0.00517	0.00517	0.00517	0.00344	0.00344	0.00517	0.00517	0.00689	0.00689	0.01205	0.00689	0.01377	0.01550	0.88464	0.00344	0.00344	0.00172	0.00172
25	0.88866	0.00767	0.00583	0.00521	0.00767	0.00889	0.00429	0.01166	0.00675	0.01779	0.00552	0.00644	0.00429	0.00368	0.00245	0.00123	0.00307	0.00215	0.00245	0.00429
26	0.01435	0.01792	0.01102	0.01001	0.01207	0.76618	0.00753	0.01633	0.08817	0.01035	0.00707	0.00787	0.00577	0.00421	0.00362	0.00105	0.00677	0.00274	0.00223	0.00475
27	0.79079	0.00740	0.00598	0.00539	0.00769	0.00858	0.00441	0.02495	0.00691	0.01710	0.00607	0.00735	0.00486	0.00615	0.08176	0.00171	0.00380	0.00237	0.00245	0.00426
28	0.00936	0.01070	0.02340	0.01671	0.02072	0.01003	0.82152	0.01270	0.00936	0.01270	0.00802	0.01070	0.00602	0.00334	0.00468	0.00134	0.00668	0.00468	0.00201	0.00535
29	0.00936	0.01070	0.02340	0.01671	0.02072	0.01003	0.82152	0.01270	0.00936	0.01270	0.00802	0.01070	0.00602	0.00334	0.00468	0.00134	0.00668	0.00468	0.00201	0.00535
30	0.11785	0.00621	0.00693	0.00643	0.00732	0.06768	0.02915	0.02478	0.00692	0.01029	0.01006	0.03324	0.01019	0.29501	0.29593	0.00387	0.05789	0.00445	0.00229	0.00350
31	0.00936	0.01070	0.02340	0.01671	0.02072	0.01003	0.82152	0.01270	0.00936	0.01270	0.00802	0.01070	0.00602	0.00334	0.00468	0.00134	0.00668	0.00468	0.00201	0.00535
32	0.00483	0.00345	0.00460	0.00552	0.00575	0.00322	0.00368	0.00552	0.00759	0.01012	0.02185	0.85807	0.02622	0.01242	0.00506	0.00161	0.00230	0.01127	0.00368	0.00322
33	0.79495	0.00757	0.00619	0.00541	0.00793	0.00856	0.00446	0.01248	0.00724	0.10612	0.00661	0.00720	0.00489	0.00381	0.00262	0.00123	0.00310	0.00235	0.00272	0.00456
34	0.00749	0.00705	0.01189	0.85113	0.02731	0.00881	0.01101	0.01013	0.00793	0.01013	0.00705	0.01057	0.00529	0.00396	0.00396	0.00132	0.00529	0.00352	0.00176	0.00440
35	0.00889	0.00848	0.01443	0.35115	0.51630	0.00918	0.01171	0.01136	0.00859	0.01184	0.00730	0.01011	0.00589	0.00370	0.00394	0.00123	0.00494	0.00353	0.00188	0.00554
36	0.00500	0.00403	0.00446	0.00435	0.00555	0.00348	0.00326	0.00630	0.00979	0.01249	0.31199	0.03523	0.56138	0.00938	0.00468	0.00131	0.00196	0.00796	0.00392	0.00348
37	0.00571	0.00410	0.00550	0.00622	0.00686	0.00398	0.00481	0.02297	0.00876	0.01163	0.09499	0.43561	0.03711	0.01127	0.00516	0.00165	0.00283	0.32359	0.00374	0.00351
38	0.00851	0.19759	0.66791	0.01035	0.01569	0.01057	0.01300	0.01241	0.00830	0.01188	0.00678	0.00795	0.00504	0.00369	0.00351	0.00117	0.00552	0.00276	0.00168	0.00570
39	0.00767	0.00766	0.02974	0.75561	0.02648	0.00893	0.08735	0.01042	0.00807	0.01042	0.00714	0.01054	0.00535	0.00390	0.00403	0.00132	0.00543	0.00362	0.00178	0.00452
40	0.01044	0.00854	0.00985	0.00835	0.00973	0.03816	0.00662	0.22367	0.13679	0.04423	0.00992	0.01330	0.00865	0.15946	0.03919	0.00203	0.25906	0.00408	0.00293	0.00499
41	0.00866	0.00718	0.01189	0.63134	0.12676	0.00839	0.01040	0.01110	0.00840	0.08848	0.00853	0.03274	0.00667	0.00433	0.00402	0.00131	0.00493	0.01787	0.00216	0.00482
42	0.00542	0.00428	0.02557	0.00609	0.00667	0.00396	0.00458	0.00673	0.02877	0.01050	0.01986	0.56461	0.02285	0.03962	0.08364	0.00215	0.00347	0.15432	0.00345	0.00345
43	0.03253	0.00830	0.01268	0.28589	0.19939	0.03205	0.08398	0.04725	0.08106	0.10802	0.00999	0.06406	0.00804	0.00460	0.00405	0.00128	0.00465	0.00420	0.00263	0.00537
44	0.05818	0.01007	0.00992	0.00835	0.01093	0.08875	0.00664	0.25997	0.39497	0.09057	0.01262	0.01195	0.00923	0.00494	0.00388	0.00125	0.00390	0.00386	0.00382	0.00620
45	0.00483	0.00345	0.00460	0.00552	0.00575	0.00322	0.00368	0.00552	0.00759	0.01012	0.02185	0.85807	0.02622	0.01242	0.00506	0.00161	0.00230	0.01127	0.00368	0.00322
46	0.00877	0.28839	0.36067	0.00884	0.01265	0.01068	0.02627	0.04027	0.00838	0.01138	0.02320	0.01136	0.00737	0.08520	0.01907	0.00149	0.03560	0.03336	0.00197	0.00509
47	0.00822	0.00705	0.00822	0.00587	0.00940	0.00529	0.00470	0.00998	0.00822	0.01292	0.00705	0.00822	0.00587	0.00294	0.00294	0.00059	0.00294	0.00235	0.00235	0.88490
48	0.00799	0.00800	0.01474	0.58696	0.03834	0.00914	0.21458	0.01072	0.00824	0.01080	0.00748	0.02434	0.00582	0.00403	0.00445	0.00134	0.03256	0.00394	0.00186	0.00465
49	0.02375	0.01104	0.19938	0.00963	0.01360	0.00784	0.15893	0.07020	0.03517	0.17884	0.00939	0.01004	0.00673	0.00381	0.00376	0.00108	0.00449	0.00339	0.00281	0.24612
50	0.00587	0.00398	0.00452	0.00445	0.00462	0.00395	0.00262	0.01843	0.00656	0.00880	0.09041	0.02634	0.03646	0.74659	0.01810	0.00350	0.00362	0.00593	0.00264	0.00262
51	0.80557	0.00733	0.00578	0.00519	0.00750	0.00841	0.00424	0.01126	0.00717	0.01761	0.08347	0.00862	0.00741	0.00410	0.00266	0.00123	0.00295	0.00262	0.00263	0.00424
52	0.00494	0.00353	0.00458	0.00533	0.00561	0.00330	0.00354	0.00562	0.00761	0.01013	0.05209	0.71912	0.05468	0.09199	0.00646	0.00180	0.00242	0.01049	0.00359	0.00317
53	0.00924	0.15901	0.01397	0.09798	0.36515	0.00945	0.00912	0.01112	0.00820	0.05402	0.00809	0.01074	0.00692	0.01917	0.16723	0.00220	0.03759	0.00347	0.00208	0.00526

[dist]
# distance from previous block
# <min> <max>
0	5

[block]
# block no. 8 follows, 68 sequences, length 17
# corresponding to MSA columns:
# 430-446
name=unknown_I
#
# <colnr> <probs for GDERKNQSTAVLIFYWHMCP>
#	G	D	E	R	K	N	Q	S	T	A	V	L	I	F	Y	W	H	M	C	P
0	0.06426	0.16562	0.01332	0.01110	0.12174	0.31100	0.02291	0.01254	0.00887	0.01061	0.00687	0.05387	0.00639	0.00485	0.00530	0.00120	0.16947	0.00327	0.00202	0.00478
1	0.00594	0.00421	0.00475	0.00451	0.00583	0.00365	0.00342	0.00726	0.00983	0.06940	0.27535	0.03326	0.51623	0.00896	0.00458	0.00129	0.00206	0.00758	0.02819	0.00371
2	0.00922	0.00868	0.01452	0.07747	0.67418	0.00880	0.01111	0.01174	0.02749	0.01308	0.07916	0.01242	0.00938	0.00415	0.00403	0.00121	0.00445	0.02081	0.00224	0.00588
3	0.06749	0.00499	0.00654	0.00623	0.00713	0.00567	0.00475	0.05190	0.00711	0.03708	0.01054	0.01612	0.00998	0.16666	0.55030	0.00501	0.03214	0.00429	0.00237	0.00370
4	0.00480	0.00398	0.00420	0.00423	0.00545	0.00338	0.00314	0.00588	0.00919	0.01126	0.12917	0.09366	0.68802	0.00999	0.00471	0.00135	0.00201	0.00843	0.00376	0.00338
5	0.25865	0.00720	0.00812	0.00652	0.00916	0.00718	0.00528	0.10007	0.01034	0.45196	0.01191	0.01221	0.00836	0.07999	0.00499	0.00145	0.00343	0.00359	0.00391	0.00568
6	0.01450	0.01038	0.01118	0.00868	0.01167	0.01142	0.00713	0.70437	0.05650	0.05800	0.01029	0.01024	0.00732	0.00479	0.00390	0.00118	0.00412	0.00364	0.05416	0.00655
7	0.88866	0.00767	0.00583	0.00521	0.00767	0.00889	0.00429	0.01166	0.00675	0.01779	0.00552	0.00644	0.00429	0.00368	0.00245	0.00123	0.00307	0.00215	0.00245	0.00429
8	0.00853	0.20359	0.66208	0.01032	0.01564	0.01062	0.01294	0.01241	0.00830	0.01186	0.00677	0.00793	0.00504	0.00369	0.00350	0.00117	0.00551	0.00275	0.00168	0.00569
9	0.00998	0.01090	0.00770	0.00723	0.00823	0.39646	0.00505	0.01056	0.00836	0.00874	0.00938	0.01640	0.00974	0.39917	0.07361	0.00271	0.00589	0.00415	0.00221	0.00351
10	0.00867	0.00867	0.01214	0.01041	0.01041	0.01214	0.00867	0.00954	0.00607	0.00954	0.00520	0.00867	0.00520	0.00694	0.01301	0.00173	0.85340	0.00347	0.00173	0.00434
11	0.01230	0.00838	0.00861	0.00700	0.00926	0.04346	0.00564	0.43649	0.01402	0.06498	0.01101	0.01163	0.00814	0.00469	0.00350	0.00108	0.00347	0.00360	0.33725	0.00550
12	0.00577	0.00384	0.00432	0.00432	0.00432	0.00384	0.00240	0.00577	0.00577	0.00769	0.01249	0.02595	0.01441	0.86066	0.02018	0.00384	0.00384	0.00577	0.00240	0.00240
