[name]
unknown

[dist]
# distance from previous block
# <min> <max>
0	10

[block]
# block no. 0 follows, 69 sequences, length 78
# corresponding to MSA columns:
# 10-87
name=unknown_A
#
# <colnr> <probs for GDERKNQSTAVLIFYWHMCP>
#	G	D	E	R	K	N	Q	S	T	A	V	L	I	F	Y	W	H	M	C	P
0	0.00671	0.00645	0.01218	0.01004	0.01175	0.00618	0.32727	0.00847	0.00818	0.01104	0.01562	0.47381	0.01724	0.00851	0.00514	0.00150	0.03364	0.02929	0.00292	0.00406
1	0.00579	0.00419	0.00541	0.00504	0.00602	0.00392	0.00380	0.02883	0.01129	0.01596	0.81403	0.02876	0.03620	0.00793	0.00461	0.00123	0.00191	0.00700	0.00431	0.00378
2	0.00550	0.00422	0.00493	0.00491	0.00593	0.00387	0.00361	0.04965	0.00977	0.01281	0.28415	0.23642	0.34063	0.00963	0.00468	0.00135	0.00214	0.00836	0.00387	0.00358
3	0.00478	0.00341	0.00455	0.00546	0.00569	0.00318	0.00364	0.00546	0.00751	0.01001	0.02161	0.85966	0.02593	0.01228	0.00500	0.00159	0.00227	0.01114	0.00364	0.00318
4	0.00478	0.00344	0.00453	0.00539	0.00567	0.00320	0.00361	0.00549	0.00762	0.01011	0.03407	0.81290	0.06043	0.01212	0.00498	0.00158	0.00226	0.01097	0.00365	0.00320
5	0.00867	0.27933	0.58990	0.00980	0.01485	0.01107	0.01210	0.01221	0.00818	0.01144	0.00655	0.00767	0.00499	0.00361	0.00335	0.00112	0.00530	0.00265	0.00166	0.00556
6	0.00993	0.00851	0.00897	0.00801	0.01026	0.00983	0.00625	0.04875	0.80247	0.01669	0.01573	0.01445	0.01178	0.00530	0.00399	0.00132	0.00314	0.00440	0.00399	0.00622
7	0.83533	0.00779	0.00614	0.00540	0.00787	0.00900	0.00445	0.06225	0.00741	0.01803	0.00571	0.00656	0.00440	0.00371	0.00252	0.00121	0.00311	0.00221	0.00252	0.00440
8	0.01493	0.01064	0.01152	0.00886	0.01197	0.01169	0.00731	0.75177	0.04089	0.07537	0.00997	0.00980	0.00701	0.00473	0.00392	0.00118	0.00422	0.00358	0.00398	0.00665
9	0.01117	0.00913	0.00966	0.00826	0.01073	0.01041	0.00655	0.24205	0.60716	0.01869	0.01416	0.01319	0.01051	0.00515	0.00397	0.00129	0.00344	0.00418	0.00397	0.00633
10	0.01058	0.00920	0.01559	0.01144	0.01489	0.03504	0.39225	0.03833	0.07498	0.13745	0.02229	0.01092	0.00743	0.00375	0.00404	0.00113	0.00490	0.00394	0.00274	0.19912
11	0.00619	0.00441	0.00591	0.00540	0.00602	0.00428	0.05417	0.00713	0.02103	0.03097	0.21318	0.06529	0.02988	0.50504	0.02256	0.00281	0.00345	0.00619	0.00298	0.00311
12	0.00514	0.00399	0.00467	0.00450	0.00561	0.00353	0.00338	0.00661	0.01013	0.01343	0.48060	0.03305	0.39352	0.00887	0.00463	0.00127	0.00191	0.00762	0.00401	0.00353
13	0.00740	0.00697	0.01176	0.85280	0.02700	0.00871	0.01089	0.01002	0.00784	0.01002	0.00697	0.01045	0.00523	0.00392	0.00392	0.00131	0.00523	0.00348	0.00174	0.00436
14	0.01419	0.01765	0.01182	0.01041	0.01259	0.74424	0.05844	0.04330	0.03229	0.01047	0.00655	0.00756	0.00534	0.00405	0.00363	0.00104	0.00684	0.00274	0.00213	0.00471
15	0.00804	0.00658	0.00748	0.00724	0.00883	0.00729	0.00571	0.01504	0.47813	0.01465	0.10445	0.10607	0.01837	0.00753	0.00448	0.00145	0.00300	0.18670	0.00390	0.00506
16	0.01759	0.00667	0.00910	0.00698	0.01001	0.00576	0.00576	0.01911	0.01122	0.84048	0.01547	0.01334	0.00970	0.00485	0.00394	0.00121	0.00334	0.00394	0.00485	0.00667
17	0.01678	0.00650	0.00878	0.00679	0.00971	0.00561	0.00559	0.01826	0.01108	0.78871	0.01698	0.01486	0.06126	0.00517	0.00399	0.00122	0.00325	0.00421	0.00478	0.00646
18	0.01049	0.76426	0.04062	0.00700	0.01031	0.03977	0.00690	0.01244	0.05939	0.00976	0.00616	0.00688	0.00546	0.00351	0.00267	0.00088	0.00425	0.00228	0.00183	0.00511
19	0.00925	0.01058	0.02313	0.01652	0.02049	0.00991	0.82353	0.01256	0.00925	0.01256	0.00793	0.01058	0.00595	0.00330	0.00463	0.00132	0.00661	0.00463	0.00198	0.00529
20	0.00488	0.00351	0.00466	0.00555	0.00585	0.00328	0.00382	0.00566	0.00765	0.01015	0.02203	0.77830	0.04747	0.01211	0.00502	0.00160	0.00236	0.06923	0.00364	0.00322
21	0.44522	0.00838	0.00817	0.00667	0.00938	0.00919	0.00549	0.25124	0.03007	0.16480	0.02183	0.00905	0.00662	0.00427	0.00320	0.00121	0.00344	0.00299	0.00336	0.00542
22	0.01015	0.73976	0.11815	0.00728	0.01089	0.01459	0.00762	0.01208	0.03121	0.00981	0.00594	0.00676	0.00522	0.00345	0.00270	0.00090	0.00435	0.00226	0.00174	0.00516
23	0.00497	0.00364	0.00469	0.00542	0.00582	0.00343	0.00368	0.00608	0.03421	0.01059	0.07149	0.73138	0.07669	0.01166	0.00493	0.00155	0.00226	0.01051	0.00369	0.00332
24	0.01598	0.00732	0.01116	0.00839	0.01152	0.00654	0.12897	0.04369	0.01108	0.66835	0.01407	0.01283	0.00905	0.00461	0.00401	0.00122	0.00382	0.00402	0.02696	0.00639
25	0.00983	0.00916	0.01541	0.07784	0.74754	0.00930	0.01172	0.03494	0.00916	0.02659	0.00754	0.00980	0.00622	0.00358	0.00389	0.00117	0.00466	0.00350	0.00203	0.00611
26	0.10970	0.06357	0.03464	0.01176	0.01515	0.07358	0.39916	0.05362	0.00981	0.16819	0.00897	0.01896	0.00656	0.00386	0.00399	0.00123	0.00531	0.00388	0.00266	0.00541
27	0.00858	0.00858	0.01201	0.01029	0.01029	0.01201	0.00858	0.00943	0.00600	0.00943	0.00515	0.00858	0.00515	0.00686	0.01287	0.00172	0.85505	0.00343	0.00172	0.00429
28	0.00812	0.00697	0.00819	0.02092	0.00961	0.00529	0.00476	0.00987	0.00812	0.01273	0.00697	0.00817	0.00580	0.00292	0.00292	0.00059	0.00294	0.00234	0.00231	0.87046
29	0.00869	0.11320	0.68533	0.01060	0.01582	0.07639	0.01308	0.01260	0.00847	0.01184	0.00678	0.00796	0.00498	0.00371	0.00358	0.00118	0.00572	0.00278	0.00169	0.00561
30	0.00921	0.43700	0.40222	0.00919	0.01370	0.01230	0.04413	0.01209	0.00816	0.01084	0.00629	0.00739	0.00504	0.00352	0.00316	0.00105	0.00504	0.00257	0.00168	0.00540
31	0.00642	0.00487	0.00529	0.00514	0.00652	0.00470	0.00385	0.00945	0.17050	0.04966	0.06092	0.15441	0.44041	0.00879	0.00443	0.00134	0.00230	0.00747	0.04948	0.00405
32	0.00483	0.00361	0.00443	0.00501	0.00551	0.00331	0.00341	0.00556	0.00769	0.00994	0.02518	0.56284	0.23017	0.07896	0.02872	0.00182	0.00254	0.00980	0.00350	0.00316
33	0.01403	0.01462	0.01094	0.00928	0.01172	0.45974	0.00722	0.31744	0.01368	0.01559	0.03636	0.01963	0.00706	0.00449	0.00371	0.00107	0.00562	0.00316	0.00284	0.04179
34	0.00477	0.00343	0.00453	0.00541	0.00567	0.00319	0.00362	0.00546	0.00755	0.01003	0.02219	0.83331	0.05191	0.01221	0.00499	0.00158	0.00227	0.01105	0.00364	0.00319
35	0.00476	0.00349	0.00447	0.00525	0.00563	0.00320	0.00355	0.00548	0.00771	0.01009	0.02418	0.74304	0.14090	0.01195	0.00495	0.00155	0.00223	0.01074	0.00364	0.00320
36	0.24943	0.01010	0.03658	0.00793	0.01093	0.01080	0.00671	0.52264	0.03592	0.05941	0.00872	0.00888	0.00624	0.00441	0.00352	0.00119	0.00394	0.00317	0.00349	0.00598
37	0.00740	0.00697	0.01176	0.85280	0.02700	0.00871	0.01089	0.01002	0.00784	0.01002	0.00697	0.01045	0.00523	0.00392	0.00392	0.00131	0.00523	0.00348	0.00174	0.00436
38	0.00550	0.00401	0.00518	0.00488	0.00583	0.00368	0.00366	0.00731	0.01099	0.01547	0.79640	0.02970	0.07645	0.00811	0.00462	0.00124	0.00186	0.00715	0.00428	0.00368
39	0.00559	0.00410	0.00593	0.00599	0.00659	0.00465	0.00452	0.00681	0.00635	0.00911	0.01143	0.06912	0.01127	0.11429	0.69184	0.00564	0.00912	0.00478	0.01949	0.00337
40	0.00827	0.00705	0.00821	0.00587	0.00935	0.00537	0.00470	0.02718	0.00835	0.01303	0.00702	0.00816	0.00582	0.00294	0.00292	0.00059	0.00293	0.00235	0.00236	0.86751
41	0.00570	0.00405	0.00529	0.00526	0.00557	0.00442	0.00359	0.00633	0.00597	0.00829	0.01142	0.02087	0.01215	0.48244	0.38286	0.00486	0.02076	0.00500	0.00224	0.00290
42	0.00479	0.00342	0.00454	0.00544	0.00566	0.00320	0.00361	0.00546	0.00747	0.00996	0.02143	0.84333	0.02570	0.02893	0.00530	0.00164	0.00230	0.01104	0.00361	0.00317
43	0.00778	0.00754	0.03424	0.06663	0.29034	0.04780	0.05891	0.02280	0.00864	0.01157	0.01356	0.30543	0.01444	0.00731	0.00445	0.00139	0.00404	0.08578	0.00271	0.00465
44	0.01430	0.01044	0.01094	0.00857	0.01145	0.05604	0.00700	0.63077	0.03558	0.09397	0.07217	0.01125	0.00925	0.00495	0.00396	0.00118	0.00416	0.00380	0.00393	0.00632
45	0.00948	0.03022	0.04394	0.11467	0.55089	0.02010	0.01074	0.04123	0.02504	0.01284	0.00745	0.00954	0.00609	0.00357	0.00374	0.00111	0.00455	0.00332	0.00205	0.09942
46	0.00957	0.00927	0.01564	0.08997	0.72841	0.01971	0.03530	0.01204	0.01916	0.01258	0.00745	0.00982	0.00618	0.00355	0.00390	0.00118	0.00477	0.00352	0.00195	0.00601
47	0.00681	0.00340	0.00511	0.00511	0.00511	0.00340	0.00340	0.00511	0.00511	0.00681	0.00681	0.01192	0.00681	0.01362	0.01532	0.88594	0.00340	0.00340	0.00170	0.00170
48	0.00834	0.17459	0.69179	0.01036	0.01571	0.01028	0.01306	0.01229	0.00822	0.01183	0.00675	0.00791	0.00498	0.00366	0.00350	0.00117	0.00550	0.00275	0.00166	0.00565
49	0.00975	0.00842	0.00886	0.00798	0.01019	0.00975	0.00621	0.02083	0.83069	0.01640	0.01596	0.01463	0.01197	0.00532	0.00399	0.00133	0.00310	0.00443	0.00399	0.00621
50	0.00740	0.00697	0.01176	0.85280	0.02700	0.00871	0.01089	0.01002	0.00784	0.01002	0.00697	0.01045	0.00523	0.00392	0.00392	0.00131	0.00523	0.00348	0.00174	0.00436
51	0.00611	0.00491	0.00581	0.00577	0.03309	0.00478	0.00417	0.00926	0.14776	0.01419	0.43050	0.02876	0.27401	0.00800	0.00450	0.00127	0.00219	0.00689	0.00398	0.00408
52	0.01405	0.00816	0.00951	0.00775	0.01048	0.00850	0.00625	0.17055	0.32996	0.36863	0.01452	0.01310	0.01001	0.00501	0.00396	0.00125	0.00343	0.00405	0.00434	0.00649
53	0.01664	0.00725	0.00934	0.00726	0.01024	0.00674	0.00597	0.09861	0.08392	0.68773	0.01491	0.01307	0.00960	0.00488	0.00394	0.00122	0.00341	0.00394	0.00468	0.00663
54	0.01673	0.00668	0.00896	0.00693	0.00983	0.00589	0.00570	0.05062	0.01150	0.75638	0.06639	0.01418	0.01129	0.00504	0.00398	0.00121	0.00328	0.00412	0.00478	0.00649
55	0.00776	0.00733	0.01241	0.72346	0.15353	0.00880	0.01107	0.01033	0.00801	0.01045	0.00703	0.01034	0.00538	0.00385	0.00391	0.00128	0.00514	0.00349	0.00177	0.00464
56	0.01759	0.00667	0.00910	0.00698	0.01001	0.00576	0.00576	0.01911	0.01122	0.84048	0.01547	0.01334	0.00970	0.00485	0.00394	0.00121	0.00334	0.00394	0.00485	0.00667
57	0.00537	0.00387	0.00457	0.00461	0.00518	0.00363	0.00311	0.00620	0.00814	0.01085	0.25180	0.12170	0.18082	0.33954	0.01062	0.00230	0.00272	0.02856	0.00334	0.00305
58	0.88991	0.00758	0.00576	0.00516	0.00758	0.00879	0.00425	0.01152	0.00667	0.01759	0.00546	0.00637	0.00425	0.00364	0.00243	0.00121	0.00303	0.00212	0.00243	0.00425
59	0.67275	0.00897	0.02450	0.00604	0.00856	0.10070	0.00501	0.01288	0.00773	0.11286	0.00673	0.00730	0.00499	0.00383	0.00275	0.00119	0.00357	0.00240	0.00265	0.00460
60	0.00471	0.00397	0.00408	0.00406	0.00534	0.00334	0.00304	0.00578	0.00913	0.01104	0.10981	0.03699	0.76580	0.00976	0.00463	0.00132	0.00197	0.00817	0.00370	0.00334
61	0.00623	0.00414	0.00536	0.00505	0.00608	0.00377	0.00378	0.00791	0.01068	0.06978	0.66472	0.09420	0.08681	0.00827	0.00461	0.00127	0.00199	0.00728	0.00425	0.00383
62	0.04596	0.03493	0.06399	0.00987	0.03635	0.17551	0.08789	0.31667	0.01304	0.12607	0.00928	0.02750	0.00691	0.00444	0.00381	0.00116	0.00491	0.00353	0.02241	0.00577
63	0.01042	0.01171	0.01160	0.01011	0.01094	0.29142	0.02976	0.01143	0.00782	0.00955	0.00591	0.00861	0.00547	0.00743	0.06894	0.00179	0.48768	0.00321	0.00185	0.00435
64	0.01422	0.00679	0.00844	0.00678	0.00931	0.00648	0.00550	0.14473	0.04761	0.49024	0.01571	0.05183	0.05481	0.00616	0.02905	0.00136	0.00343	0.00443	0.08719	0.00594
65	0.01945	0.08689	0.13311	0.04675	0.04074	0.00738	0.00696	0.02442	0.04178	0.02388	0.00740	0.00856	0.00594	0.00359	0.01256	0.00088	0.00374	0.00263	0.00225	0.52107
66	0.00862	0.06987	0.00926	0.00861	0.10314	0.00642	0.04807	0.06230	0.04644	0.12003	0.08971	0.30302	0.08260	0.00772	0.00433	0.00132	0.00316	0.00685	0.01387	0.00465
67	0.00681	0.00340	0.00511	0.00511	0.00511	0.00340	0.00340	0.00511	0.00511	0.00681	0.00681	0.01192	0.00681	0.01362	0.01532	0.88594	0.00340	0.00340	0.00170	0.00170
68	0.01113	0.73354	0.01908	0.00723	0.01038	0.14424	0.00684	0.01235	0.00845	0.00928	0.00554	0.00641	0.00503	0.00346	0.00267	0.00087	0.00464	0.00216	0.00173	0.00496
69	0.00836	0.00696	0.00815	0.00583	0.00931	0.00524	0.00467	0.01009	0.00820	0.03263	0.00717	0.00825	0.00590	0.00295	0.00293	0.00060	0.00291	0.00236	0.00238	0.86509
70	0.01446	0.05622	0.01153	0.00995	0.01203	0.80961	0.00754	0.01548	0.01097	0.00958	0.00603	0.00704	0.00505	0.00401	0.00349	0.00100	0.00694	0.00251	0.00200	0.00457
71	0.07510	0.02385	0.14662	0.04994	0.06160	0.01868	0.10047	0.20878	0.01146	0.20397	0.02400	0.03200	0.00773	0.00446	0.00387	0.00122	0.00447	0.00376	0.01217	0.00584
72	0.07109	0.33713	0.20219	0.00838	0.02256	0.07838	0.04102	0.05724	0.00909	0.01217	0.05959	0.01010	0.04469	0.00416	0.00328	0.00105	0.00454	0.00311	0.00216	0.02807
73	0.05258	0.46308	0.19480	0.00942	0.02747	0.03465	0.03037	0.01351	0.03245	0.04884	0.01854	0.01013	0.00740	0.00513	0.01540	0.00139	0.02311	0.00318	0.00252	0.00603
74	0.08290	0.18403	0.09933	0.01764	0.02121	0.04104	0.06220	0.11441	0.03396	0.12535	0.05942	0.08598	0.02126	0.01843	0.00404	0.00122	0.01529	0.00415	0.00292	0.00520
75	0.03736	0.19731	0.16712	0.00826	0.05665	0.04371	0.02284	0.04458	0.05342	0.01242	0.10194	0.06699	0.14801	0.00587	0.00381	0.00118	0.00385	0.01720	0.00270	0.00477
76	0.05155	0.11095	0.13275	0.02838	0.13253	0.13807	0.00808	0.04048	0.02331	0.04644	0.07773	0.05880	0.01879	0.00511	0.01242	0.00118	0.01261	0.02426	0.00251	0.07403
77	0.06401	0.15368	0.16400	0.02421	0.12636	0.02785	0.04781	0.06081	0.03404	0.12458	0.02364	0.05274	0.01823	0.00515	0.00414	0.00134	0.01338	0.01402	0.00294	0.03706

[dist]
# distance from previous block
# <min> <max>
17	86

[block]
# block no. 1 follows, 69 sequences, length 33
# corresponding to MSA columns:
# 185-217
name=unknown_B
#
# <colnr> <probs for GDERKNQSTAVLIFYWHMCP>
#	G	D	E	R	K	N	Q	S	T	A	V	L	I	F	Y	W	H	M	C	P
0	0.02910	0.26933	0.06179	0.00764	0.01015	0.16781	0.03056	0.07354	0.03077	0.01147	0.01090	0.09814	0.05645	0.04981	0.00439	0.00124	0.00443	0.03238	0.00245	0.04765
1	0.00995	0.26052	0.18239	0.00811	0.01108	0.13476	0.00783	0.09783	0.02362	0.02766	0.01036	0.15363	0.03003	0.00589	0.01875	0.00124	0.00466	0.00429	0.00245	0.00495
2	0.02466	0.11213	0.08354	0.04643	0.05174	0.13063	0.04468	0.32221	0.04066	0.01621	0.00840	0.04076	0.00677	0.00462	0.00420	0.00118	0.04929	0.00350	0.00277	0.00561
3	0.04174	0.13343	0.04554	0.03108	0.05120	0.24074	0.06533	0.13844	0.02875	0.06287	0.00753	0.00862	0.00592	0.00428	0.00444	0.00114	0.08815	0.00307	0.01483	0.02290
4	0.00515	0.00366	0.00484	0.00551	0.00584	0.00360	0.00379	0.00605	0.01799	0.00990	0.01907	0.61223	0.02221	0.10247	0.10445	0.00236	0.00345	0.04417	0.02005	0.00320
5	0.00553	0.00412	0.00503	0.00522	0.00594	0.01533	0.00373	0.01543	0.00843	0.02364	0.18525	0.31931	0.18260	0.07755	0.12219	0.00227	0.00349	0.00809	0.00347	0.00340
6	0.03194	0.05120	0.01125	0.02586	0.04795	0.10750	0.00720	0.39363	0.21175	0.04126	0.01041	0.01041	0.00772	0.00462	0.00377	0.00118	0.00427	0.00354	0.01848	0.00606
7	0.00524	0.00363	0.00439	0.00481	0.00496	0.00350	0.00297	0.00559	0.00664	0.00880	0.01754	0.40672	0.04846	0.44437	0.01259	0.00271	0.00304	0.00828	0.00300	0.00278
8	0.01248	0.33677	0.07104	0.02228	0.02892	0.07573	0.02968	0.21721	0.02261	0.12238	0.00829	0.00885	0.00634	0.01682	0.00360	0.00109	0.00451	0.00299	0.00274	0.00567
9	0.01111	0.21193	0.12556	0.01064	0.05605	0.12048	0.12911	0.13971	0.07048	0.03356	0.02358	0.00924	0.00671	0.00408	0.00392	0.00114	0.03153	0.00328	0.00242	0.00550
10	0.00631	0.00357	0.00495	0.00500	0.00511	0.00359	0.00329	0.00541	0.00556	0.00743	0.01000	0.06208	0.03225	0.20050	0.07844	0.55389	0.00393	0.00452	0.00204	0.00211
11	0.01191	0.30144	0.04722	0.00950	0.05769	0.32407	0.02368	0.08711	0.01018	0.01125	0.00803	0.00892	0.04845	0.00421	0.00362	0.00103	0.03168	0.00291	0.00213	0.00499
12	0.00487	0.00353	0.00456	0.00524	0.00562	0.00327	0.00354	0.00567	0.00790	0.01051	0.10006	0.67945	0.09522	0.04400	0.00550	0.00162	0.00227	0.01031	0.00366	0.00321
13	0.07874	0.01914	0.02601	0.02608	0.05081	0.09619	0.05999	0.07075	0.02314	0.06609	0.03403	0.08788	0.01715	0.00748	0.05935	0.00168	0.21828	0.03261	0.00261	0.02199
14	0.01819	0.12920	0.45959	0.01136	0.09603	0.04102	0.02969	0.07443	0.03667	0.04579	0.01828	0.00891	0.00608	0.00388	0.00362	0.00117	0.00516	0.00306	0.00212	0.00575
15	0.00493	0.00379	0.00451	0.00474	0.00558	0.00337	0.00340	0.00605	0.00904	0.01180	0.25155	0.31390	0.34281	0.01020	0.00476	0.00139	0.00205	0.00892	0.00382	0.00337
16	0.00503	0.00365	0.00454	0.00515	0.00556	0.00341	0.00352	0.00573	0.00752	0.00980	0.02272	0.52285	0.14937	0.16211	0.00762	0.00196	0.00260	0.07034	0.00341	0.00309
17	0.00995	0.01030	0.04490	0.04838	0.60496	0.05763	0.09175	0.03461	0.03562	0.01293	0.00766	0.00976	0.00624	0.00362	0.00394	0.00118	0.00499	0.00356	0.00205	0.00596
18	0.01283	0.01048	0.01086	0.00911	0.03365	0.11745	0.03557	0.42080	0.10385	0.05271	0.01004	0.01083	0.00760	0.02764	0.03224	0.00141	0.03187	0.00364	0.06162	0.00579
19	0.69023	0.04179	0.02003	0.00774	0.10181	0.05023	0.00558	0.01178	0.00721	0.01616	0.00572	0.00683	0.00456	0.00367	0.00279	0.00119	0.01350	0.00232	0.00230	0.00454
20	0.06845	0.00872	0.01346	0.12736	0.47637	0.02590	0.03996	0.01226	0.07069	0.02166	0.01786	0.01121	0.00723	0.00403	0.00398	0.00121	0.01833	0.02916	0.00223	0.03994
21	0.00856	0.00742	0.01048	0.05363	0.30152	0.00743	0.00764	0.03253	0.15854	0.02773	0.13686	0.03251	0.07179	0.00514	0.00396	0.00116	0.00348	0.00456	0.00297	0.12208
22	0.00486	0.00345	0.00452	0.00535	0.00556	0.00324	0.00353	0.00548	0.00734	0.00979	0.02078	0.78510	0.02489	0.08827	0.00634	0.00179	0.00241	0.01066	0.00353	0.00311
23	0.00531	0.00422	0.00491	0.00568	0.00603	0.04701	0.00385	0.00605	0.00781	0.01017	0.04757	0.78807	0.02521	0.01171	0.00492	0.00155	0.00251	0.01056	0.00358	0.00327
24	0.11805	0.00737	0.00934	0.00787	0.05295	0.00697	0.00609	0.10227	0.01133	0.61659	0.01325	0.01193	0.00857	0.00463	0.00376	0.00121	0.00347	0.00366	0.00432	0.00637
25	0.05995	0.00956	0.02410	0.00855	0.02779	0.01998	0.02075	0.45581	0.07739	0.20432	0.01105	0.01071	0.00769	0.00465	0.00381	0.00119	0.00394	0.00362	0.03883	0.00631
26	0.18799	0.08477	0.01139	0.04267	0.06606	0.08331	0.00709	0.38522	0.01304	0.07066	0.00814	0.00864	0.00601	0.00422	0.00347	0.00115	0.00428	0.00306	0.00311	0.00574
27	0.22172	0.05998	0.00764	0.00610	0.00813	0.05093	0.00493	0.11010	0.05952	0.05680	0.08407	0.04591	0.16187	0.02110	0.00400	0.00128	0.00320	0.05084	0.02063	0.02125
28	0.04001	0.27850	0.04011	0.02758	0.06689	0.23562	0.02510	0.10501	0.01631	0.05096	0.03335	0.02036	0.02315	0.00426	0.00352	0.00106	0.01761	0.00310	0.00238	0.00513
29	0.00991	0.35237	0.29743	0.00840	0.01232	0.03257	0.00914	0.10208	0.02183	0.03510	0.03526	0.01002	0.04962	0.00421	0.00335	0.00107	0.00460	0.00311	0.00223	0.00539
30	0.00667	0.05901	0.02294	0.00609	0.00712	0.01973	0.00474	0.03592	0.05345	0.01003	0.01462	0.04621	0.11865	0.20509	0.32439	0.00373	0.05035	0.00506	0.00252	0.00367
31	0.04450	0.23012	0.09235	0.01007	0.10296	0.13399	0.06611	0.03226	0.02241	0.03429	0.03433	0.03157	0.00777	0.02112	0.02033	0.00121	0.00477	0.02200	0.00225	0.08561
32	0.04210	0.20531	0.08214	0.01631	0.01047	0.05242	0.01381	0.14599	0.04308	0.11899	0.06540	0.01290	0.07426	0.02340	0.00421	0.00117	0.03120	0.00374	0.00296	0.05015

[dist]
# distance from previous block
# <min> <max>
13	145

[block]
# block no. 2 follows, 69 sequences, length 28
# corresponding to MSA columns:
# 402-429
name=unknown_C
#
# <colnr> <probs for GDERKNQSTAVLIFYWHMCP>
#	G	D	E	R	K	N	Q	S	T	A	V	L	I	F	Y	W	H	M	C	P
0	0.03872	0.01765	0.11694	0.04819	0.05524	0.01749	0.02924	0.11118	0.06799	0.07735	0.04756	0.05527	0.08828	0.00514	0.00380	0.00112	0.00372	0.01547	0.00297	0.19667
1	0.03819	0.12989	0.10502	0.00815	0.01130	0.10146	0.05140	0.07084	0.06700	0.12431	0.02303	0.02883	0.01816	0.00435	0.00364	0.00105	0.01484	0.01699	0.00277	0.17878
2	0.05208	0.08242	0.06202	0.00997	0.04707	0.07197	0.04953	0.17125	0.07224	0.11339	0.03444	0.02325	0.03019	0.00565	0.00465	0.00143	0.02952	0.00412	0.01487	0.11992
3	0.08863	0.08142	0.03237	0.00813	0.05495	0.05016	0.02154	0.12361	0.09035	0.13269	0.01900	0.04879	0.02298	0.00449	0.00350	0.00105	0.00369	0.00358	0.00306	0.20601
4	0.05830	0.05682	0.07114	0.00966	0.10657	0.07367	0.01809	0.12710	0.11132	0.11797	0.06125	0.05856	0.01065	0.00513	0.00383	0.00119	0.00398	0.03720	0.00316	0.06443
5	0.05518	0.03223	0.15845	0.03402	0.12978	0.06356	0.02027	0.25235	0.10614	0.06016	0.03185	0.01026	0.00758	0.00434	0.00377	0.00119	0.00451	0.00346	0.00295	0.01795
6	0.04434	0.01023	0.01082	0.00948	0.06893	0.09270	0.02295	0.35494	0.15477	0.07127	0.01026	0.02601	0.00776	0.00456	0.00377	0.00114	0.00416	0.00360	0.00341	0.09489
7	0.06677	0.00768	0.01182	0.02890	0.32843	0.00751	0.05899	0.02451	0.00961	0.21740	0.09397	0.01400	0.05924	0.00475	0.00416	0.00121	0.02419	0.00420	0.00306	0.02959
8	0.01163	0.00910	0.01319	0.02720	0.32798	0.00938	0.06722	0.26160	0.04519	0.09917	0.03254	0.05934	0.00886	0.00469	0.00404	0.00122	0.00429	0.00420	0.00308	0.00606
9	0.01488	0.01167	0.01171	0.00912	0.01215	0.08693	0.00746	0.75219	0.01778	0.02335	0.00911	0.00920	0.00652	0.00465	0.00389	0.00116	0.00456	0.00344	0.00375	0.00648
10	0.01724	0.00692	0.00921	0.00710	0.01011	0.00617	0.00585	0.05571	0.03547	0.77940	0.01521	0.01320	0.00963	0.00486	0.00394	0.00121	0.00337	0.00394	0.00478	0.00666
11	0.00740	0.00697	0.01176	0.85280	0.02700	0.00871	0.01089	0.01002	0.00784	0.01002	0.00697	0.01045	0.00523	0.00392	0.00392	0.00131	0.00523	0.00348	0.00174	0.00436
12	0.00567	0.00405	0.00556	0.00641	0.00705	0.00395	0.00513	0.00703	0.00851	0.01123	0.05808	0.36866	0.02456	0.01128	0.00522	0.00169	0.00300	0.45583	0.00365	0.00344
13	0.00793	0.00734	0.03563	0.19208	0.36860	0.00731	0.00934	0.00994	0.00840	0.02924	0.01179	0.21149	0.01188	0.00622	0.00426	0.00135	0.00415	0.06565	0.00248	0.00491
14	0.01759	0.00667	0.00910	0.00698	0.01001	0.00576	0.00576	0.01911	0.01122	0.84048	0.01547	0.01334	0.00970	0.00485	0.00394	0.00121	0.00334	0.00394	0.00485	0.00667
15	0.00607	0.00436	0.00602	0.00690	0.00773	0.00431	0.00588	0.00771	0.00883	0.01148	0.02145	0.14624	0.04824	0.01098	0.00534	0.00176	0.00339	0.68613	0.00361	0.00355
16	0.01559	0.00781	0.03012	0.00912	0.01241	0.00673	0.18180	0.01755	0.01073	0.64455	0.01366	0.01264	0.00879	0.00450	0.00408	0.00124	0.00409	0.00407	0.00417	0.00636
17	0.00917	0.00877	0.01496	0.21474	0.65123	0.00918	0.01177	0.01157	0.00868	0.01217	0.00728	0.00988	0.00598	0.00359	0.00389	0.00120	0.00479	0.00349	0.00189	0.00578
18	0.00740	0.00697	0.01176	0.85280	0.02700	0.00871	0.01089	0.01002	0.00784	0.01002	0.00697	0.01045	0.00523	0.00392	0.00392	0.00131	0.00523	0.00348	0.00174	0.00436
19	0.00899	0.00859	0.01462	0.28115	0.58626	0.00913	0.01168	0.01141	0.00859	0.01194	0.00725	0.00994	0.00590	0.00363	0.00389	0.00121	0.00483	0.00349	0.00188	0.00563
20	0.01330	0.00703	0.01061	0.14831	0.11931	0.00681	0.03811	0.03711	0.01017	0.46265	0.01317	0.07392	0.00980	0.00516	0.00407	0.00127	0.00390	0.02575	0.00371	0.00585
21	0.00951	0.00912	0.01556	0.09432	0.76903	0.00926	0.01193	0.01186	0.00883	0.01257	0.00734	0.00977	0.00613	0.00353	0.00388	0.00118	0.00471	0.00349	0.00192	0.00605
22	0.00764	0.00499	0.00665	0.03842	0.05826	0.00479	0.00505	0.00903	0.00918	0.13513	0.17144	0.07094	0.20770	0.08992	0.00630	0.00162	0.02634	0.13893	0.00359	0.00408
23	0.04000	0.10232	0.04564	0.01130	0.02354	0.22577	0.27147	0.10968	0.03305	0.05281	0.03021	0.00997	0.01825	0.00404	0.00388	0.00116	0.00559	0.00361	0.00247	0.00525
24	0.03874	0.00766	0.00968	0.04972	0.05582	0.03791	0.00649	0.07229	0.06710	0.57598	0.02858	0.01270	0.00942	0.00475	0.00390	0.00121	0.00365	0.00386	0.00424	0.00630
25	0.03112	0.00941	0.01475	0.04159	0.65072	0.02462	0.02457	0.08390	0.03782	0.01392	0.00844	0.01033	0.02349	0.00382	0.00388	0.00118	0.00457	0.00360	0.00223	0.00605
26	0.11503	0.01189	0.01024	0.00879	0.02333	0.23481	0.00686	0.30557	0.16360	0.04013	0.00936	0.00956	0.00702	0.00454	0.00380	0.00117	0.01977	0.00327	0.01561	0.00564
27	0.14648	0.00987	0.00986	0.00811	0.01067	0.13442	0.06469	0.18033	0.16741	0.03335	0.05534	0.02183	0.03594	0.00471	0.00366	0.00115	0.00406	0.00373	0.00313	0.10127

[dist]
# distance from previous block
# <min> <max>
0	9

[block]
# block no. 3 follows, 69 sequences, length 9
# corresponding to MSA columns:
# 439-447
name=unknown_D
#
# <colnr> <probs for GDERKNQSTAVLIFYWHMCP>
#	G	D	E	R	K	N	Q	S	T	A	V	L	I	F	Y	W	H	M	C	P
0	0.01167	0.00919	0.01200	0.07958	0.28549	0.04740	0.00862	0.19647	0.11362	0.11985	0.03051	0.01165	0.02487	0.00445	0.00391	0.00119	0.00421	0.00378	0.00310	0.02843
1	0.00993	0.00842	0.01069	0.02725	0.20020	0.05048	0.03528	0.18414	0.11330	0.03650	0.16824	0.02873	0.06694	0.00557	0.00424	0.00123	0.01388	0.01585	0.00330	0.01585
2	0.01018	0.00836	0.01293	0.16192	0.39664	0.02471	0.02298	0.02851	0.03728	0.11717	0.02074	0.01183	0.00763	0.00427	0.00427	0.00121	0.03803	0.03332	0.00249	0.05550
3	0.00928	0.00808	0.04025	0.00731	0.01054	0.00681	0.06577	0.11454	0.04724	0.04893	0.02963	0.01121	0.05508	0.00399	0.00362	0.00088	0.01988	0.00331	0.00277	0.51088
4	0.00665	0.00424	0.00543	0.00507	0.00621	0.00383	0.00382	0.00825	0.01052	0.10278	0.57505	0.09900	0.13754	0.00829	0.00458	0.00127	0.00206	0.00725	0.00423	0.00392
5	0.01117	0.66844	0.05541	0.00742	0.01076	0.08095	0.00720	0.09903	0.00935	0.01105	0.00599	0.00677	0.00520	0.00357	0.00280	0.00091	0.00451	0.00232	0.00194	0.00520
6	0.00587	0.00438	0.00523	0.00548	0.00630	0.00420	0.00390	0.09323	0.00920	0.01204	0.07140	0.53813	0.20449	0.01070	0.00478	0.00147	0.00240	0.00946	0.00371	0.00361
7	0.01462	0.00979	0.01110	0.00914	0.04617	0.01054	0.00718	0.54452	0.10867	0.18022	0.01123	0.01077	0.00783	0.00475	0.00393	0.00120	0.00400	0.00371	0.00403	0.00660
8	0.06005	0.01168	0.17527	0.03193	0.01603	0.04739	0.37354	0.07500	0.00984	0.01391	0.11573	0.01203	0.00970	0.00426	0.00441	0.00127	0.02621	0.00423	0.00239	0.00514

[dist]
# distance from previous block
# <min> <max>
8	162

[block]
# block no. 4 follows, 69 sequences, length 8
# corresponding to MSA columns:
# 610-617
name=unknown_E
#
# <colnr> <probs for GDERKNQSTAVLIFYWHMCP>
#	G	D	E	R	K	N	Q	S	T	A	V	L	I	F	Y	W	H	M	C	P
0	0.01127	0.19995	0.06262	0.01015	0.11759	0.10990	0.02854	0.10990	0.06995	0.08650	0.02684	0.03155	0.00764	0.00426	0.00366	0.00106	0.01805	0.00333	0.00265	0.09460
1	0.02583	0.08127	0.02834	0.00904	0.01148	0.27280	0.07531	0.17056	0.07704	0.02546	0.03678	0.05901	0.04557	0.00505	0.00406	0.00115	0.02936	0.00395	0.00279	0.03515
2	0.01042	0.05199	0.00982	0.00782	0.04711	0.02470	0.02425	0.03392	0.09625	0.14089	0.01124	0.07514	0.00953	0.00485	0.00372	0.00104	0.00348	0.03135	0.00316	0.40933
3	0.09943	0.07568	0.01458	0.02916	0.19442	0.11392	0.19622	0.05765	0.02487	0.01304	0.00739	0.00920	0.00598	0.00492	0.04731	0.00138	0.00530	0.00333	0.00218	0.09404
4	0.07809	0.00595	0.06797	0.00578	0.00702	0.00520	0.00463	0.07573	0.00848	0.01212	0.11144	0.17918	0.09438	0.21440	0.04293	0.03088	0.00350	0.04562	0.00306	0.00362
5	0.08215	0.41546	0.14162	0.00915	0.07526	0.10713	0.00820	0.05484	0.03541	0.02882	0.00666	0.00752	0.00545	0.00369	0.00306	0.00102	0.00466	0.00256	0.00205	0.00528
6	0.00744	0.00554	0.00554	0.00520	0.00665	0.07449	0.00393	0.00862	0.00965	0.12694	0.15997	0.10594	0.44811	0.00864	0.00448	0.00129	0.00261	0.00726	0.00378	0.00393
7	0.01045	0.00942	0.00953	0.00841	0.01051	0.07267	0.00660	0.08701	0.63438	0.01602	0.01379	0.01313	0.01045	0.00530	0.00467	0.00132	0.07257	0.00413	0.00365	0.00596

[dist]
# distance from previous block
# <min> <max>
1	3

[block]
# block no. 5 follows, 69 sequences, length 12
# corresponding to MSA columns:
# 621-632
name=unknown_F
#
# <colnr> <probs for GDERKNQSTAVLIFYWHMCP>
#	G	D	E	R	K	N	Q	S	T	A	V	L	I	F	Y	W	H	M	C	P
0	0.01208	0.05132	0.10221	0.00974	0.01297	0.07155	0.15233	0.15184	0.09833	0.18736	0.03793	0.01174	0.00857	0.00452	0.00411	0.00120	0.02011	0.01765	0.00319	0.04126
1	0.24043	0.37942	0.01429	0.00753	0.01023	0.14789	0.03476	0.05082	0.00856	0.01233	0.00581	0.00688	0.00495	0.00382	0.00346	0.00105	0.05852	0.00241	0.00205	0.00479
2	0.31212	0.10111	0.11189	0.02497	0.03150	0.09256	0.00700	0.14127	0.00963	0.02943	0.00675	0.00762	0.00521	0.00377	0.00309	0.00108	0.00417	0.00259	0.00245	0.10179
3	0.06367	0.08993	0.10492	0.02847	0.11127	0.35841	0.00862	0.14600	0.03009	0.01335	0.00703	0.00804	0.00556	0.00399	0.00352	0.00109	0.00557	0.00285	0.00231	0.00529
4	0.00970	0.00890	0.01510	0.13283	0.69878	0.00910	0.01164	0.01204	0.00887	0.04438	0.00763	0.00994	0.00621	0.00360	0.00389	0.00118	0.00468	0.00351	0.00203	0.00598
5	0.00482	0.00372	0.00441	0.00477	0.00555	0.00331	0.00338	0.00579	0.00859	0.01103	0.14088	0.40708	0.36116	0.01073	0.00480	0.00143	0.00210	0.00941	0.00373	0.00331
6	0.00582	0.00418	0.00565	0.00598	0.00683	0.00401	0.00484	0.00755	0.00989	0.01350	0.41070	0.10558	0.02975	0.00961	0.00500	0.00151	0.00266	0.35938	0.00395	0.00362
7	0.00529	0.00396	0.00488	0.00485	0.00578	0.00360	0.00362	0.00675	0.00991	0.01338	0.48101	0.11317	0.23817	0.03509	0.00518	0.00140	0.00209	0.05439	0.00398	0.00350
8	0.00786	0.02028	0.84191	0.01117	0.01697	0.00910	0.01448	0.01242	0.00828	0.01242	0.00704	0.00828	0.00497	0.00372	0.00372	0.00124	0.00579	0.00290	0.00166	0.00579
9	0.06367	0.01007	0.01095	0.00896	0.01129	0.07529	0.03745	0.31171	0.20118	0.08121	0.01018	0.01047	0.00759	0.00503	0.00523	0.00129	0.13560	0.00364	0.00336	0.00584
10	0.00825	0.00717	0.01121	0.03551	0.36315	0.00721	0.04066	0.01120	0.08768	0.03046	0.14376	0.02109	0.06286	0.00608	0.00435	0.00132	0.00379	0.14617	0.00296	0.00511
11	0.03176	0.02131	0.00769	0.00702	0.04747	0.00590	0.00532	0.07741	0.05939	0.19950	0.25994	0.02347	0.11147	0.00689	0.00430	0.00128	0.00290	0.09708	0.00397	0.02594

[dist]
# distance from previous block
# <min> <max>
4	14

[block]
# block no. 6 follows, 69 sequences, length 40
# corresponding to MSA columns:
# 647-686
name=unknown_G
#
# <colnr> <probs for GDERKNQSTAVLIFYWHMCP>
#	G	D	E	R	K	N	Q	S	T	A	V	L	I	F	Y	W	H	M	C	P
0	0.03478	0.02949	0.05336	0.11933	0.32992	0.04556	0.00899	0.05843	0.00941	0.08451	0.01078	0.02851	0.06894	0.00441	0.00377	0.00115	0.00424	0.00381	0.02578	0.07485
1	0.04494	0.07287	0.00762	0.00589	0.00746	0.00592	0.02757	0.01034	0.10773	0.07546	0.44052	0.02301	0.08418	0.02964	0.03858	0.00149	0.00289	0.00580	0.00377	0.00432
2	0.01455	0.07598	0.01049	0.01700	0.01056	0.06408	0.00632	0.20645	0.06712	0.39482	0.03035	0.01224	0.01872	0.00602	0.04590	0.00143	0.00420	0.00377	0.00394	0.00608
3	0.68139	0.02776	0.00733	0.00655	0.04169	0.04342	0.00508	0.03527	0.00765	0.08170	0.00645	0.00722	0.00490	0.00385	0.00297	0.00121	0.02595	0.00241	0.00259	0.00462
4	0.00594	0.07204	0.00718	0.00691	0.06521	0.00494	0.02982	0.00671	0.00755	0.00985	0.01933	0.43193	0.13599	0.07880	0.03403	0.06608	0.00316	0.00805	0.00302	0.00347
5	0.00606	0.00463	0.00565	0.00540	0.00655	0.00452	0.00415	0.00903	0.12036	0.01486	0.56226	0.02956	0.13241	0.00811	0.00460	0.00130	0.00217	0.07025	0.00413	0.00398
6	0.00681	0.00340	0.00511	0.00511	0.00511	0.00340	0.00340	0.00511	0.00511	0.00681	0.00681	0.01192	0.00681	0.01362	0.01532	0.88594	0.00340	0.00340	0.00170	0.00170
7	0.00891	0.00907	0.03702	0.01115	0.01459	0.00806	0.37777	0.05250	0.07815	0.01340	0.00917	0.06117	0.00762	0.00397	0.00398	0.00109	0.00472	0.00416	0.00245	0.29107
8	0.00561	0.00375	0.00430	0.00442	0.00447	0.00372	0.00255	0.00574	0.00600	0.00807	0.01360	0.13705	0.01573	0.73010	0.01758	0.00344	0.00355	0.00639	0.02142	0.00251
9	0.00900	0.01233	0.17107	0.01556	0.01985	0.00977	0.67735	0.01253	0.00908	0.01253	0.00777	0.01016	0.00577	0.00338	0.00446	0.00131	0.00646	0.00431	0.00192	0.00538
10	0.68028	0.00797	0.02778	0.07247	0.00970	0.00892	0.00529	0.01267	0.11709	0.01670	0.00702	0.00784	0.00537	0.00389	0.00279	0.00124	0.00328	0.00256	0.00256	0.00456
11	0.00502	0.00386	0.00459	0.00468	0.00560	0.00343	0.00341	0.00628	0.00946	0.01245	0.34493	0.21779	0.34495	0.00971	0.00471	0.00135	0.00200	0.00845	0.00390	0.00343
12	0.00625	0.00412	0.00562	0.00556	0.00623	0.00454	0.00414	0.00746	0.00663	0.03553	0.01134	0.01709	0.01065	0.17721	0.54306	0.00488	0.00776	0.00439	0.13413	0.00342
13	0.00877	0.13255	0.66657	0.01041	0.01566	0.01020	0.01289	0.07632	0.00904	0.01296	0.00701	0.00810	0.00511	0.00375	0.00358	0.00118	0.00546	0.00284	0.00184	0.00576
14	0.00539	0.00400	0.00541	0.07236	0.00763	0.00398	0.00436	0.03885	0.00797	0.01060	0.01996	0.75848	0.02352	0.01132	0.00487	0.00155	0.00259	0.01023	0.00350	0.00342
15	0.00485	0.00346	0.00463	0.00554	0.00580	0.00325	0.00377	0.00559	0.00758	0.01009	0.02157	0.82023	0.02577	0.01221	0.00502	0.00160	0.00234	0.04985	0.00364	0.00320
16	0.00500	0.00365	0.00474	0.00541	0.00591	0.00339	0.00384	0.00596	0.00822	0.01087	0.11238	0.59228	0.11918	0.01140	0.00496	0.00154	0.00233	0.09192	0.00371	0.00330
17	0.02093	0.12191	0.18002	0.01001	0.12358	0.05604	0.03669	0.01141	0.00922	0.10156	0.17358	0.05802	0.02647	0.03980	0.00462	0.00129	0.01260	0.00448	0.00278	0.00499
18	0.02757	0.49879	0.01637	0.00809	0.01087	0.36003	0.00702	0.01336	0.00925	0.00952	0.00570	0.00661	0.00503	0.00364	0.00294	0.00092	0.00537	0.00227	0.00183	0.00482
19	0.00478	0.00351	0.00450	0.00528	0.00567	0.00322	0.00359	0.00553	0.00773	0.01012	0.02409	0.73192	0.13780	0.01193	0.00496	0.00156	0.00226	0.02469	0.00364	0.00321
20	0.00665	0.00507	0.00545	0.00548	0.00607	0.04643	0.00382	0.02712	0.04393	0.01830	0.02571	0.07760	0.06841	0.47366	0.02616	0.00283	0.00378	0.14747	0.00288	0.00316
21	0.01243	0.30921	0.01468	0.00867	0.01116	0.22872	0.00738	0.22166	0.01120	0.01333	0.00659	0.00761	0.00547	0.00436	0.00456	0.00109	0.12154	0.00276	0.00235	0.00522
22	0.00909	0.36092	0.34342	0.00927	0.01358	0.01140	0.08327	0.02155	0.00843	0.01140	0.02994	0.00827	0.00607	0.00361	0.00329	0.00104	0.00489	0.00281	0.00184	0.06592
23	0.01203	0.05284	0.01262	0.03532	0.11487	0.14294	0.10853	0.17304	0.04931	0.13639	0.06638	0.01284	0.05569	0.00475	0.00397	0.00118	0.00461	0.00404	0.00311	0.00554
24	0.00681	0.00340	0.00511	0.00511	0.00511	0.00340	0.00340	0.00511	0.00511	0.00681	0.00681	0.01192	0.00681	0.01362	0.01532	0.88594	0.00340	0.00340	0.00170	0.00170
25	0.00775	0.01948	0.80019	0.01093	0.01647	0.00889	0.01401	0.01215	0.00818	0.01225	0.00721	0.00863	0.00521	0.00501	0.04581	0.00149	0.00603	0.00296	0.00168	0.00568
26	0.00595	0.00460	0.00511	0.00492	0.00621	0.00433	0.00370	0.01909	0.10558	0.03052	0.22719	0.10047	0.42805	0.00881	0.00451	0.00131	0.00216	0.00751	0.02613	0.00386
27	0.00740	0.00697	0.01176	0.85280	0.02700	0.00871	0.01089	0.01002	0.00784	0.01002	0.00697	0.01045	0.00523	0.00392	0.00392	0.00131	0.00523	0.00348	0.00174	0.00436
28	0.00858	0.00858	0.01201	0.01029	0.01029	0.01201	0.00858	0.00943	0.00600	0.00943	0.00515	0.00858	0.00515	0.00686	0.01287	0.00172	0.85505	0.00343	0.00172	0.00429
29	0.82263	0.00751	0.00602	0.00530	0.00777	0.00856	0.00436	0.01211	0.00702	0.08106	0.00623	0.00691	0.00467	0.00373	0.00254	0.00121	0.00306	0.00226	0.00261	0.00443
30	0.01700	0.00704	0.00927	0.00713	0.01012	0.00636	0.00588	0.10082	0.01195	0.73563	0.03653	0.01336	0.01012	0.00492	0.00396	0.00121	0.00340	0.00398	0.00474	0.00659
31	0.01484	0.00643	0.00842	0.00678	0.00935	0.00587	0.00547	0.03754	0.07914	0.61328	0.07128	0.08114	0.01295	0.00568	0.00405	0.00125	0.00313	0.00475	0.02257	0.00610
32	0.07504	0.00413	0.00511	0.00579	0.00637	0.00409	0.00417	0.03180	0.00799	0.01130	0.01984	0.65385	0.02316	0.01117	0.00482	0.00158	0.00258	0.12022	0.00355	0.00343
33	0.82118	0.00751	0.00602	0.00530	0.00777	0.00856	0.00437	0.01212	0.00703	0.08242	0.00625	0.00692	0.00468	0.00373	0.00255	0.00121	0.00306	0.00227	0.00262	0.00444
34	0.00477	0.00345	0.00451	0.00535	0.00566	0.00319	0.00359	0.00547	0.00761	0.01005	0.02296	0.79850	0.08622	0.01211	0.00498	0.00157	0.00225	0.01093	0.00364	0.00319
35	0.00894	0.00804	0.01256	0.80141	0.02699	0.00953	0.01120	0.01148	0.04194	0.01166	0.00876	0.01253	0.00686	0.00492	0.00453	0.00157	0.00559	0.00399	0.00233	0.00517
36	0.00786	0.02028	0.84191	0.01117	0.01697	0.00910	0.01448	0.01242	0.00828	0.01242	0.00704	0.00828	0.00497	0.00372	0.00372	0.00124	0.00579	0.00290	0.00166	0.00579
37	0.00479	0.00369	0.00438	0.00481	0.00554	0.00328	0.00338	0.00571	0.00843	0.01079	0.10610	0.44820	0.35501	0.01092	0.00482	0.00145	0.00212	0.00960	0.00370	0.00328
38	0.00538	0.00401	0.00469	0.00480	0.00573	0.00363	0.00356	0.00649	0.00884	0.02434	0.18907	0.11333	0.37641	0.12388	0.00680	0.00172	0.00245	0.10789	0.00362	0.00334
39	0.00860	0.00811	0.01358	0.17778	0.57348	0.00839	0.01066	0.01078	0.00860	0.01194	0.01011	0.08257	0.04912	0.00463	0.00402	0.00124	0.00443	0.00437	0.00213	0.00546

[dist]
# distance from previous block
# <min> <max>
0	3

[block]
# block no. 7 follows, 69 sequences, length 69
# corresponding to MSA columns:
# 690-758
name=unknown_H
#
# <colnr> <probs for GDERKNQSTAVLIFYWHMCP>
#	G	D	E	R	K	N	Q	S	T	A	V	L	I	F	Y	W	H	M	C	P
0	0.00895	0.00894	0.08398	0.06937	0.45987	0.00813	0.02142	0.01956	0.02113	0.05300	0.09183	0.04846	0.02674	0.00550	0.03066	0.00139	0.02885	0.00429	0.00244	0.00550
1	0.00961	0.01001	0.01240	0.01051	0.01106	0.11493	0.04594	0.04270	0.00728	0.01020	0.00556	0.00852	0.00523	0.00626	0.01098	0.00159	0.67753	0.00338	0.00185	0.00446
2	0.40217	0.00746	0.00776	0.00637	0.00908	0.00778	0.00523	0.06301	0.07265	0.36588	0.01073	0.01013	0.00729	0.00434	0.00327	0.00122	0.00324	0.00315	0.00366	0.00556
3	0.03403	0.01817	0.02461	0.02242	0.32999	0.02149	0.06670	0.09381	0.05593	0.06155	0.00945	0.06089	0.00814	0.02768	0.05260	0.00158	0.06132	0.00407	0.00256	0.04299
4	0.46547	0.00774	0.00739	0.00633	0.00862	0.00871	0.00514	0.22050	0.00989	0.04679	0.00829	0.04260	0.00677	0.00751	0.10720	0.00184	0.00423	0.00321	0.02699	0.00480
5	0.01070	0.00512	0.00678	0.00582	0.00763	0.00453	0.00455	0.01222	0.01062	0.37787	0.33264	0.10853	0.08203	0.00720	0.00436	0.00127	0.00256	0.00621	0.00443	0.00493
6	0.66812	0.00845	0.00704	0.00602	0.00857	0.04744	0.00493	0.11622	0.00874	0.08399	0.00679	0.00735	0.00503	0.00389	0.00279	0.00120	0.00341	0.00247	0.00279	0.00476
7	0.00783	0.00735	0.01239	0.64517	0.19438	0.00866	0.01093	0.01035	0.00811	0.01067	0.00763	0.01172	0.00616	0.00412	0.00397	0.00130	0.00504	0.03762	0.00186	0.00471
8	0.00513	0.00396	0.00492	0.04059	0.00652	0.00365	0.00375	0.00642	0.00931	0.01232	0.32882	0.25103	0.29010	0.00959	0.00470	0.00136	0.00215	0.00839	0.00381	0.00347
9	0.00919	0.00795	0.01262	0.14627	0.44806	0.00828	0.00990	0.07792	0.00962	0.03215	0.04029	0.01602	0.02394	0.00519	0.00436	0.01740	0.00437	0.11860	0.00249	0.00538
10	0.54762	0.00899	0.00723	0.01606	0.03955	0.12003	0.00522	0.03687	0.08376	0.01577	0.00965	0.01017	0.07663	0.00442	0.00302	0.00120	0.00361	0.00303	0.00264	0.00453
11	0.00959	0.00963	0.04106	0.07870	0.53071	0.08073	0.02050	0.03267	0.00898	0.02431	0.00837	0.04652	0.00745	0.05311	0.02970	0.00149	0.00496	0.00388	0.00212	0.00550
12	0.01291	0.04234	0.01102	0.00858	0.01128	0.04670	0.00697	0.45668	0.25716	0.04391	0.01121	0.02019	0.00835	0.00494	0.00414	0.00122	0.02912	0.00378	0.00372	0.01578
13	0.00788	0.00748	0.01256	0.26425	0.27498	0.00796	0.09506	0.02282	0.00863	0.01159	0.03404	0.07756	0.11556	0.00535	0.00451	0.00130	0.03642	0.00489	0.00232	0.00483
14	0.01020	0.02343	0.34749	0.03605	0.08991	0.00865	0.14283	0.06829	0.01959	0.14805	0.04800	0.02286	0.00802	0.00423	0.00399	0.00124	0.00502	0.00378	0.00259	0.00577
15	0.00852	0.08129	0.66579	0.01053	0.01571	0.00918	0.04540	0.01247	0.00852	0.05723	0.02257	0.00965	0.02805	0.00398	0.00372	0.00122	0.00540	0.00318	0.00194	0.00566
16	0.01464	0.01868	0.01111	0.01010	0.01212	0.84648	0.00757	0.01565	0.01111	0.00959	0.00606	0.00707	0.00505	0.00404	0.00353	0.00101	0.00707	0.00252	0.00202	0.00454
17	0.01079	0.58855	0.02683	0.00731	0.01017	0.14726	0.00673	0.04620	0.00886	0.01004	0.00712	0.00924	0.01751	0.02817	0.02953	0.00118	0.00481	0.03292	0.00196	0.00483
18	0.00826	0.03421	0.06950	0.09493	0.06327	0.01936	0.05199	0.04190	0.04331	0.09488	0.02971	0.15591	0.17838	0.03765	0.01578	0.00148	0.04604	0.00590	0.00301	0.00456
19	0.00888	0.00927	0.01202	0.54112	0.11550	0.15989	0.03036	0.01109	0.00860	0.01033	0.00794	0.03989	0.02015	0.00427	0.00391	0.00125	0.00537	0.00369	0.00192	0.00457
20	0.01464	0.01868	0.01111	0.01010	0.01212	0.84648	0.00757	0.01565	0.01111	0.00959	0.00606	0.00707	0.00505	0.00404	0.00353	0.00101	0.00707	0.00252	0.00202	0.00454
21	0.01107	0.02152	0.04264	0.14908	0.17668	0.14126	0.01747	0.08226	0.03173	0.13511	0.02443	0.03566	0.00804	0.02834	0.05471	0.00158	0.02672	0.00379	0.00267	0.00527
22	0.01108	0.02301	0.02246	0.17725	0.29895	0.00844	0.07621	0.05885	0.00967	0.19982	0.00974	0.03378	0.00739	0.00426	0.00409	0.00123	0.01874	0.00387	0.02545	0.00570
23	0.02569	0.00728	0.00834	0.00725	0.00920	0.02222	0.00569	0.13006	0.30115	0.15191	0.01301	0.01361	0.02433	0.01013	0.14280	0.10995	0.00460	0.00406	0.00347	0.00524
24	0.00477	0.00343	0.00453	0.00542	0.00568	0.00319	0.00362	0.00546	0.00754	0.01002	0.02208	0.83830	0.04699	0.01222	0.00499	0.00159	0.00227	0.01107	0.00364	0.00319
