[name]
unknown

[dist]
# distance from previous block
# <min> <max>
0	27

[block]
# block no. 0 follows, 69 sequences, length 36
# corresponding to MSA columns:
# 27-62
name=unknown_A
#
# <colnr> <probs for GDERKNQSTAVLIFYWHMCP>
#	G	D	E	R	K	N	Q	S	T	A	V	L	I	F	Y	W	H	M	C	P
0	0.46315	0.00610	0.00603	0.00615	0.00784	0.00673	0.00525	0.00988	0.00781	0.01476	0.01285	0.02465	0.01309	0.00711	0.00387	0.00150	0.00331	0.39299	0.00300	0.00394
1	0.43688	0.00922	0.00862	0.00742	0.03372	0.04182	0.00585	0.33490	0.01181	0.01988	0.05025	0.00889	0.00700	0.00430	0.00322	0.00119	0.00368	0.00300	0.00309	0.00525
2	0.03367	0.00780	0.01154	0.76922	0.02540	0.06721	0.01046	0.01045	0.00803	0.01021	0.00686	0.01010	0.00519	0.00392	0.00385	0.00128	0.00529	0.00338	0.00178	0.00437
3	0.00771	0.00741	0.01293	0.68990	0.09384	0.00874	0.08137	0.01034	0.00813	0.01061	0.02747	0.01086	0.00615	0.00393	0.00400	0.00129	0.00522	0.00367	0.00184	0.00458
4	0.01329	0.00695	0.00914	0.00753	0.00951	0.00722	0.00609	0.10801	0.01046	0.43961	0.03479	0.12703	0.01147	0.01648	0.01612	0.00144	0.16045	0.00488	0.00393	0.00560
5	0.00994	0.00950	0.01556	0.04360	0.77011	0.02587	0.01174	0.04304	0.00931	0.01313	0.00742	0.00966	0.00618	0.00356	0.00388	0.00117	0.00471	0.00348	0.00201	0.00615
6	0.01339	0.05000	0.01175	0.05424	0.04417	0.67536	0.02297	0.01455	0.01040	0.00972	0.00633	0.00796	0.00539	0.02910	0.00428	0.00113	0.02996	0.00275	0.00199	0.00456
7	0.00939	0.00895	0.01522	0.09736	0.73794	0.00910	0.01174	0.01172	0.00883	0.01252	0.00778	0.01092	0.00667	0.00377	0.00394	0.00120	0.00467	0.03034	0.00198	0.00596
8	0.00925	0.01058	0.02313	0.01652	0.02049	0.00991	0.82353	0.01256	0.00925	0.01256	0.00793	0.01058	0.00595	0.00330	0.00463	0.00132	0.00661	0.00463	0.00198	0.00529
9	0.44890	0.00753	0.00810	0.07955	0.05333	0.00800	0.00579	0.05456	0.00872	0.22164	0.00848	0.00890	0.00602	0.00396	0.00311	0.00118	0.00344	0.00285	0.00302	0.06294
10	0.01189	0.17322	0.03307	0.00649	0.00895	0.00710	0.00563	0.01351	0.01022	0.37453	0.21800	0.04055	0.01652	0.00581	0.00392	0.00118	0.00318	0.04626	0.00388	0.01608
11	0.00813	0.00697	0.00813	0.00581	0.00929	0.00523	0.00465	0.00987	0.00813	0.01277	0.00697	0.00813	0.00581	0.00290	0.00290	0.00058	0.00290	0.00232	0.00232	0.88619
12	0.00786	0.00669	0.00784	0.00578	0.00900	0.00506	0.00457	0.00952	0.00808	0.01255	0.00813	0.07588	0.00741	0.00365	0.00307	0.00066	0.00285	0.00302	0.00243	0.81594
13	0.01245	0.00973	0.01039	0.00843	0.01121	0.01082	0.00680	0.45493	0.34874	0.02070	0.01195	0.01147	0.00878	0.00486	0.00390	0.00121	0.00375	0.00383	0.00387	0.05218
14	0.00506	0.00363	0.00463	0.00517	0.00549	0.00351	0.00345	0.00569	0.00710	0.00943	0.01983	0.52123	0.08610	0.19911	0.09930	0.00256	0.00347	0.00898	0.00320	0.00305
15	0.00921	0.45508	0.41892	0.00887	0.01341	0.01240	0.01048	0.01207	0.00812	0.01077	0.00622	0.00725	0.00500	0.00353	0.00310	0.00103	0.00497	0.00248	0.00167	0.00540
16	0.00811	0.08969	0.75761	0.01091	0.01647	0.00965	0.03024	0.01236	0.00827	0.01216	0.00692	0.00816	0.00499	0.00369	0.00364	0.00121	0.00568	0.00287	0.00166	0.00572
17	0.00579	0.00402	0.00494	0.00475	0.00489	0.00399	0.03085	0.00593	0.00590	0.00787	0.01256	0.05795	0.01442	0.79905	0.01884	0.00363	0.00384	0.00588	0.00241	0.00251
18	0.00911	0.01004	0.02737	0.02838	0.07567	0.05193	0.50404	0.01215	0.05135	0.01203	0.00896	0.07758	0.00770	0.00458	0.00541	0.00136	0.10030	0.00477	0.00218	0.00508
19	0.08571	0.03415	0.05303	0.00829	0.02770	0.05469	0.04891	0.11149	0.01130	0.50616	0.01215	0.01129	0.00801	0.00448	0.00378	0.00119	0.00398	0.00359	0.00393	0.00618
20	0.05526	0.00858	0.01317	0.23315	0.34007	0.02241	0.06184	0.09884	0.02604	0.02340	0.02547	0.01196	0.03945	0.00427	0.00394	0.00124	0.00462	0.01857	0.00235	0.00539
21	0.00947	0.04302	0.03257	0.04787	0.66290	0.00934	0.06606	0.01185	0.00884	0.01253	0.00757	0.01026	0.00640	0.00362	0.00387	0.00116	0.00473	0.01955	0.00197	0.03644
22	0.04327	0.15700	0.20041	0.00985	0.06131	0.07870	0.05825	0.12620	0.05589	0.06754	0.00924	0.07681	0.00772	0.00461	0.00366	0.00116	0.00464	0.00373	0.00258	0.02744
23	0.04416	0.00947	0.06030	0.14508	0.48693	0.04506	0.01052	0.01186	0.00879	0.04603	0.02816	0.01013	0.00681	0.00415	0.01740	0.00124	0.00472	0.00342	0.00212	0.05364
24	0.03810	0.00934	0.01361	0.07729	0.51661	0.05909	0.01019	0.07762	0.00964	0.04595	0.03633	0.01038	0.00729	0.00468	0.02529	0.00133	0.04570	0.00355	0.00230	0.00573
25	0.03461	0.11887	0.14974	0.06925	0.08984	0.07127	0.09932	0.12038	0.03819	0.05677	0.03322	0.05880	0.00808	0.00460	0.00407	0.00121	0.03004	0.00384	0.00252	0.00536
26	0.03749	0.10549	0.07787	0.01325	0.21825	0.08807	0.11770	0.11273	0.05565	0.03167	0.02894	0.03410	0.00754	0.00419	0.00388	0.00115	0.01571	0.00364	0.00246	0.04023
27	0.03187	0.05262	0.01456	0.13839	0.51248	0.03774	0.02510	0.03625	0.04134	0.03700	0.00771	0.00974	0.00623	0.00381	0.00404	0.00119	0.02862	0.00342	0.00213	0.00574
28	0.05960	0.00912	0.06342	0.19025	0.32854	0.00910	0.00978	0.11062	0.06723	0.01401	0.01888	0.03561	0.02854	0.00440	0.00401	0.00123	0.01925	0.00381	0.00242	0.02015
29	0.02640	0.04213	0.09827	0.11259	0.30426	0.07359	0.06972	0.05279	0.03172	0.01244	0.00828	0.06678	0.00722	0.00450	0.00445	0.00124	0.05813	0.00388	0.00216	0.01946
30	0.04397	0.03253	0.15380	0.21040	0.20502	0.03815	0.07656	0.04667	0.05340	0.04239	0.00819	0.01884	0.00646	0.02769	0.00443	0.00131	0.01910	0.00357	0.00219	0.00533
31	0.03392	0.00998	0.06437	0.13609	0.33224	0.04514	0.08042	0.12454	0.03571	0.05323	0.03126	0.01074	0.01653	0.00406	0.00393	0.00121	0.00477	0.00368	0.00247	0.00570
32	0.06285	0.07700	0.10320	0.11972	0.19874	0.09223	0.03152	0.12754	0.03890	0.05644	0.04889	0.01023	0.00759	0.00415	0.00371	0.00117	0.00470	0.00341	0.00252	0.00549
33	0.07770	0.09349	0.10161	0.12718	0.31136	0.03077	0.00980	0.11256	0.02609	0.02986	0.02118	0.02687	0.00679	0.00405	0.00366	0.00118	0.00455	0.00341	0.00231	0.00557
34	0.00928	0.03224	0.06938	0.19934	0.20522	0.03924	0.00884	0.04116	0.05727	0.07655	0.03650	0.02750	0.05859	0.03442	0.00488	0.00131	0.04582	0.00402	0.00252	0.04591
35	0.02288	0.05994	0.09194	0.08316	0.17860	0.03841	0.03966	0.17764	0.09434	0.03838	0.04426	0.01230	0.05817	0.00458	0.00384	0.00118	0.00431	0.00385	0.00280	0.03976

[dist]
# distance from previous block
# <min> <max>
0	59

[block]
# block no. 1 follows, 69 sequences, length 36
# corresponding to MSA columns:
# 128-163
name=unknown_B
#
# <colnr> <probs for GDERKNQSTAVLIFYWHMCP>
#	G	D	E	R	K	N	Q	S	T	A	V	L	I	F	Y	W	H	M	C	P
0	0.01952	0.06228	0.15473	0.01280	0.20891	0.06251	0.04972	0.20627	0.03972	0.05309	0.05625	0.01046	0.00805	0.00425	0.00390	0.00116	0.01353	0.00353	0.00271	0.02662
1	0.00952	0.03141	0.17029	0.03266	0.34356	0.02453	0.04085	0.06875	0.02512	0.04593	0.05797	0.03248	0.01814	0.00481	0.01349	0.00129	0.06734	0.00388	0.00236	0.00562
2	0.02197	0.04856	0.06434	0.04098	0.30284	0.04465	0.03201	0.05450	0.07778	0.10528	0.11440	0.01256	0.01075	0.00445	0.00386	0.00116	0.00413	0.00389	0.00283	0.04905
3	0.02017	0.10119	0.19061	0.09683	0.18152	0.02490	0.06546	0.01237	0.02368	0.11178	0.05715	0.01187	0.04336	0.00428	0.00378	0.00117	0.00454	0.00370	0.00245	0.03919
4	0.00958	0.05022	0.16894	0.01902	0.17033	0.03705	0.09080	0.06627	0.05137	0.07604	0.12272	0.01382	0.03578	0.00472	0.00396	0.00118	0.00436	0.01828	0.00276	0.05281
5	0.05241	0.08750	0.21428	0.02795	0.12706	0.04713	0.05919	0.05440	0.01549	0.02553	0.05641	0.07563	0.05457	0.02123	0.01493	0.00134	0.04133	0.00427	0.00240	0.01695
6	0.00911	0.07644	0.25343	0.01100	0.12160	0.00843	0.07456	0.04660	0.04475	0.08590	0.08722	0.07802	0.02499	0.02893	0.00469	0.00132	0.03058	0.00445	0.00266	0.00530
7	0.00958	0.13805	0.25872	0.02947	0.14651	0.02246	0.05491	0.07977	0.04396	0.03287	0.02904	0.00976	0.01674	0.00416	0.00430	0.00117	0.06549	0.00330	0.00222	0.04751
8	0.00908	0.04725	0.23245	0.01084	0.13811	0.04131	0.05304	0.03296	0.04597	0.09010	0.11274	0.05997	0.07638	0.00532	0.00400	0.00121	0.00422	0.00458	0.00280	0.02768
9	0.00858	0.05948	0.34689	0.02661	0.15570	0.00827	0.04648	0.02028	0.03121	0.05676	0.06628	0.07087	0.00968	0.02156	0.01798	0.00134	0.00472	0.00407	0.00235	0.04089
10	0.00866	0.02250	0.41783	0.02025	0.08334	0.01812	0.02957	0.05427	0.02324	0.05805	0.12115	0.03562	0.01070	0.01747	0.00412	0.00123	0.00460	0.00390	0.00250	0.06288
11	0.00937	0.13180	0.34469	0.04527	0.02287	0.03177	0.01931	0.01209	0.00897	0.13183	0.10689	0.03101	0.03936	0.02160	0.00432	0.00125	0.02589	0.00391	0.00258	0.00522
12	0.02184	0.08532	0.38906	0.01050	0.07573	0.00872	0.05993	0.04341	0.00896	0.04947	0.04028	0.00997	0.00708	0.00388	0.00361	0.00110	0.00473	0.01591	0.00219	0.15834
13	0.00990	0.11292	0.28482	0.01069	0.10528	0.00903	0.04959	0.06051	0.00955	0.12299	0.09788	0.01179	0.02234	0.00453	0.00423	0.00119	0.04662	0.00368	0.00260	0.02987
14	0.05339	0.24171	0.30875	0.02059	0.03903	0.09029	0.02862	0.06224	0.00934	0.04503	0.06036	0.00929	0.00738	0.00402	0.00343	0.00111	0.00489	0.00303	0.00219	0.00533
15	0.05226	0.00702	0.15710	0.00653	0.00819	0.00477	0.00577	0.00791	0.00785	0.05212	0.01768	0.55927	0.04147	0.00944	0.00448	0.00144	0.00303	0.00836	0.00322	0.04208
16	0.03064	0.00862	0.07248	0.00776	0.06875	0.03300	0.00611	0.05072	0.00888	0.01348	0.03982	0.00907	0.00698	0.00335	0.00316	0.00076	0.00341	0.00270	0.00240	0.62790
17	0.00860	0.04877	0.60377	0.01056	0.02470	0.03229	0.03137	0.01277	0.04918	0.03879	0.02543	0.00917	0.00624	0.00401	0.00408	0.00122	0.04024	0.00310	0.00198	0.04374
18	0.03116	0.00691	0.10968	0.00721	0.04922	0.00539	0.02797	0.05207	0.01074	0.01542	0.57575	0.05120	0.02778	0.00698	0.00439	0.00124	0.00278	0.00614	0.00371	0.00428
19	0.01078	0.60920	0.07963	0.00766	0.01113	0.05604	0.02990	0.09176	0.00922	0.01127	0.00613	0.00699	0.00525	0.00353	0.00287	0.00091	0.00447	0.00240	0.00195	0.04889
20	0.00625	0.06004	0.07392	0.00721	0.04363	0.01815	0.02798	0.02020	0.02283	0.01052	0.01768	0.41868	0.09024	0.04287	0.11902	0.00216	0.00416	0.00764	0.00297	0.00385
21	0.00875	0.13321	0.58118	0.04483	0.08492	0.03675	0.01269	0.03254	0.00862	0.01214	0.00687	0.00820	0.00513	0.00370	0.00358	0.00117	0.00546	0.00287	0.00175	0.00565
22	0.00955	0.09776	0.54439	0.01175	0.09800	0.00936	0.04590	0.01314	0.00871	0.11382	0.00799	0.00895	0.00572	0.00379	0.00369	0.00120	0.00526	0.00308	0.00209	0.00585
23	0.00551	0.00407	0.00502	0.00549	0.00610	0.00366	0.00375	0.00622	0.00828	0.01106	0.09739	0.58601	0.14203	0.05355	0.00577	0.00167	0.00247	0.00985	0.00374	0.03837
24	0.01400	0.01072	0.14671	0.00846	0.01178	0.03227	0.00780	0.30386	0.03595	0.31446	0.05196	0.01168	0.00905	0.00479	0.00406	0.00121	0.01740	0.00374	0.00382	0.00627
25	0.01189	0.05240	0.06963	0.04026	0.27451	0.03408	0.06983	0.16892	0.01102	0.15900	0.00940	0.01109	0.00717	0.00433	0.00422	0.00121	0.03296	0.02928	0.00284	0.00597
26	0.01421	0.01046	0.21376	0.00827	0.01187	0.00742	0.00809	0.06611	0.08056	0.50315	0.01289	0.01189	0.00847	0.00464	0.00405	0.00124	0.01897	0.00369	0.00388	0.00637
27	0.00970	0.00905	0.01483	0.14536	0.64113	0.00942	0.01140	0.06518	0.03175	0.01327	0.00768	0.00993	0.00625	0.00369	0.00389	0.00119	0.00468	0.00352	0.00210	0.00597
28	0.00951	0.00908	0.01546	0.05354	0.78263	0.00914	0.01181	0.01184	0.00889	0.01267	0.00778	0.01080	0.00668	0.00374	0.00393	0.00119	0.00465	0.02860	0.00199	0.00606
29	0.01376	0.00977	0.01067	0.00846	0.01130	0.01071	0.00689	0.56950	0.15889	0.09745	0.03018	0.03466	0.00909	0.00511	0.00398	0.00122	0.00390	0.00402	0.00402	0.00642
30	0.00478	0.00341	0.00455	0.00546	0.00569	0.00318	0.00364	0.00546	0.00751	0.01001	0.02161	0.85966	0.02593	0.01228	0.00500	0.00159	0.00227	0.01114	0.00364	0.00318
31	0.00570	0.00380	0.00428	0.00428	0.00428	0.00380	0.00238	0.00570	0.00570	0.00760	0.01235	0.02566	0.01425	0.86222	0.01995	0.00380	0.00380	0.00570	0.00238	0.00238
32	0.01044	0.76063	0.08850	0.00717	0.01072	0.01485	0.00738	0.04393	0.00841	0.01010	0.00574	0.00658	0.00509	0.00344	0.00267	0.00089	0.00433	0.00222	0.00176	0.00516
33	0.01037	0.73535	0.11026	0.00734	0.01091	0.05075	0.00760	0.01198	0.00814	0.00959	0.00565	0.00654	0.00502	0.00342	0.00269	0.00089	0.00449	0.00220	0.00169	0.00509
34	0.01199	0.30875	0.16463	0.00853	0.01217	0.02792	0.00838	0.35563	0.01260	0.02962	0.02039	0.00845	0.00628	0.00410	0.00340	0.00107	0.00454	0.00296	0.00272	0.00586
35	0.00976	0.37104	0.34612	0.00854	0.01264	0.03642	0.00959	0.03447	0.00883	0.06032	0.04852	0.00928	0.02103	0.00399	0.00329	0.00106	0.00472	0.00293	0.00209	0.00537

[dist]
# distance from previous block
# <min> <max>
18	39

[block]
# block no. 2 follows, 69 sequences, length 8
# corresponding to MSA columns:
# 210-217
name=unknown_C
#
# <colnr> <probs for GDERKNQSTAVLIFYWHMCP>
#	G	D	E	R	K	N	Q	S	T	A	V	L	I	F	Y	W	H	M	C	P
0	0.04882	0.06179	0.01540	0.28081	0.19696	0.03592	0.19344	0.01168	0.03438	0.01164	0.00724	0.00977	0.00575	0.00390	0.00455	0.00127	0.06609	0.00359	0.00194	0.00506
1	0.00927	0.00761	0.00884	0.00702	0.02871	0.05762	0.03756	0.02958	0.00896	0.09605	0.01219	0.01273	0.11715	0.00431	0.00373	0.00087	0.03192	0.00348	0.00273	0.51967
2	0.00705	0.00558	0.00838	0.06723	0.07335	0.00565	0.06229	0.00940	0.05955	0.03224	0.05767	0.09521	0.06837	0.04944	0.00559	0.00167	0.00369	0.38025	0.00327	0.00411
3	0.00592	0.00372	0.00444	0.00444	0.00444	0.00372	0.00258	0.00559	0.00559	0.00745	0.01127	0.02297	0.01280	0.69641	0.01905	0.17616	0.00372	0.00525	0.00224	0.00224
4	0.01490	0.01098	0.01177	0.00902	0.01216	0.01216	0.00745	0.82470	0.01843	0.02471	0.00941	0.00941	0.00667	0.00471	0.00392	0.00118	0.00431	0.00353	0.00392	0.00667
5	0.01048	0.86458	0.02054	0.00671	0.01006	0.01551	0.00671	0.01174	0.00797	0.00922	0.00545	0.00629	0.00503	0.00335	0.00252	0.00084	0.00419	0.00210	0.00168	0.00503
6	0.01011	0.74477	0.13710	0.00734	0.01104	0.01460	0.00781	0.01184	0.00801	0.00968	0.00568	0.00657	0.00502	0.00341	0.00269	0.00090	0.00442	0.00221	0.00167	0.00514
7	0.00923	0.30389	0.50782	0.00952	0.01431	0.01147	0.01138	0.06851	0.00888	0.01219	0.00667	0.00769	0.00511	0.00367	0.00333	0.00110	0.00515	0.00267	0.00182	0.00560

[dist]
# distance from previous block
# <min> <max>
1	5

[block]
# block no. 3 follows, 69 sequences, length 19
# corresponding to MSA columns:
# 223-241
name=unknown_D
#
# <colnr> <probs for GDERKNQSTAVLIFYWHMCP>
#	G	D	E	R	K	N	Q	S	T	A	V	L	I	F	Y	W	H	M	C	P
0	0.03451	0.70433	0.12406	0.00729	0.01090	0.02764	0.00762	0.01202	0.00808	0.02533	0.00585	0.00669	0.00509	0.00345	0.00271	0.00091	0.00439	0.00224	0.00176	0.00513
1	0.00586	0.03468	0.19186	0.00662	0.00862	0.00515	0.00639	0.00772	0.00841	0.01107	0.03906	0.26527	0.24888	0.00911	0.00459	0.00144	0.00324	0.13494	0.00314	0.00394
2	0.00803	0.09870	0.73873	0.01056	0.01597	0.00953	0.01342	0.01219	0.00834	0.01222	0.03303	0.00875	0.00598	0.00383	0.00364	0.00120	0.00552	0.00295	0.00174	0.00566
3	0.04130	0.11440	0.24497	0.04648	0.11385	0.10210	0.00965	0.01313	0.02954	0.06624	0.16207	0.01432	0.01280	0.00549	0.00431	0.00140	0.00496	0.00416	0.00298	0.00586
4	0.00512	0.00355	0.00466	0.00539	0.00578	0.00328	0.00366	0.00589	0.00783	0.03123	0.05522	0.75584	0.07439	0.01178	0.00494	0.00155	0.00227	0.01063	0.00370	0.00330
5	0.01332	0.01622	0.01125	0.16590	0.01487	0.65983	0.00818	0.04537	0.01078	0.01025	0.00636	0.00778	0.00514	0.00404	0.00362	0.00107	0.00662	0.00274	0.00204	0.00459
6	0.01434	0.00889	0.16271	0.00766	0.01094	0.00618	0.00731	0.01646	0.01051	0.58381	0.05689	0.01550	0.01119	0.00525	0.00405	0.00126	0.00373	0.06306	0.00414	0.00613
7	0.01544	0.06545	0.05571	0.00818	0.03473	0.03656	0.04000	0.02736	0.02439	0.60927	0.01355	0.03235	0.00910	0.00474	0.00387	0.00120	0.00381	0.00390	0.00411	0.00628
8	0.01464	0.01868	0.01111	0.01010	0.01212	0.84648	0.00757	0.01565	0.01111	0.00959	0.00606	0.00707	0.00505	0.00404	0.00353	0.00101	0.00707	0.00252	0.00202	0.00454
9	0.00638	0.00736	0.16053	0.00752	0.00938	0.00520	0.00738	0.00858	0.00887	0.01171	0.02076	0.03671	0.12823	0.00940	0.00500	0.00164	0.00380	0.55435	0.00325	0.00397
10	0.00820	0.01825	0.68916	0.01356	0.16876	0.00914	0.01403	0.01234	0.00840	0.01249	0.00710	0.00854	0.00520	0.00368	0.00375	0.00123	0.00558	0.00301	0.00171	0.00587
11	0.01279	0.00815	0.07192	0.00867	0.07076	0.00725	0.00678	0.06835	0.19059	0.37892	0.01448	0.09701	0.01113	0.02922	0.00448	0.00134	0.00354	0.00467	0.00396	0.00600
12	0.00521	0.00375	0.00509	0.00555	0.00601	0.00372	0.00396	0.00626	0.00790	0.01083	0.16940	0.45277	0.02396	0.06302	0.17221	0.00259	0.00397	0.04709	0.00339	0.00332
13	0.01540	0.01018	0.01127	0.00864	0.01176	0.01097	0.00714	0.67571	0.01710	0.17557	0.01053	0.01014	0.00723	0.00473	0.00393	0.00118	0.00413	0.00361	0.00409	0.00667
14	0.00922	0.00734	0.01090	0.12945	0.28651	0.03126	0.03149	0.03045	0.00944	0.11756	0.03934	0.01966	0.16261	0.00587	0.00423	0.00129	0.00400	0.09140	0.00290	0.00506
15	0.17220	0.00870	0.01405	0.10328	0.46203	0.00901	0.10812	0.01177	0.00848	0.02567	0.00763	0.01051	0.00633	0.00381	0.00376	0.00123	0.00459	0.03125	0.00212	0.00546
16	0.00475	0.00353	0.00443	0.00515	0.00561	0.00321	0.00350	0.00549	0.00780	0.01013	0.02533	0.69079	0.19240	0.01180	0.00493	0.00154	0.00222	0.01056	0.00364	0.00321
17	0.01025	0.70665	0.02102	0.00852	0.01199	0.01448	0.15777	0.01189	0.00820	0.00984	0.00591	0.00708	0.00520	0.00334	0.00291	0.00093	0.00464	0.00256	0.00173	0.00508
18	0.00963	0.07320	0.46658	0.02842	0.05871	0.00984	0.06333	0.16241	0.01026	0.03414	0.00823	0.04292	0.00637	0.00422	0.00381	0.00122	0.00519	0.00347	0.00227	0.00578

[dist]
# distance from previous block
# <min> <max>
0	5

[block]
# block no. 4 follows, 69 sequences, length 15
# corresponding to MSA columns:
# 267-281
name=unknown_E
#
# <colnr> <probs for GDERKNQSTAVLIFYWHMCP>
#	G	D	E	R	K	N	Q	S	T	A	V	L	I	F	Y	W	H	M	C	P
0	0.00843	0.16642	0.59288	0.04369	0.01647	0.01028	0.08525	0.01222	0.00829	0.01178	0.00684	0.00822	0.00508	0.00363	0.00360	0.00118	0.00556	0.00293	0.00169	0.00556
1	0.01104	0.13541	0.24009	0.03123	0.05630	0.02008	0.14598	0.12756	0.01031	0.14208	0.00909	0.03782	0.00688	0.00420	0.00382	0.00119	0.00494	0.00364	0.00262	0.00574
2	0.02600	0.13135	0.21316	0.02971	0.05377	0.00866	0.11402	0.01437	0.00938	0.30999	0.01055	0.04493	0.00772	0.00436	0.00379	0.00120	0.00453	0.00375	0.00296	0.00579
3	0.00712	0.03878	0.26744	0.00906	0.01181	0.00688	0.12524	0.04751	0.00853	0.01179	0.01375	0.35474	0.01454	0.02958	0.00482	0.00146	0.00423	0.03550	0.00270	0.00451
4	0.00734	0.06759	0.57448	0.00908	0.01338	0.00806	0.01094	0.01062	0.00797	0.01133	0.01156	0.01409	0.10472	0.12540	0.00605	0.00159	0.00496	0.00388	0.00199	0.00497
5	0.01237	0.10395	0.27115	0.00976	0.01381	0.00928	0.11305	0.12891	0.01072	0.27373	0.00996	0.01011	0.00683	0.00412	0.00381	0.00119	0.00475	0.00345	0.00302	0.00605
6	0.00796	0.05471	0.62705	0.01056	0.01539	0.00868	0.06854	0.01175	0.00829	0.03243	0.00880	0.09672	0.00741	0.00504	0.01859	0.00135	0.00544	0.00388	0.00197	0.00544
7	0.00845	0.23256	0.59534	0.00986	0.01481	0.01051	0.01214	0.01204	0.00823	0.01158	0.00728	0.00947	0.00581	0.00397	0.00350	0.00117	0.00529	0.04075	0.00175	0.00550
8	0.01622	0.00859	0.12644	0.00757	0.01099	0.00623	0.00699	0.01816	0.01081	0.72381	0.01428	0.01263	0.00904	0.00469	0.00391	0.00122	0.00368	0.00380	0.00440	0.00655
9	0.00806	0.05421	0.75266	0.01135	0.01692	0.00942	0.06911	0.01240	0.00833	0.01229	0.00703	0.00835	0.00504	0.00368	0.00374	0.00123	0.00578	0.00298	0.00168	0.00573
10	0.00898	0.04868	0.31473	0.05088	0.10841	0.00785	0.07505	0.01183	0.00877	0.11606	0.01131	0.10687	0.01012	0.00555	0.00413	0.00132	0.00469	0.09693	0.00256	0.00527
11	0.00823	0.13924	0.72618	0.01054	0.01599	0.01001	0.01339	0.01232	0.00823	0.01197	0.00681	0.00800	0.00498	0.00367	0.00355	0.00118	0.00557	0.00278	0.00166	0.00569
12	0.00479	0.00354	0.00450	0.00525	0.00568	0.00324	0.00360	0.00556	0.00780	0.01016	0.02476	0.69283	0.16814	0.01183	0.00495	0.00155	0.00226	0.03270	0.00364	0.00322
13	0.00702	0.00721	0.12518	0.00804	0.04156	0.00542	0.07108	0.00931	0.03752	0.06268	0.21083	0.27042	0.04098	0.00813	0.00459	0.00140	0.00331	0.07760	0.00341	0.00432
14	0.05245	0.04753	0.65030	0.01151	0.01678	0.00943	0.13336	0.01237	0.00833	0.01259	0.00703	0.00845	0.00508	0.00365	0.00375	0.00124	0.00572	0.00309	0.00174	0.00561

[dist]
# distance from previous block
# <min> <max>
8	12

[block]
# block no. 5 follows, 69 sequences, length 8
# corresponding to MSA columns:
# 295-302
name=unknown_F
#
# <colnr> <probs for GDERKNQSTAVLIFYWHMCP>
#	G	D	E	R	K	N	Q	S	T	A	V	L	I	F	Y	W	H	M	C	P
0	0.00478	0.00341	0.00455	0.00546	0.00569	0.00318	0.00364	0.00546	0.00751	0.01001	0.02161	0.85966	0.02593	0.01228	0.00500	0.00159	0.00227	0.01114	0.00364	0.00318
1	0.00770	0.00652	0.00767	0.00576	0.00883	0.00497	0.00452	0.00931	0.00805	0.01242	0.00883	0.11642	0.00837	0.00410	0.00317	0.00071	0.00282	0.00344	0.00249	0.77390
2	0.01120	0.01115	0.08273	0.00921	0.04591	0.12972	0.00743	0.12383	0.42099	0.05011	0.01203	0.01169	0.00899	0.00469	0.00383	0.00120	0.00413	0.00373	0.00335	0.05408
3	0.00959	0.13487	0.31406	0.00946	0.04611	0.00856	0.06341	0.01256	0.02589	0.13411	0.09332	0.03148	0.00978	0.00440	0.00370	0.00113	0.00440	0.00368	0.00259	0.08691
4	0.09301	0.06296	0.57253	0.03219	0.01487	0.00886	0.03460	0.01200	0.00846	0.03824	0.07959	0.01010	0.00788	0.00410	0.00365	0.00122	0.00503	0.00324	0.00207	0.00539
5	0.00930	0.01688	0.59305	0.01163	0.01676	0.00884	0.15930	0.01325	0.00881	0.11309	0.00822	0.00931	0.00572	0.00379	0.00391	0.00125	0.00564	0.00334	0.00210	0.00581
6	0.00868	0.08843	0.44103	0.00990	0.04050	0.00817	0.05443	0.01170	0.00849	0.10219	0.01078	0.17814	0.00975	0.00549	0.00395	0.00127	0.00469	0.00469	0.00243	0.00529
7	0.00958	0.09852	0.56318	0.01023	0.01509	0.00929	0.05108	0.04439	0.00903	0.11607	0.00849	0.03325	0.00628	0.00409	0.00372	0.00121	0.00521	0.00329	0.00222	0.00576

[dist]
# distance from previous block
# <min> <max>
0	7

[block]
# block no. 6 follows, 69 sequences, length 107
# corresponding to MSA columns:
# 310-416
name=unknown_G
#
# <colnr> <probs for GDERKNQSTAVLIFYWHMCP>
#	G	D	E	R	K	N	Q	S	T	A	V	L	I	F	Y	W	H	M	C	P
0	0.36249	0.01002	0.10753	0.02173	0.01267	0.04439	0.22556	0.02377	0.00818	0.03909	0.00855	0.05052	0.02612	0.00440	0.00379	0.00128	0.02565	0.01714	0.00237	0.00474
1	0.02243	0.00776	0.00901	0.01997	0.01023	0.04945	0.03759	0.01153	0.03974	0.08497	0.00802	0.00888	0.00631	0.00327	0.00315	0.00074	0.00335	0.00266	0.00257	0.66838
2	0.00869	0.00902	0.07673	0.01096	0.10979	0.00745	0.19178	0.02197	0.08817	0.02641	0.05721	0.01170	0.03274	0.00392	0.00376	0.00102	0.00413	0.00372	0.00252	0.32831
3	0.01081	0.79837	0.01980	0.00697	0.01022	0.08055	0.00678	0.01205	0.00821	0.00925	0.00550	0.00635	0.00503	0.00341	0.00260	0.00085	0.00442	0.00213	0.00170	0.00499
4	0.00493	0.00358	0.00466	0.00525	0.00570	0.00330	0.00361	0.00589	0.00838	0.01129	0.19962	0.62551	0.08135	0.01120	0.00490	0.00150	0.00216	0.01008	0.00379	0.00330
5	0.01011	0.00915	0.00913	0.00815	0.01034	0.06870	0.00634	0.03258	0.71975	0.01579	0.01467	0.01370	0.01108	0.00520	0.00416	0.00130	0.02499	0.00421	0.00375	0.02690
6	0.01068	0.00634	0.00771	0.00682	0.00876	0.00634	0.00552	0.11746	0.12997	0.23808	0.11454	0.04350	0.08089	0.03814	0.00498	0.00146	0.00319	0.16639	0.00408	0.00514
7	0.00622	0.00481	0.00569	0.00539	0.00658	0.00474	0.00405	0.03240	0.13373	0.01465	0.47372	0.10514	0.17134	0.00825	0.00455	0.00130	0.00217	0.00717	0.00407	0.00404
8	0.00740	0.00697	0.01176	0.85280	0.02700	0.00871	0.01089	0.01002	0.00784	0.01002	0.00697	0.01045	0.00523	0.00392	0.00392	0.00131	0.00523	0.00348	0.00174	0.00436
9	0.00975	0.00842	0.00886	0.00798	0.01019	0.00975	0.00621	0.02083	0.83069	0.01640	0.01596	0.01463	0.01197	0.00532	0.00399	0.00133	0.00310	0.00443	0.00399	0.00621
10	0.00740	0.00697	0.01176	0.85280	0.02700	0.00871	0.01089	0.01002	0.00784	0.01002	0.00697	0.01045	0.00523	0.00392	0.00392	0.00131	0.00523	0.00348	0.00174	0.00436
11	0.00603	0.00440	0.00592	0.00670	0.00764	0.00430	0.00575	0.00768	0.00897	0.01152	0.02354	0.06669	0.14125	0.01074	0.00529	0.00173	0.00333	0.67133	0.00362	0.00355
12	0.00470	0.00369	0.00426	0.00471	0.00549	0.00325	0.00330	0.00554	0.00823	0.01030	0.03077	0.44383	0.43585	0.01109	0.00482	0.00146	0.00213	0.00969	0.00364	0.00325
13	0.00786	0.02028	0.84191	0.01117	0.01697	0.00910	0.01448	0.01242	0.00828	0.01242	0.00704	0.00828	0.00497	0.00372	0.00372	0.00124	0.00579	0.00290	0.00166	0.00579
14	0.00476	0.00396	0.00415	0.00414	0.00538	0.00336	0.00309	0.00585	0.00918	0.01124	0.14294	0.06023	0.70874	0.00975	0.00464	0.00132	0.00198	0.00820	0.00373	0.00336
15	0.00575	0.00421	0.00542	0.00510	0.00609	0.00398	0.00385	0.00800	0.04717	0.01569	0.78619	0.02888	0.03565	0.00794	0.00461	0.00125	0.00193	0.02019	0.00429	0.00381
16	0.00970	0.00931	0.01591	0.02406	0.83777	0.00931	0.01203	0.01203	0.00893	0.01281	0.00737	0.00970	0.00621	0.00349	0.00388	0.00116	0.00466	0.00349	0.00194	0.00621
17	0.00548	0.00400	0.00514	0.00486	0.00581	0.00367	0.00364	0.00726	0.01093	0.01532	0.77418	0.02994	0.09876	0.00816	0.00462	0.00124	0.00186	0.00718	0.00426	0.00367
18	0.00478	0.00341	0.00455	0.00546	0.00569	0.00318	0.00364	0.00546	0.00751	0.01001	0.02161	0.85966	0.02593	0.01228	0.00500	0.00159	0.00227	0.01114	0.00364	0.00318
19	0.00801	0.06626	0.79718	0.01093	0.01659	0.00945	0.01406	0.01238	0.00826	0.01224	0.00695	0.00817	0.00497	0.00370	0.00366	0.00122	0.00571	0.00285	0.00166	0.00575
20	0.01227	0.46471	0.01626	0.00882	0.04104	0.37757	0.00728	0.01346	0.00937	0.00952	0.00579	0.00675	0.00508	0.00366	0.00301	0.00093	0.00546	0.00233	0.00184	0.00486
21	0.00570	0.00380	0.00428	0.00428	0.00428	0.00380	0.00238	0.00570	0.00570	0.00760	0.01235	0.02566	0.01425	0.86222	0.01995	0.00380	0.00380	0.00570	0.00238	0.00238
22	0.00988	0.00935	0.01573	0.05295	0.74495	0.00946	0.03231	0.05420	0.00939	0.01332	0.00748	0.00974	0.00619	0.00357	0.00390	0.00117	0.00471	0.00352	0.00204	0.00614
23	0.03346	0.02460	0.19340	0.00961	0.01261	0.29908	0.04705	0.04787	0.18374	0.03449	0.01043	0.01085	0.04700	0.00459	0.00398	0.00119	0.02472	0.00347	0.00258	0.00528
24	0.00505	0.00361	0.00477	0.00561	0.00592	0.00342	0.00385	0.01725	0.00772	0.01028	0.02114	0.76781	0.02512	0.03360	0.00540	0.00166	0.00244	0.06850	0.00361	0.00324
25	0.25214	0.00738	0.00849	0.00671	0.00959	0.00727	0.00554	0.10405	0.01077	0.53086	0.01212	0.01104	0.00791	0.00451	0.00353	0.00121	0.00336	0.00341	0.00410	0.00602
26	0.01172	0.09432	0.43011	0.00941	0.01390	0.00851	0.03996	0.01481	0.00936	0.31521	0.01000	0.01003	0.00674	0.00409	0.00372	0.00120	0.00477	0.00327	0.00284	0.00603
27	0.00793	0.01892	0.75135	0.01104	0.02879	0.00882	0.02721	0.01222	0.00829	0.01245	0.00705	0.00833	0.00507	0.00365	0.00368	0.00119	0.00557	0.00289	0.00172	0.07384
28	0.75643	0.00835	0.00641	0.00573	0.00812	0.05758	0.00464	0.02608	0.07081	0.01715	0.00637	0.00710	0.00493	0.00381	0.00264	0.00121	0.00329	0.00235	0.00255	0.00446
29	0.00847	0.00799	0.01317	0.46937	0.34200	0.00902	0.01100	0.01157	0.06691	0.01156	0.00777	0.01046	0.00609	0.00385	0.00391	0.00125	0.00485	0.00356	0.00198	0.00521
30	0.01490	0.01114	0.01175	0.00904	0.01216	0.02919	0.00745	0.80818	0.01828	0.02440	0.00934	0.00936	0.00663	0.00469	0.00391	0.00117	0.00437	0.00351	0.00388	0.00662
31	0.00740	0.00697	0.01176	0.85280	0.02700	0.00871	0.01089	0.01002	0.00784	0.01002	0.00697	0.01045	0.00523	0.00392	0.00392	0.00131	0.00523	0.00348	0.00174	0.00436
32	0.02478	0.00994	0.01051	0.00845	0.01123	0.06401	0.01790	0.41129	0.20353	0.15396	0.03554	0.01166	0.00912	0.00489	0.00393	0.00121	0.00400	0.00384	0.00393	0.00629
33	0.00878	0.24596	0.49772	0.01078	0.01564	0.01095	0.13415	0.01225	0.00834	0.01158	0.00674	0.00809	0.00513	0.00356	0.00354	0.00115	0.00549	0.00294	0.00171	0.00551
34	0.00566	0.00429	0.00642	0.00638	0.00707	0.00505	0.00498	0.00705	0.00629	0.00911	0.01039	0.01526	0.00970	0.02893	0.82920	0.00620	0.02821	0.00418	0.00209	0.00352
35	0.00694	0.00561	0.00638	0.00598	0.00743	0.00585	0.00459	0.01198	0.30768	0.01490	0.36707	0.03811	0.15521	0.00752	0.00443	0.00131	0.00240	0.03800	0.00405	0.00453
36	0.02659	0.54885	0.05572	0.00757	0.01071	0.12528	0.00710	0.08378	0.04982	0.02285	0.02549	0.00779	0.00629	0.00381	0.00297	0.00095	0.00452	0.00257	0.00215	0.00518
37	0.00767	0.00749	0.01340	0.73205	0.02606	0.00888	0.12823	0.01038	0.00804	0.01038	0.00711	0.01047	0.00533	0.00383	0.00402	0.00131	0.00543	0.00365	0.00178	0.00449
38	0.00483	0.00344	0.00453	0.00539	0.00560	0.00322	0.00356	0.00547	0.00739	0.00986	0.02103	0.80784	0.02520	0.06510	0.00593	0.00173	0.00237	0.01081	0.00356	0.00313
39	0.00481	0.00359	0.00448	0.00511	0.00564	0.00326	0.00353	0.00565	0.00807	0.01051	0.07556	0.61159	0.21059	0.01147	0.00490	0.00151	0.00220	0.02059	0.00368	0.00325
40	0.00980	0.01010	0.04583	0.03386	0.69352	0.04668	0.05502	0.02255	0.00910	0.01271	0.00756	0.02167	0.00637	0.00366	0.00392	0.00118	0.00488	0.00360	0.00198	0.00601
41	0.01048	0.86458	0.02054	0.00671	0.01006	0.01551	0.00671	0.01174	0.00797	0.00922	0.00545	0.00629	0.00503	0.00335	0.00252	0.00084	0.00419	0.00210	0.00168	0.00503
42	0.00467	0.00394	0.00404	0.00408	0.00533	0.00331	0.00304	0.00567	0.00892	0.01071	0.06158	0.08259	0.76877	0.01000	0.00465	0.00134	0.00200	0.00840	0.00366	0.00331
43	0.00729	0.00380	0.00391	0.00384	0.00479	0.00379	0.00289	0.02212	0.00861	0.01486	0.07634	0.01567	0.01208	0.00484	0.00291	0.00094	0.00187	0.00392	0.80184	0.00371
44	0.02086	0.14897	0.42235	0.01218	0.11733	0.01033	0.08992	0.05101	0.03880	0.03236	0.00751	0.00875	0.00566	0.00376	0.00375	0.00118	0.01445	0.00312	0.00200	0.00572
45	0.00560	0.00420	0.00630	0.00630	0.00700	0.00490	0.00490	0.00700	0.00630	0.00910	0.01050	0.01540	0.00980	0.02940	0.84669	0.00630	0.01050	0.00420	0.00210	0.00350
46	0.00569	0.00384	0.00445	0.00445	0.00451	0.00390	0.00260	0.00581	0.00575	0.00773	0.01219	0.02476	0.01386	0.78925	0.09239	0.00402	0.00439	0.00557	0.00235	0.00247
47	0.86478	0.00790	0.00592	0.00530	0.00771	0.03285	0.00434	0.01164	0.00680	0.01736	0.00548	0.00639	0.00427	0.00365	0.00246	0.00121	0.00315	0.00213	0.00241	0.00425
48	0.00560	0.00420	0.00630	0.00630	0.00700	0.00490	0.00490	0.00700	0.00630	0.00910	0.01050	0.01540	0.00980	0.02940	0.84669	0.00630	0.01050	0.00420	0.00210	0.00350
49	0.01248	0.01042	0.01034	0.00859	0.01120	0.08314	0.00686	0.39060	0.37231	0.01963	0.02528	0.01181	0.00933	0.00497	0.00393	0.00123	0.00398	0.00389	0.00379	0.00623
50	0.00848	0.01175	0.28121	0.01980	0.03235	0.00722	0.04811	0.05303	0.00878	0.01323	0.00717	0.00843	0.00559	0.00331	0.00334	0.00089	0.00417	0.00273	0.00215	0.47826
51	0.00567	0.00382	0.00444	0.00450	0.00457	0.00385	0.00265	0.00582	0.00589	0.00788	0.01287	0.06084	0.01475	0.76400	0.05869	0.00378	0.00405	0.02697	0.00245	0.00250
52	0.00478	0.00341	0.00455	0.00546	0.00569	0.00318	0.00364	0.00546	0.00751	0.01001	0.02161	0.85966	0.02593	0.01228	0.00500	0.00159	0.00227	0.01114	0.00364	0.00318
53	0.01759	0.00667	0.00910	0.00698	0.01001	0.00576	0.00576	0.01911	0.01122	0.84048	0.01547	0.01334	0.00970	0.00485	0.00394	0.00121	0.00334	0.00394	0.00485	0.00667
54	0.00815	0.11426	0.75048	0.01068	0.01620	0.00982	0.01362	0.01234	0.00824	0.01206	0.00686	0.00806	0.00497	0.00368	0.00359	0.00120	0.00562	0.00281	0.00166	0.00571
55	0.00970	0.00931	0.01591	0.02406	0.83777	0.00931	0.01203	0.01203	0.00893	0.01281	0.00737	0.00970	0.00621	0.00349	0.00388	0.00116	0.00466	0.00349	0.00194	0.00621
56	0.00477	0.00342	0.00454	0.00543	0.00568	0.00319	0.00362	0.00546	0.00754	0.01002	0.02200	0.84173	0.04361	0.01223	0.00500	0.00159	0.00227	0.01108	0.00364	0.00319
57	0.00570	0.00380	0.00428	0.00428	0.00428	0.00380	0.00238	0.00570	0.00570	0.00760	0.01235	0.02566	0.01425	0.86222	0.01995	0.00380	0.00380	0.00570	0.00238	0.00238
58	0.01398	0.05477	0.01260	0.01053	0.01279	0.73485	0.08114	0.01520	0.01081	0.00985	0.00620	0.00735	0.00513	0.00394	0.00359	0.00103	0.00690	0.00270	0.00200	0.00463
59	0.00478	0.00341	0.00455	0.00546	0.00569	0.00318	0.00364	0.00546	0.00751	0.01001	0.02161	0.85966	0.02593	0.01228	0.00500	0.00159	0.00227	0.01114	0.00364	0.00318
60	0.00570	0.00380	0.00428	0.00428	0.00428	0.00380	0.00238	0.00570	0.00570	0.00760	0.01235	0.02566	0.01425	0.86222	0.01995	0.00380	0.00380	0.00570	0.00238	0.00238
61	0.01469	0.01088	0.01165	0.00898	0.01208	0.01206	0.00740	0.79200	0.05147	0.02437	0.00968	0.00962	0.00688	0.00473	0.00392	0.00118	0.00426	0.00357	0.00392	0.00665
62	0.00828	0.00696	0.00814	0.00582	0.00930	0.00523	0.00466	0.01001	0.00818	0.02558	0.00710	0.00821	0.00587	0.00293	0.00292	0.00059	0.00291	0.00235	0.00236	0.87258
63	0.01458	0.00875	0.01006	0.00797	0.01087	0.00913	0.00649	0.33335	0.19573	0.32002	0.01301	0.01197	0.00893	0.00485	0.00392	0.00121	0.00366	0.00385	0.00424	0.02741
64	0.00786	0.02028	0.84191	0.01117	0.01697	0.00910	0.01448	0.01242	0.00828	0.01242	0.00704	0.00828	0.00497	0.00372	0.00372	0.00124	0.00579	0.00290	0.00166	0.00579
65	0.01759	0.00667	0.00910	0.00698	0.01001	0.00576	0.00576	0.01911	0.01122	0.84048	0.01547	0.01334	0.00970	0.00485	0.00394	0.00121	0.00334	0.00394	0.00485	0.00667
66	0.00537	0.00404	0.00511	0.00572	0.00656	0.00377	0.00453	0.00662	0.00861	0.01098	0.03959	0.26787	0.26782	0.01092	0.00505	0.00159	0.00272	0.33608	0.00364	0.00340
67	0.00786	0.02028	0.84191	0.01117	0.01697	0.00910	0.01448	0.01242	0.00828	0.01242	0.00704	0.00828	0.00497	0.00372	0.00372	0.00124	0.00579	0.00290	0.00166	0.00579
68	0.00570	0.00380	0.00428	0.00428	0.00428	0.00380	0.00238	0.00570	0.00570	0.00760	0.01235	0.02566	0.01425	0.86222	0.01995	0.00380	0.00380	0.00570	0.00238	0.00238
69	0.00570	0.00380	0.00428	0.00428	0.00428	0.00380	0.00238	0.00570	0.00570	0.00760	0.01235	0.02566	0.01425	0.86222	0.01995	0.00380	0.00380	0.00570	0.00238	0.00238
70	0.00786	0.02028	0.84191	0.01117	0.01697	0.00910	0.01448	0.01242	0.00828	0.01242	0.00704	0.00828	0.00497	0.00372	0.00372	0.00124	0.00579	0.00290	0.00166	0.00579
71	0.01752	0.00678	0.00917	0.00703	0.01006	0.00592	0.00580	0.03951	0.01140	0.81982	0.01531	0.01324	0.00963	0.00485	0.00394	0.00121	0.00336	0.00393	0.00483	0.00667
72	0.01464	0.01868	0.01111	0.01010	0.01212	0.84648	0.00757	0.01565	0.01111	0.00959	0.00606	0.00707	0.00505	0.00404	0.00353	0.00101	0.00707	0.00252	0.00202	0.00454
73	0.00786	0.02028	0.84191	0.01117	0.01697	0.00910	0.01448	0.01242	0.00828	0.01242	0.00704	0.00828	0.00497	0.00372	0.00372	0.00124	0.00579	0.00290	0.00166	0.00579
74	0.00520	0.00421	0.00464	0.00449	0.00573	0.00377	0.00338	0.00699	0.05226	0.01256	0.29660	0.03379	0.53426	0.00907	0.00460	0.00129	0.00200	0.00769	0.00388	0.00359
75	0.01551	0.00754	0.00975	0.00756	0.01031	0.00737	0.00624	0.13710	0.01149	0.56741	0.01281	0.01185	0.00847	0.00491	0.00485	0.00122	0.09782	0.00371	0.00418	0.06990
76	0.00740	0.00697	0.01176	0.85280	0.02700	0.00871	0.01089	0.01002	0.00784	0.01002	0.00697	0.01045	0.00523	0.00392	0.00392	0.00131	0.00523	0.00348	0.00174	0.00436
77	0.00883	0.00746	0.00862	0.00629	0.00980	0.00564	0.00496	0.01037	0.00858	0.01342	0.00766	0.00909	0.00646	0.00337	0.00321	0.00071	0.00315	0.00256	0.00256	0.87725
78	0.00506	0.00406	0.00452	0.00439	0.00559	0.00356	0.00330	0.00654	0.02406	0.01257	0.33055	0.03424	0.52938	0.00915	0.00462	0.00129	0.00196	0.00777	0.00389	0.00350
79	0.00986	0.00848	0.00893	0.00800	0.01024	0.00980	0.00623	0.03837	0.81296	0.01658	0.01581	0.01451	0.01185	0.00531	0.00399	0.00133	0.00313	0.00441	0.00399	0.00622
80	0.00468	0.00397	0.00404	0.00402	0.00533	0.00333	0.00302	0.00572	0.00905	0.01087	0.08252	0.03727	0.79320	0.00983	0.00463	0.00132	0.00198	0.00821	0.00368	0.00333
81	0.00740	0.00697	0.01176	0.85280	0.02700	0.00871	0.01089	0.01002	0.00784	0.01002	0.00697	0.01045	0.00523	0.00392	0.00392	0.00131	0.00523	0.00348	0.00174	0.00436
82	0.00995	0.00838	0.00887	0.00795	0.01019	0.00965	0.00619	0.02079	0.80992	0.03729	0.01594	0.01459	0.01191	0.00531	0.00399	0.00133	0.00311	0.00442	0.00401	0.00622
83	0.01464	0.01868	0.01111	0.01010	0.01212	0.84648	0.00757	0.01565	0.01111	0.00959	0.00606	0.00707	0.00505	0.00404	0.00353	0.00101	0.00707	0.00252	0.00202	0.00454
84	0.01029	0.00869	0.00917	0.00809	0.01040	0.01000	0.00633	0.10441	0.74624	0.01726	0.01528	0.01408	0.01142	0.00526	0.00398	0.00131	0.00323	0.00434	0.00398	0.00625
85	0.00478	0.00341	0.00455	0.00546	0.00569	0.00318	0.00364	0.00546	0.00751	0.01001	0.02161	0.85966	0.02593	0.01228	0.00500	0.00159	0.00227	0.01114	0.00364	0.00318
86	0.00920	0.00872	0.01475	0.05701	0.72867	0.00876	0.01123	0.01146	0.00895	0.01275	0.05270	0.04162	0.00855	0.00407	0.00396	0.00119	0.00444	0.00396	0.00212	0.00589
87	0.01042	0.00849	0.00903	0.00796	0.01026	0.00970	0.00623	0.08676	0.72051	0.04700	0.01535	0.01415	0.01142	0.00524	0.00396	0.00131	0.00319	0.00433	0.01848	0.00622
88	0.00779	0.00729	0.01203	0.73594	0.10001	0.00885	0.01078	0.02099	0.03792	0.01069	0.00736	0.01052	0.00558	0.00394	0.00392	0.00129	0.00509	0.00352	0.00187	0.00462
89	0.00740	0.00697	0.01176	0.85280	0.02700	0.00871	0.01089	0.01002	0.00784	0.01002	0.00697	0.01045	0.00523	0.00392	0.00392	0.00131	0.00523	0.00348	0.00174	0.00436
90	0.00740	0.00697	0.01176	0.85280	0.02700	0.00871	0.01089	0.01002	0.00784	0.01002	0.00697	0.01045	0.00523	0.00392	0.00392	0.00131	0.00523	0.00348	0.00174	0.00436
91	0.01064	0.77457	0.05402	0.00711	0.01048	0.06925	0.00709	0.01202	0.00818	0.00938	0.00556	0.00642	0.00503	0.00341	0.00263	0.00087	0.00445	0.00216	0.00170	0.00503
92	0.00478	0.00341	0.00455	0.00546	0.00569	0.00318	0.00364	0.00546	0.00751	0.01001	0.02161	0.85966	0.02593	0.01228	0.00500	0.00159	0.00227	0.01114	0.00364	0.00318
93	0.01732	0.00661	0.00901	0.00693	0.00991	0.00572	0.00572	0.01884	0.01122	0.82173	0.03412	0.01371	0.01032	0.00492	0.00396	0.00121	0.00330	0.00401	0.00484	0.00660
94	0.00925	0.01058	0.02313	0.01652	0.02049	0.00991	0.82353	0.01256	0.00925	0.01256	0.00793	0.01058	0.00595	0.00330	0.00463	0.00132	0.00661	0.00463	0.00198	0.00529
95	0.01316	0.00857	0.00989	0.02185	0.04087	0.02808	0.00667	0.16076	0.34680	0.27564	0.01368	0.01272	0.00967	0.00499	0.00419	0.00126	0.02688	0.00400	0.00403	0.00631
96	0.00478	0.00341	0.00455	0.00546	0.00569	0.00318	0.00364	0.00546	0.00751	0.01001	0.02161	0.85966	0.02593	0.01228	0.00500	0.00159	0.00227	0.01114	0.00364	0.00318
97	0.00551	0.00401	0.00518	0.00489	0.00583	0.00368	0.00367	0.00732	0.01100	0.01548	0.79874	0.02968	0.07410	0.00810	0.00462	0.00124	0.00186	0.00714	0.00428	0.00368
98	0.01464	0.01868	0.01111	0.01010	0.01212	0.84648	0.00757	0.01565	0.01111	0.00959	0.00606	0.00707	0.00505	0.00404	0.00353	0.00101	0.00707	0.00252	0.00202	0.00454
99	0.00794	0.00751	0.01272	0.66048	0.21515	0.00885	0.01115	0.01048	0.00809	0.01066	0.00706	0.01028	0.00545	0.00382	0.00391	0.00127	0.00509	0.00349	0.00179	0.00479
100	0.88991	0.00758	0.00576	0.00516	0.00758	0.00879	0.00425	0.01152	0.00667	0.01759	0.00546	0.00637	0.00425	0.00364	0.00243	0.00121	0.00303	0.00212	0.00243	0.00425
101	0.00555	0.00401	0.00524	0.00493	0.00586	0.00370	0.00370	0.00740	0.01110	0.01572	0.83570	0.02928	0.03699	0.00801	0.00462	0.00123	0.00185	0.00709	0.00432	0.00370
102	0.01464	0.01868	0.01111	0.01010	0.01212	0.84648	0.00757	0.01565	0.01111	0.00959	0.00606	0.00707	0.00505	0.00404	0.00353	0.00101	0.00707	0.00252	0.00202	0.00454
103	0.00478	0.00341	0.00455	0.00546	0.00569	0.00318	0.00364	0.00546	0.00751	0.01001	0.02161	0.85966	0.02593	0.01228	0.00500	0.00159	0.00227	0.01114	0.00364	0.00318
104	0.00927	0.01054	0.02293	0.01674	0.04397	0.00990	0.80021	0.01254	0.00924	0.01257	0.00792	0.01055	0.00596	0.00331	0.00461	0.00132	0.00655	0.00459	0.00198	0.00531
105	0.00813	0.00697	0.00813	0.00581	0.00929	0.00523	0.00465	0.00987	0.00813	0.01277	0.00697	0.00813	0.00581	0.00290	0.00290	0.00058	0.00290	0.00232	0.00232	0.88619
106	0.00463	0.00397	0.00397	0.00397	0.00530	0.00331	0.00298	0.00563	0.00894	0.01059	0.03971	0.03773	0.83618	0.00993	0.00463	0.00132	0.00199	0.00827	0.00364	0.00331

[dist]
# distance from previous block
# <min> <max>
0	1

[block]
# block no. 7 follows, 69 sequences, length 274
# corresponding to MSA columns:
# 418-691
name=unknown_H
#
# <colnr> <probs for GDERKNQSTAVLIFYWHMCP>
#	G	D	E	R	K	N	Q	S	T	A	V	L	I	F	Y	W	H	M	C	P
0	0.88991	0.00758	0.00576	0.00516	0.00758	0.00879	0.00425	0.01152	0.00667	0.01759	0.00546	0.00637	0.00425	0.00364	0.00243	0.00121	0.00303	0.00212	0.00243	0.00425
1	0.01295	0.01070	0.01092	0.00986	0.09491	0.14515	0.00717	0.31616	0.08776	0.09889	0.00943	0.00970	0.00699	0.00423	0.00369	0.00106	0.00434	0.00328	0.00323	0.15958
2	0.00681	0.00340	0.00511	0.00511	0.00511	0.00340	0.00340	0.00511	0.00511	0.00681	0.00681	0.01192	0.00681	0.01362	0.01532	0.88594	0.00340	0.00340	0.00170	0.00170
3	0.01012	0.00861	0.00907	0.00805	0.01034	0.00992	0.00629	0.07869	0.77222	0.01700	0.01549	0.01425	0.01159	0.00527	0.00398	0.00132	0.00319	0.00437	0.00398	0.00624
