#                                                                                            --- full sequence --- -------------- this domain -------------   hmm coord   ali coord   env coord
# target name                        accession   tlen query name           accession   qlen   E-value  score  bias   #  of  c-Evalue  i-Evalue  score  bias  from    to  from    to  from    to  acc description of target
#                ------------------- ---------- ----- -------------------- ---------- ----- --------- ------ ----- --- --- --------- --------- ------ ----- ----- ----- ----- ----- ----- ----- ---- ---------------------
C0000000009_ptg000009l:31027-32322   -            432 15516at4891          -            309  8.4e-121  400.1  37.9   1   3   3.9e-56   2.6e-53  178.4   8.5     1   140    28   191    28   199 0.88 -
C0000000009_ptg000009l:31027-32322   -            432 15516at4891          -            309  8.4e-121  400.1  37.9   2   3   1.6e-69     1e-66  222.4  13.9   139   295   209   383   205   389 0.89 -
C0000000009_ptg000009l:31027-32322   -            432 15516at4891          -            309  8.4e-121  400.1  37.9   3   3   0.00017      0.11    8.8   0.8   293   309   402   418   397   418 0.93 -
C0000000002_ptg000002l:756845-758110 -            422 15516at4891          -            309   3.3e-18   63.1  27.5   1   4   2.9e-07   0.00019   17.9   2.3     6    93    15   115    10   121 0.68 -
C0000000002_ptg000002l:756845-758110 -            422 15516at4891          -            309   3.3e-18   63.1  27.5   2   4   1.4e-05    0.0092   12.4   0.4    96   133   137   174   123   185 0.76 -
C0000000002_ptg000002l:756845-758110 -            422 15516at4891          -            309   3.3e-18   63.1  27.5   3   4   2.3e-11   1.5e-08   31.3   3.6   145   245   207   310   198   317 0.86 -
C0000000002_ptg000002l:756845-758110 -            422 15516at4891          -            309   3.3e-18   63.1  27.5   4   4   1.4e-06   0.00092   15.7   0.8   250   297   360   405   351   413 0.84 -
C0000000014_ptg000014l:340825-341985 -            387 15516at4891          -            309   3.4e-11   40.1  23.7   1   2   6.4e-11   4.2e-08   29.9  20.4     6   250     1   285     1   297 0.74 -
C0000000014_ptg000014l:340825-341985 -            387 15516at4891          -            309   3.4e-11   40.1  23.7   2   2    0.0016         1    5.6   0.1   251   294   315   359   307   364 0.83 -
C0000000017_ptg000017l:499953-501125 -            391 15516at4891          -            309   4.2e-10   36.5  18.6   1   2   4.1e-12   2.7e-09   33.8  14.7     3   302    12   362    10   369 0.64 -
C0000000017_ptg000017l:499953-501125 -            391 15516at4891          -            309   4.2e-10   36.5  18.6   2   2     0.062        41    0.4   0.1   293   309   375   391   362   391 0.87 -
#
# Program:         hmmsearch
# Version:         3.1b2 (February 2015)
# Pipeline mode:   SEARCH
# Query file:      /home/deepseq/tool/BUSCO_v5/saccharomycetes_odb10/hmms/15516at4891.hmm
# Target file:     /var/www/gvolante/request/project/202302230949-GVF6W5EPF13MH478/202302230949-GVF6W5EPF13MH478_busco/run_saccharomycetes_odb10/metaeuk_output/initial_results/SRR13577846.fa.ca.modified.fas
# Option settings: hmmsearch --domtblout /var/www/gvolante/request/project/202302230949-GVF6W5EPF13MH478/202302230949-GVF6W5EPF13MH478_busco/run_saccharomycetes_odb10/hmmer_output/initial_run_results/15516at4891.out --cpu 1 /home/deepseq/tool/BUSCO_v5/saccharomycetes_odb10/hmms/15516at4891.hmm /var/www/gvolante/request/project/202302230949-GVF6W5EPF13MH478/202302230949-GVF6W5EPF13MH478_busco/run_saccharomycetes_odb10/metaeuk_output/initial_results/SRR13577846.fa.ca.modified.fas 
# Current dir:     /var/www/gvolante/request/project/202302230949-GVF6W5EPF13MH478
# Date:            Thu Feb 23 09:51:03 2023
# [ok]
