#                                                                                            --- full sequence --- -------------- this domain -------------   hmm coord   ali coord   env coord
# target name                        accession   tlen query name           accession   qlen   E-value  score  bias   #  of  c-Evalue  i-Evalue  score  bias  from    to  from    to  from    to  acc description of target
#                ------------------- ---------- ----- -------------------- ---------- ----- --------- ------ ----- --- --- --------- --------- ------ ----- ----- ----- ----- ----- ----- ----- ---- ---------------------
C0000000014_ptg000014l:335576-336565 -            330 28953at4891          -            165   1.8e-62  207.6  12.9   1   3   6.4e-30   2.8e-27   93.1   1.1     2   118     6   149     5   153 0.77 -
C0000000014_ptg000014l:335576-336565 -            330 28953at4891          -            165   1.8e-62  207.6  12.9   2   3   0.00022     0.096   10.1   1.4    87   124   136   173   134   179 0.84 -
C0000000014_ptg000014l:335576-336565 -            330 28953at4891          -            165   1.8e-62  207.6  12.9   3   3   3.8e-34   1.7e-31  106.9   0.5   105   165   264   326   225   326 0.84 -
C0000000015_ptg000015l:284545-285387 -            281 28953at4891          -            165   3.5e-24   83.1   6.6   1   1   1.3e-26   5.9e-24   82.3   6.1    96   165   197   268   155   268 0.73 -
C0000000011_ptg000011l:447079-447657 -            193 28953at4891          -            165   2.7e-22   76.9  13.1   1   1   3.8e-23   1.7e-20   71.1  13.1    12   164     9   190     4   192 0.58 -
C0000000003_ptg000003l:647481-648527 -            349 28953at4891          -            165   2.2e-09   34.9   5.6   1   3   5.1e-12   2.2e-09   34.9   5.6   117   165    17    68    10    68 0.85 -
C0000000003_ptg000003l:647481-648527 -            349 28953at4891          -            165   2.2e-09   34.9   5.6   2   3      0.61   2.7e+02   -1.1   0.2    87    97   229   239   141   277 0.53 -
C0000000003_ptg000003l:647481-648527 -            349 28953at4891          -            165   2.2e-09   34.9   5.6   3   3     0.051        23    2.4   0.1    27    68   300   341   277   347 0.79 -
C0000000007_ptg000007l:386191-388098 -            636 28953at4891          -            165   0.00067   17.1   1.2   1   2   1.5e-06   0.00067   17.1   1.2   111   165   211   266   171   266 0.70 -
C0000000007_ptg000007l:386191-388098 -            636 28953at4891          -            165   0.00067   17.1   1.2   2   2      0.39   1.7e+02   -0.5   2.0   134   162   397   426   360   428 0.74 -
C0000000006_ptg000006l:100199-102382 -            728 28953at4891          -            165     0.011   13.2   0.4   1   1   4.7e-05     0.021   12.3   0.4   135   165   251   282   160   282 0.82 -
#
# Program:         hmmsearch
# Version:         3.1b2 (February 2015)
# Pipeline mode:   SEARCH
# Query file:      /home/deepseq/tool/BUSCO_v5/saccharomycetes_odb10/hmms/28953at4891.hmm
# Target file:     /var/www/gvolante/request/project/202302230949-GVF6W5EPF13MH478/202302230949-GVF6W5EPF13MH478_busco/run_saccharomycetes_odb10/metaeuk_output/initial_results/SRR13577846.fa.ca.modified.fas
# Option settings: hmmsearch --domtblout /var/www/gvolante/request/project/202302230949-GVF6W5EPF13MH478/202302230949-GVF6W5EPF13MH478_busco/run_saccharomycetes_odb10/hmmer_output/initial_run_results/28953at4891.out --cpu 1 /home/deepseq/tool/BUSCO_v5/saccharomycetes_odb10/hmms/28953at4891.hmm /var/www/gvolante/request/project/202302230949-GVF6W5EPF13MH478/202302230949-GVF6W5EPF13MH478_busco/run_saccharomycetes_odb10/metaeuk_output/initial_results/SRR13577846.fa.ca.modified.fas 
# Current dir:     /var/www/gvolante/request/project/202302230949-GVF6W5EPF13MH478
# Date:            Thu Feb 23 09:51:09 2023
# [ok]
