#                                                                                              --- full sequence --- -------------- this domain -------------   hmm coord   ali coord   env coord
# target name                          accession   tlen query name           accession   qlen   E-value  score  bias   #  of  c-Evalue  i-Evalue  score  bias  from    to  from    to  from    to  acc description of target
#                  ------------------- ---------- ----- -------------------- ---------- ----- --------- ------ ----- --- --- --------- --------- ------ ----- ----- ----- ----- ----- ----- ----- ---- ---------------------
C0000000005_ptg000005l:1375653-1378865 -           1071 3577at4891           -            515         0 1027.3   6.2   1   2  2.1e-131  1.4e-128  427.0   1.7     3   238    19   295    17   314 0.90 -
C0000000005_ptg000005l:1375653-1378865 -           1071 3577at4891           -            515         0 1027.3   6.2   2   2  2.7e-183  1.8e-180  598.2   0.2   215   515   724  1048   715  1048 0.93 -
C0000000002_ptg000002l:327256-328806   -            517 3577at4891           -            515   3.2e-28   95.9   0.1   1   2   2.1e-11   1.4e-08   31.0   0.1     6    98    25   121    21   128 0.88 -
C0000000002_ptg000002l:327256-328806   -            517 3577at4891           -            515   3.2e-28   95.9   0.1   2   2   6.8e-21   4.5e-18   62.4   0.0   244   483   222   469   212   483 0.82 -
C0000000006_ptg000006l:97550-99082     -            511 3577at4891           -            515   4.9e-28   95.3   1.7   1   3   0.00021      0.14    7.9   0.6    35    98    73   137    42   146 0.80 -
C0000000006_ptg000006l:97550-99082     -            511 3577at4891           -            515   4.9e-28   95.3   1.7   2   3   6.3e-28   4.2e-25   85.6   0.0   172   459   160   448   147   460 0.86 -
C0000000006_ptg000006l:97550-99082     -            511 3577at4891           -            515   4.9e-28   95.3   1.7   3   3      0.16   1.1e+02   -1.6   0.0   377   416   451   490   444   507 0.76 -
C0000000002_ptg000002l:769004-770584   -            527 3577at4891           -            515   4.2e-18   62.5   0.6   1   2   0.00034      0.23    7.3   0.1    42    98    79   135    41   142 0.81 -
C0000000002_ptg000002l:769004-770584   -            527 3577at4891           -            515   4.2e-18   62.5   0.6   2   2     3e-18     2e-15   53.7   0.0   171   425   157   410   146   463 0.78 -
#
# Program:         hmmsearch
# Version:         3.1b2 (February 2015)
# Pipeline mode:   SEARCH
# Query file:      /home/deepseq/tool/BUSCO_v5/saccharomycetes_odb10/hmms/3577at4891.hmm
# Target file:     /var/www/gvolante/request/project/202302230949-GVF6W5EPF13MH478/202302230949-GVF6W5EPF13MH478_busco/run_saccharomycetes_odb10/metaeuk_output/initial_results/SRR13577846.fa.ca.modified.fas
# Option settings: hmmsearch --domtblout /var/www/gvolante/request/project/202302230949-GVF6W5EPF13MH478/202302230949-GVF6W5EPF13MH478_busco/run_saccharomycetes_odb10/hmmer_output/initial_run_results/3577at4891.out --cpu 1 /home/deepseq/tool/BUSCO_v5/saccharomycetes_odb10/hmms/3577at4891.hmm /var/www/gvolante/request/project/202302230949-GVF6W5EPF13MH478/202302230949-GVF6W5EPF13MH478_busco/run_saccharomycetes_odb10/metaeuk_output/initial_results/SRR13577846.fa.ca.modified.fas 
# Current dir:     /var/www/gvolante/request/project/202302230949-GVF6W5EPF13MH478
# Date:            Thu Feb 23 09:51:12 2023
# [ok]
