#                                                                                            --- full sequence --- -------------- this domain -------------   hmm coord   ali coord   env coord
# target name                        accession   tlen query name           accession   qlen   E-value  score  bias   #  of  c-Evalue  i-Evalue  score  bias  from    to  from    to  from    to  acc description of target
#                ------------------- ---------- ----- -------------------- ---------- ----- --------- ------ ----- --- --- --------- --------- ------ ----- ----- ----- ----- ----- ----- ----- ---- ---------------------
C0000000009_ptg000009l:331752-333461 -            570 6821at4891           -            351  8.9e-126  416.9   3.4   1   3   1.1e-84   5.8e-82  272.8   0.2     1   228    23   288    23   307 0.83 -
C0000000009_ptg000009l:331752-333461 -            570 6821at4891           -            351  8.9e-126  416.9   3.4   2   3   2.4e-42   1.3e-39  133.6   0.1   201   325   297   445   284   449 0.80 -
C0000000009_ptg000009l:331752-333461 -            570 6821at4891           -            351  8.9e-126  416.9   3.4   3   3   0.00056       0.3    7.4   0.1   331   351   494   518   482   518 0.75 -
C0000000015_ptg000015l:140753-142828 -            692 6821at4891           -            351   3.6e-09   33.4   0.1   1   2     7e-09   3.7e-06   23.5   0.0    81   154   309   384   287   411 0.84 -
C0000000015_ptg000015l:140753-142828 -            692 6821at4891           -            351   3.6e-09   33.4   0.1   2   2   0.00045      0.24    7.7   0.1   294   327   453   486   408   493 0.85 -
C0000000003_ptg000003l:235924-237744 -            607 6821at4891           -            351   1.6e-07   28.0   0.0   1   2   8.7e-10   4.6e-07   26.5   0.0    85   136   197   248   176   252 0.88 -
C0000000003_ptg000003l:235924-237744 -            607 6821at4891           -            351   1.6e-07   28.0   0.0   2   2      0.67   3.5e+02   -2.7   0.0   304   327   480   504   461   507 0.67 -
C0000000002_ptg000002l:336711-338705 -            665 6821at4891           -            351   2.8e-07   27.2   0.0   1   2   1.8e-09   9.4e-07   25.5   0.0    84   137   245   298   229   309 0.86 -
C0000000002_ptg000002l:336711-338705 -            665 6821at4891           -            351   2.8e-07   27.2   0.0   2   2      0.77   4.1e+02   -2.9   0.0   307   329   534   556   511   566 0.65 -
C0000000017_ptg000017l:595198-596529 -            444 6821at4891           -            351   5.5e-06   22.9   0.0   1   2   8.2e-08   4.3e-05   20.0   0.0    12   149    37   194    28   204 0.72 -
C0000000017_ptg000017l:595198-596529 -            444 6821at4891           -            351   5.5e-06   22.9   0.0   2   2      0.15        81   -0.6   0.0   306   329   317   340   308   358 0.80 -
#
# Program:         hmmsearch
# Version:         3.1b2 (February 2015)
# Pipeline mode:   SEARCH
# Query file:      /home/deepseq/tool/BUSCO_v5/saccharomycetes_odb10/hmms/6821at4891.hmm
# Target file:     /var/www/gvolante/request/project/202302230949-GVF6W5EPF13MH478/202302230949-GVF6W5EPF13MH478_busco/run_saccharomycetes_odb10/metaeuk_output/initial_results/SRR13577846.fa.ca.modified.fas
# Option settings: hmmsearch --domtblout /var/www/gvolante/request/project/202302230949-GVF6W5EPF13MH478/202302230949-GVF6W5EPF13MH478_busco/run_saccharomycetes_odb10/hmmer_output/initial_run_results/6821at4891.out --cpu 1 /home/deepseq/tool/BUSCO_v5/saccharomycetes_odb10/hmms/6821at4891.hmm /var/www/gvolante/request/project/202302230949-GVF6W5EPF13MH478/202302230949-GVF6W5EPF13MH478_busco/run_saccharomycetes_odb10/metaeuk_output/initial_results/SRR13577846.fa.ca.modified.fas 
# Current dir:     /var/www/gvolante/request/project/202302230949-GVF6W5EPF13MH478
# Date:            Thu Feb 23 09:51:14 2023
# [ok]
